id,loan_amnt,term,int_rate,grade,sub_grade,emp_length,home_ownership,annual_inc,verification_status,purpose,addr_state,dti,delinq_2yrs,fico_range_low,fico_range_high,inq_last_6mths,revol_util,total_acc,application_type,risk_score,risk_category,review_status
68366999,15850.0, 60 months,23.13,F,F2,10+ years,OWN,45000.0,Not Verified,debt_consolidation,OH,34.85,0.0,755.0,759.0,1.0,21.3,24.0,Individual,5,High Risk,Manual Review
68436934,23975.0, 60 months,19.89,E,E3,10+ years,RENT,70000.0,Not Verified,credit_card,VA,33.2,0.0,685.0,689.0,1.0,94.9,19.0,Individual,6,High Risk,Manual Review
68566702,35000.0, 60 months,20.5,E,E4,8 years,MORTGAGE,120000.0,Source Verified,debt_consolidation,GA,35.69,1.0,700.0,704.0,0.0,32.2,54.0,Individual,6,High Risk,Manual Review
68426668,5475.0, 36 months,18.99,E,E1,10+ years,MORTGAGE,108000.0,Verified,debt_consolidation,FL,33.47,4.0,670.0,674.0,2.0,41.0,27.0,Individual,6,High Risk,Manual Review
68476511,25825.0, 60 months,26.06,F,F5,6 years,RENT,68000.0,Verified,debt_consolidation,MD,31.68,0.0,675.0,679.0,1.0,69.7,33.0,Individual,5,High Risk,Manual Review
68466671,14950.0, 60 months,18.99,E,E1,10+ years,MORTGAGE,68000.0,Verified,debt_consolidation,WI,31.36,1.0,685.0,689.0,1.0,57.0,40.0,Individual,6,High Risk,Manual Review
68537150,14375.0, 60 months,19.89,E,E3,< 1 year,MORTGAGE,80000.0,Source Verified,debt_consolidation,TX,37.32,0.0,695.0,699.0,0.0,62.1,39.0,Individual,5,High Risk,Manual Review
68385791,28000.0, 60 months,20.5,E,E4,10+ years,RENT,84000.0,Source Verified,debt_consolidation,CA,37.26,0.0,700.0,704.0,1.0,48.5,52.0,Individual,5,High Risk,Manual Review
68338594,24000.0, 60 months,23.13,F,F2,6 years,MORTGAGE,43435.0,Verified,debt_consolidation,TX,35.7,0.0,680.0,684.0,0.0,73.1,22.0,Joint App,5,High Risk,Manual Review
68516294,27850.0, 36 months,24.24,F,F3,10+ years,MORTGAGE,55702.0,Verified,debt_consolidation,MI,26.18,1.0,675.0,679.0,2.0,95.7,27.0,Individual,5,High Risk,Manual Review
68586213,8750.0, 36 months,18.99,E,E1,1 year,RENT,29524.32,Verified,debt_consolidation,IL,46.71,0.0,680.0,684.0,0.0,96.5,12.0,Joint App,6,High Risk,Manual Review
68406733,22450.0, 60 months,18.99,E,E1,10+ years,MORTGAGE,74000.0,Source Verified,debt_consolidation,WA,33.18,1.0,675.0,679.0,0.0,80.6,21.0,Individual,7,High Risk,Manual Review
68366309,11500.0, 36 months,19.48,E,E2,,RENT,33888.0,Verified,other,VA,39.16,0.0,660.0,664.0,0.0,59.1,23.0,Individual,5,High Risk,Manual Review
68062761,8675.0, 36 months,19.89,E,E3,,MORTGAGE,36000.0,Verified,debt_consolidation,MD,33.93,0.0,675.0,679.0,1.0,54.0,27.0,Individual,5,High Risk,Manual Review
68566236,26825.0, 60 months,18.99,E,E1,10+ years,MORTGAGE,66548.0,Verified,debt_consolidation,MN,31.61,0.0,685.0,689.0,1.0,84.0,19.0,Individual,6,High Risk,Manual Review
68514195,18000.0, 60 months,20.5,E,E4,8 years,MORTGAGE,60000.0,Verified,moving,PA,34.38,1.0,670.0,674.0,0.0,71.9,17.0,Individual,6,High Risk,Manual Review
68564288,22350.0, 60 months,19.48,E,E2,9 years,MORTGAGE,85000.0,Verified,credit_card,WV,35.79,0.0,715.0,719.0,1.0,71.3,32.0,Individual,5,High Risk,Manual Review
68566010,17600.0, 36 months,23.13,F,F2,< 1 year,RENT,40000.0,Verified,credit_card,OR,39.23,0.0,680.0,684.0,1.0,94.6,17.0,Individual,6,High Risk,Manual Review
68366243,35000.0, 60 months,19.48,E,E2,6 years,RENT,70000.0,Source Verified,major_purchase,HI,31.27,0.0,675.0,679.0,2.0,36.3,23.0,Individual,5,High Risk,Manual Review
68526047,21500.0, 36 months,18.99,E,E1,10+ years,MORTGAGE,65000.0,Source Verified,debt_consolidation,NV,30.26,0.0,670.0,674.0,2.0,48.4,36.0,Individual,5,High Risk,Manual Review
68406335,15200.0, 60 months,19.89,E,E3,10+ years,OWN,38000.0,Verified,debt_consolidation,CO,39.23,0.0,660.0,664.0,1.0,62.1,17.0,Individual,5,High Risk,Manual Review
68525431,17500.0, 60 months,19.48,E,E2,10+ years,MORTGAGE,35000.0,Not Verified,debt_consolidation,IN,35.12,0.0,665.0,669.0,0.0,53.7,23.0,Individual,5,High Risk,Manual Review
68473338,15000.0, 60 months,18.99,E,E1,10+ years,MORTGAGE,50000.0,Source Verified,other,MO,38.6,0.0,740.0,744.0,0.0,82.1,14.0,Individual,6,High Risk,Manual Review
68415837,16000.0, 60 months,19.48,E,E2,10+ years,OWN,105000.0,Source Verified,debt_consolidation,WA,7.62,1.0,660.0,664.0,0.0,99.5,16.0,Individual,5,High Risk,Manual Review
68496107,35000.0, 60 months,19.89,E,E3,10+ years,MORTGAGE,225000.0,Verified,debt_consolidation,TN,31.96,0.0,665.0,669.0,1.0,100.0,45.0,Individual,6,High Risk,Manual Review
68355953,24000.0, 60 months,18.99,E,E1,10+ years,MORTGAGE,75000.0,Verified,medical,OH,34.77,1.0,665.0,669.0,0.0,64.9,22.0,Individual,6,High Risk,Manual Review
68564884,11975.0, 60 months,21.48,E,E5,7 years,MORTGAGE,46000.0,Verified,debt_consolidation,CO,34.31,1.0,660.0,664.0,0.0,81.2,26.0,Individual,7,High Risk,Manual Review
68485728,17850.0, 60 months,21.48,E,E5,< 1 year,MORTGAGE,42500.0,Source Verified,debt_consolidation,FL,30.25,0.0,670.0,674.0,0.0,70.5,19.0,Individual,5,High Risk,Manual Review
68565668,10525.0, 36 months,18.49,D,D5,5 years,RENT,41104.0,Verified,other,WI,38.42,4.0,670.0,674.0,1.0,81.3,40.0,Individual,5,High Risk,Manual Review
68445548,16725.0, 60 months,21.48,E,E5,8 years,MORTGAGE,58000.0,Verified,debt_consolidation,FL,39.18,0.0,665.0,669.0,0.0,49.6,33.0,Individual,5,High Risk,Manual Review
68434546,24200.0, 60 months,18.99,E,E1,10+ years,RENT,57668.0,Source Verified,debt_consolidation,HI,31.52,1.0,675.0,679.0,0.0,81.0,31.0,Individual,7,High Risk,Manual Review
68615279,12000.0, 60 months,20.5,E,E4,10+ years,OWN,65000.0,Not Verified,other,MI,32.7,0.0,660.0,664.0,3.0,39.4,57.0,Individual,5,High Risk,Manual Review
68515273,11050.0, 60 months,22.45,F,F1,10+ years,MORTGAGE,80000.0,Not Verified,debt_consolidation,MI,38.36,0.0,710.0,714.0,2.0,92.2,23.0,Individual,6,High Risk,Manual Review
68515529,3800.0, 36 months,27.49,G,G2,3 years,RENT,43000.0,Verified,debt_consolidation,TN,39.69,0.0,660.0,664.0,1.0,59.7,41.0,Individual,5,High Risk,Manual Review
67808279,7525.0, 36 months,18.99,E,E1,3 years,OWN,20930.0,Verified,other,FL,31.6,0.0,735.0,739.0,0.0,21.6,9.0,Individual,5,High Risk,Manual Review
68485497,25000.0, 60 months,21.48,E,E5,5 years,RENT,76000.0,Verified,debt_consolidation,WA,35.58,0.0,660.0,664.0,1.0,91.0,48.0,Individual,6,High Risk,Manual Review
68374784,16500.0, 36 months,19.48,E,E2,10+ years,MORTGAGE,57000.0,Source Verified,debt_consolidation,CT,34.36,2.0,690.0,694.0,1.0,93.1,33.0,Individual,7,High Risk,Manual Review
68495622,11300.0, 60 months,24.24,F,F3,1 year,MORTGAGE,34320.0,Not Verified,debt_consolidation,TN,35.31,0.0,685.0,689.0,0.0,38.0,38.0,Individual,5,High Risk,Manual Review
68415457,10525.0, 60 months,19.48,E,E2,2 years,MORTGAGE,50000.0,Source Verified,debt_consolidation,TX,35.4,0.0,670.0,674.0,0.0,30.3,26.0,Individual,5,High Risk,Manual Review
68485444,16075.0, 60 months,21.48,E,E5,2 years,MORTGAGE,36111.0,Verified,debt_consolidation,FL,38.25,1.0,675.0,679.0,0.0,82.4,26.0,Individual,7,High Risk,Manual Review
68485317,20000.0, 60 months,22.45,F,F1,2 years,MORTGAGE,75000.0,Source Verified,debt_consolidation,WV,37.95,1.0,680.0,684.0,0.0,97.0,32.0,Individual,7,High Risk,Manual Review
68605312,35000.0, 60 months,22.45,F,F1,1 year,RENT,100000.0,Verified,debt_consolidation,CA,24.06,1.0,675.0,679.0,0.0,92.5,16.0,Individual,5,High Risk,Manual Review
67910021,18025.0, 60 months,21.48,E,E5,4 years,RENT,41000.0,Source Verified,debt_consolidation,CO,38.29,0.0,705.0,709.0,0.0,3.2,36.0,Individual,5,High Risk,Manual Review
68435054,35000.0, 60 months,21.48,E,E5,10+ years,RENT,100000.0,Verified,debt_consolidation,CT,33.52,0.0,690.0,694.0,0.0,97.3,29.0,Individual,6,High Risk,Manual Review
68425026,10725.0, 60 months,26.06,F,F5,2 years,MORTGAGE,33000.0,Verified,debt_consolidation,MA,32.33,0.0,670.0,674.0,1.0,102.0,17.0,Individual,6,High Risk,Manual Review
68575441,25000.0, 60 months,19.89,E,E3,10+ years,RENT,100000.0,Not Verified,other,CA,38.69,0.0,675.0,679.0,2.0,97.1,35.0,Individual,6,High Risk,Manual Review
67266244,7350.0, 36 months,25.09,F,F4,10+ years,RENT,41500.0,Verified,debt_consolidation,VA,31.17,0.0,665.0,669.0,1.0,67.9,29.0,Individual,5,High Risk,Manual Review
66495977,11475.0, 60 months,21.48,E,E5,10+ years,OWN,35000.0,Source Verified,debt_consolidation,TX,36.98,0.0,660.0,664.0,1.0,48.8,48.0,Individual,5,High Risk,Manual Review
68444834,19575.0, 36 months,19.48,E,E2,4 years,RENT,68000.0,Not Verified,debt_consolidation,TX,34.95,0.0,660.0,664.0,2.0,83.0,39.0,Individual,6,High Risk,Manual Review
68585518,25000.0, 60 months,19.89,E,E3,10+ years,MORTGAGE,93000.0,Not Verified,debt_consolidation,NY,33.92,2.0,685.0,689.0,0.0,84.4,22.0,Individual,7,High Risk,Manual Review
68415009,9450.0, 36 months,21.48,E,E5,< 1 year,RENT,60000.0,Verified,debt_consolidation,TX,36.76,0.0,670.0,674.0,1.0,62.6,20.0,Individual,5,High Risk,Manual Review
68282434,20000.0, 60 months,18.99,E,E1,10+ years,MORTGAGE,92000.0,Not Verified,debt_consolidation,VA,36.12,0.0,695.0,699.0,0.0,42.4,31.0,Individual,5,High Risk,Manual Review
68338420,26600.0, 60 months,19.48,E,E2,9 years,MORTGAGE,65000.0,Verified,debt_consolidation,NY,51.2,0.0,685.0,689.0,1.0,94.1,43.0,Joint App,6,High Risk,Manual Review
68594694,15525.0, 60 months,18.99,E,E1,10+ years,RENT,37000.0,Source Verified,debt_consolidation,WI,31.43,0.0,700.0,704.0,2.0,95.8,21.0,Individual,6,High Risk,Manual Review
577926,6475.0, 36 months,19.89,E,E3,10+ years,RENT,30000.0,Source Verified,home_improvement,FL,32.12,0.0,675.0,679.0,2.0,29.0,23.0,Individual,5,High Risk,Manual Review
68484794,5000.0, 36 months,17.27,D,D3,7 years,MORTGAGE,100000.0,Verified,other,CA,31.1,1.0,690.0,694.0,0.0,101.8,13.0,Individual,5,High Risk,Manual Review
67279556,12450.0, 60 months,21.48,E,E5,6 years,MORTGAGE,41558.0,Verified,debt_consolidation,MD,21.72,1.0,675.0,679.0,0.0,101.2,19.0,Individual,5,High Risk,Manual Review
68444547,2525.0, 36 months,19.89,E,E3,< 1 year,MORTGAGE,28750.0,Source Verified,credit_card,WI,37.91,0.0,675.0,679.0,0.0,97.5,21.0,Individual,6,High Risk,Manual Review
68574887,25000.0, 60 months,19.48,E,E2,2 years,RENT,82000.0,Source Verified,small_business,NY,32.27,1.0,665.0,669.0,2.0,72.0,20.0,Individual,6,High Risk,Manual Review
68464499,19200.0, 60 months,18.99,E,E1,10+ years,RENT,58460.0,Source Verified,credit_card,MD,31.14,0.0,690.0,694.0,0.0,41.0,45.0,Individual,5,High Risk,Manual Review
67426579,16000.0, 60 months,18.99,E,E1,10+ years,OWN,75000.0,Verified,debt_consolidation,MI,38.48,0.0,680.0,684.0,2.0,42.2,24.0,Individual,5,High Risk,Manual Review
68434576,25000.0, 60 months,18.99,E,E1,4 years,MORTGAGE,75000.0,Verified,debt_consolidation,VA,38.37,0.0,685.0,689.0,1.0,75.9,43.0,Individual,5,High Risk,Manual Review
68052396,35000.0, 60 months,17.97,D,D4,< 1 year,MORTGAGE,100000.0,Source Verified,credit_card,WA,34.84,2.0,665.0,669.0,1.0,80.1,36.0,Individual,5,High Risk,Manual Review
68424733,10325.0, 36 months,22.45,F,F1,10+ years,MORTGAGE,90000.0,Verified,debt_consolidation,VA,31.85,1.0,670.0,674.0,3.0,62.0,40.0,Individual,6,High Risk,Manual Review
68494351,15000.0, 60 months,17.97,D,D4,5 years,MORTGAGE,88915.0,Verified,debt_consolidation,LA,33.26,1.0,685.0,689.0,1.0,93.0,36.0,Individual,5,High Risk,Manual Review
68374127,5000.0, 36 months,20.5,E,E4,3 years,RENT,18406.0,Verified,other,GA,31.89,0.0,690.0,694.0,0.0,45.8,15.0,Individual,5,High Risk,Manual Review
68404589,29900.0, 60 months,19.48,E,E2,3 years,MORTGAGE,65000.0,Not Verified,home_improvement,FL,34.42,0.0,660.0,664.0,1.0,41.8,33.0,Individual,5,High Risk,Manual Review
68474341,35000.0, 60 months,16.59,D,D2,2 years,MORTGAGE,137500.0,Verified,debt_consolidation,FL,34.26,1.0,685.0,689.0,0.0,92.5,40.0,Individual,5,High Risk,Manual Review
68614132,14075.0, 60 months,24.24,F,F3,6 years,RENT,52000.0,Not Verified,debt_consolidation,NJ,38.36,0.0,670.0,674.0,1.0,67.6,15.0,Individual,5,High Risk,Manual Review
68443713,4775.0, 36 months,18.99,E,E1,,RENT,14072.0,Verified,debt_consolidation,TN,33.62,0.0,660.0,664.0,1.0,83.8,58.0,Individual,6,High Risk,Manual Review
68374418,8675.0, 36 months,20.5,E,E4,9 years,OWN,33200.0,Verified,debt_consolidation,CT,39.59,0.0,660.0,664.0,0.0,30.7,42.0,Individual,5,High Risk,Manual Review
68524242,18000.0, 60 months,18.99,E,E1,2 years,OWN,40000.0,Verified,debt_consolidation,TX,39.3,0.0,690.0,694.0,1.0,44.0,22.0,Individual,5,High Risk,Manual Review
67989235,15825.0, 60 months,19.48,E,E2,10+ years,RENT,40000.0,Source Verified,other,FL,35.16,0.0,710.0,714.0,0.0,42.0,27.0,Individual,5,High Risk,Manual Review
68404187,12225.0, 36 months,19.48,E,E2,8 years,OWN,34000.0,Verified,debt_consolidation,MA,31.31,0.0,665.0,669.0,2.0,94.3,37.0,Individual,6,High Risk,Manual Review
67819926,6050.0, 36 months,19.48,E,E2,8 years,MORTGAGE,65000.0,Not Verified,debt_consolidation,TX,35.32,0.0,700.0,704.0,0.0,69.3,22.0,Individual,5,High Risk,Manual Review
68340301,22400.0, 60 months,17.97,D,D4,2 years,RENT,70000.0,Verified,debt_consolidation,CA,39.04,1.0,670.0,674.0,0.0,92.3,43.0,Individual,5,High Risk,Manual Review
68574378,33850.0, 60 months,19.89,E,E3,4 years,MORTGAGE,68000.0,Verified,debt_consolidation,OK,33.32,0.0,695.0,699.0,0.0,86.3,25.0,Individual,6,High Risk,Manual Review
68574362,23650.0, 60 months,20.5,E,E4,10+ years,RENT,52560.0,Verified,debt_consolidation,MA,36.64,0.0,665.0,669.0,1.0,81.0,37.0,Individual,6,High Risk,Manual Review
68414015,19300.0, 60 months,22.45,F,F1,10+ years,RENT,46000.0,Not Verified,debt_consolidation,HI,38.94,0.0,675.0,679.0,2.0,82.9,28.0,Individual,6,High Risk,Manual Review
66562461,35000.0, 60 months,20.5,E,E4,4 years,MORTGAGE,52000.0,Verified,debt_consolidation,TX,33.07,0.0,675.0,679.0,0.0,94.8,30.0,Joint App,6,High Risk,Manual Review
68252237,20150.0, 60 months,21.48,E,E5,,MORTGAGE,48000.0,Not Verified,debt_consolidation,OH,34.29,0.0,715.0,719.0,0.0,92.8,18.0,Individual,6,High Risk,Manual Review
68613530,10750.0, 60 months,20.5,E,E4,10+ years,MORTGAGE,45000.0,Source Verified,debt_consolidation,AZ,38.57,3.0,660.0,664.0,0.0,86.8,25.0,Individual,7,High Risk,Manual Review
68563883,22400.0, 60 months,25.09,F,F4,5 years,RENT,98000.0,Verified,debt_consolidation,FL,35.4,1.0,680.0,684.0,1.0,23.6,45.0,Individual,6,High Risk,Manual Review
67505429,6400.0, 36 months,24.24,F,F3,1 year,RENT,20000.0,Verified,credit_card,NY,30.91,0.0,690.0,694.0,1.0,35.2,16.0,Individual,5,High Risk,Manual Review
68393780,25000.0, 60 months,20.5,E,E4,2 years,MORTGAGE,19800.0,Verified,debt_consolidation,AL,83.64,0.0,680.0,684.0,0.0,37.6,22.0,Joint App,5,High Risk,Manual Review
67878241,18400.0, 60 months,24.24,F,F3,2 years,RENT,40000.0,Not Verified,major_purchase,SC,31.32,1.0,670.0,674.0,0.0,58.7,32.0,Individual,6,High Risk,Manual Review
68533795,19725.0, 60 months,21.48,E,E5,10+ years,RENT,47000.0,Source Verified,debt_consolidation,MN,37.22,1.0,665.0,669.0,1.0,74.5,23.0,Individual,6,High Risk,Manual Review
68603383,20000.0, 60 months,23.13,F,F2,10+ years,MORTGAGE,65000.0,Verified,debt_consolidation,SC,33.77,0.0,670.0,674.0,1.0,36.5,29.0,Individual,5,High Risk,Manual Review
68393737,17275.0, 60 months,19.48,E,E2,4 years,MORTGAGE,56000.0,Not Verified,debt_consolidation,PA,34.27,0.0,725.0,729.0,2.0,44.8,26.0,Individual,5,High Risk,Manual Review
68172562,20000.0, 60 months,22.45,F,F1,1 year,RENT,110000.0,Source Verified,debt_consolidation,MI,8.84,1.0,715.0,719.0,0.0,86.1,16.0,Individual,5,High Risk,Manual Review
68583973,11450.0, 60 months,23.13,F,F2,10+ years,RENT,53000.0,Verified,debt_consolidation,AL,32.22,0.0,725.0,729.0,2.0,18.2,38.0,Individual,5,High Risk,Manual Review
68142631,14350.0, 60 months,22.45,F,F1,8 years,RENT,48000.0,Not Verified,small_business,MI,34.03,0.0,670.0,674.0,3.0,23.7,20.0,Individual,5,High Risk,Manual Review
67735219,15000.0, 60 months,17.97,D,D4,10+ years,MORTGAGE,85000.0,Not Verified,car,LA,37.19,1.0,685.0,689.0,0.0,82.7,29.0,Individual,5,High Risk,Manual Review
67288867,14000.0, 60 months,21.48,E,E5,9 years,MORTGAGE,28000.0,Verified,debt_consolidation,CA,39.78,0.0,685.0,689.0,1.0,30.0,16.0,Individual,5,High Risk,Manual Review
67929066,13850.0, 60 months,20.5,E,E4,< 1 year,RENT,33000.0,Verified,debt_consolidation,WI,36.36,0.0,675.0,679.0,1.0,91.3,24.0,Individual,6,High Risk,Manual Review
68162610,16775.0, 36 months,19.89,E,E3,4 years,MORTGAGE,60000.0,Source Verified,credit_card,GA,35.26,0.0,670.0,674.0,1.0,77.6,16.0,Joint App,5,High Risk,Manual Review
67635995,6000.0, 36 months,22.45,F,F1,,RENT,25000.0,Verified,debt_consolidation,SD,31.88,0.0,660.0,664.0,3.0,58.6,73.0,Individual,5,High Risk,Manual Review
68192780,5000.0, 36 months,16.59,D,D2,10+ years,RENT,40000.0,Verified,debt_consolidation,TX,39.33,2.0,660.0,664.0,0.0,88.1,16.0,Individual,5,High Risk,Manual Review
68393468,11000.0, 60 months,18.99,E,E1,5 years,RENT,22000.0,Source Verified,credit_card,NJ,36.88,0.0,680.0,684.0,0.0,41.2,19.0,Individual,5,High Risk,Manual Review
67829847,23000.0, 60 months,21.48,E,E5,< 1 year,RENT,50000.0,Verified,credit_card,CO,39.44,2.0,660.0,664.0,1.0,40.8,20.0,Individual,6,High Risk,Manual Review
68563393,22800.0, 60 months,18.99,E,E1,10+ years,OWN,32000.0,Verified,debt_consolidation,IN,55.06,0.0,670.0,674.0,0.0,89.4,12.0,Joint App,6,High Risk,Manual Review
67676038,35000.0, 60 months,20.5,E,E4,10+ years,MORTGAGE,190000.0,Not Verified,credit_card,TX,37.73,0.0,760.0,764.0,3.0,30.6,27.0,Individual,5,High Risk,Manual Review
67585777,32450.0, 60 months,18.99,E,E1,2 years,OWN,65000.0,Source Verified,credit_card,TX,32.74,0.0,695.0,699.0,0.0,46.4,43.0,Individual,5,High Risk,Manual Review
68553414,20675.0, 60 months,19.48,E,E2,,MORTGAGE,55200.0,Verified,credit_card,LA,37.8,0.0,680.0,684.0,0.0,89.9,29.0,Individual,6,High Risk,Manual Review
68302907,22500.0, 60 months,27.49,G,G2,8 years,RENT,59000.0,Verified,debt_consolidation,MI,34.83,0.0,665.0,669.0,1.0,63.5,17.0,Individual,5,High Risk,Manual Review
68513367,14950.0, 60 months,18.99,E,E1,1 year,OWN,34000.0,Source Verified,debt_consolidation,NC,31.34,1.0,695.0,699.0,0.0,40.5,38.0,Individual,6,High Risk,Manual Review
68523319,33600.0, 60 months,19.89,E,E3,9 years,RENT,80000.0,Source Verified,credit_card,AR,30.66,1.0,670.0,674.0,1.0,74.4,26.0,Individual,6,High Risk,Manual Review
68563206,29875.0, 60 months,23.13,F,F2,,MORTGAGE,76000.0,Verified,home_improvement,NJ,30.45,0.0,680.0,684.0,1.0,57.3,42.0,Individual,5,High Risk,Manual Review
68463158,31150.0, 60 months,22.45,F,F1,10+ years,MORTGAGE,82000.0,Verified,debt_consolidation,NY,38.11,0.0,670.0,674.0,1.0,82.0,26.0,Individual,6,High Risk,Manual Review
68403221,17675.0, 60 months,21.48,E,E5,2 years,RENT,40000.0,Verified,debt_consolidation,CA,39.12,0.0,720.0,724.0,0.0,29.3,13.0,Individual,5,High Risk,Manual Review
68563200,24000.0, 60 months,19.89,E,E3,10+ years,RENT,100000.0,Verified,credit_card,CA,35.95,0.0,675.0,679.0,2.0,55.6,42.0,Individual,5,High Risk,Manual Review
68373244,10900.0, 36 months,21.48,E,E5,7 years,RENT,37000.0,Verified,debt_consolidation,AK,34.8,0.0,670.0,674.0,1.0,23.1,21.0,Individual,5,High Risk,Manual Review
68162885,24300.0, 60 months,21.48,E,E5,7 years,OWN,70000.0,Source Verified,debt_consolidation,CA,34.47,2.0,660.0,664.0,2.0,28.5,53.0,Individual,6,High Risk,Manual Review
68573141,8000.0, 36 months,21.48,E,E5,,RENT,25000.0,Verified,credit_card,CA,33.08,0.0,665.0,669.0,1.0,31.4,22.0,Individual,5,High Risk,Manual Review
68018755,3475.0, 36 months,19.48,E,E2,2 years,MORTGAGE,23000.0,Source Verified,debt_consolidation,GA,34.08,0.0,705.0,709.0,0.0,33.9,18.0,Individual,5,High Risk,Manual Review
68183106,22550.0, 60 months,18.99,E,E1,10+ years,MORTGAGE,60000.0,Source Verified,debt_consolidation,NM,37.18,0.0,665.0,669.0,0.0,70.5,24.0,Individual,5,High Risk,Manual Review
68523136,35000.0, 60 months,21.48,E,E5,10+ years,RENT,76000.0,Verified,debt_consolidation,MN,28.41,1.0,670.0,674.0,2.0,89.8,14.0,Individual,5,High Risk,Manual Review
68183029,1800.0, 36 months,19.48,E,E2,,RENT,20832.0,Verified,moving,NV,32.09,1.0,680.0,684.0,0.0,81.5,15.0,Individual,7,High Risk,Manual Review
68182876,13200.0, 36 months,22.45,F,F1,3 years,RENT,41300.0,Verified,small_business,FL,30.08,0.0,700.0,704.0,0.0,70.2,23.0,Individual,5,High Risk,Manual Review
68092773,14825.0, 60 months,19.89,E,E3,9 years,RENT,60000.0,Source Verified,debt_consolidation,TX,33.44,1.0,665.0,669.0,0.0,20.0,23.0,Individual,6,High Risk,Manual Review
68172774,29025.0, 60 months,18.99,E,E1,10+ years,MORTGAGE,79000.0,Source Verified,credit_card,VA,30.38,1.0,660.0,664.0,0.0,57.7,18.0,Individual,6,High Risk,Manual Review
68292811,10000.0, 60 months,22.45,F,F1,10+ years,RENT,37000.0,Verified,debt_consolidation,SC,32.47,0.0,675.0,679.0,1.0,89.8,21.0,Individual,6,High Risk,Manual Review
67676145,35000.0, 60 months,21.48,E,E5,,MORTGAGE,29000.0,Source Verified,debt_consolidation,CA,33.5,1.0,665.0,669.0,0.0,54.6,33.0,Joint App,6,High Risk,Manual Review
68142739,16725.0, 60 months,23.13,F,F2,7 years,OWN,68190.0,Not Verified,debt_consolidation,WA,30.14,0.0,660.0,664.0,0.0,78.6,22.0,Individual,5,High Risk,Manual Review
68272765,26400.0, 60 months,19.48,E,E2,10+ years,MORTGAGE,100000.0,Not Verified,debt_consolidation,KY,35.17,0.0,665.0,669.0,2.0,51.6,45.0,Individual,5,High Risk,Manual Review
67665198,17000.0, 60 months,20.5,E,E4,2 years,RENT,50000.0,Not Verified,small_business,WA,34.69,0.0,675.0,679.0,1.0,65.6,19.0,Individual,5,High Risk,Manual Review
66985462,16800.0, 60 months,18.99,E,E1,10+ years,MORTGAGE,89000.0,Source Verified,home_improvement,NY,34.28,0.0,670.0,674.0,0.0,49.6,42.0,Individual,5,High Risk,Manual Review
68010233,32475.0, 60 months,18.99,E,E1,10+ years,MORTGAGE,65000.0,Not Verified,home_improvement,TX,43.98,0.0,735.0,739.0,0.0,34.5,34.0,Joint App,5,High Risk,Manual Review
68262772,12775.0, 60 months,19.89,E,E3,10+ years,MORTGAGE,57000.0,Verified,debt_consolidation,NJ,34.4,0.0,670.0,674.0,1.0,82.8,20.0,Individual,6,High Risk,Manual Review
68302837,17875.0, 36 months,18.99,E,E1,3 years,RENT,80000.0,Source Verified,debt_consolidation,TX,36.62,10.0,675.0,679.0,2.0,58.6,37.0,Individual,6,High Risk,Manual Review
68092613,24700.0, 60 months,23.13,F,F2,6 years,MORTGAGE,65000.0,Verified,debt_consolidation,FL,31.52,0.0,680.0,684.0,0.0,62.9,26.0,Individual,5,High Risk,Manual Review
68222583,8000.0, 36 months,17.27,D,D3,,OWN,27479.0,Verified,other,TX,38.71,1.0,665.0,669.0,1.0,95.3,39.0,Individual,5,High Risk,Manual Review
68202358,11200.0, 36 months,18.99,E,E1,3 years,MORTGAGE,32000.0,Verified,debt_consolidation,OK,34.06,0.0,660.0,664.0,1.0,75.0,19.0,Individual,5,High Risk,Manual Review
68272377,30000.0, 36 months,19.89,E,E3,,OWN,110000.0,Verified,medical,NY,32.28,0.0,665.0,669.0,0.0,94.6,21.0,Individual,6,High Risk,Manual Review
68202454,13600.0, 60 months,19.89,E,E3,10+ years,OWN,51000.0,Verified,debt_consolidation,TX,33.79,0.0,675.0,679.0,2.0,53.6,27.0,Individual,5,High Risk,Manual Review
68102494,25000.0, 60 months,18.99,E,E1,10+ years,RENT,79000.0,Verified,debt_consolidation,FL,30.12,0.0,675.0,679.0,2.0,42.5,43.0,Individual,5,High Risk,Manual Review
68038667,19750.0, 60 months,18.99,E,E1,10+ years,RENT,42988.0,Source Verified,credit_card,WA,38.82,1.0,680.0,684.0,0.0,85.2,12.0,Individual,7,High Risk,Manual Review
68292527,18050.0, 60 months,24.24,F,F3,10+ years,RENT,50000.0,Not Verified,debt_consolidation,TN,34.49,0.0,700.0,704.0,3.0,49.7,24.0,Individual,5,High Risk,Manual Review
67305298,21000.0, 60 months,20.5,E,E4,3 years,RENT,50000.0,Source Verified,debt_consolidation,CA,34.06,0.0,675.0,679.0,1.0,64.6,26.0,Individual,5,High Risk,Manual Review
68212481,11525.0, 60 months,18.99,E,E1,7 years,RENT,32017.0,Verified,debt_consolidation,CA,30.43,0.0,680.0,684.0,2.0,62.3,23.0,Individual,5,High Risk,Manual Review
68222425,12900.0, 60 months,22.45,F,F1,2 years,RENT,71000.0,Source Verified,debt_consolidation,CA,35.58,0.0,660.0,664.0,3.0,55.3,55.0,Individual,5,High Risk,Manual Review
67327980,19400.0, 36 months,19.48,E,E2,10+ years,MORTGAGE,66000.0,Verified,debt_consolidation,UT,39.34,2.0,665.0,669.0,1.0,88.6,48.0,Individual,7,High Risk,Manual Review
68162298,12000.0, 60 months,16.59,D,D2,10+ years,MORTGAGE,55000.0,Source Verified,credit_card,VA,36.22,1.0,665.0,669.0,1.0,93.6,41.0,Individual,5,High Risk,Manual Review
68312359,17025.0, 36 months,18.99,E,E1,4 years,OWN,62000.0,Not Verified,debt_consolidation,TX,32.11,1.0,665.0,669.0,2.0,48.1,24.0,Individual,6,High Risk,Manual Review
67788307,27275.0, 60 months,22.45,F,F1,10+ years,MORTGAGE,62000.0,Source Verified,debt_consolidation,AZ,31.94,0.0,680.0,684.0,0.0,47.0,42.0,Individual,5,High Risk,Manual Review
68102327,4875.0, 36 months,21.48,E,E5,,RENT,14364.0,Verified,debt_consolidation,AZ,30.24,0.0,660.0,664.0,1.0,27.8,9.0,Individual,5,High Risk,Manual Review
68192349,16200.0, 60 months,24.24,F,F3,1 year,RENT,45000.0,Verified,debt_consolidation,GA,36.17,0.0,665.0,669.0,1.0,61.4,17.0,Individual,5,High Risk,Manual Review
68323138,35000.0, 60 months,19.48,E,E2,10+ years,MORTGAGE,43000.0,Verified,debt_consolidation,TX,38.79,0.0,690.0,694.0,0.0,75.5,27.0,Joint App,5,High Risk,Manual Review
67448342,20000.0, 60 months,16.59,D,D2,1 year,RENT,50000.0,Verified,debt_consolidation,TN,30.53,1.0,675.0,679.0,0.0,92.0,17.0,Joint App,5,High Risk,Manual Review
68152154,6800.0, 36 months,18.99,E,E1,1 year,RENT,20000.0,Verified,debt_consolidation,CT,30.19,0.0,665.0,669.0,2.0,51.3,14.0,Individual,5,High Risk,Manual Review
68092167,3000.0, 36 months,19.89,E,E3,4 years,MORTGAGE,48000.0,Verified,debt_consolidation,CA,35.33,0.0,665.0,669.0,1.0,29.3,19.0,Individual,5,High Risk,Manual Review
68252172,18000.0, 60 months,18.99,E,E1,10+ years,RENT,44500.0,Verified,debt_consolidation,FL,32.25,0.0,680.0,684.0,1.0,86.2,24.0,Individual,6,High Risk,Manual Review
67969993,26600.0, 60 months,23.99,F,F3,10+ years,RENT,64000.0,Source Verified,debt_consolidation,NY,34.43,0.0,675.0,679.0,1.0,80.2,25.0,Individual,6,High Risk,Manual Review
68062119,14000.0, 60 months,18.49,E,E2,,MORTGAGE,56818.0,Verified,house,NC,30.97,0.0,690.0,694.0,1.0,20.6,31.0,Individual,5,High Risk,Manual Review
68112140,14400.0, 60 months,23.13,F,F2,10+ years,RENT,40000.0,Verified,debt_consolidation,NY,32.82,4.0,680.0,684.0,1.0,44.7,21.0,Individual,6,High Risk,Manual Review
66531109,5425.0, 36 months,22.99,F,F2,6 years,MORTGAGE,50000.0,Verified,debt_consolidation,NY,37.95,1.0,690.0,694.0,2.0,46.2,28.0,Individual,6,High Risk,Manual Review
67859192,28000.0, 60 months,18.2,E,E1,1 year,MORTGAGE,90000.0,Source Verified,debt_consolidation,LA,7.89,1.0,665.0,669.0,0.0,97.9,21.0,Individual,5,High Risk,Manual Review
67818735,20075.0, 60 months,18.2,E,E1,6 years,MORTGAGE,120000.0,Verified,debt_consolidation,TX,32.82,0.0,705.0,709.0,0.0,75.0,26.0,Individual,5,High Risk,Manual Review
67799837,16225.0, 36 months,23.99,F,F3,4 years,MORTGAGE,36860.0,Source Verified,debt_consolidation,IN,38.65,1.0,660.0,664.0,3.0,82.5,43.0,Individual,7,High Risk,Manual Review
66370769,11450.0, 60 months,19.99,E,E4,10+ years,MORTGAGE,53000.0,Source Verified,debt_consolidation,MN,32.02,0.0,660.0,664.0,0.0,74.1,30.0,Individual,5,High Risk,Manual Review
67890284,14400.0, 60 months,23.99,F,F3,10+ years,RENT,36000.0,Verified,debt_consolidation,CA,36.5,0.0,685.0,689.0,2.0,97.6,22.0,Individual,6,High Risk,Manual Review
67869980,12950.0, 36 months,18.49,E,E2,8 years,RENT,36000.0,Verified,debt_consolidation,CA,37.83,0.0,665.0,669.0,1.0,78.1,31.0,Individual,5,High Risk,Manual Review
68019816,11900.0, 36 months,18.49,E,E2,4 years,MORTGAGE,35000.0,Verified,home_improvement,FL,37.72,1.0,665.0,669.0,0.0,58.5,16.0,Individual,6,High Risk,Manual Review
67999159,11625.0, 60 months,18.99,E,E3,10+ years,MORTGAGE,55000.0,Source Verified,home_improvement,GA,32.45,3.0,665.0,669.0,0.0,83.0,49.0,Individual,7,High Risk,Manual Review
68000037,16000.0, 60 months,18.2,E,E1,2 years,MORTGAGE,80000.0,Verified,debt_consolidation,FL,33.23,11.0,675.0,679.0,1.0,84.8,50.0,Individual,7,High Risk,Manual Review
67585775,16000.0, 60 months,21.99,F,F1,2 years,RENT,40000.0,Verified,credit_card,VA,34.77,0.0,660.0,664.0,0.0,85.0,36.0,Individual,6,High Risk,Manual Review
67980140,6375.0, 36 months,20.99,E,E5,10+ years,RENT,38000.0,Verified,debt_consolidation,TX,32.22,0.0,665.0,669.0,0.0,62.5,26.0,Individual,5,High Risk,Manual Review
67686092,19200.0, 60 months,18.2,E,E1,7 years,RENT,48000.0,Source Verified,debt_consolidation,CA,32.23,0.0,670.0,674.0,2.0,43.2,18.0,Individual,5,High Risk,Manual Review
67989802,19825.0, 60 months,23.99,F,F3,9 years,RENT,62000.0,Verified,debt_consolidation,CO,34.59,0.0,675.0,679.0,1.0,94.0,28.0,Individual,6,High Risk,Manual Review
67988895,33750.0, 60 months,22.99,F,F2,2 years,MORTGAGE,75000.0,Verified,credit_card,CA,32.02,0.0,660.0,664.0,2.0,70.0,39.0,Individual,5,High Risk,Manual Review
67367846,28000.0, 60 months,18.99,E,E3,10+ years,OWN,56000.0,Source Verified,credit_card,VA,37.36,2.0,660.0,664.0,1.0,64.6,31.0,Individual,6,High Risk,Manual Review
67919717,23800.0, 60 months,18.99,E,E3,< 1 year,RENT,59500.0,Source Verified,credit_card,OH,30.54,0.0,745.0,749.0,0.0,37.2,10.0,Individual,5,High Risk,Manual Review
67999925,31850.0, 60 months,22.99,F,F2,10+ years,MORTGAGE,141000.0,Verified,debt_consolidation,GA,34.31,0.0,690.0,694.0,3.0,73.9,38.0,Individual,5,High Risk,Manual Review
67939562,21825.0, 60 months,18.99,E,E3,2 years,RENT,52000.0,Verified,other,FL,30.39,0.0,745.0,749.0,0.0,7.8,35.0,Individual,5,High Risk,Manual Review
67428964,16200.0, 60 months,19.99,E,E4,10+ years,OWN,45000.0,Verified,other,MO,31.73,0.0,675.0,679.0,1.0,59.2,28.0,Individual,5,High Risk,Manual Review
67948521,18475.0, 60 months,18.2,E,E1,3 years,MORTGAGE,42000.0,Source Verified,other,AL,30.06,0.0,715.0,719.0,0.0,2.9,22.0,Individual,5,High Risk,Manual Review
67829061,28000.0, 60 months,18.99,E,E3,5 years,RENT,90000.0,Verified,debt_consolidation,IL,36.19,1.0,670.0,674.0,1.0,83.9,28.0,Individual,7,High Risk,Manual Review
67665915,10800.0, 60 months,20.99,E,E5,< 1 year,MORTGAGE,40716.0,Verified,other,TX,38.79,0.0,735.0,739.0,3.0,8.6,24.0,Individual,5,High Risk,Manual Review
67969610,17725.0, 60 months,18.49,E,E2,10+ years,RENT,75000.0,Verified,debt_consolidation,OR,34.13,0.0,700.0,704.0,0.0,87.0,28.0,Individual,6,High Risk,Manual Review
67919563,18950.0, 60 months,18.49,E,E2,10+ years,RENT,53500.0,Verified,debt_consolidation,CA,31.33,0.0,680.0,684.0,1.0,64.3,30.0,Individual,5,High Risk,Manual Review
67859546,28000.0, 60 months,27.31,G,G2,10+ years,RENT,70000.0,Verified,debt_consolidation,WA,30.79,0.0,675.0,679.0,3.0,75.7,32.0,Joint App,5,High Risk,Manual Review
67929558,10000.0, 36 months,18.49,E,E2,< 1 year,MORTGAGE,45000.0,Verified,house,TX,35.25,1.0,680.0,684.0,0.0,27.7,17.0,Individual,6,High Risk,Manual Review
67899553,7700.0, 36 months,18.2,E,E1,10+ years,MORTGAGE,45000.0,Verified,credit_card,OH,34.75,0.0,725.0,729.0,2.0,26.8,40.0,Individual,5,High Risk,Manual Review
67869349,13200.0, 36 months,18.99,E,E3,5 years,OWN,55000.0,Verified,debt_consolidation,IL,38.12,3.0,660.0,664.0,1.0,62.1,26.0,Individual,6,High Risk,Manual Review
67277068,32100.0, 36 months,19.99,E,E4,2 years,RENT,112000.0,Not Verified,debt_consolidation,AK,37.42,0.0,685.0,689.0,1.0,97.6,26.0,Individual,6,High Risk,Manual Review
67989247,20000.0, 36 months,16.55,D,D2,2 years,MORTGAGE,63800.0,Verified,debt_consolidation,KY,33.69,5.0,675.0,679.0,0.0,93.0,24.0,Individual,5,High Risk,Manual Review
67909440,15050.0, 60 months,18.99,E,E3,10+ years,RENT,66500.0,Not Verified,moving,MA,32.14,0.0,700.0,704.0,3.0,35.7,34.0,Individual,5,High Risk,Manual Review
67247377,17850.0, 60 months,18.2,E,E1,10+ years,MORTGAGE,60000.0,Source Verified,credit_card,TX,30.7,3.0,670.0,674.0,0.0,56.9,31.0,Individual,6,High Risk,Manual Review
67838961,14575.0, 60 months,19.99,E,E4,8 years,RENT,48550.0,Source Verified,debt_consolidation,TX,32.06,0.0,690.0,694.0,0.0,44.5,22.0,Individual,5,High Risk,Manual Review
67959406,17875.0, 60 months,19.99,E,E4,10+ years,RENT,43000.0,Verified,debt_consolidation,VA,28.5,1.0,660.0,664.0,0.0,85.3,18.0,Individual,5,High Risk,Manual Review
67405134,6550.0, 36 months,17.86,D,D5,,MORTGAGE,1770.0,Not Verified,credit_card,TX,999.0,2.0,670.0,674.0,0.0,84.4,25.0,Joint App,5,High Risk,Manual Review
67919057,11200.0, 60 months,18.99,E,E3,10+ years,MORTGAGE,33000.0,Verified,debt_consolidation,MO,36.62,0.0,685.0,689.0,0.0,64.2,31.0,Individual,5,High Risk,Manual Review
67858300,18000.0, 60 months,18.99,E,E3,10+ years,OWN,77000.0,Verified,debt_consolidation,NJ,15.06,1.0,665.0,669.0,1.0,88.2,36.0,Individual,5,High Risk,Manual Review
67789412,15925.0, 60 months,19.99,E,E4,6 years,MORTGAGE,84840.0,Verified,home_improvement,NJ,31.5,1.0,665.0,669.0,0.0,46.8,18.0,Individual,6,High Risk,Manual Review
67979686,25075.0, 60 months,23.99,F,F3,10+ years,MORTGAGE,66000.0,Verified,debt_consolidation,KS,34.69,7.0,660.0,664.0,2.0,63.3,34.0,Individual,6,High Risk,Manual Review
67427204,10800.0, 60 months,18.99,E,E3,10+ years,MORTGAGE,50000.0,Not Verified,debt_consolidation,CA,34.76,0.0,705.0,709.0,0.0,87.6,14.0,Individual,6,High Risk,Manual Review
67938905,29400.0, 60 months,18.99,E,E3,10+ years,RENT,70000.0,Verified,debt_consolidation,HI,22.14,2.0,665.0,669.0,0.0,80.8,31.0,Individual,5,High Risk,Manual Review
67666018,24800.0, 60 months,18.49,E,E2,,MORTGAGE,92000.0,Verified,debt_consolidation,IL,35.0,0.0,680.0,684.0,2.0,81.0,26.0,Individual,6,High Risk,Manual Review
67376328,27500.0, 60 months,21.99,F,F1,10+ years,MORTGAGE,99000.0,Source Verified,debt_consolidation,IL,37.6,0.0,660.0,664.0,2.0,83.9,64.0,Individual,6,High Risk,Manual Review
67959092,14250.0, 36 months,22.99,F,F2,2 years,MORTGAGE,50000.0,Verified,medical,FL,37.25,0.0,695.0,699.0,1.0,64.2,10.0,Individual,5,High Risk,Manual Review
67909253,25000.0, 60 months,18.49,E,E2,10+ years,RENT,86000.0,Source Verified,credit_card,TX,37.5,5.0,690.0,694.0,1.0,94.8,35.0,Individual,7,High Risk,Manual Review
67929056,29000.0, 60 months,17.86,D,D5,8 years,MORTGAGE,65000.0,Verified,debt_consolidation,NY,32.77,1.0,670.0,674.0,0.0,83.9,37.0,Individual,5,High Risk,Manual Review
67809593,5475.0, 36 months,18.2,E,E1,,RENT,60000.0,Verified,credit_card,CA,36.34,0.0,745.0,749.0,0.0,32.1,11.0,Individual,5,High Risk,Manual Review
68029041,2150.0, 36 months,18.99,E,E3,10+ years,MORTGAGE,41000.0,Verified,debt_consolidation,MO,31.06,0.0,665.0,669.0,0.0,65.1,53.0,Individual,5,High Risk,Manual Review
67809429,8975.0, 36 months,18.49,E,E2,1 year,MORTGAGE,62000.0,Verified,debt_consolidation,CA,33.22,0.0,690.0,694.0,1.0,70.0,18.0,Individual,5,High Risk,Manual Review
67788936,22925.0, 60 months,18.2,E,E1,6 years,RENT,65000.0,Not Verified,debt_consolidation,OH,31.89,0.0,720.0,724.0,0.0,71.3,16.0,Individual,5,High Risk,Manual Review
67789013,3700.0, 36 months,18.99,E,E3,1 year,MORTGAGE,53000.0,Verified,small_business,PA,33.02,0.0,690.0,694.0,1.0,87.5,20.0,Individual,6,High Risk,Manual Review
67939078,12575.0, 60 months,18.49,E,E2,6 years,RENT,66000.0,Verified,debt_consolidation,VA,32.88,0.0,660.0,664.0,0.0,79.1,38.0,Individual,5,High Risk,Manual Review
67988885,11400.0, 60 months,18.49,E,E2,10+ years,MORTGAGE,30000.0,Verified,credit_card,WI,36.04,0.0,665.0,669.0,3.0,70.0,21.0,Individual,5,High Risk,Manual Review
68018835,32300.0, 60 months,18.49,E,E2,10+ years,MORTGAGE,85000.0,Verified,debt_consolidation,IL,10.84,1.0,665.0,669.0,0.0,91.7,15.0,Individual,5,High Risk,Manual Review
67246089,24000.0, 60 months,18.2,E,E1,2 years,RENT,50000.0,Verified,credit_card,CA,39.63,0.0,690.0,694.0,0.0,62.8,11.0,Individual,5,High Risk,Manual Review
67848888,35000.0, 60 months,18.2,E,E1,10+ years,MORTGAGE,105000.0,Source Verified,credit_card,IN,35.18,1.0,660.0,664.0,1.0,82.3,30.0,Individual,7,High Risk,Manual Review
67978954,10825.0, 60 months,19.99,E,E4,9 years,OWN,40000.0,Verified,debt_consolidation,TX,36.63,0.0,670.0,674.0,0.0,39.7,25.0,Individual,5,High Risk,Manual Review
67818851,30000.0, 60 months,19.99,E,E4,1 year,RENT,60000.0,Verified,debt_consolidation,CA,36.99,0.0,700.0,704.0,1.0,68.2,21.0,Individual,5,High Risk,Manual Review
67938714,20500.0, 60 months,20.99,E,E5,10+ years,RENT,57000.0,Verified,debt_consolidation,MO,32.98,0.0,675.0,679.0,0.0,71.7,23.0,Individual,5,High Risk,Manual Review
67808878,35000.0, 60 months,18.49,E,E2,10+ years,MORTGAGE,100000.0,Source Verified,debt_consolidation,AL,31.36,1.0,685.0,689.0,1.0,52.6,21.0,Individual,6,High Risk,Manual Review
67818726,13425.0, 60 months,18.2,E,E1,10+ years,RENT,32000.0,Verified,debt_consolidation,NH,34.62,2.0,660.0,664.0,0.0,33.8,25.0,Individual,6,High Risk,Manual Review
67417617,12225.0, 60 months,18.2,E,E1,8 years,MORTGAGE,43000.0,Source Verified,debt_consolidation,FL,30.43,0.0,730.0,734.0,0.0,78.4,60.0,Individual,5,High Risk,Manual Review
67525450,32450.0, 60 months,18.49,E,E2,10+ years,MORTGAGE,85000.0,Not Verified,debt_consolidation,MN,39.33,0.0,685.0,689.0,0.0,96.1,28.0,Individual,6,High Risk,Manual Review
67445696,15575.0, 60 months,18.49,E,E2,1 year,RENT,26000.0,Source Verified,debt_consolidation,FL,30.47,1.0,670.0,674.0,1.0,47.6,15.0,Joint App,6,High Risk,Manual Review
67998529,35000.0, 60 months,25.99,F,F5,3 years,RENT,233000.0,Source Verified,credit_card,CA,17.33,1.0,665.0,669.0,1.0,85.5,36.0,Individual,5,High Risk,Manual Review
65744697,24025.0, 60 months,18.2,E,E1,10+ years,RENT,60000.0,Not Verified,credit_card,NY,38.64,0.0,695.0,699.0,1.0,58.9,17.0,Individual,5,High Risk,Manual Review
67798415,35000.0, 60 months,18.49,E,E2,5 years,RENT,95500.0,Verified,debt_consolidation,VA,36.28,0.0,670.0,674.0,0.0,91.2,22.0,Individual,6,High Risk,Manual Review
67958521,19900.0, 60 months,18.99,E,E3,10+ years,MORTGAGE,47400.0,Verified,debt_consolidation,NC,39.85,0.0,665.0,669.0,0.0,77.0,45.0,Individual,5,High Risk,Manual Review
67858549,15950.0, 60 months,25.99,F,F5,4 years,RENT,54000.0,Verified,other,OH,31.42,2.0,675.0,679.0,1.0,56.3,53.0,Individual,6,High Risk,Manual Review
65754855,35000.0, 60 months,18.99,E,E3,10+ years,OWN,85000.0,Verified,debt_consolidation,OH,31.0,0.0,665.0,669.0,3.0,89.5,34.0,Individual,6,High Risk,Manual Review
67938388,28150.0, 60 months,19.99,E,E4,3 years,RENT,90000.0,Verified,debt_consolidation,CA,30.25,0.0,695.0,699.0,1.0,29.6,45.0,Individual,5,High Risk,Manual Review
67818403,24050.0, 60 months,20.99,E,E5,3 years,MORTGAGE,78000.0,Source Verified,debt_consolidation,FL,32.73,6.0,670.0,674.0,2.0,74.8,23.0,Individual,6,High Risk,Manual Review
67928349,3375.0, 36 months,19.99,E,E4,3 years,OWN,20000.0,Verified,other,TX,33.19,0.0,665.0,669.0,2.0,5.4,15.0,Individual,5,High Risk,Manual Review
67888135,13850.0, 36 months,18.49,E,E2,6 years,RENT,33000.0,Verified,debt_consolidation,NY,35.53,0.0,690.0,694.0,0.0,55.7,7.0,Individual,5,High Risk,Manual Review
67908399,7500.0, 36 months,18.49,E,E2,3 years,RENT,35000.0,Source Verified,debt_consolidation,CA,33.92,0.0,670.0,674.0,4.0,32.5,7.0,Individual,5,High Risk,Manual Review
67576088,15000.0, 60 months,19.99,E,E4,10+ years,RENT,50000.0,Verified,debt_consolidation,HI,32.84,0.0,665.0,669.0,1.0,81.2,22.0,Individual,6,High Risk,Manual Review
67878383,20400.0, 60 months,18.2,E,E1,7 years,MORTGAGE,63600.0,Verified,small_business,CA,38.26,0.0,660.0,664.0,1.0,75.6,21.0,Individual,5,High Risk,Manual Review
67495135,11800.0, 60 months,21.99,F,F1,< 1 year,RENT,34000.0,Source Verified,debt_consolidation,TX,33.92,1.0,680.0,684.0,2.0,54.1,37.0,Individual,6,High Risk,Manual Review
66300713,12300.0, 60 months,18.99,E,E3,2 years,MORTGAGE,28000.0,Verified,debt_consolidation,GA,33.35,0.0,680.0,684.0,0.0,76.0,12.0,Individual,5,High Risk,Manual Review
67908210,21400.0, 60 months,19.99,E,E4,4 years,MORTGAGE,37000.0,Verified,debt_consolidation,TX,47.06,0.0,670.0,674.0,0.0,90.2,26.0,Joint App,6,High Risk,Manual Review
67426953,5450.0, 36 months,18.2,E,E1,,RENT,20100.0,Verified,major_purchase,OH,37.0,0.0,670.0,674.0,2.0,41.8,21.0,Individual,5,High Risk,Manual Review
67878139,9600.0, 36 months,23.99,F,F3,9 years,RENT,70000.0,Verified,debt_consolidation,WA,31.68,0.0,665.0,669.0,4.0,28.6,19.0,Individual,5,High Risk,Manual Review
68038805,20000.0, 60 months,21.99,F,F1,10+ years,RENT,50000.0,Verified,other,WI,36.46,0.0,665.0,669.0,0.0,72.0,23.0,Individual,5,High Risk,Manual Review
68008184,12000.0, 60 months,28.49,G,G4,1 year,MORTGAGE,40000.0,Source Verified,debt_consolidation,NM,31.59,0.0,700.0,704.0,1.0,90.8,28.0,Individual,6,High Risk,Manual Review
67636012,35000.0, 60 months,17.57,D,D4,10+ years,MORTGAGE,100000.0,Verified,debt_consolidation,OH,35.82,1.0,665.0,669.0,0.0,85.0,27.0,Individual,5,High Risk,Manual Review
67206510,20150.0, 60 months,18.49,E,E2,9 years,RENT,48000.0,Source Verified,credit_card,CA,34.15,0.0,675.0,679.0,2.0,47.9,51.0,Individual,5,High Risk,Manual Review
67666169,10000.0, 36 months,18.2,E,E1,1 year,RENT,35000.0,Verified,small_business,FL,30.38,0.0,700.0,704.0,1.0,60.2,6.0,Individual,5,High Risk,Manual Review
67595896,26825.0, 36 months,18.99,E,E3,10+ years,MORTGAGE,61000.0,Source Verified,debt_consolidation,OH,35.98,0.0,680.0,684.0,2.0,63.6,28.0,Individual,5,High Risk,Manual Review
67726017,10000.0, 60 months,18.2,E,E1,,MORTGAGE,35000.0,Verified,home_improvement,AL,31.89,0.0,670.0,674.0,2.0,56.6,27.0,Individual,5,High Risk,Manual Review
67665919,6700.0, 36 months,18.99,E,E3,2 years,RENT,21000.0,Verified,other,FL,32.26,0.0,675.0,679.0,1.0,40.7,11.0,Individual,5,High Risk,Manual Review
67635827,25000.0, 60 months,18.49,E,E2,7 years,MORTGAGE,85000.0,Source Verified,home_improvement,IN,20.84,5.0,675.0,679.0,1.0,96.3,29.0,Individual,5,High Risk,Manual Review
67545592,13550.0, 60 months,18.2,E,E1,3 years,RENT,52000.0,Verified,debt_consolidation,NY,32.4,0.0,665.0,669.0,1.0,94.1,22.0,Individual,6,High Risk,Manual Review
67755850,14425.0, 60 months,23.99,F,F3,6 years,MORTGAGE,40124.0,Verified,debt_consolidation,OR,36.0,0.0,660.0,664.0,1.0,66.8,25.0,Individual,5,High Risk,Manual Review
67735967,20625.0, 60 months,18.2,E,E1,10+ years,MORTGAGE,125000.0,Verified,car,TX,37.66,0.0,665.0,669.0,1.0,45.6,58.0,Individual,5,High Risk,Manual Review
67525873,17600.0, 60 months,18.2,E,E1,10+ years,MORTGAGE,40000.0,Source Verified,debt_consolidation,NE,36.48,0.0,695.0,699.0,0.0,84.9,18.0,Individual,6,High Risk,Manual Review
66644381,10325.0, 60 months,23.99,F,F3,6 years,MORTGAGE,43000.0,Verified,debt_consolidation,IL,37.23,0.0,665.0,669.0,2.0,62.3,59.0,Individual,5,High Risk,Manual Review
67457304,26400.0, 60 months,18.49,E,E2,9 years,RENT,60000.0,Verified,debt_consolidation,FL,39.67,0.0,670.0,674.0,0.0,94.3,28.0,Individual,6,High Risk,Manual Review
67666048,24950.0, 60 months,22.99,F,F2,7 years,MORTGAGE,80000.0,Source Verified,debt_consolidation,NY,24.24,2.0,665.0,669.0,1.0,83.9,20.0,Individual,5,High Risk,Manual Review
67665353,24000.0, 60 months,18.2,E,E1,10+ years,MORTGAGE,53000.0,Source Verified,debt_consolidation,ME,37.68,0.0,700.0,704.0,0.0,86.2,21.0,Individual,6,High Risk,Manual Review
67685954,4800.0, 36 months,18.99,E,E3,8 years,RENT,38000.0,Verified,small_business,CT,39.2,3.0,680.0,684.0,2.0,41.6,26.0,Individual,6,High Risk,Manual Review
67555824,16425.0, 60 months,19.99,E,E4,10+ years,RENT,41100.0,Verified,debt_consolidation,MO,32.47,0.0,680.0,684.0,1.0,64.1,30.0,Individual,5,High Risk,Manual Review
67685919,20700.0, 60 months,21.99,F,F1,< 1 year,RENT,45000.0,Verified,credit_card,CA,36.19,1.0,660.0,664.0,0.0,79.2,15.0,Individual,6,High Risk,Manual Review
67287527,17500.0, 60 months,18.2,E,E1,< 1 year,RENT,62000.0,Source Verified,debt_consolidation,TX,36.6,1.0,675.0,679.0,0.0,58.9,15.0,Individual,6,High Risk,Manual Review
67575819,28000.0, 60 months,19.99,E,E4,,OWN,22246.8,Verified,debt_consolidation,CA,89.83,0.0,670.0,674.0,1.0,92.8,20.0,Joint App,6,High Risk,Manual Review
67685798,5525.0, 36 months,18.99,E,E3,10+ years,RENT,15423.36,Verified,debt_consolidation,MI,39.92,0.0,660.0,664.0,0.0,77.1,12.0,Individual,5,High Risk,Manual Review
67665787,12275.0, 60 months,20.99,E,E5,7 years,MORTGAGE,42500.0,Source Verified,debt_consolidation,PA,36.57,0.0,660.0,664.0,0.0,52.5,27.0,Individual,5,High Risk,Manual Review
67615809,11425.0, 60 months,22.99,F,F2,2 years,OWN,26000.0,Verified,debt_consolidation,GA,31.16,0.0,680.0,684.0,0.0,31.1,27.0,Individual,5,High Risk,Manual Review
67675816,33600.0, 60 months,18.2,E,E1,10+ years,MORTGAGE,70000.0,Source Verified,debt_consolidation,OH,30.93,2.0,670.0,674.0,0.0,43.2,19.0,Individual,6,High Risk,Manual Review
67267462,23750.0, 60 months,18.49,E,E2,10+ years,MORTGAGE,66000.0,Source Verified,debt_consolidation,MA,35.05,0.0,720.0,724.0,0.0,86.7,26.0,Individual,6,High Risk,Manual Review
67645947,9000.0, 36 months,19.99,E,E4,5 years,RENT,25000.0,Source Verified,debt_consolidation,NY,38.89,0.0,755.0,759.0,0.0,13.4,12.0,Individual,5,High Risk,Manual Review
67525786,25000.0, 60 months,18.2,E,E1,10+ years,MORTGAGE,100000.0,Source Verified,credit_card,MI,31.44,0.0,665.0,669.0,2.0,36.5,32.0,Individual,5,High Risk,Manual Review
67555453,31150.0, 60 months,22.99,F,F2,2 years,RENT,76000.0,Verified,debt_consolidation,ND,34.55,0.0,665.0,669.0,1.0,78.1,48.0,Individual,5,High Risk,Manual Review
67655624,24350.0, 60 months,20.99,E,E5,5 years,RENT,58000.0,Source Verified,debt_consolidation,OH,31.28,0.0,670.0,674.0,2.0,22.0,15.0,Individual,5,High Risk,Manual Review
67257442,11675.0, 60 months,18.2,E,E1,10+ years,RENT,38600.0,Verified,other,FL,36.07,0.0,710.0,714.0,1.0,50.0,8.0,Individual,5,High Risk,Manual Review
67745495,28000.0, 60 months,15.41,D,D1,9 years,RENT,85000.0,Not Verified,debt_consolidation,CA,32.39,1.0,665.0,669.0,0.0,86.8,27.0,Joint App,5,High Risk,Manual Review
67645801,9300.0, 36 months,17.86,D,D5,8 years,MORTGAGE,47000.0,Verified,debt_consolidation,UT,36.82,1.0,695.0,699.0,0.0,81.3,23.0,Individual,5,High Risk,Manual Review
67725675,21900.0, 60 months,19.99,E,E4,,MORTGAGE,49800.0,Verified,debt_consolidation,CA,39.78,0.0,705.0,709.0,1.0,58.8,26.0,Individual,5,High Risk,Manual Review
67745328,16000.0, 60 months,20.99,E,E5,8 years,MORTGAGE,60000.0,Source Verified,debt_consolidation,TX,17.14,1.0,660.0,664.0,0.0,81.8,15.0,Individual,5,High Risk,Manual Review
67725490,25075.0, 60 months,23.99,F,F3,10+ years,RENT,66000.0,Verified,debt_consolidation,MD,35.89,0.0,695.0,699.0,1.0,65.0,50.0,Individual,5,High Risk,Manual Review
67705371,18525.0, 60 months,18.99,E,E3,5 years,RENT,51500.0,Not Verified,debt_consolidation,UT,36.59,0.0,675.0,679.0,1.0,20.9,45.0,Individual,5,High Risk,Manual Review
67575322,27000.0, 60 months,23.99,F,F3,10+ years,MORTGAGE,60000.0,Verified,debt_consolidation,FL,30.8,0.0,695.0,699.0,1.0,62.0,30.0,Individual,5,High Risk,Manual Review
67745341,16150.0, 60 months,18.49,E,E2,10+ years,MORTGAGE,39000.0,Source Verified,debt_consolidation,FL,34.28,0.0,685.0,689.0,0.0,82.3,35.0,Individual,6,High Risk,Manual Review
67466157,14225.0, 60 months,19.99,E,E4,1 year,RENT,50900.0,Source Verified,debt_consolidation,MD,30.32,0.0,685.0,689.0,0.0,67.1,14.0,Individual,5,High Risk,Manual Review
67655126,20550.0, 60 months,18.49,E,E2,7 years,MORTGAGE,56000.0,Source Verified,debt_consolidation,FL,35.66,0.0,710.0,714.0,0.0,56.2,23.0,Individual,5,High Risk,Manual Review
67745182,15950.0, 60 months,19.99,E,E4,5 years,RENT,70000.0,Not Verified,debt_consolidation,NY,36.57,0.0,695.0,699.0,0.0,73.0,27.0,Individual,5,High Risk,Manual Review
67266039,13200.0, 60 months,23.99,F,F3,5 years,MORTGAGE,44000.0,Verified,debt_consolidation,MN,35.79,0.0,675.0,679.0,0.0,89.7,20.0,Individual,6,High Risk,Manual Review
67377828,14925.0, 60 months,18.49,E,E2,< 1 year,RENT,42000.0,Source Verified,debt_consolidation,NE,37.37,0.0,670.0,674.0,0.0,56.5,51.0,Individual,5,High Risk,Manual Review
66475579,35000.0, 60 months,20.99,E,E5,10+ years,RENT,91000.0,Verified,debt_consolidation,VA,37.49,0.0,700.0,704.0,1.0,84.0,46.0,Individual,6,High Risk,Manual Review
65906775,10400.0, 60 months,18.49,E,E2,1 year,RENT,26000.0,Source Verified,debt_consolidation,NM,34.49,0.0,660.0,664.0,2.0,41.6,29.0,Individual,5,High Risk,Manual Review
67605262,15350.0, 60 months,22.99,F,F2,,RENT,30744.0,Verified,debt_consolidation,VT,33.29,0.0,690.0,694.0,1.0,23.4,26.0,Individual,5,High Risk,Manual Review
67328896,20000.0, 60 months,18.2,E,E1,5 years,RENT,80000.0,Verified,debt_consolidation,DC,31.37,0.0,690.0,694.0,1.0,26.3,27.0,Individual,5,High Risk,Manual Review
67339300,29900.0, 60 months,19.99,E,E4,10+ years,MORTGAGE,68000.0,Source Verified,debt_consolidation,VA,30.67,0.0,670.0,674.0,0.0,64.7,44.0,Individual,5,High Risk,Manual Review
67248942,21075.0, 36 months,18.49,E,E2,9 years,OWN,60000.0,Not Verified,debt_consolidation,NY,34.46,0.0,680.0,684.0,2.0,34.6,45.0,Individual,5,High Risk,Manual Review
67429013,15800.0, 60 months,19.99,E,E4,10+ years,RENT,42800.0,Verified,other,OK,34.21,0.0,695.0,699.0,2.0,68.9,13.0,Individual,5,High Risk,Manual Review
67409310,14775.0, 60 months,18.49,E,E2,,MORTGAGE,44000.0,Verified,credit_card,OH,36.88,0.0,660.0,664.0,1.0,50.2,36.0,Individual,5,High Risk,Manual Review
67297959,17100.0, 60 months,18.49,E,E2,10+ years,MORTGAGE,81264.0,Not Verified,debt_consolidation,WA,39.5,0.0,690.0,694.0,0.0,67.5,28.0,Individual,5,High Risk,Manual Review
67449027,14175.0, 60 months,18.49,E,E2,9 years,RENT,45000.0,Not Verified,debt_consolidation,MD,38.19,0.0,675.0,679.0,2.0,39.8,33.0,Individual,5,High Risk,Manual Review
67495417,28000.0, 60 months,18.2,E,E1,9 years,RENT,17000.0,Source Verified,debt_consolidation,NV,136.97,0.0,675.0,679.0,1.0,32.1,17.0,Joint App,5,High Risk,Manual Review
67288941,24050.0, 60 months,18.2,E,E1,6 years,MORTGAGE,188000.0,Not Verified,debt_consolidation,TN,34.34,0.0,675.0,679.0,0.0,85.0,65.0,Joint App,6,High Risk,Manual Review
67206104,14025.0, 60 months,24.99,F,F4,,OWN,39000.0,Verified,debt_consolidation,MI,33.42,0.0,680.0,684.0,1.0,37.0,32.0,Individual,5,High Risk,Manual Review
67277928,1000.0, 36 months,22.99,F,F2,7 years,RENT,47000.0,Source Verified,debt_consolidation,MT,31.54,0.0,670.0,674.0,1.0,97.9,56.0,Individual,6,High Risk,Manual Review
67388798,33300.0, 60 months,19.99,E,E4,10+ years,MORTGAGE,82500.0,Not Verified,debt_consolidation,MN,30.89,0.0,675.0,679.0,0.0,79.3,41.0,Individual,5,High Risk,Manual Review
67458786,28550.0, 60 months,18.2,E,E1,9 years,MORTGAGE,97484.0,Source Verified,debt_consolidation,TX,30.51,0.0,685.0,689.0,0.0,75.1,35.0,Individual,5,High Risk,Manual Review
67505387,9675.0, 36 months,16.99,D,D3,10+ years,MORTGAGE,42000.0,Not Verified,debt_consolidation,GA,34.52,2.0,660.0,664.0,0.0,86.7,23.0,Individual,5,High Risk,Manual Review
67248653,17125.0, 60 months,27.31,G,G2,2 years,RENT,44388.0,Verified,debt_consolidation,VA,30.17,0.0,660.0,664.0,0.0,29.0,53.0,Individual,5,High Risk,Manual Review
67436788,7425.0, 36 months,21.99,F,F1,3 years,OWN,42000.0,Source Verified,debt_consolidation,AL,37.69,0.0,675.0,679.0,1.0,53.2,13.0,Individual,5,High Risk,Manual Review
67358690,13950.0, 60 months,18.99,E,E3,8 years,RENT,38785.0,Verified,debt_consolidation,CO,32.05,0.0,670.0,674.0,0.0,35.3,20.0,Individual,5,High Risk,Manual Review
66625760,25000.0, 60 months,18.49,E,E2,10+ years,MORTGAGE,60000.0,Not Verified,debt_consolidation,AL,36.34,0.0,685.0,689.0,0.0,71.9,21.0,Individual,5,High Risk,Manual Review
67398751,33725.0, 60 months,20.99,E,E5,10+ years,MORTGAGE,94000.0,Not Verified,debt_consolidation,NY,32.06,0.0,685.0,689.0,0.0,82.7,19.0,Individual,6,High Risk,Manual Review
67288921,7425.0, 36 months,24.99,F,F4,10+ years,MORTGAGE,60000.0,Verified,small_business,CA,30.48,0.0,705.0,709.0,1.0,22.8,46.0,Individual,5,High Risk,Manual Review
67237927,10975.0, 36 months,19.99,E,E4,3 years,RENT,41000.0,Verified,small_business,AZ,33.55,0.0,745.0,749.0,0.0,16.5,16.0,Individual,5,High Risk,Manual Review
67418674,30000.0, 36 months,18.99,E,E3,10+ years,OWN,95000.0,Verified,home_improvement,FL,33.43,0.0,660.0,664.0,2.0,70.0,23.0,Individual,5,High Risk,Manual Review
67247102,26400.0, 60 months,18.99,E,E3,7 years,RENT,66000.0,Source Verified,medical,NY,36.65,0.0,705.0,709.0,0.0,33.3,43.0,Individual,5,High Risk,Manual Review
67378967,10200.0, 60 months,18.2,E,E1,10+ years,MORTGAGE,40000.0,Source Verified,debt_consolidation,MD,33.12,0.0,725.0,729.0,0.0,20.6,18.0,Individual,5,High Risk,Manual Review
67338908,34500.0, 60 months,23.99,F,F3,10+ years,RENT,78000.0,Source Verified,debt_consolidation,OR,36.68,0.0,670.0,674.0,3.0,79.5,48.0,Individual,5,High Risk,Manual Review
67337880,35000.0, 60 months,18.2,E,E1,10+ years,MORTGAGE,100000.0,Verified,debt_consolidation,OH,32.51,0.0,660.0,664.0,2.0,57.0,50.0,Individual,5,High Risk,Manual Review
67378926,7500.0, 36 months,25.99,F,F5,2 years,RENT,25000.0,Verified,major_purchase,NY,32.07,0.0,670.0,674.0,1.0,54.5,7.0,Individual,5,High Risk,Manual Review
67206045,3500.0, 36 months,26.77,G,G1,,RENT,11736.0,Verified,debt_consolidation,WA,31.39,0.0,665.0,669.0,0.0,58.4,9.0,Individual,5,High Risk,Manual Review
67268737,24200.0, 60 months,18.49,E,E2,< 1 year,RENT,55000.0,Verified,debt_consolidation,CA,36.79,1.0,670.0,674.0,0.0,71.5,30.0,Individual,6,High Risk,Manual Review
67288585,15000.0, 60 months,18.99,E,E3,6 years,MORTGAGE,45000.0,Source Verified,home_improvement,OH,32.53,2.0,685.0,689.0,2.0,47.2,34.0,Individual,6,High Risk,Manual Review
66606267,17250.0, 36 months,18.2,E,E1,< 1 year,RENT,34500.0,Verified,debt_consolidation,AZ,31.44,0.0,660.0,664.0,0.0,59.1,22.0,Individual,5,High Risk,Manual Review
67398221,28000.0, 60 months,18.49,E,E2,10+ years,MORTGAGE,100022.0,Source Verified,home_improvement,TX,14.46,1.0,680.0,684.0,2.0,82.1,11.0,Individual,5,High Risk,Manual Review
67238242,2000.0, 36 months,19.99,E,E4,2 years,RENT,34000.0,Verified,other,CA,34.45,0.0,660.0,664.0,0.0,59.1,7.0,Individual,5,High Risk,Manual Review
67458333,12000.0, 60 months,18.99,E,E3,10+ years,MORTGAGE,40000.0,Source Verified,debt_consolidation,MI,38.82,0.0,665.0,669.0,2.0,33.8,61.0,Individual,5,High Risk,Manual Review
67378712,3250.0, 36 months,18.99,E,E3,,RENT,9036.0,Verified,debt_consolidation,IL,39.71,0.0,665.0,669.0,1.0,33.8,38.0,Individual,5,High Risk,Manual Review
67326389,13025.0, 60 months,21.99,F,F1,6 years,MORTGAGE,45000.0,Source Verified,credit_card,WI,33.73,0.0,715.0,719.0,1.0,94.6,26.0,Individual,6,High Risk,Manual Review
67248092,20150.0, 60 months,26.77,G,G1,9 years,MORTGAGE,56000.0,Verified,debt_consolidation,MO,31.7,2.0,680.0,684.0,0.0,60.0,28.0,Individual,6,High Risk,Manual Review
67308352,11000.0, 60 months,18.99,E,E3,1 year,MORTGAGE,130000.0,Not Verified,debt_consolidation,NH,3.49,4.0,660.0,664.0,2.0,90.4,17.0,Individual,5,High Risk,Manual Review
67248104,34500.0, 60 months,28.99,G,G5,10+ years,RENT,69048.0,Verified,debt_consolidation,VA,33.8,2.0,670.0,674.0,1.0,86.5,38.0,Individual,7,High Risk,Manual Review
67238276,1550.0, 36 months,18.49,E,E2,10+ years,RENT,39067.0,Verified,other,VA,22.67,1.0,690.0,694.0,1.0,83.6,20.0,Individual,5,High Risk,Manual Review
67467844,9125.0, 36 months,23.99,F,F3,5 years,MORTGAGE,41000.0,Verified,other,GA,30.27,0.0,690.0,694.0,0.0,26.9,13.0,Individual,5,High Risk,Manual Review
67276833,6150.0, 36 months,18.49,E,E2,4 years,RENT,24500.0,Not Verified,debt_consolidation,MA,33.22,0.0,685.0,689.0,0.0,34.5,18.0,Individual,5,High Risk,Manual Review
67407737,4475.0, 36 months,21.99,F,F1,2 years,RENT,24960.0,Verified,debt_consolidation,NC,31.25,0.0,670.0,674.0,0.0,63.7,9.0,Individual,5,High Risk,Manual Review
67337538,28800.0, 60 months,18.99,E,E3,2 years,RENT,62500.0,Verified,credit_card,NY,12.56,2.0,660.0,664.0,1.0,97.3,21.0,Individual,5,High Risk,Manual Review
67247985,17675.0, 60 months,22.99,F,F2,8 years,OWN,52000.0,Verified,debt_consolidation,TN,34.32,0.0,660.0,664.0,1.0,78.0,43.0,Individual,5,High Risk,Manual Review
65855757,15725.0, 60 months,18.2,E,E1,< 1 year,MORTGAGE,59000.0,Not Verified,debt_consolidation,VA,35.29,0.0,705.0,709.0,1.0,55.4,33.0,Individual,5,High Risk,Manual Review
66665756,28000.0, 60 months,19.99,E,E4,10+ years,OWN,150000.0,Source Verified,debt_consolidation,PA,22.16,1.0,660.0,664.0,0.0,82.9,27.0,Individual,5,High Risk,Manual Review
67387858,19200.0, 60 months,18.49,E,E2,< 1 year,MORTGAGE,48000.0,Not Verified,debt_consolidation,LA,31.93,0.0,715.0,719.0,0.0,72.2,33.0,Individual,5,High Risk,Manual Review
67348334,30000.0, 60 months,18.49,E,E2,10+ years,MORTGAGE,119000.0,Verified,debt_consolidation,HI,27.16,1.0,695.0,699.0,3.0,95.0,34.0,Individual,5,High Risk,Manual Review
67327014,7500.0, 36 months,22.99,F,F2,,MORTGAGE,25000.0,Verified,other,AZ,32.36,0.0,665.0,669.0,0.0,51.1,19.0,Individual,5,High Risk,Manual Review
67278340,21000.0, 36 months,15.41,D,D1,10+ years,OWN,130000.0,Not Verified,home_improvement,NJ,33.81,1.0,665.0,669.0,2.0,87.4,18.0,Individual,5,High Risk,Manual Review
67235388,23250.0, 60 months,19.99,E,E4,10+ years,MORTGAGE,58152.0,Verified,debt_consolidation,CT,33.86,0.0,670.0,674.0,2.0,76.9,32.0,Individual,5,High Risk,Manual Review
67448084,5900.0, 36 months,18.49,E,E2,3 years,RENT,28000.0,Source Verified,debt_consolidation,CA,33.95,0.0,700.0,704.0,1.0,31.4,9.0,Individual,5,High Risk,Manual Review
66453420,30000.0, 60 months,20.99,E,E5,9 years,MORTGAGE,95000.0,Source Verified,debt_consolidation,CA,39.54,0.0,680.0,684.0,0.0,75.4,28.0,Individual,5,High Risk,Manual Review
67307955,33525.0, 60 months,21.99,F,F1,8 years,MORTGAGE,186500.0,Verified,debt_consolidation,OR,31.77,0.0,675.0,679.0,0.0,83.4,35.0,Individual,6,High Risk,Manual Review
67448000,20000.0, 60 months,18.2,E,E1,8 years,MORTGAGE,61800.0,Verified,debt_consolidation,PA,32.47,0.0,710.0,714.0,3.0,34.8,34.0,Individual,5,High Risk,Manual Review
67327894,25000.0, 60 months,17.57,D,D4,< 1 year,MORTGAGE,75000.0,Not Verified,debt_consolidation,AL,30.21,1.0,675.0,679.0,1.0,96.8,41.0,Individual,5,High Risk,Manual Review
67237733,11400.0, 60 months,20.99,E,E5,3 years,OWN,38000.0,Verified,debt_consolidation,TX,33.99,0.0,670.0,674.0,1.0,89.2,15.0,Individual,6,High Risk,Manual Review
67266714,25600.0, 60 months,18.2,E,E1,8 years,OWN,70000.0,Source Verified,debt_consolidation,NE,33.46,0.0,710.0,714.0,0.0,40.6,29.0,Individual,5,High Risk,Manual Review
67427514,25200.0, 60 months,19.99,E,E4,10+ years,MORTGAGE,60000.0,Verified,debt_consolidation,OH,31.1,0.0,690.0,694.0,1.0,60.7,20.0,Individual,5,High Risk,Manual Review
67447871,11500.0, 60 months,19.99,E,E4,10+ years,RENT,32000.0,Verified,credit_card,NH,30.53,0.0,660.0,664.0,0.0,87.3,24.0,Individual,6,High Risk,Manual Review
67426848,16700.0, 60 months,19.99,E,E4,10+ years,MORTGAGE,65000.0,Verified,debt_consolidation,VA,39.68,0.0,670.0,674.0,0.0,43.3,33.0,Individual,5,High Risk,Manual Review
67408069,23825.0, 60 months,18.49,E,E2,9 years,MORTGAGE,59586.0,Source Verified,debt_consolidation,PA,37.62,0.0,675.0,679.0,2.0,67.3,32.0,Individual,5,High Risk,Manual Review
67247854,10000.0, 60 months,18.2,E,E1,10+ years,MORTGAGE,70000.0,Verified,debt_consolidation,WA,37.29,0.0,670.0,674.0,1.0,54.8,27.0,Individual,5,High Risk,Manual Review
67435508,5050.0, 36 months,18.2,E,E1,,MORTGAGE,13308.0,Verified,credit_card,IL,30.66,0.0,665.0,669.0,0.0,91.0,12.0,Individual,6,High Risk,Manual Review
67287800,10000.0, 60 months,18.2,E,E1,3 years,RENT,55000.0,Source Verified,house,FL,32.05,0.0,695.0,699.0,1.0,59.3,22.0,Individual,5,High Risk,Manual Review
67205768,13975.0, 60 months,22.99,F,F2,5 years,RENT,60000.0,Verified,debt_consolidation,NV,31.75,0.0,675.0,679.0,0.0,53.6,17.0,Individual,5,High Risk,Manual Review
66595395,20575.0, 60 months,19.99,E,E4,10+ years,MORTGAGE,49000.0,Source Verified,debt_consolidation,TX,37.69,0.0,670.0,674.0,1.0,82.6,35.0,Individual,6,High Risk,Manual Review
66606693,19700.0, 36 months,22.99,F,F2,10+ years,RENT,54782.0,Verified,debt_consolidation,AZ,34.44,0.0,660.0,664.0,2.0,60.6,30.0,Individual,5,High Risk,Manual Review
67397701,35000.0, 60 months,18.49,E,E2,< 1 year,MORTGAGE,86400.0,Source Verified,debt_consolidation,TN,31.11,0.0,685.0,689.0,0.0,72.3,27.0,Individual,5,High Risk,Manual Review
67368015,19175.0, 60 months,20.99,E,E5,10+ years,MORTGAGE,40000.0,Verified,debt_consolidation,OH,40.05,0.0,665.0,669.0,0.0,71.4,26.0,Joint App,5,High Risk,Manual Review
67277873,33650.0, 60 months,21.99,F,F1,10+ years,MORTGAGE,80000.0,Source Verified,major_purchase,TX,38.69,0.0,680.0,684.0,0.0,56.1,44.0,Individual,5,High Risk,Manual Review
67277906,35000.0, 36 months,18.49,E,E2,10+ years,MORTGAGE,52000.0,Verified,debt_consolidation,FL,30.26,1.0,680.0,684.0,1.0,53.0,22.0,Joint App,6,High Risk,Manual Review
67245310,18750.0, 60 months,18.99,E,E3,10+ years,RENT,65000.0,Source Verified,debt_consolidation,WA,36.67,0.0,660.0,664.0,0.0,92.1,15.0,Individual,6,High Risk,Manual Review
66594687,32200.0, 60 months,18.99,E,E3,10+ years,RENT,70000.0,Verified,debt_consolidation,FL,32.69,0.0,710.0,714.0,0.0,92.5,22.0,Individual,6,High Risk,Manual Review
66340931,30400.0, 60 months,18.2,E,E1,10+ years,MORTGAGE,80000.0,Verified,debt_consolidation,NY,9.7,1.0,675.0,679.0,3.0,95.1,28.0,Individual,5,High Risk,Manual Review
67477173,19550.0, 60 months,20.99,E,E5,10+ years,MORTGAGE,82000.0,Verified,debt_consolidation,MA,32.71,0.0,690.0,694.0,0.0,69.3,42.0,Individual,5,High Risk,Manual Review
67297509,13950.0, 60 months,18.99,E,E3,8 years,MORTGAGE,33333.0,Verified,debt_consolidation,MO,35.0,0.0,690.0,694.0,0.0,97.5,25.0,Individual,6,High Risk,Manual Review
67397528,11000.0, 60 months,18.2,E,E1,< 1 year,RENT,22000.0,Source Verified,debt_consolidation,TX,34.37,0.0,745.0,749.0,0.0,55.3,17.0,Individual,5,High Risk,Manual Review
67407681,20000.0, 60 months,19.99,E,E4,5 years,MORTGAGE,46000.0,Verified,debt_consolidation,FL,35.17,0.0,660.0,664.0,2.0,83.9,19.0,Joint App,6,High Risk,Manual Review
67387347,19600.0, 60 months,18.99,E,E3,,MORTGAGE,64000.0,Verified,debt_consolidation,VA,30.02,0.0,755.0,759.0,1.0,3.6,46.0,Individual,5,High Risk,Manual Review
66665868,25300.0, 60 months,20.99,E,E5,10+ years,MORTGAGE,55000.0,Source Verified,debt_consolidation,NE,30.15,1.0,725.0,729.0,0.0,28.7,27.0,Individual,6,High Risk,Manual Review
67297400,11200.0, 60 months,18.99,E,E3,6 years,MORTGAGE,35000.0,Verified,other,NC,31.41,2.0,660.0,664.0,0.0,74.0,24.0,Individual,6,High Risk,Manual Review
67367678,12800.0, 60 months,20.99,E,E5,10+ years,RENT,32000.0,Verified,debt_consolidation,OH,38.82,0.0,680.0,684.0,1.0,27.1,23.0,Individual,5,High Risk,Manual Review
67357186,13200.0, 60 months,18.99,E,E3,8 years,OWN,50000.0,Source Verified,home_improvement,WA,30.48,0.0,805.0,809.0,0.0,19.3,16.0,Individual,5,High Risk,Manual Review
67256431,23025.0, 60 months,20.99,E,E5,4 years,MORTGAGE,72000.0,Verified,credit_card,OH,18.55,1.0,660.0,664.0,3.0,81.6,21.0,Individual,5,High Risk,Manual Review
67387298,13200.0, 60 months,18.49,E,E2,3 years,OWN,47500.0,Verified,other,GA,31.94,3.0,690.0,694.0,0.0,37.0,27.0,Individual,6,High Risk,Manual Review
67427385,11000.0, 60 months,19.99,E,E4,,OWN,25000.0,Verified,debt_consolidation,OR,34.04,0.0,685.0,689.0,0.0,63.6,16.0,Individual,5,High Risk,Manual Review
66485740,30000.0, 60 months,18.2,E,E1,10+ years,RENT,70000.0,Source Verified,debt_consolidation,CO,30.88,0.0,665.0,669.0,2.0,66.2,31.0,Individual,5,High Risk,Manual Review
67467306,18200.0, 60 months,19.99,E,E4,< 1 year,RENT,12000.0,Verified,debt_consolidation,MO,52.8,0.0,700.0,704.0,0.0,51.9,20.0,Joint App,5,High Risk,Manual Review
67367591,29900.0, 60 months,19.99,E,E4,3 years,MORTGAGE,68000.0,Source Verified,debt_consolidation,MN,31.2,0.0,695.0,699.0,3.0,68.1,38.0,Individual,5,High Risk,Manual Review
67267249,26850.0, 36 months,19.99,E,E4,10+ years,MORTGAGE,260000.0,Verified,debt_consolidation,MN,18.28,1.0,680.0,684.0,4.0,90.6,53.0,Individual,5,High Risk,Manual Review
67386948,24000.0, 60 months,18.2,E,E1,2 years,MORTGAGE,75000.0,Source Verified,debt_consolidation,AL,15.34,1.0,675.0,679.0,0.0,83.9,22.0,Individual,5,High Risk,Manual Review
67306984,15300.0, 36 months,18.2,E,E1,10+ years,OWN,45000.0,Not Verified,debt_consolidation,VA,32.21,3.0,670.0,674.0,1.0,33.3,30.0,Individual,6,High Risk,Manual Review
65915920,21100.0, 60 months,18.99,E,E3,10+ years,OWN,48000.0,Not Verified,debt_consolidation,TX,34.65,2.0,705.0,709.0,0.0,41.7,35.0,Individual,6,High Risk,Manual Review
65656628,30000.0, 60 months,19.99,E,E4,10+ years,MORTGAGE,75000.0,Verified,debt_consolidation,IN,33.69,0.0,685.0,689.0,1.0,47.4,57.0,Individual,5,High Risk,Manual Review
67467006,12225.0, 60 months,18.99,E,E3,10+ years,RENT,34000.0,Verified,debt_consolidation,MA,30.11,0.0,665.0,669.0,2.0,89.7,16.0,Individual,6,High Risk,Manual Review
67327186,3950.0, 36 months,20.99,E,E5,3 years,RENT,32000.0,Verified,other,PA,33.01,0.0,670.0,674.0,0.0,41.4,17.0,Individual,5,High Risk,Manual Review
67367565,16000.0, 60 months,18.2,E,E1,< 1 year,RENT,130000.0,Verified,debt_consolidation,CA,16.42,1.0,670.0,674.0,0.0,83.4,13.0,Individual,5,High Risk,Manual Review
67387006,18300.0, 60 months,20.99,E,E5,10+ years,MORTGAGE,101937.13,Verified,credit_card,TN,11.28,1.0,665.0,669.0,1.0,97.1,18.0,Individual,5,High Risk,Manual Review
66582632,23750.0, 60 months,19.99,E,E4,3 years,MORTGAGE,74000.0,Source Verified,credit_card,VA,32.16,0.0,695.0,699.0,0.0,70.3,24.0,Individual,5,High Risk,Manual Review
67266671,1000.0, 36 months,23.99,F,F3,,OWN,35000.0,Not Verified,debt_consolidation,TX,30.59,0.0,660.0,664.0,1.0,36.5,31.0,Individual,5,High Risk,Manual Review
67327045,16300.0, 60 months,18.99,E,E3,4 years,RENT,42000.0,Source Verified,debt_consolidation,CO,34.35,0.0,705.0,709.0,0.0,41.9,12.0,Individual,5,High Risk,Manual Review
67387025,22550.0, 60 months,16.55,D,D2,8 years,MORTGAGE,240000.0,Source Verified,credit_card,NJ,33.54,1.0,665.0,669.0,2.0,84.9,40.0,Individual,5,High Risk,Manual Review
67367261,18700.0, 60 months,23.99,F,F3,5 years,RENT,55000.0,Verified,other,NJ,33.76,0.0,675.0,679.0,2.0,57.5,28.0,Individual,5,High Risk,Manual Review
67145460,25800.0, 60 months,24.99,F,F4,2 years,MORTGAGE,65000.0,Source Verified,debt_consolidation,TX,34.27,0.0,660.0,664.0,0.0,70.7,38.0,Individual,5,High Risk,Manual Review
67476860,34000.0, 60 months,18.99,E,E3,10+ years,MORTGAGE,115000.0,Verified,debt_consolidation,GA,31.42,0.0,680.0,684.0,0.0,99.9,25.0,Individual,6,High Risk,Manual Review
67367213,20875.0, 60 months,22.99,F,F2,9 years,MORTGAGE,58000.0,Verified,debt_consolidation,GA,37.86,0.0,685.0,689.0,3.0,8.4,46.0,Individual,5,High Risk,Manual Review
67396711,35000.0, 60 months,18.49,E,E2,10+ years,MORTGAGE,110000.0,Verified,debt_consolidation,FL,17.23,1.0,675.0,679.0,0.0,89.7,15.0,Individual,5,High Risk,Manual Review
67306839,27375.0, 60 months,19.99,E,E4,,RENT,56240.0,Verified,debt_consolidation,CA,35.6,0.0,700.0,704.0,1.0,52.8,24.0,Individual,5,High Risk,Manual Review
67315669,18000.0, 60 months,18.2,E,E1,8 years,OWN,50000.0,Verified,debt_consolidation,MO,34.1,1.0,660.0,664.0,0.0,37.8,21.0,Individual,6,High Risk,Manual Review
67266837,6600.0, 36 months,27.88,G,G3,9 years,RENT,22000.0,Not Verified,debt_consolidation,NE,34.81,0.0,690.0,694.0,0.0,93.9,16.0,Joint App,6,High Risk,Manual Review
67256363,15500.0, 60 months,18.49,E,E2,,RENT,35269.0,Verified,debt_consolidation,CA,32.16,0.0,695.0,699.0,0.0,81.9,13.0,Individual,6,High Risk,Manual Review
67456597,18000.0, 60 months,18.99,E,E3,4 years,RENT,60000.0,Source Verified,debt_consolidation,CT,31.06,0.0,705.0,709.0,1.0,33.3,15.0,Individual,5,High Risk,Manual Review
67286811,26400.0, 60 months,18.2,E,E1,5 years,RENT,60000.0,Verified,debt_consolidation,KS,38.6,0.0,700.0,704.0,0.0,95.6,25.0,Individual,6,High Risk,Manual Review
66625963,20600.0, 60 months,18.49,E,E2,10+ years,MORTGAGE,51500.0,Not Verified,credit_card,MO,34.47,0.0,715.0,719.0,0.0,79.3,14.0,Individual,5,High Risk,Manual Review
67416055,2550.0, 36 months,18.2,E,E1,,RENT,10680.0,Verified,debt_consolidation,CA,32.36,0.0,675.0,679.0,0.0,72.1,10.0,Individual,5,High Risk,Manual Review
66524104,25700.0, 60 months,18.2,E,E1,10+ years,MORTGAGE,80237.0,Verified,debt_consolidation,NJ,32.84,0.0,700.0,704.0,1.0,14.2,36.0,Individual,5,High Risk,Manual Review
67476075,35000.0, 60 months,22.99,F,F2,10+ years,MORTGAGE,72000.0,Verified,debt_consolidation,KS,40.3,0.0,690.0,694.0,1.0,84.9,42.0,Joint App,6,High Risk,Manual Review
67456690,15100.0, 60 months,18.99,E,E3,10+ years,MORTGAGE,42000.0,Not Verified,debt_consolidation,KS,31.89,0.0,760.0,764.0,3.0,13.2,42.0,Individual,5,High Risk,Manual Review
66435427,25475.0, 60 months,18.2,E,E1,10+ years,MORTGAGE,70000.0,Not Verified,debt_consolidation,NC,35.36,0.0,730.0,734.0,0.0,83.4,21.0,Individual,6,High Risk,Manual Review
67266657,1200.0, 36 months,20.99,E,E5,10+ years,RENT,30000.0,Verified,other,TX,30.56,0.0,675.0,679.0,0.0,88.0,10.0,Individual,6,High Risk,Manual Review
67366432,19700.0, 60 months,18.49,E,E2,10+ years,MORTGAGE,99500.0,Source Verified,small_business,VA,30.77,6.0,690.0,694.0,0.0,77.5,44.0,Individual,6,High Risk,Manual Review
67456538,15650.0, 60 months,16.99,D,D3,10+ years,MORTGAGE,75000.0,Source Verified,debt_consolidation,AZ,31.74,3.0,670.0,674.0,1.0,89.4,30.0,Individual,5,High Risk,Manual Review
67376813,18175.0, 36 months,18.2,E,E1,1 year,RENT,36374.0,Verified,debt_consolidation,NY,31.84,0.0,695.0,699.0,0.0,33.6,27.0,Individual,5,High Risk,Manual Review
67446530,13900.0, 60 months,25.99,F,F5,10+ years,RENT,41000.0,Source Verified,debt_consolidation,RI,38.96,1.0,750.0,754.0,0.0,6.2,40.0,Individual,6,High Risk,Manual Review
67376734,19075.0, 60 months,18.2,E,E1,6 years,MORTGAGE,53000.0,Verified,debt_consolidation,MO,20.27,1.0,665.0,669.0,1.0,93.9,21.0,Individual,5,High Risk,Manual Review
67276706,18000.0, 60 months,16.55,D,D2,1 year,OWN,55000.0,Source Verified,debt_consolidation,CA,38.51,1.0,680.0,684.0,0.0,83.4,19.0,Individual,5,High Risk,Manual Review
67436464,17800.0, 60 months,18.2,E,E1,,MORTGAGE,44544.0,Verified,debt_consolidation,NC,27.69,1.0,675.0,679.0,0.0,100.0,24.0,Individual,5,High Risk,Manual Review
67275914,33100.0, 60 months,19.99,E,E4,10+ years,RENT,72000.0,Source Verified,credit_card,NC,33.03,0.0,700.0,704.0,1.0,62.4,21.0,Individual,5,High Risk,Manual Review
67456357,25000.0, 60 months,20.99,E,E5,10+ years,RENT,60000.0,Verified,debt_consolidation,CA,32.48,0.0,660.0,664.0,1.0,66.0,31.0,Individual,5,High Risk,Manual Review
67405646,3400.0, 36 months,21.99,F,F1,< 1 year,RENT,10000.0,Verified,other,NY,34.81,0.0,680.0,684.0,0.0,53.5,15.0,Individual,5,High Risk,Manual Review
66495719,12100.0, 60 months,19.99,E,E4,,OWN,27515.04,Verified,debt_consolidation,TX,33.29,0.0,715.0,719.0,0.0,64.0,11.0,Individual,5,High Risk,Manual Review
67446395,25000.0, 60 months,18.2,E,E1,3 years,RENT,65000.0,Verified,debt_consolidation,NH,36.15,0.0,670.0,674.0,1.0,46.0,29.0,Individual,5,High Risk,Manual Review
67426259,24800.0, 60 months,21.99,F,F1,7 years,MORTGAGE,62000.0,Source Verified,debt_consolidation,MD,17.6,4.0,670.0,674.0,1.0,82.6,25.0,Individual,5,High Risk,Manual Review
67336326,10650.0, 60 months,21.99,F,F1,,OWN,31000.0,Verified,debt_consolidation,TX,33.18,0.0,670.0,674.0,0.0,96.8,7.0,Joint App,6,High Risk,Manual Review
67446173,15475.0, 36 months,18.2,E,E1,10+ years,RENT,43000.0,Verified,debt_consolidation,NC,31.31,0.0,665.0,669.0,0.0,73.0,23.0,Individual,5,High Risk,Manual Review
67286376,17300.0, 60 months,25.99,F,F5,1 year,RENT,43300.0,Source Verified,debt_consolidation,TN,30.54,0.0,660.0,664.0,2.0,64.3,55.0,Individual,5,High Risk,Manual Review
67316196,35000.0, 60 months,18.2,E,E1,10+ years,MORTGAGE,92000.0,Verified,debt_consolidation,FL,32.66,0.0,685.0,689.0,0.0,68.5,56.0,Individual,5,High Risk,Manual Review
67336341,12600.0, 60 months,20.99,E,E5,10+ years,OWN,30000.0,Verified,debt_consolidation,AL,31.28,0.0,685.0,689.0,0.0,37.2,24.0,Individual,5,High Risk,Manual Review
67385978,26600.0, 36 months,21.99,F,F1,9 years,MORTGAGE,57000.0,Verified,debt_consolidation,FL,32.25,0.0,680.0,684.0,1.0,97.5,21.0,Individual,6,High Risk,Manual Review
67386290,25600.0, 60 months,18.99,E,E3,6 years,MORTGAGE,125384.16,Verified,debt_consolidation,IL,36.34,0.0,660.0,664.0,1.0,99.1,58.0,Individual,6,High Risk,Manual Review
66432840,13750.0, 60 months,18.49,E,E2,2 years,RENT,38210.0,Verified,debt_consolidation,UT,34.23,0.0,705.0,709.0,0.0,48.3,22.0,Individual,5,High Risk,Manual Review
66521206,23000.0, 60 months,18.49,E,E2,10+ years,RENT,50000.0,Source Verified,debt_consolidation,IL,37.49,0.0,715.0,719.0,0.0,84.5,23.0,Individual,6,High Risk,Manual Review
66615256,8200.0, 36 months,20.99,E,E5,10+ years,MORTGAGE,27348.0,Verified,debt_consolidation,MI,30.14,0.0,675.0,679.0,1.0,45.4,30.0,Individual,5,High Risk,Manual Review
67376212,20100.0, 60 months,19.99,E,E4,4 years,MORTGAGE,50000.0,Verified,debt_consolidation,AL,38.93,0.0,715.0,719.0,0.0,60.4,14.0,Individual,5,High Risk,Manual Review
66623258,20150.0, 60 months,20.99,E,E5,5 years,RENT,48000.0,Verified,debt_consolidation,NJ,34.43,1.0,660.0,664.0,0.0,67.0,18.0,Individual,6,High Risk,Manual Review
66796126,35000.0, 60 months,18.2,E,E1,10+ years,MORTGAGE,88000.0,Source Verified,debt_consolidation,NY,35.46,0.0,710.0,714.0,0.0,74.4,20.0,Individual,5,High Risk,Manual Review
66525003,15000.0, 36 months,18.2,E,E1,6 years,OWN,50000.0,Not Verified,home_improvement,FL,34.11,0.0,710.0,714.0,2.0,43.8,11.0,Individual,5,High Risk,Manual Review
67446073,7500.0, 36 months,25.99,F,F5,2 years,OWN,25000.0,Source Verified,debt_consolidation,GA,33.7,0.0,670.0,674.0,1.0,37.1,14.0,Individual,5,High Risk,Manual Review
66604145,6325.0, 36 months,18.49,E,E2,1 year,RENT,21120.0,Verified,debt_consolidation,NV,32.39,0.0,675.0,679.0,0.0,89.4,7.0,Individual,6,High Risk,Manual Review
67366023,16800.0, 36 months,19.99,E,E4,5 years,RENT,40000.0,Verified,home_improvement,CA,36.98,0.0,675.0,679.0,1.0,16.8,27.0,Individual,5,High Risk,Manual Review
67455952,17675.0, 60 months,20.99,E,E5,6 years,RENT,52000.0,Verified,debt_consolidation,IL,34.85,0.0,705.0,709.0,1.0,34.6,47.0,Individual,5,High Risk,Manual Review
67255798,13500.0, 60 months,28.49,G,G4,6 years,RENT,52000.0,Verified,debt_consolidation,CA,30.26,0.0,690.0,694.0,1.0,24.9,14.0,Individual,5,High Risk,Manual Review
67375152,15300.0, 36 months,18.99,E,E3,10+ years,OWN,45000.0,Verified,debt_consolidation,NC,32.59,0.0,675.0,679.0,0.0,84.5,9.0,Individual,6,High Risk,Manual Review
65735670,31325.0, 60 months,18.99,E,E3,8 years,OWN,113000.0,Source Verified,home_improvement,NY,3.93,2.0,660.0,664.0,0.0,81.7,7.0,Individual,5,High Risk,Manual Review
66490754,9500.0, 36 months,18.99,E,E3,< 1 year,RENT,25000.0,Source Verified,credit_card,MD,30.62,0.0,705.0,709.0,2.0,54.0,9.0,Individual,5,High Risk,Manual Review
67295832,6300.0, 36 months,26.77,G,G1,6 years,MORTGAGE,35000.0,Verified,debt_consolidation,TN,30.97,0.0,670.0,674.0,1.0,56.6,31.0,Individual,5,High Risk,Manual Review
67405785,19800.0, 60 months,23.99,F,F3,1 year,RENT,55000.0,Source Verified,small_business,GA,31.18,0.0,680.0,684.0,0.0,38.4,29.0,Individual,5,High Risk,Manual Review
67335888,33825.0, 60 months,20.99,E,E5,2 years,RENT,80000.0,Verified,other,CA,30.35,0.0,660.0,664.0,0.0,69.6,27.0,Joint App,5,High Risk,Manual Review
67475843,9900.0, 36 months,19.99,E,E4,7 years,MORTGAGE,49000.0,Verified,debt_consolidation,TX,35.98,1.0,665.0,669.0,3.0,89.6,27.0,Individual,7,High Risk,Manual Review
67465685,10300.0, 60 months,18.99,E,E3,10+ years,MORTGAGE,50000.0,Verified,debt_consolidation,GA,34.88,1.0,675.0,679.0,1.0,56.0,25.0,Individual,6,High Risk,Manual Review
67385747,12000.0, 60 months,18.49,E,E2,9 years,MORTGAGE,50000.0,Verified,debt_consolidation,TN,33.44,0.0,680.0,684.0,0.0,75.6,16.0,Individual,5,High Risk,Manual Review
67395774,26475.0, 60 months,19.99,E,E4,10+ years,MORTGAGE,64000.0,Not Verified,debt_consolidation,IL,32.78,0.0,680.0,684.0,0.0,59.6,25.0,Individual,5,High Risk,Manual Review
67305687,24125.0, 60 months,18.2,E,E1,6 years,MORTGAGE,75000.0,Not Verified,debt_consolidation,MT,35.62,1.0,670.0,674.0,1.0,70.9,16.0,Individual,6,High Risk,Manual Review
65684441,13950.0, 60 months,18.99,E,E3,8 years,MORTGAGE,56000.0,Verified,debt_consolidation,MO,31.42,0.0,675.0,679.0,0.0,78.5,33.0,Individual,5,High Risk,Manual Review
67365754,10000.0, 60 months,18.99,E,E3,10+ years,MORTGAGE,42000.0,Source Verified,home_improvement,VA,30.94,0.0,710.0,714.0,2.0,27.7,16.0,Individual,5,High Risk,Manual Review
67325628,19950.0, 60 months,18.99,E,E3,5 years,OWN,62400.0,Verified,debt_consolidation,WY,23.79,4.0,675.0,679.0,0.0,84.4,33.0,Individual,5,High Risk,Manual Review
67455595,18925.0, 60 months,18.2,E,E1,10+ years,MORTGAGE,54000.0,Source Verified,debt_consolidation,WA,33.41,0.0,665.0,669.0,2.0,57.7,49.0,Individual,5,High Risk,Manual Review
67405650,1400.0, 36 months,21.99,F,F1,5 years,MORTGAGE,90000.0,Verified,home_improvement,SC,6.47,1.0,680.0,684.0,0.0,92.8,11.0,Individual,5,High Risk,Manual Review
67325233,24000.0, 60 months,18.99,E,E3,2 years,RENT,50000.0,Verified,debt_consolidation,NY,35.24,0.0,660.0,664.0,0.0,77.9,32.0,Individual,5,High Risk,Manual Review
67265517,20000.0, 60 months,18.2,E,E1,6 years,RENT,40000.0,Verified,credit_card,CA,30.4,0.0,680.0,684.0,0.0,85.6,15.0,Individual,6,High Risk,Manual Review
67375301,18400.0, 60 months,18.49,E,E2,10+ years,RENT,40000.0,Source Verified,credit_card,TX,35.7,0.0,685.0,689.0,0.0,77.1,11.0,Individual,5,High Risk,Manual Review
67345293,28000.0, 60 months,19.99,E,E4,3 years,MORTGAGE,105000.0,Verified,debt_consolidation,CA,23.91,1.0,670.0,674.0,1.0,85.7,45.0,Individual,5,High Risk,Manual Review
67235299,26050.0, 60 months,22.99,F,F2,10+ years,MORTGAGE,32000.0,Verified,debt_consolidation,VA,59.26,5.0,665.0,669.0,1.0,1.4,42.0,Joint App,6,High Risk,Manual Review
67355225,6075.0, 36 months,21.99,F,F1,,RENT,27252.0,Verified,debt_consolidation,FL,32.8,0.0,660.0,664.0,3.0,56.9,17.0,Joint App,5,High Risk,Manual Review
67405283,17350.0, 60 months,18.2,E,E1,5 years,MORTGAGE,52534.0,Verified,debt_consolidation,WA,30.04,0.0,720.0,724.0,0.0,101.6,13.0,Individual,6,High Risk,Manual Review
67455232,22675.0, 60 months,19.99,E,E4,9 years,RENT,54000.0,Verified,debt_consolidation,MD,32.58,0.0,705.0,709.0,0.0,95.7,19.0,Individual,6,High Risk,Manual Review
66463529,15400.0, 60 months,18.2,E,E1,10+ years,RENT,35000.0,Source Verified,credit_card,IL,32.44,0.0,685.0,689.0,0.0,95.7,24.0,Individual,6,High Risk,Manual Review
67435118,16675.0, 60 months,22.99,F,F2,,MORTGAGE,48000.0,Verified,medical,MI,38.55,0.0,695.0,699.0,1.0,59.9,22.0,Individual,5,High Risk,Manual Review
67445160,12900.0, 60 months,25.99,F,F5,10+ years,RENT,60000.0,Verified,debt_consolidation,FL,33.72,0.0,665.0,669.0,0.0,49.7,36.0,Individual,5,High Risk,Manual Review
65484308,18000.0, 36 months,27.88,G,G3,5 years,RENT,60000.0,Verified,other,IL,32.44,0.0,675.0,679.0,2.0,21.0,19.0,Individual,5,High Risk,Manual Review
66405942,13500.0, 60 months,18.99,E,E3,5 years,MORTGAGE,27000.0,Source Verified,debt_consolidation,OH,38.62,0.0,675.0,679.0,1.0,56.2,24.0,Individual,5,High Risk,Manual Review
67275157,35000.0, 60 months,18.49,E,E2,10+ years,MORTGAGE,90000.0,Verified,credit_card,TX,33.71,0.0,690.0,694.0,2.0,86.8,21.0,Individual,6,High Risk,Manual Review
67315196,26025.0, 60 months,18.99,E,E3,10+ years,RENT,62000.0,Source Verified,debt_consolidation,FL,34.73,0.0,675.0,679.0,0.0,64.6,42.0,Individual,5,High Risk,Manual Review
66444082,12000.0, 60 months,23.99,F,F3,4 years,MORTGAGE,32240.0,Verified,credit_card,WY,30.45,2.0,660.0,664.0,0.0,76.7,45.0,Individual,6,High Risk,Manual Review
65855982,2250.0, 36 months,18.2,E,E1,,MORTGAGE,33600.0,Verified,debt_consolidation,HI,39.82,0.0,700.0,704.0,0.0,84.4,23.0,Individual,6,High Risk,Manual Review
67215182,15000.0, 60 months,18.99,E,E3,< 1 year,MORTGAGE,50000.0,Source Verified,debt_consolidation,IN,36.53,0.0,660.0,664.0,1.0,90.4,24.0,Individual,6,High Risk,Manual Review
65866653,34000.0, 60 months,17.86,D,D5,5 years,MORTGAGE,68000.0,Verified,debt_consolidation,MS,30.67,1.0,660.0,664.0,0.0,91.8,27.0,Individual,5,High Risk,Manual Review
66426001,22500.0, 60 months,18.49,E,E2,< 1 year,OWN,66560.0,Source Verified,debt_consolidation,TX,30.92,0.0,660.0,664.0,0.0,88.1,14.0,Individual,6,High Risk,Manual Review
67055473,10000.0, 36 months,25.99,F,F5,,RENT,12079.0,Verified,home_improvement,AZ,40.56,0.0,670.0,674.0,0.0,96.9,8.0,Joint App,6,High Risk,Manual Review
67095457,27300.0, 60 months,18.49,E,E2,10+ years,RENT,59400.0,Verified,debt_consolidation,CA,33.01,0.0,710.0,714.0,0.0,72.8,37.0,Individual,5,High Risk,Manual Review
66621307,17150.0, 60 months,18.49,E,E2,6 years,MORTGAGE,42900.0,Source Verified,debt_consolidation,FL,37.57,0.0,670.0,674.0,1.0,48.2,24.0,Individual,5,High Risk,Manual Review
66415388,15675.0, 60 months,28.49,G,G4,,MORTGAGE,8796.0,Verified,debt_consolidation,GA,34.52,1.0,660.0,664.0,1.0,45.5,16.0,Joint App,6,High Risk,Manual Review
66995474,21900.0, 60 months,22.99,F,F2,,MORTGAGE,49809.96,Verified,debt_consolidation,FL,34.24,0.0,705.0,709.0,1.0,38.4,33.0,Individual,5,High Risk,Manual Review
67045308,12200.0, 60 months,18.49,E,E2,3 years,RENT,55922.0,Source Verified,debt_consolidation,TX,30.02,1.0,675.0,679.0,0.0,63.2,60.0,Individual,6,High Risk,Manual Review
67125496,25000.0, 60 months,18.2,E,E1,< 1 year,MORTGAGE,90000.0,Not Verified,debt_consolidation,MS,33.67,0.0,670.0,674.0,1.0,89.5,46.0,Individual,6,High Risk,Manual Review
66955413,20500.0, 60 months,18.2,E,E1,8 years,OWN,64186.78,Source Verified,debt_consolidation,TX,31.53,3.0,690.0,694.0,1.0,55.1,22.0,Individual,6,High Risk,Manual Review
66975357,29425.0, 60 months,22.99,F,F2,10+ years,MORTGAGE,80000.0,Verified,debt_consolidation,NJ,30.26,0.0,680.0,684.0,1.0,63.8,25.0,Individual,5,High Risk,Manual Review
66443628,26400.0, 60 months,18.99,E,E3,4 years,MORTGAGE,55000.0,Source Verified,major_purchase,MD,33.49,1.0,700.0,704.0,1.0,66.1,22.0,Individual,6,High Risk,Manual Review
67135287,10800.0, 60 months,18.2,E,E1,< 1 year,RENT,45000.0,Source Verified,credit_card,CT,32.64,0.0,670.0,674.0,2.0,70.0,28.0,Individual,5,High Risk,Manual Review
67175193,16000.0, 60 months,18.2,E,E1,10+ years,RENT,47034.0,Verified,debt_consolidation,UT,36.28,0.0,660.0,664.0,2.0,95.1,25.0,Individual,6,High Risk,Manual Review
66503892,27000.0, 60 months,19.99,E,E4,10+ years,MORTGAGE,76968.0,Source Verified,debt_consolidation,TX,35.1,1.0,695.0,699.0,0.0,26.1,32.0,Individual,6,High Risk,Manual Review
66432894,11725.0, 60 months,20.99,E,E5,1 year,MORTGAGE,62080.0,Verified,credit_card,CA,30.33,0.0,695.0,699.0,0.0,83.1,26.0,Individual,6,High Risk,Manual Review
66614195,15100.0, 60 months,19.99,E,E4,2 years,RENT,42000.0,Source Verified,debt_consolidation,NC,34.31,0.0,695.0,699.0,0.0,8.6,17.0,Individual,5,High Risk,Manual Review
66514786,20950.0, 60 months,19.99,E,E4,6 years,MORTGAGE,50000.0,Source Verified,debt_consolidation,LA,36.49,0.0,665.0,669.0,1.0,51.9,31.0,Individual,5,High Risk,Manual Review
67125229,14400.0, 60 months,18.2,E,E1,10+ years,OWN,80000.0,Source Verified,debt_consolidation,FL,4.05,1.0,660.0,664.0,0.0,93.7,9.0,Individual,5,High Risk,Manual Review
66463179,20000.0, 60 months,18.99,E,E3,10+ years,OWN,40000.0,Source Verified,debt_consolidation,OH,33.21,0.0,675.0,679.0,0.0,84.2,18.0,Individual,6,High Risk,Manual Review
67085223,17600.0, 60 months,18.49,E,E2,9 years,RENT,44000.0,Source Verified,debt_consolidation,CO,36.82,0.0,660.0,664.0,0.0,84.6,39.0,Individual,6,High Risk,Manual Review
66503116,3100.0, 36 months,21.99,F,F1,3 years,OWN,125000.0,Source Verified,small_business,GA,27.22,3.0,670.0,674.0,1.0,84.4,30.0,Individual,5,High Risk,Manual Review
66975262,10975.0, 60 months,19.99,E,E4,5 years,OWN,65000.0,Source Verified,debt_consolidation,NC,37.43,0.0,660.0,664.0,1.0,60.8,19.0,Individual,5,High Risk,Manual Review
67035263,2400.0, 36 months,24.99,F,F4,< 1 year,RENT,70000.0,Verified,other,TX,36.4,1.0,670.0,674.0,0.0,77.4,24.0,Individual,6,High Risk,Manual Review
66445059,27300.0, 60 months,18.99,E,E3,10+ years,OWN,65000.0,Verified,debt_consolidation,CA,33.88,0.0,660.0,664.0,0.0,98.8,18.0,Individual,6,High Risk,Manual Review
66084187,12000.0, 60 months,18.99,E,E3,3 years,RENT,30000.0,Source Verified,debt_consolidation,CT,33.28,1.0,670.0,674.0,0.0,83.3,25.0,Individual,7,High Risk,Manual Review
66965178,28000.0, 60 months,18.49,E,E2,1 year,RENT,110000.0,Verified,debt_consolidation,CA,21.36,4.0,660.0,664.0,2.0,89.4,16.0,Individual,5,High Risk,Manual Review
67175168,18000.0, 60 months,19.99,E,E4,10+ years,MORTGAGE,45000.0,Verified,debt_consolidation,IL,37.55,0.0,660.0,664.0,0.0,1.6,28.0,Individual,5,High Risk,Manual Review
66544542,17950.0, 60 months,21.99,F,F1,10+ years,MORTGAGE,52000.0,Verified,debt_consolidation,GA,36.74,2.0,675.0,679.0,0.0,59.0,38.0,Individual,6,High Risk,Manual Review
66535693,23800.0, 60 months,18.99,E,E3,10+ years,RENT,53000.0,Verified,debt_consolidation,NE,39.05,0.0,675.0,679.0,0.0,87.2,22.0,Individual,6,High Risk,Manual Review
65737157,27000.0, 60 months,18.49,E,E2,< 1 year,MORTGAGE,54000.0,Source Verified,debt_consolidation,AZ,34.43,0.0,735.0,739.0,0.0,35.4,16.0,Individual,5,High Risk,Manual Review
66534299,35000.0, 60 months,18.2,E,E1,10+ years,MORTGAGE,100000.0,Source Verified,debt_consolidation,OR,31.3,1.0,705.0,709.0,1.0,80.4,17.0,Individual,7,High Risk,Manual Review
66492177,11900.0, 36 months,18.49,E,E2,4 years,OWN,35000.0,Source Verified,home_improvement,FL,36.3,0.0,680.0,684.0,0.0,65.5,35.0,Individual,5,High Risk,Manual Review
66606589,4000.0, 36 months,18.2,E,E1,4 years,MORTGAGE,23000.0,Verified,debt_consolidation,NY,30.74,0.0,670.0,674.0,2.0,32.0,10.0,Individual,5,High Risk,Manual Review
66636437,18350.0, 60 months,23.99,F,F3,6 years,RENT,70000.0,Verified,debt_consolidation,TN,30.33,0.0,675.0,679.0,1.0,93.2,22.0,Individual,6,High Risk,Manual Review
66696125,7550.0, 36 months,20.99,E,E5,,RENT,25200.0,Verified,debt_consolidation,OH,33.48,0.0,660.0,664.0,4.0,24.2,23.0,Individual,5,High Risk,Manual Review
66606598,35000.0, 60 months,18.49,E,E2,10+ years,MORTGAGE,81000.0,Source Verified,credit_card,CO,38.7,2.0,670.0,674.0,0.0,71.8,40.0,Individual,6,High Risk,Manual Review
66546887,13425.0, 60 months,21.99,F,F1,10+ years,RENT,32000.0,Verified,debt_consolidation,NY,31.38,0.0,665.0,669.0,0.0,54.2,27.0,Individual,5,High Risk,Manual Review
66525609,18600.0, 60 months,22.99,F,F2,8 years,MORTGAGE,53000.0,Verified,debt_consolidation,GA,33.61,6.0,660.0,664.0,0.0,93.4,30.0,Individual,7,High Risk,Manual Review
66475569,31275.0, 60 months,23.99,F,F3,10+ years,MORTGAGE,85000.0,Verified,debt_consolidation,TX,31.52,0.0,695.0,699.0,0.0,52.9,54.0,Individual,5,High Risk,Manual Review
66625856,12625.0, 60 months,19.99,E,E4,10+ years,OWN,37200.0,Verified,debt_consolidation,FL,30.71,0.0,675.0,679.0,1.0,69.1,23.0,Individual,5,High Risk,Manual Review
66635968,16000.0, 60 months,20.99,E,E5,3 years,OWN,52000.0,Verified,home_improvement,FL,36.23,1.0,660.0,664.0,2.0,41.9,30.0,Individual,6,High Risk,Manual Review
66456409,15000.0, 60 months,18.49,E,E2,5 years,RENT,45000.0,Verified,debt_consolidation,FL,32.71,0.0,660.0,664.0,1.0,61.4,18.0,Individual,5,High Risk,Manual Review
66525891,12600.0, 36 months,18.99,E,E3,< 1 year,RENT,42000.0,Source Verified,debt_consolidation,CA,30.63,0.0,705.0,709.0,0.0,76.5,23.0,Individual,5,High Risk,Manual Review
66636189,35000.0, 60 months,18.2,E,E1,< 1 year,MORTGAGE,106000.0,Source Verified,debt_consolidation,IL,34.12,0.0,690.0,694.0,2.0,70.3,53.0,Individual,5,High Risk,Manual Review
66522944,17850.0, 60 months,21.99,F,F1,10+ years,MORTGAGE,49584.0,Source Verified,debt_consolidation,MO,32.55,1.0,665.0,669.0,1.0,70.8,35.0,Individual,6,High Risk,Manual Review
66615565,12000.0, 60 months,21.99,F,F1,2 years,RENT,80000.0,Source Verified,small_business,CA,12.27,1.0,660.0,664.0,0.0,81.8,12.0,Individual,5,High Risk,Manual Review
66495833,20000.0, 60 months,18.2,E,E1,< 1 year,RENT,27000.0,Source Verified,debt_consolidation,MD,100.09,0.0,685.0,689.0,0.0,97.4,16.0,Joint App,6,High Risk,Manual Review
66606309,18325.0, 60 months,24.99,F,F4,7 years,MORTGAGE,55000.0,Verified,credit_card,WY,34.72,0.0,665.0,669.0,1.0,67.1,54.0,Individual,5,High Risk,Manual Review
66465724,4400.0, 36 months,18.2,E,E1,< 1 year,MORTGAGE,35000.0,Source Verified,debt_consolidation,TX,31.55,0.0,690.0,694.0,2.0,88.5,33.0,Individual,6,High Risk,Manual Review
66625619,9750.0, 36 months,18.2,E,E1,1 year,RENT,30500.0,Verified,credit_card,MA,34.32,0.0,725.0,729.0,2.0,22.8,16.0,Individual,5,High Risk,Manual Review
66635809,12000.0, 60 months,18.2,E,E1,10+ years,MORTGAGE,55000.0,Source Verified,home_improvement,LA,32.9,2.0,680.0,684.0,1.0,83.8,16.0,Individual,7,High Risk,Manual Review
65776057,11900.0, 60 months,21.99,F,F1,< 1 year,MORTGAGE,35000.0,Source Verified,debt_consolidation,TN,33.92,0.0,700.0,704.0,0.0,50.9,14.0,Individual,5,High Risk,Manual Review
66505508,35000.0, 60 months,19.99,E,E4,10+ years,MORTGAGE,80000.0,Verified,debt_consolidation,NC,14.43,2.0,665.0,669.0,0.0,91.4,15.0,Individual,5,High Risk,Manual Review
66615304,18000.0, 60 months,24.99,F,F4,1 year,RENT,45000.0,Verified,moving,NC,36.22,0.0,685.0,689.0,0.0,56.4,41.0,Individual,5,High Risk,Manual Review
66485503,4600.0, 36 months,18.49,E,E2,5 years,RENT,30000.0,Source Verified,debt_consolidation,NY,33.92,0.0,660.0,664.0,1.0,101.0,7.0,Individual,6,High Risk,Manual Review
66636068,12000.0, 60 months,18.49,E,E2,6 years,MORTGAGE,49000.0,Not Verified,debt_consolidation,IL,30.27,2.0,675.0,679.0,1.0,59.0,17.0,Individual,6,High Risk,Manual Review
66425943,15750.0, 60 months,21.99,F,F1,< 1 year,OWN,42000.0,Source Verified,debt_consolidation,FL,30.03,0.0,660.0,664.0,3.0,38.3,54.0,Individual,5,High Risk,Manual Review
66605745,20825.0, 60 months,18.99,E,E3,10+ years,OWN,82000.0,Verified,major_purchase,CA,30.56,0.0,715.0,719.0,1.0,88.3,22.0,Individual,6,High Risk,Manual Review
66435456,22200.0, 60 months,15.41,D,D1,5 years,RENT,88000.0,Not Verified,debt_consolidation,TX,34.6,1.0,670.0,674.0,0.0,94.4,25.0,Individual,5,High Risk,Manual Review
66645207,35000.0, 36 months,18.49,E,E2,10+ years,OWN,100000.0,Verified,debt_consolidation,NY,29.97,1.0,660.0,664.0,0.0,86.9,23.0,Individual,5,High Risk,Manual Review
66546358,24000.0, 60 months,18.2,E,E1,5 years,MORTGAGE,75000.0,Verified,debt_consolidation,MO,31.79,4.0,680.0,684.0,2.0,53.3,46.0,Individual,6,High Risk,Manual Review
66575353,32100.0, 60 months,18.49,E,E2,10+ years,OWN,73000.0,Source Verified,debt_consolidation,NC,30.27,2.0,670.0,674.0,0.0,66.4,25.0,Individual,6,High Risk,Manual Review
66484570,13850.0, 60 months,22.99,F,F2,5 years,RENT,33000.0,Verified,debt_consolidation,KY,30.62,0.0,660.0,664.0,1.0,78.5,24.0,Individual,5,High Risk,Manual Review
66505272,25000.0, 60 months,20.99,E,E5,7 years,MORTGAGE,82000.0,Source Verified,major_purchase,WA,18.45,1.0,665.0,669.0,0.0,84.6,56.0,Individual,5,High Risk,Manual Review
66594675,11000.0, 60 months,19.99,E,E4,8 years,MORTGAGE,55000.0,Source Verified,debt_consolidation,VA,38.42,0.0,665.0,669.0,0.0,92.1,37.0,Individual,6,High Risk,Manual Review
66593139,14425.0, 60 months,21.99,F,F1,10+ years,OWN,38000.0,Source Verified,credit_card,NJ,30.57,0.0,675.0,679.0,1.0,37.6,18.0,Individual,5,High Risk,Manual Review
66535243,24700.0, 60 months,18.99,E,E3,6 years,RENT,65000.0,Verified,debt_consolidation,ND,32.05,0.0,685.0,689.0,0.0,98.1,33.0,Individual,6,High Risk,Manual Review
66435357,20000.0, 36 months,18.49,E,E2,10+ years,MORTGAGE,40000.0,Verified,debt_consolidation,NV,33.45,0.0,665.0,669.0,1.0,78.7,21.0,Joint App,5,High Risk,Manual Review
66432689,18200.0, 60 months,19.99,E,E4,10+ years,RENT,87000.0,Verified,debt_consolidation,NV,31.82,0.0,670.0,674.0,3.0,51.2,18.0,Individual,5,High Risk,Manual Review
66431438,35000.0, 60 months,18.49,E,E2,< 1 year,RENT,100000.0,Verified,debt_consolidation,MS,35.83,0.0,740.0,744.0,2.0,76.9,31.0,Individual,5,High Risk,Manual Review
66635722,26000.0, 60 months,18.99,E,E3,10+ years,MORTGAGE,54000.0,Verified,debt_consolidation,PA,31.76,0.0,700.0,704.0,0.0,77.5,13.0,Individual,5,High Risk,Manual Review
66424731,20000.0, 60 months,19.99,E,E4,7 years,RENT,34008.0,Verified,debt_consolidation,OH,36.87,0.0,665.0,669.0,2.0,67.2,11.0,Joint App,5,High Risk,Manual Review
66515086,17000.0, 36 months,15.41,D,D1,10+ years,MORTGAGE,57800.0,Not Verified,debt_consolidation,IN,31.94,1.0,665.0,669.0,1.0,91.5,51.0,Individual,5,High Risk,Manual Review
66595233,18000.0, 60 months,18.99,E,E3,9 years,RENT,36000.0,Verified,debt_consolidation,NY,31.7,0.0,710.0,714.0,1.0,89.7,13.0,Individual,6,High Risk,Manual Review
66474330,11550.0, 60 months,18.99,E,E3,8 years,MORTGAGE,34000.0,Verified,debt_consolidation,NY,33.25,0.0,675.0,679.0,0.0,72.0,19.0,Individual,5,High Risk,Manual Review
66034528,11025.0, 60 months,18.49,E,E2,10+ years,RENT,63500.0,Source Verified,other,DC,36.82,2.0,665.0,669.0,1.0,76.1,35.0,Individual,6,High Risk,Manual Review
66644829,33975.0, 60 months,18.2,E,E1,10+ years,MORTGAGE,79000.0,Source Verified,debt_consolidation,IL,36.59,0.0,725.0,729.0,0.0,45.2,32.0,Individual,5,High Risk,Manual Review
66614610,27500.0, 60 months,27.88,G,G3,10+ years,OWN,55000.0,Verified,debt_consolidation,PA,37.75,0.0,675.0,679.0,2.0,30.6,54.0,Individual,5,High Risk,Manual Review
66534797,5000.0, 36 months,16.99,D,D3,2 years,MORTGAGE,62520.0,Source Verified,medical,VA,35.59,1.0,690.0,694.0,0.0,86.4,20.0,Individual,5,High Risk,Manual Review
66405083,15700.0, 60 months,18.99,E,E3,7 years,RENT,37453.0,Source Verified,debt_consolidation,WA,30.92,0.0,710.0,714.0,0.0,82.4,40.0,Individual,6,High Risk,Manual Review
66423596,30000.0, 60 months,22.99,F,F2,10+ years,RENT,108000.0,Source Verified,debt_consolidation,FL,20.42,2.0,670.0,674.0,0.0,82.9,36.0,Individual,5,High Risk,Manual Review
66584931,18900.0, 60 months,16.99,D,D3,3 years,RENT,45000.0,Not Verified,debt_consolidation,GA,36.83,3.0,675.0,679.0,0.0,91.1,17.0,Individual,5,High Risk,Manual Review
66454609,35000.0, 60 months,18.2,E,E1,3 years,MORTGAGE,250000.0,Verified,debt_consolidation,GA,24.29,2.0,660.0,664.0,3.0,112.2,43.0,Individual,5,High Risk,Manual Review
66625223,3000.0, 36 months,23.99,F,F3,3 years,RENT,41600.0,Verified,medical,OR,39.61,0.0,700.0,704.0,0.0,75.7,14.0,Individual,5,High Risk,Manual Review
66484837,13325.0, 60 months,18.2,E,E1,10+ years,MORTGAGE,60000.0,Not Verified,debt_consolidation,IN,33.66,0.0,680.0,684.0,2.0,88.3,19.0,Individual,6,High Risk,Manual Review
66644712,27200.0, 60 months,24.99,F,F4,2 years,RENT,80000.0,Verified,other,WA,32.52,1.0,675.0,679.0,1.0,88.0,33.0,Joint App,7,High Risk,Manual Review
66434871,9950.0, 36 months,18.49,E,E2,8 years,RENT,40000.0,Verified,medical,KS,34.23,0.0,710.0,714.0,0.0,41.7,24.0,Individual,5,High Risk,Manual Review
66584693,26900.0, 60 months,20.99,E,E5,10+ years,MORTGAGE,87058.0,Verified,debt_consolidation,IL,32.91,0.0,710.0,714.0,1.0,78.0,22.0,Individual,5,High Risk,Manual Review
66404992,16000.0, 60 months,20.99,E,E5,10+ years,OWN,75000.0,Verified,debt_consolidation,CA,22.13,1.0,670.0,674.0,0.0,94.1,27.0,Individual,5,High Risk,Manual Review
66635347,19200.0, 60 months,15.41,D,D1,2 years,RENT,59000.0,Not Verified,credit_card,MN,38.63,1.0,670.0,674.0,0.0,95.4,20.0,Individual,5,High Risk,Manual Review
66524377,26500.0, 60 months,25.99,F,F5,8 years,MORTGAGE,108000.0,Source Verified,debt_consolidation,NJ,13.37,1.0,675.0,679.0,3.0,84.2,18.0,Individual,5,High Risk,Manual Review
66424819,15000.0, 36 months,18.49,E,E2,< 1 year,MORTGAGE,30000.0,Source Verified,debt_consolidation,MO,37.88,1.0,675.0,679.0,2.0,39.9,34.0,Individual,6,High Risk,Manual Review
65443118,21125.0, 60 months,18.49,E,E2,2 years,MORTGAGE,60000.0,Not Verified,debt_consolidation,TX,35.59,1.0,690.0,694.0,0.0,43.5,27.0,Individual,6,High Risk,Manual Review
66464814,21000.0, 60 months,19.99,E,E4,2 years,RENT,50000.0,Verified,debt_consolidation,MN,34.06,5.0,670.0,674.0,0.0,34.0,24.0,Individual,6,High Risk,Manual Review
66443139,30000.0, 60 months,18.99,E,E3,4 years,RENT,65000.0,Verified,debt_consolidation,KY,31.63,0.0,680.0,684.0,0.0,50.3,15.0,Joint App,5,High Risk,Manual Review
66531320,14700.0, 60 months,18.2,E,E1,10+ years,RENT,35000.0,Verified,debt_consolidation,FL,35.64,0.0,675.0,679.0,1.0,85.5,29.0,Individual,6,High Risk,Manual Review
66666232,27675.0, 60 months,18.99,E,E3,3 years,MORTGAGE,94000.0,Source Verified,credit_card,IL,38.76,0.0,685.0,689.0,1.0,78.2,43.0,Individual,5,High Risk,Manual Review
66624723,21000.0, 60 months,18.2,E,E1,6 years,MORTGAGE,92000.0,Verified,debt_consolidation,NC,26.9,1.0,670.0,674.0,0.0,80.5,34.0,Individual,5,High Risk,Manual Review
66404708,18000.0, 60 months,18.2,E,E1,3 years,RENT,60000.0,Verified,debt_consolidation,CA,33.43,1.0,700.0,704.0,2.0,53.1,45.0,Individual,6,High Risk,Manual Review
66594119,7200.0, 36 months,18.99,E,E3,2 years,RENT,25000.0,Verified,debt_consolidation,CA,35.72,0.0,685.0,689.0,0.0,64.4,9.0,Individual,5,High Risk,Manual Review
66604277,35000.0, 60 months,18.99,E,E3,< 1 year,RENT,162000.0,Source Verified,house,CA,37.99,0.0,710.0,714.0,3.0,17.5,38.0,Individual,5,High Risk,Manual Review
66524825,12075.0, 60 months,18.49,E,E2,10+ years,MORTGAGE,37119.5,Source Verified,debt_consolidation,MO,38.57,0.0,700.0,704.0,0.0,70.1,18.0,Individual,5,High Risk,Manual Review
66504288,35000.0, 60 months,18.2,E,E1,10+ years,MORTGAGE,99000.0,Verified,debt_consolidation,CA,18.41,3.0,690.0,694.0,2.0,92.8,31.0,Individual,5,High Risk,Manual Review
66431930,11925.0, 60 months,20.99,E,E5,< 1 year,MORTGAGE,63000.0,Source Verified,debt_consolidation,NC,37.58,0.0,685.0,689.0,0.0,78.8,29.0,Individual,5,High Risk,Manual Review
65986292,27300.0, 60 months,18.99,E,E3,9 years,MORTGAGE,65000.0,Verified,debt_consolidation,TX,32.86,0.0,665.0,669.0,0.0,56.8,45.0,Individual,5,High Risk,Manual Review
66464672,15600.0, 60 months,18.49,E,E2,5 years,RENT,49800.0,Verified,credit_card,CO,38.46,0.0,670.0,674.0,2.0,45.9,40.0,Individual,5,High Risk,Manual Review
66574607,35000.0, 60 months,19.99,E,E4,10+ years,MORTGAGE,92000.0,Source Verified,credit_card,NJ,33.98,1.0,660.0,664.0,1.0,71.6,19.0,Individual,6,High Risk,Manual Review
65763376,11475.0, 60 months,18.2,E,E1,10+ years,MORTGAGE,30000.0,Source Verified,debt_consolidation,IN,31.48,0.0,660.0,664.0,1.0,64.8,26.0,Individual,5,High Risk,Manual Review
66474454,14700.0, 60 months,18.49,E,E2,< 1 year,RENT,32000.0,Source Verified,debt_consolidation,NJ,35.62,0.0,700.0,704.0,0.0,86.3,6.0,Individual,6,High Risk,Manual Review
66504220,6000.0, 36 months,26.77,G,G1,8 years,RENT,38000.0,Verified,debt_consolidation,MS,31.87,0.0,665.0,669.0,0.0,46.3,28.0,Individual,5,High Risk,Manual Review
66541869,28350.0, 60 months,18.2,E,E1,1 year,MORTGAGE,70000.0,Not Verified,debt_consolidation,FL,37.49,0.0,730.0,734.0,0.0,49.6,44.0,Individual,5,High Risk,Manual Review
66604694,24625.0, 60 months,18.2,E,E1,10+ years,RENT,56000.0,Source Verified,debt_consolidation,NY,38.9,0.0,680.0,684.0,0.0,67.6,27.0,Individual,5,High Risk,Manual Review
66412157,23925.0, 60 months,18.99,E,E3,4 years,MORTGAGE,63000.0,Verified,debt_consolidation,MO,39.41,0.0,685.0,689.0,1.0,89.2,31.0,Individual,6,High Risk,Manual Review
66511228,31325.0, 60 months,18.49,E,E2,10+ years,MORTGAGE,98000.0,Verified,debt_consolidation,TX,33.19,0.0,740.0,744.0,0.0,37.9,24.0,Individual,5,High Risk,Manual Review
66665340,29250.0, 60 months,20.99,E,E5,3 years,RENT,70000.0,Verified,credit_card,AL,34.89,0.0,685.0,689.0,0.0,96.7,29.0,Individual,6,High Risk,Manual Review
66434327,3000.0, 36 months,19.99,E,E4,,MORTGAGE,35000.0,Verified,debt_consolidation,MI,30.83,0.0,670.0,674.0,0.0,58.2,15.0,Individual,5,High Risk,Manual Review
66434271,25125.0, 60 months,27.88,G,G3,2 years,MORTGAGE,86000.0,Verified,home_improvement,CO,39.32,0.0,665.0,669.0,2.0,66.7,31.0,Individual,5,High Risk,Manual Review
66544108,24550.0, 60 months,18.2,E,E1,10+ years,MORTGAGE,75000.0,Not Verified,debt_consolidation,TX,36.32,0.0,710.0,714.0,0.0,55.8,22.0,Individual,5,High Risk,Manual Review
66593862,8625.0, 36 months,18.2,E,E1,2 years,RENT,24000.0,Verified,debt_consolidation,GA,38.45,0.0,675.0,679.0,0.0,75.6,13.0,Individual,5,High Risk,Manual Review
66461850,12500.0, 60 months,20.99,E,E5,10+ years,RENT,60000.0,Verified,moving,VA,30.29,0.0,690.0,694.0,0.0,44.6,30.0,Individual,5,High Risk,Manual Review
66413852,8425.0, 36 months,24.99,F,F4,10+ years,MORTGAGE,24000.0,Not Verified,debt_consolidation,MS,52.45,2.0,670.0,674.0,2.0,30.2,11.0,Joint App,6,High Risk,Manual Review
66623886,18850.0, 60 months,18.49,E,E2,10+ years,MORTGAGE,45000.0,Source Verified,debt_consolidation,PA,32.77,0.0,710.0,714.0,0.0,89.1,9.0,Individual,6,High Risk,Manual Review
66613672,14700.0, 60 months,18.2,E,E1,10+ years,RENT,48000.0,Verified,debt_consolidation,OH,34.73,0.0,660.0,664.0,0.0,56.0,35.0,Individual,5,High Risk,Manual Review
66463837,28600.0, 60 months,18.99,E,E3,,MORTGAGE,65000.0,Verified,debt_consolidation,NC,30.45,0.0,700.0,704.0,0.0,101.6,26.0,Individual,6,High Risk,Manual Review
66473571,14075.0, 60 months,18.2,E,E1,2 years,RENT,36000.0,Verified,debt_consolidation,MA,31.43,0.0,675.0,679.0,0.0,66.5,30.0,Individual,5,High Risk,Manual Review
66523779,20000.0, 36 months,16.99,D,D3,3 years,MORTGAGE,107000.0,Verified,debt_consolidation,WI,37.75,1.0,680.0,684.0,0.0,97.0,38.0,Individual,5,High Risk,Manual Review
66613472,15400.0, 60 months,18.2,E,E1,3 years,RENT,35000.0,Verified,credit_card,IL,33.7,0.0,660.0,664.0,1.0,45.6,27.0,Individual,5,High Risk,Manual Review
66433285,10200.0, 60 months,21.99,F,F1,2 years,RENT,34000.0,Verified,debt_consolidation,MO,36.64,1.0,660.0,664.0,2.0,68.6,25.0,Individual,6,High Risk,Manual Review
65764674,11000.0, 60 months,18.2,E,E1,4 years,RENT,22000.0,Source Verified,debt_consolidation,KY,32.43,0.0,710.0,714.0,2.0,55.7,22.0,Individual,5,High Risk,Manual Review
66563822,17100.0, 60 months,26.77,G,G1,5 years,OWN,42000.0,Verified,debt_consolidation,TX,34.89,0.0,670.0,674.0,1.0,74.9,15.0,Individual,5,High Risk,Manual Review
66643684,29025.0, 60 months,18.49,E,E2,,MORTGAGE,66000.0,Not Verified,debt_consolidation,NY,31.15,0.0,680.0,684.0,1.0,71.3,22.0,Individual,5,High Risk,Manual Review
66533524,24800.0, 60 months,18.2,E,E1,10+ years,MORTGAGE,200000.0,Verified,debt_consolidation,TX,31.46,0.0,685.0,689.0,3.0,95.3,20.0,Individual,6,High Risk,Manual Review
66423798,17275.0, 60 months,20.99,E,E5,8 years,RENT,48000.0,Verified,debt_consolidation,GA,34.4,1.0,670.0,674.0,1.0,68.1,16.0,Individual,6,High Risk,Manual Review
66563600,25000.0, 60 months,18.99,E,E3,< 1 year,RENT,50000.0,Source Verified,credit_card,MI,32.55,0.0,680.0,684.0,2.0,53.4,29.0,Individual,5,High Risk,Manual Review
66454275,11150.0, 60 months,18.2,E,E1,< 1 year,MORTGAGE,51432.5,Source Verified,other,SC,38.71,1.0,670.0,674.0,1.0,79.9,22.0,Individual,6,High Risk,Manual Review
66503487,26675.0, 60 months,19.99,E,E4,10+ years,MORTGAGE,60000.0,Not Verified,home_improvement,TX,32.8,0.0,705.0,709.0,0.0,42.9,30.0,Individual,5,High Risk,Manual Review
66523590,35000.0, 60 months,18.49,E,E2,10+ years,MORTGAGE,82000.0,Verified,debt_consolidation,PA,33.85,1.0,700.0,704.0,2.0,51.1,35.0,Individual,6,High Risk,Manual Review
66471740,11250.0, 60 months,18.49,E,E2,9 years,MORTGAGE,62600.0,Verified,home_improvement,NV,30.21,0.0,660.0,664.0,1.0,81.0,23.0,Individual,6,High Risk,Manual Review
66483295,12000.0, 36 months,23.99,F,F3,,RENT,30600.0,Verified,debt_consolidation,MA,30.2,0.0,670.0,674.0,4.0,29.7,30.0,Individual,5,High Risk,Manual Review
66633819,4225.0, 36 months,18.2,E,E1,,RENT,24000.0,Verified,debt_consolidation,LA,36.75,0.0,660.0,664.0,1.0,62.3,17.0,Individual,5,High Risk,Manual Review
66503378,1400.0, 36 months,24.99,F,F4,3 years,OWN,13000.0,Verified,debt_consolidation,PA,33.54,0.0,660.0,664.0,0.0,31.9,10.0,Individual,5,High Risk,Manual Review
66613420,10600.0, 36 months,18.2,E,E1,5 years,RENT,39000.0,Verified,debt_consolidation,SC,34.4,1.0,660.0,664.0,0.0,67.8,21.0,Individual,6,High Risk,Manual Review
66513345,17250.0, 60 months,19.99,E,E4,,MORTGAGE,20218.0,Source Verified,debt_consolidation,TN,39.73,2.0,670.0,674.0,0.0,56.9,18.0,Joint App,6,High Risk,Manual Review
66463363,2400.0, 36 months,22.99,F,F2,10+ years,OWN,28000.0,Verified,other,NC,30.86,0.0,660.0,664.0,2.0,9.2,10.0,Individual,5,High Risk,Manual Review
66491001,34150.0, 60 months,18.99,E,E3,10+ years,MORTGAGE,103000.0,Source Verified,debt_consolidation,PA,33.53,2.0,670.0,674.0,1.0,70.1,29.0,Individual,6,High Risk,Manual Review
66633493,10000.0, 36 months,18.99,E,E3,10+ years,RENT,65000.0,Verified,other,NY,30.17,1.0,670.0,674.0,0.0,48.6,18.0,Individual,6,High Risk,Manual Review
66503311,10525.0, 60 months,18.99,E,E3,3 years,RENT,39500.0,Source Verified,credit_card,OH,35.67,0.0,680.0,684.0,1.0,46.4,44.0,Individual,5,High Risk,Manual Review
66350543,28000.0, 60 months,18.99,E,E3,4 years,MORTGAGE,95000.0,Source Verified,debt_consolidation,FL,30.9,1.0,665.0,669.0,0.0,85.0,16.0,Individual,7,High Risk,Manual Review
66513290,25000.0, 60 months,20.99,E,E5,4 years,RENT,60000.0,Verified,debt_consolidation,GA,37.27,0.0,680.0,684.0,1.0,102.2,30.0,Individual,6,High Risk,Manual Review
66493210,35000.0, 60 months,19.99,E,E4,3 years,RENT,151000.0,Verified,debt_consolidation,FL,22.14,2.0,660.0,664.0,0.0,91.4,35.0,Individual,5,High Risk,Manual Review
66533249,4875.0, 36 months,27.31,G,G2,,MORTGAGE,38000.0,Verified,debt_consolidation,GA,38.94,1.0,665.0,669.0,3.0,49.5,21.0,Individual,6,High Risk,Manual Review
65984995,14775.0, 60 months,22.99,F,F2,6 years,RENT,48000.0,Verified,debt_consolidation,NC,30.09,0.0,670.0,674.0,1.0,24.9,25.0,Individual,5,High Risk,Manual Review
66150582,14400.0, 60 months,18.49,E,E2,10+ years,OWN,28800.0,Verified,credit_card,TN,37.99,1.0,660.0,664.0,0.0,58.2,31.0,Individual,6,High Risk,Manual Review
66473238,12350.0, 60 months,20.99,E,E5,3 years,RENT,62000.0,Verified,debt_consolidation,PA,32.56,0.0,715.0,719.0,1.0,40.5,22.0,Individual,5,High Risk,Manual Review
66603472,30000.0, 60 months,18.49,E,E2,10+ years,MORTGAGE,85000.0,Source Verified,debt_consolidation,OH,37.03,0.0,685.0,689.0,1.0,64.1,42.0,Joint App,5,High Risk,Manual Review
66603525,24000.0, 60 months,18.2,E,E1,3 years,MORTGAGE,75000.0,Source Verified,debt_consolidation,FL,32.78,0.0,665.0,669.0,0.0,60.4,24.0,Individual,5,High Risk,Manual Review
65697641,20000.0, 60 months,18.99,E,E3,10+ years,RENT,50000.0,Source Verified,debt_consolidation,CA,38.98,0.0,690.0,694.0,2.0,33.1,40.0,Individual,5,High Risk,Manual Review
66180798,2775.0, 36 months,18.99,E,E3,2 years,RENT,33000.0,Source Verified,debt_consolidation,CA,35.42,0.0,660.0,664.0,0.0,74.4,15.0,Individual,5,High Risk,Manual Review
66523282,1675.0, 36 months,18.99,E,E3,5 years,OWN,23000.0,Source Verified,debt_consolidation,TN,34.34,2.0,660.0,664.0,2.0,57.8,23.0,Individual,6,High Risk,Manual Review
66593149,13600.0, 36 months,18.99,E,E3,3 years,RENT,33000.0,Verified,debt_consolidation,TX,31.93,0.0,695.0,699.0,0.0,54.1,6.0,Individual,5,High Risk,Manual Review
66200669,10425.0, 60 months,18.2,E,E1,2 years,MORTGAGE,62129.0,Source Verified,credit_card,VA,35.77,0.0,660.0,664.0,0.0,65.0,14.0,Individual,5,High Risk,Manual Review
66543820,35000.0, 60 months,22.99,F,F2,9 years,MORTGAGE,120000.0,Verified,credit_card,MN,22.15,1.0,680.0,684.0,1.0,98.7,21.0,Individual,5,High Risk,Manual Review
65675999,35000.0, 60 months,21.99,F,F1,1 year,RENT,144000.0,Verified,debt_consolidation,GA,33.79,0.0,690.0,694.0,0.0,85.1,31.0,Individual,6,High Risk,Manual Review
66541861,17600.0, 60 months,19.99,E,E4,1 year,RENT,40000.0,Source Verified,debt_consolidation,NY,31.4,0.0,680.0,684.0,1.0,70.8,15.0,Individual,5,High Risk,Manual Review
66452001,35000.0, 60 months,18.49,E,E2,2 years,MORTGAGE,100940.0,Source Verified,debt_consolidation,AZ,34.09,0.0,715.0,719.0,0.0,51.3,27.0,Individual,5,High Risk,Manual Review
66543828,11325.0, 60 months,18.2,E,E1,,RENT,27000.0,Verified,debt_consolidation,NY,32.53,0.0,660.0,664.0,2.0,45.7,34.0,Individual,5,High Risk,Manual Review
66170649,29725.0, 60 months,22.99,F,F2,10+ years,RENT,95000.0,Verified,medical,NY,37.33,0.0,695.0,699.0,1.0,40.8,28.0,Individual,5,High Risk,Manual Review
65764382,22000.0, 60 months,18.99,E,E3,10+ years,MORTGAGE,55000.0,Verified,debt_consolidation,GA,31.08,0.0,695.0,699.0,1.0,56.4,15.0,Individual,5,High Risk,Manual Review
66432806,7325.0, 36 months,18.2,E,E1,8 years,RENT,34000.0,Verified,debt_consolidation,TX,31.06,0.0,675.0,679.0,1.0,91.3,11.0,Individual,6,High Risk,Manual Review
66443168,26000.0, 60 months,19.99,E,E4,10+ years,RENT,65000.0,Source Verified,debt_consolidation,WA,34.53,0.0,695.0,699.0,0.0,53.4,22.0,Individual,5,High Risk,Manual Review
66532944,32900.0, 60 months,23.99,F,F3,6 years,OWN,42000.0,Verified,debt_consolidation,CO,36.4,0.0,680.0,684.0,1.0,73.4,21.0,Joint App,5,High Risk,Manual Review
66443207,15000.0, 60 months,18.49,E,E2,6 years,MORTGAGE,50000.0,Source Verified,debt_consolidation,TX,23.86,1.0,660.0,664.0,0.0,91.1,35.0,Individual,5,High Risk,Manual Review
65776539,30000.0, 60 months,18.49,E,E2,10+ years,MORTGAGE,87000.0,Source Verified,debt_consolidation,VA,30.83,0.0,675.0,679.0,1.0,56.8,35.0,Individual,5,High Risk,Manual Review
66541953,14700.0, 60 months,18.49,E,E2,< 1 year,OWN,35000.0,Source Verified,credit_card,OK,32.82,0.0,675.0,679.0,0.0,72.8,34.0,Individual,5,High Risk,Manual Review
66330147,25200.0, 60 months,18.49,E,E2,10+ years,MORTGAGE,75000.0,Source Verified,debt_consolidation,OH,35.65,0.0,665.0,669.0,1.0,81.3,17.0,Individual,6,High Risk,Manual Review
66552591,25175.0, 60 months,25.99,F,F5,2 years,RENT,53560.0,Verified,debt_consolidation,CA,31.95,0.0,700.0,704.0,0.0,44.9,11.0,Individual,5,High Risk,Manual Review
66502846,35000.0, 60 months,20.99,E,E5,10+ years,MORTGAGE,119466.0,Verified,debt_consolidation,PA,16.71,1.0,665.0,669.0,0.0,95.9,14.0,Individual,5,High Risk,Manual Review
66570373,20000.0, 60 months,18.99,E,E3,10+ years,MORTGAGE,40000.0,Source Verified,debt_consolidation,MN,38.43,0.0,700.0,704.0,0.0,76.0,26.0,Individual,5,High Risk,Manual Review
66452355,14150.0, 60 months,21.99,F,F1,8 years,MORTGAGE,44000.0,Verified,debt_consolidation,UT,37.04,0.0,705.0,709.0,1.0,68.5,18.0,Individual,5,High Risk,Manual Review
66602337,21000.0, 60 months,20.99,E,E5,10+ years,RENT,50000.0,Source Verified,debt_consolidation,FL,38.41,1.0,685.0,689.0,1.0,43.9,48.0,Individual,6,High Risk,Manual Review
66632879,35000.0, 60 months,18.99,E,E3,10+ years,MORTGAGE,95000.0,Verified,debt_consolidation,ME,43.68,0.0,695.0,699.0,1.0,89.4,41.0,Joint App,6,High Risk,Manual Review
66522896,15475.0, 60 months,18.2,E,E1,10+ years,RENT,55000.0,Source Verified,major_purchase,CT,32.99,1.0,670.0,674.0,0.0,51.6,18.0,Individual,6,High Risk,Manual Review
66461695,31275.0, 60 months,21.99,F,F1,5 years,MORTGAGE,68000.0,Source Verified,debt_consolidation,TN,33.59,0.0,685.0,689.0,0.0,68.3,27.0,Individual,5,High Risk,Manual Review
66612755,13500.0, 60 months,24.99,F,F4,10+ years,MORTGAGE,45000.0,Verified,debt_consolidation,CT,33.47,0.0,670.0,674.0,1.0,51.5,21.0,Individual,5,High Risk,Manual Review
65886153,22650.0, 60 months,21.99,F,F1,10+ years,MORTGAGE,110000.0,Verified,debt_consolidation,MA,25.51,1.0,675.0,679.0,0.0,93.3,21.0,Individual,5,High Risk,Manual Review
66642682,4350.0, 36 months,18.2,E,E1,8 years,MORTGAGE,36000.0,Verified,debt_consolidation,TN,32.8,0.0,665.0,669.0,1.0,31.5,15.0,Individual,5,High Risk,Manual Review
66543113,7200.0, 36 months,18.49,E,E2,8 years,MORTGAGE,30000.0,Verified,debt_consolidation,PA,33.52,0.0,675.0,679.0,1.0,69.3,20.0,Individual,5,High Risk,Manual Review
66453489,23350.0, 60 months,21.99,F,F1,1 year,RENT,53000.0,Verified,debt_consolidation,TX,36.43,1.0,715.0,719.0,2.0,89.6,18.0,Individual,7,High Risk,Manual Review
66543021,14175.0, 60 months,20.99,E,E5,1 year,RENT,62700.0,Source Verified,debt_consolidation,FL,30.2,0.0,665.0,669.0,2.0,41.7,47.0,Individual,5,High Risk,Manual Review
66270219,23000.0, 60 months,18.2,E,E1,10+ years,MORTGAGE,65000.0,Not Verified,credit_card,VA,38.72,0.0,675.0,679.0,0.0,63.5,27.0,Individual,5,High Risk,Manual Review
66522527,35000.0, 60 months,22.99,F,F2,10+ years,MORTGAGE,75000.0,Verified,debt_consolidation,FL,20.45,1.0,695.0,699.0,0.0,92.8,9.0,Individual,5,High Risk,Manual Review
66521859,21075.0, 60 months,21.99,F,F1,3 years,MORTGAGE,51500.0,Source Verified,debt_consolidation,IL,35.54,0.0,665.0,669.0,1.0,55.4,43.0,Individual,5,High Risk,Manual Review
66492501,16200.0, 36 months,18.99,E,E3,3 years,RENT,54000.0,Verified,debt_consolidation,MD,31.69,0.0,685.0,689.0,2.0,82.7,15.0,Individual,6,High Risk,Manual Review
66542902,19000.0, 60 months,15.41,D,D1,< 1 year,RENT,58000.0,Not Verified,credit_card,NM,30.02,1.0,680.0,684.0,0.0,83.8,25.0,Individual,5,High Risk,Manual Review
66630605,24350.0, 60 months,21.99,F,F1,10+ years,MORTGAGE,58000.0,Verified,debt_consolidation,TN,38.24,0.0,680.0,684.0,0.0,26.0,31.0,Individual,5,High Risk,Manual Review
66502445,5500.0, 36 months,18.2,E,E1,1 year,OWN,39500.0,Verified,debt_consolidation,KS,30.2,0.0,670.0,674.0,2.0,86.9,21.0,Individual,6,High Risk,Manual Review
66581633,15300.0, 60 months,18.99,E,E3,1 year,OWN,45000.0,Verified,other,TN,30.37,0.0,710.0,714.0,0.0,37.0,24.0,Individual,5,High Risk,Manual Review
66632573,11400.0, 60 months,18.49,E,E2,< 1 year,RENT,30000.0,Verified,credit_card,PA,30.16,0.0,715.0,719.0,1.0,35.9,19.0,Individual,5,High Risk,Manual Review
66530677,10575.0, 60 months,20.99,E,E5,< 1 year,OWN,35000.0,Verified,debt_consolidation,MA,38.34,1.0,685.0,689.0,2.0,33.5,29.0,Individual,6,High Risk,Manual Review
66442469,28000.0, 60 months,18.99,E,E3,< 1 year,RENT,165000.0,Verified,debt_consolidation,NY,9.62,3.0,665.0,669.0,0.0,97.9,25.0,Individual,5,High Risk,Manual Review
66542837,25000.0, 60 months,18.49,E,E2,7 years,MORTGAGE,78500.0,Source Verified,debt_consolidation,CO,34.69,0.0,675.0,679.0,0.0,75.2,23.0,Individual,5,High Risk,Manual Review
66531160,18875.0, 60 months,18.49,E,E2,3 years,MORTGAGE,52000.0,Source Verified,home_improvement,MI,32.18,0.0,690.0,694.0,0.0,50.2,45.0,Individual,5,High Risk,Manual Review
66490276,25500.0, 60 months,18.2,E,E1,10+ years,OWN,58000.0,Not Verified,debt_consolidation,MI,35.17,0.0,680.0,684.0,0.0,77.2,20.0,Individual,5,High Risk,Manual Review
66512247,32200.0, 60 months,18.2,E,E1,< 1 year,RENT,70000.0,Verified,credit_card,CA,39.95,0.0,670.0,674.0,1.0,85.7,45.0,Individual,6,High Risk,Manual Review
66582231,11425.0, 60 months,22.99,F,F2,10+ years,MORTGAGE,65000.0,Verified,debt_consolidation,CA,15.36,2.0,660.0,664.0,1.0,93.6,28.0,Individual,5,High Risk,Manual Review
66581209,12000.0, 60 months,18.2,E,E1,,RENT,55000.0,Verified,other,VA,37.5,1.0,665.0,669.0,0.0,73.5,15.0,Individual,6,High Risk,Manual Review
66552152,17150.0, 60 months,20.99,E,E5,10+ years,MORTGAGE,55000.0,Source Verified,debt_consolidation,OH,33.67,0.0,670.0,674.0,0.0,67.3,30.0,Individual,5,High Risk,Manual Review
66462410,21425.0, 60 months,18.49,E,E2,10+ years,MORTGAGE,50000.0,Not Verified,debt_consolidation,VA,35.09,0.0,700.0,704.0,0.0,52.6,29.0,Individual,5,High Risk,Manual Review
66512260,5450.0, 36 months,18.49,E,E2,2 years,RENT,20000.0,Verified,debt_consolidation,NY,37.7,0.0,680.0,684.0,2.0,31.0,21.0,Individual,5,High Risk,Manual Review
66422302,19375.0, 60 months,19.99,E,E4,5 years,MORTGAGE,41000.0,Source Verified,credit_card,WV,34.93,0.0,695.0,699.0,0.0,61.7,40.0,Individual,5,High Risk,Manual Review
66592137,8000.0, 36 months,18.2,E,E1,< 1 year,RENT,25000.0,Verified,other,MN,37.3,0.0,745.0,749.0,0.0,78.4,8.0,Individual,5,High Risk,Manual Review
66611693,19500.0, 60 months,18.2,E,E1,5 years,RENT,39000.0,Verified,debt_consolidation,NC,34.52,1.0,665.0,669.0,0.0,68.0,20.0,Individual,6,High Risk,Manual Review
66360548,29900.0, 60 months,18.2,E,E1,< 1 year,RENT,65000.0,Source Verified,credit_card,PA,30.39,0.0,660.0,664.0,0.0,59.0,44.0,Individual,5,High Risk,Manual Review
66412139,14025.0, 60 months,18.49,E,E2,2 years,OWN,30000.0,Source Verified,debt_consolidation,CA,32.56,0.0,680.0,684.0,0.0,44.9,12.0,Individual,5,High Risk,Manual Review
66532189,24700.0, 60 months,18.49,E,E2,10+ years,RENT,65000.0,Verified,debt_consolidation,RI,33.33,2.0,660.0,664.0,0.0,86.2,25.0,Individual,7,High Risk,Manual Review
66472102,2525.0, 36 months,18.2,E,E1,8 years,RENT,31000.0,Verified,debt_consolidation,FL,39.49,1.0,660.0,664.0,0.0,67.1,12.0,Individual,6,High Risk,Manual Review
66580820,5475.0, 36 months,18.2,E,E1,1 year,RENT,20889.0,Source Verified,debt_consolidation,CO,37.41,0.0,675.0,679.0,2.0,11.8,24.0,Individual,5,High Risk,Manual Review
66622076,16800.0, 60 months,21.99,F,F1,7 years,MORTGAGE,45000.0,Source Verified,credit_card,NC,36.37,0.0,680.0,684.0,0.0,75.9,28.0,Individual,5,High Risk,Manual Review
66442110,35000.0, 60 months,18.99,E,E3,9 years,MORTGAGE,150000.0,Verified,debt_consolidation,PA,22.43,4.0,685.0,689.0,1.0,88.5,29.0,Individual,5,High Risk,Manual Review
66512013,21275.0, 60 months,28.49,G,G4,10+ years,OWN,42564.0,Verified,debt_consolidation,NY,34.9,0.0,690.0,694.0,3.0,65.6,43.0,Individual,5,High Risk,Manual Review
66631444,11150.0, 60 months,21.99,F,F1,10+ years,MORTGAGE,31000.0,Source Verified,debt_consolidation,IL,36.74,0.0,695.0,699.0,1.0,71.8,12.0,Individual,5,High Risk,Manual Review
66642089,12000.0, 60 months,19.99,E,E4,10+ years,MORTGAGE,60000.0,Source Verified,debt_consolidation,IN,36.02,0.0,680.0,684.0,2.0,67.1,25.0,Individual,5,High Risk,Manual Review
66580368,11675.0, 60 months,24.99,F,F4,,RENT,33000.0,Verified,debt_consolidation,CA,30.91,0.0,675.0,679.0,1.0,49.4,15.0,Individual,5,High Risk,Manual Review
66571877,14850.0, 60 months,18.49,E,E2,10+ years,MORTGAGE,43826.0,Source Verified,debt_consolidation,IN,31.76,0.0,680.0,684.0,2.0,43.5,28.0,Individual,5,High Risk,Manual Review
66470944,22825.0, 60 months,22.99,F,F2,6 years,MORTGAGE,73266.0,Not Verified,debt_consolidation,OH,31.11,0.0,725.0,729.0,1.0,15.0,20.0,Individual,5,High Risk,Manual Review
66581196,29400.0, 60 months,19.99,E,E4,8 years,OWN,70000.0,Source Verified,debt_consolidation,AL,37.79,0.0,700.0,704.0,1.0,87.5,29.0,Individual,6,High Risk,Manual Review
66470970,21000.0, 60 months,19.99,E,E4,4 years,RENT,50000.0,Verified,debt_consolidation,KS,37.78,3.0,660.0,664.0,1.0,78.2,36.0,Individual,6,High Risk,Manual Review
66431833,19375.0, 36 months,18.99,E,E3,6 years,RENT,63000.0,Verified,debt_consolidation,WA,30.9,0.0,685.0,689.0,2.0,49.0,41.0,Individual,5,High Risk,Manual Review
66471808,20000.0, 60 months,18.99,E,E3,3 years,RENT,82800.0,Verified,debt_consolidation,CA,32.13,0.0,690.0,694.0,2.0,84.1,14.0,Individual,6,High Risk,Manual Review
66630737,15300.0, 60 months,25.99,F,F5,4 years,RENT,51000.0,Verified,debt_consolidation,PA,35.01,0.0,670.0,674.0,0.0,71.6,13.0,Individual,5,High Risk,Manual Review
66581843,15000.0, 60 months,18.99,E,E3,6 years,RENT,40000.0,Verified,debt_consolidation,CA,39.69,0.0,670.0,674.0,0.0,37.9,24.0,Individual,5,High Risk,Manual Review
66561726,32000.0, 60 months,20.99,E,E5,10+ years,RENT,127000.0,Verified,other,FL,30.45,0.0,660.0,664.0,1.0,69.8,22.0,Individual,5,High Risk,Manual Review
66561704,25300.0, 60 months,18.99,E,E3,4 years,RENT,55000.0,Verified,debt_consolidation,GA,32.23,0.0,700.0,704.0,1.0,49.1,19.0,Individual,5,High Risk,Manual Review
66431703,18000.0, 60 months,18.99,E,E3,3 years,MORTGAGE,46750.0,Source Verified,debt_consolidation,VA,33.02,0.0,715.0,719.0,0.0,33.1,17.0,Individual,5,High Risk,Manual Review
66611490,10000.0, 60 months,17.86,D,D5,1 year,RENT,30000.0,Source Verified,debt_consolidation,MO,35.26,1.0,665.0,669.0,0.0,86.8,30.0,Individual,5,High Risk,Manual Review
66561647,23925.0, 60 months,18.99,E,E3,10+ years,MORTGAGE,62000.0,Verified,debt_consolidation,VA,38.97,0.0,665.0,669.0,1.0,86.5,26.0,Individual,6,High Risk,Manual Review
66452264,29250.0, 60 months,15.41,D,D1,10+ years,MORTGAGE,65000.0,Verified,credit_card,IL,33.36,2.0,670.0,674.0,1.0,82.0,35.0,Individual,5,High Risk,Manual Review
66630817,18000.0, 60 months,18.99,E,E3,,MORTGAGE,36000.0,Verified,debt_consolidation,FL,30.51,0.0,705.0,709.0,0.0,55.0,34.0,Individual,5,High Risk,Manual Review
66471298,6775.0, 36 months,17.57,D,D4,10+ years,MORTGAGE,39000.0,Source Verified,debt_consolidation,NY,36.22,1.0,675.0,679.0,0.0,91.9,17.0,Individual,5,High Risk,Manual Review
66531008,6925.0, 36 months,16.99,D,D3,1 year,RENT,38500.0,Verified,debt_consolidation,KS,31.73,1.0,680.0,684.0,0.0,87.0,31.0,Individual,5,High Risk,Manual Review
66611352,35000.0, 60 months,18.49,E,E2,5 years,RENT,150000.0,Verified,moving,IL,38.61,0.0,665.0,669.0,0.0,72.9,30.0,Individual,5,High Risk,Manual Review
66450447,15350.0, 60 months,18.2,E,E1,3 years,RENT,58500.0,Source Verified,debt_consolidation,CA,37.64,0.0,680.0,684.0,0.0,37.7,23.0,Individual,5,High Risk,Manual Review
66501587,19000.0, 60 months,27.31,G,G2,10+ years,MORTGAGE,50000.0,Source Verified,home_improvement,OH,34.35,0.0,710.0,714.0,3.0,30.4,22.0,Individual,5,High Risk,Manual Review
66461498,24000.0, 60 months,18.49,E,E2,7 years,RENT,60000.0,Source Verified,debt_consolidation,LA,35.84,0.0,700.0,704.0,1.0,70.3,24.0,Individual,5,High Risk,Manual Review
66452160,34500.0, 36 months,18.49,E,E2,1 year,MORTGAGE,75000.0,Source Verified,debt_consolidation,GA,37.79,1.0,700.0,704.0,1.0,49.4,25.0,Individual,6,High Risk,Manual Review
66541471,30000.0, 60 months,18.99,E,E3,9 years,RENT,60000.0,Verified,debt_consolidation,WA,33.18,0.0,670.0,674.0,1.0,88.3,41.0,Individual,6,High Risk,Manual Review
66431453,25000.0, 60 months,18.99,E,E3,10+ years,OWN,71000.0,Source Verified,debt_consolidation,SC,35.95,0.0,680.0,684.0,0.0,68.9,14.0,Individual,5,High Risk,Manual Review
66490731,10925.0, 36 months,20.99,E,E5,6 years,RENT,33000.0,Verified,debt_consolidation,LA,33.02,0.0,670.0,674.0,1.0,51.0,24.0,Individual,5,High Risk,Manual Review
66601560,2750.0, 36 months,18.2,E,E1,2 years,RENT,8663.0,Verified,small_business,FL,34.95,0.0,690.0,694.0,0.0,45.8,11.0,Individual,5,High Risk,Manual Review
66411448,24275.0, 60 months,18.99,E,E3,10+ years,RENT,63000.0,Verified,debt_consolidation,CA,36.36,0.0,660.0,664.0,0.0,94.3,29.0,Individual,6,High Risk,Manual Review
66501412,25000.0, 60 months,19.99,E,E4,7 years,OWN,50000.0,Source Verified,debt_consolidation,SC,34.45,0.0,695.0,699.0,1.0,66.3,26.0,Individual,5,High Risk,Manual Review
66421368,16150.0, 60 months,21.99,F,F1,10+ years,RENT,48800.0,Source Verified,credit_card,CT,35.51,0.0,665.0,669.0,3.0,77.9,29.0,Individual,5,High Risk,Manual Review
66591215,35000.0, 60 months,22.99,F,F2,6 years,RENT,80000.0,Verified,debt_consolidation,OK,31.71,0.0,660.0,664.0,2.0,65.9,44.0,Individual,5,High Risk,Manual Review
66520725,29900.0, 60 months,18.99,E,E3,8 years,MORTGAGE,70000.0,Source Verified,credit_card,TX,34.6,0.0,700.0,704.0,1.0,76.7,57.0,Individual,5,High Risk,Manual Review
66431040,15400.0, 60 months,18.2,E,E1,4 years,MORTGAGE,59000.0,Verified,debt_consolidation,AL,32.14,0.0,665.0,669.0,2.0,67.4,10.0,Individual,5,High Risk,Manual Review
66421378,10400.0, 60 months,19.99,E,E4,3 years,RENT,52000.0,Source Verified,debt_consolidation,TX,32.72,4.0,685.0,689.0,1.0,45.5,49.0,Individual,6,High Risk,Manual Review
66541455,20200.0, 60 months,22.99,F,F2,5 years,MORTGAGE,50500.0,Verified,debt_consolidation,MT,30.2,0.0,685.0,689.0,0.0,76.2,24.0,Individual,5,High Risk,Manual Review
66490669,2300.0, 36 months,18.99,E,E3,2 years,RENT,60000.0,Verified,debt_consolidation,CA,39.54,0.0,660.0,664.0,0.0,82.1,46.0,Individual,6,High Risk,Manual Review
66590985,30225.0, 60 months,19.99,E,E4,10+ years,RENT,71975.0,Verified,debt_consolidation,MD,32.57,0.0,675.0,679.0,0.0,88.8,27.0,Individual,6,High Risk,Manual Review
66511057,10500.0, 60 months,22.99,F,F2,10+ years,MORTGAGE,35000.0,Verified,debt_consolidation,WA,32.1,0.0,690.0,694.0,0.0,86.9,13.0,Individual,6,High Risk,Manual Review
66591066,25000.0, 60 months,19.99,E,E4,5 years,OWN,66000.0,Source Verified,credit_card,WA,35.54,0.0,730.0,734.0,4.0,56.8,40.0,Individual,5,High Risk,Manual Review
66600928,5775.0, 36 months,18.99,E,E3,,MORTGAGE,17000.0,Verified,home_improvement,IN,33.12,5.0,690.0,694.0,4.0,23.9,34.0,Individual,6,High Risk,Manual Review
66610982,10000.0, 60 months,18.2,E,E1,10+ years,OWN,72000.0,Verified,credit_card,SC,33.42,0.0,695.0,699.0,4.0,77.2,27.0,Individual,5,High Risk,Manual Review
66140973,12000.0, 60 months,15.41,D,D1,3 years,RENT,45000.0,Verified,credit_card,OR,31.87,1.0,675.0,679.0,0.0,86.3,27.0,Individual,5,High Risk,Manual Review
66440441,14000.0, 60 months,18.2,E,E1,9 years,RENT,71244.0,Source Verified,debt_consolidation,CA,30.62,0.0,680.0,684.0,1.0,42.8,35.0,Individual,5,High Risk,Manual Review
66610349,19200.0, 60 months,18.49,E,E2,10+ years,MORTGAGE,66500.0,Verified,debt_consolidation,IL,26.98,1.0,675.0,679.0,0.0,99.2,38.0,Individual,5,High Risk,Manual Review
66451366,11000.0, 60 months,17.57,D,D4,1 year,RENT,46350.0,Verified,debt_consolidation,SD,33.76,3.0,670.0,674.0,1.0,85.8,19.0,Individual,5,High Risk,Manual Review
66471110,33450.0, 60 months,18.2,E,E1,10+ years,RENT,74352.0,Verified,credit_card,OR,31.25,0.0,665.0,669.0,0.0,74.0,42.0,Individual,5,High Risk,Manual Review
66571098,27350.0, 60 months,22.99,F,F2,10+ years,RENT,72000.0,Verified,debt_consolidation,TX,30.73,1.0,660.0,664.0,4.0,68.9,40.0,Individual,6,High Risk,Manual Review
66451509,4225.0, 36 months,18.2,E,E1,9 years,RENT,35000.0,Verified,debt_consolidation,CA,35.32,8.0,665.0,669.0,0.0,48.5,16.0,Individual,6,High Risk,Manual Review
65404359,17275.0, 60 months,18.2,E,E1,10+ years,RENT,48000.0,Source Verified,debt_consolidation,FL,34.35,0.0,665.0,669.0,0.0,63.8,30.0,Individual,5,High Risk,Manual Review
66501184,12600.0, 60 months,18.49,E,E2,< 1 year,RENT,30000.0,Source Verified,debt_consolidation,HI,32.4,0.0,660.0,664.0,1.0,69.2,21.0,Individual,5,High Risk,Manual Review
66420357,7900.0, 36 months,18.49,E,E2,7 years,RENT,22000.0,Verified,debt_consolidation,CA,39.17,1.0,665.0,669.0,0.0,50.1,11.0,Individual,6,High Risk,Manual Review
66470240,15400.0, 60 months,18.2,E,E1,2 years,RENT,70000.0,Source Verified,debt_consolidation,CA,22.89,2.0,670.0,674.0,0.0,83.2,12.0,Individual,5,High Risk,Manual Review
66046175,15000.0, 60 months,18.2,E,E1,,MORTGAGE,52375.0,Verified,home_improvement,LA,32.24,0.0,670.0,674.0,1.0,67.6,22.0,Individual,5,High Risk,Manual Review
66590686,10725.0, 60 months,18.49,E,E2,10+ years,MORTGAGE,69000.0,Verified,debt_consolidation,CA,30.05,0.0,675.0,679.0,2.0,83.0,34.0,Individual,6,High Risk,Manual Review
66520919,19200.0, 60 months,19.99,E,E4,4 years,RENT,48000.0,Verified,debt_consolidation,MI,30.03,0.0,685.0,689.0,0.0,92.1,13.0,Individual,6,High Risk,Manual Review
65854554,10500.0, 60 months,25.99,F,F5,2 years,RENT,35000.0,Verified,debt_consolidation,NY,31.97,0.0,660.0,664.0,0.0,72.2,13.0,Individual,5,High Risk,Manual Review
66490653,10000.0, 60 months,18.49,E,E2,4 years,RENT,89400.0,Source Verified,debt_consolidation,NJ,32.09,0.0,680.0,684.0,1.0,41.0,20.0,Individual,5,High Risk,Manual Review
66440755,4000.0, 36 months,18.2,E,E1,< 1 year,RENT,10000.0,Source Verified,credit_card,FL,57.14,0.0,660.0,664.0,2.0,72.1,8.0,Joint App,5,High Risk,Manual Review
66490708,13850.0, 60 months,18.99,E,E3,10+ years,OWN,38500.0,Source Verified,debt_consolidation,FL,30.26,0.0,675.0,679.0,1.0,75.4,23.0,Individual,5,High Risk,Manual Review
66520510,35000.0, 60 months,15.41,D,D1,4 years,RENT,76000.0,Verified,credit_card,MN,32.51,3.0,660.0,664.0,0.0,87.1,26.0,Individual,5,High Risk,Manual Review
66530783,13800.0, 36 months,22.99,F,F2,,OWN,72000.0,Not Verified,debt_consolidation,TN,30.62,0.0,700.0,704.0,2.0,58.7,16.0,Individual,5,High Risk,Manual Review
66640733,28000.0, 60 months,18.2,E,E1,10+ years,MORTGAGE,104000.0,Verified,medical,VA,34.59,0.0,685.0,689.0,1.0,69.9,46.0,Individual,5,High Risk,Manual Review
66420867,16800.0, 60 months,18.99,E,E3,10+ years,RENT,40000.0,Verified,credit_card,IL,33.48,0.0,705.0,709.0,0.0,84.1,33.0,Individual,6,High Risk,Manual Review
66480821,25500.0, 60 months,19.99,E,E4,5 years,RENT,51000.0,Source Verified,debt_consolidation,AZ,32.92,0.0,660.0,664.0,0.0,59.1,14.0,Individual,5,High Risk,Manual Review
66630716,16000.0, 60 months,19.99,E,E4,3 years,OWN,105000.0,Verified,other,MS,36.66,0.0,675.0,679.0,3.0,87.6,39.0,Individual,6,High Risk,Manual Review
66540856,10000.0, 60 months,18.2,E,E1,2 years,MORTGAGE,60000.0,Not Verified,debt_consolidation,LA,32.1,0.0,705.0,709.0,0.0,78.1,12.0,Individual,5,High Risk,Manual Review
66560839,20000.0, 60 months,18.99,E,E3,3 years,MORTGAGE,185000.0,Verified,credit_card,CA,18.5,1.0,675.0,679.0,0.0,90.1,10.0,Individual,5,High Risk,Manual Review
66530762,25000.0, 60 months,18.2,E,E1,10+ years,MORTGAGE,77000.0,Source Verified,debt_consolidation,OH,38.53,5.0,675.0,679.0,1.0,39.4,41.0,Individual,6,High Risk,Manual Review
66460788,18000.0, 60 months,18.49,E,E2,2 years,RENT,65000.0,Verified,debt_consolidation,MS,36.5,0.0,665.0,669.0,0.0,45.0,22.0,Individual,5,High Risk,Manual Review
66590572,35000.0, 60 months,17.57,D,D4,8 years,MORTGAGE,195000.0,Source Verified,credit_card,FL,32.64,1.0,685.0,689.0,1.0,89.2,53.0,Individual,5,High Risk,Manual Review
65603088,11900.0, 60 months,24.99,F,F4,2 years,RENT,35000.0,Verified,other,SC,32.44,0.0,690.0,694.0,1.0,44.4,17.0,Individual,5,High Risk,Manual Review
66580511,16000.0, 60 months,21.99,F,F1,< 1 year,RENT,40000.0,Verified,debt_consolidation,GA,37.02,0.0,660.0,664.0,1.0,37.0,22.0,Individual,5,High Risk,Manual Review
66160743,25000.0, 60 months,28.49,G,G4,10+ years,MORTGAGE,325000.0,Verified,house,NY,11.7,1.0,695.0,699.0,0.0,97.7,48.0,Individual,5,High Risk,Manual Review
66490487,10425.0, 60 months,24.99,F,F4,10+ years,MORTGAGE,37500.0,Verified,other,TX,30.53,1.0,665.0,669.0,0.0,45.4,13.0,Individual,6,High Risk,Manual Review
66560470,8000.0, 36 months,18.49,E,E2,2 years,RENT,81000.0,Verified,other,MD,38.73,2.0,665.0,669.0,0.0,,25.0,Individual,6,High Risk,Manual Review
66580335,13300.0, 60 months,16.99,D,D3,< 1 year,RENT,57000.0,Verified,debt_consolidation,NY,38.08,1.0,700.0,704.0,0.0,85.0,13.0,Individual,5,High Risk,Manual Review
66500269,10000.0, 36 months,16.99,D,D3,8 years,MORTGAGE,42000.0,Source Verified,debt_consolidation,SC,35.71,1.0,680.0,684.0,0.0,96.0,33.0,Individual,5,High Risk,Manual Review
66420379,15000.0, 60 months,18.2,E,E1,1 year,MORTGAGE,60000.0,Source Verified,debt_consolidation,KY,23.72,1.0,660.0,664.0,1.0,90.0,20.0,Individual,5,High Risk,Manual Review
66620360,16000.0, 60 months,18.49,E,E2,6 years,MORTGAGE,53000.0,Source Verified,debt_consolidation,FL,31.23,0.0,665.0,669.0,2.0,54.1,35.0,Individual,5,High Risk,Manual Review
66430294,19200.0, 60 months,18.99,E,E3,1 year,RENT,48000.0,Source Verified,debt_consolidation,FL,30.78,0.0,675.0,679.0,1.0,78.1,12.0,Individual,5,High Risk,Manual Review
65835592,18675.0, 60 months,18.2,E,E1,10+ years,MORTGAGE,50000.0,Source Verified,debt_consolidation,KS,37.45,0.0,665.0,669.0,2.0,83.8,24.0,Individual,6,High Risk,Manual Review
66460322,30000.0, 60 months,18.49,E,E2,10+ years,MORTGAGE,300000.0,Verified,debt_consolidation,NJ,14.43,1.0,665.0,669.0,0.0,88.9,26.0,Individual,5,High Risk,Manual Review
65976141,24000.0, 60 months,18.49,E,E2,10+ years,MORTGAGE,55000.0,Not Verified,debt_consolidation,OH,31.51,0.0,715.0,719.0,2.0,39.7,32.0,Individual,5,High Risk,Manual Review
66640442,30000.0, 60 months,19.99,E,E4,7 years,MORTGAGE,225000.0,Verified,debt_consolidation,NH,5.94,1.0,660.0,664.0,2.0,89.6,41.0,Individual,5,High Risk,Manual Review
66610326,15300.0, 60 months,20.99,E,E5,8 years,RENT,45000.0,Verified,debt_consolidation,NC,32.67,0.0,660.0,664.0,0.0,56.0,16.0,Individual,5,High Risk,Manual Review
66520287,10700.0, 60 months,18.49,E,E2,3 years,RENT,23293.0,Source Verified,credit_card,MA,33.08,0.0,680.0,684.0,0.0,58.5,19.0,Individual,5,High Risk,Manual Review
65875859,25600.0, 36 months,21.99,F,F1,10+ years,MORTGAGE,80000.0,Verified,debt_consolidation,FL,20.87,1.0,670.0,674.0,2.0,97.0,17.0,Individual,5,High Risk,Manual Review
66590159,18075.0, 60 months,18.99,E,E3,4 years,RENT,48960.0,Verified,credit_card,CA,31.79,0.0,660.0,664.0,0.0,33.6,22.0,Individual,5,High Risk,Manual Review
66330304,23750.0, 60 months,18.49,E,E2,,MORTGAGE,80000.0,Verified,debt_consolidation,AK,39.6,2.0,725.0,729.0,0.0,25.9,20.0,Individual,6,High Risk,Manual Review
66470267,25500.0, 60 months,18.2,E,E1,5 years,RENT,51000.0,Source Verified,credit_card,NY,30.01,1.0,665.0,669.0,0.0,80.4,17.0,Individual,7,High Risk,Manual Review
66590138,6150.0, 36 months,16.55,D,D2,7 years,MORTGAGE,34000.0,Source Verified,home_improvement,NC,38.86,2.0,670.0,674.0,0.0,91.8,35.0,Individual,5,High Risk,Manual Review
66640186,17450.0, 60 months,19.99,E,E4,3 years,MORTGAGE,90000.0,Source Verified,debt_consolidation,PA,32.64,0.0,720.0,724.0,1.0,70.8,30.0,Individual,5,High Risk,Manual Review
66560117,35000.0, 60 months,18.2,E,E1,10+ years,MORTGAGE,100000.0,Verified,credit_card,CA,31.0,0.0,675.0,679.0,0.0,49.3,35.0,Individual,5,High Risk,Manual Review
65854823,20400.0, 60 months,18.49,E,E2,< 1 year,MORTGAGE,51000.0,Verified,debt_consolidation,NC,39.6,0.0,660.0,664.0,1.0,77.6,33.0,Individual,5,High Risk,Manual Review
66480165,12600.0, 60 months,18.2,E,E1,10+ years,RENT,35000.0,Verified,debt_consolidation,SD,34.43,0.0,675.0,679.0,1.0,89.3,24.0,Individual,6,High Risk,Manual Review
66291175,25000.0, 60 months,18.99,E,E3,< 1 year,RENT,120000.0,Verified,debt_consolidation,TX,34.89,1.0,700.0,704.0,0.0,48.5,26.0,Individual,6,High Risk,Manual Review
66380731,28000.0, 60 months,18.49,E,E2,9 years,RENT,112000.0,Verified,debt_consolidation,TX,30.78,2.0,670.0,674.0,0.0,92.4,41.0,Individual,7,High Risk,Manual Review
66290955,35000.0, 60 months,18.2,E,E1,< 1 year,RENT,95000.0,Verified,debt_consolidation,FL,32.39,0.0,665.0,669.0,2.0,52.0,33.0,Individual,5,High Risk,Manual Review
66210801,10800.0, 60 months,18.2,E,E1,1 year,RENT,30003.0,Verified,debt_consolidation,MD,31.48,0.0,670.0,674.0,0.0,55.8,29.0,Individual,5,High Risk,Manual Review
66300999,24200.0, 60 months,18.49,E,E2,4 years,RENT,55000.0,Source Verified,credit_card,FL,32.21,0.0,675.0,679.0,0.0,52.9,33.0,Individual,5,High Risk,Manual Review
66250901,19200.0, 60 months,18.49,E,E2,1 year,MORTGAGE,70000.0,Source Verified,credit_card,TN,8.1,1.0,665.0,669.0,1.0,85.8,24.0,Individual,5,High Risk,Manual Review
66200943,29375.0, 60 months,18.99,E,E3,3 years,RENT,93765.08,Verified,debt_consolidation,CA,30.22,0.0,665.0,669.0,0.0,100.9,17.0,Individual,6,High Risk,Manual Review
66290975,12000.0, 36 months,18.49,E,E2,7 years,RENT,30000.0,Verified,debt_consolidation,NY,33.72,0.0,680.0,684.0,1.0,78.7,14.0,Individual,5,High Risk,Manual Review
66330855,4750.0, 36 months,19.99,E,E4,3 years,RENT,48000.0,Verified,credit_card,FL,30.78,2.0,665.0,669.0,0.0,43.2,30.0,Individual,6,High Risk,Manual Review
66311134,12000.0, 36 months,18.2,E,E1,1 year,RENT,30000.0,Verified,debt_consolidation,CA,32.96,0.0,685.0,689.0,1.0,59.6,9.0,Individual,5,High Risk,Manual Review
65994734,12600.0, 60 months,21.99,F,F1,5 years,RENT,30000.0,Source Verified,debt_consolidation,IN,30.8,1.0,660.0,664.0,1.0,62.2,21.0,Individual,6,High Risk,Manual Review
66370821,2525.0, 36 months,18.2,E,E1,9 years,OWN,45000.0,Verified,debt_consolidation,WA,31.49,0.0,665.0,669.0,2.0,72.4,34.0,Individual,5,High Risk,Manual Review
66270874,18000.0, 60 months,18.2,E,E1,5 years,MORTGAGE,73000.0,Verified,debt_consolidation,CA,32.3,0.0,690.0,694.0,3.0,78.0,41.0,Individual,5,High Risk,Manual Review
66260517,18800.0, 60 months,19.99,E,E4,10+ years,MORTGAGE,70000.0,Source Verified,debt_consolidation,OH,24.67,5.0,665.0,669.0,1.0,95.7,43.0,Individual,5,High Risk,Manual Review
66300508,21525.0, 60 months,20.99,E,E5,10+ years,RENT,60000.0,Verified,debt_consolidation,OH,35.9,0.0,705.0,709.0,1.0,82.1,18.0,Individual,6,High Risk,Manual Review
66380596,6025.0, 36 months,18.49,E,E2,6 years,RENT,45000.0,Verified,debt_consolidation,MI,31.25,0.0,675.0,679.0,1.0,83.6,15.0,Individual,6,High Risk,Manual Review
66220650,18000.0, 60 months,19.99,E,E4,5 years,RENT,67353.0,Verified,debt_consolidation,TX,30.76,0.0,670.0,674.0,4.0,47.7,51.0,Individual,5,High Risk,Manual Review
66310642,21000.0, 60 months,18.2,E,E1,10+ years,MORTGAGE,103000.0,Source Verified,debt_consolidation,UT,18.55,1.0,680.0,684.0,1.0,82.5,32.0,Individual,5,High Risk,Manual Review
66104732,15725.0, 60 months,18.49,E,E2,1 year,RENT,40000.0,Verified,credit_card,MN,31.11,0.0,670.0,674.0,1.0,45.7,56.0,Individual,5,High Risk,Manual Review
66250631,10000.0, 36 months,18.49,E,E2,,OWN,24027.0,Verified,debt_consolidation,NM,39.26,0.0,660.0,664.0,0.0,87.2,21.0,Individual,6,High Risk,Manual Review
65833867,17175.0, 60 months,24.99,F,F4,< 1 year,MORTGAGE,40000.0,Source Verified,debt_consolidation,NV,32.76,0.0,705.0,709.0,0.0,85.3,25.0,Individual,6,High Risk,Manual Review
66380488,12000.0, 60 months,23.99,F,F3,5 years,MORTGAGE,60000.0,Source Verified,debt_consolidation,AL,32.84,1.0,665.0,669.0,4.0,35.2,28.0,Individual,6,High Risk,Manual Review
66220452,32675.0, 60 months,21.99,F,F1,10+ years,RENT,86000.0,Verified,debt_consolidation,GA,38.93,0.0,665.0,669.0,0.0,99.4,27.0,Individual,6,High Risk,Manual Review
65814362,18150.0, 60 months,20.99,E,E5,< 1 year,RENT,63000.0,Source Verified,other,CA,30.4,0.0,715.0,719.0,0.0,31.3,21.0,Individual,5,High Risk,Manual Review
65905826,7550.0, 36 months,16.99,D,D3,,RENT,21000.0,Verified,debt_consolidation,IN,32.4,1.0,660.0,664.0,0.0,90.5,22.0,Individual,5,High Risk,Manual Review
65785018,24325.0, 60 months,18.99,E,E3,3 years,MORTGAGE,121000.0,Not Verified,major_purchase,TX,38.29,0.0,720.0,724.0,1.0,83.6,34.0,Individual,6,High Risk,Manual Review
66310495,6000.0, 36 months,19.99,E,E4,< 1 year,RENT,20000.0,Verified,debt_consolidation,NV,30.55,0.0,660.0,664.0,0.0,91.8,6.0,Individual,6,High Risk,Manual Review
66340390,14400.0, 60 months,18.49,E,E2,1 year,RENT,148000.0,Verified,debt_consolidation,CA,38.51,0.0,705.0,709.0,3.0,46.1,50.0,Individual,5,High Risk,Manual Review
66200296,16000.0, 60 months,18.2,E,E1,10+ years,RENT,42000.0,Source Verified,debt_consolidation,MD,30.26,1.0,665.0,669.0,0.0,60.9,55.0,Individual,6,High Risk,Manual Review
66320382,22475.0, 60 months,18.49,E,E2,10+ years,MORTGAGE,65650.0,Source Verified,debt_consolidation,AL,37.71,0.0,725.0,729.0,0.0,68.1,31.0,Individual,5,High Risk,Manual Review
66240403,15075.0, 60 months,20.99,E,E5,10+ years,MORTGAGE,69000.0,Verified,debt_consolidation,IL,35.48,9.0,660.0,664.0,2.0,71.0,36.0,Individual,6,High Risk,Manual Review
66340297,27200.0, 60 months,18.2,E,E1,10+ years,OWN,90000.0,Verified,credit_card,SC,36.08,0.0,685.0,689.0,2.0,70.1,26.0,Individual,5,High Risk,Manual Review
66034912,11500.0, 60 months,18.2,E,E1,7 years,RENT,61200.0,Verified,debt_consolidation,CA,30.63,0.0,710.0,714.0,1.0,32.3,18.0,Individual,5,High Risk,Manual Review
66230235,6125.0, 36 months,24.99,F,F4,2 years,MORTGAGE,130000.0,Verified,home_improvement,NY,11.4,1.0,675.0,679.0,2.0,82.3,7.0,Individual,5,High Risk,Manual Review
66350201,35000.0, 60 months,18.2,E,E1,10+ years,MORTGAGE,112000.0,Verified,debt_consolidation,NY,22.42,2.0,660.0,664.0,1.0,95.0,20.0,Individual,5,High Risk,Manual Review
66122031,27375.0, 60 months,18.49,E,E2,4 years,MORTGAGE,60000.0,Source Verified,debt_consolidation,VA,38.08,0.0,670.0,674.0,0.0,89.7,33.0,Individual,6,High Risk,Manual Review
66390144,16800.0, 60 months,15.41,D,D1,8 years,RENT,54000.0,Verified,debt_consolidation,OK,31.76,1.0,665.0,669.0,0.0,91.6,66.0,Individual,5,High Risk,Manual Review
65986999,4875.0, 36 months,18.49,E,E2,10+ years,RENT,18000.0,Verified,debt_consolidation,GA,30.87,0.0,665.0,669.0,0.0,81.9,25.0,Individual,6,High Risk,Manual Review
65986836,7000.0, 36 months,18.99,E,E3,5 years,RENT,24000.0,Verified,debt_consolidation,NY,35.35,0.0,660.0,664.0,2.0,91.4,17.0,Individual,6,High Risk,Manual Review
66006797,34050.0, 60 months,22.99,F,F2,4 years,OWN,81120.0,Source Verified,credit_card,NE,35.95,0.0,660.0,664.0,2.0,81.1,55.0,Individual,6,High Risk,Manual Review
66097120,25000.0, 60 months,18.2,E,E1,5 years,RENT,57000.0,Source Verified,credit_card,IL,34.3,0.0,670.0,674.0,2.0,78.7,14.0,Individual,5,High Risk,Manual Review
65747886,28975.0, 60 months,20.99,E,E5,10+ years,OWN,63000.0,Source Verified,debt_consolidation,CO,30.17,0.0,695.0,699.0,2.0,47.5,20.0,Individual,5,High Risk,Manual Review
66026905,10800.0, 60 months,20.99,E,E5,10+ years,RENT,41000.0,Verified,debt_consolidation,OH,32.7,0.0,665.0,669.0,3.0,31.0,49.0,Individual,5,High Risk,Manual Review
66056805,13850.0, 60 months,25.99,F,F5,8 years,MORTGAGE,47000.0,Verified,debt_consolidation,TX,32.69,1.0,680.0,684.0,0.0,77.8,36.0,Individual,6,High Risk,Manual Review
65886709,24700.0, 60 months,20.99,E,E5,10+ years,RENT,65000.0,Source Verified,debt_consolidation,CA,20.75,1.0,700.0,704.0,0.0,81.5,24.0,Individual,5,High Risk,Manual Review
65966206,11000.0, 60 months,18.99,E,E3,6 years,RENT,51860.0,Source Verified,other,FL,37.75,0.0,680.0,684.0,0.0,76.3,19.0,Individual,5,High Risk,Manual Review
65936981,9500.0, 36 months,18.2,E,E1,< 1 year,RENT,25000.0,Source Verified,credit_card,MI,35.77,0.0,675.0,679.0,1.0,36.4,16.0,Individual,5,High Risk,Manual Review
66036799,7225.0, 36 months,18.49,E,E2,3 years,MORTGAGE,26665.0,Verified,credit_card,MI,31.55,1.0,670.0,674.0,1.0,71.2,34.0,Individual,6,High Risk,Manual Review
66066851,27600.0, 60 months,18.2,E,E1,,RENT,60000.0,Verified,credit_card,MI,33.72,0.0,675.0,679.0,0.0,59.2,31.0,Individual,5,High Risk,Manual Review
65926865,25000.0, 60 months,21.99,F,F1,1 year,RENT,110000.0,Verified,debt_consolidation,NY,22.1,2.0,670.0,674.0,0.0,82.8,33.0,Individual,5,High Risk,Manual Review
65896681,17000.0, 60 months,23.99,F,F3,< 1 year,RENT,50000.0,Verified,debt_consolidation,WA,32.33,0.0,680.0,684.0,0.0,58.1,26.0,Individual,5,High Risk,Manual Review
65916544,10075.0, 60 months,18.99,E,E3,10+ years,RENT,38000.0,Verified,other,MI,36.92,0.0,665.0,669.0,0.0,42.8,19.0,Individual,5,High Risk,Manual Review
65956704,2300.0, 36 months,18.49,E,E2,1 year,MORTGAGE,35000.0,Source Verified,debt_consolidation,IL,36.29,0.0,670.0,674.0,0.0,73.2,13.0,Individual,5,High Risk,Manual Review
66076785,16825.0, 60 months,18.49,E,E2,10+ years,MORTGAGE,40000.0,Source Verified,debt_consolidation,NE,30.9,0.0,705.0,709.0,0.0,64.5,21.0,Individual,5,High Risk,Manual Review
66121799,10800.0, 60 months,18.2,E,E1,8 years,OWN,26000.0,Verified,debt_consolidation,AL,35.87,0.0,685.0,689.0,0.0,51.2,31.0,Individual,5,High Risk,Manual Review
65936862,20000.0, 60 months,15.41,D,D1,10+ years,MORTGAGE,84618.0,Source Verified,credit_card,IN,30.39,1.0,705.0,709.0,0.0,97.8,23.0,Individual,5,High Risk,Manual Review
65694775,12775.0, 60 months,18.2,E,E1,4 years,OWN,35500.0,Verified,debt_consolidation,LA,33.22,5.0,665.0,669.0,0.0,87.7,23.0,Individual,7,High Risk,Manual Review
66121760,30000.0, 60 months,18.49,E,E2,10+ years,MORTGAGE,70000.0,Source Verified,debt_consolidation,FL,33.67,0.0,680.0,684.0,0.0,70.2,46.0,Individual,5,High Risk,Manual Review
66086760,10200.0, 60 months,27.31,G,G2,7 years,RENT,30000.0,Verified,debt_consolidation,LA,38.64,0.0,685.0,689.0,2.0,76.6,18.0,Individual,5,High Risk,Manual Review
65886634,21000.0, 60 months,19.99,E,E4,5 years,MORTGAGE,50000.0,Not Verified,debt_consolidation,FL,33.32,0.0,670.0,674.0,0.0,37.8,30.0,Individual,5,High Risk,Manual Review
66036498,2775.0, 36 months,19.99,E,E4,7 years,RENT,35000.0,Verified,debt_consolidation,FL,30.08,0.0,660.0,664.0,1.0,40.9,10.0,Individual,5,High Risk,Manual Review
66066020,20975.0, 60 months,18.49,E,E2,7 years,RENT,58285.0,Verified,debt_consolidation,OH,30.14,1.0,660.0,664.0,1.0,64.8,20.0,Individual,6,High Risk,Manual Review
66016537,15150.0, 60 months,18.49,E,E2,9 years,RENT,90000.0,Verified,house,NY,30.07,0.0,665.0,669.0,2.0,33.0,14.0,Individual,5,High Risk,Manual Review
65936696,12950.0, 36 months,19.99,E,E4,10+ years,MORTGAGE,36000.0,Verified,debt_consolidation,OH,36.5,0.0,670.0,674.0,1.0,46.4,46.0,Individual,5,High Risk,Manual Review
65944864,14850.0, 36 months,18.99,E,E3,2 years,OWN,50000.0,Source Verified,debt_consolidation,FL,34.76,0.0,695.0,699.0,1.0,45.7,16.0,Individual,5,High Risk,Manual Review
65956478,13175.0, 60 months,20.99,E,E5,5 years,MORTGAGE,70000.0,Source Verified,other,CA,32.23,0.0,660.0,664.0,1.0,82.4,42.0,Individual,6,High Risk,Manual Review
65956324,32000.0, 60 months,20.99,E,E5,< 1 year,MORTGAGE,80000.0,Verified,credit_card,IN,33.78,0.0,690.0,694.0,0.0,54.7,23.0,Individual,5,High Risk,Manual Review
65637733,19025.0, 60 months,22.99,F,F2,10+ years,MORTGAGE,55000.0,Verified,debt_consolidation,DE,34.21,0.0,675.0,679.0,2.0,63.0,40.0,Individual,5,High Risk,Manual Review
65632573,35000.0, 60 months,18.99,E,E3,10+ years,MORTGAGE,143487.0,Verified,credit_card,VA,11.46,1.0,675.0,679.0,0.0,86.0,25.0,Individual,5,High Risk,Manual Review
66076605,25000.0, 60 months,18.49,E,E2,10+ years,MORTGAGE,130000.0,Verified,debt_consolidation,NY,10.46,2.0,665.0,669.0,0.0,87.2,18.0,Individual,5,High Risk,Manual Review
66016550,21000.0, 60 months,18.49,E,E2,2 years,MORTGAGE,50000.0,Verified,debt_consolidation,CO,34.59,0.0,665.0,669.0,2.0,49.0,26.0,Individual,5,High Risk,Manual Review
65704750,24825.0, 60 months,18.2,E,E1,,MORTGAGE,54000.0,Verified,debt_consolidation,TX,39.62,0.0,700.0,704.0,0.0,99.3,13.0,Individual,6,High Risk,Manual Review
66096385,30000.0, 60 months,18.99,E,E3,1 year,RENT,105000.0,Source Verified,debt_consolidation,CA,33.59,0.0,675.0,679.0,1.0,81.2,22.0,Individual,6,High Risk,Manual Review
65875377,17000.0, 60 months,22.99,F,F2,6 years,RENT,50000.0,Verified,debt_consolidation,TX,38.55,0.0,660.0,664.0,0.0,62.2,33.0,Individual,5,High Risk,Manual Review
65725662,18475.0, 60 months,18.49,E,E2,10+ years,OWN,40190.0,Not Verified,debt_consolidation,PA,34.85,0.0,690.0,694.0,0.0,80.4,32.0,Individual,6,High Risk,Manual Review
65946379,10075.0, 36 months,18.2,E,E1,10+ years,OWN,28000.0,Verified,debt_consolidation,MS,36.91,0.0,670.0,674.0,1.0,58.1,78.0,Individual,5,High Risk,Manual Review
65896229,25650.0, 60 months,18.49,E,E2,10+ years,RENT,67500.0,Source Verified,debt_consolidation,FL,34.79,0.0,675.0,679.0,0.0,97.9,21.0,Individual,6,High Risk,Manual Review
65783712,15475.0, 60 months,17.86,D,D5,10+ years,MORTGAGE,43000.0,Not Verified,other,AR,37.54,2.0,670.0,674.0,0.0,89.4,17.0,Individual,5,High Risk,Manual Review
66026322,20000.0, 60 months,18.2,E,E1,5 years,RENT,60000.0,Source Verified,debt_consolidation,AL,32.18,0.0,665.0,669.0,2.0,26.1,17.0,Individual,5,High Risk,Manual Review
65924627,20400.0, 60 months,21.99,F,F1,10+ years,MORTGAGE,80000.0,Verified,other,CT,39.41,0.0,665.0,669.0,0.0,88.0,35.0,Individual,6,High Risk,Manual Review
65936150,6325.0, 36 months,19.99,E,E4,10+ years,MORTGAGE,44000.0,Source Verified,debt_consolidation,FL,30.63,0.0,765.0,769.0,0.0,24.2,23.0,Individual,5,High Risk,Manual Review
65657174,21750.0, 60 months,17.57,D,D4,10+ years,MORTGAGE,104000.0,Verified,credit_card,SC,34.03,1.0,675.0,679.0,0.0,93.5,22.0,Individual,5,High Risk,Manual Review
65762339,5625.0, 36 months,18.49,E,E2,< 1 year,RENT,35000.0,Verified,debt_consolidation,NJ,33.16,0.0,725.0,729.0,1.0,26.0,11.0,Individual,5,High Risk,Manual Review
65866081,9000.0, 36 months,19.99,E,E4,1 year,RENT,30000.0,Verified,credit_card,IL,30.04,0.0,660.0,664.0,1.0,69.9,21.0,Individual,5,High Risk,Manual Review
65926322,27450.0, 60 months,18.2,E,E1,10+ years,MORTGAGE,121000.0,Verified,home_improvement,CA,38.93,1.0,665.0,669.0,2.0,90.0,19.0,Individual,7,High Risk,Manual Review
65966347,10950.0, 60 months,18.99,E,E3,7 years,OWN,72000.0,Verified,debt_consolidation,OH,23.4,1.0,660.0,664.0,1.0,88.0,15.0,Individual,5,High Risk,Manual Review
65946213,25000.0, 60 months,18.2,E,E1,8 years,OWN,65000.0,Not Verified,small_business,CA,30.58,0.0,725.0,729.0,3.0,48.4,28.0,Individual,5,High Risk,Manual Review
65916065,14475.0, 60 months,18.49,E,E2,,MORTGAGE,37800.0,Verified,debt_consolidation,CA,37.6,1.0,695.0,699.0,1.0,56.5,39.0,Individual,6,High Risk,Manual Review
66046403,10000.0, 60 months,18.2,E,E1,< 1 year,RENT,30000.0,Source Verified,debt_consolidation,NY,32.24,0.0,715.0,719.0,0.0,52.2,40.0,Individual,5,High Risk,Manual Review
65916081,20675.0, 60 months,18.49,E,E2,< 1 year,RENT,47000.0,Source Verified,debt_consolidation,VA,35.14,0.0,725.0,729.0,0.0,88.2,14.0,Individual,6,High Risk,Manual Review
65614017,14000.0, 60 months,18.49,E,E2,,MORTGAGE,39860.0,Not Verified,debt_consolidation,IN,36.95,0.0,705.0,709.0,1.0,66.1,31.0,Individual,5,High Risk,Manual Review
65904461,29475.0, 60 months,23.99,F,F3,4 years,MORTGAGE,134000.0,Verified,debt_consolidation,NC,32.86,1.0,660.0,664.0,1.0,55.7,63.0,Individual,6,High Risk,Manual Review
66005959,10000.0, 60 months,18.2,E,E1,10+ years,OWN,58000.0,Verified,debt_consolidation,AL,37.76,0.0,670.0,674.0,3.0,40.0,44.0,Individual,5,High Risk,Manual Review
65915940,35000.0, 60 months,19.99,E,E4,10+ years,OWN,106000.0,Verified,small_business,MI,39.73,0.0,695.0,699.0,1.0,81.3,30.0,Individual,6,High Risk,Manual Review
65895967,30000.0, 60 months,18.2,E,E1,5 years,MORTGAGE,110000.0,Verified,home_improvement,NJ,11.44,1.0,660.0,664.0,2.0,91.5,23.0,Individual,5,High Risk,Manual Review
66026033,8000.0, 36 months,18.49,E,E2,,RENT,30000.0,Verified,debt_consolidation,NY,34.09,0.0,670.0,674.0,1.0,47.8,20.0,Individual,5,High Risk,Manual Review
66005972,32000.0, 60 months,18.49,E,E2,6 years,RENT,80000.0,Verified,small_business,AZ,34.68,0.0,670.0,674.0,1.0,70.0,13.0,Individual,5,High Risk,Manual Review
66106076,21275.0, 60 months,18.2,E,E1,10+ years,MORTGAGE,70000.0,Source Verified,debt_consolidation,NC,31.48,0.0,675.0,679.0,0.0,78.1,27.0,Individual,5,High Risk,Manual Review
66035980,27600.0, 36 months,18.99,E,E3,7 years,MORTGAGE,83000.0,Verified,debt_consolidation,GA,32.97,0.0,670.0,674.0,1.0,89.0,30.0,Individual,6,High Risk,Manual Review
65915866,24000.0, 60 months,18.49,E,E2,10+ years,RENT,60000.0,Verified,debt_consolidation,CA,33.36,2.0,690.0,694.0,1.0,43.7,24.0,Individual,6,High Risk,Manual Review
65955899,10000.0, 36 months,18.49,E,E2,10+ years,OWN,59000.0,Verified,debt_consolidation,IN,33.69,1.0,680.0,684.0,3.0,67.7,40.0,Individual,6,High Risk,Manual Review
66085465,10850.0, 60 months,19.99,E,E4,10+ years,OWN,34000.0,Verified,home_improvement,OH,35.19,0.0,660.0,664.0,0.0,53.7,17.0,Individual,5,High Risk,Manual Review
65775842,15000.0, 60 months,18.2,E,E1,10+ years,MORTGAGE,72000.0,Verified,debt_consolidation,KY,34.75,0.0,675.0,679.0,0.0,52.0,55.0,Individual,5,High Risk,Manual Review
65986020,13475.0, 60 months,19.99,E,E4,3 years,RENT,37000.0,Verified,debt_consolidation,CA,33.77,0.0,680.0,684.0,0.0,29.5,26.0,Individual,5,High Risk,Manual Review
66005776,19350.0, 60 months,27.88,G,G3,5 years,RENT,84000.0,Verified,other,FL,33.4,0.0,670.0,674.0,1.0,66.9,26.0,Individual,5,High Risk,Manual Review
65865681,35000.0, 60 months,18.99,E,E3,5 years,RENT,80000.0,Verified,debt_consolidation,VT,39.8,0.0,680.0,684.0,0.0,63.0,51.0,Individual,5,High Risk,Manual Review
65905769,10775.0, 60 months,18.99,E,E3,5 years,MORTGAGE,31000.0,Source Verified,debt_consolidation,MO,35.73,0.0,710.0,714.0,0.0,0.3,12.0,Individual,5,High Risk,Manual Review
66035498,11900.0, 60 months,18.49,E,E2,3 years,RENT,36000.0,Verified,small_business,PA,37.0,0.0,660.0,664.0,3.0,46.2,17.0,Individual,5,High Risk,Manual Review
65915603,24000.0, 60 months,18.99,E,E3,,OWN,60000.0,Verified,other,MI,32.28,0.0,695.0,699.0,0.0,46.4,18.0,Individual,5,High Risk,Manual Review
65865663,20850.0, 60 months,19.99,E,E4,9 years,MORTGAGE,41700.0,Verified,debt_consolidation,OH,31.97,1.0,660.0,664.0,2.0,74.1,29.0,Individual,6,High Risk,Manual Review
66045903,18475.0, 60 months,21.99,F,F1,2 years,OWN,42000.0,Verified,credit_card,LA,39.71,0.0,690.0,694.0,1.0,58.6,16.0,Individual,5,High Risk,Manual Review
65737542,35000.0, 60 months,18.99,E,E3,10+ years,RENT,120000.0,Source Verified,debt_consolidation,MN,29.75,1.0,660.0,664.0,0.0,87.8,33.0,Individual,5,High Risk,Manual Review
65895642,7975.0, 36 months,18.99,E,E3,2 years,MORTGAGE,35000.0,Verified,debt_consolidation,MO,34.22,0.0,660.0,664.0,2.0,77.0,16.0,Individual,5,High Risk,Manual Review
65885782,13675.0, 60 months,18.49,E,E2,5 years,MORTGAGE,28000.0,Verified,debt_consolidation,FL,32.45,0.0,665.0,669.0,1.0,61.7,18.0,Individual,5,High Risk,Manual Review
65985756,18000.0, 60 months,25.99,F,F5,3 years,RENT,50000.0,Verified,debt_consolidation,CA,35.74,0.0,660.0,664.0,0.0,93.7,15.0,Individual,6,High Risk,Manual Review
65975861,35000.0, 60 months,19.99,E,E4,4 years,OWN,132000.0,Source Verified,debt_consolidation,TX,28.33,1.0,680.0,684.0,1.0,82.0,22.0,Individual,5,High Risk,Manual Review
66025565,24575.0, 60 months,18.99,E,E3,3 years,MORTGAGE,65000.0,Source Verified,debt_consolidation,CA,31.11,0.0,660.0,664.0,0.0,59.4,24.0,Individual,5,High Risk,Manual Review
65945533,14950.0, 36 months,21.99,F,F1,10+ years,MORTGAGE,44000.0,Verified,other,TX,32.24,0.0,665.0,669.0,1.0,47.7,45.0,Individual,5,High Risk,Manual Review
66120390,5000.0, 36 months,18.49,E,E2,8 years,RENT,25000.0,Verified,debt_consolidation,CA,33.56,0.0,675.0,679.0,1.0,102.2,8.0,Individual,6,High Risk,Manual Review
66015598,23800.0, 60 months,18.99,E,E3,8 years,MORTGAGE,50000.0,Source Verified,debt_consolidation,IL,38.49,0.0,660.0,664.0,0.0,56.7,21.0,Individual,5,High Risk,Manual Review
66065420,32000.0, 60 months,22.99,F,F2,2 years,RENT,100000.0,Verified,credit_card,TX,23.92,2.0,690.0,694.0,0.0,86.3,14.0,Individual,5,High Risk,Manual Review
65834800,18900.0, 60 months,17.86,D,D5,10+ years,MORTGAGE,73000.0,Verified,debt_consolidation,VA,36.5,1.0,685.0,689.0,1.0,82.0,22.0,Individual,5,High Risk,Manual Review
66075543,6350.0, 36 months,18.49,E,E2,3 years,RENT,120000.0,Verified,other,NY,7.62,5.0,665.0,669.0,0.0,80.6,16.0,Individual,5,High Risk,Manual Review
65736315,8050.0, 36 months,18.49,E,E2,8 years,MORTGAGE,37500.0,Source Verified,home_improvement,CA,30.42,0.0,735.0,739.0,1.0,13.7,17.0,Individual,5,High Risk,Manual Review
65925618,22000.0, 60 months,18.2,E,E1,10+ years,RENT,50000.0,Source Verified,debt_consolidation,MA,30.27,1.0,675.0,679.0,0.0,32.2,17.0,Individual,6,High Risk,Manual Review
66085383,31000.0, 60 months,19.99,E,E4,7 years,MORTGAGE,62000.0,Source Verified,debt_consolidation,MT,31.98,0.0,695.0,699.0,2.0,62.5,9.0,Individual,5,High Risk,Manual Review
65965511,14400.0, 60 months,19.99,E,E4,2 years,RENT,40000.0,Verified,other,NY,30.09,2.0,660.0,664.0,0.0,56.5,24.0,Individual,6,High Risk,Manual Review
65975452,18000.0, 36 months,19.99,E,E4,1 year,RENT,50000.0,Source Verified,debt_consolidation,MA,17.21,6.0,660.0,664.0,1.0,89.6,17.0,Individual,5,High Risk,Manual Review
65662444,35000.0, 60 months,19.99,E,E4,6 years,MORTGAGE,150000.0,Source Verified,debt_consolidation,VA,35.45,0.0,700.0,704.0,0.0,76.1,52.0,Individual,5,High Risk,Manual Review
66085431,13000.0, 60 months,18.49,E,E2,5 years,MORTGAGE,48000.0,Verified,debt_consolidation,TX,30.93,0.0,675.0,679.0,2.0,56.9,19.0,Individual,5,High Risk,Manual Review
65905403,12000.0, 60 months,21.99,F,F1,10+ years,OWN,50000.0,Source Verified,debt_consolidation,FL,38.14,0.0,665.0,669.0,2.0,58.2,15.0,Individual,5,High Risk,Manual Review
66025318,23100.0, 60 months,18.2,E,E1,10+ years,MORTGAGE,55000.0,Source Verified,debt_consolidation,MS,31.92,0.0,670.0,674.0,0.0,58.7,33.0,Individual,5,High Risk,Manual Review
65875549,20500.0, 60 months,18.99,E,E3,2 years,RENT,41000.0,Source Verified,debt_consolidation,NJ,30.68,0.0,775.0,779.0,1.0,13.4,30.0,Individual,5,High Risk,Manual Review
65975350,15400.0, 60 months,18.49,E,E2,5 years,RENT,50000.0,Verified,other,OH,39.13,0.0,690.0,694.0,0.0,76.9,40.0,Individual,5,High Risk,Manual Review
66055243,3050.0, 36 months,18.2,E,E1,10+ years,RENT,50000.0,Verified,credit_card,TX,32.72,0.0,665.0,669.0,2.0,53.2,10.0,Individual,5,High Risk,Manual Review
65935330,11550.0, 36 months,18.49,E,E2,2 years,RENT,33000.0,Verified,small_business,AL,34.69,0.0,675.0,679.0,0.0,83.0,15.0,Individual,6,High Risk,Manual Review
65597452,6225.0, 36 months,21.99,F,F1,10+ years,OWN,65000.0,Verified,debt_consolidation,NY,30.98,1.0,675.0,679.0,0.0,57.0,9.0,Individual,6,High Risk,Manual Review
66084983,16800.0, 60 months,18.99,E,E3,,RENT,37360.0,Verified,debt_consolidation,KY,32.64,0.0,675.0,679.0,1.0,80.0,27.0,Individual,5,High Risk,Manual Review
66005133,35000.0, 60 months,21.99,F,F1,8 years,MORTGAGE,85000.0,Source Verified,debt_consolidation,KY,16.98,2.0,660.0,664.0,0.0,87.1,52.0,Individual,5,High Risk,Manual Review
65707355,10550.0, 36 months,18.49,E,E2,< 1 year,RENT,40000.0,Source Verified,debt_consolidation,NJ,31.68,0.0,680.0,684.0,0.0,70.2,12.0,Individual,5,High Risk,Manual Review
66075120,12000.0, 60 months,18.49,E,E2,7 years,MORTGAGE,57500.0,Verified,debt_consolidation,GA,39.76,0.0,695.0,699.0,1.0,75.9,22.0,Individual,5,High Risk,Manual Review
66025035,30000.0, 60 months,20.99,E,E5,10+ years,MORTGAGE,80000.0,Verified,debt_consolidation,AL,37.61,0.0,675.0,679.0,1.0,74.0,35.0,Individual,5,High Risk,Manual Review
66024961,14400.0, 60 months,21.99,F,F1,1 year,RENT,37000.0,Verified,debt_consolidation,CA,31.93,0.0,670.0,674.0,1.0,26.3,21.0,Individual,5,High Risk,Manual Review
66015046,14700.0, 60 months,18.99,E,E3,,OWN,35000.0,Verified,credit_card,AR,32.24,0.0,695.0,699.0,0.0,99.3,23.0,Individual,6,High Risk,Manual Review
65644313,11925.0, 60 months,18.49,E,E2,< 1 year,RENT,65000.0,Source Verified,debt_consolidation,OH,35.17,0.0,700.0,704.0,2.0,44.0,26.0,Individual,5,High Risk,Manual Review
65924979,15250.0, 60 months,21.99,F,F1,8 years,RENT,34700.0,Verified,debt_consolidation,HI,35.94,0.0,690.0,694.0,0.0,33.5,13.0,Individual,5,High Risk,Manual Review
66045019,31025.0, 60 months,18.2,E,E1,,MORTGAGE,76000.0,Verified,debt_consolidation,FL,39.03,0.0,820.0,824.0,0.0,30.3,30.0,Individual,5,High Risk,Manual Review
65745174,35000.0, 60 months,18.49,E,E2,10+ years,OWN,83000.0,Verified,debt_consolidation,OH,39.69,0.0,705.0,709.0,0.0,84.3,47.0,Individual,6,High Risk,Manual Review
65964901,13400.0, 60 months,20.99,E,E5,2 years,MORTGAGE,90000.0,Source Verified,debt_consolidation,FL,11.52,1.0,665.0,669.0,1.0,81.2,18.0,Individual,5,High Risk,Manual Review
65934508,15000.0, 60 months,18.49,E,E2,10+ years,RENT,37536.0,Verified,debt_consolidation,WA,33.18,0.0,675.0,679.0,1.0,22.1,16.0,Individual,5,High Risk,Manual Review
66034796,11300.0, 60 months,24.99,F,F4,8 years,MORTGAGE,60000.0,Verified,debt_consolidation,NJ,21.96,1.0,670.0,674.0,0.0,97.4,15.0,Individual,5,High Risk,Manual Review
65994742,7650.0, 36 months,18.2,E,E1,4 years,MORTGAGE,37000.0,Verified,debt_consolidation,LA,37.59,0.0,685.0,689.0,0.0,87.2,10.0,Individual,6,High Risk,Manual Review
65864753,14925.0, 60 months,23.99,F,F3,8 years,RENT,45000.0,Verified,debt_consolidation,MD,38.24,0.0,675.0,679.0,0.0,54.3,20.0,Individual,5,High Risk,Manual Review
65924941,13600.0, 36 months,21.99,F,F1,10+ years,RENT,40000.0,Verified,other,TX,33.03,0.0,665.0,669.0,0.0,40.8,29.0,Individual,5,High Risk,Manual Review
65747931,18950.0, 60 months,19.99,E,E4,,OWN,52680.0,Verified,debt_consolidation,TX,33.97,0.0,665.0,669.0,0.0,65.8,30.0,Individual,5,High Risk,Manual Review
66104618,7700.0, 36 months,15.41,D,D1,10+ years,MORTGAGE,72000.0,Verified,debt_consolidation,LA,30.42,1.0,680.0,684.0,1.0,81.3,21.0,Individual,5,High Risk,Manual Review
65944559,24475.0, 60 months,18.99,E,E3,6 years,OWN,51000.0,Source Verified,home_improvement,MO,30.59,0.0,695.0,699.0,1.0,67.7,16.0,Individual,5,High Risk,Manual Review
66024667,25000.0, 60 months,18.99,E,E3,2 years,RENT,110000.0,Source Verified,debt_consolidation,NJ,31.56,1.0,685.0,689.0,0.0,78.9,38.0,Individual,6,High Risk,Manual Review
65814127,26900.0, 60 months,27.31,G,G2,,MORTGAGE,70800.0,Verified,debt_consolidation,NY,28.59,1.0,665.0,669.0,0.0,97.4,27.0,Individual,5,High Risk,Manual Review
66084629,14050.0, 60 months,17.57,D,D4,1 year,RENT,37000.0,Source Verified,credit_card,OH,30.68,1.0,670.0,674.0,0.0,96.9,22.0,Individual,5,High Risk,Manual Review
65605220,14050.0, 60 months,22.99,F,F2,3 years,MORTGAGE,39000.0,Verified,credit_card,FL,36.92,1.0,675.0,679.0,1.0,73.0,22.0,Individual,6,High Risk,Manual Review
65994397,14200.0, 60 months,18.99,E,E3,3 years,MORTGAGE,75000.0,Verified,debt_consolidation,NY,31.02,0.0,680.0,684.0,1.0,99.0,18.0,Individual,6,High Risk,Manual Review
66074347,27300.0, 60 months,18.49,E,E2,3 years,RENT,65000.0,Verified,credit_card,VA,37.49,2.0,660.0,664.0,0.0,106.0,12.0,Individual,7,High Risk,Manual Review
65707423,15400.0, 60 months,18.49,E,E2,,MORTGAGE,48000.0,Verified,debt_consolidation,PA,35.48,0.0,660.0,664.0,4.0,75.9,51.0,Individual,5,High Risk,Manual Review
65984409,22000.0, 60 months,18.2,E,E1,10+ years,MORTGAGE,61300.0,Source Verified,credit_card,AR,33.91,0.0,665.0,669.0,1.0,73.3,76.0,Individual,5,High Risk,Manual Review
66064515,9600.0, 36 months,25.99,F,F5,3 years,RENT,32000.0,Verified,home_improvement,FL,37.17,0.0,665.0,669.0,0.0,53.1,19.0,Individual,5,High Risk,Manual Review
65634173,32200.0, 60 months,18.49,E,E2,< 1 year,RENT,70000.0,Source Verified,debt_consolidation,FL,31.42,0.0,720.0,724.0,0.0,45.4,26.0,Individual,5,High Risk,Manual Review
65637614,16725.0, 60 months,23.99,F,F3,10+ years,MORTGAGE,41000.0,Source Verified,home_improvement,MO,38.7,0.0,710.0,714.0,0.0,72.6,16.0,Individual,5,High Risk,Manual Review
65694340,21700.0, 60 months,20.99,E,E5,10+ years,MORTGAGE,65000.0,Source Verified,debt_consolidation,TX,25.57,1.0,660.0,664.0,0.0,86.6,14.0,Individual,5,High Risk,Manual Review
65914347,33375.0, 60 months,18.49,E,E2,10+ years,MORTGAGE,74240.78,Source Verified,debt_consolidation,TX,30.6,0.0,680.0,684.0,0.0,61.2,27.0,Individual,5,High Risk,Manual Review
65674585,26400.0, 60 months,18.49,E,E2,8 years,RENT,60000.0,Source Verified,debt_consolidation,PA,30.18,0.0,685.0,689.0,2.0,59.6,48.0,Individual,5,High Risk,Manual Review
65613900,5725.0, 36 months,18.49,E,E2,6 years,RENT,27000.0,Verified,debt_consolidation,IN,35.6,0.0,665.0,669.0,0.0,59.7,22.0,Individual,5,High Risk,Manual Review
65994450,7200.0, 36 months,19.99,E,E4,2 years,RENT,24000.0,Verified,debt_consolidation,FL,34.59,0.0,660.0,664.0,0.0,70.6,10.0,Individual,5,High Risk,Manual Review
65712471,20500.0, 60 months,18.49,E,E2,10+ years,RENT,57000.0,Verified,debt_consolidation,WI,36.78,0.0,675.0,679.0,1.0,89.1,27.0,Individual,6,High Risk,Manual Review
65964379,25000.0, 60 months,19.99,E,E4,10+ years,RENT,98000.0,Source Verified,debt_consolidation,NY,36.0,0.0,680.0,684.0,2.0,98.8,19.0,Individual,6,High Risk,Manual Review
66084155,10000.0, 60 months,18.49,E,E2,10+ years,MORTGAGE,50000.0,Source Verified,home_improvement,PA,32.93,0.0,670.0,674.0,1.0,90.3,22.0,Individual,6,High Risk,Manual Review
66094268,25000.0, 60 months,18.2,E,E1,1 year,RENT,66000.0,Source Verified,debt_consolidation,TN,30.73,0.0,705.0,709.0,0.0,37.9,24.0,Individual,5,High Risk,Manual Review
65954285,11950.0, 36 months,25.99,F,F5,8 years,RENT,55000.0,Verified,debt_consolidation,GA,31.62,0.0,665.0,669.0,3.0,50.1,26.0,Individual,5,High Risk,Manual Review
66024321,11150.0, 60 months,18.2,E,E1,7 years,RENT,31000.0,Source Verified,debt_consolidation,TX,31.86,0.0,690.0,694.0,0.0,72.5,11.0,Individual,5,High Risk,Manual Review
65786614,23800.0, 60 months,21.99,F,F1,10+ years,MORTGAGE,100000.0,Source Verified,debt_consolidation,VA,30.27,0.0,665.0,669.0,2.0,56.0,39.0,Individual,5,High Risk,Manual Review
66084227,26100.0, 60 months,18.49,E,E2,< 1 year,MORTGAGE,95000.0,Not Verified,debt_consolidation,FL,36.47,0.0,675.0,679.0,0.0,64.5,49.0,Individual,5,High Risk,Manual Review
66084236,22800.0, 60 months,18.2,E,E1,5 years,MORTGAGE,59000.0,Source Verified,debt_consolidation,CO,36.03,0.0,660.0,664.0,0.0,85.2,29.0,Individual,6,High Risk,Manual Review
65974279,16750.0, 60 months,19.99,E,E4,1 year,RENT,33500.0,Verified,debt_consolidation,OK,33.39,0.0,660.0,664.0,0.0,67.1,28.0,Individual,5,High Risk,Manual Review
66034239,12000.0, 60 months,22.99,F,F2,8 years,OWN,30000.0,Source Verified,debt_consolidation,NE,33.16,0.0,685.0,689.0,1.0,43.7,19.0,Individual,5,High Risk,Manual Review
66044127,35000.0, 60 months,18.99,E,E3,10+ years,MORTGAGE,225000.0,Source Verified,debt_consolidation,NJ,30.87,0.0,685.0,689.0,1.0,99.0,29.0,Individual,6,High Risk,Manual Review
66074172,16000.0, 60 months,18.49,E,E2,10+ years,MORTGAGE,70000.0,Source Verified,debt_consolidation,NH,32.86,0.0,665.0,669.0,2.0,62.6,39.0,Individual,5,High Risk,Manual Review
65008201,18000.0, 60 months,15.41,D,D1,2 years,RENT,62000.0,Source Verified,debt_consolidation,NJ,32.23,1.0,660.0,664.0,0.0,92.3,11.0,Individual,5,High Risk,Manual Review
65874346,14600.0, 60 months,21.99,F,F1,< 1 year,RENT,40000.0,Verified,debt_consolidation,NJ,38.43,0.0,690.0,694.0,3.0,52.0,31.0,Individual,5,High Risk,Manual Review
66014148,13800.0, 60 months,18.49,E,E2,10+ years,MORTGAGE,76000.0,Source Verified,credit_card,SC,35.89,0.0,675.0,679.0,1.0,77.2,39.0,Individual,5,High Risk,Manual Review
65787720,10500.0, 36 months,18.99,E,E3,2 years,MORTGAGE,50000.0,Verified,debt_consolidation,SD,32.33,0.0,745.0,749.0,0.0,18.8,26.0,Individual,5,High Risk,Manual Review
65756983,20975.0, 60 months,18.99,E,E3,3 years,RENT,54000.0,Not Verified,debt_consolidation,CA,33.86,1.0,670.0,674.0,1.0,27.1,32.0,Individual,6,High Risk,Manual Review
65581199,9100.0, 36 months,18.2,E,E1,8 years,RENT,26000.0,Verified,credit_card,AR,30.1,0.0,690.0,694.0,1.0,49.0,19.0,Individual,5,High Risk,Manual Review
65797580,21375.0, 60 months,18.99,E,E3,10+ years,RENT,85000.0,Source Verified,debt_consolidation,NJ,33.59,0.0,675.0,679.0,2.0,83.8,25.0,Individual,6,High Risk,Manual Review
65607978,11100.0, 60 months,27.88,G,G3,,RENT,26000.0,Verified,small_business,OR,35.46,2.0,670.0,674.0,0.0,73.9,17.0,Individual,6,High Risk,Manual Review
65141570,2150.0, 36 months,18.99,E,E3,10+ years,MORTGAGE,34000.0,Source Verified,debt_consolidation,FL,31.91,0.0,665.0,669.0,2.0,78.0,35.0,Individual,5,High Risk,Manual Review
65322551,33000.0, 60 months,25.99,F,F5,5 years,RENT,82000.0,Verified,debt_consolidation,NY,32.78,0.0,660.0,664.0,1.0,98.7,27.0,Individual,6,High Risk,Manual Review
65677698,25000.0, 36 months,18.2,E,E1,8 years,MORTGAGE,60000.0,Verified,debt_consolidation,OR,39.0,0.0,685.0,689.0,1.0,44.4,24.0,Individual,5,High Risk,Manual Review
65843136,5600.0, 36 months,18.2,E,E1,2 years,RENT,55500.0,Verified,credit_card,IN,36.91,0.0,670.0,674.0,1.0,66.3,41.0,Individual,5,High Risk,Manual Review
65687457,8100.0, 36 months,19.99,E,E4,,RENT,27000.0,Verified,medical,NJ,34.04,0.0,670.0,674.0,0.0,0.3,11.0,Individual,5,High Risk,Manual Review
65616318,10325.0, 60 months,18.2,E,E1,10+ years,RENT,60000.0,Source Verified,debt_consolidation,PA,37.1,0.0,695.0,699.0,0.0,96.0,20.0,Individual,6,High Risk,Manual Review
65028712,17225.0, 60 months,18.99,E,E3,< 1 year,MORTGAGE,96000.0,Source Verified,debt_consolidation,VA,31.7,1.0,690.0,694.0,2.0,65.8,44.0,Individual,6,High Risk,Manual Review
65607625,17500.0, 60 months,18.99,E,E3,5 years,RENT,35000.0,Source Verified,debt_consolidation,TX,38.61,0.0,690.0,694.0,0.0,52.3,34.0,Individual,5,High Risk,Manual Review
65814211,8475.0, 36 months,20.99,E,E5,10+ years,MORTGAGE,50000.0,Verified,debt_consolidation,MD,29.84,1.0,665.0,669.0,0.0,93.0,25.0,Individual,5,High Risk,Manual Review
65627000,12825.0, 36 months,18.2,E,E1,< 1 year,MORTGAGE,40000.0,Verified,debt_consolidation,OH,33.9,0.0,685.0,689.0,3.0,33.0,31.0,Individual,5,High Risk,Manual Review
65837617,35000.0, 60 months,19.99,E,E4,< 1 year,OWN,110000.0,Source Verified,debt_consolidation,FL,38.87,2.0,670.0,674.0,1.0,46.0,26.0,Individual,6,High Risk,Manual Review
65189409,5125.0, 36 months,18.49,E,E2,10+ years,RENT,26650.0,Source Verified,debt_consolidation,MO,31.85,0.0,700.0,704.0,1.0,22.0,15.0,Individual,5,High Risk,Manual Review
65835856,13650.0, 60 months,18.2,E,E1,10+ years,MORTGAGE,72000.0,Source Verified,credit_card,NH,31.55,0.0,700.0,704.0,1.0,97.1,37.0,Individual,6,High Risk,Manual Review
65707332,9250.0, 36 months,16.55,D,D2,8 years,MORTGAGE,29000.0,Not Verified,debt_consolidation,MO,35.72,1.0,670.0,674.0,0.0,86.3,16.0,Individual,5,High Risk,Manual Review
65139602,18125.0, 60 months,18.2,E,E1,4 years,MORTGAGE,72000.0,Not Verified,debt_consolidation,UT,32.03,0.0,670.0,674.0,1.0,79.7,21.0,Individual,5,High Risk,Manual Review
65802766,18575.0, 60 months,18.99,E,E3,9 years,RENT,42250.0,Not Verified,debt_consolidation,NY,34.66,0.0,695.0,699.0,0.0,52.2,23.0,Individual,5,High Risk,Manual Review
65787319,19300.0, 60 months,18.49,E,E2,10+ years,RENT,46000.0,Verified,credit_card,NH,38.51,0.0,675.0,679.0,0.0,74.2,40.0,Individual,5,High Risk,Manual Review
65029209,12000.0, 60 months,17.57,D,D4,10+ years,RENT,55000.0,Source Verified,debt_consolidation,WI,37.55,1.0,675.0,679.0,0.0,87.7,36.0,Individual,5,High Risk,Manual Review
65677312,34500.0, 60 months,21.99,F,F1,10+ years,MORTGAGE,75000.0,Verified,debt_consolidation,OH,37.76,0.0,700.0,704.0,0.0,58.8,36.0,Individual,5,High Risk,Manual Review
65646473,4500.0, 36 months,18.99,E,E3,,OWN,22000.0,Verified,other,CA,36.43,0.0,695.0,699.0,0.0,71.8,5.0,Individual,5,High Risk,Manual Review
65664901,34000.0, 60 months,25.99,F,F5,10+ years,OWN,81000.0,Source Verified,credit_card,MA,35.29,0.0,685.0,689.0,1.0,59.7,36.0,Individual,5,High Risk,Manual Review
65787014,23750.0, 60 months,19.99,E,E4,10+ years,RENT,51892.0,Verified,debt_consolidation,VA,30.83,0.0,680.0,684.0,2.0,74.1,16.0,Individual,5,High Risk,Manual Review
65767048,26675.0, 60 months,18.49,E,E2,< 1 year,MORTGAGE,71000.0,Verified,debt_consolidation,NJ,34.86,3.0,675.0,679.0,1.0,34.9,42.0,Individual,6,High Risk,Manual Review
65795907,16575.0, 60 months,20.99,E,E5,< 1 year,RENT,39500.0,Verified,debt_consolidation,WY,37.37,0.0,710.0,714.0,1.0,45.6,46.0,Individual,5,High Risk,Manual Review
65747173,12250.0, 60 months,18.49,E,E2,3 years,MORTGAGE,35000.0,Verified,credit_card,OK,37.62,0.0,710.0,714.0,3.0,32.0,70.0,Individual,5,High Risk,Manual Review
65797010,20000.0, 60 months,18.49,E,E2,10+ years,MORTGAGE,70000.0,Source Verified,debt_consolidation,PA,38.95,0.0,660.0,664.0,1.0,92.1,34.0,Individual,6,High Risk,Manual Review
64360949,35000.0, 60 months,18.99,E,E3,10+ years,RENT,91000.0,Source Verified,other,NV,32.4,0.0,680.0,684.0,0.0,12.9,22.0,Individual,5,High Risk,Manual Review
65616948,12000.0, 60 months,18.49,E,E2,2 years,MORTGAGE,50000.0,Source Verified,debt_consolidation,OH,20.38,1.0,675.0,679.0,0.0,87.3,25.0,Individual,5,High Risk,Manual Review
65596991,9175.0, 36 months,18.99,E,E3,8 years,MORTGAGE,25500.0,Verified,debt_consolidation,IL,31.91,0.0,700.0,704.0,0.0,81.7,18.0,Individual,6,High Risk,Manual Review
65786649,10500.0, 60 months,18.49,E,E2,2 years,RENT,25000.0,Verified,debt_consolidation,MI,36.65,0.0,660.0,664.0,1.0,84.9,13.0,Individual,6,High Risk,Manual Review
65746364,24325.0, 60 months,18.49,E,E2,10+ years,MORTGAGE,80000.0,Source Verified,debt_consolidation,MO,30.51,0.0,720.0,724.0,0.0,58.8,19.0,Individual,5,High Risk,Manual Review
65826840,14275.0, 60 months,18.2,E,E1,,RENT,29774.0,Not Verified,credit_card,UT,34.99,0.0,700.0,704.0,0.0,83.6,7.0,Individual,6,High Risk,Manual Review
65596921,15000.0, 60 months,27.31,G,G2,10+ years,MORTGAGE,30000.0,Verified,debt_consolidation,CA,30.04,0.0,665.0,669.0,0.0,59.4,26.0,Individual,5,High Risk,Manual Review
65107965,22500.0, 60 months,26.77,G,G1,1 year,RENT,45000.0,Source Verified,credit_card,TX,34.43,0.0,700.0,704.0,1.0,55.4,30.0,Individual,5,High Risk,Manual Review
65773666,20725.0, 60 months,18.99,E,E3,1 year,RENT,72000.0,Source Verified,debt_consolidation,NY,37.52,1.0,670.0,674.0,1.0,97.2,43.0,Individual,7,High Risk,Manual Review
65666521,12950.0, 60 months,18.99,E,E3,3 years,OWN,36000.0,Verified,debt_consolidation,OH,32.6,1.0,665.0,669.0,2.0,88.0,15.0,Individual,7,High Risk,Manual Review
65594567,14500.0, 60 months,18.49,E,E2,4 years,MORTGAGE,29000.0,Not Verified,debt_consolidation,PA,35.84,0.0,670.0,674.0,0.0,50.1,14.0,Individual,5,High Risk,Manual Review
65674918,15250.0, 60 months,18.49,E,E2,10+ years,MORTGAGE,72000.0,Source Verified,debt_consolidation,AZ,31.43,0.0,695.0,699.0,1.0,57.0,22.0,Individual,5,High Risk,Manual Review
65766595,30000.0, 60 months,21.99,F,F1,3 years,MORTGAGE,135960.0,Verified,debt_consolidation,VA,13.63,3.0,670.0,674.0,0.0,92.7,25.0,Individual,5,High Risk,Manual Review
65732931,16550.0, 60 months,27.88,G,G3,8 years,RENT,46000.0,Verified,debt_consolidation,NY,31.12,0.0,720.0,724.0,1.0,87.0,24.0,Individual,6,High Risk,Manual Review
65622337,12650.0, 60 months,18.2,E,E1,< 1 year,RENT,27500.0,Source Verified,debt_consolidation,CA,34.05,0.0,715.0,719.0,0.0,59.1,26.0,Individual,5,High Risk,Manual Review
65756666,8150.0, 36 months,18.49,E,E2,3 years,RENT,24000.0,Verified,debt_consolidation,CA,39.95,1.0,700.0,704.0,1.0,21.5,13.0,Individual,6,High Risk,Manual Review
64049425,16000.0, 60 months,17.57,D,D4,< 1 year,RENT,45500.0,Not Verified,debt_consolidation,TX,31.32,1.0,660.0,664.0,0.0,89.1,43.0,Individual,5,High Risk,Manual Review
65826439,15000.0, 60 months,18.99,E,E3,8 years,RENT,42000.0,Source Verified,other,NY,35.1,1.0,670.0,674.0,0.0,69.5,26.0,Individual,6,High Risk,Manual Review
65646235,25375.0, 60 months,19.99,E,E4,10+ years,OWN,66800.0,Verified,debt_consolidation,NY,31.71,0.0,670.0,674.0,0.0,97.7,23.0,Individual,6,High Risk,Manual Review
65726217,7375.0, 36 months,18.49,E,E2,,OWN,21704.0,Verified,home_improvement,AZ,38.11,0.0,715.0,719.0,0.0,35.2,14.0,Individual,5,High Risk,Manual Review
65666664,17500.0, 60 months,18.2,E,E1,10+ years,MORTGAGE,50000.0,Not Verified,debt_consolidation,IL,35.03,0.0,705.0,709.0,0.0,93.6,24.0,Individual,6,High Risk,Manual Review
65836829,19250.0, 60 months,18.49,E,E2,6 years,OWN,53000.0,Source Verified,debt_consolidation,FL,22.73,1.0,660.0,664.0,1.0,81.5,29.0,Individual,5,High Risk,Manual Review
65606769,15000.0, 60 months,6.0,E,E3,9 years,RENT,42000.0,Verified,debt_consolidation,MI,31.14,1.0,700.0,704.0,1.0,42.5,53.0,Individual,5,High Risk,Manual Review
65605634,18250.0, 60 months,22.99,F,F2,10+ years,RENT,62000.0,Source Verified,debt_consolidation,TX,32.69,1.0,670.0,674.0,0.0,92.6,22.0,Individual,7,High Risk,Manual Review
65189655,30450.0, 60 months,18.49,E,E2,10+ years,MORTGAGE,65000.0,Source Verified,credit_card,ME,37.09,2.0,675.0,679.0,1.0,68.1,47.0,Individual,6,High Risk,Manual Review
65831810,35000.0, 60 months,18.2,E,E1,2 years,MORTGAGE,101000.0,Verified,debt_consolidation,AL,33.6,0.0,685.0,689.0,1.0,35.1,50.0,Individual,5,High Risk,Manual Review
65733260,31275.0, 36 months,18.2,E,E1,10+ years,MORTGAGE,85000.0,Verified,credit_card,IL,39.38,0.0,665.0,669.0,3.0,81.0,42.0,Individual,6,High Risk,Manual Review
65726343,29400.0, 60 months,20.99,E,E5,6 years,MORTGAGE,70000.0,Verified,debt_consolidation,PA,31.53,0.0,690.0,694.0,2.0,70.8,24.0,Individual,5,High Risk,Manual Review
65716463,25000.0, 60 months,15.41,D,D1,1 year,RENT,125000.0,Verified,debt_consolidation,FL,31.05,1.0,685.0,689.0,0.0,83.4,36.0,Individual,5,High Risk,Manual Review
65826432,18975.0, 60 months,18.49,E,E2,7 years,RENT,55000.0,Verified,debt_consolidation,NY,38.9,0.0,695.0,699.0,2.0,25.0,35.0,Individual,5,High Risk,Manual Review
65826273,28150.0, 60 months,18.2,E,E1,10+ years,RENT,64000.0,Source Verified,debt_consolidation,MA,30.45,0.0,685.0,689.0,1.0,69.9,14.0,Individual,5,High Risk,Manual Review
65625981,3200.0, 36 months,18.2,E,E1,8 years,MORTGAGE,32000.0,Source Verified,debt_consolidation,CO,36.61,0.0,680.0,684.0,0.0,83.5,11.0,Individual,6,High Risk,Manual Review
65736429,14400.0, 60 months,19.99,E,E4,10+ years,MORTGAGE,342000.0,Verified,other,NJ,14.93,1.0,670.0,674.0,1.0,89.6,45.0,Individual,5,High Risk,Manual Review
65806306,30000.0, 60 months,20.99,E,E5,8 years,MORTGAGE,60000.0,Verified,credit_card,NY,30.31,0.0,685.0,689.0,0.0,92.5,20.0,Individual,6,High Risk,Manual Review
65445412,14400.0, 60 months,27.31,G,G2,1 year,RENT,40000.0,Verified,debt_consolidation,MD,35.37,0.0,660.0,664.0,2.0,14.8,45.0,Individual,5,High Risk,Manual Review
65606544,25450.0, 60 months,18.49,E,E2,1 year,MORTGAGE,65000.0,Source Verified,credit_card,PA,34.98,0.0,715.0,719.0,1.0,54.1,33.0,Individual,5,High Risk,Manual Review
65696055,18400.0, 60 months,18.49,E,E2,2 years,MORTGAGE,40000.0,Source Verified,debt_consolidation,ME,35.91,0.0,690.0,694.0,0.0,79.7,30.0,Individual,5,High Risk,Manual Review
65631433,10650.0, 36 months,18.49,E,E2,3 years,MORTGAGE,25200.0,Verified,debt_consolidation,GA,38.81,0.0,690.0,694.0,2.0,57.7,12.0,Individual,5,High Risk,Manual Review
65836378,16000.0, 60 months,18.99,E,E3,7 years,OWN,40000.0,Source Verified,debt_consolidation,NC,34.53,3.0,670.0,674.0,1.0,72.0,34.0,Individual,6,High Risk,Manual Review
65596094,35000.0, 60 months,18.99,E,E3,10+ years,OWN,180000.0,Source Verified,major_purchase,MA,9.6,2.0,665.0,669.0,0.0,93.7,14.0,Individual,5,High Risk,Manual Review
65822489,32000.0, 60 months,18.99,E,E3,10+ years,MORTGAGE,90000.0,Verified,debt_consolidation,WA,22.07,1.0,680.0,684.0,1.0,96.4,21.0,Individual,5,High Risk,Manual Review
65686192,22800.0, 60 months,23.99,F,F3,< 1 year,OWN,60000.0,Source Verified,debt_consolidation,FL,25.18,2.0,680.0,684.0,1.0,91.9,42.0,Individual,5,High Risk,Manual Review
65755874,35000.0, 36 months,18.49,E,E2,< 1 year,MORTGAGE,90000.0,Verified,debt_consolidation,RI,9.68,1.0,660.0,664.0,3.0,84.0,26.0,Individual,5,High Risk,Manual Review
65765785,14075.0, 60 months,18.49,E,E2,10+ years,MORTGAGE,40000.0,Source Verified,debt_consolidation,NJ,36.27,0.0,705.0,709.0,1.0,44.5,22.0,Individual,5,High Risk,Manual Review
65635876,17275.0, 60 months,19.99,E,E4,2 years,MORTGAGE,48000.0,Source Verified,debt_consolidation,AL,35.68,0.0,695.0,699.0,0.0,96.9,17.0,Individual,6,High Risk,Manual Review
65815945,15675.0, 60 months,25.99,F,F5,10+ years,MORTGAGE,52260.0,Verified,debt_consolidation,NY,31.71,0.0,660.0,664.0,2.0,66.6,15.0,Individual,5,High Risk,Manual Review
65795488,24750.0, 60 months,20.99,E,E5,10+ years,MORTGAGE,55000.0,Verified,debt_consolidation,KY,32.84,0.0,680.0,684.0,1.0,84.0,38.0,Individual,6,High Risk,Manual Review
65815967,11000.0, 60 months,18.49,E,E2,10+ years,RENT,36236.0,Verified,credit_card,TN,32.49,1.0,695.0,699.0,1.0,30.6,41.0,Individual,6,High Risk,Manual Review
65775888,16450.0, 36 months,18.49,E,E2,3 years,RENT,39200.0,Source Verified,debt_consolidation,MN,37.63,0.0,660.0,664.0,1.0,53.0,29.0,Individual,5,High Risk,Manual Review
65655646,25300.0, 60 months,18.49,E,E2,10+ years,MORTGAGE,55000.0,Not Verified,debt_consolidation,TX,30.07,0.0,710.0,714.0,1.0,74.8,38.0,Individual,5,High Risk,Manual Review
65305368,29700.0, 60 months,20.99,E,E5,2 years,RENT,67500.0,Source Verified,debt_consolidation,NY,33.82,0.0,715.0,719.0,1.0,64.8,47.0,Individual,5,High Risk,Manual Review
65785631,10425.0, 60 months,21.99,F,F1,3 years,RENT,34600.0,Verified,medical,GA,37.25,4.0,660.0,664.0,2.0,52.3,21.0,Individual,6,High Risk,Manual Review
65675538,4400.0, 36 months,18.49,E,E2,,MORTGAGE,18820.0,Verified,home_improvement,MS,39.54,0.0,660.0,664.0,0.0,64.2,23.0,Individual,5,High Risk,Manual Review
65745938,28000.0, 60 months,18.99,E,E3,3 years,RENT,68000.0,Source Verified,debt_consolidation,FL,32.55,0.0,660.0,664.0,1.0,36.1,26.0,Individual,5,High Risk,Manual Review
65605945,10000.0, 60 months,18.2,E,E1,10+ years,RENT,21750.0,Source Verified,credit_card,MN,36.59,0.0,695.0,699.0,0.0,90.4,11.0,Individual,6,High Risk,Manual Review
65743732,13500.0, 60 months,18.2,E,E1,10+ years,RENT,65000.0,Source Verified,debt_consolidation,FL,36.56,0.0,660.0,664.0,0.0,43.1,18.0,Individual,5,High Risk,Manual Review
65835665,31200.0, 60 months,18.49,E,E2,10+ years,RENT,65000.0,Source Verified,debt_consolidation,NJ,32.92,1.0,690.0,694.0,0.0,28.4,29.0,Individual,6,High Risk,Manual Review
65595586,14000.0, 60 months,18.2,E,E1,,RENT,35000.0,Verified,debt_consolidation,NY,32.65,0.0,720.0,724.0,0.0,80.3,13.0,Individual,6,High Risk,Manual Review
65775582,13300.0, 60 months,18.49,E,E2,2 years,MORTGAGE,35000.0,Source Verified,credit_card,MN,34.31,1.0,720.0,724.0,0.0,95.4,19.0,Individual,7,High Risk,Manual Review
65785532,6925.0, 36 months,18.2,E,E1,2 years,RENT,16500.0,Verified,debt_consolidation,TX,34.98,0.0,730.0,734.0,0.0,15.1,11.0,Individual,5,High Risk,Manual Review
65805456,33575.0, 60 months,21.99,F,F1,3 years,RENT,73000.0,Verified,credit_card,TX,30.6,0.0,680.0,684.0,0.0,66.2,53.0,Individual,5,High Risk,Manual Review
65795528,17500.0, 60 months,18.2,E,E1,10+ years,MORTGAGE,35000.0,Not Verified,credit_card,MD,35.56,1.0,685.0,689.0,0.0,70.4,12.0,Individual,6,High Risk,Manual Review
65725581,19000.0, 60 months,23.99,F,F3,,OWN,43968.0,Verified,home_improvement,MD,33.43,0.0,665.0,669.0,1.0,53.5,24.0,Individual,5,High Risk,Manual Review
65675729,26500.0, 60 months,18.2,E,E1,7 years,RENT,53000.0,Source Verified,credit_card,AZ,34.4,0.0,670.0,674.0,0.0,77.5,20.0,Individual,5,High Risk,Manual Review
65702138,21200.0, 60 months,20.99,E,E5,,MORTGAGE,70000.0,Verified,debt_consolidation,AZ,30.79,2.0,680.0,684.0,1.0,90.8,36.0,Individual,7,High Risk,Manual Review
65645249,26550.0, 60 months,18.99,E,E3,6 years,MORTGAGE,70000.0,Verified,credit_card,MO,33.75,0.0,675.0,679.0,2.0,50.9,44.0,Individual,5,High Risk,Manual Review
65725349,14425.0, 60 months,18.2,E,E1,< 1 year,MORTGAGE,28896.0,Verified,debt_consolidation,VA,34.14,0.0,680.0,684.0,0.0,70.5,22.0,Individual,5,High Risk,Manual Review
64701155,11400.0, 60 months,20.99,E,E5,10+ years,MORTGAGE,45000.0,Source Verified,credit_card,MN,36.24,0.0,685.0,689.0,1.0,91.6,19.0,Individual,6,High Risk,Manual Review
65655171,18575.0, 60 months,22.99,F,F2,10+ years,MORTGAGE,65000.0,Verified,debt_consolidation,MA,39.0,1.0,660.0,664.0,0.0,72.4,21.0,Individual,6,High Risk,Manual Review
65715279,6300.0, 36 months,18.2,E,E1,3 years,MORTGAGE,30000.0,Source Verified,major_purchase,MA,31.12,0.0,660.0,664.0,1.0,59.7,11.0,Individual,5,High Risk,Manual Review
65685301,26400.0, 60 months,19.99,E,E4,4 years,OWN,60000.0,Source Verified,debt_consolidation,NC,35.84,0.0,690.0,694.0,0.0,64.9,25.0,Individual,5,High Risk,Manual Review
65724665,21125.0, 60 months,19.99,E,E4,6 years,RENT,60000.0,Source Verified,debt_consolidation,CA,34.92,0.0,695.0,699.0,0.0,62.4,23.0,Individual,5,High Risk,Manual Review
65715146,14900.0, 36 months,18.99,E,E3,7 years,RENT,81000.0,Verified,debt_consolidation,IL,35.13,0.0,670.0,674.0,4.0,42.0,30.0,Individual,5,High Risk,Manual Review
65594246,12000.0, 60 months,18.49,E,E2,2 years,RENT,30000.0,Source Verified,debt_consolidation,LA,34.32,1.0,660.0,664.0,0.0,48.9,18.0,Individual,6,High Risk,Manual Review
65815117,12000.0, 60 months,27.31,G,G2,9 years,RENT,40000.0,Verified,debt_consolidation,CA,33.9,0.0,660.0,664.0,1.0,68.1,16.0,Individual,5,High Risk,Manual Review
65605020,18900.0, 60 months,18.49,E,E2,7 years,RENT,42000.0,Verified,debt_consolidation,WA,34.49,0.0,695.0,699.0,2.0,46.0,25.0,Individual,5,High Risk,Manual Review
65805043,7225.0, 36 months,18.2,E,E1,10+ years,MORTGAGE,52000.0,Verified,home_improvement,AZ,20.06,1.0,675.0,679.0,1.0,87.3,13.0,Individual,5,High Risk,Manual Review
65724961,17425.0, 60 months,18.2,E,E1,10+ years,RENT,37921.0,Not Verified,debt_consolidation,NJ,32.85,1.0,705.0,709.0,0.0,60.6,8.0,Individual,6,High Risk,Manual Review
65835083,35000.0, 60 months,18.2,E,E1,10+ years,MORTGAGE,72000.0,Source Verified,debt_consolidation,FL,21.85,1.0,665.0,669.0,0.0,80.7,34.0,Individual,5,High Risk,Manual Review
65675006,17050.0, 36 months,18.2,E,E1,< 1 year,RENT,60000.0,Verified,moving,OH,32.87,0.0,700.0,704.0,0.0,38.4,16.0,Individual,5,High Risk,Manual Review
65714899,12300.0, 60 months,18.2,E,E1,,MORTGAGE,50000.0,Verified,home_improvement,NY,35.17,0.0,660.0,664.0,0.0,63.2,39.0,Individual,5,High Risk,Manual Review
65273776,24825.0, 60 months,18.49,E,E2,,OWN,54000.0,Verified,credit_card,FL,37.47,0.0,725.0,729.0,0.0,88.6,11.0,Individual,6,High Risk,Manual Review
65784801,11000.0, 60 months,22.99,F,F2,< 1 year,RENT,37000.0,Verified,debt_consolidation,FL,33.25,0.0,675.0,679.0,2.0,29.7,29.0,Individual,5,High Risk,Manual Review
65613521,15850.0, 60 months,22.99,F,F2,10+ years,MORTGAGE,67000.0,Source Verified,credit_card,AZ,38.96,0.0,690.0,694.0,0.0,92.1,16.0,Individual,6,High Risk,Manual Review
65784046,18150.0, 60 months,18.2,E,E1,10+ years,MORTGAGE,66000.0,Not Verified,debt_consolidation,NY,32.18,0.0,715.0,719.0,0.0,75.9,34.0,Individual,5,High Risk,Manual Review
65622104,5025.0, 36 months,17.86,D,D5,,RENT,33936.0,Verified,debt_consolidation,IL,34.69,1.0,675.0,679.0,0.0,81.9,12.0,Individual,5,High Risk,Manual Review
65784735,18000.0, 60 months,21.99,F,F1,,RENT,40000.0,Verified,debt_consolidation,MI,34.2,2.0,685.0,689.0,1.0,48.0,29.0,Individual,6,High Risk,Manual Review
65734802,17350.0, 36 months,19.99,E,E4,10+ years,MORTGAGE,73000.0,Verified,debt_consolidation,NJ,21.01,1.0,660.0,664.0,3.0,81.3,38.0,Individual,5,High Risk,Manual Review
65424689,15300.0, 60 months,15.41,D,D1,10+ years,MORTGAGE,40000.0,Source Verified,debt_consolidation,PA,33.39,2.0,675.0,679.0,1.0,82.3,21.0,Individual,5,High Risk,Manual Review
65824872,17250.0, 60 months,18.2,E,E1,10+ years,MORTGAGE,64108.0,Source Verified,car,VA,30.27,0.0,700.0,704.0,1.0,72.8,27.0,Individual,5,High Risk,Manual Review
65079198,15425.0, 60 months,19.99,E,E4,10+ years,MORTGAGE,70000.0,Source Verified,debt_consolidation,UT,37.93,0.0,705.0,709.0,1.0,56.6,31.0,Individual,5,High Risk,Manual Review
65823556,15350.0, 60 months,20.99,E,E5,2 years,MORTGAGE,43000.0,Source Verified,debt_consolidation,NC,33.38,0.0,690.0,694.0,0.0,66.6,35.0,Individual,5,High Risk,Manual Review
65804620,13800.0, 60 months,16.55,D,D2,,MORTGAGE,36000.0,Not Verified,debt_consolidation,AR,34.5,1.0,660.0,664.0,0.0,93.0,18.0,Individual,5,High Risk,Manual Review
65774714,20075.0, 60 months,24.99,F,F4,10+ years,MORTGAGE,102000.0,Verified,small_business,TX,12.34,1.0,685.0,689.0,2.0,87.0,20.0,Individual,5,High Risk,Manual Review
65373328,27300.0, 60 months,18.49,E,E2,6 years,RENT,65000.0,Source Verified,debt_consolidation,LA,30.95,1.0,695.0,699.0,0.0,80.3,36.0,Individual,7,High Risk,Manual Review
65774342,14800.0, 60 months,18.2,E,E1,4 years,MORTGAGE,80000.0,Source Verified,debt_consolidation,OR,33.63,0.0,660.0,664.0,3.0,66.8,28.0,Individual,5,High Risk,Manual Review
65714599,21550.0, 60 months,18.99,E,E3,,MORTGAGE,49000.0,Not Verified,debt_consolidation,FL,30.89,4.0,670.0,674.0,0.0,55.4,35.0,Individual,6,High Risk,Manual Review
65822381,16000.0, 60 months,21.99,F,F1,8 years,MORTGAGE,28000.0,Verified,debt_consolidation,SC,46.89,0.0,685.0,689.0,1.0,46.4,18.0,Joint App,5,High Risk,Manual Review
65752974,28000.0, 60 months,15.41,D,D1,10+ years,MORTGAGE,115000.0,Verified,debt_consolidation,IL,33.06,1.0,665.0,669.0,0.0,90.8,32.0,Individual,5,High Risk,Manual Review
65654524,26050.0, 60 months,22.99,F,F2,10+ years,MORTGAGE,65062.4,Verified,debt_consolidation,TX,39.83,0.0,685.0,689.0,1.0,73.0,30.0,Individual,5,High Risk,Manual Review
65734157,35000.0, 60 months,17.57,D,D4,10+ years,MORTGAGE,73400.0,Source Verified,debt_consolidation,PA,37.31,1.0,690.0,694.0,0.0,84.8,24.0,Individual,5,High Risk,Manual Review
65784453,25000.0, 60 months,19.99,E,E4,10+ years,RENT,60000.0,Verified,debt_consolidation,AL,30.57,0.0,665.0,669.0,2.0,17.1,109.0,Individual,5,High Risk,Manual Review
65604494,16725.0, 36 months,18.2,E,E1,4 years,RENT,52000.0,Source Verified,debt_consolidation,WI,30.51,1.0,670.0,674.0,2.0,68.1,28.0,Individual,6,High Risk,Manual Review
65764327,10000.0, 60 months,18.49,E,E2,4 years,RENT,48000.0,Source Verified,debt_consolidation,CA,35.28,0.0,680.0,684.0,1.0,24.2,22.0,Individual,5,High Risk,Manual Review
65483706,7975.0, 36 months,19.99,E,E4,10+ years,OWN,40000.0,Verified,debt_consolidation,TX,30.33,0.0,670.0,674.0,0.0,91.2,34.0,Individual,6,High Risk,Manual Review
65822822,10000.0, 60 months,20.99,E,E5,8 years,RENT,47000.0,Source Verified,credit_card,KS,35.11,0.0,705.0,709.0,1.0,50.0,41.0,Individual,5,High Risk,Manual Review
65674352,16000.0, 60 months,17.86,D,D5,5 years,MORTGAGE,52000.0,Verified,debt_consolidation,NM,34.85,1.0,665.0,669.0,1.0,94.4,47.0,Individual,5,High Risk,Manual Review
65834195,21000.0, 60 months,20.99,E,E5,,OWN,42000.0,Not Verified,debt_consolidation,WA,32.51,0.0,680.0,684.0,1.0,47.3,39.0,Individual,5,High Risk,Manual Review
65824119,14800.0, 60 months,18.99,E,E3,10+ years,RENT,82000.0,Source Verified,debt_consolidation,GA,35.33,0.0,660.0,664.0,0.0,40.2,29.0,Individual,5,High Risk,Manual Review
65824184,10200.0, 36 months,18.2,E,E1,10+ years,RENT,30000.0,Source Verified,house,NY,34.66,1.0,675.0,679.0,1.0,43.6,35.0,Individual,6,High Risk,Manual Review
65734397,14200.0, 36 months,18.49,E,E2,10+ years,RENT,42000.0,Verified,debt_consolidation,OH,34.26,0.0,660.0,664.0,2.0,45.0,32.0,Individual,5,High Risk,Manual Review
65794319,5000.0, 36 months,27.88,G,G3,,RENT,16668.0,Verified,debt_consolidation,ND,30.02,1.0,695.0,699.0,3.0,16.3,24.0,Individual,6,High Risk,Manual Review
65774307,5400.0, 36 months,18.49,E,E2,1 year,OWN,20000.0,Verified,medical,KY,31.27,0.0,660.0,664.0,2.0,51.1,22.0,Individual,5,High Risk,Manual Review
63989676,35000.0, 60 months,22.99,F,F2,10+ years,RENT,112850.0,Verified,debt_consolidation,CA,39.89,0.0,680.0,684.0,3.0,84.6,72.0,Individual,6,High Risk,Manual Review
65623915,23475.0, 60 months,18.99,E,E3,10+ years,MORTGAGE,52000.0,Source Verified,debt_consolidation,AZ,33.76,0.0,660.0,664.0,1.0,73.7,64.0,Individual,5,High Risk,Manual Review
65774445,17750.0, 36 months,18.2,E,E1,4 years,RENT,70000.0,Source Verified,debt_consolidation,NV,33.58,0.0,690.0,694.0,0.0,98.0,22.0,Individual,6,High Risk,Manual Review
65733591,17875.0, 36 months,19.99,E,E4,10+ years,MORTGAGE,90000.0,Verified,debt_consolidation,FL,33.2,0.0,670.0,674.0,2.0,64.0,30.0,Individual,5,High Risk,Manual Review
65734032,31875.0, 60 months,25.99,F,F5,,MORTGAGE,83897.0,Verified,debt_consolidation,ME,37.53,0.0,660.0,664.0,2.0,83.1,31.0,Individual,6,High Risk,Manual Review
65614015,15000.0, 60 months,23.99,F,F3,3 years,RENT,30000.0,Verified,debt_consolidation,PA,35.09,0.0,680.0,684.0,0.0,97.3,20.0,Individual,6,High Risk,Manual Review
63989022,18400.0, 60 months,25.99,F,F5,6 years,MORTGAGE,48000.0,Verified,debt_consolidation,PA,35.3,0.0,685.0,689.0,2.0,75.4,21.0,Individual,5,High Risk,Manual Review
65732982,19600.0, 60 months,27.31,G,G2,10+ years,OWN,49000.0,Source Verified,credit_card,ME,38.67,0.0,705.0,709.0,1.0,80.9,20.0,Individual,6,High Risk,Manual Review
65814155,20175.0, 60 months,18.99,E,E3,8 years,MORTGAGE,85000.0,Verified,debt_consolidation,NM,31.48,0.0,665.0,669.0,2.0,67.4,28.0,Individual,5,High Risk,Manual Review
65753840,24000.0, 60 months,20.99,E,E5,9 years,MORTGAGE,60000.0,Verified,debt_consolidation,MI,31.68,0.0,720.0,724.0,0.0,39.9,29.0,Individual,5,High Risk,Manual Review
65803928,23300.0, 60 months,18.49,E,E2,9 years,MORTGAGE,74500.0,Not Verified,major_purchase,MN,35.81,0.0,715.0,719.0,2.0,81.6,27.0,Individual,6,High Risk,Manual Review
65732156,22550.0, 60 months,24.99,F,F4,10+ years,MORTGAGE,77796.0,Verified,debt_consolidation,TX,33.64,4.0,670.0,674.0,1.0,51.7,33.0,Joint App,6,High Risk,Manual Review
65794020,24000.0, 60 months,19.99,E,E4,5 years,MORTGAGE,20000.0,Verified,debt_consolidation,NE,39.2,0.0,685.0,689.0,1.0,62.5,15.0,Joint App,5,High Risk,Manual Review
65823877,10000.0, 60 months,18.99,E,E3,2 years,OWN,36000.0,Source Verified,debt_consolidation,CA,34.53,0.0,660.0,664.0,2.0,68.8,18.0,Individual,5,High Risk,Manual Review
65593459,28000.0, 60 months,16.99,D,D3,10+ years,MORTGAGE,139000.0,Verified,credit_card,MI,30.97,1.0,670.0,674.0,3.0,93.0,40.0,Individual,5,High Risk,Manual Review
65364554,24000.0, 60 months,18.2,E,E1,8 years,MORTGAGE,150000.0,Verified,home_improvement,NH,34.04,0.0,680.0,684.0,3.0,69.5,47.0,Individual,5,High Risk,Manual Review
65733909,14825.0, 36 months,20.99,E,E5,8 years,RENT,61500.0,Verified,debt_consolidation,CA,19.51,1.0,660.0,664.0,1.0,88.1,26.0,Individual,5,High Risk,Manual Review
65663693,22050.0, 60 months,18.49,E,E2,10+ years,MORTGAGE,60000.0,Source Verified,other,GA,34.78,0.0,730.0,734.0,0.0,86.2,23.0,Individual,6,High Risk,Manual Review
65593746,3475.0, 36 months,18.99,E,E3,10+ years,OWN,45000.0,Source Verified,debt_consolidation,AL,34.32,0.0,690.0,694.0,1.0,88.6,35.0,Individual,6,High Risk,Manual Review
65813914,24200.0, 60 months,19.99,E,E4,6 years,RENT,55000.0,Source Verified,debt_consolidation,SC,32.55,0.0,680.0,684.0,2.0,22.3,52.0,Individual,5,High Risk,Manual Review
65723902,6000.0, 36 months,18.2,E,E1,10+ years,MORTGAGE,86460.0,Verified,debt_consolidation,SC,32.3,1.0,675.0,679.0,3.0,53.1,21.0,Individual,6,High Risk,Manual Review
65753516,4800.0, 36 months,19.99,E,E4,10+ years,OWN,50000.0,Verified,debt_consolidation,AR,35.77,0.0,660.0,664.0,0.0,91.8,13.0,Individual,6,High Risk,Manual Review
65773801,16525.0, 36 months,18.2,E,E1,10+ years,MORTGAGE,51000.0,Source Verified,debt_consolidation,VT,34.52,0.0,690.0,694.0,1.0,51.2,45.0,Individual,5,High Risk,Manual Review
65703692,28000.0, 60 months,18.2,E,E1,2 years,OWN,76000.0,Not Verified,debt_consolidation,MO,35.23,1.0,670.0,674.0,2.0,76.9,27.0,Individual,6,High Risk,Manual Review
65693718,2875.0, 36 months,18.99,E,E3,,RENT,14989.0,Verified,debt_consolidation,CA,39.31,0.0,685.0,689.0,1.0,48.5,8.0,Individual,5,High Risk,Manual Review
65613714,30000.0, 36 months,18.99,E,E3,10+ years,RENT,79043.0,Verified,debt_consolidation,NJ,26.76,1.0,670.0,674.0,1.0,93.9,40.0,Individual,5,High Risk,Manual Review
65731588,13625.0, 60 months,18.49,E,E2,3 years,MORTGAGE,31000.0,Not Verified,debt_consolidation,OR,31.4,0.0,685.0,689.0,1.0,92.2,23.0,Individual,6,High Risk,Manual Review
65682885,13600.0, 60 months,22.99,F,F2,6 years,MORTGAGE,48443.0,Verified,debt_consolidation,WI,35.8,0.0,700.0,704.0,0.0,75.9,18.0,Individual,5,High Risk,Manual Review
65701586,18000.0, 60 months,17.86,D,D5,2 years,MORTGAGE,96000.0,Verified,debt_consolidation,GA,38.36,2.0,685.0,689.0,0.0,87.9,29.0,Individual,5,High Risk,Manual Review
65713563,25575.0, 60 months,18.2,E,E1,10+ years,MORTGAGE,178000.0,Verified,debt_consolidation,KS,32.02,0.0,680.0,684.0,1.0,75.7,37.0,Individual,5,High Risk,Manual Review
65673603,33750.0, 60 months,19.99,E,E4,10+ years,MORTGAGE,67532.0,Verified,debt_consolidation,TX,34.19,0.0,715.0,719.0,1.0,41.5,44.0,Individual,5,High Risk,Manual Review
65653474,17000.0, 60 months,18.49,E,E2,3 years,RENT,34000.0,Verified,debt_consolidation,MN,39.6,0.0,660.0,664.0,0.0,78.0,24.0,Individual,5,High Risk,Manual Review
65803357,21625.0, 60 months,18.99,E,E3,5 years,RENT,100000.0,Source Verified,debt_consolidation,NJ,31.02,0.0,695.0,699.0,0.0,68.1,28.0,Individual,5,High Risk,Manual Review
65673421,3575.0, 36 months,25.99,F,F5,,OWN,10548.0,Verified,home_improvement,WY,33.11,0.0,685.0,689.0,0.0,40.1,12.0,Individual,5,High Risk,Manual Review
65822359,13350.0, 60 months,18.2,E,E1,8 years,MORTGAGE,45000.0,Verified,debt_consolidation,MI,33.07,0.0,710.0,714.0,0.0,42.4,21.0,Individual,5,High Risk,Manual Review
65723467,3250.0, 36 months,28.49,G,G4,,OWN,27000.0,Verified,debt_consolidation,FL,34.31,0.0,675.0,679.0,2.0,72.8,14.0,Individual,5,High Risk,Manual Review
65803358,14125.0, 36 months,18.2,E,E1,10+ years,MORTGAGE,50000.0,Verified,debt_consolidation,AR,34.04,0.0,675.0,679.0,1.0,60.0,37.0,Individual,5,High Risk,Manual Review
65703392,29800.0, 60 months,24.99,F,F4,4 years,RENT,66236.0,Verified,debt_consolidation,AZ,33.0,0.0,670.0,674.0,1.0,70.0,13.0,Individual,5,High Risk,Manual Review
65733274,12600.0, 36 months,18.2,E,E1,5 years,RENT,35000.0,Verified,debt_consolidation,MA,38.55,1.0,670.0,674.0,1.0,44.1,22.0,Individual,6,High Risk,Manual Review
65713210,35000.0, 60 months,18.2,E,E1,5 years,MORTGAGE,140000.0,Source Verified,debt_consolidation,AZ,18.94,1.0,665.0,669.0,0.0,82.8,28.0,Individual,5,High Risk,Manual Review
65793434,4925.0, 36 months,18.99,E,E3,1 year,RENT,35000.0,Verified,debt_consolidation,NY,33.06,0.0,660.0,664.0,1.0,94.9,16.0,Individual,6,High Risk,Manual Review
65751152,27450.0, 60 months,25.99,F,F5,6 years,RENT,61000.0,Verified,debt_consolidation,CT,37.18,0.0,700.0,704.0,3.0,61.0,16.0,Individual,5,High Risk,Manual Review
65773250,10600.0, 60 months,21.99,F,F1,,RENT,34548.0,Verified,debt_consolidation,OH,33.17,0.0,705.0,709.0,0.0,63.6,11.0,Individual,5,High Risk,Manual Review
65793238,30000.0, 60 months,20.99,E,E5,7 years,MORTGAGE,85000.0,Verified,debt_consolidation,TX,31.99,0.0,680.0,684.0,1.0,52.8,55.0,Individual,5,High Risk,Manual Review
65803193,12000.0, 60 months,18.49,E,E2,2 years,RENT,33000.0,Verified,credit_card,SC,36.47,0.0,685.0,689.0,2.0,60.1,24.0,Individual,5,High Risk,Manual Review
65190535,22250.0, 60 months,22.99,F,F2,4 years,MORTGAGE,70000.0,Verified,debt_consolidation,MA,30.28,0.0,665.0,669.0,0.0,64.9,18.0,Individual,5,High Risk,Manual Review
65662159,14675.0, 60 months,18.2,E,E1,,RENT,18240.0,Verified,debt_consolidation,ME,72.3,0.0,660.0,664.0,0.0,100.5,15.0,Joint App,6,High Risk,Manual Review
65593019,18000.0, 60 months,16.55,D,D2,4 years,MORTGAGE,49500.0,Source Verified,credit_card,NC,35.88,1.0,670.0,674.0,0.0,82.5,44.0,Individual,5,High Risk,Manual Review
65743202,10525.0, 60 months,20.99,E,E5,10+ years,RENT,32000.0,Verified,debt_consolidation,NJ,34.62,0.0,680.0,684.0,0.0,94.9,6.0,Individual,6,High Risk,Manual Review
65723217,15000.0, 60 months,18.49,E,E2,3 years,RENT,45000.0,Verified,other,WA,38.69,0.0,720.0,724.0,1.0,37.5,20.0,Individual,5,High Risk,Manual Review
65593132,16000.0, 60 months,18.2,E,E1,10+ years,OWN,32000.0,Source Verified,debt_consolidation,OK,34.85,0.0,690.0,694.0,0.0,94.1,17.0,Individual,6,High Risk,Manual Review
65602193,35000.0, 60 months,18.49,E,E2,10+ years,RENT,92529.0,Source Verified,debt_consolidation,AZ,31.7,0.0,685.0,689.0,1.0,61.4,24.0,Individual,5,High Risk,Manual Review
65662836,19675.0, 60 months,21.99,F,F1,10+ years,MORTGAGE,54685.0,Source Verified,debt_consolidation,MI,34.74,0.0,665.0,669.0,0.0,86.0,32.0,Individual,6,High Risk,Manual Review
65613026,11875.0, 60 months,22.99,F,F2,4 years,RENT,33000.0,Verified,debt_consolidation,WA,32.07,0.0,660.0,664.0,1.0,68.4,34.0,Individual,5,High Risk,Manual Review
65612801,16075.0, 60 months,18.49,E,E2,10+ years,OWN,55000.0,Source Verified,debt_consolidation,OH,38.25,0.0,730.0,734.0,0.0,49.5,44.0,Individual,5,High Risk,Manual Review
65642731,25000.0, 60 months,22.99,F,F2,8 years,MORTGAGE,80000.0,Verified,debt_consolidation,VA,33.57,0.0,670.0,674.0,1.0,52.6,25.0,Individual,5,High Risk,Manual Review
65662770,18000.0, 60 months,25.99,F,F5,10+ years,RENT,58496.0,Verified,debt_consolidation,NY,33.67,2.0,690.0,694.0,0.0,81.9,17.0,Individual,7,High Risk,Manual Review
65822432,21825.0, 60 months,19.99,E,E4,8 years,MORTGAGE,52000.0,Source Verified,debt_consolidation,FL,35.4,0.0,665.0,669.0,0.0,42.8,14.0,Individual,5,High Risk,Manual Review
65822775,20800.0, 60 months,18.2,E,E1,4 years,MORTGAGE,75000.0,Source Verified,other,TX,34.72,0.0,685.0,689.0,0.0,65.3,24.0,Individual,5,High Risk,Manual Review
65702834,23400.0, 60 months,20.99,E,E5,10+ years,RENT,65000.0,Source Verified,debt_consolidation,FL,19.35,2.0,685.0,689.0,0.0,98.8,15.0,Individual,5,High Risk,Manual Review
65622644,14675.0, 36 months,18.49,E,E2,10+ years,MORTGAGE,72000.0,Source Verified,other,TX,19.82,3.0,680.0,684.0,1.0,87.5,21.0,Individual,5,High Risk,Manual Review
65802856,15475.0, 60 months,23.99,F,F3,< 1 year,RENT,35500.0,Verified,debt_consolidation,IL,33.91,0.0,665.0,669.0,2.0,26.2,30.0,Individual,5,High Risk,Manual Review
65622620,22400.0, 60 months,27.31,G,G2,10+ years,MORTGAGE,70000.0,Not Verified,debt_consolidation,FL,30.94,2.0,675.0,679.0,1.0,90.5,22.0,Joint App,7,High Risk,Manual Review
65701237,16600.0, 60 months,18.49,E,E2,10+ years,MORTGAGE,62000.0,Verified,debt_consolidation,WV,39.28,0.0,680.0,684.0,0.0,85.2,31.0,Individual,6,High Risk,Manual Review
65802906,9700.0, 36 months,18.2,E,E1,8 years,MORTGAGE,27000.0,Verified,debt_consolidation,PA,38.98,0.0,670.0,674.0,1.0,72.9,25.0,Individual,5,High Risk,Manual Review
65712837,17350.0, 60 months,18.2,E,E1,10+ years,MORTGAGE,54000.0,Source Verified,debt_consolidation,CA,35.93,2.0,690.0,694.0,0.0,63.4,38.0,Individual,6,High Risk,Manual Review
65463123,6700.0, 36 months,18.49,E,E2,< 1 year,RENT,14976.0,Verified,debt_consolidation,TN,35.26,0.0,695.0,699.0,0.0,30.6,15.0,Individual,5,High Risk,Manual Review
65772770,10800.0, 60 months,16.55,D,D2,4 years,RENT,50000.0,Source Verified,debt_consolidation,WA,31.35,2.0,660.0,664.0,1.0,86.3,27.0,Individual,5,High Risk,Manual Review
65802611,35000.0, 60 months,27.31,G,G2,10+ years,MORTGAGE,98500.0,Verified,debt_consolidation,OH,15.08,1.0,660.0,664.0,3.0,89.0,27.0,Individual,5,High Risk,Manual Review
65292711,16500.0, 60 months,18.2,E,E1,3 years,RENT,37500.0,Source Verified,debt_consolidation,CA,35.1,0.0,710.0,714.0,0.0,62.3,22.0,Individual,5,High Risk,Manual Review
65632487,35000.0, 36 months,19.99,E,E4,10+ years,RENT,103200.0,Verified,debt_consolidation,TN,32.28,5.0,675.0,679.0,0.0,97.3,32.0,Individual,7,High Risk,Manual Review
65822477,7675.0, 36 months,18.2,E,E1,10+ years,RENT,94830.0,Verified,other,HI,30.54,0.0,660.0,664.0,0.0,68.7,47.0,Individual,5,High Risk,Manual Review
65672381,32550.0, 60 months,19.99,E,E4,3 years,RENT,70787.0,Source Verified,debt_consolidation,AR,30.98,0.0,680.0,684.0,0.0,71.0,26.0,Individual,5,High Risk,Manual Review
65642198,17625.0, 60 months,18.2,E,E1,6 years,MORTGAGE,66000.0,Verified,debt_consolidation,SC,31.65,2.0,680.0,684.0,1.0,76.1,48.0,Individual,6,High Risk,Manual Review
65701221,10725.0, 60 months,19.99,E,E4,10+ years,OWN,30710.0,Verified,credit_card,PA,34.23,0.0,700.0,704.0,0.0,62.0,14.0,Individual,5,High Risk,Manual Review
65712336,35000.0, 60 months,18.2,E,E1,3 years,MORTGAGE,75000.0,Source Verified,debt_consolidation,IL,38.14,0.0,705.0,709.0,1.0,84.2,31.0,Individual,6,High Risk,Manual Review
65662442,23100.0, 60 months,18.99,E,E3,8 years,RENT,55000.0,Not Verified,other,NJ,30.11,0.0,700.0,704.0,0.0,32.8,24.0,Individual,5,High Risk,Manual Review
65732366,25625.0, 60 months,23.99,F,F3,6 years,MORTGAGE,74000.0,Verified,debt_consolidation,TX,32.76,0.0,695.0,699.0,0.0,54.6,27.0,Individual,5,High Risk,Manual Review
65632165,23100.0, 60 months,18.2,E,E1,5 years,MORTGAGE,100000.0,Verified,debt_consolidation,AL,31.48,1.0,675.0,679.0,0.0,80.4,15.0,Individual,7,High Risk,Manual Review
65394213,35000.0, 60 months,18.2,E,E1,10+ years,MORTGAGE,165000.0,Verified,debt_consolidation,AZ,19.36,1.0,700.0,704.0,1.0,96.3,19.0,Individual,5,High Risk,Manual Review
65494478,30900.0, 60 months,18.99,E,E3,10+ years,RENT,70000.0,Source Verified,debt_consolidation,GA,31.15,1.0,660.0,664.0,0.0,78.2,38.0,Individual,6,High Risk,Manual Review
65662282,15575.0, 60 months,18.99,E,E3,10+ years,MORTGAGE,80000.0,Source Verified,debt_consolidation,TX,31.26,0.0,700.0,704.0,0.0,35.0,32.0,Individual,5,High Risk,Manual Review
65772410,22225.0, 60 months,18.2,E,E1,10+ years,OWN,60000.0,Source Verified,credit_card,MI,38.16,0.0,675.0,679.0,0.0,67.2,27.0,Individual,5,High Risk,Manual Review
65622224,19000.0, 60 months,27.88,G,G3,6 years,MORTGAGE,38000.0,Verified,medical,CO,31.62,0.0,685.0,689.0,1.0,58.1,18.0,Individual,5,High Risk,Manual Review
65702288,22350.0, 60 months,19.99,E,E4,10+ years,RENT,73000.0,Verified,debt_consolidation,CA,34.01,0.0,675.0,679.0,3.0,56.6,37.0,Individual,5,High Risk,Manual Review
65592087,33675.0, 60 months,19.99,E,E4,2 years,RENT,100000.0,Verified,debt_consolidation,NJ,33.51,0.0,680.0,684.0,0.0,69.3,22.0,Individual,5,High Risk,Manual Review
65632037,15000.0, 60 months,18.99,E,E3,,MORTGAGE,36000.0,Verified,debt_consolidation,GA,30.87,0.0,670.0,674.0,1.0,28.8,38.0,Individual,5,High Risk,Manual Review
65612146,3000.0, 36 months,18.2,E,E1,2 years,OWN,26400.0,Verified,other,TX,39.32,0.0,670.0,674.0,1.0,78.8,23.0,Individual,5,High Risk,Manual Review
65324085,35000.0, 60 months,18.99,E,E3,10+ years,MORTGAGE,85000.0,Source Verified,debt_consolidation,OH,30.48,1.0,665.0,669.0,1.0,79.3,32.0,Individual,6,High Risk,Manual Review
63949210,10500.0, 60 months,21.99,F,F1,3 years,RENT,21000.0,Source Verified,credit_card,MI,35.37,0.0,685.0,689.0,0.0,77.1,27.0,Individual,5,High Risk,Manual Review
65751996,30000.0, 36 months,16.55,D,D2,9 years,RENT,60000.0,Verified,debt_consolidation,MI,35.66,1.0,680.0,684.0,2.0,87.7,43.0,Individual,5,High Risk,Manual Review
65781491,22200.0, 60 months,18.2,E,E1,10+ years,MORTGAGE,44400.0,Source Verified,debt_consolidation,PA,31.89,0.0,675.0,679.0,0.0,58.1,14.0,Individual,5,High Risk,Manual Review
65712082,10900.0, 60 months,19.99,E,E4,5 years,MORTGAGE,26000.0,Source Verified,debt_consolidation,MO,38.18,0.0,660.0,664.0,2.0,48.7,25.0,Individual,5,High Risk,Manual Review
65782054,25200.0, 60 months,18.49,E,E2,10+ years,MORTGAGE,60000.0,Source Verified,credit_card,FL,31.44,0.0,670.0,674.0,1.0,51.7,40.0,Individual,5,High Risk,Manual Review
65822128,35000.0, 60 months,18.49,E,E2,5 years,MORTGAGE,108000.0,Source Verified,debt_consolidation,MN,32.26,0.0,665.0,669.0,1.0,88.7,41.0,Individual,6,High Risk,Manual Review
65692225,19625.0, 60 months,21.99,F,F1,3 years,MORTGAGE,48000.0,Verified,debt_consolidation,WV,37.08,0.0,690.0,694.0,1.0,61.7,40.0,Individual,5,High Risk,Manual Review
65611984,14400.0, 60 months,22.99,F,F2,10+ years,MORTGAGE,84017.0,Verified,debt_consolidation,VA,36.01,0.0,665.0,669.0,2.0,69.6,57.0,Individual,5,High Risk,Manual Review
65631625,19975.0, 60 months,18.99,E,E3,3 years,MORTGAGE,60000.0,Verified,debt_consolidation,LA,32.16,0.0,665.0,669.0,2.0,83.9,27.0,Individual,6,High Risk,Manual Review
65672035,30000.0, 60 months,22.99,F,F2,10+ years,MORTGAGE,77000.0,Verified,home_improvement,IN,32.76,0.0,685.0,689.0,0.0,72.9,27.0,Individual,5,High Risk,Manual Review
65681826,10500.0, 36 months,19.99,E,E4,,RENT,35000.0,Verified,debt_consolidation,OR,35.77,0.0,670.0,674.0,1.0,57.4,22.0,Individual,5,High Risk,Manual Review
65067781,10800.0, 60 months,19.99,E,E4,,MORTGAGE,8160.0,Verified,debt_consolidation,CA,77.06,0.0,710.0,714.0,1.0,98.5,13.0,Joint App,6,High Risk,Manual Review
65322179,10925.0, 60 months,18.2,E,E1,5 years,RENT,35000.0,Verified,debt_consolidation,TX,37.11,0.0,670.0,674.0,0.0,92.0,18.0,Individual,6,High Risk,Manual Review
65781610,16450.0, 60 months,21.99,F,F1,< 1 year,MORTGAGE,45760.0,Verified,debt_consolidation,NC,37.38,0.0,685.0,689.0,1.0,55.6,52.0,Individual,5,High Risk,Manual Review
64721254,10250.0, 60 months,20.99,E,E5,10+ years,MORTGAGE,32000.0,Source Verified,debt_consolidation,AR,29.78,2.0,690.0,694.0,2.0,83.2,22.0,Individual,5,High Risk,Manual Review
65751562,13575.0, 60 months,19.99,E,E4,9 years,MORTGAGE,52000.0,Verified,credit_card,MO,30.33,0.0,660.0,664.0,2.0,33.3,39.0,Individual,5,High Risk,Manual Review
65691860,22875.0, 60 months,18.99,E,E3,1 year,MORTGAGE,52000.0,Verified,debt_consolidation,TX,32.01,0.0,690.0,694.0,2.0,68.7,20.0,Individual,5,High Risk,Manual Review
65651759,11875.0, 36 months,18.2,E,E1,4 years,RENT,27000.0,Source Verified,debt_consolidation,NE,30.8,0.0,680.0,684.0,0.0,71.4,13.0,Individual,5,High Risk,Manual Review
65821718,20850.0, 60 months,18.99,E,E3,9 years,MORTGAGE,68000.0,Verified,other,WA,30.82,0.0,700.0,704.0,0.0,55.4,30.0,Individual,5,High Risk,Manual Review
65671610,9600.0, 36 months,18.2,E,E1,10+ years,RENT,80000.0,Verified,debt_consolidation,AL,32.55,0.0,665.0,669.0,2.0,38.1,14.0,Individual,5,High Risk,Manual Review
65292784,14075.0, 60 months,18.49,E,E2,10+ years,OWN,50000.0,Source Verified,debt_consolidation,PA,36.44,0.0,690.0,694.0,1.0,51.4,15.0,Individual,5,High Risk,Manual Review
65781680,35000.0, 60 months,18.99,E,E3,10+ years,MORTGAGE,115000.0,Verified,debt_consolidation,TX,30.22,0.0,695.0,699.0,1.0,39.6,102.0,Individual,5,High Risk,Manual Review
65811783,10000.0, 36 months,18.49,E,E2,,OWN,39000.0,Source Verified,debt_consolidation,MI,33.54,0.0,675.0,679.0,4.0,98.6,22.0,Individual,6,High Risk,Manual Review
65611870,5100.0, 36 months,18.49,E,E2,,MORTGAGE,24132.0,Verified,debt_consolidation,MS,36.85,4.0,680.0,684.0,0.0,62.8,25.0,Individual,6,High Risk,Manual Review
65681650,20725.0, 60 months,21.99,F,F1,8 years,MORTGAGE,62000.0,Verified,debt_consolidation,WI,36.91,0.0,670.0,674.0,0.0,75.2,40.0,Individual,5,High Risk,Manual Review
65721989,1600.0, 36 months,16.55,D,D2,10+ years,MORTGAGE,48000.0,Verified,credit_card,PA,31.93,1.0,675.0,679.0,2.0,85.8,13.0,Individual,5,High Risk,Manual Review
65761403,18850.0, 60 months,20.99,E,E5,2 years,RENT,52400.0,Verified,debt_consolidation,AZ,33.88,0.0,685.0,689.0,0.0,100.7,8.0,Individual,6,High Risk,Manual Review
65374085,4000.0, 36 months,18.99,E,E3,3 years,RENT,20000.0,Verified,debt_consolidation,IL,34.93,0.0,670.0,674.0,0.0,87.0,18.0,Individual,6,High Risk,Manual Review
65681295,15375.0, 60 months,19.99,E,E4,10+ years,OWN,31400.0,Verified,debt_consolidation,FL,30.28,0.0,700.0,704.0,0.0,80.4,17.0,Individual,6,High Risk,Manual Review
65701249,24000.0, 60 months,18.2,E,E1,10+ years,RENT,60000.0,Not Verified,other,TX,31.21,0.0,700.0,704.0,0.0,58.8,19.0,Individual,5,High Risk,Manual Review
65671354,16200.0, 60 months,15.41,D,D1,3 years,RENT,49129.0,Source Verified,debt_consolidation,CO,32.0,2.0,670.0,674.0,0.0,93.4,20.0,Individual,5,High Risk,Manual Review
65273120,26500.0, 60 months,20.99,E,E5,10+ years,MORTGAGE,69800.0,Verified,debt_consolidation,NJ,16.61,1.0,665.0,669.0,1.0,92.3,25.0,Individual,5,High Risk,Manual Review
65641292,14775.0, 60 months,18.49,E,E2,4 years,RENT,33600.0,Source Verified,debt_consolidation,GA,33.54,0.0,690.0,694.0,0.0,93.1,25.0,Individual,6,High Risk,Manual Review
65514330,22400.0, 60 months,19.99,E,E4,5 years,RENT,56000.0,Verified,debt_consolidation,NY,35.19,0.0,685.0,689.0,0.0,100.4,13.0,Individual,6,High Risk,Manual Review
65781216,5475.0, 36 months,27.88,G,G3,,RENT,51000.0,Verified,debt_consolidation,CO,39.32,0.0,660.0,664.0,2.0,42.3,25.0,Individual,5,High Risk,Manual Review
65394716,3950.0, 36 months,18.99,E,E3,5 years,MORTGAGE,62000.0,Verified,home_improvement,PA,39.14,0.0,705.0,709.0,4.0,57.9,27.0,Individual,5,High Risk,Manual Review
65324060,10900.0, 60 months,18.99,E,E3,10+ years,MORTGAGE,45000.0,Source Verified,debt_consolidation,VA,36.62,0.0,755.0,759.0,0.0,93.4,12.0,Individual,6,High Risk,Manual Review
65641153,6925.0, 36 months,26.77,G,G1,7 years,RENT,22000.0,Verified,debt_consolidation,CA,38.88,0.0,660.0,664.0,0.0,57.7,18.0,Individual,5,High Risk,Manual Review
65831150,18000.0, 60 months,24.99,F,F4,10+ years,MORTGAGE,50000.0,Verified,debt_consolidation,WI,19.18,1.0,665.0,669.0,0.0,86.9,24.0,Individual,5,High Risk,Manual Review
65445482,9050.0, 36 months,18.49,E,E2,5 years,RENT,45000.0,Verified,debt_consolidation,MS,31.28,1.0,675.0,679.0,1.0,40.0,13.0,Individual,6,High Risk,Manual Review
65601227,25000.0, 60 months,18.99,E,E3,7 years,RENT,50000.0,Source Verified,debt_consolidation,GA,30.84,0.0,780.0,784.0,0.0,59.5,15.0,Individual,5,High Risk,Manual Review
65611219,18375.0, 60 months,27.31,G,G2,5 years,MORTGAGE,62000.0,Verified,debt_consolidation,MD,37.42,0.0,660.0,664.0,0.0,59.1,17.0,Individual,5,High Risk,Manual Review
65721174,14850.0, 60 months,18.49,E,E2,10+ years,RENT,32335.0,Source Verified,credit_card,TN,37.38,0.0,710.0,714.0,0.0,85.4,13.0,Individual,6,High Risk,Manual Review
65711254,35000.0, 60 months,19.99,E,E4,10+ years,RENT,120000.0,Source Verified,house,NY,32.79,0.0,685.0,689.0,0.0,49.4,41.0,Individual,5,High Risk,Manual Review
64681250,14400.0, 60 months,20.99,E,E5,8 years,MORTGAGE,40000.0,Verified,debt_consolidation,PA,37.11,0.0,665.0,669.0,0.0,86.1,22.0,Individual,6,High Risk,Manual Review
65434294,15000.0, 60 months,18.99,E,E3,10+ years,RENT,30000.0,Verified,debt_consolidation,FL,39.72,0.0,660.0,664.0,0.0,94.5,16.0,Individual,6,High Risk,Manual Review
65304170,11850.0, 60 months,19.99,E,E4,10+ years,RENT,35000.0,Source Verified,debt_consolidation,SC,32.3,0.0,660.0,664.0,1.0,56.0,18.0,Individual,5,High Risk,Manual Review
65261577,20475.0, 60 months,21.99,F,F1,10+ years,MORTGAGE,64000.0,Verified,debt_consolidation,OH,31.33,0.0,675.0,679.0,0.0,101.2,22.0,Individual,6,High Risk,Manual Review
65424600,28000.0, 60 months,20.99,E,E5,3 years,MORTGAGE,30000.0,Verified,debt_consolidation,MI,31.52,0.0,665.0,669.0,1.0,91.3,18.0,Joint App,6,High Risk,Manual Review
65273784,23000.0, 60 months,18.2,E,E1,10+ years,RENT,46000.0,Source Verified,debt_consolidation,GA,31.57,0.0,665.0,669.0,1.0,57.2,23.0,Individual,5,High Risk,Manual Review
65364802,20000.0, 60 months,22.99,F,F2,9 years,RENT,30000.0,Verified,debt_consolidation,CA,54.36,0.0,695.0,699.0,0.0,83.7,29.0,Joint App,6,High Risk,Manual Review
65515075,17625.0, 60 months,18.49,E,E2,9 years,RENT,50000.0,Source Verified,home_improvement,PA,38.4,0.0,665.0,669.0,1.0,86.4,12.0,Individual,6,High Risk,Manual Review
65284935,26875.0, 60 months,18.2,E,E1,10+ years,MORTGAGE,80000.0,Source Verified,debt_consolidation,OK,33.74,0.0,690.0,694.0,0.0,87.9,26.0,Individual,6,High Risk,Manual Review
65140829,11775.0, 60 months,20.99,E,E5,< 1 year,MORTGAGE,41000.0,Verified,debt_consolidation,VA,31.53,0.0,675.0,679.0,0.0,52.0,26.0,Individual,5,High Risk,Manual Review
65504752,16050.0, 60 months,18.2,E,E1,5 years,MORTGAGE,40000.0,Not Verified,credit_card,NY,37.08,0.0,700.0,704.0,0.0,61.7,20.0,Individual,5,High Risk,Manual Review
65504703,14000.0, 60 months,25.99,F,F5,2 years,MORTGAGE,68000.0,Verified,debt_consolidation,NC,21.32,1.0,660.0,664.0,3.0,91.9,14.0,Individual,5,High Risk,Manual Review
65160196,20050.0, 60 months,18.2,E,E1,10+ years,MORTGAGE,59000.0,Source Verified,debt_consolidation,LA,37.37,1.0,670.0,674.0,0.0,84.7,37.0,Individual,7,High Risk,Manual Review
65305080,30850.0, 60 months,26.77,G,G1,10+ years,OWN,70150.0,Verified,debt_consolidation,MD,34.7,0.0,685.0,689.0,1.0,67.0,44.0,Individual,5,High Risk,Manual Review
65414363,35000.0, 60 months,18.2,E,E1,10+ years,RENT,90000.0,Verified,debt_consolidation,VA,34.72,0.0,710.0,714.0,0.0,66.3,36.0,Individual,5,High Risk,Manual Review
64301108,17500.0, 60 months,18.99,E,E3,,MORTGAGE,35000.0,Not Verified,debt_consolidation,FL,38.2,0.0,660.0,664.0,0.0,75.2,27.0,Individual,5,High Risk,Manual Review
65305064,24425.0, 60 months,18.2,E,E1,10+ years,MORTGAGE,90000.0,Verified,debt_consolidation,GA,39.13,0.0,675.0,679.0,0.0,73.0,25.0,Individual,5,High Risk,Manual Review
65383277,32625.0, 60 months,22.99,F,F2,10+ years,OWN,68000.0,Verified,home_improvement,TX,34.33,0.0,695.0,699.0,2.0,19.3,85.0,Individual,5,High Risk,Manual Review
63888206,9500.0, 36 months,18.99,E,E3,3 years,RENT,19000.0,Source Verified,debt_consolidation,CA,36.13,0.0,680.0,684.0,0.0,77.2,10.0,Individual,5,High Risk,Manual Review
65484564,33100.0, 36 months,18.49,E,E2,2 years,MORTGAGE,70000.0,Source Verified,home_improvement,OH,38.21,3.0,710.0,714.0,2.0,38.4,31.0,Individual,6,High Risk,Manual Review
65334513,30000.0, 60 months,18.99,E,E3,3 years,MORTGAGE,38500.0,Source Verified,debt_consolidation,SC,48.91,2.0,665.0,669.0,0.0,88.7,87.0,Joint App,7,High Risk,Manual Review
65303630,22675.0, 60 months,18.49,E,E2,6 years,MORTGAGE,70000.0,Verified,debt_consolidation,PA,33.64,2.0,675.0,679.0,0.0,66.7,42.0,Individual,6,High Risk,Manual Review
65108226,1350.0, 36 months,20.99,E,E5,10+ years,OWN,35000.0,Source Verified,other,TN,35.73,0.0,695.0,699.0,2.0,22.2,34.0,Individual,5,High Risk,Manual Review
65384254,19025.0, 60 months,18.99,E,E3,10+ years,MORTGAGE,68986.0,Source Verified,debt_consolidation,OK,37.89,1.0,690.0,694.0,0.0,70.7,58.0,Individual,6,High Risk,Manual Review
65464467,4850.0, 36 months,23.99,F,F3,10+ years,RENT,30000.0,Verified,medical,KY,30.36,0.0,670.0,674.0,2.0,6.3,17.0,Individual,5,High Risk,Manual Review
65354096,35000.0, 60 months,18.49,E,E2,4 years,MORTGAGE,160000.0,Source Verified,credit_card,AZ,20.99,1.0,660.0,664.0,1.0,81.1,38.0,Individual,5,High Risk,Manual Review
65494583,35000.0, 60 months,18.99,E,E3,2 years,RENT,99000.0,Verified,debt_consolidation,NV,35.55,0.0,745.0,749.0,0.0,13.0,17.0,Individual,5,High Risk,Manual Review
65484496,25000.0, 60 months,18.49,E,E2,2 years,MORTGAGE,90000.0,Verified,debt_consolidation,PA,39.91,1.0,675.0,679.0,0.0,57.0,37.0,Individual,6,High Risk,Manual Review
65324354,35000.0, 60 months,18.49,E,E2,10+ years,MORTGAGE,100000.0,Verified,debt_consolidation,TX,31.56,0.0,735.0,739.0,2.0,24.9,30.0,Individual,5,High Risk,Manual Review
65484405,25950.0, 36 months,20.99,E,E5,1 year,RENT,70000.0,Verified,debt_consolidation,NY,32.74,0.0,720.0,724.0,3.0,20.0,29.0,Individual,5,High Risk,Manual Review
65273163,15625.0, 36 months,18.49,E,E2,< 1 year,OWN,34000.0,Verified,credit_card,LA,35.23,0.0,695.0,699.0,0.0,71.6,12.0,Individual,5,High Risk,Manual Review
65514485,10200.0, 60 months,18.49,E,E2,8 years,RENT,30000.0,Verified,other,CA,31.52,0.0,690.0,694.0,0.0,100.7,6.0,Individual,6,High Risk,Manual Review
65117403,10200.0, 60 months,18.2,E,E1,4 years,MORTGAGE,60000.0,Source Verified,debt_consolidation,TN,33.16,0.0,720.0,724.0,1.0,47.6,22.0,Individual,5,High Risk,Manual Review
65294365,30000.0, 60 months,28.99,G,G5,2 years,OWN,43000.0,Verified,debt_consolidation,ND,47.61,0.0,670.0,674.0,1.0,66.5,29.0,Joint App,5,High Risk,Manual Review
65414061,15225.0, 60 months,28.99,G,G5,2 years,MORTGAGE,39000.0,Verified,home_improvement,MN,32.89,0.0,665.0,669.0,1.0,99.6,16.0,Individual,6,High Risk,Manual Review
65514349,26400.0, 60 months,16.99,D,D3,10+ years,MORTGAGE,91000.0,Verified,credit_card,OH,33.55,1.0,670.0,674.0,1.0,89.0,38.0,Individual,5,High Risk,Manual Review
64240750,22525.0, 60 months,18.2,E,E1,10+ years,OWN,67000.0,Source Verified,debt_consolidation,FL,37.38,1.0,660.0,664.0,0.0,67.7,25.0,Individual,6,High Risk,Manual Review
65324117,27150.0, 36 months,18.99,E,E3,10+ years,RENT,75491.0,Verified,debt_consolidation,IL,30.79,1.0,660.0,664.0,2.0,83.0,38.0,Individual,7,High Risk,Manual Review
65363080,11550.0, 36 months,18.49,E,E2,3 years,MORTGAGE,42000.0,Verified,debt_consolidation,FL,36.09,0.0,695.0,699.0,2.0,35.0,15.0,Individual,5,High Risk,Manual Review
65454631,13200.0, 60 months,19.99,E,E4,,RENT,30000.0,Verified,debt_consolidation,ME,31.92,0.0,700.0,704.0,0.0,69.5,13.0,Individual,5,High Risk,Manual Review
63908200,26200.0, 60 months,18.49,E,E2,10+ years,MORTGAGE,82195.0,Verified,credit_card,KY,29.3,1.0,680.0,684.0,0.0,84.8,29.0,Individual,5,High Risk,Manual Review
65474106,12000.0, 60 months,18.99,E,E3,< 1 year,MORTGAGE,38000.0,Source Verified,debt_consolidation,GA,30.33,0.0,685.0,689.0,0.0,35.3,38.0,Individual,5,High Risk,Manual Review
65404415,28900.0, 60 months,22.99,F,F2,5 years,RENT,36000.0,Source Verified,debt_consolidation,MT,64.5,0.0,700.0,704.0,1.0,43.9,19.0,Joint App,5,High Risk,Manual Review
65304619,29400.0, 60 months,21.99,F,F1,9 years,MORTGAGE,70000.0,Source Verified,credit_card,CA,13.39,1.0,685.0,689.0,0.0,85.7,18.0,Individual,5,High Risk,Manual Review
65494295,7000.0, 36 months,18.99,E,E3,,RENT,12000.0,Not Verified,other,MO,67.5,0.0,685.0,689.0,0.0,98.9,9.0,Joint App,6,High Risk,Manual Review
65374012,26600.0, 60 months,18.99,E,E3,3 years,RENT,70000.0,Source Verified,debt_consolidation,NY,35.37,0.0,705.0,709.0,0.0,64.1,27.0,Individual,5,High Risk,Manual Review
65512362,17000.0, 60 months,18.49,E,E2,2 years,RENT,46000.0,Verified,debt_consolidation,FL,32.06,0.0,665.0,669.0,2.0,67.0,26.0,Individual,5,High Risk,Manual Review
65404309,28000.0, 60 months,18.99,E,E3,10+ years,MORTGAGE,165000.0,Verified,debt_consolidation,NY,39.55,0.0,680.0,684.0,1.0,83.0,49.0,Individual,6,High Risk,Manual Review
65464009,26000.0, 60 months,21.99,F,F1,10+ years,MORTGAGE,58000.0,Source Verified,major_purchase,IL,31.2,0.0,680.0,684.0,2.0,61.3,46.0,Individual,5,High Risk,Manual Review
65473963,19050.0, 60 months,18.2,E,E1,1 year,RENT,60000.0,Verified,debt_consolidation,NV,33.72,0.0,675.0,679.0,0.0,55.0,19.0,Individual,5,High Risk,Manual Review
65373440,20000.0, 60 months,18.49,E,E2,< 1 year,MORTGAGE,53000.0,Source Verified,debt_consolidation,IL,33.11,0.0,660.0,664.0,1.0,66.0,38.0,Individual,5,High Risk,Manual Review
65272962,22200.0, 60 months,18.49,E,E2,10+ years,MORTGAGE,55536.0,Verified,debt_consolidation,FL,22.47,3.0,660.0,664.0,0.0,87.2,30.0,Individual,5,High Risk,Manual Review
65504018,13300.0, 36 months,16.55,D,D2,8 years,OWN,35000.0,Verified,credit_card,IL,39.64,1.0,675.0,679.0,0.0,81.9,16.0,Individual,5,High Risk,Manual Review
65272989,14000.0, 60 months,18.99,E,E3,2 years,OWN,28000.0,Source Verified,debt_consolidation,CA,36.51,0.0,705.0,709.0,0.0,42.8,12.0,Individual,5,High Risk,Manual Review
64978215,17650.0, 60 months,19.99,E,E4,8 years,MORTGAGE,65000.0,Source Verified,debt_consolidation,UT,34.42,0.0,685.0,689.0,0.0,78.9,29.0,Individual,5,High Risk,Manual Review
65271488,12125.0, 60 months,19.99,E,E4,1 year,RENT,32000.0,Verified,debt_consolidation,MD,37.77,1.0,660.0,664.0,0.0,46.2,7.0,Individual,6,High Risk,Manual Review
65017894,15475.0, 60 months,22.99,F,F2,1 year,RENT,43000.0,Verified,credit_card,CA,26.74,1.0,680.0,684.0,0.0,95.5,35.0,Individual,5,High Risk,Manual Review
65343856,2075.0, 36 months,18.49,E,E2,4 years,MORTGAGE,40475.0,Verified,other,AZ,31.52,1.0,665.0,669.0,3.0,89.3,22.0,Individual,7,High Risk,Manual Review
64989239,26150.0, 60 months,18.49,E,E2,10+ years,MORTGAGE,60000.0,Source Verified,debt_consolidation,TN,31.18,0.0,670.0,674.0,0.0,99.1,17.0,Individual,6,High Risk,Manual Review
65404071,12600.0, 60 months,18.2,E,E1,5 years,MORTGAGE,33000.0,Verified,debt_consolidation,TX,33.93,0.0,800.0,804.0,2.0,2.2,32.0,Individual,5,High Risk,Manual Review
65404085,35000.0, 60 months,21.99,F,F1,10+ years,MORTGAGE,120000.0,Verified,debt_consolidation,OK,32.96,0.0,685.0,689.0,1.0,90.9,23.0,Individual,6,High Risk,Manual Review
65382814,20050.0, 60 months,18.49,E,E2,10+ years,MORTGAGE,65977.0,Source Verified,debt_consolidation,WA,25.23,3.0,665.0,669.0,0.0,95.0,37.0,Individual,5,High Risk,Manual Review
65483901,14400.0, 60 months,15.41,D,D1,1 year,RENT,37000.0,Not Verified,debt_consolidation,CT,33.93,1.0,660.0,664.0,0.0,86.2,25.0,Individual,5,High Risk,Manual Review
65353829,10725.0, 60 months,18.2,E,E1,2 years,MORTGAGE,36500.0,Not Verified,credit_card,DE,32.92,0.0,690.0,694.0,1.0,67.0,14.0,Individual,5,High Risk,Manual Review
56141360,24000.0, 60 months,18.2,E,E1,10+ years,MORTGAGE,70000.0,Source Verified,debt_consolidation,LA,31.05,1.0,690.0,694.0,0.0,57.7,31.0,Individual,6,High Risk,Manual Review
65433961,18000.0, 60 months,18.49,E,E2,10+ years,MORTGAGE,30000.0,Verified,credit_card,CA,44.4,2.0,670.0,674.0,0.0,85.0,16.0,Joint App,7,High Risk,Manual Review
65463822,24775.0, 60 months,21.99,F,F1,8 years,RENT,59000.0,Source Verified,credit_card,MA,34.44,0.0,685.0,689.0,1.0,62.3,28.0,Individual,5,High Risk,Manual Review
65432422,12950.0, 60 months,18.2,E,E1,10+ years,RENT,43680.0,Verified,debt_consolidation,CA,36.1,0.0,695.0,699.0,0.0,87.7,19.0,Individual,6,High Risk,Manual Review
65303926,15000.0, 36 months,20.99,E,E5,6 years,MORTGAGE,80000.0,Verified,debt_consolidation,CA,27.02,1.0,670.0,674.0,0.0,91.0,16.0,Individual,5,High Risk,Manual Review
63813358,2550.0, 36 months,19.99,E,E4,,OWN,8000.0,Verified,major_purchase,FL,31.23,0.0,675.0,679.0,0.0,68.5,5.0,Individual,5,High Risk,Manual Review
65383648,19000.0, 60 months,18.49,E,E2,10+ years,MORTGAGE,72000.0,Source Verified,debt_consolidation,CO,38.66,0.0,680.0,684.0,2.0,53.5,35.0,Individual,5,High Risk,Manual Review
65272705,28000.0, 60 months,18.49,E,E2,10+ years,MORTGAGE,68000.0,Not Verified,debt_consolidation,CA,31.77,0.0,705.0,709.0,2.0,51.5,30.0,Individual,5,High Risk,Manual Review
65363812,17750.0, 60 months,21.99,F,F1,< 1 year,MORTGAGE,70000.0,Verified,debt_consolidation,PA,31.15,0.0,670.0,674.0,0.0,65.8,14.0,Individual,5,High Risk,Manual Review
65283824,7675.0, 36 months,18.49,E,E2,8 years,RENT,24000.0,Verified,other,HI,31.95,0.0,720.0,724.0,2.0,33.1,14.0,Individual,5,High Risk,Manual Review
65453836,12300.0, 60 months,18.99,E,E3,10+ years,MORTGAGE,55000.0,Verified,debt_consolidation,MD,39.65,4.0,670.0,674.0,1.0,42.1,53.0,Individual,6,High Risk,Manual Review
65483766,15150.0, 36 months,23.99,F,F3,4 years,RENT,45000.0,Verified,other,IL,34.83,0.0,675.0,679.0,4.0,22.7,10.0,Individual,5,High Risk,Manual Review
65453881,9725.0, 36 months,19.99,E,E4,2 years,MORTGAGE,36000.0,Verified,debt_consolidation,TX,38.03,0.0,675.0,679.0,0.0,79.8,12.0,Individual,5,High Risk,Manual Review
65453905,5700.0, 36 months,18.49,E,E2,2 years,RENT,35000.0,Source Verified,other,AR,24.98,18.0,660.0,664.0,0.0,80.1,30.0,Individual,5,High Risk,Manual Review
65353676,20600.0, 60 months,19.99,E,E4,10+ years,MORTGAGE,70000.0,Source Verified,debt_consolidation,TX,34.97,0.0,690.0,694.0,0.0,91.5,33.0,Individual,6,High Risk,Manual Review
65433812,14525.0, 60 months,19.99,E,E4,,MORTGAGE,32000.0,Verified,debt_consolidation,OH,35.67,0.0,705.0,709.0,0.0,79.8,17.0,Joint App,5,High Risk,Manual Review
65453534,22400.0, 60 months,23.99,F,F3,10+ years,MORTGAGE,70000.0,Verified,debt_consolidation,VA,16.12,3.0,680.0,684.0,1.0,81.4,30.0,Individual,5,High Risk,Manual Review
65353506,15250.0, 60 months,24.99,F,F4,10+ years,MORTGAGE,45000.0,Source Verified,debt_consolidation,IL,35.92,1.0,680.0,684.0,0.0,75.9,23.0,Individual,6,High Risk,Manual Review
65444043,28600.0, 60 months,17.57,D,D4,4 years,RENT,65000.0,Source Verified,debt_consolidation,CA,33.2,2.0,660.0,664.0,0.0,96.8,28.0,Individual,5,High Risk,Manual Review
65180830,22650.0, 60 months,18.49,E,E2,10+ years,MORTGAGE,70858.0,Verified,other,WV,38.03,0.0,720.0,724.0,2.0,43.3,24.0,Individual,5,High Risk,Manual Review
65372149,18775.0, 60 months,18.49,E,E2,10+ years,MORTGAGE,65000.0,Not Verified,home_improvement,FL,32.27,0.0,665.0,669.0,0.0,40.1,37.0,Individual,5,High Risk,Manual Review
65363692,14625.0, 60 months,18.99,E,E3,4 years,RENT,58000.0,Source Verified,debt_consolidation,VT,33.33,0.0,700.0,704.0,0.0,60.4,16.0,Individual,5,High Risk,Manual Review
65383457,8400.0, 36 months,19.99,E,E4,,RENT,67000.0,Verified,debt_consolidation,CA,31.33,0.0,665.0,669.0,2.0,59.1,17.0,Individual,5,High Risk,Manual Review
65199214,30000.0, 60 months,18.49,E,E2,1 year,OWN,102000.0,Source Verified,debt_consolidation,VA,31.01,0.0,715.0,719.0,2.0,57.6,48.0,Individual,5,High Risk,Manual Review
64310186,25125.0, 60 months,20.99,E,E5,5 years,MORTGAGE,76000.0,Source Verified,debt_consolidation,TX,37.43,1.0,665.0,669.0,3.0,68.8,48.0,Individual,6,High Risk,Manual Review
65343421,4550.0, 36 months,24.99,F,F4,4 years,RENT,17830.0,Verified,debt_consolidation,HI,36.9,0.0,690.0,694.0,1.0,69.8,4.0,Individual,5,High Risk,Manual Review
65443884,35000.0, 60 months,18.2,E,E1,5 years,MORTGAGE,89000.0,Verified,debt_consolidation,AL,31.27,0.0,690.0,694.0,0.0,88.7,30.0,Individual,6,High Risk,Manual Review
65443665,14500.0, 60 months,18.49,E,E2,9 years,RENT,67000.0,Source Verified,debt_consolidation,CT,20.44,3.0,665.0,669.0,1.0,95.2,15.0,Individual,5,High Risk,Manual Review
65463313,10050.0, 60 months,18.99,E,E3,10+ years,MORTGAGE,42000.0,Source Verified,debt_consolidation,WA,38.66,0.0,675.0,679.0,0.0,64.2,21.0,Individual,5,High Risk,Manual Review
65323361,19600.0, 60 months,18.49,E,E2,10+ years,MORTGAGE,49000.0,Verified,debt_consolidation,OK,33.77,1.0,670.0,674.0,2.0,52.5,26.0,Individual,6,High Risk,Manual Review
65160438,15000.0, 60 months,18.49,E,E2,9 years,MORTGAGE,90000.0,Not Verified,debt_consolidation,CO,25.13,1.0,660.0,664.0,0.0,87.3,21.0,Individual,5,High Risk,Manual Review
65323300,11200.0, 60 months,18.99,E,E3,3 years,RENT,42200.0,Verified,debt_consolidation,FL,32.39,0.0,670.0,674.0,0.0,84.0,39.0,Individual,6,High Risk,Manual Review
65413235,11000.0, 60 months,18.99,E,E3,,OWN,25000.0,Verified,credit_card,TX,30.96,0.0,695.0,699.0,0.0,71.7,22.0,Individual,5,High Risk,Manual Review
65303458,8400.0, 36 months,24.99,F,F4,,MORTGAGE,28000.0,Verified,debt_consolidation,SC,34.2,0.0,670.0,674.0,0.0,86.4,21.0,Individual,6,High Risk,Manual Review
65403417,25500.0, 60 months,18.99,E,E3,10+ years,RENT,58000.0,Verified,debt_consolidation,MA,33.58,0.0,680.0,684.0,0.0,69.0,19.0,Individual,5,High Risk,Manual Review
65272269,5750.0, 36 months,18.2,E,E1,6 years,RENT,24000.0,Verified,debt_consolidation,FL,33.1,0.0,660.0,664.0,1.0,96.2,18.0,Individual,6,High Risk,Manual Review
65028057,26350.0, 60 months,18.99,E,E3,3 years,RENT,59903.0,Source Verified,debt_consolidation,GA,30.15,0.0,700.0,704.0,0.0,34.5,50.0,Individual,5,High Risk,Manual Review
65392410,15275.0, 60 months,27.88,G,G3,,RENT,50938.8,Verified,debt_consolidation,NC,35.32,0.0,670.0,674.0,0.0,95.8,28.0,Individual,6,High Risk,Manual Review
65343364,16000.0, 60 months,19.99,E,E4,1 year,RENT,40000.0,Verified,debt_consolidation,FL,38.33,0.0,675.0,679.0,0.0,85.5,41.0,Individual,6,High Risk,Manual Review
65472971,3250.0, 36 months,18.99,E,E3,,OWN,36000.0,Verified,debt_consolidation,NC,36.9,1.0,680.0,684.0,2.0,76.0,25.0,Individual,6,High Risk,Manual Review
65343308,15650.0, 36 months,20.99,E,E5,4 years,OWN,54000.0,Verified,debt_consolidation,OR,31.73,2.0,670.0,674.0,1.0,49.5,49.0,Individual,6,High Risk,Manual Review
65473320,30725.0, 60 months,20.99,E,E5,< 1 year,RENT,86000.0,Verified,debt_consolidation,AL,30.2,1.0,685.0,689.0,1.0,81.0,19.0,Individual,7,High Risk,Manual Review
65422231,35000.0, 60 months,18.49,E,E2,10+ years,MORTGAGE,141000.0,Source Verified,major_purchase,FL,31.1,0.0,695.0,699.0,1.0,69.1,39.0,Individual,5,High Risk,Manual Review
65422517,30300.0, 60 months,18.49,E,E2,10+ years,MORTGAGE,65878.0,Source Verified,debt_consolidation,NY,33.69,0.0,700.0,704.0,0.0,72.9,26.0,Individual,5,High Risk,Manual Review
65362855,10500.0, 60 months,18.2,E,E1,1 year,RENT,30000.0,Verified,debt_consolidation,NV,36.64,0.0,660.0,664.0,0.0,94.0,17.0,Individual,6,High Risk,Manual Review
65272096,10800.0, 36 months,18.2,E,E1,< 1 year,RENT,30000.0,Verified,debt_consolidation,MN,39.4,4.0,660.0,664.0,0.0,66.0,34.0,Individual,6,High Risk,Manual Review
65283215,22400.0, 60 months,18.99,E,E3,10+ years,OWN,56000.0,Verified,debt_consolidation,NY,39.42,0.0,675.0,679.0,0.0,87.7,24.0,Individual,6,High Risk,Manual Review
65008450,5000.0, 36 months,18.2,E,E1,10+ years,RENT,98000.0,Verified,moving,SC,37.22,0.0,690.0,694.0,3.0,83.0,29.0,Individual,6,High Risk,Manual Review
65038663,23725.0, 60 months,19.99,E,E4,10+ years,RENT,68000.0,Source Verified,debt_consolidation,CA,33.55,0.0,665.0,669.0,1.0,62.6,19.0,Individual,5,High Risk,Manual Review
64681756,3850.0, 36 months,18.49,E,E2,,OWN,13200.0,Verified,debt_consolidation,FL,31.82,0.0,670.0,674.0,1.0,78.4,5.0,Individual,5,High Risk,Manual Review
65130061,35000.0, 60 months,18.99,E,E3,10+ years,MORTGAGE,95000.0,Source Verified,debt_consolidation,MI,35.98,0.0,690.0,694.0,1.0,65.8,39.0,Individual,5,High Risk,Manual Review
65199139,26350.0, 60 months,18.49,E,E2,10+ years,MORTGAGE,160000.0,Source Verified,credit_card,AR,31.94,0.0,690.0,694.0,1.0,86.2,48.0,Individual,6,High Risk,Manual Review
65293351,14000.0, 60 months,18.2,E,E1,3 years,RENT,43000.0,Source Verified,debt_consolidation,CA,36.9,1.0,675.0,679.0,1.0,46.3,28.0,Individual,6,High Risk,Manual Review
65482347,22650.0, 60 months,18.49,E,E2,,MORTGAGE,76746.0,Not Verified,debt_consolidation,CA,33.82,0.0,770.0,774.0,3.0,10.6,38.0,Individual,5,High Risk,Manual Review
65422865,17275.0, 60 months,24.99,F,F4,2 years,RENT,48000.0,Verified,other,CA,31.85,0.0,665.0,669.0,1.0,49.9,16.0,Individual,5,High Risk,Manual Review
65293196,22275.0, 60 months,19.99,E,E4,,MORTGAGE,53055.0,Verified,debt_consolidation,GA,33.59,0.0,695.0,699.0,0.0,62.3,23.0,Individual,5,High Risk,Manual Review
64711889,21825.0, 60 months,19.99,E,E4,,OWN,45500.0,Not Verified,credit_card,NE,35.4,0.0,740.0,744.0,1.0,28.1,11.0,Individual,5,High Risk,Manual Review
64260980,35000.0, 36 months,18.49,E,E2,5 years,MORTGAGE,88000.0,Verified,debt_consolidation,TX,31.08,0.0,680.0,684.0,0.0,85.0,26.0,Individual,6,High Risk,Manual Review
65019631,14050.0, 60 months,26.77,G,G1,< 1 year,MORTGAGE,22176.0,Verified,other,MI,44.43,1.0,685.0,689.0,0.0,49.6,23.0,Joint App,6,High Risk,Manual Review
65462893,12400.0, 60 months,25.99,F,F5,,MORTGAGE,48000.0,Verified,debt_consolidation,NV,38.7,0.0,670.0,674.0,0.0,55.9,36.0,Individual,5,High Risk,Manual Review
65302287,15000.0, 60 months,18.2,E,E1,5 years,RENT,56000.0,Verified,debt_consolidation,CA,26.88,1.0,660.0,664.0,0.0,96.6,13.0,Individual,5,High Risk,Manual Review
64842557,31225.0, 60 months,18.2,E,E1,10+ years,MORTGAGE,68000.0,Verified,debt_consolidation,FL,39.3,0.0,685.0,689.0,0.0,83.8,30.0,Individual,6,High Risk,Manual Review
65007779,33075.0, 60 months,20.99,E,E5,10+ years,MORTGAGE,80000.0,Source Verified,credit_card,VT,31.58,0.0,690.0,694.0,1.0,74.1,47.0,Individual,5,High Risk,Manual Review
65261275,10100.0, 60 months,27.88,G,G3,< 1 year,MORTGAGE,33696.0,Verified,debt_consolidation,OH,39.85,0.0,670.0,674.0,1.0,71.4,29.0,Individual,5,High Risk,Manual Review
65303000,33750.0, 60 months,18.49,E,E2,5 years,OWN,75000.0,Verified,debt_consolidation,FL,31.65,0.0,685.0,689.0,1.0,63.0,20.0,Individual,5,High Risk,Manual Review
65382744,23500.0, 60 months,20.99,E,E5,5 years,RENT,56000.0,Verified,debt_consolidation,NC,33.35,1.0,685.0,689.0,0.0,39.3,36.0,Individual,6,High Risk,Manual Review
65472671,12425.0, 36 months,16.99,D,D3,8 years,OWN,96186.0,Verified,debt_consolidation,FL,33.56,1.0,675.0,679.0,0.0,83.0,29.0,Individual,5,High Risk,Manual Review
65293016,10550.0, 60 months,18.2,E,E1,6 years,RENT,24000.0,Source Verified,debt_consolidation,OH,30.5,1.0,690.0,694.0,0.0,45.8,12.0,Individual,6,High Risk,Manual Review
65482605,32925.0, 60 months,20.99,E,E5,,MORTGAGE,71593.68,Verified,credit_card,CA,35.2,0.0,660.0,664.0,0.0,48.5,33.0,Individual,5,High Risk,Manual Review
64058953,13075.0, 36 months,20.99,E,E5,8 years,MORTGAGE,37000.0,Verified,debt_consolidation,PA,30.91,1.0,660.0,664.0,0.0,70.0,17.0,Individual,6,High Risk,Manual Review
65372683,12225.0, 36 months,19.99,E,E4,4 years,RENT,30000.0,Verified,debt_consolidation,FL,33.56,0.0,665.0,669.0,0.0,53.0,20.0,Individual,5,High Risk,Manual Review
65372643,5475.0, 36 months,20.99,E,E5,10+ years,MORTGAGE,34000.0,Verified,other,TX,33.04,1.0,660.0,664.0,0.0,30.8,66.0,Individual,6,High Risk,Manual Review
65492503,15000.0, 60 months,18.99,E,E3,10+ years,MORTGAGE,261857.0,Verified,home_improvement,CA,14.44,1.0,660.0,664.0,2.0,85.8,54.0,Individual,5,High Risk,Manual Review
63250449,29925.0, 60 months,18.49,E,E2,10+ years,RENT,90000.0,Verified,debt_consolidation,CA,38.65,0.0,685.0,689.0,0.0,65.5,15.0,Individual,5,High Risk,Manual Review
65312766,35000.0, 60 months,18.2,E,E1,10+ years,OWN,102000.0,Source Verified,debt_consolidation,DC,36.48,1.0,725.0,729.0,2.0,71.4,24.0,Individual,6,High Risk,Manual Review
65432627,35000.0, 60 months,20.99,E,E5,10+ years,MORTGAGE,85000.0,Verified,debt_consolidation,TX,30.41,0.0,700.0,704.0,1.0,69.6,35.0,Individual,5,High Risk,Manual Review
65261189,12000.0, 36 months,18.2,E,E1,< 1 year,RENT,26661.0,Verified,debt_consolidation,WI,35.88,5.0,665.0,669.0,3.0,20.4,43.0,Individual,6,High Risk,Manual Review
65282623,12000.0, 60 months,18.49,E,E2,2 years,MORTGAGE,38621.0,Verified,major_purchase,NV,32.54,0.0,660.0,664.0,3.0,33.2,44.0,Individual,5,High Risk,Manual Review
64280507,14700.0, 60 months,18.2,E,E1,,OWN,35000.0,Not Verified,debt_consolidation,FL,31.79,0.0,660.0,664.0,1.0,78.4,21.0,Individual,5,High Risk,Manual Review
65261152,15850.0, 60 months,22.99,F,F2,< 1 year,MORTGAGE,40000.0,Verified,debt_consolidation,TN,16.86,2.0,665.0,669.0,2.0,91.0,21.0,Individual,5,High Risk,Manual Review
65322524,24550.0, 60 months,18.49,E,E2,4 years,MORTGAGE,111000.0,Verified,debt_consolidation,TX,33.44,0.0,700.0,704.0,3.0,73.2,23.0,Individual,5,High Risk,Manual Review
65412419,11100.0, 60 months,27.88,G,G3,1 year,RENT,37000.0,Verified,debt_consolidation,OH,32.68,0.0,675.0,679.0,1.0,92.9,22.0,Individual,6,High Risk,Manual Review
65332476,1000.0, 36 months,18.49,E,E2,10+ years,MORTGAGE,28000.0,Verified,debt_consolidation,PA,31.85,0.0,660.0,664.0,0.0,82.3,10.0,Individual,6,High Risk,Manual Review
65058312,5125.0, 36 months,18.99,E,E3,8 years,MORTGAGE,35000.0,Source Verified,home_improvement,NC,37.55,0.0,755.0,759.0,0.0,20.7,44.0,Individual,5,High Risk,Manual Review
65312307,35000.0, 60 months,18.99,E,E3,9 years,MORTGAGE,92000.0,Verified,debt_consolidation,IL,34.49,0.0,670.0,674.0,1.0,86.4,29.0,Individual,6,High Risk,Manual Review
65392262,15000.0, 60 months,18.2,E,E1,10+ years,RENT,42000.0,Verified,debt_consolidation,IN,35.8,0.0,670.0,674.0,2.0,92.5,21.0,Individual,6,High Risk,Manual Review
65392362,8125.0, 36 months,18.49,E,E2,,RENT,22572.0,Verified,credit_card,MD,38.49,0.0,695.0,699.0,0.0,84.6,10.0,Individual,6,High Risk,Manual Review
65312328,35000.0, 60 months,18.2,E,E1,10+ years,RENT,74000.0,Verified,debt_consolidation,VA,39.67,0.0,690.0,694.0,0.0,97.1,36.0,Individual,6,High Risk,Manual Review
65492286,27750.0, 60 months,21.99,F,F1,7 years,OWN,80000.0,Verified,debt_consolidation,FL,30.56,0.0,685.0,689.0,0.0,72.0,20.0,Individual,5,High Risk,Manual Review
65512393,18900.0, 60 months,25.99,F,F5,6 years,RENT,45000.0,Verified,debt_consolidation,GA,38.96,3.0,660.0,664.0,0.0,10.7,35.0,Individual,6,High Risk,Manual Review
65432489,16000.0, 60 months,18.2,E,E1,4 years,RENT,41000.0,Verified,debt_consolidation,NC,15.95,1.0,660.0,664.0,0.0,84.9,21.0,Individual,5,High Risk,Manual Review
65422285,17225.0, 60 months,28.49,G,G4,6 years,MORTGAGE,57422.0,Verified,debt_consolidation,TX,38.84,0.0,665.0,669.0,0.0,83.4,24.0,Individual,6,High Risk,Manual Review
64311469,17675.0, 60 months,25.99,F,F5,10+ years,MORTGAGE,65000.0,Verified,debt_consolidation,PA,32.83,2.0,680.0,684.0,3.0,81.3,50.0,Individual,7,High Risk,Manual Review
65231253,10125.0, 60 months,19.99,E,E4,< 1 year,OWN,30000.0,Verified,credit_card,SD,37.28,0.0,685.0,689.0,0.0,74.5,28.0,Individual,5,High Risk,Manual Review
65452226,9600.0, 36 months,18.99,E,E3,< 1 year,OWN,48000.0,Verified,moving,OH,38.0,0.0,680.0,684.0,0.0,58.7,18.0,Individual,5,High Risk,Manual Review
65099397,16625.0, 60 months,18.2,E,E1,10+ years,MORTGAGE,52000.0,Source Verified,debt_consolidation,FL,35.59,0.0,680.0,684.0,0.0,70.7,24.0,Individual,5,High Risk,Manual Review
65422126,14450.0, 60 months,23.99,F,F3,1 year,MORTGAGE,29000.0,Verified,debt_consolidation,MI,34.44,0.0,705.0,709.0,0.0,44.7,25.0,Individual,5,High Risk,Manual Review
65109276,4625.0, 36 months,18.99,E,E3,4 years,RENT,67000.0,Verified,debt_consolidation,CA,36.49,1.0,665.0,669.0,3.0,73.0,19.0,Individual,6,High Risk,Manual Review
65402180,15400.0, 60 months,18.49,E,E2,< 1 year,RENT,35000.0,Source Verified,debt_consolidation,MA,37.59,0.0,680.0,684.0,1.0,82.4,24.0,Individual,6,High Risk,Manual Review
65047227,17975.0, 60 months,21.99,F,F1,4 years,MORTGAGE,50000.0,Verified,debt_consolidation,PA,30.68,0.0,700.0,704.0,3.0,96.0,14.0,Individual,6,High Risk,Manual Review
65422144,15950.0, 60 months,21.99,F,F1,10+ years,MORTGAGE,38000.0,Source Verified,credit_card,IL,32.15,0.0,705.0,709.0,0.0,87.7,25.0,Individual,6,High Risk,Manual Review
65502219,17150.0, 60 months,17.86,D,D5,10+ years,RENT,50000.0,Source Verified,debt_consolidation,KS,38.38,1.0,715.0,719.0,0.0,86.1,10.0,Individual,5,High Risk,Manual Review
64969763,17275.0, 60 months,19.99,E,E4,10+ years,RENT,48000.0,Source Verified,other,CA,33.35,0.0,665.0,669.0,1.0,63.9,26.0,Individual,5,High Risk,Manual Review
65130168,20775.0, 60 months,23.99,F,F3,10+ years,RENT,50000.0,Verified,debt_consolidation,FL,37.11,0.0,680.0,684.0,1.0,59.7,28.0,Individual,5,High Risk,Manual Review
64999244,34750.0, 60 months,24.99,F,F4,10+ years,MORTGAGE,79000.0,Verified,debt_consolidation,KS,24.61,1.0,670.0,674.0,0.0,98.1,19.0,Individual,5,High Risk,Manual Review
65068400,8875.0, 36 months,18.2,E,E1,5 years,MORTGAGE,45000.0,Verified,debt_consolidation,VA,32.43,1.0,675.0,679.0,2.0,40.0,24.0,Individual,6,High Risk,Manual Review
64968946,25000.0, 60 months,18.99,E,E3,1 year,MORTGAGE,80000.0,Verified,debt_consolidation,MS,38.75,1.0,680.0,684.0,0.0,4.0,29.0,Individual,6,High Risk,Manual Review
64999252,15825.0, 60 months,18.99,E,E3,4 years,RENT,36000.0,Verified,debt_consolidation,NH,39.37,0.0,690.0,694.0,2.0,25.7,17.0,Individual,5,High Risk,Manual Review
65181312,27525.0, 60 months,21.99,F,F1,10+ years,RENT,68836.0,Verified,other,CA,38.88,0.0,765.0,769.0,1.0,25.5,23.0,Individual,5,High Risk,Manual Review
65059372,11175.0, 60 months,19.99,E,E4,4 years,MORTGAGE,73000.0,Verified,debt_consolidation,MA,33.98,0.0,680.0,684.0,1.0,73.6,33.0,Individual,5,High Risk,Manual Review
65141498,6600.0, 36 months,18.2,E,E1,1 year,RENT,22000.0,Verified,debt_consolidation,FL,33.44,0.0,670.0,674.0,3.0,86.0,19.0,Individual,6,High Risk,Manual Review
65171657,35000.0, 60 months,19.99,E,E4,10+ years,RENT,106000.0,Source Verified,debt_consolidation,HI,20.13,2.0,670.0,674.0,0.0,82.2,32.0,Individual,5,High Risk,Manual Review
65209370,6000.0, 36 months,18.99,E,E3,< 1 year,RENT,35000.0,Verified,debt_consolidation,IL,31.28,0.0,670.0,674.0,2.0,5.1,34.0,Individual,5,High Risk,Manual Review
64978783,24650.0, 60 months,18.99,E,E3,4 years,RENT,70000.0,Source Verified,debt_consolidation,DC,30.93,0.0,670.0,674.0,1.0,72.0,25.0,Individual,5,High Risk,Manual Review
65412114,15750.0, 60 months,18.49,E,E2,4 years,MORTGAGE,60000.0,Source Verified,debt_consolidation,MI,35.0,1.0,690.0,694.0,0.0,64.0,31.0,Individual,6,High Risk,Manual Review
64969501,30000.0, 60 months,18.49,E,E2,10+ years,MORTGAGE,72000.0,Verified,credit_card,NE,33.83,0.0,680.0,684.0,0.0,85.7,29.0,Individual,6,High Risk,Manual Review
65099035,11775.0, 60 months,18.2,E,E1,10+ years,MORTGAGE,61000.0,Source Verified,debt_consolidation,NY,38.78,0.0,685.0,689.0,0.0,77.1,25.0,Individual,5,High Risk,Manual Review
65161070,26150.0, 60 months,24.99,F,F4,10+ years,RENT,120000.0,Verified,debt_consolidation,CA,30.49,0.0,660.0,664.0,1.0,73.7,21.0,Individual,5,High Risk,Manual Review
64989309,15175.0, 60 months,18.49,E,E2,10+ years,OWN,59000.0,Source Verified,home_improvement,TX,37.37,0.0,705.0,709.0,0.0,21.2,13.0,Individual,5,High Risk,Manual Review
65201128,14000.0, 60 months,18.99,E,E3,2 years,RENT,35000.0,Source Verified,debt_consolidation,CO,31.34,0.0,675.0,679.0,1.0,89.4,8.0,Individual,6,High Risk,Manual Review
65099160,15000.0, 60 months,18.49,E,E2,10+ years,MORTGAGE,30000.0,Verified,debt_consolidation,IN,31.6,0.0,665.0,669.0,0.0,79.3,18.0,Individual,5,High Risk,Manual Review
64989310,16000.0, 60 months,18.49,E,E2,2 years,RENT,45000.0,Verified,debt_consolidation,WV,38.61,0.0,680.0,684.0,1.0,32.0,28.0,Individual,5,High Risk,Manual Review
64989280,22075.0, 60 months,18.2,E,E1,< 1 year,RENT,55200.0,Verified,debt_consolidation,TN,31.02,0.0,665.0,669.0,0.0,98.0,16.0,Individual,6,High Risk,Manual Review
63447576,35000.0, 60 months,18.99,E,E3,10+ years,MORTGAGE,85000.0,Source Verified,credit_card,OH,35.49,2.0,675.0,679.0,0.0,72.5,48.0,Individual,6,High Risk,Manual Review
64969341,28575.0, 60 months,19.99,E,E4,9 years,MORTGAGE,95000.0,Verified,debt_consolidation,VA,33.07,0.0,710.0,714.0,0.0,62.3,19.0,Individual,5,High Risk,Manual Review
65161084,18000.0, 60 months,18.2,E,E1,1 year,OWN,75000.0,Source Verified,debt_consolidation,NJ,30.29,0.0,670.0,674.0,1.0,49.9,53.0,Individual,5,High Risk,Manual Review
65069224,28000.0, 60 months,18.2,E,E1,1 year,MORTGAGE,76000.0,Not Verified,credit_card,CA,36.11,0.0,690.0,694.0,1.0,89.5,22.0,Individual,6,High Risk,Manual Review
65048893,17725.0, 60 months,18.99,E,E3,8 years,MORTGAGE,56500.0,Verified,debt_consolidation,WI,39.94,0.0,670.0,674.0,2.0,86.4,33.0,Individual,6,High Risk,Manual Review
65099185,10825.0, 60 months,19.99,E,E4,10+ years,MORTGAGE,40000.0,Source Verified,debt_consolidation,VA,19.74,1.0,680.0,684.0,0.0,82.7,24.0,Individual,5,High Risk,Manual Review
65209364,17725.0, 60 months,20.99,E,E5,3 years,MORTGAGE,50000.0,Verified,debt_consolidation,MO,32.59,0.0,675.0,679.0,0.0,70.1,61.0,Individual,5,High Risk,Manual Review
65118532,30000.0, 60 months,27.88,G,G3,10+ years,MORTGAGE,78000.0,Verified,debt_consolidation,TX,11.54,3.0,665.0,669.0,2.0,86.0,18.0,Individual,5,High Risk,Manual Review
65129847,18375.0, 60 months,18.99,E,E3,10+ years,RENT,58600.0,Verified,debt_consolidation,CA,32.99,0.0,735.0,739.0,0.0,28.4,17.0,Individual,5,High Risk,Manual Review
65161007,11875.0, 60 months,21.99,F,F1,,OWN,33000.0,Verified,major_purchase,GA,30.47,0.0,665.0,669.0,3.0,27.5,32.0,Individual,5,High Risk,Manual Review
65191056,10000.0, 60 months,18.2,E,E1,10+ years,RENT,35000.0,Source Verified,other,RI,32.65,0.0,685.0,689.0,2.0,44.3,35.0,Individual,5,High Risk,Manual Review
65129750,15000.0, 60 months,18.99,E,E3,2 years,RENT,55000.0,Verified,debt_consolidation,KY,30.42,5.0,660.0,664.0,1.0,68.4,33.0,Individual,6,High Risk,Manual Review
65088710,3000.0, 36 months,18.2,E,E1,2 years,MORTGAGE,67000.0,Verified,debt_consolidation,KY,26.4,3.0,660.0,664.0,4.0,96.0,20.0,Individual,5,High Risk,Manual Review
64959172,15825.0, 60 months,18.2,E,E1,10+ years,MORTGAGE,48000.0,Source Verified,other,IL,31.38,0.0,690.0,694.0,1.0,39.1,27.0,Individual,5,High Risk,Manual Review
65141131,23000.0, 60 months,18.2,E,E1,10+ years,RENT,46000.0,Source Verified,debt_consolidation,MA,33.39,0.0,660.0,664.0,0.0,89.9,31.0,Individual,6,High Risk,Manual Review
65150963,19350.0, 60 months,18.2,E,E1,7 years,MORTGAGE,43000.0,Verified,debt_consolidation,PA,30.56,0.0,670.0,674.0,1.0,67.0,44.0,Individual,5,High Risk,Manual Review
65019277,11900.0, 60 months,18.99,E,E3,4 years,MORTGAGE,45898.0,Not Verified,debt_consolidation,OH,33.47,0.0,685.0,689.0,1.0,44.0,45.0,Individual,5,High Risk,Manual Review
65088782,5600.0, 36 months,20.99,E,E5,,RENT,14000.0,Verified,debt_consolidation,OR,33.79,0.0,695.0,699.0,1.0,54.6,9.0,Individual,5,High Risk,Manual Review
64998736,29900.0, 60 months,18.99,E,E3,9 years,RENT,68000.0,Source Verified,debt_consolidation,MD,35.74,0.0,685.0,689.0,0.0,5.7,26.0,Individual,5,High Risk,Manual Review
64330616,9625.0, 36 months,18.49,E,E2,2 years,OWN,27500.0,Source Verified,home_improvement,PA,34.88,3.0,675.0,679.0,0.0,33.6,24.0,Individual,6,High Risk,Manual Review
64959033,17525.0, 60 months,18.99,E,E3,< 1 year,OWN,37350.0,Source Verified,debt_consolidation,WA,35.76,0.0,660.0,664.0,2.0,70.3,30.0,Individual,5,High Risk,Manual Review
63917584,17675.0, 60 months,19.99,E,E4,8 years,RENT,65000.0,Verified,debt_consolidation,IL,35.17,0.0,675.0,679.0,0.0,83.1,20.0,Individual,6,High Risk,Manual Review
63979064,24200.0, 60 months,18.2,E,E1,2 years,MORTGAGE,55000.0,Not Verified,debt_consolidation,TX,35.0,0.0,715.0,719.0,0.0,36.6,14.0,Individual,5,High Risk,Manual Review
64958920,22800.0, 60 months,22.99,F,F2,10+ years,MORTGAGE,60000.0,Verified,debt_consolidation,NC,34.64,0.0,670.0,674.0,1.0,45.2,26.0,Individual,5,High Risk,Manual Review
65190842,28500.0, 60 months,18.99,E,E3,3 years,MORTGAGE,62000.0,Source Verified,debt_consolidation,NJ,35.04,0.0,710.0,714.0,0.0,81.4,47.0,Individual,6,High Risk,Manual Review
65098830,21000.0, 60 months,19.99,E,E4,10+ years,OWN,68000.0,Source Verified,credit_card,TX,37.59,0.0,675.0,679.0,3.0,42.4,29.0,Individual,5,High Risk,Manual Review
65048541,19425.0, 60 months,18.49,E,E2,10+ years,OWN,54000.0,Source Verified,debt_consolidation,NE,36.16,0.0,660.0,664.0,0.0,86.6,25.0,Individual,6,High Risk,Manual Review
63469000,15900.0, 60 months,21.99,F,F1,5 years,MORTGAGE,44200.0,Source Verified,medical,MN,31.66,0.0,725.0,729.0,1.0,90.4,22.0,Individual,6,High Risk,Manual Review
65108699,14750.0, 60 months,18.49,E,E2,6 years,RENT,33576.0,Source Verified,credit_card,WI,37.74,0.0,685.0,689.0,0.0,84.1,16.0,Individual,6,High Risk,Manual Review
64781258,33850.0, 60 months,20.99,E,E5,1 year,MORTGAGE,80000.0,Source Verified,debt_consolidation,OK,36.72,0.0,670.0,674.0,1.0,61.3,59.0,Individual,5,High Risk,Manual Review
65220203,5625.0, 36 months,22.99,F,F2,,RENT,17600.0,Verified,credit_card,TN,35.81,0.0,660.0,664.0,0.0,74.9,17.0,Individual,5,High Risk,Manual Review
64988665,24000.0, 60 months,15.41,D,D1,1 year,MORTGAGE,103000.0,Verified,debt_consolidation,WA,31.05,1.0,680.0,684.0,0.0,90.1,35.0,Individual,5,High Risk,Manual Review
64988648,25000.0, 60 months,18.2,E,E1,10+ years,OWN,80000.0,Source Verified,debt_consolidation,NJ,34.61,0.0,675.0,679.0,3.0,64.8,34.0,Individual,5,High Risk,Manual Review
64751720,21550.0, 60 months,18.49,E,E2,10+ years,MORTGAGE,53000.0,Not Verified,debt_consolidation,PA,35.51,0.0,700.0,704.0,1.0,68.3,30.0,Individual,5,High Risk,Manual Review
64968786,3900.0, 36 months,25.99,F,F5,,OWN,13000.0,Verified,other,LA,32.96,0.0,685.0,689.0,2.0,88.7,14.0,Individual,6,High Risk,Manual Review
65209252,9600.0, 36 months,18.49,E,E2,,RENT,32000.0,Verified,debt_consolidation,TN,30.72,0.0,660.0,664.0,2.0,65.2,24.0,Individual,5,High Risk,Manual Review
65200370,16975.0, 60 months,18.2,E,E1,5 years,MORTGAGE,72300.0,Verified,debt_consolidation,NC,15.75,1.0,660.0,664.0,0.0,96.0,15.0,Individual,5,High Risk,Manual Review
65190677,35000.0, 60 months,18.49,E,E2,10+ years,MORTGAGE,92868.0,Verified,debt_consolidation,TN,35.15,1.0,700.0,704.0,1.0,43.1,27.0,Individual,6,High Risk,Manual Review
65118427,9700.0, 36 months,18.49,E,E2,1 year,OWN,37000.0,Verified,debt_consolidation,CA,32.83,1.0,670.0,674.0,1.0,55.4,16.0,Individual,6,High Risk,Manual Review
65209294,20800.0, 60 months,18.49,E,E2,5 years,MORTGAGE,52000.0,Source Verified,debt_consolidation,PA,30.9,1.0,665.0,669.0,2.0,63.0,30.0,Individual,6,High Risk,Manual Review
65038621,3800.0, 36 months,18.49,E,E2,4 years,MORTGAGE,70000.0,Verified,debt_consolidation,TX,34.8,4.0,660.0,664.0,0.0,48.0,30.0,Individual,6,High Risk,Manual Review
64978585,17400.0, 60 months,19.99,E,E4,2 years,MORTGAGE,62000.0,Verified,debt_consolidation,WA,32.75,1.0,660.0,664.0,0.0,70.2,35.0,Individual,6,High Risk,Manual Review
65150710,22800.0, 60 months,19.99,E,E4,10+ years,RENT,60000.0,Verified,debt_consolidation,HI,37.88,0.0,725.0,729.0,0.0,31.3,19.0,Individual,5,High Risk,Manual Review
65078646,6875.0, 36 months,19.99,E,E4,3 years,RENT,43000.0,Verified,debt_consolidation,NC,37.18,0.0,675.0,679.0,3.0,52.0,20.0,Individual,5,High Risk,Manual Review
65220205,31075.0, 60 months,21.99,F,F1,< 1 year,OWN,74000.0,Verified,credit_card,TX,34.77,0.0,675.0,679.0,1.0,66.4,21.0,Individual,5,High Risk,Manual Review
64978541,7375.0, 36 months,18.49,E,E2,1 year,RENT,24600.0,Verified,debt_consolidation,TX,31.02,0.0,665.0,669.0,4.0,62.7,21.0,Individual,5,High Risk,Manual Review
65118163,22650.0, 60 months,18.2,E,E1,10+ years,MORTGAGE,72000.0,Source Verified,debt_consolidation,PA,34.48,0.0,695.0,699.0,1.0,91.3,20.0,Individual,6,High Risk,Manual Review
65139814,18000.0, 60 months,18.49,E,E2,2 years,RENT,50000.0,Verified,debt_consolidation,OH,36.89,0.0,660.0,664.0,2.0,68.8,25.0,Individual,5,High Risk,Manual Review
64988432,21400.0, 60 months,20.99,E,E5,8 years,MORTGAGE,51000.0,Source Verified,credit_card,FL,30.29,1.0,670.0,674.0,4.0,82.2,27.0,Individual,7,High Risk,Manual Review
64109518,26875.0, 36 months,28.49,G,G4,10+ years,MORTGAGE,90980.0,Verified,debt_consolidation,NC,28.98,1.0,690.0,694.0,0.0,85.2,37.0,Individual,5,High Risk,Manual Review
64978366,2400.0, 36 months,15.41,D,D1,1 year,MORTGAGE,84000.0,Verified,other,MD,32.64,2.0,685.0,689.0,0.0,95.8,33.0,Individual,5,High Risk,Manual Review
64260870,14825.0, 60 months,16.99,D,D3,10+ years,OWN,85000.0,Source Verified,debt_consolidation,TX,34.97,2.0,665.0,669.0,0.0,98.2,28.0,Individual,5,High Risk,Manual Review
64968484,21450.0, 60 months,18.99,E,E3,10+ years,MORTGAGE,68000.0,Source Verified,debt_consolidation,AL,37.93,0.0,715.0,719.0,0.0,42.7,27.0,Individual,5,High Risk,Manual Review
65097403,9925.0, 36 months,18.2,E,E1,9 years,MORTGAGE,34000.0,Verified,other,OH,39.85,0.0,690.0,694.0,0.0,74.0,15.0,Individual,5,High Risk,Manual Review
64968289,35000.0, 60 months,20.99,E,E5,4 years,MORTGAGE,84000.0,Verified,debt_consolidation,TX,35.6,0.0,660.0,664.0,2.0,84.6,25.0,Individual,6,High Risk,Manual Review
65058276,25000.0, 60 months,18.49,E,E2,5 years,RENT,94000.0,Verified,debt_consolidation,CO,31.43,1.0,670.0,674.0,1.0,21.4,30.0,Individual,6,High Risk,Manual Review
65018231,21000.0, 60 months,18.2,E,E1,10+ years,RENT,91800.0,Source Verified,debt_consolidation,NJ,31.71,0.0,670.0,674.0,0.0,89.9,24.0,Individual,6,High Risk,Manual Review
64978212,5425.0, 36 months,21.99,F,F1,,OWN,16012.0,Verified,debt_consolidation,AR,34.18,0.0,660.0,664.0,2.0,23.1,19.0,Individual,5,High Risk,Manual Review
65098025,26050.0, 60 months,18.49,E,E2,10+ years,MORTGAGE,238000.0,Verified,home_improvement,FL,33.57,1.0,660.0,664.0,1.0,44.6,63.0,Individual,6,High Risk,Manual Review
65170124,11200.0, 60 months,20.99,E,E5,10+ years,MORTGAGE,33000.0,Source Verified,debt_consolidation,TX,36.91,0.0,675.0,679.0,0.0,95.2,20.0,Individual,6,High Risk,Manual Review
65047884,4475.0, 36 months,18.49,E,E2,10+ years,RENT,13172.0,Verified,other,KY,36.65,1.0,665.0,669.0,2.0,49.6,20.0,Individual,6,High Risk,Manual Review
64913614,10600.0, 36 months,18.99,E,E3,10+ years,MORTGAGE,82540.0,Verified,debt_consolidation,FL,31.32,0.0,670.0,674.0,1.0,40.6,47.0,Individual,5,High Risk,Manual Review
64099212,14750.0, 60 months,21.99,F,F1,10+ years,MORTGAGE,41000.0,Source Verified,debt_consolidation,VA,36.97,0.0,680.0,684.0,0.0,76.6,19.0,Individual,5,High Risk,Manual Review
64977903,35000.0, 60 months,18.99,E,E3,6 years,MORTGAGE,76800.0,Verified,debt_consolidation,GA,30.88,0.0,670.0,674.0,0.0,62.6,61.0,Individual,5,High Risk,Manual Review
65199751,7800.0, 36 months,17.86,D,D5,3 years,MORTGAGE,31400.0,Verified,debt_consolidation,OH,31.15,1.0,660.0,664.0,0.0,86.2,18.0,Individual,5,High Risk,Manual Review
65097785,12000.0, 60 months,23.99,F,F3,2 years,RENT,120000.0,Verified,debt_consolidation,TN,31.95,0.0,675.0,679.0,3.0,50.1,18.0,Individual,5,High Risk,Manual Review
64978029,2000.0, 36 months,18.2,E,E1,,OWN,30000.0,Verified,medical,TX,34.21,1.0,695.0,699.0,2.0,19.8,33.0,Individual,6,High Risk,Manual Review
63246221,33525.0, 60 months,18.99,E,E3,3 years,RENT,89500.0,Verified,debt_consolidation,PA,32.64,1.0,665.0,669.0,0.0,98.9,17.0,Individual,7,High Risk,Manual Review
64751506,19475.0, 60 months,18.99,E,E3,10+ years,RENT,54144.0,Verified,debt_consolidation,LA,33.38,0.0,660.0,664.0,0.0,83.7,26.0,Individual,6,High Risk,Manual Review
65057825,24700.0, 60 months,18.2,E,E1,10+ years,MORTGAGE,65000.0,Verified,debt_consolidation,VA,29.75,6.0,665.0,669.0,1.0,92.5,26.0,Individual,5,High Risk,Manual Review
65077813,10000.0, 60 months,18.99,E,E3,10+ years,RENT,63000.0,Source Verified,debt_consolidation,TX,37.52,0.0,665.0,669.0,2.0,43.4,52.0,Individual,5,High Risk,Manual Review
65199625,16200.0, 60 months,19.99,E,E4,< 1 year,RENT,45000.0,Verified,debt_consolidation,TX,30.67,1.0,665.0,669.0,2.0,67.2,28.0,Individual,6,High Risk,Manual Review
65097562,6000.0, 36 months,18.2,E,E1,,RENT,20000.0,Verified,debt_consolidation,FL,38.96,0.0,665.0,669.0,1.0,52.5,37.0,Individual,5,High Risk,Manual Review
64967834,14900.0, 60 months,18.2,E,E1,5 years,MORTGAGE,52000.0,Source Verified,debt_consolidation,TX,35.63,0.0,710.0,714.0,2.0,32.3,30.0,Individual,5,High Risk,Manual Review
64957668,22850.0, 60 months,18.49,E,E2,3 years,RENT,55000.0,Source Verified,debt_consolidation,GA,36.48,0.0,725.0,729.0,1.0,56.1,21.0,Individual,5,High Risk,Manual Review
63938626,23025.0, 60 months,18.49,E,E2,7 years,MORTGAGE,75600.0,Verified,debt_consolidation,TX,39.27,0.0,710.0,714.0,0.0,51.0,44.0,Individual,5,High Risk,Manual Review
63428799,18000.0, 60 months,19.99,E,E4,1 year,MORTGAGE,75000.0,Source Verified,home_improvement,LA,14.13,1.0,660.0,664.0,1.0,87.3,20.0,Individual,5,High Risk,Manual Review
65159594,18250.0, 60 months,25.99,F,F5,8 years,RENT,52000.0,Verified,debt_consolidation,TX,32.77,0.0,670.0,674.0,0.0,96.9,36.0,Individual,6,High Risk,Manual Review
65149750,9900.0, 36 months,18.2,E,E1,7 years,MORTGAGE,33000.0,Source Verified,debt_consolidation,AK,31.09,0.0,670.0,674.0,0.0,61.6,46.0,Individual,5,High Risk,Manual Review
65107781,10600.0, 60 months,18.49,E,E2,3 years,MORTGAGE,32400.0,Source Verified,debt_consolidation,GA,35.74,0.0,695.0,699.0,0.0,36.9,61.0,Individual,5,High Risk,Manual Review
65179577,14000.0, 60 months,18.99,E,E3,3 years,RENT,40800.0,Source Verified,debt_consolidation,TX,35.21,1.0,670.0,674.0,4.0,59.0,22.0,Individual,6,High Risk,Manual Review
64967847,21475.0, 60 months,24.99,F,F4,4 years,MORTGAGE,102100.0,Source Verified,debt_consolidation,CA,17.15,2.0,680.0,684.0,0.0,92.2,44.0,Individual,5,High Risk,Manual Review
64862498,16000.0, 36 months,18.49,E,E2,1 year,RENT,310000.0,Source Verified,other,CA,9.1,5.0,675.0,679.0,5.0,85.2,32.0,Individual,5,High Risk,Manual Review
65107878,27725.0, 60 months,18.99,E,E3,1 year,MORTGAGE,150000.0,Verified,debt_consolidation,FL,31.53,1.0,660.0,664.0,0.0,74.7,58.0,Individual,6,High Risk,Manual Review
64957868,25900.0, 60 months,19.99,E,E4,10+ years,MORTGAGE,31449.6,Verified,credit_card,FL,44.89,0.0,685.0,689.0,0.0,94.6,16.0,Joint App,6,High Risk,Manual Review
65037694,3775.0, 36 months,16.99,D,D3,,MORTGAGE,24000.0,Verified,debt_consolidation,TN,35.59,1.0,660.0,664.0,1.0,97.7,7.0,Individual,5,High Risk,Manual Review
64200584,5375.0, 36 months,18.49,E,E2,1 year,RENT,50000.0,Verified,debt_consolidation,FL,31.06,0.0,665.0,669.0,1.0,64.8,39.0,Individual,5,High Risk,Manual Review
65159500,25925.0, 60 months,18.49,E,E2,10+ years,OWN,109500.0,Verified,debt_consolidation,IN,37.8,0.0,715.0,719.0,0.0,73.9,31.0,Individual,5,High Risk,Manual Review
64812519,18900.0, 36 months,16.99,D,D3,10+ years,RENT,45000.0,Not Verified,debt_consolidation,CO,30.4,1.0,665.0,669.0,0.0,86.6,18.0,Individual,5,High Risk,Manual Review
65107471,17200.0, 60 months,18.2,E,E1,6 years,RENT,41000.0,Verified,debt_consolidation,NH,31.18,0.0,675.0,679.0,2.0,8.6,23.0,Individual,5,High Risk,Manual Review
65189527,7025.0, 36 months,18.49,E,E2,4 years,RENT,16000.0,Verified,debt_consolidation,OR,38.41,0.0,725.0,729.0,0.0,60.7,11.0,Individual,5,High Risk,Manual Review
64290861,19050.0, 60 months,22.99,F,F2,< 1 year,RENT,40000.0,Source Verified,debt_consolidation,GA,31.86,0.0,705.0,709.0,0.0,83.3,19.0,Individual,6,High Risk,Manual Review
64160893,10800.0, 60 months,18.2,E,E1,7 years,RENT,54000.0,Source Verified,debt_consolidation,MA,32.29,0.0,670.0,674.0,0.0,85.1,40.0,Individual,6,High Risk,Manual Review
65107349,10000.0, 60 months,18.2,E,E1,< 1 year,RENT,37000.0,Source Verified,debt_consolidation,MS,32.44,0.0,680.0,684.0,2.0,52.4,32.0,Individual,5,High Risk,Manual Review
65067189,9200.0, 36 months,18.99,E,E3,7 years,RENT,36000.0,Verified,debt_consolidation,CA,35.13,0.0,715.0,719.0,0.0,32.0,15.0,Individual,5,High Risk,Manual Review
65139259,11950.0, 60 months,18.49,E,E2,2 years,RENT,74000.0,Verified,debt_consolidation,MI,35.6,1.0,680.0,684.0,1.0,36.0,40.0,Individual,6,High Risk,Manual Review
65199224,20800.0, 60 months,19.99,E,E4,8 years,RENT,52000.0,Verified,debt_consolidation,VA,32.96,0.0,700.0,704.0,0.0,88.8,28.0,Individual,6,High Risk,Manual Review
65047195,3450.0, 36 months,18.99,E,E3,8 years,MORTGAGE,25000.0,Verified,debt_consolidation,MS,32.55,0.0,675.0,679.0,1.0,39.0,9.0,Individual,5,High Risk,Manual Review
65189234,8775.0, 36 months,18.2,E,E1,,OWN,8435.0,Verified,credit_card,OK,59.26,0.0,700.0,704.0,0.0,49.7,23.0,Joint App,5,High Risk,Manual Review
64957314,12800.0, 60 months,20.99,E,E5,10+ years,MORTGAGE,36000.0,Source Verified,debt_consolidation,NY,37.37,0.0,675.0,679.0,0.0,63.9,21.0,Individual,5,High Risk,Manual Review
65159189,25000.0, 60 months,17.86,D,D5,10+ years,OWN,66989.0,Not Verified,credit_card,SC,37.46,1.0,660.0,664.0,0.0,94.5,18.0,Individual,5,High Risk,Manual Review
65199177,18000.0, 60 months,17.57,D,D4,8 years,MORTGAGE,115000.0,Source Verified,home_improvement,MD,32.22,5.0,660.0,664.0,1.0,83.4,54.0,Individual,5,High Risk,Manual Review
65037181,15750.0, 36 months,19.99,E,E4,10+ years,MORTGAGE,50000.0,Source Verified,debt_consolidation,OH,31.52,0.0,705.0,709.0,0.0,84.8,12.0,Individual,6,High Risk,Manual Review
64771385,12000.0, 60 months,19.99,E,E4,8 years,RENT,60000.0,Verified,medical,AZ,33.7,0.0,675.0,679.0,0.0,64.5,32.0,Individual,5,High Risk,Manual Review
64967204,19800.0, 60 months,18.49,E,E2,6 years,RENT,55000.0,Verified,debt_consolidation,NJ,30.59,0.0,700.0,704.0,0.0,90.3,28.0,Individual,6,High Risk,Manual Review
64761908,15625.0, 60 months,18.49,E,E2,10+ years,OWN,34000.0,Source Verified,credit_card,KY,32.33,0.0,690.0,694.0,0.0,85.2,29.0,Individual,6,High Risk,Manual Review
65179119,25000.0, 60 months,18.2,E,E1,< 1 year,RENT,80000.0,Source Verified,debt_consolidation,NC,31.75,0.0,670.0,674.0,0.0,79.4,26.0,Individual,5,High Risk,Manual Review
64792989,8275.0, 36 months,18.99,E,E3,,RENT,23000.0,Verified,debt_consolidation,FL,35.07,0.0,660.0,664.0,0.0,66.2,13.0,Individual,5,High Risk,Manual Review
64913969,1000.0, 36 months,24.99,F,F4,10+ years,OWN,18000.0,Verified,renewable_energy,FL,35.67,0.0,680.0,684.0,0.0,86.6,8.0,Individual,6,High Risk,Manual Review
64751907,11725.0, 60 months,18.99,E,E3,3 years,RENT,34500.0,Source Verified,home_improvement,OH,36.8,0.0,670.0,674.0,0.0,64.7,31.0,Individual,5,High Risk,Manual Review
64691939,13200.0, 60 months,21.99,F,F1,5 years,OWN,30000.0,Verified,debt_consolidation,AZ,37.88,0.0,720.0,724.0,0.0,27.7,24.0,Individual,5,High Risk,Manual Review
64301366,16250.0, 60 months,18.99,E,E3,6 years,RENT,32500.0,Source Verified,debt_consolidation,TX,30.98,2.0,710.0,714.0,2.0,37.0,26.0,Individual,6,High Risk,Manual Review
64832766,17500.0, 60 months,18.99,E,E3,9 years,MORTGAGE,35000.0,Verified,debt_consolidation,NH,37.52,3.0,665.0,669.0,0.0,25.5,29.0,Individual,6,High Risk,Manual Review
64812952,29425.0, 60 months,19.99,E,E4,8 years,RENT,64000.0,Source Verified,debt_consolidation,CA,33.8,0.0,700.0,704.0,0.0,73.5,42.0,Individual,5,High Risk,Manual Review
64301553,6500.0, 36 months,18.2,E,E1,3 years,RENT,20000.0,Source Verified,debt_consolidation,NJ,31.81,1.0,670.0,674.0,0.0,66.0,13.0,Individual,6,High Risk,Manual Review
64913719,23050.0, 60 months,18.99,E,E3,8 years,MORTGAGE,80000.0,Source Verified,debt_consolidation,GA,31.69,0.0,700.0,704.0,1.0,70.0,36.0,Individual,5,High Risk,Manual Review
64731710,11000.0, 36 months,18.49,E,E2,,RENT,22000.0,Verified,debt_consolidation,OR,33.93,0.0,685.0,689.0,1.0,49.4,11.0,Individual,5,High Risk,Manual Review
64130288,12600.0, 60 months,21.99,F,F1,8 years,RENT,30000.0,Source Verified,credit_card,IL,31.8,0.0,690.0,694.0,0.0,48.7,21.0,Individual,5,High Risk,Manual Review
64832508,4950.0, 36 months,18.2,E,E1,2 years,OWN,52000.0,Verified,debt_consolidation,FL,34.09,1.0,665.0,669.0,1.0,70.6,53.0,Individual,6,High Risk,Manual Review
64862192,22800.0, 60 months,18.99,E,E3,10+ years,OWN,75000.0,Source Verified,debt_consolidation,ME,25.41,1.0,660.0,664.0,1.0,89.0,37.0,Individual,5,High Risk,Manual Review
64721486,20875.0, 60 months,18.99,E,E3,10+ years,MORTGAGE,58000.0,Source Verified,debt_consolidation,OH,30.42,0.0,680.0,684.0,0.0,88.7,24.0,Individual,6,High Risk,Manual Review
63988520,33600.0, 60 months,19.99,E,E4,10+ years,RENT,70000.0,Source Verified,debt_consolidation,WA,37.08,0.0,710.0,714.0,0.0,81.4,34.0,Individual,6,High Risk,Manual Review
64701496,11500.0, 60 months,24.99,F,F4,1 year,RENT,32000.0,Verified,other,WA,31.93,0.0,680.0,684.0,0.0,72.9,10.0,Individual,5,High Risk,Manual Review
64751423,20150.0, 60 months,20.99,E,E5,2 years,RENT,48000.0,Source Verified,debt_consolidation,CA,36.43,0.0,675.0,679.0,0.0,68.7,41.0,Individual,5,High Risk,Manual Review
64842547,16000.0, 60 months,15.41,D,D1,,RENT,52000.0,Verified,debt_consolidation,HI,37.76,1.0,675.0,679.0,0.0,85.7,21.0,Individual,5,High Risk,Manual Review
64400205,13100.0, 60 months,19.99,E,E4,,RENT,31243.92,Verified,credit_card,GA,38.76,0.0,665.0,669.0,0.0,69.9,28.0,Individual,5,High Risk,Manual Review
64893427,35000.0, 60 months,19.99,E,E4,10+ years,MORTGAGE,114900.0,Verified,debt_consolidation,CA,15.3,1.0,660.0,664.0,1.0,92.2,22.0,Individual,5,High Risk,Manual Review
64802462,18500.0, 60 months,18.2,E,E1,5 years,RENT,67000.0,Verified,debt_consolidation,HI,32.92,0.0,690.0,694.0,0.0,84.9,30.0,Individual,6,High Risk,Manual Review
64751236,18000.0, 60 months,21.99,F,F1,10+ years,MORTGAGE,60000.0,Source Verified,debt_consolidation,MD,30.88,0.0,725.0,729.0,0.0,96.7,14.0,Individual,6,High Risk,Manual Review
64802297,29425.0, 60 months,18.99,E,E3,2 years,RENT,64000.0,Source Verified,debt_consolidation,IL,38.74,0.0,680.0,684.0,0.0,64.0,46.0,Individual,5,High Risk,Manual Review
64551184,30350.0, 36 months,20.99,E,E5,10+ years,RENT,69000.0,Source Verified,debt_consolidation,AK,37.83,0.0,680.0,684.0,1.0,82.8,17.0,Individual,6,High Risk,Manual Review
64812277,7225.0, 36 months,18.2,E,E1,8 years,MORTGAGE,52000.0,Verified,other,FL,30.58,0.0,680.0,684.0,1.0,95.4,6.0,Individual,6,High Risk,Manual Review
64812200,25375.0, 60 months,18.49,E,E2,1 year,MORTGAGE,65000.0,Source Verified,debt_consolidation,CA,31.72,0.0,725.0,729.0,0.0,63.7,33.0,Individual,5,High Risk,Manual Review
64701175,19150.0, 60 months,17.86,D,D5,2 years,MORTGAGE,72500.0,Verified,debt_consolidation,MD,30.47,3.0,660.0,664.0,0.0,93.7,22.0,Individual,5,High Risk,Manual Review
64108575,4800.0, 36 months,18.99,E,E3,9 years,OWN,59000.0,Source Verified,debt_consolidation,NV,36.62,0.0,690.0,694.0,4.0,60.1,40.0,Individual,5,High Risk,Manual Review
64721247,20675.0, 60 months,21.99,F,F1,,RENT,51732.0,Verified,credit_card,TX,37.27,0.0,670.0,674.0,0.0,75.8,19.0,Individual,5,High Risk,Manual Review
64711180,2475.0, 36 months,18.2,E,E1,< 1 year,RENT,32500.0,Source Verified,credit_card,ND,35.41,0.0,665.0,669.0,0.0,90.9,24.0,Individual,6,High Risk,Manual Review
63517851,6000.0, 36 months,18.2,E,E1,5 years,RENT,55000.0,Source Verified,other,NV,38.42,0.0,680.0,684.0,1.0,68.0,25.0,Individual,5,High Risk,Manual Review
64281071,4100.0, 36 months,18.99,E,E3,7 years,MORTGAGE,30000.0,Verified,debt_consolidation,KY,39.72,0.0,660.0,664.0,2.0,54.3,37.0,Individual,5,High Risk,Manual Review
63938419,25000.0, 60 months,19.99,E,E4,10+ years,MORTGAGE,33180.0,Not Verified,debt_consolidation,MO,42.17,0.0,660.0,664.0,1.0,53.1,22.0,Joint App,5,High Risk,Manual Review
64097484,14000.0, 60 months,18.2,E,E1,8 years,RENT,55000.0,Source Verified,debt_consolidation,WA,38.49,0.0,670.0,674.0,0.0,88.1,20.0,Individual,6,High Risk,Manual Review
64471168,23575.0, 60 months,18.99,E,E3,4 years,MORTGAGE,75000.0,Verified,small_business,FL,32.02,0.0,685.0,689.0,0.0,82.5,29.0,Individual,6,High Risk,Manual Review
64441134,11200.0, 60 months,19.99,E,E4,10+ years,RENT,48000.0,Verified,debt_consolidation,CA,39.75,0.0,670.0,674.0,0.0,55.8,20.0,Individual,5,High Risk,Manual Review
64271513,22225.0, 60 months,18.2,E,E1,10+ years,RENT,60000.0,Source Verified,debt_consolidation,FL,36.0,2.0,670.0,674.0,1.0,67.0,25.0,Individual,6,High Risk,Manual Review
63998812,24000.0, 60 months,22.99,F,F2,10+ years,MORTGAGE,88000.0,Verified,home_improvement,MI,22.69,1.0,665.0,669.0,1.0,86.4,27.0,Individual,5,High Risk,Manual Review
64531149,5050.0, 36 months,18.2,E,E1,5 years,OWN,20000.0,Source Verified,debt_consolidation,CA,36.91,0.0,675.0,679.0,0.0,62.6,55.0,Individual,5,High Risk,Manual Review
64160791,12600.0, 36 months,19.99,E,E4,4 years,OWN,30000.0,Verified,debt_consolidation,MS,34.03,0.0,670.0,674.0,0.0,59.8,22.0,Individual,5,High Risk,Manual Review
63289760,35000.0, 60 months,18.2,E,E1,9 years,MORTGAGE,120000.0,Source Verified,debt_consolidation,CA,32.43,0.0,695.0,699.0,0.0,58.3,29.0,Individual,5,High Risk,Manual Review
62734613,12925.0, 60 months,23.99,F,F3,7 years,RENT,95000.0,Verified,house,NJ,7.83,1.0,665.0,669.0,0.0,85.6,9.0,Individual,5,High Risk,Manual Review
64371702,17500.0, 60 months,18.99,E,E3,,RENT,35000.0,Verified,debt_consolidation,VA,33.2,0.0,680.0,684.0,1.0,47.9,31.0,Individual,5,High Risk,Manual Review
64171301,15300.0, 60 months,18.99,E,E3,3 years,RENT,45000.0,Source Verified,house,NY,21.39,1.0,665.0,669.0,0.0,89.4,13.0,Individual,5,High Risk,Manual Review
64260267,5025.0, 36 months,19.99,E,E4,7 years,RENT,14000.0,Verified,debt_consolidation,IL,34.13,0.0,755.0,759.0,0.0,21.4,14.0,Individual,5,High Risk,Manual Review
64161482,10000.0, 60 months,18.49,E,E2,3 years,RENT,52000.0,Verified,debt_consolidation,TX,39.58,0.0,680.0,684.0,1.0,54.1,28.0,Individual,5,High Risk,Manual Review
64381499,22300.0, 60 months,24.99,F,F4,10+ years,RENT,62000.0,Verified,debt_consolidation,TN,32.66,0.0,685.0,689.0,0.0,5.8,14.0,Individual,5,High Risk,Manual Review
64171276,10525.0, 60 months,22.99,F,F2,7 years,MORTGAGE,25144.0,Verified,debt_consolidation,MI,30.86,0.0,675.0,679.0,3.0,47.5,18.0,Individual,5,High Risk,Manual Review
63999408,10100.0, 60 months,18.2,E,E1,2 years,RENT,22000.0,Verified,debt_consolidation,NH,39.06,0.0,710.0,714.0,1.0,97.6,6.0,Individual,6,High Risk,Manual Review
64341302,15000.0, 60 months,18.49,E,E2,6 years,RENT,43000.0,Verified,credit_card,CA,30.87,0.0,705.0,709.0,3.0,14.1,16.0,Individual,5,High Risk,Manual Review
64371627,4800.0, 36 months,21.99,F,F1,9 years,RENT,60000.0,Verified,house,KY,30.14,4.0,670.0,674.0,0.0,66.3,22.0,Individual,6,High Risk,Manual Review
64181254,6300.0, 36 months,22.99,F,F2,,OWN,21000.0,Verified,home_improvement,MD,36.91,0.0,660.0,664.0,0.0,73.6,10.0,Individual,5,High Risk,Manual Review
64221157,18025.0, 60 months,20.99,E,E5,5 years,MORTGAGE,41000.0,Verified,debt_consolidation,TN,32.9,0.0,710.0,714.0,1.0,31.1,60.0,Individual,5,High Risk,Manual Review
64181001,11950.0, 60 months,18.2,E,E1,4 years,RENT,48000.0,Verified,debt_consolidation,MA,34.05,0.0,660.0,664.0,0.0,29.5,27.0,Individual,5,High Risk,Manual Review
64361356,18500.0, 60 months,18.99,E,E3,< 1 year,RENT,37000.0,Source Verified,debt_consolidation,CO,30.55,0.0,685.0,689.0,0.0,87.7,19.0,Individual,6,High Risk,Manual Review
64291240,25000.0, 60 months,18.49,E,E2,10+ years,MORTGAGE,110000.0,Verified,credit_card,OK,30.13,0.0,670.0,674.0,0.0,98.0,35.0,Individual,6,High Risk,Manual Review
64321157,20000.0, 60 months,18.2,E,E1,1 year,MORTGAGE,94000.0,Source Verified,debt_consolidation,MD,30.54,0.0,670.0,674.0,1.0,66.8,33.0,Individual,5,High Risk,Manual Review
64241495,19000.0, 60 months,18.99,E,E3,10+ years,MORTGAGE,95000.0,Source Verified,debt_consolidation,TX,19.81,1.0,675.0,679.0,0.0,97.7,28.0,Individual,5,High Risk,Manual Review
64361101,15000.0, 60 months,18.99,E,E3,10+ years,RENT,97000.0,Source Verified,other,VA,36.2,0.0,720.0,724.0,1.0,23.4,28.0,Individual,5,High Risk,Manual Review
64291122,17200.0, 60 months,19.99,E,E4,10+ years,RENT,40990.0,Verified,debt_consolidation,VA,30.36,0.0,665.0,669.0,0.0,70.0,18.0,Individual,5,High Risk,Manual Review
64271181,21925.0, 60 months,18.49,E,E2,4 years,MORTGAGE,61400.0,Not Verified,debt_consolidation,MO,35.57,1.0,675.0,679.0,1.0,65.0,54.0,Individual,6,High Risk,Manual Review
64330972,18350.0, 60 months,21.99,F,F1,,MORTGAGE,43047.96,Verified,credit_card,PA,31.82,0.0,665.0,669.0,3.0,54.5,37.0,Individual,5,High Risk,Manual Review
64180791,20575.0, 60 months,20.99,E,E5,5 years,MORTGAGE,43100.0,Source Verified,debt_consolidation,PA,32.97,1.0,715.0,719.0,0.0,74.6,28.0,Individual,6,High Risk,Manual Review
63977367,12600.0, 60 months,18.2,E,E1,3 years,RENT,35000.0,Verified,debt_consolidation,TX,31.93,0.0,690.0,694.0,1.0,73.5,17.0,Individual,5,High Risk,Manual Review
64320782,11200.0, 36 months,19.99,E,E4,1 year,RENT,35000.0,Verified,other,TX,37.9,0.0,675.0,679.0,1.0,60.9,14.0,Individual,5,High Risk,Manual Review
64180817,35000.0, 60 months,18.2,E,E1,8 years,RENT,240000.0,Verified,debt_consolidation,FL,33.64,0.0,675.0,679.0,1.0,97.3,27.0,Individual,6,High Risk,Manual Review
63879584,8000.0, 36 months,19.99,E,E4,2 years,RENT,33883.2,Verified,moving,MA,32.31,1.0,660.0,664.0,1.0,56.9,24.0,Individual,6,High Risk,Manual Review
63176244,25000.0, 60 months,19.99,E,E4,10+ years,MORTGAGE,105000.0,Not Verified,debt_consolidation,MA,30.87,2.0,680.0,684.0,2.0,20.3,49.0,Individual,6,High Risk,Manual Review
64370977,24000.0, 60 months,18.99,E,E3,10+ years,MORTGAGE,160000.0,Verified,debt_consolidation,TN,10.22,1.0,685.0,689.0,3.0,89.8,53.0,Individual,5,High Risk,Manual Review
64087254,12000.0, 60 months,18.2,E,E1,10+ years,MORTGAGE,65000.0,Source Verified,debt_consolidation,CA,32.11,0.0,690.0,694.0,0.0,51.7,32.0,Individual,5,High Risk,Manual Review
64059029,11100.0, 60 months,18.2,E,E1,9 years,MORTGAGE,42500.0,Verified,debt_consolidation,NM,30.25,1.0,665.0,669.0,1.0,66.0,17.0,Individual,6,High Risk,Manual Review
64190750,20000.0, 60 months,18.49,E,E2,10+ years,RENT,84528.0,Source Verified,debt_consolidation,MD,26.83,2.0,665.0,669.0,1.0,96.1,32.0,Individual,5,High Risk,Manual Review
64250688,35000.0, 60 months,16.55,D,D2,,MORTGAGE,118000.0,Verified,debt_consolidation,NY,31.63,1.0,670.0,674.0,0.0,83.7,29.0,Individual,5,High Risk,Manual Review
64330603,25000.0, 36 months,17.86,D,D5,< 1 year,MORTGAGE,70000.0,Verified,debt_consolidation,OH,35.8,1.0,685.0,689.0,0.0,90.9,20.0,Individual,5,High Risk,Manual Review
64350736,14000.0, 60 months,19.99,E,E4,< 1 year,MORTGAGE,35000.0,Source Verified,debt_consolidation,IN,34.7,0.0,660.0,664.0,1.0,56.8,26.0,Individual,5,High Risk,Manual Review
64270657,17150.0, 60 months,18.99,E,E3,7 years,MORTGAGE,45500.0,Not Verified,debt_consolidation,SD,36.59,0.0,680.0,684.0,0.0,60.8,40.0,Individual,5,High Risk,Manual Review
64300546,12000.0, 60 months,18.99,E,E3,,MORTGAGE,43900.0,Verified,debt_consolidation,OR,31.25,0.0,670.0,674.0,1.0,69.0,31.0,Individual,5,High Risk,Manual Review
64201030,30575.0, 60 months,18.2,E,E1,6 years,MORTGAGE,121000.0,Verified,debt_consolidation,MD,33.43,0.0,665.0,669.0,0.0,62.8,49.0,Individual,5,High Risk,Manual Review
64290650,18675.0, 60 months,18.99,E,E3,10+ years,MORTGAGE,51480.0,Source Verified,credit_card,MO,36.48,1.0,670.0,674.0,0.0,63.9,36.0,Individual,6,High Risk,Manual Review
63590395,14700.0, 60 months,18.99,E,E3,,OWN,35000.0,Verified,credit_card,OK,18.76,1.0,665.0,669.0,1.0,99.3,12.0,Individual,5,High Risk,Manual Review
64320481,5800.0, 36 months,15.41,D,D1,,OWN,54000.0,Verified,debt_consolidation,MI,33.47,1.0,660.0,664.0,0.0,92.7,19.0,Individual,5,High Risk,Manual Review
64320590,17300.0, 60 months,21.99,F,F1,8 years,OWN,45000.0,Source Verified,debt_consolidation,LA,31.15,0.0,690.0,694.0,1.0,67.8,11.0,Individual,5,High Risk,Manual Review
64270542,28000.0, 60 months,17.57,D,D4,10+ years,MORTGAGE,115000.0,Not Verified,debt_consolidation,NE,30.33,3.0,660.0,664.0,1.0,90.1,36.0,Individual,5,High Risk,Manual Review
64250587,11600.0, 60 months,20.99,E,E5,,OWN,27627.0,Verified,debt_consolidation,GA,37.05,0.0,660.0,664.0,0.0,81.1,16.0,Individual,6,High Risk,Manual Review
64250585,11200.0, 60 months,19.99,E,E4,10+ years,MORTGAGE,114492.0,Source Verified,home_improvement,VT,22.95,1.0,675.0,679.0,1.0,81.8,39.0,Individual,5,High Risk,Manual Review
64340328,16525.0, 60 months,18.99,E,E3,10+ years,MORTGAGE,75000.0,Source Verified,debt_consolidation,TX,34.46,0.0,660.0,664.0,1.0,43.3,38.0,Individual,5,High Risk,Manual Review
64360441,2000.0, 36 months,18.49,E,E2,,RENT,12000.0,Verified,moving,VA,36.1,1.0,690.0,694.0,0.0,45.4,17.0,Individual,6,High Risk,Manual Review
63215738,27275.0, 60 months,23.99,F,F3,10+ years,MORTGAGE,55000.0,Source Verified,debt_consolidation,WA,16.1,1.0,685.0,689.0,0.0,88.2,31.0,Individual,5,High Risk,Manual Review
64007890,20575.0, 60 months,18.99,E,E3,< 1 year,MORTGAGE,46800.0,Source Verified,debt_consolidation,MI,31.79,4.0,680.0,684.0,1.0,70.3,39.0,Individual,6,High Risk,Manual Review
63869809,24300.0, 60 months,17.86,D,D5,10+ years,RENT,60000.0,Verified,debt_consolidation,MD,32.88,1.0,660.0,664.0,0.0,93.8,17.0,Individual,5,High Risk,Manual Review
64290261,18900.0, 60 months,20.99,E,E5,10+ years,MORTGAGE,45000.0,Verified,debt_consolidation,FL,38.93,1.0,665.0,669.0,1.0,41.4,38.0,Individual,6,High Risk,Manual Review
64190362,28725.0, 60 months,21.99,F,F1,8 years,OWN,90000.0,Verified,debt_consolidation,MI,36.83,1.0,660.0,664.0,1.0,92.4,42.0,Individual,7,High Risk,Manual Review
64109516,16000.0, 60 months,15.41,D,D1,10+ years,MORTGAGE,100000.0,Verified,home_improvement,MA,31.43,2.0,665.0,669.0,0.0,81.4,18.0,Individual,5,High Risk,Manual Review
64330392,3350.0, 36 months,18.2,E,E1,,RENT,9912.0,Verified,debt_consolidation,WA,30.15,1.0,685.0,689.0,1.0,41.7,15.0,Individual,6,High Risk,Manual Review
64340458,32500.0, 36 months,19.99,E,E4,3 years,MORTGAGE,65000.0,Verified,debt_consolidation,SC,38.77,0.0,660.0,664.0,0.0,79.1,48.0,Individual,5,High Risk,Manual Review
64230400,13500.0, 60 months,26.77,G,G1,4 years,RENT,45000.0,Verified,debt_consolidation,CA,35.84,0.0,695.0,699.0,0.0,65.1,29.0,Individual,5,High Risk,Manual Review
64097378,4325.0, 36 months,18.49,E,E2,5 years,MORTGAGE,35000.0,Source Verified,debt_consolidation,GA,34.88,0.0,680.0,684.0,0.0,91.5,20.0,Individual,6,High Risk,Manual Review
64350195,14375.0, 60 months,18.2,E,E1,6 years,MORTGAGE,55000.0,Verified,debt_consolidation,VA,32.03,1.0,680.0,684.0,1.0,90.0,13.0,Individual,7,High Risk,Manual Review
64250176,9375.0, 36 months,15.41,D,D1,10+ years,MORTGAGE,40000.0,Verified,debt_consolidation,NY,30.27,4.0,665.0,669.0,0.0,83.3,13.0,Individual,5,High Risk,Manual Review
64320198,12900.0, 60 months,22.99,F,F2,< 1 year,MORTGAGE,55000.0,Verified,debt_consolidation,WI,38.36,1.0,675.0,679.0,1.0,55.2,48.0,Individual,6,High Risk,Manual Review
63919725,23700.0, 60 months,18.2,E,E1,< 1 year,MORTGAGE,78708.0,Source Verified,debt_consolidation,TX,38.74,0.0,685.0,689.0,1.0,95.1,22.0,Individual,6,High Risk,Manual Review
63445484,7550.0, 36 months,18.2,E,E1,1 year,RENT,21000.0,Source Verified,debt_consolidation,UT,38.26,0.0,685.0,689.0,0.0,85.6,10.0,Individual,6,High Risk,Manual Review
63899975,30000.0, 60 months,18.99,E,E3,9 years,MORTGAGE,78000.0,Verified,debt_consolidation,NY,33.06,0.0,660.0,664.0,0.0,79.3,25.0,Individual,5,High Risk,Manual Review
64019285,12600.0, 60 months,18.99,E,E3,4 years,RENT,35000.0,Verified,debt_consolidation,AZ,33.92,0.0,715.0,719.0,1.0,22.7,14.0,Individual,5,High Risk,Manual Review
63899967,34000.0, 60 months,23.99,F,F3,2 years,RENT,85000.0,Verified,debt_consolidation,NC,16.37,2.0,660.0,664.0,0.0,93.2,26.0,Individual,5,High Risk,Manual Review
64050578,15825.0, 36 months,18.99,E,E3,2 years,RENT,44000.0,Verified,debt_consolidation,CA,34.32,0.0,685.0,689.0,2.0,37.5,15.0,Individual,5,High Risk,Manual Review
63990003,17000.0, 60 months,18.2,E,E1,9 years,MORTGAGE,72550.0,Source Verified,debt_consolidation,TX,38.26,0.0,700.0,704.0,0.0,14.7,23.0,Individual,5,High Risk,Manual Review
64300113,18875.0, 36 months,18.2,E,E1,10+ years,MORTGAGE,65000.0,Verified,debt_consolidation,FL,37.08,0.0,665.0,669.0,2.0,85.3,35.0,Individual,6,High Risk,Manual Review
64009742,12000.0, 60 months,19.99,E,E4,3 years,RENT,40000.0,Verified,debt_consolidation,MD,31.29,0.0,680.0,684.0,3.0,22.1,15.0,Individual,5,High Risk,Manual Review
64029638,35000.0, 60 months,19.99,E,E4,10+ years,MORTGAGE,98000.0,Verified,debt_consolidation,AL,16.85,1.0,670.0,674.0,0.0,86.3,28.0,Individual,5,High Risk,Manual Review
63929784,10200.0, 36 months,18.99,E,E3,8 years,OWN,30000.0,Source Verified,other,CA,33.28,0.0,675.0,679.0,2.0,31.1,22.0,Individual,5,High Risk,Manual Review
64069703,20150.0, 60 months,18.99,E,E3,< 1 year,RENT,56000.0,Verified,debt_consolidation,MD,33.95,1.0,665.0,669.0,2.0,59.3,52.0,Individual,6,High Risk,Manual Review
63879430,17800.0, 60 months,19.99,E,E4,3 years,OWN,44500.0,Source Verified,credit_card,MT,32.7,0.0,675.0,679.0,0.0,84.4,24.0,Individual,6,High Risk,Manual Review
63580305,16100.0, 60 months,19.99,E,E4,3 years,RENT,35000.0,Source Verified,debt_consolidation,NV,33.95,0.0,700.0,704.0,0.0,58.2,15.0,Individual,5,High Risk,Manual Review
63702553,8575.0, 36 months,18.99,E,E3,6 years,OWN,30000.0,Verified,debt_consolidation,OK,39.52,0.0,660.0,664.0,2.0,82.0,41.0,Individual,6,High Risk,Manual Review
63244872,15275.0, 60 months,18.2,E,E1,,MORTGAGE,44000.0,Not Verified,debt_consolidation,MO,34.37,0.0,695.0,699.0,1.0,41.4,30.0,Individual,5,High Risk,Manual Review
63979682,19800.0, 60 months,21.99,F,F1,,MORTGAGE,57000.0,Not Verified,debt_consolidation,MI,31.01,0.0,725.0,729.0,1.0,72.0,39.0,Individual,5,High Risk,Manual Review
64050336,18550.0, 60 months,18.2,E,E1,10+ years,MORTGAGE,57996.0,Verified,debt_consolidation,TX,32.08,0.0,680.0,684.0,1.0,66.1,49.0,Individual,5,High Risk,Manual Review
63909432,14025.0, 60 months,18.2,E,E1,10+ years,MORTGAGE,58000.0,Source Verified,debt_consolidation,GA,38.15,0.0,725.0,729.0,0.0,26.2,50.0,Individual,5,High Risk,Manual Review
64028760,3350.0, 36 months,22.99,F,F2,3 years,MORTGAGE,64000.0,Source Verified,home_improvement,PA,17.01,3.0,660.0,664.0,2.0,88.1,15.0,Individual,5,High Risk,Manual Review
64009595,35000.0, 60 months,18.2,E,E1,10+ years,RENT,95000.0,Source Verified,debt_consolidation,NY,36.34,1.0,670.0,674.0,2.0,53.4,80.0,Individual,6,High Risk,Manual Review
63890062,24700.0, 60 months,19.99,E,E4,6 years,OWN,65000.0,Verified,debt_consolidation,AL,35.56,2.0,665.0,669.0,0.0,71.6,21.0,Individual,6,High Risk,Manual Review
64058451,6025.0, 36 months,18.99,E,E3,,RENT,23787.0,Verified,moving,MA,35.02,0.0,690.0,694.0,0.0,92.9,8.0,Individual,6,High Risk,Manual Review
64109478,15125.0, 60 months,22.99,F,F2,< 1 year,OWN,44532.0,Source Verified,other,CA,30.8,0.0,685.0,689.0,0.0,57.5,27.0,Individual,5,High Risk,Manual Review
64059495,5075.0, 36 months,18.49,E,E2,5 years,RENT,43000.0,Verified,debt_consolidation,OH,32.01,0.0,690.0,694.0,0.0,44.0,23.0,Individual,5,High Risk,Manual Review
64089222,16000.0, 60 months,18.2,E,E1,3 years,MORTGAGE,160000.0,Source Verified,debt_consolidation,OK,34.79,0.0,710.0,714.0,2.0,48.6,42.0,Individual,5,High Risk,Manual Review
63989774,15600.0, 60 months,18.2,E,E1,8 years,MORTGAGE,55844.0,Verified,credit_card,WA,19.58,1.0,670.0,674.0,0.0,88.1,33.0,Individual,5,High Risk,Manual Review
63979695,35000.0, 60 months,22.99,F,F2,10+ years,MORTGAGE,72000.0,Verified,home_improvement,NC,29.67,1.0,665.0,669.0,0.0,91.7,22.0,Individual,5,High Risk,Manual Review
63970920,14700.0, 36 months,15.41,D,D1,,MORTGAGE,35000.0,Not Verified,home_improvement,NJ,33.26,1.0,715.0,719.0,1.0,92.9,16.0,Individual,5,High Risk,Manual Review
63869718,11150.0, 60 months,21.99,F,F1,,RENT,37287.0,Verified,debt_consolidation,IN,37.82,0.0,675.0,679.0,1.0,74.0,24.0,Individual,5,High Risk,Manual Review
63929076,27225.0, 60 months,19.99,E,E4,10+ years,MORTGAGE,74000.0,Verified,debt_consolidation,OH,38.01,0.0,700.0,704.0,0.0,58.1,36.0,Individual,5,High Risk,Manual Review
63400190,12500.0, 60 months,18.49,E,E2,4 years,MORTGAGE,25000.0,Source Verified,credit_card,OH,37.16,0.0,705.0,709.0,0.0,72.0,26.0,Individual,5,High Risk,Manual Review
64059267,24000.0, 60 months,18.49,E,E2,2 years,RENT,116020.0,Source Verified,debt_consolidation,VA,20.2,1.0,665.0,669.0,0.0,90.7,61.0,Individual,5,High Risk,Manual Review
64059167,16100.0, 60 months,20.99,E,E5,10+ years,MORTGAGE,46000.0,Source Verified,debt_consolidation,PA,32.61,0.0,705.0,709.0,1.0,64.8,39.0,Individual,5,High Risk,Manual Review
63929309,16100.0, 60 months,18.99,E,E3,10+ years,OWN,36599.0,Source Verified,credit_card,VA,31.45,0.0,680.0,684.0,0.0,55.6,21.0,Individual,5,High Risk,Manual Review
63929195,28000.0, 60 months,18.99,E,E3,10+ years,OWN,68000.0,Verified,debt_consolidation,TX,36.02,0.0,665.0,669.0,2.0,88.6,32.0,Individual,6,High Risk,Manual Review
63869657,16000.0, 60 months,19.99,E,E4,4 years,RENT,62400.0,Verified,debt_consolidation,MD,31.56,0.0,660.0,664.0,0.0,79.2,40.0,Individual,5,High Risk,Manual Review
63898787,15275.0, 60 months,18.49,E,E2,10+ years,MORTGAGE,54000.0,Verified,debt_consolidation,NH,39.47,1.0,695.0,699.0,1.0,54.9,27.0,Individual,6,High Risk,Manual Review
63979456,12000.0, 36 months,18.49,E,E2,10+ years,RENT,65000.0,Source Verified,other,MI,32.72,0.0,670.0,674.0,2.0,40.0,21.0,Individual,5,High Risk,Manual Review
62399729,11500.0, 60 months,18.99,E,E3,5 years,RENT,36000.0,Verified,debt_consolidation,IN,31.33,0.0,670.0,674.0,0.0,47.2,12.0,Individual,5,High Risk,Manual Review
63998109,32000.0, 60 months,19.99,E,E4,2 years,RENT,190000.0,Verified,debt_consolidation,OH,16.27,1.0,675.0,679.0,1.0,92.9,36.0,Individual,5,High Risk,Manual Review
64078857,19200.0, 60 months,18.49,E,E2,4 years,MORTGAGE,52000.0,Verified,credit_card,GA,30.83,0.0,690.0,694.0,3.0,65.9,21.0,Individual,5,High Risk,Manual Review
63998798,24425.0, 60 months,18.99,E,E3,8 years,MORTGAGE,105000.0,Source Verified,debt_consolidation,NM,32.33,0.0,660.0,664.0,1.0,83.0,37.0,Individual,6,High Risk,Manual Review
63908849,25000.0, 60 months,18.99,E,E3,10+ years,MORTGAGE,48000.0,Verified,debt_consolidation,GA,42.28,0.0,675.0,679.0,0.0,69.6,45.0,Joint App,5,High Risk,Manual Review
63998767,2425.0, 36 months,17.57,D,D4,2 years,MORTGAGE,40250.0,Verified,debt_consolidation,OK,39.09,1.0,690.0,694.0,1.0,83.4,36.0,Individual,5,High Risk,Manual Review
63869102,32200.0, 60 months,18.2,E,E1,,OWN,70000.0,Verified,debt_consolidation,FL,34.25,2.0,705.0,709.0,1.0,63.9,36.0,Individual,6,High Risk,Manual Review
63957221,30000.0, 60 months,18.2,E,E1,10+ years,MORTGAGE,150000.0,Source Verified,debt_consolidation,TX,33.25,0.0,675.0,679.0,0.0,72.2,49.0,Individual,5,High Risk,Manual Review
63970164,28875.0, 60 months,20.99,E,E5,< 1 year,RENT,76000.0,Verified,debt_consolidation,CA,39.78,0.0,660.0,664.0,1.0,89.0,38.0,Individual,6,High Risk,Manual Review
64028893,12175.0, 60 months,22.99,F,F2,3 years,RENT,29000.0,Verified,debt_consolidation,NC,30.3,0.0,670.0,674.0,0.0,95.9,14.0,Individual,6,High Risk,Manual Review
62449962,20000.0, 60 months,20.99,E,E5,8 years,MORTGAGE,40000.0,Not Verified,home_improvement,MN,35.34,0.0,670.0,674.0,0.0,52.1,30.0,Individual,5,High Risk,Manual Review
64049826,10825.0, 36 months,18.49,E,E2,10+ years,MORTGAGE,36275.0,Verified,debt_consolidation,WA,34.71,0.0,670.0,674.0,1.0,90.0,24.0,Individual,6,High Risk,Manual Review
63347762,29750.0, 60 months,20.99,E,E5,6 years,MORTGAGE,90000.0,Verified,debt_consolidation,NJ,39.03,0.0,700.0,704.0,0.0,71.8,53.0,Individual,5,High Risk,Manual Review
63978714,13325.0, 60 months,20.99,E,E5,10+ years,RENT,48000.0,Source Verified,debt_consolidation,IL,36.03,0.0,660.0,664.0,1.0,60.5,30.0,Individual,5,High Risk,Manual Review
64058939,10000.0, 60 months,18.99,E,E3,10+ years,MORTGAGE,60000.0,Source Verified,debt_consolidation,NY,20.46,1.0,675.0,679.0,0.0,82.3,18.0,Individual,5,High Risk,Manual Review
64049681,1500.0, 36 months,17.57,D,D4,,OWN,32000.0,Verified,other,NC,34.92,1.0,660.0,664.0,0.0,97.8,28.0,Individual,5,High Risk,Manual Review
63339735,6850.0, 36 months,18.99,E,E3,,RENT,17136.0,Verified,debt_consolidation,NV,36.76,0.0,680.0,684.0,1.0,45.7,14.0,Individual,5,High Risk,Manual Review
63948599,24000.0, 60 months,18.2,E,E1,10+ years,MORTGAGE,70000.0,Verified,debt_consolidation,KS,31.8,2.0,675.0,679.0,2.0,96.3,34.0,Individual,7,High Risk,Manual Review
63287020,5300.0, 36 months,19.99,E,E4,8 years,RENT,60000.0,Verified,debt_consolidation,NY,39.54,2.0,665.0,669.0,0.0,27.4,22.0,Individual,6,High Risk,Manual Review
63425492,28000.0, 60 months,18.49,E,E2,3 years,MORTGAGE,56000.0,Not Verified,home_improvement,ND,31.42,0.0,695.0,699.0,0.0,49.5,13.0,Individual,5,High Risk,Manual Review
63928907,19475.0, 60 months,18.2,E,E1,1 year,RENT,48710.4,Verified,debt_consolidation,NC,32.57,0.0,665.0,669.0,0.0,98.9,29.0,Individual,6,High Risk,Manual Review
63510222,30475.0, 60 months,18.2,E,E1,10+ years,RENT,70000.0,Source Verified,credit_card,FL,33.06,0.0,745.0,749.0,0.0,57.2,24.0,Individual,5,High Risk,Manual Review
63978878,32000.0, 60 months,16.99,D,D3,9 years,MORTGAGE,148000.0,Verified,credit_card,MA,32.52,3.0,660.0,664.0,0.0,81.4,34.0,Individual,5,High Risk,Manual Review
63907121,27300.0, 60 months,22.99,F,F2,< 1 year,MORTGAGE,90000.0,Not Verified,debt_consolidation,MD,35.55,0.0,700.0,704.0,0.0,65.0,27.0,Individual,5,High Risk,Manual Review
63869078,15950.0, 60 months,21.99,F,F1,,MORTGAGE,38000.0,Verified,credit_card,CO,29.82,1.0,685.0,689.0,0.0,84.1,9.0,Individual,5,High Risk,Manual Review
63928766,12000.0, 60 months,18.99,E,E3,10+ years,RENT,54000.0,Verified,credit_card,IL,27.93,2.0,690.0,694.0,1.0,82.9,27.0,Individual,5,High Risk,Manual Review
63868896,1725.0, 36 months,18.99,E,E3,3 years,RENT,29000.0,Source Verified,credit_card,PA,34.55,1.0,680.0,684.0,0.0,84.4,31.0,Individual,7,High Risk,Manual Review
63978504,10800.0, 60 months,21.99,F,F1,10+ years,MORTGAGE,32000.0,Verified,debt_consolidation,WI,29.74,1.0,680.0,684.0,0.0,85.3,23.0,Individual,5,High Risk,Manual Review
64078746,12000.0, 36 months,19.99,E,E4,,RENT,1200.0,Verified,debt_consolidation,TX,672.52,0.0,680.0,684.0,0.0,72.2,13.0,Joint App,5,High Risk,Manual Review
64028759,24000.0, 60 months,19.99,E,E4,7 years,MORTGAGE,80000.0,Verified,debt_consolidation,LA,18.69,1.0,660.0,664.0,1.0,105.0,21.0,Individual,5,High Risk,Manual Review
64108683,35000.0, 60 months,22.99,F,F2,10+ years,MORTGAGE,57000.0,Verified,home_improvement,FL,38.51,0.0,690.0,694.0,0.0,87.1,11.0,Joint App,6,High Risk,Manual Review
63938618,26525.0, 60 months,21.99,F,F1,1 year,RENT,65000.0,Source Verified,debt_consolidation,ND,19.44,5.0,665.0,669.0,0.0,86.7,25.0,Individual,5,High Risk,Manual Review
64068496,28600.0, 60 months,17.57,D,D4,1 year,OWN,65000.0,Not Verified,debt_consolidation,TX,31.08,1.0,675.0,679.0,0.0,81.9,31.0,Individual,5,High Risk,Manual Review
63692243,2225.0, 36 months,21.99,F,F1,1 year,MORTGAGE,45000.0,Verified,debt_consolidation,MN,33.28,1.0,660.0,664.0,2.0,85.0,17.0,Individual,7,High Risk,Manual Review
63671570,35000.0, 60 months,18.49,E,E2,4 years,MORTGAGE,114000.0,Verified,credit_card,GA,39.92,0.0,680.0,684.0,0.0,82.6,46.0,Individual,6,High Risk,Manual Review
63898805,12000.0, 60 months,19.99,E,E4,1 year,RENT,27000.0,Verified,debt_consolidation,TX,37.87,0.0,675.0,679.0,0.0,45.0,15.0,Individual,5,High Risk,Manual Review
64068483,17000.0, 60 months,18.49,E,E2,10+ years,MORTGAGE,58000.0,Verified,debt_consolidation,OH,11.44,2.0,665.0,669.0,1.0,83.2,8.0,Individual,5,High Risk,Manual Review
63978576,11275.0, 60 months,21.99,F,F1,9 years,RENT,37600.0,Verified,debt_consolidation,PA,33.87,0.0,660.0,664.0,0.0,85.8,13.0,Individual,6,High Risk,Manual Review
64078833,12000.0, 60 months,18.2,E,E1,,RENT,80000.0,Verified,debt_consolidation,NM,39.69,0.0,665.0,669.0,0.0,80.5,26.0,Individual,6,High Risk,Manual Review
63988701,23700.0, 60 months,19.99,E,E4,2 years,MORTGAGE,86000.0,Verified,debt_consolidation,FL,36.49,1.0,680.0,684.0,2.0,48.4,42.0,Individual,6,High Risk,Manual Review
64008711,27350.0, 60 months,20.99,E,E5,4 years,RENT,72000.0,Verified,debt_consolidation,OK,37.9,0.0,675.0,679.0,1.0,88.2,51.0,Individual,6,High Risk,Manual Review
63969759,9950.0, 36 months,18.49,E,E2,2 years,RENT,44300.0,Source Verified,debt_consolidation,FL,36.03,1.0,665.0,669.0,0.0,52.6,18.0,Individual,6,High Risk,Manual Review
63489279,35000.0, 60 months,18.99,E,E3,10+ years,MORTGAGE,120000.0,Verified,credit_card,CA,20.7,1.0,670.0,674.0,1.0,88.0,29.0,Individual,5,High Risk,Manual Review
63349058,35000.0, 60 months,21.99,F,F1,8 years,MORTGAGE,140000.0,Source Verified,debt_consolidation,TX,25.74,1.0,665.0,669.0,2.0,81.9,27.0,Individual,5,High Risk,Manual Review
63998473,23000.0, 60 months,18.2,E,E1,,MORTGAGE,55000.0,Verified,debt_consolidation,NC,30.58,0.0,720.0,724.0,0.0,32.7,35.0,Individual,5,High Risk,Manual Review
64078736,8200.0, 36 months,18.2,E,E1,10+ years,RENT,35000.0,Verified,debt_consolidation,VA,37.55,0.0,700.0,704.0,1.0,14.9,39.0,Individual,5,High Risk,Manual Review
63364235,13475.0, 60 months,18.2,E,E1,< 1 year,MORTGAGE,42000.0,Source Verified,debt_consolidation,FL,32.26,0.0,685.0,689.0,0.0,79.8,22.0,Individual,5,High Risk,Manual Review
64008568,19250.0, 60 months,18.2,E,E1,< 1 year,OWN,52000.0,Source Verified,debt_consolidation,PA,38.43,0.0,715.0,719.0,0.0,48.1,23.0,Individual,5,High Risk,Manual Review
63898562,32325.0, 60 months,18.49,E,E2,10+ years,RENT,77000.0,Source Verified,debt_consolidation,GA,35.61,1.0,675.0,679.0,0.0,68.4,22.0,Individual,6,High Risk,Manual Review
64028017,25000.0, 60 months,18.2,E,E1,10+ years,MORTGAGE,86000.0,Verified,debt_consolidation,UT,33.51,0.0,695.0,699.0,1.0,83.0,42.0,Individual,6,High Risk,Manual Review
63329728,20000.0, 60 months,18.2,E,E1,4 years,MORTGAGE,80000.0,Source Verified,debt_consolidation,OH,35.81,0.0,670.0,674.0,1.0,82.5,26.0,Individual,6,High Risk,Manual Review
63762658,19850.0, 60 months,18.2,E,E1,7 years,MORTGAGE,56000.0,Verified,debt_consolidation,TX,37.66,2.0,660.0,664.0,2.0,48.0,44.0,Individual,6,High Risk,Manual Review
63898476,22000.0, 60 months,18.2,E,E1,3 years,RENT,105000.0,Verified,credit_card,DC,21.17,2.0,660.0,664.0,0.0,97.6,15.0,Individual,5,High Risk,Manual Review
64038196,24000.0, 60 months,18.2,E,E1,3 years,RENT,48000.0,Source Verified,debt_consolidation,TX,32.83,0.0,690.0,694.0,1.0,93.3,29.0,Individual,6,High Risk,Manual Review
63928453,12025.0, 60 months,18.99,E,E3,,MORTGAGE,56667.0,Verified,debt_consolidation,MD,33.46,0.0,680.0,684.0,0.0,71.9,25.0,Individual,5,High Risk,Manual Review
63878180,32000.0, 60 months,20.99,E,E5,< 1 year,RENT,193000.0,Verified,debt_consolidation,CA,20.26,1.0,660.0,664.0,0.0,100.2,12.0,Individual,5,High Risk,Manual Review
64088043,15150.0, 60 months,20.99,E,E5,10+ years,MORTGAGE,42000.0,Source Verified,debt_consolidation,VA,32.57,0.0,660.0,664.0,4.0,67.1,63.0,Individual,5,High Risk,Manual Review
63978276,14000.0, 60 months,18.99,E,E3,10+ years,MORTGAGE,94000.0,Verified,debt_consolidation,MS,35.54,0.0,670.0,674.0,2.0,100.0,41.0,Individual,6,High Risk,Manual Review
64098153,13925.0, 36 months,16.99,D,D3,10+ years,MORTGAGE,65590.0,Verified,debt_consolidation,TX,32.75,1.0,660.0,664.0,2.0,81.0,36.0,Individual,5,High Risk,Manual Review
63948060,8500.0, 36 months,18.99,E,E3,2 years,RENT,32000.0,Verified,debt_consolidation,VA,35.9,0.0,710.0,714.0,1.0,24.0,20.0,Individual,5,High Risk,Manual Review
63479779,24550.0, 60 months,18.55,E,E2,< 1 year,MORTGAGE,105000.0,Verified,other,MD,30.29,0.0,685.0,689.0,1.0,70.8,35.0,Individual,5,High Risk,Manual Review
64107961,21000.0, 60 months,18.49,E,E2,< 1 year,RENT,62000.0,Verified,debt_consolidation,MA,30.39,1.0,670.0,674.0,0.0,72.7,22.0,Individual,6,High Risk,Manual Review
63054451,17150.0, 60 months,18.99,E,E3,4 years,MORTGAGE,39000.0,Not Verified,debt_consolidation,OH,37.2,0.0,715.0,719.0,0.0,61.3,29.0,Individual,5,High Risk,Manual Review
64037964,35000.0, 60 months,18.2,E,E1,10+ years,MORTGAGE,75000.0,Source Verified,debt_consolidation,TN,38.82,0.0,690.0,694.0,0.0,21.3,34.0,Individual,5,High Risk,Manual Review
64077914,17600.0, 60 months,22.99,F,F2,9 years,OWN,40000.0,Source Verified,debt_consolidation,NJ,36.42,0.0,690.0,694.0,0.0,63.0,14.0,Individual,5,High Risk,Manual Review
63927931,15000.0, 60 months,18.2,E,E1,10+ years,MORTGAGE,68000.0,Source Verified,debt_consolidation,TX,23.95,1.0,695.0,699.0,0.0,86.9,11.0,Individual,5,High Risk,Manual Review
63947968,19950.0, 60 months,19.99,E,E4,< 1 year,RENT,60000.0,Verified,debt_consolidation,TX,34.22,0.0,660.0,664.0,0.0,92.2,21.0,Individual,6,High Risk,Manual Review
64037907,3000.0, 36 months,18.2,E,E1,,MORTGAGE,18200.0,Verified,other,TN,36.54,0.0,670.0,674.0,1.0,69.0,25.0,Individual,5,High Risk,Manual Review
63978037,30000.0, 60 months,18.99,E,E3,10+ years,RENT,90000.0,Verified,debt_consolidation,MA,35.09,0.0,690.0,694.0,2.0,62.0,19.0,Individual,5,High Risk,Manual Review
63888086,35000.0, 60 months,18.49,E,E2,10+ years,RENT,80000.0,Source Verified,debt_consolidation,PA,36.26,0.0,725.0,729.0,2.0,66.2,25.0,Individual,5,High Risk,Manual Review
63823555,13275.0, 60 months,21.99,F,F1,5 years,RENT,75000.0,Verified,debt_consolidation,OH,30.48,0.0,720.0,724.0,4.0,18.6,23.0,Individual,5,High Risk,Manual Review
64097868,35000.0, 60 months,18.2,E,E1,10+ years,RENT,90000.0,Verified,debt_consolidation,NY,38.53,2.0,660.0,664.0,0.0,63.2,32.0,Individual,6,High Risk,Manual Review
63428700,10000.0, 60 months,18.2,E,E1,3 years,RENT,25000.0,Source Verified,debt_consolidation,NY,37.01,0.0,665.0,669.0,0.0,65.7,18.0,Individual,5,High Risk,Manual Review
63877889,18400.0, 60 months,24.99,F,F4,4 years,MORTGAGE,18572.0,Verified,debt_consolidation,IL,71.82,0.0,710.0,714.0,1.0,55.3,20.0,Joint App,5,High Risk,Manual Review
63450402,12700.0, 36 months,18.49,E,E2,1 year,RENT,45000.0,Source Verified,debt_consolidation,PA,33.26,0.0,660.0,664.0,3.0,32.7,20.0,Individual,5,High Risk,Manual Review
63927872,24600.0, 60 months,18.2,E,E1,< 1 year,OWN,70000.0,Source Verified,debt_consolidation,NC,35.2,0.0,690.0,694.0,0.0,43.4,17.0,Individual,5,High Risk,Manual Review
64058040,20825.0, 60 months,18.99,E,E3,7 years,RENT,46000.0,Source Verified,debt_consolidation,FL,36.6,1.0,675.0,679.0,0.0,60.3,20.0,Individual,6,High Risk,Manual Review
63917902,13500.0, 60 months,18.49,E,E2,10+ years,MORTGAGE,40650.0,Not Verified,credit_card,NC,38.69,0.0,705.0,709.0,0.0,39.4,29.0,Individual,5,High Risk,Manual Review
63978093,11725.0, 60 months,18.99,E,E3,7 years,RENT,34900.0,Source Verified,credit_card,AZ,30.36,0.0,690.0,694.0,1.0,68.5,19.0,Individual,5,High Risk,Manual Review
64017912,12725.0, 60 months,18.49,E,E2,8 years,MORTGAGE,35000.0,Source Verified,credit_card,FL,37.31,0.0,695.0,699.0,1.0,43.2,46.0,Individual,5,High Risk,Manual Review
63997792,34425.0, 36 months,18.2,E,E1,8 years,MORTGAGE,72000.0,Verified,debt_consolidation,ME,16.38,1.0,685.0,689.0,0.0,91.2,17.0,Individual,5,High Risk,Manual Review
63897970,11475.0, 60 months,18.2,E,E1,10+ years,RENT,28700.0,Source Verified,debt_consolidation,NY,38.98,0.0,675.0,679.0,0.0,86.0,11.0,Individual,6,High Risk,Manual Review
64028086,10600.0, 36 months,18.2,E,E1,9 years,RENT,31200.0,Verified,other,CA,39.58,0.0,700.0,704.0,0.0,41.0,17.0,Individual,5,High Risk,Manual Review
62165633,21000.0, 60 months,18.49,E,E2,10+ years,MORTGAGE,102000.0,Verified,debt_consolidation,CA,31.68,0.0,695.0,699.0,1.0,67.0,33.0,Individual,5,High Risk,Manual Review
64008129,24500.0, 60 months,18.99,E,E3,10+ years,RENT,49000.0,Source Verified,debt_consolidation,WA,34.07,0.0,695.0,699.0,2.0,91.8,27.0,Individual,6,High Risk,Manual Review
63813209,11925.0, 60 months,19.99,E,E4,3 years,RENT,49260.0,Source Verified,other,IL,30.26,0.0,685.0,689.0,1.0,55.1,25.0,Individual,5,High Risk,Manual Review
63897543,16000.0, 60 months,19.99,E,E4,10+ years,OWN,70000.0,Verified,small_business,TX,33.9,0.0,675.0,679.0,1.0,46.5,19.0,Individual,5,High Risk,Manual Review
64057553,30000.0, 60 months,23.99,F,F3,10+ years,MORTGAGE,75000.0,Verified,credit_card,AZ,20.5,1.0,665.0,669.0,0.0,96.9,32.0,Individual,5,High Risk,Manual Review
63897239,12075.0, 36 months,15.41,D,D1,10+ years,MORTGAGE,74352.0,Verified,debt_consolidation,CA,39.98,1.0,665.0,669.0,0.0,81.8,44.0,Individual,5,High Risk,Manual Review
64017612,4650.0, 36 months,18.99,E,E3,,MORTGAGE,26652.0,Verified,debt_consolidation,NC,32.78,0.0,730.0,734.0,0.0,53.8,24.0,Individual,5,High Risk,Manual Review
63897529,30425.0, 36 months,18.49,E,E2,10+ years,MORTGAGE,85908.0,Verified,debt_consolidation,OR,32.03,0.0,665.0,669.0,1.0,48.3,35.0,Individual,5,High Risk,Manual Review
63987829,27625.0, 60 months,19.99,E,E4,10+ years,MORTGAGE,80000.0,Source Verified,debt_consolidation,CO,38.88,0.0,715.0,719.0,1.0,66.3,33.0,Individual,5,High Risk,Manual Review
64087712,19425.0, 60 months,18.49,E,E2,10+ years,RENT,54000.0,Verified,debt_consolidation,FL,37.87,0.0,660.0,664.0,0.0,79.5,14.0,Individual,5,High Risk,Manual Review
63556285,19350.0, 60 months,18.2,E,E1,3 years,MORTGAGE,55000.0,Source Verified,credit_card,TX,13.75,1.0,665.0,669.0,1.0,94.0,14.0,Individual,5,High Risk,Manual Review
63987797,35000.0, 60 months,22.99,F,F2,10+ years,OWN,90000.0,Verified,debt_consolidation,PA,30.4,0.0,660.0,664.0,1.0,79.3,39.0,Individual,5,High Risk,Manual Review
63987511,32925.0, 36 months,19.99,E,E4,2 years,MORTGAGE,65880.0,Source Verified,debt_consolidation,MN,25.36,1.0,665.0,669.0,2.0,80.9,33.0,Individual,5,High Risk,Manual Review
62196709,18000.0, 60 months,20.99,E,E5,2 years,RENT,36000.0,Source Verified,debt_consolidation,CA,38.42,1.0,700.0,704.0,0.0,40.3,10.0,Individual,6,High Risk,Manual Review
63498912,12600.0, 60 months,25.99,F,F5,2 years,MORTGAGE,42000.0,Source Verified,debt_consolidation,NC,34.43,0.0,660.0,664.0,1.0,81.0,16.0,Individual,6,High Risk,Manual Review
63987529,33000.0, 60 months,19.99,E,E4,4 years,RENT,88000.0,Verified,debt_consolidation,VA,32.02,1.0,660.0,664.0,0.0,80.8,65.0,Individual,7,High Risk,Manual Review
64027386,27600.0, 36 months,18.2,E,E1,< 1 year,RENT,144000.0,Source Verified,credit_card,WI,13.94,2.0,675.0,679.0,0.0,81.6,39.0,Individual,5,High Risk,Manual Review
63479843,16350.0, 60 months,18.25,E,E1,5 years,MORTGAGE,80200.0,Source Verified,home_improvement,MD,35.48,0.0,665.0,669.0,0.0,72.2,29.0,Individual,5,High Risk,Manual Review
64107119,32800.0, 36 months,18.2,E,E1,10+ years,MORTGAGE,220000.0,Source Verified,debt_consolidation,NY,5.62,2.0,660.0,664.0,2.0,94.6,20.0,Individual,5,High Risk,Manual Review
64077408,27025.0, 60 months,21.99,F,F1,5 years,MORTGAGE,78000.0,Source Verified,debt_consolidation,IN,35.08,0.0,710.0,714.0,0.0,67.0,41.0,Individual,5,High Risk,Manual Review
63793768,19000.0, 60 months,23.99,F,F3,10+ years,MORTGAGE,38000.0,Verified,debt_consolidation,AR,33.95,0.0,665.0,669.0,1.0,89.9,19.0,Individual,6,High Risk,Manual Review
63457267,14375.0, 60 months,18.99,E,E3,,MORTGAGE,77000.0,Verified,debt_consolidation,NJ,36.83,0.0,670.0,674.0,0.0,79.0,27.0,Individual,5,High Risk,Manual Review
63429298,25375.0, 60 months,22.99,F,F2,5 years,MORTGAGE,150000.0,Source Verified,small_business,LA,11.62,3.0,660.0,664.0,1.0,87.5,7.0,Individual,5,High Risk,Manual Review
63967527,22000.0, 60 months,22.99,F,F2,10+ years,MORTGAGE,50000.0,Not Verified,debt_consolidation,MI,35.43,0.0,715.0,719.0,0.0,68.2,22.0,Individual,5,High Risk,Manual Review
63524817,19800.0, 60 months,18.2,E,E1,4 years,RENT,55000.0,Verified,debt_consolidation,UT,34.8,0.0,675.0,679.0,0.0,47.4,15.0,Individual,5,High Risk,Manual Review
64057356,26400.0, 60 months,20.99,E,E5,,RENT,60000.0,Verified,debt_consolidation,CA,32.98,0.0,660.0,664.0,0.0,77.9,23.0,Individual,5,High Risk,Manual Review
64017233,20875.0, 60 months,19.99,E,E4,10+ years,MORTGAGE,58000.0,Verified,debt_consolidation,VA,30.68,1.0,680.0,684.0,0.0,59.8,24.0,Individual,6,High Risk,Manual Review
64077214,11500.0, 36 months,18.2,E,E1,8 years,RENT,32000.0,Verified,debt_consolidation,FL,37.85,0.0,665.0,669.0,3.0,44.2,32.0,Individual,5,High Risk,Manual Review
63957258,16700.0, 60 months,21.99,F,F1,2 years,MORTGAGE,57000.0,Verified,debt_consolidation,GA,30.87,0.0,670.0,674.0,1.0,88.0,28.0,Individual,6,High Risk,Manual Review
63927217,22500.0, 60 months,18.2,E,E1,10+ years,MORTGAGE,45000.0,Source Verified,credit_card,WY,33.36,5.0,690.0,694.0,0.0,30.0,51.0,Individual,6,High Risk,Manual Review
63773659,35000.0, 60 months,20.99,E,E5,10+ years,MORTGAGE,43334.16,Verified,debt_consolidation,CA,42.04,0.0,715.0,719.0,0.0,42.9,29.0,Joint App,5,High Risk,Manual Review
63987172,6950.0, 36 months,18.49,E,E2,3 years,RENT,40000.0,Verified,major_purchase,FL,33.99,0.0,670.0,674.0,0.0,54.8,10.0,Individual,5,High Risk,Manual Review
63641694,20000.0, 60 months,18.49,E,E2,7 years,MORTGAGE,151000.0,Verified,debt_consolidation,FL,30.22,0.0,660.0,664.0,2.0,104.0,16.0,Individual,6,High Risk,Manual Review
63877125,10875.0, 60 months,27.31,G,G2,3 years,RENT,34000.0,Verified,credit_card,FL,33.99,0.0,665.0,669.0,0.0,81.8,40.0,Individual,6,High Risk,Manual Review
63517880,17250.0, 60 months,18.2,E,E1,< 1 year,MORTGAGE,37500.0,Source Verified,debt_consolidation,OH,37.41,0.0,720.0,724.0,0.0,25.1,24.0,Individual,5,High Risk,Manual Review
62126470,17375.0, 60 months,18.99,E,E3,9 years,MORTGAGE,60000.0,Source Verified,debt_consolidation,SC,26.6,1.0,660.0,664.0,0.0,83.8,24.0,Individual,5,High Risk,Manual Review
63692839,18000.0, 36 months,18.2,E,E1,2 years,OWN,50000.0,Verified,debt_consolidation,NY,32.37,0.0,675.0,679.0,0.0,55.9,26.0,Individual,5,High Risk,Manual Review
61393997,20000.0, 60 months,18.2,E,E1,4 years,MORTGAGE,91500.0,Verified,debt_consolidation,AL,31.93,0.0,660.0,664.0,3.0,79.3,46.0,Individual,5,High Risk,Manual Review
63671404,3125.0, 36 months,21.99,F,F1,4 years,MORTGAGE,33000.0,Verified,debt_consolidation,AZ,32.44,0.0,690.0,694.0,4.0,39.0,22.0,Individual,5,High Risk,Manual Review
63702789,22000.0, 60 months,18.2,E,E1,2 years,OWN,70000.0,Source Verified,debt_consolidation,WA,35.74,0.0,695.0,699.0,1.0,70.6,33.0,Individual,5,High Risk,Manual Review
63823638,35000.0, 60 months,20.99,E,E5,10+ years,MORTGAGE,110000.0,Verified,debt_consolidation,TX,33.49,0.0,685.0,689.0,2.0,54.7,33.0,Joint App,5,High Risk,Manual Review
63692663,14100.0, 60 months,21.99,F,F1,7 years,RENT,57000.0,Not Verified,debt_consolidation,TX,31.16,0.0,660.0,664.0,0.0,30.3,25.0,Individual,5,High Risk,Manual Review
63479267,30600.0, 60 months,18.2,E,E1,10+ years,OWN,68000.0,Verified,debt_consolidation,CA,35.16,7.0,665.0,669.0,1.0,67.0,40.0,Individual,6,High Risk,Manual Review
63219492,24000.0, 60 months,18.99,E,E3,10+ years,MORTGAGE,220000.0,Verified,debt_consolidation,MA,25.31,2.0,665.0,669.0,2.0,94.4,28.0,Individual,5,High Risk,Manual Review
63793681,9525.0, 36 months,15.41,D,D1,6 years,RENT,58500.0,Verified,other,NC,30.91,5.0,680.0,684.0,0.0,84.9,80.0,Individual,5,High Risk,Manual Review
63600830,28000.0, 60 months,19.99,E,E4,10+ years,RENT,85000.0,Verified,debt_consolidation,IN,34.73,0.0,670.0,674.0,2.0,94.7,46.0,Individual,6,High Risk,Manual Review
63783626,25425.0, 60 months,18.99,E,E3,10+ years,RENT,68000.0,Verified,debt_consolidation,MA,32.7,0.0,675.0,679.0,1.0,67.1,39.0,Individual,5,High Risk,Manual Review
63359780,28650.0, 36 months,16.99,D,D3,2 years,RENT,80000.0,Source Verified,debt_consolidation,IL,37.74,1.0,665.0,669.0,0.0,81.0,29.0,Individual,5,High Risk,Manual Review
63641507,31500.0, 60 months,21.99,F,F1,< 1 year,RENT,63000.0,Source Verified,debt_consolidation,AK,31.7,1.0,730.0,734.0,3.0,8.8,31.0,Individual,6,High Risk,Manual Review
63420271,2175.0, 36 months,19.19,E,E3,6 years,MORTGAGE,15200.0,Verified,debt_consolidation,FL,33.41,0.0,660.0,664.0,0.0,70.6,16.0,Individual,5,High Risk,Manual Review
63339123,24000.0, 60 months,19.99,E,E4,10+ years,MORTGAGE,109000.0,Source Verified,home_improvement,FL,26.47,1.0,670.0,674.0,1.0,81.8,44.0,Individual,5,High Risk,Manual Review
63823485,18675.0, 36 months,18.2,E,E1,4 years,OWN,44500.0,Source Verified,home_improvement,FL,36.63,0.0,705.0,709.0,2.0,44.6,30.0,Individual,5,High Risk,Manual Review
63834354,28500.0, 60 months,18.99,E,E3,5 years,MORTGAGE,57000.0,Not Verified,debt_consolidation,NY,33.49,0.0,660.0,664.0,1.0,48.6,48.0,Individual,5,High Risk,Manual Review
63641408,30000.0, 60 months,18.49,E,E2,10+ years,MORTGAGE,69100.0,Source Verified,debt_consolidation,NJ,31.57,1.0,675.0,679.0,1.0,88.3,39.0,Individual,7,High Risk,Manual Review
63348561,2875.0, 36 months,18.2,E,E1,5 years,RENT,40000.0,Source Verified,debt_consolidation,NY,37.08,0.0,720.0,724.0,0.0,41.8,14.0,Individual,5,High Risk,Manual Review
63752361,8825.0, 36 months,19.99,E,E4,< 1 year,MORTGAGE,26000.0,Verified,debt_consolidation,OK,32.55,0.0,675.0,679.0,0.0,53.5,24.0,Individual,5,High Risk,Manual Review
63722357,16000.0, 60 months,20.99,E,E5,< 1 year,RENT,52000.0,Verified,other,OR,32.75,0.0,700.0,704.0,0.0,29.5,33.0,Individual,5,High Risk,Manual Review
63641352,13600.0, 60 months,24.99,F,F4,10+ years,OWN,40000.0,Verified,debt_consolidation,PA,37.72,0.0,675.0,679.0,1.0,64.0,40.0,Individual,5,High Risk,Manual Review
61922913,18000.0, 60 months,18.49,E,E2,6 years,MORTGAGE,50000.0,Verified,debt_consolidation,PA,34.69,0.0,700.0,704.0,0.0,100.2,17.0,Individual,6,High Risk,Manual Review
63732311,18000.0, 60 months,18.49,E,E2,2 years,OWN,48000.0,Verified,home_improvement,FL,30.18,0.0,660.0,664.0,2.0,38.7,58.0,Individual,5,High Risk,Manual Review
63752303,19025.0, 60 months,18.49,E,E2,10+ years,MORTGAGE,50000.0,Not Verified,debt_consolidation,MS,35.07,2.0,670.0,674.0,0.0,76.4,30.0,Individual,6,High Risk,Manual Review
63823275,16125.0, 60 months,20.99,E,E5,< 1 year,MORTGAGE,48000.0,Source Verified,credit_card,ME,32.57,0.0,705.0,709.0,1.0,56.9,46.0,Individual,5,High Risk,Manual Review
63359679,15000.0, 60 months,22.99,F,F2,5 years,MORTGAGE,105000.0,Source Verified,debt_consolidation,MO,22.74,2.0,665.0,669.0,3.0,81.4,61.0,Individual,5,High Risk,Manual Review
63600341,11950.0, 60 months,26.77,G,G1,8 years,RENT,47136.0,Verified,moving,WA,46.28,0.0,660.0,664.0,0.0,34.6,13.0,Joint App,5,High Risk,Manual Review
63671247,16550.0, 60 months,17.86,D,D5,5 years,OWN,60000.0,Source Verified,debt_consolidation,PA,33.06,1.0,660.0,664.0,1.0,92.2,40.0,Joint App,5,High Risk,Manual Review
63651170,23400.0, 60 months,18.49,E,E2,10+ years,MORTGAGE,52000.0,Verified,credit_card,IL,35.47,1.0,670.0,674.0,1.0,74.0,20.0,Individual,6,High Risk,Manual Review
63762218,16800.0, 60 months,18.2,E,E1,6 years,RENT,62500.0,Verified,moving,NY,31.05,0.0,670.0,674.0,0.0,98.8,33.0,Individual,6,High Risk,Manual Review
63600238,18000.0, 60 months,20.99,E,E5,6 years,RENT,55000.0,Verified,debt_consolidation,VA,37.03,0.0,670.0,674.0,1.0,41.7,40.0,Individual,5,High Risk,Manual Review
63682203,21125.0, 60 months,24.99,F,F4,10+ years,MORTGAGE,50000.0,Verified,debt_consolidation,UT,33.85,2.0,665.0,669.0,1.0,49.0,27.0,Individual,6,High Risk,Manual Review
63834209,13700.0, 60 months,18.49,E,E2,3 years,RENT,66300.0,Verified,debt_consolidation,GA,34.73,0.0,665.0,669.0,3.0,39.4,70.0,Individual,5,High Risk,Manual Review
63558719,15000.0, 60 months,18.2,E,E1,< 1 year,MORTGAGE,40000.0,Verified,credit_card,IN,34.32,0.0,690.0,694.0,1.0,33.0,40.0,Individual,5,High Risk,Manual Review
63390016,25000.0, 60 months,18.25,E,E1,10+ years,MORTGAGE,95000.0,Source Verified,debt_consolidation,PA,31.76,5.0,660.0,664.0,1.0,31.5,32.0,Individual,6,High Risk,Manual Review
63742178,7450.0, 36 months,19.19,E,E3,,RENT,60000.0,Source Verified,debt_consolidation,DC,34.78,0.0,660.0,664.0,0.0,58.9,22.0,Individual,5,High Risk,Manual Review
63490176,22050.0, 60 months,18.55,E,E2,4 years,OWN,89962.0,Source Verified,debt_consolidation,TX,37.37,0.0,690.0,694.0,0.0,92.4,48.0,Individual,6,High Risk,Manual Review
63340620,18825.0, 60 months,19.19,E,E3,9 years,MORTGAGE,95000.0,Verified,debt_consolidation,NC,30.67,0.0,685.0,689.0,3.0,82.1,30.0,Individual,6,High Risk,Manual Review
63160034,16175.0, 60 months,19.99,E,E4,,MORTGAGE,48552.0,Verified,home_improvement,NC,32.13,0.0,665.0,669.0,0.0,93.7,20.0,Individual,6,High Risk,Manual Review
63557646,12500.0, 60 months,19.19,E,E3,< 1 year,MORTGAGE,52000.0,Source Verified,major_purchase,FL,35.47,2.0,675.0,679.0,0.0,74.2,15.0,Individual,6,High Risk,Manual Review
63439155,18625.0, 60 months,18.55,E,E2,10+ years,MORTGAGE,65351.0,Source Verified,credit_card,AL,32.8,0.0,680.0,684.0,0.0,67.3,38.0,Individual,5,High Risk,Manual Review
63420341,10325.0, 60 months,19.99,E,E4,,MORTGAGE,40200.0,Verified,debt_consolidation,NY,34.36,0.0,715.0,719.0,0.0,85.8,37.0,Individual,6,High Risk,Manual Review
63391136,19350.0, 60 months,18.55,E,E2,< 1 year,MORTGAGE,55000.0,Source Verified,debt_consolidation,CO,30.61,0.0,675.0,679.0,0.0,89.0,22.0,Individual,6,High Risk,Manual Review
63391199,15475.0, 36 months,18.25,E,E1,10+ years,MORTGAGE,55000.0,Verified,debt_consolidation,MD,30.33,0.0,700.0,704.0,0.0,49.0,47.0,Individual,5,High Risk,Manual Review
63410083,29175.0, 60 months,19.99,E,E4,9 years,MORTGAGE,67000.0,Source Verified,debt_consolidation,CA,37.11,0.0,670.0,674.0,1.0,48.7,26.0,Individual,5,High Risk,Manual Review
63286848,18900.0, 60 months,21.99,F,F1,2 years,RENT,45000.0,Verified,debt_consolidation,OH,32.56,0.0,665.0,669.0,3.0,31.0,40.0,Individual,5,High Risk,Manual Review
63350237,18000.0, 60 months,21.99,F,F1,10+ years,MORTGAGE,45000.0,Verified,debt_consolidation,NC,32.0,1.0,680.0,684.0,0.0,36.8,23.0,Individual,6,High Risk,Manual Review
62186851,10200.0, 60 months,24.99,F,F4,2 years,RENT,34000.0,Verified,debt_consolidation,RI,30.11,0.0,665.0,669.0,1.0,68.8,12.0,Individual,5,High Risk,Manual Review
63489967,24000.0, 60 months,16.99,D,D3,10+ years,MORTGAGE,63000.0,Verified,debt_consolidation,IN,30.8,2.0,670.0,674.0,0.0,81.2,24.0,Individual,5,High Risk,Manual Review
63510161,5850.0, 36 months,18.55,E,E2,8 years,OWN,65000.0,Verified,home_improvement,LA,26.16,1.0,665.0,669.0,1.0,99.0,18.0,Individual,5,High Risk,Manual Review
63466999,22000.0, 60 months,19.99,E,E4,10+ years,RENT,80000.0,Source Verified,debt_consolidation,NY,30.68,0.0,675.0,679.0,0.0,94.5,12.0,Individual,6,High Risk,Manual Review
63430320,13500.0, 60 months,23.99,F,F3,10+ years,RENT,45000.0,Verified,moving,CT,30.54,0.0,685.0,689.0,2.0,17.3,38.0,Individual,5,High Risk,Manual Review
63480265,12475.0, 60 months,24.99,F,F4,10+ years,MORTGAGE,41600.0,Verified,debt_consolidation,TN,38.61,1.0,705.0,709.0,1.0,51.0,16.0,Individual,6,High Risk,Manual Review
63220634,10075.0, 60 months,19.99,E,E4,,OWN,24000.0,Verified,debt_consolidation,OK,33.95,1.0,675.0,679.0,0.0,54.9,21.0,Individual,6,High Risk,Manual Review
63220658,18000.0, 60 months,19.19,E,E3,2 years,MORTGAGE,45000.0,Verified,debt_consolidation,FL,36.16,0.0,665.0,669.0,1.0,32.5,22.0,Individual,5,High Risk,Manual Review
63350238,35000.0, 60 months,19.99,E,E4,3 years,RENT,80000.0,Source Verified,debt_consolidation,NY,36.53,0.0,670.0,674.0,0.0,58.2,21.0,Individual,5,High Risk,Manual Review
63220590,30000.0, 60 months,18.25,E,E1,6 years,RENT,100000.0,Verified,debt_consolidation,MD,37.06,0.0,695.0,699.0,0.0,92.4,18.0,Individual,6,High Risk,Manual Review
63459983,7300.0, 36 months,20.99,E,E5,8 years,RENT,24384.0,Verified,debt_consolidation,CA,35.43,0.0,670.0,674.0,0.0,76.2,20.0,Individual,5,High Risk,Manual Review
63400775,14225.0, 60 months,18.25,E,E1,10+ years,RENT,62000.0,Verified,credit_card,CA,31.65,0.0,690.0,694.0,3.0,39.0,47.0,Individual,5,High Risk,Manual Review
63468040,20000.0, 60 months,18.25,E,E1,7 years,MORTGAGE,70000.0,Source Verified,debt_consolidation,CA,30.52,0.0,665.0,669.0,0.0,41.9,25.0,Individual,5,High Risk,Manual Review
63459918,13200.0, 36 months,18.25,E,E1,2 years,RENT,44000.0,Verified,debt_consolidation,NV,33.54,0.0,660.0,664.0,2.0,37.5,28.0,Individual,5,High Risk,Manual Review
63358196,20000.0, 60 months,18.25,E,E1,4 years,RENT,40000.0,Not Verified,credit_card,CA,31.2,0.0,695.0,699.0,0.0,81.3,29.0,Individual,6,High Risk,Manual Review
63350110,16700.0, 60 months,19.99,E,E4,3 years,MORTGAGE,38000.0,Not Verified,credit_card,FL,35.53,4.0,695.0,699.0,2.0,55.8,26.0,Individual,6,High Risk,Manual Review
63160376,10000.0, 36 months,18.55,E,E2,,RENT,14472.0,Source Verified,other,MD,33.17,0.0,675.0,679.0,0.0,87.8,7.0,Joint App,6,High Risk,Manual Review
63529655,32000.0, 60 months,23.99,F,F3,3 years,RENT,80000.0,Verified,small_business,UT,34.43,0.0,690.0,694.0,0.0,62.8,30.0,Individual,5,High Risk,Manual Review
63220433,25000.0, 60 months,19.99,E,E4,10+ years,OWN,110000.0,Source Verified,home_improvement,CA,31.49,1.0,710.0,714.0,1.0,27.3,29.0,Individual,6,High Risk,Manual Review
63450062,11200.0, 60 months,18.25,E,E1,8 years,MORTGAGE,42702.0,Verified,credit_card,RI,32.78,0.0,685.0,689.0,1.0,20.5,38.0,Individual,5,High Risk,Manual Review
63480022,15000.0, 60 months,23.99,F,F3,3 years,RENT,50000.0,Verified,debt_consolidation,IL,39.09,0.0,700.0,704.0,1.0,45.5,18.0,Individual,5,High Risk,Manual Review
63438890,23000.0, 60 months,18.25,E,E1,,RENT,50000.0,Not Verified,debt_consolidation,NY,30.99,0.0,715.0,719.0,0.0,60.3,14.0,Individual,5,High Risk,Manual Review
63528288,34750.0, 60 months,18.25,E,E1,1 year,OWN,82742.4,Verified,debt_consolidation,TX,39.8,3.0,665.0,669.0,0.0,39.6,22.0,Individual,6,High Risk,Manual Review
62377574,20000.0, 36 months,18.55,E,E2,2 years,RENT,95000.0,Verified,debt_consolidation,IL,17.53,1.0,665.0,669.0,1.0,81.5,7.0,Individual,5,High Risk,Manual Review
63349935,20450.0, 60 months,18.25,E,E1,10+ years,MORTGAGE,88636.0,Verified,debt_consolidation,CO,36.27,0.0,690.0,694.0,0.0,82.4,58.0,Individual,6,High Risk,Manual Review
63290632,24200.0, 60 months,23.99,F,F3,7 years,RENT,55000.0,Verified,debt_consolidation,AZ,32.42,0.0,700.0,704.0,2.0,39.8,22.0,Individual,5,High Risk,Manual Review
63390522,35000.0, 60 months,18.25,E,E1,2 years,MORTGAGE,110000.0,Source Verified,debt_consolidation,ME,23.17,1.0,665.0,669.0,0.0,91.5,44.0,Individual,5,High Risk,Manual Review
63419548,12600.0, 36 months,18.25,E,E1,10+ years,RENT,30000.0,Verified,debt_consolidation,GA,33.24,1.0,665.0,669.0,0.0,54.1,38.0,Individual,6,High Risk,Manual Review
63290338,13500.0, 60 months,23.99,F,F3,< 1 year,RENT,45000.0,Verified,debt_consolidation,VA,31.37,0.0,660.0,664.0,0.0,60.5,18.0,Individual,5,High Risk,Manual Review
63409533,30000.0, 36 months,18.25,E,E1,3 years,OWN,60000.0,Verified,debt_consolidation,WA,30.09,0.0,680.0,684.0,1.0,82.3,17.0,Individual,6,High Risk,Manual Review
63390324,28600.0, 60 months,18.25,E,E1,< 1 year,MORTGAGE,65000.0,Source Verified,debt_consolidation,WV,31.39,1.0,665.0,669.0,1.0,95.2,29.0,Individual,7,High Risk,Manual Review
63557978,13200.0, 60 months,18.25,E,E1,,OWN,27500.0,Not Verified,credit_card,WI,36.01,0.0,695.0,699.0,0.0,73.7,14.0,Individual,5,High Risk,Manual Review
63439607,25750.0, 60 months,22.99,F,F2,3 years,MORTGAGE,126000.0,Verified,debt_consolidation,AR,20.74,1.0,660.0,664.0,2.0,92.8,29.0,Joint App,5,High Risk,Manual Review
63459221,22000.0, 60 months,20.99,E,E5,2 years,MORTGAGE,50000.0,Source Verified,debt_consolidation,IL,31.97,0.0,685.0,689.0,2.0,32.2,41.0,Individual,5,High Risk,Manual Review
63290213,17000.0, 60 months,18.55,E,E2,6 years,MORTGAGE,34000.0,Verified,debt_consolidation,NE,35.09,0.0,680.0,684.0,0.0,47.0,45.0,Individual,5,High Risk,Manual Review
63469329,10000.0, 60 months,15.61,D,D1,8 years,OWN,50000.0,Verified,credit_card,TX,32.79,1.0,660.0,664.0,0.0,94.5,33.0,Individual,5,High Risk,Manual Review
63519152,26625.0, 60 months,18.55,E,E2,6 years,MORTGAGE,60517.0,Source Verified,debt_consolidation,VA,32.85,1.0,690.0,694.0,0.0,87.0,50.0,Individual,7,High Risk,Manual Review
63285489,10000.0, 60 months,19.19,E,E3,8 years,OWN,25000.0,Source Verified,debt_consolidation,WI,36.05,0.0,665.0,669.0,0.0,87.1,13.0,Individual,6,High Risk,Manual Review
63509505,3200.0, 36 months,19.19,E,E3,10+ years,RENT,45000.0,Verified,other,CA,34.15,0.0,660.0,664.0,0.0,67.0,33.0,Individual,5,High Risk,Manual Review
63349496,9825.0, 36 months,21.99,F,F1,9 years,OWN,43000.0,Verified,debt_consolidation,LA,32.43,0.0,695.0,699.0,0.0,5.1,21.0,Individual,5,High Risk,Manual Review
63249098,30200.0, 60 months,18.55,E,E2,3 years,OWN,75000.0,Verified,house,MS,9.58,1.0,665.0,669.0,0.0,98.1,6.0,Individual,5,High Risk,Manual Review
63429598,33600.0, 60 months,18.55,E,E2,4 years,RENT,80000.0,Source Verified,debt_consolidation,CO,30.9,0.0,690.0,694.0,2.0,54.7,34.0,Individual,5,High Risk,Manual Review
62377526,6275.0, 36 months,19.19,E,E3,< 1 year,MORTGAGE,21600.0,Verified,debt_consolidation,AR,33.89,1.0,670.0,674.0,1.0,34.8,12.0,Individual,6,High Risk,Manual Review
62377244,23400.0, 60 months,19.19,E,E3,2 years,RENT,65000.0,Source Verified,small_business,CA,32.4,0.0,705.0,709.0,1.0,53.4,42.0,Individual,5,High Risk,Manual Review
62205605,13500.0, 60 months,25.78,F,F5,4 years,RENT,27000.0,Verified,debt_consolidation,MN,38.58,1.0,685.0,689.0,1.0,69.7,26.0,Individual,6,High Risk,Manual Review
63419126,24500.0, 60 months,19.19,E,E3,10+ years,OWN,49000.0,Verified,debt_consolidation,CA,15.43,1.0,670.0,674.0,1.0,88.2,20.0,Individual,5,High Risk,Manual Review
63439110,8800.0, 36 months,18.25,E,E1,< 1 year,OWN,43000.0,Verified,debt_consolidation,LA,30.98,0.0,660.0,664.0,0.0,48.2,44.0,Individual,5,High Risk,Manual Review
63245250,14400.0, 60 months,19.19,E,E3,7 years,RENT,40000.0,Verified,debt_consolidation,CO,34.32,0.0,665.0,669.0,0.0,88.5,25.0,Individual,6,High Risk,Manual Review
63328784,30000.0, 60 months,19.19,E,E3,10+ years,MORTGAGE,102000.0,Source Verified,debt_consolidation,MD,37.58,0.0,660.0,664.0,1.0,63.9,24.0,Individual,5,High Risk,Manual Review
63185827,24375.0, 60 months,18.25,E,E1,,MORTGAGE,66108.0,Not Verified,debt_consolidation,NJ,38.39,0.0,715.0,719.0,0.0,67.5,25.0,Individual,5,High Risk,Manual Review
63508922,35000.0, 60 months,18.25,E,E1,10+ years,MORTGAGE,111000.0,Verified,debt_consolidation,MD,36.38,0.0,690.0,694.0,0.0,91.8,36.0,Individual,6,High Risk,Manual Review
63287855,10000.0, 60 months,17.57,D,D4,10+ years,OWN,45000.0,Source Verified,home_improvement,SC,36.51,2.0,665.0,669.0,1.0,83.4,32.0,Individual,5,High Risk,Manual Review
63478112,24750.0, 60 months,21.99,F,F1,10+ years,MORTGAGE,55000.0,Verified,debt_consolidation,OH,39.23,0.0,665.0,669.0,0.0,91.0,44.0,Individual,6,High Risk,Manual Review
63159433,10500.0, 60 months,20.99,E,E5,1 year,RENT,35000.0,Verified,debt_consolidation,PA,39.99,0.0,680.0,684.0,0.0,78.4,15.0,Individual,5,High Risk,Manual Review
63528941,35000.0, 60 months,19.19,E,E3,7 years,MORTGAGE,45000.0,Verified,debt_consolidation,AL,33.68,0.0,705.0,709.0,2.0,87.8,19.0,Joint App,6,High Risk,Manual Review
63249256,10200.0, 60 months,27.88,G,G3,5 years,RENT,34000.0,Verified,debt_consolidation,MD,34.84,2.0,670.0,674.0,2.0,39.8,27.0,Individual,6,High Risk,Manual Review
63569437,17125.0, 60 months,18.25,E,E1,3 years,MORTGAGE,50500.0,Verified,debt_consolidation,TX,36.93,0.0,660.0,664.0,3.0,43.1,35.0,Individual,5,High Risk,Manual Review
63389359,19875.0, 60 months,21.99,F,F1,4 years,MORTGAGE,51600.0,Verified,debt_consolidation,TN,32.28,0.0,660.0,664.0,3.0,81.8,28.0,Individual,6,High Risk,Manual Review
63408838,21000.0, 60 months,19.99,E,E4,10+ years,MORTGAGE,152000.0,Verified,debt_consolidation,CA,36.64,0.0,660.0,664.0,4.0,94.0,50.0,Individual,6,High Risk,Manual Review
62377485,11000.0, 60 months,19.19,E,E3,< 1 year,OWN,25000.0,Verified,credit_card,MI,38.6,0.0,695.0,699.0,2.0,8.8,35.0,Individual,5,High Risk,Manual Review
63468881,30000.0, 60 months,18.55,E,E2,10+ years,MORTGAGE,65500.0,Source Verified,debt_consolidation,AL,35.16,1.0,695.0,699.0,0.0,44.1,47.0,Individual,6,High Risk,Manual Review
63458864,28000.0, 60 months,19.19,E,E3,4 years,OWN,550000.0,Source Verified,debt_consolidation,CA,10.36,1.0,690.0,694.0,4.0,85.8,37.0,Individual,5,High Risk,Manual Review
63219553,6500.0, 36 months,19.19,E,E3,4 years,OWN,13000.0,Verified,debt_consolidation,OH,39.34,0.0,665.0,669.0,0.0,42.7,17.0,Individual,5,High Risk,Manual Review
61503883,10175.0, 60 months,19.99,E,E4,< 1 year,RENT,40000.0,Source Verified,debt_consolidation,TN,34.68,0.0,675.0,679.0,0.0,26.0,24.0,Individual,5,High Risk,Manual Review
63438642,13950.0, 60 months,24.99,F,F4,10+ years,MORTGAGE,65000.0,Verified,debt_consolidation,OH,34.66,0.0,665.0,669.0,2.0,55.2,22.0,Individual,5,High Risk,Manual Review
63186609,24250.0, 60 months,18.55,E,E2,< 1 year,MORTGAGE,48500.0,Source Verified,debt_consolidation,KY,34.93,1.0,665.0,669.0,0.0,57.2,40.0,Individual,6,High Risk,Manual Review
63478939,20525.0, 60 months,20.99,E,E5,5 years,MORTGAGE,49000.0,Source Verified,debt_consolidation,FL,34.26,0.0,665.0,669.0,1.0,68.6,22.0,Individual,5,High Risk,Manual Review
63437018,22075.0, 60 months,18.25,E,E1,10+ years,OWN,60000.0,Not Verified,debt_consolidation,MI,36.16,0.0,700.0,704.0,0.0,64.1,29.0,Individual,5,High Risk,Manual Review
63179228,13675.0, 60 months,21.99,F,F1,3 years,MORTGAGE,60000.0,Source Verified,debt_consolidation,ME,34.09,0.0,670.0,674.0,2.0,70.6,19.0,Individual,5,High Risk,Manual Review
63399742,15000.0, 60 months,22.99,F,F2,10+ years,RENT,50000.0,Verified,debt_consolidation,TX,36.58,0.0,690.0,694.0,0.0,80.6,26.0,Individual,6,High Risk,Manual Review
63518654,13050.0, 60 months,19.19,E,E3,1 year,MORTGAGE,40500.0,Verified,debt_consolidation,GA,33.63,0.0,700.0,704.0,0.0,41.4,38.0,Individual,5,High Risk,Manual Review
63219404,12225.0, 60 months,18.55,E,E2,10+ years,RENT,62000.0,Source Verified,credit_card,MN,36.68,0.0,665.0,669.0,0.0,80.7,15.0,Individual,6,High Risk,Manual Review
63498406,22875.0, 60 months,18.25,E,E1,7 years,MORTGAGE,52000.0,Source Verified,debt_consolidation,TN,33.44,0.0,690.0,694.0,1.0,59.2,19.0,Individual,5,High Risk,Manual Review
63287574,2400.0, 36 months,19.19,E,E3,10+ years,RENT,27000.0,Verified,debt_consolidation,CA,33.69,0.0,660.0,664.0,0.0,56.7,19.0,Individual,5,High Risk,Manual Review
61323643,25300.0, 60 months,18.55,E,E2,1 year,RENT,55000.0,Not Verified,debt_consolidation,NC,36.44,0.0,700.0,704.0,0.0,70.6,20.0,Individual,5,High Risk,Manual Review
63508789,15675.0, 60 months,23.99,F,F3,,RENT,43562.88,Verified,debt_consolidation,IL,36.17,0.0,665.0,669.0,0.0,74.6,31.0,Individual,5,High Risk,Manual Review
63348658,10000.0, 60 months,19.19,E,E3,10+ years,MORTGAGE,57000.0,Source Verified,other,AL,35.52,1.0,710.0,714.0,1.0,81.3,45.0,Individual,7,High Risk,Manual Review
63357603,27000.0, 60 months,21.99,F,F1,10+ years,MORTGAGE,75000.0,Verified,debt_consolidation,MD,33.58,1.0,665.0,669.0,0.0,17.3,41.0,Individual,6,High Risk,Manual Review
63328100,32600.0, 60 months,24.99,F,F4,10+ years,MORTGAGE,74125.0,Not Verified,debt_consolidation,OH,21.11,2.0,670.0,674.0,1.0,83.3,14.0,Individual,5,High Risk,Manual Review
63408571,15000.0, 60 months,18.55,E,E2,9 years,MORTGAGE,50000.0,Verified,debt_consolidation,NY,39.82,0.0,665.0,669.0,0.0,39.9,59.0,Individual,5,High Risk,Manual Review
62377369,17675.0, 60 months,20.99,E,E5,< 1 year,MORTGAGE,45000.0,Verified,credit_card,AZ,31.69,0.0,680.0,684.0,0.0,82.7,20.0,Individual,6,High Risk,Manual Review
63249011,30000.0, 60 months,21.99,F,F1,4 years,RENT,90000.0,Verified,other,CA,35.53,0.0,695.0,699.0,0.0,36.2,18.0,Individual,5,High Risk,Manual Review
63556557,27275.0, 60 months,18.25,E,E1,,MORTGAGE,62000.0,Verified,home_improvement,VA,24.68,1.0,675.0,679.0,0.0,84.7,36.0,Individual,5,High Risk,Manual Review
63248873,9000.0, 36 months,18.25,E,E1,4 years,MORTGAGE,25000.0,Verified,small_business,FL,32.26,1.0,660.0,664.0,0.0,22.6,24.0,Individual,6,High Risk,Manual Review
63448637,25475.0, 60 months,19.99,E,E4,4 years,MORTGAGE,77398.0,Verified,debt_consolidation,NH,28.69,2.0,660.0,664.0,1.0,91.4,25.0,Joint App,5,High Risk,Manual Review
62774227,20150.0, 60 months,19.99,E,E4,4 years,MORTGAGE,56000.0,Source Verified,debt_consolidation,MS,34.2,0.0,685.0,689.0,2.0,54.1,37.0,Individual,5,High Risk,Manual Review
63528388,21150.0, 60 months,18.25,E,E1,,RENT,46000.0,Verified,debt_consolidation,MD,39.34,0.0,730.0,734.0,0.0,90.5,10.0,Individual,6,High Risk,Manual Review
63348649,13275.0, 36 months,19.99,E,E4,< 1 year,RENT,32000.0,Verified,debt_consolidation,WA,30.91,0.0,670.0,674.0,0.0,84.0,25.0,Individual,6,High Risk,Manual Review
63289110,18525.0, 60 months,18.25,E,E1,3 years,RENT,51500.0,Verified,debt_consolidation,CA,32.58,1.0,660.0,664.0,1.0,75.6,17.0,Individual,6,High Risk,Manual Review
63289095,35000.0, 60 months,16.99,D,D3,2 years,RENT,138000.0,Verified,credit_card,OH,32.36,1.0,690.0,694.0,1.0,90.4,37.0,Individual,5,High Risk,Manual Review
63289164,12050.0, 60 months,19.99,E,E4,3 years,RENT,40000.0,Source Verified,debt_consolidation,NH,32.91,0.0,665.0,669.0,0.0,69.0,26.0,Individual,5,High Risk,Manual Review
61483662,13025.0, 60 months,19.19,E,E3,1 year,RENT,40000.0,Source Verified,debt_consolidation,FL,30.54,0.0,660.0,664.0,0.0,95.7,6.0,Individual,6,High Risk,Manual Review
63418487,35000.0, 60 months,18.25,E,E1,10+ years,MORTGAGE,55000.0,Verified,credit_card,NC,33.49,0.0,720.0,724.0,0.0,67.9,13.0,Joint App,5,High Risk,Manual Review
63289113,10000.0, 36 months,20.99,E,E5,< 1 year,MORTGAGE,21000.0,Not Verified,debt_consolidation,AZ,41.49,0.0,710.0,714.0,0.0,39.9,11.0,Joint App,5,High Risk,Manual Review
61542939,34300.0, 60 months,20.99,E,E5,10+ years,RENT,78000.0,Source Verified,debt_consolidation,OK,33.38,0.0,675.0,679.0,0.0,43.4,35.0,Individual,5,High Risk,Manual Review
600594,8000.0, 36 months,18.25,E,E1,4 years,MORTGAGE,64800.0,Verified,debt_consolidation,RI,19.57,3.0,675.0,679.0,1.0,90.7,20.0,Individual,5,High Risk,Manual Review
62117465,28000.0, 60 months,18.25,E,E1,10+ years,MORTGAGE,90000.0,Not Verified,debt_consolidation,MS,22.21,1.0,690.0,694.0,0.0,85.0,30.0,Individual,5,High Risk,Manual Review
63358862,2400.0, 36 months,19.19,E,E3,,MORTGAGE,39000.0,Not Verified,other,SC,38.18,0.0,685.0,689.0,2.0,64.1,33.0,Individual,5,High Risk,Manual Review
63528339,35000.0, 60 months,20.99,E,E5,10+ years,MORTGAGE,40000.0,Verified,debt_consolidation,AL,64.99,2.0,665.0,669.0,0.0,70.1,40.0,Joint App,6,High Risk,Manual Review
63408356,12250.0, 36 months,19.19,E,E3,5 years,MORTGAGE,35000.0,Verified,home_improvement,TX,36.18,0.0,665.0,669.0,0.0,83.0,5.0,Individual,6,High Risk,Manual Review
62834658,9000.0, 36 months,21.99,F,F1,5 years,RENT,30000.0,Verified,other,CA,35.15,0.0,705.0,709.0,1.0,38.7,21.0,Individual,5,High Risk,Manual Review
63418257,15600.0, 60 months,19.19,E,E3,8 years,RENT,43393.0,Verified,debt_consolidation,HI,36.7,3.0,665.0,669.0,1.0,88.4,27.0,Individual,7,High Risk,Manual Review
63518255,10000.0, 36 months,19.19,E,E3,4 years,RENT,65000.0,Verified,debt_consolidation,CA,35.14,0.0,670.0,674.0,0.0,94.4,18.0,Individual,6,High Risk,Manual Review
63468228,14750.0, 60 months,18.55,E,E2,5 years,RENT,41000.0,Verified,debt_consolidation,PA,34.54,0.0,675.0,679.0,0.0,67.7,12.0,Individual,5,High Risk,Manual Review
63054639,12600.0, 60 months,18.25,E,E1,3 years,RENT,34000.0,Verified,debt_consolidation,TN,31.52,0.0,675.0,679.0,0.0,58.0,15.0,Individual,5,High Risk,Manual Review
63436137,9875.0, 36 months,18.25,E,E1,4 years,MORTGAGE,42000.0,Verified,debt_consolidation,IN,13.54,1.0,660.0,664.0,0.0,86.6,17.0,Individual,5,High Risk,Manual Review
63468138,16375.0, 60 months,18.55,E,E2,5 years,MORTGAGE,47000.0,Verified,debt_consolidation,MI,35.41,0.0,705.0,709.0,0.0,53.4,32.0,Individual,5,High Risk,Manual Review
63457752,35000.0, 60 months,19.99,E,E4,10+ years,MORTGAGE,121000.0,Verified,debt_consolidation,NJ,12.79,1.0,660.0,664.0,1.0,99.4,20.0,Individual,5,High Risk,Manual Review
63488054,25175.0, 60 months,19.19,E,E3,3 years,MORTGAGE,86000.0,Source Verified,debt_consolidation,MD,35.38,0.0,725.0,729.0,0.0,62.8,28.0,Individual,5,High Risk,Manual Review
63416818,24200.0, 60 months,22.99,F,F2,8 years,MORTGAGE,55000.0,Source Verified,debt_consolidation,TN,33.23,0.0,680.0,684.0,0.0,53.4,22.0,Individual,5,High Risk,Manual Review
63408151,4250.0, 36 months,17.86,D,D5,10+ years,MORTGAGE,34200.0,Verified,debt_consolidation,IN,38.11,2.0,675.0,679.0,0.0,86.1,11.0,Individual,5,High Risk,Manual Review
63488092,24000.0, 60 months,18.25,E,E1,10+ years,MORTGAGE,48000.0,Source Verified,debt_consolidation,TX,35.98,0.0,710.0,714.0,0.0,75.2,25.0,Individual,5,High Risk,Manual Review
63438309,26000.0, 60 months,19.19,E,E3,9 years,MORTGAGE,52000.0,Source Verified,debt_consolidation,WA,30.56,0.0,670.0,674.0,0.0,55.9,23.0,Individual,5,High Risk,Manual Review
63508245,35000.0, 60 months,19.99,E,E4,2 years,MORTGAGE,85500.0,Verified,other,IL,36.34,1.0,665.0,669.0,2.0,88.3,79.0,Individual,7,High Risk,Manual Review
63448057,35000.0, 60 months,19.99,E,E4,5 years,MORTGAGE,165000.0,Source Verified,debt_consolidation,NJ,12.5,4.0,660.0,664.0,1.0,84.0,37.0,Individual,5,High Risk,Manual Review
61363243,23675.0, 60 months,20.99,E,E5,10+ years,RENT,56400.0,Verified,debt_consolidation,IN,31.3,0.0,675.0,679.0,0.0,92.7,8.0,Individual,6,High Risk,Manual Review
63407063,24700.0, 60 months,20.99,E,E5,10+ years,RENT,65000.0,Verified,debt_consolidation,KY,21.88,1.0,660.0,664.0,0.0,90.1,21.0,Individual,5,High Risk,Manual Review
63398924,12600.0, 60 months,21.99,F,F1,6 years,RENT,33000.0,Verified,debt_consolidation,KS,34.58,0.0,665.0,669.0,1.0,75.8,21.0,Individual,5,High Risk,Manual Review
62177204,23925.0, 60 months,19.99,E,E4,5 years,MORTGAGE,63000.0,Verified,debt_consolidation,MS,39.5,4.0,660.0,664.0,2.0,67.8,23.0,Individual,6,High Risk,Manual Review
63517955,12275.0, 60 months,28.99,G,G5,5 years,RENT,40000.0,Verified,other,AL,32.25,0.0,675.0,679.0,0.0,64.0,6.0,Individual,5,High Risk,Manual Review
62714199,11050.0, 60 months,18.55,E,E2,9 years,OWN,32500.0,Source Verified,debt_consolidation,CA,33.16,1.0,670.0,674.0,1.0,69.1,31.0,Individual,6,High Risk,Manual Review
63284660,11500.0, 60 months,18.55,E,E2,10+ years,OWN,25000.0,Source Verified,debt_consolidation,IN,37.93,0.0,705.0,709.0,2.0,59.6,15.0,Individual,5,High Risk,Manual Review
63467855,27500.0, 60 months,18.55,E,E2,2 years,OWN,55000.0,Source Verified,credit_card,OH,31.29,0.0,675.0,679.0,1.0,81.5,24.0,Individual,6,High Risk,Manual Review
63467699,10000.0, 36 months,18.55,E,E2,10+ years,MORTGAGE,36000.0,Source Verified,debt_consolidation,CA,41.93,0.0,660.0,664.0,0.0,97.4,40.0,Joint App,6,High Risk,Manual Review
63358391,7450.0, 36 months,18.55,E,E2,10+ years,RENT,24900.0,Verified,debt_consolidation,NC,36.43,0.0,675.0,679.0,1.0,17.8,23.0,Individual,5,High Risk,Manual Review
63447862,25625.0, 60 months,20.99,E,E5,8 years,MORTGAGE,38500.0,Not Verified,debt_consolidation,FL,74.48,2.0,695.0,699.0,0.0,72.4,36.0,Joint App,6,High Risk,Manual Review
63437992,35000.0, 60 months,18.25,E,E1,8 years,MORTGAGE,75000.0,Verified,other,NY,36.91,0.0,725.0,729.0,1.0,31.6,58.0,Joint App,5,High Risk,Manual Review
63387922,20000.0, 60 months,19.19,E,E3,,MORTGAGE,59000.0,Verified,debt_consolidation,OK,37.1,0.0,690.0,694.0,1.0,31.3,29.0,Individual,5,High Risk,Manual Review
63527718,7750.0, 36 months,22.99,F,F2,5 years,RENT,27000.0,Verified,debt_consolidation,IL,30.99,1.0,675.0,679.0,3.0,72.4,26.0,Individual,6,High Risk,Manual Review
63288385,35000.0, 60 months,19.99,E,E4,10+ years,MORTGAGE,45000.0,Verified,credit_card,NY,36.11,0.0,685.0,689.0,1.0,88.1,23.0,Joint App,6,High Risk,Manual Review
63457798,20000.0, 60 months,18.25,E,E1,10+ years,RENT,74000.0,Source Verified,debt_consolidation,GA,30.3,0.0,665.0,669.0,0.0,38.2,45.0,Individual,5,High Risk,Manual Review
61452921,13675.0, 60 months,19.19,E,E3,1 year,OWN,36000.0,Source Verified,credit_card,VT,32.73,0.0,660.0,664.0,2.0,77.4,9.0,Individual,5,High Risk,Manual Review
63427710,17125.0, 60 months,18.25,E,E1,5 years,RENT,52000.0,Source Verified,debt_consolidation,FL,36.14,0.0,660.0,664.0,0.0,46.8,23.0,Individual,5,High Risk,Manual Review
63248154,35000.0, 60 months,18.55,E,E2,5 years,MORTGAGE,81000.0,Verified,debt_consolidation,NC,30.01,0.0,680.0,684.0,0.0,70.0,36.0,Individual,5,High Risk,Manual Review
63337987,35000.0, 60 months,18.25,E,E1,9 years,RENT,80000.0,Source Verified,debt_consolidation,CA,38.6,0.0,675.0,679.0,0.0,60.9,37.0,Individual,5,High Risk,Manual Review
63407600,7400.0, 36 months,22.99,F,F2,,MORTGAGE,27360.0,Verified,debt_consolidation,TX,34.52,0.0,710.0,714.0,0.0,21.2,28.0,Individual,5,High Risk,Manual Review
63388015,35000.0, 60 months,22.99,F,F2,10+ years,MORTGAGE,90000.0,Source Verified,debt_consolidation,OK,30.69,0.0,685.0,689.0,0.0,56.0,35.0,Individual,5,High Risk,Manual Review
63467639,10875.0, 60 months,20.99,E,E5,< 1 year,RENT,34000.0,Verified,credit_card,PA,35.02,0.0,680.0,684.0,2.0,72.9,19.0,Individual,5,High Risk,Manual Review
62924425,31850.0, 60 months,18.55,E,E2,9 years,MORTGAGE,66392.93,Source Verified,debt_consolidation,TX,38.52,0.0,710.0,714.0,0.0,38.7,41.0,Individual,5,High Risk,Manual Review
63487393,12525.0, 60 months,19.99,E,E4,10+ years,RENT,53000.0,Verified,debt_consolidation,NC,38.56,0.0,675.0,679.0,0.0,10.6,24.0,Individual,5,High Risk,Manual Review
62377347,14550.0, 60 months,18.25,E,E1,7 years,OWN,36400.0,Verified,debt_consolidation,AZ,35.28,0.0,680.0,684.0,0.0,65.6,24.0,Individual,5,High Risk,Manual Review
63247888,6300.0, 36 months,19.19,E,E3,3 years,MORTGAGE,34000.0,Source Verified,debt_consolidation,IN,34.59,1.0,660.0,664.0,2.0,52.5,20.0,Individual,6,High Risk,Manual Review
63455933,5900.0, 36 months,21.99,F,F1,,OWN,20000.0,Verified,debt_consolidation,MI,36.13,0.0,665.0,669.0,1.0,62.0,7.0,Individual,5,High Risk,Manual Review
63507709,2900.0, 36 months,18.55,E,E2,10+ years,MORTGAGE,57000.0,Verified,debt_consolidation,SC,33.52,4.0,665.0,669.0,1.0,52.3,36.0,Individual,6,High Risk,Manual Review
63337882,25575.0, 60 months,19.19,E,E3,10+ years,MORTGAGE,68000.0,Source Verified,debt_consolidation,MD,31.1,0.0,670.0,674.0,0.0,82.1,44.0,Individual,6,High Risk,Manual Review
63216633,30000.0, 60 months,18.55,E,E2,< 1 year,MORTGAGE,75000.0,Verified,debt_consolidation,VA,36.1,0.0,690.0,694.0,0.0,47.5,40.0,Individual,5,High Risk,Manual Review
63247705,26025.0, 60 months,18.55,E,E2,8 years,RENT,72000.0,Source Verified,other,UT,38.38,0.0,685.0,689.0,0.0,64.5,28.0,Individual,5,High Risk,Manual Review
63337667,24500.0, 60 months,18.25,E,E1,10+ years,MORTGAGE,120000.0,Verified,renewable_energy,FL,38.5,1.0,665.0,669.0,0.0,70.5,46.0,Individual,6,High Risk,Manual Review
62884552,3100.0, 36 months,26.77,G,G1,10+ years,OWN,37000.0,Source Verified,debt_consolidation,UT,33.05,0.0,710.0,714.0,1.0,36.3,18.0,Individual,5,High Risk,Manual Review
63357923,13600.0, 60 months,19.19,E,E3,10+ years,RENT,40040.0,Verified,debt_consolidation,CA,32.76,0.0,705.0,709.0,0.0,56.8,21.0,Individual,5,High Risk,Manual Review
63245224,17025.0, 60 months,19.19,E,E3,3 years,MORTGAGE,80000.0,Source Verified,house,CT,30.85,1.0,665.0,669.0,1.0,92.1,43.0,Individual,7,High Risk,Manual Review
63446863,15000.0, 60 months,21.99,F,F1,4 years,RENT,52000.0,Verified,small_business,CA,37.75,0.0,670.0,674.0,0.0,74.7,21.0,Individual,5,High Risk,Manual Review
62367294,16325.0, 60 months,18.55,E,E2,8 years,MORTGAGE,65000.0,Source Verified,debt_consolidation,IL,33.71,0.0,705.0,709.0,0.0,47.3,21.0,Individual,5,High Risk,Manual Review
63517037,10650.0, 60 months,19.19,E,E3,6 years,RENT,47000.0,Source Verified,debt_consolidation,FL,36.21,1.0,660.0,664.0,1.0,55.3,20.0,Individual,6,High Risk,Manual Review
63187362,11400.0, 60 months,18.55,E,E2,7 years,OWN,45000.0,Source Verified,debt_consolidation,CA,34.46,0.0,660.0,664.0,1.0,68.7,18.0,Individual,5,High Risk,Manual Review
63346358,22350.0, 60 months,19.19,E,E3,10+ years,MORTGAGE,66000.0,Not Verified,debt_consolidation,IN,37.89,0.0,685.0,689.0,0.0,61.3,39.0,Individual,5,High Risk,Manual Review
63525021,23300.0, 60 months,20.99,E,E5,< 1 year,MORTGAGE,57000.0,Source Verified,credit_card,FL,31.18,0.0,660.0,664.0,1.0,77.2,45.0,Individual,5,High Risk,Manual Review
63287688,13375.0, 60 months,18.25,E,E1,5 years,RENT,40000.0,Verified,debt_consolidation,TX,34.56,0.0,695.0,699.0,1.0,25.7,24.0,Individual,5,High Risk,Manual Review
63287670,11000.0, 60 months,19.19,E,E3,,RENT,30000.0,Verified,debt_consolidation,MI,37.24,0.0,670.0,674.0,0.0,64.3,12.0,Individual,5,High Risk,Manual Review
63457168,13725.0, 60 months,18.25,E,E1,5 years,RENT,45000.0,Verified,debt_consolidation,CA,32.32,1.0,660.0,664.0,0.0,52.3,28.0,Individual,6,High Risk,Manual Review
61370336,35000.0, 60 months,18.25,E,E1,,MORTGAGE,92000.0,Verified,debt_consolidation,CO,34.55,0.0,670.0,674.0,0.0,63.4,28.0,Individual,5,High Risk,Manual Review
63177400,18900.0, 60 months,20.99,E,E5,2 years,RENT,45000.0,Verified,credit_card,NV,37.68,0.0,675.0,679.0,0.0,58.8,29.0,Individual,5,High Risk,Manual Review
63517017,32275.0, 60 months,19.19,E,E3,3 years,MORTGAGE,70200.0,Verified,debt_consolidation,LA,32.14,0.0,690.0,694.0,1.0,20.0,19.0,Individual,5,High Risk,Manual Review
63486957,35000.0, 60 months,18.25,E,E1,< 1 year,MORTGAGE,77000.0,Source Verified,credit_card,MD,38.53,0.0,670.0,674.0,1.0,75.2,50.0,Individual,5,High Risk,Manual Review
63426929,18275.0, 60 months,18.25,E,E1,5 years,OWN,60000.0,Source Verified,debt_consolidation,FL,37.79,0.0,675.0,679.0,0.0,54.2,26.0,Individual,5,High Risk,Manual Review
63347071,7575.0, 36 months,16.99,D,D3,8 years,OWN,36000.0,Source Verified,debt_consolidation,NM,36.73,1.0,680.0,684.0,1.0,96.7,21.0,Individual,5,High Risk,Manual Review
63387219,10800.0, 36 months,18.55,E,E2,3 years,RENT,30000.0,Verified,debt_consolidation,IL,39.92,1.0,680.0,684.0,2.0,65.3,23.0,Individual,6,High Risk,Manual Review
63466830,19875.0, 60 months,19.99,E,E4,3 years,RENT,40000.0,Verified,debt_consolidation,FL,34.64,0.0,665.0,669.0,0.0,83.4,24.0,Individual,6,High Risk,Manual Review
62399330,14000.0, 60 months,18.55,E,E2,3 years,MORTGAGE,63000.0,Verified,debt_consolidation,NE,22.17,1.0,670.0,674.0,1.0,98.2,14.0,Individual,5,High Risk,Manual Review
63287372,23925.0, 60 months,18.55,E,E2,10+ years,MORTGAGE,47881.16,Source Verified,debt_consolidation,SC,35.36,0.0,670.0,674.0,1.0,61.9,38.0,Individual,5,High Risk,Manual Review
63357484,13450.0, 60 months,19.19,E,E3,9 years,MORTGAGE,65000.0,Source Verified,home_improvement,CA,38.0,1.0,665.0,669.0,1.0,87.1,35.0,Individual,7,High Risk,Manual Review
63477133,19425.0, 60 months,27.31,G,G2,3 years,MORTGAGE,54000.0,Verified,debt_consolidation,MN,33.02,0.0,710.0,714.0,2.0,50.8,40.0,Individual,5,High Risk,Manual Review
63347338,27775.0, 60 months,22.99,F,F2,4 years,RENT,90000.0,Verified,debt_consolidation,PA,30.72,0.0,680.0,684.0,2.0,86.2,56.0,Individual,6,High Risk,Manual Review
63466115,22350.0, 60 months,24.99,F,F4,10+ years,MORTGAGE,69900.0,Verified,debt_consolidation,AL,17.92,1.0,665.0,669.0,0.0,99.7,12.0,Individual,5,High Risk,Manual Review
63486965,11425.0, 60 months,18.25,E,E1,10+ years,MORTGAGE,82000.0,Source Verified,debt_consolidation,CA,28.94,1.0,670.0,674.0,1.0,90.5,26.0,Individual,5,High Risk,Manual Review
63535800,18000.0, 60 months,18.25,E,E1,2 years,RENT,60000.0,Verified,credit_card,IL,38.24,0.0,690.0,694.0,0.0,93.0,25.0,Individual,6,High Risk,Manual Review
63516930,20000.0, 60 months,18.25,E,E1,< 1 year,MORTGAGE,60000.0,Verified,debt_consolidation,OK,34.52,0.0,695.0,699.0,1.0,68.0,50.0,Individual,5,High Risk,Manual Review
63397840,10500.0, 60 months,18.55,E,E2,3 years,RENT,29000.0,Verified,debt_consolidation,FL,30.26,0.0,660.0,664.0,0.0,68.6,14.0,Individual,5,High Risk,Manual Review
63456826,13800.0, 60 months,18.55,E,E2,,OWN,27600.0,Verified,credit_card,FL,33.57,0.0,680.0,684.0,0.0,56.1,21.0,Individual,5,High Risk,Manual Review
63526557,9725.0, 36 months,19.19,E,E3,,RENT,27063.0,Verified,debt_consolidation,CT,30.24,0.0,690.0,694.0,0.0,87.4,16.0,Individual,6,High Risk,Manual Review
62147802,19075.0, 60 months,18.55,E,E2,9 years,RENT,53000.0,Source Verified,debt_consolidation,HI,31.18,0.0,675.0,679.0,3.0,53.7,31.0,Individual,5,High Risk,Manual Review
62519750,11000.0, 60 months,19.99,E,E4,7 years,MORTGAGE,49000.0,Verified,debt_consolidation,OR,31.06,0.0,695.0,699.0,1.0,41.5,19.0,Individual,5,High Risk,Manual Review
63217088,21125.0, 60 months,22.99,F,F2,3 years,OWN,60000.0,Verified,home_improvement,LA,30.88,0.0,670.0,674.0,1.0,56.1,26.0,Individual,5,High Risk,Manual Review
63397745,15000.0, 60 months,18.55,E,E2,4 years,MORTGAGE,85000.0,Source Verified,debt_consolidation,WI,30.28,0.0,670.0,674.0,4.0,84.0,31.0,Individual,6,High Risk,Manual Review
63526589,24850.0, 60 months,19.19,E,E3,,RENT,59200.0,Verified,debt_consolidation,AK,35.03,0.0,700.0,704.0,0.0,83.3,22.0,Individual,6,High Risk,Manual Review
63186874,13700.0, 60 months,18.55,E,E2,1 year,RENT,27400.0,Source Verified,debt_consolidation,TN,38.5,0.0,700.0,704.0,3.0,23.0,33.0,Individual,5,High Risk,Manual Review
63496707,8775.0, 36 months,17.86,D,D5,10+ years,RENT,96000.0,Verified,debt_consolidation,CA,39.24,2.0,665.0,669.0,1.0,85.0,39.0,Individual,5,High Risk,Manual Review
63387043,13775.0, 60 months,19.99,E,E4,3 years,RENT,141864.0,Source Verified,debt_consolidation,OH,9.33,2.0,670.0,674.0,3.0,86.4,9.0,Individual,5,High Risk,Manual Review
61553050,25200.0, 60 months,18.25,E,E1,5 years,MORTGAGE,112000.0,Verified,house,AL,35.94,0.0,710.0,714.0,1.0,83.9,50.0,Individual,6,High Risk,Manual Review
63406642,6000.0, 36 months,19.19,E,E3,,RENT,20976.0,Verified,debt_consolidation,FL,31.17,0.0,670.0,674.0,1.0,45.2,10.0,Individual,5,High Risk,Manual Review
63054393,13500.0, 60 months,19.19,E,E3,10+ years,MORTGAGE,37516.0,Source Verified,debt_consolidation,ND,31.57,0.0,670.0,674.0,0.0,61.5,15.0,Individual,5,High Risk,Manual Review
63526598,19225.0, 60 months,26.77,G,G1,10+ years,MORTGAGE,43976.0,Not Verified,debt_consolidation,TX,46.92,0.0,675.0,679.0,0.0,53.1,34.0,Joint App,5,High Risk,Manual Review
63416658,35000.0, 60 months,17.86,D,D5,10+ years,RENT,95000.0,Verified,debt_consolidation,SD,32.55,2.0,685.0,689.0,0.0,81.4,36.0,Individual,5,High Risk,Manual Review
62167012,18000.0, 60 months,19.99,E,E4,10+ years,MORTGAGE,50000.0,Verified,debt_consolidation,CA,33.25,0.0,680.0,684.0,0.0,90.8,32.0,Individual,6,High Risk,Manual Review
63516505,31675.0, 60 months,19.99,E,E4,3 years,RENT,72000.0,Source Verified,debt_consolidation,TX,30.15,0.0,740.0,744.0,0.0,61.3,20.0,Individual,5,High Risk,Manual Review
63286906,21100.0, 60 months,19.19,E,E3,10+ years,MORTGAGE,48000.0,Verified,credit_card,PA,39.4,0.0,675.0,679.0,0.0,75.9,30.0,Individual,5,High Risk,Manual Review
63186849,21000.0, 60 months,18.25,E,E1,5 years,MORTGAGE,42000.0,Source Verified,debt_consolidation,NC,36.31,0.0,715.0,719.0,1.0,69.7,77.0,Individual,5,High Risk,Manual Review
63336874,25000.0, 60 months,18.25,E,E1,10+ years,MORTGAGE,105000.0,Not Verified,debt_consolidation,TX,29.13,2.0,670.0,674.0,1.0,86.1,24.0,Individual,5,High Risk,Manual Review
62327782,6000.0, 36 months,15.61,D,D1,8 years,RENT,25000.0,Verified,debt_consolidation,TX,39.13,1.0,670.0,674.0,0.0,82.3,20.0,Individual,5,High Risk,Manual Review
63246595,29400.0, 60 months,18.55,E,E2,2 years,MORTGAGE,63800.0,Verified,debt_consolidation,CA,30.99,0.0,695.0,699.0,0.0,81.9,40.0,Individual,6,High Risk,Manual Review
63506509,35000.0, 60 months,18.25,E,E1,10+ years,MORTGAGE,110000.0,Source Verified,debt_consolidation,NC,16.26,1.0,670.0,674.0,0.0,82.8,39.0,Individual,5,High Risk,Manual Review
61772353,16000.0, 60 months,19.99,E,E4,7 years,MORTGAGE,50000.0,Source Verified,credit_card,GA,30.24,0.0,670.0,674.0,3.0,92.8,14.0,Individual,6,High Risk,Manual Review
63516300,7725.0, 36 months,19.19,E,E3,< 1 year,RENT,15456.0,Verified,debt_consolidation,FL,37.19,0.0,665.0,669.0,2.0,92.3,5.0,Individual,6,High Risk,Manual Review
63175050,11700.0, 36 months,18.55,E,E2,10+ years,RENT,39000.0,Verified,debt_consolidation,CA,38.8,0.0,670.0,674.0,1.0,55.2,34.0,Individual,5,High Risk,Manual Review
63346740,24925.0, 60 months,18.25,E,E1,10+ years,MORTGAGE,60000.0,Source Verified,debt_consolidation,CA,34.18,0.0,725.0,729.0,0.0,95.1,16.0,Individual,6,High Risk,Manual Review
63526240,30000.0, 60 months,19.99,E,E4,5 years,MORTGAGE,145000.0,Verified,debt_consolidation,TN,32.97,0.0,680.0,684.0,2.0,67.7,57.0,Individual,5,High Risk,Manual Review
63406404,8000.0, 36 months,22.99,F,F2,,OWN,41888.0,Verified,debt_consolidation,LA,32.81,0.0,665.0,669.0,2.0,58.9,19.0,Individual,5,High Risk,Manual Review
63506492,14000.0, 60 months,24.99,F,F4,< 1 year,RENT,28000.0,Source Verified,debt_consolidation,CO,22.24,1.0,660.0,664.0,2.0,86.3,23.0,Individual,5,High Risk,Manual Review
63216641,15250.0, 60 months,19.99,E,E4,6 years,MORTGAGE,40000.0,Verified,debt_consolidation,OH,39.0,0.0,720.0,724.0,0.0,37.1,29.0,Individual,5,High Risk,Manual Review
63425994,13300.0, 60 months,19.19,E,E3,7 years,RENT,37000.0,Verified,debt_consolidation,MD,37.24,0.0,665.0,669.0,0.0,0.0,18.0,Individual,5,High Risk,Manual Review
63515226,32000.0, 60 months,18.55,E,E2,5 years,MORTGAGE,114000.0,Verified,debt_consolidation,NV,32.14,1.0,670.0,674.0,1.0,57.0,28.0,Individual,6,High Risk,Manual Review
63396943,14075.0, 60 months,20.99,E,E5,< 1 year,RENT,32000.0,Source Verified,debt_consolidation,TX,31.47,0.0,695.0,699.0,0.0,55.0,12.0,Individual,5,High Risk,Manual Review
63245831,10150.0, 60 months,25.78,F,F5,3 years,RENT,23500.0,Source Verified,debt_consolidation,WV,24.41,1.0,670.0,674.0,0.0,86.7,20.0,Individual,5,High Risk,Manual Review
63486182,18000.0, 60 months,21.99,F,F1,7 years,MORTGAGE,45000.0,Not Verified,debt_consolidation,CA,33.92,0.0,705.0,709.0,0.0,59.3,18.0,Individual,5,High Risk,Manual Review
63436320,16050.0, 60 months,18.55,E,E2,10+ years,MORTGAGE,32100.0,Verified,debt_consolidation,OK,36.6,0.0,690.0,694.0,2.0,84.4,28.0,Individual,6,High Risk,Manual Review
63465978,21600.0, 60 months,18.25,E,E1,8 years,OWN,66000.0,Source Verified,debt_consolidation,FL,36.63,0.0,695.0,699.0,0.0,61.8,20.0,Individual,5,High Risk,Manual Review
63455920,24500.0, 60 months,18.55,E,E2,5 years,MORTGAGE,49000.0,Source Verified,debt_consolidation,MD,33.09,0.0,680.0,684.0,1.0,9.9,32.0,Individual,5,High Risk,Manual Review
63465927,17100.0, 60 months,19.99,E,E4,10+ years,MORTGAGE,75000.0,Verified,debt_consolidation,IL,31.23,0.0,710.0,714.0,1.0,77.6,62.0,Individual,5,High Risk,Manual Review
63525882,24000.0, 60 months,19.19,E,E3,10+ years,RENT,78000.0,Verified,debt_consolidation,AL,37.74,1.0,660.0,664.0,0.0,33.2,31.0,Individual,6,High Risk,Manual Review
63465787,18800.0, 60 months,19.99,E,E4,3 years,RENT,52227.0,Verified,debt_consolidation,TX,35.85,3.0,680.0,684.0,1.0,29.1,31.0,Individual,6,High Risk,Manual Review
62924684,15000.0, 60 months,17.86,D,D5,1 year,MORTGAGE,78000.0,Verified,debt_consolidation,TX,32.5,1.0,660.0,664.0,0.0,85.8,47.0,Individual,5,High Risk,Manual Review
63386357,23500.0, 60 months,18.55,E,E2,3 years,MORTGAGE,56000.0,Source Verified,credit_card,MS,38.0,0.0,695.0,699.0,0.0,94.9,39.0,Individual,6,High Risk,Manual Review
63336235,10025.0, 60 months,18.55,E,E2,10+ years,MORTGAGE,50000.0,Source Verified,credit_card,KY,34.66,0.0,715.0,719.0,2.0,70.0,17.0,Individual,5,High Risk,Manual Review
62115852,21075.0, 60 months,19.19,E,E3,10+ years,MORTGAGE,66000.0,Verified,debt_consolidation,GA,36.8,0.0,665.0,669.0,0.0,84.6,28.0,Individual,6,High Risk,Manual Review
63326531,28000.0, 60 months,18.25,E,E1,7 years,RENT,70000.0,Verified,debt_consolidation,WV,30.49,0.0,695.0,699.0,1.0,29.9,37.0,Individual,5,High Risk,Manual Review
63495739,17775.0, 60 months,20.99,E,E5,10+ years,MORTGAGE,55000.0,Verified,home_improvement,NY,34.67,0.0,750.0,754.0,1.0,0.0,34.0,Individual,5,High Risk,Manual Review
63505948,24000.0, 60 months,18.25,E,E1,6 years,MORTGAGE,63000.0,Source Verified,debt_consolidation,PA,32.04,0.0,665.0,669.0,0.0,76.4,57.0,Individual,5,High Risk,Manual Review
63506031,30500.0, 60 months,22.99,F,F2,10+ years,MORTGAGE,61000.0,Source Verified,debt_consolidation,IL,34.57,0.0,695.0,699.0,2.0,60.9,33.0,Individual,5,High Risk,Manual Review
62855002,35000.0, 60 months,19.19,E,E3,8 years,MORTGAGE,100000.0,Source Verified,debt_consolidation,IN,30.66,0.0,660.0,664.0,0.0,74.9,39.0,Individual,5,High Risk,Manual Review
63386025,25000.0, 60 months,22.99,F,F2,2 years,OWN,72000.0,Verified,moving,AK,33.42,0.0,735.0,739.0,3.0,43.2,29.0,Individual,5,High Risk,Manual Review
62854733,16000.0, 36 months,15.61,D,D1,5 years,RENT,64000.0,Not Verified,credit_card,CA,33.48,3.0,675.0,679.0,1.0,93.3,28.0,Individual,5,High Risk,Manual Review
63435849,21600.0, 36 months,17.86,D,D5,10+ years,MORTGAGE,48000.0,Verified,credit_card,IN,32.1,1.0,660.0,664.0,2.0,87.0,26.0,Individual,5,High Risk,Manual Review
63215481,12000.0, 60 months,19.99,E,E4,10+ years,RENT,54000.0,Verified,debt_consolidation,FL,33.13,0.0,670.0,674.0,3.0,39.1,46.0,Individual,5,High Risk,Manual Review
62844587,14075.0, 60 months,19.19,E,E3,,OWN,32000.0,Verified,debt_consolidation,MI,31.55,0.0,705.0,709.0,1.0,55.8,18.0,Individual,5,High Risk,Manual Review
61460712,28350.0, 36 months,18.55,E,E2,4 years,RENT,63000.0,Verified,debt_consolidation,MI,34.78,0.0,675.0,679.0,3.0,66.0,22.0,Individual,5,High Risk,Manual Review
63286048,14700.0, 60 months,19.19,E,E3,4 years,RENT,32000.0,Verified,credit_card,TX,39.72,0.0,680.0,684.0,0.0,66.1,14.0,Individual,5,High Risk,Manual Review
63395470,13900.0, 60 months,19.99,E,E4,< 1 year,MORTGAGE,45000.0,Source Verified,debt_consolidation,OH,32.21,0.0,670.0,674.0,0.0,48.0,22.0,Individual,5,High Risk,Manual Review
63285908,8150.0, 36 months,18.25,E,E1,2 years,RENT,60000.0,Source Verified,other,CA,14.08,2.0,705.0,709.0,0.0,82.6,51.0,Individual,5,High Risk,Manual Review
63525590,28150.0, 60 months,19.19,E,E3,6 years,MORTGAGE,64000.0,Verified,debt_consolidation,LA,32.76,1.0,685.0,689.0,1.0,42.3,52.0,Individual,6,High Risk,Manual Review
63335863,16425.0, 36 months,15.61,D,D1,10+ years,MORTGAGE,45000.0,Verified,debt_consolidation,NC,39.71,1.0,690.0,694.0,0.0,84.5,31.0,Individual,5,High Risk,Manual Review
62549630,30000.0, 60 months,18.55,E,E2,10+ years,MORTGAGE,88000.0,Verified,debt_consolidation,ME,35.14,0.0,695.0,699.0,2.0,95.0,27.0,Individual,6,High Risk,Manual Review
63396403,19800.0, 60 months,19.99,E,E4,10+ years,OWN,55000.0,Source Verified,debt_consolidation,NY,35.57,0.0,695.0,699.0,0.0,84.2,25.0,Individual,6,High Risk,Manual Review
63414818,28600.0, 60 months,24.99,F,F4,10+ years,RENT,65000.0,Source Verified,debt_consolidation,NC,37.44,0.0,665.0,669.0,0.0,73.1,27.0,Individual,5,High Risk,Manual Review
63356106,30000.0, 60 months,18.55,E,E2,9 years,MORTGAGE,63300.0,Source Verified,debt_consolidation,NE,37.84,0.0,700.0,704.0,0.0,60.4,40.0,Individual,5,High Risk,Manual Review
63155911,33000.0, 60 months,21.99,F,F1,10+ years,MORTGAGE,85000.0,Verified,debt_consolidation,CA,34.04,1.0,680.0,684.0,1.0,93.7,18.0,Individual,7,High Risk,Manual Review
63525541,17275.0, 60 months,19.19,E,E3,4 years,MORTGAGE,47500.0,Source Verified,credit_card,AZ,37.34,0.0,685.0,689.0,1.0,80.1,16.0,Individual,6,High Risk,Manual Review
63475738,12000.0, 60 months,21.99,F,F1,10+ years,RENT,42000.0,Verified,debt_consolidation,CA,36.69,0.0,660.0,664.0,2.0,72.9,14.0,Individual,5,High Risk,Manual Review
62236046,6475.0, 36 months,21.99,F,F1,3 years,MORTGAGE,30000.0,Source Verified,home_improvement,FL,21.44,2.0,670.0,674.0,0.0,84.0,31.0,Individual,5,High Risk,Manual Review
61632446,29625.0, 60 months,18.55,E,E2,10+ years,MORTGAGE,65000.0,Not Verified,home_improvement,FL,34.36,0.0,770.0,774.0,0.0,7.8,45.0,Individual,5,High Risk,Manual Review
63434689,26400.0, 60 months,20.99,E,E5,9 years,MORTGAGE,60000.0,Not Verified,debt_consolidation,IL,36.88,1.0,670.0,674.0,1.0,45.6,23.0,Individual,6,High Risk,Manual Review
63396184,14000.0, 36 months,18.25,E,E1,10+ years,MORTGAGE,71000.0,Source Verified,debt_consolidation,NC,32.83,1.0,700.0,704.0,0.0,24.5,32.0,Individual,6,High Risk,Manual Review
63425450,10000.0, 60 months,18.25,E,E1,7 years,RENT,50000.0,Source Verified,debt_consolidation,OH,19.32,1.0,670.0,674.0,0.0,86.6,28.0,Individual,5,High Risk,Manual Review
63444685,17500.0, 60 months,18.25,E,E1,5 years,MORTGAGE,58000.0,Not Verified,debt_consolidation,TX,32.84,0.0,700.0,704.0,0.0,70.9,34.0,Individual,5,High Risk,Manual Review
63495344,12000.0, 60 months,16.55,D,D2,10+ years,RENT,40000.0,Not Verified,small_business,CA,30.45,1.0,700.0,704.0,1.0,80.5,16.0,Individual,5,High Risk,Manual Review
63485503,26450.0, 60 months,22.99,F,F2,1 year,MORTGAGE,100000.0,Verified,debt_consolidation,TX,32.57,0.0,685.0,689.0,1.0,56.1,55.0,Individual,5,High Risk,Manual Review
63454202,28000.0, 60 months,18.25,E,E1,3 years,RENT,65000.0,Verified,debt_consolidation,TX,39.2,0.0,660.0,664.0,0.0,93.7,24.0,Individual,6,High Risk,Manual Review
63495360,20000.0, 60 months,17.86,D,D5,10+ years,MORTGAGE,62000.0,Verified,debt_consolidation,OH,32.17,2.0,660.0,664.0,0.0,82.0,26.0,Individual,5,High Risk,Manual Review
63475335,20350.0, 60 months,18.55,E,E2,,MORTGAGE,49000.0,Verified,credit_card,OH,30.89,1.0,665.0,669.0,0.0,99.0,21.0,Individual,7,High Risk,Manual Review
61361428,12500.0, 36 months,18.55,E,E2,1 year,MORTGAGE,25000.0,Source Verified,credit_card,CT,31.93,0.0,660.0,664.0,1.0,55.9,28.0,Individual,5,High Risk,Manual Review
63384786,10925.0, 36 months,18.25,E,E1,< 1 year,OWN,72000.0,Verified,home_improvement,FL,32.68,2.0,665.0,669.0,0.0,63.2,39.0,Individual,6,High Risk,Manual Review
63415330,21225.0, 60 months,18.25,E,E1,9 years,MORTGAGE,54000.0,Source Verified,debt_consolidation,PA,37.4,0.0,680.0,684.0,0.0,86.3,16.0,Individual,6,High Risk,Manual Review
63175615,20800.0, 60 months,19.99,E,E4,9 years,MORTGAGE,52000.0,Verified,debt_consolidation,OH,15.74,1.0,665.0,669.0,0.0,88.6,13.0,Individual,5,High Risk,Manual Review
63245537,10775.0, 60 months,20.99,E,E5,10+ years,RENT,50000.0,Verified,medical,LA,38.91,0.0,665.0,669.0,0.0,99.8,29.0,Individual,6,High Risk,Manual Review
63185351,21300.0, 60 months,19.19,E,E3,3 years,RENT,60000.0,Source Verified,debt_consolidation,CO,30.16,0.0,680.0,684.0,1.0,72.8,20.0,Individual,5,High Risk,Manual Review
63325907,4200.0, 36 months,16.55,D,D2,3 years,RENT,42000.0,Verified,other,CA,30.89,1.0,680.0,684.0,0.0,93.5,20.0,Individual,5,High Risk,Manual Review
63414810,33100.0, 60 months,18.25,E,E1,10+ years,MORTGAGE,130000.0,Verified,debt_consolidation,VA,31.6,2.0,705.0,709.0,1.0,97.2,26.0,Individual,7,High Risk,Manual Review
63326009,9600.0, 36 months,19.19,E,E3,1 year,MORTGAGE,82500.0,Source Verified,debt_consolidation,PA,14.27,1.0,685.0,689.0,4.0,92.2,23.0,Individual,5,High Risk,Manual Review
63405162,29000.0, 60 months,18.25,E,E1,2 years,RENT,95000.0,Verified,house,NY,34.17,2.0,660.0,664.0,0.0,96.9,35.0,Individual,7,High Risk,Manual Review
63155427,15000.0, 60 months,18.25,E,E1,10+ years,OWN,63000.0,Source Verified,debt_consolidation,IL,22.69,1.0,670.0,674.0,0.0,90.7,22.0,Individual,5,High Risk,Manual Review
63215742,18050.0, 36 months,18.25,E,E1,9 years,MORTGAGE,56000.0,Verified,debt_consolidation,NC,37.87,1.0,675.0,679.0,1.0,78.0,14.0,Individual,6,High Risk,Manual Review
63445179,13800.0, 60 months,19.99,E,E4,10+ years,MORTGAGE,34560.0,Verified,debt_consolidation,TX,30.66,0.0,665.0,669.0,0.0,88.7,110.0,Individual,6,High Risk,Manual Review
63415277,10100.0, 60 months,23.99,F,F3,< 1 year,RENT,20248.48,Verified,debt_consolidation,OH,32.37,0.0,700.0,704.0,0.0,73.3,13.0,Individual,5,High Risk,Manual Review
63534747,15700.0, 60 months,19.99,E,E4,2 years,MORTGAGE,50000.0,Source Verified,home_improvement,NC,30.08,1.0,660.0,664.0,0.0,69.5,18.0,Individual,6,High Risk,Manual Review
63175352,6525.0, 36 months,20.99,E,E5,9 years,OWN,34000.0,Verified,credit_card,PA,35.97,0.0,670.0,674.0,2.0,82.7,30.0,Individual,6,High Risk,Manual Review
63405048,35000.0, 60 months,19.19,E,E3,7 years,MORTGAGE,152838.0,Source Verified,debt_consolidation,VA,32.88,0.0,705.0,709.0,3.0,43.0,43.0,Individual,5,High Risk,Manual Review
63424931,18000.0, 60 months,19.19,E,E3,,OWN,36000.0,Verified,debt_consolidation,KY,37.97,0.0,680.0,684.0,0.0,81.2,29.0,Individual,6,High Risk,Manual Review
63475030,24950.0, 36 months,18.55,E,E2,4 years,MORTGAGE,78000.0,Verified,debt_consolidation,WI,23.38,1.0,660.0,664.0,2.0,83.1,13.0,Individual,5,High Risk,Manual Review
63444917,10525.0, 60 months,27.31,G,G2,10+ years,OWN,31000.0,Verified,debt_consolidation,AL,38.6,0.0,670.0,674.0,0.0,24.5,26.0,Individual,5,High Risk,Manual Review
61812542,25025.0, 60 months,22.99,F,F2,5 years,RENT,60000.0,Verified,debt_consolidation,NY,38.28,0.0,700.0,704.0,1.0,41.9,13.0,Individual,5,High Risk,Manual Review
63484974,10800.0, 60 months,17.86,D,D5,1 year,MORTGAGE,51000.0,Source Verified,medical,TX,30.56,1.0,660.0,664.0,0.0,87.1,31.0,Individual,5,High Risk,Manual Review
63445004,32500.0, 60 months,22.99,F,F2,5 years,RENT,80995.0,Verified,debt_consolidation,TX,39.73,0.0,670.0,674.0,0.0,67.7,62.0,Individual,5,High Risk,Manual Review
63285306,11550.0, 60 months,18.55,E,E2,2 years,RENT,38000.0,Not Verified,credit_card,IL,35.12,0.0,705.0,709.0,2.0,96.7,30.0,Individual,6,High Risk,Manual Review
63395687,21600.0, 60 months,19.99,E,E4,1 year,MORTGAGE,54000.0,Source Verified,debt_consolidation,PA,32.93,0.0,665.0,669.0,0.0,65.2,16.0,Individual,5,High Risk,Manual Review
63414721,10800.0, 60 months,19.99,E,E4,2 years,RENT,38200.0,Verified,debt_consolidation,TX,39.18,0.0,695.0,699.0,0.0,27.7,16.0,Individual,5,High Risk,Manual Review
63454794,14400.0, 60 months,18.25,E,E1,10+ years,MORTGAGE,61000.0,Verified,debt_consolidation,AL,37.11,0.0,685.0,689.0,4.0,80.2,38.0,Individual,6,High Risk,Manual Review
62954470,12000.0, 60 months,18.55,E,E2,10+ years,RENT,40000.0,Verified,debt_consolidation,CA,35.67,0.0,700.0,704.0,0.0,53.1,25.0,Individual,5,High Risk,Manual Review
63514824,13250.0, 60 months,19.19,E,E3,< 1 year,RENT,39000.0,Verified,other,AZ,30.71,1.0,660.0,664.0,1.0,68.7,33.0,Individual,6,High Risk,Manual Review
63185029,16750.0, 60 months,20.99,E,E5,9 years,MORTGAGE,62000.0,Verified,debt_consolidation,MO,34.42,0.0,690.0,694.0,0.0,100.0,15.0,Individual,6,High Risk,Manual Review
63484834,20100.0, 60 months,19.19,E,E3,3 years,MORTGAGE,50000.0,Verified,credit_card,MO,21.0,1.0,660.0,664.0,1.0,81.1,31.0,Individual,5,High Risk,Manual Review
63245182,4400.0, 36 months,20.99,E,E5,,RENT,10500.0,Verified,debt_consolidation,CA,37.94,0.0,660.0,664.0,1.0,21.5,14.0,Individual,5,High Risk,Manual Review
63215228,14000.0, 60 months,18.25,E,E1,1 year,MORTGAGE,54000.0,Source Verified,debt_consolidation,SC,23.69,4.0,665.0,669.0,0.0,98.5,13.0,Individual,5,High Risk,Manual Review
62489273,11200.0, 60 months,16.55,D,D2,< 1 year,MORTGAGE,65000.0,Source Verified,debt_consolidation,SC,32.72,1.0,690.0,694.0,0.0,93.3,16.0,Individual,5,High Risk,Manual Review
63494709,23675.0, 60 months,20.99,E,E5,2 years,RENT,74000.0,Verified,debt_consolidation,CA,36.05,0.0,660.0,664.0,1.0,27.8,22.0,Individual,5,High Risk,Manual Review
63215141,15075.0, 60 months,18.25,E,E1,5 years,MORTGAGE,50000.0,Source Verified,debt_consolidation,KY,37.47,0.0,695.0,699.0,0.0,74.2,33.0,Individual,5,High Risk,Manual Review
63324210,18500.0, 60 months,18.55,E,E2,2 years,MORTGAGE,37000.0,Not Verified,credit_card,IN,34.32,0.0,670.0,674.0,1.0,79.2,35.0,Individual,5,High Risk,Manual Review
63514626,18250.0, 60 months,19.19,E,E3,6 years,MORTGAGE,37400.0,Source Verified,credit_card,GA,34.4,0.0,685.0,689.0,0.0,75.8,27.0,Individual,5,High Risk,Manual Review
62674714,14700.0, 60 months,26.77,G,G1,10+ years,RENT,49000.0,Verified,debt_consolidation,CT,31.81,0.0,690.0,694.0,1.0,67.4,16.0,Individual,5,High Risk,Manual Review
63215198,12475.0, 60 months,23.99,F,F3,10+ years,OWN,34700.0,Source Verified,debt_consolidation,KY,37.29,0.0,715.0,719.0,0.0,99.1,20.0,Individual,6,High Risk,Manual Review
63404746,9000.0, 36 months,22.99,F,F2,< 1 year,RENT,25000.0,Verified,debt_consolidation,FL,30.44,0.0,690.0,694.0,2.0,60.4,7.0,Individual,5,High Risk,Manual Review
63354708,18400.0, 60 months,18.25,E,E1,2 years,RENT,46000.0,Verified,debt_consolidation,IN,39.24,0.0,670.0,674.0,1.0,89.0,45.0,Individual,6,High Risk,Manual Review
63354882,25000.0, 60 months,18.25,E,E1,1 year,OWN,77000.0,Source Verified,credit_card,NY,36.21,0.0,720.0,724.0,2.0,61.8,42.0,Individual,5,High Risk,Manual Review
63454353,2225.0, 36 months,26.77,G,G1,,RENT,15552.0,Verified,debt_consolidation,PA,33.1,0.0,670.0,674.0,2.0,80.6,16.0,Individual,6,High Risk,Manual Review
63334722,29025.0, 60 months,18.25,E,E1,8 years,MORTGAGE,76000.0,Not Verified,debt_consolidation,LA,34.84,0.0,720.0,724.0,0.0,39.1,23.0,Individual,5,High Risk,Manual Review
63444378,8200.0, 36 months,22.99,F,F2,1 year,RENT,25633.45,Verified,moving,TN,25.43,1.0,670.0,674.0,0.0,91.2,29.0,Individual,5,High Risk,Manual Review
63424489,10100.0, 36 months,18.25,E,E1,,OWN,22980.0,Verified,credit_card,NY,30.81,0.0,700.0,704.0,0.0,60.8,14.0,Individual,5,High Risk,Manual Review
62924411,35000.0, 60 months,16.99,D,D3,6 years,MORTGAGE,60000.0,Verified,credit_card,FL,37.66,1.0,705.0,709.0,0.0,95.9,43.0,Joint App,5,High Risk,Manual Review
61503577,15150.0, 60 months,18.55,E,E2,10+ years,MORTGAGE,63000.0,Source Verified,debt_consolidation,NY,37.28,0.0,690.0,694.0,0.0,92.0,35.0,Individual,6,High Risk,Manual Review
63334853,10275.0, 60 months,19.19,E,E3,10+ years,MORTGAGE,34250.0,Verified,debt_consolidation,MO,38.12,0.0,695.0,699.0,0.0,76.5,17.0,Individual,5,High Risk,Manual Review
62884120,16200.0, 60 months,22.99,F,F2,9 years,RENT,45000.0,Verified,debt_consolidation,MD,32.27,0.0,675.0,679.0,0.0,76.4,15.0,Individual,5,High Risk,Manual Review
63354751,10100.0, 60 months,18.55,E,E2,< 1 year,RENT,75000.0,Verified,debt_consolidation,NM,10.35,1.0,695.0,699.0,1.0,89.1,12.0,Individual,5,High Risk,Manual Review
63514394,25000.0, 60 months,18.25,E,E1,8 years,RENT,65710.0,Source Verified,debt_consolidation,CA,34.41,1.0,665.0,669.0,1.0,66.1,50.0,Individual,6,High Risk,Manual Review
61632814,16900.0, 60 months,18.25,E,E1,10+ years,RENT,42300.0,Source Verified,debt_consolidation,AR,32.85,0.0,675.0,679.0,0.0,53.0,20.0,Individual,5,High Risk,Manual Review
61343315,12850.0, 60 months,20.99,E,E5,4 years,MORTGAGE,53000.0,Source Verified,debt_consolidation,MO,31.66,6.0,730.0,734.0,1.0,29.9,46.0,Individual,6,High Risk,Manual Review
63454220,6900.0, 36 months,18.25,E,E1,7 years,RENT,32000.0,Source Verified,debt_consolidation,MO,34.55,0.0,665.0,669.0,0.0,83.6,9.0,Individual,6,High Risk,Manual Review
62744753,12575.0, 60 months,18.25,E,E1,5 years,MORTGAGE,35000.0,Not Verified,credit_card,OK,37.0,0.0,685.0,689.0,0.0,78.3,24.0,Individual,5,High Risk,Manual Review
63394642,20000.0, 60 months,21.99,F,F1,,MORTGAGE,12000.0,Source Verified,credit_card,GA,68.3,0.0,695.0,699.0,0.0,92.0,9.0,Joint App,6,High Risk,Manual Review
63494359,35000.0, 60 months,24.99,F,F4,10+ years,RENT,89440.0,Verified,debt_consolidation,AZ,32.46,0.0,665.0,669.0,0.0,25.0,27.0,Individual,5,High Risk,Manual Review
63284587,4025.0, 36 months,21.99,F,F1,,RENT,11244.0,Verified,debt_consolidation,MI,35.01,0.0,665.0,669.0,0.0,74.7,8.0,Individual,5,High Risk,Manual Review
63214586,25000.0, 60 months,23.99,F,F3,10+ years,MORTGAGE,168000.0,Verified,debt_consolidation,NY,24.0,1.0,665.0,669.0,0.0,96.8,30.0,Individual,5,High Risk,Manual Review
63324536,17000.0, 60 months,18.55,E,E2,3 years,RENT,75000.0,Verified,debt_consolidation,MD,36.78,0.0,660.0,664.0,0.0,52.2,37.0,Individual,5,High Risk,Manual Review
62306904,11750.0, 60 months,20.99,E,E5,10+ years,RENT,28000.0,Source Verified,debt_consolidation,TX,34.98,0.0,710.0,714.0,0.0,82.3,12.0,Individual,6,High Risk,Manual Review
63384514,19200.0, 60 months,18.25,E,E1,1 year,RENT,48000.0,Source Verified,credit_card,CO,38.88,0.0,660.0,664.0,0.0,27.7,48.0,Individual,5,High Risk,Manual Review
63174422,19325.0, 60 months,19.99,E,E4,1 year,RENT,55000.0,Source Verified,debt_consolidation,TX,33.8,0.0,690.0,694.0,1.0,55.5,31.0,Individual,5,High Risk,Manual Review
62620063,9250.0, 36 months,16.99,D,D3,,OWN,42000.0,Verified,credit_card,NV,38.69,1.0,725.0,729.0,0.0,96.6,9.0,Individual,5,High Risk,Manual Review
62196195,25900.0, 60 months,21.99,F,F1,10+ years,OWN,54000.0,Verified,home_improvement,CA,30.95,1.0,695.0,699.0,0.0,19.8,21.0,Individual,6,High Risk,Manual Review
63214506,27350.0, 60 months,26.77,G,G1,10+ years,MORTGAGE,72000.0,Verified,debt_consolidation,NC,26.72,1.0,665.0,669.0,1.0,94.8,34.0,Individual,5,High Risk,Manual Review
61353360,35000.0, 60 months,19.99,E,E4,7 years,MORTGAGE,118000.0,Verified,home_improvement,MN,30.02,0.0,680.0,684.0,3.0,28.0,27.0,Individual,5,High Risk,Manual Review
63384453,13200.0, 36 months,19.99,E,E4,8 years,RENT,38884.0,Verified,other,FL,37.69,1.0,665.0,669.0,0.0,44.1,21.0,Individual,6,High Risk,Manual Review
63234357,35000.0, 60 months,18.25,E,E1,2 years,MORTGAGE,71000.0,Source Verified,debt_consolidation,TX,37.66,0.0,685.0,689.0,2.0,76.3,36.0,Individual,5,High Risk,Manual Review
62136168,15750.0, 60 months,19.19,E,E3,10+ years,RENT,135000.0,Verified,debt_consolidation,FL,6.84,1.0,665.0,669.0,1.0,100.3,17.0,Individual,5,High Risk,Manual Review
63244317,30000.0, 60 months,18.55,E,E2,10+ years,OWN,120000.0,Verified,debt_consolidation,ND,31.08,1.0,690.0,694.0,0.0,56.2,33.0,Individual,6,High Risk,Manual Review
63304344,35000.0, 60 months,23.99,F,F3,7 years,RENT,96654.0,Verified,debt_consolidation,CA,38.99,0.0,660.0,664.0,2.0,50.6,42.0,Individual,5,High Risk,Manual Review
63174261,19550.0, 60 months,19.99,E,E4,10+ years,MORTGAGE,75000.0,Source Verified,debt_consolidation,CA,31.78,3.0,685.0,689.0,0.0,29.8,28.0,Individual,6,High Risk,Manual Review
63044484,23800.0, 60 months,18.55,E,E2,5 years,MORTGAGE,50000.0,Verified,credit_card,MO,34.01,0.0,675.0,679.0,0.0,56.3,29.0,Individual,5,High Risk,Manual Review
63374241,11400.0, 36 months,18.25,E,E1,10+ years,MORTGAGE,22800.0,Verified,debt_consolidation,OK,34.79,0.0,685.0,689.0,0.0,58.6,29.0,Individual,5,High Risk,Manual Review
63364243,11175.0, 60 months,18.25,E,E1,10+ years,RENT,48848.56,Verified,debt_consolidation,OH,39.05,2.0,670.0,674.0,3.0,82.0,26.0,Individual,7,High Risk,Manual Review
63214263,24225.0, 60 months,18.55,E,E2,2 years,MORTGAGE,85000.0,Source Verified,debt_consolidation,MI,30.76,2.0,670.0,674.0,2.0,74.2,39.0,Individual,6,High Risk,Manual Review
63374280,14400.0, 60 months,18.25,E,E1,10+ years,MORTGAGE,51000.0,Source Verified,debt_consolidation,MI,6.99,1.0,690.0,694.0,0.0,92.9,13.0,Individual,5,High Risk,Manual Review
63384261,2075.0, 36 months,18.25,E,E1,,RENT,14760.0,Verified,debt_consolidation,OH,38.94,2.0,690.0,694.0,1.0,35.6,40.0,Individual,6,High Risk,Manual Review
63154195,5450.0, 36 months,18.25,E,E1,9 years,RENT,25000.0,Verified,debt_consolidation,PA,39.84,0.0,705.0,709.0,0.0,32.7,12.0,Individual,5,High Risk,Manual Review
63254186,33000.0, 60 months,18.55,E,E2,6 years,RENT,75000.0,Verified,debt_consolidation,KY,35.78,1.0,695.0,699.0,1.0,83.9,41.0,Individual,7,High Risk,Manual Review
62337530,35000.0, 60 months,18.55,E,E2,1 year,RENT,90000.0,Verified,credit_card,NC,31.92,0.0,685.0,689.0,0.0,39.6,28.0,Individual,5,High Risk,Manual Review
60753182,13250.0, 60 months,18.25,E,E1,9 years,RENT,60000.0,Verified,debt_consolidation,CA,30.44,0.0,675.0,679.0,1.0,51.7,43.0,Individual,5,High Risk,Manual Review
63064696,34000.0, 60 months,19.99,E,E4,10+ years,MORTGAGE,68000.0,Source Verified,debt_consolidation,IL,30.65,3.0,680.0,684.0,1.0,68.0,31.0,Individual,6,High Risk,Manual Review
62974782,35000.0, 60 months,19.99,E,E4,3 years,MORTGAGE,75000.0,Source Verified,debt_consolidation,AZ,33.03,0.0,695.0,699.0,3.0,41.3,18.0,Individual,5,High Risk,Manual Review
61384104,28000.0, 60 months,18.25,E,E1,4 years,MORTGAGE,110240.0,Verified,debt_consolidation,OH,33.75,0.0,675.0,679.0,3.0,76.9,37.0,Individual,5,High Risk,Manual Review
62974547,8000.0, 36 months,18.55,E,E2,,OWN,25000.0,Verified,debt_consolidation,IL,30.2,0.0,680.0,684.0,0.0,43.5,18.0,Individual,5,High Risk,Manual Review
63054556,7175.0, 36 months,18.55,E,E2,9 years,MORTGAGE,41000.0,Source Verified,debt_consolidation,TX,38.23,0.0,670.0,674.0,0.0,82.4,17.0,Individual,6,High Risk,Manual Review
63024456,17000.0, 60 months,18.55,E,E2,1 year,RENT,34000.0,Verified,debt_consolidation,CA,32.0,0.0,680.0,684.0,1.0,80.4,18.0,Individual,6,High Risk,Manual Review
62954548,26600.0, 60 months,24.99,F,F4,10+ years,RENT,70000.0,Verified,debt_consolidation,AZ,33.62,2.0,680.0,684.0,2.0,10.3,22.0,Individual,6,High Risk,Manual Review
62944510,15100.0, 60 months,23.99,F,F3,7 years,MORTGAGE,42000.0,Verified,debt_consolidation,FL,36.8,0.0,660.0,664.0,0.0,94.0,49.0,Individual,6,High Risk,Manual Review
62924634,19025.0, 60 months,23.99,F,F3,2 years,RENT,47580.0,Verified,credit_card,NY,30.37,0.0,670.0,674.0,0.0,85.4,27.0,Individual,6,High Risk,Manual Review
62964546,35000.0, 60 months,17.86,D,D5,6 years,MORTGAGE,133000.0,Verified,credit_card,CA,37.47,4.0,690.0,694.0,0.0,88.8,33.0,Individual,5,High Risk,Manual Review
62814373,20000.0, 60 months,16.99,D,D3,10+ years,MORTGAGE,60000.0,Source Verified,debt_consolidation,TN,30.06,1.0,660.0,664.0,1.0,82.0,17.0,Individual,5,High Risk,Manual Review
62924483,4525.0, 36 months,18.55,E,E2,10+ years,RENT,46000.0,Verified,debt_consolidation,WI,31.46,0.0,670.0,674.0,0.0,86.0,21.0,Individual,6,High Risk,Manual Review
62944395,17000.0, 60 months,21.99,F,F1,10+ years,RENT,50000.0,Verified,debt_consolidation,VA,39.15,0.0,665.0,669.0,0.0,65.8,19.0,Individual,5,High Risk,Manual Review
62974415,12500.0, 60 months,19.19,E,E3,2 years,OWN,25000.0,Source Verified,debt_consolidation,MT,38.6,1.0,675.0,679.0,0.0,78.3,31.0,Individual,6,High Risk,Manual Review
62974444,19500.0, 60 months,19.19,E,E3,7 years,MORTGAGE,48800.0,Source Verified,debt_consolidation,IL,37.75,0.0,690.0,694.0,2.0,60.0,26.0,Individual,5,High Risk,Manual Review
62794953,12625.0, 36 months,18.25,E,E1,5 years,MORTGAGE,40000.0,Source Verified,debt_consolidation,MD,34.86,0.0,670.0,674.0,1.0,55.9,34.0,Individual,5,High Risk,Manual Review
62654838,10925.0, 60 months,18.55,E,E2,10+ years,MORTGAGE,60000.0,Source Verified,debt_consolidation,IL,33.16,2.0,685.0,689.0,0.0,94.7,34.0,Individual,7,High Risk,Manual Review
63044340,17550.0, 60 months,18.25,E,E1,< 1 year,MORTGAGE,65000.0,Verified,debt_consolidation,NC,33.49,0.0,710.0,714.0,2.0,67.0,22.0,Individual,5,High Risk,Manual Review
63114266,11900.0, 60 months,27.31,G,G2,6 years,RENT,40200.0,Verified,small_business,IL,31.16,1.0,665.0,669.0,2.0,69.3,29.0,Individual,6,High Risk,Manual Review
62654431,15000.0, 60 months,18.55,E,E2,1 year,MORTGAGE,73600.0,Source Verified,credit_card,WY,26.53,1.0,665.0,669.0,1.0,84.3,20.0,Individual,5,High Risk,Manual Review
62924355,27150.0, 60 months,18.55,E,E2,10+ years,MORTGAGE,120000.0,Verified,debt_consolidation,NY,34.7,1.0,670.0,674.0,0.0,65.8,25.0,Individual,6,High Risk,Manual Review
63114124,30000.0, 60 months,18.25,E,E1,10+ years,MORTGAGE,71600.0,Verified,debt_consolidation,OH,36.91,0.0,685.0,689.0,2.0,46.1,34.0,Individual,5,High Risk,Manual Review
63084114,17975.0, 36 months,18.55,E,E2,10+ years,MORTGAGE,85000.0,Verified,debt_consolidation,IN,35.93,0.0,660.0,664.0,2.0,78.1,42.0,Individual,5,High Risk,Manual Review
62804865,21450.0, 60 months,20.99,E,E5,6 years,MORTGAGE,55000.0,Verified,credit_card,OH,35.72,0.0,660.0,664.0,1.0,83.3,26.0,Individual,6,High Risk,Manual Review
62419330,28000.0, 60 months,18.55,E,E2,3 years,RENT,60000.0,Verified,debt_consolidation,TX,35.7,0.0,685.0,689.0,0.0,92.2,14.0,Individual,6,High Risk,Manual Review
63104174,14000.0, 60 months,18.25,E,E1,7 years,MORTGAGE,47000.0,Verified,debt_consolidation,TX,30.59,0.0,680.0,684.0,1.0,41.9,42.0,Individual,5,High Risk,Manual Review
62984178,25000.0, 60 months,21.99,F,F1,7 years,RENT,124000.0,Verified,debt_consolidation,IL,8.48,2.0,690.0,694.0,4.0,80.1,26.0,Individual,5,High Risk,Manual Review
62389226,11300.0, 60 months,18.25,E,E1,10+ years,MORTGAGE,43628.0,Source Verified,debt_consolidation,OK,38.31,0.0,700.0,704.0,0.0,74.2,20.0,Individual,5,High Risk,Manual Review
62724836,12000.0, 60 months,18.25,E,E1,10+ years,RENT,33400.0,Verified,debt_consolidation,MO,33.63,1.0,680.0,684.0,1.0,71.6,13.0,Individual,6,High Risk,Manual Review
62844880,21825.0, 60 months,19.99,E,E4,10+ years,RENT,52000.0,Source Verified,debt_consolidation,OH,36.9,0.0,665.0,669.0,0.0,60.5,35.0,Individual,5,High Risk,Manual Review
62854825,12900.0, 36 months,18.55,E,E2,10+ years,RENT,25800.0,Source Verified,debt_consolidation,IN,38.5,0.0,670.0,674.0,0.0,90.2,11.0,Individual,6,High Risk,Manual Review
62694748,12600.0, 60 months,18.55,E,E2,7 years,RENT,36000.0,Verified,debt_consolidation,VA,32.47,0.0,690.0,694.0,1.0,53.1,24.0,Individual,5,High Risk,Manual Review
62609700,10000.0, 60 months,19.19,E,E3,1 year,RENT,40000.0,Source Verified,debt_consolidation,FL,35.77,0.0,675.0,679.0,0.0,53.8,48.0,Individual,5,High Risk,Manual Review
62794818,7125.0, 36 months,18.55,E,E2,,OWN,21000.0,Verified,debt_consolidation,TX,30.51,0.0,675.0,679.0,1.0,65.1,7.0,Individual,5,High Risk,Manual Review
62774841,12000.0, 60 months,16.99,D,D3,10+ years,OWN,67200.0,Source Verified,debt_consolidation,FL,37.36,1.0,665.0,669.0,1.0,83.4,32.0,Individual,5,High Risk,Manual Review
62135266,25000.0, 60 months,19.19,E,E3,10+ years,MORTGAGE,69900.0,Source Verified,medical,TX,31.54,0.0,680.0,684.0,0.0,84.6,32.0,Individual,6,High Risk,Manual Review
62539634,23750.0, 60 months,19.99,E,E4,,MORTGAGE,56580.0,Verified,credit_card,SC,32.32,0.0,700.0,704.0,3.0,46.8,22.0,Individual,5,High Risk,Manual Review
62569966,8600.0, 36 months,18.55,E,E2,10+ years,RENT,26000.0,Source Verified,debt_consolidation,TN,38.55,0.0,670.0,674.0,0.0,46.6,39.0,Individual,5,High Risk,Manual Review
62844608,15025.0, 36 months,19.19,E,E3,2 years,RENT,41800.0,Verified,debt_consolidation,AZ,30.98,0.0,660.0,664.0,0.0,17.1,19.0,Individual,5,High Risk,Manual Review
61392481,20575.0, 60 months,19.19,E,E3,4 years,MORTGAGE,50000.0,Not Verified,debt_consolidation,FL,32.87,0.0,700.0,704.0,0.0,55.2,31.0,Individual,5,High Risk,Manual Review
62714221,13000.0, 60 months,25.78,F,F5,10+ years,MORTGAGE,47000.0,Verified,debt_consolidation,IN,34.83,0.0,700.0,704.0,2.0,93.4,27.0,Individual,6,High Risk,Manual Review
62664703,17000.0, 36 months,17.57,D,D4,10+ years,MORTGAGE,79000.0,Verified,debt_consolidation,NY,30.15,1.0,665.0,669.0,0.0,90.8,35.0,Individual,5,High Risk,Manual Review
62489263,32000.0, 60 months,19.19,E,E3,10+ years,MORTGAGE,105000.0,Source Verified,debt_consolidation,MO,30.72,0.0,665.0,669.0,4.0,74.6,47.0,Individual,5,High Risk,Manual Review
62216566,29925.0, 60 months,18.25,E,E1,10+ years,MORTGAGE,67000.0,Not Verified,debt_consolidation,CT,31.2,2.0,725.0,729.0,0.0,49.3,41.0,Individual,6,High Risk,Manual Review
62287036,32000.0, 60 months,18.55,E,E2,1 year,MORTGAGE,103000.0,Verified,debt_consolidation,MD,32.38,3.0,670.0,674.0,2.0,91.8,30.0,Individual,7,High Risk,Manual Review
62724721,15000.0, 60 months,18.55,E,E2,10+ years,OWN,42000.0,Source Verified,debt_consolidation,VA,36.34,0.0,665.0,669.0,0.0,69.9,29.0,Individual,5,High Risk,Manual Review
62499357,27300.0, 36 months,18.55,E,E2,10+ years,MORTGAGE,60000.0,Source Verified,debt_consolidation,WA,19.74,1.0,670.0,674.0,1.0,82.6,44.0,Individual,5,High Risk,Manual Review
62814581,19675.0, 60 months,18.55,E,E2,10+ years,MORTGAGE,65000.0,Verified,debt_consolidation,TX,38.96,0.0,705.0,709.0,0.0,78.7,18.0,Individual,5,High Risk,Manual Review
62176170,14000.0, 60 months,16.55,D,D2,10+ years,MORTGAGE,58800.0,Source Verified,credit_card,TX,34.0,1.0,675.0,679.0,0.0,95.2,23.0,Individual,5,High Risk,Manual Review
62654562,35000.0, 60 months,15.61,D,D1,2 years,MORTGAGE,180000.0,Source Verified,debt_consolidation,SC,30.56,1.0,660.0,664.0,0.0,84.8,33.0,Individual,5,High Risk,Manual Review
61414830,7225.0, 36 months,18.25,E,E1,6 years,RENT,40000.0,Source Verified,debt_consolidation,NY,34.2,2.0,660.0,664.0,2.0,52.6,38.0,Individual,6,High Risk,Manual Review
62854500,18475.0, 60 months,20.99,E,E5,6 years,RENT,42000.0,Verified,debt_consolidation,CA,39.0,0.0,705.0,709.0,0.0,77.9,8.0,Individual,5,High Risk,Manual Review
62844280,29775.0, 60 months,26.77,G,G1,2 years,RENT,60000.0,Verified,debt_consolidation,TX,33.82,0.0,685.0,689.0,0.0,0.0,29.0,Individual,5,High Risk,Manual Review
62844345,24825.0, 60 months,18.25,E,E1,10+ years,OWN,54000.0,Source Verified,debt_consolidation,TX,37.38,0.0,725.0,729.0,0.0,29.2,57.0,Individual,5,High Risk,Manual Review
62255454,24000.0, 60 months,18.25,E,E1,5 years,MORTGAGE,60000.0,Verified,debt_consolidation,TN,39.06,0.0,660.0,664.0,1.0,75.3,26.0,Individual,5,High Risk,Manual Review
62479166,16000.0, 60 months,20.99,E,E5,10+ years,RENT,68000.0,Verified,other,MN,38.19,0.0,740.0,744.0,0.0,15.8,18.0,Individual,5,High Risk,Manual Review
62136644,27275.0, 60 months,20.99,E,E5,5 years,RENT,62000.0,Verified,debt_consolidation,TX,39.84,0.0,660.0,664.0,0.0,56.4,32.0,Individual,5,High Risk,Manual Review
62664123,7325.0, 36 months,19.99,E,E4,7 years,MORTGAGE,49154.0,Verified,debt_consolidation,NC,38.4,0.0,675.0,679.0,0.0,94.8,29.0,Individual,6,High Risk,Manual Review
62510134,35000.0, 60 months,17.57,D,D4,4 years,OWN,94300.0,Verified,debt_consolidation,MO,30.23,1.0,680.0,684.0,0.0,86.6,40.0,Individual,5,High Risk,Manual Review
62337458,35000.0, 60 months,18.55,E,E2,3 years,MORTGAGE,70192.0,Verified,major_purchase,TX,35.1,0.0,705.0,709.0,1.0,85.7,19.0,Individual,6,High Risk,Manual Review
62470121,34125.0, 60 months,19.99,E,E4,10+ years,MORTGAGE,99000.0,Verified,debt_consolidation,FL,8.41,1.0,660.0,664.0,1.0,94.9,33.0,Individual,5,High Risk,Manual Review
62215760,18900.0, 60 months,19.19,E,E3,2 years,RENT,45000.0,Verified,debt_consolidation,NJ,33.25,0.0,660.0,664.0,2.0,45.1,44.0,Individual,5,High Risk,Manual Review
62500084,35000.0, 60 months,18.55,E,E2,3 years,MORTGAGE,98000.0,Verified,credit_card,TN,15.42,1.0,675.0,679.0,0.0,100.8,20.0,Individual,5,High Risk,Manual Review
62429773,25850.0, 60 months,21.99,F,F1,10+ years,MORTGAGE,90000.0,Source Verified,debt_consolidation,OH,36.87,0.0,735.0,739.0,1.0,36.9,40.0,Individual,5,High Risk,Manual Review
62489749,25000.0, 60 months,17.57,D,D4,10+ years,MORTGAGE,68888.0,Verified,debt_consolidation,OK,33.85,1.0,675.0,679.0,1.0,92.0,29.0,Individual,5,High Risk,Manual Review
62226266,20150.0, 60 months,18.25,E,E1,,RENT,42000.0,Verified,credit_card,TN,35.04,0.0,715.0,719.0,0.0,85.5,20.0,Individual,6,High Risk,Manual Review
62620008,28000.0, 60 months,19.19,E,E3,4 years,MORTGAGE,90600.0,Not Verified,debt_consolidation,DC,13.99,1.0,675.0,679.0,0.0,99.8,45.0,Individual,5,High Risk,Manual Review
62609896,9000.0, 36 months,18.25,E,E1,< 1 year,RENT,25000.0,Verified,debt_consolidation,PA,32.07,0.0,675.0,679.0,1.0,67.0,15.0,Individual,5,High Risk,Manual Review
62439764,35000.0, 60 months,20.99,E,E5,10+ years,MORTGAGE,90000.0,Verified,debt_consolidation,PA,23.81,1.0,675.0,679.0,0.0,92.9,31.0,Individual,5,High Risk,Manual Review
62117389,21425.0, 60 months,20.99,E,E5,10+ years,MORTGAGE,80000.0,Source Verified,debt_consolidation,MD,9.59,3.0,675.0,679.0,0.0,95.8,34.0,Individual,5,High Risk,Manual Review
62479888,30000.0, 60 months,18.55,E,E2,2 years,RENT,80000.0,Source Verified,debt_consolidation,TX,34.31,0.0,675.0,679.0,0.0,58.0,43.0,Individual,5,High Risk,Manual Review
62509745,19800.0, 60 months,19.19,E,E3,10+ years,MORTGAGE,55000.0,Verified,debt_consolidation,OH,32.71,0.0,670.0,674.0,0.0,80.7,29.0,Individual,6,High Risk,Manual Review
62429525,10800.0, 60 months,18.25,E,E1,< 1 year,MORTGAGE,52000.0,Source Verified,debt_consolidation,OH,34.92,0.0,705.0,709.0,1.0,51.7,35.0,Individual,5,High Risk,Manual Review
62429474,19475.0, 60 months,18.55,E,E2,2 years,MORTGAGE,51000.0,Not Verified,home_improvement,VA,32.64,1.0,680.0,684.0,0.0,94.1,35.0,Individual,7,High Risk,Manual Review
62499722,30000.0, 60 months,23.99,F,F3,10+ years,RENT,95200.0,Verified,other,CA,33.66,0.0,670.0,674.0,0.0,52.6,26.0,Individual,5,High Risk,Manual Review
62399711,19200.0, 60 months,23.99,F,F3,10+ years,RENT,60000.0,Verified,debt_consolidation,NC,34.0,1.0,660.0,664.0,2.0,82.1,37.0,Individual,7,High Risk,Manual Review
62459577,30000.0, 60 months,18.55,E,E2,10+ years,OWN,83928.0,Source Verified,credit_card,NM,22.22,1.0,680.0,684.0,0.0,82.2,26.0,Individual,5,High Risk,Manual Review
62429633,20675.0, 60 months,18.25,E,E1,10+ years,MORTGAGE,46999.94,Source Verified,debt_consolidation,PA,31.61,0.0,685.0,689.0,1.0,38.9,57.0,Individual,5,High Risk,Manual Review
62419628,13000.0, 60 months,18.55,E,E2,2 years,MORTGAGE,49000.0,Verified,debt_consolidation,FL,31.33,1.0,685.0,689.0,0.0,35.9,26.0,Individual,6,High Risk,Manual Review
62509330,10000.0, 60 months,18.25,E,E1,,MORTGAGE,33024.0,Verified,debt_consolidation,MS,34.96,0.0,690.0,694.0,2.0,37.6,30.0,Individual,5,High Risk,Manual Review
62509454,16000.0, 60 months,15.61,D,D1,9 years,MORTGAGE,110000.0,Verified,debt_consolidation,WV,30.21,2.0,660.0,664.0,0.0,94.2,40.0,Individual,5,High Risk,Manual Review
62449334,11200.0, 36 months,18.25,E,E1,3 years,RENT,35000.0,Verified,credit_card,CA,33.49,0.0,670.0,674.0,0.0,80.9,11.0,Individual,6,High Risk,Manual Review
62389315,17150.0, 60 months,21.99,F,F1,10+ years,RENT,70000.0,Verified,debt_consolidation,NY,39.12,0.0,690.0,694.0,1.0,60.7,27.0,Individual,5,High Risk,Manual Review
62599308,35000.0, 60 months,22.99,F,F2,1 year,OWN,125000.0,Verified,debt_consolidation,IL,20.17,1.0,660.0,664.0,1.0,83.6,29.0,Individual,5,High Risk,Manual Review
62589311,27350.0, 60 months,18.25,E,E1,< 1 year,RENT,72000.0,Not Verified,debt_consolidation,TX,32.21,0.0,675.0,679.0,1.0,49.2,14.0,Individual,5,High Risk,Manual Review
62519332,14400.0, 60 months,18.25,E,E1,10+ years,RENT,36000.0,Verified,debt_consolidation,CA,32.0,0.0,695.0,699.0,0.0,87.4,13.0,Individual,6,High Risk,Manual Review
62389227,10525.0, 60 months,18.55,E,E2,10+ years,MORTGAGE,54000.0,Source Verified,debt_consolidation,OR,30.51,0.0,670.0,674.0,0.0,50.5,27.0,Individual,5,High Risk,Manual Review
62599194,23400.0, 60 months,17.57,D,D4,10+ years,RENT,62000.0,Verified,debt_consolidation,NV,33.99,1.0,660.0,664.0,1.0,83.3,27.0,Individual,5,High Risk,Manual Review
62399235,8275.0, 36 months,20.99,E,E5,,OWN,23000.0,Verified,debt_consolidation,TX,36.8,0.0,680.0,684.0,2.0,88.8,17.0,Individual,6,High Risk,Manual Review
61464161,18025.0, 60 months,21.99,F,F1,10+ years,MORTGAGE,100500.0,Verified,small_business,MN,32.27,0.0,685.0,689.0,1.0,73.6,46.0,Individual,5,High Risk,Manual Review
62105712,21100.0, 60 months,19.19,E,E3,1 year,RENT,48000.0,Source Verified,debt_consolidation,KS,35.03,0.0,695.0,699.0,1.0,83.8,17.0,Individual,6,High Risk,Manual Review
62429207,17550.0, 60 months,20.99,E,E5,3 years,MORTGAGE,58500.0,Verified,debt_consolidation,VA,17.85,1.0,660.0,664.0,0.0,102.8,12.0,Individual,5,High Risk,Manual Review
62499122,19500.0, 60 months,22.99,F,F2,,OWN,61000.0,Verified,debt_consolidation,NY,34.84,0.0,675.0,679.0,0.0,92.2,21.0,Individual,6,High Risk,Manual Review
62569157,25000.0, 60 months,18.55,E,E2,10+ years,OWN,50000.0,Source Verified,debt_consolidation,NY,36.41,0.0,715.0,719.0,0.0,87.0,35.0,Individual,6,High Risk,Manual Review
62236665,6500.0, 36 months,18.25,E,E1,2 years,RENT,29150.0,Verified,debt_consolidation,MA,33.77,0.0,690.0,694.0,2.0,34.4,19.0,Individual,5,High Risk,Manual Review
62247433,22000.0, 60 months,18.25,E,E1,10+ years,RENT,50000.0,Not Verified,other,MA,37.76,0.0,690.0,694.0,0.0,31.1,18.0,Individual,5,High Risk,Manual Review
62277979,17500.0, 60 months,27.88,G,G3,6 years,RENT,35000.0,Verified,debt_consolidation,VA,31.96,0.0,695.0,699.0,0.0,48.3,10.0,Individual,5,High Risk,Manual Review
62277889,14900.0, 60 months,20.99,E,E5,10+ years,RENT,35500.0,Source Verified,debt_consolidation,LA,35.77,0.0,700.0,704.0,0.0,92.4,8.0,Individual,6,High Risk,Manual Review
61732490,4625.0, 36 months,20.99,E,E5,1 year,RENT,46690.0,Verified,debt_consolidation,AR,33.01,0.0,685.0,689.0,2.0,42.3,60.0,Individual,5,High Risk,Manual Review
62207531,18700.0, 60 months,19.19,E,E3,8 years,OWN,52000.0,Source Verified,debt_consolidation,NJ,30.67,0.0,705.0,709.0,1.0,81.2,12.0,Individual,6,High Risk,Manual Review
27620484,11700.0, 60 months,19.19,E,E3,4 years,MORTGAGE,55000.0,Not Verified,debt_consolidation,MS,35.24,0.0,695.0,699.0,1.0,53.4,37.0,Individual,5,High Risk,Manual Review
62107085,15400.0, 60 months,18.25,E,E1,9 years,OWN,45000.0,Verified,debt_consolidation,OH,39.6,0.0,700.0,704.0,0.0,34.6,33.0,Individual,5,High Risk,Manual Review
62187378,14425.0, 60 months,21.99,F,F1,9 years,RENT,36092.0,Verified,debt_consolidation,CO,39.74,1.0,660.0,664.0,0.0,84.1,37.0,Individual,7,High Risk,Manual Review
62107484,11750.0, 60 months,22.99,F,F2,2 years,RENT,28000.0,Source Verified,debt_consolidation,NY,32.19,0.0,675.0,679.0,2.0,41.3,17.0,Individual,5,High Risk,Manual Review
62145844,17150.0, 60 months,18.55,E,E2,10+ years,MORTGAGE,65000.0,Source Verified,debt_consolidation,OH,35.06,0.0,690.0,694.0,2.0,62.3,32.0,Individual,5,High Risk,Manual Review
62287719,2850.0, 36 months,19.19,E,E3,< 1 year,MORTGAGE,32000.0,Verified,debt_consolidation,TX,38.6,0.0,680.0,684.0,2.0,45.6,38.0,Individual,5,High Risk,Manual Review
62257036,30000.0, 60 months,20.99,E,E5,9 years,OWN,76000.0,Source Verified,credit_card,TX,31.33,0.0,690.0,694.0,0.0,74.1,43.0,Individual,5,High Risk,Manual Review
62217367,28000.0, 60 months,18.55,E,E2,10+ years,MORTGAGE,135000.0,Verified,debt_consolidation,CA,15.24,1.0,660.0,664.0,2.0,98.0,28.0,Individual,5,High Risk,Manual Review
62307454,16000.0, 60 months,18.25,E,E1,10+ years,RENT,80000.0,Source Verified,debt_consolidation,NY,9.17,1.0,670.0,674.0,0.0,85.6,10.0,Individual,5,High Risk,Manual Review
62166523,28600.0, 60 months,18.55,E,E2,< 1 year,MORTGAGE,65000.0,Source Verified,debt_consolidation,GA,32.29,1.0,680.0,684.0,0.0,89.2,10.0,Individual,7,High Risk,Manual Review
62237200,11500.0, 36 months,18.25,E,E1,1 year,OWN,23000.0,Verified,debt_consolidation,AR,33.14,0.0,665.0,669.0,1.0,55.6,18.0,Individual,5,High Risk,Manual Review
62136028,28000.0, 60 months,18.25,E,E1,4 years,RENT,80000.0,Source Verified,credit_card,GA,30.78,0.0,690.0,694.0,1.0,81.0,50.0,Individual,6,High Risk,Manual Review
62052493,11575.0, 60 months,18.55,E,E2,8 years,MORTGAGE,47000.0,Source Verified,debt_consolidation,CA,37.9,0.0,670.0,674.0,1.0,49.9,48.0,Individual,5,High Risk,Manual Review
62207255,4325.0, 36 months,18.25,E,E1,< 1 year,MORTGAGE,44768.0,Source Verified,debt_consolidation,MD,36.14,0.0,660.0,664.0,1.0,44.0,33.0,Individual,5,High Risk,Manual Review
62257518,20000.0, 60 months,18.25,E,E1,10+ years,OWN,50000.0,Verified,small_business,TX,38.77,0.0,700.0,704.0,0.0,53.2,35.0,Individual,5,High Risk,Manual Review
62137029,21000.0, 60 months,19.19,E,E3,6 years,MORTGAGE,83000.0,Source Verified,debt_consolidation,GA,33.88,0.0,660.0,664.0,1.0,83.6,56.0,Individual,6,High Risk,Manual Review
62257206,19800.0, 36 months,20.99,E,E5,10+ years,MORTGAGE,55000.0,Source Verified,debt_consolidation,AL,18.61,1.0,660.0,664.0,0.0,93.5,21.0,Individual,5,High Risk,Manual Review
62146929,21650.0, 60 months,20.99,E,E5,10+ years,RENT,60000.0,Verified,home_improvement,MD,39.32,0.0,720.0,724.0,1.0,60.7,30.0,Individual,5,High Risk,Manual Review
61812517,30000.0, 60 months,20.99,E,E5,3 years,MORTGAGE,92000.0,Verified,debt_consolidation,PA,15.01,1.0,675.0,679.0,0.0,97.8,27.0,Individual,5,High Risk,Manual Review
62117095,11500.0, 36 months,18.55,E,E2,3 years,RENT,25000.0,Source Verified,debt_consolidation,MA,38.41,0.0,710.0,714.0,1.0,31.0,18.0,Individual,5,High Risk,Manual Review
62286862,24825.0, 60 months,18.25,E,E1,3 years,RENT,54000.0,Verified,credit_card,MO,30.95,0.0,685.0,689.0,0.0,79.7,15.0,Individual,5,High Risk,Manual Review
62266985,30000.0, 60 months,18.55,E,E2,1 year,MORTGAGE,98000.0,Source Verified,home_improvement,NC,30.08,2.0,690.0,694.0,0.0,51.3,18.0,Individual,6,High Risk,Manual Review
62146292,19800.0, 60 months,19.99,E,E4,6 years,MORTGAGE,55000.0,Source Verified,debt_consolidation,OK,35.46,1.0,660.0,664.0,1.0,49.7,21.0,Individual,6,High Risk,Manual Review
62217116,30000.0, 60 months,19.19,E,E3,5 years,RENT,60000.0,Source Verified,debt_consolidation,WA,34.08,0.0,675.0,679.0,0.0,52.5,12.0,Individual,5,High Risk,Manual Review
62156544,28000.0, 60 months,19.19,E,E3,10+ years,MORTGAGE,100000.0,Source Verified,debt_consolidation,CA,26.74,3.0,660.0,664.0,0.0,88.3,18.0,Individual,5,High Risk,Manual Review
62116883,19450.0, 60 months,21.99,F,F1,9 years,MORTGAGE,69000.0,Verified,debt_consolidation,NM,30.35,0.0,665.0,669.0,0.0,37.8,62.0,Individual,5,High Risk,Manual Review
61560203,15175.0, 60 months,19.99,E,E4,,MORTGAGE,33000.0,Verified,debt_consolidation,CA,32.69,0.0,700.0,704.0,0.0,44.3,12.0,Individual,5,High Risk,Manual Review
62176295,15000.0, 60 months,21.99,F,F1,10+ years,MORTGAGE,50000.0,Verified,debt_consolidation,KS,19.43,2.0,665.0,669.0,0.0,90.7,25.0,Individual,5,High Risk,Manual Review
62236897,16800.0, 60 months,19.99,E,E4,1 year,OWN,40000.0,Verified,debt_consolidation,MS,36.33,0.0,710.0,714.0,0.0,0.6,48.0,Individual,5,High Risk,Manual Review
61007098,15100.0, 60 months,18.55,E,E2,< 1 year,RENT,36000.0,Source Verified,credit_card,OH,37.73,2.0,665.0,669.0,0.0,77.7,14.0,Individual,6,High Risk,Manual Review
62146838,19575.0, 60 months,19.99,E,E4,1 year,RENT,54400.0,Verified,debt_consolidation,CA,22.74,1.0,680.0,684.0,0.0,81.4,20.0,Individual,5,High Risk,Manual Review
62206864,20000.0, 60 months,18.25,E,E1,8 years,RENT,40000.0,Source Verified,debt_consolidation,NY,34.86,2.0,675.0,679.0,1.0,51.4,23.0,Individual,6,High Risk,Manual Review
61742720,30000.0, 60 months,18.55,E,E2,8 years,MORTGAGE,72000.0,Source Verified,debt_consolidation,TN,32.03,0.0,670.0,674.0,1.0,43.3,39.0,Individual,5,High Risk,Manual Review
62177119,10000.0, 60 months,18.55,E,E2,10+ years,RENT,31000.0,Verified,debt_consolidation,NY,39.53,0.0,690.0,694.0,0.0,95.3,18.0,Individual,6,High Risk,Manual Review
61772495,10800.0, 60 months,22.99,F,F2,10+ years,OWN,30000.0,Verified,medical,NY,36.44,0.0,695.0,699.0,0.0,77.2,13.0,Individual,5,High Risk,Manual Review
62266779,18000.0, 60 months,18.25,E,E1,10+ years,MORTGAGE,48000.0,Verified,credit_card,IN,34.25,0.0,665.0,669.0,0.0,45.1,29.0,Individual,5,High Risk,Manual Review
61473084,15000.0, 60 months,19.99,E,E4,3 years,RENT,45000.0,Verified,debt_consolidation,CA,32.03,0.0,665.0,669.0,3.0,55.8,41.0,Individual,5,High Risk,Manual Review
62216141,11100.0, 60 months,18.25,E,E1,10+ years,OWN,45000.0,Source Verified,debt_consolidation,LA,34.59,0.0,715.0,719.0,0.0,31.7,18.0,Individual,5,High Risk,Manual Review
62176850,27275.0, 60 months,20.99,E,E5,10+ years,RENT,62000.0,Source Verified,debt_consolidation,FL,13.84,1.0,670.0,674.0,0.0,84.5,30.0,Individual,5,High Risk,Manual Review
61502094,12775.0, 60 months,18.25,E,E1,5 years,MORTGAGE,45000.0,Not Verified,debt_consolidation,PA,31.55,0.0,755.0,759.0,1.0,16.7,19.0,Individual,5,High Risk,Manual Review
62316517,20000.0, 36 months,18.55,E,E2,10+ years,MORTGAGE,130000.0,Not Verified,vacation,PA,20.37,2.0,665.0,669.0,0.0,83.1,36.0,Individual,5,High Risk,Manual Review
62306947,33000.0, 60 months,19.99,E,E4,6 years,MORTGAGE,79000.0,Source Verified,debt_consolidation,NV,37.07,0.0,735.0,739.0,0.0,77.6,19.0,Individual,5,High Risk,Manual Review
62276878,24800.0, 60 months,18.55,E,E2,10+ years,MORTGAGE,62000.0,Source Verified,debt_consolidation,MN,35.43,0.0,660.0,664.0,0.0,65.6,41.0,Individual,5,High Risk,Manual Review
62336864,9125.0, 36 months,18.55,E,E2,10+ years,RENT,60000.0,Source Verified,debt_consolidation,CT,38.98,1.0,660.0,664.0,0.0,40.8,69.0,Individual,6,High Risk,Manual Review
62236578,20375.0, 60 months,19.19,E,E3,8 years,MORTGAGE,81000.0,Verified,debt_consolidation,IL,39.27,1.0,680.0,684.0,2.0,73.9,31.0,Individual,6,High Risk,Manual Review
61772769,17250.0, 60 months,19.19,E,E3,,MORTGAGE,38360.0,Verified,debt_consolidation,MD,30.19,0.0,670.0,674.0,2.0,32.0,40.0,Individual,5,High Risk,Manual Review
62236540,18900.0, 60 months,18.55,E,E2,8 years,RENT,65000.0,Source Verified,other,CA,36.8,0.0,670.0,674.0,0.0,92.1,25.0,Individual,6,High Risk,Manual Review
62115938,16700.0, 60 months,19.19,E,E3,10+ years,OWN,38000.0,Not Verified,credit_card,MI,35.15,1.0,670.0,674.0,0.0,61.9,16.0,Individual,6,High Risk,Manual Review
62306820,12275.0, 60 months,18.55,E,E2,10+ years,MORTGAGE,55240.0,Source Verified,debt_consolidation,MI,31.54,0.0,690.0,694.0,0.0,85.9,26.0,Individual,6,High Risk,Manual Review
62186292,11750.0, 60 months,20.99,E,E5,10+ years,RENT,28000.0,Verified,debt_consolidation,DE,31.19,0.0,660.0,664.0,0.0,47.6,25.0,Individual,5,High Risk,Manual Review
62176824,20000.0, 36 months,22.99,F,F2,4 years,RENT,40000.0,Verified,house,WA,33.96,0.0,675.0,679.0,1.0,39.6,39.0,Individual,5,High Risk,Manual Review
62296529,6650.0, 36 months,21.99,F,F1,8 years,MORTGAGE,27777.0,Verified,other,PA,30.44,0.0,660.0,664.0,4.0,61.6,21.0,Individual,5,High Risk,Manual Review
62083190,22075.0, 60 months,21.99,F,F1,< 1 year,MORTGAGE,51600.0,Source Verified,debt_consolidation,OK,33.4,0.0,685.0,689.0,0.0,71.9,34.0,Individual,5,High Risk,Manual Review
62166480,25000.0, 60 months,19.99,E,E4,8 years,MORTGAGE,75000.0,Verified,major_purchase,FL,39.9,0.0,675.0,679.0,0.0,27.6,38.0,Individual,5,High Risk,Manual Review
62216518,22375.0, 60 months,19.19,E,E3,10+ years,MORTGAGE,72000.0,Verified,debt_consolidation,PA,31.15,1.0,685.0,689.0,0.0,36.6,26.0,Individual,6,High Risk,Manual Review
62256458,30000.0, 60 months,18.55,E,E2,2 years,MORTGAGE,82500.0,Source Verified,credit_card,GA,34.46,1.0,695.0,699.0,1.0,17.8,37.0,Individual,6,High Risk,Manual Review
62326682,24450.0, 60 months,18.25,E,E1,3 years,MORTGAGE,80000.0,Source Verified,debt_consolidation,PA,30.14,0.0,710.0,714.0,1.0,51.0,41.0,Individual,5,High Risk,Manual Review
62106545,26600.0, 60 months,22.99,F,F2,10+ years,MORTGAGE,60000.0,Verified,debt_consolidation,NE,37.42,1.0,660.0,664.0,2.0,80.3,40.0,Individual,7,High Risk,Manual Review
62216503,14025.0, 60 months,19.19,E,E3,10+ years,MORTGAGE,50000.0,Source Verified,credit_card,WA,32.65,1.0,710.0,714.0,1.0,46.6,31.0,Individual,6,High Risk,Manual Review
62195897,16550.0, 60 months,23.99,F,F3,10+ years,MORTGAGE,46000.0,Verified,debt_consolidation,MN,36.63,0.0,670.0,674.0,1.0,77.4,25.0,Individual,5,High Risk,Manual Review
62336607,3150.0, 36 months,19.19,E,E3,,RENT,41800.0,Verified,debt_consolidation,CA,35.52,0.0,670.0,674.0,1.0,67.3,22.0,Individual,5,High Risk,Manual Review
62002523,16875.0, 60 months,19.19,E,E3,8 years,MORTGAGE,48000.0,Verified,debt_consolidation,FL,34.78,1.0,685.0,689.0,0.0,96.3,20.0,Individual,7,High Risk,Manual Review
61932677,9450.0, 36 months,20.99,E,E5,10+ years,MORTGAGE,30862.0,Source Verified,debt_consolidation,TX,36.04,0.0,665.0,669.0,1.0,81.4,27.0,Individual,6,High Risk,Manual Review
62126311,30000.0, 60 months,18.25,E,E1,3 years,OWN,72000.0,Source Verified,home_improvement,NJ,31.72,1.0,715.0,719.0,1.0,57.3,29.0,Individual,6,High Risk,Manual Review
62266184,18625.0, 60 months,21.99,F,F1,6 years,RENT,48000.0,Verified,debt_consolidation,AR,32.15,0.0,675.0,679.0,1.0,50.1,14.0,Individual,5,High Risk,Manual Review
62296408,20000.0, 60 months,19.19,E,E3,10+ years,MORTGAGE,275000.0,Verified,debt_consolidation,FL,6.21,1.0,685.0,689.0,3.0,88.9,19.0,Individual,5,High Risk,Manual Review
62216453,35000.0, 60 months,18.55,E,E2,< 1 year,RENT,98500.0,Source Verified,debt_consolidation,CA,16.83,1.0,670.0,674.0,0.0,86.6,26.0,Individual,5,High Risk,Manual Review
62196481,10075.0, 36 months,18.25,E,E1,2 years,RENT,28000.0,Verified,debt_consolidation,TX,33.9,0.0,675.0,679.0,0.0,63.9,21.0,Individual,5,High Risk,Manual Review
62196292,18700.0, 60 months,21.99,F,F1,8 years,MORTGAGE,55000.0,Verified,debt_consolidation,VA,9.73,1.0,715.0,719.0,0.0,81.4,25.0,Individual,5,High Risk,Manual Review
62246369,15100.0, 60 months,20.99,E,E5,10+ years,RENT,42000.0,Verified,debt_consolidation,WA,30.61,1.0,685.0,689.0,0.0,38.4,23.0,Individual,6,High Risk,Manual Review
61340962,6600.0, 36 months,23.99,F,F3,2 years,MORTGAGE,28000.0,Verified,house,GA,32.75,0.0,690.0,694.0,0.0,62.2,17.0,Individual,5,High Risk,Manual Review
62326460,22600.0, 60 months,19.19,E,E3,5 years,OWN,55000.0,Verified,debt_consolidation,TN,31.97,0.0,705.0,709.0,0.0,60.6,11.0,Individual,5,High Risk,Manual Review
61862624,19750.0, 60 months,19.19,E,E3,10+ years,RENT,50000.0,Source Verified,debt_consolidation,PA,38.5,0.0,675.0,679.0,0.0,94.7,22.0,Individual,6,High Risk,Manual Review
62316124,25000.0, 60 months,15.61,D,D1,10+ years,MORTGAGE,90000.0,Not Verified,debt_consolidation,GA,38.3,1.0,700.0,704.0,0.0,95.0,18.0,Individual,5,High Risk,Manual Review
62206047,31250.0, 60 months,18.55,E,E2,10+ years,MORTGAGE,99950.0,Verified,debt_consolidation,OH,37.09,0.0,710.0,714.0,1.0,82.0,41.0,Individual,6,High Risk,Manual Review
61409685,20000.0, 60 months,18.25,E,E1,4 years,MORTGAGE,53000.0,Source Verified,debt_consolidation,LA,35.14,0.0,680.0,684.0,2.0,72.7,22.0,Individual,5,High Risk,Manual Review
62276372,35000.0, 60 months,20.99,E,E5,10+ years,MORTGAGE,80000.0,Source Verified,debt_consolidation,CA,12.24,2.0,685.0,689.0,0.0,81.7,14.0,Individual,5,High Risk,Manual Review
62246107,17250.0, 36 months,18.25,E,E1,10+ years,MORTGAGE,41123.11,Source Verified,major_purchase,AK,19.59,1.0,675.0,679.0,0.0,91.6,14.0,Individual,5,High Risk,Manual Review
62335704,12600.0, 60 months,19.19,E,E3,10+ years,RENT,70000.0,Verified,debt_consolidation,FL,31.75,0.0,735.0,739.0,0.0,103.8,11.0,Individual,6,High Risk,Manual Review
62296155,16800.0, 60 months,22.99,F,F2,9 years,MORTGAGE,59500.0,Source Verified,other,MD,32.03,0.0,665.0,669.0,3.0,4.6,30.0,Individual,5,High Risk,Manual Review
60874770,25000.0, 60 months,19.19,E,E3,5 years,MORTGAGE,50000.0,Not Verified,debt_consolidation,FL,33.25,0.0,685.0,689.0,1.0,69.1,28.0,Individual,5,High Risk,Manual Review
62115822,5075.0, 36 months,19.19,E,E3,,RENT,20400.0,Verified,credit_card,FL,30.47,0.0,705.0,709.0,0.0,52.5,27.0,Individual,5,High Risk,Manual Review
62265909,14875.0, 60 months,28.99,G,G5,2 years,RENT,39000.0,Verified,debt_consolidation,MN,38.83,0.0,720.0,724.0,0.0,3.5,9.0,Individual,5,High Risk,Manual Review
62195224,30000.0, 60 months,19.19,E,E3,10+ years,RENT,84000.0,Source Verified,debt_consolidation,VA,37.86,0.0,670.0,674.0,0.0,37.6,27.0,Individual,5,High Risk,Manual Review
62286135,35000.0, 60 months,21.99,F,F1,,MORTGAGE,82700.0,Verified,debt_consolidation,NC,32.09,1.0,660.0,664.0,0.0,60.4,42.0,Individual,6,High Risk,Manual Review
62276155,18000.0, 60 months,17.57,D,D4,10+ years,OWN,110000.0,Verified,debt_consolidation,NJ,39.64,1.0,680.0,684.0,1.0,91.1,56.0,Individual,5,High Risk,Manual Review
62155394,23900.0, 60 months,18.25,E,E1,3 years,OWN,52000.0,Source Verified,credit_card,AL,33.16,0.0,685.0,689.0,0.0,83.4,19.0,Individual,6,High Risk,Manual Review
62245964,15000.0, 60 months,19.19,E,E3,2 years,RENT,26000.0,Verified,debt_consolidation,MO,54.43,0.0,680.0,684.0,0.0,83.5,17.0,Joint App,6,High Risk,Manual Review
62105902,30000.0, 60 months,18.25,E,E1,< 1 year,MORTGAGE,85000.0,Source Verified,debt_consolidation,OR,24.88,1.0,670.0,674.0,1.0,80.6,57.0,Individual,5,High Risk,Manual Review
62043084,35000.0, 60 months,18.55,E,E2,10+ years,MORTGAGE,78000.0,Verified,debt_consolidation,MN,10.47,1.0,690.0,694.0,0.0,91.8,24.0,Individual,5,High Risk,Manual Review
62175615,23500.0, 60 months,21.99,F,F1,6 years,RENT,47000.0,Verified,debt_consolidation,TX,35.32,0.0,690.0,694.0,1.0,68.6,30.0,Individual,5,High Risk,Manual Review
62023606,12000.0, 60 months,18.25,E,E1,10+ years,MORTGAGE,86000.0,Not Verified,other,CA,14.29,2.0,675.0,679.0,1.0,95.1,23.0,Individual,5,High Risk,Manual Review
62245785,4950.0, 36 months,25.78,F,F5,10+ years,MORTGAGE,28800.0,Verified,debt_consolidation,GA,31.71,0.0,660.0,664.0,0.0,88.8,23.0,Individual,6,High Risk,Manual Review
62285766,12000.0, 60 months,19.99,E,E4,2 years,RENT,91000.0,Verified,credit_card,MA,16.73,1.0,665.0,669.0,0.0,92.4,18.0,Individual,5,High Risk,Manual Review
62325877,10500.0, 60 months,26.77,G,G1,1 year,RENT,35000.0,Verified,debt_consolidation,FL,34.16,2.0,665.0,669.0,1.0,68.8,20.0,Individual,6,High Risk,Manual Review
62285801,10200.0, 36 months,19.99,E,E4,,RENT,30000.0,Verified,debt_consolidation,TN,21.68,1.0,665.0,669.0,2.0,83.9,24.0,Individual,5,High Risk,Manual Review
62195758,35000.0, 60 months,19.19,E,E3,10+ years,MORTGAGE,100000.0,Source Verified,debt_consolidation,MA,32.32,0.0,670.0,674.0,0.0,69.8,38.0,Individual,5,High Risk,Manual Review
62175405,11200.0, 60 months,19.19,E,E3,1 year,RENT,24375.0,Source Verified,debt_consolidation,FL,32.55,3.0,695.0,699.0,0.0,34.8,34.0,Individual,6,High Risk,Manual Review
62205570,24000.0, 60 months,19.19,E,E3,,MORTGAGE,48000.0,Verified,debt_consolidation,NC,36.4,0.0,665.0,669.0,0.0,69.1,51.0,Individual,5,High Risk,Manual Review
62125761,20000.0, 60 months,21.99,F,F1,5 years,MORTGAGE,40000.0,Source Verified,debt_consolidation,PA,36.12,6.0,680.0,684.0,2.0,76.2,33.0,Individual,6,High Risk,Manual Review
61622635,11000.0, 60 months,22.99,F,F2,10+ years,OWN,49000.0,Source Verified,debt_consolidation,KY,36.93,3.0,670.0,674.0,0.0,59.0,31.0,Individual,6,High Risk,Manual Review
62205602,23975.0, 60 months,19.99,E,E4,4 years,MORTGAGE,93000.0,Not Verified,major_purchase,NC,19.61,1.0,670.0,674.0,0.0,85.2,20.0,Individual,5,High Risk,Manual Review
62305844,9450.0, 36 months,21.99,F,F1,10+ years,MORTGAGE,55000.0,Verified,debt_consolidation,NY,38.36,0.0,675.0,679.0,2.0,92.1,22.0,Individual,6,High Risk,Manual Review
62125686,12475.0, 60 months,19.99,E,E4,< 1 year,RENT,41600.0,Verified,debt_consolidation,MI,33.29,0.0,670.0,674.0,1.0,77.0,22.0,Individual,5,High Risk,Manual Review
62255700,16000.0, 60 months,25.78,F,F5,7 years,RENT,87000.0,Verified,debt_consolidation,CA,36.14,0.0,660.0,664.0,2.0,85.6,13.0,Individual,6,High Risk,Manual Review
62275723,31675.0, 60 months,18.55,E,E2,< 1 year,RENT,72000.0,Verified,debt_consolidation,FL,38.31,2.0,680.0,684.0,0.0,66.7,35.0,Individual,6,High Risk,Manual Review
62235720,35000.0, 60 months,18.25,E,E1,3 years,OWN,1100000.0,Source Verified,debt_consolidation,NJ,5.94,1.0,670.0,674.0,0.0,96.0,32.0,Individual,5,High Risk,Manual Review
61873305,35000.0, 60 months,23.99,F,F3,10+ years,RENT,61140.0,Verified,debt_consolidation,IL,45.77,0.0,665.0,669.0,1.0,68.2,96.0,Joint App,5,High Risk,Manual Review
60754039,16225.0, 60 months,21.99,F,F1,5 years,RENT,47750.0,Verified,debt_consolidation,UT,32.67,0.0,710.0,714.0,0.0,71.7,19.0,Individual,5,High Risk,Manual Review
62155641,13850.0, 36 months,18.55,E,E2,10+ years,RENT,38500.0,Verified,debt_consolidation,SC,35.57,0.0,700.0,704.0,1.0,92.6,16.0,Individual,6,High Risk,Manual Review
61439356,3125.0, 36 months,18.25,E,E1,,RENT,18012.0,Verified,debt_consolidation,CA,35.38,0.0,705.0,709.0,0.0,33.7,17.0,Individual,5,High Risk,Manual Review
62305622,16000.0, 60 months,19.19,E,E3,10+ years,OWN,40000.0,Verified,debt_consolidation,TX,31.69,0.0,665.0,669.0,0.0,63.3,26.0,Individual,5,High Risk,Manual Review
62255601,10000.0, 60 months,19.19,E,E3,,MORTGAGE,64000.0,Verified,home_improvement,MD,31.9,0.0,670.0,674.0,2.0,81.8,30.0,Individual,6,High Risk,Manual Review
62305646,7700.0, 36 months,19.19,E,E3,2 years,RENT,40473.6,Verified,debt_consolidation,AL,36.71,1.0,665.0,669.0,0.0,86.0,40.0,Individual,7,High Risk,Manual Review
62255495,33400.0, 60 months,20.99,E,E5,2 years,RENT,79536.0,Source Verified,credit_card,IL,30.45,0.0,660.0,664.0,0.0,57.7,37.0,Individual,5,High Risk,Manual Review
62115546,12000.0, 60 months,26.77,G,G1,2 years,RENT,40000.0,Verified,debt_consolidation,GA,37.5,0.0,685.0,689.0,1.0,63.9,11.0,Individual,5,High Risk,Manual Review
62195467,12800.0, 60 months,18.25,E,E1,10+ years,MORTGAGE,95000.0,Verified,debt_consolidation,GA,34.13,0.0,670.0,674.0,1.0,60.8,31.0,Individual,5,High Risk,Manual Review
61902551,20400.0, 60 months,19.99,E,E4,10+ years,MORTGAGE,60000.0,Verified,debt_consolidation,FL,14.88,1.0,670.0,674.0,0.0,90.8,31.0,Individual,5,High Risk,Manual Review
62305550,34000.0, 60 months,19.19,E,E3,10+ years,OWN,68000.0,Source Verified,other,FL,34.82,0.0,730.0,734.0,0.0,11.8,40.0,Individual,5,High Risk,Manual Review
62125265,30400.0, 60 months,25.78,F,F5,1 year,MORTGAGE,80000.0,Verified,debt_consolidation,CO,30.66,0.0,700.0,704.0,3.0,35.2,36.0,Individual,5,High Risk,Manual Review
62245453,31025.0, 60 months,17.57,D,D4,10+ years,MORTGAGE,90000.0,Source Verified,debt_consolidation,MN,32.99,1.0,680.0,684.0,0.0,83.0,35.0,Individual,5,High Risk,Manual Review
62295436,10375.0, 60 months,18.25,E,E1,1 year,MORTGAGE,65000.0,Source Verified,debt_consolidation,NV,36.21,1.0,690.0,694.0,2.0,92.2,24.0,Individual,7,High Risk,Manual Review
61528590,28500.0, 60 months,19.99,E,E4,4 years,MORTGAGE,75000.0,Source Verified,debt_consolidation,FL,9.41,2.0,665.0,669.0,1.0,88.8,19.0,Individual,5,High Risk,Manual Review
62295333,13850.0, 60 months,18.25,E,E1,10+ years,OWN,75377.0,Source Verified,debt_consolidation,IN,30.19,0.0,675.0,679.0,2.0,72.9,31.0,Individual,5,High Risk,Manual Review
61932885,9525.0, 36 months,19.99,E,E4,,OWN,19056.0,Verified,debt_consolidation,LA,32.3,0.0,710.0,714.0,0.0,59.3,9.0,Individual,5,High Risk,Manual Review
62335260,6000.0, 36 months,19.19,E,E3,10+ years,MORTGAGE,38000.0,Source Verified,home_improvement,FL,34.82,4.0,660.0,664.0,3.0,22.9,24.0,Individual,6,High Risk,Manual Review
62175319,12000.0, 60 months,19.99,E,E4,10+ years,MORTGAGE,61248.0,Source Verified,debt_consolidation,AZ,34.52,0.0,670.0,674.0,0.0,87.3,23.0,Individual,6,High Risk,Manual Review
62125345,32200.0, 60 months,18.55,E,E2,1 year,MORTGAGE,70000.0,Source Verified,debt_consolidation,NY,31.06,0.0,680.0,684.0,0.0,67.5,58.0,Individual,5,High Risk,Manual Review
62255292,12800.0, 36 months,21.99,F,F1,8 years,RENT,46000.0,Verified,debt_consolidation,CA,32.38,0.0,660.0,664.0,3.0,32.0,25.0,Individual,5,High Risk,Manual Review
61722239,3200.0, 36 months,18.25,E,E1,< 1 year,OWN,48000.0,Verified,credit_card,TX,34.4,0.0,660.0,664.0,0.0,66.7,27.0,Individual,5,High Risk,Manual Review
62245231,12600.0, 60 months,18.25,E,E1,2 years,OWN,9000.0,Source Verified,credit_card,OH,55.1,0.0,690.0,694.0,0.0,70.5,12.0,Joint App,5,High Risk,Manual Review
61413078,1000.0, 36 months,18.55,E,E2,< 1 year,RENT,24000.0,Source Verified,debt_consolidation,NV,38.59,0.0,670.0,674.0,0.0,66.5,19.0,Individual,5,High Risk,Manual Review
62165203,2375.0, 36 months,19.19,E,E3,10+ years,MORTGAGE,55000.0,Verified,other,OK,32.75,0.0,670.0,674.0,2.0,40.6,12.0,Individual,5,High Risk,Manual Review
62003322,9600.0, 36 months,19.99,E,E4,2 years,RENT,32000.0,Verified,debt_consolidation,IN,37.58,0.0,685.0,689.0,1.0,61.0,9.0,Individual,5,High Risk,Manual Review
62063204,14000.0, 60 months,18.25,E,E1,5 years,RENT,64000.0,Verified,debt_consolidation,TX,31.65,0.0,660.0,664.0,2.0,89.1,40.0,Individual,6,High Risk,Manual Review
62043321,24950.0, 60 months,21.99,F,F1,10+ years,RENT,65700.0,Source Verified,debt_consolidation,NY,38.26,2.0,680.0,684.0,2.0,42.2,28.0,Individual,6,High Risk,Manual Review
61983375,12000.0, 60 months,19.19,E,E3,8 years,RENT,30000.0,Source Verified,debt_consolidation,CA,35.56,1.0,670.0,674.0,1.0,75.2,20.0,Individual,6,High Risk,Manual Review
61672870,30000.0, 60 months,19.99,E,E4,10+ years,MORTGAGE,75000.0,Source Verified,debt_consolidation,OK,35.65,0.0,685.0,689.0,2.0,79.2,28.0,Individual,5,High Risk,Manual Review
60781462,9300.0, 36 months,18.25,E,E1,7 years,RENT,30000.0,Source Verified,medical,SC,35.44,0.0,675.0,679.0,0.0,51.0,13.0,Individual,5,High Risk,Manual Review
61973382,12000.0, 60 months,18.55,E,E2,10+ years,OWN,85000.0,Verified,other,HI,35.75,1.0,680.0,684.0,1.0,98.0,23.0,Individual,7,High Risk,Manual Review
61602972,3000.0, 36 months,18.25,E,E1,10+ years,RENT,100000.0,Verified,moving,AL,25.64,1.0,660.0,664.0,2.0,83.1,31.0,Individual,5,High Risk,Manual Review
62255139,24000.0, 60 months,19.19,E,E3,10+ years,MORTGAGE,64000.0,Source Verified,debt_consolidation,IL,31.24,0.0,695.0,699.0,2.0,54.7,63.0,Individual,5,High Risk,Manual Review
61863373,21000.0, 60 months,20.99,E,E5,9 years,MORTGAGE,90000.0,Verified,debt_consolidation,TN,25.2,2.0,675.0,679.0,1.0,90.7,30.0,Individual,5,High Risk,Manual Review
61489525,20000.0, 60 months,20.99,E,E5,4 years,MORTGAGE,50000.0,Source Verified,debt_consolidation,TX,33.58,0.0,710.0,714.0,2.0,46.8,11.0,Individual,5,High Risk,Manual Review
62145128,1000.0, 36 months,16.55,D,D2,5 years,RENT,75000.0,Verified,major_purchase,CO,34.03,1.0,660.0,664.0,1.0,93.1,34.0,Individual,5,High Risk,Manual Review
61873295,21750.0, 60 months,19.19,E,E3,5 years,OWN,55598.4,Verified,credit_card,NY,36.66,0.0,710.0,714.0,0.0,38.1,21.0,Individual,5,High Risk,Manual Review
61992955,10000.0, 60 months,18.55,E,E2,6 years,RENT,86000.0,Source Verified,other,DE,35.84,0.0,720.0,724.0,0.0,77.6,27.0,Individual,5,High Risk,Manual Review
60824783,18000.0, 60 months,19.19,E,E3,8 years,MORTGAGE,45000.0,Source Verified,debt_consolidation,OR,38.56,0.0,670.0,674.0,0.0,80.8,31.0,Individual,6,High Risk,Manual Review
61933295,30000.0, 60 months,20.99,E,E5,10+ years,RENT,75000.0,Source Verified,debt_consolidation,NM,34.5,0.0,670.0,674.0,2.0,84.1,44.0,Individual,6,High Risk,Manual Review
61581788,17425.0, 60 months,20.99,E,E5,10+ years,OWN,53000.0,Source Verified,other,TX,30.71,0.0,715.0,719.0,0.0,81.4,30.0,Individual,6,High Risk,Manual Review
62003178,9700.0, 36 months,18.25,E,E1,< 1 year,RENT,27000.0,Source Verified,debt_consolidation,NE,36.71,0.0,695.0,699.0,0.0,45.0,16.0,Individual,5,High Risk,Manual Review
62073315,7900.0, 36 months,19.19,E,E3,< 1 year,RENT,22000.0,Verified,debt_consolidation,MA,37.59,0.0,660.0,664.0,1.0,54.5,16.0,Individual,5,High Risk,Manual Review
61843425,27000.0, 60 months,18.25,E,E1,< 1 year,OWN,60000.0,Verified,debt_consolidation,NY,36.14,0.0,695.0,699.0,1.0,91.0,15.0,Individual,6,High Risk,Manual Review
61862276,30000.0, 60 months,18.25,E,E1,10+ years,RENT,75000.0,Source Verified,debt_consolidation,ND,33.25,0.0,700.0,704.0,0.0,31.1,31.0,Individual,5,High Risk,Manual Review
62013401,17175.0, 60 months,18.55,E,E2,10+ years,MORTGAGE,45000.0,Verified,debt_consolidation,NY,30.03,0.0,670.0,674.0,0.0,42.8,50.0,Individual,5,High Risk,Manual Review
61882578,35000.0, 60 months,19.99,E,E4,10+ years,MORTGAGE,116000.0,Verified,debt_consolidation,TX,39.91,0.0,665.0,669.0,0.0,70.2,41.0,Individual,5,High Risk,Manual Review
61843411,28500.0, 60 months,20.99,E,E5,10+ years,OWN,62000.0,Verified,debt_consolidation,WV,39.31,0.0,680.0,684.0,0.0,48.7,38.0,Individual,5,High Risk,Manual Review
62053325,16000.0, 36 months,18.25,E,E1,3 years,MORTGAGE,80000.0,Verified,debt_consolidation,NJ,32.31,0.0,660.0,664.0,2.0,65.8,56.0,Individual,5,High Risk,Manual Review
61962220,12000.0, 60 months,19.99,E,E4,4 years,RENT,40000.0,Verified,credit_card,OH,37.47,0.0,680.0,684.0,0.0,81.5,23.0,Individual,6,High Risk,Manual Review
61843408,8400.0, 36 months,18.55,E,E2,,OWN,20000.0,Verified,debt_consolidation,PA,37.03,0.0,710.0,714.0,0.0,27.9,29.0,Individual,5,High Risk,Manual Review
61451244,16800.0, 60 months,20.99,E,E5,10+ years,RENT,40000.0,Source Verified,debt_consolidation,OH,35.75,0.0,660.0,664.0,1.0,69.1,36.0,Individual,5,High Risk,Manual Review
61473238,12000.0, 60 months,19.19,E,E3,1 year,OWN,27856.0,Verified,home_improvement,SD,33.99,0.0,695.0,699.0,3.0,45.8,34.0,Individual,5,High Risk,Manual Review
62002515,20650.0, 60 months,19.19,E,E3,8 years,MORTGAGE,62000.0,Source Verified,home_improvement,TX,38.27,0.0,690.0,694.0,0.0,38.1,34.0,Individual,5,High Risk,Manual Review
61993005,12600.0, 60 months,19.19,E,E3,5 years,RENT,35000.0,Verified,debt_consolidation,OH,33.06,0.0,685.0,689.0,0.0,86.1,10.0,Individual,6,High Risk,Manual Review
61453808,8000.0, 36 months,23.99,F,F3,5 years,RENT,24480.0,Source Verified,car,MD,30.49,0.0,695.0,699.0,1.0,62.5,11.0,Individual,5,High Risk,Manual Review
61963209,14850.0, 60 months,20.99,E,E5,< 1 year,RENT,55000.0,Verified,debt_consolidation,NC,31.18,0.0,680.0,684.0,2.0,99.0,13.0,Individual,6,High Risk,Manual Review
61973169,10000.0, 60 months,20.99,E,E5,10+ years,MORTGAGE,70000.0,Source Verified,debt_consolidation,CA,18.82,1.0,665.0,669.0,2.0,90.8,19.0,Individual,5,High Risk,Manual Review
62003092,34600.0, 36 months,16.99,D,D3,10+ years,RENT,69240.0,Verified,debt_consolidation,TX,31.33,1.0,705.0,709.0,0.0,88.2,21.0,Individual,5,High Risk,Manual Review
62062976,15625.0, 60 months,25.78,F,F5,10+ years,MORTGAGE,68000.0,Verified,debt_consolidation,NV,31.74,0.0,670.0,674.0,1.0,80.6,83.0,Individual,6,High Risk,Manual Review
61992870,4500.0, 36 months,19.19,E,E3,10+ years,OWN,15000.0,Verified,debt_consolidation,CA,34.0,0.0,685.0,689.0,0.0,95.0,14.0,Individual,6,High Risk,Manual Review
61943035,25000.0, 60 months,18.55,E,E2,1 year,MORTGAGE,115000.0,Not Verified,debt_consolidation,MD,18.03,1.0,680.0,684.0,1.0,88.9,41.0,Individual,5,High Risk,Manual Review
62062839,18000.0, 60 months,18.55,E,E2,10+ years,RENT,21559.0,Verified,debt_consolidation,OK,59.19,0.0,715.0,719.0,0.0,52.0,21.0,Joint App,5,High Risk,Manual Review
61932967,10000.0, 60 months,21.99,F,F1,2 years,MORTGAGE,71136.0,Verified,debt_consolidation,CA,5.67,1.0,700.0,704.0,0.0,98.1,9.0,Individual,5,High Risk,Manual Review
61551721,13025.0, 60 months,18.55,E,E2,,MORTGAGE,62000.0,Verified,debt_consolidation,CA,33.97,0.0,700.0,704.0,1.0,62.5,14.0,Individual,5,High Risk,Manual Review
61872930,21000.0, 60 months,18.25,E,E1,10+ years,MORTGAGE,107000.0,Source Verified,debt_consolidation,PA,11.89,1.0,660.0,664.0,1.0,91.7,20.0,Individual,5,High Risk,Manual Review
61992902,11100.0, 60 months,19.99,E,E4,10+ years,MORTGAGE,59000.0,Verified,debt_consolidation,MD,32.34,0.0,665.0,669.0,1.0,49.0,34.0,Individual,5,High Risk,Manual Review
61322039,9700.0, 36 months,18.55,E,E2,3 years,RENT,27000.0,Verified,debt_consolidation,PA,34.76,0.0,660.0,664.0,0.0,88.1,25.0,Individual,6,High Risk,Manual Review
61942940,35000.0, 60 months,19.19,E,E3,10+ years,MORTGAGE,175000.0,Verified,debt_consolidation,WA,6.96,1.0,720.0,724.0,1.0,91.1,24.0,Individual,5,High Risk,Manual Review
61852848,2550.0, 36 months,21.99,F,F1,,RENT,20000.0,Verified,medical,OH,32.47,0.0,670.0,674.0,4.0,46.8,25.0,Individual,5,High Risk,Manual Review
61992934,22500.0, 60 months,18.55,E,E2,3 years,RENT,67300.0,Source Verified,debt_consolidation,WA,35.18,0.0,680.0,684.0,1.0,74.4,38.0,Individual,5,High Risk,Manual Review
62033025,17925.0, 60 months,19.19,E,E3,7 years,OWN,39000.0,Source Verified,debt_consolidation,TX,32.25,0.0,725.0,729.0,0.0,44.4,30.0,Individual,5,High Risk,Manual Review
60972156,17500.0, 60 months,21.99,F,F1,4 years,MORTGAGE,35000.0,Verified,home_improvement,WA,35.19,1.0,695.0,699.0,0.0,70.4,17.0,Individual,6,High Risk,Manual Review
62003011,35000.0, 60 months,18.55,E,E2,3 years,OWN,95000.0,Source Verified,credit_card,GA,31.38,0.0,685.0,689.0,2.0,67.6,23.0,Individual,5,High Risk,Manual Review
61853001,15000.0, 60 months,18.55,E,E2,4 years,OWN,57108.0,Verified,debt_consolidation,MD,33.83,0.0,660.0,664.0,0.0,92.5,37.0,Individual,6,High Risk,Manual Review
61982935,10775.0, 60 months,18.55,E,E2,< 1 year,MORTGAGE,37000.0,Source Verified,debt_consolidation,OH,34.48,0.0,685.0,689.0,1.0,68.4,19.0,Individual,5,High Risk,Manual Review
62072900,15000.0, 60 months,18.55,E,E2,10+ years,MORTGAGE,94000.0,Verified,credit_card,AL,30.84,0.0,665.0,669.0,2.0,67.0,35.0,Individual,5,High Risk,Manual Review
61892930,24500.0, 60 months,22.99,F,F2,8 years,MORTGAGE,75000.0,Verified,debt_consolidation,CA,39.29,0.0,660.0,664.0,0.0,77.2,32.0,Individual,5,High Risk,Manual Review
61892731,18775.0, 60 months,18.25,E,E1,7 years,OWN,62000.0,Not Verified,credit_card,AL,36.91,0.0,700.0,704.0,2.0,42.4,38.0,Individual,5,High Risk,Manual Review
61872682,21600.0, 60 months,18.55,E,E2,8 years,OWN,47000.0,Not Verified,credit_card,IL,36.41,1.0,700.0,704.0,0.0,27.7,28.0,Individual,6,High Risk,Manual Review
61922819,8000.0, 36 months,16.99,D,D3,10+ years,MORTGAGE,90230.0,Verified,credit_card,MO,36.87,2.0,660.0,664.0,3.0,89.0,29.0,Individual,5,High Risk,Manual Review
61912652,28000.0, 60 months,19.19,E,E3,2 years,MORTGAGE,90000.0,Not Verified,credit_card,PA,33.19,1.0,660.0,664.0,2.0,85.3,39.0,Individual,7,High Risk,Manual Review
61872674,35000.0, 60 months,18.55,E,E2,< 1 year,MORTGAGE,97000.0,Source Verified,debt_consolidation,FL,30.93,0.0,670.0,674.0,0.0,87.7,26.0,Individual,6,High Risk,Manual Review
61036376,14050.0, 60 months,18.25,E,E1,10+ years,RENT,46800.0,Verified,debt_consolidation,CA,30.9,0.0,735.0,739.0,0.0,14.7,40.0,Individual,5,High Risk,Manual Review
61902841,35000.0, 60 months,19.19,E,E3,8 years,MORTGAGE,128000.0,Verified,debt_consolidation,VA,37.83,0.0,685.0,689.0,0.0,81.0,28.0,Individual,6,High Risk,Manual Review
61972680,11600.0, 60 months,21.99,F,F1,6 years,MORTGAGE,52000.0,Verified,debt_consolidation,TX,36.26,0.0,665.0,669.0,1.0,43.9,20.0,Individual,5,High Risk,Manual Review
61952672,24000.0, 60 months,18.25,E,E1,8 years,OWN,48000.0,Not Verified,debt_consolidation,LA,31.85,0.0,720.0,724.0,1.0,87.1,13.0,Individual,6,High Risk,Manual Review
61952711,30000.0, 60 months,19.19,E,E3,1 year,RENT,75000.0,Source Verified,debt_consolidation,CA,31.39,2.0,680.0,684.0,1.0,12.7,42.0,Individual,6,High Risk,Manual Review
61473249,19550.0, 36 months,18.25,E,E1,3 years,RENT,49400.0,Verified,debt_consolidation,WA,33.16,0.0,680.0,684.0,1.0,43.0,31.0,Individual,5,High Risk,Manual Review
61972538,7950.0, 36 months,19.19,E,E3,< 1 year,OWN,39520.0,Verified,debt_consolidation,OH,31.28,1.0,690.0,694.0,0.0,6.8,24.0,Individual,6,High Risk,Manual Review
61509973,15500.0, 60 months,19.19,E,E3,4 years,RENT,49000.0,Source Verified,debt_consolidation,PA,38.67,0.0,685.0,689.0,0.0,33.8,41.0,Individual,5,High Risk,Manual Review
61018866,2600.0, 36 months,19.19,E,E3,10+ years,MORTGAGE,40000.0,Source Verified,debt_consolidation,OH,32.52,0.0,700.0,704.0,1.0,77.2,23.0,Individual,5,High Risk,Manual Review
61912185,12000.0, 60 months,18.25,E,E1,10+ years,MORTGAGE,41300.0,Source Verified,debt_consolidation,OH,37.81,0.0,660.0,664.0,1.0,74.4,20.0,Individual,5,High Risk,Manual Review
61862540,15000.0, 60 months,18.25,E,E1,< 1 year,OWN,42000.0,Not Verified,debt_consolidation,AZ,38.54,0.0,670.0,674.0,1.0,31.6,31.0,Individual,5,High Risk,Manual Review
61942725,25000.0, 60 months,19.19,E,E3,1 year,MORTGAGE,60000.0,Source Verified,debt_consolidation,AL,36.74,0.0,745.0,749.0,0.0,35.0,35.0,Individual,5,High Risk,Manual Review
62032746,19000.0, 36 months,19.99,E,E4,< 1 year,RENT,57000.0,Verified,debt_consolidation,TX,34.07,6.0,660.0,664.0,3.0,81.0,53.0,Individual,7,High Risk,Manual Review
61842556,20000.0, 60 months,16.99,D,D3,10+ years,MORTGAGE,53000.0,Not Verified,credit_card,VA,31.3,1.0,690.0,694.0,0.0,82.0,22.0,Individual,5,High Risk,Manual Review
62072575,16000.0, 60 months,18.55,E,E2,10+ years,RENT,47000.0,Verified,debt_consolidation,TX,30.89,1.0,685.0,689.0,3.0,38.4,29.0,Individual,6,High Risk,Manual Review
62012721,9275.0, 36 months,22.99,F,F2,,MORTGAGE,43200.0,Verified,debt_consolidation,MO,36.44,1.0,660.0,664.0,2.0,66.2,31.0,Individual,6,High Risk,Manual Review
60792734,10425.0, 36 months,23.99,F,F3,10+ years,RENT,36000.0,Verified,credit_card,MI,30.13,0.0,705.0,709.0,0.0,35.5,10.0,Individual,5,High Risk,Manual Review
61882580,10900.0, 60 months,20.99,E,E5,,RENT,26000.0,Verified,debt_consolidation,OH,39.75,0.0,670.0,674.0,0.0,51.9,11.0,Individual,5,High Risk,Manual Review
62002644,27275.0, 60 months,18.25,E,E1,10+ years,RENT,62000.0,Source Verified,debt_consolidation,ND,31.75,0.0,685.0,689.0,0.0,70.0,33.0,Individual,5,High Risk,Manual Review
62012571,24300.0, 60 months,21.99,F,F1,,MORTGAGE,64000.0,Verified,debt_consolidation,MD,30.74,0.0,660.0,664.0,2.0,93.3,43.0,Individual,6,High Risk,Manual Review
61842652,32000.0, 60 months,18.55,E,E2,9 years,RENT,90000.0,Source Verified,debt_consolidation,CA,32.67,0.0,730.0,734.0,1.0,57.5,25.0,Individual,5,High Risk,Manual Review
61902522,25825.0, 60 months,22.99,F,F2,10+ years,RENT,68000.0,Verified,debt_consolidation,TN,35.09,0.0,660.0,664.0,2.0,88.3,40.0,Individual,6,High Risk,Manual Review
61862384,13000.0, 60 months,18.25,E,E1,1 year,MORTGAGE,28000.0,Verified,debt_consolidation,UT,39.86,0.0,660.0,664.0,0.0,60.2,22.0,Individual,5,High Risk,Manual Review
61942377,17550.0, 60 months,18.55,E,E2,6 years,MORTGAGE,65000.0,Not Verified,credit_card,AR,37.13,0.0,680.0,684.0,0.0,59.3,19.0,Individual,5,High Risk,Manual Review
61872420,15000.0, 60 months,20.99,E,E5,10+ years,MORTGAGE,46899.0,Verified,debt_consolidation,MD,33.32,0.0,675.0,679.0,2.0,78.4,38.0,Individual,5,High Risk,Manual Review
61942526,16000.0, 60 months,18.55,E,E2,10+ years,MORTGAGE,111460.0,Source Verified,debt_consolidation,TX,20.53,1.0,675.0,679.0,1.0,88.8,51.0,Individual,5,High Risk,Manual Review
61902407,4825.0, 36 months,18.55,E,E2,3 years,MORTGAGE,40000.0,Verified,other,AL,37.08,0.0,675.0,679.0,0.0,58.5,19.0,Individual,5,High Risk,Manual Review
61363952,31750.0, 60 months,18.55,E,E2,< 1 year,RENT,125000.0,Verified,debt_consolidation,CA,35.18,1.0,675.0,679.0,0.0,54.4,50.0,Individual,6,High Risk,Manual Review
62072410,15150.0, 60 months,19.19,E,E3,,MORTGAGE,58000.0,Not Verified,debt_consolidation,TX,30.79,0.0,660.0,664.0,1.0,40.4,35.0,Individual,5,High Risk,Manual Review
61502561,20400.0, 60 months,18.55,E,E2,10+ years,MORTGAGE,75000.0,Verified,debt_consolidation,CA,18.58,1.0,660.0,664.0,1.0,87.0,48.0,Individual,5,High Risk,Manual Review
61952378,12000.0, 60 months,18.55,E,E2,8 years,MORTGAGE,30000.0,Source Verified,home_improvement,MA,32.16,0.0,695.0,699.0,1.0,36.5,25.0,Individual,5,High Risk,Manual Review
62002501,21600.0, 60 months,18.25,E,E1,5 years,MORTGAGE,49379.0,Verified,debt_consolidation,IN,31.31,0.0,670.0,674.0,1.0,31.7,19.0,Individual,5,High Risk,Manual Review
62082344,12000.0, 60 months,20.99,E,E5,< 1 year,RENT,30000.0,Verified,debt_consolidation,CA,39.56,0.0,695.0,699.0,1.0,91.1,11.0,Individual,6,High Risk,Manual Review
61702852,18000.0, 60 months,19.99,E,E4,4 years,OWN,46000.0,Verified,debt_consolidation,KY,34.67,0.0,695.0,699.0,0.0,80.9,23.0,Individual,6,High Risk,Manual Review
61541187,30000.0, 60 months,18.55,E,E2,10+ years,MORTGAGE,92000.0,Source Verified,debt_consolidation,CT,34.13,2.0,680.0,684.0,2.0,82.8,42.0,Individual,7,High Risk,Manual Review
61842338,7500.0, 36 months,15.61,D,D1,< 1 year,MORTGAGE,55000.0,Source Verified,debt_consolidation,DC,31.53,1.0,665.0,669.0,0.0,93.9,19.0,Individual,5,High Risk,Manual Review
62082248,14075.0, 60 months,18.55,E,E2,7 years,MORTGAGE,38000.0,Source Verified,debt_consolidation,OH,29.82,1.0,670.0,674.0,0.0,84.1,26.0,Individual,5,High Risk,Manual Review
62082256,22500.0, 60 months,19.99,E,E4,9 years,MORTGAGE,45000.0,Source Verified,debt_consolidation,FL,33.68,2.0,675.0,679.0,0.0,62.6,12.0,Individual,6,High Risk,Manual Review
62002161,15100.0, 60 months,26.77,G,G1,10+ years,MORTGAGE,73000.0,Verified,debt_consolidation,OH,31.4,0.0,665.0,669.0,2.0,63.3,60.0,Individual,5,High Risk,Manual Review
61892298,10800.0, 36 months,19.99,E,E4,3 years,RENT,36000.0,Verified,debt_consolidation,TX,31.33,0.0,675.0,679.0,1.0,75.4,16.0,Individual,5,High Risk,Manual Review
61972181,14400.0, 60 months,16.99,D,D3,< 1 year,RENT,57500.0,Verified,debt_consolidation,CA,33.83,1.0,665.0,669.0,0.0,83.5,37.0,Individual,5,High Risk,Manual Review
61952182,11150.0, 60 months,24.99,F,F4,4 years,RENT,31000.0,Verified,major_purchase,CA,31.13,0.0,685.0,689.0,0.0,38.3,18.0,Individual,5,High Risk,Manual Review
61982327,30150.0, 60 months,18.55,E,E2,9 years,MORTGAGE,67000.0,Verified,debt_consolidation,OH,34.64,2.0,670.0,674.0,3.0,78.0,23.0,Individual,6,High Risk,Manual Review
61852297,11900.0, 60 months,19.99,E,E4,< 1 year,RENT,35000.0,Verified,debt_consolidation,NY,30.49,3.0,665.0,669.0,0.0,55.5,27.0,Individual,6,High Risk,Manual Review
61742178,21425.0, 60 months,18.55,E,E2,10+ years,MORTGAGE,69096.0,Source Verified,other,CA,30.72,0.0,690.0,694.0,1.0,68.3,34.0,Individual,5,High Risk,Manual Review
62012176,17800.0, 60 months,19.19,E,E3,10+ years,MORTGAGE,60000.0,Source Verified,debt_consolidation,MO,35.82,0.0,675.0,679.0,0.0,87.5,34.0,Individual,6,High Risk,Manual Review
62032293,12350.0, 60 months,21.99,F,F1,10+ years,MORTGAGE,80000.0,Verified,home_improvement,TX,38.75,0.0,690.0,694.0,0.0,91.4,34.0,Individual,6,High Risk,Manual Review
61742778,12950.0, 60 months,21.99,F,F1,10+ years,OWN,36000.0,Source Verified,debt_consolidation,MT,34.1,0.0,680.0,684.0,0.0,81.7,15.0,Individual,6,High Risk,Manual Review
61802749,13200.0, 60 months,21.99,F,F1,7 years,RENT,30000.0,Source Verified,debt_consolidation,MI,30.52,0.0,700.0,704.0,0.0,38.8,9.0,Individual,5,High Risk,Manual Review
61712805,5050.0, 36 months,19.99,E,E4,4 years,RENT,13300.0,Verified,credit_card,NY,36.81,0.0,670.0,674.0,0.0,97.5,12.0,Individual,6,High Risk,Manual Review
61393746,15000.0, 60 months,17.57,D,D4,6 years,MORTGAGE,41000.0,Verified,debt_consolidation,IN,39.75,1.0,665.0,669.0,2.0,82.3,29.0,Individual,5,High Risk,Manual Review
61581819,25825.0, 60 months,22.99,F,F2,10+ years,MORTGAGE,65000.0,Source Verified,home_improvement,NC,34.92,1.0,675.0,679.0,0.0,61.1,19.0,Individual,6,High Risk,Manual Review
61672830,6375.0, 36 months,19.19,E,E3,,RENT,14500.0,Verified,debt_consolidation,PA,37.75,0.0,700.0,704.0,0.0,90.2,7.0,Individual,6,High Risk,Manual Review
60933027,11875.0, 60 months,18.25,E,E1,10+ years,RENT,39000.0,Verified,debt_consolidation,CA,39.32,0.0,670.0,674.0,1.0,54.4,25.0,Individual,5,High Risk,Manual Review
61822900,6400.0, 36 months,18.55,E,E2,3 years,RENT,20000.0,Verified,credit_card,CA,30.91,0.0,670.0,674.0,0.0,81.9,5.0,Individual,6,High Risk,Manual Review
61311532,35000.0, 60 months,21.99,F,F1,10+ years,MORTGAGE,90000.0,Verified,debt_consolidation,FL,32.25,1.0,680.0,684.0,1.0,29.6,38.0,Individual,6,High Risk,Manual Review
60982156,35000.0, 60 months,19.19,E,E3,7 years,MORTGAGE,92000.0,Verified,debt_consolidation,AZ,34.9,0.0,660.0,664.0,0.0,70.1,26.0,Individual,5,High Risk,Manual Review
61429839,30150.0, 60 months,18.25,E,E1,10+ years,MORTGAGE,76576.0,Source Verified,credit_card,WI,31.58,0.0,685.0,689.0,1.0,56.1,46.0,Individual,5,High Risk,Manual Review
61732655,26175.0, 60 months,17.86,D,D5,10+ years,MORTGAGE,62000.0,Not Verified,debt_consolidation,AL,33.08,1.0,700.0,704.0,0.0,83.8,23.0,Individual,5,High Risk,Manual Review
61812692,12000.0, 60 months,19.19,E,E3,10+ years,OWN,45000.0,Verified,debt_consolidation,GA,30.64,1.0,670.0,674.0,2.0,28.1,72.0,Individual,6,High Risk,Manual Review
61692499,21800.0, 60 months,19.19,E,E3,10+ years,MORTGAGE,59000.0,Source Verified,debt_consolidation,VA,33.01,0.0,685.0,689.0,0.0,68.5,35.0,Individual,5,High Risk,Manual Review
61702650,19675.0, 60 months,19.99,E,E4,,MORTGAGE,44760.0,Verified,debt_consolidation,FL,30.88,0.0,705.0,709.0,0.0,52.0,19.0,Individual,5,High Risk,Manual Review
61642597,35000.0, 60 months,18.55,E,E2,< 1 year,MORTGAGE,135000.0,Verified,credit_card,GA,12.08,1.0,675.0,679.0,2.0,96.0,23.0,Individual,5,High Risk,Manual Review
61622550,18000.0, 60 months,19.19,E,E3,10+ years,MORTGAGE,45000.0,Source Verified,debt_consolidation,TX,36.59,0.0,680.0,684.0,1.0,26.1,18.0,Individual,5,High Risk,Manual Review
61792542,12425.0, 60 months,24.99,F,F4,2 years,MORTGAGE,60005.0,Verified,debt_consolidation,RI,35.29,0.0,705.0,709.0,3.0,32.4,43.0,Individual,5,High Risk,Manual Review
61351673,18000.0, 60 months,19.19,E,E3,< 1 year,RENT,68000.0,Verified,debt_consolidation,AL,39.85,0.0,665.0,669.0,1.0,96.2,22.0,Individual,6,High Risk,Manual Review
61400952,13075.0, 60 months,21.99,F,F1,< 1 year,OWN,38489.0,Source Verified,debt_consolidation,MO,32.71,0.0,670.0,674.0,0.0,84.9,10.0,Individual,6,High Risk,Manual Review
61732478,14750.0, 36 months,19.19,E,E3,,OWN,34000.0,Verified,debt_consolidation,AR,37.13,0.0,675.0,679.0,2.0,88.4,31.0,Individual,6,High Risk,Manual Review
61642354,25000.0, 60 months,18.25,E,E1,4 years,MORTGAGE,56000.0,Source Verified,debt_consolidation,AL,30.75,0.0,660.0,664.0,0.0,85.4,23.0,Individual,6,High Risk,Manual Review
61322089,21075.0, 60 months,20.99,E,E5,5 years,MORTGAGE,51000.0,Source Verified,debt_consolidation,CT,34.28,1.0,675.0,679.0,0.0,43.0,23.0,Individual,6,High Risk,Manual Review
61742332,13600.0, 60 months,20.99,E,E5,,MORTGAGE,60000.0,Verified,credit_card,PA,34.34,1.0,660.0,664.0,3.0,69.0,37.0,Individual,6,High Risk,Manual Review
61652407,12250.0, 60 months,19.19,E,E3,6 years,OWN,35000.0,Verified,debt_consolidation,OH,35.84,0.0,690.0,694.0,0.0,55.0,29.0,Individual,5,High Risk,Manual Review
61752314,12800.0, 60 months,19.19,E,E3,3 years,OWN,51000.0,Verified,major_purchase,TN,31.84,0.0,670.0,674.0,1.0,44.9,31.0,Individual,5,High Risk,Manual Review
61662351,18400.0, 60 months,18.55,E,E2,,RENT,46000.0,Not Verified,debt_consolidation,FL,33.58,0.0,675.0,679.0,0.0,53.4,17.0,Individual,5,High Risk,Manual Review
61682442,17375.0, 60 months,26.77,G,G1,,RENT,43464.0,Verified,debt_consolidation,NC,33.74,1.0,680.0,684.0,3.0,61.8,38.0,Individual,6,High Risk,Manual Review
61652418,20600.0, 60 months,19.19,E,E3,< 1 year,RENT,55000.0,Source Verified,debt_consolidation,IN,32.21,0.0,660.0,664.0,0.0,79.0,15.0,Individual,5,High Risk,Manual Review
61672503,10000.0, 60 months,18.25,E,E1,10+ years,OWN,48000.0,Source Verified,home_improvement,NV,33.65,5.0,660.0,664.0,0.0,71.4,26.0,Individual,6,High Risk,Manual Review
61762386,35000.0, 60 months,28.99,G,G5,10+ years,MORTGAGE,103000.0,Verified,debt_consolidation,IL,19.62,4.0,660.0,664.0,1.0,82.8,33.0,Individual,5,High Risk,Manual Review
61398743,11500.0, 36 months,26.77,G,G1,,OWN,36000.0,Verified,other,CA,36.57,0.0,675.0,679.0,1.0,95.9,11.0,Individual,6,High Risk,Manual Review
61692295,10200.0, 60 months,18.25,E,E1,3 years,RENT,30000.0,Verified,other,TX,33.44,1.0,690.0,694.0,0.0,27.2,19.0,Individual,6,High Risk,Manual Review
61602204,11900.0, 36 months,18.55,E,E2,10+ years,MORTGAGE,35000.0,Verified,debt_consolidation,MN,27.61,2.0,670.0,674.0,0.0,84.2,16.0,Individual,5,High Risk,Manual Review
61612206,22500.0, 60 months,19.19,E,E3,9 years,MORTGAGE,50000.0,Verified,debt_consolidation,VT,34.09,0.0,695.0,699.0,0.0,62.0,41.0,Individual,5,High Risk,Manual Review
61752279,7075.0, 36 months,19.19,E,E3,10+ years,MORTGAGE,35000.0,Verified,debt_consolidation,GA,33.78,0.0,700.0,704.0,4.0,20.0,74.0,Individual,5,High Risk,Manual Review
61622196,22875.0, 60 months,20.99,E,E5,,MORTGAGE,60000.0,Verified,debt_consolidation,NE,36.03,0.0,680.0,684.0,0.0,53.5,28.0,Individual,5,High Risk,Manual Review
61592183,16150.0, 60 months,26.77,G,G1,5 years,RENT,44900.0,Verified,debt_consolidation,KY,33.65,0.0,665.0,669.0,1.0,84.4,13.0,Individual,6,High Risk,Manual Review
61792115,14250.0, 60 months,21.99,F,F1,9 years,MORTGAGE,75000.0,Source Verified,debt_consolidation,MI,31.63,1.0,670.0,674.0,2.0,72.7,42.0,Individual,6,High Risk,Manual Review
61782352,15000.0, 60 months,19.99,E,E4,1 year,MORTGAGE,37500.0,Source Verified,major_purchase,OH,10.18,1.0,675.0,679.0,1.0,89.5,14.0,Individual,5,High Risk,Manual Review
61592232,9000.0, 36 months,18.25,E,E1,6 years,RENT,42000.0,Verified,debt_consolidation,NJ,35.09,0.0,680.0,684.0,1.0,51.6,15.0,Individual,5,High Risk,Manual Review
61453849,28000.0, 60 months,18.25,E,E1,10+ years,MORTGAGE,100000.0,Source Verified,debt_consolidation,IL,37.3,0.0,710.0,714.0,0.0,85.2,43.0,Individual,6,High Risk,Manual Review
61752214,17150.0, 60 months,20.99,E,E5,10+ years,MORTGAGE,39000.0,Source Verified,credit_card,KY,30.6,0.0,700.0,704.0,1.0,55.8,25.0,Individual,5,High Risk,Manual Review
61792264,25075.0, 60 months,22.99,F,F2,10+ years,RENT,66000.0,Verified,debt_consolidation,NY,39.05,2.0,690.0,694.0,1.0,57.6,33.0,Individual,6,High Risk,Manual Review
61652189,11000.0, 60 months,19.99,E,E4,< 1 year,MORTGAGE,31700.0,Verified,home_improvement,NY,18.17,2.0,670.0,674.0,2.0,80.6,18.0,Individual,5,High Risk,Manual Review
61662194,27900.0, 60 months,19.19,E,E3,10+ years,OWN,85000.0,Not Verified,debt_consolidation,OK,32.2,0.0,660.0,664.0,1.0,59.9,36.0,Individual,5,High Risk,Manual Review
61662275,17300.0, 60 months,18.25,E,E1,10+ years,MORTGAGE,75000.0,Source Verified,credit_card,PA,30.75,0.0,660.0,664.0,2.0,64.0,25.0,Individual,5,High Risk,Manual Review
61762147,16675.0, 60 months,18.55,E,E2,5 years,RENT,37954.0,Verified,debt_consolidation,FL,32.16,0.0,705.0,709.0,0.0,67.1,20.0,Individual,5,High Risk,Manual Review
61424944,4025.0, 36 months,22.99,F,F2,2 years,RENT,32000.0,Verified,debt_consolidation,NY,34.81,1.0,675.0,679.0,0.0,17.7,11.0,Individual,6,High Risk,Manual Review
60783012,10975.0, 60 months,18.55,E,E2,10+ years,RENT,57500.0,Source Verified,debt_consolidation,AZ,33.5,0.0,695.0,699.0,0.0,53.5,41.0,Individual,5,High Risk,Manual Review
61007251,14700.0, 60 months,20.99,E,E5,6 years,RENT,35000.0,Verified,credit_card,UT,31.96,0.0,670.0,674.0,0.0,90.8,9.0,Individual,6,High Risk,Manual Review
61474027,19650.0, 60 months,19.19,E,E3,10+ years,MORTGAGE,66747.0,Verified,debt_consolidation,TN,35.38,0.0,695.0,699.0,0.0,70.2,46.0,Individual,5,High Risk,Manual Review
61524387,7150.0, 36 months,18.55,E,E2,1 year,RENT,32000.0,Verified,debt_consolidation,NV,34.4,0.0,670.0,674.0,1.0,36.5,72.0,Individual,5,High Risk,Manual Review
61385060,12500.0, 60 months,21.99,F,F1,10+ years,MORTGAGE,25000.0,Verified,debt_consolidation,IL,39.72,1.0,675.0,679.0,2.0,51.1,27.0,Individual,6,High Risk,Manual Review
61452893,10000.0, 60 months,18.55,E,E2,10+ years,MORTGAGE,52000.0,Source Verified,home_improvement,OH,33.86,0.0,680.0,684.0,0.0,89.4,23.0,Individual,6,High Risk,Manual Review
61415738,18100.0, 60 months,20.99,E,E5,,MORTGAGE,55200.0,Verified,debt_consolidation,GA,30.79,0.0,690.0,694.0,0.0,76.7,26.0,Individual,5,High Risk,Manual Review
61483312,18900.0, 60 months,20.99,E,E5,10+ years,OWN,45000.0,Source Verified,debt_consolidation,NC,30.48,0.0,705.0,709.0,0.0,45.2,41.0,Individual,5,High Risk,Manual Review
61514136,35000.0, 60 months,19.19,E,E3,8 years,MORTGAGE,86000.0,Verified,debt_consolidation,IL,36.85,0.0,705.0,709.0,0.0,92.1,38.0,Individual,6,High Risk,Manual Review
61354587,10000.0, 36 months,18.25,E,E1,,OWN,36000.0,Verified,debt_consolidation,CA,38.37,0.0,680.0,684.0,1.0,63.9,15.0,Individual,5,High Risk,Manual Review
61622128,15000.0, 60 months,18.25,E,E1,10+ years,MORTGAGE,59897.56,Verified,debt_consolidation,VA,33.72,1.0,660.0,664.0,0.0,70.0,33.0,Individual,6,High Risk,Manual Review
61454258,35000.0, 60 months,17.57,D,D4,,MORTGAGE,85000.0,Verified,debt_consolidation,CA,30.14,1.0,675.0,679.0,1.0,88.0,28.0,Individual,5,High Risk,Manual Review
61632113,27600.0, 60 months,18.55,E,E2,5 years,MORTGAGE,60000.0,Source Verified,debt_consolidation,MI,14.26,1.0,700.0,704.0,0.0,80.5,32.0,Individual,5,High Risk,Manual Review
61344122,6000.0, 36 months,20.99,E,E5,,OWN,20000.0,Verified,small_business,CO,34.02,1.0,665.0,669.0,0.0,65.5,10.0,Individual,6,High Risk,Manual Review
61334129,19700.0, 60 months,19.99,E,E4,10+ years,MORTGAGE,150000.0,Source Verified,debt_consolidation,NJ,12.23,3.0,675.0,679.0,2.0,91.8,42.0,Individual,5,High Risk,Manual Review
61444111,9975.0, 36 months,18.55,E,E2,6 years,MORTGAGE,24000.0,Verified,debt_consolidation,AL,37.05,0.0,690.0,694.0,0.0,72.4,28.0,Individual,5,High Risk,Manual Review
61320157,18575.0, 60 months,19.19,E,E3,5 years,MORTGAGE,53000.0,Source Verified,debt_consolidation,CO,31.67,0.0,685.0,689.0,1.0,51.9,37.0,Individual,5,High Risk,Manual Review
61473220,15000.0, 60 months,18.25,E,E1,10+ years,RENT,52000.0,Source Verified,debt_consolidation,GA,38.31,1.0,680.0,684.0,1.0,36.9,41.0,Individual,6,High Risk,Manual Review
61393843,16000.0, 36 months,18.25,E,E1,3 years,MORTGAGE,95000.0,Verified,debt_consolidation,FL,30.72,2.0,720.0,724.0,2.0,41.5,42.0,Individual,6,High Risk,Manual Review
61483990,16000.0, 60 months,16.55,D,D2,4 years,RENT,60000.0,Not Verified,credit_card,HI,36.51,4.0,660.0,664.0,0.0,88.5,22.0,Individual,5,High Risk,Manual Review
61314250,30000.0, 60 months,21.99,F,F1,4 years,RENT,120000.0,Verified,debt_consolidation,TX,30.38,0.0,705.0,709.0,0.0,101.3,21.0,Individual,6,High Risk,Manual Review
61504370,32000.0, 60 months,21.99,F,F1,10+ years,MORTGAGE,95000.0,Verified,debt_consolidation,NY,38.96,0.0,660.0,664.0,3.0,39.1,69.0,Individual,5,High Risk,Manual Review
61394190,20650.0, 60 months,20.99,E,E5,10+ years,OWN,68000.0,Source Verified,debt_consolidation,TX,35.49,0.0,675.0,679.0,0.0,68.3,39.0,Individual,5,High Risk,Manual Review
61415282,34075.0, 60 months,19.19,E,E3,6 years,MORTGAGE,86000.0,Verified,debt_consolidation,NJ,30.26,0.0,690.0,694.0,0.0,65.0,38.0,Individual,5,High Risk,Manual Review
61424504,11900.0, 60 months,21.99,F,F1,,RENT,35000.0,Verified,debt_consolidation,VA,31.41,0.0,660.0,664.0,1.0,85.5,34.0,Individual,6,High Risk,Manual Review
61409099,13775.0, 60 months,22.99,F,F2,5 years,MORTGAGE,61800.0,Source Verified,debt_consolidation,AR,33.63,0.0,700.0,704.0,0.0,61.8,20.0,Individual,5,High Risk,Manual Review
61493738,12000.0, 60 months,18.55,E,E2,7 years,RENT,61000.0,Source Verified,debt_consolidation,AZ,30.04,0.0,665.0,669.0,3.0,84.3,34.0,Individual,6,High Risk,Manual Review
61372971,11775.0, 60 months,19.19,E,E3,10+ years,MORTGAGE,40000.0,Source Verified,debt_consolidation,LA,36.6,0.0,675.0,679.0,0.0,74.8,24.0,Individual,5,High Risk,Manual Review
61359697,14700.0, 60 months,19.19,E,E3,2 years,MORTGAGE,32000.0,Verified,debt_consolidation,CA,34.85,0.0,705.0,709.0,0.0,52.9,19.0,Individual,5,High Risk,Manual Review
60940771,21375.0, 60 months,22.99,F,F2,1 year,RENT,67000.0,Source Verified,other,CA,31.72,0.0,670.0,674.0,3.0,41.8,49.0,Individual,5,High Risk,Manual Review
61374052,15900.0, 60 months,24.99,F,F4,8 years,OWN,50080.0,Source Verified,debt_consolidation,MA,30.72,0.0,690.0,694.0,2.0,28.8,42.0,Individual,5,High Risk,Manual Review
61533274,4650.0, 36 months,18.55,E,E2,< 1 year,OWN,18240.0,Verified,debt_consolidation,WV,39.67,0.0,665.0,669.0,1.0,36.9,9.0,Individual,5,High Risk,Manual Review
61483751,10400.0, 60 months,21.99,F,F1,2 years,MORTGAGE,26000.0,Verified,debt_consolidation,CA,30.93,0.0,700.0,704.0,0.0,75.7,17.0,Individual,5,High Risk,Manual Review
61472585,14400.0, 60 months,19.19,E,E3,8 years,RENT,40000.0,Verified,debt_consolidation,OH,36.42,0.0,685.0,689.0,3.0,44.0,44.0,Individual,5,High Risk,Manual Review
61453826,13675.0, 60 months,19.99,E,E4,10+ years,MORTGAGE,63000.0,Source Verified,debt_consolidation,DE,33.9,2.0,685.0,689.0,3.0,38.0,26.0,Individual,6,High Risk,Manual Review
61543894,13675.0, 36 months,20.99,E,E5,< 1 year,RENT,65000.0,Verified,debt_consolidation,VA,20.72,2.0,665.0,669.0,0.0,95.0,12.0,Individual,5,High Risk,Manual Review
61007326,24600.0, 60 months,19.19,E,E3,10+ years,MORTGAGE,72800.0,Source Verified,credit_card,OK,38.95,0.0,660.0,664.0,0.0,71.9,30.0,Individual,5,High Risk,Manual Review
61371248,12000.0, 60 months,18.55,E,E2,10+ years,RENT,97600.0,Verified,small_business,TX,39.32,0.0,660.0,664.0,0.0,63.1,32.0,Individual,5,High Risk,Manual Review
61333669,28000.0, 60 months,19.99,E,E4,10+ years,MORTGAGE,136000.0,Source Verified,credit_card,IL,18.27,2.0,665.0,669.0,0.0,83.0,27.0,Individual,5,High Risk,Manual Review
61363831,5700.0, 36 months,18.25,E,E1,2 years,OWN,36887.0,Verified,debt_consolidation,PA,35.57,7.0,660.0,664.0,1.0,88.3,15.0,Individual,7,High Risk,Manual Review
61338513,26275.0, 60 months,19.19,E,E3,< 1 year,MORTGAGE,73000.0,Source Verified,small_business,KY,27.5,1.0,670.0,674.0,0.0,84.3,36.0,Individual,5,High Risk,Manual Review
61363756,8250.0, 36 months,18.55,E,E2,< 1 year,OWN,66000.0,Verified,debt_consolidation,NC,36.29,0.0,680.0,684.0,0.0,92.8,50.0,Individual,6,High Risk,Manual Review
61503920,16000.0, 60 months,18.55,E,E2,1 year,MORTGAGE,84500.0,Source Verified,debt_consolidation,CO,36.03,0.0,670.0,674.0,0.0,69.2,37.0,Individual,5,High Risk,Manual Review
61363870,23050.0, 60 months,20.99,E,E5,5 years,RENT,80000.0,Source Verified,debt_consolidation,CA,32.27,0.0,670.0,674.0,0.0,65.8,18.0,Individual,5,High Risk,Manual Review
61424027,28000.0, 60 months,25.78,F,F5,10+ years,MORTGAGE,97000.0,Source Verified,debt_consolidation,GA,17.47,3.0,680.0,684.0,1.0,84.1,29.0,Individual,5,High Risk,Manual Review
61501474,14425.0, 60 months,22.99,F,F2,4 years,MORTGAGE,65000.0,Verified,debt_consolidation,NY,38.57,0.0,675.0,679.0,1.0,57.5,33.0,Individual,5,High Risk,Manual Review
60719437,14450.0, 60 months,19.99,E,E4,5 years,MORTGAGE,78684.0,Source Verified,debt_consolidation,OR,19.12,1.0,685.0,689.0,1.0,98.6,17.0,Individual,5,High Risk,Manual Review
61531215,12875.0, 60 months,21.99,F,F1,6 years,OWN,30702.0,Verified,debt_consolidation,CA,33.07,0.0,660.0,664.0,0.0,46.9,26.0,Individual,5,High Risk,Manual Review
61313066,18750.0, 60 months,18.25,E,E1,10+ years,OWN,51000.0,Not Verified,credit_card,HI,30.33,0.0,700.0,704.0,1.0,49.1,40.0,Individual,5,High Risk,Manual Review
61503710,32000.0, 60 months,18.55,E,E2,10+ years,MORTGAGE,97000.0,Verified,debt_consolidation,GA,38.28,0.0,660.0,664.0,1.0,76.2,44.0,Individual,5,High Risk,Manual Review
60974531,11025.0, 36 months,26.77,G,G1,1 year,MORTGAGE,31000.0,Verified,other,KS,32.52,1.0,685.0,689.0,0.0,67.4,16.0,Individual,6,High Risk,Manual Review
60729461,4300.0, 36 months,18.55,E,E2,1 year,MORTGAGE,30000.0,Source Verified,debt_consolidation,TX,33.04,0.0,715.0,719.0,0.0,61.4,31.0,Individual,5,High Risk,Manual Review
61523510,12400.0, 60 months,23.99,F,F3,2 years,RENT,31000.0,Verified,debt_consolidation,FL,38.13,0.0,665.0,669.0,0.0,72.8,15.0,Individual,5,High Risk,Manual Review
60910655,10800.0, 60 months,18.55,E,E2,10+ years,RENT,30000.0,Source Verified,debt_consolidation,FL,36.24,0.0,780.0,784.0,2.0,5.2,16.0,Individual,5,High Risk,Manual Review
61433538,11000.0, 60 months,19.99,E,E4,10+ years,OWN,25000.0,Source Verified,credit_card,LA,35.96,0.0,670.0,674.0,0.0,46.1,25.0,Individual,5,High Risk,Manual Review
61471349,24000.0, 60 months,18.25,E,E1,10+ years,RENT,77000.0,Source Verified,home_improvement,MA,31.51,0.0,690.0,694.0,0.0,86.0,18.0,Individual,6,High Risk,Manual Review
61332547,30000.0, 60 months,23.99,F,F3,2 years,RENT,75000.0,Source Verified,small_business,PA,31.25,0.0,695.0,699.0,0.0,63.0,38.0,Individual,5,High Risk,Manual Review
61533276,35000.0, 60 months,18.25,E,E1,< 1 year,MORTGAGE,110000.0,Source Verified,credit_card,GA,30.56,0.0,695.0,699.0,1.0,81.1,39.0,Individual,6,High Risk,Manual Review
61493369,7800.0, 36 months,19.19,E,E3,,MORTGAGE,18012.0,Verified,debt_consolidation,SC,38.51,0.0,670.0,674.0,0.0,54.2,15.0,Individual,5,High Risk,Manual Review
61452623,35000.0, 36 months,27.88,G,G3,5 years,MORTGAGE,76000.0,Verified,home_improvement,TX,16.44,1.0,680.0,684.0,0.0,82.4,28.0,Individual,5,High Risk,Manual Review
61503611,34025.0, 60 months,18.55,E,E2,10+ years,OWN,74000.0,Source Verified,debt_consolidation,NJ,37.97,0.0,730.0,734.0,1.0,41.7,53.0,Individual,5,High Risk,Manual Review
61403320,31550.0, 60 months,6.0,E,E3,10+ years,MORTGAGE,75000.0,Verified,debt_consolidation,PA,35.09,0.0,695.0,699.0,0.0,82.6,45.0,Individual,5,High Risk,Manual Review
61493297,18475.0, 60 months,21.99,F,F1,5 years,MORTGAGE,42000.0,Source Verified,debt_consolidation,IL,35.03,0.0,750.0,754.0,0.0,35.1,23.0,Individual,5,High Risk,Manual Review
61313554,9775.0, 36 months,18.25,E,E1,10+ years,MORTGAGE,35000.0,Source Verified,debt_consolidation,OK,38.61,0.0,725.0,729.0,1.0,56.5,27.0,Individual,5,High Risk,Manual Review
61373437,14000.0, 60 months,18.25,E,E1,,MORTGAGE,62000.0,Verified,debt_consolidation,GA,32.24,0.0,695.0,699.0,1.0,64.2,52.0,Individual,5,High Risk,Manual Review
61423925,34750.0, 60 months,19.19,E,E3,5 years,RENT,122000.0,Verified,debt_consolidation,NY,33.2,0.0,690.0,694.0,0.0,81.9,33.0,Individual,6,High Risk,Manual Review
61532062,13275.0, 36 months,18.25,E,E1,4 years,RENT,71000.0,Source Verified,debt_consolidation,PA,37.05,0.0,685.0,689.0,2.0,49.8,31.0,Individual,5,High Risk,Manual Review
61532347,35000.0, 60 months,18.55,E,E2,10+ years,MORTGAGE,100000.0,Source Verified,debt_consolidation,WI,36.16,0.0,675.0,679.0,1.0,65.1,33.0,Individual,5,High Risk,Manual Review
61361207,7400.0, 36 months,18.25,E,E1,9 years,RENT,32000.0,Source Verified,home_improvement,FL,31.85,1.0,675.0,679.0,2.0,9.6,24.0,Individual,6,High Risk,Manual Review
61318145,20900.0, 60 months,21.99,F,F1,4 years,RENT,60000.0,Source Verified,credit_card,TX,30.72,0.0,665.0,669.0,1.0,80.8,31.0,Individual,6,High Risk,Manual Review
60475923,4100.0, 36 months,19.19,E,E3,3 years,RENT,30000.0,Verified,debt_consolidation,TX,37.32,0.0,670.0,674.0,2.0,53.0,23.0,Individual,5,High Risk,Manual Review
61378409,5400.0, 36 months,26.77,G,G1,2 years,RENT,30000.0,Verified,house,VA,33.05,0.0,665.0,669.0,1.0,69.8,14.0,Individual,5,High Risk,Manual Review
61384026,21250.0, 60 months,19.19,E,E3,5 years,OWN,60000.0,Verified,debt_consolidation,IN,37.18,0.0,685.0,689.0,2.0,45.0,63.0,Individual,5,High Risk,Manual Review
61493062,22525.0, 60 months,25.78,F,F5,8 years,MORTGAGE,120000.0,Verified,debt_consolidation,NV,5.56,1.0,665.0,669.0,3.0,90.0,27.0,Individual,5,High Risk,Manual Review
61383433,25550.0, 60 months,22.99,F,F2,10+ years,MORTGAGE,71000.0,Source Verified,debt_consolidation,IL,35.97,0.0,665.0,669.0,2.0,97.6,42.0,Individual,6,High Risk,Manual Review
61393247,4000.0, 36 months,18.25,E,E1,4 years,OWN,12000.0,Verified,credit_card,MI,30.8,0.0,700.0,704.0,0.0,57.3,13.0,Individual,5,High Risk,Manual Review
61432951,20000.0, 36 months,15.61,D,D1,1 year,RENT,40000.0,Not Verified,credit_card,NY,37.44,2.0,680.0,684.0,0.0,81.0,29.0,Individual,5,High Risk,Manual Review
61414013,19400.0, 60 months,19.19,E,E3,5 years,RENT,48500.0,Source Verified,debt_consolidation,PA,33.11,0.0,670.0,674.0,1.0,63.2,34.0,Individual,5,High Risk,Manual Review
61512925,34600.0, 60 months,20.99,E,E5,9 years,MORTGAGE,85000.0,Verified,debt_consolidation,NJ,37.79,1.0,680.0,684.0,1.0,46.3,30.0,Individual,6,High Risk,Manual Review
61503198,30000.0, 60 months,23.99,F,F3,2 years,RENT,133600.0,Verified,debt_consolidation,CA,34.44,1.0,660.0,664.0,3.0,89.6,34.0,Individual,7,High Risk,Manual Review
61383840,35000.0, 60 months,21.99,F,F1,10+ years,MORTGAGE,110000.0,Source Verified,debt_consolidation,TX,17.31,1.0,700.0,704.0,1.0,83.3,23.0,Individual,5,High Risk,Manual Review
61413754,14350.0, 60 months,20.99,E,E5,3 years,RENT,34174.0,Source Verified,debt_consolidation,NC,34.53,0.0,675.0,679.0,0.0,67.4,28.0,Individual,5,High Risk,Manual Review
61503121,15000.0, 60 months,18.55,E,E2,10+ years,MORTGAGE,30000.0,Verified,debt_consolidation,NM,39.6,0.0,680.0,684.0,0.0,53.5,40.0,Individual,5,High Risk,Manual Review
61353430,12600.0, 60 months,21.99,F,F1,,MORTGAGE,35000.0,Verified,debt_consolidation,CA,33.27,0.0,670.0,674.0,1.0,98.1,21.0,Individual,6,High Risk,Manual Review
61443032,24000.0, 60 months,22.99,F,F2,10+ years,MORTGAGE,75000.0,Verified,debt_consolidation,PA,18.4,1.0,700.0,704.0,0.0,89.3,21.0,Individual,5,High Risk,Manual Review
61423513,12100.0, 60 months,19.19,E,E3,2 years,MORTGAGE,37150.0,Source Verified,debt_consolidation,KY,32.44,0.0,670.0,674.0,1.0,51.7,22.0,Individual,5,High Risk,Manual Review
61512832,14050.0, 60 months,18.25,E,E1,2 years,RENT,67000.0,Verified,debt_consolidation,MA,30.35,0.0,660.0,664.0,1.0,68.8,16.0,Individual,5,High Risk,Manual Review
61523127,21575.0, 60 months,19.19,E,E3,5 years,MORTGAGE,75000.0,Verified,debt_consolidation,SC,38.32,1.0,670.0,674.0,0.0,50.9,35.0,Individual,6,High Risk,Manual Review
61353359,31000.0, 36 months,20.99,E,E5,10+ years,MORTGAGE,62000.0,Verified,debt_consolidation,NJ,31.42,0.0,670.0,674.0,0.0,61.3,49.0,Individual,5,High Risk,Manual Review
61432760,5600.0, 36 months,17.57,D,D4,1 year,MORTGAGE,40000.0,Source Verified,debt_consolidation,NC,33.63,1.0,665.0,669.0,0.0,93.5,25.0,Individual,5,High Risk,Manual Review
61342956,13625.0, 60 months,19.99,E,E4,1 year,MORTGAGE,51000.0,Verified,debt_consolidation,KS,33.39,1.0,685.0,689.0,1.0,15.0,20.0,Individual,6,High Risk,Manual Review
61503030,19800.0, 60 months,18.55,E,E2,2 years,OWN,45000.0,Verified,debt_consolidation,IN,32.11,0.0,690.0,694.0,0.0,62.6,15.0,Individual,5,High Risk,Manual Review
61423366,17100.0, 60 months,18.25,E,E1,3 years,MORTGAGE,97000.0,Not Verified,debt_consolidation,VA,31.48,0.0,680.0,684.0,0.0,93.1,35.0,Individual,6,High Risk,Manual Review
61370675,30000.0, 60 months,19.19,E,E3,1 year,MORTGAGE,70000.0,Verified,debt_consolidation,MA,20.85,1.0,675.0,679.0,0.0,92.7,23.0,Individual,5,High Risk,Manual Review
61392995,20000.0, 60 months,18.25,E,E1,4 years,MORTGAGE,60000.0,Verified,debt_consolidation,NV,39.86,0.0,660.0,664.0,0.0,44.7,61.0,Individual,5,High Risk,Manual Review
61492797,18500.0, 60 months,19.19,E,E3,10+ years,MORTGAGE,65000.0,Verified,debt_consolidation,NY,36.44,0.0,675.0,679.0,2.0,44.7,47.0,Individual,5,High Risk,Manual Review
60536915,27150.0, 60 months,21.99,F,F1,6 years,MORTGAGE,72000.0,Not Verified,home_improvement,OH,38.03,1.0,690.0,694.0,3.0,46.7,37.0,Individual,6,High Risk,Manual Review
61392934,30000.0, 60 months,20.99,E,E5,10+ years,MORTGAGE,72000.0,Source Verified,debt_consolidation,WA,26.53,1.0,665.0,669.0,0.0,81.6,33.0,Individual,5,High Risk,Manual Review
61452707,23025.0, 60 months,19.19,E,E3,8 years,MORTGAGE,65000.0,Source Verified,debt_consolidation,OK,38.63,0.0,675.0,679.0,1.0,74.8,23.0,Individual,5,High Risk,Manual Review
61532641,13500.0, 60 months,20.99,E,E5,3 years,RENT,42500.0,Verified,debt_consolidation,GA,32.22,0.0,695.0,699.0,0.0,47.9,22.0,Individual,5,High Risk,Manual Review
61392832,7200.0, 36 months,20.99,E,E5,7 years,RENT,20000.0,Source Verified,other,NY,36.07,0.0,690.0,694.0,0.0,58.1,24.0,Individual,5,High Risk,Manual Review
61383343,11200.0, 36 months,21.99,F,F1,1 year,RENT,35000.0,Verified,credit_card,NY,39.23,10.0,665.0,669.0,0.0,73.7,24.0,Individual,6,High Risk,Manual Review
61353065,20575.0, 60 months,19.19,E,E3,8 years,MORTGAGE,55000.0,Source Verified,home_improvement,TX,37.86,0.0,720.0,724.0,1.0,25.9,50.0,Individual,5,High Risk,Manual Review
61362736,20575.0, 60 months,18.25,E,E1,10+ years,MORTGAGE,172557.36,Verified,credit_card,CA,31.14,0.0,665.0,669.0,2.0,64.3,51.0,Individual,5,High Risk,Manual Review
61392640,22850.0, 36 months,15.61,D,D1,10+ years,RENT,55000.0,Not Verified,debt_consolidation,NE,36.88,2.0,675.0,679.0,0.0,82.1,17.0,Individual,5,High Risk,Manual Review
61423182,12075.0, 60 months,19.99,E,E4,10+ years,MORTGAGE,30203.0,Verified,debt_consolidation,SC,36.01,2.0,670.0,674.0,0.0,31.2,27.0,Individual,6,High Risk,Manual Review
61512449,14700.0, 60 months,18.25,E,E1,10+ years,RENT,35000.0,Verified,credit_card,FL,31.21,0.0,680.0,684.0,0.0,68.9,32.0,Individual,5,High Risk,Manual Review
61413017,22425.0, 60 months,20.99,E,E5,4 years,MORTGAGE,55000.0,Verified,debt_consolidation,PA,36.57,0.0,680.0,684.0,0.0,89.4,25.0,Individual,6,High Risk,Manual Review
61362601,23425.0, 60 months,19.99,E,E4,8 years,RENT,100000.0,Verified,debt_consolidation,FL,30.18,0.0,665.0,669.0,1.0,85.1,47.0,Individual,6,High Risk,Manual Review
61412989,16700.0, 60 months,16.55,D,D2,5 years,MORTGAGE,71500.0,Not Verified,credit_card,NJ,34.68,4.0,670.0,674.0,1.0,93.8,17.0,Individual,5,High Risk,Manual Review
61322598,28600.0, 60 months,20.99,E,E5,10+ years,RENT,106800.0,Verified,debt_consolidation,HI,34.73,0.0,675.0,679.0,1.0,74.9,30.0,Individual,5,High Risk,Manual Review
61492460,25875.0, 60 months,19.19,E,E3,6 years,MORTGAGE,60000.0,Not Verified,debt_consolidation,MS,35.58,0.0,725.0,729.0,0.0,47.7,25.0,Individual,5,High Risk,Manual Review
61512398,16650.0, 60 months,19.19,E,E3,,RENT,36200.0,Not Verified,debt_consolidation,NY,36.34,0.0,690.0,694.0,0.0,72.1,16.0,Individual,5,High Risk,Manual Review
61540793,14450.0, 60 months,24.99,F,F4,10+ years,MORTGAGE,34438.0,Source Verified,debt_consolidation,MO,26.94,1.0,670.0,674.0,0.0,98.9,13.0,Individual,5,High Risk,Manual Review
61552320,25200.0, 60 months,19.19,E,E3,6 years,RENT,60000.0,Not Verified,debt_consolidation,VA,38.44,1.0,665.0,669.0,1.0,68.4,27.0,Individual,6,High Risk,Manual Review
61512291,17600.0, 36 months,19.99,E,E4,6 years,RENT,55000.0,Verified,other,NC,31.18,0.0,660.0,664.0,0.0,63.4,17.0,Individual,5,High Risk,Manual Review
61472191,35000.0, 60 months,19.99,E,E4,10+ years,MORTGAGE,151500.0,Verified,debt_consolidation,MD,30.59,1.0,670.0,674.0,3.0,62.0,59.0,Individual,6,High Risk,Manual Review
61432137,18000.0, 60 months,18.25,E,E1,9 years,RENT,80000.0,Source Verified,debt_consolidation,NY,31.85,0.0,665.0,669.0,1.0,94.6,44.0,Individual,6,High Risk,Manual Review
61401835,15000.0, 60 months,22.99,F,F2,< 1 year,RENT,30000.0,Verified,debt_consolidation,CA,36.64,0.0,675.0,679.0,0.0,86.3,21.0,Individual,6,High Risk,Manual Review
60981901,12175.0, 60 months,21.99,F,F1,10+ years,RENT,55000.0,Verified,debt_consolidation,CA,39.62,0.0,675.0,679.0,1.0,67.7,24.0,Individual,5,High Risk,Manual Review
61522040,17050.0, 60 months,18.25,E,E1,3 years,RENT,74500.0,Verified,debt_consolidation,IL,37.19,1.0,665.0,669.0,4.0,45.0,30.0,Individual,6,High Risk,Manual Review
61309041,16000.0, 60 months,15.61,D,D1,< 1 year,MORTGAGE,72000.0,Verified,home_improvement,TX,38.08,1.0,660.0,664.0,0.0,81.8,31.0,Individual,5,High Risk,Manual Review
61391941,11375.0, 60 months,18.55,E,E2,7 years,RENT,72000.0,Source Verified,debt_consolidation,NV,34.82,0.0,690.0,694.0,0.0,62.4,19.0,Individual,5,High Risk,Manual Review
61511832,7950.0, 36 months,15.61,D,D1,6 years,MORTGAGE,40000.0,Verified,debt_consolidation,LA,32.04,2.0,665.0,669.0,0.0,95.3,23.0,Individual,5,High Risk,Manual Review
61401904,14850.0, 60 months,19.99,E,E4,6 years,MORTGAGE,42531.0,Source Verified,debt_consolidation,GA,30.36,0.0,725.0,729.0,0.0,67.7,20.0,Individual,5,High Risk,Manual Review
60636395,25750.0, 60 months,19.99,E,E4,10+ years,OWN,56000.0,Source Verified,home_improvement,TN,31.42,0.0,675.0,679.0,0.0,47.7,30.0,Individual,5,High Risk,Manual Review
61492179,28900.0, 60 months,28.99,G,G5,7 years,MORTGAGE,75000.0,Source Verified,small_business,MI,19.54,2.0,675.0,679.0,0.0,83.8,36.0,Individual,5,High Risk,Manual Review
61392253,10100.0, 60 months,28.49,G,G4,,OWN,28061.4,Verified,debt_consolidation,WI,38.11,0.0,690.0,694.0,1.0,50.0,31.0,Individual,5,High Risk,Manual Review
61382817,18000.0, 60 months,18.55,E,E2,,RENT,60000.0,Verified,debt_consolidation,TX,35.87,0.0,660.0,664.0,0.0,57.1,50.0,Individual,5,High Risk,Manual Review
61361982,35000.0, 60 months,18.55,E,E2,9 years,MORTGAGE,73000.0,Verified,debt_consolidation,CA,33.19,0.0,680.0,684.0,0.0,74.3,12.0,Individual,5,High Risk,Manual Review
60487595,35000.0, 60 months,18.55,E,E2,5 years,RENT,106219.0,Source Verified,debt_consolidation,SC,35.67,0.0,660.0,664.0,0.0,63.5,21.0,Individual,5,High Risk,Manual Review
61412276,24000.0, 60 months,18.25,E,E1,10+ years,RENT,65000.0,Source Verified,debt_consolidation,TX,31.06,0.0,690.0,694.0,1.0,75.8,18.0,Individual,5,High Risk,Manual Review
61362112,16000.0, 36 months,15.61,D,D1,7 years,RENT,100000.0,Verified,debt_consolidation,CA,30.06,1.0,680.0,684.0,0.0,89.3,18.0,Individual,5,High Risk,Manual Review
61452018,15000.0, 60 months,18.25,E,E1,5 years,RENT,38500.0,Source Verified,debt_consolidation,WI,32.45,0.0,660.0,664.0,2.0,72.9,32.0,Individual,5,High Risk,Manual Review
61491968,1000.0, 36 months,18.25,E,E1,,RENT,10644.0,Verified,other,CA,37.2,0.0,690.0,694.0,0.0,48.7,19.0,Individual,5,High Risk,Manual Review
60741624,11400.0, 60 months,18.55,E,E2,3 years,MORTGAGE,75000.0,Source Verified,debt_consolidation,PA,30.03,1.0,665.0,669.0,0.0,81.9,34.0,Individual,7,High Risk,Manual Review
61372055,13175.0, 60 months,18.25,E,E1,10+ years,RENT,58000.0,Verified,credit_card,AZ,30.35,0.0,670.0,674.0,0.0,101.1,8.0,Individual,6,High Risk,Manual Review
61448732,28000.0, 60 months,18.25,E,E1,1 year,OWN,126000.0,Not Verified,debt_consolidation,CA,33.61,0.0,700.0,704.0,0.0,74.6,40.0,Individual,5,High Risk,Manual Review
61422541,16000.0, 36 months,19.19,E,E3,10+ years,OWN,130000.0,Verified,debt_consolidation,MO,21.41,2.0,685.0,689.0,0.0,92.1,30.0,Individual,5,High Risk,Manual Review
61462631,12000.0, 60 months,18.25,E,E1,10+ years,MORTGAGE,86000.0,Verified,home_improvement,TN,22.87,1.0,670.0,674.0,2.0,88.2,26.0,Individual,5,High Risk,Manual Review
61399929,17500.0, 36 months,19.99,E,E4,3 years,RENT,35000.0,Verified,debt_consolidation,SC,39.03,0.0,695.0,699.0,0.0,80.9,14.0,Individual,6,High Risk,Manual Review
61046361,18025.0, 60 months,18.25,E,E1,< 1 year,MORTGAGE,40996.0,Source Verified,credit_card,KY,31.21,0.0,685.0,689.0,0.0,71.1,35.0,Individual,5,High Risk,Manual Review
61431904,17500.0, 60 months,23.99,F,F3,10+ years,RENT,35000.0,Source Verified,debt_consolidation,CA,32.37,0.0,700.0,704.0,0.0,76.6,14.0,Individual,5,High Risk,Manual Review
61392027,21000.0, 60 months,16.99,D,D3,10+ years,RENT,84600.0,Source Verified,debt_consolidation,FL,30.1,2.0,660.0,664.0,0.0,90.4,24.0,Individual,5,High Risk,Manual Review
61481255,30000.0, 60 months,19.19,E,E3,1 year,OWN,62000.0,Source Verified,debt_consolidation,TX,30.84,0.0,685.0,689.0,1.0,43.7,54.0,Individual,5,High Risk,Manual Review
61532040,22000.0, 60 months,23.99,F,F3,10+ years,MORTGAGE,61000.0,Verified,debt_consolidation,AL,30.53,0.0,700.0,704.0,0.0,67.5,67.0,Individual,5,High Risk,Manual Review
61502465,28000.0, 36 months,19.19,E,E3,< 1 year,OWN,104000.0,Verified,debt_consolidation,GA,30.31,0.0,680.0,684.0,2.0,75.9,30.0,Individual,5,High Risk,Manual Review
61410795,26600.0, 60 months,21.99,F,F1,3 years,MORTGAGE,70000.0,Verified,debt_consolidation,WA,34.05,0.0,715.0,719.0,0.0,94.0,43.0,Individual,6,High Risk,Manual Review
61322092,18900.0, 60 months,19.19,E,E3,,RENT,45000.0,Verified,credit_card,WI,36.49,0.0,670.0,674.0,4.0,60.7,42.0,Individual,5,High Risk,Manual Review
61391952,13425.0, 60 months,24.99,F,F4,4 years,MORTGAGE,26880.0,Verified,credit_card,NE,39.6,0.0,665.0,669.0,0.0,84.6,15.0,Individual,6,High Risk,Manual Review
61531217,22375.0, 60 months,18.55,E,E2,10+ years,MORTGAGE,60000.0,Not Verified,debt_consolidation,MO,34.7,0.0,685.0,689.0,1.0,61.6,30.0,Individual,5,High Risk,Manual Review
61532141,12250.0, 60 months,19.19,E,E3,2 years,RENT,62400.0,Verified,debt_consolidation,WA,38.94,0.0,660.0,664.0,0.0,71.7,33.0,Individual,5,High Risk,Manual Review
61361957,14100.0, 36 months,21.99,F,F1,10+ years,MORTGAGE,41808.0,Source Verified,debt_consolidation,TX,30.94,0.0,680.0,684.0,0.0,75.5,33.0,Individual,5,High Risk,Manual Review
61348948,11500.0, 60 months,19.99,E,E4,,OWN,23000.0,Not Verified,credit_card,TN,33.19,0.0,670.0,674.0,0.0,72.7,14.0,Individual,5,High Risk,Manual Review
61411416,16925.0, 60 months,18.55,E,E2,4 years,RENT,75000.0,Verified,debt_consolidation,CA,37.56,0.0,690.0,694.0,1.0,62.0,23.0,Individual,5,High Risk,Manual Review
61360976,14000.0, 60 months,19.99,E,E4,3 years,RENT,96000.0,Verified,moving,TX,16.49,3.0,680.0,684.0,0.0,88.5,34.0,Individual,5,High Risk,Manual Review
61461661,30700.0, 60 months,18.55,E,E2,< 1 year,MORTGAGE,90000.0,Verified,debt_consolidation,IL,32.45,0.0,745.0,749.0,1.0,27.5,25.0,Individual,5,High Risk,Manual Review
61430924,12850.0, 60 months,18.55,E,E2,8 years,MORTGAGE,36500.0,Verified,credit_card,IL,34.5,0.0,665.0,669.0,1.0,64.1,26.0,Individual,5,High Risk,Manual Review
61529523,8650.0, 36 months,19.99,E,E4,6 years,MORTGAGE,48100.0,Source Verified,debt_consolidation,TX,33.98,4.0,675.0,679.0,1.0,97.8,28.0,Individual,7,High Risk,Manual Review
61382075,4000.0, 36 months,18.25,E,E1,5 years,MORTGAGE,36000.0,Verified,medical,MS,37.73,0.0,670.0,674.0,0.0,50.0,29.0,Individual,5,High Risk,Manual Review
60813930,15000.0, 60 months,19.19,E,E3,< 1 year,MORTGAGE,50000.0,Verified,debt_consolidation,FL,30.12,4.0,660.0,664.0,1.0,99.5,20.0,Individual,7,High Risk,Manual Review
61401309,4200.0, 36 months,18.55,E,E2,< 1 year,RENT,60320.0,Verified,medical,OR,32.25,1.0,660.0,664.0,1.0,51.5,30.0,Individual,6,High Risk,Manual Review
61371312,4800.0, 36 months,21.99,F,F1,1 year,MORTGAGE,99000.0,Verified,debt_consolidation,GA,31.8,0.0,660.0,664.0,2.0,67.8,62.0,Individual,5,High Risk,Manual Review
61550965,18625.0, 60 months,18.55,E,E2,10+ years,RENT,40500.0,Source Verified,credit_card,VA,33.01,0.0,690.0,694.0,0.0,97.4,10.0,Individual,6,High Risk,Manual Review
61451009,9000.0, 36 months,27.31,G,G2,10+ years,RENT,30000.0,Verified,debt_consolidation,NJ,34.08,0.0,660.0,664.0,1.0,82.3,22.0,Individual,6,High Risk,Manual Review
61531535,3150.0, 36 months,21.99,F,F1,,MORTGAGE,40000.0,Verified,debt_consolidation,OH,31.44,1.0,670.0,674.0,1.0,18.3,19.0,Individual,6,High Risk,Manual Review
61521465,25350.0, 60 months,26.77,G,G1,9 years,MORTGAGE,72000.0,Not Verified,debt_consolidation,TX,37.9,1.0,665.0,669.0,4.0,67.9,42.0,Individual,6,High Risk,Manual Review
61511344,12000.0, 60 months,19.99,E,E4,3 years,RENT,45000.0,Verified,debt_consolidation,NY,33.12,0.0,665.0,669.0,0.0,70.3,15.0,Individual,5,High Risk,Manual Review
60861892,30000.0, 60 months,18.25,E,E1,6 years,MORTGAGE,60000.0,Source Verified,debt_consolidation,TX,37.64,0.0,705.0,709.0,2.0,47.7,34.0,Individual,5,High Risk,Manual Review
61461883,10000.0, 60 months,18.25,E,E1,5 years,RENT,60000.0,Verified,other,FL,32.12,0.0,665.0,669.0,0.0,70.1,24.0,Individual,5,High Risk,Manual Review
61381503,21000.0, 60 months,18.55,E,E2,10+ years,MORTGAGE,50000.0,Not Verified,debt_consolidation,KS,37.93,0.0,735.0,739.0,0.0,43.8,40.0,Individual,5,High Risk,Manual Review
60783595,18175.0, 60 months,19.19,E,E3,8 years,RENT,90000.0,Verified,debt_consolidation,TX,37.05,0.0,720.0,724.0,1.0,51.5,26.0,Individual,5,High Risk,Manual Review
61501737,26400.0, 60 months,24.99,F,F4,10+ years,RENT,60000.0,Verified,debt_consolidation,CA,33.38,0.0,670.0,674.0,0.0,45.0,26.0,Individual,5,High Risk,Manual Review
60729423,7575.0, 36 months,18.25,E,E1,,RENT,21048.0,Verified,debt_consolidation,TX,32.8,0.0,695.0,699.0,0.0,49.1,14.0,Individual,5,High Risk,Manual Review
61340369,10375.0, 60 months,19.19,E,E3,10+ years,MORTGAGE,49900.0,Verified,other,AL,32.83,0.0,690.0,694.0,0.0,82.1,29.0,Individual,6,High Risk,Manual Review
61431604,5000.0, 36 months,18.55,E,E2,< 1 year,MORTGAGE,20000.0,Source Verified,debt_consolidation,TX,30.31,0.0,665.0,669.0,3.0,34.2,27.0,Individual,5,High Risk,Manual Review
61499806,10000.0, 60 months,18.25,E,E1,10+ years,MORTGAGE,53527.0,Not Verified,debt_consolidation,MD,37.02,0.0,705.0,709.0,0.0,61.1,29.0,Individual,5,High Risk,Manual Review
61541698,11200.0, 60 months,18.55,E,E2,1 year,RENT,28000.0,Verified,other,WA,30.65,0.0,705.0,709.0,2.0,43.6,17.0,Individual,5,High Risk,Manual Review
61382411,23000.0, 60 months,15.61,D,D1,10+ years,RENT,49500.0,Source Verified,debt_consolidation,CA,30.01,1.0,715.0,719.0,1.0,94.2,28.0,Individual,5,High Risk,Manual Review
60753819,30000.0, 60 months,22.99,F,F2,10+ years,MORTGAGE,60000.0,Source Verified,other,KS,30.22,4.0,670.0,674.0,0.0,75.5,20.0,Individual,6,High Risk,Manual Review
61422133,23750.0, 60 months,19.19,E,E3,10+ years,OWN,54000.0,Source Verified,debt_consolidation,AL,38.09,0.0,720.0,724.0,1.0,89.1,26.0,Individual,6,High Risk,Manual Review
61391730,12650.0, 60 months,24.99,F,F4,4 years,RENT,37257.0,Verified,debt_consolidation,CA,36.79,2.0,670.0,674.0,0.0,73.2,17.0,Individual,6,High Risk,Manual Review
61530932,17150.0, 60 months,20.99,E,E5,10+ years,OWN,50479.0,Verified,debt_consolidation,LA,34.12,0.0,685.0,689.0,2.0,66.4,39.0,Individual,5,High Risk,Manual Review
61501587,25000.0, 60 months,16.99,D,D3,7 years,RENT,66560.0,Not Verified,debt_consolidation,CA,38.75,1.0,660.0,664.0,0.0,82.1,40.0,Individual,5,High Risk,Manual Review
61391705,8000.0, 36 months,18.25,E,E1,3 years,MORTGAGE,32000.0,Verified,medical,FL,32.3,0.0,665.0,669.0,2.0,69.5,33.0,Individual,5,High Risk,Manual Review
61351928,16650.0, 60 months,18.55,E,E2,,RENT,49000.0,Verified,debt_consolidation,FL,31.78,0.0,690.0,694.0,1.0,75.4,23.0,Individual,5,High Risk,Manual Review
61491586,35000.0, 60 months,26.77,G,G1,10+ years,MORTGAGE,95000.0,Verified,home_improvement,VA,16.52,1.0,690.0,694.0,0.0,81.3,48.0,Individual,5,High Risk,Manual Review
61381536,15000.0, 60 months,18.55,E,E2,2 years,OWN,40000.0,Verified,debt_consolidation,IN,35.97,0.0,670.0,674.0,3.0,97.0,17.0,Individual,6,High Risk,Manual Review
61401766,13725.0, 60 months,19.99,E,E4,10+ years,MORTGAGE,91178.36,Source Verified,debt_consolidation,CA,25.93,1.0,670.0,674.0,1.0,81.1,19.0,Individual,5,High Risk,Manual Review
61378379,30000.0, 60 months,20.99,E,E5,10+ years,RENT,105000.0,Verified,debt_consolidation,VA,35.84,0.0,670.0,674.0,0.0,94.9,28.0,Individual,6,High Risk,Manual Review
61341162,34000.0, 60 months,18.25,E,E1,10+ years,MORTGAGE,68000.0,Verified,credit_card,OH,35.23,0.0,670.0,674.0,0.0,64.8,39.0,Individual,5,High Risk,Manual Review
61331253,25200.0, 60 months,19.19,E,E3,< 1 year,RENT,60000.0,Not Verified,debt_consolidation,NY,21.22,1.0,675.0,679.0,0.0,85.1,33.0,Individual,5,High Risk,Manual Review
61471225,10075.0, 60 months,19.99,E,E4,5 years,RENT,35000.0,Verified,debt_consolidation,WI,38.17,1.0,670.0,674.0,2.0,50.0,30.0,Individual,6,High Risk,Manual Review
61371200,15975.0, 60 months,19.99,E,E4,7 years,RENT,55530.0,Source Verified,debt_consolidation,NY,37.71,1.0,670.0,674.0,0.0,44.9,40.0,Individual,6,High Risk,Manual Review
61491694,11225.0, 60 months,18.55,E,E2,10+ years,MORTGAGE,110000.0,Source Verified,home_improvement,NY,2.9,1.0,660.0,664.0,0.0,86.1,8.0,Individual,5,High Risk,Manual Review
61351344,2000.0, 36 months,19.19,E,E3,5 years,OWN,32000.0,Verified,small_business,TX,32.71,0.0,675.0,679.0,0.0,79.0,16.0,Individual,5,High Risk,Manual Review
61321592,35000.0, 60 months,18.55,E,E2,3 years,MORTGAGE,89000.0,Source Verified,debt_consolidation,LA,31.47,0.0,670.0,674.0,1.0,68.1,30.0,Individual,5,High Risk,Manual Review
61361563,12525.0, 60 months,20.99,E,E5,< 1 year,RENT,33000.0,Source Verified,credit_card,CA,37.14,0.0,665.0,669.0,1.0,84.1,15.0,Individual,6,High Risk,Manual Review
61391307,35000.0, 60 months,20.99,E,E5,6 years,RENT,93000.0,Source Verified,debt_consolidation,AZ,30.37,5.0,670.0,674.0,0.0,73.3,38.0,Individual,6,High Risk,Manual Review
59392515,13600.0, 60 months,20.99,E,E5,10+ years,MORTGAGE,40000.0,Source Verified,debt_consolidation,VA,38.79,1.0,665.0,669.0,0.0,49.9,39.0,Individual,6,High Risk,Manual Review
61531603,30000.0, 60 months,21.99,F,F1,9 years,MORTGAGE,89556.0,Verified,debt_consolidation,CA,32.9,1.0,680.0,684.0,0.0,75.1,19.0,Individual,6,High Risk,Manual Review
61481638,12025.0, 60 months,18.25,E,E1,10+ years,MORTGAGE,41000.0,Source Verified,debt_consolidation,VA,34.51,0.0,660.0,664.0,1.0,63.5,26.0,Individual,5,High Risk,Manual Review
61530950,7725.0, 36 months,18.25,E,E1,10+ years,MORTGAGE,45000.0,Verified,credit_card,TX,38.37,0.0,720.0,724.0,1.0,60.0,20.0,Individual,5,High Risk,Manual Review
61471554,14025.0, 60 months,19.19,E,E3,10+ years,MORTGAGE,72000.0,Verified,debt_consolidation,CA,26.38,4.0,665.0,669.0,1.0,103.0,29.0,Individual,5,High Risk,Manual Review
61521776,10000.0, 60 months,19.19,E,E3,2 years,RENT,35000.0,Source Verified,debt_consolidation,PA,38.41,0.0,695.0,699.0,1.0,49.1,17.0,Individual,5,High Risk,Manual Review
60387373,19050.0, 60 months,22.99,F,F2,5 years,RENT,57000.0,Verified,debt_consolidation,CT,30.55,0.0,670.0,674.0,2.0,61.0,25.0,Individual,5,High Risk,Manual Review
61450453,13875.0, 60 months,18.55,E,E2,5 years,RENT,45000.0,Verified,debt_consolidation,AZ,31.04,0.0,685.0,689.0,1.0,96.0,13.0,Individual,6,High Risk,Manual Review
61470751,18000.0, 60 months,18.25,E,E1,10+ years,RENT,45000.0,Source Verified,debt_consolidation,CA,33.63,0.0,660.0,664.0,0.0,67.8,21.0,Individual,5,High Risk,Manual Review
61450228,4375.0, 36 months,18.25,E,E1,1 year,RENT,56000.0,Not Verified,debt_consolidation,NV,28.1,3.0,670.0,674.0,2.0,83.0,20.0,Individual,5,High Risk,Manual Review
61510482,32825.0, 60 months,21.99,F,F1,6 years,OWN,75000.0,Source Verified,debt_consolidation,SC,33.95,0.0,685.0,689.0,2.0,74.1,38.0,Individual,5,High Risk,Manual Review
61370323,16800.0, 60 months,19.19,E,E3,4 years,RENT,42000.0,Source Verified,debt_consolidation,PA,30.29,0.0,675.0,679.0,0.0,66.8,12.0,Individual,5,High Risk,Manual Review
61500782,8500.0, 36 months,27.31,G,G2,10+ years,MORTGAGE,25000.0,Verified,debt_consolidation,MO,30.15,0.0,675.0,679.0,0.0,50.1,14.0,Individual,5,High Risk,Manual Review
61330109,20150.0, 60 months,21.99,F,F1,9 years,MORTGAGE,48000.0,Verified,debt_consolidation,OH,32.88,0.0,660.0,664.0,1.0,59.4,17.0,Individual,5,High Risk,Manual Review
61540411,16450.0, 60 months,19.19,E,E3,10+ years,MORTGAGE,50000.0,Not Verified,major_purchase,TX,32.09,0.0,690.0,694.0,1.0,69.3,26.0,Individual,5,High Risk,Manual Review
61311106,35000.0, 60 months,19.99,E,E4,2 years,RENT,102000.0,Verified,debt_consolidation,CA,30.89,0.0,700.0,704.0,1.0,29.9,13.0,Individual,5,High Risk,Manual Review
61480459,27300.0, 60 months,20.99,E,E5,2 years,OWN,65000.0,Source Verified,credit_card,CA,33.34,1.0,660.0,664.0,0.0,42.2,18.0,Individual,6,High Risk,Manual Review
61510742,10100.0, 60 months,19.99,E,E4,10+ years,RENT,46800.0,Verified,debt_consolidation,AZ,35.38,1.0,660.0,664.0,1.0,72.3,23.0,Individual,6,High Risk,Manual Review
60911579,21000.0, 60 months,19.19,E,E3,1 year,RENT,70000.0,Verified,medical,CA,38.15,0.0,670.0,674.0,0.0,50.7,33.0,Individual,5,High Risk,Manual Review
61350470,35000.0, 60 months,21.99,F,F1,< 1 year,RENT,88000.0,Verified,debt_consolidation,VA,37.14,0.0,675.0,679.0,0.0,95.6,19.0,Individual,6,High Risk,Manual Review
61480321,21900.0, 60 months,22.99,F,F2,2 years,RENT,59264.0,Verified,debt_consolidation,TX,37.97,1.0,710.0,714.0,1.0,31.0,22.0,Individual,6,High Risk,Manual Review
61330373,12000.0, 36 months,20.99,E,E5,< 1 year,RENT,24000.0,Verified,debt_consolidation,SD,39.0,0.0,660.0,664.0,1.0,69.8,6.0,Individual,5,High Risk,Manual Review
61330496,14400.0, 60 months,18.25,E,E1,2 years,RENT,40000.0,Source Verified,debt_consolidation,NE,30.32,0.0,675.0,679.0,1.0,30.8,53.0,Individual,5,High Risk,Manual Review
61501071,13500.0, 36 months,19.19,E,E3,10+ years,RENT,45000.0,Verified,debt_consolidation,CA,38.43,0.0,660.0,664.0,2.0,55.1,31.0,Individual,5,High Risk,Manual Review
60577018,13975.0, 60 months,19.19,E,E3,< 1 year,RENT,80000.0,Source Verified,debt_consolidation,CA,31.1,0.0,665.0,669.0,0.0,79.4,28.0,Individual,5,High Risk,Manual Review
61380959,12500.0, 60 months,18.55,E,E2,< 1 year,MORTGAGE,25000.0,Verified,debt_consolidation,GA,39.94,0.0,685.0,689.0,0.0,38.3,54.0,Individual,5,High Risk,Manual Review
61480528,14750.0, 60 months,17.57,D,D4,,RENT,35124.0,Verified,credit_card,PA,30.85,2.0,665.0,669.0,0.0,99.4,12.0,Individual,5,High Risk,Manual Review
61311078,10000.0, 60 months,18.25,E,E1,2 years,OWN,55800.0,Verified,moving,IN,30.86,0.0,695.0,699.0,1.0,3.4,25.0,Individual,5,High Risk,Manual Review
61510125,22500.0, 60 months,18.55,E,E2,1 year,RENT,45000.0,Source Verified,credit_card,TX,31.79,0.0,690.0,694.0,0.0,81.7,17.0,Individual,6,High Risk,Manual Review
60753524,35000.0, 60 months,19.19,E,E3,10+ years,RENT,200000.0,Verified,other,CA,6.85,2.0,690.0,694.0,0.0,91.0,14.0,Individual,5,High Risk,Manual Review
61500105,5025.0, 36 months,20.99,E,E5,8 years,MORTGAGE,37000.0,Source Verified,debt_consolidation,TX,31.11,0.0,670.0,674.0,1.0,53.5,31.0,Individual,5,High Risk,Manual Review
61448791,20800.0, 60 months,18.25,E,E1,< 1 year,RENT,47299.0,Source Verified,debt_consolidation,MI,33.54,0.0,680.0,684.0,1.0,82.2,33.0,Individual,6,High Risk,Manual Review
61460117,20875.0, 60 months,19.99,E,E4,10+ years,OWN,58000.0,Verified,debt_consolidation,CA,24.64,1.0,665.0,669.0,0.0,87.1,13.0,Individual,5,High Risk,Manual Review
61500450,16000.0, 60 months,22.99,F,F2,5 years,RENT,63000.0,Verified,house,CA,36.8,0.0,680.0,684.0,4.0,97.6,13.0,Individual,6,High Risk,Manual Review
60367488,8025.0, 36 months,21.99,F,F1,,RENT,26807.0,Verified,debt_consolidation,CA,34.57,0.0,675.0,679.0,0.0,87.0,15.0,Individual,6,High Risk,Manual Review
61411392,27600.0, 60 months,20.99,E,E5,10+ years,OWN,60000.0,Source Verified,home_improvement,NJ,32.44,1.0,670.0,674.0,0.0,59.5,22.0,Individual,6,High Risk,Manual Review
61470816,17625.0, 60 months,20.99,E,E5,6 years,RENT,42000.0,Source Verified,credit_card,IL,37.2,1.0,675.0,679.0,1.0,84.2,22.0,Individual,7,High Risk,Manual Review
61470221,18450.0, 60 months,20.99,E,E5,10+ years,RENT,51250.0,Verified,debt_consolidation,AL,33.89,0.0,660.0,664.0,1.0,84.6,17.0,Individual,6,High Risk,Manual Review
61550685,25000.0, 60 months,19.19,E,E3,10+ years,MORTGAGE,105600.0,Verified,debt_consolidation,MI,31.33,0.0,715.0,719.0,4.0,59.1,43.0,Individual,5,High Risk,Manual Review
60645444,14325.0, 60 months,18.55,E,E2,9 years,OWN,74182.0,Not Verified,debt_consolidation,RI,34.98,0.0,695.0,699.0,1.0,48.4,38.0,Individual,5,High Risk,Manual Review
61390795,20000.0, 60 months,19.99,E,E4,< 1 year,MORTGAGE,108000.0,Source Verified,debt_consolidation,GA,16.64,1.0,670.0,674.0,0.0,98.4,34.0,Individual,5,High Risk,Manual Review
61389488,25975.0, 60 months,21.99,F,F1,10+ years,MORTGAGE,127000.0,Verified,major_purchase,VA,33.44,0.0,675.0,679.0,1.0,78.8,32.0,Individual,5,High Risk,Manual Review
61430796,35000.0, 60 months,22.99,F,F2,5 years,MORTGAGE,78000.0,Verified,debt_consolidation,NY,33.98,0.0,665.0,669.0,2.0,90.5,30.0,Individual,6,High Risk,Manual Review
61470197,12800.0, 60 months,18.25,E,E1,8 years,MORTGAGE,27863.99,Source Verified,credit_card,IN,35.62,0.0,680.0,684.0,1.0,68.8,20.0,Individual,5,High Risk,Manual Review
61309593,21275.0, 60 months,19.99,E,E4,10+ years,RENT,50700.0,Verified,debt_consolidation,AZ,30.38,0.0,680.0,684.0,0.0,70.0,21.0,Individual,5,High Risk,Manual Review
60729327,10300.0, 36 months,19.19,E,E3,,RENT,29388.0,Verified,car,CA,30.05,0.0,665.0,669.0,2.0,82.6,17.0,Individual,6,High Risk,Manual Review
61500216,29625.0, 60 months,21.99,F,F1,10+ years,MORTGAGE,78000.0,Verified,debt_consolidation,KY,33.99,0.0,695.0,699.0,0.0,91.0,18.0,Individual,6,High Risk,Manual Review
61359356,26275.0, 60 months,21.99,F,F1,5 years,RENT,57158.4,Verified,debt_consolidation,CA,39.24,1.0,680.0,684.0,0.0,66.1,45.0,Individual,6,High Risk,Manual Review
60862093,15250.0, 60 months,18.25,E,E1,,OWN,30504.0,Verified,debt_consolidation,MO,37.18,0.0,695.0,699.0,1.0,56.7,34.0,Individual,5,High Risk,Manual Review
61339453,35000.0, 60 months,19.19,E,E3,1 year,MORTGAGE,132600.0,Source Verified,debt_consolidation,TX,32.56,0.0,700.0,704.0,0.0,65.0,21.0,Individual,5,High Risk,Manual Review
61499355,15000.0, 60 months,18.55,E,E2,6 years,MORTGAGE,58000.0,Not Verified,debt_consolidation,FL,34.64,0.0,705.0,709.0,0.0,58.0,31.0,Individual,5,High Risk,Manual Review
61519223,18700.0, 60 months,19.19,E,E3,5 years,MORTGAGE,52000.0,Verified,debt_consolidation,PA,21.76,1.0,675.0,679.0,0.0,93.4,20.0,Individual,5,High Risk,Manual Review
61519563,12725.0, 36 months,24.99,F,F4,1 year,OWN,45000.0,Source Verified,debt_consolidation,TN,22.88,1.0,670.0,674.0,1.0,81.0,39.0,Individual,5,High Risk,Manual Review
61499606,12000.0, 60 months,16.99,D,D3,8 years,MORTGAGE,80000.0,Not Verified,other,FL,34.8,1.0,680.0,684.0,0.0,89.9,38.0,Individual,5,High Risk,Manual Review
61489918,13000.0, 60 months,18.55,E,E2,2 years,MORTGAGE,26000.0,Verified,debt_consolidation,NC,34.96,0.0,695.0,699.0,0.0,64.3,14.0,Individual,5,High Risk,Manual Review
61369160,35000.0, 60 months,19.99,E,E4,4 years,MORTGAGE,75325.0,Source Verified,debt_consolidation,AL,38.66,0.0,665.0,669.0,1.0,74.7,41.0,Individual,5,High Risk,Manual Review
61380036,22525.0, 60 months,18.55,E,E2,,OWN,51229.0,Not Verified,debt_consolidation,FL,33.84,0.0,700.0,704.0,0.0,27.5,27.0,Individual,5,High Risk,Manual Review
61429725,30000.0, 60 months,19.99,E,E4,10+ years,MORTGAGE,75000.0,Source Verified,debt_consolidation,FL,31.09,0.0,675.0,679.0,1.0,68.8,19.0,Individual,5,High Risk,Manual Review
61519466,3275.0, 36 months,19.99,E,E4,6 years,RENT,26754.0,Verified,debt_consolidation,IN,39.52,2.0,660.0,664.0,1.0,86.9,25.0,Individual,7,High Risk,Manual Review
61459177,10950.0, 60 months,20.99,E,E5,9 years,OWN,50000.0,Source Verified,home_improvement,IL,35.07,0.0,730.0,734.0,1.0,24.2,19.0,Individual,5,High Risk,Manual Review
61409807,20000.0, 60 months,16.99,D,D3,2 years,RENT,40000.0,Verified,credit_card,CA,39.0,2.0,670.0,674.0,1.0,95.0,33.0,Individual,5,High Risk,Manual Review
61419882,30000.0, 60 months,21.99,F,F1,8 years,MORTGAGE,88000.0,Source Verified,home_improvement,MA,34.69,1.0,690.0,694.0,1.0,71.4,27.0,Individual,6,High Risk,Manual Review
61398836,3375.0, 36 months,26.77,G,G1,,MORTGAGE,10400.0,Source Verified,house,SC,31.64,0.0,680.0,684.0,0.0,28.2,13.0,Individual,5,High Risk,Manual Review
60815164,8800.0, 36 months,19.19,E,E3,2 years,RENT,20000.0,Source Verified,credit_card,VA,36.07,0.0,700.0,704.0,0.0,52.7,15.0,Individual,5,High Risk,Manual Review
61458728,20700.0, 60 months,19.99,E,E4,2 years,RENT,45000.0,Source Verified,debt_consolidation,NJ,32.43,0.0,735.0,739.0,0.0,25.1,33.0,Individual,5,High Risk,Manual Review
61309585,20700.0, 60 months,19.99,E,E4,10+ years,OWN,45000.0,Verified,credit_card,TX,38.91,0.0,665.0,669.0,0.0,89.2,34.0,Individual,6,High Risk,Manual Review
60940193,30000.0, 60 months,19.19,E,E3,10+ years,RENT,60000.0,Verified,debt_consolidation,CA,31.14,0.0,725.0,729.0,0.0,85.7,17.0,Individual,6,High Risk,Manual Review
61329476,12000.0, 60 months,18.55,E,E2,1 year,RENT,75000.0,Source Verified,debt_consolidation,TX,31.15,0.0,670.0,674.0,2.0,53.0,17.0,Individual,5,High Risk,Manual Review
61339641,12000.0, 60 months,18.25,E,E1,< 1 year,RENT,52000.0,Verified,debt_consolidation,FL,35.4,0.0,675.0,679.0,1.0,88.7,16.0,Individual,6,High Risk,Manual Review
60970399,3075.0, 36 months,22.99,F,F2,7 years,RENT,35000.0,Source Verified,debt_consolidation,AR,31.17,0.0,695.0,699.0,0.0,43.7,18.0,Individual,5,High Risk,Manual Review
61309631,25000.0, 60 months,19.99,E,E4,< 1 year,MORTGAGE,120000.0,Source Verified,debt_consolidation,LA,30.05,0.0,700.0,704.0,1.0,50.5,64.0,Individual,5,High Risk,Manual Review
61369301,5675.0, 36 months,18.55,E,E2,2 years,MORTGAGE,72000.0,Source Verified,small_business,NY,36.15,0.0,705.0,709.0,1.0,78.3,28.0,Individual,5,High Risk,Manual Review
61409440,7900.0, 36 months,26.77,G,G1,,RENT,26400.0,Verified,other,CO,34.41,0.0,695.0,699.0,1.0,15.3,32.0,Individual,5,High Risk,Manual Review
61349850,16100.0, 60 months,18.55,E,E2,6 years,RENT,35000.0,Not Verified,debt_consolidation,PA,35.43,0.0,690.0,694.0,0.0,43.0,38.0,Individual,5,High Risk,Manual Review
60944044,13300.0, 60 months,19.19,E,E3,3 years,MORTGAGE,50000.0,Source Verified,other,LA,37.52,2.0,690.0,694.0,0.0,51.4,29.0,Individual,6,High Risk,Manual Review
61489563,11100.0, 60 months,23.99,F,F3,3 years,RENT,37000.0,Verified,debt_consolidation,MI,33.96,0.0,660.0,664.0,0.0,99.7,22.0,Individual,6,High Risk,Manual Review
61420103,30000.0, 60 months,19.99,E,E4,3 years,MORTGAGE,98000.0,Source Verified,debt_consolidation,CA,21.06,2.0,670.0,674.0,3.0,90.0,16.0,Individual,5,High Risk,Manual Review
60801485,35000.0, 60 months,25.78,F,F5,10+ years,MORTGAGE,225000.0,Source Verified,debt_consolidation,NY,12.49,1.0,695.0,699.0,1.0,91.4,17.0,Individual,5,High Risk,Manual Review
61489721,32000.0, 60 months,19.99,E,E4,1 year,MORTGAGE,100000.0,Verified,debt_consolidation,NC,32.83,6.0,675.0,679.0,1.0,45.5,48.0,Individual,6,High Risk,Manual Review
61379050,10425.0, 60 months,22.99,F,F2,6 years,OWN,29000.0,Source Verified,home_improvement,NM,35.35,0.0,675.0,679.0,0.0,89.9,19.0,Individual,6,High Risk,Manual Review
61429370,25000.0, 60 months,18.25,E,E1,10+ years,RENT,87900.8,Source Verified,debt_consolidation,CA,36.82,1.0,675.0,679.0,0.0,66.7,22.0,Individual,6,High Risk,Manual Review
61329487,30000.0, 60 months,18.25,E,E1,3 years,RENT,103000.0,Verified,debt_consolidation,TX,36.49,0.0,685.0,689.0,3.0,77.0,51.0,Individual,5,High Risk,Manual Review
61479879,18700.0, 60 months,20.99,E,E5,10+ years,RENT,52000.0,Verified,debt_consolidation,CA,39.9,0.0,680.0,684.0,0.0,38.4,32.0,Individual,5,High Risk,Manual Review
60882187,17675.0, 60 months,19.19,E,E3,2 years,RENT,50000.0,Verified,debt_consolidation,CO,30.22,1.0,660.0,664.0,0.0,73.9,33.0,Individual,6,High Risk,Manual Review
61539387,28025.0, 60 months,27.88,G,G3,10+ years,MORTGAGE,86400.0,Source Verified,debt_consolidation,CA,26.9,1.0,665.0,669.0,4.0,89.3,31.0,Individual,5,High Risk,Manual Review
61459173,7750.0, 36 months,18.55,E,E2,10+ years,OWN,57000.0,Source Verified,debt_consolidation,CA,19.18,1.0,690.0,694.0,2.0,97.3,9.0,Individual,5,High Risk,Manual Review
61319882,9125.0, 36 months,18.55,E,E2,7 years,RENT,55000.0,Source Verified,debt_consolidation,MD,33.12,2.0,675.0,679.0,0.0,30.5,24.0,Individual,6,High Risk,Manual Review
61380198,20000.0, 60 months,19.99,E,E4,2 years,RENT,67000.0,Verified,credit_card,NJ,31.13,0.0,660.0,664.0,0.0,87.6,29.0,Individual,6,High Risk,Manual Review
61479766,20000.0, 60 months,22.99,F,F2,7 years,RENT,90000.0,Source Verified,car,TX,18.67,1.0,665.0,669.0,0.0,98.5,30.0,Individual,5,High Risk,Manual Review
60783993,15200.0, 36 months,20.99,E,E5,< 1 year,RENT,34000.0,Source Verified,small_business,FL,38.62,0.0,715.0,719.0,0.0,30.4,8.0,Individual,5,High Risk,Manual Review
61529711,12850.0, 36 months,18.25,E,E1,10+ years,RENT,70000.0,Not Verified,debt_consolidation,IL,28.53,1.0,675.0,679.0,2.0,93.0,17.0,Individual,5,High Risk,Manual Review
61308581,10375.0, 60 months,21.99,F,F1,< 1 year,RENT,27000.0,Source Verified,debt_consolidation,IL,32.22,0.0,660.0,664.0,1.0,33.7,35.0,Individual,5,High Risk,Manual Review
61389213,20675.0, 60 months,18.55,E,E2,5 years,MORTGAGE,50000.0,Source Verified,debt_consolidation,CO,16.54,5.0,665.0,669.0,0.0,89.2,22.0,Individual,5,High Risk,Manual Review
61310202,18400.0, 60 months,18.55,E,E2,,MORTGAGE,40000.0,Verified,debt_consolidation,FL,37.59,2.0,685.0,689.0,0.0,54.3,35.0,Individual,6,High Risk,Manual Review
61469535,25000.0, 60 months,18.25,E,E1,10+ years,RENT,80000.0,Source Verified,debt_consolidation,CA,36.18,1.0,665.0,669.0,1.0,79.0,32.0,Individual,6,High Risk,Manual Review
61389653,16000.0, 36 months,15.61,D,D1,8 years,RENT,40000.0,Not Verified,debt_consolidation,FL,31.62,1.0,660.0,664.0,0.0,89.9,18.0,Individual,5,High Risk,Manual Review
61489470,11500.0, 60 months,17.86,D,D5,8 years,RENT,35300.0,Verified,debt_consolidation,IL,30.9,5.0,675.0,679.0,2.0,86.8,38.0,Individual,5,High Risk,Manual Review
61429427,25000.0, 60 months,18.25,E,E1,10+ years,MORTGAGE,170000.0,Not Verified,debt_consolidation,CO,38.34,0.0,695.0,699.0,2.0,76.7,35.0,Individual,5,High Risk,Manual Review
61469381,10000.0, 60 months,18.25,E,E1,10+ years,MORTGAGE,59000.0,Source Verified,medical,MS,34.11,0.0,690.0,694.0,1.0,74.0,21.0,Individual,5,High Risk,Manual Review
61398487,18000.0, 60 months,18.25,E,E1,10+ years,MORTGAGE,72000.0,Not Verified,debt_consolidation,MI,34.67,0.0,675.0,679.0,0.0,67.0,26.0,Individual,5,High Risk,Manual Review
61458548,19100.0, 60 months,18.55,E,E2,7 years,MORTGAGE,53000.0,Verified,car,FL,39.56,0.0,700.0,704.0,0.0,81.2,30.0,Individual,6,High Risk,Manual Review
61549027,19175.0, 60 months,21.99,F,F1,10+ years,RENT,38364.92,Verified,debt_consolidation,PA,30.18,0.0,680.0,684.0,1.0,101.6,17.0,Individual,6,High Risk,Manual Review
61339064,18000.0, 60 months,18.55,E,E2,8 years,RENT,60800.0,Source Verified,debt_consolidation,CA,34.29,0.0,665.0,669.0,1.0,83.7,20.0,Individual,6,High Risk,Manual Review
61458458,4500.0, 36 months,19.99,E,E4,10+ years,OWN,30000.0,Verified,small_business,MI,37.48,0.0,685.0,689.0,4.0,86.9,17.0,Individual,6,High Risk,Manual Review
61379038,21600.0, 36 months,17.86,D,D5,10+ years,MORTGAGE,60000.0,Verified,debt_consolidation,AL,31.22,2.0,660.0,664.0,0.0,94.2,30.0,Individual,5,High Risk,Manual Review
60903815,16550.0, 60 months,19.99,E,E4,5 years,RENT,46000.0,Verified,debt_consolidation,MO,38.33,0.0,690.0,694.0,0.0,91.0,26.0,Individual,6,High Risk,Manual Review
61468701,6075.0, 36 months,21.99,F,F1,< 1 year,OWN,19000.0,Verified,small_business,AL,35.63,0.0,675.0,679.0,0.0,72.4,23.0,Individual,5,High Risk,Manual Review
61428892,22250.0, 60 months,19.99,E,E4,2 years,RENT,97200.0,Verified,major_purchase,OR,21.63,2.0,660.0,664.0,0.0,93.1,38.0,Individual,5,High Risk,Manual Review
61468636,15000.0, 60 months,18.25,E,E1,9 years,RENT,135000.0,Source Verified,debt_consolidation,TX,10.78,4.0,665.0,669.0,0.0,84.6,22.0,Individual,5,High Risk,Manual Review
61499235,26275.0, 60 months,23.99,F,F3,9 years,MORTGAGE,55000.0,Verified,credit_card,VA,38.3,0.0,680.0,684.0,0.0,62.8,38.0,Individual,5,High Risk,Manual Review
61488699,14000.0, 60 months,18.55,E,E2,1 year,MORTGAGE,28000.0,Source Verified,debt_consolidation,TX,33.9,0.0,675.0,679.0,0.0,79.5,22.0,Individual,5,High Risk,Manual Review
61528567,14225.0, 36 months,18.25,E,E1,,OWN,44928.6,Verified,debt_consolidation,MO,33.44,0.0,730.0,734.0,0.0,28.9,22.0,Individual,5,High Risk,Manual Review
61338842,4000.0, 36 months,18.25,E,E1,10+ years,RENT,22400.0,Verified,other,NM,38.0,0.0,665.0,669.0,0.0,50.0,8.0,Individual,5,High Risk,Manual Review
61328492,10000.0, 60 months,19.19,E,E3,10+ years,RENT,35000.0,Verified,debt_consolidation,NV,32.48,0.0,660.0,664.0,1.0,73.7,10.0,Individual,5,High Risk,Manual Review
61398758,13400.0, 60 months,18.55,E,E2,10+ years,MORTGAGE,85633.0,Verified,debt_consolidation,CT,30.62,0.0,695.0,699.0,0.0,77.0,32.0,Individual,5,High Risk,Manual Review
60754318,14325.0, 60 months,19.19,E,E3,5 years,MORTGAGE,60000.0,Source Verified,debt_consolidation,OH,34.26,1.0,660.0,664.0,1.0,82.2,35.0,Individual,7,High Risk,Manual Review
61319040,10800.0, 60 months,19.99,E,E4,,RENT,74000.0,Verified,debt_consolidation,GA,16.49,1.0,675.0,679.0,1.0,82.5,12.0,Individual,5,High Risk,Manual Review
61438700,15000.0, 60 months,18.55,E,E2,10+ years,RENT,50000.0,Verified,debt_consolidation,AK,33.85,0.0,685.0,689.0,2.0,46.6,16.0,Individual,5,High Risk,Manual Review
60527008,23125.0, 60 months,19.19,E,E3,10+ years,OWN,75000.0,Not Verified,debt_consolidation,PA,38.93,0.0,725.0,729.0,0.0,81.7,31.0,Individual,6,High Risk,Manual Review
60984241,24000.0, 60 months,17.86,D,D5,10+ years,MORTGAGE,66000.0,Source Verified,debt_consolidation,TN,37.38,5.0,675.0,679.0,0.0,93.5,35.0,Individual,5,High Risk,Manual Review
61468382,29350.0, 36 months,19.19,E,E3,9 years,MORTGAGE,90000.0,Verified,debt_consolidation,CA,9.87,5.0,670.0,674.0,2.0,100.0,32.0,Individual,5,High Risk,Manual Review
61549167,35000.0, 60 months,22.99,F,F2,10+ years,MORTGAGE,92824.56,Source Verified,debt_consolidation,AZ,34.26,0.0,695.0,699.0,0.0,54.8,59.0,Individual,5,High Risk,Manual Review
61548529,30550.0, 60 months,24.99,F,F4,2 years,RENT,85000.0,Verified,debt_consolidation,WA,35.01,0.0,660.0,664.0,3.0,83.7,44.0,Individual,6,High Risk,Manual Review
61368759,14100.0, 60 months,21.99,F,F1,4 years,RENT,47000.0,Verified,debt_consolidation,PA,31.66,0.0,665.0,669.0,2.0,90.4,21.0,Individual,6,High Risk,Manual Review
61468846,7325.0, 36 months,16.99,D,D3,,MORTGAGE,21600.0,Verified,other,FL,30.94,1.0,720.0,724.0,3.0,100.0,13.0,Individual,5,High Risk,Manual Review
61499143,10000.0, 60 months,23.99,F,F3,10+ years,MORTGAGE,41600.0,Verified,debt_consolidation,VA,38.86,0.0,685.0,689.0,1.0,69.0,19.0,Individual,5,High Risk,Manual Review
61308846,16550.0, 60 months,22.99,F,F2,4 years,MORTGAGE,46000.0,Verified,debt_consolidation,GA,31.36,0.0,690.0,694.0,0.0,89.3,12.0,Individual,6,High Risk,Manual Review
61328521,35000.0, 60 months,20.99,E,E5,10+ years,RENT,83000.0,Source Verified,debt_consolidation,CA,35.87,2.0,660.0,664.0,0.0,82.2,42.0,Individual,7,High Risk,Manual Review
61429139,11200.0, 60 months,21.99,F,F1,7 years,MORTGAGE,47000.0,Verified,debt_consolidation,DE,33.61,0.0,685.0,689.0,1.0,43.4,17.0,Individual,5,High Risk,Manual Review
61518940,16700.0, 60 months,21.99,F,F1,8 years,RENT,63000.0,Verified,debt_consolidation,NY,36.12,0.0,675.0,679.0,0.0,51.5,46.0,Individual,5,High Risk,Manual Review
61439030,15000.0, 60 months,19.99,E,E4,< 1 year,RENT,60000.0,Source Verified,debt_consolidation,GA,30.56,2.0,660.0,664.0,1.0,65.6,43.0,Individual,6,High Risk,Manual Review
60952910,5000.0, 36 months,18.55,E,E2,< 1 year,MORTGAGE,17500.0,Verified,debt_consolidation,NC,37.65,0.0,670.0,674.0,1.0,48.3,27.0,Individual,5,High Risk,Manual Review
61408482,13125.0, 60 months,18.25,E,E1,1 year,MORTGAGE,53000.0,Source Verified,debt_consolidation,KS,30.73,1.0,670.0,674.0,0.0,85.0,20.0,Individual,7,High Risk,Manual Review
61379132,19650.0, 60 months,18.55,E,E2,10+ years,MORTGAGE,106000.0,Not Verified,debt_consolidation,GA,36.49,1.0,700.0,704.0,1.0,47.6,46.0,Individual,6,High Risk,Manual Review
61409076,12800.0, 60 months,25.78,F,F5,8 years,RENT,61000.0,Verified,debt_consolidation,CA,37.34,0.0,680.0,684.0,0.0,33.7,19.0,Individual,5,High Risk,Manual Review
61308533,4100.0, 36 months,19.19,E,E3,,RENT,9800.0,Verified,debt_consolidation,MI,33.95,0.0,700.0,704.0,0.0,57.6,7.0,Individual,5,High Risk,Manual Review
61338469,31000.0, 60 months,19.19,E,E3,1 year,MORTGAGE,120000.0,Verified,credit_card,TX,39.44,0.0,690.0,694.0,0.0,53.1,48.0,Individual,5,High Risk,Manual Review
61528462,35000.0, 60 months,22.99,F,F2,3 years,RENT,100000.0,Verified,debt_consolidation,CA,21.25,4.0,665.0,669.0,2.0,96.5,23.0,Individual,5,High Risk,Manual Review
61358501,15000.0, 60 months,18.25,E,E1,7 years,MORTGAGE,52000.0,Not Verified,car,VA,33.88,3.0,670.0,674.0,1.0,3.8,17.0,Individual,6,High Risk,Manual Review
60964477,4275.0, 36 months,18.25,E,E1,,MORTGAGE,9312.0,Verified,credit_card,FL,39.05,0.0,705.0,709.0,0.0,81.0,10.0,Individual,6,High Risk,Manual Review
61498502,26100.0, 60 months,18.55,E,E2,10+ years,MORTGAGE,58000.0,Verified,credit_card,IN,30.75,0.0,690.0,694.0,0.0,64.0,15.0,Individual,5,High Risk,Manual Review
61458713,30000.0, 60 months,16.99,D,D3,10+ years,MORTGAGE,90000.0,Verified,credit_card,NV,30.68,1.0,675.0,679.0,1.0,93.4,32.0,Individual,5,High Risk,Manual Review
61338676,15000.0, 60 months,18.55,E,E2,10+ years,MORTGAGE,53000.0,Verified,debt_consolidation,IN,29.46,1.0,660.0,664.0,3.0,87.9,23.0,Individual,5,High Risk,Manual Review
61538814,20475.0, 60 months,18.25,E,E1,6 years,MORTGAGE,52000.0,Source Verified,debt_consolidation,IN,38.45,0.0,695.0,699.0,1.0,79.2,32.0,Individual,5,High Risk,Manual Review
61528838,19150.0, 36 months,18.25,E,E1,,OWN,42600.0,Verified,debt_consolidation,NY,33.97,0.0,705.0,709.0,0.0,77.0,16.0,Individual,5,High Risk,Manual Review
61319017,14400.0, 60 months,19.19,E,E3,10+ years,RENT,40000.0,Source Verified,debt_consolidation,NY,37.8,0.0,710.0,714.0,0.0,39.0,18.0,Individual,5,High Risk,Manual Review
60904837,21300.0, 60 months,18.25,E,E1,2 years,MORTGAGE,58000.0,Source Verified,debt_consolidation,OK,38.63,0.0,680.0,684.0,3.0,43.1,42.0,Individual,5,High Risk,Manual Review
60923242,4800.0, 36 months,18.55,E,E2,10+ years,OWN,16000.0,Verified,debt_consolidation,FL,39.16,0.0,675.0,679.0,2.0,54.2,12.0,Individual,5,High Risk,Manual Review
61388443,20100.0, 60 months,25.78,F,F5,< 1 year,MORTGAGE,72000.0,Verified,debt_consolidation,MA,20.45,2.0,660.0,664.0,0.0,92.5,21.0,Individual,5,High Risk,Manual Review
61488602,14100.0, 60 months,19.99,E,E4,10+ years,OWN,42000.0,Source Verified,debt_consolidation,KY,34.06,0.0,710.0,714.0,0.0,45.7,21.0,Individual,5,High Risk,Manual Review
61489056,35000.0, 60 months,24.99,F,F4,< 1 year,RENT,100000.0,Verified,debt_consolidation,DC,37.66,0.0,685.0,689.0,0.0,69.4,27.0,Individual,5,High Risk,Manual Review
61478534,21000.0, 60 months,18.25,E,E1,10+ years,MORTGAGE,92643.0,Source Verified,home_improvement,MO,33.45,0.0,660.0,664.0,3.0,58.4,77.0,Individual,5,High Risk,Manual Review
61378981,14500.0, 60 months,19.99,E,E4,5 years,RENT,33000.0,Source Verified,credit_card,OR,37.02,1.0,665.0,669.0,1.0,87.1,24.0,Individual,7,High Risk,Manual Review
61368382,17150.0, 60 months,18.25,E,E1,10+ years,RENT,39000.0,Source Verified,debt_consolidation,OK,38.89,0.0,680.0,684.0,0.0,60.0,27.0,Individual,5,High Risk,Manual Review
61508229,15925.0, 60 months,18.55,E,E2,< 1 year,RENT,54000.0,Verified,debt_consolidation,TX,36.36,0.0,670.0,674.0,0.0,89.5,20.0,Individual,6,High Risk,Manual Review
61538288,11575.0, 60 months,23.99,F,F3,10+ years,MORTGAGE,48300.0,Source Verified,debt_consolidation,NC,32.52,0.0,660.0,664.0,1.0,81.1,32.0,Individual,6,High Risk,Manual Review
61058186,25000.0, 60 months,19.19,E,E3,1 year,RENT,70000.0,Verified,debt_consolidation,FL,32.95,2.0,670.0,674.0,4.0,56.3,54.0,Individual,6,High Risk,Manual Review
61338206,10800.0, 60 months,19.19,E,E3,10+ years,RENT,30000.0,Source Verified,debt_consolidation,MT,33.64,0.0,675.0,679.0,0.0,38.0,21.0,Individual,5,High Risk,Manual Review
60860988,29900.0, 60 months,23.99,F,F3,10+ years,RENT,68000.0,Not Verified,debt_consolidation,CA,31.1,0.0,660.0,664.0,1.0,64.8,18.0,Individual,5,High Risk,Manual Review
60616394,32200.0, 60 months,18.25,E,E1,1 year,MORTGAGE,70000.0,Verified,debt_consolidation,NJ,39.45,0.0,670.0,674.0,0.0,51.6,30.0,Individual,5,High Risk,Manual Review
60964803,13825.0, 60 months,22.99,F,F2,10+ years,OWN,72000.0,Verified,debt_consolidation,NJ,16.1,1.0,660.0,664.0,1.0,89.7,34.0,Individual,5,High Risk,Manual Review
61088142,10100.0, 60 months,18.25,E,E1,9 years,OWN,23000.0,Source Verified,credit_card,MN,37.94,0.0,690.0,694.0,0.0,54.1,16.0,Individual,5,High Risk,Manual Review
60950763,12000.0, 60 months,18.55,E,E2,10+ years,MORTGAGE,47044.03,Source Verified,debt_consolidation,GA,33.47,2.0,690.0,694.0,0.0,54.7,10.0,Individual,6,High Risk,Manual Review
60904304,35000.0, 60 months,18.55,E,E2,10+ years,OWN,210000.0,Source Verified,debt_consolidation,GA,19.4,3.0,680.0,684.0,1.0,84.7,27.0,Individual,5,High Risk,Manual Review
60924466,5750.0, 36 months,19.99,E,E4,3 years,OWN,16000.0,Verified,credit_card,LA,31.06,0.0,695.0,699.0,2.0,33.8,25.0,Individual,5,High Risk,Manual Review
60794590,32350.0, 60 months,18.25,E,E1,4 years,MORTGAGE,120000.0,Source Verified,credit_card,GA,32.75,0.0,690.0,694.0,0.0,64.8,38.0,Individual,5,High Risk,Manual Review
60904569,16000.0, 60 months,18.55,E,E2,6 years,MORTGAGE,204000.0,Source Verified,credit_card,TX,18.76,1.0,665.0,669.0,2.0,97.9,30.0,Individual,5,High Risk,Manual Review
61108179,12950.0, 60 months,23.99,F,F3,,MORTGAGE,36000.0,Source Verified,debt_consolidation,TX,38.4,0.0,755.0,759.0,1.0,28.2,22.0,Individual,5,High Risk,Manual Review
59411408,35000.0, 60 months,21.99,F,F1,10+ years,MORTGAGE,92000.0,Verified,debt_consolidation,IL,24.12,1.0,680.0,684.0,0.0,93.4,22.0,Individual,5,High Risk,Manual Review
61378160,10200.0, 60 months,19.19,E,E3,4 years,RENT,48000.0,Verified,other,CA,31.5,0.0,675.0,679.0,0.0,30.7,28.0,Individual,5,High Risk,Manual Review
60844896,12500.0, 36 months,18.25,E,E1,,OWN,25000.0,Verified,credit_card,MI,30.92,0.0,665.0,669.0,0.0,75.1,27.0,Individual,5,High Risk,Manual Review
60904875,31775.0, 60 months,23.99,F,F3,4 years,MORTGAGE,80000.0,Verified,major_purchase,AR,33.78,3.0,675.0,679.0,2.0,6.2,38.0,Individual,6,High Risk,Manual Review
60974568,18000.0, 60 months,18.25,E,E1,10+ years,RENT,87000.0,Verified,debt_consolidation,NV,34.77,0.0,725.0,729.0,0.0,89.3,29.0,Individual,6,High Risk,Manual Review
60825019,16425.0, 60 months,19.19,E,E3,10+ years,MORTGAGE,49700.0,Verified,debt_consolidation,IL,31.73,0.0,665.0,669.0,1.0,69.3,40.0,Individual,5,High Risk,Manual Review
60974868,8500.0, 36 months,18.25,E,E1,10+ years,OWN,25000.0,Verified,debt_consolidation,AL,31.59,1.0,670.0,674.0,1.0,29.2,31.0,Individual,6,High Risk,Manual Review
60904121,10000.0, 60 months,18.55,E,E2,10+ years,MORTGAGE,70000.0,Source Verified,other,NC,30.05,0.0,700.0,704.0,1.0,90.8,30.0,Individual,6,High Risk,Manual Review
61478277,12225.0, 60 months,23.99,F,F3,10+ years,RENT,34000.0,Source Verified,credit_card,NC,32.63,0.0,660.0,664.0,1.0,66.5,23.0,Individual,5,High Risk,Manual Review
61488277,20050.0, 60 months,19.19,E,E3,3 years,MORTGAGE,145000.0,Verified,debt_consolidation,FL,32.03,1.0,665.0,669.0,0.0,84.9,42.0,Individual,7,High Risk,Manual Review
61018436,8100.0, 36 months,26.77,G,G1,7 years,RENT,27000.0,Verified,debt_consolidation,CT,39.82,1.0,670.0,674.0,0.0,57.0,15.0,Individual,6,High Risk,Manual Review
60844624,30000.0, 60 months,18.55,E,E2,1 year,MORTGAGE,60000.0,Source Verified,debt_consolidation,NJ,36.08,3.0,685.0,689.0,0.0,40.5,25.0,Individual,6,High Risk,Manual Review
61408277,10925.0, 60 months,23.99,F,F3,,RENT,40000.0,Verified,debt_consolidation,CA,34.85,0.0,690.0,694.0,0.0,81.8,17.0,Individual,6,High Risk,Manual Review
61278143,4575.0, 36 months,18.25,E,E1,7 years,MORTGAGE,37000.0,Source Verified,debt_consolidation,HI,17.97,1.0,670.0,674.0,0.0,82.5,19.0,Individual,5,High Risk,Manual Review
61518259,6650.0, 36 months,18.55,E,E2,10+ years,MORTGAGE,20800.0,Verified,other,GA,33.17,1.0,670.0,674.0,1.0,84.0,13.0,Individual,7,High Risk,Manual Review
60346172,10000.0, 60 months,19.19,E,E3,,MORTGAGE,70000.0,Source Verified,major_purchase,TX,16.34,1.0,700.0,704.0,0.0,85.0,17.0,Individual,5,High Risk,Manual Review
61408399,18175.0, 60 months,21.99,F,F1,10+ years,MORTGAGE,50500.0,Verified,debt_consolidation,TX,30.87,1.0,700.0,704.0,0.0,66.0,51.0,Individual,6,High Risk,Manual Review
60835506,12825.0, 60 months,25.78,F,F5,8 years,MORTGAGE,34000.0,Source Verified,debt_consolidation,TX,32.16,0.0,680.0,684.0,2.0,75.1,18.0,Individual,5,High Risk,Manual Review
61019108,16000.0, 60 months,18.25,E,E1,5 years,RENT,77000.0,Verified,debt_consolidation,CA,39.78,1.0,690.0,694.0,1.0,66.6,29.0,Individual,6,High Risk,Manual Review
61038191,35000.0, 36 months,17.86,D,D5,9 years,OWN,120000.0,Verified,debt_consolidation,OH,30.63,3.0,660.0,664.0,3.0,88.0,31.0,Individual,5,High Risk,Manual Review
60774695,11325.0, 60 months,19.19,E,E3,10+ years,RENT,27000.0,Source Verified,major_purchase,FL,36.04,0.0,680.0,684.0,0.0,71.9,6.0,Individual,5,High Risk,Manual Review
60945249,29250.0, 60 months,21.99,F,F1,10+ years,MORTGAGE,65000.0,Verified,debt_consolidation,OH,31.17,0.0,670.0,674.0,2.0,67.0,23.0,Individual,5,High Risk,Manual Review
60774538,4775.0, 36 months,19.19,E,E3,5 years,RENT,16000.0,Verified,debt_consolidation,FL,32.63,1.0,700.0,704.0,1.0,14.6,14.0,Individual,6,High Risk,Manual Review
61448183,14000.0, 60 months,18.55,E,E2,10+ years,MORTGAGE,125000.0,Source Verified,debt_consolidation,FL,15.97,1.0,705.0,709.0,0.0,81.7,23.0,Individual,5,High Risk,Manual Review
59995266,19425.0, 60 months,19.99,E,E4,10+ years,MORTGAGE,54000.0,Not Verified,debt_consolidation,CA,35.16,1.0,700.0,704.0,0.0,41.5,26.0,Individual,6,High Risk,Manual Review
60835331,35000.0, 60 months,18.25,E,E1,7 years,MORTGAGE,103000.0,Verified,debt_consolidation,TX,36.81,0.0,700.0,704.0,2.0,71.2,22.0,Individual,5,High Risk,Manual Review
60864494,28000.0, 60 months,28.99,G,G5,8 years,MORTGAGE,108000.0,Source Verified,debt_consolidation,FL,22.82,2.0,660.0,664.0,1.0,88.5,19.0,Individual,5,High Risk,Manual Review
60814855,7675.0, 36 months,19.19,E,E3,< 1 year,RENT,31000.0,Verified,debt_consolidation,CA,39.28,0.0,695.0,699.0,0.0,37.9,12.0,Individual,5,High Risk,Manual Review
61348327,16225.0, 36 months,18.55,E,E2,1 year,RENT,54080.0,Source Verified,debt_consolidation,FL,30.71,1.0,700.0,704.0,0.0,53.0,30.0,Individual,6,High Risk,Manual Review
60784871,9725.0, 36 months,18.25,E,E1,2 years,MORTGAGE,56000.0,Verified,debt_consolidation,MO,34.7,0.0,705.0,709.0,0.0,77.0,12.0,Individual,5,High Risk,Manual Review
60813909,13600.0, 60 months,18.55,E,E2,5 years,MORTGAGE,45000.0,Verified,moving,MO,34.43,0.0,680.0,684.0,2.0,83.1,16.0,Individual,6,High Risk,Manual Review
60763485,35000.0, 60 months,18.25,E,E1,10+ years,MORTGAGE,75000.0,Source Verified,debt_consolidation,NC,38.65,1.0,675.0,679.0,0.0,66.4,33.0,Individual,6,High Risk,Manual Review
60944026,20125.0, 60 months,21.99,F,F1,10+ years,MORTGAGE,53000.0,Source Verified,home_improvement,HI,37.81,0.0,710.0,714.0,0.0,58.7,22.0,Individual,5,High Risk,Manual Review
60762630,7200.0, 36 months,19.99,E,E4,4 years,OWN,20000.0,Verified,debt_consolidation,WV,36.73,0.0,675.0,679.0,1.0,74.5,13.0,Individual,5,High Risk,Manual Review
60754563,24500.0, 60 months,20.99,E,E5,2 years,MORTGAGE,49000.0,Source Verified,debt_consolidation,NC,30.1,1.0,730.0,734.0,1.0,22.6,30.0,Individual,6,High Risk,Manual Review
60942919,17775.0, 60 months,18.55,E,E2,10+ years,OWN,55000.0,Verified,debt_consolidation,KS,32.4,0.0,665.0,669.0,1.0,88.2,25.0,Individual,6,High Risk,Manual Review
60955027,10000.0, 36 months,22.99,F,F2,< 1 year,RENT,25000.0,Verified,debt_consolidation,VA,31.39,2.0,665.0,669.0,1.0,48.0,25.0,Individual,6,High Risk,Manual Review
60873650,8775.0, 36 months,25.78,F,F5,4 years,RENT,25000.0,Verified,debt_consolidation,DE,35.77,0.0,665.0,669.0,0.0,52.1,21.0,Individual,5,High Risk,Manual Review
60883835,10200.0, 60 months,19.99,E,E4,1 year,RENT,30000.0,Source Verified,debt_consolidation,NJ,36.97,0.0,715.0,719.0,0.0,39.6,14.0,Individual,5,High Risk,Manual Review
60863944,16075.0, 60 months,18.55,E,E2,10+ years,OWN,54105.0,Verified,credit_card,AL,28.15,1.0,665.0,669.0,0.0,101.3,27.0,Individual,5,High Risk,Manual Review
60974414,12000.0, 60 months,23.99,F,F3,< 1 year,RENT,40000.0,Verified,debt_consolidation,MN,34.92,1.0,670.0,674.0,0.0,74.5,16.0,Individual,6,High Risk,Manual Review
60706304,15875.0, 60 months,18.55,E,E2,1 year,MORTGAGE,97000.0,Verified,debt_consolidation,PA,39.68,0.0,725.0,729.0,2.0,97.3,20.0,Individual,6,High Risk,Manual Review
60773947,21325.0, 60 months,19.99,E,E4,10+ years,MORTGAGE,80000.0,Source Verified,credit_card,PA,36.62,1.0,705.0,709.0,1.0,78.6,51.0,Individual,6,High Risk,Manual Review
60964022,11900.0, 60 months,24.99,F,F4,8 years,RENT,46700.0,Verified,debt_consolidation,WI,31.64,0.0,660.0,664.0,2.0,77.0,17.0,Individual,5,High Risk,Manual Review
60914015,6400.0, 36 months,20.99,E,E5,< 1 year,OWN,16000.0,Verified,home_improvement,GA,39.23,0.0,705.0,709.0,0.0,51.0,14.0,Individual,5,High Risk,Manual Review
61017400,15500.0, 60 months,19.99,E,E4,,OWN,31000.0,Not Verified,debt_consolidation,CA,38.26,0.0,715.0,719.0,0.0,80.6,13.0,Individual,6,High Risk,Manual Review
60893938,28125.0, 60 months,21.99,F,F1,10+ years,RENT,56268.0,Source Verified,debt_consolidation,NY,35.74,0.0,705.0,709.0,0.0,79.3,20.0,Individual,5,High Risk,Manual Review
60941845,16625.0, 60 months,26.77,G,G1,2 years,MORTGAGE,50000.0,Verified,debt_consolidation,KY,30.92,0.0,695.0,699.0,0.0,50.5,18.0,Individual,5,High Risk,Manual Review
60804153,20000.0, 60 months,19.99,E,E4,5 years,RENT,50000.0,Verified,other,NY,33.66,0.0,680.0,684.0,0.0,78.5,24.0,Individual,5,High Risk,Manual Review
60773790,4000.0, 36 months,18.55,E,E2,3 years,MORTGAGE,39000.0,Not Verified,debt_consolidation,NY,32.8,1.0,670.0,674.0,0.0,63.3,34.0,Individual,6,High Risk,Manual Review
60984425,13475.0, 60 months,24.99,F,F4,6 years,OWN,65000.0,Verified,other,TX,32.75,1.0,660.0,664.0,1.0,54.9,28.0,Individual,6,High Risk,Manual Review
60754373,15250.0, 60 months,27.31,G,G2,10+ years,RENT,35000.0,Verified,other,PA,31.96,0.0,675.0,679.0,1.0,97.7,6.0,Individual,6,High Risk,Manual Review
60824527,8150.0, 36 months,18.25,E,E1,5 years,RENT,40000.0,Verified,debt_consolidation,GA,32.55,0.0,680.0,684.0,0.0,79.1,9.0,Individual,5,High Risk,Manual Review
60963564,10800.0, 36 months,19.19,E,E3,< 1 year,RENT,30000.0,Source Verified,debt_consolidation,LA,36.24,0.0,685.0,689.0,1.0,43.2,36.0,Individual,5,High Risk,Manual Review
61037374,14700.0, 60 months,21.99,F,F1,4 years,RENT,29400.0,Verified,debt_consolidation,CA,36.94,0.0,685.0,689.0,0.0,91.1,9.0,Individual,6,High Risk,Manual Review
60863875,22875.0, 60 months,19.19,E,E3,10+ years,RENT,52000.0,Source Verified,debt_consolidation,TX,32.15,0.0,690.0,694.0,2.0,71.3,31.0,Individual,5,High Risk,Manual Review
60763769,11200.0, 60 months,18.25,E,E1,2 years,RENT,40000.0,Verified,debt_consolidation,CA,39.18,0.0,675.0,679.0,0.0,55.2,29.0,Individual,5,High Risk,Manual Review
60904045,13500.0, 60 months,19.19,E,E3,10+ years,OWN,37500.0,Verified,debt_consolidation,TX,32.1,0.0,665.0,669.0,0.0,52.2,27.0,Individual,5,High Risk,Manual Review
60743390,30150.0, 60 months,18.55,E,E2,5 years,MORTGAGE,65000.0,Source Verified,credit_card,FL,31.52,0.0,705.0,709.0,0.0,82.3,26.0,Individual,6,High Risk,Manual Review
60874074,7200.0, 36 months,18.25,E,E1,10+ years,RENT,40000.0,Verified,debt_consolidation,FL,34.41,2.0,660.0,664.0,0.0,52.8,19.0,Individual,6,High Risk,Manual Review
60964469,29900.0, 60 months,23.99,F,F3,10+ years,MORTGAGE,68000.0,Not Verified,debt_consolidation,OH,25.5,1.0,665.0,669.0,2.0,93.8,38.0,Individual,5,High Risk,Manual Review
60834697,30000.0, 60 months,18.55,E,E2,5 years,RENT,85000.0,Verified,debt_consolidation,FL,25.74,1.0,665.0,669.0,1.0,89.8,13.0,Individual,5,High Risk,Manual Review
61036925,11450.0, 60 months,23.99,F,F3,2 years,RENT,45000.0,Verified,credit_card,FL,37.07,0.0,670.0,674.0,0.0,83.2,20.0,Individual,6,High Risk,Manual Review
60983749,15500.0, 60 months,18.25,E,E1,9 years,RENT,52000.0,Not Verified,car,MI,31.34,0.0,675.0,679.0,1.0,28.5,29.0,Individual,5,High Risk,Manual Review
60964191,19175.0, 36 months,18.55,E,E2,10+ years,RENT,105000.0,Verified,debt_consolidation,CA,16.98,1.0,685.0,689.0,0.0,94.3,22.0,Individual,5,High Risk,Manual Review
60984015,14350.0, 60 months,19.99,E,E4,10+ years,MORTGAGE,43000.0,Source Verified,credit_card,VT,30.25,0.0,670.0,674.0,1.0,96.0,22.0,Individual,6,High Risk,Manual Review
60784106,25000.0, 60 months,18.25,E,E1,4 years,RENT,104000.0,Source Verified,debt_consolidation,TX,38.01,0.0,690.0,694.0,0.0,97.0,14.0,Individual,6,High Risk,Manual Review
60813886,3325.0, 36 months,19.19,E,E3,4 years,RENT,18000.0,Verified,other,CA,31.87,0.0,695.0,699.0,0.0,80.6,4.0,Individual,6,High Risk,Manual Review
60974490,15000.0, 60 months,19.19,E,E3,3 years,RENT,56000.0,Source Verified,credit_card,TX,30.78,0.0,665.0,669.0,1.0,45.2,28.0,Individual,5,High Risk,Manual Review
60803432,28800.0, 60 months,18.55,E,E2,1 year,OWN,60000.0,Not Verified,credit_card,CA,34.44,0.0,690.0,694.0,0.0,91.9,21.0,Individual,6,High Risk,Manual Review
60863152,10000.0, 60 months,18.55,E,E2,< 1 year,RENT,42000.0,Verified,debt_consolidation,NJ,12.97,1.0,675.0,679.0,0.0,97.6,28.0,Individual,5,High Risk,Manual Review
60814754,15275.0, 60 months,24.99,F,F4,4 years,RENT,70000.0,Verified,debt_consolidation,IL,32.76,0.0,660.0,664.0,3.0,61.0,17.0,Individual,5,High Risk,Manual Review
60924444,14925.0, 60 months,18.25,E,E1,1 year,MORTGAGE,45000.0,Source Verified,credit_card,IL,32.13,0.0,695.0,699.0,1.0,60.1,26.0,Individual,5,High Risk,Manual Review
60784228,19800.0, 36 months,18.25,E,E1,6 years,RENT,55000.0,Source Verified,debt_consolidation,NY,37.27,0.0,675.0,679.0,0.0,47.6,18.0,Individual,5,High Risk,Manual Review
60964427,9025.0, 36 months,23.99,F,F3,10+ years,MORTGAGE,50000.0,Verified,medical,GA,39.46,0.0,675.0,679.0,0.0,35.9,13.0,Individual,5,High Risk,Manual Review
61018364,6000.0, 36 months,19.99,E,E4,5 years,RENT,60000.0,Verified,other,FL,32.78,0.0,730.0,734.0,0.0,34.0,9.0,Individual,5,High Risk,Manual Review
60954678,26600.0, 60 months,20.99,E,E5,5 years,MORTGAGE,70000.0,Source Verified,debt_consolidation,IN,33.21,1.0,695.0,699.0,0.0,52.6,26.0,Individual,6,High Risk,Manual Review
60904088,20000.0, 60 months,20.99,E,E5,1 year,MORTGAGE,40000.0,Source Verified,debt_consolidation,MN,37.11,0.0,710.0,714.0,0.0,87.7,11.0,Individual,6,High Risk,Manual Review
60884688,21000.0, 60 months,18.55,E,E2,10+ years,RENT,94500.0,Verified,debt_consolidation,TX,31.12,10.0,670.0,674.0,2.0,61.5,85.0,Individual,6,High Risk,Manual Review
60784199,19400.0, 60 months,19.99,E,E4,1 year,RENT,50000.0,Source Verified,credit_card,AR,34.13,0.0,700.0,704.0,1.0,45.5,9.0,Individual,5,High Risk,Manual Review
60813923,10350.0, 60 months,19.99,E,E4,4 years,MORTGAGE,23560.0,Verified,debt_consolidation,MO,39.43,0.0,700.0,704.0,0.0,79.6,14.0,Individual,5,High Risk,Manual Review
60741707,15000.0, 60 months,23.99,F,F3,10+ years,MORTGAGE,50000.0,Verified,debt_consolidation,GA,31.68,0.0,685.0,689.0,0.0,70.9,30.0,Individual,5,High Risk,Manual Review
61036305,12600.0, 60 months,19.99,E,E4,10+ years,RENT,35000.0,Source Verified,debt_consolidation,TN,32.3,0.0,660.0,664.0,0.0,77.9,44.0,Individual,5,High Risk,Manual Review
60832303,35000.0, 60 months,23.99,F,F3,8 years,OWN,95000.0,Verified,major_purchase,TX,33.85,0.0,675.0,679.0,0.0,60.8,17.0,Individual,5,High Risk,Manual Review
60914825,26400.0, 60 months,18.25,E,E1,10+ years,RENT,60000.0,Source Verified,debt_consolidation,WI,33.56,0.0,680.0,684.0,0.0,95.1,38.0,Individual,6,High Risk,Manual Review
60903896,28000.0, 60 months,18.25,E,E1,< 1 year,RENT,105000.0,Source Verified,debt_consolidation,FL,31.04,0.0,670.0,674.0,1.0,67.2,43.0,Individual,5,High Risk,Manual Review
61018417,3750.0, 36 months,19.99,E,E4,6 years,MORTGAGE,32000.0,Verified,credit_card,IN,32.22,1.0,670.0,674.0,2.0,32.5,19.0,Individual,6,High Risk,Manual Review
60874423,18200.0, 60 months,21.99,F,F1,10+ years,OWN,90000.0,Source Verified,other,TX,33.08,1.0,680.0,684.0,1.0,44.7,34.0,Individual,6,High Risk,Manual Review
60944414,35000.0, 60 months,19.99,E,E4,10+ years,MORTGAGE,320000.0,Verified,debt_consolidation,CA,15.73,1.0,680.0,684.0,0.0,92.6,22.0,Individual,5,High Risk,Manual Review
60764034,11000.0, 60 months,19.99,E,E4,2 years,OWN,25000.0,Source Verified,debt_consolidation,LA,30.92,0.0,690.0,694.0,0.0,47.8,11.0,Individual,5,High Risk,Manual Review
60960762,7900.0, 36 months,19.99,E,E4,4 years,OWN,22000.0,Verified,debt_consolidation,TX,34.7,0.0,725.0,729.0,0.0,78.4,8.0,Individual,5,High Risk,Manual Review
60894606,13000.0, 60 months,18.25,E,E1,7 years,RENT,32500.0,Verified,debt_consolidation,GA,35.78,0.0,690.0,694.0,0.0,80.2,7.0,Individual,6,High Risk,Manual Review
60984423,18000.0, 36 months,18.55,E,E2,10+ years,MORTGAGE,50000.0,Verified,debt_consolidation,TX,32.14,1.0,675.0,679.0,2.0,75.6,46.0,Individual,6,High Risk,Manual Review
60903696,5725.0, 36 months,18.25,E,E1,1 year,RENT,33300.0,Verified,debt_consolidation,OH,39.37,3.0,665.0,669.0,0.0,26.4,29.0,Individual,6,High Risk,Manual Review
61036898,9025.0, 36 months,15.61,D,D1,8 years,MORTGAGE,26000.0,Source Verified,debt_consolidation,TX,37.77,1.0,695.0,699.0,1.0,82.2,18.0,Individual,5,High Risk,Manual Review
60844160,2000.0, 36 months,18.25,E,E1,,RENT,39000.0,Verified,vacation,CT,31.78,0.0,685.0,689.0,1.0,23.1,23.0,Individual,5,High Risk,Manual Review
60763537,23500.0, 60 months,18.25,E,E1,10+ years,RENT,109500.0,Verified,debt_consolidation,AZ,37.43,0.0,665.0,669.0,0.0,57.3,56.0,Individual,5,High Risk,Manual Review
60922635,3300.0, 36 months,23.99,F,F3,8 years,RENT,26000.0,Verified,debt_consolidation,NE,34.07,0.0,695.0,699.0,1.0,78.9,19.0,Individual,5,High Risk,Manual Review
60535514,34850.0, 60 months,18.55,E,E2,10+ years,MORTGAGE,69748.0,Source Verified,debt_consolidation,KY,35.29,1.0,695.0,699.0,0.0,75.3,34.0,Individual,6,High Risk,Manual Review
61017519,3000.0, 36 months,24.99,F,F4,,OWN,8856.0,Verified,debt_consolidation,AZ,37.94,0.0,685.0,689.0,1.0,79.0,10.0,Individual,5,High Risk,Manual Review
60963309,19525.0, 60 months,19.19,E,E3,10+ years,RENT,46500.0,Source Verified,credit_card,MN,32.15,0.0,670.0,674.0,0.0,56.3,51.0,Individual,5,High Risk,Manual Review
60335613,10100.0, 60 months,18.55,E,E2,7 years,MORTGAGE,68000.0,Verified,debt_consolidation,OR,36.29,0.0,675.0,679.0,1.0,86.0,32.0,Individual,6,High Risk,Manual Review
60719222,16275.0, 60 months,27.88,G,G3,3 years,MORTGAGE,45240.0,Verified,debt_consolidation,CA,38.01,1.0,685.0,689.0,0.0,47.5,25.0,Individual,6,High Risk,Manual Review
60793600,8450.0, 36 months,18.25,E,E1,8 years,RENT,48000.0,Source Verified,debt_consolidation,WA,33.58,1.0,690.0,694.0,0.0,48.2,38.0,Individual,6,High Risk,Manual Review
60741812,10000.0, 60 months,18.55,E,E2,10+ years,OWN,46000.0,Not Verified,debt_consolidation,PA,34.91,4.0,685.0,689.0,2.0,44.9,25.0,Individual,6,High Risk,Manual Review
60834298,25000.0, 60 months,18.25,E,E1,4 years,RENT,62000.0,Source Verified,credit_card,TX,33.29,0.0,665.0,669.0,0.0,27.2,18.0,Individual,5,High Risk,Manual Review
60833971,23525.0, 60 months,18.25,E,E1,10+ years,OWN,70000.0,Not Verified,credit_card,IN,32.0,0.0,695.0,699.0,2.0,47.8,34.0,Individual,5,High Risk,Manual Review
60873611,28975.0, 60 months,19.19,E,E3,6 years,RENT,63000.0,Not Verified,credit_card,MO,34.59,0.0,660.0,664.0,0.0,71.6,35.0,Individual,5,High Risk,Manual Review
60801148,18250.0, 60 months,21.99,F,F1,3 years,MORTGAGE,60000.0,Source Verified,debt_consolidation,WA,35.32,0.0,675.0,679.0,0.0,97.0,27.0,Individual,6,High Risk,Manual Review
60932384,24000.0, 60 months,19.99,E,E4,4 years,MORTGAGE,60000.0,Verified,other,NE,31.24,0.0,700.0,704.0,1.0,73.1,16.0,Individual,5,High Risk,Manual Review
59719336,28800.0, 60 months,21.99,F,F1,1 year,MORTGAGE,72000.0,Source Verified,credit_card,NC,18.92,1.0,665.0,669.0,0.0,92.2,49.0,Individual,5,High Risk,Manual Review
60862876,22025.0, 60 months,22.99,F,F2,10+ years,RENT,54000.0,Verified,debt_consolidation,NY,33.04,0.0,695.0,699.0,0.0,41.6,43.0,Individual,5,High Risk,Manual Review
60824117,26375.0, 60 months,19.99,E,E4,5 years,MORTGAGE,69430.0,Source Verified,debt_consolidation,IN,36.54,0.0,695.0,699.0,0.0,27.5,31.0,Individual,5,High Risk,Manual Review
60963355,11925.0, 60 months,19.99,E,E4,8 years,MORTGAGE,55000.0,Source Verified,credit_card,NY,30.73,0.0,660.0,664.0,1.0,52.3,47.0,Individual,5,High Risk,Manual Review
60803556,12000.0, 60 months,21.99,F,F1,,MORTGAGE,60000.0,Verified,debt_consolidation,VA,31.2,0.0,675.0,679.0,0.0,92.5,15.0,Individual,6,High Risk,Manual Review
60893094,5750.0, 36 months,19.99,E,E4,< 1 year,RENT,56000.0,Source Verified,medical,AZ,33.07,0.0,690.0,694.0,1.0,37.7,32.0,Individual,5,High Risk,Manual Review
60793040,15100.0, 60 months,20.99,E,E5,7 years,RENT,60000.0,Verified,debt_consolidation,FL,36.82,0.0,670.0,674.0,1.0,77.1,15.0,Individual,5,High Risk,Manual Review
60793559,4025.0, 36 months,21.99,F,F1,< 1 year,RENT,46000.0,Verified,debt_consolidation,IL,39.76,0.0,660.0,664.0,0.0,92.9,22.0,Individual,6,High Risk,Manual Review
60773364,9650.0, 36 months,20.99,E,E5,,OWN,23000.0,Verified,debt_consolidation,NY,38.47,0.0,685.0,689.0,1.0,70.4,26.0,Individual,5,High Risk,Manual Review
60903027,35000.0, 60 months,18.55,E,E2,7 years,MORTGAGE,180000.0,Verified,debt_consolidation,AZ,8.51,1.0,665.0,669.0,1.0,90.0,30.0,Individual,5,High Risk,Manual Review
60982971,19000.0, 60 months,19.19,E,E3,4 years,RENT,38000.0,Verified,debt_consolidation,CA,32.08,0.0,690.0,694.0,0.0,67.2,16.0,Individual,5,High Risk,Manual Review
60963012,18125.0, 60 months,19.19,E,E3,< 1 year,MORTGAGE,50000.0,Verified,debt_consolidation,CA,31.69,0.0,675.0,679.0,1.0,58.3,27.0,Individual,5,High Risk,Manual Review
60783704,25000.0, 60 months,19.99,E,E4,4 years,RENT,50000.0,Source Verified,debt_consolidation,MS,33.68,0.0,775.0,779.0,0.0,21.8,16.0,Individual,5,High Risk,Manual Review
60873200,14100.0, 60 months,19.19,E,E3,< 1 year,MORTGAGE,70000.0,Verified,debt_consolidation,NJ,32.18,0.0,665.0,669.0,1.0,55.6,43.0,Individual,5,High Risk,Manual Review
60982731,17075.0, 60 months,19.99,E,E4,10+ years,MORTGAGE,60000.0,Verified,debt_consolidation,TX,33.14,3.0,690.0,694.0,1.0,56.9,20.0,Individual,6,High Risk,Manual Review
60823857,30000.0, 60 months,18.55,E,E2,10+ years,MORTGAGE,80000.0,Verified,debt_consolidation,WA,30.17,0.0,675.0,679.0,0.0,79.1,22.0,Individual,5,High Risk,Manual Review
60963094,22000.0, 60 months,18.25,E,E1,10+ years,MORTGAGE,70000.0,Source Verified,home_improvement,CO,36.15,0.0,710.0,714.0,1.0,20.9,22.0,Individual,5,High Risk,Manual Review
60893412,23100.0, 60 months,21.99,F,F1,10+ years,RENT,55000.0,Source Verified,debt_consolidation,WI,36.79,0.0,690.0,694.0,3.0,55.7,44.0,Individual,5,High Risk,Manual Review
60972662,25075.0, 60 months,23.99,F,F3,10+ years,OWN,57000.0,Source Verified,debt_consolidation,IL,30.44,0.0,680.0,684.0,0.0,69.2,26.0,Individual,5,High Risk,Manual Review
60943597,10875.0, 60 months,20.99,E,E5,,MORTGAGE,32000.0,Verified,debt_consolidation,KY,30.46,1.0,670.0,674.0,0.0,84.6,17.0,Individual,7,High Risk,Manual Review
59190291,30000.0, 60 months,20.99,E,E5,10+ years,MORTGAGE,92000.0,Verified,credit_card,PA,34.05,1.0,660.0,664.0,3.0,89.8,37.0,Individual,7,High Risk,Manual Review
60823793,12325.0, 60 months,26.77,G,G1,10+ years,MORTGAGE,46000.0,Verified,debt_consolidation,TX,34.02,0.0,700.0,704.0,0.0,27.9,15.0,Individual,5,High Risk,Manual Review
60883787,7350.0, 36 months,19.99,E,E4,10+ years,RENT,108000.0,Verified,vacation,IL,32.94,0.0,685.0,689.0,2.0,87.0,33.0,Individual,6,High Risk,Manual Review
60923344,20450.0, 60 months,18.55,E,E2,5 years,RENT,44500.0,Source Verified,debt_consolidation,MI,32.34,0.0,715.0,719.0,2.0,63.4,23.0,Individual,5,High Risk,Manual Review
60833297,22300.0, 60 months,17.57,D,D4,3 years,RENT,88250.0,Not Verified,credit_card,CA,35.97,1.0,685.0,689.0,1.0,97.1,24.0,Individual,5,High Risk,Manual Review
60922933,16300.0, 60 months,19.99,E,E4,< 1 year,MORTGAGE,70000.0,Source Verified,debt_consolidation,CO,32.87,2.0,680.0,684.0,0.0,36.1,67.0,Individual,6,High Risk,Manual Review
60813522,10850.0, 60 months,18.25,E,E1,3 years,RENT,80000.0,Source Verified,debt_consolidation,MA,34.34,0.0,675.0,679.0,0.0,72.2,23.0,Individual,5,High Risk,Manual Review
60793108,13225.0, 60 months,24.99,F,F4,1 year,RENT,33120.0,Verified,debt_consolidation,OR,39.31,0.0,685.0,689.0,0.0,78.6,21.0,Individual,5,High Risk,Manual Review
60741764,35000.0, 60 months,19.99,E,E4,10+ years,RENT,104000.0,Verified,debt_consolidation,CA,33.09,0.0,705.0,709.0,0.0,28.0,25.0,Individual,5,High Risk,Manual Review
60950678,4975.0, 36 months,20.99,E,E5,5 years,MORTGAGE,38900.0,Source Verified,credit_card,NJ,30.89,0.0,680.0,684.0,0.0,75.5,12.0,Individual,5,High Risk,Manual Review
61017072,20150.0, 60 months,18.25,E,E1,2 years,OWN,65000.0,Source Verified,debt_consolidation,NY,33.59,0.0,695.0,699.0,0.0,47.2,17.0,Individual,5,High Risk,Manual Review
60752972,15100.0, 60 months,23.99,F,F3,8 years,RENT,42000.0,Verified,debt_consolidation,MO,33.37,0.0,665.0,669.0,0.0,88.1,30.0,Individual,6,High Risk,Manual Review
60773520,18000.0, 60 months,19.19,E,E3,3 years,RENT,58000.0,Verified,debt_consolidation,VA,33.89,0.0,710.0,714.0,1.0,0.0,24.0,Individual,5,High Risk,Manual Review
60772531,30000.0, 60 months,22.99,F,F2,9 years,MORTGAGE,90500.0,Verified,debt_consolidation,NY,33.94,0.0,670.0,674.0,0.0,61.8,43.0,Individual,5,High Risk,Manual Review
60843682,25975.0, 60 months,19.99,E,E4,10+ years,OWN,51995.0,Source Verified,credit_card,WI,36.8,0.0,670.0,674.0,0.0,93.9,20.0,Individual,6,High Risk,Manual Review
60983202,27950.0, 60 months,18.55,E,E2,4 years,MORTGAGE,73000.0,Verified,major_purchase,FL,39.82,0.0,680.0,684.0,1.0,40.7,21.0,Individual,5,High Risk,Manual Review
60740771,11500.0, 60 months,19.19,E,E3,< 1 year,MORTGAGE,85000.0,Not Verified,credit_card,FL,32.54,0.0,685.0,689.0,2.0,55.7,47.0,Individual,5,High Risk,Manual Review
60762891,21150.0, 60 months,19.19,E,E3,10+ years,MORTGAGE,46000.0,Source Verified,debt_consolidation,TN,30.34,0.0,685.0,689.0,0.0,50.0,25.0,Individual,5,High Risk,Manual Review
60903591,26250.0, 60 months,19.19,E,E3,10+ years,MORTGAGE,106000.0,Verified,debt_consolidation,MI,37.17,0.0,690.0,694.0,0.0,64.3,48.0,Individual,5,High Risk,Manual Review
60824102,16000.0, 60 months,18.25,E,E1,9 years,RENT,61000.0,Verified,debt_consolidation,IL,31.6,0.0,665.0,669.0,3.0,77.8,29.0,Individual,5,High Risk,Manual Review
59233206,35000.0, 60 months,18.55,E,E2,8 years,MORTGAGE,140000.0,Verified,debt_consolidation,AZ,30.69,2.0,680.0,684.0,0.0,64.0,40.0,Individual,6,High Risk,Manual Review
61006449,14575.0, 60 months,18.55,E,E2,10+ years,MORTGAGE,38400.0,Source Verified,credit_card,TX,33.09,0.0,675.0,679.0,0.0,67.8,17.0,Individual,5,High Risk,Manual Review
59212558,30000.0, 60 months,19.99,E,E4,1 year,MORTGAGE,125000.0,Verified,credit_card,CA,8.05,1.0,665.0,669.0,0.0,86.8,28.0,Individual,5,High Risk,Manual Review
61016874,18500.0, 60 months,19.19,E,E3,3 years,MORTGAGE,46259.0,Source Verified,debt_consolidation,CA,30.41,0.0,660.0,664.0,1.0,56.6,32.0,Individual,5,High Risk,Manual Review
60762883,13625.0, 60 months,18.55,E,E2,2 years,RENT,30997.0,Verified,debt_consolidation,CA,38.17,0.0,690.0,694.0,0.0,98.6,8.0,Individual,6,High Risk,Manual Review
60045257,3000.0, 36 months,19.99,E,E4,2 years,RENT,40720.0,Verified,debt_consolidation,CA,13.73,1.0,660.0,664.0,1.0,90.2,29.0,Individual,5,High Risk,Manual Review
60832832,27525.0, 60 months,20.99,E,E5,5 years,RENT,88500.0,Verified,debt_consolidation,CA,37.1,0.0,680.0,684.0,3.0,38.9,38.0,Individual,5,High Risk,Manual Review
60821997,16500.0, 60 months,18.55,E,E2,10+ years,OWN,51000.0,Source Verified,debt_consolidation,GA,32.8,2.0,665.0,669.0,0.0,26.2,20.0,Individual,6,High Risk,Manual Review
60812797,16000.0, 60 months,16.55,D,D2,1 year,OWN,125000.0,Verified,credit_card,NY,30.64,1.0,665.0,669.0,0.0,95.1,10.0,Individual,5,High Risk,Manual Review
60941996,30000.0, 60 months,18.55,E,E2,< 1 year,RENT,74000.0,Source Verified,debt_consolidation,CO,33.46,0.0,665.0,669.0,1.0,51.6,26.0,Individual,5,High Risk,Manual Review
60487821,18425.0, 60 months,19.99,E,E4,10+ years,MORTGAGE,60000.0,Source Verified,debt_consolidation,NV,34.88,1.0,700.0,704.0,0.0,47.2,17.0,Individual,6,High Risk,Manual Review
60812742,25000.0, 60 months,18.25,E,E1,6 years,MORTGAGE,85000.0,Source Verified,credit_card,SD,35.15,0.0,690.0,694.0,0.0,72.8,68.0,Individual,5,High Risk,Manual Review
60862368,3675.0, 36 months,18.55,E,E2,5 years,MORTGAGE,27000.0,Verified,debt_consolidation,MS,34.09,10.0,685.0,689.0,3.0,28.1,32.0,Individual,6,High Risk,Manual Review
60951209,29400.0, 60 months,17.86,D,D5,10+ years,OWN,70000.0,Not Verified,credit_card,TX,31.34,1.0,680.0,684.0,0.0,81.9,30.0,Individual,5,High Risk,Manual Review
60506890,25000.0, 60 months,19.19,E,E3,10+ years,OWN,66872.0,Source Verified,credit_card,WI,37.31,1.0,680.0,684.0,2.0,52.5,35.0,Individual,6,High Risk,Manual Review
60962604,10900.0, 60 months,18.25,E,E1,9 years,MORTGAGE,42000.0,Source Verified,debt_consolidation,VA,34.11,0.0,715.0,719.0,0.0,51.6,42.0,Individual,5,High Risk,Manual Review
60922417,11200.0, 60 months,18.55,E,E2,4 years,MORTGAGE,84500.0,Verified,other,MN,32.17,1.0,660.0,664.0,1.0,73.1,30.0,Individual,6,High Risk,Manual Review
60772434,14000.0, 60 months,23.99,F,F3,2 years,MORTGAGE,126000.0,Verified,debt_consolidation,GA,19.18,1.0,675.0,679.0,1.0,87.4,35.0,Individual,5,High Risk,Manual Review
60970675,27525.0, 60 months,21.99,F,F1,,MORTGAGE,75000.0,Verified,credit_card,IL,35.62,0.0,710.0,714.0,1.0,53.7,50.0,Individual,5,High Risk,Manual Review
60811521,26025.0, 60 months,18.25,E,E1,10+ years,MORTGAGE,62000.0,Not Verified,debt_consolidation,DE,15.76,2.0,670.0,674.0,0.0,93.8,21.0,Individual,5,High Risk,Manual Review
60750989,19950.0, 60 months,18.55,E,E2,2 years,MORTGAGE,55450.0,Source Verified,debt_consolidation,MI,19.85,3.0,710.0,714.0,0.0,85.9,32.0,Individual,5,High Risk,Manual Review
60872296,16500.0, 60 months,18.25,E,E1,1 year,MORTGAGE,36684.0,Verified,debt_consolidation,WV,34.41,1.0,675.0,679.0,2.0,24.0,37.0,Individual,6,High Risk,Manual Review
60607296,18250.0, 60 months,18.55,E,E2,10+ years,RENT,78000.0,Source Verified,other,NY,6.97,2.0,670.0,674.0,0.0,89.9,22.0,Individual,5,High Risk,Manual Review
60870950,14075.0, 60 months,19.19,E,E3,10+ years,RENT,32000.0,Source Verified,debt_consolidation,NV,31.13,0.0,765.0,769.0,0.0,35.6,13.0,Individual,5,High Risk,Manual Review
60902236,27600.0, 60 months,19.19,E,E3,3 years,MORTGAGE,76000.0,Source Verified,credit_card,ND,37.73,1.0,680.0,684.0,0.0,70.8,50.0,Individual,6,High Risk,Manual Review
60782206,28550.0, 60 months,18.55,E,E2,2 years,MORTGAGE,68000.0,Source Verified,debt_consolidation,FL,17.17,1.0,665.0,669.0,1.0,83.7,28.0,Individual,5,High Risk,Manual Review
60892384,21000.0, 60 months,19.99,E,E4,10+ years,OWN,50000.0,Verified,debt_consolidation,CO,37.13,0.0,685.0,689.0,0.0,73.9,39.0,Individual,5,High Risk,Manual Review
60892310,23375.0, 60 months,18.55,E,E2,10+ years,MORTGAGE,70000.0,Source Verified,debt_consolidation,KS,33.02,0.0,660.0,664.0,0.0,75.8,27.0,Individual,5,High Risk,Manual Review
60932372,14675.0, 60 months,19.99,E,E4,< 1 year,OWN,36000.0,Source Verified,debt_consolidation,UT,35.67,0.0,700.0,704.0,1.0,33.9,21.0,Individual,5,High Risk,Manual Review
60912327,16725.0, 60 months,19.19,E,E3,10+ years,MORTGAGE,65000.0,Source Verified,debt_consolidation,DE,32.53,0.0,695.0,699.0,0.0,84.0,14.0,Individual,6,High Risk,Manual Review
60802076,11875.0, 60 months,19.99,E,E4,7 years,OWN,50000.0,Source Verified,debt_consolidation,IL,34.71,0.0,700.0,704.0,0.0,49.0,23.0,Individual,5,High Risk,Manual Review
60902039,25000.0, 60 months,18.55,E,E2,< 1 year,RENT,100000.0,Source Verified,debt_consolidation,NH,32.47,0.0,660.0,664.0,1.0,57.4,22.0,Individual,5,High Risk,Manual Review
60206575,14000.0, 60 months,18.55,E,E2,3 years,RENT,40000.0,Source Verified,credit_card,HI,36.63,0.0,670.0,674.0,0.0,79.9,9.0,Individual,5,High Risk,Manual Review
60951615,35000.0, 60 months,19.19,E,E3,5 years,RENT,85000.0,Source Verified,credit_card,MN,37.44,0.0,680.0,684.0,0.0,69.2,40.0,Individual,5,High Risk,Manual Review
60812128,25075.0, 60 months,18.25,E,E1,10+ years,RENT,57000.0,Not Verified,debt_consolidation,OH,34.99,1.0,695.0,699.0,1.0,15.4,31.0,Individual,6,High Risk,Manual Review
60981939,19800.0, 60 months,19.19,E,E3,10+ years,RENT,55000.0,Verified,debt_consolidation,CO,32.69,0.0,665.0,669.0,2.0,68.0,35.0,Individual,5,High Risk,Manual Review
60812055,7050.0, 36 months,20.99,E,E5,3 years,OWN,26000.0,Verified,debt_consolidation,NC,37.4,0.0,690.0,694.0,0.0,83.4,21.0,Individual,6,High Risk,Manual Review
60752134,33700.0, 60 months,27.31,G,G2,,MORTGAGE,70000.0,Verified,debt_consolidation,MS,35.04,2.0,675.0,679.0,3.0,76.1,37.0,Individual,6,High Risk,Manual Review
60801968,15000.0, 60 months,23.99,F,F3,10+ years,MORTGAGE,48000.0,Verified,debt_consolidation,WI,34.23,0.0,695.0,699.0,0.0,61.2,39.0,Individual,5,High Risk,Manual Review
60782039,14800.0, 60 months,18.55,E,E2,10+ years,OWN,31000.0,Source Verified,debt_consolidation,IN,30.27,1.0,670.0,674.0,1.0,73.5,17.0,Individual,6,High Risk,Manual Review
60792040,22000.0, 60 months,21.99,F,F1,10+ years,MORTGAGE,50000.0,Verified,credit_card,IL,31.69,0.0,690.0,694.0,0.0,83.0,35.0,Individual,6,High Risk,Manual Review
60595773,13200.0, 36 months,18.25,E,E1,10+ years,OWN,30000.0,Source Verified,debt_consolidation,MI,35.16,0.0,705.0,709.0,0.0,51.7,20.0,Individual,5,High Risk,Manual Review
60822250,13350.0, 60 months,21.99,F,F1,3 years,RENT,90000.0,Source Verified,debt_consolidation,CO,33.97,0.0,660.0,664.0,1.0,52.8,14.0,Individual,5,High Risk,Manual Review
60822235,24675.0, 60 months,18.25,E,E1,3 years,RENT,96000.0,Verified,debt_consolidation,NJ,34.71,0.0,730.0,734.0,0.0,44.7,20.0,Individual,5,High Risk,Manual Review
60921749,35000.0, 60 months,18.25,E,E1,2 years,MORTGAGE,84000.0,Verified,debt_consolidation,OH,30.61,0.0,695.0,699.0,1.0,85.1,31.0,Individual,6,High Risk,Manual Review
60912307,25900.0, 60 months,21.99,F,F1,10+ years,MORTGAGE,72000.0,Not Verified,other,NY,20.32,1.0,665.0,669.0,0.0,86.5,26.0,Individual,5,High Risk,Manual Review
60405689,23400.0, 60 months,19.99,E,E4,2 years,OWN,65000.0,Source Verified,debt_consolidation,AL,30.85,0.0,705.0,709.0,0.0,72.9,32.0,Individual,5,High Risk,Manual Review
60761771,13850.0, 60 months,19.19,E,E3,1 year,RENT,33000.0,Verified,debt_consolidation,MS,34.04,0.0,700.0,704.0,1.0,47.7,31.0,Individual,5,High Risk,Manual Review
60981849,13375.0, 60 months,18.55,E,E2,10+ years,MORTGAGE,47000.0,Source Verified,credit_card,CO,36.95,0.0,660.0,664.0,1.0,91.9,28.0,Individual,6,High Risk,Manual Review
60921840,1925.0, 36 months,19.19,E,E3,,RENT,22000.0,Source Verified,car,GA,30.88,0.0,685.0,689.0,0.0,67.4,10.0,Individual,5,High Risk,Manual Review
60871784,14325.0, 60 months,20.99,E,E5,7 years,MORTGAGE,29640.0,Source Verified,debt_consolidation,IL,37.81,0.0,665.0,669.0,0.0,39.2,21.0,Individual,5,High Risk,Manual Review
60912253,18125.0, 60 months,20.99,E,E5,5 years,MORTGAGE,70000.0,Source Verified,debt_consolidation,TX,32.23,0.0,670.0,674.0,1.0,57.7,25.0,Individual,5,High Risk,Manual Review
60952095,35000.0, 60 months,25.78,F,F5,2 years,RENT,200000.0,Verified,debt_consolidation,MN,11.74,1.0,665.0,669.0,1.0,94.2,33.0,Individual,5,High Risk,Manual Review
60820805,22875.0, 60 months,22.99,F,F2,10+ years,MORTGAGE,52000.0,Source Verified,debt_consolidation,NV,30.6,0.0,685.0,689.0,1.0,77.4,33.0,Individual,5,High Risk,Manual Review
60841716,26000.0, 60 months,19.19,E,E3,3 years,RENT,52000.0,Source Verified,credit_card,PA,30.88,0.0,690.0,694.0,0.0,98.8,12.0,Individual,6,High Risk,Manual Review
60476007,35000.0, 60 months,19.99,E,E4,10+ years,MORTGAGE,133440.0,Source Verified,debt_consolidation,NY,18.05,1.0,670.0,674.0,0.0,80.7,27.0,Individual,5,High Risk,Manual Review
60961741,7675.0, 36 months,21.99,F,F1,6 years,RENT,24000.0,Verified,small_business,HI,30.55,0.0,695.0,699.0,0.0,38.3,16.0,Individual,5,High Risk,Manual Review
60647734,23000.0, 60 months,21.99,F,F1,10+ years,MORTGAGE,46020.0,Source Verified,credit_card,AZ,30.4,0.0,665.0,669.0,0.0,71.4,17.0,Individual,5,High Risk,Manual Review
60971558,14875.0, 36 months,20.99,E,E5,10+ years,RENT,55078.4,Verified,debt_consolidation,KS,37.92,0.0,660.0,664.0,3.0,42.9,33.0,Individual,5,High Risk,Manual Review
60547567,15525.0, 60 months,18.25,E,E1,10+ years,RENT,65000.0,Not Verified,credit_card,NY,38.07,0.0,690.0,694.0,0.0,92.7,26.0,Individual,6,High Risk,Manual Review
60255129,12150.0, 60 months,19.99,E,E4,8 years,RENT,80000.0,Source Verified,debt_consolidation,NY,20.3,1.0,675.0,679.0,2.0,93.3,53.0,Individual,5,High Risk,Manual Review
60860456,8000.0, 36 months,18.25,E,E1,10+ years,RENT,25000.0,Not Verified,major_purchase,NJ,31.52,0.0,670.0,674.0,0.0,62.0,14.0,Individual,5,High Risk,Manual Review
60881572,4000.0, 36 months,16.55,D,D2,9 years,RENT,30000.0,Verified,debt_consolidation,PA,37.36,1.0,660.0,664.0,2.0,99.9,18.0,Individual,5,High Risk,Manual Review
60961437,22800.0, 60 months,24.99,F,F4,1 year,MORTGAGE,60000.0,Verified,debt_consolidation,NJ,32.64,0.0,670.0,674.0,0.0,78.4,13.0,Individual,5,High Risk,Manual Review
60761616,4000.0, 36 months,18.25,E,E1,1 year,RENT,29616.0,Source Verified,debt_consolidation,NV,36.44,1.0,665.0,669.0,2.0,53.3,31.0,Individual,6,High Risk,Manual Review
60961531,15200.0, 60 months,20.99,E,E5,3 years,OWN,55000.0,Verified,debt_consolidation,NJ,39.78,0.0,680.0,684.0,1.0,72.0,25.0,Individual,5,High Risk,Manual Review
60851663,18100.0, 36 months,20.99,E,E5,10+ years,MORTGAGE,65000.0,Source Verified,other,OH,31.92,0.0,715.0,719.0,1.0,64.7,23.0,Individual,5,High Risk,Manual Review
60941549,30000.0, 60 months,18.25,E,E1,3 years,MORTGAGE,100000.0,Source Verified,debt_consolidation,NY,37.97,0.0,675.0,679.0,1.0,67.8,16.0,Individual,5,High Risk,Manual Review
60981352,22500.0, 60 months,19.99,E,E4,1 year,MORTGAGE,45000.0,Source Verified,debt_consolidation,IN,32.88,0.0,710.0,714.0,1.0,49.1,16.0,Individual,5,High Risk,Manual Review
60911597,15000.0, 60 months,20.99,E,E5,8 years,RENT,68000.0,Verified,debt_consolidation,VA,30.74,0.0,660.0,664.0,1.0,70.0,31.0,Individual,5,High Risk,Manual Review
60951069,35000.0, 36 months,19.99,E,E4,6 years,MORTGAGE,106000.0,Verified,debt_consolidation,NY,23.7,1.0,670.0,674.0,3.0,81.9,58.0,Individual,5,High Risk,Manual Review
60771003,35000.0, 60 months,21.99,F,F1,3 years,MORTGAGE,98500.0,Source Verified,debt_consolidation,KS,35.87,0.0,660.0,664.0,1.0,56.2,50.0,Individual,5,High Risk,Manual Review
60801457,21500.0, 60 months,19.19,E,E3,5 years,MORTGAGE,43000.0,Source Verified,credit_card,VA,34.44,0.0,675.0,679.0,1.0,72.8,52.0,Individual,5,High Risk,Manual Review
60951680,12600.0, 60 months,19.99,E,E4,10+ years,MORTGAGE,35000.0,Verified,debt_consolidation,CT,31.72,2.0,675.0,679.0,0.0,89.7,24.0,Individual,7,High Risk,Manual Review
60801393,1025.0, 36 months,18.55,E,E2,3 years,MORTGAGE,40000.0,Verified,other,ND,16.65,1.0,660.0,664.0,0.0,95.5,20.0,Individual,5,High Risk,Manual Review
60921344,27850.0, 60 months,18.55,E,E2,< 1 year,MORTGAGE,63300.0,Not Verified,debt_consolidation,MI,31.05,0.0,695.0,699.0,0.0,75.6,35.0,Individual,5,High Risk,Manual Review
60740446,10000.0, 60 months,18.25,E,E1,10+ years,OWN,35000.0,Verified,other,NC,35.43,0.0,720.0,724.0,0.0,13.2,27.0,Individual,5,High Risk,Manual Review
60901420,23825.0, 60 months,19.99,E,E4,1 year,OWN,54200.0,Source Verified,credit_card,TX,37.16,0.0,695.0,699.0,0.0,62.4,40.0,Individual,5,High Risk,Manual Review
60951253,32475.0, 36 months,20.99,E,E5,10+ years,MORTGAGE,75000.0,Source Verified,debt_consolidation,VA,30.8,0.0,665.0,669.0,0.0,62.7,31.0,Individual,5,High Risk,Manual Review
60851443,22500.0, 60 months,21.99,F,F1,10+ years,MORTGAGE,45000.0,Source Verified,debt_consolidation,IN,30.45,0.0,685.0,689.0,2.0,84.7,29.0,Individual,6,High Risk,Manual Review
60739322,16950.0, 60 months,18.25,E,E1,5 years,RENT,40400.0,Source Verified,debt_consolidation,AR,34.61,0.0,695.0,699.0,1.0,59.0,12.0,Individual,5,High Risk,Manual Review
60951504,20000.0, 60 months,19.99,E,E4,3 years,MORTGAGE,40000.0,Verified,debt_consolidation,WA,17.97,1.0,675.0,679.0,2.0,88.6,17.0,Individual,5,High Risk,Manual Review
60740172,35000.0, 60 months,18.55,E,E2,10+ years,RENT,100000.0,Verified,debt_consolidation,IL,31.83,0.0,690.0,694.0,1.0,49.2,29.0,Individual,5,High Risk,Manual Review
60891275,18000.0, 60 months,20.99,E,E5,7 years,OWN,50000.0,Source Verified,debt_consolidation,TN,34.23,0.0,660.0,664.0,3.0,69.6,45.0,Individual,5,High Risk,Manual Review
60951453,33825.0, 60 months,19.99,E,E4,< 1 year,MORTGAGE,125000.0,Verified,debt_consolidation,OH,31.89,0.0,685.0,689.0,1.0,80.4,52.0,Individual,6,High Risk,Manual Review
60911130,29875.0, 60 months,18.25,E,E1,10+ years,RENT,59783.0,Source Verified,credit_card,PA,34.88,0.0,675.0,679.0,1.0,55.3,20.0,Individual,5,High Risk,Manual Review
60941234,19325.0, 60 months,18.25,E,E1,10+ years,MORTGAGE,50000.0,Not Verified,debt_consolidation,NY,36.85,1.0,680.0,684.0,0.0,38.0,59.0,Individual,6,High Risk,Manual Review
60901254,18175.0, 60 months,19.19,E,E3,8 years,RENT,55000.0,Source Verified,small_business,AK,30.63,0.0,735.0,739.0,0.0,72.8,18.0,Individual,5,High Risk,Manual Review
60971096,15000.0, 60 months,18.25,E,E1,10+ years,MORTGAGE,56000.0,Source Verified,debt_consolidation,TX,11.79,1.0,660.0,664.0,0.0,94.3,18.0,Individual,5,High Risk,Manual Review
60507185,18900.0, 60 months,18.55,E,E2,5 years,RENT,45000.0,Verified,debt_consolidation,CA,30.03,2.0,670.0,674.0,0.0,48.5,40.0,Individual,6,High Risk,Manual Review
60781063,27250.0, 60 months,18.25,E,E1,4 years,RENT,80000.0,Verified,debt_consolidation,TX,33.32,0.0,680.0,684.0,0.0,63.0,29.0,Individual,5,High Risk,Manual Review
60881093,12000.0, 60 months,19.19,E,E3,7 years,RENT,42000.0,Source Verified,debt_consolidation,NY,38.4,0.0,685.0,689.0,1.0,88.2,27.0,Individual,6,High Risk,Manual Review
60729145,18000.0, 60 months,22.99,F,F2,8 years,RENT,50000.0,Verified,debt_consolidation,CA,33.25,0.0,675.0,679.0,3.0,45.1,18.0,Individual,5,High Risk,Manual Review
60841131,25000.0, 60 months,18.25,E,E1,8 years,MORTGAGE,70000.0,Source Verified,credit_card,VA,31.22,0.0,665.0,669.0,0.0,83.9,32.0,Individual,6,High Risk,Manual Review
60850664,10000.0, 60 months,18.25,E,E1,5 years,MORTGAGE,80000.0,Verified,other,MD,31.68,0.0,695.0,699.0,0.0,77.4,26.0,Individual,5,High Risk,Manual Review
60791125,20875.0, 60 months,18.55,E,E2,2 years,MORTGAGE,84200.0,Source Verified,debt_consolidation,TX,36.87,0.0,670.0,674.0,1.0,64.2,41.0,Individual,5,High Risk,Manual Review
60911267,23450.0, 60 months,19.99,E,E4,10+ years,RENT,61716.0,Verified,debt_consolidation,IL,35.89,0.0,700.0,704.0,2.0,31.8,29.0,Individual,5,High Risk,Manual Review
60821226,10575.0, 60 months,18.25,E,E1,3 years,RENT,70000.0,Verified,debt_consolidation,TX,33.82,0.0,690.0,694.0,0.0,87.4,23.0,Individual,6,High Risk,Manual Review
59925260,21400.0, 60 months,21.99,F,F1,3 years,RENT,51000.0,Source Verified,credit_card,GA,34.61,0.0,680.0,684.0,4.0,97.5,11.0,Individual,6,High Risk,Manual Review
60951034,29900.0, 60 months,18.25,E,E1,2 years,OWN,65000.0,Source Verified,credit_card,TX,31.35,1.0,680.0,684.0,0.0,56.0,46.0,Individual,6,High Risk,Manual Review
60951111,24000.0, 60 months,19.99,E,E4,10+ years,RENT,150000.0,Verified,debt_consolidation,IL,15.14,1.0,670.0,674.0,1.0,84.5,25.0,Individual,5,High Risk,Manual Review
60760963,31050.0, 60 months,20.99,E,E5,7 years,MORTGAGE,165000.0,Verified,credit_card,MD,30.54,1.0,665.0,669.0,0.0,62.6,57.0,Individual,6,High Risk,Manual Review
60750912,30000.0, 60 months,18.55,E,E2,10+ years,MORTGAGE,100000.0,Verified,debt_consolidation,CA,18.26,1.0,670.0,674.0,0.0,90.2,18.0,Individual,5,High Risk,Manual Review
60517499,21000.0, 60 months,18.25,E,E1,1 year,OWN,50000.0,Source Verified,home_improvement,AL,31.01,0.0,685.0,689.0,1.0,84.3,28.0,Individual,6,High Risk,Manual Review
60830945,24800.0, 60 months,18.55,E,E2,10+ years,RENT,61001.0,Source Verified,debt_consolidation,CT,33.43,0.0,685.0,689.0,0.0,83.8,21.0,Individual,6,High Risk,Manual Review
60526957,32000.0, 60 months,18.25,E,E1,2 years,RENT,94400.0,Verified,debt_consolidation,GA,33.75,0.0,680.0,684.0,3.0,65.3,25.0,Individual,5,High Risk,Manual Review
60535599,15100.0, 60 months,19.19,E,E3,4 years,MORTGAGE,42000.0,Source Verified,debt_consolidation,OH,30.69,1.0,675.0,679.0,1.0,35.6,22.0,Individual,6,High Risk,Manual Review
60880194,20025.0, 60 months,20.99,E,E5,3 years,RENT,58902.0,Verified,debt_consolidation,NJ,34.05,0.0,685.0,689.0,1.0,90.5,29.0,Individual,6,High Risk,Manual Review
60980844,13800.0, 36 months,18.25,E,E1,,RENT,46000.0,Verified,debt_consolidation,PA,39.39,0.0,675.0,679.0,2.0,90.6,16.0,Individual,6,High Risk,Manual Review
60980832,28000.0, 60 months,18.55,E,E2,10+ years,MORTGAGE,80000.0,Source Verified,home_improvement,OH,37.29,0.0,680.0,684.0,1.0,80.2,30.0,Individual,6,High Risk,Manual Review
60821008,21200.0, 60 months,21.99,F,F1,8 years,RENT,58899.0,Verified,debt_consolidation,OH,33.25,0.0,660.0,664.0,1.0,70.5,28.0,Individual,5,High Risk,Manual Review
60850481,11900.0, 36 months,18.55,E,E2,5 years,RENT,35000.0,Verified,other,CA,35.49,0.0,665.0,669.0,0.0,62.5,12.0,Individual,5,High Risk,Manual Review
60750794,15000.0, 60 months,18.55,E,E2,10+ years,RENT,58000.0,Not Verified,debt_consolidation,PA,34.12,0.0,675.0,679.0,2.0,71.1,21.0,Individual,5,High Risk,Manual Review
60821023,25000.0, 60 months,19.19,E,E3,10+ years,OWN,70000.0,Verified,debt_consolidation,OH,35.61,1.0,670.0,674.0,2.0,69.1,35.0,Individual,6,High Risk,Manual Review
60750769,15625.0, 36 months,18.25,E,E1,10+ years,RENT,46000.0,Verified,debt_consolidation,VA,35.79,0.0,710.0,714.0,1.0,22.5,18.0,Individual,5,High Risk,Manual Review
60800690,25000.0, 60 months,18.55,E,E2,10+ years,MORTGAGE,90000.0,Source Verified,debt_consolidation,AL,36.19,0.0,705.0,709.0,0.0,75.2,33.0,Individual,5,High Risk,Manual Review
60940744,12125.0, 60 months,20.99,E,E5,10+ years,MORTGAGE,52000.0,Source Verified,debt_consolidation,IN,30.05,0.0,690.0,694.0,1.0,47.5,38.0,Individual,5,High Risk,Manual Review
60800714,33200.0, 60 months,20.99,E,E5,10+ years,RENT,87394.0,Verified,debt_consolidation,CA,31.82,0.0,690.0,694.0,0.0,89.3,17.0,Individual,6,High Risk,Manual Review
60870735,28250.0, 60 months,18.25,E,E1,10+ years,MORTGAGE,63000.0,Not Verified,debt_consolidation,KS,31.01,0.0,705.0,709.0,0.0,79.3,24.0,Individual,5,High Risk,Manual Review
60890693,27400.0, 60 months,18.25,E,E1,10+ years,MORTGAGE,145000.0,Verified,credit_card,NC,39.66,0.0,710.0,714.0,1.0,88.7,31.0,Individual,6,High Risk,Manual Review
60750674,17875.0, 60 months,18.55,E,E2,10+ years,MORTGAGE,50000.0,Source Verified,debt_consolidation,TX,33.68,0.0,675.0,679.0,0.0,95.3,24.0,Individual,6,High Risk,Manual Review
60900818,14600.0, 60 months,19.99,E,E4,8 years,RENT,43000.0,Source Verified,debt_consolidation,NJ,21.99,1.0,665.0,669.0,0.0,89.8,35.0,Individual,5,High Risk,Manual Review
60900791,6225.0, 36 months,19.19,E,E3,10+ years,MORTGAGE,55000.0,Source Verified,debt_consolidation,KY,35.86,1.0,675.0,679.0,1.0,87.1,68.0,Individual,7,High Risk,Manual Review
60527106,30000.0, 60 months,19.99,E,E4,< 1 year,MORTGAGE,85000.0,Verified,home_improvement,PA,24.82,1.0,690.0,694.0,1.0,84.4,26.0,Individual,5,High Risk,Manual Review
54248142,10450.0, 60 months,18.55,E,E2,10+ years,OWN,45000.0,Source Verified,debt_consolidation,CA,31.97,2.0,685.0,689.0,0.0,52.8,21.0,Individual,6,High Risk,Manual Review
60860573,19300.0, 36 months,18.55,E,E2,8 years,RENT,42000.0,Verified,credit_card,GA,34.06,0.0,660.0,664.0,1.0,55.5,44.0,Individual,5,High Risk,Manual Review
60800500,30000.0, 60 months,17.57,D,D4,8 years,RENT,93000.0,Verified,debt_consolidation,MA,35.15,1.0,680.0,684.0,1.0,84.2,45.0,Individual,5,High Risk,Manual Review
60920550,9600.0, 36 months,18.25,E,E1,1 year,RENT,24000.0,Source Verified,debt_consolidation,TX,28.25,1.0,665.0,669.0,1.0,82.2,6.0,Individual,5,High Risk,Manual Review
59502267,30000.0, 60 months,18.55,E,E2,10+ years,MORTGAGE,125000.0,Verified,credit_card,IL,30.54,0.0,715.0,719.0,1.0,85.2,43.0,Individual,6,High Risk,Manual Review
60800496,12925.0, 60 months,19.99,E,E4,10+ years,RENT,48000.0,Source Verified,debt_consolidation,CA,31.55,0.0,695.0,699.0,1.0,76.0,8.0,Individual,5,High Risk,Manual Review
60780515,8800.0, 36 months,18.25,E,E1,3 years,RENT,22000.0,Verified,debt_consolidation,NV,33.32,0.0,665.0,669.0,0.0,62.4,18.0,Individual,5,High Risk,Manual Review
60790567,15000.0, 60 months,18.55,E,E2,9 years,RENT,100000.0,Verified,home_improvement,TX,32.01,0.0,670.0,674.0,2.0,55.1,29.0,Individual,5,High Risk,Manual Review
60216483,19900.0, 60 months,16.55,D,D2,1 year,MORTGAGE,70000.0,Not Verified,home_improvement,MA,35.79,1.0,675.0,679.0,0.0,87.1,36.0,Individual,5,High Risk,Manual Review
60910711,3075.0, 36 months,18.25,E,E1,2 years,RENT,24000.0,Verified,debt_consolidation,CA,39.6,7.0,670.0,674.0,1.0,9.6,12.0,Individual,6,High Risk,Manual Review
60830306,23075.0, 60 months,19.99,E,E4,10+ years,MORTGAGE,80000.0,Source Verified,major_purchase,VA,38.15,0.0,700.0,704.0,1.0,76.1,28.0,Individual,5,High Risk,Manual Review
60960425,15000.0, 60 months,18.55,E,E2,8 years,RENT,39000.0,Source Verified,debt_consolidation,NY,30.86,2.0,660.0,664.0,0.0,71.1,42.0,Individual,6,High Risk,Manual Review
60176199,10200.0, 60 months,18.25,E,E1,4 years,RENT,42000.0,Source Verified,debt_consolidation,SC,35.29,0.0,665.0,669.0,0.0,45.8,33.0,Individual,5,High Risk,Manual Review
60910513,30000.0, 60 months,20.99,E,E5,< 1 year,MORTGAGE,75000.0,Verified,debt_consolidation,MN,30.32,0.0,675.0,679.0,2.0,35.8,37.0,Individual,5,High Risk,Manual Review
60860337,12000.0, 60 months,18.55,E,E2,8 years,OWN,50897.0,Verified,debt_consolidation,NY,31.0,0.0,705.0,709.0,3.0,22.8,27.0,Individual,5,High Risk,Manual Review
59260788,27000.0, 60 months,18.25,E,E1,4 years,OWN,60000.0,Not Verified,debt_consolidation,FL,33.32,1.0,720.0,724.0,0.0,57.9,22.0,Individual,6,High Risk,Manual Review
60850382,25000.0, 60 months,18.25,E,E1,6 years,OWN,55000.0,Verified,debt_consolidation,MI,36.11,0.0,705.0,709.0,1.0,92.1,28.0,Individual,6,High Risk,Manual Review
60970166,14275.0, 36 months,18.55,E,E2,10+ years,MORTGAGE,42000.0,Source Verified,debt_consolidation,KS,38.57,0.0,665.0,669.0,1.0,66.3,41.0,Individual,5,High Risk,Manual Review
60739281,5100.0, 36 months,18.25,E,E1,,RENT,14544.0,Verified,credit_card,IL,36.14,0.0,685.0,689.0,0.0,99.9,7.0,Individual,6,High Risk,Manual Review
59985240,24200.0, 60 months,19.19,E,E3,7 years,MORTGAGE,55000.0,Not Verified,debt_consolidation,SC,33.92,0.0,700.0,704.0,0.0,97.6,13.0,Individual,6,High Risk,Manual Review
60970235,29000.0, 60 months,18.25,E,E1,10+ years,MORTGAGE,101000.0,Verified,debt_consolidation,AL,33.33,0.0,700.0,704.0,0.0,81.0,39.0,Individual,6,High Risk,Manual Review
60970184,27700.0, 60 months,18.55,E,E2,,MORTGAGE,66000.0,Verified,debt_consolidation,NY,33.28,1.0,670.0,674.0,0.0,89.6,20.0,Individual,7,High Risk,Manual Review
60780240,15000.0, 60 months,19.19,E,E3,10+ years,MORTGAGE,95500.0,Source Verified,debt_consolidation,CA,18.31,1.0,675.0,679.0,0.0,89.6,61.0,Individual,5,High Risk,Manual Review
60780167,16000.0, 60 months,18.55,E,E2,8 years,MORTGAGE,46000.0,Source Verified,car,IL,38.57,0.0,695.0,699.0,1.0,47.6,37.0,Individual,5,High Risk,Manual Review
60860190,20500.0, 60 months,18.55,E,E2,1 year,RENT,100000.0,Source Verified,debt_consolidation,MN,31.96,0.0,665.0,669.0,0.0,80.1,42.0,Individual,6,High Risk,Manual Review
60910217,15425.0, 60 months,19.19,E,E3,10+ years,MORTGAGE,54000.0,Source Verified,debt_consolidation,NC,31.4,0.0,675.0,679.0,0.0,60.7,27.0,Individual,5,High Risk,Manual Review
60206204,4500.0, 36 months,20.99,E,E5,9 years,MORTGAGE,37362.0,Source Verified,debt_consolidation,FL,35.21,0.0,675.0,679.0,1.0,40.7,20.0,Individual,5,High Risk,Manual Review
60567056,31000.0, 60 months,20.99,E,E5,,MORTGAGE,62000.0,Verified,small_business,LA,32.13,0.0,715.0,719.0,0.0,82.8,36.0,Individual,6,High Risk,Manual Review
60840210,22000.0, 36 months,18.55,E,E2,4 years,RENT,44000.0,Verified,debt_consolidation,CT,30.77,0.0,695.0,699.0,0.0,48.1,30.0,Individual,5,High Risk,Manual Review
60497600,15000.0, 36 months,20.99,E,E5,3 years,RENT,30000.0,Verified,debt_consolidation,VA,32.1,0.0,660.0,664.0,0.0,57.0,11.0,Individual,5,High Risk,Manual Review
60656470,34375.0, 60 months,22.99,F,F2,10+ years,MORTGAGE,100000.0,Source Verified,small_business,TX,33.91,0.0,675.0,679.0,2.0,53.2,32.0,Individual,5,High Risk,Manual Review
60870144,25000.0, 60 months,18.25,E,E1,2 years,OWN,80000.0,Source Verified,debt_consolidation,IL,36.74,0.0,695.0,699.0,2.0,55.0,30.0,Individual,5,High Risk,Manual Review
60577548,16975.0, 60 months,21.99,F,F1,2 years,RENT,65000.0,Verified,debt_consolidation,MN,34.88,1.0,680.0,684.0,1.0,45.6,25.0,Individual,6,High Risk,Manual Review
60870119,10500.0, 36 months,18.55,E,E2,,RENT,21000.0,Not Verified,debt_consolidation,NV,35.26,1.0,665.0,669.0,1.0,38.2,15.0,Individual,6,High Risk,Manual Review
59172187,20150.0, 60 months,18.25,E,E1,4 years,MORTGAGE,56000.0,Source Verified,debt_consolidation,TN,31.15,0.0,660.0,664.0,1.0,89.9,37.0,Individual,6,High Risk,Manual Review
60566042,12000.0, 60 months,19.99,E,E4,< 1 year,RENT,34000.0,Verified,credit_card,FL,31.1,0.0,665.0,669.0,1.0,34.3,32.0,Individual,5,High Risk,Manual Review
60497584,6100.0, 36 months,18.55,E,E2,10+ years,MORTGAGE,39000.0,Verified,debt_consolidation,LA,35.05,1.0,660.0,664.0,2.0,73.7,32.0,Individual,6,High Risk,Manual Review
60607523,30100.0, 60 months,18.55,E,E2,10+ years,OWN,62730.0,Source Verified,credit_card,NY,31.3,0.0,700.0,704.0,0.0,80.2,35.0,Individual,6,High Risk,Manual Review
60666908,15250.0, 60 months,21.99,F,F1,5 years,RENT,61000.0,Verified,debt_consolidation,CA,37.81,0.0,700.0,704.0,0.0,70.4,19.0,Individual,5,High Risk,Manual Review
60687601,12100.0, 60 months,20.99,E,E5,1 year,MORTGAGE,43000.0,Source Verified,debt_consolidation,CA,32.79,0.0,705.0,709.0,2.0,31.2,21.0,Individual,5,High Risk,Manual Review
60587369,35000.0, 60 months,19.99,E,E4,10+ years,MORTGAGE,230000.0,Source Verified,debt_consolidation,TX,23.97,1.0,675.0,679.0,0.0,80.7,46.0,Individual,5,High Risk,Manual Review
60627453,30000.0, 60 months,18.25,E,E1,7 years,OWN,60000.0,Verified,debt_consolidation,CA,36.45,0.0,665.0,669.0,0.0,86.0,28.0,Individual,6,High Risk,Manual Review
60577491,28725.0, 60 months,18.25,E,E1,10+ years,MORTGAGE,100000.0,Not Verified,debt_consolidation,MS,36.06,0.0,690.0,694.0,0.0,74.4,30.0,Individual,5,High Risk,Manual Review
60697363,20575.0, 60 months,18.55,E,E2,10+ years,MORTGAGE,70000.0,Source Verified,debt_consolidation,NY,36.45,0.0,680.0,684.0,1.0,71.7,32.0,Individual,5,High Risk,Manual Review
60597946,22800.0, 60 months,18.25,E,E1,,OWN,60000.0,Not Verified,debt_consolidation,TX,34.04,0.0,680.0,684.0,1.0,53.3,19.0,Individual,5,High Risk,Manual Review
60607522,18000.0, 60 months,22.99,F,F2,10+ years,MORTGAGE,50000.0,Verified,debt_consolidation,NC,35.53,1.0,670.0,674.0,0.0,73.1,17.0,Individual,6,High Risk,Manual Review
60657536,12975.0, 60 months,18.55,E,E2,9 years,MORTGAGE,47000.0,Source Verified,credit_card,GA,32.55,0.0,685.0,689.0,1.0,61.8,31.0,Individual,5,High Risk,Manual Review
60587381,11400.0, 60 months,18.25,E,E1,< 1 year,MORTGAGE,55000.0,Verified,car,WA,30.42,0.0,690.0,694.0,0.0,100.9,35.0,Individual,6,High Risk,Manual Review
60587319,25075.0, 60 months,26.77,G,G1,5 years,RENT,60000.0,Verified,debt_consolidation,CA,30.52,0.0,705.0,709.0,1.0,20.5,24.0,Individual,5,High Risk,Manual Review
60517219,11325.0, 60 months,21.99,F,F1,5 years,RENT,49500.0,Source Verified,debt_consolidation,NY,37.12,0.0,675.0,679.0,0.0,65.1,15.0,Individual,5,High Risk,Manual Review
60586876,7875.0, 36 months,22.99,F,F2,7 years,RENT,35000.0,Verified,debt_consolidation,NJ,33.3,0.0,670.0,674.0,0.0,43.3,15.0,Individual,5,High Risk,Manual Review
60697404,34100.0, 60 months,19.19,E,E3,10+ years,MORTGAGE,115000.0,Verified,house,FL,37.38,0.0,740.0,744.0,0.0,67.2,26.0,Individual,5,High Risk,Manual Review
60507320,23100.0, 60 months,18.25,E,E1,4 years,MORTGAGE,82000.0,Verified,debt_consolidation,TX,32.61,0.0,690.0,694.0,0.0,71.2,25.0,Individual,5,High Risk,Manual Review
60657308,14650.0, 60 months,21.99,F,F1,10+ years,MORTGAGE,75000.0,Verified,debt_consolidation,NV,36.99,1.0,685.0,689.0,0.0,44.5,31.0,Individual,6,High Risk,Manual Review
60466998,26525.0, 60 months,19.99,E,E4,10+ years,MORTGAGE,135000.0,Verified,credit_card,KY,25.47,2.0,660.0,664.0,0.0,93.5,32.0,Individual,5,High Risk,Manual Review
60696842,30000.0, 60 months,18.55,E,E2,4 years,RENT,105000.0,Verified,debt_consolidation,PA,35.69,3.0,705.0,709.0,2.0,23.5,20.0,Individual,6,High Risk,Manual Review
60507318,24350.0, 60 months,20.99,E,E5,6 years,RENT,58000.0,Source Verified,debt_consolidation,NY,35.92,0.0,690.0,694.0,1.0,86.4,25.0,Individual,6,High Risk,Manual Review
59591929,22000.0, 60 months,18.55,E,E2,,OWN,55000.0,Not Verified,other,TX,31.38,0.0,685.0,689.0,0.0,67.1,19.0,Individual,5,High Risk,Manual Review
60406830,12000.0, 60 months,18.25,E,E1,10+ years,OWN,50000.0,Verified,home_improvement,AR,38.5,0.0,700.0,704.0,0.0,31.8,25.0,Individual,5,High Risk,Manual Review
60487660,10525.0, 60 months,21.99,F,F1,,MORTGAGE,48000.0,Verified,credit_card,PA,32.48,1.0,665.0,669.0,0.0,79.8,17.0,Individual,6,High Risk,Manual Review
60667303,20150.0, 60 months,18.25,E,E1,7 years,RENT,48000.0,Verified,debt_consolidation,NJ,30.6,0.0,685.0,689.0,0.0,89.9,14.0,Individual,6,High Risk,Manual Review
60497233,32000.0, 60 months,18.55,E,E2,4 years,OWN,95000.0,Verified,debt_consolidation,IL,38.06,0.0,680.0,684.0,0.0,97.1,21.0,Individual,6,High Risk,Manual Review
60627222,23900.0, 60 months,18.55,E,E2,7 years,RENT,52000.0,Source Verified,credit_card,MO,37.69,0.0,695.0,699.0,0.0,94.7,13.0,Individual,6,High Risk,Manual Review
60697300,26000.0, 60 months,18.25,E,E1,10+ years,RENT,52000.0,Source Verified,debt_consolidation,TN,32.24,0.0,695.0,699.0,0.0,62.9,22.0,Individual,5,High Risk,Manual Review
60647087,15575.0, 60 months,19.19,E,E3,3 years,MORTGAGE,72000.0,Source Verified,debt_consolidation,MI,32.72,0.0,675.0,679.0,3.0,53.2,48.0,Individual,5,High Risk,Manual Review
60625605,21000.0, 60 months,19.19,E,E3,2 years,RENT,42000.0,Verified,debt_consolidation,NY,33.91,0.0,690.0,694.0,1.0,61.4,12.0,Individual,5,High Risk,Manual Review
60566635,10500.0, 60 months,18.25,E,E1,2 years,MORTGAGE,55000.0,Verified,debt_consolidation,NC,31.91,0.0,675.0,679.0,1.0,67.6,39.0,Individual,5,High Risk,Manual Review
60527339,7550.0, 36 months,19.19,E,E3,5 years,RENT,21000.0,Verified,debt_consolidation,MN,34.34,1.0,685.0,689.0,1.0,15.2,18.0,Individual,6,High Risk,Manual Review
60515668,17475.0, 60 months,19.19,E,E3,< 1 year,RENT,80000.0,Verified,debt_consolidation,CA,30.39,0.0,660.0,664.0,0.0,59.2,47.0,Individual,5,High Risk,Manual Review
60527330,13250.0, 60 months,23.99,F,F3,10+ years,MORTGAGE,45268.36,Verified,other,FL,37.88,1.0,675.0,679.0,1.0,83.2,48.0,Individual,7,High Risk,Manual Review
60647364,3200.0, 36 months,19.19,E,E3,7 years,MORTGAGE,32000.0,Source Verified,debt_consolidation,NY,35.45,0.0,690.0,694.0,0.0,40.1,13.0,Individual,5,High Risk,Manual Review
60527345,17850.0, 60 months,24.99,F,F4,< 1 year,MORTGAGE,40000.0,Verified,other,SC,33.18,1.0,660.0,664.0,1.0,81.6,13.0,Individual,7,High Risk,Manual Review
60517150,12900.0, 60 months,19.99,E,E4,10+ years,MORTGAGE,69000.0,Source Verified,credit_card,WI,33.93,0.0,710.0,714.0,0.0,91.6,18.0,Individual,6,High Risk,Manual Review
60526491,35000.0, 60 months,18.55,E,E2,10+ years,MORTGAGE,90000.0,Verified,credit_card,AR,34.72,0.0,685.0,689.0,0.0,90.2,25.0,Individual,6,High Risk,Manual Review
60486962,24000.0, 60 months,18.55,E,E2,10+ years,MORTGAGE,72300.0,Source Verified,car,WY,35.05,0.0,720.0,724.0,0.0,68.1,57.0,Individual,5,High Risk,Manual Review
60226148,21375.0, 60 months,18.25,E,E1,10+ years,MORTGAGE,50900.0,Source Verified,credit_card,TX,33.53,1.0,680.0,684.0,0.0,82.7,18.0,Individual,7,High Risk,Manual Review
59180730,13600.0, 60 months,18.55,E,E2,3 years,RENT,40000.0,Source Verified,debt_consolidation,NY,33.12,0.0,670.0,674.0,1.0,65.1,14.0,Individual,5,High Risk,Manual Review
60627050,24475.0, 60 months,18.25,E,E1,10+ years,MORTGAGE,80000.0,Source Verified,debt_consolidation,TX,33.63,0.0,730.0,734.0,0.0,33.7,29.0,Individual,5,High Risk,Manual Review
60607210,28800.0, 60 months,19.19,E,E3,6 years,MORTGAGE,90000.0,Verified,debt_consolidation,NV,31.19,0.0,685.0,689.0,2.0,43.0,24.0,Individual,5,High Risk,Manual Review
60577074,7000.0, 36 months,18.55,E,E2,1 year,OWN,30000.0,Verified,debt_consolidation,TX,34.4,0.0,690.0,694.0,2.0,40.4,16.0,Individual,5,High Risk,Manual Review
60667077,11700.0, 60 months,24.99,F,F4,10+ years,MORTGAGE,38400.0,Verified,debt_consolidation,OR,31.56,0.0,695.0,699.0,0.0,61.7,25.0,Individual,5,High Risk,Manual Review
60657082,14075.0, 60 months,19.99,E,E4,8 years,MORTGAGE,61500.0,Source Verified,debt_consolidation,FL,35.55,0.0,670.0,674.0,1.0,74.4,45.0,Individual,5,High Risk,Manual Review
60647558,12125.0, 60 months,18.55,E,E2,,OWN,41640.0,Verified,debt_consolidation,AZ,35.3,0.0,785.0,789.0,0.0,12.8,16.0,Individual,5,High Risk,Manual Review
60527133,5175.0, 36 months,18.25,E,E1,10+ years,MORTGAGE,52000.0,Verified,home_improvement,NM,36.88,0.0,680.0,684.0,0.0,78.1,22.0,Individual,5,High Risk,Manual Review
60686405,19200.0, 60 months,20.99,E,E5,10+ years,RENT,60000.0,Source Verified,debt_consolidation,TX,19.81,1.0,665.0,669.0,0.0,88.7,12.0,Individual,5,High Risk,Manual Review
60256748,17600.0, 60 months,20.99,E,E5,< 1 year,MORTGAGE,40000.0,Source Verified,home_improvement,TX,33.54,1.0,660.0,664.0,0.0,63.5,36.0,Individual,6,High Risk,Manual Review
60496991,21775.0, 60 months,18.55,E,E2,10+ years,MORTGAGE,76960.0,Source Verified,credit_card,MO,35.13,0.0,730.0,734.0,1.0,67.6,16.0,Individual,5,High Risk,Manual Review
60607049,21325.0, 60 months,19.99,E,E4,10+ years,MORTGAGE,82000.0,Verified,debt_consolidation,KY,36.28,0.0,670.0,674.0,1.0,72.9,36.0,Individual,5,High Risk,Manual Review
60467254,26000.0, 36 months,19.19,E,E3,10+ years,MORTGAGE,65000.0,Not Verified,debt_consolidation,GA,37.74,0.0,680.0,684.0,1.0,42.7,55.0,Individual,5,High Risk,Manual Review
60586831,25100.0, 60 months,18.55,E,E2,< 1 year,RENT,59800.0,Not Verified,debt_consolidation,NY,37.17,0.0,675.0,679.0,0.0,25.3,19.0,Individual,5,High Risk,Manual Review
60616986,30000.0, 60 months,21.99,F,F1,5 years,RENT,72000.0,Verified,debt_consolidation,CA,30.2,0.0,675.0,679.0,1.0,21.4,40.0,Individual,5,High Risk,Manual Review
60316409,15875.0, 60 months,19.19,E,E3,10+ years,RENT,55000.0,Source Verified,debt_consolidation,TX,31.88,0.0,660.0,664.0,0.0,74.5,35.0,Individual,5,High Risk,Manual Review
60466605,13300.0, 60 months,22.99,F,F2,6 years,RENT,37000.0,Source Verified,debt_consolidation,CO,32.31,0.0,660.0,664.0,0.0,98.1,13.0,Individual,6,High Risk,Manual Review
60597222,15600.0, 60 months,18.55,E,E2,6 years,RENT,50000.0,Verified,other,IL,31.81,1.0,680.0,684.0,0.0,45.3,18.0,Individual,6,High Risk,Manual Review
60547066,15300.0, 60 months,21.99,F,F1,10+ years,MORTGAGE,45000.0,Verified,debt_consolidation,RI,39.97,0.0,690.0,694.0,1.0,47.9,16.0,Individual,5,High Risk,Manual Review
60466591,25000.0, 60 months,19.19,E,E3,10+ years,MORTGAGE,300000.0,Source Verified,other,DC,6.11,1.0,660.0,664.0,0.0,90.9,35.0,Individual,5,High Risk,Manual Review
60606890,20000.0, 60 months,18.55,E,E2,10+ years,RENT,80000.0,Verified,debt_consolidation,OK,35.33,0.0,705.0,709.0,0.0,71.2,27.0,Individual,5,High Risk,Manual Review
60576919,19775.0, 60 months,20.99,E,E5,7 years,MORTGAGE,152000.0,Verified,debt_consolidation,SC,35.01,0.0,680.0,684.0,0.0,83.5,44.0,Individual,6,High Risk,Manual Review
60536716,35000.0, 60 months,18.25,E,E1,10+ years,MORTGAGE,85000.0,Source Verified,debt_consolidation,OH,38.9,0.0,685.0,689.0,2.0,78.5,41.0,Individual,5,High Risk,Manual Review
60487091,35000.0, 60 months,18.55,E,E2,8 years,RENT,110000.0,Source Verified,debt_consolidation,CA,38.71,0.0,695.0,699.0,0.0,79.8,29.0,Individual,5,High Risk,Manual Review
60556950,13525.0, 60 months,21.99,F,F1,10+ years,MORTGAGE,53697.84,Verified,debt_consolidation,TX,32.36,0.0,700.0,704.0,0.0,87.1,21.0,Individual,6,High Risk,Manual Review
60506804,10200.0, 60 months,18.25,E,E1,10+ years,RENT,28800.0,Source Verified,debt_consolidation,KY,32.79,0.0,670.0,674.0,1.0,18.5,20.0,Individual,5,High Risk,Manual Review
60535668,21000.0, 60 months,19.99,E,E4,,OWN,50000.0,Verified,debt_consolidation,NY,37.93,0.0,720.0,724.0,0.0,68.1,25.0,Individual,5,High Risk,Manual Review
60566807,10675.0, 60 months,18.25,E,E1,4 years,MORTGAGE,65000.0,Source Verified,home_improvement,IN,30.72,0.0,685.0,689.0,3.0,89.1,24.0,Individual,6,High Risk,Manual Review
60526749,30000.0, 60 months,18.25,E,E1,7 years,RENT,93000.0,Verified,debt_consolidation,NJ,25.32,2.0,670.0,674.0,1.0,83.6,33.0,Individual,5,High Risk,Manual Review
60656740,26800.0, 60 months,18.55,E,E2,< 1 year,RENT,90000.0,Verified,debt_consolidation,CA,37.74,0.0,715.0,719.0,0.0,78.3,13.0,Individual,5,High Risk,Manual Review
60466954,24300.0, 60 months,19.99,E,E4,< 1 year,MORTGAGE,84000.0,Source Verified,debt_consolidation,NJ,34.6,0.0,660.0,664.0,3.0,84.0,22.0,Individual,6,High Risk,Manual Review
60576720,28050.0, 60 months,18.55,E,E2,10+ years,RENT,85000.0,Verified,debt_consolidation,NY,37.03,0.0,730.0,734.0,0.0,53.1,23.0,Individual,5,High Risk,Manual Review
60496652,35000.0, 60 months,21.99,F,F1,1 year,MORTGAGE,135000.0,Verified,debt_consolidation,NH,19.65,1.0,665.0,669.0,1.0,89.3,23.0,Individual,5,High Risk,Manual Review
60506731,20000.0, 60 months,19.19,E,E3,4 years,MORTGAGE,76800.0,Verified,debt_consolidation,TX,30.95,0.0,665.0,669.0,1.0,83.7,26.0,Individual,6,High Risk,Manual Review
60516621,25000.0, 60 months,18.55,E,E2,10+ years,MORTGAGE,110000.0,Verified,debt_consolidation,MD,31.6,0.0,680.0,684.0,1.0,74.1,33.0,Individual,5,High Risk,Manual Review
60506081,15500.0, 36 months,19.19,E,E3,4 years,RENT,31000.0,Source Verified,debt_consolidation,TN,38.64,0.0,675.0,679.0,1.0,16.3,37.0,Individual,5,High Risk,Manual Review
60696537,30500.0, 36 months,23.99,F,F3,,MORTGAGE,61000.0,Verified,debt_consolidation,GA,17.57,3.0,675.0,679.0,2.0,81.4,18.0,Individual,5,High Risk,Manual Review
60596753,18000.0, 60 months,19.19,E,E3,4 years,MORTGAGE,45000.0,Source Verified,vacation,NV,31.89,2.0,685.0,689.0,0.0,30.3,13.0,Individual,6,High Risk,Manual Review
60486769,15250.0, 36 months,18.25,E,E1,< 1 year,MORTGAGE,49000.0,Source Verified,debt_consolidation,FL,37.67,0.0,675.0,679.0,1.0,55.3,32.0,Individual,5,High Risk,Manual Review
60706557,18000.0, 60 months,16.99,D,D3,8 years,MORTGAGE,50000.0,Not Verified,credit_card,KY,38.33,3.0,670.0,674.0,2.0,87.0,32.0,Individual,5,High Risk,Manual Review
59531730,17875.0, 60 months,19.99,E,E4,1 year,MORTGAGE,64760.0,Source Verified,debt_consolidation,TN,37.86,0.0,690.0,694.0,0.0,83.3,33.0,Individual,6,High Risk,Manual Review
60596266,13425.0, 60 months,21.99,F,F1,1 year,RENT,32000.0,Source Verified,debt_consolidation,WA,33.38,0.0,720.0,724.0,0.0,26.9,24.0,Individual,5,High Risk,Manual Review
60556617,17000.0, 60 months,18.55,E,E2,10+ years,MORTGAGE,61000.0,Verified,debt_consolidation,VA,33.31,0.0,675.0,679.0,1.0,47.9,38.0,Individual,5,High Risk,Manual Review
60565645,15000.0, 60 months,18.55,E,E2,10+ years,RENT,40200.0,Verified,debt_consolidation,DE,32.18,0.0,675.0,679.0,3.0,38.7,20.0,Individual,5,High Risk,Manual Review
60476396,6300.0, 36 months,19.19,E,E3,< 1 year,RENT,15000.0,Verified,debt_consolidation,FL,31.12,0.0,680.0,684.0,1.0,98.7,11.0,Individual,6,High Risk,Manual Review
60496441,19800.0, 60 months,19.99,E,E4,3 years,RENT,55000.0,Source Verified,debt_consolidation,TX,30.5,0.0,695.0,699.0,0.0,69.0,13.0,Individual,5,High Risk,Manual Review
60555514,10850.0, 60 months,23.99,F,F3,< 1 year,RENT,41000.0,Source Verified,other,FL,35.89,0.0,720.0,724.0,1.0,51.4,33.0,Individual,5,High Risk,Manual Review
60646747,11975.0, 36 months,18.55,E,E2,8 years,OWN,55000.0,Verified,debt_consolidation,TX,34.3,0.0,660.0,664.0,2.0,60.2,37.0,Individual,5,High Risk,Manual Review
60706483,22000.0, 60 months,19.19,E,E3,,MORTGAGE,85876.0,Verified,debt_consolidation,LA,38.65,0.0,660.0,664.0,2.0,90.4,38.0,Individual,6,High Risk,Manual Review
60596678,17825.0, 60 months,19.19,E,E3,10+ years,RENT,65000.0,Verified,credit_card,AZ,37.15,0.0,690.0,694.0,0.0,88.0,16.0,Individual,6,High Risk,Manual Review
60686517,25000.0, 60 months,20.99,E,E5,6 years,RENT,60000.0,Source Verified,debt_consolidation,AK,32.87,3.0,685.0,689.0,1.0,18.7,15.0,Individual,6,High Risk,Manual Review
59242533,24000.0, 60 months,19.19,E,E3,10+ years,MORTGAGE,153000.0,Source Verified,debt_consolidation,MD,15.17,3.0,660.0,664.0,0.0,88.2,48.0,Individual,5,High Risk,Manual Review
60546550,10800.0, 60 months,24.99,F,F4,8 years,RENT,30000.0,Verified,debt_consolidation,MD,31.2,3.0,660.0,664.0,0.0,44.2,21.0,Individual,6,High Risk,Manual Review
60475393,14850.0, 60 months,20.99,E,E5,10+ years,MORTGAGE,47000.0,Source Verified,credit_card,IL,33.99,0.0,665.0,669.0,0.0,82.7,36.0,Individual,6,High Risk,Manual Review
60626303,27000.0, 60 months,16.55,D,D2,10+ years,RENT,120000.0,Not Verified,debt_consolidation,CA,32.47,1.0,675.0,679.0,0.0,81.2,41.0,Individual,5,High Risk,Manual Review
59339272,20700.0, 60 months,19.19,E,E3,10+ years,MORTGAGE,45000.0,Not Verified,credit_card,NY,31.25,0.0,690.0,694.0,0.0,66.3,38.0,Individual,5,High Risk,Manual Review
60496376,20000.0, 60 months,19.99,E,E4,,MORTGAGE,40000.0,Not Verified,debt_consolidation,TX,37.98,0.0,675.0,679.0,0.0,50.0,28.0,Individual,5,High Risk,Manual Review
60706334,24350.0, 60 months,18.25,E,E1,,MORTGAGE,64126.0,Verified,debt_consolidation,NY,32.27,0.0,715.0,719.0,0.0,65.5,33.0,Individual,5,High Risk,Manual Review
60526378,10000.0, 60 months,18.55,E,E2,2 years,OWN,32000.0,Verified,debt_consolidation,OK,36.95,0.0,680.0,684.0,2.0,76.4,14.0,Individual,5,High Risk,Manual Review
60526328,24800.0, 60 months,18.25,E,E1,2 years,MORTGAGE,62000.0,Verified,other,MI,33.64,0.0,670.0,674.0,1.0,87.0,32.0,Individual,6,High Risk,Manual Review
60616225,5400.0, 36 months,19.99,E,E4,5 years,MORTGAGE,45000.0,Source Verified,debt_consolidation,NY,36.13,0.0,680.0,684.0,0.0,82.7,25.0,Individual,6,High Risk,Manual Review
60626302,30900.0, 60 months,22.99,F,F2,10+ years,OWN,61800.0,Verified,debt_consolidation,NY,34.84,0.0,670.0,674.0,0.0,100.0,23.0,Individual,6,High Risk,Manual Review
59965221,28925.0, 36 months,18.25,E,E1,10+ years,MORTGAGE,80000.0,Not Verified,home_improvement,GA,34.56,0.0,680.0,684.0,0.0,46.9,39.0,Individual,5,High Risk,Manual Review
59252380,12950.0, 60 months,19.19,E,E3,10+ years,MORTGAGE,55500.0,Source Verified,debt_consolidation,MA,30.23,0.0,715.0,719.0,1.0,50.8,59.0,Individual,5,High Risk,Manual Review
60546726,29900.0, 60 months,19.19,E,E3,6 years,OWN,68000.0,Not Verified,debt_consolidation,AR,30.39,0.0,675.0,679.0,0.0,65.0,18.0,Individual,5,High Risk,Manual Review
60666229,1500.0, 36 months,18.25,E,E1,10+ years,RENT,44000.0,Source Verified,other,NC,32.41,2.0,670.0,674.0,1.0,,20.0,Individual,6,High Risk,Manual Review
60556322,11000.0, 60 months,18.55,E,E2,5 years,RENT,29000.0,Source Verified,credit_card,NJ,35.51,0.0,695.0,699.0,0.0,77.4,13.0,Individual,5,High Risk,Manual Review
60515323,21500.0, 60 months,20.99,E,E5,10+ years,MORTGAGE,56000.0,Source Verified,credit_card,WI,38.51,1.0,680.0,684.0,0.0,53.3,50.0,Individual,6,High Risk,Manual Review
60525780,24000.0, 60 months,18.25,E,E1,8 years,MORTGAGE,60000.0,Source Verified,debt_consolidation,LA,30.54,0.0,670.0,674.0,1.0,91.4,29.0,Individual,6,High Risk,Manual Review
60635255,9000.0, 36 months,18.55,E,E2,8 years,MORTGAGE,25000.0,Verified,credit_card,OH,32.89,0.0,670.0,674.0,1.0,48.6,22.0,Individual,5,High Risk,Manual Review
60516119,35000.0, 60 months,18.25,E,E1,6 years,MORTGAGE,83128.32,Verified,credit_card,FL,35.28,0.0,695.0,699.0,1.0,87.9,19.0,Individual,6,High Risk,Manual Review
60566167,23400.0, 60 months,24.99,F,F4,8 years,RENT,71000.0,Verified,debt_consolidation,WA,34.45,0.0,660.0,664.0,2.0,52.8,41.0,Individual,5,High Risk,Manual Review
60546402,33000.0, 60 months,23.99,F,F3,2 years,RENT,126000.0,Verified,debt_consolidation,TX,30.25,0.0,700.0,704.0,4.0,43.0,36.0,Individual,5,High Risk,Manual Review
60555842,24000.0, 60 months,18.55,E,E2,1 year,RENT,90000.0,Source Verified,debt_consolidation,NY,31.22,0.0,675.0,679.0,3.0,48.2,37.0,Individual,5,High Risk,Manual Review
60197093,10825.0, 60 months,18.55,E,E2,8 years,RENT,76100.0,Verified,debt_consolidation,NJ,32.86,0.0,665.0,669.0,0.0,94.6,22.0,Individual,6,High Risk,Manual Review
60626111,29900.0, 60 months,18.55,E,E2,5 years,OWN,65000.0,Not Verified,debt_consolidation,MN,30.26,0.0,725.0,729.0,0.0,40.3,22.0,Individual,5,High Risk,Manual Review
59442696,28000.0, 60 months,18.55,E,E2,4 years,MORTGAGE,70000.0,Source Verified,debt_consolidation,NJ,30.21,0.0,690.0,694.0,1.0,80.5,24.0,Individual,6,High Risk,Manual Review
60626008,13425.0, 60 months,18.55,E,E2,9 years,RENT,39540.0,Source Verified,debt_consolidation,CA,32.26,0.0,680.0,684.0,1.0,57.8,38.0,Individual,5,High Risk,Manual Review
59220626,17600.0, 60 months,19.19,E,E3,9 years,MORTGAGE,47000.0,Source Verified,debt_consolidation,NE,33.99,1.0,690.0,694.0,0.0,88.5,21.0,Individual,7,High Risk,Manual Review
60475955,10000.0, 60 months,18.55,E,E2,10+ years,MORTGAGE,75000.0,Not Verified,debt_consolidation,OR,12.59,1.0,675.0,679.0,0.0,95.7,21.0,Individual,5,High Risk,Manual Review
60576121,30000.0, 60 months,19.99,E,E4,,MORTGAGE,76000.0,Verified,credit_card,MO,35.65,0.0,680.0,684.0,1.0,89.1,33.0,Individual,6,High Risk,Manual Review
60666097,20925.0, 60 months,24.99,F,F4,,MORTGAGE,52000.0,Not Verified,debt_consolidation,NC,33.03,0.0,735.0,739.0,1.0,35.3,48.0,Individual,5,High Risk,Manual Review
60615939,20000.0, 60 months,21.99,F,F1,10+ years,MORTGAGE,40000.0,Source Verified,debt_consolidation,MI,33.81,0.0,710.0,714.0,0.0,71.9,25.0,Individual,5,High Risk,Manual Review
60705992,20000.0, 60 months,20.99,E,E5,10+ years,RENT,40000.0,Source Verified,debt_consolidation,PA,35.19,0.0,675.0,679.0,0.0,35.0,45.0,Individual,5,High Risk,Manual Review
60526031,21000.0, 60 months,19.19,E,E3,10+ years,MORTGAGE,380000.0,Source Verified,debt_consolidation,PA,6.32,1.0,690.0,694.0,2.0,95.6,23.0,Individual,5,High Risk,Manual Review
60505514,23050.0, 60 months,18.25,E,E1,5 years,RENT,52430.0,Not Verified,debt_consolidation,CO,31.75,0.0,715.0,719.0,3.0,50.4,18.0,Individual,5,High Risk,Manual Review
60555912,11775.0, 60 months,19.19,E,E3,6 years,RENT,35000.0,Verified,debt_consolidation,TN,30.01,0.0,685.0,689.0,0.0,11.3,32.0,Individual,5,High Risk,Manual Review
60605859,14400.0, 36 months,15.61,D,D1,2 years,RENT,85000.0,Not Verified,debt_consolidation,MI,33.31,1.0,670.0,674.0,0.0,96.1,39.0,Individual,5,High Risk,Manual Review
60635724,35000.0, 60 months,21.99,F,F1,10+ years,MORTGAGE,130000.0,Verified,debt_consolidation,MA,18.87,1.0,660.0,664.0,1.0,82.2,30.0,Individual,5,High Risk,Manual Review
60655789,8000.0, 36 months,18.25,E,E1,10+ years,MORTGAGE,61307.0,Verified,moving,OK,30.79,5.0,660.0,664.0,2.0,50.2,24.0,Individual,6,High Risk,Manual Review
60685735,15000.0, 60 months,18.55,E,E2,3 years,RENT,66000.0,Verified,credit_card,IL,39.21,1.0,665.0,669.0,4.0,56.1,32.0,Individual,6,High Risk,Manual Review
60625681,18475.0, 60 months,23.99,F,F3,7 years,RENT,50000.0,Verified,debt_consolidation,TX,35.5,3.0,660.0,664.0,1.0,61.0,17.0,Individual,6,High Risk,Manual Review
60465750,14000.0, 60 months,19.99,E,E4,3 years,RENT,35000.0,Verified,medical,NC,39.8,0.0,665.0,669.0,0.0,86.0,12.0,Individual,6,High Risk,Manual Review
60145191,9675.0, 36 months,19.19,E,E3,3 years,RENT,30299.13,Source Verified,credit_card,FL,33.99,0.0,660.0,664.0,0.0,85.9,13.0,Individual,6,High Risk,Manual Review
60025759,14475.0, 60 months,19.99,E,E4,4 years,RENT,50000.0,Verified,debt_consolidation,VA,30.39,0.0,685.0,689.0,1.0,35.6,14.0,Individual,5,High Risk,Manual Review
60585180,18500.0, 60 months,18.55,E,E2,10+ years,RENT,80000.0,Verified,debt_consolidation,CO,39.44,1.0,680.0,684.0,2.0,90.3,42.0,Individual,7,High Risk,Manual Review
60465592,8000.0, 36 months,20.99,E,E5,5 years,RENT,35000.0,Verified,debt_consolidation,WA,38.5,0.0,670.0,674.0,1.0,57.7,45.0,Individual,5,High Risk,Manual Review
60246891,12000.0, 60 months,19.19,E,E3,10+ years,MORTGAGE,134000.0,Source Verified,credit_card,MN,8.1,1.0,665.0,669.0,3.0,93.4,51.0,Individual,5,High Risk,Manual Review
60645645,15450.0, 60 months,19.19,E,E3,3 years,RENT,67000.0,Source Verified,debt_consolidation,CA,34.44,0.0,680.0,684.0,0.0,82.3,26.0,Individual,6,High Risk,Manual Review
60407449,14900.0, 60 months,18.25,E,E1,8 years,RENT,65000.0,Source Verified,debt_consolidation,FL,30.28,0.0,675.0,679.0,0.0,28.1,32.0,Individual,5,High Risk,Manual Review
60385498,17900.0, 60 months,22.99,F,F2,< 1 year,RENT,44500.0,Source Verified,other,FL,36.0,0.0,700.0,704.0,2.0,62.8,13.0,Individual,5,High Risk,Manual Review
60465171,15000.0, 60 months,19.19,E,E3,9 years,MORTGAGE,45835.0,Verified,debt_consolidation,OH,39.46,0.0,710.0,714.0,0.0,73.6,17.0,Individual,5,High Risk,Manual Review
60565518,20150.0, 60 months,23.99,F,F3,3 years,RENT,48000.0,Verified,credit_card,GA,38.23,2.0,695.0,699.0,1.0,41.8,25.0,Individual,6,High Risk,Manual Review
60125292,18525.0, 60 months,20.99,E,E5,1 year,RENT,58000.0,Verified,debt_consolidation,CA,34.91,0.0,690.0,694.0,0.0,85.6,15.0,Individual,6,High Risk,Manual Review
60485678,13600.0, 60 months,18.25,E,E1,1 year,MORTGAGE,49000.0,Verified,debt_consolidation,NM,39.2,0.0,715.0,719.0,1.0,61.6,68.0,Individual,5,High Risk,Manual Review
60695481,13700.0, 60 months,20.99,E,E5,10+ years,OWN,57500.0,Verified,house,KY,39.32,0.0,715.0,719.0,0.0,81.6,26.0,Individual,6,High Risk,Manual Review
60525546,20575.0, 60 months,22.99,F,F2,5 years,RENT,49000.0,Verified,debt_consolidation,VA,33.16,0.0,675.0,679.0,0.0,73.4,30.0,Individual,5,High Risk,Manual Review
60685522,13575.0, 60 months,18.25,E,E1,5 years,RENT,35000.0,Source Verified,debt_consolidation,OR,35.53,0.0,690.0,694.0,0.0,45.7,16.0,Individual,5,High Risk,Manual Review
60665502,6000.0, 36 months,19.19,E,E3,5 years,RENT,37000.0,Verified,debt_consolidation,CA,34.22,0.0,675.0,679.0,2.0,5.3,19.0,Individual,5,High Risk,Manual Review
59119553,14450.0, 60 months,19.99,E,E4,10+ years,RENT,70000.0,Source Verified,debt_consolidation,RI,19.51,3.0,675.0,679.0,0.0,98.0,15.0,Individual,5,High Risk,Manual Review
60495452,20000.0, 60 months,19.19,E,E3,< 1 year,RENT,43000.0,Verified,debt_consolidation,NY,36.25,0.0,680.0,684.0,0.0,83.3,14.0,Individual,6,High Risk,Manual Review
60465492,30000.0, 60 months,18.25,E,E1,9 years,RENT,89920.0,Verified,debt_consolidation,CA,16.04,1.0,680.0,684.0,1.0,88.6,17.0,Individual,5,High Risk,Manual Review
60485458,30000.0, 60 months,20.99,E,E5,6 years,RENT,225000.0,Verified,debt_consolidation,CA,30.79,0.0,675.0,679.0,1.0,90.4,55.0,Individual,6,High Risk,Manual Review
60035766,29900.0, 60 months,18.55,E,E2,10+ years,MORTGAGE,65000.0,Not Verified,debt_consolidation,OK,36.95,0.0,690.0,694.0,0.0,71.0,18.0,Individual,5,High Risk,Manual Review
60625365,25000.0, 60 months,18.25,E,E1,10+ years,MORTGAGE,61000.0,Source Verified,debt_consolidation,TX,36.16,0.0,705.0,709.0,2.0,43.4,38.0,Individual,5,High Risk,Manual Review
59371918,16450.0, 60 months,20.99,E,E5,10+ years,OWN,50000.0,Source Verified,debt_consolidation,AL,35.89,0.0,665.0,669.0,0.0,44.3,49.0,Individual,5,High Risk,Manual Review
60655274,32150.0, 60 months,18.55,E,E2,10+ years,RENT,67000.0,Source Verified,credit_card,FL,35.95,0.0,705.0,709.0,0.0,71.2,28.0,Individual,5,High Risk,Manual Review
60465322,9350.0, 36 months,19.19,E,E3,5 years,MORTGAGE,26000.0,Verified,debt_consolidation,NE,35.46,1.0,665.0,669.0,2.0,45.3,19.0,Individual,6,High Risk,Manual Review
60485344,17325.0, 60 months,23.99,F,F3,10+ years,RENT,45000.0,Verified,debt_consolidation,NJ,30.8,0.0,680.0,684.0,0.0,67.6,31.0,Individual,5,High Risk,Manual Review
60245364,10250.0, 60 months,27.31,G,G2,10+ years,MORTGAGE,40000.0,Verified,debt_consolidation,SC,38.88,3.0,705.0,709.0,0.0,0.0,30.0,Individual,6,High Risk,Manual Review
60655320,18000.0, 60 months,18.25,E,E1,10+ years,RENT,55000.0,Verified,debt_consolidation,FL,37.77,0.0,700.0,704.0,1.0,77.8,29.0,Individual,5,High Risk,Manual Review
60525163,23000.0, 60 months,18.25,E,E1,7 years,MORTGAGE,57500.0,Verified,debt_consolidation,OK,34.26,0.0,680.0,684.0,0.0,99.2,37.0,Individual,6,High Risk,Manual Review
59092634,17575.0, 60 months,19.19,E,E3,< 1 year,RENT,45000.0,Not Verified,debt_consolidation,AZ,38.86,0.0,685.0,689.0,0.0,76.4,32.0,Individual,5,High Risk,Manual Review
60685165,19800.0, 60 months,24.99,F,F4,< 1 year,OWN,55000.0,Verified,debt_consolidation,KY,38.84,1.0,660.0,664.0,1.0,74.7,26.0,Individual,6,High Risk,Manual Review
60525189,4400.0, 36 months,18.25,E,E1,5 years,MORTGAGE,41000.0,Verified,debt_consolidation,NJ,17.39,1.0,660.0,664.0,0.0,90.0,17.0,Individual,5,High Risk,Manual Review
60297087,6200.0, 36 months,18.55,E,E2,2 years,RENT,21411.0,Verified,car,CA,34.47,0.0,750.0,754.0,1.0,2.5,5.0,Individual,5,High Risk,Manual Review
60287448,11450.0, 60 months,19.19,E,E3,7 years,RENT,38000.0,Verified,debt_consolidation,VA,38.72,0.0,690.0,694.0,0.0,88.4,10.0,Individual,6,High Risk,Manual Review
60535136,35000.0, 60 months,18.55,E,E2,10+ years,MORTGAGE,85000.0,Source Verified,debt_consolidation,IL,31.15,0.0,670.0,674.0,0.0,83.8,42.0,Individual,6,High Risk,Manual Review
60196219,18900.0, 60 months,20.99,E,E5,10+ years,MORTGAGE,43000.0,Source Verified,debt_consolidation,TX,31.84,0.0,705.0,709.0,0.0,58.5,16.0,Individual,5,High Risk,Manual Review
60306171,32000.0, 60 months,20.99,E,E5,10+ years,MORTGAGE,64000.0,Verified,credit_card,AZ,30.79,0.0,665.0,669.0,0.0,54.8,28.0,Individual,5,High Risk,Manual Review
60465134,13150.0, 60 months,19.19,E,E3,4 years,MORTGAGE,50000.0,Source Verified,debt_consolidation,OR,34.35,0.0,670.0,674.0,1.0,63.9,34.0,Individual,5,High Risk,Manual Review
60376645,35000.0, 60 months,21.99,F,F1,10+ years,RENT,72000.0,Verified,debt_consolidation,CA,37.38,0.0,670.0,674.0,0.0,87.2,35.0,Individual,6,High Risk,Manual Review
60327099,11850.0, 60 months,24.99,F,F4,10+ years,RENT,49800.0,Verified,debt_consolidation,RI,34.87,0.0,665.0,669.0,2.0,66.9,35.0,Individual,5,High Risk,Manual Review
60217218,20300.0, 60 months,18.25,E,E1,4 years,RENT,52000.0,Verified,debt_consolidation,TX,36.88,3.0,675.0,679.0,3.0,33.0,47.0,Individual,6,High Risk,Manual Review
59522048,24100.0, 60 months,19.19,E,E3,10+ years,MORTGAGE,120000.0,Verified,debt_consolidation,AL,36.71,1.0,680.0,684.0,0.0,69.8,48.0,Individual,6,High Risk,Manual Review
60387235,23750.0, 60 months,21.99,F,F1,9 years,OWN,70000.0,Verified,debt_consolidation,AZ,32.13,0.0,670.0,674.0,0.0,87.7,14.0,Individual,6,High Risk,Manual Review
60266775,27500.0, 36 months,18.25,E,E1,3 years,MORTGAGE,55000.0,Source Verified,debt_consolidation,TX,34.48,0.0,680.0,684.0,0.0,71.1,15.0,Individual,5,High Risk,Manual Review
60237084,34800.0, 60 months,18.25,E,E1,4 years,MORTGAGE,72500.0,Verified,debt_consolidation,WY,35.37,0.0,705.0,709.0,0.0,85.1,25.0,Individual,6,High Risk,Manual Review
60355594,12725.0, 60 months,19.99,E,E4,2 years,RENT,45000.0,Source Verified,debt_consolidation,CA,33.36,1.0,660.0,664.0,2.0,90.0,38.0,Individual,7,High Risk,Manual Review
60155348,18625.0, 60 months,20.99,E,E5,,MORTGAGE,44400.0,Not Verified,credit_card,LA,38.49,1.0,690.0,694.0,0.0,32.0,12.0,Individual,6,High Risk,Manual Review
60176915,12800.0, 60 months,21.99,F,F1,10+ years,RENT,112673.0,Verified,small_business,SC,30.67,0.0,680.0,684.0,3.0,50.3,62.0,Individual,5,High Risk,Manual Review
60187076,24000.0, 60 months,20.99,E,E5,10+ years,OWN,85000.0,Source Verified,debt_consolidation,GA,21.97,1.0,660.0,664.0,0.0,80.7,14.0,Individual,5,High Risk,Manual Review
59799440,10175.0, 60 months,18.55,E,E2,10+ years,RENT,56000.0,Source Verified,debt_consolidation,GA,34.19,0.0,685.0,689.0,0.0,84.3,34.0,Individual,6,High Risk,Manual Review
60296833,25000.0, 60 months,19.99,E,E4,4 years,MORTGAGE,50000.0,Source Verified,debt_consolidation,NM,36.8,0.0,710.0,714.0,0.0,98.7,16.0,Individual,6,High Risk,Manual Review
60296025,19200.0, 60 months,20.99,E,E5,5 years,MORTGAGE,48000.0,Verified,debt_consolidation,GA,22.55,2.0,670.0,674.0,0.0,80.8,29.0,Individual,5,High Risk,Manual Review
60376926,15375.0, 60 months,18.25,E,E1,6 years,MORTGAGE,45000.0,Not Verified,debt_consolidation,NJ,33.82,0.0,695.0,699.0,1.0,47.8,47.0,Individual,5,High Risk,Manual Review
60206856,12000.0, 60 months,21.99,F,F1,10+ years,MORTGAGE,42000.0,Verified,credit_card,IN,34.49,0.0,660.0,664.0,2.0,64.5,48.0,Individual,5,High Risk,Manual Review
60287029,12800.0, 60 months,18.55,E,E2,10+ years,RENT,53578.03,Verified,debt_consolidation,MO,38.26,0.0,665.0,669.0,2.0,67.0,44.0,Individual,5,High Risk,Manual Review
60236980,16800.0, 60 months,21.99,F,F1,10+ years,RENT,40000.0,Source Verified,debt_consolidation,OH,30.27,0.0,685.0,689.0,4.0,29.9,34.0,Individual,5,High Risk,Manual Review
60406222,15175.0, 60 months,18.55,E,E2,2 years,OWN,61800.0,Source Verified,debt_consolidation,LA,34.23,0.0,710.0,714.0,1.0,55.7,78.0,Individual,5,High Risk,Manual Review
60375591,17850.0, 60 months,20.99,E,E5,2 years,MORTGAGE,89650.0,Source Verified,debt_consolidation,TX,34.39,0.0,665.0,669.0,0.0,62.0,41.0,Individual,5,High Risk,Manual Review
60286912,10000.0, 60 months,18.25,E,E1,< 1 year,RENT,30000.0,Verified,debt_consolidation,CA,37.39,0.0,685.0,689.0,0.0,20.7,19.0,Individual,5,High Risk,Manual Review
60295333,2300.0, 36 months,26.77,G,G1,4 years,RENT,33000.0,Verified,credit_card,TX,31.02,1.0,660.0,664.0,1.0,87.0,19.0,Individual,7,High Risk,Manual Review
59809420,2875.0, 36 months,19.19,E,E3,10+ years,MORTGAGE,55000.0,Source Verified,debt_consolidation,CT,36.96,0.0,665.0,669.0,0.0,86.4,25.0,Individual,6,High Risk,Manual Review
60366927,14000.0, 60 months,18.25,E,E1,8 years,MORTGAGE,85000.0,Source Verified,debt_consolidation,CT,19.55,1.0,660.0,664.0,1.0,83.7,17.0,Individual,5,High Risk,Manual Review
59159931,33000.0, 60 months,18.55,E,E2,10+ years,OWN,82000.0,Source Verified,debt_consolidation,MO,37.19,0.0,675.0,679.0,1.0,80.3,36.0,Individual,6,High Risk,Manual Review
60366901,14300.0, 60 months,23.99,F,F3,< 1 year,MORTGAGE,66000.0,Verified,debt_consolidation,TX,30.8,0.0,680.0,684.0,1.0,47.0,35.0,Individual,5,High Risk,Manual Review
60366854,14400.0, 60 months,26.77,G,G1,3 years,MORTGAGE,48000.0,Verified,debt_consolidation,LA,31.95,0.0,670.0,674.0,0.0,79.0,14.0,Individual,5,High Risk,Manual Review
59552831,10000.0, 60 months,19.19,E,E3,10+ years,MORTGAGE,40000.0,Verified,debt_consolidation,CO,39.42,0.0,670.0,674.0,3.0,61.5,25.0,Individual,5,High Risk,Manual Review
60226801,30125.0, 36 months,19.19,E,E3,3 years,MORTGAGE,109450.0,Source Verified,small_business,CT,6.06,1.0,700.0,704.0,0.0,81.1,23.0,Individual,5,High Risk,Manual Review
60025345,19650.0, 60 months,21.99,F,F1,3 years,MORTGAGE,70000.0,Verified,debt_consolidation,OK,37.89,2.0,660.0,664.0,0.0,68.9,38.0,Individual,6,High Risk,Manual Review
60176060,20000.0, 60 months,19.99,E,E4,10+ years,OWN,50000.0,Verified,debt_consolidation,TX,39.32,2.0,685.0,689.0,2.0,79.3,36.0,Individual,6,High Risk,Manual Review
60206661,2400.0, 36 months,18.55,E,E2,10+ years,OWN,42000.0,Verified,home_improvement,GA,37.49,0.0,680.0,684.0,0.0,63.0,10.0,Individual,5,High Risk,Manual Review
60396716,18900.0, 60 months,20.99,E,E5,2 years,RENT,55000.0,Verified,debt_consolidation,FL,34.11,1.0,660.0,664.0,1.0,46.8,37.0,Individual,6,High Risk,Manual Review
60266714,19200.0, 60 months,17.57,D,D4,< 1 year,MORTGAGE,52000.0,Verified,debt_consolidation,NE,31.48,1.0,685.0,689.0,0.0,86.4,26.0,Individual,5,High Risk,Manual Review
58573607,25600.0, 60 months,21.99,F,F1,6 years,MORTGAGE,101000.0,Source Verified,debt_consolidation,NY,13.83,1.0,680.0,684.0,2.0,82.4,32.0,Individual,5,High Risk,Manual Review
60286663,35000.0, 60 months,24.99,F,F4,10+ years,RENT,80000.0,Verified,debt_consolidation,TX,32.64,0.0,660.0,664.0,2.0,71.4,22.0,Individual,5,High Risk,Manual Review
60356387,28000.0, 60 months,18.25,E,E1,2 years,MORTGAGE,85000.0,Source Verified,small_business,NC,30.21,2.0,675.0,679.0,1.0,63.4,36.0,Individual,6,High Risk,Manual Review
60236582,18300.0, 60 months,19.19,E,E3,4 years,MORTGAGE,70000.0,Verified,debt_consolidation,PA,34.73,0.0,700.0,704.0,0.0,49.7,35.0,Individual,5,High Risk,Manual Review
60316648,11000.0, 60 months,21.99,F,F1,10+ years,OWN,22000.0,Verified,debt_consolidation,WA,30.22,0.0,700.0,704.0,0.0,41.4,17.0,Individual,5,High Risk,Manual Review
60125678,35000.0, 60 months,21.99,F,F1,3 years,MORTGAGE,95000.0,Verified,debt_consolidation,GA,21.39,1.0,680.0,684.0,0.0,84.6,22.0,Individual,5,High Risk,Manual Review
60186614,16675.0, 60 months,19.19,E,E3,10+ years,OWN,108900.0,Verified,credit_card,MD,37.51,0.0,680.0,684.0,1.0,99.2,29.0,Individual,6,High Risk,Manual Review
60186637,16000.0, 60 months,18.25,E,E1,10+ years,MORTGAGE,50000.0,Source Verified,debt_consolidation,NM,26.81,1.0,685.0,689.0,0.0,84.2,25.0,Individual,5,High Risk,Manual Review
59649341,9000.0, 36 months,18.55,E,E2,8 years,RENT,45000.0,Verified,debt_consolidation,CA,32.53,0.0,660.0,664.0,2.0,54.0,29.0,Individual,5,High Risk,Manual Review
59230478,18900.0, 60 months,18.25,E,E1,10+ years,MORTGAGE,45000.0,Source Verified,debt_consolidation,OH,31.87,0.0,690.0,694.0,1.0,91.2,26.0,Individual,6,High Risk,Manual Review
59945656,6675.0, 36 months,19.99,E,E4,9 years,MORTGAGE,32640.0,Verified,debt_consolidation,NC,36.18,0.0,725.0,729.0,0.0,63.3,12.0,Individual,5,High Risk,Manual Review
60326391,20875.0, 36 months,18.25,E,E1,5 years,RENT,58000.0,Verified,debt_consolidation,TX,30.48,0.0,660.0,664.0,0.0,97.1,18.0,Individual,6,High Risk,Manual Review
60266423,35000.0, 60 months,19.99,E,E4,7 years,MORTGAGE,145000.0,Verified,debt_consolidation,MI,16.27,1.0,675.0,679.0,0.0,87.5,34.0,Individual,5,High Risk,Manual Review
60286087,32500.0, 60 months,18.55,E,E2,3 years,RENT,65000.0,Verified,debt_consolidation,TX,25.67,1.0,680.0,684.0,0.0,99.9,23.0,Individual,5,High Risk,Manual Review
58703646,28000.0, 60 months,19.99,E,E4,10+ years,MORTGAGE,120000.0,Verified,debt_consolidation,TX,34.7,1.0,670.0,674.0,0.0,63.2,14.0,Individual,6,High Risk,Manual Review
60286273,35000.0, 60 months,19.19,E,E3,4 years,MORTGAGE,80328.0,Source Verified,credit_card,ND,32.43,1.0,680.0,684.0,0.0,66.9,33.0,Individual,6,High Risk,Manual Review
60246493,20000.0, 60 months,18.55,E,E2,2 years,RENT,45760.0,Source Verified,credit_card,TX,35.2,0.0,665.0,669.0,1.0,62.1,23.0,Individual,5,High Risk,Manual Review
59151969,11225.0, 36 months,19.19,E,E3,3 years,MORTGAGE,31200.0,Verified,home_improvement,IL,34.42,0.0,680.0,684.0,0.0,51.5,30.0,Individual,5,High Risk,Manual Review
59092961,12000.0, 60 months,18.55,E,E2,4 years,MORTGAGE,47000.0,Not Verified,debt_consolidation,MO,35.83,0.0,740.0,744.0,1.0,52.6,26.0,Individual,5,High Risk,Manual Review
60216411,35000.0, 60 months,19.99,E,E4,1 year,RENT,100000.0,Verified,debt_consolidation,MA,33.52,0.0,675.0,679.0,0.0,75.2,36.0,Individual,5,High Risk,Manual Review
60236362,29900.0, 60 months,18.55,E,E2,10+ years,RENT,82000.0,Verified,credit_card,AR,36.69,0.0,685.0,689.0,0.0,98.6,25.0,Individual,6,High Risk,Manual Review
60336326,24275.0, 60 months,18.55,E,E2,8 years,MORTGAGE,90000.0,Not Verified,debt_consolidation,FL,38.19,0.0,680.0,684.0,1.0,65.7,40.0,Individual,5,High Risk,Manual Review
60326120,35000.0, 36 months,18.55,E,E2,3 years,RENT,80000.0,Source Verified,debt_consolidation,HI,35.24,0.0,700.0,704.0,0.0,58.9,31.0,Individual,5,High Risk,Manual Review
60295414,13850.0, 36 months,18.55,E,E2,3 years,RENT,36500.0,Verified,credit_card,MT,39.95,0.0,695.0,699.0,0.0,72.6,5.0,Individual,5,High Risk,Manual Review
60215716,12000.0, 60 months,22.99,F,F2,2 years,RENT,24000.0,Source Verified,debt_consolidation,GA,37.03,0.0,690.0,694.0,0.0,74.0,13.0,Individual,5,High Risk,Manual Review
58091113,12000.0, 36 months,18.55,E,E2,4 years,RENT,58000.0,Not Verified,debt_consolidation,TX,33.95,1.0,660.0,664.0,1.0,33.9,36.0,Individual,6,High Risk,Manual Review
59512808,20850.0, 60 months,19.99,E,E4,5 years,MORTGAGE,55000.0,Not Verified,debt_consolidation,MS,31.6,0.0,690.0,694.0,1.0,79.0,17.0,Individual,5,High Risk,Manual Review
60316356,22400.0, 60 months,18.25,E,E1,4 years,RENT,62000.0,Verified,debt_consolidation,CA,35.08,0.0,675.0,679.0,0.0,99.7,22.0,Individual,6,High Risk,Manual Review
60306284,15975.0, 60 months,18.25,E,E1,10+ years,MORTGAGE,79000.0,Verified,debt_consolidation,IL,30.78,0.0,660.0,664.0,0.0,50.0,24.0,Individual,5,High Risk,Manual Review
60306131,4500.0, 36 months,19.19,E,E3,1 year,RENT,28008.0,Verified,debt_consolidation,NY,33.31,0.0,695.0,699.0,1.0,9.7,41.0,Individual,5,High Risk,Manual Review
60196045,32750.0, 60 months,20.99,E,E5,10+ years,MORTGAGE,68000.0,Verified,credit_card,OH,34.57,0.0,715.0,719.0,1.0,89.1,22.0,Individual,6,High Risk,Manual Review
60246251,17150.0, 60 months,20.99,E,E5,2 years,MORTGAGE,39000.0,Source Verified,home_improvement,PA,33.88,0.0,685.0,689.0,1.0,61.8,24.0,Individual,5,High Risk,Manual Review
59462994,4700.0, 36 months,24.99,F,F4,5 years,RENT,15576.0,Verified,other,VA,35.05,0.0,665.0,669.0,0.0,56.6,8.0,Individual,5,High Risk,Manual Review
60176099,26975.0, 60 months,19.19,E,E3,4 years,MORTGAGE,80000.0,Not Verified,debt_consolidation,IL,30.98,0.0,685.0,689.0,1.0,86.5,20.0,Individual,6,High Risk,Manual Review
60366351,11400.0, 60 months,19.19,E,E3,2 years,RENT,50000.0,Verified,small_business,MD,31.06,0.0,670.0,674.0,0.0,79.3,10.0,Individual,5,High Risk,Manual Review
60326145,29325.0, 60 months,18.55,E,E2,1 year,MORTGAGE,82800.0,Verified,debt_consolidation,NY,33.68,0.0,690.0,694.0,1.0,61.8,53.0,Individual,5,High Risk,Manual Review
60395514,33100.0, 60 months,18.55,E,E2,10+ years,RENT,72000.0,Source Verified,debt_consolidation,SC,32.28,0.0,715.0,719.0,0.0,70.5,23.0,Individual,5,High Risk,Manual Review
59935788,35000.0, 60 months,18.25,E,E1,,OWN,108000.0,Verified,debt_consolidation,IL,32.08,1.0,665.0,669.0,2.0,101.2,39.0,Individual,7,High Risk,Manual Review
60405986,10450.0, 60 months,18.55,E,E2,10+ years,MORTGAGE,48000.0,Source Verified,debt_consolidation,OH,31.5,0.0,670.0,674.0,0.0,83.4,30.0,Individual,6,High Risk,Manual Review
59532470,14650.0, 60 months,23.99,F,F3,10+ years,MORTGAGE,75000.0,Source Verified,debt_consolidation,MI,27.18,2.0,670.0,674.0,1.0,80.5,29.0,Individual,5,High Risk,Manual Review
59433123,35000.0, 60 months,18.25,E,E1,7 years,MORTGAGE,72000.0,Verified,debt_consolidation,FL,26.57,1.0,675.0,679.0,0.0,95.0,50.0,Individual,5,High Risk,Manual Review
60206036,10175.0, 60 months,20.99,E,E5,1 year,MORTGAGE,109000.0,Verified,debt_consolidation,TX,39.38,1.0,665.0,669.0,1.0,47.2,43.0,Individual,6,High Risk,Manual Review
59562540,19950.0, 60 months,18.55,E,E2,4 years,OWN,57500.0,Verified,debt_consolidation,TX,34.04,0.0,695.0,699.0,0.0,58.6,14.0,Individual,5,High Risk,Manual Review
60355990,24225.0, 36 months,19.19,E,E3,10+ years,MORTGAGE,63800.0,Verified,debt_consolidation,IN,30.74,1.0,680.0,684.0,0.0,86.3,24.0,Individual,7,High Risk,Manual Review
59749673,4800.0, 36 months,18.25,E,E1,,MORTGAGE,50000.0,Verified,debt_consolidation,TX,37.3,1.0,680.0,684.0,0.0,61.0,26.0,Individual,6,High Risk,Manual Review
60276097,10000.0, 36 months,20.99,E,E5,1 year,OWN,20000.0,Verified,other,FL,36.55,0.0,665.0,669.0,0.0,94.2,32.0,Individual,6,High Risk,Manual Review
59749722,29425.0, 60 months,18.55,E,E2,10+ years,RENT,66900.0,Verified,debt_consolidation,CA,37.35,0.0,700.0,704.0,0.0,102.0,29.0,Individual,6,High Risk,Manual Review
60316012,14675.0, 60 months,21.99,F,F1,10+ years,RENT,51021.0,Verified,debt_consolidation,FL,38.79,1.0,670.0,674.0,3.0,73.2,46.0,Individual,6,High Risk,Manual Review
60295321,35000.0, 60 months,19.99,E,E4,10+ years,OWN,130000.0,Verified,credit_card,VT,36.65,0.0,675.0,679.0,1.0,88.2,47.0,Individual,6,High Risk,Manual Review
60226125,17000.0, 60 months,18.55,E,E2,6 years,OWN,91000.0,Source Verified,debt_consolidation,OK,30.17,0.0,665.0,669.0,0.0,89.0,26.0,Individual,6,High Risk,Manual Review
60275964,24000.0, 60 months,18.25,E,E1,< 1 year,MORTGAGE,97000.0,Not Verified,credit_card,MN,28.6,2.0,680.0,684.0,1.0,82.3,34.0,Individual,5,High Risk,Manual Review
60345925,14450.0, 60 months,19.19,E,E3,9 years,RENT,62220.0,Source Verified,debt_consolidation,WY,33.44,0.0,690.0,694.0,0.0,98.6,33.0,Individual,6,High Risk,Manual Review
60276016,25050.0, 60 months,19.99,E,E4,3 years,MORTGAGE,91000.0,Verified,debt_consolidation,NY,34.33,0.0,685.0,689.0,1.0,48.8,51.0,Individual,5,High Risk,Manual Review
59501924,12950.0, 60 months,19.19,E,E3,10+ years,MORTGAGE,45000.0,Not Verified,debt_consolidation,IL,36.64,0.0,670.0,674.0,1.0,71.3,21.0,Individual,5,High Risk,Manual Review
60246106,25000.0, 60 months,21.99,F,F1,10+ years,MORTGAGE,220000.0,Verified,debt_consolidation,LA,30.32,0.0,665.0,669.0,0.0,85.1,28.0,Individual,6,High Risk,Manual Review
60365496,21000.0, 60 months,19.19,E,E3,10+ years,MORTGAGE,50000.0,Not Verified,debt_consolidation,NC,30.84,1.0,670.0,674.0,0.0,47.6,29.0,Individual,6,High Risk,Manual Review
60265852,20275.0, 60 months,17.86,D,D5,10+ years,MORTGAGE,54400.0,Verified,home_improvement,MD,34.3,1.0,675.0,679.0,2.0,95.2,21.0,Individual,5,High Risk,Manual Review
59382473,12000.0, 60 months,19.99,E,E4,10+ years,OWN,27000.0,Source Verified,debt_consolidation,TX,36.04,0.0,665.0,669.0,0.0,53.4,31.0,Individual,5,High Risk,Manual Review
60345824,7750.0, 36 months,18.55,E,E2,10+ years,MORTGAGE,66500.0,Verified,debt_consolidation,KY,36.58,0.0,665.0,669.0,1.0,82.4,14.0,Individual,6,High Risk,Manual Review
60245265,4925.0, 36 months,18.25,E,E1,10+ years,MORTGAGE,78000.0,Verified,other,TX,30.03,0.0,685.0,689.0,3.0,77.0,18.0,Individual,5,High Risk,Manual Review
60295716,21200.0, 60 months,18.55,E,E2,10+ years,RENT,53000.0,Verified,debt_consolidation,GA,31.09,0.0,675.0,679.0,0.0,64.3,27.0,Individual,5,High Risk,Manual Review
60315820,19075.0, 60 months,18.55,E,E2,10+ years,RENT,53000.0,Verified,debt_consolidation,NE,32.79,0.0,675.0,679.0,1.0,97.8,19.0,Individual,6,High Risk,Manual Review
60215717,28000.0, 60 months,19.99,E,E4,10+ years,MORTGAGE,70720.0,Verified,debt_consolidation,KY,28.59,1.0,685.0,689.0,0.0,93.1,31.0,Individual,5,High Risk,Manual Review
60185666,28800.0, 60 months,18.25,E,E1,,OWN,60000.0,Not Verified,debt_consolidation,AL,30.08,0.0,685.0,689.0,0.0,70.6,23.0,Individual,5,High Risk,Manual Review
60395656,10900.0, 60 months,22.99,F,F2,10+ years,RENT,32000.0,Verified,debt_consolidation,WV,34.47,0.0,670.0,674.0,0.0,74.3,18.0,Individual,5,High Risk,Manual Review
60405489,28000.0, 60 months,18.25,E,E1,10+ years,MORTGAGE,91020.0,Verified,debt_consolidation,CA,33.49,0.0,670.0,674.0,0.0,59.6,28.0,Individual,5,High Risk,Manual Review
60215668,10075.0, 60 months,24.99,F,F4,4 years,MORTGAGE,44000.0,Verified,debt_consolidation,FL,32.76,0.0,665.0,669.0,1.0,89.4,20.0,Individual,6,High Risk,Manual Review
59915380,15350.0, 60 months,19.99,E,E4,10+ years,OWN,65000.0,Verified,debt_consolidation,TX,37.94,1.0,690.0,694.0,1.0,77.4,29.0,Individual,6,High Risk,Manual Review
59562374,12050.0, 60 months,24.99,F,F4,8 years,MORTGAGE,54000.0,Verified,other,PA,35.44,0.0,680.0,684.0,2.0,93.0,23.0,Individual,6,High Risk,Manual Review
60205651,32000.0, 60 months,18.55,E,E2,1 year,OWN,90000.0,Verified,debt_consolidation,WA,31.71,0.0,690.0,694.0,0.0,74.2,34.0,Individual,5,High Risk,Manual Review
60275554,22650.0, 60 months,19.99,E,E4,3 years,MORTGAGE,56625.0,Verified,debt_consolidation,NC,32.22,3.0,695.0,699.0,0.0,51.6,22.0,Individual,6,High Risk,Manual Review
58662730,25000.0, 60 months,19.99,E,E4,10+ years,MORTGAGE,61000.0,Not Verified,debt_consolidation,GA,30.91,1.0,700.0,704.0,1.0,47.1,61.0,Individual,6,High Risk,Manual Review
60305427,28825.0, 60 months,19.19,E,E3,10+ years,MORTGAGE,68000.0,Source Verified,debt_consolidation,KS,32.78,1.0,665.0,669.0,0.0,93.9,33.0,Individual,7,High Risk,Manual Review
60255514,11200.0, 60 months,19.99,E,E4,10+ years,MORTGAGE,73000.0,Verified,debt_consolidation,LA,31.33,0.0,670.0,674.0,2.0,69.1,24.0,Individual,5,High Risk,Manual Review
60215486,6000.0, 36 months,18.55,E,E2,3 years,RENT,12000.0,Source Verified,major_purchase,NY,36.5,0.0,715.0,719.0,0.0,23.6,14.0,Individual,5,High Risk,Manual Review
60295420,14425.0, 60 months,18.55,E,E2,1 year,RENT,46592.0,Source Verified,debt_consolidation,AL,33.02,0.0,675.0,679.0,0.0,78.6,24.0,Individual,5,High Risk,Manual Review
60285525,21750.0, 60 months,19.19,E,E3,5 years,RENT,70000.0,Source Verified,debt_consolidation,MT,37.84,0.0,670.0,674.0,0.0,89.7,27.0,Individual,6,High Risk,Manual Review
60255375,10775.0, 60 months,21.99,F,F1,< 1 year,OWN,25680.0,Verified,debt_consolidation,CA,37.29,0.0,795.0,799.0,0.0,18.1,24.0,Individual,5,High Risk,Manual Review
58662575,16900.0, 60 months,18.25,E,E1,5 years,RENT,60000.0,Not Verified,debt_consolidation,FL,34.63,0.0,665.0,669.0,2.0,46.9,21.0,Individual,5,High Risk,Manual Review
60245293,25500.0, 60 months,25.78,F,F5,10+ years,RENT,62000.0,Verified,debt_consolidation,AZ,20.21,1.0,670.0,674.0,0.0,83.0,42.0,Individual,5,High Risk,Manual Review
60285417,18000.0, 60 months,18.55,E,E2,10+ years,MORTGAGE,59500.0,Verified,debt_consolidation,GA,37.98,0.0,670.0,674.0,0.0,95.7,13.0,Individual,6,High Risk,Manual Review
60335296,5900.0, 36 months,19.19,E,E3,,RENT,23100.0,Verified,credit_card,OH,32.52,0.0,660.0,664.0,1.0,100.2,9.0,Individual,6,High Risk,Manual Review
60325309,3150.0, 36 months,19.99,E,E4,2 years,RENT,24500.0,Verified,debt_consolidation,SC,31.36,0.0,670.0,674.0,0.0,59.4,13.0,Individual,5,High Risk,Manual Review
59542558,8925.0, 36 months,19.19,E,E3,10+ years,OWN,27000.0,Source Verified,debt_consolidation,MI,37.6,0.0,680.0,684.0,0.0,77.6,27.0,Individual,5,High Risk,Manual Review
58622434,22000.0, 60 months,24.99,F,F4,10+ years,MORTGAGE,55000.0,Source Verified,debt_consolidation,FL,31.31,0.0,660.0,664.0,1.0,59.2,17.0,Individual,5,High Risk,Manual Review
60215274,15100.0, 60 months,19.19,E,E3,2 years,RENT,42000.0,Verified,debt_consolidation,CO,34.0,0.0,675.0,679.0,0.0,63.6,16.0,Individual,5,High Risk,Manual Review
60175266,27450.0, 60 months,19.99,E,E4,10+ years,OWN,78000.0,Verified,debt_consolidation,IN,38.15,0.0,680.0,684.0,0.0,103.1,50.0,Individual,6,High Risk,Manual Review
60305253,35000.0, 60 months,18.55,E,E2,10+ years,MORTGAGE,80000.0,Verified,debt_consolidation,CA,23.36,4.0,665.0,669.0,0.0,87.9,40.0,Individual,5,High Risk,Manual Review
60265214,13200.0, 60 months,18.55,E,E2,6 years,OWN,30000.0,Source Verified,debt_consolidation,FL,33.8,0.0,670.0,674.0,0.0,96.1,12.0,Individual,6,High Risk,Manual Review
59915472,35000.0, 60 months,20.99,E,E5,10+ years,MORTGAGE,87456.0,Source Verified,other,VA,32.37,0.0,695.0,699.0,0.0,74.7,28.0,Individual,5,High Risk,Manual Review
60345117,24525.0, 60 months,19.99,E,E4,10+ years,MORTGAGE,100000.0,Source Verified,debt_consolidation,TX,35.97,0.0,670.0,674.0,1.0,73.7,30.0,Individual,5,High Risk,Manual Review
60175168,11150.0, 60 months,19.19,E,E3,10+ years,MORTGAGE,29400.0,Verified,debt_consolidation,OH,32.69,0.0,690.0,694.0,0.0,51.5,22.0,Individual,5,High Risk,Manual Review
60335181,24000.0, 60 months,19.99,E,E4,8 years,RENT,61000.0,Verified,debt_consolidation,CA,37.14,0.0,675.0,679.0,0.0,99.9,18.0,Individual,6,High Risk,Manual Review
60135867,5375.0, 36 months,18.55,E,E2,,OWN,15864.0,Verified,debt_consolidation,GA,30.11,0.0,695.0,699.0,0.0,79.4,9.0,Individual,5,High Risk,Manual Review
59689724,1700.0, 36 months,19.19,E,E3,10+ years,MORTGAGE,45000.0,Source Verified,debt_consolidation,OK,34.88,0.0,690.0,694.0,1.0,40.4,27.0,Individual,5,High Risk,Manual Review
59513194,26225.0, 60 months,18.25,E,E1,10+ years,MORTGAGE,114000.0,Not Verified,credit_card,CT,30.45,0.0,665.0,669.0,1.0,68.9,36.0,Individual,5,High Risk,Manual Review
59272759,25000.0, 60 months,21.99,F,F1,10+ years,MORTGAGE,79000.0,Source Verified,debt_consolidation,KS,25.84,1.0,660.0,664.0,2.0,85.6,56.0,Individual,5,High Risk,Manual Review
60025830,12000.0, 60 months,18.55,E,E2,10+ years,MORTGAGE,65000.0,Source Verified,credit_card,CT,33.03,0.0,690.0,694.0,1.0,1.3,26.0,Individual,5,High Risk,Manual Review
59372506,35000.0, 60 months,19.99,E,E4,< 1 year,MORTGAGE,83000.0,Source Verified,debt_consolidation,IN,32.49,1.0,685.0,689.0,0.0,80.7,27.0,Individual,7,High Risk,Manual Review
60055870,24000.0, 60 months,19.19,E,E3,1 year,RENT,86500.0,Source Verified,credit_card,NY,13.12,4.0,660.0,664.0,1.0,90.7,25.0,Individual,5,High Risk,Manual Review
60065116,29550.0, 36 months,18.55,E,E2,10+ years,MORTGAGE,96200.0,Verified,debt_consolidation,VA,33.53,0.0,665.0,669.0,1.0,69.0,47.0,Individual,5,High Risk,Manual Review
60085678,24875.0, 60 months,18.25,E,E1,3 years,OWN,54100.0,Verified,credit_card,SC,31.61,0.0,695.0,699.0,2.0,54.7,25.0,Individual,5,High Risk,Manual Review
60015617,21250.0, 60 months,23.99,F,F3,< 1 year,OWN,42500.0,Source Verified,home_improvement,NY,30.56,4.0,730.0,734.0,0.0,24.3,7.0,Individual,6,High Risk,Manual Review
60035656,2025.0, 36 months,19.99,E,E4,2 years,MORTGAGE,38000.0,Source Verified,debt_consolidation,FL,36.7,0.0,675.0,679.0,3.0,61.0,24.0,Individual,5,High Risk,Manual Review
59995673,35000.0, 60 months,22.99,F,F2,10+ years,RENT,96000.0,Verified,debt_consolidation,HI,32.74,0.0,680.0,684.0,0.0,95.8,34.0,Individual,6,High Risk,Manual Review
58543581,29500.0, 36 months,18.55,E,E2,10+ years,MORTGAGE,82000.0,Source Verified,debt_consolidation,NY,32.93,1.0,680.0,684.0,0.0,79.8,27.0,Individual,6,High Risk,Manual Review
59925694,27450.0, 60 months,19.19,E,E3,,RENT,78000.0,Not Verified,debt_consolidation,NY,30.57,0.0,700.0,704.0,1.0,55.0,16.0,Individual,5,High Risk,Manual Review
59915464,32000.0, 60 months,20.99,E,E5,1 year,MORTGAGE,200000.0,Verified,debt_consolidation,CA,30.72,0.0,705.0,709.0,0.0,62.8,18.0,Individual,5,High Risk,Manual Review
59935597,28550.0, 60 months,19.99,E,E4,10+ years,OWN,68000.0,Source Verified,debt_consolidation,PA,36.29,0.0,670.0,674.0,1.0,71.0,27.0,Individual,5,High Risk,Manual Review
59573236,18400.0, 60 months,19.99,E,E4,8 years,MORTGAGE,46000.0,Not Verified,debt_consolidation,WI,32.25,0.0,665.0,669.0,2.0,65.0,11.0,Individual,5,High Risk,Manual Review
59925568,35000.0, 60 months,18.25,E,E1,2 years,MORTGAGE,135000.0,Verified,debt_consolidation,KY,34.62,1.0,675.0,679.0,0.0,67.6,35.0,Individual,6,High Risk,Manual Review
59955613,18125.0, 60 months,18.25,E,E1,10+ years,MORTGAGE,65000.0,Verified,debt_consolidation,WA,33.83,0.0,740.0,744.0,2.0,69.7,25.0,Individual,5,High Risk,Manual Review
59749118,18125.0, 36 months,18.25,E,E1,,RENT,84000.0,Verified,debt_consolidation,NC,32.67,2.0,690.0,694.0,0.0,53.2,39.0,Individual,6,High Risk,Manual Review
59789520,20000.0, 60 months,21.99,F,F1,6 years,MORTGAGE,50000.0,Verified,debt_consolidation,MS,32.12,0.0,690.0,694.0,3.0,75.9,38.0,Individual,5,High Risk,Manual Review
60065399,17150.0, 60 months,19.19,E,E3,5 years,RENT,50000.0,Verified,credit_card,CA,35.91,0.0,675.0,679.0,0.0,97.5,15.0,Individual,6,High Risk,Manual Review
58513355,19800.0, 60 months,20.99,E,E5,7 years,RENT,55000.0,Source Verified,debt_consolidation,HI,32.97,0.0,690.0,694.0,1.0,83.7,17.0,Individual,6,High Risk,Manual Review
59461934,35000.0, 60 months,19.99,E,E4,10+ years,MORTGAGE,89000.0,Source Verified,debt_consolidation,NY,22.03,1.0,665.0,669.0,0.0,80.6,42.0,Individual,5,High Risk,Manual Review
59739255,14275.0, 60 months,19.19,E,E3,5 years,MORTGAGE,42000.0,Source Verified,debt_consolidation,CT,30.2,0.0,675.0,679.0,1.0,71.5,30.0,Individual,5,High Risk,Manual Review
60095255,5150.0, 36 months,18.25,E,E1,10+ years,MORTGAGE,34000.0,Verified,debt_consolidation,GA,30.46,0.0,715.0,719.0,0.0,89.1,14.0,Individual,6,High Risk,Manual Review
58010231,10875.0, 60 months,20.99,E,E5,2 years,MORTGAGE,32000.0,Source Verified,debt_consolidation,KY,36.68,0.0,670.0,674.0,1.0,75.5,32.0,Individual,5,High Risk,Manual Review
59071860,4300.0, 36 months,19.19,E,E3,10+ years,MORTGAGE,53000.0,Verified,debt_consolidation,FL,32.99,0.0,680.0,684.0,3.0,38.0,52.0,Individual,5,High Risk,Manual Review
59975273,12000.0, 60 months,18.55,E,E2,,MORTGAGE,60000.0,Verified,debt_consolidation,CA,30.68,0.0,660.0,664.0,0.0,74.1,20.0,Individual,5,High Risk,Manual Review
60095225,22500.0, 60 months,18.25,E,E1,6 years,RENT,45000.0,Verified,credit_card,FL,31.76,0.0,700.0,704.0,1.0,65.9,20.0,Individual,5,High Risk,Manual Review
60105266,35000.0, 60 months,19.99,E,E4,10+ years,MORTGAGE,155926.0,Source Verified,debt_consolidation,AL,37.87,0.0,695.0,699.0,0.0,73.1,40.0,Individual,5,High Risk,Manual Review
60095254,27575.0, 60 months,21.99,F,F1,10+ years,MORTGAGE,65000.0,Verified,debt_consolidation,WI,38.07,0.0,690.0,694.0,0.0,62.4,43.0,Individual,5,High Risk,Manual Review
59132295,18000.0, 60 months,26.77,G,G1,2 years,RENT,45000.0,Source Verified,debt_consolidation,NY,31.73,0.0,675.0,679.0,0.0,88.6,10.0,Individual,6,High Risk,Manual Review
59422555,23000.0, 60 months,23.99,F,F3,10+ years,MORTGAGE,80000.0,Source Verified,debt_consolidation,NY,25.46,1.0,660.0,664.0,0.0,80.2,33.0,Individual,5,High Risk,Manual Review
59859810,22500.0, 60 months,22.99,F,F2,2 years,RENT,45000.0,Source Verified,credit_card,FL,36.32,0.0,670.0,674.0,2.0,55.2,16.0,Individual,5,High Risk,Manual Review
60025294,29000.0, 60 months,21.99,F,F1,9 years,RENT,58000.0,Verified,debt_consolidation,FL,31.14,0.0,675.0,679.0,0.0,73.7,49.0,Individual,5,High Risk,Manual Review
60005332,12000.0, 60 months,18.25,E,E1,6 years,RENT,50000.0,Verified,medical,TX,37.14,0.0,670.0,674.0,0.0,80.7,28.0,Individual,6,High Risk,Manual Review
60115267,17500.0, 60 months,18.25,E,E1,8 years,MORTGAGE,55000.0,Verified,debt_consolidation,NM,30.42,0.0,680.0,684.0,2.0,63.7,24.0,Individual,5,High Risk,Manual Review
59935134,25200.0, 60 months,18.25,E,E1,10+ years,MORTGAGE,60000.0,Source Verified,debt_consolidation,NY,32.6,0.0,675.0,679.0,0.0,45.1,26.0,Individual,5,High Risk,Manual Review
60125126,25000.0, 60 months,18.25,E,E1,10+ years,MORTGAGE,63031.0,Verified,debt_consolidation,CA,36.41,2.0,660.0,664.0,0.0,95.2,24.0,Individual,7,High Risk,Manual Review
59995114,10425.0, 60 months,25.78,F,F5,2 years,RENT,29000.0,Verified,debt_consolidation,CA,36.55,4.0,660.0,664.0,1.0,76.4,12.0,Individual,6,High Risk,Manual Review
59689700,13975.0, 60 months,18.55,E,E2,10+ years,MORTGAGE,76000.0,Source Verified,debt_consolidation,MS,36.57,0.0,700.0,704.0,1.0,58.3,41.0,Individual,5,High Risk,Manual Review
59749611,13725.0, 60 months,22.99,F,F2,,MORTGAGE,48000.0,Verified,debt_consolidation,FL,30.62,0.0,685.0,689.0,1.0,32.8,36.0,Individual,5,High Risk,Manual Review
59809659,35000.0, 60 months,19.99,E,E4,10+ years,OWN,156000.0,Source Verified,debt_consolidation,CA,31.12,0.0,720.0,724.0,2.0,53.1,44.0,Individual,5,High Risk,Manual Review
59719559,28000.0, 60 months,21.99,F,F1,10+ years,RENT,115200.0,Verified,debt_consolidation,KY,39.18,0.0,675.0,679.0,1.0,59.5,66.0,Individual,5,High Risk,Manual Review
59789560,20000.0, 60 months,19.19,E,E3,10+ years,RENT,104000.0,Source Verified,debt_consolidation,AZ,24.55,1.0,660.0,664.0,3.0,80.5,45.0,Individual,5,High Risk,Manual Review
59839577,24000.0, 60 months,20.99,E,E5,,MORTGAGE,48000.0,Verified,debt_consolidation,GA,22.38,1.0,660.0,664.0,1.0,82.1,19.0,Individual,5,High Risk,Manual Review
59472438,15600.0, 60 months,18.25,E,E1,3 years,MORTGAGE,48672.0,Source Verified,debt_consolidation,CO,35.72,0.0,705.0,709.0,0.0,95.9,28.0,Individual,6,High Risk,Manual Review
59789565,14375.0, 60 months,21.99,F,F1,1 year,MORTGAGE,37000.0,Source Verified,debt_consolidation,OH,38.18,3.0,685.0,689.0,1.0,46.8,31.0,Individual,6,High Risk,Manual Review
59669661,18375.0, 60 months,21.99,F,F1,6 years,MORTGAGE,57428.0,Verified,small_business,AZ,34.92,0.0,665.0,669.0,0.0,82.1,25.0,Individual,6,High Risk,Manual Review
59819620,22025.0, 60 months,18.25,E,E1,10+ years,MORTGAGE,68500.0,Not Verified,debt_consolidation,TX,33.9,0.0,720.0,724.0,3.0,73.2,29.0,Individual,5,High Risk,Manual Review
59709361,19850.0, 60 months,19.99,E,E4,< 1 year,OWN,75000.0,Verified,debt_consolidation,TX,39.06,4.0,680.0,684.0,3.0,69.5,37.0,Individual,6,High Risk,Manual Review
59789625,12375.0, 60 months,23.99,F,F3,9 years,MORTGAGE,56042.0,Source Verified,credit_card,OR,34.48,0.0,675.0,679.0,0.0,96.5,13.0,Individual,6,High Risk,Manual Review
59669112,11500.0, 36 months,19.19,E,E3,10+ years,MORTGAGE,64400.0,Source Verified,debt_consolidation,GA,14.5,2.0,660.0,664.0,1.0,85.2,26.0,Individual,5,High Risk,Manual Review
59699585,25925.0, 36 months,18.55,E,E2,6 years,MORTGAGE,82000.0,Source Verified,debt_consolidation,FL,30.62,0.0,660.0,664.0,0.0,68.1,36.0,Individual,5,High Risk,Manual Review
59709374,22400.0, 60 months,20.99,E,E5,2 years,MORTGAGE,56000.0,Verified,credit_card,PA,34.95,1.0,665.0,669.0,0.0,67.4,30.0,Individual,6,High Risk,Manual Review
59759369,19800.0, 60 months,20.99,E,E5,10+ years,RENT,54533.0,Verified,debt_consolidation,SC,39.33,0.0,660.0,664.0,0.0,61.5,52.0,Individual,5,High Risk,Manual Review
59829505,17025.0, 60 months,19.99,E,E4,1 year,MORTGAGE,55000.0,Source Verified,debt_consolidation,FL,31.81,0.0,700.0,704.0,2.0,66.1,32.0,Individual,5,High Risk,Manual Review
59729293,6325.0, 36 months,21.99,F,F1,5 years,RENT,22000.0,Verified,debt_consolidation,AZ,39.23,0.0,660.0,664.0,0.0,0.0,24.0,Individual,5,High Risk,Manual Review
58430353,9025.0, 36 months,18.55,E,E2,3 years,MORTGAGE,36000.0,Source Verified,debt_consolidation,MT,35.59,0.0,700.0,704.0,1.0,45.9,18.0,Individual,5,High Risk,Manual Review
59729410,27600.0, 60 months,18.25,E,E1,10+ years,RENT,60000.0,Source Verified,debt_consolidation,HI,33.68,0.0,705.0,709.0,0.0,87.6,12.0,Individual,6,High Risk,Manual Review
59522693,24000.0, 60 months,18.55,E,E2,10+ years,MORTGAGE,80000.0,Not Verified,debt_consolidation,NY,32.49,1.0,690.0,694.0,3.0,30.2,70.0,Individual,6,High Risk,Manual Review
59759281,11525.0, 60 months,18.25,E,E1,2 years,RENT,40000.0,Source Verified,debt_consolidation,CO,21.9,1.0,660.0,664.0,0.0,92.5,15.0,Individual,5,High Risk,Manual Review
59553673,28000.0, 60 months,19.19,E,E3,6 years,RENT,75000.0,Not Verified,debt_consolidation,MI,31.78,0.0,670.0,674.0,3.0,64.9,19.0,Individual,5,High Risk,Manual Review
59729339,20000.0, 60 months,18.25,E,E1,2 years,RENT,110000.0,Source Verified,debt_consolidation,NV,33.13,0.0,685.0,689.0,2.0,56.2,25.0,Individual,5,High Risk,Manual Review
58943296,9575.0, 36 months,18.25,E,E1,10+ years,RENT,40000.0,Source Verified,credit_card,WI,37.62,0.0,665.0,669.0,1.0,86.8,24.0,Individual,6,High Risk,Manual Review
59799178,13400.0, 60 months,20.99,E,E5,,RENT,33520.0,Verified,debt_consolidation,VA,36.02,0.0,680.0,684.0,2.0,73.8,23.0,Individual,5,High Risk,Manual Review
59473097,24175.0, 60 months,19.19,E,E3,< 1 year,RENT,72000.0,Source Verified,credit_card,TX,32.07,0.0,675.0,679.0,0.0,70.1,13.0,Individual,5,High Risk,Manual Review
59759153,6675.0, 36 months,18.25,E,E1,,RENT,18600.0,Verified,debt_consolidation,FL,36.52,0.0,660.0,664.0,0.0,46.4,22.0,Individual,5,High Risk,Manual Review
59849180,20000.0, 60 months,19.99,E,E4,10+ years,MORTGAGE,44000.0,Verified,debt_consolidation,MS,31.86,0.0,660.0,664.0,1.0,76.9,48.0,Individual,5,High Risk,Manual Review
59573343,7500.0, 36 months,19.99,E,E4,4 years,RENT,140000.0,Source Verified,debt_consolidation,CA,22.43,1.0,665.0,669.0,0.0,81.3,12.0,Individual,5,High Risk,Manual Review
59079864,10000.0, 60 months,19.19,E,E3,1 year,MORTGAGE,28000.0,Source Verified,debt_consolidation,MI,35.36,0.0,665.0,669.0,1.0,84.1,22.0,Individual,6,High Risk,Manual Review
59869143,30000.0, 60 months,19.99,E,E4,< 1 year,MORTGAGE,75000.0,Verified,home_improvement,WY,37.08,2.0,685.0,689.0,1.0,37.1,48.0,Individual,6,High Risk,Manual Review
59602670,23600.0, 60 months,20.99,E,E5,10+ years,MORTGAGE,70000.0,Source Verified,debt_consolidation,GA,30.86,0.0,670.0,674.0,0.0,83.7,29.0,Individual,6,High Risk,Manual Review
11717885,30000.0, 60 months,18.55,E,E2,8 years,MORTGAGE,76623.84,Verified,credit_card,MO,39.47,0.0,665.0,669.0,1.0,84.8,25.0,Individual,6,High Risk,Manual Review
59582674,35000.0, 60 months,19.19,E,E3,5 years,OWN,105000.0,Verified,debt_consolidation,TX,39.45,0.0,710.0,714.0,2.0,13.5,32.0,Individual,5,High Risk,Manual Review
59492910,16000.0, 60 months,26.77,G,G1,10+ years,RENT,32000.0,Verified,credit_card,CA,35.9,0.0,670.0,674.0,2.0,64.3,24.0,Individual,5,High Risk,Manual Review
58240118,3975.0, 36 months,18.55,E,E2,,MORTGAGE,14844.0,Verified,debt_consolidation,NY,39.21,0.0,670.0,674.0,0.0,89.4,9.0,Individual,6,High Risk,Manual Review
59553498,16000.0, 60 months,19.99,E,E4,10+ years,MORTGAGE,72000.0,Source Verified,debt_consolidation,OH,33.5,1.0,675.0,679.0,2.0,53.4,30.0,Individual,6,High Risk,Manual Review
59522670,22950.0, 60 months,19.19,E,E3,10+ years,MORTGAGE,60000.0,Source Verified,debt_consolidation,MD,31.6,0.0,675.0,679.0,0.0,53.5,25.0,Individual,5,High Risk,Manual Review
59553454,14000.0, 60 months,19.99,E,E4,10+ years,OWN,75000.0,Verified,debt_consolidation,TX,30.32,6.0,680.0,684.0,3.0,81.6,71.0,Individual,7,High Risk,Manual Review
59382755,16550.0, 60 months,18.55,E,E2,10+ years,MORTGAGE,45000.0,Source Verified,debt_consolidation,FL,31.17,0.0,685.0,689.0,1.0,86.9,13.0,Individual,6,High Risk,Manual Review
59512337,5725.0, 36 months,18.55,E,E2,10+ years,MORTGAGE,27000.0,Source Verified,medical,TN,33.51,0.0,735.0,739.0,0.0,98.3,15.0,Individual,6,High Risk,Manual Review
59242174,35000.0, 60 months,19.99,E,E4,10+ years,MORTGAGE,95000.0,Source Verified,debt_consolidation,OH,36.76,0.0,670.0,674.0,0.0,60.1,57.0,Individual,5,High Risk,Manual Review
59553185,10000.0, 60 months,19.99,E,E4,2 years,RENT,40000.0,Verified,debt_consolidation,MN,31.08,0.0,660.0,664.0,1.0,84.0,31.0,Individual,6,High Risk,Manual Review
59522868,13325.0, 36 months,16.99,D,D3,5 years,MORTGAGE,37044.8,Not Verified,credit_card,NY,38.71,3.0,675.0,679.0,0.0,81.7,37.0,Individual,5,High Risk,Manual Review
59392801,8750.0, 36 months,19.19,E,E3,2 years,MORTGAGE,25000.0,Verified,small_business,FL,36.73,0.0,675.0,679.0,3.0,38.0,18.0,Individual,5,High Risk,Manual Review
59602822,17600.0, 60 months,20.99,E,E5,10+ years,RENT,40000.0,Verified,debt_consolidation,FL,38.76,0.0,710.0,714.0,2.0,71.1,25.0,Individual,5,High Risk,Manual Review
59392892,17025.0, 60 months,27.31,G,G2,7 years,MORTGAGE,57000.0,Verified,debt_consolidation,HI,14.55,1.0,660.0,664.0,0.0,96.4,14.0,Individual,5,High Risk,Manual Review
59341510,11200.0, 60 months,19.19,E,E3,1 year,MORTGAGE,29500.0,Verified,credit_card,NJ,33.89,0.0,685.0,689.0,0.0,95.4,13.0,Individual,6,High Risk,Manual Review
59553231,11750.0, 60 months,19.99,E,E4,10+ years,MORTGAGE,49000.0,Source Verified,debt_consolidation,PA,37.13,2.0,670.0,674.0,1.0,77.0,56.0,Individual,6,High Risk,Manual Review
59392915,14000.0, 60 months,18.25,E,E1,3 years,MORTGAGE,70000.0,Source Verified,debt_consolidation,OH,19.42,1.0,660.0,664.0,1.0,88.3,21.0,Individual,5,High Risk,Manual Review
59392351,6000.0, 36 months,18.25,E,E1,2 years,RENT,42000.0,Verified,debt_consolidation,TX,32.94,0.0,680.0,684.0,0.0,65.8,10.0,Individual,5,High Risk,Manual Review
59522922,25000.0, 60 months,19.99,E,E4,10+ years,MORTGAGE,54900.0,Verified,debt_consolidation,TN,31.61,0.0,665.0,669.0,1.0,96.1,24.0,Individual,6,High Risk,Manual Review
59433034,16550.0, 60 months,20.99,E,E5,7 years,OWN,33146.0,Verified,debt_consolidation,CO,35.12,0.0,665.0,669.0,0.0,61.2,27.0,Individual,5,High Risk,Manual Review
59502457,13200.0, 60 months,18.55,E,E2,< 1 year,RENT,37000.0,Source Verified,debt_consolidation,NY,34.03,0.0,665.0,669.0,2.0,57.1,26.0,Individual,5,High Risk,Manual Review
59292546,9000.0, 36 months,19.19,E,E3,8 years,OWN,30000.0,Source Verified,debt_consolidation,OH,32.16,0.0,665.0,669.0,0.0,32.6,19.0,Individual,5,High Risk,Manual Review
59592752,20150.0, 60 months,18.25,E,E1,6 years,OWN,48000.0,Source Verified,debt_consolidation,IN,31.33,0.0,675.0,679.0,1.0,27.5,38.0,Individual,5,High Risk,Manual Review
59392297,14700.0, 60 months,19.19,E,E3,8 years,RENT,35000.0,Verified,debt_consolidation,TN,33.4,0.0,670.0,674.0,1.0,51.0,39.0,Individual,5,High Risk,Manual Review
59152106,7800.0, 36 months,18.55,E,E2,10+ years,RENT,21672.0,Verified,debt_consolidation,CA,31.84,1.0,665.0,669.0,0.0,36.5,35.0,Individual,6,High Risk,Manual Review
59532831,31900.0, 60 months,19.19,E,E3,10+ years,MORTGAGE,83000.0,Source Verified,debt_consolidation,VA,31.3,3.0,685.0,689.0,0.0,68.3,46.0,Individual,6,High Risk,Manual Review
59602652,21000.0, 60 months,19.19,E,E3,10+ years,RENT,69100.0,Source Verified,debt_consolidation,KY,33.5,1.0,685.0,689.0,2.0,80.5,27.0,Individual,7,High Risk,Manual Review
59542803,13475.0, 60 months,22.99,F,F2,1 year,MORTGAGE,75000.0,Verified,debt_consolidation,PA,25.93,3.0,675.0,679.0,0.0,98.8,18.0,Individual,5,High Risk,Manual Review
59392523,28800.0, 60 months,18.55,E,E2,,MORTGAGE,60000.0,Not Verified,debt_consolidation,SC,37.8,0.0,695.0,699.0,0.0,88.7,17.0,Individual,6,High Risk,Manual Review
57694028,6575.0, 36 months,18.55,E,E2,1 year,OWN,40000.0,Verified,other,VA,26.07,4.0,665.0,669.0,0.0,83.0,21.0,Individual,5,High Risk,Manual Review
59552872,4200.0, 36 months,18.25,E,E1,5 years,MORTGAGE,80000.0,Source Verified,debt_consolidation,CA,37.39,0.0,670.0,674.0,2.0,88.6,34.0,Individual,6,High Risk,Manual Review
59182375,12225.0, 60 months,28.49,G,G4,< 1 year,MORTGAGE,24480.0,Verified,debt_consolidation,OK,33.73,0.0,690.0,694.0,0.0,53.3,20.0,Individual,5,High Risk,Manual Review
59502385,16400.0, 60 months,19.99,E,E4,,MORTGAGE,71520.0,Not Verified,debt_consolidation,NC,33.52,0.0,680.0,684.0,0.0,55.1,35.0,Individual,5,High Risk,Manual Review
59431216,21825.0, 60 months,18.55,E,E2,6 years,OWN,52000.0,Verified,debt_consolidation,CO,31.36,0.0,700.0,704.0,0.0,57.5,33.0,Individual,5,High Risk,Manual Review
59412013,20000.0, 60 months,18.25,E,E1,2 years,MORTGAGE,110000.0,Verified,debt_consolidation,MA,12.27,1.0,660.0,664.0,0.0,100.1,18.0,Individual,5,High Risk,Manual Review
59171283,25200.0, 60 months,19.19,E,E3,5 years,MORTGAGE,60000.0,Not Verified,debt_consolidation,VA,38.36,0.0,670.0,674.0,1.0,99.0,30.0,Individual,6,High Risk,Manual Review
59292703,18425.0, 60 months,16.55,D,D2,,MORTGAGE,63000.0,Verified,credit_card,NY,36.5,1.0,665.0,669.0,2.0,81.0,31.0,Individual,5,High Risk,Manual Review
59442627,12625.0, 60 months,18.25,E,E1,4 years,MORTGAGE,62000.0,Source Verified,debt_consolidation,KY,36.57,0.0,685.0,689.0,0.0,64.1,28.0,Individual,5,High Risk,Manual Review
59121337,17500.0, 60 months,18.55,E,E2,3 years,RENT,35000.0,Verified,debt_consolidation,RI,35.87,0.0,675.0,679.0,1.0,49.7,22.0,Individual,5,High Risk,Manual Review
59482305,16000.0, 60 months,17.57,D,D4,,OWN,50000.0,Verified,home_improvement,GA,36.63,1.0,690.0,694.0,0.0,90.5,27.0,Individual,5,High Risk,Manual Review
59532369,13300.0, 60 months,20.99,E,E5,10+ years,RENT,35000.0,Verified,credit_card,MD,30.45,0.0,660.0,664.0,0.0,60.2,28.0,Individual,5,High Risk,Manual Review
59502346,12725.0, 36 months,27.88,G,G3,7 years,RENT,42485.31,Verified,house,TX,35.25,0.0,725.0,729.0,3.0,28.4,40.0,Individual,5,High Risk,Manual Review
59502240,12000.0, 60 months,19.19,E,E3,7 years,OWN,63000.0,Source Verified,credit_card,MA,17.49,1.0,670.0,674.0,0.0,86.0,16.0,Individual,5,High Risk,Manual Review
59502228,5400.0, 36 months,25.78,F,F5,,RENT,18000.0,Verified,debt_consolidation,FL,37.13,0.0,665.0,669.0,2.0,72.0,8.0,Individual,5,High Risk,Manual Review
59412448,22025.0, 60 months,21.99,F,F1,2 years,RENT,61000.0,Verified,major_purchase,TX,35.41,0.0,710.0,714.0,0.0,55.8,21.0,Individual,5,High Risk,Manual Review
59452349,35000.0, 60 months,26.77,G,G1,2 years,MORTGAGE,105000.0,Verified,debt_consolidation,CA,23.35,1.0,660.0,664.0,0.0,82.5,23.0,Individual,5,High Risk,Manual Review
59452266,29950.0, 60 months,21.99,F,F1,7 years,MORTGAGE,82000.0,Source Verified,debt_consolidation,NY,30.32,0.0,665.0,669.0,3.0,94.9,35.0,Individual,6,High Risk,Manual Review
59482132,14475.0, 36 months,18.25,E,E1,2 years,RENT,45500.0,Source Verified,debt_consolidation,LA,32.89,0.0,660.0,664.0,0.0,46.3,22.0,Individual,5,High Risk,Manual Review
58752314,17675.0, 60 months,18.25,E,E1,10+ years,MORTGAGE,41000.0,Verified,debt_consolidation,OH,34.48,0.0,675.0,679.0,0.0,69.0,15.0,Individual,5,High Risk,Manual Review
58742321,5025.0, 36 months,19.99,E,E4,1 year,RENT,16800.0,Verified,debt_consolidation,UT,37.86,0.0,690.0,694.0,0.0,32.0,23.0,Individual,5,High Risk,Manual Review
59532061,29450.0, 60 months,23.99,F,F3,8 years,RENT,77500.0,Verified,debt_consolidation,CA,38.23,0.0,665.0,669.0,0.0,94.3,32.0,Individual,6,High Risk,Manual Review
59572086,13025.0, 60 months,21.99,F,F1,< 1 year,RENT,60000.0,Not Verified,debt_consolidation,IL,36.98,0.0,735.0,739.0,2.0,19.1,47.0,Individual,5,High Risk,Manual Review
59411554,32000.0, 60 months,18.55,E,E2,4 years,OWN,75000.0,Verified,debt_consolidation,CA,38.5,0.0,670.0,674.0,1.0,76.0,30.0,Individual,5,High Risk,Manual Review
59512063,8950.0, 36 months,18.25,E,E1,4 years,RENT,28000.0,Verified,credit_card,KY,35.01,0.0,670.0,674.0,0.0,76.3,37.0,Individual,5,High Risk,Manual Review
59501994,25000.0, 60 months,18.55,E,E2,10+ years,MORTGAGE,100000.0,Verified,debt_consolidation,TX,27.9,2.0,665.0,669.0,1.0,90.5,27.0,Individual,5,High Risk,Manual Review
59140700,12000.0, 60 months,19.19,E,E3,10+ years,MORTGAGE,73749.0,Verified,other,NY,11.83,2.0,670.0,674.0,0.0,97.0,20.0,Individual,5,High Risk,Manual Review
59401952,18625.0, 60 months,19.99,E,E4,10+ years,RENT,60000.0,Source Verified,debt_consolidation,CA,37.48,0.0,685.0,689.0,0.0,74.0,20.0,Individual,5,High Risk,Manual Review
59491890,22050.0, 60 months,20.99,E,E5,5 years,MORTGAGE,70000.0,Source Verified,small_business,TX,33.55,1.0,675.0,679.0,2.0,26.9,28.0,Individual,6,High Risk,Manual Review
59452081,10200.0, 36 months,19.99,E,E4,10+ years,MORTGAGE,65000.0,Verified,other,CA,32.5,0.0,660.0,664.0,1.0,63.4,27.0,Individual,5,High Risk,Manual Review
59552173,26400.0, 60 months,20.99,E,E5,4 years,MORTGAGE,55000.0,Source Verified,home_improvement,TX,30.37,0.0,725.0,729.0,1.0,51.2,25.0,Individual,5,High Risk,Manual Review
59432009,10000.0, 60 months,18.55,E,E2,10+ years,RENT,43000.0,Source Verified,debt_consolidation,FL,31.15,0.0,660.0,664.0,2.0,76.2,18.0,Individual,5,High Risk,Manual Review
59501884,24000.0, 60 months,19.99,E,E4,7 years,MORTGAGE,71000.0,Verified,debt_consolidation,WY,36.12,0.0,670.0,674.0,0.0,81.8,45.0,Individual,6,High Risk,Manual Review
59491754,18575.0, 60 months,22.99,F,F2,8 years,OWN,86000.0,Verified,medical,SC,31.34,0.0,670.0,674.0,1.0,63.4,37.0,Individual,5,High Risk,Manual Review
59291719,11000.0, 60 months,18.25,E,E1,3 years,RENT,25000.0,Source Verified,credit_card,AL,31.73,0.0,705.0,709.0,1.0,77.8,24.0,Individual,5,High Risk,Manual Review
59312678,28600.0, 60 months,19.19,E,E3,< 1 year,RENT,96000.0,Verified,debt_consolidation,CA,34.6,0.0,695.0,699.0,0.0,76.9,20.0,Individual,5,High Risk,Manual Review
59172154,35000.0, 60 months,21.99,F,F1,6 years,MORTGAGE,86300.0,Verified,credit_card,AL,34.4,0.0,675.0,679.0,4.0,88.0,34.0,Individual,6,High Risk,Manual Review
59162049,30000.0, 36 months,17.86,D,D5,10+ years,MORTGAGE,60000.0,Verified,debt_consolidation,NC,31.94,1.0,685.0,689.0,1.0,93.9,27.0,Individual,5,High Risk,Manual Review
59531935,18750.0, 60 months,18.25,E,E1,10+ years,MORTGAGE,60000.0,Verified,credit_card,NY,35.22,0.0,695.0,699.0,1.0,85.1,14.0,Individual,6,High Risk,Manual Review
57672757,19000.0, 60 months,18.55,E,E2,1 year,MORTGAGE,48000.0,Source Verified,debt_consolidation,MO,34.15,0.0,670.0,674.0,0.0,77.4,34.0,Individual,5,High Risk,Manual Review
59541477,18000.0, 36 months,18.25,E,E1,,MORTGAGE,50000.0,Verified,debt_consolidation,NC,30.89,0.0,670.0,674.0,0.0,53.9,31.0,Individual,5,High Risk,Manual Review
59101984,9600.0, 36 months,18.25,E,E1,8 years,RENT,35000.0,Source Verified,debt_consolidation,NY,38.37,0.0,660.0,664.0,3.0,51.2,37.0,Individual,5,High Risk,Manual Review
59571935,10550.0, 60 months,22.99,F,F2,2 years,RENT,44000.0,Verified,debt_consolidation,MN,31.2,0.0,660.0,664.0,2.0,62.0,21.0,Individual,5,High Risk,Manual Review
59571850,12900.0, 60 months,19.19,E,E3,2 years,RENT,30720.0,Verified,debt_consolidation,NV,32.85,0.0,660.0,664.0,0.0,73.2,13.0,Individual,5,High Risk,Manual Review
59161981,12025.0, 60 months,19.19,E,E3,10+ years,RENT,30000.0,Source Verified,debt_consolidation,OH,34.0,0.0,660.0,664.0,0.0,97.1,23.0,Individual,6,High Risk,Manual Review
59090068,32000.0, 36 months,18.25,E,E1,10+ years,MORTGAGE,950000.0,Verified,major_purchase,TX,7.45,5.0,680.0,684.0,3.0,98.1,51.0,Individual,5,High Risk,Manual Review
59491625,18000.0, 60 months,18.55,E,E2,3 years,OWN,50000.0,Verified,debt_consolidation,WI,36.73,0.0,745.0,749.0,3.0,20.4,25.0,Individual,5,High Risk,Manual Review
59461835,6025.0, 36 months,21.99,F,F1,< 1 year,RENT,20100.0,Verified,other,TX,38.63,0.0,670.0,674.0,1.0,45.0,20.0,Individual,5,High Risk,Manual Review
59501708,9900.0, 36 months,16.55,D,D2,9 years,RENT,26104.0,Verified,credit_card,NC,33.15,2.0,660.0,664.0,0.0,96.8,36.0,Individual,5,High Risk,Manual Review
59401644,16000.0, 60 months,21.99,F,F1,8 years,RENT,50000.0,Verified,other,CA,33.85,0.0,685.0,689.0,0.0,60.9,25.0,Individual,5,High Risk,Manual Review
59401633,11250.0, 36 months,18.25,E,E1,4 years,RENT,24000.0,Verified,debt_consolidation,NV,31.55,0.0,680.0,684.0,0.0,36.2,13.0,Individual,5,High Risk,Manual Review
59571674,25000.0, 60 months,19.19,E,E3,8 years,MORTGAGE,107000.0,Source Verified,credit_card,GA,22.75,1.0,675.0,679.0,0.0,87.6,29.0,Individual,5,High Risk,Manual Review
59571457,32500.0, 60 months,21.99,F,F1,3 years,RENT,65000.0,Source Verified,credit_card,CA,30.65,0.0,675.0,679.0,1.0,62.7,25.0,Individual,5,High Risk,Manual Review
59421639,25425.0, 60 months,19.99,E,E4,4 years,MORTGAGE,55000.0,Not Verified,debt_consolidation,FL,31.64,0.0,660.0,664.0,1.0,38.5,28.0,Individual,5,High Risk,Manual Review
59541683,21150.0, 60 months,20.99,E,E5,4 years,MORTGAGE,50000.0,Source Verified,debt_consolidation,TN,33.32,0.0,660.0,664.0,0.0,88.5,39.0,Individual,6,High Risk,Manual Review
59431712,15650.0, 60 months,18.25,E,E1,10+ years,RENT,47000.0,Not Verified,credit_card,CA,36.16,0.0,675.0,679.0,0.0,76.6,50.0,Individual,5,High Risk,Manual Review
59451608,18775.0, 60 months,19.99,E,E4,10+ years,MORTGAGE,47000.0,Verified,debt_consolidation,PA,33.22,0.0,685.0,689.0,0.0,82.1,28.0,Individual,6,High Risk,Manual Review
59481514,22850.0, 60 months,19.19,E,E3,6 years,MORTGAGE,50000.0,Not Verified,credit_card,IL,37.09,0.0,660.0,664.0,0.0,93.2,17.0,Individual,6,High Risk,Manual Review
59521357,16850.0, 60 months,22.99,F,F2,1 year,RENT,33700.0,Verified,debt_consolidation,NC,37.82,0.0,660.0,664.0,0.0,74.5,23.0,Individual,5,High Risk,Manual Review
57674420,8700.0, 36 months,18.25,E,E1,7 years,MORTGAGE,26000.0,Source Verified,credit_card,FL,30.89,0.0,730.0,734.0,1.0,9.6,17.0,Individual,5,High Risk,Manual Review
59371479,19425.0, 36 months,19.19,E,E3,5 years,OWN,54000.0,Verified,debt_consolidation,WA,31.96,0.0,670.0,674.0,1.0,21.5,40.0,Individual,5,High Risk,Manual Review
59113004,24000.0, 60 months,16.99,D,D3,10+ years,RENT,55000.0,Source Verified,debt_consolidation,MN,37.47,5.0,675.0,679.0,3.0,81.3,34.0,Individual,5,High Risk,Manual Review
59381329,16800.0, 36 months,18.25,E,E1,4 years,RENT,40000.0,Source Verified,debt_consolidation,CO,30.73,0.0,695.0,699.0,1.0,42.4,21.0,Individual,5,High Risk,Manual Review
59101615,17325.0, 60 months,19.19,E,E3,1 year,RENT,38500.0,Verified,house,MS,30.67,0.0,675.0,679.0,2.0,30.0,27.0,Individual,5,High Risk,Manual Review
59571343,11150.0, 60 months,19.99,E,E4,5 years,RENT,29356.0,Source Verified,credit_card,OR,38.55,0.0,660.0,664.0,0.0,46.3,26.0,Individual,5,High Risk,Manual Review
59561380,12000.0, 60 months,22.99,F,F2,3 years,RENT,38000.0,Verified,debt_consolidation,IL,33.83,0.0,680.0,684.0,3.0,30.6,12.0,Individual,5,High Risk,Manual Review
59201031,29925.0, 60 months,21.99,F,F1,10+ years,RENT,68000.0,Verified,debt_consolidation,AL,37.63,0.0,685.0,689.0,1.0,73.0,28.0,Individual,5,High Risk,Manual Review
59411367,19525.0, 60 months,18.25,E,E1,5 years,MORTGAGE,41000.0,Not Verified,credit_card,SC,37.76,0.0,700.0,704.0,0.0,63.3,25.0,Individual,5,High Risk,Manual Review
59511334,35000.0, 60 months,18.25,E,E1,5 years,MORTGAGE,115000.0,Verified,debt_consolidation,NM,28.72,4.0,670.0,674.0,0.0,91.3,60.0,Individual,5,High Risk,Manual Review
59511342,22150.0, 60 months,19.19,E,E3,10+ years,RENT,66000.0,Source Verified,credit_card,LA,36.2,1.0,660.0,664.0,0.0,91.6,28.0,Individual,7,High Risk,Manual Review
59501355,25500.0, 60 months,19.99,E,E4,< 1 year,MORTGAGE,51000.0,Source Verified,debt_consolidation,WA,31.76,0.0,685.0,689.0,0.0,91.1,30.0,Individual,6,High Risk,Manual Review
59581443,6300.0, 36 months,19.19,E,E3,7 years,MORTGAGE,21000.0,Verified,debt_consolidation,OH,37.14,0.0,660.0,664.0,1.0,69.0,20.0,Individual,5,High Risk,Manual Review
59381335,4400.0, 36 months,20.99,E,E5,10+ years,MORTGAGE,56674.0,Verified,debt_consolidation,GA,39.28,0.0,695.0,699.0,0.0,88.6,29.0,Individual,6,High Risk,Manual Review
59571275,9150.0, 36 months,23.99,F,F3,3 years,RENT,35000.0,Verified,debt_consolidation,FL,25.0,1.0,665.0,669.0,1.0,80.3,15.0,Individual,5,High Risk,Manual Review
59541260,13675.0, 60 months,22.99,F,F2,7 years,MORTGAGE,38000.0,Verified,debt_consolidation,GA,38.31,0.0,680.0,684.0,0.0,79.4,14.0,Individual,5,High Risk,Manual Review
59471268,23525.0, 60 months,19.99,E,E4,9 years,RENT,70000.0,Verified,credit_card,FL,31.85,0.0,665.0,669.0,1.0,79.7,15.0,Individual,5,High Risk,Manual Review
59591315,10000.0, 60 months,18.25,E,E1,2 years,RENT,70800.0,Source Verified,debt_consolidation,IL,35.82,1.0,680.0,684.0,1.0,53.4,41.0,Individual,6,High Risk,Manual Review
59581210,33000.0, 36 months,18.25,E,E1,< 1 year,OWN,78624.0,Source Verified,debt_consolidation,IL,25.18,1.0,660.0,664.0,0.0,82.6,28.0,Individual,5,High Risk,Manual Review
59551261,10800.0, 60 months,18.25,E,E1,2 years,OWN,27000.0,Verified,debt_consolidation,LA,26.89,1.0,660.0,664.0,0.0,83.3,11.0,Individual,5,High Risk,Manual Review
59571122,34000.0, 60 months,22.99,F,F2,1 year,RENT,68000.0,Verified,credit_card,CA,26.01,1.0,680.0,684.0,1.0,90.2,14.0,Individual,5,High Risk,Manual Review
59381165,12500.0, 60 months,19.99,E,E4,10+ years,MORTGAGE,85000.0,Source Verified,debt_consolidation,NY,37.74,0.0,670.0,674.0,1.0,80.8,32.0,Individual,6,High Risk,Manual Review
59581118,11025.0, 60 months,26.77,G,G1,1 year,MORTGAGE,43000.0,Verified,debt_consolidation,PA,31.76,0.0,690.0,694.0,0.0,50.8,29.0,Individual,5,High Risk,Manual Review
58512580,22400.0, 60 months,18.55,E,E2,4 years,MORTGAGE,62000.0,Not Verified,debt_consolidation,CO,33.84,0.0,715.0,719.0,0.0,78.3,14.0,Individual,5,High Risk,Manual Review
59561179,24000.0, 60 months,18.55,E,E2,10+ years,RENT,50000.0,Verified,debt_consolidation,TX,34.18,0.0,660.0,664.0,0.0,77.0,22.0,Individual,5,High Risk,Manual Review
59282041,30000.0, 60 months,18.55,E,E2,6 years,MORTGAGE,60000.0,Source Verified,debt_consolidation,SC,32.17,0.0,760.0,764.0,0.0,60.3,13.0,Individual,5,High Risk,Manual Review
59531180,25625.0, 60 months,20.99,E,E5,5 years,RENT,75040.0,Verified,credit_card,CT,31.5,0.0,665.0,669.0,0.0,95.5,38.0,Individual,6,High Risk,Manual Review
59163217,1200.0, 36 months,18.25,E,E1,8 years,RENT,38000.0,Verified,other,CA,39.89,0.0,670.0,674.0,0.0,53.5,21.0,Individual,5,High Risk,Manual Review
59303122,35000.0, 60 months,18.55,E,E2,10+ years,MORTGAGE,150000.0,Source Verified,credit_card,LA,17.83,2.0,675.0,679.0,2.0,92.7,85.0,Individual,5,High Risk,Manual Review
59421122,15000.0, 60 months,18.25,E,E1,1 year,MORTGAGE,42800.0,Source Verified,credit_card,AL,30.62,0.0,665.0,669.0,3.0,30.6,33.0,Individual,5,High Risk,Manual Review
59213322,24700.0, 60 months,22.99,F,F2,10+ years,RENT,65000.0,Source Verified,debt_consolidation,NC,34.43,1.0,670.0,674.0,4.0,70.5,32.0,Individual,6,High Risk,Manual Review
59073517,10575.0, 36 months,18.25,E,E1,10+ years,RENT,25200.0,Verified,debt_consolidation,CA,39.52,0.0,665.0,669.0,1.0,78.5,19.0,Individual,5,High Risk,Manual Review
59199683,10800.0, 36 months,19.99,E,E4,2 years,RENT,30000.0,Verified,house,NV,38.76,0.0,690.0,694.0,0.0,22.5,11.0,Individual,5,High Risk,Manual Review
59093213,8100.0, 36 months,18.55,E,E2,8 years,RENT,35000.0,Verified,debt_consolidation,CA,30.86,0.0,685.0,689.0,0.0,40.4,19.0,Individual,5,High Risk,Manual Review
59123106,34400.0, 60 months,23.99,F,F3,5 years,OWN,93805.0,Verified,debt_consolidation,DC,32.57,0.0,665.0,669.0,0.0,91.1,37.0,Individual,6,High Risk,Manual Review
59193270,12350.0, 36 months,19.99,E,E4,10+ years,MORTGAGE,34320.0,Verified,debt_consolidation,NY,35.98,0.0,690.0,694.0,0.0,92.5,7.0,Individual,6,High Risk,Manual Review
59293013,18900.0, 60 months,19.19,E,E3,10+ years,OWN,41140.0,Source Verified,credit_card,IL,38.62,0.0,690.0,694.0,1.0,96.8,16.0,Individual,6,High Risk,Manual Review
59192894,12900.0, 60 months,19.99,E,E4,10+ years,RENT,35880.0,Verified,debt_consolidation,GA,35.2,0.0,670.0,674.0,0.0,54.7,38.0,Individual,5,High Risk,Manual Review
59242983,19200.0, 60 months,18.55,E,E2,1 year,RENT,48000.0,Source Verified,debt_consolidation,DC,37.38,0.0,685.0,689.0,1.0,79.6,28.0,Individual,5,High Risk,Manual Review
59313222,9600.0, 36 months,23.99,F,F3,10+ years,RENT,32000.0,Verified,debt_consolidation,CT,33.91,0.0,665.0,669.0,1.0,101.2,7.0,Individual,6,High Risk,Manual Review
59232960,13900.0, 60 months,19.99,E,E4,,OWN,27814.8,Verified,debt_consolidation,NC,30.47,0.0,680.0,684.0,0.0,91.2,18.0,Individual,6,High Risk,Manual Review
59173130,14125.0, 60 months,19.19,E,E3,< 1 year,MORTGAGE,41600.0,Not Verified,debt_consolidation,SD,38.57,0.0,710.0,714.0,0.0,81.1,29.0,Individual,6,High Risk,Manual Review
59132619,4800.0, 36 months,15.61,D,D1,5 years,MORTGAGE,71000.0,Not Verified,other,AL,30.83,1.0,680.0,684.0,0.0,82.5,26.0,Individual,5,High Risk,Manual Review
59272967,12000.0, 60 months,18.25,E,E1,8 years,MORTGAGE,34000.0,Verified,debt_consolidation,NC,31.24,0.0,680.0,684.0,1.0,61.7,14.0,Individual,5,High Risk,Manual Review
59142435,5475.0, 36 months,19.19,E,E3,4 years,MORTGAGE,40000.0,Source Verified,debt_consolidation,NC,38.37,0.0,665.0,669.0,0.0,80.9,16.0,Individual,6,High Risk,Manual Review
59112839,12925.0, 60 months,18.55,E,E2,10+ years,MORTGAGE,51000.0,Source Verified,debt_consolidation,KS,38.05,0.0,675.0,679.0,0.0,63.2,39.0,Individual,5,High Risk,Manual Review
59082753,12975.0, 60 months,23.99,F,F3,9 years,RENT,52000.0,Verified,debt_consolidation,MD,32.66,0.0,665.0,669.0,2.0,28.5,36.0,Individual,5,High Risk,Manual Review
59253209,11675.0, 60 months,17.86,D,D5,9 years,MORTGAGE,51000.0,Source Verified,credit_card,NY,32.86,2.0,680.0,684.0,0.0,99.9,26.0,Individual,5,High Risk,Manual Review
59282663,16575.0, 60 months,19.19,E,E3,10+ years,RENT,45000.0,Verified,debt_consolidation,NJ,34.85,0.0,705.0,709.0,0.0,34.6,10.0,Individual,5,High Risk,Manual Review
59112903,35000.0, 60 months,19.19,E,E3,10+ years,MORTGAGE,98000.0,Verified,debt_consolidation,OK,35.6,0.0,695.0,699.0,1.0,66.9,82.0,Individual,5,High Risk,Manual Review
59093026,16000.0, 60 months,18.55,E,E2,10+ years,RENT,59000.0,Source Verified,debt_consolidation,HI,23.31,3.0,660.0,664.0,0.0,87.3,14.0,Individual,5,High Risk,Manual Review
59262960,35000.0, 60 months,18.55,E,E2,10+ years,RENT,114000.0,Source Verified,credit_card,WA,36.79,0.0,680.0,684.0,1.0,51.9,39.0,Individual,5,High Risk,Manual Review
59073019,19350.0, 60 months,19.99,E,E4,6 years,MORTGAGE,44000.0,Source Verified,debt_consolidation,CO,34.04,0.0,695.0,699.0,0.0,79.5,15.0,Individual,5,High Risk,Manual Review
59153206,25000.0, 60 months,19.99,E,E4,10+ years,MORTGAGE,105000.0,Verified,debt_consolidation,NM,35.39,0.0,665.0,669.0,1.0,66.8,44.0,Individual,5,High Risk,Manual Review
58331250,26000.0, 60 months,19.99,E,E4,5 years,RENT,110000.0,Verified,debt_consolidation,AK,32.83,0.0,665.0,669.0,4.0,85.9,57.0,Individual,6,High Risk,Manual Review
59191791,10800.0, 60 months,19.99,E,E4,9 years,MORTGAGE,27000.0,Source Verified,debt_consolidation,MO,38.93,1.0,660.0,664.0,0.0,56.2,26.0,Individual,6,High Risk,Manual Review
59313063,27000.0, 60 months,17.86,D,D5,10+ years,MORTGAGE,70000.0,Source Verified,credit_card,IL,30.26,1.0,670.0,674.0,0.0,90.6,53.0,Individual,5,High Risk,Manual Review
59082868,13425.0, 60 months,27.31,G,G2,10+ years,OWN,40000.0,Verified,debt_consolidation,GA,31.56,0.0,710.0,714.0,2.0,50.9,14.0,Individual,5,High Risk,Manual Review
59232841,15100.0, 60 months,24.99,F,F4,7 years,MORTGAGE,52488.0,Source Verified,debt_consolidation,CO,18.79,1.0,660.0,664.0,1.0,88.5,25.0,Individual,5,High Risk,Manual Review
59082467,24350.0, 60 months,18.25,E,E1,10+ years,MORTGAGE,58000.0,Source Verified,debt_consolidation,NY,38.2,0.0,710.0,714.0,0.0,81.1,40.0,Individual,6,High Risk,Manual Review
59173029,30350.0, 60 months,22.99,F,F2,< 1 year,MORTGAGE,66000.0,Source Verified,debt_consolidation,VA,35.96,0.0,695.0,699.0,0.0,77.5,31.0,Individual,5,High Risk,Manual Review
59072842,22375.0, 60 months,17.57,D,D4,2 years,MORTGAGE,60000.0,Source Verified,debt_consolidation,NC,36.68,1.0,670.0,674.0,0.0,84.3,27.0,Individual,5,High Risk,Manual Review
59292537,20575.0, 60 months,23.99,F,F3,7 years,MORTGAGE,52000.0,Verified,credit_card,MI,30.23,2.0,695.0,699.0,0.0,45.0,36.0,Individual,6,High Risk,Manual Review
59132144,28600.0, 60 months,25.78,F,F5,9 years,MORTGAGE,65000.0,Verified,debt_consolidation,OK,33.2,0.0,675.0,679.0,0.0,66.1,16.0,Individual,5,High Risk,Manual Review
58381400,20350.0, 60 months,19.99,E,E4,2 years,MORTGAGE,90000.0,Not Verified,debt_consolidation,TX,34.85,0.0,665.0,669.0,1.0,87.4,58.0,Individual,6,High Risk,Manual Review
59162525,3000.0, 36 months,20.99,E,E5,7 years,RENT,26000.0,Verified,vacation,TN,32.04,0.0,725.0,729.0,2.0,5.3,24.0,Individual,5,High Risk,Manual Review
58653685,15825.0, 60 months,19.99,E,E4,4 years,RENT,44000.0,Verified,debt_consolidation,CA,33.52,0.0,685.0,689.0,1.0,87.0,13.0,Individual,6,High Risk,Manual Review
59181994,32500.0, 60 months,18.25,E,E1,10+ years,RENT,117273.0,Verified,debt_consolidation,CA,26.36,2.0,670.0,674.0,0.0,100.0,26.0,Individual,5,High Risk,Manual Review
59182822,9225.0, 36 months,18.55,E,E2,3 years,RENT,22000.0,Verified,debt_consolidation,CA,33.99,0.0,695.0,699.0,1.0,24.1,10.0,Individual,5,High Risk,Manual Review
59282124,16875.0, 60 months,22.99,F,F2,2 years,RENT,48000.0,Source Verified,debt_consolidation,AL,30.08,0.0,710.0,714.0,0.0,50.0,21.0,Individual,5,High Risk,Manual Review
59082587,2400.0, 36 months,15.61,D,D1,< 1 year,MORTGAGE,40000.0,Source Verified,debt_consolidation,FL,31.62,1.0,675.0,679.0,0.0,83.6,28.0,Individual,5,High Risk,Manual Review
59112424,18000.0, 60 months,20.99,E,E5,6 years,RENT,45000.0,Verified,debt_consolidation,NY,32.45,0.0,725.0,729.0,0.0,69.6,16.0,Individual,5,High Risk,Manual Review
59142202,14350.0, 60 months,18.25,E,E1,6 years,RENT,60000.0,Source Verified,debt_consolidation,CA,30.08,0.0,665.0,669.0,0.0,88.8,33.0,Individual,6,High Risk,Manual Review
59262449,23750.0, 60 months,21.99,F,F1,3 years,RENT,47500.08,Verified,debt_consolidation,WA,30.46,0.0,680.0,684.0,1.0,58.7,16.0,Individual,5,High Risk,Manual Review
58310766,20850.0, 60 months,18.25,E,E1,10+ years,MORTGAGE,120000.0,Verified,debt_consolidation,NC,34.0,0.0,675.0,679.0,0.0,41.3,31.0,Individual,5,High Risk,Manual Review
59302453,12500.0, 36 months,18.25,E,E1,,MORTGAGE,25000.0,Verified,debt_consolidation,MI,34.09,0.0,665.0,669.0,0.0,48.3,25.0,Individual,5,High Risk,Manual Review
59122448,19800.0, 60 months,18.25,E,E1,< 1 year,RENT,45000.0,Source Verified,debt_consolidation,SD,34.72,0.0,685.0,689.0,1.0,71.9,25.0,Individual,5,High Risk,Manual Review
59232395,8900.0, 36 months,18.25,E,E1,< 1 year,MORTGAGE,35000.0,Verified,debt_consolidation,VA,38.23,1.0,660.0,664.0,0.0,90.8,38.0,Individual,7,High Risk,Manual Review
59222211,12600.0, 60 months,21.99,F,F1,3 years,RENT,30000.0,Source Verified,credit_card,NY,31.99,0.0,685.0,689.0,1.0,74.8,20.0,Individual,5,High Risk,Manual Review
59282122,12825.0, 60 months,19.19,E,E3,8 years,MORTGAGE,34860.0,Not Verified,debt_consolidation,GA,38.76,0.0,695.0,699.0,0.0,53.2,23.0,Individual,5,High Risk,Manual Review
59282161,15500.0, 60 months,18.55,E,E2,10+ years,MORTGAGE,78000.0,Source Verified,other,NC,37.9,1.0,685.0,689.0,0.0,50.9,21.0,Individual,6,High Risk,Manual Review
59292227,12575.0, 60 months,18.55,E,E2,2 years,OWN,29950.0,Verified,credit_card,CT,39.32,0.0,670.0,674.0,0.0,68.1,19.0,Individual,5,High Risk,Manual Review
59152669,17875.0, 60 months,19.99,E,E4,6 years,MORTGAGE,47840.0,Source Verified,debt_consolidation,FL,38.92,0.0,670.0,674.0,0.0,79.3,26.0,Individual,5,High Risk,Manual Review
59162426,17175.0, 60 months,21.99,F,F1,10+ years,OWN,35360.0,Verified,debt_consolidation,VA,33.33,0.0,670.0,674.0,1.0,85.2,11.0,Individual,6,High Risk,Manual Review
59282146,18000.0, 60 months,19.19,E,E3,3 years,RENT,95000.0,Source Verified,debt_consolidation,NM,37.99,0.0,660.0,664.0,0.0,73.5,54.0,Individual,5,High Risk,Manual Review
59131352,19000.0, 60 months,18.55,E,E2,10+ years,RENT,40000.0,Source Verified,medical,OH,31.86,0.0,735.0,739.0,1.0,30.2,23.0,Individual,5,High Risk,Manual Review
59091438,30000.0, 60 months,20.99,E,E5,3 years,OWN,80000.0,Source Verified,debt_consolidation,IL,30.95,0.0,705.0,709.0,0.0,61.2,36.0,Individual,5,High Risk,Manual Review
59122441,19200.0, 60 months,19.99,E,E4,10+ years,MORTGAGE,60000.0,Verified,debt_consolidation,AL,20.94,1.0,665.0,669.0,0.0,83.8,37.0,Individual,5,High Risk,Manual Review
59091811,20975.0, 60 months,22.99,F,F2,3 years,RENT,58300.0,Source Verified,debt_consolidation,NY,35.67,0.0,665.0,669.0,2.0,80.3,26.0,Individual,6,High Risk,Manual Review
59161612,18025.0, 60 months,19.99,E,E4,10+ years,MORTGAGE,45000.0,Source Verified,debt_consolidation,SC,37.48,0.0,665.0,669.0,1.0,95.2,18.0,Individual,6,High Risk,Manual Review
57608324,25000.0, 60 months,18.55,E,E2,10+ years,MORTGAGE,68000.0,Verified,debt_consolidation,TX,39.08,0.0,700.0,704.0,0.0,23.6,40.0,Individual,5,High Risk,Manual Review
59202101,14000.0, 60 months,22.99,F,F2,,RENT,28000.0,Verified,debt_consolidation,FL,30.4,0.0,775.0,779.0,0.0,28.9,13.0,Individual,5,High Risk,Manual Review
59141828,24175.0, 60 months,21.99,F,F1,10+ years,MORTGAGE,64000.0,Source Verified,debt_consolidation,WA,37.46,0.0,675.0,679.0,0.0,91.9,35.0,Individual,6,High Risk,Manual Review
59242209,23525.0, 60 months,18.55,E,E2,10+ years,MORTGAGE,53500.0,Source Verified,debt_consolidation,FL,36.65,0.0,685.0,689.0,0.0,75.7,19.0,Individual,5,High Risk,Manual Review
59281980,19100.0, 60 months,19.19,E,E3,10+ years,RENT,43423.0,Not Verified,debt_consolidation,TN,31.44,0.0,680.0,684.0,0.0,38.4,34.0,Individual,5,High Risk,Manual Review
59312589,15000.0, 36 months,19.19,E,E3,2 years,MORTGAGE,135000.0,Source Verified,debt_consolidation,SC,14.39,1.0,660.0,664.0,1.0,94.1,24.0,Individual,5,High Risk,Manual Review
59092243,21250.0, 60 months,15.61,D,D1,10+ years,MORTGAGE,87000.0,Not Verified,credit_card,IL,32.87,1.0,685.0,689.0,0.0,89.2,39.0,Individual,5,High Risk,Manual Review
59091170,23400.0, 60 months,20.99,E,E5,2 years,RENT,77000.0,Source Verified,debt_consolidation,NY,34.46,0.0,670.0,674.0,1.0,56.8,71.0,Individual,5,High Risk,Manual Review
59291867,35000.0, 60 months,18.55,E,E2,7 years,MORTGAGE,125000.0,Verified,debt_consolidation,IN,32.07,0.0,670.0,674.0,0.0,86.9,23.0,Individual,6,High Risk,Manual Review
59182195,25000.0, 60 months,19.99,E,E4,,MORTGAGE,75000.0,Verified,major_purchase,FL,30.27,0.0,685.0,689.0,3.0,25.4,49.0,Individual,5,High Risk,Manual Review
59311687,26400.0, 36 months,18.25,E,E1,4 years,MORTGAGE,60000.0,Source Verified,debt_consolidation,FL,30.22,0.0,690.0,694.0,1.0,54.7,16.0,Individual,5,High Risk,Manual Review
59271979,10950.0, 60 months,22.99,F,F2,1 year,RENT,50000.0,Verified,debt_consolidation,NV,34.23,0.0,660.0,664.0,1.0,98.7,49.0,Individual,6,High Risk,Manual Review
59231824,27500.0, 60 months,19.99,E,E4,3 years,MORTGAGE,55000.0,Source Verified,debt_consolidation,PA,34.15,0.0,665.0,669.0,1.0,57.2,51.0,Individual,5,High Risk,Manual Review
59211967,10000.0, 36 months,18.25,E,E1,2 years,RENT,58000.0,Source Verified,other,MD,32.2,0.0,675.0,679.0,2.0,13.6,49.0,Individual,5,High Risk,Manual Review
59181705,15900.0, 60 months,23.99,F,F3,10+ years,MORTGAGE,54000.0,Source Verified,debt_consolidation,TX,33.29,0.0,675.0,679.0,0.0,82.7,29.0,Individual,6,High Risk,Manual Review
58912724,25200.0, 60 months,22.99,F,F2,,MORTGAGE,60000.0,Verified,debt_consolidation,AZ,31.28,0.0,700.0,704.0,1.0,81.9,36.0,Individual,6,High Risk,Manual Review
59091926,14650.0, 60 months,20.99,E,E5,7 years,MORTGAGE,38000.0,Verified,debt_consolidation,IN,34.3,0.0,685.0,689.0,0.0,81.6,14.0,Individual,6,High Risk,Manual Review
59161262,14400.0, 60 months,21.99,F,F1,3 years,RENT,40000.0,Source Verified,other,HI,32.37,1.0,720.0,724.0,1.0,15.6,15.0,Individual,6,High Risk,Manual Review
59271183,21050.0, 60 months,18.55,E,E2,5 years,MORTGAGE,78000.0,Verified,home_improvement,OH,35.31,0.0,685.0,689.0,2.0,30.0,30.0,Individual,5,High Risk,Manual Review
59121982,10000.0, 60 months,20.99,E,E5,< 1 year,RENT,20000.0,Verified,debt_consolidation,NV,38.5,0.0,665.0,669.0,0.0,98.9,15.0,Individual,6,High Risk,Manual Review
59161846,14000.0, 60 months,21.99,F,F1,10+ years,RENT,35000.0,Source Verified,debt_consolidation,CA,33.16,0.0,665.0,669.0,1.0,64.1,18.0,Individual,5,High Risk,Manual Review
59340082,11425.0, 60 months,18.55,E,E2,,RENT,26000.0,Verified,credit_card,PA,38.0,0.0,705.0,709.0,0.0,34.5,31.0,Individual,5,High Risk,Manual Review
58470939,6400.0, 36 months,18.55,E,E2,2 years,RENT,30000.0,Source Verified,major_purchase,MD,35.52,0.0,680.0,684.0,0.0,51.4,29.0,Individual,5,High Risk,Manual Review
59231841,14075.0, 60 months,18.55,E,E2,3 years,MORTGAGE,32000.0,Source Verified,debt_consolidation,CA,38.93,0.0,720.0,724.0,0.0,58.3,22.0,Individual,5,High Risk,Manual Review
58542711,11200.0, 36 months,20.99,E,E5,,OWN,25000.0,Verified,home_improvement,AR,31.69,0.0,660.0,664.0,1.0,97.6,12.0,Individual,6,High Risk,Manual Review
57803211,14400.0, 60 months,18.25,E,E1,5 years,MORTGAGE,54000.0,Not Verified,debt_consolidation,TX,35.23,0.0,695.0,699.0,1.0,51.3,21.0,Individual,5,High Risk,Manual Review
58061334,15825.0, 60 months,20.99,E,E5,10+ years,MORTGAGE,44000.0,Verified,debt_consolidation,MS,34.02,0.0,670.0,674.0,1.0,35.4,27.0,Individual,5,High Risk,Manual Review
59101625,12000.0, 60 months,19.99,E,E4,,MORTGAGE,40000.0,Verified,vacation,OH,30.45,0.0,705.0,709.0,0.0,97.1,28.0,Individual,6,High Risk,Manual Review
58644225,12650.0, 36 months,18.55,E,E2,4 years,RENT,40000.0,Source Verified,car,CA,30.9,0.0,660.0,664.0,0.0,51.1,20.0,Individual,5,High Risk,Manual Review
59120957,14100.0, 60 months,21.99,F,F1,7 years,RENT,49000.0,Verified,debt_consolidation,SD,38.26,0.0,680.0,684.0,0.0,66.1,31.0,Individual,5,High Risk,Manual Review
58532817,20800.0, 60 months,20.99,E,E5,10+ years,RENT,65000.0,Verified,other,IL,30.97,0.0,700.0,704.0,1.0,68.7,50.0,Individual,5,High Risk,Manual Review
59261466,10550.0, 60 months,19.19,E,E3,2 years,RENT,24000.0,Source Verified,credit_card,CA,32.65,0.0,680.0,684.0,1.0,54.6,10.0,Individual,5,High Risk,Manual Review
59261512,30000.0, 60 months,19.99,E,E4,10+ years,MORTGAGE,90000.0,Source Verified,debt_consolidation,NJ,37.85,0.0,680.0,684.0,3.0,76.1,49.0,Individual,5,High Risk,Manual Review
59269455,13800.0, 60 months,18.25,E,E1,7 years,RENT,30000.0,Verified,credit_card,CA,39.04,0.0,695.0,699.0,0.0,71.9,21.0,Individual,5,High Risk,Manual Review
58963421,21675.0, 60 months,20.99,E,E5,3 years,MORTGAGE,50000.0,Verified,debt_consolidation,CA,35.09,0.0,670.0,674.0,0.0,82.0,35.0,Individual,6,High Risk,Manual Review
59111652,18125.0, 60 months,18.25,E,E1,10+ years,MORTGAGE,65000.0,Verified,debt_consolidation,UT,30.02,1.0,665.0,669.0,0.0,100.6,29.0,Individual,7,High Risk,Manual Review
59131235,4350.0, 36 months,19.99,E,E4,5 years,OWN,32000.0,Source Verified,debt_consolidation,NC,31.64,0.0,695.0,699.0,0.0,38.6,9.0,Individual,5,High Risk,Manual Review
59221311,19000.0, 60 months,18.55,E,E2,10+ years,MORTGAGE,64000.0,Source Verified,medical,FL,35.96,0.0,675.0,679.0,0.0,88.9,34.0,Individual,6,High Risk,Manual Review
59301297,16550.0, 60 months,18.25,E,E1,< 1 year,RENT,36000.0,Not Verified,debt_consolidation,PA,33.7,0.0,730.0,734.0,0.0,68.8,18.0,Individual,5,High Risk,Manual Review
59191451,9375.0, 36 months,18.25,E,E1,7 years,MORTGAGE,61500.0,Verified,credit_card,NJ,39.59,0.0,680.0,684.0,3.0,99.0,14.0,Individual,6,High Risk,Manual Review
58842246,35000.0, 60 months,18.25,E,E1,10+ years,MORTGAGE,117000.0,Verified,credit_card,NM,17.93,1.0,695.0,699.0,0.0,95.4,32.0,Individual,5,High Risk,Manual Review
59241421,21000.0, 60 months,19.19,E,E3,3 years,MORTGAGE,42000.0,Source Verified,debt_consolidation,FL,12.26,2.0,670.0,674.0,0.0,94.7,13.0,Individual,5,High Risk,Manual Review
58932244,28150.0, 60 months,21.99,F,F1,5 years,MORTGAGE,64000.0,Not Verified,debt_consolidation,SC,22.24,1.0,670.0,674.0,1.0,82.8,22.0,Individual,5,High Risk,Manual Review
59301193,35000.0, 60 months,19.19,E,E3,10+ years,OWN,95000.0,Verified,debt_consolidation,TX,35.17,0.0,710.0,714.0,0.0,67.8,38.0,Individual,5,High Risk,Manual Review
59291344,24850.0, 60 months,24.99,F,F4,3 years,MORTGAGE,92000.0,Verified,debt_consolidation,FL,21.18,1.0,675.0,679.0,1.0,92.4,12.0,Individual,5,High Risk,Manual Review
59251511,9575.0, 36 months,18.55,E,E2,,OWN,25206.96,Verified,credit_card,AR,35.76,0.0,660.0,664.0,2.0,84.2,15.0,Individual,6,High Risk,Manual Review
59191446,7250.0, 36 months,18.55,E,E2,4 years,RENT,26000.0,Verified,debt_consolidation,CA,31.35,0.0,680.0,684.0,0.0,57.2,15.0,Individual,5,High Risk,Manual Review
59291323,28000.0, 60 months,18.55,E,E2,10+ years,MORTGAGE,84000.0,Verified,debt_consolidation,TN,32.7,1.0,670.0,674.0,0.0,45.4,66.0,Individual,6,High Risk,Manual Review
57734178,10075.0, 36 months,19.99,E,E4,2 years,OWN,42000.0,Source Verified,debt_consolidation,NJ,33.06,0.0,680.0,684.0,1.0,71.6,31.0,Individual,5,High Risk,Manual Review
58682764,15000.0, 60 months,18.55,E,E2,1 year,OWN,41000.0,Source Verified,credit_card,OK,32.96,0.0,700.0,704.0,1.0,37.8,38.0,Individual,5,High Risk,Manual Review
59211369,5700.0, 36 months,19.19,E,E3,5 years,RENT,19000.0,Verified,debt_consolidation,CA,30.51,0.0,695.0,699.0,2.0,45.9,11.0,Individual,5,High Risk,Manual Review
58792655,23000.0, 60 months,19.19,E,E3,6 years,MORTGAGE,123240.0,Verified,debt_consolidation,FL,33.46,1.0,675.0,679.0,1.0,77.0,53.0,Individual,6,High Risk,Manual Review
59281035,17000.0, 60 months,18.25,E,E1,6 years,MORTGAGE,40000.0,Source Verified,debt_consolidation,PA,36.12,0.0,685.0,689.0,3.0,49.9,37.0,Individual,5,High Risk,Manual Review
59241316,10000.0, 36 months,18.55,E,E2,1 year,RENT,70000.0,Verified,other,CA,3.63,1.0,660.0,664.0,1.0,94.9,38.0,Individual,5,High Risk,Manual Review
59261221,21000.0, 60 months,18.55,E,E2,10+ years,RENT,62000.0,Verified,credit_card,FL,30.53,0.0,660.0,664.0,0.0,66.6,41.0,Individual,5,High Risk,Manual Review
59231298,21350.0, 60 months,19.99,E,E4,10+ years,MORTGAGE,54000.0,Not Verified,home_improvement,CO,34.89,0.0,660.0,664.0,1.0,66.7,32.0,Individual,5,High Risk,Manual Review
59211175,35000.0, 60 months,18.55,E,E2,10+ years,MORTGAGE,85000.0,Source Verified,debt_consolidation,VA,37.41,2.0,670.0,674.0,0.0,70.1,42.0,Individual,6,High Risk,Manual Review
59181252,18300.0, 60 months,19.19,E,E3,3 years,RENT,41600.0,Source Verified,debt_consolidation,NY,31.22,0.0,695.0,699.0,0.0,96.0,9.0,Individual,6,High Risk,Manual Review
59290878,19175.0, 60 months,19.99,E,E4,< 1 year,MORTGAGE,101259.0,Verified,debt_consolidation,AZ,33.84,0.0,670.0,674.0,0.0,87.0,31.0,Individual,6,High Risk,Manual Review
59311114,15200.0, 60 months,19.99,E,E4,10+ years,RENT,38000.0,Verified,debt_consolidation,TN,39.04,1.0,670.0,674.0,1.0,60.0,42.0,Individual,6,High Risk,Manual Review
59290795,19425.0, 36 months,18.55,E,E2,2 years,RENT,42000.0,Verified,debt_consolidation,NE,31.86,0.0,705.0,709.0,0.0,76.1,16.0,Individual,5,High Risk,Manual Review
59081225,12000.0, 36 months,19.19,E,E3,5 years,MORTGAGE,41000.0,Source Verified,credit_card,AZ,33.02,0.0,675.0,679.0,0.0,82.4,21.0,Individual,6,High Risk,Manual Review
59080604,9775.0, 36 months,19.99,E,E4,2 years,MORTGAGE,90000.0,Source Verified,debt_consolidation,CO,31.44,0.0,695.0,699.0,0.0,89.0,27.0,Individual,6,High Risk,Manual Review
58562530,13000.0, 60 months,18.55,E,E2,< 1 year,RENT,51000.0,Source Verified,debt_consolidation,WI,34.45,0.0,675.0,679.0,2.0,52.5,22.0,Individual,5,High Risk,Manual Review
59070479,20000.0, 60 months,19.19,E,E3,10+ years,OWN,50000.0,Verified,debt_consolidation,MN,33.0,0.0,665.0,669.0,0.0,75.8,27.0,Individual,5,High Risk,Manual Review
59071298,24375.0, 60 months,19.19,E,E3,10+ years,RENT,55440.0,Verified,debt_consolidation,NY,35.63,0.0,705.0,709.0,0.0,43.7,37.0,Individual,5,High Risk,Manual Review
59201037,30000.0, 60 months,19.99,E,E4,7 years,MORTGAGE,75000.0,Source Verified,debt_consolidation,PA,28.85,1.0,660.0,664.0,0.0,91.8,27.0,Individual,5,High Risk,Manual Review
59301054,12000.0, 60 months,24.99,F,F4,10+ years,RENT,30000.0,Verified,debt_consolidation,NE,33.12,0.0,695.0,699.0,0.0,97.6,10.0,Individual,6,High Risk,Manual Review
59160920,35000.0, 60 months,18.25,E,E1,3 years,MORTGAGE,85000.0,Source Verified,debt_consolidation,OR,17.28,2.0,680.0,684.0,0.0,83.1,25.0,Individual,5,High Risk,Manual Review
59190834,27950.0, 60 months,21.99,F,F1,9 years,RENT,55900.0,Verified,debt_consolidation,CA,36.8,0.0,685.0,689.0,0.0,79.3,25.0,Individual,5,High Risk,Manual Review
59240938,23000.0, 60 months,19.19,E,E3,10+ years,MORTGAGE,50000.0,Verified,debt_consolidation,GA,36.63,0.0,705.0,709.0,0.0,35.6,28.0,Individual,5,High Risk,Manual Review
59229188,29000.0, 60 months,19.19,E,E3,10+ years,MORTGAGE,80000.0,Source Verified,credit_card,KY,30.6,0.0,700.0,704.0,3.0,78.2,29.0,Individual,5,High Risk,Manual Review
59290886,20000.0, 60 months,18.25,E,E1,2 years,OWN,53100.0,Verified,debt_consolidation,NC,38.03,0.0,670.0,674.0,0.0,66.8,12.0,Individual,5,High Risk,Manual Review
59200471,16150.0, 60 months,21.99,F,F1,10+ years,RENT,68082.0,Verified,debt_consolidation,CA,35.33,0.0,665.0,669.0,1.0,68.8,34.0,Individual,5,High Risk,Manual Review
59071122,16000.0, 60 months,18.55,E,E2,3 years,MORTGAGE,91000.0,Verified,other,NY,36.16,0.0,665.0,669.0,0.0,88.0,45.0,Individual,6,High Risk,Manual Review
59179399,14000.0, 60 months,18.25,E,E1,10+ years,RENT,46000.0,Verified,debt_consolidation,CA,35.59,0.0,670.0,674.0,0.0,65.5,42.0,Individual,5,High Risk,Manual Review
58593055,6900.0, 36 months,21.99,F,F1,7 years,RENT,17280.0,Verified,debt_consolidation,IN,32.57,1.0,660.0,664.0,0.0,74.9,27.0,Individual,6,High Risk,Manual Review
59290210,20250.0, 60 months,19.19,E,E3,7 years,RENT,45000.0,Verified,credit_card,NE,38.03,1.0,665.0,669.0,0.0,59.0,22.0,Individual,6,High Risk,Manual Review
59270956,17450.0, 60 months,19.19,E,E3,3 years,MORTGAGE,48500.0,Source Verified,other,TX,30.41,0.0,700.0,704.0,1.0,68.7,33.0,Individual,5,High Risk,Manual Review
58410160,7050.0, 36 months,19.19,E,E3,7 years,OWN,22000.0,Verified,debt_consolidation,FL,30.39,0.0,675.0,679.0,1.0,81.1,13.0,Individual,6,High Risk,Manual Review
59120791,4475.0, 36 months,19.19,E,E3,5 years,RENT,20000.0,Source Verified,other,NY,34.93,1.0,665.0,669.0,1.0,69.3,13.0,Individual,6,High Risk,Manual Review
59149725,20000.0, 60 months,18.25,E,E1,1 year,RENT,60000.0,Not Verified,debt_consolidation,AR,34.62,0.0,675.0,679.0,1.0,67.1,36.0,Individual,5,High Risk,Manual Review
59109190,31500.0, 36 months,18.55,E,E2,10+ years,RENT,63000.0,Verified,debt_consolidation,CT,30.72,0.0,715.0,719.0,0.0,100.1,12.0,Individual,6,High Risk,Manual Review
59160736,35000.0, 60 months,19.99,E,E4,7 years,RENT,100000.0,Verified,credit_card,WA,33.94,1.0,660.0,664.0,0.0,94.4,56.0,Individual,7,High Risk,Manual Review
58331059,20700.0, 60 months,18.25,E,E1,10+ years,RENT,45000.0,Not Verified,debt_consolidation,MO,33.33,0.0,715.0,719.0,0.0,86.4,18.0,Individual,6,High Risk,Manual Review
59120730,6000.0, 36 months,20.99,E,E5,2 years,RENT,50000.0,Verified,other,NV,33.53,0.0,670.0,674.0,0.0,25.5,14.0,Individual,5,High Risk,Manual Review
59240759,18000.0, 60 months,19.19,E,E3,3 years,RENT,60000.0,Source Verified,debt_consolidation,NC,35.9,0.0,660.0,664.0,0.0,98.3,9.0,Individual,6,High Risk,Manual Review
59110749,22625.0, 60 months,19.99,E,E4,2 years,RENT,70000.0,Source Verified,debt_consolidation,CA,38.04,0.0,705.0,709.0,1.0,22.1,26.0,Individual,5,High Risk,Manual Review
59100557,11325.0, 60 months,22.99,F,F2,3 years,RENT,35976.0,Verified,debt_consolidation,WA,34.76,0.0,680.0,684.0,1.0,77.1,29.0,Individual,5,High Risk,Manual Review
59100500,25600.0, 60 months,27.31,G,G2,1 year,RENT,80000.0,Verified,debt_consolidation,SC,34.52,0.0,660.0,664.0,0.0,84.7,19.0,Individual,6,High Risk,Manual Review
58480702,24600.0, 60 months,19.99,E,E4,10+ years,MORTGAGE,56000.0,Not Verified,debt_consolidation,OK,36.07,0.0,680.0,684.0,0.0,69.2,38.0,Individual,5,High Risk,Manual Review
59240611,12000.0, 60 months,20.99,E,E5,< 1 year,MORTGAGE,72000.0,Source Verified,debt_consolidation,TX,17.17,1.0,695.0,699.0,5.0,87.1,19.0,Individual,5,High Risk,Manual Review
59210701,30000.0, 60 months,18.25,E,E1,10+ years,MORTGAGE,110000.0,Verified,debt_consolidation,MI,17.74,1.0,680.0,684.0,0.0,98.3,15.0,Individual,5,High Risk,Manual Review
59230621,27275.0, 60 months,18.25,E,E1,10+ years,MORTGAGE,75000.0,Source Verified,debt_consolidation,OH,31.7,0.0,695.0,699.0,0.0,45.4,26.0,Individual,5,High Risk,Manual Review
59210673,10800.0, 60 months,21.99,F,F1,4 years,OWN,30000.0,Verified,debt_consolidation,TX,34.4,0.0,670.0,674.0,0.0,95.9,6.0,Individual,6,High Risk,Manual Review
59170411,12500.0, 36 months,20.99,E,E5,2 years,MORTGAGE,33100.0,Verified,debt_consolidation,TX,33.32,0.0,685.0,689.0,0.0,70.5,22.0,Individual,5,High Risk,Manual Review
57167161,18900.0, 60 months,17.86,D,D5,9 years,MORTGAGE,45000.0,Not Verified,debt_consolidation,NC,34.85,1.0,680.0,684.0,0.0,90.1,27.0,Individual,5,High Risk,Manual Review
59249775,9800.0, 36 months,18.25,E,E1,8 years,OWN,28000.0,Verified,debt_consolidation,LA,31.33,0.0,675.0,679.0,2.0,92.0,16.0,Individual,6,High Risk,Manual Review
59130203,17225.0, 60 months,18.25,E,E1,3 years,MORTGAGE,77000.0,Not Verified,debt_consolidation,NY,31.23,0.0,715.0,719.0,0.0,56.8,44.0,Individual,5,High Risk,Manual Review
59160359,12000.0, 36 months,18.25,E,E1,< 1 year,RENT,60000.0,Verified,medical,OR,31.08,0.0,690.0,694.0,1.0,96.4,19.0,Individual,6,High Risk,Manual Review
58121155,27225.0, 60 months,18.55,E,E2,10+ years,MORTGAGE,80000.0,Source Verified,debt_consolidation,GA,29.51,1.0,670.0,674.0,0.0,88.7,27.0,Individual,5,High Risk,Manual Review
59300394,17500.0, 60 months,19.99,E,E4,1 year,OWN,35000.0,Source Verified,credit_card,FL,36.77,0.0,665.0,669.0,2.0,58.3,20.0,Individual,5,High Risk,Manual Review
59070619,15000.0, 36 months,18.25,E,E1,3 years,RENT,45000.0,Verified,debt_consolidation,MI,33.15,0.0,660.0,664.0,1.0,29.3,24.0,Individual,5,High Risk,Manual Review
59220412,28000.0, 36 months,19.99,E,E4,< 1 year,RENT,70000.0,Verified,credit_card,CA,31.98,0.0,665.0,669.0,1.0,100.9,28.0,Individual,6,High Risk,Manual Review
59170323,11875.0, 60 months,27.31,G,G2,3 years,RENT,33000.0,Source Verified,debt_consolidation,IN,38.4,0.0,735.0,739.0,1.0,14.4,15.0,Individual,5,High Risk,Manual Review
59270610,35000.0, 36 months,16.55,D,D2,10+ years,MORTGAGE,170000.0,Source Verified,debt_consolidation,NY,32.28,1.0,670.0,674.0,0.0,84.0,43.0,Individual,5,High Risk,Manual Review
59170325,9500.0, 36 months,19.99,E,E4,3 years,RENT,19000.0,Verified,debt_consolidation,FL,38.53,0.0,690.0,694.0,1.0,25.6,18.0,Individual,5,High Risk,Manual Review
59270597,11500.0, 60 months,18.25,E,E1,10+ years,RENT,32000.0,Verified,debt_consolidation,MN,31.43,0.0,665.0,669.0,2.0,80.9,30.0,Individual,6,High Risk,Manual Review
59290371,24000.0, 60 months,18.55,E,E2,10+ years,MORTGAGE,60000.0,Verified,credit_card,TN,20.16,2.0,660.0,664.0,0.0,99.5,23.0,Individual,5,High Risk,Manual Review
59090106,26400.0, 60 months,19.19,E,E3,1 year,RENT,60000.0,Source Verified,debt_consolidation,GA,33.54,0.0,670.0,674.0,2.0,46.7,39.0,Individual,5,High Risk,Manual Review
59179356,20700.0, 60 months,21.99,F,F1,10+ years,RENT,45000.0,Verified,debt_consolidation,NY,33.79,0.0,720.0,724.0,1.0,48.3,15.0,Individual,5,High Risk,Manual Review
57286742,9325.0, 36 months,20.99,E,E5,7 years,RENT,70000.0,Verified,debt_consolidation,CA,31.44,0.0,670.0,674.0,3.0,27.9,27.0,Individual,5,High Risk,Manual Review
58563092,15100.0, 60 months,21.99,F,F1,10+ years,RENT,42000.0,Verified,debt_consolidation,TN,36.43,0.0,715.0,719.0,1.0,94.3,18.0,Individual,6,High Risk,Manual Review
59250491,28250.0, 36 months,18.55,E,E2,10+ years,MORTGAGE,114600.0,Verified,credit_card,OH,32.41,0.0,675.0,679.0,0.0,88.0,48.0,Individual,6,High Risk,Manual Review
58101102,28375.0, 60 months,19.19,E,E3,< 1 year,MORTGAGE,60000.0,Not Verified,credit_card,AL,37.34,0.0,675.0,679.0,0.0,96.3,14.0,Individual,6,High Risk,Manual Review
59240340,33000.0, 60 months,19.99,E,E4,8 years,OWN,75000.0,Source Verified,debt_consolidation,KS,31.77,1.0,685.0,689.0,2.0,51.3,40.0,Individual,6,High Risk,Manual Review
59150337,30000.0, 60 months,21.99,F,F1,10+ years,MORTGAGE,225000.0,Not Verified,debt_consolidation,WI,38.67,0.0,685.0,689.0,4.0,80.6,44.0,Individual,6,High Risk,Manual Review
59300318,19700.0, 60 months,24.99,F,F4,10+ years,MORTGAGE,52000.0,Verified,debt_consolidation,AL,33.56,0.0,670.0,674.0,0.0,64.0,21.0,Individual,5,High Risk,Manual Review
59170260,35000.0, 60 months,18.55,E,E2,1 year,RENT,135000.0,Source Verified,debt_consolidation,WV,31.31,1.0,690.0,694.0,0.0,80.9,51.0,Individual,7,High Risk,Manual Review
59140263,22075.0, 36 months,18.25,E,E1,5 years,RENT,52600.0,Verified,debt_consolidation,PA,36.45,0.0,705.0,709.0,1.0,99.2,23.0,Individual,6,High Risk,Manual Review
58983763,16800.0, 60 months,18.55,E,E2,6 years,MORTGAGE,40000.0,Not Verified,debt_consolidation,IL,37.8,0.0,705.0,709.0,1.0,67.1,26.0,Individual,5,High Risk,Manual Review
59150287,10000.0, 60 months,18.55,E,E2,3 years,MORTGAGE,95000.0,Source Verified,other,CA,34.49,0.0,675.0,679.0,1.0,83.6,22.0,Individual,6,High Risk,Manual Review
59210170,19800.0, 60 months,23.99,F,F3,10+ years,MORTGAGE,55000.0,Verified,debt_consolidation,SC,29.62,1.0,660.0,664.0,3.0,81.7,36.0,Individual,5,High Risk,Manual Review
59100086,23550.0, 60 months,19.99,E,E4,10+ years,MORTGAGE,62000.0,Verified,debt_consolidation,MD,39.01,1.0,665.0,669.0,0.0,99.2,11.0,Individual,7,High Risk,Manual Review
58723939,17525.0, 36 months,19.19,E,E3,2 years,MORTGAGE,47500.0,Verified,debt_consolidation,UT,32.44,0.0,700.0,704.0,1.0,90.5,16.0,Individual,6,High Risk,Manual Review
59170102,21600.0, 36 months,18.25,E,E1,< 1 year,RENT,48000.0,Verified,debt_consolidation,PA,33.08,0.0,680.0,684.0,2.0,68.0,32.0,Individual,5,High Risk,Manual Review
59070302,11375.0, 36 months,18.25,E,E1,2 years,OWN,22750.0,Verified,credit_card,FL,39.58,0.0,665.0,669.0,0.0,91.0,5.0,Individual,6,High Risk,Manual Review
59220037,16700.0, 60 months,18.25,E,E1,5 years,OWN,38000.0,Source Verified,credit_card,FL,30.39,0.0,660.0,664.0,0.0,88.0,14.0,Individual,6,High Risk,Manual Review
59279837,7950.0, 36 months,18.25,E,E1,< 1 year,MORTGAGE,33367.0,Source Verified,other,NY,32.87,2.0,680.0,684.0,2.0,51.1,42.0,Individual,6,High Risk,Manual Review
59229955,24700.0, 60 months,18.55,E,E2,7 years,OWN,65000.0,Source Verified,debt_consolidation,SC,32.48,0.0,680.0,684.0,1.0,83.3,12.0,Individual,6,High Risk,Manual Review
57714442,35000.0, 60 months,18.55,E,E2,4 years,MORTGAGE,120000.0,Verified,debt_consolidation,FL,27.5,1.0,660.0,664.0,0.0,86.9,28.0,Individual,5,High Risk,Manual Review
59159916,14700.0, 60 months,19.19,E,E3,10+ years,RENT,35000.0,Verified,debt_consolidation,NY,30.28,0.0,660.0,664.0,1.0,71.7,13.0,Individual,5,High Risk,Manual Review
59180029,11150.0, 60 months,22.99,F,F2,9 years,RENT,25365.0,Source Verified,debt_consolidation,NJ,36.3,0.0,715.0,719.0,0.0,31.9,18.0,Individual,5,High Risk,Manual Review
59219588,6825.0, 36 months,18.55,E,E2,< 1 year,RENT,19000.0,Verified,debt_consolidation,FL,31.14,0.0,660.0,664.0,0.0,51.2,37.0,Individual,5,High Risk,Manual Review
59149998,12600.0, 60 months,19.19,E,E3,< 1 year,RENT,30000.0,Verified,credit_card,FL,32.12,0.0,675.0,679.0,0.0,60.3,8.0,Individual,5,High Risk,Manual Review
59289824,10500.0, 60 months,20.99,E,E5,1 year,RENT,25000.0,Not Verified,debt_consolidation,OR,35.14,0.0,660.0,664.0,0.0,55.0,33.0,Individual,5,High Risk,Manual Review
59289793,27950.0, 60 months,18.25,E,E1,6 years,RENT,64800.0,Source Verified,debt_consolidation,CA,31.22,0.0,695.0,699.0,0.0,58.7,23.0,Individual,5,High Risk,Manual Review
59069972,13625.0, 60 months,24.99,F,F4,7 years,MORTGAGE,38000.0,Verified,debt_consolidation,PA,30.16,0.0,695.0,699.0,2.0,66.2,26.0,Individual,5,High Risk,Manual Review
58943512,20000.0, 60 months,22.99,F,F2,< 1 year,MORTGAGE,50000.0,Verified,home_improvement,AZ,31.61,0.0,680.0,684.0,1.0,33.8,17.0,Individual,5,High Risk,Manual Review
59159906,18475.0, 60 months,18.55,E,E2,< 1 year,OWN,44000.0,Verified,credit_card,MA,30.69,0.0,670.0,674.0,1.0,59.0,20.0,Individual,5,High Risk,Manual Review
59249430,20000.0, 60 months,18.55,E,E2,2 years,OWN,40000.0,Not Verified,debt_consolidation,OH,37.17,0.0,690.0,694.0,0.0,90.0,11.0,Individual,6,High Risk,Manual Review
57703907,11650.0, 36 months,18.55,E,E2,8 years,RENT,54000.0,Source Verified,debt_consolidation,NC,37.16,0.0,680.0,684.0,0.0,47.0,35.0,Individual,5,High Risk,Manual Review
59069951,12000.0, 60 months,19.19,E,E3,5 years,RENT,63047.0,Verified,debt_consolidation,CA,31.6,0.0,695.0,699.0,0.0,61.5,24.0,Individual,5,High Risk,Manual Review
58270812,2875.0, 36 months,22.99,F,F2,10+ years,MORTGAGE,38000.0,Verified,major_purchase,OK,34.49,0.0,660.0,664.0,0.0,73.1,23.0,Individual,5,High Risk,Manual Review
57753502,9200.0, 36 months,25.78,F,F5,3 years,RENT,30681.0,Verified,debt_consolidation,NV,34.8,0.0,665.0,669.0,0.0,93.5,17.0,Individual,6,High Risk,Manual Review
58672599,9000.0, 36 months,18.55,E,E2,7 years,RENT,25000.0,Verified,debt_consolidation,HI,39.51,0.0,665.0,669.0,0.0,85.7,11.0,Individual,6,High Risk,Manual Review
59159835,10000.0, 60 months,19.19,E,E3,10+ years,MORTGAGE,48500.0,Source Verified,debt_consolidation,FL,25.17,3.0,660.0,664.0,0.0,81.0,22.0,Individual,5,High Risk,Manual Review
59249967,23925.0, 60 months,18.55,E,E2,2 years,RENT,57000.0,Source Verified,debt_consolidation,NY,32.06,0.0,675.0,679.0,0.0,40.2,45.0,Individual,5,High Risk,Manual Review
59229764,35000.0, 60 months,21.99,F,F1,10+ years,RENT,96000.0,Verified,debt_consolidation,WV,36.45,0.0,730.0,734.0,1.0,58.8,27.0,Individual,5,High Risk,Manual Review
59169707,17000.0, 60 months,15.61,D,D1,3 years,MORTGAGE,65000.0,Source Verified,debt_consolidation,SC,30.54,1.0,670.0,674.0,0.0,90.1,47.0,Individual,5,High Risk,Manual Review
58654169,17275.0, 60 months,20.99,E,E5,7 years,RENT,48000.0,Verified,debt_consolidation,WA,33.5,0.0,670.0,674.0,2.0,93.8,20.0,Individual,6,High Risk,Manual Review
59189698,35000.0, 60 months,18.55,E,E2,9 years,RENT,85000.0,Verified,debt_consolidation,FL,39.15,0.0,690.0,694.0,0.0,66.4,23.0,Individual,5,High Risk,Manual Review
57723259,17800.0, 60 months,19.19,E,E3,8 years,RENT,49500.0,Verified,debt_consolidation,MN,33.89,0.0,665.0,669.0,1.0,75.8,22.0,Individual,5,High Risk,Manual Review
59199777,15000.0, 60 months,28.49,G,G4,6 years,RENT,50000.0,Verified,debt_consolidation,FL,39.73,1.0,660.0,664.0,0.0,76.5,14.0,Individual,6,High Risk,Manual Review
59249846,26400.0, 60 months,21.99,F,F1,9 years,MORTGAGE,60000.0,Verified,debt_consolidation,MI,37.41,0.0,705.0,709.0,0.0,60.4,36.0,Individual,5,High Risk,Manual Review
58943232,20000.0, 60 months,22.99,F,F2,10+ years,RENT,80000.0,Verified,other,CA,34.1,0.0,695.0,699.0,0.0,54.7,24.0,Individual,5,High Risk,Manual Review
59209595,30000.0, 60 months,19.99,E,E4,10+ years,MORTGAGE,89000.0,Verified,debt_consolidation,IN,37.23,0.0,660.0,664.0,4.0,89.3,75.0,Individual,6,High Risk,Manual Review
57664065,30400.0, 60 months,18.55,E,E2,1 year,RENT,117000.0,Verified,debt_consolidation,NJ,32.06,0.0,660.0,664.0,1.0,93.0,29.0,Individual,6,High Risk,Manual Review
59309610,35000.0, 60 months,19.99,E,E4,10+ years,MORTGAGE,92500.0,Source Verified,debt_consolidation,MI,37.52,1.0,680.0,684.0,3.0,49.1,39.0,Individual,6,High Risk,Manual Review
59249256,4300.0, 36 months,19.99,E,E4,6 years,RENT,12000.0,Verified,other,HI,35.6,1.0,680.0,684.0,0.0,82.3,20.0,Individual,7,High Risk,Manual Review
59139452,21500.0, 36 months,20.99,E,E5,10+ years,MORTGAGE,43000.0,Verified,debt_consolidation,TX,35.23,1.0,670.0,674.0,2.0,68.4,50.0,Individual,6,High Risk,Manual Review
58642162,6400.0, 36 months,18.25,E,E1,10+ years,MORTGAGE,43030.0,Source Verified,credit_card,CT,30.46,0.0,765.0,769.0,0.0,56.7,11.0,Individual,5,High Risk,Manual Review
59129490,30000.0, 60 months,19.99,E,E4,5 years,RENT,80000.0,Verified,debt_consolidation,AZ,33.03,0.0,670.0,674.0,0.0,39.5,38.0,Individual,5,High Risk,Manual Review
59149500,11525.0, 60 months,20.99,E,E5,,OWN,27462.96,Verified,credit_card,FL,35.53,0.0,665.0,669.0,0.0,76.9,10.0,Individual,5,High Risk,Manual Review
59259554,16600.0, 60 months,19.19,E,E3,10+ years,MORTGAGE,54180.0,Source Verified,debt_consolidation,KY,33.24,0.0,685.0,689.0,2.0,53.8,36.0,Individual,5,High Risk,Manual Review
59179588,35000.0, 60 months,19.99,E,E4,10+ years,MORTGAGE,132368.0,Source Verified,debt_consolidation,VA,13.18,2.0,685.0,689.0,1.0,81.9,27.0,Individual,5,High Risk,Manual Review
58673984,13675.0, 60 months,20.99,E,E5,3 years,MORTGAGE,38000.0,Verified,debt_consolidation,OH,32.03,1.0,700.0,704.0,0.0,30.3,20.0,Individual,6,High Risk,Manual Review
59089495,9700.0, 36 months,19.99,E,E4,,RENT,27000.0,Verified,debt_consolidation,NY,38.33,0.0,675.0,679.0,2.0,49.9,22.0,Individual,5,High Risk,Manual Review
58470973,10500.0, 60 months,18.25,E,E1,10+ years,MORTGAGE,30000.0,Verified,credit_card,GA,32.48,0.0,670.0,674.0,0.0,65.0,30.0,Individual,5,High Risk,Manual Review
59269514,19125.0, 60 months,18.55,E,E2,< 1 year,RENT,52000.0,Source Verified,debt_consolidation,MA,20.85,1.0,685.0,689.0,0.0,89.3,16.0,Individual,5,High Risk,Manual Review
59079511,32000.0, 60 months,17.86,D,D5,10+ years,MORTGAGE,130000.0,Verified,debt_consolidation,VA,37.83,1.0,665.0,669.0,0.0,95.0,39.0,Individual,5,High Risk,Manual Review
59069460,18000.0, 60 months,19.99,E,E4,1 year,RENT,50000.0,Source Verified,debt_consolidation,OH,32.72,1.0,665.0,669.0,0.0,38.1,26.0,Individual,6,High Risk,Manual Review
59289421,14725.0, 60 months,18.55,E,E2,7 years,MORTGAGE,33500.0,Verified,debt_consolidation,SD,22.68,1.0,680.0,684.0,1.0,88.4,45.0,Individual,5,High Risk,Manual Review
58683816,14700.0, 60 months,18.25,E,E1,2 years,RENT,51560.0,Verified,debt_consolidation,NY,8.96,1.0,670.0,674.0,2.0,82.3,29.0,Individual,5,High Risk,Manual Review
59299463,29400.0, 60 months,19.19,E,E3,10+ years,RENT,70000.0,Source Verified,debt_consolidation,MA,34.24,0.0,670.0,674.0,0.0,83.3,34.0,Individual,6,High Risk,Manual Review
59229458,16525.0, 36 months,17.57,D,D4,10+ years,MORTGAGE,58500.0,Verified,debt_consolidation,AL,31.84,1.0,660.0,664.0,1.0,84.3,22.0,Individual,5,High Risk,Manual Review
59259387,24700.0, 60 months,22.99,F,F2,,MORTGAGE,65000.0,Verified,debt_consolidation,TX,32.72,0.0,660.0,664.0,2.0,59.0,37.0,Individual,5,High Risk,Manual Review
58513787,11000.0, 60 months,18.55,E,E2,10+ years,RENT,45414.22,Not Verified,debt_consolidation,NV,31.4,0.0,685.0,689.0,1.0,39.1,36.0,Individual,5,High Risk,Manual Review
58963651,27250.0, 60 months,18.25,E,E1,6 years,RENT,98599.0,Verified,debt_consolidation,NY,35.32,0.0,705.0,709.0,0.0,42.7,41.0,Individual,5,High Risk,Manual Review
59119479,4450.0, 36 months,18.25,E,E1,9 years,RENT,32000.0,Verified,debt_consolidation,CA,36.27,1.0,675.0,679.0,0.0,9.6,7.0,Individual,6,High Risk,Manual Review
59259367,5450.0, 36 months,23.99,F,F3,7 years,RENT,20400.0,Verified,debt_consolidation,CA,38.71,0.0,670.0,674.0,1.0,68.5,7.0,Individual,5,High Risk,Manual Review
58291340,6050.0, 36 months,18.55,E,E2,2 years,RENT,31000.0,Verified,debt_consolidation,FL,38.83,0.0,670.0,674.0,0.0,88.5,10.0,Individual,6,High Risk,Manual Review
59229414,10000.0, 60 months,18.25,E,E1,4 years,RENT,50000.0,Source Verified,debt_consolidation,CT,34.12,1.0,690.0,694.0,0.0,44.0,39.0,Individual,6,High Risk,Manual Review
58582914,17300.0, 60 months,19.19,E,E3,10+ years,MORTGAGE,45000.0,Not Verified,home_improvement,IN,38.88,1.0,705.0,709.0,1.0,42.7,27.0,Individual,6,High Risk,Manual Review
59249351,16000.0, 60 months,18.25,E,E1,10+ years,MORTGAGE,40000.0,Verified,debt_consolidation,MD,36.45,0.0,695.0,699.0,0.0,89.4,12.0,Individual,6,High Risk,Manual Review
59219264,19200.0, 60 months,18.25,E,E1,< 1 year,RENT,48000.0,Source Verified,debt_consolidation,NY,30.4,0.0,680.0,684.0,0.0,87.8,24.0,Individual,6,High Risk,Manual Review
57723028,27075.0, 60 months,27.31,G,G2,2 years,OWN,68000.0,Verified,credit_card,WA,30.66,0.0,665.0,669.0,2.0,79.3,11.0,Individual,5,High Risk,Manual Review
59209276,11625.0, 60 months,18.55,E,E2,5 years,MORTGAGE,50000.0,Verified,debt_consolidation,WA,39.17,0.0,675.0,679.0,0.0,31.4,39.0,Individual,5,High Risk,Manual Review
58664448,27375.0, 60 months,19.19,E,E3,7 years,MORTGAGE,74439.0,Verified,debt_consolidation,OH,36.32,0.0,690.0,694.0,0.0,94.4,44.0,Individual,6,High Risk,Manual Review
59149323,30000.0, 60 months,18.25,E,E1,10+ years,MORTGAGE,121000.0,Verified,debt_consolidation,WA,34.21,0.0,665.0,669.0,1.0,46.2,69.0,Individual,5,High Risk,Manual Review
59149294,35000.0, 60 months,22.99,F,F2,7 years,RENT,82000.0,Verified,debt_consolidation,MD,33.12,0.0,680.0,684.0,1.0,67.1,26.0,Individual,5,High Risk,Manual Review
59179181,18000.0, 60 months,19.99,E,E4,10+ years,MORTGAGE,97000.0,Verified,debt_consolidation,AZ,36.14,0.0,665.0,669.0,0.0,48.9,39.0,Individual,5,High Risk,Manual Review
58281040,10500.0, 60 months,18.25,E,E1,< 1 year,RENT,46000.0,Source Verified,debt_consolidation,NY,36.39,0.0,675.0,679.0,1.0,44.1,18.0,Individual,5,High Risk,Manual Review
58983766,6575.0, 36 months,18.55,E,E2,6 years,MORTGAGE,38000.0,Verified,debt_consolidation,HI,32.66,0.0,700.0,704.0,0.0,101.1,20.0,Individual,6,High Risk,Manual Review
59209252,35000.0, 36 months,20.99,E,E5,10+ years,OWN,85000.0,Verified,credit_card,AL,37.07,1.0,660.0,664.0,4.0,91.0,45.0,Individual,7,High Risk,Manual Review
58564047,17850.0, 60 months,21.99,F,F1,2 years,RENT,45000.0,Verified,debt_consolidation,MA,36.03,0.0,660.0,664.0,0.0,85.0,15.0,Individual,6,High Risk,Manual Review
59013741,19575.0, 60 months,25.78,F,F5,,MORTGAGE,49200.0,Verified,debt_consolidation,PA,39.2,0.0,700.0,704.0,0.0,75.4,19.0,Individual,5,High Risk,Manual Review
59079133,11950.0, 60 months,19.19,E,E3,10+ years,MORTGAGE,68000.0,Verified,debt_consolidation,PA,32.44,0.0,700.0,704.0,1.0,97.6,21.0,Individual,6,High Risk,Manual Review
58842819,2500.0, 36 months,18.55,E,E2,< 1 year,RENT,12550.0,Verified,debt_consolidation,KS,30.33,0.0,670.0,674.0,2.0,38.0,13.0,Individual,5,High Risk,Manual Review
59309145,13025.0, 60 months,18.25,E,E1,2 years,MORTGAGE,98000.0,Verified,other,MA,15.18,4.0,665.0,669.0,1.0,93.0,12.0,Individual,5,High Risk,Manual Review
59079139,24350.0, 60 months,19.19,E,E3,9 years,MORTGAGE,93000.0,Not Verified,debt_consolidation,PA,34.43,0.0,665.0,669.0,1.0,90.6,30.0,Individual,6,High Risk,Manual Review
58603876,30000.0, 36 months,18.25,E,E1,3 years,RENT,82000.0,Verified,debt_consolidation,CA,37.65,0.0,670.0,674.0,0.0,89.8,14.0,Individual,6,High Risk,Manual Review
58592963,12125.0, 60 months,19.19,E,E3,6 years,OWN,33716.8,Verified,credit_card,NJ,33.11,0.0,670.0,674.0,1.0,82.2,17.0,Individual,6,High Risk,Manual Review
58534110,11625.0, 60 months,20.99,E,E5,4 years,RENT,40400.0,Verified,debt_consolidation,NV,38.83,0.0,705.0,709.0,0.0,75.2,10.0,Individual,5,High Risk,Manual Review
58862689,4100.0, 36 months,18.25,E,E1,,RENT,26000.0,Verified,other,CA,39.89,0.0,670.0,674.0,3.0,67.0,18.0,Individual,5,High Risk,Manual Review
58902716,15575.0, 60 months,18.25,E,E1,3 years,MORTGAGE,38000.0,Source Verified,debt_consolidation,NY,33.86,0.0,695.0,699.0,1.0,50.6,15.0,Individual,5,High Risk,Manual Review
58401331,16000.0, 60 months,20.99,E,E5,10+ years,MORTGAGE,32000.0,Source Verified,debt_consolidation,MI,36.83,0.0,690.0,694.0,0.0,48.8,50.0,Individual,5,High Risk,Manual Review
58932661,2200.0, 36 months,18.25,E,E1,6 years,RENT,61000.0,Verified,other,TX,32.8,3.0,665.0,669.0,2.0,66.5,32.0,Individual,6,High Risk,Manual Review
58782418,12000.0, 36 months,16.55,D,D2,10+ years,MORTGAGE,77000.0,Source Verified,credit_card,OH,38.7,2.0,675.0,679.0,0.0,90.3,34.0,Individual,5,High Risk,Manual Review
58723577,21825.0, 60 months,21.99,F,F1,10+ years,MORTGAGE,52000.0,Not Verified,debt_consolidation,TX,20.15,1.0,685.0,689.0,0.0,91.4,12.0,Individual,5,High Risk,Manual Review
58983667,15625.0, 36 months,18.55,E,E2,10+ years,MORTGAGE,59000.0,Source Verified,debt_consolidation,PA,35.46,0.0,690.0,694.0,1.0,87.0,23.0,Individual,6,High Risk,Manual Review
58973541,17850.0, 60 months,24.99,F,F4,2 years,OWN,80000.0,Verified,home_improvement,FL,30.59,2.0,660.0,664.0,2.0,59.0,45.0,Individual,6,High Risk,Manual Review
58200145,18000.0, 60 months,23.99,F,F3,10+ years,MORTGAGE,50000.0,Verified,debt_consolidation,MS,38.09,0.0,670.0,674.0,0.0,74.3,43.0,Individual,5,High Risk,Manual Review
58583951,28600.0, 60 months,19.19,E,E3,10+ years,RENT,65000.0,Not Verified,debt_consolidation,TX,31.98,1.0,680.0,684.0,1.0,69.4,19.0,Individual,6,High Risk,Manual Review
57823713,6975.0, 36 months,20.99,E,E5,5 years,RENT,30500.0,Verified,other,OK,38.57,0.0,690.0,694.0,0.0,37.1,18.0,Individual,5,High Risk,Manual Review
58772347,20000.0, 60 months,22.99,F,F2,4 years,RENT,110000.0,Source Verified,debt_consolidation,TX,32.28,0.0,660.0,664.0,0.0,91.9,14.0,Individual,6,High Risk,Manual Review
58594002,10700.0, 60 months,19.19,E,E3,5 years,MORTGAGE,57000.0,Source Verified,debt_consolidation,MI,35.33,0.0,710.0,714.0,0.0,59.7,26.0,Individual,5,High Risk,Manual Review
58772447,13125.0, 60 months,19.99,E,E4,3 years,MORTGAGE,40000.0,Verified,debt_consolidation,GA,39.39,1.0,680.0,684.0,1.0,46.8,19.0,Individual,6,High Risk,Manual Review
58973312,27500.0, 60 months,20.99,E,E5,,RENT,55000.0,Not Verified,debt_consolidation,CT,36.86,1.0,665.0,669.0,0.0,72.5,32.0,Individual,6,High Risk,Manual Review
58543510,9000.0, 36 months,23.99,F,F3,7 years,RENT,30000.0,Verified,debt_consolidation,HI,39.12,0.0,665.0,669.0,1.0,81.6,10.0,Individual,6,High Risk,Manual Review
58993333,21375.0, 60 months,19.19,E,E3,10+ years,MORTGAGE,80000.0,Source Verified,debt_consolidation,TX,38.79,0.0,685.0,689.0,0.0,82.6,68.0,Individual,6,High Risk,Manual Review
58912431,19275.0, 60 months,19.99,E,E4,10+ years,MORTGAGE,45000.0,Verified,debt_consolidation,NY,37.2,0.0,685.0,689.0,0.0,65.8,31.0,Individual,5,High Risk,Manual Review
58922266,32000.0, 60 months,19.19,E,E3,7 years,MORTGAGE,80000.0,Source Verified,debt_consolidation,IL,38.55,0.0,680.0,684.0,3.0,53.5,53.0,Individual,5,High Risk,Manual Review
58733952,35000.0, 60 months,21.99,F,F1,10+ years,MORTGAGE,170000.0,Source Verified,debt_consolidation,NJ,15.96,1.0,660.0,664.0,0.0,89.9,23.0,Individual,5,High Risk,Manual Review
58922272,26600.0, 60 months,18.25,E,E1,10+ years,RENT,93333.0,Verified,debt_consolidation,MD,31.3,0.0,665.0,669.0,0.0,85.3,40.0,Individual,6,High Risk,Manual Review
58792176,23300.0, 60 months,22.99,F,F2,< 1 year,RENT,69000.0,Source Verified,debt_consolidation,CA,30.4,0.0,680.0,684.0,3.0,77.1,29.0,Individual,5,High Risk,Manual Review
58643817,4600.0, 36 months,19.99,E,E4,10+ years,RENT,48000.0,Source Verified,debt_consolidation,DE,35.15,0.0,660.0,664.0,1.0,60.0,16.0,Individual,5,High Risk,Manual Review
58150160,12000.0, 60 months,18.25,E,E1,2 years,MORTGAGE,96000.0,Source Verified,debt_consolidation,AZ,32.93,0.0,680.0,684.0,2.0,99.0,24.0,Individual,6,High Risk,Manual Review
58983215,8800.0, 36 months,18.25,E,E1,< 1 year,RENT,20000.0,Verified,debt_consolidation,FL,34.81,0.0,685.0,689.0,0.0,57.0,12.0,Individual,5,High Risk,Manual Review
58673411,14425.0, 60 months,20.99,E,E5,9 years,RENT,42432.0,Verified,debt_consolidation,AL,30.68,0.0,690.0,694.0,0.0,80.6,31.0,Individual,6,High Risk,Manual Review
59013207,28000.0, 60 months,21.99,F,F1,< 1 year,MORTGAGE,125000.0,Source Verified,home_improvement,CO,8.29,1.0,685.0,689.0,0.0,96.3,13.0,Individual,5,High Risk,Manual Review
58524433,10600.0, 60 months,21.99,F,F1,1 year,RENT,29500.0,Verified,debt_consolidation,WA,32.34,0.0,675.0,679.0,3.0,60.0,28.0,Individual,5,High Risk,Manual Review
58624366,10800.0, 36 months,18.55,E,E2,6 years,OWN,36000.0,Verified,debt_consolidation,NY,31.2,0.0,690.0,694.0,0.0,77.6,20.0,Individual,5,High Risk,Manual Review
58724230,9725.0, 36 months,21.99,F,F1,8 years,RENT,33800.0,Verified,debt_consolidation,MA,32.6,0.0,660.0,664.0,0.0,71.4,11.0,Individual,5,High Risk,Manual Review
58411319,25875.0, 60 months,19.99,E,E4,10+ years,MORTGAGE,73000.0,Source Verified,debt_consolidation,CA,32.43,0.0,705.0,709.0,0.0,83.4,25.0,Individual,6,High Risk,Manual Review
58534147,10825.0, 60 months,18.55,E,E2,10+ years,OWN,23580.0,Verified,debt_consolidation,MI,37.46,0.0,680.0,684.0,0.0,92.0,12.0,Individual,6,High Risk,Manual Review
58734247,15000.0, 36 months,20.99,E,E5,10+ years,MORTGAGE,70000.0,Verified,debt_consolidation,MO,31.77,0.0,695.0,699.0,0.0,54.8,77.0,Individual,5,High Risk,Manual Review
58734241,17400.0, 60 months,19.99,E,E4,,MORTGAGE,50000.0,Verified,debt_consolidation,TX,31.85,0.0,670.0,674.0,1.0,71.0,31.0,Individual,5,High Risk,Manual Review
58370160,24125.0, 60 months,28.99,G,G5,10+ years,RENT,71000.0,Verified,other,CA,31.63,2.0,665.0,669.0,0.0,63.7,31.0,Individual,6,High Risk,Manual Review
58594022,21175.0, 60 months,23.99,F,F3,10+ years,MORTGAGE,66200.0,Verified,debt_consolidation,NE,33.09,0.0,700.0,704.0,0.0,94.3,34.0,Individual,6,High Risk,Manual Review
58634079,26350.0, 60 months,18.25,E,E1,10+ years,RENT,64000.0,Source Verified,debt_consolidation,NY,32.78,0.0,700.0,704.0,0.0,87.7,19.0,Individual,6,High Risk,Manual Review
56699776,22050.0, 60 months,26.77,G,G1,,MORTGAGE,49004.76,Verified,credit_card,NC,32.13,0.0,670.0,674.0,1.0,90.0,20.0,Individual,6,High Risk,Manual Review
58693010,20000.0, 60 months,18.25,E,E1,4 years,OWN,70000.0,Source Verified,credit_card,MN,34.56,0.0,695.0,699.0,2.0,87.2,29.0,Individual,6,High Risk,Manual Review
58714127,35000.0, 60 months,18.55,E,E2,,MORTGAGE,81960.0,Verified,credit_card,NC,30.07,0.0,670.0,674.0,0.0,86.3,17.0,Individual,6,High Risk,Manual Review
58583704,35000.0, 60 months,18.25,E,E1,< 1 year,MORTGAGE,110000.0,Verified,debt_consolidation,NY,24.87,1.0,680.0,684.0,1.0,91.5,40.0,Individual,5,High Risk,Manual Review
58654116,18400.0, 60 months,19.99,E,E4,< 1 year,RENT,40000.0,Source Verified,credit_card,GA,35.07,0.0,700.0,704.0,1.0,85.5,13.0,Individual,6,High Risk,Manual Review
58532645,35000.0, 60 months,18.55,E,E2,10+ years,MORTGAGE,135000.0,Verified,debt_consolidation,VA,12.93,2.0,675.0,679.0,1.0,92.2,30.0,Individual,5,High Risk,Manual Review
58684084,10000.0, 60 months,27.31,G,G2,4 years,RENT,25000.0,Verified,credit_card,CA,34.13,0.0,665.0,669.0,1.0,69.3,23.0,Individual,5,High Risk,Manual Review
58634028,35000.0, 60 months,18.55,E,E2,< 1 year,RENT,70000.0,Source Verified,debt_consolidation,CA,33.21,0.0,685.0,689.0,1.0,60.9,24.0,Individual,5,High Risk,Manual Review
58704260,16500.0, 60 months,18.55,E,E2,1 year,RENT,55000.0,Source Verified,debt_consolidation,MA,21.6,1.0,660.0,664.0,0.0,96.5,21.0,Individual,5,High Risk,Manual Review
58603860,25000.0, 60 months,18.25,E,E1,8 years,RENT,55000.0,Source Verified,credit_card,CA,22.61,1.0,665.0,669.0,0.0,90.2,17.0,Individual,5,High Risk,Manual Review
58653121,11225.0, 60 months,19.19,E,E3,5 years,MORTGAGE,31219.0,Verified,debt_consolidation,WA,8.96,1.0,665.0,669.0,0.0,97.5,12.0,Individual,5,High Risk,Manual Review
58633872,35000.0, 60 months,21.99,F,F1,10+ years,MORTGAGE,125000.0,Verified,debt_consolidation,NY,31.44,0.0,700.0,704.0,2.0,98.0,26.0,Individual,6,High Risk,Manual Review
58613894,16000.0, 60 months,24.99,F,F4,1 year,OWN,40000.0,Verified,debt_consolidation,AL,32.85,0.0,680.0,684.0,0.0,54.5,10.0,Individual,5,High Risk,Manual Review
58684026,16125.0, 60 months,18.25,E,E1,2 years,RENT,56000.0,Verified,credit_card,KS,39.78,0.0,720.0,724.0,0.0,83.9,26.0,Individual,6,High Risk,Manual Review
58693882,20000.0, 60 months,20.99,E,E5,5 years,RENT,110000.0,Verified,debt_consolidation,CA,18.38,1.0,670.0,674.0,1.0,82.1,26.0,Individual,5,High Risk,Manual Review
58514011,10775.0, 36 months,19.19,E,E3,3 years,RENT,25685.0,Verified,credit_card,CA,38.21,0.0,680.0,684.0,0.0,84.1,31.0,Individual,6,High Risk,Manual Review
58633927,20000.0, 60 months,18.25,E,E1,2 years,RENT,45000.0,Verified,debt_consolidation,VA,39.09,7.0,660.0,664.0,0.0,56.7,45.0,Individual,6,High Risk,Manual Review
58714041,17000.0, 60 months,19.19,E,E3,10+ years,RENT,65500.0,Verified,other,MI,39.06,0.0,685.0,689.0,1.0,87.6,16.0,Individual,6,High Risk,Manual Review
57813515,34650.0, 60 months,17.86,D,D5,10+ years,MORTGAGE,79000.0,Source Verified,debt_consolidation,NY,31.63,1.0,695.0,699.0,0.0,83.9,29.0,Individual,5,High Risk,Manual Review
57940405,30000.0, 60 months,18.55,E,E2,10+ years,MORTGAGE,75000.0,Verified,credit_card,TX,30.19,1.0,685.0,689.0,0.0,84.6,25.0,Individual,7,High Risk,Manual Review
58733901,3375.0, 36 months,18.25,E,E1,10+ years,MORTGAGE,82000.0,Not Verified,debt_consolidation,TX,19.16,2.0,660.0,664.0,3.0,81.0,17.0,Individual,5,High Risk,Manual Review
58523703,17300.0, 60 months,19.19,E,E3,10+ years,RENT,76000.0,Verified,debt_consolidation,OR,35.42,0.0,700.0,704.0,0.0,68.0,18.0,Individual,5,High Risk,Manual Review
58672518,26750.0, 60 months,18.25,E,E1,3 years,MORTGAGE,53500.0,Source Verified,debt_consolidation,MS,32.46,0.0,695.0,699.0,0.0,92.6,31.0,Individual,6,High Risk,Manual Review
58643641,11000.0, 60 months,20.99,E,E5,< 1 year,RENT,25000.0,Verified,debt_consolidation,NC,35.09,4.0,695.0,699.0,0.0,30.6,17.0,Individual,6,High Risk,Manual Review
58643891,17025.0, 60 months,18.55,E,E2,10+ years,MORTGAGE,90600.0,Not Verified,debt_consolidation,VT,37.21,0.0,690.0,694.0,0.0,69.5,59.0,Individual,5,High Risk,Manual Review
58543964,14400.0, 60 months,19.99,E,E4,5 years,RENT,40000.0,Verified,debt_consolidation,TX,33.42,0.0,670.0,674.0,1.0,70.4,31.0,Individual,5,High Risk,Manual Review
56905718,10000.0, 60 months,18.25,E,E1,< 1 year,MORTGAGE,30000.0,Verified,debt_consolidation,OH,36.92,0.0,675.0,679.0,0.0,24.6,23.0,Individual,5,High Risk,Manual Review
58493830,9000.0, 36 months,18.55,E,E2,4 years,RENT,37000.0,Verified,debt_consolidation,CA,31.33,0.0,660.0,664.0,3.0,24.3,14.0,Individual,5,High Risk,Manual Review
58502468,24200.0, 60 months,18.25,E,E1,10+ years,MORTGAGE,60000.0,Source Verified,other,DE,33.88,0.0,710.0,714.0,0.0,75.0,35.0,Individual,5,High Risk,Manual Review
58573844,22300.0, 60 months,18.55,E,E2,4 years,OWN,50686.0,Source Verified,debt_consolidation,OH,37.06,0.0,685.0,689.0,0.0,89.3,23.0,Individual,6,High Risk,Manual Review
58513684,24000.0, 60 months,16.99,D,D3,10+ years,MORTGAGE,48000.0,Source Verified,debt_consolidation,AL,35.58,1.0,660.0,664.0,0.0,99.5,13.0,Individual,5,High Risk,Manual Review
57126725,30000.0, 60 months,20.99,E,E5,10+ years,MORTGAGE,60000.0,Source Verified,debt_consolidation,IN,32.18,0.0,665.0,669.0,0.0,67.3,24.0,Individual,5,High Risk,Manual Review
58543487,30000.0, 60 months,19.19,E,E3,< 1 year,RENT,112500.0,Verified,small_business,IL,31.83,0.0,690.0,694.0,1.0,78.5,29.0,Individual,5,High Risk,Manual Review
57608467,22175.0, 60 months,19.99,E,E4,10+ years,MORTGAGE,58240.0,Not Verified,debt_consolidation,CA,37.15,0.0,675.0,679.0,0.0,72.9,32.0,Individual,5,High Risk,Manual Review
58623753,15000.0, 60 months,18.25,E,E1,3 years,RENT,45000.0,Source Verified,debt_consolidation,WY,24.32,1.0,675.0,679.0,1.0,86.1,22.0,Individual,5,High Risk,Manual Review
58693646,10000.0, 60 months,22.99,F,F2,6 years,OWN,25000.0,Verified,debt_consolidation,AK,36.82,0.0,705.0,709.0,0.0,97.6,17.0,Individual,6,High Risk,Manual Review
58401175,21350.0, 60 months,21.99,F,F1,10+ years,OWN,66500.0,Verified,credit_card,NJ,34.67,0.0,670.0,674.0,4.0,65.0,49.0,Individual,5,High Risk,Manual Review
58592559,15075.0, 60 months,19.19,E,E3,1 year,MORTGAGE,50000.0,Source Verified,debt_consolidation,AZ,35.07,0.0,660.0,664.0,1.0,60.6,46.0,Individual,5,High Risk,Manual Review
58622280,9675.0, 36 months,18.55,E,E2,10+ years,OWN,52000.0,Source Verified,house,TX,36.51,0.0,670.0,674.0,1.0,13.0,32.0,Individual,5,High Risk,Manual Review
58703807,35000.0, 60 months,17.86,D,D5,< 1 year,RENT,88000.0,Verified,debt_consolidation,CA,30.04,1.0,680.0,684.0,0.0,85.3,34.0,Individual,5,High Risk,Manual Review
58703828,7725.0, 36 months,18.25,E,E1,,RENT,15450.0,Verified,debt_consolidation,PA,38.38,0.0,690.0,694.0,1.0,45.7,12.0,Individual,5,High Risk,Manual Review
58733743,10500.0, 60 months,19.19,E,E3,3 years,MORTGAGE,95000.0,Source Verified,small_business,MD,36.42,5.0,675.0,679.0,0.0,88.6,47.0,Individual,7,High Risk,Manual Review
58623089,20700.0, 60 months,19.19,E,E3,4 years,RENT,45000.0,Source Verified,debt_consolidation,FL,30.6,0.0,685.0,689.0,0.0,81.1,32.0,Individual,6,High Risk,Manual Review
58713287,16925.0, 60 months,18.55,E,E2,10+ years,MORTGAGE,42000.0,Source Verified,debt_consolidation,OH,30.72,0.0,705.0,709.0,0.0,58.8,29.0,Individual,5,High Risk,Manual Review
58663721,7225.0, 36 months,19.19,E,E3,,RENT,22618.8,Verified,debt_consolidation,TN,37.05,0.0,675.0,679.0,1.0,49.8,16.0,Individual,5,High Risk,Manual Review
58543374,13600.0, 60 months,18.25,E,E1,10+ years,MORTGAGE,110000.0,Not Verified,debt_consolidation,OH,19.74,2.0,660.0,664.0,0.0,90.1,51.0,Individual,5,High Risk,Manual Review
58703693,9550.0, 36 months,19.99,E,E4,,RENT,32376.0,Verified,debt_consolidation,WI,32.54,0.0,695.0,699.0,3.0,29.6,26.0,Individual,5,High Risk,Manual Review
58030334,16625.0, 36 months,20.99,E,E5,10+ years,MORTGAGE,47000.0,Verified,credit_card,MA,33.53,0.0,665.0,669.0,2.0,51.2,39.0,Individual,5,High Risk,Manual Review
58583100,16950.0, 60 months,23.99,F,F3,6 years,OWN,56500.0,Verified,debt_consolidation,SC,36.07,0.0,695.0,699.0,0.0,43.4,34.0,Individual,5,High Risk,Manual Review
57366901,35000.0, 60 months,19.19,E,E3,10+ years,RENT,70000.0,Source Verified,debt_consolidation,NH,32.71,0.0,720.0,724.0,0.0,22.1,43.0,Individual,5,High Risk,Manual Review
58563338,16900.0, 60 months,27.88,G,G3,< 1 year,MORTGAGE,35000.0,Verified,other,KY,13.37,2.0,670.0,674.0,0.0,90.6,14.0,Individual,5,High Risk,Manual Review
58493097,16475.0, 60 months,21.99,F,F1,10+ years,MORTGAGE,75000.0,Verified,debt_consolidation,IN,32.72,0.0,695.0,699.0,1.0,65.0,41.0,Individual,5,High Risk,Manual Review
58653435,29625.0, 60 months,20.99,E,E5,5 years,MORTGAGE,78000.0,Verified,debt_consolidation,IL,30.22,0.0,675.0,679.0,1.0,67.2,42.0,Individual,5,High Risk,Manual Review
58583207,34000.0, 60 months,18.25,E,E1,6 years,MORTGAGE,68000.0,Source Verified,debt_consolidation,LA,33.07,0.0,695.0,699.0,1.0,60.8,31.0,Individual,5,High Risk,Manual Review
58593366,35000.0, 60 months,25.78,F,F5,10+ years,RENT,116000.0,Not Verified,other,AZ,31.64,0.0,690.0,694.0,3.0,65.6,18.0,Individual,5,High Risk,Manual Review
58663511,15475.0, 36 months,18.25,E,E1,9 years,MORTGAGE,43000.0,Verified,debt_consolidation,TX,30.9,1.0,660.0,664.0,0.0,20.7,25.0,Individual,6,High Risk,Manual Review
58503575,20000.0, 60 months,19.19,E,E3,10+ years,RENT,45000.0,Verified,debt_consolidation,TX,34.69,4.0,675.0,679.0,2.0,89.0,46.0,Individual,7,High Risk,Manual Review
58693397,25200.0, 60 months,18.55,E,E2,10+ years,OWN,60000.0,Source Verified,debt_consolidation,TX,34.94,2.0,665.0,669.0,2.0,77.5,46.0,Individual,6,High Risk,Manual Review
57754260,11325.0, 60 months,19.19,E,E3,3 years,OWN,27000.0,Source Verified,credit_card,NC,32.84,1.0,670.0,674.0,0.0,59.5,16.0,Individual,6,High Risk,Manual Review
58592342,23800.0, 60 months,22.99,F,F2,10+ years,RENT,70000.0,Verified,other,NY,31.13,0.0,675.0,679.0,1.0,64.5,15.0,Individual,5,High Risk,Manual Review
58513392,24700.0, 60 months,19.99,E,E4,10+ years,MORTGAGE,65000.0,Verified,debt_consolidation,NC,35.36,1.0,680.0,684.0,1.0,58.4,46.0,Individual,6,High Risk,Manual Review
58543429,21000.0, 60 months,18.25,E,E1,4 years,RENT,80000.0,Not Verified,debt_consolidation,DE,35.1,1.0,670.0,674.0,0.0,69.1,35.0,Individual,6,High Risk,Manual Review
58593279,20800.0, 60 months,20.99,E,E5,4 years,MORTGAGE,58000.0,Verified,debt_consolidation,PA,36.83,1.0,665.0,669.0,1.0,69.3,49.0,Individual,6,High Risk,Manual Review
58493435,24000.0, 60 months,24.99,F,F4,10+ years,MORTGAGE,79900.8,Verified,debt_consolidation,CA,29.44,2.0,665.0,669.0,3.0,89.3,50.0,Individual,5,High Risk,Manual Review
58713291,21200.0, 60 months,19.19,E,E3,5 years,MORTGAGE,80000.0,Not Verified,debt_consolidation,TX,34.86,0.0,690.0,694.0,0.0,86.3,25.0,Individual,6,High Risk,Manual Review
57824929,7000.0, 36 months,19.19,E,E3,4 years,RENT,14000.0,Verified,debt_consolidation,MI,33.88,0.0,670.0,674.0,1.0,53.8,46.0,Individual,5,High Risk,Manual Review
58643248,8725.0, 36 months,18.25,E,E1,10+ years,MORTGAGE,43680.0,Verified,debt_consolidation,IN,38.6,0.0,665.0,669.0,3.0,63.0,33.0,Individual,5,High Risk,Manual Review
58643128,15000.0, 60 months,19.99,E,E4,1 year,MORTGAGE,30000.0,Source Verified,debt_consolidation,OR,31.56,0.0,665.0,669.0,0.0,87.3,32.0,Individual,6,High Risk,Manual Review
58533223,10575.0, 60 months,19.99,E,E4,4 years,RENT,42000.0,Verified,debt_consolidation,IL,35.29,0.0,675.0,679.0,0.0,80.7,23.0,Individual,6,High Risk,Manual Review
58653099,18000.0, 60 months,22.99,F,F2,10+ years,RENT,36000.0,Verified,debt_consolidation,MO,30.8,0.0,665.0,669.0,2.0,77.4,54.0,Individual,5,High Risk,Manual Review
58613147,35000.0, 60 months,19.99,E,E4,10+ years,MORTGAGE,90000.0,Verified,debt_consolidation,OH,33.71,0.0,690.0,694.0,1.0,87.0,28.0,Individual,6,High Risk,Manual Review
58583187,25000.0, 60 months,18.25,E,E1,2 years,MORTGAGE,67500.0,Source Verified,debt_consolidation,NC,34.13,0.0,675.0,679.0,2.0,50.8,48.0,Individual,5,High Risk,Manual Review
58733135,7975.0, 36 months,20.99,E,E5,2 years,RENT,30000.0,Verified,debt_consolidation,MO,31.56,1.0,675.0,679.0,1.0,17.3,14.0,Individual,6,High Risk,Manual Review
58181184,35000.0, 60 months,18.25,E,E1,< 1 year,MORTGAGE,225000.0,Source Verified,credit_card,CA,16.09,6.0,660.0,664.0,0.0,94.3,14.0,Individual,5,High Risk,Manual Review
58693161,25000.0, 60 months,19.19,E,E3,10+ years,RENT,70000.0,Verified,debt_consolidation,CA,39.21,0.0,675.0,679.0,0.0,96.8,16.0,Individual,6,High Risk,Manual Review
58440529,28000.0, 60 months,20.99,E,E5,10+ years,MORTGAGE,70000.0,Source Verified,medical,TN,20.92,2.0,690.0,694.0,0.0,81.1,17.0,Individual,5,High Risk,Manual Review
58210494,12000.0, 60 months,19.19,E,E3,2 years,MORTGAGE,36480.0,Verified,debt_consolidation,KY,33.72,0.0,670.0,674.0,2.0,15.0,12.0,Individual,5,High Risk,Manual Review
58562734,14400.0, 60 months,23.99,F,F3,10+ years,RENT,36000.0,Verified,debt_consolidation,TX,38.83,0.0,685.0,689.0,1.0,83.9,22.0,Individual,6,High Risk,Manual Review
58683138,16000.0, 60 months,16.99,D,D3,10+ years,OWN,67000.0,Not Verified,credit_card,NY,34.19,1.0,670.0,674.0,1.0,84.2,47.0,Individual,5,High Risk,Manual Review
58543159,11150.0, 60 months,22.99,F,F2,7 years,RENT,31000.0,Verified,debt_consolidation,WA,39.02,0.0,665.0,669.0,0.0,96.9,10.0,Individual,6,High Risk,Manual Review
58692982,29425.0, 60 months,18.55,E,E2,10+ years,MORTGAGE,66900.0,Not Verified,credit_card,AL,33.17,2.0,665.0,669.0,0.0,84.9,47.0,Individual,7,High Risk,Manual Review
58310623,14275.0, 60 months,18.55,E,E2,10+ years,MORTGAGE,34000.0,Not Verified,debt_consolidation,OK,38.55,0.0,745.0,749.0,2.0,37.7,18.0,Individual,5,High Risk,Manual Review
58612874,20675.0, 60 months,22.99,F,F2,1 year,MORTGAGE,74500.0,Verified,debt_consolidation,IN,30.01,0.0,665.0,669.0,0.0,93.6,41.0,Individual,6,High Risk,Manual Review
58593069,2600.0, 36 months,26.77,G,G1,2 years,RENT,28000.0,Verified,debt_consolidation,FL,34.55,0.0,680.0,684.0,0.0,68.7,7.0,Individual,5,High Risk,Manual Review
58512685,35000.0, 36 months,18.25,E,E1,10+ years,OWN,220000.0,Source Verified,other,IL,18.4,1.0,680.0,684.0,1.0,97.9,16.0,Individual,5,High Risk,Manual Review
58663130,10275.0, 60 months,18.55,E,E2,< 1 year,RENT,50000.0,Source Verified,debt_consolidation,NY,36.99,0.0,710.0,714.0,1.0,22.7,37.0,Individual,5,High Risk,Manual Review
58662381,8150.0, 36 months,25.78,F,F5,,OWN,20400.0,Verified,debt_consolidation,OH,32.65,0.0,700.0,704.0,1.0,96.5,6.0,Individual,6,High Risk,Manual Review
58723070,35000.0, 60 months,21.99,F,F1,10+ years,RENT,84000.0,Source Verified,debt_consolidation,FL,30.9,1.0,675.0,679.0,0.0,4.8,66.0,Individual,6,High Risk,Manual Review
58652997,19100.0, 36 months,19.99,E,E4,9 years,MORTGAGE,108000.0,Verified,debt_consolidation,NJ,30.39,2.0,680.0,684.0,1.0,64.0,41.0,Individual,6,High Risk,Manual Review
58512993,15000.0, 60 months,16.99,D,D3,10+ years,MORTGAGE,56000.0,Verified,credit_card,NY,30.8,1.0,660.0,664.0,0.0,80.3,26.0,Individual,5,High Risk,Manual Review
58522284,18850.0, 60 months,18.25,E,E1,10+ years,RENT,77500.0,Verified,debt_consolidation,WI,30.78,0.0,665.0,669.0,0.0,64.0,30.0,Individual,5,High Risk,Manual Review
57905443,12725.0, 60 months,25.78,F,F5,7 years,RENT,39790.0,Verified,credit_card,OK,33.54,0.0,670.0,674.0,1.0,72.1,31.0,Individual,5,High Risk,Manual Review
58583043,22100.0, 60 months,18.55,E,E2,10+ years,MORTGAGE,67000.0,Source Verified,debt_consolidation,NC,37.37,0.0,695.0,699.0,0.0,70.3,34.0,Individual,5,High Risk,Manual Review
58692916,17300.0, 60 months,21.99,F,F1,4 years,MORTGAGE,66100.0,Verified,debt_consolidation,VA,31.52,0.0,670.0,674.0,0.0,67.6,20.0,Individual,5,High Risk,Manual Review
58562747,10900.0, 60 months,18.25,E,E1,< 1 year,RENT,26000.0,Source Verified,credit_card,KS,36.24,1.0,665.0,669.0,1.0,98.6,25.0,Individual,7,High Risk,Manual Review
58522856,23500.0, 60 months,19.99,E,E4,2 years,RENT,56000.0,Verified,debt_consolidation,NY,33.73,0.0,725.0,729.0,0.0,40.9,16.0,Individual,5,High Risk,Manual Review
58100258,4950.0, 36 months,19.19,E,E3,3 years,RENT,31000.0,Verified,debt_consolidation,TX,39.37,0.0,680.0,684.0,0.0,67.6,14.0,Individual,5,High Risk,Manual Review
58542843,15175.0, 60 months,21.99,F,F1,,MORTGAGE,37989.0,Verified,debt_consolidation,TX,34.3,0.0,665.0,669.0,1.0,55.6,24.0,Individual,5,High Risk,Manual Review
58400326,10000.0, 60 months,19.99,E,E4,6 years,OWN,45000.0,Verified,other,FL,30.48,0.0,670.0,674.0,2.0,35.8,26.0,Individual,5,High Risk,Manual Review
58712781,12600.0, 60 months,18.25,E,E1,,MORTGAGE,34951.0,Verified,credit_card,TX,36.54,1.0,660.0,664.0,0.0,83.4,23.0,Individual,7,High Risk,Manual Review
58732775,12975.0, 60 months,26.77,G,G1,7 years,MORTGAGE,40580.0,Verified,credit_card,AZ,30.58,0.0,680.0,684.0,0.0,61.3,43.0,Individual,5,High Risk,Manual Review
58612646,30000.0, 60 months,21.99,F,F1,5 years,RENT,65000.0,Verified,debt_consolidation,NJ,23.84,2.0,665.0,669.0,0.0,89.7,22.0,Individual,5,High Risk,Manual Review
58572637,16000.0, 60 months,18.55,E,E2,< 1 year,MORTGAGE,115000.0,Not Verified,debt_consolidation,NV,18.34,1.0,660.0,664.0,0.0,81.3,51.0,Individual,5,High Risk,Manual Review
58241035,35000.0, 60 months,18.25,E,E1,10+ years,MORTGAGE,80000.0,Source Verified,credit_card,LA,37.73,0.0,710.0,714.0,0.0,74.1,28.0,Individual,5,High Risk,Manual Review
58652671,14700.0, 60 months,22.99,F,F2,< 1 year,OWN,32000.0,Verified,debt_consolidation,NJ,33.05,0.0,705.0,709.0,0.0,61.5,15.0,Individual,5,High Risk,Manual Review
58702782,21125.0, 60 months,19.99,E,E4,1 year,MORTGAGE,45760.0,Verified,debt_consolidation,TX,31.29,0.0,670.0,674.0,1.0,88.6,15.0,Individual,6,High Risk,Manual Review
58371141,35000.0, 60 months,23.99,F,F3,10+ years,MORTGAGE,122000.0,Source Verified,house,AL,26.0,2.0,670.0,674.0,2.0,82.8,33.0,Individual,5,High Risk,Manual Review
58622526,30000.0, 36 months,19.19,E,E3,4 years,OWN,60000.0,Verified,debt_consolidation,VA,37.16,2.0,675.0,679.0,1.0,28.0,44.0,Individual,6,High Risk,Manual Review
58622694,25650.0, 60 months,19.99,E,E4,1 year,MORTGAGE,75000.0,Not Verified,debt_consolidation,MA,15.07,1.0,690.0,694.0,0.0,85.3,18.0,Individual,5,High Risk,Manual Review
57823786,11525.0, 60 months,18.55,E,E2,9 years,RENT,64000.0,Verified,credit_card,CA,32.01,0.0,690.0,694.0,2.0,74.0,28.0,Individual,5,High Risk,Manual Review
58682560,25200.0, 60 months,20.99,E,E5,6 years,RENT,60000.0,Verified,debt_consolidation,TX,31.18,0.0,680.0,684.0,0.0,92.2,33.0,Individual,6,High Risk,Manual Review
58542597,18800.0, 60 months,19.19,E,E3,2 years,RENT,56000.0,Verified,credit_card,CA,35.02,0.0,695.0,699.0,0.0,78.8,24.0,Individual,5,High Risk,Manual Review
58492605,13425.0, 36 months,18.25,E,E1,1 year,RENT,32000.0,Source Verified,debt_consolidation,TX,36.61,3.0,695.0,699.0,0.0,34.5,24.0,Individual,6,High Risk,Manual Review
58712537,22800.0, 60 months,18.25,E,E1,5 years,RENT,60000.0,Source Verified,debt_consolidation,WY,34.81,0.0,660.0,664.0,1.0,49.9,45.0,Individual,5,High Risk,Manual Review
58642517,8600.0, 36 months,21.99,F,F1,9 years,RENT,40320.0,Verified,debt_consolidation,WA,30.27,0.0,680.0,684.0,0.0,90.4,29.0,Individual,6,High Risk,Manual Review
58330562,12600.0, 36 months,19.19,E,E3,1 year,RENT,35000.0,Verified,credit_card,NJ,35.91,0.0,680.0,684.0,0.0,91.3,25.0,Individual,6,High Risk,Manual Review
58421281,21925.0, 60 months,18.25,E,E1,8 years,MORTGAGE,61403.0,Verified,major_purchase,TX,39.59,0.0,715.0,719.0,1.0,62.6,62.0,Individual,5,High Risk,Manual Review
58250999,34500.0, 60 months,23.99,F,F3,10+ years,MORTGAGE,75000.0,Verified,credit_card,OH,31.31,1.0,675.0,679.0,3.0,21.6,34.0,Individual,6,High Risk,Manual Review
58582182,28000.0, 60 months,26.77,G,G1,10+ years,RENT,66000.0,Verified,debt_consolidation,CO,38.13,0.0,685.0,689.0,1.0,61.9,50.0,Individual,5,High Risk,Manual Review
58622460,13200.0, 60 months,18.55,E,E2,4 years,RENT,27000.0,Source Verified,debt_consolidation,AL,38.62,0.0,675.0,679.0,1.0,71.9,33.0,Individual,5,High Risk,Manual Review
58390643,32550.0, 60 months,19.19,E,E3,10+ years,RENT,74000.0,Source Verified,debt_consolidation,CA,32.84,0.0,725.0,729.0,0.0,77.1,23.0,Individual,5,High Risk,Manual Review
58702566,3000.0, 36 months,22.99,F,F2,10+ years,MORTGAGE,46646.0,Verified,moving,CA,32.6,0.0,660.0,664.0,0.0,5.1,22.0,Individual,5,High Risk,Manual Review
58512424,19075.0, 36 months,18.25,E,E1,10+ years,RENT,53000.0,Verified,other,NY,34.81,0.0,660.0,664.0,1.0,54.2,25.0,Individual,5,High Risk,Manual Review
58331174,4250.0, 36 months,28.49,G,G4,3 years,RENT,31000.0,Source Verified,debt_consolidation,SC,33.6,1.0,665.0,669.0,0.0,63.2,37.0,Individual,6,High Risk,Manual Review
38574501,24000.0, 60 months,18.25,E,E1,5 years,MORTGAGE,63500.0,Source Verified,debt_consolidation,AR,34.53,0.0,670.0,674.0,2.0,96.7,35.0,Individual,6,High Risk,Manual Review
58622435,10000.0, 36 months,19.99,E,E4,2 years,OWN,32000.0,Source Verified,debt_consolidation,TX,30.46,0.0,710.0,714.0,1.0,16.9,20.0,Individual,5,High Risk,Manual Review
58672446,35000.0, 60 months,21.99,F,F1,10+ years,MORTGAGE,185000.0,Source Verified,debt_consolidation,FL,36.46,1.0,675.0,679.0,0.0,72.2,46.0,Individual,6,High Risk,Manual Review
58682282,12000.0, 60 months,16.55,D,D2,,MORTGAGE,60000.0,Source Verified,home_improvement,CO,33.55,2.0,660.0,664.0,0.0,91.6,26.0,Individual,5,High Risk,Manual Review
58512339,18000.0, 60 months,18.55,E,E2,10+ years,RENT,45000.0,Verified,debt_consolidation,WA,35.47,1.0,670.0,674.0,0.0,55.2,22.0,Individual,6,High Risk,Manual Review
58502397,16000.0, 60 months,19.19,E,E3,7 years,MORTGAGE,40000.0,Verified,debt_consolidation,KS,36.78,0.0,685.0,689.0,3.0,68.2,34.0,Individual,5,High Risk,Manual Review
58370880,11625.0, 60 months,19.99,E,E4,< 1 year,RENT,30612.0,Verified,credit_card,CA,38.18,0.0,670.0,674.0,0.0,73.0,38.0,Individual,5,High Risk,Manual Review
58532297,33000.0, 60 months,19.99,E,E4,10+ years,OWN,75000.0,Source Verified,debt_consolidation,NY,31.89,1.0,665.0,669.0,1.0,72.3,29.0,Individual,6,High Risk,Manual Review
57682538,8400.0, 36 months,18.25,E,E1,9 years,MORTGAGE,20000.0,Verified,credit_card,KS,30.19,0.0,695.0,699.0,0.0,63.9,16.0,Individual,5,High Risk,Manual Review
58602298,5825.0, 36 months,18.55,E,E2,3 years,OWN,30284.8,Verified,debt_consolidation,IL,36.46,0.0,660.0,664.0,1.0,55.0,31.0,Individual,5,High Risk,Manual Review
58251281,27600.0, 60 months,20.99,E,E5,10+ years,RENT,60000.0,Verified,debt_consolidation,MI,39.06,0.0,705.0,709.0,0.0,103.7,20.0,Individual,6,High Risk,Manual Review
58552274,16500.0, 60 months,19.99,E,E4,3 years,MORTGAGE,50000.0,Source Verified,debt_consolidation,FL,32.36,0.0,720.0,724.0,2.0,47.7,26.0,Individual,5,High Risk,Manual Review
58572235,21650.0, 60 months,19.19,E,E3,10+ years,MORTGAGE,54144.0,Verified,debt_consolidation,CO,35.31,0.0,685.0,689.0,0.0,99.3,20.0,Individual,6,High Risk,Manual Review
58512283,11800.0, 60 months,19.19,E,E3,10+ years,MORTGAGE,38500.0,Source Verified,debt_consolidation,OH,31.45,0.0,685.0,689.0,0.0,67.3,11.0,Individual,5,High Risk,Manual Review
57235999,12375.0, 60 months,18.25,E,E1,< 1 year,MORTGAGE,45000.0,Source Verified,debt_consolidation,WI,34.41,1.0,685.0,689.0,1.0,94.0,26.0,Individual,7,High Risk,Manual Review
58522295,23900.0, 60 months,21.99,F,F1,10+ years,MORTGAGE,53000.0,Verified,small_business,UT,30.89,0.0,660.0,664.0,0.0,51.4,34.0,Individual,5,High Risk,Manual Review
57713796,16000.0, 60 months,19.99,E,E4,< 1 year,RENT,40000.0,Source Verified,debt_consolidation,PA,30.3,0.0,695.0,699.0,1.0,94.8,11.0,Individual,6,High Risk,Manual Review
58430724,26000.0, 60 months,18.25,E,E1,4 years,RENT,65000.0,Not Verified,credit_card,IL,31.89,0.0,675.0,679.0,0.0,73.3,33.0,Individual,5,High Risk,Manual Review
58712288,18125.0, 60 months,18.55,E,E2,5 years,MORTGAGE,70000.0,Not Verified,credit_card,IL,38.73,0.0,705.0,709.0,1.0,83.3,22.0,Individual,6,High Risk,Manual Review
58411081,13300.0, 60 months,18.25,E,E1,10+ years,OWN,37000.0,Source Verified,debt_consolidation,MI,36.69,0.0,700.0,704.0,1.0,19.2,53.0,Individual,5,High Risk,Manual Review
58280752,30475.0, 60 months,25.78,F,F5,10+ years,MORTGAGE,68000.0,Verified,debt_consolidation,GA,11.65,1.0,670.0,674.0,0.0,95.6,20.0,Individual,5,High Risk,Manual Review
58652210,5675.0, 36 months,22.99,F,F2,3 years,MORTGAGE,40000.0,Verified,small_business,IL,37.56,0.0,680.0,684.0,1.0,88.9,18.0,Individual,6,High Risk,Manual Review
57991006,14450.0, 60 months,20.99,E,E5,10+ years,MORTGAGE,69000.0,Verified,debt_consolidation,CA,38.45,0.0,660.0,664.0,0.0,84.2,32.0,Individual,6,High Risk,Manual Review
58311231,16000.0, 60 months,19.99,E,E4,10+ years,MORTGAGE,40000.0,Source Verified,debt_consolidation,IL,32.25,0.0,680.0,684.0,1.0,87.8,41.0,Individual,6,High Risk,Manual Review
43419282,28000.0, 60 months,18.25,E,E1,6 years,OWN,97000.0,Not Verified,car,TX,34.72,0.0,680.0,684.0,1.0,54.9,39.0,Individual,5,High Risk,Manual Review
58300312,30000.0, 60 months,18.55,E,E2,10+ years,RENT,60000.0,Source Verified,credit_card,CA,34.13,0.0,695.0,699.0,0.0,58.0,32.0,Individual,5,High Risk,Manual Review
58350660,14225.0, 60 months,18.55,E,E2,5 years,MORTGAGE,48000.0,Not Verified,debt_consolidation,IN,32.7,0.0,660.0,664.0,1.0,71.8,38.0,Individual,5,High Risk,Manual Review
58291358,24925.0, 60 months,24.99,F,F4,10+ years,MORTGAGE,65000.0,Verified,home_improvement,GA,32.72,0.0,660.0,664.0,3.0,23.2,42.0,Individual,5,High Risk,Manual Review
58261074,33375.0, 36 months,20.99,E,E5,4 years,MORTGAGE,110000.0,Verified,debt_consolidation,VA,37.76,0.0,685.0,689.0,3.0,95.0,50.0,Individual,6,High Risk,Manual Review
58461214,17600.0, 60 months,18.25,E,E1,10+ years,MORTGAGE,82000.0,Verified,debt_consolidation,NY,3.44,1.0,695.0,699.0,0.0,100.0,8.0,Individual,5,High Risk,Manual Review
58351037,8000.0, 36 months,22.99,F,F2,< 1 year,RENT,40000.0,Source Verified,debt_consolidation,CA,30.48,0.0,710.0,714.0,0.0,91.8,7.0,Individual,6,High Risk,Manual Review
57034374,11200.0, 60 months,19.99,E,E4,3 years,RENT,33000.0,Source Verified,debt_consolidation,RI,30.4,0.0,670.0,674.0,2.0,67.0,30.0,Individual,5,High Risk,Manual Review
58281140,1000.0, 36 months,19.19,E,E3,10+ years,MORTGAGE,68900.0,Verified,other,TX,35.2,0.0,665.0,669.0,0.0,90.0,42.0,Individual,6,High Risk,Manual Review
58361219,11400.0, 60 months,18.25,E,E1,,RENT,30000.0,Verified,credit_card,IL,32.84,1.0,670.0,674.0,0.0,71.5,29.0,Individual,6,High Risk,Manual Review
58381233,12125.0, 60 months,18.55,E,E2,10+ years,MORTGAGE,72000.0,Verified,debt_consolidation,CA,39.3,0.0,710.0,714.0,0.0,88.4,20.0,Individual,6,High Risk,Manual Review
58461334,35000.0, 60 months,21.99,F,F1,4 years,MORTGAGE,105500.0,Verified,debt_consolidation,NY,30.87,4.0,665.0,669.0,0.0,86.9,34.0,Individual,7,High Risk,Manual Review
58441109,9650.0, 36 months,26.77,G,G1,3 years,RENT,36941.84,Verified,moving,FL,33.72,0.0,675.0,679.0,2.0,54.7,27.0,Individual,5,High Risk,Manual Review
58461120,12000.0, 60 months,18.25,E,E1,10+ years,MORTGAGE,73000.0,Source Verified,other,CA,37.28,2.0,660.0,664.0,0.0,99.5,18.0,Individual,7,High Risk,Manual Review
57704004,10875.0, 60 months,28.99,G,G5,10+ years,RENT,34000.0,Verified,credit_card,NY,31.31,0.0,670.0,674.0,3.0,83.3,16.0,Individual,6,High Risk,Manual Review
58391044,16550.0, 60 months,21.99,F,F1,5 years,RENT,84000.0,Verified,debt_consolidation,MA,32.42,0.0,660.0,664.0,0.0,70.6,47.0,Individual,5,High Risk,Manual Review
58371121,20000.0, 60 months,18.25,E,E1,5 years,MORTGAGE,40000.0,Not Verified,debt_consolidation,NY,31.51,0.0,700.0,704.0,2.0,43.6,23.0,Individual,5,High Risk,Manual Review
58301084,24000.0, 60 months,28.99,G,G5,10+ years,MORTGAGE,75000.0,Not Verified,small_business,TX,35.98,0.0,680.0,684.0,0.0,10.8,19.0,Individual,5,High Risk,Manual Review
58320389,4750.0, 36 months,18.25,E,E1,5 years,MORTGAGE,45000.0,Source Verified,debt_consolidation,MI,36.24,7.0,695.0,699.0,0.0,77.0,50.0,Individual,6,High Risk,Manual Review
58250979,14725.0, 60 months,18.25,E,E1,10+ years,RENT,48019.0,Source Verified,debt_consolidation,PA,37.19,0.0,660.0,664.0,0.0,64.6,51.0,Individual,5,High Risk,Manual Review
58290962,17275.0, 60 months,20.99,E,E5,1 year,RENT,48000.0,Verified,debt_consolidation,TX,36.43,1.0,665.0,669.0,0.0,79.8,27.0,Individual,6,High Risk,Manual Review
58250864,26400.0, 60 months,19.99,E,E4,10+ years,MORTGAGE,60000.0,Verified,debt_consolidation,TX,38.9,2.0,720.0,724.0,0.0,15.2,49.0,Individual,6,High Risk,Manual Review
58330991,25000.0, 60 months,18.25,E,E1,< 1 year,RENT,110000.0,Source Verified,debt_consolidation,TN,35.76,0.0,695.0,699.0,0.0,75.6,15.0,Individual,5,High Risk,Manual Review
58260856,7900.0, 36 months,18.55,E,E2,5 years,RENT,22000.0,Verified,debt_consolidation,RI,35.57,0.0,660.0,664.0,0.0,58.8,13.0,Individual,5,High Risk,Manual Review
13068466,26600.0, 60 months,26.77,G,G1,1 year,RENT,70000.0,Source Verified,debt_consolidation,CO,35.8,0.0,675.0,679.0,3.0,65.4,54.0,Individual,5,High Risk,Manual Review
57712850,16775.0, 60 months,20.99,E,E5,8 years,MORTGAGE,54000.0,Not Verified,debt_consolidation,CA,32.3,0.0,720.0,724.0,0.0,53.2,38.0,Individual,5,High Risk,Manual Review
58300865,10925.0, 60 months,21.99,F,F1,1 year,RENT,29800.0,Verified,credit_card,NJ,39.27,0.0,675.0,679.0,1.0,56.1,19.0,Individual,5,High Risk,Manual Review
58250447,9350.0, 36 months,18.25,E,E1,10+ years,RENT,26000.0,Source Verified,debt_consolidation,GA,31.95,0.0,690.0,694.0,0.0,57.0,40.0,Individual,5,High Risk,Manual Review
58320710,20000.0, 36 months,20.99,E,E5,10+ years,MORTGAGE,160000.0,Verified,house,NY,9.75,1.0,675.0,679.0,1.0,90.8,23.0,Individual,5,High Risk,Manual Review
58320404,30600.0, 60 months,19.99,E,E4,10+ years,RENT,63000.0,Source Verified,debt_consolidation,OH,31.18,0.0,710.0,714.0,0.0,79.9,54.0,Individual,5,High Risk,Manual Review
58430680,25000.0, 60 months,18.55,E,E2,2 years,MORTGAGE,65000.0,Not Verified,debt_consolidation,GA,33.31,3.0,660.0,664.0,0.0,81.9,27.0,Individual,7,High Risk,Manual Review
58360716,14000.0, 60 months,18.25,E,E1,4 years,RENT,48500.0,Verified,credit_card,NE,34.03,0.0,670.0,674.0,0.0,66.6,21.0,Individual,5,High Risk,Manual Review
58180303,2650.0, 36 months,22.99,F,F2,,RENT,22000.0,Verified,debt_consolidation,WI,30.28,0.0,680.0,684.0,0.0,47.2,25.0,Individual,5,High Risk,Manual Review
58440731,11250.0, 60 months,18.55,E,E2,4 years,RENT,25623.0,Verified,debt_consolidation,MI,39.34,0.0,685.0,689.0,0.0,61.8,39.0,Individual,5,High Risk,Manual Review
58480667,19200.0, 60 months,19.19,E,E3,10+ years,MORTGAGE,48000.0,Verified,debt_consolidation,NE,36.63,0.0,665.0,669.0,0.0,72.5,31.0,Individual,5,High Risk,Manual Review
58400710,7000.0, 36 months,19.19,E,E3,< 1 year,RENT,27000.0,Verified,small_business,IL,35.87,0.0,670.0,674.0,0.0,35.7,15.0,Individual,5,High Risk,Manual Review
58390566,18000.0, 60 months,18.55,E,E2,8 years,MORTGAGE,52000.0,Not Verified,debt_consolidation,NC,21.02,1.0,665.0,669.0,0.0,97.2,14.0,Individual,5,High Risk,Manual Review
57864283,15100.0, 60 months,19.19,E,E3,,RENT,42000.0,Verified,debt_consolidation,CA,33.8,0.0,670.0,674.0,0.0,88.8,25.0,Individual,6,High Risk,Manual Review
58470638,12000.0, 60 months,23.99,F,F3,8 years,OWN,42000.0,Verified,debt_consolidation,WV,31.46,0.0,680.0,684.0,2.0,73.1,46.0,Individual,5,High Risk,Manual Review
58310646,5200.0, 36 months,18.55,E,E2,3 years,MORTGAGE,13000.0,Verified,debt_consolidation,WI,38.23,0.0,700.0,704.0,1.0,99.9,11.0,Individual,6,High Risk,Manual Review
58380598,18125.0, 60 months,18.25,E,E1,10+ years,MORTGAGE,73000.0,Source Verified,debt_consolidation,TX,37.15,4.0,690.0,694.0,2.0,57.0,27.0,Individual,6,High Risk,Manual Review
58420541,35000.0, 60 months,18.55,E,E2,10+ years,RENT,75000.0,Source Verified,debt_consolidation,NY,34.34,1.0,680.0,684.0,0.0,76.3,17.0,Individual,6,High Risk,Manual Review
58340379,18225.0, 60 months,19.19,E,E3,3 years,MORTGAGE,48000.0,Source Verified,debt_consolidation,VA,30.13,0.0,695.0,699.0,1.0,47.1,21.0,Individual,5,High Risk,Manual Review
58320452,11875.0, 36 months,19.19,E,E3,5 years,MORTGAGE,60000.0,Source Verified,debt_consolidation,NC,37.39,0.0,705.0,709.0,1.0,63.6,21.0,Individual,5,High Risk,Manual Review
58450508,16275.0, 60 months,19.99,E,E4,4 years,RENT,53000.0,Verified,debt_consolidation,AZ,35.08,0.0,700.0,704.0,1.0,61.6,26.0,Individual,5,High Risk,Manual Review
58470472,10500.0, 60 months,19.19,E,E3,,OWN,22840.0,Verified,debt_consolidation,MS,37.26,1.0,680.0,684.0,1.0,66.0,26.0,Individual,6,High Risk,Manual Review
57906117,10100.0, 60 months,19.99,E,E4,,MORTGAGE,32000.0,Verified,credit_card,TX,38.67,0.0,705.0,709.0,1.0,47.9,24.0,Individual,5,High Risk,Manual Review
58340359,19550.0, 60 months,23.99,F,F3,,MORTGAGE,66268.68,Verified,debt_consolidation,NJ,31.19,0.0,685.0,689.0,0.0,77.0,21.0,Individual,5,High Risk,Manual Review
58240329,2000.0, 36 months,20.99,E,E5,5 years,RENT,27093.0,Verified,house,GA,32.7,0.0,665.0,669.0,0.0,39.7,10.0,Individual,5,High Risk,Manual Review
58400261,4825.0, 36 months,19.19,E,E3,3 years,RENT,50000.0,Verified,major_purchase,MN,32.36,1.0,660.0,664.0,1.0,65.0,34.0,Individual,6,High Risk,Manual Review
58400331,17900.0, 60 months,18.55,E,E2,10+ years,MORTGAGE,48000.0,Verified,debt_consolidation,CA,30.25,0.0,665.0,669.0,1.0,79.0,17.0,Individual,5,High Risk,Manual Review
58420308,30000.0, 60 months,20.99,E,E5,10+ years,RENT,60000.0,Source Verified,debt_consolidation,IL,32.64,0.0,675.0,679.0,2.0,7.5,39.0,Individual,5,High Risk,Manual Review
58400277,14700.0, 60 months,19.19,E,E3,1 year,OWN,35000.0,Source Verified,debt_consolidation,NY,32.93,0.0,660.0,664.0,1.0,46.8,65.0,Individual,5,High Risk,Manual Review
58260236,29975.0, 60 months,22.99,F,F2,8 years,RENT,66613.0,Verified,debt_consolidation,PA,34.01,1.0,665.0,669.0,1.0,30.0,40.0,Individual,6,High Risk,Manual Review
58051043,22200.0, 60 months,20.99,E,E5,2 years,RENT,64000.0,Verified,debt_consolidation,NV,30.2,0.0,700.0,704.0,0.0,76.2,13.0,Individual,5,High Risk,Manual Review
58280134,17000.0, 60 months,19.99,E,E4,8 years,MORTGAGE,45000.0,Verified,debt_consolidation,FL,31.73,0.0,695.0,699.0,0.0,54.1,20.0,Individual,5,High Risk,Manual Review
58370188,16000.0, 60 months,19.99,E,E4,< 1 year,MORTGAGE,32000.0,Verified,debt_consolidation,IN,39.97,0.0,695.0,699.0,0.0,93.4,18.0,Individual,6,High Risk,Manual Review
57853708,9225.0, 36 months,19.19,E,E3,5 years,RENT,22000.0,Verified,debt_consolidation,CA,36.33,1.0,695.0,699.0,0.0,59.5,25.0,Individual,6,High Risk,Manual Review
58100144,13825.0, 60 months,19.19,E,E3,4 years,MORTGAGE,65000.0,Verified,credit_card,TX,39.6,1.0,685.0,689.0,0.0,82.4,37.0,Individual,7,High Risk,Manual Review
58060979,19025.0, 60 months,19.19,E,E3,10+ years,OWN,56000.0,Source Verified,debt_consolidation,IN,33.92,0.0,660.0,664.0,0.0,91.2,20.0,Individual,6,High Risk,Manual Review
58450176,8900.0, 36 months,18.55,E,E2,10+ years,RENT,41200.0,Source Verified,debt_consolidation,TX,38.28,2.0,660.0,664.0,0.0,77.8,26.0,Individual,6,High Risk,Manual Review
57255678,2575.0, 36 months,21.99,F,F1,,MORTGAGE,10344.0,Verified,debt_consolidation,PA,38.05,0.0,670.0,674.0,1.0,72.4,16.0,Individual,5,High Risk,Manual Review
58470186,18475.0, 60 months,18.25,E,E1,< 1 year,RENT,42000.0,Source Verified,credit_card,PA,23.86,1.0,665.0,669.0,0.0,95.7,28.0,Individual,5,High Risk,Manual Review
58250196,22000.0, 60 months,18.55,E,E2,10+ years,RENT,50000.0,Source Verified,debt_consolidation,CA,31.23,0.0,700.0,704.0,2.0,63.4,28.0,Individual,5,High Risk,Manual Review
58450193,21100.0, 60 months,18.55,E,E2,10+ years,MORTGAGE,48000.0,Not Verified,debt_consolidation,OH,30.78,0.0,690.0,694.0,0.0,60.4,34.0,Individual,5,High Risk,Manual Review
58410132,20850.0, 60 months,18.25,E,E1,5 years,MORTGAGE,60000.0,Verified,credit_card,CO,32.38,1.0,670.0,674.0,0.0,83.8,22.0,Individual,7,High Risk,Manual Review
58071655,12500.0, 36 months,18.25,E,E1,2 years,RENT,25000.0,Verified,debt_consolidation,CA,34.23,0.0,675.0,679.0,0.0,54.8,14.0,Individual,5,High Risk,Manual Review
57873045,12000.0, 60 months,16.55,D,D2,9 years,MORTGAGE,75000.0,Source Verified,debt_consolidation,TN,30.68,1.0,695.0,699.0,0.0,89.0,22.0,Individual,5,High Risk,Manual Review
58201250,16275.0, 60 months,19.99,E,E4,,RENT,37000.0,Verified,debt_consolidation,NY,32.47,0.0,695.0,699.0,0.0,69.2,14.0,Individual,5,High Risk,Manual Review
58171198,23200.0, 60 months,18.55,E,E2,10+ years,MORTGAGE,58000.0,Verified,debt_consolidation,GA,30.34,2.0,685.0,689.0,1.0,79.4,19.0,Individual,6,High Risk,Manual Review
57991280,12000.0, 36 months,28.99,G,G5,10+ years,MORTGAGE,24000.0,Verified,other,KY,34.1,0.0,740.0,744.0,0.0,53.2,18.0,Individual,5,High Risk,Manual Review
57854689,6400.0, 36 months,18.55,E,E2,9 years,MORTGAGE,42000.0,Verified,debt_consolidation,TX,36.54,0.0,680.0,684.0,0.0,34.3,28.0,Individual,5,High Risk,Manual Review
56532854,10000.0, 60 months,18.25,E,E1,10+ years,MORTGAGE,30000.0,Not Verified,debt_consolidation,MO,32.44,1.0,660.0,664.0,1.0,40.2,24.0,Individual,6,High Risk,Manual Review
57872851,3800.0, 36 months,20.99,E,E5,5 years,RENT,41000.0,Verified,credit_card,CA,34.4,0.0,665.0,669.0,0.0,44.0,15.0,Individual,5,High Risk,Manual Review
57365103,34700.0, 36 months,18.25,E,E1,5 years,MORTGAGE,182000.0,Verified,debt_consolidation,KS,20.57,3.0,670.0,674.0,0.0,89.0,31.0,Individual,5,High Risk,Manual Review
58010887,15825.0, 36 months,18.25,E,E1,4 years,RENT,44000.0,Source Verified,debt_consolidation,OR,36.72,0.0,690.0,694.0,0.0,51.1,36.0,Individual,5,High Risk,Manual Review
58101257,35000.0, 60 months,28.99,G,G5,3 years,MORTGAGE,110200.0,Verified,debt_consolidation,NV,38.84,0.0,700.0,704.0,1.0,72.8,50.0,Individual,5,High Risk,Manual Review
58001048,13925.0, 60 months,22.99,F,F2,10+ years,MORTGAGE,43000.0,Verified,debt_consolidation,MS,38.93,0.0,680.0,684.0,1.0,51.0,18.0,Individual,5,High Risk,Manual Review
57286733,9175.0, 36 months,19.99,E,E4,< 1 year,RENT,27000.0,Verified,debt_consolidation,GA,36.37,0.0,675.0,679.0,1.0,67.7,6.0,Individual,5,High Risk,Manual Review
57991126,11925.0, 60 months,19.19,E,E3,4 years,RENT,45000.0,Verified,debt_consolidation,PA,34.21,0.0,665.0,669.0,2.0,40.0,26.0,Individual,5,High Risk,Manual Review
57215719,11750.0, 60 months,21.99,F,F1,7 years,RENT,28000.0,Source Verified,debt_consolidation,WY,34.76,0.0,695.0,699.0,0.0,44.0,16.0,Individual,5,High Risk,Manual Review
58081335,35000.0, 60 months,22.99,F,F2,3 years,MORTGAGE,85000.0,Verified,credit_card,MI,32.87,0.0,665.0,669.0,1.0,72.7,39.0,Individual,5,High Risk,Manual Review
58131115,15825.0, 60 months,18.25,E,E1,,RENT,36000.0,Verified,credit_card,NY,34.83,0.0,700.0,704.0,0.0,78.3,44.0,Individual,5,High Risk,Manual Review
58000926,20900.0, 60 months,19.99,E,E4,10+ years,MORTGAGE,50540.0,Source Verified,credit_card,TX,32.49,0.0,695.0,699.0,0.0,52.4,64.0,Individual,5,High Risk,Manual Review
57960902,7200.0, 36 months,22.99,F,F2,< 1 year,RENT,24000.0,Verified,medical,CA,32.85,0.0,665.0,669.0,0.0,97.4,11.0,Individual,6,High Risk,Manual Review
57980939,24000.0, 60 months,16.99,D,D3,10+ years,MORTGAGE,86000.0,Source Verified,debt_consolidation,IN,33.49,2.0,665.0,669.0,0.0,92.4,26.0,Individual,5,High Risk,Manual Review
58000359,28500.0, 60 months,18.55,E,E2,9 years,RENT,57000.0,Not Verified,debt_consolidation,CA,14.6,1.0,660.0,664.0,0.0,89.8,9.0,Individual,5,High Risk,Manual Review
57990976,25000.0, 60 months,18.55,E,E2,8 years,MORTGAGE,65000.0,Verified,debt_consolidation,WV,32.2,0.0,680.0,684.0,1.0,72.5,22.0,Individual,5,High Risk,Manual Review
58030813,26750.0, 60 months,18.25,E,E1,2 years,RENT,76500.0,Verified,debt_consolidation,NY,33.79,1.0,695.0,699.0,0.0,94.1,28.0,Individual,7,High Risk,Manual Review
58010733,17275.0, 60 months,18.55,E,E2,,MORTGAGE,48000.0,Verified,debt_consolidation,OH,31.1,0.0,665.0,669.0,0.0,65.9,22.0,Individual,5,High Risk,Manual Review
58050810,30250.0, 36 months,19.99,E,E4,9 years,RENT,67263.0,Verified,debt_consolidation,VA,32.29,1.0,665.0,669.0,0.0,62.0,29.0,Individual,6,High Risk,Manual Review
57813378,35000.0, 60 months,19.99,E,E4,7 years,MORTGAGE,110000.0,Source Verified,debt_consolidation,CO,31.84,0.0,660.0,664.0,0.0,79.3,33.0,Individual,5,High Risk,Manual Review
58120743,5100.0, 36 months,18.25,E,E1,3 years,RENT,17000.0,Verified,credit_card,NY,33.62,0.0,685.0,689.0,1.0,54.0,12.0,Individual,5,High Risk,Manual Review
57970741,10300.0, 60 months,20.99,E,E5,3 years,MORTGAGE,32000.0,Verified,debt_consolidation,IN,38.71,1.0,680.0,684.0,0.0,29.2,26.0,Individual,6,High Risk,Manual Review
58200754,25550.0, 60 months,18.55,E,E2,,MORTGAGE,55555.0,Verified,debt_consolidation,IL,36.72,0.0,710.0,714.0,0.0,54.5,25.0,Individual,5,High Risk,Manual Review
58170702,19650.0, 60 months,25.78,F,F5,4 years,MORTGAGE,60000.0,Verified,debt_consolidation,CA,28.66,1.0,680.0,684.0,0.0,90.4,20.0,Individual,5,High Risk,Manual Review
58080854,18000.0, 60 months,18.25,E,E1,10+ years,MORTGAGE,45000.0,Not Verified,debt_consolidation,TX,38.43,1.0,675.0,679.0,0.0,82.5,27.0,Individual,7,High Risk,Manual Review
58000694,12650.0, 60 months,18.55,E,E2,10+ years,MORTGAGE,50000.0,Source Verified,home_improvement,NJ,30.79,2.0,690.0,694.0,0.0,78.4,25.0,Individual,6,High Risk,Manual Review
58020639,35000.0, 60 months,21.99,F,F1,2 years,RENT,80000.0,Verified,debt_consolidation,CA,32.21,1.0,670.0,674.0,0.0,14.2,36.0,Individual,6,High Risk,Manual Review
57568398,10000.0, 60 months,19.99,E,E4,10+ years,RENT,35000.0,Verified,debt_consolidation,CA,37.89,0.0,695.0,699.0,1.0,60.5,11.0,Individual,5,High Risk,Manual Review
57518184,7500.0, 36 months,22.99,F,F2,5 years,RENT,25000.0,Source Verified,medical,IL,30.2,0.0,675.0,679.0,0.0,47.2,14.0,Individual,5,High Risk,Manual Review
58180418,8000.0, 36 months,22.99,F,F2,< 1 year,RENT,25000.0,Verified,credit_card,NJ,33.17,0.0,675.0,679.0,0.0,44.5,27.0,Individual,5,High Risk,Manual Review
57853526,28400.0, 60 months,19.19,E,E3,4 years,MORTGAGE,190000.0,Verified,debt_consolidation,TN,30.12,1.0,685.0,689.0,0.0,95.9,24.0,Individual,7,High Risk,Manual Review
57950586,17075.0, 60 months,18.55,E,E2,7 years,MORTGAGE,85000.0,Source Verified,debt_consolidation,NV,34.07,0.0,695.0,699.0,2.0,70.2,29.0,Individual,5,High Risk,Manual Review
57548385,10000.0, 60 months,21.99,F,F1,10+ years,MORTGAGE,57928.0,Source Verified,other,MA,20.26,1.0,665.0,669.0,0.0,87.5,17.0,Individual,5,High Risk,Manual Review
58180455,5000.0, 36 months,18.25,E,E1,,MORTGAGE,62000.0,Source Verified,other,NC,35.58,1.0,660.0,664.0,2.0,58.0,13.0,Individual,6,High Risk,Manual Review
57692174,14500.0, 60 months,18.55,E,E2,< 1 year,MORTGAGE,68000.0,Source Verified,debt_consolidation,AZ,19.98,1.0,665.0,669.0,0.0,92.3,42.0,Individual,5,High Risk,Manual Review
57834478,34500.0, 60 months,18.25,E,E1,10+ years,OWN,75000.0,Source Verified,debt_consolidation,IN,32.29,0.0,685.0,689.0,1.0,76.8,33.0,Individual,5,High Risk,Manual Review
57950754,26400.0, 60 months,17.86,D,D5,2 years,OWN,60000.0,Source Verified,debt_consolidation,TX,30.1,1.0,670.0,674.0,0.0,80.3,17.0,Individual,5,High Risk,Manual Review
58200567,18800.0, 60 months,21.99,F,F1,10+ years,MORTGAGE,51000.0,Verified,debt_consolidation,FL,32.6,0.0,665.0,669.0,0.0,95.9,18.0,Individual,6,High Risk,Manual Review
58110446,32500.0, 60 months,18.55,E,E2,6 years,RENT,65000.0,Verified,credit_card,TX,27.92,1.0,670.0,674.0,0.0,93.6,16.0,Individual,5,High Risk,Manual Review
57267456,20000.0, 60 months,20.99,E,E5,,MORTGAGE,50000.0,Verified,debt_consolidation,VA,32.55,0.0,660.0,664.0,0.0,79.4,18.0,Individual,5,High Risk,Manual Review
58060527,18400.0, 60 months,19.99,E,E4,4 years,MORTGAGE,46000.0,Source Verified,debt_consolidation,TX,33.55,0.0,695.0,699.0,1.0,11.8,12.0,Individual,5,High Risk,Manual Review
58080519,19525.0, 60 months,23.99,F,F3,,MORTGAGE,50000.0,Verified,debt_consolidation,NM,35.79,2.0,675.0,679.0,2.0,53.0,31.0,Individual,6,High Risk,Manual Review
58040374,35000.0, 60 months,18.25,E,E1,1 year,MORTGAGE,85000.0,Source Verified,debt_consolidation,SC,30.2,2.0,680.0,684.0,1.0,61.0,13.0,Individual,6,High Risk,Manual Review
57793238,18375.0, 60 months,18.55,E,E2,7 years,MORTGAGE,62000.0,Source Verified,debt_consolidation,TX,38.06,0.0,700.0,704.0,0.0,61.0,26.0,Individual,5,High Risk,Manual Review
58070523,31225.0, 60 months,18.25,E,E1,2 years,RENT,90000.0,Verified,credit_card,NY,14.08,2.0,670.0,674.0,0.0,93.0,30.0,Individual,5,High Risk,Manual Review
58190461,35000.0, 60 months,18.25,E,E1,4 years,MORTGAGE,90000.0,Source Verified,debt_consolidation,PA,33.14,0.0,720.0,724.0,1.0,59.3,27.0,Individual,5,High Risk,Manual Review
58010389,20000.0, 60 months,18.55,E,E2,2 years,MORTGAGE,60000.0,Source Verified,debt_consolidation,VA,30.36,0.0,690.0,694.0,1.0,75.8,31.0,Individual,5,High Risk,Manual Review
57146310,17500.0, 60 months,18.25,E,E1,,OWN,35000.0,Not Verified,credit_card,TX,35.19,0.0,715.0,719.0,0.0,52.0,18.0,Individual,5,High Risk,Manual Review
58200484,35000.0, 60 months,18.25,E,E1,10+ years,RENT,97000.0,Verified,debt_consolidation,MD,37.53,0.0,670.0,674.0,2.0,99.2,26.0,Individual,6,High Risk,Manual Review
57970434,10575.0, 60 months,18.55,E,E2,10+ years,MORTGAGE,58000.0,Not Verified,home_improvement,IL,33.58,0.0,675.0,679.0,0.0,59.7,28.0,Individual,5,High Risk,Manual Review
57970454,9125.0, 36 months,18.55,E,E2,10+ years,MORTGAGE,57000.0,Verified,debt_consolidation,MS,39.14,1.0,665.0,669.0,0.0,50.7,34.0,Individual,6,High Risk,Manual Review
57814511,11550.0, 60 months,21.99,F,F1,< 1 year,OWN,33000.0,Verified,debt_consolidation,TX,38.69,0.0,670.0,674.0,2.0,30.0,80.0,Individual,5,High Risk,Manual Review
57764131,22800.0, 60 months,19.19,E,E3,7 years,MORTGAGE,60000.0,Source Verified,debt_consolidation,NC,36.92,0.0,665.0,669.0,0.0,79.4,29.0,Individual,5,High Risk,Manual Review
57226644,27425.0, 60 months,19.99,E,E4,10+ years,MORTGAGE,80000.0,Not Verified,debt_consolidation,NH,31.62,6.0,660.0,664.0,0.0,88.9,20.0,Individual,7,High Risk,Manual Review
58040369,17625.0, 60 months,21.99,F,F1,10+ years,RENT,41336.0,Source Verified,debt_consolidation,TX,31.59,0.0,690.0,694.0,0.0,67.9,13.0,Individual,5,High Risk,Manual Review
56904261,16800.0, 60 months,20.99,E,E5,7 years,MORTGAGE,90000.0,Source Verified,home_improvement,CA,13.48,2.0,660.0,664.0,1.0,84.2,17.0,Individual,5,High Risk,Manual Review
58040483,16825.0, 60 months,23.99,F,F3,9 years,MORTGAGE,57000.0,Verified,debt_consolidation,MT,31.52,0.0,710.0,714.0,0.0,81.2,14.0,Individual,6,High Risk,Manual Review
57784877,25000.0, 60 months,19.99,E,E4,,MORTGAGE,86000.0,Verified,debt_consolidation,FL,35.68,0.0,660.0,664.0,2.0,64.1,35.0,Individual,5,High Risk,Manual Review
57844524,17150.0, 60 months,19.99,E,E4,10+ years,RENT,52000.0,Source Verified,debt_consolidation,CA,36.19,0.0,670.0,674.0,1.0,71.2,23.0,Individual,5,High Risk,Manual Review
57194478,19750.0, 36 months,18.25,E,E1,3 years,RENT,49400.0,Verified,other,CA,33.67,0.0,730.0,734.0,0.0,45.2,18.0,Individual,5,High Risk,Manual Review
58080195,35000.0, 60 months,27.31,G,G2,5 years,OWN,85000.0,Verified,home_improvement,NY,31.82,0.0,715.0,719.0,1.0,49.7,18.0,Individual,5,High Risk,Manual Review
58030201,27825.0, 36 months,19.19,E,E3,10+ years,MORTGAGE,87000.0,Verified,debt_consolidation,CA,12.14,1.0,670.0,674.0,2.0,81.7,13.0,Individual,5,High Risk,Manual Review
56380118,14000.0, 60 months,19.19,E,E3,3 years,RENT,32000.0,Source Verified,other,HI,37.36,0.0,680.0,684.0,0.0,65.2,18.0,Individual,5,High Risk,Manual Review
57970295,30000.0, 36 months,18.55,E,E2,2 years,RENT,60000.0,Source Verified,debt_consolidation,CT,32.84,0.0,680.0,684.0,0.0,74.4,23.0,Individual,5,High Risk,Manual Review
58200244,26725.0, 60 months,18.55,E,E2,10+ years,MORTGAGE,58000.0,Not Verified,debt_consolidation,IL,37.66,0.0,705.0,709.0,1.0,42.1,24.0,Individual,5,High Risk,Manual Review
57813900,22000.0, 60 months,18.25,E,E1,8 years,RENT,50000.0,Source Verified,debt_consolidation,MA,35.43,0.0,700.0,704.0,0.0,90.0,51.0,Individual,6,High Risk,Manual Review
58080122,20675.0, 60 months,23.99,F,F3,1 year,MORTGAGE,82000.0,Verified,credit_card,WA,34.9,2.0,680.0,684.0,3.0,96.1,39.0,Individual,7,High Risk,Manual Review
57784312,10075.0, 60 months,19.99,E,E4,10+ years,OWN,20176.0,Source Verified,credit_card,NC,32.9,0.0,690.0,694.0,0.0,65.8,12.0,Individual,5,High Risk,Manual Review
57874654,28000.0, 60 months,19.19,E,E3,5 years,MORTGAGE,89000.0,Not Verified,debt_consolidation,GA,38.07,0.0,675.0,679.0,2.0,51.5,27.0,Individual,5,High Risk,Manual Review
57970183,22500.0, 60 months,18.25,E,E1,10+ years,MORTGAGE,45000.0,Source Verified,home_improvement,NE,30.08,1.0,675.0,679.0,0.0,90.2,15.0,Individual,7,High Risk,Manual Review
57714635,35000.0, 60 months,22.99,F,F2,9 years,MORTGAGE,84178.0,Verified,debt_consolidation,PA,36.71,0.0,695.0,699.0,0.0,85.1,44.0,Individual,6,High Risk,Manual Review
57960207,16400.0, 60 months,19.99,E,E4,,RENT,32838.0,Not Verified,debt_consolidation,GA,38.38,0.0,725.0,729.0,0.0,60.2,18.0,Individual,5,High Risk,Manual Review
57990137,35000.0, 60 months,18.25,E,E1,8 years,OWN,113520.0,Source Verified,debt_consolidation,TX,32.81,0.0,690.0,694.0,0.0,79.1,52.0,Individual,5,High Risk,Manual Review
58010180,20000.0, 60 months,27.31,G,G2,10+ years,RENT,62508.0,Verified,moving,TX,31.49,0.0,670.0,674.0,4.0,43.8,46.0,Individual,5,High Risk,Manual Review
57713916,8475.0, 36 months,18.55,E,E2,10+ years,RENT,36400.0,Verified,debt_consolidation,PA,38.84,1.0,660.0,664.0,1.0,85.7,23.0,Individual,7,High Risk,Manual Review
57772882,13750.0, 60 months,21.99,F,F1,10+ years,RENT,43000.0,Verified,other,NY,34.86,0.0,690.0,694.0,1.0,65.2,23.0,Individual,5,High Risk,Manual Review
57714493,10000.0, 60 months,18.55,E,E2,3 years,MORTGAGE,35000.0,Verified,debt_consolidation,TN,31.24,2.0,700.0,704.0,0.0,56.7,32.0,Individual,6,High Risk,Manual Review
57813799,6350.0, 36 months,18.55,E,E2,10+ years,RENT,15900.0,Verified,debt_consolidation,WI,31.47,3.0,685.0,689.0,0.0,83.0,19.0,Individual,7,High Risk,Manual Review
57165634,35000.0, 60 months,22.99,F,F2,10+ years,MORTGAGE,105000.0,Verified,debt_consolidation,MD,31.12,1.0,685.0,689.0,0.0,95.9,26.0,Individual,7,High Risk,Manual Review
57884607,15375.0, 60 months,18.25,E,E1,3 years,OWN,33428.0,Source Verified,debt_consolidation,AZ,30.84,0.0,715.0,719.0,0.0,21.6,37.0,Individual,5,High Risk,Manual Review
57662207,19000.0, 60 months,18.55,E,E2,2 years,RENT,47000.0,Verified,debt_consolidation,IL,31.36,0.0,660.0,664.0,0.0,82.2,19.0,Individual,6,High Risk,Manual Review
57854688,11100.0, 60 months,22.99,F,F2,2 years,RENT,37000.0,Verified,debt_consolidation,TN,32.14,0.0,670.0,674.0,0.0,86.8,14.0,Individual,6,High Risk,Manual Review
57784565,8075.0, 36 months,19.19,E,E3,,RENT,20245.0,Verified,debt_consolidation,CA,34.38,0.0,705.0,709.0,0.0,86.6,16.0,Individual,6,High Risk,Manual Review
57723488,18000.0, 60 months,24.99,F,F4,10+ years,MORTGAGE,36000.0,Verified,debt_consolidation,OH,35.1,0.0,675.0,679.0,1.0,52.5,16.0,Individual,5,High Risk,Manual Review
57774358,33175.0, 60 months,20.99,E,E5,10+ years,MORTGAGE,79000.0,Source Verified,debt_consolidation,CA,31.03,0.0,660.0,664.0,0.0,42.8,25.0,Individual,5,High Risk,Manual Review
57236631,8750.0, 36 months,20.99,E,E5,5 years,MORTGAGE,40000.0,Verified,debt_consolidation,UT,33.51,0.0,670.0,674.0,0.0,54.2,31.0,Individual,5,High Risk,Manual Review
57864315,22175.0, 60 months,23.99,F,F3,10+ years,MORTGAGE,94000.0,Verified,credit_card,IL,22.93,1.0,660.0,664.0,0.0,94.0,34.0,Individual,5,High Risk,Manual Review
57674437,18000.0, 60 months,25.78,F,F5,1 year,RENT,45900.0,Verified,debt_consolidation,CA,39.4,0.0,700.0,704.0,0.0,46.0,13.0,Individual,5,High Risk,Manual Review
57754416,19525.0, 60 months,25.78,F,F5,7 years,MORTGAGE,53000.0,Source Verified,debt_consolidation,TX,32.04,0.0,730.0,734.0,3.0,43.1,33.0,Individual,5,High Risk,Manual Review
57784655,32475.0, 60 months,22.99,F,F2,4 years,RENT,73819.0,Verified,debt_consolidation,OH,36.86,0.0,695.0,699.0,1.0,76.8,26.0,Individual,5,High Risk,Manual Review
57704683,35000.0, 60 months,20.99,E,E5,2 years,MORTGAGE,125000.0,Verified,credit_card,IL,19.15,1.0,660.0,664.0,1.0,89.5,26.0,Individual,5,High Risk,Manual Review
57784524,26625.0, 36 months,18.25,E,E1,7 years,RENT,53280.0,Verified,debt_consolidation,CA,31.82,0.0,685.0,689.0,0.0,74.8,20.0,Individual,5,High Risk,Manual Review
57784707,15575.0, 60 months,20.99,E,E5,,RENT,33900.0,Verified,debt_consolidation,MN,33.81,0.0,680.0,684.0,1.0,73.0,13.0,Individual,5,High Risk,Manual Review
57684691,35000.0, 60 months,18.55,E,E2,8 years,RENT,76000.0,Verified,debt_consolidation,MO,30.58,0.0,695.0,699.0,0.0,79.0,33.0,Individual,5,High Risk,Manual Review
57724298,16550.0, 60 months,21.99,F,F1,9 years,RENT,45000.0,Not Verified,major_purchase,NY,30.51,1.0,690.0,694.0,1.0,66.3,17.0,Individual,6,High Risk,Manual Review
57704471,21400.0, 60 months,18.25,E,E1,10+ years,MORTGAGE,129487.0,Source Verified,debt_consolidation,GA,9.16,4.0,665.0,669.0,1.0,92.0,22.0,Individual,5,High Risk,Manual Review
57824393,24675.0, 60 months,17.57,D,D4,10+ years,MORTGAGE,83500.0,Verified,debt_consolidation,NY,31.82,2.0,665.0,669.0,2.0,89.0,22.0,Individual,5,High Risk,Manual Review
57834192,13875.0, 60 months,20.99,E,E5,10+ years,MORTGAGE,42000.0,Verified,debt_consolidation,IN,35.14,0.0,660.0,664.0,0.0,65.7,21.0,Individual,5,High Risk,Manual Review
56985032,25700.0, 60 months,18.55,E,E2,10+ years,MORTGAGE,62000.0,Not Verified,debt_consolidation,MD,31.51,0.0,705.0,709.0,0.0,48.5,14.0,Individual,5,High Risk,Manual Review
57694722,17000.0, 60 months,19.99,E,E4,10+ years,RENT,34000.0,Source Verified,debt_consolidation,CA,31.2,0.0,710.0,714.0,0.0,60.8,23.0,Individual,5,High Risk,Manual Review
57185692,12000.0, 60 months,18.25,E,E1,9 years,MORTGAGE,36000.0,Verified,debt_consolidation,PA,31.6,0.0,690.0,694.0,2.0,45.8,21.0,Individual,5,High Risk,Manual Review
57874279,16550.0, 60 months,19.99,E,E4,10+ years,RENT,46000.0,Verified,debt_consolidation,CA,38.95,1.0,665.0,669.0,0.0,100.3,18.0,Individual,7,High Risk,Manual Review
57733837,12000.0, 60 months,19.99,E,E4,4 years,RENT,30000.0,Verified,debt_consolidation,TX,33.84,0.0,685.0,689.0,0.0,93.6,17.0,Individual,6,High Risk,Manual Review
57784394,10000.0, 60 months,19.19,E,E3,10+ years,RENT,62000.0,Verified,small_business,WA,39.59,0.0,670.0,674.0,0.0,58.2,37.0,Individual,5,High Risk,Manual Review
57734331,7000.0, 36 months,17.86,D,D5,10+ years,MORTGAGE,60000.0,Source Verified,debt_consolidation,NV,37.06,1.0,685.0,689.0,0.0,87.7,26.0,Individual,5,High Risk,Manual Review
57684220,14800.0, 60 months,19.99,E,E4,< 1 year,RENT,37000.0,Source Verified,debt_consolidation,CO,32.18,0.0,670.0,674.0,0.0,98.0,19.0,Individual,6,High Risk,Manual Review
57814205,25000.0, 60 months,20.99,E,E5,2 years,MORTGAGE,78000.0,Verified,debt_consolidation,GA,30.46,1.0,665.0,669.0,0.0,46.6,51.0,Individual,6,High Risk,Manual Review
57683455,15000.0, 60 months,21.99,F,F1,10+ years,MORTGAGE,30000.0,Verified,debt_consolidation,VA,33.84,0.0,685.0,689.0,1.0,52.5,32.0,Individual,5,High Risk,Manual Review
57084441,17625.0, 60 months,24.99,F,F4,10+ years,RENT,42000.0,Verified,debt_consolidation,PA,35.76,0.0,690.0,694.0,0.0,42.5,26.0,Individual,5,High Risk,Manual Review
57824172,11975.0, 36 months,20.99,E,E5,4 years,RENT,33280.0,Verified,debt_consolidation,KS,31.41,3.0,660.0,664.0,3.0,57.6,27.0,Individual,6,High Risk,Manual Review
56874467,13675.0, 60 months,19.19,E,E3,5 years,RENT,38000.0,Verified,debt_consolidation,FL,31.78,0.0,670.0,674.0,1.0,83.3,17.0,Individual,6,High Risk,Manual Review
57704166,22425.0, 60 months,19.99,E,E4,9 years,OWN,51000.0,Source Verified,debt_consolidation,NY,35.53,0.0,695.0,699.0,0.0,97.0,13.0,Individual,6,High Risk,Manual Review
57804119,15025.0, 60 months,19.19,E,E3,10+ years,MORTGAGE,42000.0,Source Verified,debt_consolidation,TX,36.11,0.0,690.0,694.0,0.0,93.6,15.0,Individual,6,High Risk,Manual Review
57784202,21175.0, 60 months,23.99,F,F3,5 years,MORTGAGE,51523.0,Verified,debt_consolidation,MN,32.05,0.0,660.0,664.0,3.0,47.4,27.0,Individual,5,High Risk,Manual Review
57488486,14950.0, 60 months,19.19,E,E3,,MORTGAGE,34000.0,Verified,debt_consolidation,NC,32.26,0.0,690.0,694.0,1.0,63.6,39.0,Individual,5,High Risk,Manual Review
57784183,15600.0, 36 months,22.99,F,F2,3 years,RENT,52000.0,Verified,major_purchase,OR,33.35,0.0,670.0,674.0,0.0,88.1,15.0,Individual,6,High Risk,Manual Review
57772284,29925.0, 60 months,22.99,F,F2,10+ years,RENT,80000.0,Verified,debt_consolidation,CA,23.06,1.0,680.0,684.0,1.0,91.4,14.0,Individual,5,High Risk,Manual Review
57843724,17500.0, 60 months,19.99,E,E4,1 year,RENT,35000.0,Verified,credit_card,MD,30.59,0.0,670.0,674.0,1.0,71.0,19.0,Individual,5,High Risk,Manual Review
57813881,23550.0, 60 months,23.99,F,F3,10+ years,MORTGAGE,62000.0,Verified,debt_consolidation,VA,32.33,0.0,665.0,669.0,1.0,99.5,32.0,Individual,6,High Risk,Manual Review
57783905,35000.0, 60 months,16.99,D,D3,2 years,MORTGAGE,92500.0,Verified,credit_card,PA,32.61,7.0,670.0,674.0,0.0,98.1,42.0,Individual,5,High Risk,Manual Review
57773675,11000.0, 60 months,18.55,E,E2,< 1 year,MORTGAGE,25000.0,Source Verified,debt_consolidation,MI,31.49,0.0,715.0,719.0,0.0,25.9,25.0,Individual,5,High Risk,Manual Review
57733864,19300.0, 60 months,18.25,E,E1,10+ years,OWN,42000.0,Source Verified,debt_consolidation,NY,30.86,0.0,735.0,739.0,0.0,87.3,11.0,Individual,6,High Risk,Manual Review
57823814,25000.0, 60 months,16.55,D,D2,3 years,MORTGAGE,79000.0,Not Verified,home_improvement,FL,36.61,11.0,680.0,684.0,2.0,92.3,52.0,Individual,5,High Risk,Manual Review
57703966,14775.0, 60 months,21.99,F,F1,6 years,MORTGAGE,55000.0,Verified,debt_consolidation,VA,38.05,0.0,665.0,669.0,0.0,93.1,16.0,Individual,6,High Risk,Manual Review
57905866,23375.0, 60 months,18.25,E,E1,10+ years,MORTGAGE,85000.0,Not Verified,credit_card,CT,37.2,0.0,690.0,694.0,1.0,70.7,45.0,Individual,5,High Risk,Manual Review
57236166,26600.0, 60 months,18.25,E,E1,8 years,RENT,60500.0,Not Verified,debt_consolidation,CA,30.81,1.0,685.0,689.0,0.0,94.3,13.0,Individual,7,High Risk,Manual Review
57763615,12600.0, 60 months,19.99,E,E4,2 years,RENT,35000.0,Verified,debt_consolidation,MI,31.93,0.0,680.0,684.0,2.0,67.0,14.0,Individual,5,High Risk,Manual Review
57723636,28000.0, 60 months,19.99,E,E4,10+ years,RENT,140000.0,Verified,debt_consolidation,NH,17.54,1.0,670.0,674.0,3.0,81.1,29.0,Individual,5,High Risk,Manual Review
57733694,15950.0, 60 months,21.99,F,F1,,RENT,38000.0,Verified,credit_card,VA,30.26,0.0,685.0,689.0,1.0,76.8,16.0,Individual,5,High Risk,Manual Review
57316245,23175.0, 60 months,19.19,E,E3,< 1 year,MORTGAGE,61000.0,Source Verified,debt_consolidation,IL,38.92,0.0,665.0,669.0,0.0,61.2,42.0,Individual,5,High Risk,Manual Review
57803728,23400.0, 60 months,18.25,E,E1,10+ years,MORTGAGE,58500.0,Source Verified,debt_consolidation,MD,30.83,0.0,670.0,674.0,3.0,84.0,22.0,Individual,6,High Risk,Manual Review
57673547,5375.0, 36 months,19.99,E,E4,,MORTGAGE,19000.0,Verified,debt_consolidation,NY,38.22,0.0,685.0,689.0,0.0,99.5,12.0,Individual,6,High Risk,Manual Review
57702279,25000.0, 60 months,18.25,E,E1,10+ years,MORTGAGE,78000.0,Not Verified,debt_consolidation,NC,38.0,0.0,690.0,694.0,0.0,78.4,43.0,Individual,5,High Risk,Manual Review
57743619,16000.0, 60 months,20.99,E,E5,2 years,MORTGAGE,40000.0,Source Verified,debt_consolidation,MN,31.11,0.0,690.0,694.0,1.0,48.9,24.0,Individual,5,High Risk,Manual Review
57703837,7100.0, 36 months,19.99,E,E4,< 1 year,RENT,16000.0,Verified,debt_consolidation,NJ,35.03,1.0,665.0,669.0,2.0,74.2,25.0,Individual,6,High Risk,Manual Review
57763527,23450.0, 60 months,25.78,F,F5,4 years,RENT,46925.0,Verified,debt_consolidation,TX,35.91,0.0,710.0,714.0,1.0,38.3,20.0,Individual,5,High Risk,Manual Review
57883585,25200.0, 60 months,20.99,E,E5,10+ years,MORTGAGE,70000.0,Source Verified,other,IL,12.24,1.0,675.0,679.0,0.0,85.2,16.0,Individual,5,High Risk,Manual Review
57773539,12225.0, 36 months,18.55,E,E2,3 years,RENT,34000.0,Verified,debt_consolidation,NV,34.36,0.0,660.0,664.0,3.0,72.2,49.0,Individual,5,High Risk,Manual Review
57663525,21000.0, 36 months,18.25,E,E1,2 years,MORTGAGE,120000.0,Verified,debt_consolidation,WA,32.03,1.0,670.0,674.0,0.0,62.7,44.0,Individual,6,High Risk,Manual Review
57186510,28000.0, 60 months,18.25,E,E1,5 years,MORTGAGE,90000.0,Source Verified,other,NC,21.72,1.0,670.0,674.0,0.0,86.2,22.0,Individual,5,High Risk,Manual Review
57873440,24000.0, 60 months,18.25,E,E1,10+ years,MORTGAGE,86000.0,Source Verified,debt_consolidation,OH,30.1,0.0,690.0,694.0,0.0,39.9,41.0,Individual,5,High Risk,Manual Review
57663473,2425.0, 36 months,18.55,E,E2,2 years,RENT,52000.0,Verified,car,MD,31.29,5.0,665.0,669.0,0.0,34.3,18.0,Individual,6,High Risk,Manual Review
57673461,18900.0, 36 months,18.55,E,E2,,MORTGAGE,42000.0,Verified,debt_consolidation,OK,32.23,0.0,670.0,674.0,0.0,58.0,35.0,Individual,5,High Risk,Manual Review
57873430,23750.0, 60 months,18.25,E,E1,4 years,RENT,54000.0,Source Verified,debt_consolidation,CA,34.91,0.0,680.0,684.0,0.0,70.1,21.0,Individual,5,High Risk,Manual Review
57683700,24350.0, 60 months,18.25,E,E1,10+ years,MORTGAGE,48720.0,Not Verified,debt_consolidation,NC,31.84,0.0,740.0,744.0,1.0,2.4,25.0,Individual,5,High Risk,Manual Review
57883413,27200.0, 60 months,26.77,G,G1,6 years,MORTGAGE,85000.0,Verified,debt_consolidation,MO,33.04,0.0,660.0,664.0,3.0,93.2,33.0,Individual,6,High Risk,Manual Review
57733546,12225.0, 60 months,21.99,F,F1,8 years,RENT,28000.0,Verified,other,CA,36.47,0.0,690.0,694.0,0.0,71.6,13.0,Individual,5,High Risk,Manual Review
57773256,9475.0, 36 months,18.25,E,E1,,OWN,18985.0,Verified,debt_consolidation,AZ,31.92,0.0,685.0,689.0,0.0,34.8,24.0,Individual,5,High Risk,Manual Review
57773339,35000.0, 60 months,27.31,G,G2,2 years,MORTGAGE,146000.0,Source Verified,debt_consolidation,CA,26.78,1.0,660.0,664.0,1.0,91.9,26.0,Individual,5,High Risk,Manual Review
57663316,35000.0, 60 months,19.99,E,E4,5 years,MORTGAGE,97000.0,Verified,debt_consolidation,PA,37.02,0.0,675.0,679.0,0.0,85.1,45.0,Individual,6,High Risk,Manual Review
57723242,11750.0, 60 months,17.57,D,D4,5 years,RENT,35000.0,Not Verified,credit_card,MI,34.16,1.0,665.0,669.0,0.0,90.9,28.0,Individual,5,High Risk,Manual Review
57763328,28200.0, 60 months,19.19,E,E3,10+ years,RENT,56400.0,Source Verified,credit_card,WI,32.13,0.0,685.0,689.0,0.0,91.7,25.0,Individual,6,High Risk,Manual Review
57663340,15000.0, 36 months,20.99,E,E5,10+ years,MORTGAGE,62000.0,Verified,other,CA,32.95,0.0,660.0,664.0,1.0,74.1,21.0,Individual,5,High Risk,Manual Review
57713433,19775.0, 60 months,16.55,D,D2,2 years,RENT,43000.0,Verified,credit_card,MN,35.36,4.0,680.0,684.0,0.0,91.1,25.0,Individual,5,High Risk,Manual Review
57733314,15975.0, 60 months,21.99,F,F1,4 years,MORTGAGE,50000.0,Source Verified,home_improvement,CA,36.53,0.0,735.0,739.0,2.0,22.3,26.0,Individual,5,High Risk,Manual Review
57823414,16000.0, 60 months,19.19,E,E3,1 year,OWN,45000.0,Verified,debt_consolidation,NY,25.47,1.0,685.0,689.0,1.0,82.4,11.0,Individual,5,High Risk,Manual Review
57793351,30575.0, 60 months,19.19,E,E3,10+ years,MORTGAGE,103000.0,Verified,credit_card,CA,30.79,1.0,675.0,679.0,2.0,78.0,34.0,Individual,6,High Risk,Manual Review
57783530,25750.0, 60 months,18.55,E,E2,6 years,OWN,56000.0,Not Verified,debt_consolidation,NC,37.64,0.0,725.0,729.0,0.0,40.5,30.0,Individual,5,High Risk,Manual Review
57823498,20000.0, 60 months,19.99,E,E4,9 years,RENT,40000.0,Source Verified,credit_card,WI,30.78,0.0,695.0,699.0,4.0,90.0,19.0,Individual,6,High Risk,Manual Review
57905925,27600.0, 60 months,18.25,E,E1,,MORTGAGE,60000.0,Not Verified,credit_card,VA,33.74,0.0,690.0,694.0,0.0,54.4,35.0,Individual,5,High Risk,Manual Review
57649390,8650.0, 36 months,18.55,E,E2,9 years,RENT,48000.0,Verified,credit_card,IL,33.15,0.0,660.0,664.0,3.0,83.0,22.0,Individual,6,High Risk,Manual Review
57713281,8875.0, 36 months,18.55,E,E2,10+ years,OWN,35000.0,Source Verified,debt_consolidation,TX,30.01,0.0,710.0,714.0,1.0,68.0,13.0,Individual,5,High Risk,Manual Review
57843087,20775.0, 60 months,20.99,E,E5,10+ years,RENT,77000.0,Verified,small_business,MS,30.39,1.0,715.0,719.0,1.0,43.7,22.0,Individual,6,High Risk,Manual Review
57783335,17800.0, 60 months,22.99,F,F2,,MORTGAGE,60000.0,Verified,debt_consolidation,KY,31.21,0.0,695.0,699.0,1.0,57.2,20.0,Individual,5,High Risk,Manual Review
57733138,7500.0, 36 months,18.25,E,E1,3 years,RENT,70000.0,Verified,debt_consolidation,CA,25.54,1.0,660.0,664.0,2.0,93.1,23.0,Individual,5,High Risk,Manual Review
57246539,19425.0, 60 months,19.99,E,E4,9 years,RENT,40500.0,Source Verified,credit_card,CA,32.0,0.0,680.0,684.0,0.0,67.2,18.0,Individual,5,High Risk,Manual Review
57893356,32000.0, 60 months,18.25,E,E1,4 years,OWN,75000.0,Source Verified,debt_consolidation,TX,35.04,0.0,725.0,729.0,0.0,72.0,21.0,Individual,5,High Risk,Manual Review
57663188,13500.0, 60 months,18.25,E,E1,1 year,RENT,27000.0,Source Verified,debt_consolidation,AR,36.53,0.0,720.0,724.0,0.0,66.4,8.0,Individual,5,High Risk,Manual Review
57743126,18675.0, 60 months,22.99,F,F2,10+ years,MORTGAGE,58000.0,Verified,debt_consolidation,SC,37.8,0.0,715.0,719.0,2.0,32.3,40.0,Individual,5,High Risk,Manual Review
57672395,28000.0, 60 months,24.99,F,F4,10+ years,MORTGAGE,200000.0,Source Verified,home_improvement,CA,5.5,5.0,710.0,714.0,0.0,84.2,27.0,Individual,5,High Risk,Manual Review
57753194,30000.0, 60 months,19.99,E,E4,10+ years,MORTGAGE,117000.0,Verified,debt_consolidation,WA,7.25,1.0,680.0,684.0,0.0,87.8,35.0,Individual,5,High Risk,Manual Review
57693509,5025.0, 36 months,19.99,E,E4,< 1 year,RENT,45000.0,Source Verified,other,NC,30.21,0.0,660.0,664.0,2.0,49.8,23.0,Individual,5,High Risk,Manual Review
57883172,12000.0, 60 months,18.25,E,E1,< 1 year,OWN,42000.0,Verified,debt_consolidation,CA,35.43,0.0,705.0,709.0,0.0,78.5,22.0,Individual,5,High Risk,Manual Review
57673073,13850.0, 60 months,22.99,F,F2,3 years,OWN,31500.0,Verified,debt_consolidation,VA,35.89,0.0,680.0,684.0,0.0,71.9,5.0,Individual,5,High Risk,Manual Review
57703298,19275.0, 60 months,21.99,F,F1,9 years,RENT,66000.0,Verified,debt_consolidation,CA,37.8,1.0,680.0,684.0,0.0,50.2,25.0,Individual,6,High Risk,Manual Review
57166980,15400.0, 60 months,18.25,E,E1,1 year,MORTGAGE,35000.0,Source Verified,credit_card,MI,30.18,0.0,710.0,714.0,2.0,31.1,57.0,Individual,5,High Risk,Manual Review
57682282,16175.0, 60 months,22.99,F,F2,6 years,RENT,52000.0,Verified,debt_consolidation,CT,36.41,4.0,665.0,669.0,0.0,44.6,24.0,Individual,6,High Risk,Manual Review
57853100,15300.0, 60 months,19.19,E,E3,10+ years,MORTGAGE,42500.0,Verified,debt_consolidation,GA,34.06,0.0,675.0,679.0,1.0,50.8,18.0,Individual,5,High Risk,Manual Review
57126818,18300.0, 60 months,18.55,E,E2,7 years,MORTGAGE,47500.0,Not Verified,debt_consolidation,GA,35.46,2.0,670.0,674.0,0.0,77.2,38.0,Individual,6,High Risk,Manual Review
57862624,7425.0, 36 months,19.19,E,E3,4 years,RENT,24800.0,Source Verified,debt_consolidation,IN,33.35,0.0,670.0,674.0,0.0,26.7,16.0,Individual,5,High Risk,Manual Review
57822367,13925.0, 60 months,19.19,E,E3,,OWN,43000.0,Verified,credit_card,WA,34.41,0.0,740.0,744.0,2.0,29.9,18.0,Individual,5,High Risk,Manual Review
57682418,25000.0, 60 months,22.99,F,F2,8 years,MORTGAGE,50000.0,Verified,debt_consolidation,CA,31.28,0.0,670.0,674.0,0.0,89.5,28.0,Individual,6,High Risk,Manual Review
57842845,16200.0, 60 months,28.49,G,G4,10+ years,MORTGAGE,45000.0,Verified,debt_consolidation,OH,32.51,1.0,665.0,669.0,1.0,65.0,27.0,Individual,6,High Risk,Manual Review
57174203,15175.0, 60 months,18.55,E,E2,10+ years,MORTGAGE,72000.0,Source Verified,debt_consolidation,MD,33.28,0.0,705.0,709.0,1.0,76.4,15.0,Individual,5,High Risk,Manual Review
57733015,21150.0, 60 months,19.19,E,E3,10+ years,RENT,63000.0,Verified,debt_consolidation,CA,30.97,0.0,670.0,674.0,0.0,82.4,34.0,Individual,6,High Risk,Manual Review
57783082,11325.0, 60 months,18.25,E,E1,1 year,RENT,26973.0,Verified,debt_consolidation,NY,39.03,0.0,695.0,699.0,0.0,66.3,14.0,Individual,5,High Risk,Manual Review
57346331,1525.0, 36 months,22.99,F,F2,3 years,RENT,38600.0,Verified,debt_consolidation,FL,38.5,0.0,675.0,679.0,0.0,93.7,19.0,Individual,6,High Risk,Manual Review
57862764,11950.0, 60 months,19.99,E,E4,1 year,RENT,26000.0,Source Verified,debt_consolidation,NE,32.59,0.0,695.0,699.0,0.0,40.4,25.0,Individual,5,High Risk,Manual Review
57742125,22000.0, 60 months,24.99,F,F4,,MORTGAGE,44000.0,Verified,credit_card,IN,30.31,0.0,695.0,699.0,0.0,77.9,21.0,Individual,5,High Risk,Manual Review
57832761,35000.0, 60 months,17.86,D,D5,10+ years,MORTGAGE,100000.0,Source Verified,debt_consolidation,IL,33.09,2.0,670.0,674.0,0.0,81.6,43.0,Individual,5,High Risk,Manual Review
57682361,19700.0, 60 months,25.78,F,F5,10+ years,MORTGAGE,58000.0,Verified,house,FL,34.35,0.0,675.0,679.0,2.0,65.3,24.0,Individual,5,High Risk,Manual Review
57752707,21000.0, 60 months,17.57,D,D4,1 year,RENT,55000.0,Verified,debt_consolidation,AL,30.68,1.0,660.0,664.0,0.0,80.2,20.0,Individual,5,High Risk,Manual Review
57882793,14400.0, 60 months,19.99,E,E4,< 1 year,RENT,45000.0,Verified,debt_consolidation,TX,36.72,0.0,675.0,679.0,0.0,43.3,30.0,Individual,5,High Risk,Manual Review
57812702,15250.0, 60 months,18.55,E,E2,10+ years,MORTGAGE,70000.0,Verified,home_improvement,KY,31.27,0.0,665.0,669.0,1.0,62.1,69.0,Individual,5,High Risk,Manual Review
57842765,12000.0, 60 months,19.99,E,E4,5 years,RENT,25000.0,Verified,debt_consolidation,CA,34.52,0.0,660.0,664.0,1.0,81.2,12.0,Individual,6,High Risk,Manual Review
57782969,3225.0, 36 months,27.31,G,G2,1 year,RENT,10800.0,Verified,debt_consolidation,CA,36.11,0.0,660.0,664.0,1.0,81.1,6.0,Individual,6,High Risk,Manual Review
57154149,11600.0, 60 months,22.99,F,F2,3 years,RENT,36000.0,Source Verified,debt_consolidation,CA,33.21,0.0,665.0,669.0,2.0,10.9,27.0,Individual,5,High Risk,Manual Review
57812767,23225.0, 60 months,19.99,E,E4,10+ years,MORTGAGE,51629.0,Verified,credit_card,KS,32.24,0.0,680.0,684.0,2.0,51.0,26.0,Individual,5,High Risk,Manual Review
57672587,12225.0, 36 months,18.25,E,E1,2 years,MORTGAGE,36000.0,Source Verified,debt_consolidation,NJ,33.74,0.0,670.0,674.0,0.0,77.6,14.0,Individual,5,High Risk,Manual Review
57802703,14225.0, 36 months,18.55,E,E2,2 years,MORTGAGE,62000.0,Verified,debt_consolidation,TX,31.85,0.0,675.0,679.0,0.0,66.0,19.0,Individual,5,High Risk,Manual Review
57842500,35000.0, 60 months,19.19,E,E3,3 years,MORTGAGE,140000.0,Verified,debt_consolidation,DE,30.9,0.0,675.0,679.0,0.0,63.1,50.0,Individual,5,High Risk,Manual Review
57812563,30600.0, 60 months,20.99,E,E5,8 years,RENT,68000.0,Verified,debt_consolidation,WA,31.61,6.0,665.0,669.0,3.0,2.0,41.0,Individual,6,High Risk,Manual Review
56300327,24375.0, 60 months,22.99,F,F2,5 years,RENT,53000.0,Source Verified,debt_consolidation,TN,33.15,0.0,710.0,714.0,0.0,8.6,45.0,Individual,5,High Risk,Manual Review
57468407,4500.0, 36 months,27.31,G,G2,4 years,RENT,38000.0,Verified,other,GA,32.91,0.0,665.0,669.0,0.0,89.4,15.0,Individual,6,High Risk,Manual Review
57772630,30000.0, 60 months,19.99,E,E4,8 years,MORTGAGE,78000.0,Verified,debt_consolidation,IL,32.77,0.0,670.0,674.0,2.0,88.0,32.0,Individual,6,High Risk,Manual Review
57742687,19525.0, 60 months,19.19,E,E3,,OWN,48861.96,Verified,debt_consolidation,WV,39.74,0.0,670.0,674.0,2.0,43.9,38.0,Individual,5,High Risk,Manual Review
57662487,30000.0, 60 months,18.55,E,E2,10+ years,MORTGAGE,78000.0,Verified,debt_consolidation,PA,6.15,1.0,665.0,669.0,0.0,87.7,19.0,Individual,5,High Risk,Manual Review
57648644,22125.0, 60 months,22.99,F,F2,4 years,MORTGAGE,80000.0,Verified,debt_consolidation,CA,32.91,1.0,665.0,669.0,0.0,79.0,30.0,Individual,6,High Risk,Manual Review
57802527,26000.0, 60 months,16.55,D,D2,6 years,MORTGAGE,69000.0,Verified,debt_consolidation,SC,39.22,3.0,665.0,669.0,0.0,80.2,26.0,Individual,5,High Risk,Manual Review
57236055,35000.0, 60 months,18.25,E,E1,10+ years,MORTGAGE,105000.0,Verified,debt_consolidation,KY,34.43,1.0,690.0,694.0,0.0,89.1,31.0,Individual,7,High Risk,Manual Review
57682368,35000.0, 60 months,18.55,E,E2,3 years,MORTGAGE,83500.0,Source Verified,debt_consolidation,TX,31.26,0.0,705.0,709.0,1.0,53.0,25.0,Individual,5,High Risk,Manual Review
57892396,24000.0, 60 months,18.25,E,E1,10+ years,MORTGAGE,108000.0,Verified,debt_consolidation,IL,30.49,0.0,675.0,679.0,2.0,57.1,37.0,Individual,5,High Risk,Manual Review
57662345,16975.0, 60 months,18.25,E,E1,2 years,MORTGAGE,41000.0,Source Verified,debt_consolidation,MO,35.25,2.0,680.0,684.0,0.0,68.5,39.0,Individual,6,High Risk,Manual Review
57164217,12550.0, 60 months,18.25,E,E1,1 year,RENT,105000.0,Source Verified,debt_consolidation,NY,36.81,0.0,710.0,714.0,0.0,69.5,26.0,Individual,5,High Risk,Manual Review
57722414,25000.0, 60 months,20.99,E,E5,10+ years,MORTGAGE,110000.0,Not Verified,debt_consolidation,OH,23.85,3.0,665.0,669.0,1.0,95.0,36.0,Individual,5,High Risk,Manual Review
57892418,35000.0, 60 months,18.55,E,E2,10+ years,RENT,71000.0,Verified,debt_consolidation,CA,31.15,0.0,660.0,664.0,1.0,89.7,25.0,Individual,6,High Risk,Manual Review
57892238,13850.0, 60 months,20.99,E,E5,4 years,MORTGAGE,43203.0,Source Verified,credit_card,TX,37.47,0.0,665.0,669.0,0.0,65.0,42.0,Individual,5,High Risk,Manual Review
56029135,35000.0, 60 months,18.25,E,E1,< 1 year,OWN,115000.0,Source Verified,debt_consolidation,GA,13.37,2.0,675.0,679.0,0.0,80.1,22.0,Individual,5,High Risk,Manual Review
57862277,20750.0, 60 months,25.78,F,F5,2 years,RENT,57683.0,Verified,debt_consolidation,CO,33.06,0.0,685.0,689.0,3.0,87.4,30.0,Individual,6,High Risk,Manual Review
57136338,1875.0, 36 months,18.25,E,E1,9 years,OWN,44000.0,Source Verified,debt_consolidation,NY,32.49,2.0,700.0,704.0,0.0,56.7,22.0,Individual,6,High Risk,Manual Review
57428646,15100.0, 36 months,18.55,E,E2,7 years,MORTGAGE,60000.0,Verified,home_improvement,AR,35.86,0.0,680.0,684.0,2.0,52.9,42.0,Individual,5,High Risk,Manual Review
57366891,5750.0, 36 months,20.99,E,E5,,OWN,16000.0,Verified,debt_consolidation,WV,35.56,0.0,770.0,774.0,1.0,9.8,22.0,Individual,5,High Risk,Manual Review
57324914,35000.0, 60 months,18.55,E,E2,3 years,MORTGAGE,92000.0,Source Verified,debt_consolidation,MO,31.49,1.0,725.0,729.0,0.0,80.8,28.0,Individual,7,High Risk,Manual Review
57832113,18000.0, 60 months,24.99,F,F4,3 years,RENT,45000.0,Verified,other,NY,35.41,0.0,680.0,684.0,1.0,55.9,18.0,Individual,5,High Risk,Manual Review
57146831,15450.0, 60 months,20.99,E,E5,10+ years,MORTGAGE,35000.0,Verified,debt_consolidation,MO,31.86,0.0,700.0,704.0,0.0,60.2,43.0,Individual,5,High Risk,Manual Review
57388565,20800.0, 60 months,27.31,G,G2,< 1 year,RENT,55000.0,Verified,small_business,WA,34.5,0.0,660.0,664.0,1.0,68.9,37.0,Individual,5,High Risk,Manual Review
57588455,11200.0, 60 months,20.99,E,E5,10+ years,RENT,36000.0,Verified,debt_consolidation,NY,34.97,0.0,675.0,679.0,1.0,79.4,33.0,Individual,5,High Risk,Manual Review
57772119,25000.0, 60 months,18.25,E,E1,10+ years,RENT,70000.0,Not Verified,credit_card,FL,36.04,0.0,720.0,724.0,0.0,50.4,18.0,Individual,5,High Risk,Manual Review
57528612,15375.0, 36 months,18.25,E,E1,10+ years,MORTGAGE,48000.0,Not Verified,debt_consolidation,NC,18.0,1.0,665.0,669.0,0.0,82.0,17.0,Individual,5,High Risk,Manual Review
57306356,30000.0, 60 months,18.25,E,E1,8 years,OWN,182000.0,Verified,debt_consolidation,IL,9.34,1.0,670.0,674.0,2.0,98.0,15.0,Individual,5,High Risk,Manual Review
57732139,20000.0, 60 months,19.99,E,E4,10+ years,RENT,65000.0,Source Verified,debt_consolidation,AZ,30.6,0.0,685.0,689.0,1.0,64.0,21.0,Individual,5,High Risk,Manual Review
57518308,19000.0, 60 months,18.55,E,E2,10+ years,MORTGAGE,49000.0,Verified,debt_consolidation,IL,31.79,0.0,660.0,664.0,1.0,67.4,20.0,Individual,5,High Risk,Manual Review
57156692,20000.0, 60 months,18.25,E,E1,4 years,MORTGAGE,43500.0,Verified,debt_consolidation,VA,32.91,0.0,725.0,729.0,0.0,88.1,15.0,Individual,6,High Risk,Manual Review
57518293,20600.0, 60 months,18.25,E,E1,2 years,MORTGAGE,108000.0,Verified,debt_consolidation,OH,35.98,0.0,720.0,724.0,1.0,79.1,28.0,Individual,5,High Risk,Manual Review
57438361,15025.0, 60 months,18.25,E,E1,1 year,RENT,52728.0,Source Verified,debt_consolidation,OH,35.0,0.0,695.0,699.0,0.0,51.2,21.0,Individual,5,High Risk,Manual Review
57448385,12000.0, 60 months,24.99,F,F4,8 years,RENT,40000.0,Verified,debt_consolidation,IL,30.81,0.0,670.0,674.0,1.0,48.6,38.0,Individual,5,High Risk,Manual Review
57286121,19800.0, 60 months,18.55,E,E2,10+ years,RENT,55000.0,Source Verified,debt_consolidation,PA,37.62,3.0,670.0,674.0,0.0,65.9,30.0,Individual,6,High Risk,Manual Review
57438378,10000.0, 36 months,18.25,E,E1,3 years,RENT,42000.0,Source Verified,debt_consolidation,NY,33.63,0.0,660.0,664.0,2.0,75.4,15.0,Individual,5,High Risk,Manual Review
57326906,3650.0, 36 months,18.25,E,E1,1 year,RENT,33609.0,Source Verified,debt_consolidation,CA,38.79,0.0,685.0,689.0,0.0,68.0,10.0,Individual,5,High Risk,Manual Review
57408353,5525.0, 36 months,18.55,E,E2,8 years,RENT,65000.0,Verified,medical,FL,13.72,3.0,660.0,664.0,2.0,92.2,59.0,Individual,5,High Risk,Manual Review
57558345,11375.0, 60 months,18.25,E,E1,4 years,RENT,36000.0,Verified,debt_consolidation,CA,39.57,1.0,710.0,714.0,1.0,5.4,15.0,Individual,6,High Risk,Manual Review
57418200,20000.0, 60 months,18.25,E,E1,4 years,MORTGAGE,55000.0,Verified,credit_card,MN,33.25,0.0,690.0,694.0,0.0,90.8,19.0,Individual,6,High Risk,Manual Review
57326795,15000.0, 60 months,18.25,E,E1,10+ years,RENT,86000.0,Source Verified,vacation,NY,33.73,0.0,700.0,704.0,0.0,78.7,28.0,Individual,5,High Risk,Manual Review
56715299,22000.0, 60 months,21.99,F,F1,7 years,MORTGAGE,50000.0,Source Verified,credit_card,PA,31.08,0.0,665.0,669.0,0.0,97.1,11.0,Individual,6,High Risk,Manual Review
57356150,28600.0, 60 months,18.55,E,E2,10+ years,RENT,65000.0,Source Verified,debt_consolidation,CA,34.92,0.0,660.0,664.0,0.0,72.8,55.0,Individual,5,High Risk,Manual Review
57588236,14000.0, 60 months,18.25,E,E1,10+ years,OWN,78200.0,Source Verified,vacation,NY,22.73,1.0,665.0,669.0,0.0,81.0,33.0,Individual,5,High Risk,Manual Review
57344450,14150.0, 60 months,17.86,D,D5,4 years,OWN,58000.0,Verified,other,PA,30.08,1.0,670.0,674.0,1.0,98.7,15.0,Individual,5,High Risk,Manual Review
57498195,24300.0, 60 months,22.99,F,F2,10+ years,MORTGAGE,64000.0,Verified,debt_consolidation,TX,34.59,0.0,675.0,679.0,1.0,84.3,32.0,Individual,6,High Risk,Manual Review
57196308,13200.0, 60 months,22.99,F,F2,10+ years,RENT,50000.0,Source Verified,debt_consolidation,CA,34.66,0.0,675.0,679.0,1.0,30.1,19.0,Individual,5,High Risk,Manual Review
57186800,24000.0, 60 months,18.25,E,E1,3 years,MORTGAGE,100000.0,Not Verified,credit_card,LA,31.56,0.0,680.0,684.0,0.0,42.5,31.0,Individual,5,High Risk,Manual Review
56894281,12000.0, 60 months,18.25,E,E1,8 years,MORTGAGE,49000.0,Source Verified,credit_card,CA,31.62,0.0,670.0,674.0,0.0,88.0,28.0,Individual,6,High Risk,Manual Review
57468149,18000.0, 36 months,15.61,D,D1,,MORTGAGE,48000.0,Verified,debt_consolidation,TN,37.93,1.0,695.0,699.0,0.0,83.3,13.0,Individual,5,High Risk,Manual Review
56131108,12250.0, 60 months,18.55,E,E2,10+ years,MORTGAGE,60000.0,Source Verified,debt_consolidation,NY,30.17,0.0,680.0,684.0,2.0,40.8,28.0,Individual,5,High Risk,Manual Review
57418124,23000.0, 60 months,19.19,E,E3,4 years,RENT,53900.0,Verified,debt_consolidation,FL,39.21,1.0,675.0,679.0,1.0,73.6,24.0,Individual,6,High Risk,Manual Review
57307463,16200.0, 60 months,18.55,E,E2,10+ years,OWN,45000.0,Verified,debt_consolidation,SC,32.69,0.0,660.0,664.0,0.0,90.9,22.0,Individual,6,High Risk,Manual Review
57186739,8000.0, 36 months,18.25,E,E1,,OWN,33000.0,Source Verified,debt_consolidation,CA,31.45,0.0,670.0,674.0,1.0,63.8,11.0,Individual,5,High Risk,Manual Review
57287057,32325.0, 60 months,21.99,F,F1,1 year,OWN,77000.0,Verified,debt_consolidation,AZ,32.9,1.0,670.0,674.0,0.0,69.9,41.0,Individual,6,High Risk,Manual Review
57146641,30000.0, 60 months,18.55,E,E2,,MORTGAGE,80000.0,Source Verified,home_improvement,NC,33.39,0.0,670.0,674.0,0.0,71.4,31.0,Individual,5,High Risk,Manual Review
57287016,10000.0, 36 months,16.99,D,D3,10+ years,MORTGAGE,50000.0,Verified,small_business,TX,39.92,1.0,665.0,669.0,1.0,81.1,31.0,Individual,5,High Risk,Manual Review
57186728,20575.0, 60 months,18.25,E,E1,10+ years,OWN,42900.0,Not Verified,credit_card,WI,33.48,0.0,705.0,709.0,0.0,54.8,25.0,Individual,5,High Risk,Manual Review
57176771,9175.0, 36 months,18.55,E,E2,2 years,RENT,35000.0,Verified,debt_consolidation,NJ,36.59,2.0,660.0,664.0,0.0,59.1,25.0,Individual,6,High Risk,Manual Review
56472634,16325.0, 60 months,18.25,E,E1,2 years,RENT,35520.0,Not Verified,debt_consolidation,PA,32.7,0.0,710.0,714.0,0.0,98.8,11.0,Individual,6,High Risk,Manual Review
57256377,12000.0, 60 months,19.99,E,E4,6 years,RENT,53000.0,Verified,debt_consolidation,NE,38.18,1.0,660.0,664.0,0.0,64.5,40.0,Individual,6,High Risk,Manual Review
57306699,21000.0, 60 months,18.25,E,E1,2 years,MORTGAGE,88200.0,Source Verified,debt_consolidation,NM,30.16,0.0,665.0,669.0,3.0,89.5,73.0,Individual,6,High Risk,Manual Review
57267191,18500.0, 36 months,19.99,E,E4,6 years,RENT,37000.0,Verified,debt_consolidation,TX,39.28,0.0,695.0,699.0,1.0,82.1,31.0,Individual,6,High Risk,Manual Review
57206259,16875.0, 60 months,21.99,F,F1,10+ years,MORTGAGE,50102.8,Verified,debt_consolidation,CO,39.45,0.0,735.0,739.0,0.0,15.5,25.0,Individual,5,High Risk,Manual Review
57276966,32200.0, 60 months,19.19,E,E3,10+ years,OWN,73204.08,Source Verified,debt_consolidation,DC,34.59,0.0,685.0,689.0,0.0,54.7,30.0,Individual,5,High Risk,Manual Review
57216855,14000.0, 60 months,19.99,E,E4,10+ years,RENT,35000.0,Source Verified,debt_consolidation,NY,31.05,0.0,710.0,714.0,0.0,35.4,19.0,Individual,5,High Risk,Manual Review
57356277,21825.0, 60 months,18.55,E,E2,10+ years,MORTGAGE,52000.0,Source Verified,debt_consolidation,MS,30.39,0.0,705.0,709.0,0.0,79.4,27.0,Individual,5,High Risk,Manual Review
57236457,13000.0, 36 months,18.25,E,E1,,RENT,31004.0,Verified,debt_consolidation,TN,32.17,0.0,675.0,679.0,0.0,56.1,17.0,Individual,5,High Risk,Manual Review
57336495,22000.0, 60 months,19.99,E,E4,7 years,RENT,70000.0,Verified,debt_consolidation,CO,12.98,2.0,660.0,664.0,0.0,87.0,17.0,Individual,5,High Risk,Manual Review
57114618,22500.0, 60 months,15.61,D,D1,10+ years,OWN,70000.0,Source Verified,credit_card,PA,31.8,1.0,685.0,689.0,1.0,90.0,17.0,Individual,5,High Risk,Manual Review
57256181,3500.0, 36 months,19.99,E,E4,,MORTGAGE,41244.0,Verified,debt_consolidation,NV,37.97,0.0,680.0,684.0,2.0,55.2,80.0,Individual,5,High Risk,Manual Review
57236436,17975.0, 60 months,18.25,E,E1,9 years,MORTGAGE,43000.0,Source Verified,debt_consolidation,KS,33.18,1.0,680.0,684.0,0.0,67.0,28.0,Individual,6,High Risk,Manual Review
57296652,9000.0, 36 months,18.55,E,E2,4 years,MORTGAGE,38410.0,Verified,debt_consolidation,PA,34.78,0.0,670.0,674.0,2.0,0.1,26.0,Individual,5,High Risk,Manual Review
57176371,10450.0, 60 months,18.25,E,E1,7 years,RENT,38000.0,Source Verified,debt_consolidation,FL,30.99,0.0,665.0,669.0,1.0,60.2,27.0,Individual,5,High Risk,Manual Review
57135963,24875.0, 60 months,19.99,E,E4,10+ years,OWN,62200.0,Verified,other,TX,34.29,0.0,680.0,684.0,1.0,66.8,64.0,Individual,5,High Risk,Manual Review
57166919,12000.0, 60 months,20.99,E,E5,4 years,RENT,42000.0,Verified,other,PA,30.77,0.0,665.0,669.0,2.0,70.7,29.0,Individual,5,High Risk,Manual Review
56170143,27875.0, 60 months,19.19,E,E3,< 1 year,OWN,70446.0,Source Verified,debt_consolidation,MO,30.53,0.0,680.0,684.0,0.0,74.0,40.0,Individual,5,High Risk,Manual Review
57245781,24350.0, 60 months,20.99,E,E5,10+ years,RENT,58000.0,Source Verified,debt_consolidation,FL,38.03,0.0,660.0,664.0,0.0,76.6,24.0,Individual,5,High Risk,Manual Review
57136439,26000.0, 60 months,22.99,F,F2,2 years,MORTGAGE,65000.0,Verified,credit_card,GA,21.21,2.0,675.0,679.0,1.0,93.4,23.0,Individual,5,High Risk,Manual Review
57176155,8500.0, 36 months,18.55,E,E2,8 years,OWN,25000.0,Verified,debt_consolidation,WI,31.49,0.0,675.0,679.0,2.0,59.6,19.0,Individual,5,High Risk,Manual Review
57356200,25000.0, 60 months,17.57,D,D4,10+ years,MORTGAGE,82000.0,Source Verified,debt_consolidation,PA,34.83,1.0,665.0,669.0,1.0,83.1,53.0,Individual,5,High Risk,Manual Review
56685303,21000.0, 60 months,19.19,E,E3,10+ years,MORTGAGE,104000.0,Verified,credit_card,IL,29.15,2.0,660.0,664.0,0.0,89.0,43.0,Individual,5,High Risk,Manual Review
57146228,35000.0, 60 months,23.99,F,F3,10+ years,RENT,120000.0,Verified,debt_consolidation,NY,27.95,1.0,660.0,664.0,2.0,101.7,29.0,Individual,5,High Risk,Manual Review
56462204,23000.0, 60 months,18.55,E,E2,,OWN,50000.0,Not Verified,debt_consolidation,PA,33.41,0.0,715.0,719.0,1.0,34.3,37.0,Individual,5,High Risk,Manual Review
57206029,24200.0, 60 months,18.25,E,E1,10+ years,OWN,55000.0,Source Verified,debt_consolidation,FL,31.84,0.0,690.0,694.0,0.0,71.4,23.0,Individual,5,High Risk,Manual Review
55909808,24350.0, 60 months,20.99,E,E5,2 years,RENT,58000.0,Source Verified,credit_card,NY,30.35,8.0,670.0,674.0,1.0,8.4,33.0,Individual,6,High Risk,Manual Review
57136353,22200.0, 60 months,19.19,E,E3,10+ years,MORTGAGE,90000.0,Verified,debt_consolidation,IL,35.25,0.0,705.0,709.0,3.0,51.1,36.0,Individual,5,High Risk,Manual Review
57216655,18600.0, 60 months,19.19,E,E3,3 years,MORTGAGE,240000.0,Verified,vacation,CT,20.0,1.0,690.0,694.0,3.0,90.0,42.0,Individual,5,High Risk,Manual Review
57295211,3800.0, 36 months,21.99,F,F1,,MORTGAGE,18348.0,Verified,debt_consolidation,IN,30.94,0.0,660.0,664.0,0.0,81.6,42.0,Individual,6,High Risk,Manual Review
55978769,19800.0, 60 months,23.99,F,F3,5 years,MORTGAGE,55000.0,Verified,debt_consolidation,LA,36.02,0.0,685.0,689.0,2.0,78.1,19.0,Individual,5,High Risk,Manual Review
57236256,10000.0, 60 months,18.25,E,E1,8 years,MORTGAGE,55000.0,Verified,other,MN,34.78,0.0,680.0,684.0,0.0,62.3,23.0,Individual,5,High Risk,Manual Review
57186257,18000.0, 36 months,19.99,E,E4,2 years,RENT,52000.0,Verified,debt_consolidation,CA,34.99,0.0,685.0,689.0,2.0,28.1,37.0,Individual,5,High Risk,Manual Review
57135552,20000.0, 60 months,20.99,E,E5,8 years,OWN,40000.0,Verified,debt_consolidation,PA,32.16,0.0,705.0,709.0,0.0,85.5,18.0,Individual,6,High Risk,Manual Review
57156069,35000.0, 60 months,19.99,E,E4,10+ years,MORTGAGE,75000.0,Verified,debt_consolidation,PA,33.6,0.0,680.0,684.0,0.0,63.9,41.0,Individual,5,High Risk,Manual Review
55898605,26200.0, 60 months,18.55,E,E2,10+ years,MORTGAGE,55000.0,Source Verified,debt_consolidation,AR,34.06,0.0,735.0,739.0,0.0,57.1,21.0,Individual,5,High Risk,Manual Review
57294503,17600.0, 60 months,24.99,F,F4,10+ years,RENT,56000.0,Source Verified,credit_card,TX,31.8,0.0,660.0,664.0,1.0,63.9,35.0,Individual,5,High Risk,Manual Review
55697206,22875.0, 60 months,16.55,D,D2,3 years,MORTGAGE,52000.0,Not Verified,credit_card,IL,33.31,2.0,670.0,674.0,1.0,83.1,9.0,Individual,5,High Risk,Manual Review
57136174,12225.0, 60 months,22.99,F,F2,,OWN,36000.0,Verified,debt_consolidation,NY,33.97,0.0,670.0,674.0,1.0,46.6,28.0,Individual,5,High Risk,Manual Review
57216495,30225.0, 60 months,20.99,E,E5,8 years,RENT,63000.0,Source Verified,debt_consolidation,CA,35.89,0.0,705.0,709.0,0.0,81.7,24.0,Individual,6,High Risk,Manual Review
57355954,19125.0, 60 months,20.99,E,E5,7 years,RENT,53136.0,Verified,debt_consolidation,CA,35.08,0.0,690.0,694.0,0.0,86.1,25.0,Individual,6,High Risk,Manual Review
57205776,2000.0, 36 months,16.99,D,D3,10+ years,RENT,69444.0,Verified,medical,VA,39.24,1.0,660.0,664.0,1.0,92.2,24.0,Individual,5,High Risk,Manual Review
55910858,35000.0, 36 months,18.55,E,E2,10+ years,RENT,160000.0,Verified,debt_consolidation,CA,14.79,2.0,665.0,669.0,1.0,87.2,21.0,Individual,5,High Risk,Manual Review
57245912,12800.0, 60 months,19.99,E,E4,1 year,RENT,65000.0,Verified,debt_consolidation,CA,39.09,0.0,665.0,669.0,1.0,67.5,25.0,Individual,5,High Risk,Manual Review
57246410,10575.0, 60 months,18.25,E,E1,10+ years,RENT,65888.0,Source Verified,other,NY,35.97,0.0,690.0,694.0,0.0,71.9,36.0,Individual,5,High Risk,Manual Review
57366074,35000.0, 60 months,18.55,E,E2,10+ years,MORTGAGE,80000.0,Verified,debt_consolidation,PA,35.36,2.0,675.0,679.0,0.0,89.4,32.0,Individual,7,High Risk,Manual Review
57245792,21725.0, 60 months,25.78,F,F5,6 years,MORTGAGE,54341.73,Verified,debt_consolidation,TX,12.38,1.0,660.0,664.0,0.0,94.0,40.0,Individual,5,High Risk,Manual Review
57366086,20025.0, 60 months,20.99,E,E5,10+ years,RENT,55691.4,Verified,debt_consolidation,NC,32.24,3.0,660.0,664.0,0.0,69.1,46.0,Individual,6,High Risk,Manual Review
57225814,18300.0, 60 months,19.99,E,E4,6 years,RENT,52000.0,Source Verified,debt_consolidation,NC,30.56,0.0,700.0,704.0,0.0,56.3,27.0,Individual,5,High Risk,Manual Review
57335974,17200.0, 60 months,21.99,F,F1,2 years,RENT,41000.0,Source Verified,credit_card,CT,37.05,0.0,685.0,689.0,1.0,93.7,35.0,Individual,6,High Risk,Manual Review
57326331,27625.0, 60 months,19.19,E,E3,4 years,RENT,98000.0,Verified,credit_card,IN,35.77,0.0,675.0,679.0,2.0,67.3,42.0,Individual,5,High Risk,Manual Review
57196066,31275.0, 36 months,18.55,E,E2,5 years,RENT,80400.0,Verified,debt_consolidation,TX,33.37,0.0,660.0,664.0,2.0,72.8,30.0,Individual,5,High Risk,Manual Review
57264563,11200.0, 60 months,19.19,E,E3,4 years,RENT,41000.0,Verified,debt_consolidation,CA,38.96,0.0,690.0,694.0,0.0,49.9,16.0,Individual,5,High Risk,Manual Review
57326219,13500.0, 60 months,19.19,E,E3,10+ years,RENT,27000.0,Source Verified,credit_card,IL,31.29,0.0,675.0,679.0,1.0,80.1,37.0,Individual,6,High Risk,Manual Review
56532195,33600.0, 60 months,18.55,E,E2,3 years,MORTGAGE,70000.0,Verified,home_improvement,FL,39.11,0.0,690.0,694.0,2.0,48.5,24.0,Individual,5,High Risk,Manual Review
57135857,6075.0, 36 months,21.99,F,F1,< 1 year,RENT,35000.0,Verified,debt_consolidation,CA,34.77,0.0,660.0,664.0,1.0,63.5,19.0,Individual,5,High Risk,Manual Review
57316404,10000.0, 60 months,19.99,E,E4,10+ years,RENT,22652.0,Verified,credit_card,RI,39.37,0.0,705.0,709.0,0.0,72.2,14.0,Individual,5,High Risk,Manual Review
57175777,30800.0, 60 months,20.99,E,E5,10+ years,MORTGAGE,70000.0,Verified,debt_consolidation,CA,37.92,0.0,700.0,704.0,0.0,88.3,32.0,Individual,6,High Risk,Manual Review
57125760,16625.0, 60 months,26.77,G,G1,3 years,RENT,80000.0,Source Verified,debt_consolidation,CA,10.02,1.0,665.0,669.0,3.0,84.4,20.0,Individual,5,High Risk,Manual Review
57155901,11475.0, 60 months,22.99,F,F2,10+ years,MORTGAGE,50000.0,Verified,debt_consolidation,OR,36.58,0.0,660.0,664.0,2.0,70.0,29.0,Individual,5,High Risk,Manual Review
57255583,8025.0, 36 months,20.99,E,E5,7 years,MORTGAGE,46000.0,Verified,debt_consolidation,FL,33.12,0.0,670.0,674.0,0.0,51.7,42.0,Individual,5,High Risk,Manual Review
57246227,12225.0, 60 months,21.99,F,F1,2 years,MORTGAGE,36000.0,Verified,debt_consolidation,KY,30.13,0.0,660.0,664.0,1.0,69.8,9.0,Individual,5,High Risk,Manual Review
57275002,12000.0, 60 months,18.25,E,E1,7 years,RENT,57000.0,Source Verified,debt_consolidation,OH,34.8,0.0,700.0,704.0,0.0,83.0,23.0,Individual,6,High Risk,Manual Review
57335831,23975.0, 60 months,24.99,F,F4,10+ years,RENT,90000.0,Verified,other,MD,32.43,0.0,670.0,674.0,2.0,17.4,26.0,Individual,5,High Risk,Manual Review
57226119,9450.0, 36 months,18.55,E,E2,1 year,OWN,31500.0,Verified,debt_consolidation,MA,32.54,0.0,670.0,674.0,0.0,87.5,12.0,Individual,6,High Risk,Manual Review
55950581,27600.0, 60 months,26.77,G,G1,6 years,RENT,66000.0,Verified,house,MO,30.25,0.0,665.0,669.0,0.0,63.0,31.0,Individual,5,High Risk,Manual Review
57306400,10800.0, 60 months,21.99,F,F1,3 years,RENT,55000.0,Verified,moving,CA,19.83,1.0,690.0,694.0,0.0,81.3,27.0,Individual,5,High Risk,Manual Review
57166381,27300.0, 60 months,22.99,F,F2,3 years,RENT,55000.0,Verified,major_purchase,MO,33.73,0.0,780.0,784.0,2.0,12.2,23.0,Individual,5,High Risk,Manual Review
57316161,20000.0, 60 months,18.25,E,E1,10+ years,MORTGAGE,68000.0,Source Verified,debt_consolidation,PA,34.27,2.0,660.0,664.0,2.0,47.1,25.0,Individual,6,High Risk,Manual Review
57335659,18675.0, 60 months,19.19,E,E3,3 years,RENT,70000.0,Source Verified,debt_consolidation,FL,38.27,2.0,660.0,664.0,1.0,33.6,32.0,Individual,6,High Risk,Manual Review
57365517,17550.0, 36 months,20.99,E,E5,2 years,RENT,48799.92,Verified,debt_consolidation,AZ,36.52,0.0,685.0,689.0,0.0,85.7,23.0,Individual,6,High Risk,Manual Review
57276253,13850.0, 36 months,18.25,E,E1,5 years,RENT,40800.0,Verified,debt_consolidation,ND,36.67,0.0,670.0,674.0,1.0,54.3,18.0,Individual,5,High Risk,Manual Review
57335724,7025.0, 36 months,18.55,E,E2,,RENT,16000.0,Not Verified,credit_card,NY,36.59,0.0,670.0,674.0,1.0,62.8,58.0,Individual,5,High Risk,Manual Review
55900147,35000.0, 36 months,19.19,E,E3,10+ years,MORTGAGE,85000.0,Source Verified,debt_consolidation,CA,34.77,0.0,700.0,704.0,1.0,73.1,29.0,Individual,5,High Risk,Manual Review
56482707,12375.0, 60 months,19.99,E,E4,1 year,MORTGAGE,25000.0,Source Verified,credit_card,MO,36.29,0.0,700.0,704.0,1.0,36.1,40.0,Individual,5,High Risk,Manual Review
57145547,17500.0, 60 months,18.55,E,E2,1 year,RENT,57000.0,Source Verified,debt_consolidation,NC,32.86,0.0,680.0,684.0,0.0,94.0,45.0,Individual,6,High Risk,Manual Review
57175593,16925.0, 60 months,18.25,E,E1,,RENT,38220.0,Verified,debt_consolidation,NY,31.46,2.0,670.0,674.0,1.0,83.9,18.0,Individual,7,High Risk,Manual Review
57365664,34700.0, 60 months,18.25,E,E1,10+ years,MORTGAGE,75000.0,Source Verified,debt_consolidation,UT,31.46,1.0,665.0,669.0,0.0,80.4,25.0,Individual,7,High Risk,Manual Review
57355476,33600.0, 60 months,20.99,E,E5,10+ years,RENT,70000.0,Source Verified,debt_consolidation,IL,37.73,0.0,720.0,724.0,0.0,52.2,39.0,Individual,5,High Risk,Manual Review
57215976,12000.0, 60 months,18.25,E,E1,7 years,MORTGAGE,58735.0,Verified,credit_card,CT,33.06,0.0,685.0,689.0,1.0,80.5,38.0,Individual,6,High Risk,Manual Review
57285963,18000.0, 60 months,18.55,E,E2,9 years,MORTGAGE,50000.0,Verified,credit_card,CA,33.54,0.0,685.0,689.0,0.0,76.3,16.0,Individual,5,High Risk,Manual Review
57135438,16450.0, 60 months,18.25,E,E1,,OWN,42000.0,Not Verified,home_improvement,TX,34.46,0.0,690.0,694.0,0.0,37.1,26.0,Individual,5,High Risk,Manual Review
57135369,17600.0, 60 months,19.19,E,E3,5 years,RENT,40000.0,Source Verified,debt_consolidation,HI,33.87,0.0,755.0,759.0,0.0,24.0,21.0,Individual,5,High Risk,Manual Review
57195512,33600.0, 60 months,18.25,E,E1,8 years,MORTGAGE,80000.0,Source Verified,credit_card,MI,34.99,0.0,680.0,684.0,0.0,61.2,47.0,Individual,5,High Risk,Manual Review
57245944,5750.0, 36 months,18.25,E,E1,10+ years,MORTGAGE,40000.0,Source Verified,debt_consolidation,TX,32.49,1.0,710.0,714.0,0.0,43.9,16.0,Individual,6,High Risk,Manual Review
57355253,14700.0, 60 months,19.19,E,E3,10+ years,OWN,35000.0,Source Verified,debt_consolidation,CT,38.31,0.0,740.0,744.0,1.0,66.1,23.0,Individual,5,High Risk,Manual Review
57355292,35000.0, 60 months,19.19,E,E3,10+ years,MORTGAGE,90000.0,Source Verified,debt_consolidation,NY,32.33,1.0,685.0,689.0,0.0,61.1,23.0,Individual,6,High Risk,Manual Review
56622285,25000.0, 60 months,15.61,D,D1,10+ years,RENT,50000.0,Not Verified,credit_card,TX,36.83,1.0,685.0,689.0,0.0,83.6,19.0,Individual,5,High Risk,Manual Review
57166189,12000.0, 60 months,18.55,E,E2,4 years,RENT,25000.0,Verified,debt_consolidation,FL,36.68,0.0,675.0,679.0,1.0,24.3,11.0,Individual,5,High Risk,Manual Review
57365572,18000.0, 36 months,20.99,E,E5,8 years,RENT,50000.0,Verified,other,CA,35.43,0.0,670.0,674.0,0.0,72.0,18.0,Individual,5,High Risk,Manual Review
57266042,29900.0, 60 months,20.99,E,E5,6 years,OWN,65000.0,Verified,home_improvement,FL,37.76,0.0,700.0,704.0,0.0,61.7,28.0,Individual,5,High Risk,Manual Review
57195552,22225.0, 60 months,27.31,G,G2,9 years,MORTGAGE,97000.0,Verified,debt_consolidation,WI,27.27,1.0,665.0,669.0,1.0,114.5,18.0,Individual,5,High Risk,Manual Review
57125371,4500.0, 36 months,18.25,E,E1,10+ years,MORTGAGE,54000.0,Source Verified,debt_consolidation,AZ,33.58,0.0,670.0,674.0,1.0,69.1,28.0,Individual,5,High Risk,Manual Review
56130743,11350.0, 60 months,21.99,F,F1,4 years,RENT,45000.0,Source Verified,debt_consolidation,CT,34.93,0.0,670.0,674.0,0.0,17.2,28.0,Individual,5,High Risk,Manual Review
57274807,27350.0, 60 months,21.99,F,F1,10+ years,OWN,57000.0,Source Verified,home_improvement,GA,30.44,0.0,680.0,684.0,1.0,59.9,40.0,Individual,5,High Risk,Manual Review
57074430,31500.0, 60 months,21.99,F,F1,10+ years,MORTGAGE,75000.0,Verified,debt_consolidation,CO,16.62,2.0,660.0,664.0,1.0,95.3,15.0,Individual,5,High Risk,Manual Review
57155483,4225.0, 36 months,19.19,E,E3,10+ years,RENT,28000.0,Verified,credit_card,FL,37.16,0.0,670.0,674.0,1.0,50.7,35.0,Individual,5,High Risk,Manual Review
57205215,12000.0, 36 months,17.57,D,D4,10+ years,RENT,63000.0,Verified,debt_consolidation,MO,39.54,8.0,660.0,664.0,2.0,85.0,44.0,Individual,5,High Risk,Manual Review
57265847,14000.0, 60 months,18.25,E,E1,9 years,RENT,50000.0,Verified,debt_consolidation,HI,34.85,1.0,660.0,664.0,2.0,91.6,21.0,Individual,7,High Risk,Manual Review
57306157,31500.0, 60 months,19.99,E,E4,3 years,OWN,75000.0,Source Verified,debt_consolidation,FL,36.31,0.0,695.0,699.0,0.0,63.0,36.0,Individual,5,High Risk,Manual Review
56057326,13350.0, 60 months,22.99,F,F2,4 years,RENT,38000.0,Source Verified,debt_consolidation,HI,37.97,0.0,710.0,714.0,0.0,74.6,17.0,Individual,5,High Risk,Manual Review
57215755,15000.0, 60 months,19.19,E,E3,7 years,MORTGAGE,52000.0,Source Verified,debt_consolidation,GA,36.12,0.0,710.0,714.0,1.0,52.5,34.0,Individual,5,High Risk,Manual Review
57125260,19300.0, 60 months,19.99,E,E4,9 years,RENT,42000.0,Source Verified,debt_consolidation,OR,30.2,0.0,680.0,684.0,0.0,20.9,43.0,Individual,5,High Risk,Manual Review
56924388,26000.0, 60 months,18.25,E,E1,9 years,RENT,70200.0,Not Verified,debt_consolidation,CO,38.53,0.0,685.0,689.0,1.0,82.7,51.0,Individual,6,High Risk,Manual Review
56051270,23200.0, 60 months,19.99,E,E4,10+ years,RENT,58000.0,Source Verified,debt_consolidation,GA,36.99,0.0,670.0,674.0,2.0,53.1,36.0,Individual,5,High Risk,Manual Review
56562669,35000.0, 60 months,20.99,E,E5,5 years,RENT,95000.0,Verified,debt_consolidation,GA,30.46,1.0,665.0,669.0,0.0,72.9,54.0,Individual,6,High Risk,Manual Review
57255042,7500.0, 36 months,18.55,E,E2,< 1 year,RENT,92000.0,Verified,small_business,KY,30.59,0.0,670.0,674.0,2.0,25.1,61.0,Individual,5,High Risk,Manual Review
57225579,19800.0, 60 months,18.25,E,E1,8 years,MORTGAGE,45000.0,Source Verified,debt_consolidation,TN,30.48,0.0,680.0,684.0,0.0,44.7,39.0,Individual,5,High Risk,Manual Review
56109274,21000.0, 60 months,20.99,E,E5,10+ years,RENT,54000.0,Verified,debt_consolidation,NY,28.53,2.0,665.0,669.0,0.0,92.0,15.0,Individual,5,High Risk,Manual Review
57165916,23500.0, 60 months,18.55,E,E2,2 years,RENT,47000.0,Source Verified,debt_consolidation,FL,37.39,0.0,725.0,729.0,0.0,78.7,15.0,Individual,5,High Risk,Manual Review
57165818,23000.0, 60 months,24.99,F,F4,10+ years,MORTGAGE,99000.0,Verified,debt_consolidation,SC,28.2,2.0,670.0,674.0,2.0,85.6,41.0,Individual,5,High Risk,Manual Review
57124796,9350.0, 36 months,20.99,E,E5,10+ years,MORTGAGE,26000.0,Verified,debt_consolidation,VA,33.8,1.0,665.0,669.0,1.0,56.6,17.0,Individual,6,High Risk,Manual Review
57195184,4575.0, 36 months,18.25,E,E1,3 years,RENT,28000.0,Verified,debt_consolidation,MS,33.86,5.0,665.0,669.0,0.0,50.9,22.0,Individual,6,High Risk,Manual Review
57365232,18150.0, 60 months,25.78,F,F5,10+ years,RENT,53400.0,Verified,other,NY,13.26,1.0,665.0,669.0,0.0,94.6,10.0,Individual,5,High Risk,Manual Review
57245367,10075.0, 60 months,19.19,E,E3,1 year,RENT,35500.0,Verified,home_improvement,FL,30.76,0.0,670.0,674.0,0.0,89.9,14.0,Individual,6,High Risk,Manual Review
57165760,11500.0, 60 months,23.99,F,F3,5 years,RENT,32000.0,Verified,debt_consolidation,NC,37.28,0.0,690.0,694.0,0.0,89.1,15.0,Individual,6,High Risk,Manual Review
57345096,15950.0, 60 months,19.19,E,E3,10+ years,MORTGAGE,51168.0,Not Verified,debt_consolidation,FL,33.77,5.0,675.0,679.0,0.0,76.4,46.0,Individual,6,High Risk,Manual Review
57285490,15000.0, 60 months,18.55,E,E2,10+ years,MORTGAGE,60000.0,Verified,debt_consolidation,WA,33.36,0.0,685.0,689.0,1.0,68.0,26.0,Individual,5,High Risk,Manual Review
57165806,35000.0, 60 months,18.25,E,E1,10+ years,MORTGAGE,80000.0,Verified,debt_consolidation,AR,35.12,1.0,670.0,674.0,0.0,38.9,53.0,Individual,6,High Risk,Manual Review
57175202,15300.0, 60 months,21.99,F,F1,< 1 year,RENT,45000.0,Verified,debt_consolidation,CA,36.05,0.0,685.0,689.0,0.0,95.6,19.0,Individual,6,High Risk,Manual Review
57134961,18400.0, 60 months,19.99,E,E4,1 year,MORTGAGE,40000.0,Verified,credit_card,VA,34.89,0.0,670.0,674.0,0.0,60.5,23.0,Individual,5,High Risk,Manual Review
57194369,27025.0, 60 months,19.19,E,E3,10+ years,MORTGAGE,77310.0,Source Verified,debt_consolidation,OH,36.29,0.0,685.0,689.0,0.0,75.0,38.0,Individual,5,High Risk,Manual Review
57235046,12950.0, 60 months,24.99,F,F4,8 years,RENT,27000.0,Verified,debt_consolidation,TN,35.87,0.0,705.0,709.0,1.0,86.1,12.0,Individual,6,High Risk,Manual Review
57265405,15000.0, 60 months,18.55,E,E2,7 years,RENT,55000.0,Not Verified,debt_consolidation,NY,37.42,0.0,670.0,674.0,0.0,76.8,51.0,Individual,5,High Risk,Manual Review
55990270,10000.0, 60 months,19.19,E,E3,4 years,RENT,60000.0,Verified,debt_consolidation,OK,30.5,0.0,660.0,664.0,2.0,58.0,24.0,Individual,5,High Risk,Manual Review
55982131,18350.0, 60 months,19.19,E,E3,10+ years,MORTGAGE,51000.0,Verified,debt_consolidation,VA,30.61,0.0,670.0,674.0,0.0,86.1,21.0,Individual,6,High Risk,Manual Review
57295114,35000.0, 60 months,17.86,D,D5,2 years,MORTGAGE,115000.0,Verified,debt_consolidation,GA,36.2,1.0,690.0,694.0,0.0,86.2,26.0,Individual,5,High Risk,Manual Review
57264823,14000.0, 60 months,18.25,E,E1,10+ years,MORTGAGE,141000.0,Source Verified,debt_consolidation,NC,31.51,0.0,720.0,724.0,0.0,76.0,61.0,Individual,5,High Risk,Manual Review
57295016,17875.0, 60 months,18.55,E,E2,8 years,RENT,53598.0,Verified,debt_consolidation,FL,35.13,0.0,680.0,684.0,0.0,58.6,18.0,Individual,5,High Risk,Manual Review
57144982,23875.0, 60 months,21.99,F,F1,7 years,RENT,70500.0,Verified,debt_consolidation,CA,34.5,0.0,680.0,684.0,1.0,87.5,27.0,Individual,6,High Risk,Manual Review
57295140,20000.0, 60 months,22.99,F,F2,10+ years,RENT,40000.0,Source Verified,credit_card,PA,30.08,0.0,660.0,664.0,0.0,55.3,37.0,Individual,5,High Risk,Manual Review
57165509,11600.0, 60 months,19.99,E,E4,< 1 year,RENT,27000.0,Source Verified,debt_consolidation,TN,32.13,0.0,680.0,684.0,0.0,63.2,31.0,Individual,5,High Risk,Manual Review
57124902,21600.0, 60 months,21.99,F,F1,< 1 year,RENT,60000.0,Verified,debt_consolidation,CA,37.22,0.0,675.0,679.0,0.0,74.7,40.0,Individual,5,High Risk,Manual Review
57234847,14725.0, 60 months,19.99,E,E4,10+ years,MORTGAGE,57000.0,Verified,credit_card,NJ,30.23,0.0,685.0,689.0,2.0,88.5,18.0,Individual,6,High Risk,Manual Review
57245262,14700.0, 60 months,20.99,E,E5,4 years,OWN,35000.0,Not Verified,debt_consolidation,LA,38.24,0.0,665.0,669.0,0.0,62.0,22.0,Individual,5,High Risk,Manual Review
57144884,6050.0, 36 months,27.31,G,G2,3 years,RENT,26000.0,Verified,other,NV,36.57,0.0,665.0,669.0,2.0,92.0,7.0,Individual,6,High Risk,Manual Review
56984804,16550.0, 60 months,19.19,E,E3,10+ years,MORTGAGE,60000.0,Source Verified,debt_consolidation,DE,35.46,0.0,715.0,719.0,0.0,63.4,14.0,Individual,5,High Risk,Manual Review
57094699,34425.0, 60 months,19.19,E,E3,10+ years,MORTGAGE,82000.0,Verified,credit_card,MI,29.43,1.0,670.0,674.0,0.0,95.2,30.0,Individual,5,High Risk,Manual Review
56894544,17600.0, 60 months,19.99,E,E4,10+ years,OWN,40000.0,Not Verified,debt_consolidation,SC,32.04,0.0,685.0,689.0,2.0,51.3,33.0,Individual,5,High Risk,Manual Review
57305381,28500.0, 60 months,25.78,F,F5,7 years,RENT,57000.0,Verified,debt_consolidation,AK,35.57,0.0,675.0,679.0,1.0,62.9,34.0,Individual,5,High Risk,Manual Review
57344887,24825.0, 60 months,19.19,E,E3,9 years,MORTGAGE,54000.0,Verified,credit_card,FL,36.15,0.0,670.0,674.0,0.0,73.5,23.0,Individual,5,High Risk,Manual Review
55949132,11000.0, 60 months,18.55,E,E2,< 1 year,RENT,55000.0,Source Verified,debt_consolidation,NJ,37.49,0.0,685.0,689.0,1.0,89.4,19.0,Individual,6,High Risk,Manual Review
57294684,25000.0, 60 months,20.99,E,E5,10+ years,MORTGAGE,90000.0,Source Verified,debt_consolidation,NJ,9.07,1.0,665.0,669.0,1.0,94.3,27.0,Individual,5,High Risk,Manual Review
57165238,22400.0, 60 months,16.99,D,D3,2 years,MORTGAGE,82000.0,Source Verified,debt_consolidation,TX,32.28,2.0,670.0,674.0,1.0,98.0,22.0,Individual,5,High Risk,Manual Review
57144738,21000.0, 60 months,21.99,F,F1,10+ years,MORTGAGE,50000.0,Not Verified,credit_card,TX,35.57,0.0,700.0,704.0,3.0,51.7,36.0,Individual,5,High Risk,Manual Review
57214539,13525.0, 36 months,15.61,D,D1,10+ years,MORTGAGE,71000.0,Verified,debt_consolidation,CT,31.81,3.0,660.0,664.0,0.0,82.0,31.0,Individual,5,High Risk,Manual Review
56131395,25000.0, 60 months,19.99,E,E4,10+ years,MORTGAGE,50000.0,Source Verified,debt_consolidation,CA,31.16,0.0,660.0,664.0,0.0,55.7,26.0,Individual,5,High Risk,Manual Review
55948835,28000.0, 60 months,18.25,E,E1,10+ years,MORTGAGE,135000.0,Source Verified,debt_consolidation,NM,31.93,0.0,665.0,669.0,2.0,53.6,53.0,Individual,5,High Risk,Manual Review
57244865,4675.0, 36 months,18.55,E,E2,,MORTGAGE,36000.0,Verified,credit_card,AL,34.83,0.0,665.0,669.0,1.0,69.7,20.0,Individual,5,High Risk,Manual Review
56002950,14000.0, 36 months,18.25,E,E1,10+ years,MORTGAGE,35000.0,Source Verified,debt_consolidation,TN,33.74,1.0,670.0,674.0,0.0,78.0,34.0,Individual,6,High Risk,Manual Review
57314949,1825.0, 36 months,19.99,E,E4,10+ years,MORTGAGE,37000.0,Source Verified,credit_card,FL,38.37,0.0,690.0,694.0,0.0,45.8,14.0,Individual,5,High Risk,Manual Review
57094784,35000.0, 60 months,19.99,E,E4,10+ years,OWN,70000.0,Verified,debt_consolidation,WV,30.09,1.0,680.0,684.0,0.0,89.0,14.0,Individual,7,High Risk,Manual Review
57274844,31375.0, 60 months,21.99,F,F1,10+ years,MORTGAGE,81000.0,Source Verified,debt_consolidation,OK,30.59,1.0,695.0,699.0,1.0,57.2,33.0,Individual,6,High Risk,Manual Review
57014127,16650.0, 60 months,19.99,E,E4,7 years,RENT,37000.0,Verified,major_purchase,IL,31.88,0.0,665.0,669.0,3.0,71.0,15.0,Individual,5,High Risk,Manual Review
56138218,12950.0, 60 months,24.99,F,F4,2 years,RENT,62000.0,Verified,debt_consolidation,TX,33.33,0.0,680.0,684.0,1.0,42.4,23.0,Individual,5,High Risk,Manual Review
56060438,10000.0, 60 months,18.55,E,E2,10+ years,MORTGAGE,190000.0,Source Verified,home_improvement,CA,12.29,1.0,665.0,669.0,0.0,96.5,38.0,Individual,5,High Risk,Manual Review
56270562,17975.0, 60 months,24.99,F,F4,10+ years,MORTGAGE,49947.0,Verified,debt_consolidation,FL,35.01,0.0,675.0,679.0,0.0,79.2,21.0,Individual,5,High Risk,Manual Review
57254376,8500.0, 36 months,19.99,E,E4,8 years,OWN,25000.0,Verified,debt_consolidation,CO,33.8,0.0,675.0,679.0,3.0,46.8,16.0,Individual,5,High Risk,Manual Review
55931028,30000.0, 60 months,20.99,E,E5,5 years,MORTGAGE,92000.0,Source Verified,debt_consolidation,CA,15.14,1.0,665.0,669.0,0.0,80.2,26.0,Individual,5,High Risk,Manual Review
57274614,10000.0, 60 months,19.19,E,E3,10+ years,OWN,54000.0,Verified,debt_consolidation,MD,38.89,0.0,675.0,679.0,0.0,81.3,18.0,Individual,6,High Risk,Manual Review
57204387,33675.0, 36 months,18.25,E,E1,10+ years,MORTGAGE,277000.0,Verified,debt_consolidation,TN,32.66,0.0,705.0,709.0,4.0,70.1,67.0,Individual,5,High Risk,Manual Review
55209296,12000.0, 60 months,18.55,E,E2,7 years,OWN,41000.0,Verified,debt_consolidation,TX,36.79,0.0,685.0,689.0,1.0,70.5,40.0,Individual,5,High Risk,Manual Review
57304712,24825.0, 60 months,18.55,E,E2,8 years,RENT,54000.0,Source Verified,debt_consolidation,WA,34.8,0.0,700.0,704.0,0.0,40.5,28.0,Individual,5,High Risk,Manual Review
57174585,12000.0, 36 months,18.25,E,E1,,OWN,25000.0,Verified,debt_consolidation,NY,39.13,0.0,680.0,684.0,0.0,85.9,7.0,Individual,6,High Risk,Manual Review
56915013,11100.0, 60 months,19.19,E,E3,10+ years,RENT,38500.0,Verified,medical,MS,39.99,3.0,675.0,679.0,0.0,87.2,90.0,Individual,7,High Risk,Manual Review
57264432,6500.0, 36 months,18.25,E,E1,2 years,MORTGAGE,115000.0,Verified,car,TX,32.4,0.0,670.0,674.0,3.0,52.6,32.0,Individual,5,High Risk,Manual Review
57284415,16850.0, 60 months,19.19,E,E3,7 years,MORTGAGE,55000.0,Not Verified,debt_consolidation,TX,32.92,0.0,660.0,664.0,1.0,46.4,35.0,Individual,5,High Risk,Manual Review
57204360,2975.0, 36 months,19.99,E,E4,,MORTGAGE,26000.0,Verified,home_improvement,NY,38.78,0.0,675.0,679.0,1.0,59.6,34.0,Individual,5,High Risk,Manual Review
57364383,35000.0, 60 months,18.25,E,E1,5 years,MORTGAGE,85000.0,Source Verified,debt_consolidation,NV,30.17,1.0,670.0,674.0,0.0,83.7,11.0,Individual,7,High Risk,Manual Review
57274470,30000.0, 60 months,22.99,F,F2,8 years,RENT,450000.0,Verified,other,NY,5.87,2.0,660.0,664.0,0.0,98.0,20.0,Individual,5,High Risk,Manual Review
57324448,21825.0, 60 months,18.55,E,E2,6 years,RENT,52000.0,Source Verified,debt_consolidation,ND,32.43,0.0,670.0,674.0,0.0,81.3,16.0,Individual,6,High Risk,Manual Review
57324356,29400.0, 60 months,19.19,E,E3,9 years,MORTGAGE,70000.0,Source Verified,debt_consolidation,TN,38.37,0.0,665.0,669.0,0.0,68.3,34.0,Individual,5,High Risk,Manual Review
56894369,21600.0, 60 months,18.55,E,E2,8 years,RENT,47000.0,Source Verified,debt_consolidation,NJ,33.81,0.0,700.0,704.0,0.0,82.4,31.0,Individual,6,High Risk,Manual Review
54758310,32425.0, 60 months,24.99,F,F4,1 year,RENT,100000.0,Verified,debt_consolidation,AZ,39.19,0.0,670.0,674.0,0.0,77.0,24.0,Individual,5,High Risk,Manual Review
56452739,25000.0, 60 months,24.99,F,F4,9 years,MORTGAGE,50000.0,Verified,debt_consolidation,TX,39.2,0.0,705.0,709.0,3.0,28.9,24.0,Individual,5,High Risk,Manual Review
57284353,16000.0, 60 months,18.25,E,E1,10+ years,OWN,40000.0,Source Verified,debt_consolidation,NY,37.62,0.0,700.0,704.0,2.0,65.5,21.0,Individual,5,High Risk,Manual Review
55918911,12950.0, 60 months,19.99,E,E4,3 years,RENT,45000.0,Verified,debt_consolidation,NY,38.94,0.0,670.0,674.0,0.0,100.4,11.0,Individual,6,High Risk,Manual Review
57354221,13250.0, 60 months,19.99,E,E4,7 years,RENT,39000.0,Verified,debt_consolidation,MA,32.62,0.0,670.0,674.0,0.0,77.3,27.0,Individual,5,High Risk,Manual Review
57244263,20000.0, 60 months,17.57,D,D4,10+ years,MORTGAGE,47000.0,Not Verified,home_improvement,FL,31.57,3.0,660.0,664.0,0.0,86.4,16.0,Individual,5,High Risk,Manual Review
55931581,11800.0, 60 months,22.99,F,F2,3 years,MORTGAGE,91000.0,Verified,debt_consolidation,TX,30.01,1.0,670.0,674.0,2.0,69.0,38.0,Individual,6,High Risk,Manual Review
56512640,3700.0, 36 months,18.25,E,E1,5 years,RENT,16450.0,Source Verified,debt_consolidation,OH,35.11,0.0,660.0,664.0,0.0,36.4,18.0,Individual,5,High Risk,Manual Review
56974275,15000.0, 60 months,16.99,D,D3,1 year,MORTGAGE,43200.0,Verified,debt_consolidation,WV,38.53,3.0,675.0,679.0,0.0,100.4,13.0,Individual,5,High Risk,Manual Review
57264142,21600.0, 60 months,18.25,E,E1,2 years,OWN,45000.0,Source Verified,credit_card,HI,35.01,0.0,720.0,724.0,0.0,83.7,28.0,Individual,6,High Risk,Manual Review
56964317,13500.0, 60 months,19.19,E,E3,1 year,MORTGAGE,45000.0,Source Verified,home_improvement,FL,35.36,0.0,685.0,689.0,1.0,55.9,16.0,Individual,5,High Risk,Manual Review
57224304,1225.0, 36 months,18.25,E,E1,< 1 year,RENT,30000.0,Source Verified,debt_consolidation,OK,35.92,0.0,660.0,664.0,1.0,,14.0,Individual,5,High Risk,Manual Review
56915149,20000.0, 60 months,19.99,E,E4,10+ years,MORTGAGE,85000.0,Source Verified,debt_consolidation,TX,34.42,1.0,705.0,709.0,0.0,46.3,27.0,Individual,6,High Risk,Manual Review
57044303,35000.0, 60 months,19.19,E,E3,2 years,MORTGAGE,112000.0,Verified,debt_consolidation,VA,32.94,0.0,700.0,704.0,0.0,86.6,38.0,Individual,6,High Risk,Manual Review
57204182,28000.0, 60 months,19.19,E,E3,10+ years,MORTGAGE,108000.0,Not Verified,debt_consolidation,NC,30.18,0.0,680.0,684.0,4.0,68.3,37.0,Individual,5,High Risk,Manual Review
57064874,32275.0, 60 months,18.55,E,E2,10+ years,MORTGAGE,67805.0,Source Verified,debt_consolidation,MA,35.6,0.0,710.0,714.0,0.0,46.2,42.0,Individual,5,High Risk,Manual Review
57104947,6100.0, 36 months,18.55,E,E2,2 years,OWN,17000.0,Verified,debt_consolidation,NC,38.06,0.0,670.0,674.0,0.0,83.4,14.0,Individual,6,High Risk,Manual Review
57065024,4375.0, 36 months,18.55,E,E2,9 years,RENT,25340.0,Verified,other,NY,30.46,0.0,680.0,684.0,2.0,44.0,16.0,Individual,5,High Risk,Manual Review
55073014,15000.0, 60 months,18.55,E,E2,10+ years,OWN,53000.0,Not Verified,debt_consolidation,CA,32.84,0.0,700.0,704.0,1.0,53.9,36.0,Individual,5,High Risk,Manual Review
56984359,28000.0, 60 months,19.99,E,E4,10+ years,MORTGAGE,72000.0,Source Verified,debt_consolidation,KY,30.88,0.0,730.0,734.0,3.0,35.3,45.0,Individual,5,High Risk,Manual Review
55544854,16500.0, 60 months,18.55,E,E2,2 years,MORTGAGE,33000.0,Not Verified,debt_consolidation,IL,34.04,0.0,670.0,674.0,0.0,76.2,25.0,Individual,5,High Risk,Manual Review
56925120,25000.0, 60 months,24.99,F,F4,8 years,RENT,65000.0,Verified,debt_consolidation,WA,38.18,0.0,665.0,669.0,1.0,35.2,26.0,Individual,5,High Risk,Manual Review
57044395,20225.0, 60 months,21.99,F,F1,10+ years,OWN,46000.0,Source Verified,debt_consolidation,NY,30.97,0.0,740.0,744.0,1.0,24.9,39.0,Individual,5,High Risk,Manual Review
56139903,17425.0, 60 months,18.25,E,E1,5 years,RENT,62000.0,Source Verified,debt_consolidation,CA,38.46,0.0,660.0,664.0,1.0,60.8,15.0,Individual,5,High Risk,Manual Review
56954771,27450.0, 60 months,19.19,E,E3,10+ years,MORTGAGE,66065.0,Not Verified,debt_consolidation,MA,38.18,0.0,695.0,699.0,0.0,59.8,59.0,Individual,5,High Risk,Manual Review
56672477,28000.0, 60 months,22.99,F,F2,7 years,RENT,110000.0,Verified,debt_consolidation,TX,22.27,1.0,665.0,669.0,3.0,82.9,13.0,Individual,5,High Risk,Manual Review
57034878,11500.0, 36 months,27.31,G,G2,10+ years,RENT,36000.0,Verified,house,TX,36.17,2.0,685.0,689.0,1.0,57.7,29.0,Individual,6,High Risk,Manual Review
57055025,15825.0, 36 months,18.25,E,E1,10+ years,MORTGAGE,40000.0,Verified,debt_consolidation,FL,35.19,0.0,685.0,689.0,0.0,51.3,37.0,Individual,5,High Risk,Manual Review
56131789,13200.0, 60 months,19.19,E,E3,7 years,MORTGAGE,60000.0,Source Verified,debt_consolidation,WI,38.16,1.0,685.0,689.0,0.0,76.6,24.0,Individual,6,High Risk,Manual Review
56905527,15000.0, 36 months,18.55,E,E2,10+ years,RENT,45000.0,Verified,house,FL,35.57,0.0,680.0,684.0,1.0,46.1,10.0,Individual,5,High Risk,Manual Review
55481537,13300.0, 60 months,19.19,E,E3,10+ years,RENT,35000.0,Not Verified,credit_card,WI,32.78,1.0,670.0,674.0,0.0,77.8,8.0,Individual,6,High Risk,Manual Review
57005346,22000.0, 60 months,18.55,E,E2,10+ years,MORTGAGE,44000.0,Source Verified,debt_consolidation,TN,35.0,0.0,725.0,729.0,0.0,83.6,25.0,Individual,6,High Risk,Manual Review
56563315,12000.0, 60 months,18.25,E,E1,5 years,OWN,40000.0,Verified,credit_card,NY,37.44,0.0,670.0,674.0,0.0,62.3,27.0,Individual,5,High Risk,Manual Review
57025440,10000.0, 60 months,18.25,E,E1,1 year,RENT,50000.0,Source Verified,debt_consolidation,GA,36.41,1.0,695.0,699.0,0.0,67.4,30.0,Individual,6,High Risk,Manual Review
56974971,12000.0, 36 months,17.86,D,D5,10+ years,RENT,61756.0,Verified,debt_consolidation,MO,31.05,1.0,660.0,664.0,2.0,82.9,59.0,Individual,5,High Risk,Manual Review
57064655,11225.0, 60 months,18.25,E,E1,,RENT,33060.0,Verified,other,FL,32.56,0.0,695.0,699.0,1.0,77.0,22.0,Individual,5,High Risk,Manual Review
57104781,30000.0, 60 months,22.99,F,F2,10+ years,RENT,88000.0,Verified,debt_consolidation,MO,39.75,0.0,675.0,679.0,1.0,79.0,36.0,Individual,5,High Risk,Manual Review
56975002,12000.0, 60 months,18.25,E,E1,2 years,RENT,60000.0,Source Verified,credit_card,NH,30.66,0.0,660.0,664.0,1.0,53.9,20.0,Individual,5,High Risk,Manual Review
57034715,35000.0, 60 months,18.25,E,E1,9 years,MORTGAGE,95000.0,Verified,debt_consolidation,LA,33.8,0.0,680.0,684.0,0.0,85.9,39.0,Individual,6,High Risk,Manual Review
56994995,9850.0, 36 months,18.25,E,E1,1 year,MORTGAGE,32500.0,Verified,debt_consolidation,AZ,30.61,1.0,660.0,664.0,0.0,42.7,17.0,Individual,6,High Risk,Manual Review
56864899,17975.0, 36 months,19.19,E,E3,10+ years,MORTGAGE,60000.0,Verified,other,NY,33.84,1.0,690.0,694.0,1.0,40.8,37.0,Individual,6,High Risk,Manual Review
56964650,30000.0, 36 months,18.25,E,E1,< 1 year,MORTGAGE,160000.0,Verified,debt_consolidation,NY,9.8,1.0,665.0,669.0,1.0,90.0,21.0,Individual,5,High Risk,Manual Review
56944543,25000.0, 60 months,20.99,E,E5,10+ years,MORTGAGE,77000.0,Verified,debt_consolidation,AL,30.24,0.0,675.0,679.0,1.0,96.9,25.0,Individual,6,High Risk,Manual Review
57074647,10000.0, 60 months,18.55,E,E2,5 years,MORTGAGE,50000.0,Source Verified,debt_consolidation,NY,34.95,0.0,720.0,724.0,0.0,40.9,29.0,Individual,5,High Risk,Manual Review
57034689,35000.0, 60 months,18.25,E,E1,10+ years,OWN,125000.0,Source Verified,credit_card,NY,34.63,0.0,700.0,704.0,0.0,40.1,19.0,Individual,5,High Risk,Manual Review
54315450,2400.0, 36 months,19.19,E,E3,< 1 year,RENT,28000.0,Source Verified,moving,NY,30.73,0.0,700.0,704.0,0.0,79.8,8.0,Individual,5,High Risk,Manual Review
56864854,12800.0, 60 months,19.19,E,E3,10+ years,RENT,46000.0,Verified,debt_consolidation,FL,32.9,0.0,665.0,669.0,1.0,12.9,57.0,Individual,5,High Risk,Manual Review
55910645,32225.0, 36 months,18.55,E,E2,5 years,MORTGAGE,135000.0,Verified,debt_consolidation,OH,18.09,1.0,675.0,679.0,0.0,84.9,28.0,Individual,5,High Risk,Manual Review
56924740,12000.0, 60 months,22.99,F,F2,10+ years,MORTGAGE,53000.0,Verified,debt_consolidation,KY,17.32,2.0,660.0,664.0,2.0,83.6,26.0,Individual,5,High Risk,Manual Review
57064614,20150.0, 60 months,20.99,E,E5,10+ years,RENT,56000.0,Verified,debt_consolidation,SC,34.85,0.0,670.0,674.0,0.0,92.4,27.0,Individual,6,High Risk,Manual Review
57064686,28000.0, 60 months,19.99,E,E4,10+ years,MORTGAGE,70000.0,Source Verified,debt_consolidation,PA,18.19,1.0,675.0,679.0,0.0,94.2,18.0,Individual,5,High Risk,Manual Review
56513171,10400.0, 60 months,26.77,G,G1,3 years,MORTGAGE,95000.0,Source Verified,debt_consolidation,TX,3.4,1.0,675.0,679.0,0.0,87.7,17.0,Individual,5,High Risk,Manual Review
56002183,10250.0, 36 months,18.55,E,E2,10+ years,RENT,39000.0,Verified,debt_consolidation,NH,35.17,0.0,660.0,664.0,0.0,87.6,10.0,Individual,6,High Risk,Manual Review
56109287,2450.0, 36 months,19.99,E,E4,1 year,RENT,36000.0,Verified,debt_consolidation,AZ,33.23,0.0,665.0,669.0,0.0,48.1,18.0,Individual,5,High Risk,Manual Review
56021036,16175.0, 60 months,19.19,E,E3,10+ years,MORTGAGE,47000.0,Source Verified,debt_consolidation,IL,31.1,0.0,675.0,679.0,0.0,63.3,42.0,Individual,5,High Risk,Manual Review
57004885,20800.0, 60 months,21.99,F,F1,9 years,MORTGAGE,52000.0,Verified,debt_consolidation,NV,15.09,5.0,680.0,684.0,0.0,83.6,22.0,Individual,5,High Risk,Manual Review
57024790,14600.0, 60 months,25.78,F,F5,1 year,MORTGAGE,40560.0,Verified,debt_consolidation,OH,38.7,0.0,695.0,699.0,0.0,95.2,16.0,Individual,6,High Risk,Manual Review
57004826,31200.0, 60 months,20.99,E,E5,10+ years,MORTGAGE,82000.0,Verified,credit_card,NC,29.62,4.0,675.0,679.0,2.0,99.0,17.0,Individual,5,High Risk,Manual Review
56623111,24425.0, 60 months,20.99,E,E5,10+ years,MORTGAGE,48880.0,Verified,debt_consolidation,NC,35.38,0.0,685.0,689.0,0.0,73.0,21.0,Individual,5,High Risk,Manual Review
56864688,35000.0, 60 months,18.55,E,E2,4 years,MORTGAGE,88054.0,Source Verified,credit_card,WA,36.16,0.0,675.0,679.0,0.0,77.2,58.0,Individual,5,High Risk,Manual Review
57004845,10850.0, 60 months,19.99,E,E4,1 year,RENT,66000.0,Verified,debt_consolidation,CA,31.91,1.0,670.0,674.0,2.0,65.0,25.0,Individual,6,High Risk,Manual Review
57034446,18400.0, 60 months,20.99,E,E5,10+ years,OWN,40000.0,Source Verified,debt_consolidation,AL,35.49,0.0,745.0,749.0,0.0,11.3,22.0,Individual,5,High Risk,Manual Review
56864556,8500.0, 36 months,18.25,E,E1,10+ years,MORTGAGE,25000.0,Source Verified,debt_consolidation,FL,30.72,0.0,695.0,699.0,0.0,84.5,21.0,Individual,6,High Risk,Manual Review
56904896,19075.0, 60 months,18.55,E,E2,4 years,MORTGAGE,53000.0,Source Verified,debt_consolidation,WV,30.16,0.0,685.0,689.0,0.0,96.1,21.0,Individual,6,High Risk,Manual Review
56011740,12000.0, 60 months,19.19,E,E3,4 years,RENT,67000.0,Verified,debt_consolidation,FL,35.25,0.0,740.0,744.0,2.0,15.6,25.0,Individual,5,High Risk,Manual Review
55998198,10375.0, 60 months,18.55,E,E2,7 years,RENT,37107.0,Source Verified,debt_consolidation,MO,34.96,1.0,690.0,694.0,2.0,36.5,14.0,Individual,6,High Risk,Manual Review
57024653,22875.0, 60 months,19.99,E,E4,< 1 year,RENT,52000.0,Source Verified,debt_consolidation,NY,36.81,0.0,680.0,684.0,1.0,75.3,33.0,Individual,5,High Risk,Manual Review
57004778,1000.0, 36 months,19.19,E,E3,9 years,RENT,32000.0,Verified,moving,CA,35.3,0.0,660.0,664.0,0.0,38.9,35.0,Individual,5,High Risk,Manual Review
56874461,4000.0, 36 months,18.25,E,E1,3 years,RENT,29000.0,Verified,moving,MD,38.7,0.0,735.0,739.0,1.0,65.7,11.0,Individual,5,High Risk,Manual Review
55585107,20500.0, 60 months,19.19,E,E3,< 1 year,MORTGAGE,57000.0,Source Verified,debt_consolidation,NV,32.19,0.0,735.0,739.0,2.0,29.7,41.0,Individual,5,High Risk,Manual Review
56954328,25000.0, 60 months,18.25,E,E1,10+ years,RENT,95000.0,Verified,credit_card,OH,37.52,0.0,670.0,674.0,1.0,75.8,45.0,Individual,5,High Risk,Manual Review
55919816,18000.0, 60 months,19.99,E,E4,10+ years,RENT,38438.0,Source Verified,credit_card,CA,30.75,0.0,680.0,684.0,0.0,47.3,27.0,Individual,5,High Risk,Manual Review
55941323,2700.0, 36 months,22.99,F,F2,,MORTGAGE,18780.0,Verified,home_improvement,IN,30.61,1.0,700.0,704.0,2.0,11.0,10.0,Individual,6,High Risk,Manual Review
56904798,15225.0, 36 months,18.55,E,E2,10+ years,RENT,55000.0,Verified,other,OK,30.63,1.0,660.0,664.0,0.0,79.6,30.0,Individual,6,High Risk,Manual Review
56884230,35000.0, 60 months,18.25,E,E1,10+ years,MORTGAGE,90000.0,Source Verified,credit_card,NV,30.41,0.0,660.0,664.0,1.0,64.7,35.0,Individual,5,High Risk,Manual Review
56884303,15600.0, 60 months,24.99,F,F4,10+ years,MORTGAGE,52000.0,Verified,debt_consolidation,FL,30.29,0.0,690.0,694.0,1.0,59.5,39.0,Individual,5,High Risk,Manual Review
57024477,18575.0, 60 months,19.99,E,E4,5 years,MORTGAGE,57100.0,Source Verified,debt_consolidation,OH,36.68,0.0,675.0,679.0,1.0,81.1,45.0,Individual,6,High Risk,Manual Review
56894290,11200.0, 60 months,25.78,F,F5,10+ years,MORTGAGE,54000.0,Verified,debt_consolidation,AL,30.84,0.0,675.0,679.0,3.0,61.7,29.0,Individual,5,High Risk,Manual Review
55513974,35000.0, 36 months,15.61,D,D1,2 years,MORTGAGE,110000.0,Verified,credit_card,MI,34.96,1.0,675.0,679.0,0.0,81.0,59.0,Individual,5,High Risk,Manual Review
57004399,35000.0, 36 months,17.57,D,D4,1 year,MORTGAGE,154000.0,Verified,credit_card,OK,31.53,1.0,675.0,679.0,1.0,90.0,48.0,Individual,5,High Risk,Manual Review
57014173,2500.0, 36 months,19.19,E,E3,7 years,MORTGAGE,35000.0,Verified,other,TX,37.96,0.0,675.0,679.0,0.0,67.7,7.0,Individual,5,High Risk,Manual Review
57064183,12000.0, 60 months,18.25,E,E1,< 1 year,RENT,42000.0,Source Verified,debt_consolidation,CT,33.23,0.0,660.0,664.0,2.0,54.0,28.0,Individual,5,High Risk,Manual Review
56592845,13950.0, 60 months,18.25,E,E1,10+ years,RENT,38797.0,Source Verified,debt_consolidation,SC,32.0,0.0,690.0,694.0,1.0,74.1,29.0,Individual,5,High Risk,Manual Review
56552471,35000.0, 60 months,18.55,E,E2,10+ years,MORTGAGE,95000.0,Source Verified,credit_card,MD,30.42,0.0,680.0,684.0,0.0,82.9,40.0,Individual,6,High Risk,Manual Review
56934197,23875.0, 60 months,21.99,F,F1,6 years,MORTGAGE,134000.0,Source Verified,home_improvement,NE,16.11,4.0,690.0,694.0,2.0,82.0,34.0,Individual,5,High Risk,Manual Review
56633101,22700.0, 60 months,19.19,E,E3,4 years,RENT,54080.0,Verified,debt_consolidation,FL,31.96,0.0,665.0,669.0,0.0,47.0,38.0,Individual,5,High Risk,Manual Review
55817132,22000.0, 60 months,19.19,E,E3,10+ years,MORTGAGE,65000.0,Source Verified,debt_consolidation,FL,34.86,0.0,685.0,689.0,1.0,90.4,34.0,Individual,6,High Risk,Manual Review
57014119,35000.0, 60 months,18.55,E,E2,3 years,RENT,83000.0,Source Verified,debt_consolidation,TN,37.0,0.0,695.0,699.0,0.0,60.4,31.0,Individual,5,High Risk,Manual Review
56984112,8000.0, 36 months,18.25,E,E1,10+ years,MORTGAGE,45000.0,Source Verified,debt_consolidation,NC,37.73,0.0,670.0,674.0,0.0,89.6,22.0,Individual,6,High Risk,Manual Review
56473316,16000.0, 60 months,20.99,E,E5,10+ years,MORTGAGE,81000.0,Verified,debt_consolidation,TX,15.99,1.0,665.0,669.0,0.0,100.0,20.0,Individual,5,High Risk,Manual Review
56613385,23400.0, 60 months,19.19,E,E3,,OWN,65000.0,Verified,small_business,IL,36.5,1.0,680.0,684.0,0.0,51.4,26.0,Individual,6,High Risk,Manual Review
56533114,25450.0, 36 months,27.31,G,G2,10+ years,MORTGAGE,67000.0,Verified,debt_consolidation,WA,30.25,0.0,660.0,664.0,0.0,97.4,25.0,Individual,6,High Risk,Manual Review
56685321,35000.0, 60 months,18.55,E,E2,1 year,MORTGAGE,125000.0,Source Verified,small_business,GA,13.04,4.0,665.0,669.0,0.0,88.2,47.0,Individual,5,High Risk,Manual Review
56021410,8625.0, 36 months,16.55,D,D2,2 years,RENT,33000.0,Source Verified,debt_consolidation,GA,36.4,1.0,660.0,664.0,1.0,95.5,30.0,Individual,5,High Risk,Manual Review
55523193,20950.0, 60 months,20.99,E,E5,4 years,MORTGAGE,53000.0,Verified,debt_consolidation,VA,20.0,1.0,680.0,684.0,0.0,93.6,24.0,Individual,5,High Risk,Manual Review
56482922,12175.0, 60 months,18.55,E,E2,7 years,MORTGAGE,29000.0,Verified,debt_consolidation,TN,31.42,0.0,705.0,709.0,1.0,66.7,23.0,Individual,5,High Risk,Manual Review
56632853,14400.0, 60 months,20.99,E,E5,< 1 year,MORTGAGE,40000.0,Verified,debt_consolidation,SC,34.08,0.0,665.0,669.0,0.0,98.5,29.0,Individual,6,High Risk,Manual Review
55991121,24400.0, 60 months,19.19,E,E3,10+ years,OWN,50000.0,Not Verified,small_business,TX,37.45,0.0,715.0,719.0,1.0,53.7,30.0,Individual,5,High Risk,Manual Review
55100574,7800.0, 36 months,19.19,E,E3,1 year,RENT,50000.0,Verified,debt_consolidation,CA,33.34,0.0,670.0,674.0,1.0,74.1,12.0,Individual,5,High Risk,Manual Review
56542997,20700.0, 60 months,18.55,E,E2,10+ years,RENT,47047.0,Not Verified,debt_consolidation,TX,32.47,1.0,710.0,714.0,0.0,49.8,26.0,Individual,6,High Risk,Manual Review
56463008,21100.0, 60 months,18.55,E,E2,9 years,RENT,48000.0,Source Verified,debt_consolidation,NV,30.68,0.0,715.0,719.0,0.0,81.9,11.0,Individual,6,High Risk,Manual Review
56563268,11575.0, 60 months,22.99,F,F2,8 years,RENT,40000.0,Verified,debt_consolidation,CA,35.58,0.0,665.0,669.0,2.0,57.0,15.0,Individual,5,High Risk,Manual Review
56563257,11000.0, 60 months,18.55,E,E2,10+ years,MORTGAGE,109000.0,Verified,medical,TX,33.73,0.0,675.0,679.0,1.0,71.9,92.0,Individual,5,High Risk,Manual Review
56542867,20150.0, 60 months,19.99,E,E4,,OWN,42000.0,Not Verified,credit_card,MI,35.14,0.0,695.0,699.0,1.0,31.2,25.0,Individual,5,High Risk,Manual Review
56452815,33600.0, 60 months,21.99,F,F1,5 years,MORTGAGE,70000.0,Source Verified,debt_consolidation,OH,16.53,1.0,670.0,674.0,1.0,80.6,22.0,Individual,5,High Risk,Manual Review
56643451,4850.0, 36 months,20.99,E,E5,,RENT,18574.8,Verified,medical,NC,30.65,0.0,660.0,664.0,0.0,68.1,17.0,Individual,5,High Risk,Manual Review
56473245,20800.0, 60 months,18.55,E,E2,10+ years,OWN,52000.0,Verified,debt_consolidation,PA,34.44,0.0,685.0,689.0,0.0,70.5,27.0,Individual,5,High Risk,Manual Review
56592736,19000.0, 60 months,22.99,F,F2,10+ years,RENT,38000.0,Source Verified,debt_consolidation,ND,35.47,0.0,670.0,674.0,1.0,51.0,30.0,Individual,5,High Risk,Manual Review
56067325,30000.0, 60 months,18.25,E,E1,10+ years,MORTGAGE,109000.0,Verified,debt_consolidation,AZ,38.16,0.0,720.0,724.0,1.0,68.6,46.0,Individual,5,High Risk,Manual Review
56047396,10225.0, 60 months,20.99,E,E5,4 years,RENT,49000.0,Source Verified,debt_consolidation,DC,30.79,0.0,660.0,664.0,1.0,87.0,20.0,Individual,6,High Risk,Manual Review
56522842,29700.0, 60 months,18.55,E,E2,10+ years,OWN,89000.0,Verified,debt_consolidation,DC,33.81,0.0,715.0,719.0,0.0,80.3,32.0,Individual,6,High Risk,Manual Review
55958265,30000.0, 60 months,18.25,E,E1,10+ years,MORTGAGE,95000.0,Verified,debt_consolidation,VA,30.97,7.0,660.0,664.0,0.0,89.3,26.0,Individual,7,High Risk,Manual Review
55534681,28800.0, 60 months,18.55,E,E2,< 1 year,OWN,80000.0,Not Verified,debt_consolidation,CA,30.28,0.0,660.0,664.0,0.0,92.8,17.0,Individual,6,High Risk,Manual Review
56018442,17575.0, 60 months,19.19,E,E3,10+ years,RENT,50000.0,Verified,home_improvement,TX,33.13,0.0,665.0,669.0,0.0,85.9,17.0,Individual,6,High Risk,Manual Review
56532822,15625.0, 60 months,20.99,E,E5,10+ years,MORTGAGE,40000.0,Source Verified,debt_consolidation,NY,34.5,0.0,685.0,689.0,1.0,60.9,19.0,Individual,5,High Risk,Manual Review
56522284,15275.0, 60 months,6.0,E,E2,10+ years,MORTGAGE,62000.0,Not Verified,debt_consolidation,PA,34.36,0.0,710.0,714.0,1.0,83.1,20.0,Individual,5,High Risk,Manual Review
56613124,8825.0, 36 months,18.25,E,E1,10+ years,OWN,26000.0,Verified,debt_consolidation,TN,31.63,4.0,690.0,694.0,0.0,60.2,26.0,Individual,6,High Risk,Manual Review
56542899,22000.0, 60 months,23.99,F,F3,10+ years,RENT,44000.0,Verified,debt_consolidation,PA,19.45,1.0,675.0,679.0,0.0,82.7,12.0,Individual,5,High Risk,Manual Review
56592672,32575.0, 60 months,19.99,E,E4,10+ years,MORTGAGE,87000.0,Source Verified,credit_card,OH,31.05,1.0,680.0,684.0,1.0,79.6,40.0,Individual,6,High Risk,Manual Review
55219780,12000.0, 60 months,18.25,E,E1,10+ years,OWN,50000.0,Verified,debt_consolidation,KS,35.21,1.0,670.0,674.0,0.0,95.0,17.0,Individual,7,High Risk,Manual Review
56462888,6000.0, 36 months,19.19,E,E3,10+ years,OWN,30000.0,Source Verified,debt_consolidation,OH,36.52,0.0,715.0,719.0,0.0,19.7,29.0,Individual,5,High Risk,Manual Review
55950610,8725.0, 36 months,24.99,F,F4,< 1 year,RENT,29120.0,Verified,debt_consolidation,FL,32.97,0.0,660.0,664.0,1.0,68.0,9.0,Individual,5,High Risk,Manual Review
56652636,12000.0, 60 months,18.25,E,E1,4 years,MORTGAGE,48000.0,Verified,debt_consolidation,PA,36.5,0.0,670.0,674.0,0.0,55.0,18.0,Individual,5,High Risk,Manual Review
54334268,35000.0, 60 months,19.19,E,E3,10+ years,RENT,86500.0,Source Verified,debt_consolidation,PA,17.4,1.0,675.0,679.0,0.0,82.8,31.0,Individual,5,High Risk,Manual Review
56098732,12725.0, 60 months,19.19,E,E3,10+ years,MORTGAGE,53000.0,Source Verified,debt_consolidation,AZ,32.47,2.0,675.0,679.0,0.0,96.4,18.0,Individual,7,High Risk,Manual Review
56643135,4000.0, 36 months,18.25,E,E1,5 years,MORTGAGE,40000.0,Source Verified,credit_card,FL,35.04,1.0,690.0,694.0,0.0,39.6,26.0,Individual,6,High Risk,Manual Review
56120984,16375.0, 60 months,18.25,E,E1,5 years,RENT,62000.0,Verified,credit_card,FL,39.97,0.0,690.0,694.0,0.0,80.2,33.0,Individual,6,High Risk,Manual Review
56622856,22000.0, 60 months,18.55,E,E2,,RENT,50052.0,Verified,credit_card,NY,38.14,0.0,685.0,689.0,0.0,69.2,12.0,Individual,5,High Risk,Manual Review
56563104,35000.0, 60 months,19.99,E,E4,10+ years,MORTGAGE,120000.0,Verified,home_improvement,MD,2.76,1.0,680.0,684.0,0.0,98.6,12.0,Individual,5,High Risk,Manual Review
56602578,19800.0, 60 months,19.19,E,E3,9 years,RENT,55000.0,Verified,other,CO,36.68,0.0,665.0,669.0,0.0,95.9,27.0,Individual,6,High Risk,Manual Review
56047965,14125.0, 36 months,23.99,F,F3,6 years,MORTGAGE,36000.0,Verified,debt_consolidation,NV,38.67,0.0,675.0,679.0,1.0,71.4,18.0,Individual,5,High Risk,Manual Review
56672732,30000.0, 60 months,20.99,E,E5,4 years,RENT,93000.0,Verified,other,AZ,37.67,0.0,685.0,689.0,1.0,64.8,29.0,Individual,5,High Risk,Manual Review
56512957,18000.0, 60 months,19.99,E,E4,10+ years,RENT,120000.0,Verified,debt_consolidation,AZ,22.82,1.0,670.0,674.0,0.0,83.6,19.0,Individual,5,High Risk,Manual Review
55952095,35000.0, 60 months,18.55,E,E2,10+ years,MORTGAGE,110000.0,Verified,debt_consolidation,IN,35.65,1.0,665.0,669.0,1.0,90.3,35.0,Individual,7,High Risk,Manual Review
55121086,32400.0, 60 months,18.55,E,E2,10+ years,RENT,81000.0,Source Verified,house,CA,35.02,0.0,740.0,744.0,0.0,21.9,50.0,Individual,5,High Risk,Manual Review
56642787,35000.0, 60 months,19.19,E,E3,10+ years,MORTGAGE,112000.0,Verified,debt_consolidation,OH,20.43,2.0,660.0,664.0,2.0,99.4,21.0,Individual,5,High Risk,Manual Review
56170207,12225.0, 60 months,23.99,F,F3,2 years,RENT,32000.0,Source Verified,debt_consolidation,CA,30.8,0.0,695.0,699.0,0.0,58.7,30.0,Individual,5,High Risk,Manual Review
56009183,20000.0, 60 months,18.25,E,E1,10+ years,MORTGAGE,65000.0,Verified,debt_consolidation,MI,30.24,1.0,670.0,674.0,1.0,76.7,28.0,Individual,6,High Risk,Manual Review
56672656,30000.0, 60 months,18.25,E,E1,10+ years,MORTGAGE,73500.0,Verified,credit_card,VA,33.11,1.0,680.0,684.0,0.0,93.0,20.0,Individual,7,High Risk,Manual Review
56139630,17600.0, 60 months,19.99,E,E4,2 years,MORTGAGE,40000.0,Source Verified,credit_card,IL,30.18,0.0,690.0,694.0,0.0,80.2,20.0,Individual,6,High Risk,Manual Review
56612620,26600.0, 60 months,27.31,G,G2,10+ years,MORTGAGE,70000.0,Verified,debt_consolidation,SC,33.98,0.0,680.0,684.0,1.0,69.9,26.0,Individual,5,High Risk,Manual Review
56119723,13200.0, 60 months,22.99,F,F2,8 years,RENT,36712.0,Verified,debt_consolidation,VA,31.87,0.0,685.0,689.0,0.0,79.6,11.0,Individual,5,High Risk,Manual Review
56552530,28100.0, 60 months,27.88,G,G3,10+ years,MORTGAGE,74000.0,Verified,debt_consolidation,GA,18.22,2.0,660.0,664.0,1.0,83.8,25.0,Individual,5,High Risk,Manual Review
56562526,35000.0, 60 months,20.99,E,E5,7 years,MORTGAGE,120000.0,Verified,debt_consolidation,TN,31.02,0.0,685.0,689.0,2.0,80.5,31.0,Individual,6,High Risk,Manual Review
56542484,5000.0, 36 months,19.19,E,E3,7 years,MORTGAGE,54828.0,Verified,other,GA,33.68,0.0,660.0,664.0,1.0,79.0,36.0,Individual,5,High Risk,Manual Review
56170409,20000.0, 60 months,18.25,E,E1,10+ years,OWN,55000.0,Source Verified,debt_consolidation,MN,31.75,0.0,715.0,719.0,0.0,56.1,38.0,Individual,5,High Risk,Manual Review
55471612,25175.0, 36 months,15.61,D,D1,10+ years,MORTGAGE,102000.0,Source Verified,debt_consolidation,CT,37.98,1.0,690.0,694.0,0.0,98.3,11.0,Individual,5,High Risk,Manual Review
56684234,20800.0, 60 months,19.99,E,E4,10+ years,MORTGAGE,52000.0,Verified,credit_card,FL,35.93,0.0,685.0,689.0,0.0,95.6,19.0,Individual,6,High Risk,Manual Review
56082909,22425.0, 60 months,18.25,E,E1,,OWN,51000.0,Verified,other,OH,30.62,0.0,695.0,699.0,1.0,84.7,14.0,Individual,6,High Risk,Manual Review
55938678,13700.0, 60 months,18.25,E,E1,,MORTGAGE,35255.0,Verified,home_improvement,VA,11.13,1.0,665.0,669.0,0.0,80.1,16.0,Individual,5,High Risk,Manual Review
56612677,11200.0, 60 months,18.25,E,E1,4 years,MORTGAGE,43000.0,Verified,debt_consolidation,NV,31.06,0.0,660.0,664.0,3.0,24.3,51.0,Individual,5,High Risk,Manual Review
56280474,10000.0, 60 months,19.99,E,E4,10+ years,RENT,62000.0,Verified,moving,CO,35.93,0.0,715.0,719.0,0.0,90.6,32.0,Individual,6,High Risk,Manual Review
56320242,7200.0, 36 months,19.19,E,E3,10+ years,MORTGAGE,55000.0,Source Verified,home_improvement,TX,33.8,1.0,670.0,674.0,0.0,30.4,20.0,Individual,6,High Risk,Manual Review
56512405,24975.0, 60 months,21.99,F,F1,10+ years,MORTGAGE,58567.08,Source Verified,debt_consolidation,TX,30.94,0.0,705.0,709.0,0.0,48.0,27.0,Individual,5,High Risk,Manual Review
55932348,23025.0, 60 months,23.99,F,F3,2 years,MORTGAGE,75000.0,Verified,debt_consolidation,PA,34.03,0.0,675.0,679.0,1.0,67.0,26.0,Individual,5,High Risk,Manual Review
56492121,14750.0, 60 months,21.99,F,F1,10+ years,MORTGAGE,41000.0,Verified,debt_consolidation,PA,30.53,0.0,695.0,699.0,2.0,63.5,25.0,Individual,5,High Risk,Manual Review
56099250,17800.0, 60 months,22.99,F,F2,1 year,RENT,35600.0,Source Verified,debt_consolidation,PA,37.15,1.0,675.0,679.0,1.0,81.3,27.0,Individual,7,High Risk,Manual Review
56032237,35000.0, 60 months,21.99,F,F1,3 years,RENT,90000.0,Source Verified,debt_consolidation,AZ,38.97,0.0,665.0,669.0,0.0,80.7,32.0,Individual,6,High Risk,Manual Review
56512500,14400.0, 60 months,18.55,E,E2,3 years,MORTGAGE,40000.0,Not Verified,debt_consolidation,NJ,32.76,0.0,735.0,739.0,2.0,13.1,34.0,Individual,5,High Risk,Manual Review
55930445,23400.0, 60 months,18.55,E,E2,< 1 year,RENT,65000.0,Verified,house,NM,34.95,0.0,660.0,664.0,0.0,66.0,31.0,Individual,5,High Risk,Manual Review
55108652,10350.0, 60 months,18.25,E,E1,2 years,MORTGAGE,51000.0,Source Verified,debt_consolidation,VA,34.49,0.0,710.0,714.0,0.0,48.4,20.0,Individual,5,High Risk,Manual Review
56482269,14000.0, 60 months,18.25,E,E1,5 years,MORTGAGE,40000.0,Verified,debt_consolidation,MS,36.75,0.0,680.0,684.0,0.0,98.6,18.0,Individual,6,High Risk,Manual Review
55272372,4450.0, 36 months,15.61,D,D1,,MORTGAGE,43253.0,Verified,credit_card,MI,35.32,1.0,680.0,684.0,0.0,81.9,20.0,Individual,5,High Risk,Manual Review
56662451,35000.0, 60 months,20.99,E,E5,10+ years,RENT,80000.0,Verified,debt_consolidation,MD,39.11,0.0,695.0,699.0,0.0,57.4,31.0,Individual,5,High Risk,Manual Review
56421245,10500.0, 60 months,22.99,F,F2,3 years,RENT,35000.0,Verified,debt_consolidation,HI,38.1,0.0,670.0,674.0,0.0,84.4,48.0,Individual,6,High Risk,Manual Review
56622409,7750.0, 36 months,19.19,E,E3,5 years,RENT,15500.0,Verified,credit_card,PA,34.24,0.0,670.0,674.0,0.0,71.0,14.0,Individual,5,High Risk,Manual Review
56532281,2200.0, 36 months,18.25,E,E1,< 1 year,OWN,36000.0,Verified,moving,WI,31.37,0.0,670.0,674.0,3.0,69.1,38.0,Individual,5,High Risk,Manual Review
56230750,15000.0, 60 months,18.25,E,E1,3 years,MORTGAGE,57264.0,Verified,debt_consolidation,CA,31.16,0.0,665.0,669.0,1.0,41.0,28.0,Individual,5,High Risk,Manual Review
56652218,13750.0, 60 months,19.99,E,E4,10+ years,MORTGAGE,40500.0,Verified,debt_consolidation,IN,33.27,0.0,690.0,694.0,0.0,65.6,26.0,Individual,5,High Risk,Manual Review
56492151,29250.0, 36 months,19.19,E,E3,10+ years,MORTGAGE,65000.0,Verified,debt_consolidation,WA,35.27,0.0,660.0,664.0,1.0,75.0,28.0,Individual,5,High Risk,Manual Review
56642164,28000.0, 60 months,25.78,F,F5,10+ years,MORTGAGE,90000.0,Verified,home_improvement,NY,16.19,4.0,665.0,669.0,2.0,80.4,22.0,Individual,5,High Risk,Manual Review
56502271,6700.0, 36 months,21.99,F,F1,10+ years,OWN,65000.0,Verified,home_improvement,MS,33.36,2.0,665.0,669.0,0.0,86.1,41.0,Individual,7,High Risk,Manual Review
56041972,10225.0, 60 months,19.99,E,E4,9 years,OWN,36000.0,Verified,debt_consolidation,TX,38.73,0.0,710.0,714.0,0.0,37.0,22.0,Individual,5,High Risk,Manual Review
56003248,13500.0, 60 months,18.25,E,E1,10+ years,MORTGAGE,27000.0,Source Verified,debt_consolidation,GA,38.89,0.0,690.0,694.0,0.0,32.3,22.0,Individual,5,High Risk,Manual Review
56502223,13300.0, 60 months,19.19,E,E3,10+ years,MORTGAGE,37700.0,Verified,credit_card,OH,24.77,1.0,670.0,674.0,0.0,85.2,13.0,Individual,5,High Risk,Manual Review
56018214,10025.0, 60 months,18.55,E,E2,10+ years,MORTGAGE,32000.0,Source Verified,debt_consolidation,NY,31.4,1.0,680.0,684.0,0.0,54.0,15.0,Individual,6,High Risk,Manual Review
56290210,13200.0, 60 months,20.99,E,E5,10+ years,RENT,30000.0,Verified,debt_consolidation,PA,32.88,0.0,710.0,714.0,0.0,1.1,20.0,Individual,5,High Risk,Manual Review
56462215,16000.0, 60 months,19.99,E,E4,10+ years,MORTGAGE,50000.0,Verified,debt_consolidation,NC,37.52,0.0,675.0,679.0,3.0,65.5,33.0,Individual,5,High Risk,Manual Review
56031265,12000.0, 60 months,26.77,G,G1,< 1 year,RENT,30000.0,Verified,debt_consolidation,TX,39.12,0.0,690.0,694.0,1.0,62.8,10.0,Individual,5,High Risk,Manual Review
56380395,10200.0, 36 months,18.55,E,E2,8 years,RENT,79699.0,Verified,debt_consolidation,MD,31.14,0.0,670.0,674.0,0.0,90.0,36.0,Individual,6,High Risk,Manual Review
55969609,33600.0, 60 months,18.55,E,E2,10+ years,MORTGAGE,80000.0,Verified,debt_consolidation,CT,31.67,1.0,665.0,669.0,1.0,88.8,18.0,Individual,7,High Risk,Manual Review
56021760,6250.0, 36 months,18.55,E,E2,10+ years,MORTGAGE,60000.0,Source Verified,home_improvement,MA,32.52,0.0,690.0,694.0,0.0,54.5,34.0,Individual,5,High Risk,Manual Review
54618528,11200.0, 60 months,20.99,E,E5,1 year,RENT,42000.0,Verified,credit_card,OK,33.97,0.0,675.0,679.0,1.0,46.5,30.0,Individual,5,High Risk,Manual Review
55291393,29125.0, 60 months,20.99,E,E5,10+ years,MORTGAGE,85000.0,Source Verified,debt_consolidation,MA,32.33,1.0,665.0,669.0,0.0,61.6,18.0,Individual,6,High Risk,Manual Review
55951913,32500.0, 60 months,20.99,E,E5,3 years,MORTGAGE,65000.0,Source Verified,debt_consolidation,NJ,34.97,1.0,665.0,669.0,1.0,50.9,53.0,Individual,6,High Risk,Manual Review
55948561,7500.0, 36 months,19.19,E,E3,4 years,RENT,30680.0,Verified,debt_consolidation,OK,36.51,0.0,660.0,664.0,1.0,50.9,18.0,Individual,5,High Risk,Manual Review
56602130,11050.0, 60 months,21.99,F,F1,1 year,MORTGAGE,43700.0,Verified,small_business,IL,36.64,0.0,700.0,704.0,1.0,33.8,31.0,Individual,5,High Risk,Manual Review
56240370,7200.0, 36 months,19.19,E,E3,4 years,RENT,20000.0,Verified,debt_consolidation,IN,36.55,0.0,670.0,674.0,0.0,98.7,4.0,Individual,6,High Risk,Manual Review
56310219,8550.0, 36 months,19.99,E,E4,,RENT,28500.0,Verified,debt_consolidation,NY,33.2,0.0,665.0,669.0,0.0,94.1,16.0,Individual,6,High Risk,Manual Review
56230385,35000.0, 36 months,18.55,E,E2,10+ years,MORTGAGE,90000.0,Verified,credit_card,WI,38.01,0.0,665.0,669.0,0.0,78.0,34.0,Individual,5,High Risk,Manual Review
56290232,13775.0, 60 months,15.61,D,D1,9 years,MORTGAGE,60000.0,Not Verified,debt_consolidation,MD,36.96,6.0,700.0,704.0,0.0,86.5,34.0,Individual,5,High Risk,Manual Review
56340297,35000.0, 60 months,24.99,F,F4,10+ years,MORTGAGE,88000.0,Verified,debt_consolidation,PA,35.52,0.0,685.0,689.0,0.0,96.0,33.0,Individual,6,High Risk,Manual Review
56138226,17000.0, 60 months,19.19,E,E3,< 1 year,RENT,34000.0,Source Verified,debt_consolidation,NY,37.13,0.0,665.0,669.0,0.0,33.9,23.0,Individual,5,High Risk,Manual Review
55920792,13750.0, 60 months,19.19,E,E3,< 1 year,RENT,60000.0,Source Verified,debt_consolidation,CA,31.9,0.0,675.0,679.0,0.0,58.2,19.0,Individual,5,High Risk,Manual Review
56002783,14975.0, 60 months,18.25,E,E1,10+ years,MORTGAGE,48000.0,Source Verified,credit_card,FL,31.4,1.0,670.0,674.0,0.0,76.2,36.0,Individual,6,High Risk,Manual Review
56041942,3975.0, 36 months,21.99,F,F1,10+ years,RENT,86124.0,Verified,debt_consolidation,TX,39.15,0.0,670.0,674.0,0.0,67.6,33.0,Individual,5,High Risk,Manual Review
56220231,35000.0, 36 months,18.55,E,E2,10+ years,RENT,85000.0,Verified,debt_consolidation,OK,33.87,0.0,685.0,689.0,2.0,84.0,41.0,Individual,6,High Risk,Manual Review
56190374,35000.0, 60 months,19.99,E,E4,6 years,RENT,70000.0,Source Verified,debt_consolidation,FL,37.33,0.0,720.0,724.0,0.0,76.7,40.0,Individual,5,High Risk,Manual Review
56270547,14475.0, 36 months,18.55,E,E2,2 years,MORTGAGE,48300.0,Verified,debt_consolidation,CT,33.29,0.0,670.0,674.0,0.0,72.4,42.0,Individual,5,High Risk,Manual Review
54485613,20000.0, 60 months,18.25,E,E1,4 years,MORTGAGE,42000.0,Verified,debt_consolidation,IN,32.06,1.0,690.0,694.0,2.0,41.5,35.0,Individual,6,High Risk,Manual Review
56280163,22500.0, 60 months,19.99,E,E4,10+ years,MORTGAGE,45000.0,Source Verified,credit_card,CA,37.71,0.0,725.0,729.0,0.0,56.7,19.0,Individual,5,High Risk,Manual Review
55929358,35000.0, 60 months,18.55,E,E2,10+ years,MORTGAGE,350000.0,Source Verified,debt_consolidation,NY,22.75,1.0,680.0,684.0,1.0,90.0,38.0,Individual,5,High Risk,Manual Review
56083176,15000.0, 60 months,18.25,E,E1,< 1 year,RENT,40000.0,Verified,debt_consolidation,VA,35.49,0.0,710.0,714.0,0.0,38.1,15.0,Individual,5,High Risk,Manual Review
56340219,28000.0, 60 months,15.61,D,D1,,RENT,125000.0,Verified,debt_consolidation,NY,32.63,1.0,680.0,684.0,1.0,85.9,34.0,Individual,5,High Risk,Manual Review
55311195,20800.0, 60 months,20.99,E,E5,7 years,MORTGAGE,52000.0,Verified,debt_consolidation,OR,34.5,0.0,680.0,684.0,0.0,62.5,47.0,Individual,5,High Risk,Manual Review
56190151,35000.0, 60 months,18.25,E,E1,10+ years,MORTGAGE,110000.0,Verified,credit_card,NC,36.54,1.0,675.0,679.0,0.0,88.5,34.0,Individual,7,High Risk,Manual Review
55472164,15825.0, 60 months,20.99,E,E5,10+ years,MORTGAGE,59500.0,Verified,debt_consolidation,MS,32.57,2.0,685.0,689.0,1.0,69.8,24.0,Individual,6,High Risk,Manual Review
56022102,24500.0, 60 months,18.25,E,E1,10+ years,MORTGAGE,62000.0,Source Verified,debt_consolidation,LA,33.18,0.0,670.0,674.0,0.0,60.1,21.0,Individual,5,High Risk,Manual Review
56050348,24700.0, 60 months,22.99,F,F2,10+ years,RENT,65000.0,Verified,debt_consolidation,NC,31.39,0.0,730.0,734.0,1.0,48.4,28.0,Individual,5,High Risk,Manual Review
55942846,10700.0, 60 months,20.99,E,E5,2 years,MORTGAGE,60000.0,Source Verified,home_improvement,MA,36.9,1.0,660.0,664.0,2.0,50.3,23.0,Individual,6,High Risk,Manual Review
55991946,35000.0, 60 months,19.19,E,E3,1 year,MORTGAGE,84000.0,Verified,debt_consolidation,CA,36.3,0.0,680.0,684.0,1.0,85.8,27.0,Individual,6,High Risk,Manual Review
55433322,12100.0, 60 months,20.99,E,E5,10+ years,RENT,67300.0,Verified,debt_consolidation,IL,22.24,1.0,675.0,679.0,2.0,87.0,38.0,Individual,5,High Risk,Manual Review
56092061,35000.0, 60 months,15.61,D,D1,4 years,MORTGAGE,130000.0,Verified,credit_card,CA,34.8,1.0,665.0,669.0,0.0,91.4,29.0,Individual,5,High Risk,Manual Review
55472399,9950.0, 36 months,19.99,E,E4,6 years,MORTGAGE,44400.0,Verified,debt_consolidation,AR,34.78,0.0,670.0,674.0,0.0,93.5,16.0,Individual,6,High Risk,Manual Review
55921144,12750.0, 60 months,21.99,F,F1,7 years,RENT,42500.0,Verified,debt_consolidation,TX,32.0,0.0,670.0,674.0,1.0,98.5,49.0,Individual,6,High Risk,Manual Review
56003115,15650.0, 60 months,18.25,E,E1,7 years,MORTGAGE,72000.0,Not Verified,debt_consolidation,AZ,30.93,0.0,700.0,704.0,0.0,47.5,22.0,Individual,5,High Risk,Manual Review
55941382,11350.0, 60 months,18.25,E,E1,4 years,RENT,27050.0,Not Verified,debt_consolidation,NC,36.87,0.0,670.0,674.0,0.0,66.9,17.0,Individual,5,High Risk,Manual Review
56111290,18875.0, 60 months,19.99,E,E4,9 years,MORTGAGE,53000.0,Verified,debt_consolidation,AZ,31.43,0.0,685.0,689.0,3.0,62.4,34.0,Individual,5,High Risk,Manual Review
56032261,25000.0, 60 months,17.86,D,D5,10+ years,RENT,72000.0,Verified,debt_consolidation,OK,30.63,1.0,675.0,679.0,0.0,91.8,43.0,Individual,5,High Risk,Manual Review
56082815,13600.0, 60 months,21.99,F,F1,3 years,MORTGAGE,41600.0,Source Verified,home_improvement,IL,34.07,0.0,705.0,709.0,4.0,24.3,25.0,Individual,5,High Risk,Manual Review
55412410,27525.0, 60 months,19.19,E,E3,< 1 year,RENT,80000.0,Not Verified,debt_consolidation,PA,27.05,1.0,670.0,674.0,0.0,84.9,25.0,Individual,5,High Risk,Manual Review
55921027,22500.0, 60 months,19.19,E,E3,10+ years,OWN,45000.0,Verified,debt_consolidation,CA,31.76,1.0,670.0,674.0,0.0,71.9,22.0,Individual,6,High Risk,Manual Review
56021990,26650.0, 60 months,19.19,E,E3,< 1 year,MORTGAGE,85000.0,Source Verified,debt_consolidation,KS,31.43,0.0,705.0,709.0,0.0,59.8,53.0,Individual,5,High Risk,Manual Review
55979999,8100.0, 36 months,18.25,E,E1,,MORTGAGE,32000.0,Verified,debt_consolidation,TX,23.71,1.0,660.0,664.0,1.0,93.0,19.0,Individual,5,High Risk,Manual Review
56109014,16500.0, 60 months,20.99,E,E5,5 years,RENT,33000.0,Verified,debt_consolidation,MA,31.2,0.0,670.0,674.0,0.0,71.8,22.0,Individual,5,High Risk,Manual Review
55502475,15175.0, 36 months,18.25,E,E1,4 years,MORTGAGE,40000.0,Verified,debt_consolidation,NM,33.66,0.0,665.0,669.0,1.0,88.9,15.0,Individual,6,High Risk,Manual Review
56102436,11700.0, 60 months,19.99,E,E4,< 1 year,RENT,23400.0,Verified,debt_consolidation,VA,31.33,0.0,705.0,709.0,0.0,39.6,20.0,Individual,5,High Risk,Manual Review
56048661,13200.0, 60 months,18.25,E,E1,9 years,OWN,26400.0,Not Verified,debt_consolidation,FL,30.87,0.0,680.0,684.0,1.0,36.4,9.0,Individual,5,High Risk,Manual Review
56091879,12000.0, 60 months,18.25,E,E1,4 years,RENT,67000.0,Verified,credit_card,VA,30.23,0.0,675.0,679.0,0.0,71.0,21.0,Individual,5,High Risk,Manual Review
56102639,11525.0, 60 months,20.99,E,E5,< 1 year,RENT,60000.0,Source Verified,other,CA,16.82,2.0,685.0,689.0,0.0,95.7,18.0,Individual,5,High Risk,Manual Review
54188171,11500.0, 60 months,18.55,E,E2,3 years,RENT,32000.0,Verified,debt_consolidation,VA,30.76,2.0,665.0,669.0,1.0,86.3,18.0,Individual,7,High Risk,Manual Review
56002953,23400.0, 60 months,23.99,F,F3,10+ years,OWN,65000.0,Verified,debt_consolidation,TN,33.38,0.0,675.0,679.0,1.0,52.0,49.0,Individual,5,High Risk,Manual Review
55982062,5125.0, 36 months,19.19,E,E3,5 years,RENT,20000.0,Source Verified,small_business,FL,38.35,0.0,715.0,719.0,0.0,42.2,41.0,Individual,5,High Risk,Manual Review
55933686,24000.0, 60 months,18.25,E,E1,< 1 year,RENT,50339.68,Verified,debt_consolidation,PA,33.09,0.0,670.0,674.0,0.0,57.4,37.0,Individual,5,High Risk,Manual Review
56071965,35000.0, 36 months,19.99,E,E4,3 years,MORTGAGE,180000.0,Source Verified,debt_consolidation,CO,28.16,2.0,660.0,664.0,2.0,82.0,35.0,Individual,5,High Risk,Manual Review
55900803,21000.0, 60 months,18.25,E,E1,6 years,OWN,485000.0,Verified,debt_consolidation,CT,7.38,1.0,690.0,694.0,0.0,97.0,31.0,Individual,5,High Risk,Manual Review
56041837,17625.0, 60 months,19.19,E,E3,< 1 year,RENT,49000.0,Verified,debt_consolidation,TX,30.78,0.0,720.0,724.0,0.0,28.5,38.0,Individual,5,High Risk,Manual Review
56111042,20000.0, 60 months,18.25,E,E1,10+ years,OWN,55000.0,Source Verified,debt_consolidation,AK,31.05,0.0,660.0,664.0,2.0,62.7,54.0,Individual,5,High Risk,Manual Review
56111095,25750.0, 60 months,19.19,E,E3,5 years,RENT,56000.0,Source Verified,credit_card,AZ,31.83,0.0,675.0,679.0,0.0,92.0,12.0,Individual,6,High Risk,Manual Review
55901221,18200.0, 60 months,18.55,E,E2,2 years,OWN,36400.0,Source Verified,debt_consolidation,NY,31.09,0.0,665.0,669.0,0.0,82.8,16.0,Individual,6,High Risk,Manual Review
56031409,18000.0, 60 months,19.99,E,E4,,OWN,52000.0,Source Verified,debt_consolidation,TX,22.66,1.0,665.0,669.0,0.0,99.0,16.0,Individual,5,High Risk,Manual Review
55917813,18900.0, 60 months,18.25,E,E1,9 years,OWN,45000.0,Source Verified,debt_consolidation,TX,35.74,0.0,670.0,674.0,0.0,78.8,25.0,Individual,5,High Risk,Manual Review
54908727,7850.0, 36 months,17.57,D,D4,4 years,MORTGAGE,55000.0,Source Verified,debt_consolidation,CO,35.02,5.0,670.0,674.0,0.0,86.7,21.0,Individual,5,High Risk,Manual Review
55981914,9000.0, 36 months,21.99,F,F1,,OWN,30000.0,Verified,home_improvement,TX,30.08,0.0,665.0,669.0,1.0,69.2,14.0,Individual,5,High Risk,Manual Review
55981917,7450.0, 36 months,18.25,E,E1,9 years,MORTGAGE,42000.0,Source Verified,debt_consolidation,NJ,33.06,0.0,670.0,674.0,0.0,57.7,24.0,Individual,5,High Risk,Manual Review
56102302,16000.0, 60 months,19.19,E,E3,5 years,RENT,40000.0,Verified,debt_consolidation,OK,38.2,3.0,670.0,674.0,0.0,47.7,26.0,Individual,6,High Risk,Manual Review
56011774,7300.0, 36 months,26.77,G,G1,5 years,OWN,21500.0,Verified,debt_consolidation,SC,35.85,0.0,660.0,664.0,0.0,35.6,11.0,Individual,5,High Risk,Manual Review
56109031,6925.0, 36 months,21.99,F,F1,8 years,MORTGAGE,28900.0,Verified,credit_card,NC,32.18,0.0,665.0,669.0,1.0,51.5,23.0,Individual,5,High Risk,Manual Review
55797938,20000.0, 60 months,20.99,E,E5,2 years,MORTGAGE,50000.0,Verified,debt_consolidation,MO,36.55,1.0,660.0,664.0,0.0,10.6,34.0,Individual,6,High Risk,Manual Review
56052043,24925.0, 60 months,18.25,E,E1,1 year,MORTGAGE,85000.0,Source Verified,debt_consolidation,NM,35.15,0.0,680.0,684.0,0.0,83.2,43.0,Individual,6,High Risk,Manual Review
55932936,30000.0, 60 months,25.78,F,F5,10+ years,OWN,89950.0,Verified,debt_consolidation,GA,35.53,0.0,695.0,699.0,2.0,95.5,18.0,Individual,6,High Risk,Manual Review
56082633,21000.0, 60 months,18.55,E,E2,10+ years,RENT,97000.0,Source Verified,other,TX,31.3,0.0,665.0,669.0,2.0,55.7,19.0,Individual,5,High Risk,Manual Review
56139569,28300.0, 60 months,18.55,E,E2,10+ years,MORTGAGE,60000.0,Not Verified,other,PA,33.22,0.0,805.0,809.0,1.0,3.1,21.0,Individual,5,High Risk,Manual Review
56041714,12000.0, 60 months,19.99,E,E4,10+ years,RENT,42000.0,Verified,debt_consolidation,IL,34.31,0.0,675.0,679.0,1.0,92.8,20.0,Individual,6,High Risk,Manual Review
56031977,35000.0, 60 months,21.99,F,F1,10+ years,MORTGAGE,90000.0,Source Verified,debt_consolidation,MI,32.09,0.0,675.0,679.0,1.0,81.8,46.0,Individual,6,High Risk,Manual Review
56110993,10375.0, 60 months,19.19,E,E3,10+ years,RENT,55000.0,Verified,debt_consolidation,GA,33.69,1.0,670.0,674.0,0.0,67.7,27.0,Individual,6,High Risk,Manual Review
55991560,30000.0, 60 months,18.55,E,E2,6 years,RENT,72500.0,Source Verified,debt_consolidation,CA,38.12,1.0,680.0,684.0,0.0,52.9,70.0,Individual,6,High Risk,Manual Review
55900959,14000.0, 60 months,18.25,E,E1,10+ years,MORTGAGE,100000.0,Source Verified,debt_consolidation,GA,38.4,3.0,675.0,679.0,0.0,36.1,42.0,Individual,6,High Risk,Manual Review
55911630,28000.0, 60 months,19.19,E,E3,< 1 year,RENT,63521.0,Verified,debt_consolidation,FL,32.59,0.0,665.0,669.0,1.0,118.8,27.0,Individual,6,High Risk,Manual Review
55932993,14075.0, 60 months,18.25,E,E1,10+ years,RENT,32000.0,Verified,debt_consolidation,GA,32.18,0.0,725.0,729.0,0.0,101.7,8.0,Individual,6,High Risk,Manual Review
56041759,16025.0, 60 months,23.99,F,F3,1 year,MORTGAGE,37000.0,Verified,debt_consolidation,IL,33.9,0.0,690.0,694.0,0.0,89.0,23.0,Individual,6,High Risk,Manual Review
56021626,14550.0, 60 months,19.99,E,E4,,MORTGAGE,56400.0,Verified,debt_consolidation,IN,33.13,2.0,665.0,669.0,1.0,45.2,44.0,Individual,6,High Risk,Manual Review
56031967,30875.0, 60 months,20.99,E,E5,3 years,MORTGAGE,70000.0,Source Verified,debt_consolidation,PA,31.15,0.0,685.0,689.0,0.0,69.6,38.0,Individual,5,High Risk,Manual Review
56082389,23950.0, 60 months,22.99,F,F2,10+ years,RENT,70468.0,Verified,other,CA,37.81,0.0,705.0,709.0,0.0,65.7,27.0,Individual,5,High Risk,Manual Review
55491186,27350.0, 60 months,23.99,F,F3,5 years,RENT,72000.0,Source Verified,debt_consolidation,TX,32.78,0.0,660.0,664.0,0.0,77.3,22.0,Individual,5,High Risk,Manual Review
55942021,13350.0, 60 months,23.99,F,F3,3 years,RENT,38000.0,Verified,debt_consolidation,CO,30.16,0.0,665.0,669.0,3.0,56.0,28.0,Individual,5,High Risk,Manual Review
56091523,25000.0, 60 months,18.55,E,E2,10+ years,MORTGAGE,58416.0,Source Verified,debt_consolidation,KY,9.24,1.0,665.0,669.0,0.0,92.3,18.0,Individual,5,High Risk,Manual Review
55942009,10000.0, 60 months,18.25,E,E1,7 years,RENT,38400.0,Verified,debt_consolidation,TX,34.63,0.0,675.0,679.0,0.0,99.0,27.0,Individual,6,High Risk,Manual Review
56031759,12275.0, 60 months,19.19,E,E3,10+ years,MORTGAGE,70000.0,Verified,debt_consolidation,MD,15.33,3.0,670.0,674.0,1.0,80.9,26.0,Individual,5,High Risk,Manual Review
56062122,15000.0, 60 months,19.99,E,E4,5 years,RENT,44225.0,Verified,debt_consolidation,CA,36.85,0.0,670.0,674.0,0.0,24.5,27.0,Individual,5,High Risk,Manual Review
56062019,22500.0, 60 months,19.19,E,E3,2 years,RENT,45000.0,Source Verified,debt_consolidation,FL,35.79,0.0,705.0,709.0,0.0,69.8,27.0,Individual,5,High Risk,Manual Review
55931987,10000.0, 60 months,18.55,E,E2,1 year,RENT,36000.0,Source Verified,credit_card,GA,34.9,1.0,660.0,664.0,0.0,48.3,12.0,Individual,6,High Risk,Manual Review
55932859,17625.0, 60 months,20.99,E,E5,,MORTGAGE,72000.0,Verified,debt_consolidation,CA,31.28,0.0,690.0,694.0,0.0,35.3,18.0,Individual,5,High Risk,Manual Review
55900875,7675.0, 36 months,19.19,E,E3,1 year,MORTGAGE,47700.0,Verified,debt_consolidation,NY,31.14,0.0,735.0,739.0,0.0,77.1,22.0,Individual,5,High Risk,Manual Review
56131316,4000.0, 36 months,16.99,D,D3,5 years,MORTGAGE,75000.0,Not Verified,debt_consolidation,PA,38.67,1.0,660.0,664.0,1.0,87.1,35.0,Individual,5,High Risk,Manual Review
55950157,25825.0, 60 months,23.99,F,F3,1 year,MORTGAGE,71500.0,Source Verified,debt_consolidation,WI,34.96,0.0,670.0,674.0,0.0,50.3,38.0,Individual,5,High Risk,Manual Review
53844152,18000.0, 60 months,22.99,F,F2,1 year,RENT,40000.0,Verified,other,GA,34.95,0.0,680.0,684.0,1.0,66.6,15.0,Individual,5,High Risk,Manual Review
55575046,14350.0, 60 months,19.99,E,E4,2 years,RENT,28720.0,Verified,credit_card,CA,39.75,0.0,685.0,689.0,0.0,62.4,15.0,Individual,5,High Risk,Manual Review
56031489,20700.0, 60 months,18.25,E,E1,,RENT,45000.0,Not Verified,debt_consolidation,CO,31.63,0.0,680.0,684.0,0.0,83.9,16.0,Individual,6,High Risk,Manual Review
55737519,34025.0, 36 months,18.55,E,E2,10+ years,MORTGAGE,98000.0,Verified,debt_consolidation,NV,38.48,0.0,705.0,709.0,0.0,70.0,52.0,Individual,5,High Risk,Manual Review
56041542,35000.0, 60 months,17.86,D,D5,10+ years,MORTGAGE,85000.0,Source Verified,debt_consolidation,GA,31.2,2.0,675.0,679.0,1.0,80.1,32.0,Individual,5,High Risk,Manual Review
55441562,11000.0, 60 months,18.55,E,E2,,OWN,25000.0,Verified,debt_consolidation,KS,33.17,0.0,690.0,694.0,0.0,70.7,12.0,Individual,5,High Risk,Manual Review
55941835,26875.0, 60 months,20.99,E,E5,6 years,RENT,76000.0,Source Verified,debt_consolidation,IL,31.28,0.0,680.0,684.0,0.0,33.3,39.0,Individual,5,High Risk,Manual Review
56047714,16000.0, 60 months,18.25,E,E1,5 years,MORTGAGE,100000.0,Source Verified,home_improvement,CA,30.89,2.0,690.0,694.0,3.0,21.3,25.0,Individual,6,High Risk,Manual Review
55960935,4075.0, 36 months,18.55,E,E2,10+ years,MORTGAGE,88253.0,Verified,debt_consolidation,TX,38.47,0.0,675.0,679.0,1.0,65.0,27.0,Individual,5,High Risk,Manual Review
55575478,10225.0, 36 months,19.99,E,E4,1 year,MORTGAGE,32000.0,Verified,debt_consolidation,WA,13.71,1.0,665.0,669.0,0.0,95.1,7.0,Individual,5,High Risk,Manual Review
55320551,30000.0, 60 months,19.99,E,E4,< 1 year,RENT,110000.0,Source Verified,debt_consolidation,WA,10.19,1.0,685.0,689.0,0.0,98.5,18.0,Individual,5,High Risk,Manual Review
55920356,35000.0, 60 months,22.99,F,F2,10+ years,MORTGAGE,110000.0,Source Verified,debt_consolidation,UT,27.24,1.0,675.0,679.0,1.0,83.0,80.0,Individual,5,High Risk,Manual Review
55918150,19200.0, 60 months,19.99,E,E4,5 years,RENT,60000.0,Verified,credit_card,MI,33.9,0.0,675.0,679.0,1.0,79.2,30.0,Individual,5,High Risk,Manual Review
56030163,9950.0, 36 months,18.55,E,E2,,MORTGAGE,24000.0,Verified,debt_consolidation,TX,33.25,0.0,675.0,679.0,0.0,56.1,53.0,Individual,5,High Risk,Manual Review
56038721,3500.0, 36 months,17.86,D,D5,1 year,MORTGAGE,25000.0,Verified,debt_consolidation,TX,33.17,1.0,660.0,664.0,1.0,81.0,26.0,Individual,5,High Risk,Manual Review
55209149,27750.0, 60 months,21.99,F,F1,10+ years,RENT,55543.0,Verified,debt_consolidation,CT,39.91,1.0,660.0,664.0,0.0,76.1,30.0,Individual,6,High Risk,Manual Review
55932525,12800.0, 60 months,18.55,E,E2,1 year,RENT,44000.0,Verified,debt_consolidation,MI,36.29,0.0,665.0,669.0,0.0,94.8,21.0,Individual,6,High Risk,Manual Review
56011438,16275.0, 60 months,18.55,E,E2,1 year,RENT,37000.0,Source Verified,credit_card,PA,30.82,0.0,680.0,684.0,1.0,76.1,15.0,Individual,5,High Risk,Manual Review
55068633,24000.0, 60 months,22.99,F,F2,10+ years,MORTGAGE,200000.0,Source Verified,debt_consolidation,CA,32.67,0.0,660.0,664.0,1.0,91.0,27.0,Individual,6,High Risk,Manual Review
56130853,12125.0, 60 months,17.86,D,D5,< 1 year,OWN,28900.0,Source Verified,credit_card,PA,35.13,2.0,665.0,669.0,0.0,89.0,20.0,Individual,5,High Risk,Manual Review
55451576,15775.0, 60 months,18.55,E,E2,10+ years,MORTGAGE,51000.0,Not Verified,debt_consolidation,IL,33.86,0.0,715.0,719.0,0.0,68.5,18.0,Individual,5,High Risk,Manual Review
56030661,16250.0, 60 months,18.55,E,E2,8 years,MORTGAGE,45000.0,Not Verified,credit_card,KY,37.52,0.0,690.0,694.0,0.0,70.2,39.0,Individual,5,High Risk,Manual Review
55767627,12025.0, 60 months,27.88,G,G3,3 years,RENT,36000.0,Verified,debt_consolidation,SC,30.03,0.0,660.0,664.0,1.0,74.0,14.0,Individual,5,High Risk,Manual Review
56130908,28975.0, 60 months,24.99,F,F4,4 years,RENT,72500.0,Verified,debt_consolidation,TX,39.66,0.0,665.0,669.0,2.0,81.1,29.0,Individual,6,High Risk,Manual Review
55941681,21975.0, 60 months,19.19,E,E3,6 years,MORTGAGE,68000.0,Verified,debt_consolidation,FL,23.28,1.0,685.0,689.0,1.0,80.5,21.0,Individual,5,High Risk,Manual Review
56071130,5000.0, 36 months,19.99,E,E4,10+ years,MORTGAGE,60000.0,Source Verified,other,FL,30.42,0.0,680.0,684.0,1.0,53.5,19.0,Individual,5,High Risk,Manual Review
56011348,25000.0, 60 months,19.99,E,E4,5 years,MORTGAGE,70000.0,Verified,debt_consolidation,FL,35.98,0.0,670.0,674.0,2.0,69.3,51.0,Individual,5,High Risk,Manual Review
54698218,9325.0, 36 months,19.99,E,E4,,RENT,40000.0,Verified,car,NY,35.49,1.0,680.0,684.0,1.0,64.2,24.0,Individual,6,High Risk,Manual Review
55951242,15850.0, 60 months,23.99,F,F3,10+ years,MORTGAGE,50000.0,Verified,debt_consolidation,OH,39.24,0.0,660.0,664.0,0.0,78.8,54.0,Individual,5,High Risk,Manual Review
55553188,21000.0, 60 months,19.99,E,E4,< 1 year,RENT,50000.0,Source Verified,debt_consolidation,NY,14.81,1.0,680.0,684.0,1.0,80.5,22.0,Individual,5,High Risk,Manual Review
56120799,18425.0, 60 months,19.99,E,E4,4 years,RENT,36896.0,Not Verified,debt_consolidation,VA,24.56,1.0,680.0,684.0,0.0,81.0,11.0,Individual,5,High Risk,Manual Review
56101418,10325.0, 60 months,22.99,F,F2,1 year,RENT,43000.0,Verified,debt_consolidation,NV,26.11,1.0,670.0,674.0,4.0,88.0,22.0,Individual,5,High Risk,Manual Review
55932230,11500.0, 60 months,18.55,E,E2,7 years,OWN,32000.0,Verified,debt_consolidation,NC,38.3,0.0,665.0,669.0,0.0,51.0,9.0,Individual,5,High Risk,Manual Review
55990030,35000.0, 36 months,18.55,E,E2,10+ years,RENT,195000.0,Verified,debt_consolidation,IL,10.74,7.0,660.0,664.0,3.0,97.0,20.0,Individual,5,High Risk,Manual Review
55900559,21000.0, 60 months,18.55,E,E2,10+ years,MORTGAGE,75000.0,Verified,debt_consolidation,IN,30.72,0.0,665.0,669.0,1.0,61.2,36.0,Individual,5,High Risk,Manual Review
56130827,32000.0, 60 months,16.99,D,D3,10+ years,MORTGAGE,95000.0,Verified,credit_card,TX,31.1,2.0,685.0,689.0,0.0,88.0,32.0,Individual,5,High Risk,Manual Review
55308849,18700.0, 60 months,20.99,E,E5,10+ years,RENT,55000.0,Source Verified,debt_consolidation,MO,36.79,0.0,665.0,669.0,0.0,85.1,21.0,Individual,6,High Risk,Manual Review
56021003,35000.0, 60 months,19.19,E,E3,8 years,MORTGAGE,96000.0,Source Verified,debt_consolidation,IL,34.63,2.0,675.0,679.0,0.0,28.4,23.0,Individual,6,High Risk,Manual Review
55453703,19450.0, 60 months,19.19,E,E3,1 year,RENT,72000.0,Verified,debt_consolidation,IL,31.88,0.0,700.0,704.0,0.0,61.7,14.0,Individual,5,High Risk,Manual Review
56041324,25200.0, 60 months,19.99,E,E4,3 years,RENT,60000.0,Source Verified,major_purchase,NV,37.92,1.0,690.0,694.0,0.0,71.2,29.0,Individual,6,High Risk,Manual Review
55990887,14950.0, 60 months,19.19,E,E3,10+ years,RENT,45322.88,Verified,debt_consolidation,NY,30.38,0.0,675.0,679.0,2.0,56.0,19.0,Individual,5,High Risk,Manual Review
55990975,21100.0, 60 months,19.19,E,E3,2 years,RENT,53050.0,Verified,debt_consolidation,TN,35.81,0.0,675.0,679.0,1.0,76.0,28.0,Individual,5,High Risk,Manual Review
55932089,16125.0, 60 months,20.99,E,E5,10+ years,MORTGAGE,71000.0,Verified,debt_consolidation,AK,31.03,0.0,700.0,704.0,0.0,100.0,19.0,Individual,6,High Risk,Manual Review
56101344,15825.0, 60 months,19.19,E,E3,2 years,OWN,36000.0,Source Verified,debt_consolidation,TX,38.03,0.0,680.0,684.0,0.0,62.3,29.0,Individual,5,High Risk,Manual Review
55910813,13300.0, 60 months,18.55,E,E2,10+ years,OWN,37000.0,Verified,debt_consolidation,VA,34.45,0.0,675.0,679.0,0.0,95.6,21.0,Individual,6,High Risk,Manual Review
56047979,35000.0, 60 months,19.99,E,E4,10+ years,OWN,86000.0,Verified,credit_card,NY,35.85,0.0,660.0,664.0,1.0,52.0,29.0,Individual,5,High Risk,Manual Review
56079204,35000.0, 60 months,18.25,E,E1,9 years,MORTGAGE,120000.0,Verified,debt_consolidation,WV,23.07,1.0,665.0,669.0,0.0,92.3,43.0,Individual,5,High Risk,Manual Review
55928560,24150.0, 36 months,18.25,E,E1,10+ years,MORTGAGE,72000.0,Verified,debt_consolidation,GA,35.6,0.0,695.0,699.0,1.0,68.0,22.0,Individual,5,High Risk,Manual Review
55981071,35000.0, 60 months,18.25,E,E1,10+ years,OWN,90000.0,Source Verified,debt_consolidation,FL,32.0,0.0,705.0,709.0,0.0,78.8,30.0,Individual,5,High Risk,Manual Review
55941288,12125.0, 36 months,18.55,E,E2,9 years,MORTGAGE,46000.0,Source Verified,debt_consolidation,MI,18.4,2.0,685.0,689.0,2.0,85.2,41.0,Individual,5,High Risk,Manual Review
55950947,23500.0, 60 months,18.25,E,E1,10+ years,OWN,47000.0,Source Verified,debt_consolidation,TX,32.87,0.0,680.0,684.0,1.0,65.0,48.0,Individual,5,High Risk,Manual Review
56090740,30000.0, 60 months,18.55,E,E2,1 year,MORTGAGE,112000.0,Source Verified,debt_consolidation,CA,36.54,0.0,685.0,689.0,0.0,66.2,46.0,Individual,5,High Risk,Manual Review
56031105,30000.0, 60 months,24.99,F,F4,2 years,MORTGAGE,120000.0,Verified,debt_consolidation,MA,31.31,0.0,665.0,669.0,2.0,68.0,46.0,Individual,5,High Risk,Manual Review
55941219,35000.0, 60 months,19.19,E,E3,1 year,MORTGAGE,80500.0,Not Verified,debt_consolidation,AL,30.02,3.0,665.0,669.0,0.0,72.8,29.0,Individual,6,High Risk,Manual Review
55941131,11225.0, 36 months,20.99,E,E5,< 1 year,RENT,31200.0,Verified,debt_consolidation,CT,38.08,0.0,660.0,664.0,2.0,76.8,15.0,Individual,5,High Risk,Manual Review
55960641,15000.0, 60 months,19.19,E,E3,2 years,MORTGAGE,60000.0,Verified,debt_consolidation,FL,33.76,1.0,685.0,689.0,1.0,24.0,23.0,Individual,6,High Risk,Manual Review
56141237,28000.0, 60 months,19.99,E,E4,2 years,MORTGAGE,85000.0,Verified,debt_consolidation,CO,12.3,6.0,660.0,664.0,2.0,89.0,21.0,Individual,5,High Risk,Manual Review
55919928,20450.0, 60 months,19.19,E,E3,5 years,RENT,54635.0,Source Verified,credit_card,WI,31.09,0.0,670.0,674.0,3.0,35.1,25.0,Individual,5,High Risk,Manual Review
55910706,18000.0, 60 months,18.25,E,E1,4 years,RENT,45000.0,Source Verified,debt_consolidation,IL,30.4,0.0,745.0,749.0,3.0,16.4,24.0,Individual,5,High Risk,Manual Review
56001603,12000.0, 60 months,16.55,D,D2,10+ years,MORTGAGE,60500.0,Verified,debt_consolidation,WY,39.8,1.0,665.0,669.0,0.0,89.2,42.0,Individual,5,High Risk,Manual Review
55990635,6050.0, 36 months,15.61,D,D1,2 years,RENT,52000.0,Verified,debt_consolidation,MA,31.78,1.0,700.0,704.0,0.0,83.2,20.0,Individual,5,High Risk,Manual Review
56031016,28300.0, 60 months,18.55,E,E2,2 years,MORTGAGE,150000.0,Source Verified,medical,PA,31.75,1.0,665.0,669.0,0.0,98.8,29.0,Individual,7,High Risk,Manual Review
56081514,29350.0, 60 months,18.55,E,E2,10+ years,MORTGAGE,85000.0,Source Verified,debt_consolidation,FL,33.79,2.0,670.0,674.0,0.0,72.2,26.0,Individual,6,High Risk,Manual Review
55970274,12600.0, 60 months,18.55,E,E2,4 years,RENT,52000.0,Source Verified,debt_consolidation,CA,37.78,0.0,670.0,674.0,1.0,59.3,21.0,Individual,5,High Risk,Manual Review
56001507,9025.0, 36 months,18.25,E,E1,4 years,OWN,40000.0,Source Verified,debt_consolidation,MS,33.18,2.0,695.0,699.0,0.0,27.0,19.0,Individual,6,High Risk,Manual Review
55910519,32400.0, 60 months,19.99,E,E4,8 years,MORTGAGE,182000.0,Source Verified,credit_card,NJ,15.82,2.0,670.0,674.0,3.0,84.0,28.0,Individual,5,High Risk,Manual Review
56120582,26875.0, 60 months,19.19,E,E3,10+ years,RENT,86400.0,Source Verified,debt_consolidation,CA,28.75,1.0,675.0,679.0,0.0,92.3,26.0,Individual,5,High Risk,Manual Review
56101170,4750.0, 36 months,18.25,E,E1,10+ years,MORTGAGE,29000.0,Source Verified,major_purchase,CO,32.37,0.0,670.0,674.0,1.0,54.5,22.0,Individual,5,High Risk,Manual Review
56109199,17150.0, 60 months,20.99,E,E5,1 year,RENT,39000.0,Verified,debt_consolidation,FL,35.02,0.0,680.0,684.0,0.0,91.6,18.0,Individual,6,High Risk,Manual Review
55950804,29900.0, 60 months,19.19,E,E3,10+ years,MORTGAGE,65000.0,Source Verified,debt_consolidation,TX,31.35,0.0,690.0,694.0,1.0,61.9,63.0,Individual,5,High Risk,Manual Review
55575750,28000.0, 60 months,27.88,G,G3,7 years,MORTGAGE,90000.0,Verified,other,TX,31.71,2.0,670.0,674.0,0.0,103.0,14.0,Individual,7,High Risk,Manual Review
56010678,26725.0, 60 months,20.99,E,E5,5 years,RENT,130000.0,Source Verified,debt_consolidation,NJ,35.14,0.0,700.0,704.0,0.0,55.5,20.0,Individual,5,High Risk,Manual Review
55929887,8400.0, 36 months,18.55,E,E2,5 years,RENT,28000.0,Verified,debt_consolidation,MN,34.38,0.0,660.0,664.0,1.0,54.5,22.0,Individual,5,High Risk,Manual Review
55998659,3900.0, 36 months,21.99,F,F1,1 year,MORTGAGE,54072.0,Verified,debt_consolidation,OH,31.51,0.0,685.0,689.0,0.0,71.2,28.0,Individual,5,High Risk,Manual Review
56020697,17600.0, 60 months,19.99,E,E4,< 1 year,RENT,44000.0,Source Verified,debt_consolidation,FL,38.49,1.0,670.0,674.0,0.0,82.3,16.0,Individual,7,High Risk,Manual Review
56040751,20000.0, 60 months,18.55,E,E2,10+ years,MORTGAGE,70000.0,Not Verified,debt_consolidation,NC,30.36,0.0,680.0,684.0,0.0,64.9,34.0,Individual,5,High Risk,Manual Review
56030657,22875.0, 60 months,18.25,E,E1,4 years,MORTGAGE,52000.0,Source Verified,debt_consolidation,AZ,31.48,0.0,665.0,669.0,0.0,75.5,35.0,Individual,5,High Risk,Manual Review
56110003,17500.0, 36 months,18.25,E,E1,4 years,MORTGAGE,35000.0,Verified,home_improvement,OH,30.28,0.0,680.0,684.0,3.0,45.8,22.0,Individual,5,High Risk,Manual Review
56130330,35000.0, 60 months,19.19,E,E3,10+ years,MORTGAGE,85000.0,Source Verified,credit_card,VT,34.1,0.0,685.0,689.0,0.0,81.4,29.0,Individual,6,High Risk,Manual Review
55100699,29400.0, 60 months,18.25,E,E1,10+ years,MORTGAGE,70000.0,Not Verified,debt_consolidation,MN,16.96,2.0,675.0,679.0,0.0,91.7,22.0,Individual,5,High Risk,Manual Review
55432823,20375.0, 60 months,18.25,E,E1,2 years,MORTGAGE,50000.0,Not Verified,debt_consolidation,TX,36.82,4.0,705.0,709.0,0.0,64.4,16.0,Individual,6,High Risk,Manual Review
55900101,24125.0, 60 months,19.19,E,E3,8 years,MORTGAGE,55000.0,Verified,debt_consolidation,MD,39.84,0.0,700.0,704.0,1.0,75.5,21.0,Individual,5,High Risk,Manual Review
56140375,25200.0, 60 months,20.99,E,E5,10+ years,MORTGAGE,60000.0,Not Verified,debt_consolidation,MA,31.02,0.0,660.0,664.0,0.0,77.2,22.0,Individual,5,High Risk,Manual Review
56020643,16900.0, 60 months,19.99,E,E4,10+ years,RENT,47000.0,Verified,debt_consolidation,NC,30.18,0.0,690.0,694.0,3.0,38.8,44.0,Individual,5,High Risk,Manual Review
55910224,12000.0, 60 months,18.55,E,E2,4 years,MORTGAGE,30000.0,Source Verified,debt_consolidation,NJ,35.32,0.0,660.0,664.0,2.0,67.0,33.0,Individual,5,High Risk,Manual Review
56100603,13500.0, 36 months,18.25,E,E1,9 years,RENT,45000.0,Verified,credit_card,MA,33.92,1.0,665.0,669.0,0.0,81.3,25.0,Individual,7,High Risk,Manual Review
56100928,10000.0, 60 months,23.99,F,F3,10+ years,MORTGAGE,48000.0,Verified,debt_consolidation,IL,30.83,0.0,660.0,664.0,2.0,69.0,30.0,Individual,5,High Risk,Manual Review
55900029,26350.0, 60 months,21.99,F,F1,8 years,RENT,112000.0,Verified,debt_consolidation,CO,33.26,0.0,665.0,669.0,2.0,69.9,47.0,Individual,5,High Risk,Manual Review
56030603,5200.0, 36 months,18.55,E,E2,< 1 year,RENT,17000.0,Verified,debt_consolidation,FL,32.56,0.0,740.0,744.0,1.0,17.6,8.0,Individual,5,High Risk,Manual Review
56030622,35000.0, 60 months,21.99,F,F1,10+ years,MORTGAGE,105000.0,Verified,debt_consolidation,TX,36.19,1.0,670.0,674.0,3.0,44.0,42.0,Individual,6,High Risk,Manual Review
55564982,20275.0, 36 months,18.55,E,E2,10+ years,RENT,48300.0,Source Verified,credit_card,IL,34.76,0.0,680.0,684.0,2.0,56.9,41.0,Individual,5,High Risk,Manual Review
55899994,33300.0, 60 months,22.99,F,F2,10+ years,MORTGAGE,110000.0,Verified,credit_card,PA,32.33,0.0,660.0,664.0,0.0,59.8,37.0,Individual,5,High Risk,Manual Review
56090287,18250.0, 60 months,24.99,F,F4,3 years,RENT,68000.0,Verified,debt_consolidation,CA,31.03,0.0,700.0,704.0,1.0,99.9,17.0,Individual,6,High Risk,Manual Review
55930910,16800.0, 60 months,18.25,E,E1,10+ years,OWN,42000.0,Source Verified,debt_consolidation,NC,35.66,0.0,660.0,664.0,1.0,84.6,32.0,Individual,6,High Risk,Manual Review
55940569,10000.0, 60 months,18.55,E,E2,10+ years,OWN,59000.0,Verified,other,WI,30.66,0.0,765.0,769.0,1.0,23.2,18.0,Individual,5,High Risk,Manual Review
56020433,27600.0, 60 months,19.19,E,E3,1 year,MORTGAGE,60000.0,Source Verified,debt_consolidation,VA,31.68,2.0,685.0,689.0,0.0,82.7,30.0,Individual,7,High Risk,Manual Review
55960138,35000.0, 36 months,18.55,E,E2,3 years,OWN,135000.0,Verified,debt_consolidation,TX,36.52,0.0,670.0,674.0,1.0,53.0,24.0,Individual,5,High Risk,Manual Review
56040301,21250.0, 60 months,18.55,E,E2,10+ years,RENT,60000.0,Source Verified,credit_card,PA,30.54,0.0,675.0,679.0,0.0,53.5,21.0,Individual,5,High Risk,Manual Review
55930732,14700.0, 60 months,18.25,E,E1,2 years,RENT,32000.0,Not Verified,debt_consolidation,PA,36.05,1.0,700.0,704.0,0.0,94.1,19.0,Individual,7,High Risk,Manual Review
56119928,12700.0, 60 months,19.19,E,E3,2 years,RENT,46000.0,Verified,credit_card,AZ,31.8,0.0,670.0,674.0,0.0,51.9,63.0,Individual,5,High Risk,Manual Review
55899745,15775.0, 60 months,18.25,E,E1,10+ years,MORTGAGE,60000.0,Not Verified,debt_consolidation,VA,33.84,0.0,715.0,719.0,0.0,44.6,25.0,Individual,5,High Risk,Manual Review
56140508,17675.0, 60 months,22.99,F,F2,< 1 year,RENT,39300.0,Verified,debt_consolidation,TN,37.01,0.0,685.0,689.0,2.0,79.0,34.0,Individual,5,High Risk,Manual Review
56109118,17775.0, 60 months,18.55,E,E2,10+ years,MORTGAGE,47500.0,Source Verified,debt_consolidation,GA,33.27,3.0,680.0,684.0,0.0,98.1,22.0,Individual,7,High Risk,Manual Review
55950359,10500.0, 60 months,18.25,E,E1,10+ years,RENT,50000.0,Source Verified,credit_card,AR,35.45,0.0,665.0,669.0,0.0,74.3,26.0,Individual,5,High Risk,Manual Review
55930744,35000.0, 60 months,18.25,E,E1,10+ years,MORTGAGE,105000.0,Verified,debt_consolidation,NC,13.04,1.0,680.0,684.0,0.0,92.1,18.0,Individual,5,High Risk,Manual Review
56100087,19175.0, 60 months,19.99,E,E4,10+ years,MORTGAGE,68000.0,Source Verified,credit_card,OK,38.3,0.0,700.0,704.0,1.0,62.1,35.0,Individual,5,High Risk,Manual Review
55950296,32200.0, 60 months,19.99,E,E4,4 years,RENT,70000.0,Verified,debt_consolidation,MD,36.36,1.0,700.0,704.0,1.0,65.5,32.0,Individual,6,High Risk,Manual Review
55939624,28975.0, 60 months,20.99,E,E5,3 years,RENT,69000.0,Source Verified,debt_consolidation,CO,34.0,3.0,665.0,669.0,1.0,75.3,33.0,Individual,6,High Risk,Manual Review
55320515,16550.0, 60 months,19.19,E,E3,8 years,RENT,36000.0,Not Verified,credit_card,CA,31.15,0.0,720.0,724.0,0.0,48.2,46.0,Individual,5,High Risk,Manual Review
55940346,25300.0, 60 months,19.19,E,E3,2 years,RENT,60000.0,Source Verified,debt_consolidation,PA,33.08,0.0,680.0,684.0,1.0,15.3,37.0,Individual,5,High Risk,Manual Review
56000338,22800.0, 36 months,17.57,D,D4,10+ years,MORTGAGE,60000.0,Verified,debt_consolidation,NC,33.26,1.0,665.0,669.0,1.0,85.8,18.0,Individual,5,High Risk,Manual Review
55929329,35000.0, 60 months,23.99,F,F3,< 1 year,MORTGAGE,127000.0,Verified,credit_card,TN,33.66,0.0,685.0,689.0,4.0,99.0,35.0,Individual,6,High Risk,Manual Review
55909573,7650.0, 36 months,21.99,F,F1,< 1 year,RENT,20000.0,Verified,debt_consolidation,CA,30.13,0.0,665.0,669.0,0.0,57.4,16.0,Individual,5,High Risk,Manual Review
56050103,29400.0, 36 months,18.25,E,E1,10+ years,RENT,70000.0,Verified,credit_card,AK,37.3,0.0,670.0,674.0,1.0,91.8,50.0,Individual,6,High Risk,Manual Review
55919101,35000.0, 60 months,19.99,E,E4,3 years,MORTGAGE,80000.0,Verified,debt_consolidation,NV,38.78,0.0,695.0,699.0,4.0,84.2,31.0,Individual,6,High Risk,Manual Review
55980259,17775.0, 60 months,19.19,E,E3,10+ years,MORTGAGE,51000.0,Verified,debt_consolidation,LA,31.16,0.0,675.0,679.0,1.0,87.6,26.0,Individual,6,High Risk,Manual Review
55989978,29975.0, 60 months,28.99,G,G5,< 1 year,RENT,100000.0,Verified,debt_consolidation,MA,32.01,0.0,660.0,664.0,4.0,60.0,44.0,Individual,5,High Risk,Manual Review
56129817,8900.0, 36 months,24.99,F,F4,4 years,MORTGAGE,51000.0,Verified,home_improvement,AZ,34.45,0.0,665.0,669.0,1.0,30.9,16.0,Individual,5,High Risk,Manual Review
55959993,17925.0, 60 months,19.19,E,E3,,MORTGAGE,49800.0,Verified,debt_consolidation,OH,32.72,1.0,670.0,674.0,2.0,44.2,33.0,Individual,6,High Risk,Manual Review
56090048,23100.0, 60 months,18.25,E,E1,3 years,MORTGAGE,57775.0,Not Verified,debt_consolidation,FL,34.46,0.0,700.0,704.0,1.0,81.1,26.0,Individual,6,High Risk,Manual Review
56020132,10000.0, 60 months,21.99,F,F1,10+ years,RENT,63000.0,Verified,debt_consolidation,TX,31.73,0.0,685.0,689.0,1.0,76.5,38.0,Individual,5,High Risk,Manual Review
55401573,23375.0, 36 months,18.55,E,E2,10+ years,MORTGAGE,120000.0,Verified,debt_consolidation,CA,30.19,2.0,665.0,669.0,2.0,37.0,32.0,Individual,6,High Risk,Manual Review
55929538,24650.0, 60 months,19.19,E,E3,10+ years,MORTGAGE,70000.0,Source Verified,debt_consolidation,OH,32.81,0.0,685.0,689.0,1.0,86.7,26.0,Individual,6,High Risk,Manual Review
56119793,12000.0, 60 months,19.99,E,E4,10+ years,MORTGAGE,50000.0,Verified,other,MI,22.28,1.0,675.0,679.0,0.0,96.7,37.0,Individual,5,High Risk,Manual Review
55949900,32875.0, 60 months,21.99,F,F1,10+ years,MORTGAGE,70000.0,Source Verified,debt_consolidation,MN,33.91,0.0,695.0,699.0,0.0,66.4,47.0,Individual,5,High Risk,Manual Review
56080939,7475.0, 36 months,19.19,E,E3,1 year,OWN,32000.0,Verified,debt_consolidation,NY,33.05,0.0,675.0,679.0,1.0,48.3,7.0,Individual,5,High Risk,Manual Review
56009987,13850.0, 60 months,19.99,E,E4,10+ years,MORTGAGE,35422.0,Verified,debt_consolidation,OH,36.33,0.0,685.0,689.0,1.0,77.9,30.0,Individual,5,High Risk,Manual Review
56050299,11500.0, 60 months,21.99,F,F1,6 years,MORTGAGE,32000.0,Source Verified,credit_card,OH,36.61,0.0,660.0,664.0,0.0,69.6,26.0,Individual,5,High Risk,Manual Review
56139851,4000.0, 36 months,19.19,E,E3,< 1 year,RENT,17160.0,Verified,debt_consolidation,OH,39.93,2.0,710.0,714.0,0.0,0.0,15.0,Individual,6,High Risk,Manual Review
56029953,17900.0, 60 months,21.99,F,F1,9 years,RENT,44800.0,Source Verified,debt_consolidation,MN,34.64,0.0,670.0,674.0,1.0,71.7,41.0,Individual,5,High Risk,Manual Review
56080823,17500.0, 60 months,18.25,E,E1,10+ years,RENT,35000.0,Not Verified,debt_consolidation,NY,34.84,0.0,700.0,704.0,0.0,60.7,11.0,Individual,5,High Risk,Manual Review
55220956,21600.0, 60 months,19.19,E,E3,6 years,RENT,57000.0,Verified,debt_consolidation,CA,34.32,0.0,665.0,669.0,1.0,59.3,45.0,Individual,5,High Risk,Manual Review
55887234,25550.0, 60 months,18.25,E,E1,,MORTGAGE,53230.0,Verified,credit_card,KY,38.74,0.0,725.0,729.0,0.0,58.0,36.0,Individual,5,High Risk,Manual Review
56119603,33600.0, 60 months,18.55,E,E2,1 year,RENT,95000.0,Verified,credit_card,CA,30.86,0.0,675.0,679.0,1.0,98.1,16.0,Individual,6,High Risk,Manual Review
56030062,24000.0, 60 months,22.99,F,F2,10+ years,MORTGAGE,73000.0,Verified,debt_consolidation,TX,34.08,0.0,720.0,724.0,1.0,39.6,71.0,Individual,5,High Risk,Manual Review
55239905,20225.0, 60 months,19.99,E,E4,10+ years,OWN,46000.0,Verified,debt_consolidation,MO,37.36,1.0,690.0,694.0,1.0,86.7,8.0,Individual,7,High Risk,Manual Review
56009886,29250.0, 36 months,20.99,E,E5,10+ years,MORTGAGE,120000.0,Source Verified,small_business,TX,32.63,1.0,675.0,679.0,4.0,60.0,36.0,Individual,6,High Risk,Manual Review
56109508,4550.0, 36 months,19.19,E,E3,8 years,RENT,68000.0,Verified,debt_consolidation,MI,31.04,5.0,665.0,669.0,1.0,89.6,18.0,Individual,7,High Risk,Manual Review
56119461,14950.0, 60 months,18.55,E,E2,10+ years,MORTGAGE,40000.0,Source Verified,credit_card,IL,32.25,3.0,675.0,679.0,2.0,58.1,40.0,Individual,6,High Risk,Manual Review
55940146,14800.0, 60 months,19.99,E,E4,10+ years,RENT,39000.0,Verified,credit_card,MD,30.4,0.0,675.0,679.0,0.0,96.1,15.0,Individual,6,High Risk,Manual Review
55989624,10875.0, 60 months,24.99,F,F4,10+ years,MORTGAGE,32000.0,Verified,other,MS,36.27,0.0,660.0,664.0,0.0,32.0,29.0,Individual,5,High Risk,Manual Review
55939994,14850.0, 60 months,19.99,E,E4,10+ years,MORTGAGE,55000.0,Verified,debt_consolidation,MT,33.23,0.0,670.0,674.0,2.0,36.0,44.0,Individual,5,High Risk,Manual Review
56089796,20325.0, 60 months,21.99,F,F1,10+ years,MORTGAGE,59800.0,Verified,medical,AR,32.33,1.0,665.0,669.0,2.0,98.4,17.0,Individual,7,High Risk,Manual Review
56099870,13600.0, 36 months,19.19,E,E3,10+ years,OWN,40000.0,Verified,small_business,TX,39.03,0.0,695.0,699.0,0.0,64.9,15.0,Individual,5,High Risk,Manual Review
56080687,16725.0, 60 months,19.19,E,E3,< 1 year,MORTGAGE,39872.0,Source Verified,credit_card,AR,33.2,1.0,665.0,669.0,0.0,92.7,18.0,Individual,7,High Risk,Manual Review
55250943,23850.0, 60 months,19.19,E,E3,5 years,RENT,91000.0,Verified,debt_consolidation,AZ,30.95,0.0,665.0,669.0,0.0,75.3,26.0,Individual,5,High Risk,Manual Review
56127208,11500.0, 36 months,19.19,E,E3,7 years,RENT,23000.0,Verified,debt_consolidation,IL,31.11,0.0,660.0,664.0,1.0,58.6,14.0,Individual,5,High Risk,Manual Review
56139678,9600.0, 36 months,25.78,F,F5,1 year,RENT,40000.0,Verified,debt_consolidation,CO,30.48,0.0,660.0,664.0,1.0,39.6,39.0,Individual,5,High Risk,Manual Review
56139623,18000.0, 60 months,19.19,E,E3,3 years,MORTGAGE,45000.0,Source Verified,debt_consolidation,NC,33.28,0.0,685.0,689.0,0.0,42.8,24.0,Individual,5,High Risk,Manual Review
55211169,8825.0, 36 months,19.19,E,E3,1 year,OWN,26000.0,Verified,debt_consolidation,CA,30.38,0.0,670.0,674.0,2.0,71.1,18.0,Individual,5,High Risk,Manual Review
56049842,35000.0, 60 months,23.99,F,F3,10+ years,MORTGAGE,114250.0,Source Verified,debt_consolidation,NY,30.55,0.0,690.0,694.0,2.0,60.0,28.0,Individual,5,High Risk,Manual Review
56060178,12000.0, 60 months,18.55,E,E2,1 year,MORTGAGE,24000.0,Source Verified,debt_consolidation,TX,37.08,0.0,670.0,674.0,0.0,90.9,14.0,Individual,6,High Risk,Manual Review
56129405,25000.0, 60 months,18.25,E,E1,5 years,MORTGAGE,56000.0,Source Verified,debt_consolidation,FL,38.86,0.0,685.0,689.0,0.0,62.5,28.0,Individual,5,High Risk,Manual Review
56009055,18000.0, 36 months,21.99,F,F1,2 years,MORTGAGE,50000.0,Verified,other,NH,34.06,0.0,685.0,689.0,1.0,48.9,16.0,Individual,5,High Risk,Manual Review
55949699,35000.0, 36 months,18.25,E,E1,10+ years,OWN,385000.0,Source Verified,debt_consolidation,HI,18.81,1.0,670.0,674.0,5.0,87.0,37.0,Individual,5,High Risk,Manual Review
55989585,3950.0, 36 months,18.25,E,E1,10+ years,RENT,82800.0,Verified,debt_consolidation,FL,33.01,0.0,665.0,669.0,2.0,52.0,20.0,Individual,5,High Risk,Manual Review
55909184,17000.0, 60 months,21.99,F,F1,,MORTGAGE,38686.2,Verified,debt_consolidation,NC,35.4,0.0,695.0,699.0,1.0,37.2,39.0,Individual,5,High Risk,Manual Review
56099603,27000.0, 60 months,18.25,E,E1,9 years,MORTGAGE,133000.0,Not Verified,debt_consolidation,CT,21.66,1.0,670.0,674.0,0.0,84.5,24.0,Individual,5,High Risk,Manual Review
56078122,25000.0, 60 months,16.99,D,D3,10+ years,RENT,74985.0,Not Verified,credit_card,HI,33.08,1.0,675.0,679.0,2.0,84.6,24.0,Individual,5,High Risk,Manual Review
55929720,13650.0, 36 months,19.19,E,E3,4 years,MORTGAGE,53000.0,Verified,debt_consolidation,AZ,37.48,0.0,660.0,664.0,1.0,63.2,21.0,Individual,5,High Risk,Manual Review
54017497,25000.0, 60 months,19.19,E,E3,10+ years,MORTGAGE,112000.0,Source Verified,debt_consolidation,MI,19.36,1.0,680.0,684.0,0.0,98.0,28.0,Individual,5,High Risk,Manual Review
55949527,35000.0, 60 months,18.25,E,E1,8 years,MORTGAGE,105000.0,Source Verified,debt_consolidation,PA,22.32,1.0,670.0,674.0,1.0,83.6,28.0,Individual,5,High Risk,Manual Review
55939899,25000.0, 60 months,19.19,E,E3,10+ years,MORTGAGE,75000.0,Source Verified,house,GA,32.51,0.0,705.0,709.0,1.0,49.4,49.0,Individual,5,High Risk,Manual Review
55949652,12000.0, 60 months,19.99,E,E4,3 years,OWN,43000.0,Verified,debt_consolidation,KY,39.74,0.0,685.0,689.0,0.0,53.9,15.0,Individual,5,High Risk,Manual Review
55554746,21975.0, 60 months,21.99,F,F1,9 years,MORTGAGE,52000.0,Verified,debt_consolidation,KS,35.89,0.0,715.0,719.0,0.0,96.5,21.0,Individual,6,High Risk,Manual Review
56139067,21000.0, 60 months,21.99,F,F1,6 years,RENT,78000.0,Verified,debt_consolidation,CA,38.0,0.0,665.0,669.0,1.0,72.0,43.0,Individual,5,High Risk,Manual Review
55949556,19300.0, 60 months,19.19,E,E3,10+ years,MORTGAGE,55000.0,Source Verified,debt_consolidation,TX,34.61,0.0,675.0,679.0,0.0,70.5,38.0,Individual,5,High Risk,Manual Review
55525264,26000.0, 60 months,19.99,E,E4,10+ years,MORTGAGE,52037.0,Verified,debt_consolidation,TX,34.59,1.0,690.0,694.0,1.0,101.9,51.0,Individual,7,High Risk,Manual Review
56038068,13025.0, 36 months,17.86,D,D5,1 year,RENT,55000.0,Verified,debt_consolidation,TX,36.83,2.0,665.0,669.0,3.0,96.0,17.0,Individual,5,High Risk,Manual Review
56047765,20550.0, 60 months,18.25,E,E1,10+ years,MORTGAGE,62600.0,Not Verified,debt_consolidation,FL,36.08,1.0,685.0,689.0,0.0,64.5,26.0,Individual,6,High Risk,Manual Review
56009460,25000.0, 60 months,18.55,E,E2,10+ years,MORTGAGE,60000.0,Not Verified,debt_consolidation,TX,32.66,0.0,690.0,694.0,0.0,68.8,37.0,Individual,5,High Risk,Manual Review
55908383,18700.0, 60 months,24.99,F,F4,6 years,RENT,55000.0,Verified,debt_consolidation,MN,30.79,0.0,680.0,684.0,0.0,99.8,39.0,Individual,6,High Risk,Manual Review
55929552,25000.0, 60 months,19.19,E,E3,< 1 year,RENT,50000.0,Not Verified,credit_card,PA,38.33,0.0,665.0,669.0,2.0,96.7,12.0,Individual,6,High Risk,Manual Review
55959573,10800.0, 60 months,18.25,E,E1,10+ years,MORTGAGE,80000.0,Source Verified,debt_consolidation,TN,32.42,1.0,670.0,674.0,3.0,61.2,28.0,Individual,6,High Risk,Manual Review
56029455,30000.0, 36 months,17.57,D,D4,10+ years,MORTGAGE,138000.0,Verified,debt_consolidation,IL,31.82,1.0,670.0,674.0,2.0,94.0,28.0,Individual,5,High Risk,Manual Review
55959447,35000.0, 60 months,19.19,E,E3,2 years,OWN,1244000.0,Source Verified,debt_consolidation,CT,4.75,1.0,665.0,669.0,0.0,81.7,48.0,Individual,5,High Risk,Manual Review
56129202,2375.0, 36 months,18.55,E,E2,,OWN,14120.0,Verified,credit_card,FL,35.97,0.0,680.0,684.0,0.0,77.8,11.0,Individual,5,High Risk,Manual Review
56049470,14400.0, 60 months,18.25,E,E1,10+ years,MORTGAGE,36000.0,Verified,debt_consolidation,VA,34.12,1.0,675.0,679.0,1.0,45.7,28.0,Individual,6,High Risk,Manual Review
55959496,32500.0, 60 months,20.99,E,E5,4 years,MORTGAGE,65000.0,Verified,debt_consolidation,TX,38.61,0.0,715.0,719.0,0.0,75.1,42.0,Individual,5,High Risk,Manual Review
56039567,11900.0, 36 months,20.99,E,E5,6 years,MORTGAGE,35000.0,Verified,home_improvement,MA,32.99,1.0,680.0,684.0,0.0,75.1,28.0,Individual,6,High Risk,Manual Review
55219908,35000.0, 60 months,19.99,E,E4,8 years,MORTGAGE,203000.0,Verified,house,FL,37.32,0.0,705.0,709.0,0.0,95.9,42.0,Individual,6,High Risk,Manual Review
55939598,5100.0, 36 months,22.99,F,F2,,RENT,16000.0,Verified,credit_card,CO,37.13,0.0,665.0,669.0,0.0,73.3,14.0,Individual,5,High Risk,Manual Review
56099308,8875.0, 36 months,20.99,E,E5,6 years,MORTGAGE,29640.0,Verified,debt_consolidation,FL,30.81,0.0,660.0,664.0,0.0,101.2,14.0,Individual,6,High Risk,Manual Review
55128546,14400.0, 60 months,19.99,E,E4,1 year,RENT,33000.0,Verified,credit_card,NC,36.91,0.0,700.0,704.0,1.0,65.3,7.0,Individual,5,High Risk,Manual Review
55939570,13750.0, 60 months,21.99,F,F1,10+ years,MORTGAGE,75000.0,Source Verified,other,NM,11.14,1.0,660.0,664.0,1.0,93.3,48.0,Individual,5,High Risk,Manual Review
55899028,17675.0, 60 months,20.99,E,E5,,RENT,52000.0,Verified,debt_consolidation,IL,34.67,1.0,665.0,669.0,0.0,90.8,27.0,Individual,7,High Risk,Manual Review
55949294,10650.0, 60 months,18.25,E,E1,7 years,MORTGAGE,38000.0,Source Verified,home_improvement,TX,37.27,2.0,705.0,709.0,0.0,14.8,48.0,Individual,6,High Risk,Manual Review
55563857,33275.0, 60 months,20.99,E,E5,8 years,MORTGAGE,90000.0,Source Verified,home_improvement,MD,36.47,0.0,705.0,709.0,1.0,59.7,29.0,Individual,5,High Risk,Manual Review
56029143,13600.0, 60 months,19.99,E,E4,10+ years,MORTGAGE,40000.0,Verified,debt_consolidation,VA,34.09,4.0,665.0,669.0,0.0,60.5,38.0,Individual,6,High Risk,Manual Review
55877724,26500.0, 60 months,20.99,E,E5,10+ years,RENT,53000.0,Verified,debt_consolidation,WA,39.31,0.0,670.0,674.0,1.0,58.1,28.0,Individual,5,High Risk,Manual Review
55999818,12225.0, 60 months,21.99,F,F1,10+ years,RENT,70000.0,Verified,other,NY,33.31,0.0,715.0,719.0,1.0,47.6,31.0,Individual,5,High Risk,Manual Review
54543812,4600.0, 36 months,26.77,G,G1,< 1 year,RENT,23040.0,Verified,other,OK,31.77,0.0,670.0,674.0,1.0,96.1,10.0,Individual,6,High Risk,Manual Review
55968980,26400.0, 60 months,17.86,D,D5,2 years,OWN,60000.0,Not Verified,debt_consolidation,AL,32.98,1.0,660.0,664.0,0.0,95.0,11.0,Individual,5,High Risk,Manual Review
55228269,17000.0, 60 months,19.19,E,E3,1 year,RENT,37000.0,Source Verified,debt_consolidation,MN,37.27,0.0,700.0,704.0,1.0,87.5,29.0,Individual,6,High Risk,Manual Review
55948946,15650.0, 60 months,20.99,E,E5,6 years,RENT,37314.0,Verified,credit_card,NY,33.97,0.0,680.0,684.0,1.0,56.2,43.0,Individual,5,High Risk,Manual Review
55717615,13300.0, 36 months,18.25,E,E1,6 years,MORTGAGE,42000.0,Source Verified,credit_card,TX,35.11,2.0,680.0,684.0,0.0,40.8,17.0,Individual,6,High Risk,Manual Review
56029268,10800.0, 60 months,24.99,F,F4,2 years,MORTGAGE,30000.0,Verified,debt_consolidation,DE,31.04,0.0,680.0,684.0,0.0,93.6,10.0,Individual,6,High Risk,Manual Review
56068597,2000.0, 36 months,18.25,E,E1,10+ years,MORTGAGE,37000.0,Verified,other,SD,34.41,0.0,690.0,694.0,0.0,94.2,30.0,Individual,6,High Risk,Manual Review
56079808,21000.0, 60 months,17.57,D,D4,10+ years,MORTGAGE,46386.0,Verified,debt_consolidation,OH,39.07,1.0,670.0,674.0,1.0,80.7,50.0,Individual,5,High Risk,Manual Review
55949207,3275.0, 36 months,23.99,F,F3,2 years,OWN,22000.0,Verified,debt_consolidation,PA,34.15,1.0,660.0,664.0,2.0,41.8,13.0,Individual,6,High Risk,Manual Review
56059528,30000.0, 60 months,21.99,F,F1,10+ years,MORTGAGE,75000.0,Source Verified,debt_consolidation,AL,30.42,0.0,730.0,734.0,1.0,31.5,34.0,Individual,5,High Risk,Manual Review
55575688,14875.0, 60 months,19.19,E,E3,10+ years,RENT,35420.0,Source Verified,debt_consolidation,MD,24.43,1.0,670.0,674.0,0.0,88.7,8.0,Individual,5,High Risk,Manual Review
55949092,14000.0, 60 months,18.25,E,E1,9 years,RENT,45115.0,Verified,debt_consolidation,CA,33.99,0.0,660.0,664.0,0.0,68.5,18.0,Individual,5,High Risk,Manual Review
55898617,12475.0, 60 months,20.99,E,E5,3 years,RENT,36000.0,Verified,debt_consolidation,OR,38.63,0.0,675.0,679.0,0.0,73.5,29.0,Individual,5,High Risk,Manual Review
56008901,18000.0, 60 months,19.19,E,E3,10+ years,OWN,45000.0,Source Verified,debt_consolidation,TX,33.15,0.0,660.0,664.0,0.0,85.0,42.0,Individual,6,High Risk,Manual Review
55877211,13850.0, 60 months,24.99,F,F4,1 year,RENT,33000.0,Verified,debt_consolidation,IL,30.04,0.0,660.0,664.0,2.0,72.8,49.0,Individual,5,High Risk,Manual Review
55959310,21750.0, 60 months,20.99,E,E5,5 years,MORTGAGE,85000.0,Verified,debt_consolidation,MI,37.12,0.0,660.0,664.0,0.0,71.3,45.0,Individual,5,High Risk,Manual Review
56068568,25000.0, 60 months,18.55,E,E2,7 years,MORTGAGE,63000.0,Not Verified,debt_consolidation,GA,35.18,0.0,675.0,679.0,0.0,67.3,63.0,Individual,5,High Risk,Manual Review
54316388,11950.0, 60 months,18.55,E,E2,10+ years,RENT,68000.0,Source Verified,debt_consolidation,OH,36.66,1.0,685.0,689.0,0.0,81.8,29.0,Individual,7,High Risk,Manual Review
55999466,35000.0, 60 months,21.99,F,F1,10+ years,MORTGAGE,225000.0,Verified,credit_card,IL,33.51,0.0,685.0,689.0,1.0,70.0,38.0,Individual,5,High Risk,Manual Review
56059174,20250.0, 60 months,19.99,E,E4,10+ years,MORTGAGE,58000.0,Verified,debt_consolidation,UT,31.66,0.0,660.0,664.0,1.0,62.0,43.0,Individual,5,High Risk,Manual Review
56008698,18900.0, 60 months,24.99,F,F4,10+ years,MORTGAGE,71000.0,Verified,debt_consolidation,GA,32.45,0.0,660.0,664.0,1.0,70.0,22.0,Individual,5,High Risk,Manual Review
56128752,20775.0, 60 months,18.55,E,E2,1 year,MORTGAGE,47250.0,Source Verified,debt_consolidation,GA,33.05,3.0,670.0,674.0,0.0,91.0,28.0,Individual,7,High Risk,Manual Review
55987632,25000.0, 60 months,16.55,D,D2,5 years,MORTGAGE,105000.0,Not Verified,debt_consolidation,PA,34.61,2.0,660.0,664.0,0.0,84.7,24.0,Individual,5,High Risk,Manual Review
55697509,35000.0, 60 months,19.99,E,E4,10+ years,MORTGAGE,135000.0,Source Verified,debt_consolidation,CA,34.38,0.0,680.0,684.0,0.0,70.0,41.0,Individual,5,High Risk,Manual Review
56008825,19200.0, 60 months,19.99,E,E4,10+ years,OWN,48000.0,Verified,debt_consolidation,AL,36.0,0.0,710.0,714.0,1.0,81.8,15.0,Individual,6,High Risk,Manual Review
55553324,11150.0, 60 months,19.99,E,E4,10+ years,OWN,42000.0,Verified,debt_consolidation,IL,39.74,5.0,675.0,679.0,2.0,63.6,47.0,Individual,6,High Risk,Manual Review
55958817,12850.0, 60 months,18.25,E,E1,4 years,MORTGAGE,37290.0,Source Verified,debt_consolidation,OH,32.54,0.0,665.0,669.0,0.0,42.3,15.0,Individual,5,High Risk,Manual Review
56048663,12000.0, 60 months,18.25,E,E1,8 years,MORTGAGE,42000.0,Source Verified,debt_consolidation,GA,11.0,1.0,660.0,664.0,0.0,88.5,18.0,Individual,5,High Risk,Manual Review
55390716,10525.0, 36 months,18.25,E,E1,5 years,MORTGAGE,45000.0,Verified,home_improvement,IN,33.75,1.0,670.0,674.0,0.0,63.7,18.0,Individual,6,High Risk,Manual Review
55958594,14950.0, 60 months,20.99,E,E5,3 years,RENT,37000.0,Verified,other,TX,25.11,2.0,670.0,674.0,1.0,95.4,45.0,Individual,5,High Risk,Manual Review
55958807,16000.0, 36 months,18.25,E,E1,10+ years,MORTGAGE,70212.0,Source Verified,debt_consolidation,TN,34.56,2.0,670.0,674.0,2.0,72.4,66.0,Individual,6,High Risk,Manual Review
56059253,11150.0, 60 months,26.77,G,G1,1 year,RENT,31000.0,Verified,debt_consolidation,PA,34.77,0.0,680.0,684.0,1.0,23.3,12.0,Individual,5,High Risk,Manual Review
55908054,13900.0, 60 months,18.25,E,E1,4 years,MORTGAGE,60000.0,Source Verified,debt_consolidation,KS,38.2,1.0,695.0,699.0,0.0,70.9,24.0,Individual,6,High Risk,Manual Review
55390700,31600.0, 60 months,19.19,E,E3,10+ years,MORTGAGE,109000.0,Source Verified,debt_consolidation,OH,34.39,0.0,710.0,714.0,0.0,67.3,35.0,Individual,5,High Risk,Manual Review
55917893,4200.0, 36 months,19.19,E,E3,9 years,OWN,31000.0,Verified,debt_consolidation,OH,35.58,0.0,685.0,689.0,0.0,68.1,27.0,Individual,5,High Risk,Manual Review
56008219,10075.0, 60 months,23.99,F,F3,5 years,RENT,28000.0,Verified,credit_card,DE,38.13,0.0,670.0,674.0,1.0,70.5,18.0,Individual,5,High Risk,Manual Review
56038476,12000.0, 60 months,18.25,E,E1,2 years,RENT,30000.0,Verified,debt_consolidation,MA,34.24,0.0,670.0,674.0,0.0,54.9,12.0,Individual,5,High Risk,Manual Review
55179556,24500.0, 60 months,19.99,E,E4,1 year,RENT,49000.0,Source Verified,debt_consolidation,MN,38.99,1.0,670.0,674.0,0.0,63.6,29.0,Individual,6,High Risk,Manual Review
56138629,23550.0, 60 months,21.99,F,F1,10+ years,MORTGAGE,54855.0,Verified,debt_consolidation,AR,33.1,0.0,675.0,679.0,0.0,81.1,25.0,Individual,6,High Risk,Manual Review
55999256,15000.0, 60 months,16.99,D,D3,8 years,MORTGAGE,40000.0,Not Verified,debt_consolidation,CO,31.02,1.0,670.0,674.0,0.0,82.6,23.0,Individual,5,High Risk,Manual Review
55958428,12775.0, 60 months,19.19,E,E3,< 1 year,RENT,45000.0,Source Verified,debt_consolidation,GA,30.9,0.0,695.0,699.0,0.0,57.1,15.0,Individual,5,High Risk,Manual Review
55492553,35000.0, 60 months,19.19,E,E3,10+ years,RENT,130000.0,Source Verified,debt_consolidation,CA,28.15,2.0,675.0,679.0,0.0,88.0,27.0,Individual,5,High Risk,Manual Review
55230259,22000.0, 60 months,18.55,E,E2,< 1 year,RENT,50000.0,Source Verified,debt_consolidation,FL,30.08,0.0,685.0,689.0,0.0,84.9,13.0,Individual,6,High Risk,Manual Review
54178710,22550.0, 60 months,19.99,E,E4,3 years,OWN,47000.0,Not Verified,credit_card,VA,38.1,0.0,710.0,714.0,0.0,49.5,18.0,Individual,5,High Risk,Manual Review
55514791,22925.0, 60 months,19.99,E,E4,10+ years,MORTGAGE,56000.0,Not Verified,debt_consolidation,FL,38.19,0.0,785.0,789.0,0.0,30.4,16.0,Individual,5,High Risk,Manual Review
56028499,19725.0, 60 months,19.99,E,E4,4 years,MORTGAGE,47000.0,Source Verified,debt_consolidation,OH,35.83,0.0,670.0,674.0,0.0,63.9,24.0,Individual,5,High Risk,Manual Review
56028462,19350.0, 60 months,18.55,E,E2,,RENT,44000.0,Verified,credit_card,NC,38.03,2.0,665.0,669.0,1.0,78.3,60.0,Individual,6,High Risk,Manual Review
56128318,20975.0, 60 months,18.55,E,E2,8 years,RENT,80000.0,Source Verified,debt_consolidation,FL,34.38,0.0,680.0,684.0,2.0,58.6,18.0,Individual,5,High Risk,Manual Review
55151948,15100.0, 60 months,23.99,F,F3,2 years,MORTGAGE,42000.0,Verified,debt_consolidation,SC,37.6,0.0,660.0,664.0,0.0,88.0,18.0,Individual,6,High Risk,Manual Review
56048716,21000.0, 60 months,19.99,E,E4,< 1 year,MORTGAGE,42000.0,Source Verified,debt_consolidation,TX,32.51,0.0,720.0,724.0,0.0,63.1,29.0,Individual,5,High Risk,Manual Review
55757686,12175.0, 60 months,19.19,E,E3,3 years,MORTGAGE,87000.0,Source Verified,debt_consolidation,WA,36.06,0.0,685.0,689.0,0.0,83.5,34.0,Individual,6,High Risk,Manual Review
55898402,10225.0, 60 months,19.19,E,E3,10+ years,MORTGAGE,27000.0,Source Verified,home_improvement,SC,31.11,0.0,715.0,719.0,3.0,45.3,30.0,Individual,5,High Risk,Manual Review
55192695,12800.0, 60 months,18.55,E,E2,8 years,RENT,55000.0,Source Verified,credit_card,VA,38.87,0.0,690.0,694.0,0.0,80.2,17.0,Individual,6,High Risk,Manual Review
55937427,30000.0, 60 months,25.78,F,F5,2 years,RENT,90000.0,Verified,small_business,FL,35.91,0.0,680.0,684.0,1.0,83.7,34.0,Individual,6,High Risk,Manual Review
55998964,13300.0, 60 months,26.77,G,G1,8 years,RENT,37000.0,Verified,debt_consolidation,MT,39.41,0.0,675.0,679.0,0.0,90.3,39.0,Individual,6,High Risk,Manual Review
55410430,20000.0, 60 months,21.99,F,F1,1 year,RENT,40000.0,Verified,debt_consolidation,MA,36.48,0.0,680.0,684.0,1.0,83.7,39.0,Individual,6,High Risk,Manual Review
55978586,24000.0, 60 months,15.61,D,D1,9 years,MORTGAGE,48000.0,Not Verified,credit_card,OH,34.93,1.0,690.0,694.0,0.0,99.5,14.0,Individual,5,High Risk,Manual Review
55411717,12000.0, 60 months,19.19,E,E3,< 1 year,MORTGAGE,400000.0,Source Verified,debt_consolidation,VA,10.32,1.0,690.0,694.0,2.0,85.4,33.0,Individual,5,High Risk,Manual Review
56008067,3000.0, 36 months,19.19,E,E3,4 years,RENT,50000.0,Verified,moving,NJ,35.26,0.0,660.0,664.0,3.0,76.9,50.0,Individual,5,High Risk,Manual Review
55898133,32500.0, 60 months,18.25,E,E1,10+ years,MORTGAGE,65000.0,Verified,debt_consolidation,PA,9.14,1.0,680.0,684.0,0.0,94.7,10.0,Individual,5,High Risk,Manual Review
55190798,15875.0, 36 months,18.25,E,E1,10+ years,RENT,63000.0,Source Verified,credit_card,FL,18.93,2.0,660.0,664.0,0.0,93.6,50.0,Individual,5,High Risk,Manual Review
55978674,10225.0, 60 months,22.99,F,F2,1 year,MORTGAGE,32000.0,Verified,other,NY,34.06,0.0,670.0,674.0,1.0,67.4,22.0,Individual,5,High Risk,Manual Review
55637278,21500.0, 60 months,19.99,E,E4,1 year,RENT,43000.0,Verified,debt_consolidation,FL,36.98,0.0,690.0,694.0,0.0,72.9,14.0,Individual,5,High Risk,Manual Review
55309949,30000.0, 60 months,19.99,E,E4,10+ years,MORTGAGE,81000.0,Source Verified,debt_consolidation,OK,31.85,0.0,660.0,664.0,2.0,84.2,41.0,Individual,6,High Risk,Manual Review
55897396,10225.0, 60 months,17.86,D,D5,3 years,MORTGAGE,73000.0,Source Verified,debt_consolidation,CT,31.81,1.0,680.0,684.0,0.0,91.6,34.0,Individual,5,High Risk,Manual Review
55555695,13200.0, 60 months,22.99,F,F2,3 years,RENT,30000.0,Source Verified,debt_consolidation,MA,36.04,1.0,695.0,699.0,0.0,40.0,30.0,Individual,6,High Risk,Manual Review
56138072,6000.0, 36 months,19.99,E,E4,1 year,RENT,38860.0,Verified,debt_consolidation,GA,37.65,0.0,700.0,704.0,4.0,27.4,31.0,Individual,5,High Risk,Manual Review
56018322,21000.0, 60 months,20.99,E,E5,1 year,MORTGAGE,135000.0,Source Verified,debt_consolidation,NJ,24.14,1.0,670.0,674.0,3.0,84.0,27.0,Individual,5,High Risk,Manual Review
56079047,8425.0, 36 months,18.55,E,E2,1 year,MORTGAGE,67000.0,Verified,debt_consolidation,NC,33.14,0.0,670.0,674.0,2.0,85.0,33.0,Individual,6,High Risk,Manual Review
56137884,12525.0, 60 months,18.25,E,E1,10+ years,RENT,33000.0,Verified,credit_card,FL,30.55,0.0,660.0,664.0,2.0,100.2,8.0,Individual,6,High Risk,Manual Review
55827480,22000.0, 60 months,20.99,E,E5,6 years,MORTGAGE,105000.0,Verified,debt_consolidation,SC,38.72,0.0,715.0,719.0,0.0,60.0,39.0,Individual,5,High Risk,Manual Review
55090843,28075.0, 60 months,18.55,E,E2,10+ years,MORTGAGE,65000.0,Not Verified,debt_consolidation,VA,32.37,1.0,675.0,679.0,0.0,69.0,37.0,Individual,6,High Risk,Manual Review
55381888,35000.0, 60 months,18.55,E,E2,10+ years,MORTGAGE,250000.0,Verified,debt_consolidation,NJ,16.31,2.0,680.0,684.0,1.0,88.0,28.0,Individual,5,High Risk,Manual Review
55998766,32800.0, 60 months,19.99,E,E4,10+ years,MORTGAGE,75000.0,Source Verified,credit_card,TN,31.25,0.0,680.0,684.0,0.0,63.1,31.0,Individual,5,High Risk,Manual Review
55928352,30000.0, 60 months,18.55,E,E2,10+ years,RENT,108000.0,Verified,debt_consolidation,CA,31.38,0.0,675.0,679.0,2.0,62.9,18.0,Individual,5,High Risk,Manual Review
55907692,6825.0, 36 months,18.55,E,E2,,MORTGAGE,29391.0,Verified,debt_consolidation,NV,35.36,0.0,675.0,679.0,1.0,49.8,13.0,Individual,5,High Risk,Manual Review
56048028,13325.0, 60 months,18.25,E,E1,< 1 year,MORTGAGE,36400.0,Not Verified,debt_consolidation,MO,37.13,0.0,685.0,689.0,0.0,42.8,23.0,Individual,5,High Risk,Manual Review
56079021,10875.0, 60 months,19.99,E,E4,7 years,RENT,61200.0,Verified,debt_consolidation,IL,30.1,0.0,680.0,684.0,2.0,40.0,16.0,Individual,5,High Risk,Manual Review
55897836,13700.0, 60 months,24.99,F,F4,,RENT,60500.0,Verified,debt_consolidation,NV,34.85,0.0,660.0,664.0,2.0,86.7,32.0,Individual,6,High Risk,Manual Review
56087937,19000.0, 60 months,19.99,E,E4,7 years,MORTGAGE,47525.0,Verified,debt_consolidation,VA,24.79,1.0,660.0,664.0,0.0,86.5,23.0,Individual,5,High Risk,Manual Review
55907807,13300.0, 60 months,18.25,E,E1,10+ years,MORTGAGE,37000.0,Verified,debt_consolidation,NY,34.67,2.0,665.0,669.0,1.0,88.9,29.0,Individual,7,High Risk,Manual Review
56078675,10500.0, 60 months,20.99,E,E5,2 years,RENT,30000.0,Verified,debt_consolidation,FL,32.36,0.0,660.0,664.0,0.0,61.0,19.0,Individual,5,High Risk,Manual Review
56018220,3075.0, 36 months,20.99,E,E5,10+ years,MORTGAGE,40000.0,Source Verified,debt_consolidation,NM,37.65,2.0,660.0,664.0,0.0,54.0,23.0,Individual,6,High Risk,Manual Review
55998710,10400.0, 60 months,20.99,E,E5,1 year,OWN,20800.0,Source Verified,debt_consolidation,IN,33.87,0.0,660.0,664.0,3.0,60.3,15.0,Individual,5,High Risk,Manual Review
55228141,21600.0, 60 months,18.55,E,E2,10+ years,MORTGAGE,72000.0,Source Verified,debt_consolidation,AR,23.13,1.0,660.0,664.0,0.0,85.0,15.0,Individual,5,High Risk,Manual Review
55957922,34200.0, 60 months,27.31,G,G2,1 year,MORTGAGE,76000.0,Verified,debt_consolidation,IL,32.76,1.0,685.0,689.0,0.0,68.0,15.0,Individual,6,High Risk,Manual Review
55978265,7200.0, 36 months,18.25,E,E1,4 years,OWN,90000.0,Source Verified,other,PA,33.47,0.0,695.0,699.0,3.0,82.6,32.0,Individual,6,High Risk,Manual Review
55837675,12600.0, 60 months,26.77,G,G1,10+ years,OWN,35000.0,Verified,debt_consolidation,GA,38.1,0.0,690.0,694.0,0.0,45.4,19.0,Individual,5,High Risk,Manual Review
55998536,9000.0, 36 months,19.99,E,E4,2 years,MORTGAGE,55000.0,Verified,debt_consolidation,OK,31.79,0.0,670.0,674.0,2.0,87.9,47.0,Individual,6,High Risk,Manual Review
55957723,25200.0, 60 months,18.55,E,E2,4 years,RENT,78000.0,Verified,major_purchase,NY,32.68,0.0,675.0,679.0,0.0,40.7,25.0,Individual,5,High Risk,Manual Review
55330310,14850.0, 60 months,20.99,E,E5,3 years,MORTGAGE,35000.0,Source Verified,debt_consolidation,LA,30.38,0.0,705.0,709.0,1.0,72.0,23.0,Individual,5,High Risk,Manual Review
55987924,30725.0, 60 months,18.55,E,E2,10+ years,MORTGAGE,80600.0,Verified,debt_consolidation,PA,35.87,0.0,675.0,679.0,1.0,88.3,43.0,Individual,6,High Risk,Manual Review
56127676,10700.0, 60 months,18.25,E,E1,< 1 year,OWN,28160.0,Verified,credit_card,MI,31.29,0.0,670.0,674.0,1.0,63.6,21.0,Individual,5,High Risk,Manual Review
55987871,25000.0, 60 months,18.25,E,E1,1 year,MORTGAGE,72000.0,Not Verified,debt_consolidation,CA,38.55,0.0,660.0,664.0,1.0,50.7,36.0,Individual,5,High Risk,Manual Review
55977976,13600.0, 60 months,19.99,E,E4,8 years,RENT,35826.0,Verified,credit_card,TX,33.4,0.0,660.0,664.0,1.0,79.1,20.0,Individual,5,High Risk,Manual Review
55987923,25000.0, 60 months,18.55,E,E2,8 years,MORTGAGE,72000.0,Source Verified,debt_consolidation,WV,35.07,0.0,665.0,669.0,1.0,66.9,31.0,Individual,5,High Risk,Manual Review
55978029,29250.0, 60 months,22.99,F,F2,9 years,RENT,65000.0,Verified,debt_consolidation,NE,33.9,0.0,670.0,674.0,0.0,68.0,18.0,Individual,5,High Risk,Manual Review
55998527,10000.0, 60 months,20.99,E,E5,10+ years,MORTGAGE,112500.0,Verified,home_improvement,OH,34.07,0.0,670.0,674.0,0.0,97.0,38.0,Individual,6,High Risk,Manual Review
55977925,17275.0, 60 months,20.99,E,E5,10+ years,RENT,48000.0,Verified,debt_consolidation,TX,31.58,1.0,660.0,664.0,0.0,96.8,16.0,Individual,7,High Risk,Manual Review
55787752,11025.0, 60 months,18.25,E,E1,,OWN,23000.0,Not Verified,other,CT,34.71,0.0,725.0,729.0,0.0,79.1,9.0,Individual,5,High Risk,Manual Review
56087735,28325.0, 60 months,20.99,E,E5,10+ years,RENT,85000.0,Source Verified,credit_card,MD,36.3,1.0,665.0,669.0,1.0,75.6,50.0,Individual,6,High Risk,Manual Review
55897845,19500.0, 60 months,18.25,E,E1,8 years,MORTGAGE,39000.0,Source Verified,credit_card,MI,31.29,0.0,715.0,719.0,0.0,55.0,21.0,Individual,5,High Risk,Manual Review
55917448,15000.0, 60 months,19.19,E,E3,10+ years,MORTGAGE,69000.0,Source Verified,home_improvement,MA,7.27,1.0,665.0,669.0,1.0,94.4,6.0,Individual,5,High Risk,Manual Review
55637504,28500.0, 36 months,17.86,D,D5,10+ years,OWN,75000.0,Not Verified,debt_consolidation,CT,31.69,3.0,660.0,664.0,0.0,96.5,37.0,Individual,5,High Risk,Manual Review
55927919,16900.0, 36 months,18.55,E,E2,10+ years,MORTGAGE,63000.0,Verified,debt_consolidation,NJ,33.62,2.0,670.0,674.0,3.0,84.0,22.0,Individual,7,High Risk,Manual Review
56107642,23100.0, 60 months,23.99,F,F3,4 years,RENT,55000.0,Verified,debt_consolidation,IL,30.53,3.0,700.0,704.0,3.0,52.5,60.0,Individual,6,High Risk,Manual Review
55998031,10000.0, 60 months,18.55,E,E2,10+ years,RENT,58000.0,Verified,other,NY,30.44,0.0,705.0,709.0,0.0,67.0,35.0,Individual,5,High Risk,Manual Review
54187693,9150.0, 36 months,18.55,E,E2,4 years,MORTGAGE,31300.0,Verified,debt_consolidation,TN,39.65,0.0,670.0,674.0,0.0,60.8,20.0,Individual,5,High Risk,Manual Review
56007334,10075.0, 60 months,18.55,E,E2,5 years,MORTGAGE,60000.0,Source Verified,debt_consolidation,MS,33.9,0.0,675.0,679.0,0.0,99.9,24.0,Individual,6,High Risk,Manual Review
56067556,10000.0, 60 months,18.25,E,E1,2 years,RENT,58000.0,Verified,debt_consolidation,WI,33.23,0.0,665.0,669.0,2.0,46.0,35.0,Individual,5,High Risk,Manual Review
55152220,9000.0, 36 months,18.25,E,E1,3 years,RENT,30000.0,Verified,debt_consolidation,AR,34.2,0.0,665.0,669.0,1.0,95.0,20.0,Individual,6,High Risk,Manual Review
56127599,8725.0, 36 months,18.25,E,E1,< 1 year,RENT,17472.0,Verified,debt_consolidation,NJ,30.36,0.0,670.0,674.0,0.0,77.3,12.0,Individual,5,High Risk,Manual Review
55987510,7350.0, 36 months,22.99,F,F2,10+ years,RENT,23000.0,Verified,other,CA,35.8,0.0,670.0,674.0,0.0,41.3,25.0,Individual,5,High Risk,Manual Review
56077889,16000.0, 60 months,27.31,G,G2,,OWN,44500.0,Verified,debt_consolidation,OH,39.75,0.0,715.0,719.0,0.0,67.8,25.0,Individual,5,High Risk,Manual Review
54455224,15225.0, 60 months,21.99,F,F1,4 years,RENT,90000.0,Verified,other,CA,31.17,0.0,675.0,679.0,1.0,57.9,23.0,Individual,5,High Risk,Manual Review
56107355,35000.0, 60 months,21.99,F,F1,1 year,MORTGAGE,95310.0,Verified,debt_consolidation,FL,36.65,0.0,675.0,679.0,2.0,89.8,28.0,Individual,6,High Risk,Manual Review
55967593,6400.0, 36 months,21.99,F,F1,< 1 year,RENT,25000.0,Verified,car,CA,37.93,0.0,665.0,669.0,0.0,68.2,16.0,Individual,5,High Risk,Manual Review
55917602,26500.0, 60 months,18.55,E,E2,10+ years,MORTGAGE,53000.0,Not Verified,debt_consolidation,NY,38.29,0.0,700.0,704.0,0.0,54.2,35.0,Individual,5,High Risk,Manual Review
56077866,12000.0, 60 months,21.99,F,F1,6 years,MORTGAGE,40000.0,Verified,debt_consolidation,WA,39.87,0.0,665.0,669.0,0.0,93.7,25.0,Individual,6,High Risk,Manual Review
56047257,19600.0, 60 months,21.99,F,F1,10+ years,OWN,43600.0,Verified,debt_consolidation,IL,37.02,1.0,660.0,664.0,0.0,69.0,23.0,Individual,6,High Risk,Manual Review
56107377,10000.0, 60 months,18.55,E,E2,10+ years,OWN,46000.0,Source Verified,credit_card,NM,31.46,0.0,670.0,674.0,1.0,57.9,16.0,Individual,5,High Risk,Manual Review
56097385,15000.0, 60 months,18.55,E,E2,3 years,MORTGAGE,203000.0,Verified,debt_consolidation,IL,16.01,9.0,660.0,664.0,2.0,87.0,32.0,Individual,5,High Risk,Manual Review
56007349,4100.0, 36 months,18.25,E,E1,2 years,MORTGAGE,29000.0,Verified,debt_consolidation,FL,13.7,2.0,665.0,669.0,1.0,96.0,9.0,Individual,5,High Risk,Manual Review
56057126,23100.0, 60 months,19.99,E,E4,10+ years,MORTGAGE,121183.0,Verified,debt_consolidation,WA,34.93,0.0,660.0,664.0,4.0,75.1,47.0,Individual,5,High Risk,Manual Review
55977387,35000.0, 60 months,18.25,E,E1,10+ years,MORTGAGE,115000.0,Source Verified,credit_card,PA,33.54,0.0,680.0,684.0,1.0,79.5,34.0,Individual,5,High Risk,Manual Review
55937520,13375.0, 60 months,23.99,F,F3,8 years,MORTGAGE,92000.0,Verified,debt_consolidation,RI,38.98,0.0,685.0,689.0,1.0,88.0,47.0,Individual,6,High Risk,Manual Review
54578141,10000.0, 60 months,19.19,E,E3,4 years,RENT,21000.0,Verified,debt_consolidation,NV,33.66,0.0,660.0,664.0,2.0,35.5,19.0,Individual,5,High Risk,Manual Review
55947617,12000.0, 60 months,16.99,D,D3,10+ years,OWN,45000.0,Source Verified,debt_consolidation,TN,34.11,1.0,670.0,674.0,1.0,80.9,41.0,Individual,5,High Risk,Manual Review
55917310,8100.0, 36 months,19.99,E,E4,< 1 year,RENT,27040.0,Verified,debt_consolidation,TX,35.51,1.0,665.0,669.0,0.0,46.7,19.0,Individual,6,High Risk,Manual Review
56037221,14275.0, 60 months,20.99,E,E5,8 years,RENT,34000.0,Verified,debt_consolidation,WI,36.39,0.0,670.0,674.0,1.0,58.7,20.0,Individual,5,High Risk,Manual Review
56067247,22325.0, 60 months,18.25,E,E1,1 year,RENT,63050.0,Not Verified,debt_consolidation,CA,33.23,0.0,710.0,714.0,1.0,83.0,17.0,Individual,6,High Risk,Manual Review
55229924,18000.0, 60 months,18.25,E,E1,1 year,RENT,60000.0,Source Verified,debt_consolidation,MA,12.62,1.0,665.0,669.0,0.0,82.9,14.0,Individual,5,High Risk,Manual Review
55907233,12800.0, 60 months,18.25,E,E1,5 years,MORTGAGE,48000.0,Verified,debt_consolidation,MI,38.43,0.0,685.0,689.0,1.0,76.0,24.0,Individual,5,High Risk,Manual Review
55967168,9025.0, 36 months,18.55,E,E2,4 years,MORTGAGE,60480.0,Verified,debt_consolidation,FL,30.02,1.0,660.0,664.0,3.0,17.0,32.0,Individual,6,High Risk,Manual Review
55371108,12000.0, 60 months,19.19,E,E3,5 years,RENT,70000.0,Source Verified,debt_consolidation,AZ,38.18,0.0,675.0,679.0,0.0,34.3,32.0,Individual,5,High Risk,Manual Review
56137221,8000.0, 36 months,18.25,E,E1,10+ years,MORTGAGE,92000.0,Verified,home_improvement,MD,30.69,1.0,680.0,684.0,0.0,88.8,29.0,Individual,7,High Risk,Manual Review
55523477,20425.0, 60 months,20.99,E,E5,5 years,MORTGAGE,119000.0,Verified,debt_consolidation,TX,39.87,3.0,660.0,664.0,1.0,53.3,41.0,Individual,6,High Risk,Manual Review
56027215,16000.0, 60 months,19.99,E,E4,1 year,MORTGAGE,115000.0,Verified,debt_consolidation,AZ,8.64,2.0,665.0,669.0,0.0,91.1,25.0,Individual,5,High Risk,Manual Review
55947357,35000.0, 60 months,19.99,E,E4,8 years,MORTGAGE,150000.0,Source Verified,debt_consolidation,MO,36.57,0.0,695.0,699.0,2.0,71.8,50.0,Individual,5,High Risk,Manual Review
55997176,27300.0, 60 months,22.99,F,F2,8 years,MORTGAGE,65000.0,Verified,debt_consolidation,TX,36.13,0.0,660.0,664.0,0.0,65.3,25.0,Individual,5,High Risk,Manual Review
55947312,29275.0, 60 months,23.99,F,F3,10+ years,MORTGAGE,91511.0,Verified,debt_consolidation,TX,25.63,1.0,660.0,664.0,1.0,81.7,17.0,Individual,5,High Risk,Manual Review
56047240,15000.0, 60 months,19.99,E,E4,10+ years,MORTGAGE,98000.0,Verified,debt_consolidation,WA,11.72,4.0,665.0,669.0,1.0,100.4,25.0,Individual,5,High Risk,Manual Review
55957176,11000.0, 60 months,19.99,E,E4,3 years,MORTGAGE,36000.0,Verified,debt_consolidation,PA,35.4,0.0,660.0,664.0,0.0,41.1,33.0,Individual,5,High Risk,Manual Review
55433182,8700.0, 36 months,19.19,E,E3,4 years,MORTGAGE,38600.0,Source Verified,credit_card,TX,31.99,0.0,695.0,699.0,2.0,76.0,60.0,Individual,5,High Risk,Manual Review
55897217,5250.0, 36 months,18.55,E,E2,,RENT,10500.0,Verified,credit_card,CA,36.0,0.0,680.0,684.0,0.0,99.9,13.0,Individual,6,High Risk,Manual Review
56077145,30000.0, 60 months,25.78,F,F5,1 year,RENT,220000.0,Source Verified,debt_consolidation,WA,13.31,1.0,665.0,669.0,2.0,85.7,19.0,Individual,5,High Risk,Manual Review
55757764,35000.0, 60 months,21.99,F,F1,10+ years,OWN,128000.0,Verified,debt_consolidation,UT,14.17,1.0,665.0,669.0,0.0,100.8,34.0,Individual,5,High Risk,Manual Review
55798375,10075.0, 60 months,26.77,G,G1,10+ years,MORTGAGE,48000.0,Source Verified,other,MN,31.58,0.0,660.0,664.0,1.0,71.2,34.0,Individual,5,High Risk,Manual Review
55758563,10000.0, 60 months,18.25,E,E1,10+ years,RENT,32000.0,Source Verified,debt_consolidation,KY,38.6,0.0,690.0,694.0,0.0,58.7,20.0,Individual,5,High Risk,Manual Review
55808165,22975.0, 60 months,19.19,E,E3,5 years,MORTGAGE,74000.0,Source Verified,debt_consolidation,TX,37.45,0.0,680.0,684.0,0.0,69.2,39.0,Individual,5,High Risk,Manual Review
55747838,6825.0, 36 months,19.19,E,E3,1 year,RENT,19000.0,Source Verified,debt_consolidation,IL,32.22,0.0,670.0,674.0,0.0,38.3,5.0,Individual,5,High Risk,Manual Review
55401876,15000.0, 60 months,19.19,E,E3,5 years,RENT,37500.0,Source Verified,debt_consolidation,MN,32.16,2.0,665.0,669.0,2.0,85.6,16.0,Individual,7,High Risk,Manual Review
55847718,7475.0, 36 months,18.25,E,E1,9 years,RENT,17000.0,Source Verified,credit_card,NY,32.46,0.0,675.0,679.0,0.0,80.1,12.0,Individual,6,High Risk,Manual Review
55657695,25075.0, 60 months,19.99,E,E4,10+ years,MORTGAGE,60000.0,Verified,debt_consolidation,VA,29.62,1.0,660.0,664.0,0.0,100.1,24.0,Individual,5,High Risk,Manual Review
56077114,35000.0, 60 months,18.25,E,E1,10+ years,MORTGAGE,135000.0,Verified,debt_consolidation,TX,18.71,2.0,685.0,689.0,0.0,103.1,27.0,Individual,5,High Risk,Manual Review
55847820,11750.0, 36 months,19.19,E,E3,10+ years,OWN,74599.0,Verified,debt_consolidation,IN,17.05,2.0,660.0,664.0,3.0,96.9,23.0,Individual,5,High Risk,Manual Review
55847862,8500.0, 36 months,24.99,F,F4,3 years,OWN,24000.0,Source Verified,other,GA,33.5,0.0,660.0,664.0,2.0,57.5,16.0,Individual,5,High Risk,Manual Review
55967134,10000.0, 60 months,19.19,E,E3,10+ years,MORTGAGE,34000.0,Verified,debt_consolidation,MS,31.98,0.0,675.0,679.0,1.0,30.3,20.0,Individual,5,High Risk,Manual Review
55657705,12800.0, 60 months,19.19,E,E3,10+ years,RENT,32000.0,Source Verified,debt_consolidation,GA,38.07,0.0,675.0,679.0,0.0,37.5,32.0,Individual,5,High Risk,Manual Review
55798748,18000.0, 60 months,19.19,E,E3,7 years,MORTGAGE,42000.0,Verified,debt_consolidation,UT,37.31,4.0,665.0,669.0,0.0,56.0,43.0,Individual,6,High Risk,Manual Review
55575797,7700.0, 36 months,18.25,E,E1,< 1 year,RENT,32000.0,Verified,debt_consolidation,VA,39.2,0.0,665.0,669.0,1.0,54.5,31.0,Individual,5,High Risk,Manual Review
55687733,35000.0, 60 months,18.25,E,E1,10+ years,MORTGAGE,81098.0,Source Verified,debt_consolidation,MN,31.84,0.0,725.0,729.0,0.0,83.5,38.0,Individual,6,High Risk,Manual Review
55747818,13075.0, 60 months,18.25,E,E1,2 years,MORTGAGE,40000.0,Source Verified,credit_card,IL,38.19,0.0,690.0,694.0,0.0,66.1,24.0,Individual,5,High Risk,Manual Review
55524949,27000.0, 60 months,18.25,E,E1,10+ years,MORTGAGE,64200.0,Source Verified,credit_card,KS,30.22,0.0,685.0,689.0,0.0,58.7,24.0,Individual,5,High Risk,Manual Review
55362343,19675.0, 60 months,24.99,F,F4,3 years,MORTGAGE,80000.0,Verified,home_improvement,MI,34.31,0.0,660.0,664.0,0.0,45.0,27.0,Individual,5,High Risk,Manual Review
55737794,18000.0, 60 months,19.99,E,E4,< 1 year,RENT,50000.0,Source Verified,debt_consolidation,CA,39.82,0.0,685.0,689.0,0.0,93.8,27.0,Individual,6,High Risk,Manual Review
55857557,5175.0, 36 months,19.99,E,E4,9 years,RENT,36000.0,Source Verified,debt_consolidation,SC,36.33,0.0,685.0,689.0,0.0,60.1,11.0,Individual,5,High Risk,Manual Review
55491163,10800.0, 60 months,20.99,E,E5,10+ years,RENT,60000.0,Source Verified,debt_consolidation,CA,39.9,0.0,685.0,689.0,1.0,96.0,35.0,Individual,6,High Risk,Manual Review
55757478,35000.0, 60 months,24.99,F,F4,2 years,MORTGAGE,96000.0,Source Verified,home_improvement,TX,31.81,5.0,695.0,699.0,2.0,59.3,30.0,Individual,6,High Risk,Manual Review
55737624,1800.0, 36 months,16.55,D,D2,2 years,OWN,53000.0,Verified,other,TX,38.08,1.0,680.0,684.0,0.0,93.5,17.0,Individual,5,High Risk,Manual Review
55798143,5000.0, 36 months,22.99,F,F2,10+ years,OWN,40000.0,Source Verified,small_business,WI,37.68,2.0,660.0,664.0,2.0,65.0,11.0,Individual,6,High Risk,Manual Review
55362338,35000.0, 60 months,20.99,E,E5,6 years,MORTGAGE,104599.0,Verified,debt_consolidation,OH,33.17,0.0,690.0,694.0,1.0,69.5,60.0,Individual,5,High Risk,Manual Review
55637697,35000.0, 60 months,18.25,E,E1,< 1 year,OWN,106000.0,Verified,credit_card,NC,31.48,2.0,665.0,669.0,0.0,91.8,34.0,Individual,7,High Risk,Manual Review
55847517,23900.0, 60 months,18.55,E,E2,10+ years,MORTGAGE,52000.0,Source Verified,credit_card,AR,39.14,0.0,705.0,709.0,0.0,67.5,20.0,Individual,5,High Risk,Manual Review
55535375,33000.0, 60 months,18.25,E,E1,10+ years,MORTGAGE,110000.0,Verified,debt_consolidation,NY,32.22,0.0,670.0,674.0,0.0,70.8,68.0,Individual,5,High Risk,Manual Review
55279745,11200.0, 60 months,18.25,E,E1,2 years,RENT,48000.0,Verified,debt_consolidation,MD,37.59,0.0,685.0,689.0,2.0,37.8,26.0,Individual,5,High Risk,Manual Review
55627901,28650.0, 60 months,25.78,F,F5,10+ years,MORTGAGE,70000.0,Verified,credit_card,AK,32.11,0.0,680.0,684.0,2.0,84.9,23.0,Individual,6,High Risk,Manual Review
55423529,19575.0, 36 months,24.99,F,F4,3 years,RENT,45427.0,Verified,debt_consolidation,LA,34.03,0.0,675.0,679.0,2.0,60.0,63.0,Individual,5,High Risk,Manual Review
55817486,27100.0, 60 months,18.55,E,E2,1 year,RENT,106000.0,Source Verified,debt_consolidation,CO,34.69,0.0,660.0,664.0,0.0,72.5,33.0,Individual,5,High Risk,Manual Review
55847637,25000.0, 60 months,21.99,F,F1,2 years,MORTGAGE,83000.0,Verified,debt_consolidation,TN,15.65,1.0,660.0,664.0,1.0,94.8,24.0,Individual,5,High Risk,Manual Review
55411169,7800.0, 36 months,20.99,E,E5,3 years,OWN,26000.0,Verified,house,LA,37.21,0.0,680.0,684.0,1.0,63.6,17.0,Individual,5,High Risk,Manual Review
55352258,24850.0, 60 months,27.31,G,G2,10+ years,MORTGAGE,69000.0,Verified,debt_consolidation,IL,38.4,0.0,660.0,664.0,3.0,99.0,47.0,Individual,6,High Risk,Manual Review
55717399,5350.0, 36 months,19.99,E,E4,7 years,MORTGAGE,45198.0,Verified,debt_consolidation,CT,34.86,0.0,705.0,709.0,1.0,47.0,50.0,Individual,5,High Risk,Manual Review
55717500,15750.0, 60 months,19.99,E,E4,< 1 year,RENT,41200.0,Verified,debt_consolidation,TN,39.99,2.0,660.0,664.0,0.0,82.7,19.0,Individual,7,High Risk,Manual Review
55798209,20000.0, 60 months,18.55,E,E2,10+ years,RENT,50000.0,Source Verified,debt_consolidation,IL,27.7,1.0,665.0,669.0,0.0,85.6,19.0,Individual,5,High Risk,Manual Review
55514898,16225.0, 60 months,18.25,E,E1,10+ years,RENT,65000.0,Verified,debt_consolidation,FL,30.43,0.0,695.0,699.0,1.0,39.8,29.0,Individual,5,High Risk,Manual Review
55798169,14875.0, 60 months,23.99,F,F3,2 years,RENT,30000.0,Verified,debt_consolidation,FL,31.28,0.0,660.0,664.0,0.0,64.6,10.0,Individual,5,High Risk,Manual Review
55412857,26400.0, 60 months,20.99,E,E5,,RENT,60000.0,Verified,credit_card,OH,35.98,0.0,715.0,719.0,0.0,100.6,18.0,Individual,6,High Risk,Manual Review
55757582,33000.0, 60 months,18.55,E,E2,3 years,OWN,75000.0,Source Verified,debt_consolidation,MO,30.4,0.0,660.0,664.0,0.0,79.8,31.0,Individual,5,High Risk,Manual Review
55372325,14025.0, 60 months,19.19,E,E3,10+ years,MORTGAGE,52000.0,Source Verified,debt_consolidation,MA,32.73,0.0,715.0,719.0,1.0,45.8,33.0,Individual,5,High Risk,Manual Review
55463000,12000.0, 60 months,22.99,F,F2,10+ years,RENT,24000.0,Source Verified,debt_consolidation,NJ,38.0,0.0,670.0,674.0,2.0,43.2,17.0,Individual,5,High Risk,Manual Review
55677376,18475.0, 60 months,19.99,E,E4,1 year,RENT,42000.0,Verified,debt_consolidation,LA,32.29,0.0,680.0,684.0,2.0,25.6,85.0,Individual,5,High Risk,Manual Review
55627421,11525.0, 60 months,23.99,F,F3,,RENT,40000.0,Verified,debt_consolidation,VA,31.62,0.0,660.0,664.0,0.0,87.0,24.0,Individual,6,High Risk,Manual Review
55637363,27925.0, 60 months,18.55,E,E2,10+ years,MORTGAGE,60000.0,Source Verified,credit_card,OH,36.58,0.0,705.0,709.0,0.0,98.6,28.0,Individual,6,High Risk,Manual Review
55797687,15000.0, 36 months,19.19,E,E3,< 1 year,RENT,52000.0,Verified,credit_card,GA,30.69,0.0,660.0,664.0,2.0,63.7,27.0,Individual,5,High Risk,Manual Review
53824678,26400.0, 60 months,18.25,E,E1,3 years,RENT,60000.0,Not Verified,debt_consolidation,MO,31.61,0.0,695.0,699.0,0.0,99.7,9.0,Individual,6,High Risk,Manual Review
55161435,17825.0, 60 months,19.19,E,E3,4 years,OWN,60000.0,Source Verified,home_improvement,IN,35.94,0.0,690.0,694.0,0.0,44.8,36.0,Individual,5,High Risk,Manual Review
55687364,30000.0, 60 months,18.55,E,E2,10+ years,MORTGAGE,75000.0,Verified,debt_consolidation,KS,36.48,1.0,705.0,709.0,0.0,77.9,37.0,Individual,6,High Risk,Manual Review
53372828,30000.0, 60 months,18.25,E,E1,4 years,OWN,68000.0,Source Verified,debt_consolidation,WV,36.43,0.0,700.0,704.0,0.0,59.9,22.0,Individual,5,High Risk,Manual Review
55667352,26000.0, 60 months,24.99,F,F4,8 years,RENT,93000.0,Verified,debt_consolidation,CA,32.55,0.0,665.0,669.0,1.0,99.4,14.0,Individual,6,High Risk,Manual Review
55253828,11450.0, 60 months,19.19,E,E3,10+ years,MORTGAGE,30000.0,Source Verified,debt_consolidation,TX,37.8,0.0,695.0,699.0,1.0,61.6,31.0,Individual,5,High Risk,Manual Review
55524078,6325.0, 36 months,18.25,E,E1,8 years,MORTGAGE,145000.0,Verified,credit_card,NJ,34.63,0.0,665.0,669.0,1.0,92.0,30.0,Individual,6,High Risk,Manual Review
55737373,18400.0, 60 months,18.25,E,E1,10+ years,MORTGAGE,40000.0,Verified,debt_consolidation,PA,33.09,0.0,720.0,724.0,0.0,93.1,17.0,Individual,6,High Risk,Manual Review
55473291,15650.0, 60 months,18.25,E,E1,7 years,MORTGAGE,48500.0,Source Verified,debt_consolidation,KS,36.9,0.0,705.0,709.0,0.0,69.8,20.0,Individual,5,High Risk,Manual Review
55372442,9300.0, 36 months,16.99,D,D3,10+ years,MORTGAGE,56000.0,Source Verified,debt_consolidation,OH,38.77,1.0,675.0,679.0,0.0,84.6,36.0,Individual,5,High Risk,Manual Review
55797723,13800.0, 60 months,18.25,E,E1,4 years,RENT,50000.0,Source Verified,debt_consolidation,TX,31.88,0.0,685.0,689.0,0.0,72.2,24.0,Individual,5,High Risk,Manual Review
55757287,14725.0, 60 months,20.99,E,E5,10+ years,MORTGAGE,38400.0,Verified,debt_consolidation,CA,37.72,0.0,680.0,684.0,0.0,78.1,36.0,Individual,5,High Risk,Manual Review
55545046,4000.0, 36 months,18.25,E,E1,< 1 year,RENT,39570.0,Verified,debt_consolidation,AL,30.15,0.0,705.0,709.0,0.0,65.1,10.0,Individual,5,High Risk,Manual Review
55637213,10975.0, 60 months,28.99,G,G5,4 years,RENT,62500.0,Not Verified,house,AL,34.14,11.0,695.0,699.0,0.0,50.0,42.0,Individual,6,High Risk,Manual Review
55455113,11400.0, 60 months,19.99,E,E4,10+ years,RENT,30000.0,Verified,credit_card,MD,33.4,0.0,675.0,679.0,0.0,77.9,14.0,Individual,5,High Risk,Manual Review
55737246,15600.0, 60 months,20.99,E,E5,10+ years,MORTGAGE,60000.0,Verified,debt_consolidation,WA,37.72,0.0,675.0,679.0,0.0,98.9,24.0,Individual,6,High Risk,Manual Review
55697254,35000.0, 60 months,23.99,F,F3,7 years,MORTGAGE,85000.0,Source Verified,debt_consolidation,IL,33.88,0.0,665.0,669.0,3.0,48.9,42.0,Individual,5,High Risk,Manual Review
55817220,20725.0, 60 months,21.99,F,F1,10+ years,MORTGAGE,72000.0,Verified,credit_card,TX,32.8,0.0,675.0,679.0,2.0,70.2,38.0,Individual,5,High Risk,Manual Review
55514587,26675.0, 60 months,23.99,F,F3,10+ years,MORTGAGE,70628.0,Verified,debt_consolidation,MD,16.99,1.0,710.0,714.0,1.0,97.4,21.0,Individual,5,High Risk,Manual Review
55380697,8050.0, 36 months,18.25,E,E1,7 years,MORTGAGE,52000.0,Source Verified,home_improvement,MI,14.4,1.0,665.0,669.0,1.0,82.2,17.0,Individual,5,High Risk,Manual Review
55501198,13250.0, 60 months,24.99,F,F4,10+ years,OWN,39000.0,Source Verified,debt_consolidation,PA,33.8,0.0,665.0,669.0,0.0,91.0,18.0,Individual,6,High Risk,Manual Review
55556230,26800.0, 60 months,19.19,E,E3,8 years,RENT,58000.0,Source Verified,credit_card,TX,34.53,0.0,675.0,679.0,0.0,66.4,45.0,Individual,5,High Risk,Manual Review
54544231,18850.0, 60 months,18.55,E,E2,8 years,RENT,41000.0,Source Verified,debt_consolidation,TN,39.81,0.0,710.0,714.0,0.0,65.9,20.0,Individual,5,High Risk,Manual Review
55556181,15875.0, 60 months,20.99,E,E5,10+ years,MORTGAGE,50000.0,Verified,debt_consolidation,AL,34.21,0.0,690.0,694.0,0.0,85.8,20.0,Individual,6,High Risk,Manual Review
55128676,8875.0, 36 months,20.99,E,E5,9 years,MORTGAGE,45000.0,Verified,debt_consolidation,FL,30.39,0.0,665.0,669.0,2.0,72.7,49.0,Individual,5,High Risk,Manual Review
55847137,15000.0, 60 months,19.19,E,E3,8 years,RENT,65000.0,Verified,other,NV,34.41,0.0,670.0,674.0,2.0,32.9,45.0,Individual,5,High Risk,Manual Review
55299799,29900.0, 60 months,18.25,E,E1,10+ years,RENT,65000.0,Source Verified,credit_card,WA,31.64,0.0,665.0,669.0,0.0,72.7,23.0,Individual,5,High Risk,Manual Review
55575178,25500.0, 60 months,19.99,E,E4,1 year,RENT,60000.0,Not Verified,other,GA,30.96,0.0,690.0,694.0,0.0,82.0,31.0,Individual,6,High Risk,Manual Review
55847157,9600.0, 36 months,18.25,E,E1,4 years,RENT,44000.0,Source Verified,debt_consolidation,CA,36.28,0.0,660.0,664.0,1.0,44.1,30.0,Individual,5,High Risk,Manual Review
55341612,14000.0, 60 months,18.55,E,E2,1 year,MORTGAGE,35000.0,Source Verified,debt_consolidation,MI,30.34,0.0,660.0,664.0,0.0,88.8,22.0,Individual,6,High Risk,Manual Review
55667143,27500.0, 60 months,22.99,F,F2,< 1 year,MORTGAGE,240000.0,Verified,credit_card,NJ,14.5,2.0,680.0,684.0,4.0,83.0,24.0,Individual,5,High Risk,Manual Review
55564205,26225.0, 60 months,25.78,F,F5,2 years,MORTGAGE,82000.0,Verified,other,IN,34.13,0.0,675.0,679.0,2.0,67.5,32.0,Individual,5,High Risk,Manual Review
55565181,33000.0, 60 months,19.19,E,E3,10+ years,MORTGAGE,106000.0,Verified,debt_consolidation,MS,26.82,1.0,690.0,694.0,0.0,94.0,33.0,Individual,5,High Risk,Manual Review
55556105,14075.0, 60 months,19.19,E,E3,,OWN,39100.0,Verified,debt_consolidation,WA,33.7,0.0,685.0,689.0,0.0,87.7,18.0,Individual,6,High Risk,Manual Review
55647140,16500.0, 60 months,21.99,F,F1,5 years,OWN,33000.0,Source Verified,debt_consolidation,IL,20.65,1.0,660.0,664.0,0.0,83.1,11.0,Individual,5,High Risk,Manual Review
55677130,17100.0, 60 months,18.25,E,E1,10+ years,RENT,65956.0,Verified,debt_consolidation,CA,30.46,0.0,680.0,684.0,2.0,79.1,28.0,Individual,5,High Risk,Manual Review
55342016,35000.0, 60 months,19.19,E,E3,7 years,OWN,550000.0,Source Verified,home_improvement,NJ,3.24,2.0,660.0,664.0,0.0,86.6,14.0,Individual,5,High Risk,Manual Review
55351663,24000.0, 60 months,23.99,F,F3,,MORTGAGE,48000.0,Verified,debt_consolidation,IN,34.08,0.0,675.0,679.0,0.0,66.8,43.0,Individual,5,High Risk,Manual Review
55544902,18000.0, 60 months,20.99,E,E5,10+ years,MORTGAGE,78000.0,Verified,debt_consolidation,RI,16.31,1.0,660.0,664.0,2.0,99.0,24.0,Individual,5,High Risk,Manual Review
55454181,2775.0, 36 months,18.25,E,E1,3 years,MORTGAGE,35000.0,Not Verified,debt_consolidation,MI,33.64,0.0,665.0,669.0,3.0,83.5,27.0,Individual,6,High Risk,Manual Review
55462893,9850.0, 36 months,19.19,E,E3,8 years,RENT,45000.0,Source Verified,debt_consolidation,NJ,37.41,0.0,710.0,714.0,0.0,46.2,12.0,Individual,5,High Risk,Manual Review
55381378,35000.0, 60 months,18.25,E,E1,< 1 year,RENT,100000.0,Verified,credit_card,OH,37.91,0.0,695.0,699.0,0.0,66.0,30.0,Individual,5,High Risk,Manual Review
55482837,18000.0, 60 months,18.55,E,E2,8 years,RENT,88691.0,Verified,credit_card,IL,37.3,2.0,665.0,669.0,1.0,76.6,75.0,Individual,6,High Risk,Manual Review
54798248,11500.0, 36 months,18.55,E,E2,,OWN,32000.0,Not Verified,debt_consolidation,FL,35.33,0.0,690.0,694.0,0.0,67.6,17.0,Individual,5,High Risk,Manual Review
55202309,18000.0, 60 months,18.55,E,E2,10+ years,RENT,84000.0,Verified,credit_card,AZ,33.59,0.0,665.0,669.0,1.0,79.9,32.0,Individual,5,High Risk,Manual Review
55453582,10000.0, 60 months,18.55,E,E2,10+ years,MORTGAGE,47500.0,Verified,home_improvement,OK,31.99,0.0,695.0,699.0,0.0,101.4,18.0,Individual,6,High Risk,Manual Review
55575224,19250.0, 60 months,22.99,F,F2,7 years,MORTGAGE,60218.6,Not Verified,debt_consolidation,TX,37.47,0.0,670.0,674.0,1.0,71.2,33.0,Individual,5,High Risk,Manual Review
55472659,14700.0, 60 months,18.55,E,E2,6 years,OWN,35000.0,Source Verified,debt_consolidation,MI,34.2,0.0,675.0,679.0,2.0,28.1,26.0,Individual,5,High Risk,Manual Review
55524933,14500.0, 60 months,24.99,F,F4,10+ years,MORTGAGE,74000.0,Verified,debt_consolidation,IL,33.36,0.0,670.0,674.0,2.0,54.0,52.0,Individual,5,High Risk,Manual Review
55453134,22000.0, 60 months,18.55,E,E2,2 years,MORTGAGE,50000.0,Source Verified,debt_consolidation,IN,38.19,1.0,670.0,674.0,1.0,81.3,29.0,Individual,7,High Risk,Manual Review
55514045,19600.0, 60 months,25.78,F,F5,10+ years,MORTGAGE,120000.0,Verified,debt_consolidation,LA,33.78,0.0,665.0,669.0,2.0,89.0,32.0,Individual,6,High Risk,Manual Review
55453308,20075.0, 60 months,19.19,E,E3,10+ years,MORTGAGE,60000.0,Source Verified,debt_consolidation,CA,25.74,1.0,660.0,664.0,0.0,90.8,46.0,Individual,5,High Risk,Manual Review
55462528,12475.0, 60 months,21.99,F,F1,2 years,RENT,65000.0,Verified,debt_consolidation,MA,36.82,1.0,660.0,664.0,0.0,73.9,32.0,Individual,6,High Risk,Manual Review
55432524,20400.0, 60 months,19.99,E,E4,10+ years,MORTGAGE,51000.0,Verified,debt_consolidation,FL,32.52,0.0,690.0,694.0,0.0,98.9,32.0,Individual,6,High Risk,Manual Review
55361721,20000.0, 60 months,20.99,E,E5,< 1 year,MORTGAGE,195000.0,Verified,other,FL,19.74,1.0,670.0,674.0,0.0,100.0,23.0,Individual,5,High Risk,Manual Review
55371880,18275.0, 60 months,19.99,E,E4,10+ years,RENT,61000.0,Source Verified,debt_consolidation,WA,27.92,1.0,660.0,664.0,0.0,81.9,27.0,Individual,5,High Risk,Manual Review
55351468,15000.0, 60 months,19.19,E,E3,1 year,RENT,42000.0,Source Verified,debt_consolidation,TX,36.01,0.0,665.0,669.0,1.0,69.9,12.0,Individual,5,High Risk,Manual Review
55392164,2525.0, 36 months,18.25,E,E1,3 years,RENT,55000.0,Verified,debt_consolidation,MI,15.62,2.0,675.0,679.0,1.0,101.0,42.0,Individual,5,High Risk,Manual Review
55361775,20575.0, 60 months,19.99,E,E4,10+ years,MORTGAGE,93400.0,Not Verified,debt_consolidation,TX,37.97,0.0,700.0,704.0,1.0,26.1,37.0,Individual,5,High Risk,Manual Review
54618609,14350.0, 36 months,19.19,E,E3,9 years,OWN,28700.0,Source Verified,debt_consolidation,FL,33.88,0.0,670.0,674.0,1.0,73.1,28.0,Individual,5,High Risk,Manual Review
55432593,18825.0, 60 months,19.19,E,E3,6 years,RENT,42800.0,Source Verified,debt_consolidation,PA,36.03,1.0,680.0,684.0,1.0,34.0,15.0,Individual,6,High Risk,Manual Review
55161626,13500.0, 60 months,19.19,E,E3,6 years,MORTGAGE,27000.0,Source Verified,debt_consolidation,MI,31.16,1.0,665.0,669.0,3.0,69.1,13.0,Individual,6,High Risk,Manual Review
55442361,21375.0, 60 months,19.99,E,E4,10+ years,MORTGAGE,59000.0,Source Verified,debt_consolidation,OH,33.81,0.0,665.0,669.0,0.0,56.5,35.0,Individual,5,High Risk,Manual Review
55442291,15825.0, 60 months,18.25,E,E1,5 years,RENT,36000.0,Source Verified,credit_card,VA,35.17,0.0,685.0,689.0,0.0,75.7,29.0,Individual,5,High Risk,Manual Review
55492692,14425.0, 60 months,22.99,F,F2,10+ years,MORTGAGE,55000.0,Source Verified,debt_consolidation,TX,38.01,0.0,690.0,694.0,0.0,48.9,25.0,Individual,5,High Risk,Manual Review
55432377,11275.0, 60 months,22.99,F,F2,10+ years,OWN,32240.0,Verified,debt_consolidation,NH,38.12,3.0,670.0,674.0,0.0,67.0,28.0,Individual,6,High Risk,Manual Review
55574972,19300.0, 60 months,18.25,E,E1,10+ years,RENT,42000.0,Not Verified,debt_consolidation,OH,32.34,0.0,720.0,724.0,0.0,76.4,10.0,Individual,5,High Risk,Manual Review
55401382,35000.0, 36 months,18.25,E,E1,4 years,MORTGAGE,107000.0,Verified,debt_consolidation,SC,21.25,1.0,670.0,674.0,0.0,96.0,14.0,Individual,5,High Risk,Manual Review
55513553,5250.0, 36 months,19.19,E,E3,10+ years,RENT,45000.0,Source Verified,house,VA,35.73,0.0,665.0,669.0,0.0,62.1,35.0,Individual,5,High Risk,Manual Review
55502788,22925.0, 60 months,18.55,E,E2,2 years,RENT,49871.0,Source Verified,credit_card,UT,35.5,0.0,715.0,719.0,0.0,98.5,9.0,Individual,6,High Risk,Manual Review
55453097,13875.0, 60 months,21.99,F,F1,3 years,MORTGAGE,45000.0,Source Verified,debt_consolidation,IL,31.47,0.0,670.0,674.0,0.0,95.2,23.0,Individual,6,High Risk,Manual Review
55109574,10000.0, 60 months,18.25,E,E1,10+ years,MORTGAGE,40000.0,Source Verified,debt_consolidation,FL,34.35,0.0,680.0,684.0,0.0,73.2,18.0,Individual,5,High Risk,Manual Review
54018190,15000.0, 60 months,18.55,E,E2,10+ years,OWN,70000.0,Not Verified,debt_consolidation,KY,11.13,1.0,680.0,684.0,0.0,94.8,28.0,Individual,5,High Risk,Manual Review
55453153,23650.0, 60 months,18.55,E,E2,9 years,MORTGAGE,95000.0,Source Verified,home_improvement,NY,31.09,0.0,675.0,679.0,2.0,92.9,34.0,Individual,6,High Risk,Manual Review
55091420,35000.0, 60 months,18.25,E,E1,< 1 year,MORTGAGE,120000.0,Verified,debt_consolidation,MS,31.25,1.0,675.0,679.0,3.0,51.0,46.0,Individual,6,High Risk,Manual Review
55452902,30000.0, 60 months,18.25,E,E1,9 years,RENT,100000.0,Verified,debt_consolidation,IL,21.7,1.0,665.0,669.0,4.0,92.1,28.0,Individual,5,High Risk,Manual Review
55555512,5800.0, 36 months,18.25,E,E1,10+ years,MORTGAGE,39000.0,Source Verified,debt_consolidation,RI,32.71,0.0,660.0,664.0,0.0,30.6,28.0,Individual,5,High Risk,Manual Review
55513450,12850.0, 60 months,20.99,E,E5,4 years,MORTGAGE,50000.0,Not Verified,debt_consolidation,PA,30.48,1.0,690.0,694.0,0.0,56.6,16.0,Individual,6,High Risk,Manual Review
55169455,35000.0, 60 months,19.19,E,E3,10+ years,MORTGAGE,125000.0,Verified,debt_consolidation,PA,35.44,0.0,695.0,699.0,0.0,85.4,67.0,Individual,6,High Risk,Manual Review
55564594,11500.0, 60 months,19.99,E,E4,2 years,RENT,32000.0,Verified,debt_consolidation,NC,34.55,0.0,670.0,674.0,1.0,44.9,40.0,Individual,5,High Risk,Manual Review
55432338,7500.0, 36 months,15.61,D,D1,10+ years,RENT,80000.0,Verified,debt_consolidation,FL,34.37,1.0,670.0,674.0,0.0,89.0,39.0,Individual,5,High Risk,Manual Review
55534648,23125.0, 60 months,19.19,E,E3,4 years,RENT,90000.0,Source Verified,debt_consolidation,WA,37.36,1.0,665.0,669.0,2.0,87.7,38.0,Individual,7,High Risk,Manual Review
55361580,5500.0, 36 months,16.99,D,D3,3 years,MORTGAGE,43000.0,Not Verified,debt_consolidation,WI,38.99,1.0,665.0,669.0,1.0,90.3,18.0,Individual,5,High Risk,Manual Review
55492654,25000.0, 60 months,18.55,E,E2,10+ years,MORTGAGE,88000.0,Source Verified,debt_consolidation,NY,21.04,3.0,675.0,679.0,0.0,92.8,39.0,Individual,5,High Risk,Manual Review
55564470,3000.0, 36 months,20.99,E,E5,< 1 year,MORTGAGE,55000.0,Verified,moving,TX,33.71,0.0,680.0,684.0,0.0,79.0,18.0,Individual,5,High Risk,Manual Review
55543673,19800.0, 60 months,19.19,E,E3,10+ years,RENT,55000.0,Source Verified,debt_consolidation,OH,30.85,0.0,715.0,719.0,1.0,72.1,22.0,Individual,5,High Risk,Manual Review
55330270,11350.0, 60 months,19.99,E,E4,,RENT,25836.0,Verified,debt_consolidation,NM,34.56,0.0,695.0,699.0,0.0,38.0,38.0,Individual,5,High Risk,Manual Review
55203544,11400.0, 60 months,22.99,F,F2,2 years,RENT,28000.0,Verified,debt_consolidation,CA,30.78,0.0,660.0,664.0,1.0,52.8,24.0,Individual,5,High Risk,Manual Review
55179817,11200.0, 60 months,18.25,E,E1,10+ years,RENT,36468.0,Source Verified,debt_consolidation,HI,30.9,0.0,685.0,689.0,0.0,68.8,27.0,Individual,5,High Risk,Manual Review
55422679,13000.0, 60 months,18.55,E,E2,4 years,RENT,40000.0,Verified,debt_consolidation,GA,30.3,0.0,665.0,669.0,1.0,70.3,18.0,Individual,5,High Risk,Manual Review
55584769,30000.0, 60 months,21.99,F,F1,2 years,MORTGAGE,77500.0,Verified,debt_consolidation,OH,35.68,0.0,695.0,699.0,2.0,76.0,42.0,Individual,5,High Risk,Manual Review
55584780,14400.0, 60 months,18.25,E,E1,10+ years,RENT,65000.0,Verified,major_purchase,CO,31.24,0.0,675.0,679.0,1.0,60.0,20.0,Individual,5,High Risk,Manual Review
55472290,13500.0, 60 months,23.99,F,F3,,RENT,45000.0,Verified,debt_consolidation,IN,32.19,0.0,660.0,664.0,2.0,77.9,27.0,Individual,5,High Risk,Manual Review
55391929,19500.0, 60 months,18.55,E,E2,5 years,RENT,39000.0,Not Verified,debt_consolidation,VA,37.42,0.0,725.0,729.0,0.0,57.5,12.0,Individual,5,High Risk,Manual Review
55432107,24575.0, 60 months,16.55,D,D2,10+ years,MORTGAGE,103000.0,Source Verified,debt_consolidation,CA,35.78,1.0,670.0,674.0,0.0,88.5,19.0,Individual,5,High Risk,Manual Review
55411341,19200.0, 60 months,18.55,E,E2,10+ years,OWN,40000.0,Not Verified,home_improvement,CA,30.45,0.0,705.0,709.0,1.0,49.1,19.0,Individual,5,High Risk,Manual Review
55411334,3850.0, 36 months,18.25,E,E1,6 years,RENT,32000.0,Verified,debt_consolidation,OH,34.32,2.0,665.0,669.0,2.0,48.0,48.0,Individual,6,High Risk,Manual Review
55555351,15625.0, 60 months,23.99,F,F3,8 years,MORTGAGE,31250.0,Source Verified,debt_consolidation,SD,39.25,0.0,680.0,684.0,1.0,83.0,21.0,Individual,6,High Risk,Manual Review
52341333,5000.0, 36 months,15.61,D,D1,10+ years,MORTGAGE,92000.0,Verified,debt_consolidation,OH,33.8,1.0,665.0,669.0,0.0,100.0,41.0,Individual,5,High Risk,Manual Review
55452567,8150.0, 36 months,19.99,E,E4,,MORTGAGE,24000.0,Verified,debt_consolidation,TX,33.6,0.0,660.0,664.0,2.0,54.8,40.0,Individual,5,High Risk,Manual Review
55534379,29350.0, 60 months,18.25,E,E1,3 years,MORTGAGE,70000.0,Source Verified,credit_card,IN,39.74,0.0,705.0,709.0,1.0,47.3,39.0,Individual,5,High Risk,Manual Review
55513143,10000.0, 60 months,18.55,E,E2,4 years,RENT,34320.0,Source Verified,debt_consolidation,FL,30.14,0.0,680.0,684.0,0.0,46.9,24.0,Individual,5,High Risk,Manual Review
55584626,5950.0, 36 months,18.55,E,E2,7 years,RENT,45000.0,Verified,debt_consolidation,CA,30.85,0.0,720.0,724.0,0.0,27.2,17.0,Individual,5,High Risk,Manual Review
55462136,21000.0, 60 months,20.99,E,E5,10+ years,RENT,50000.0,Verified,debt_consolidation,WA,35.84,2.0,665.0,669.0,0.0,57.3,19.0,Individual,6,High Risk,Manual Review
55231158,15000.0, 36 months,17.57,D,D4,10+ years,RENT,45000.0,Verified,debt_consolidation,CA,37.41,2.0,665.0,669.0,1.0,89.0,36.0,Individual,5,High Risk,Manual Review
55401138,30500.0, 60 months,20.99,E,E5,10+ years,RENT,61000.0,Verified,debt_consolidation,GA,34.26,1.0,670.0,674.0,0.0,100.2,22.0,Individual,7,High Risk,Manual Review
55512444,35000.0, 60 months,20.99,E,E5,,MORTGAGE,160000.0,Verified,renewable_energy,IL,32.63,2.0,665.0,669.0,2.0,70.1,25.0,Individual,6,High Risk,Manual Review
55391796,30000.0, 36 months,17.86,D,D5,10+ years,MORTGAGE,98000.0,Verified,debt_consolidation,CA,32.44,2.0,660.0,664.0,4.0,99.0,25.0,Individual,5,High Risk,Manual Review
55171220,15450.0, 60 months,22.99,F,F2,10+ years,MORTGAGE,36000.0,Not Verified,debt_consolidation,VA,23.0,1.0,675.0,679.0,0.0,84.8,15.0,Individual,5,High Risk,Manual Review
55523895,34500.0, 60 months,20.99,E,E5,2 years,MORTGAGE,75000.0,Source Verified,home_improvement,IN,30.32,1.0,740.0,744.0,2.0,56.6,33.0,Individual,6,High Risk,Manual Review
55554819,15000.0, 60 months,19.19,E,E3,10+ years,MORTGAGE,123000.0,Verified,debt_consolidation,OH,37.8,0.0,710.0,714.0,2.0,90.0,21.0,Individual,6,High Risk,Manual Review
55584456,13725.0, 60 months,18.55,E,E2,3 years,MORTGAGE,50856.0,Not Verified,other,AL,30.01,0.0,720.0,724.0,1.0,51.7,29.0,Individual,5,High Risk,Manual Review
55502248,5000.0, 36 months,18.55,E,E2,10+ years,MORTGAGE,50000.0,Verified,debt_consolidation,GA,31.76,0.0,715.0,719.0,0.0,41.0,35.0,Individual,5,High Risk,Manual Review
55371379,30000.0, 60 months,18.25,E,E1,10+ years,MORTGAGE,95000.0,Source Verified,debt_consolidation,KS,35.41,0.0,725.0,729.0,0.0,74.7,22.0,Individual,5,High Risk,Manual Review
55452272,35000.0, 60 months,19.19,E,E3,3 years,MORTGAGE,200000.0,Verified,debt_consolidation,IL,16.98,7.0,665.0,669.0,0.0,96.9,34.0,Individual,5,High Risk,Manual Review
55543830,10875.0, 36 months,20.99,E,E5,< 1 year,OWN,34000.0,Source Verified,moving,TN,30.18,0.0,670.0,674.0,0.0,77.2,23.0,Individual,5,High Risk,Manual Review
55391576,30000.0, 60 months,20.99,E,E5,10+ years,MORTGAGE,135000.0,Verified,debt_consolidation,GA,39.59,0.0,690.0,694.0,2.0,74.2,49.0,Individual,5,High Risk,Manual Review
55048156,11200.0, 36 months,19.19,E,E3,4 years,OWN,28000.0,Source Verified,debt_consolidation,IL,37.32,0.0,680.0,684.0,1.0,40.7,15.0,Individual,5,High Risk,Manual Review
53834283,11275.0, 60 months,18.25,E,E1,4 years,MORTGAGE,36000.0,Not Verified,debt_consolidation,NC,33.23,0.0,715.0,719.0,0.0,80.1,20.0,Individual,6,High Risk,Manual Review
55452493,35000.0, 60 months,18.55,E,E2,10+ years,OWN,95000.0,Verified,debt_consolidation,IL,32.47,0.0,685.0,689.0,1.0,81.1,23.0,Individual,6,High Risk,Manual Review
55461691,34225.0, 60 months,20.99,E,E5,10+ years,MORTGAGE,74064.0,Verified,debt_consolidation,MI,33.21,0.0,690.0,694.0,2.0,90.2,24.0,Individual,6,High Risk,Manual Review
55341055,20675.0, 60 months,21.99,F,F1,10+ years,MORTGAGE,57000.0,Source Verified,debt_consolidation,FL,37.24,0.0,670.0,674.0,1.0,76.9,17.0,Individual,5,High Risk,Manual Review
55350235,19475.0, 60 months,20.99,E,E5,6 years,RENT,52000.0,Verified,debt_consolidation,CA,31.69,0.0,665.0,669.0,0.0,65.9,11.0,Individual,5,High Risk,Manual Review
55491758,18950.0, 60 months,18.25,E,E1,10+ years,OWN,75000.0,Source Verified,debt_consolidation,MS,38.1,0.0,705.0,709.0,1.0,61.1,39.0,Individual,5,High Risk,Manual Review
55421884,21000.0, 60 months,18.55,E,E2,9 years,MORTGAGE,143000.0,Source Verified,credit_card,CA,11.62,1.0,700.0,704.0,0.0,83.2,11.0,Individual,5,High Risk,Manual Review
55391278,24625.0, 60 months,18.55,E,E2,10+ years,RENT,56000.0,Source Verified,debt_consolidation,NJ,30.88,0.0,685.0,689.0,2.0,45.7,27.0,Individual,5,High Risk,Manual Review
55360933,30000.0, 60 months,18.25,E,E1,2 years,OWN,85000.0,Verified,debt_consolidation,TX,35.18,0.0,700.0,704.0,2.0,47.9,28.0,Individual,5,High Risk,Manual Review
55350293,15000.0, 60 months,18.55,E,E2,8 years,MORTGAGE,46000.0,Verified,debt_consolidation,VA,32.42,0.0,680.0,684.0,0.0,56.3,41.0,Individual,5,High Risk,Manual Review
55341100,35000.0, 60 months,23.99,F,F3,10+ years,RENT,80000.0,Verified,debt_consolidation,MD,32.82,0.0,675.0,679.0,2.0,71.3,22.0,Individual,5,High Risk,Manual Review
55491933,5000.0, 36 months,15.61,D,D1,< 1 year,RENT,32000.0,Verified,debt_consolidation,MD,31.7,1.0,665.0,669.0,2.0,83.0,23.0,Individual,5,High Risk,Manual Review
55461690,13425.0, 60 months,20.99,E,E5,10+ years,RENT,32000.0,Source Verified,credit_card,IN,30.05,0.0,665.0,669.0,0.0,68.1,31.0,Individual,5,High Risk,Manual Review
55451964,35000.0, 60 months,18.25,E,E1,10+ years,OWN,150000.0,Verified,debt_consolidation,NY,35.39,1.0,670.0,674.0,0.0,88.8,42.0,Individual,7,High Risk,Manual Review
55400680,34225.0, 60 months,20.99,E,E5,4 years,MORTGAGE,100000.0,Verified,credit_card,OH,32.05,0.0,710.0,714.0,0.0,83.0,33.0,Individual,6,High Risk,Manual Review
55400685,15675.0, 60 months,18.25,E,E1,9 years,MORTGAGE,60000.0,Source Verified,credit_card,CA,30.68,0.0,660.0,664.0,0.0,96.3,21.0,Individual,6,High Risk,Manual Review
55151727,25000.0, 60 months,18.25,E,E1,10+ years,RENT,60000.0,Source Verified,debt_consolidation,OH,38.6,0.0,690.0,694.0,0.0,92.9,30.0,Individual,6,High Risk,Manual Review
55360777,16000.0, 36 months,18.25,E,E1,< 1 year,MORTGAGE,32000.0,Verified,debt_consolidation,LA,31.7,0.0,665.0,669.0,0.0,61.8,27.0,Individual,5,High Risk,Manual Review
55391270,26075.0, 60 months,19.99,E,E4,10+ years,MORTGAGE,68000.0,Verified,home_improvement,MA,30.1,3.0,670.0,674.0,2.0,59.8,21.0,Individual,6,High Risk,Manual Review
55252731,21825.0, 60 months,19.99,E,E4,10+ years,RENT,62000.0,Source Verified,debt_consolidation,LA,32.71,1.0,660.0,664.0,0.0,75.6,17.0,Individual,6,High Risk,Manual Review
54778280,18900.0, 60 months,18.55,E,E2,3 years,RENT,52500.0,Verified,debt_consolidation,NV,35.86,0.0,695.0,699.0,0.0,92.5,12.0,Individual,6,High Risk,Manual Review
55573712,22000.0, 60 months,22.99,F,F2,5 years,MORTGAGE,55000.0,Verified,debt_consolidation,OH,35.68,0.0,665.0,669.0,1.0,75.9,23.0,Individual,5,High Risk,Manual Review
55360723,7675.0, 36 months,19.99,E,E4,3 years,RENT,90000.0,Verified,debt_consolidation,FL,18.55,1.0,665.0,669.0,4.0,88.1,22.0,Individual,5,High Risk,Manual Review
55451920,23925.0, 60 months,18.25,E,E1,3 years,RENT,72000.0,Source Verified,debt_consolidation,NY,32.1,0.0,730.0,734.0,0.0,29.7,43.0,Individual,5,High Risk,Manual Review
55573611,22950.0, 60 months,17.86,D,D5,9 years,MORTGAGE,52200.0,Not Verified,debt_consolidation,OH,36.14,3.0,680.0,684.0,1.0,96.6,16.0,Individual,5,High Risk,Manual Review
55491633,5275.0, 36 months,19.19,E,E3,8 years,OWN,25000.0,Verified,medical,KS,38.45,0.0,725.0,729.0,0.0,1.7,34.0,Individual,5,High Risk,Manual Review
55370606,25000.0, 60 months,21.99,F,F1,10+ years,RENT,275000.0,Source Verified,house,CA,11.27,1.0,680.0,684.0,0.0,83.9,29.0,Individual,5,High Risk,Manual Review
55481568,13500.0, 60 months,20.99,E,E5,3 years,MORTGAGE,27000.0,Verified,debt_consolidation,MD,34.8,1.0,665.0,669.0,0.0,44.0,18.0,Individual,6,High Risk,Manual Review
55533837,29425.0, 60 months,18.25,E,E1,2 years,MORTGAGE,64000.0,Source Verified,debt_consolidation,TX,36.64,0.0,705.0,709.0,0.0,63.9,24.0,Individual,5,High Risk,Manual Review
55431613,20500.0, 60 months,19.99,E,E4,10+ years,MORTGAGE,47224.36,Verified,debt_consolidation,AL,39.7,0.0,705.0,709.0,0.0,60.3,28.0,Individual,5,High Risk,Manual Review
55553860,9800.0, 36 months,18.25,E,E1,2 years,RENT,19600.0,Source Verified,debt_consolidation,FL,34.54,0.0,670.0,674.0,0.0,94.4,13.0,Individual,6,High Risk,Manual Review
55421633,35000.0, 60 months,18.25,E,E1,10+ years,MORTGAGE,140000.0,Verified,debt_consolidation,VA,35.01,0.0,685.0,689.0,1.0,73.7,35.0,Individual,5,High Risk,Manual Review
55271588,12025.0, 60 months,18.25,E,E1,,MORTGAGE,43000.0,Verified,debt_consolidation,TX,37.57,0.0,700.0,704.0,1.0,35.1,53.0,Individual,5,High Risk,Manual Review
55533430,30000.0, 60 months,18.25,E,E1,6 years,MORTGAGE,62000.0,Source Verified,debt_consolidation,CA,37.02,1.0,710.0,714.0,0.0,61.0,36.0,Individual,6,High Risk,Manual Review
55441476,11750.0, 60 months,24.99,F,F4,5 years,MORTGAGE,56000.0,Not Verified,debt_consolidation,MN,32.1,0.0,675.0,679.0,1.0,70.8,39.0,Individual,5,High Risk,Manual Review
55441470,22225.0, 60 months,18.55,E,E2,3 years,OWN,58000.0,Source Verified,debt_consolidation,PA,31.18,0.0,660.0,664.0,0.0,42.4,38.0,Individual,5,High Risk,Manual Review
55390964,35000.0, 36 months,18.25,E,E1,4 years,OWN,99187.0,Verified,debt_consolidation,CA,35.17,0.0,690.0,694.0,0.0,91.0,38.0,Individual,6,High Risk,Manual Review
55533727,27800.0, 60 months,21.99,F,F1,10+ years,MORTGAGE,85000.0,Verified,credit_card,OH,39.26,1.0,670.0,674.0,1.0,74.0,42.0,Individual,6,High Risk,Manual Review
55370769,14000.0, 60 months,18.25,E,E1,2 years,OWN,28000.0,Not Verified,debt_consolidation,MA,31.46,0.0,720.0,724.0,0.0,52.8,34.0,Individual,5,High Risk,Manual Review
54238826,24225.0, 60 months,17.57,D,D4,7 years,MORTGAGE,140000.0,Source Verified,debt_consolidation,AL,36.08,1.0,665.0,669.0,0.0,81.1,66.0,Individual,5,High Risk,Manual Review
55461570,23000.0, 60 months,22.99,F,F2,9 years,MORTGAGE,50000.0,Verified,home_improvement,SC,30.03,0.0,660.0,664.0,0.0,50.2,18.0,Individual,5,High Risk,Manual Review
55451514,14125.0, 36 months,16.55,D,D2,10+ years,MORTGAGE,45000.0,Not Verified,debt_consolidation,CA,39.38,2.0,680.0,684.0,0.0,99.4,13.0,Individual,5,High Risk,Manual Review
54858695,18000.0, 60 months,23.99,F,F3,2 years,MORTGAGE,50000.0,Not Verified,debt_consolidation,TX,35.14,0.0,670.0,674.0,0.0,65.3,55.0,Individual,5,High Risk,Manual Review
55583660,14000.0, 60 months,19.19,E,E3,10+ years,MORTGAGE,112000.0,Source Verified,debt_consolidation,TX,20.51,2.0,670.0,674.0,3.0,81.0,61.0,Individual,5,High Risk,Manual Review
55340595,17575.0, 36 months,19.19,E,E3,4 years,RENT,48827.0,Verified,debt_consolidation,CA,36.6,0.0,675.0,679.0,1.0,63.0,34.0,Individual,5,High Risk,Manual Review
54938607,35000.0, 60 months,18.55,E,E2,10+ years,MORTGAGE,85000.0,Verified,debt_consolidation,WV,35.51,0.0,680.0,684.0,0.0,98.5,20.0,Individual,6,High Risk,Manual Review
55110729,7825.0, 36 months,22.99,F,F2,,MORTGAGE,15696.0,Verified,credit_card,TX,37.08,0.0,670.0,674.0,1.0,75.2,15.0,Individual,5,High Risk,Manual Review
55583487,18000.0, 60 months,19.19,E,E3,8 years,RENT,45000.0,Verified,credit_card,IL,34.85,2.0,660.0,664.0,0.0,83.4,21.0,Individual,7,High Risk,Manual Review
55512423,14000.0, 36 months,18.25,E,E1,1 year,RENT,28000.0,Not Verified,credit_card,AL,36.91,1.0,670.0,674.0,0.0,52.5,46.0,Individual,6,High Risk,Manual Review
55171387,14000.0, 60 months,20.99,E,E5,,OWN,35000.0,Verified,debt_consolidation,MI,38.8,4.0,665.0,669.0,0.0,41.7,19.0,Individual,6,High Risk,Manual Review
55268825,35000.0, 60 months,19.19,E,E3,10+ years,MORTGAGE,82000.0,Verified,debt_consolidation,CO,31.06,0.0,720.0,724.0,0.0,73.4,41.0,Individual,5,High Risk,Manual Review
55390550,35000.0, 60 months,18.25,E,E1,10+ years,MORTGAGE,115000.0,Source Verified,debt_consolidation,IN,35.07,0.0,695.0,699.0,0.0,83.1,32.0,Individual,6,High Risk,Manual Review
55390279,27775.0, 60 months,22.99,F,F2,,MORTGAGE,73146.0,Verified,debt_consolidation,LA,30.52,0.0,700.0,704.0,1.0,87.5,21.0,Individual,6,High Risk,Manual Review
55410338,33425.0, 36 months,20.99,E,E5,10+ years,MORTGAGE,88000.0,Verified,debt_consolidation,TX,27.5,1.0,670.0,674.0,3.0,80.5,56.0,Individual,5,High Risk,Manual Review
55360229,15425.0, 60 months,22.99,F,F2,1 year,MORTGAGE,68000.0,Source Verified,other,CA,3.37,6.0,660.0,664.0,1.0,91.4,15.0,Individual,5,High Risk,Manual Review
55553335,10950.0, 60 months,18.55,E,E2,9 years,MORTGAGE,75000.0,Verified,debt_consolidation,WA,30.97,3.0,665.0,669.0,0.0,98.0,26.0,Individual,7,High Risk,Manual Review
54504516,10250.0, 60 months,18.25,E,E1,10+ years,MORTGAGE,43000.0,Verified,debt_consolidation,VA,37.51,0.0,700.0,704.0,1.0,65.0,19.0,Individual,5,High Risk,Manual Review
55340417,12000.0, 60 months,22.99,F,F2,10+ years,OWN,70000.0,Verified,debt_consolidation,VA,33.14,0.0,665.0,669.0,0.0,63.4,27.0,Individual,5,High Risk,Manual Review
55583350,13225.0, 60 months,18.55,E,E2,10+ years,RENT,45000.0,Verified,debt_consolidation,OR,31.39,0.0,710.0,714.0,0.0,79.0,10.0,Individual,5,High Risk,Manual Review
55308818,23400.0, 60 months,25.78,F,F5,10+ years,MORTGAGE,75000.0,Verified,home_improvement,AK,23.76,1.0,660.0,664.0,0.0,90.2,34.0,Individual,5,High Risk,Manual Review
55512298,17575.0, 60 months,28.49,G,G4,7 years,RENT,67000.0,Verified,other,CA,35.5,2.0,685.0,689.0,4.0,21.9,20.0,Individual,6,High Risk,Manual Review
55160947,21000.0, 60 months,18.55,E,E2,1 year,RENT,89000.0,Verified,credit_card,IN,31.0,0.0,700.0,704.0,2.0,94.9,16.0,Individual,6,High Risk,Manual Review
55451313,12000.0, 60 months,18.55,E,E2,10+ years,RENT,30000.0,Source Verified,debt_consolidation,WA,30.6,2.0,670.0,674.0,0.0,56.9,19.0,Individual,6,High Risk,Manual Review
55533438,15000.0, 60 months,19.99,E,E4,3 years,RENT,30000.0,Verified,debt_consolidation,TN,39.56,0.0,700.0,704.0,0.0,35.5,29.0,Individual,5,High Risk,Manual Review
55573382,22500.0, 60 months,18.25,E,E1,2 years,MORTGAGE,45000.0,Source Verified,debt_consolidation,SC,30.64,0.0,665.0,669.0,1.0,94.5,17.0,Individual,6,High Risk,Manual Review
55081416,35000.0, 60 months,21.99,F,F1,3 years,RENT,120000.0,Verified,debt_consolidation,NC,18.81,1.0,660.0,664.0,0.0,83.2,26.0,Individual,5,High Risk,Manual Review
55370163,6525.0, 36 months,20.99,E,E5,,RENT,27284.0,Verified,debt_consolidation,VA,39.55,0.0,665.0,669.0,0.0,63.0,21.0,Individual,5,High Risk,Manual Review
55291803,15000.0, 60 months,18.55,E,E2,4 years,RENT,38000.0,Source Verified,debt_consolidation,FL,35.31,0.0,675.0,679.0,1.0,75.6,16.0,Individual,5,High Risk,Manual Review
55141610,12000.0, 60 months,18.55,E,E2,10+ years,MORTGAGE,72000.0,Source Verified,home_improvement,CA,32.85,0.0,685.0,689.0,3.0,95.0,25.0,Individual,6,High Risk,Manual Review
55370131,12000.0, 60 months,15.61,D,D1,6 years,MORTGAGE,50000.0,Not Verified,other,OH,30.08,2.0,665.0,669.0,1.0,90.6,21.0,Individual,5,High Risk,Manual Review
55254997,19275.0, 60 months,18.55,E,E2,3 years,MORTGAGE,52000.0,Not Verified,debt_consolidation,MN,34.15,0.0,685.0,689.0,0.0,47.7,22.0,Individual,5,High Risk,Manual Review
55311805,22425.0, 60 months,18.55,E,E2,10+ years,RENT,51000.0,Verified,debt_consolidation,TN,36.43,0.0,700.0,704.0,2.0,52.3,37.0,Individual,5,High Risk,Manual Review
55272426,9000.0, 36 months,20.99,E,E5,6 years,OWN,30000.0,Verified,debt_consolidation,MI,31.4,0.0,660.0,664.0,1.0,38.4,33.0,Individual,5,High Risk,Manual Review
55431196,21600.0, 60 months,19.99,E,E4,7 years,MORTGAGE,77000.0,Verified,debt_consolidation,CT,32.64,0.0,680.0,684.0,2.0,59.0,73.0,Individual,5,High Risk,Manual Review
55231841,29500.0, 60 months,18.55,E,E2,10+ years,MORTGAGE,59000.0,Not Verified,debt_consolidation,MO,30.8,0.0,675.0,679.0,1.0,53.4,14.0,Individual,5,High Risk,Manual Review
55091861,14400.0, 60 months,22.99,F,F2,10+ years,OWN,40000.0,Source Verified,debt_consolidation,TX,31.17,0.0,665.0,669.0,0.0,59.6,9.0,Individual,5,High Risk,Manual Review
55078326,30000.0, 60 months,19.99,E,E4,10+ years,MORTGAGE,69000.0,Verified,debt_consolidation,PA,37.67,0.0,690.0,694.0,2.0,53.6,32.0,Individual,5,High Risk,Manual Review
55255846,2500.0, 36 months,18.55,E,E2,5 years,OWN,21000.0,Not Verified,credit_card,TN,38.46,0.0,680.0,684.0,0.0,83.1,17.0,Individual,6,High Risk,Manual Review
55301261,10600.0, 60 months,19.99,E,E4,10+ years,MORTGAGE,48793.0,Source Verified,debt_consolidation,TX,35.12,0.0,745.0,749.0,0.0,20.5,24.0,Individual,5,High Risk,Manual Review
55281114,35000.0, 60 months,18.25,E,E1,9 years,RENT,97000.0,Verified,debt_consolidation,CA,36.95,0.0,720.0,724.0,0.0,73.5,20.0,Individual,5,High Risk,Manual Review
54908769,25000.0, 60 months,18.55,E,E2,3 years,MORTGAGE,55000.0,Source Verified,home_improvement,GA,30.09,3.0,710.0,714.0,1.0,43.6,32.0,Individual,6,High Risk,Manual Review
54374133,33450.0, 60 months,20.99,E,E5,10+ years,OWN,80304.0,Source Verified,home_improvement,CT,32.82,0.0,660.0,664.0,0.0,52.5,23.0,Individual,5,High Risk,Manual Review
55255433,6200.0, 36 months,18.25,E,E1,10+ years,MORTGAGE,103000.0,Verified,debt_consolidation,DE,19.54,1.0,665.0,669.0,0.0,97.0,23.0,Individual,5,High Risk,Manual Review
55231690,10000.0, 60 months,18.55,E,E2,< 1 year,OWN,37000.0,Verified,debt_consolidation,NY,34.0,0.0,710.0,714.0,4.0,9.7,24.0,Individual,5,High Risk,Manual Review
55210962,10950.0, 60 months,19.19,E,E3,< 1 year,MORTGAGE,85000.0,Verified,credit_card,LA,34.89,2.0,680.0,684.0,2.0,67.6,46.0,Individual,6,High Risk,Manual Review
55159800,19900.0, 60 months,22.99,F,F2,8 years,OWN,65000.0,Verified,credit_card,AZ,30.65,0.0,675.0,679.0,0.0,69.0,35.0,Individual,5,High Risk,Manual Review
55071044,20575.0, 60 months,24.99,F,F4,9 years,MORTGAGE,57200.0,Verified,debt_consolidation,NC,30.03,3.0,660.0,664.0,1.0,49.7,31.0,Individual,6,High Risk,Manual Review
55255646,22075.0, 60 months,19.99,E,E4,,RENT,48000.0,Verified,debt_consolidation,PA,39.1,0.0,700.0,704.0,0.0,66.0,30.0,Individual,5,High Risk,Manual Review
55301255,11575.0, 60 months,19.99,E,E4,10+ years,MORTGAGE,78000.0,Verified,debt_consolidation,TX,36.18,1.0,660.0,664.0,0.0,53.9,39.0,Individual,6,High Risk,Manual Review
55272339,25000.0, 60 months,18.55,E,E2,5 years,MORTGAGE,60000.0,Not Verified,credit_card,MA,30.05,0.0,700.0,704.0,1.0,40.8,49.0,Individual,5,High Risk,Manual Review
55261193,3675.0, 36 months,26.77,G,G1,,OWN,10000.0,Source Verified,credit_card,NY,34.33,0.0,665.0,669.0,0.0,81.9,9.0,Individual,6,High Risk,Manual Review
55231627,17775.0, 60 months,23.99,F,F3,3 years,MORTGAGE,48000.0,Source Verified,debt_consolidation,LA,37.04,0.0,670.0,674.0,0.0,75.8,51.0,Individual,5,High Risk,Manual Review
53834663,11150.0, 60 months,18.55,E,E2,< 1 year,MORTGAGE,36000.0,Not Verified,debt_consolidation,TX,38.24,0.0,705.0,709.0,0.0,66.8,32.0,Individual,5,High Risk,Manual Review
55073118,17000.0, 60 months,20.99,E,E5,< 1 year,RENT,50000.0,Source Verified,debt_consolidation,CA,35.15,0.0,665.0,669.0,0.0,63.4,53.0,Individual,5,High Risk,Manual Review
55073120,25000.0, 60 months,18.25,E,E1,5 years,RENT,77100.0,Verified,debt_consolidation,NJ,37.23,0.0,705.0,709.0,0.0,79.8,39.0,Individual,5,High Risk,Manual Review
54314983,35000.0, 60 months,25.78,F,F5,10+ years,MORTGAGE,106000.0,Verified,debt_consolidation,NV,31.21,0.0,670.0,674.0,1.0,98.0,23.0,Individual,6,High Risk,Manual Review
55161615,4725.0, 36 months,18.55,E,E2,2 years,MORTGAGE,41400.0,Verified,debt_consolidation,OR,33.22,1.0,665.0,669.0,1.0,69.0,23.0,Individual,6,High Risk,Manual Review
55240705,7025.0, 36 months,18.25,E,E1,6 years,MORTGAGE,50400.0,Not Verified,debt_consolidation,IL,35.71,0.0,695.0,699.0,2.0,91.6,36.0,Individual,6,High Risk,Manual Review
55072828,22425.0, 36 months,18.25,E,E1,9 years,MORTGAGE,97000.0,Verified,debt_consolidation,MI,23.58,1.0,670.0,674.0,1.0,82.0,20.0,Individual,5,High Risk,Manual Review
55169665,17225.0, 60 months,23.99,F,F3,< 1 year,RENT,45000.0,Source Verified,debt_consolidation,NH,37.76,1.0,675.0,679.0,3.0,83.1,24.0,Individual,7,High Risk,Manual Review
55072986,24700.0, 60 months,19.19,E,E3,8 years,OWN,120000.0,Source Verified,debt_consolidation,IN,34.26,0.0,695.0,699.0,0.0,71.2,37.0,Individual,5,High Risk,Manual Review
54898683,20800.0, 60 months,20.99,E,E5,10+ years,MORTGAGE,41600.0,Source Verified,debt_consolidation,KY,37.41,0.0,685.0,689.0,0.0,61.0,28.0,Individual,5,High Risk,Manual Review
55081335,10500.0, 36 months,20.99,E,E5,2 years,RENT,42000.0,Verified,other,SC,34.0,0.0,660.0,664.0,0.0,57.1,24.0,Individual,5,High Risk,Manual Review
55121618,10800.0, 60 months,22.99,F,F2,1 year,RENT,30000.0,Verified,debt_consolidation,PA,38.16,0.0,670.0,674.0,2.0,44.6,26.0,Individual,5,High Risk,Manual Review
55311277,14400.0, 60 months,16.55,D,D2,8 years,MORTGAGE,50000.0,Not Verified,debt_consolidation,PA,31.52,1.0,680.0,684.0,0.0,83.3,24.0,Individual,5,High Risk,Manual Review
55239367,27050.0, 60 months,20.99,E,E5,6 years,MORTGAGE,58000.0,Source Verified,other,NY,33.27,1.0,685.0,689.0,0.0,53.9,24.0,Individual,6,High Risk,Manual Review
55272204,9125.0, 36 months,18.25,E,E1,4 years,OWN,38000.0,Source Verified,debt_consolidation,TN,39.36,0.0,660.0,664.0,2.0,85.7,29.0,Individual,6,High Risk,Manual Review
55202128,12225.0, 60 months,23.99,F,F3,8 years,RENT,34000.0,Verified,debt_consolidation,PA,36.23,0.0,665.0,669.0,2.0,63.0,45.0,Individual,5,High Risk,Manual Review
55071126,19350.0, 60 months,19.19,E,E3,5 years,MORTGAGE,50000.0,Not Verified,debt_consolidation,NM,39.82,0.0,665.0,669.0,0.0,56.7,25.0,Individual,5,High Risk,Manual Review
55151647,15525.0, 60 months,18.55,E,E2,7 years,RENT,45000.0,Source Verified,debt_consolidation,TN,31.31,1.0,675.0,679.0,0.0,58.7,34.0,Individual,6,High Risk,Manual Review
55211563,29025.0, 60 months,21.99,F,F1,10+ years,MORTGAGE,66000.0,Source Verified,debt_consolidation,MS,34.8,2.0,675.0,679.0,1.0,64.3,26.0,Individual,6,High Risk,Manual Review
55200150,23400.0, 60 months,18.25,E,E1,2 years,RENT,65000.0,Verified,debt_consolidation,NY,31.65,0.0,680.0,684.0,1.0,93.9,41.0,Individual,6,High Risk,Manual Review
55180301,20000.0, 60 months,18.55,E,E2,5 years,RENT,40000.0,Source Verified,debt_consolidation,LA,33.84,0.0,720.0,724.0,0.0,53.5,30.0,Individual,5,High Risk,Manual Review
55241185,30000.0, 36 months,19.19,E,E3,10+ years,MORTGAGE,150800.0,Verified,moving,CA,13.37,2.0,700.0,704.0,2.0,84.0,44.0,Individual,5,High Risk,Manual Review
53764896,24050.0, 60 months,21.99,F,F1,< 1 year,MORTGAGE,65000.0,Source Verified,small_business,FL,34.36,0.0,705.0,709.0,1.0,21.0,33.0,Individual,5,High Risk,Manual Review
55211319,11475.0, 60 months,18.25,E,E1,10+ years,OWN,70000.0,Not Verified,credit_card,CO,35.81,0.0,665.0,669.0,0.0,85.2,26.0,Individual,6,High Risk,Manual Review
55100486,5400.0, 36 months,21.99,F,F1,6 years,RENT,45000.0,Verified,debt_consolidation,MO,26.8,1.0,665.0,669.0,0.0,87.7,33.0,Individual,5,High Risk,Manual Review
54535041,32675.0, 60 months,18.55,E,E2,10+ years,MORTGAGE,72606.0,Verified,debt_consolidation,NY,33.16,0.0,700.0,704.0,0.0,74.1,33.0,Individual,5,High Risk,Manual Review
55211390,8625.0, 36 months,19.19,E,E3,7 years,RENT,27000.0,Source Verified,other,CO,39.02,0.0,665.0,669.0,0.0,8.9,10.0,Individual,5,High Risk,Manual Review
55071776,12000.0, 60 months,18.25,E,E1,1 year,RENT,36200.0,Verified,debt_consolidation,LA,33.52,0.0,690.0,694.0,3.0,35.9,22.0,Individual,5,High Risk,Manual Review
55300912,12300.0, 60 months,18.55,E,E2,2 years,MORTGAGE,60000.0,Source Verified,debt_consolidation,NC,35.07,0.0,660.0,664.0,0.0,90.6,20.0,Individual,6,High Risk,Manual Review
55241115,17000.0, 60 months,18.25,E,E1,9 years,RENT,49920.0,Source Verified,debt_consolidation,CA,38.81,1.0,690.0,694.0,0.0,48.6,20.0,Individual,6,High Risk,Manual Review
55311989,20900.0, 60 months,22.99,F,F2,7 years,MORTGAGE,65000.0,Source Verified,debt_consolidation,OR,34.79,0.0,675.0,679.0,0.0,83.0,18.0,Individual,6,High Risk,Manual Review
55072842,30350.0, 60 months,19.19,E,E3,3 years,MORTGAGE,75000.0,Verified,debt_consolidation,AZ,36.72,1.0,730.0,734.0,0.0,36.8,30.0,Individual,6,High Risk,Manual Review
55281301,18000.0, 60 months,16.55,D,D2,8 years,RENT,50000.0,Source Verified,debt_consolidation,TX,31.57,1.0,660.0,664.0,1.0,81.7,14.0,Individual,5,High Risk,Manual Review
54544600,35000.0, 60 months,18.55,E,E2,8 years,RENT,90000.0,Verified,debt_consolidation,PA,28.17,1.0,665.0,669.0,0.0,89.2,35.0,Individual,5,High Risk,Manual Review
55290826,8225.0, 36 months,18.55,E,E2,< 1 year,MORTGAGE,29120.0,Not Verified,other,MI,37.3,1.0,680.0,684.0,2.0,32.5,17.0,Individual,6,High Risk,Manual Review
55121202,5000.0, 36 months,18.25,E,E1,10+ years,MORTGAGE,32000.0,Source Verified,debt_consolidation,IL,38.07,0.0,675.0,679.0,2.0,59.3,19.0,Individual,5,High Risk,Manual Review
55091269,24625.0, 60 months,19.19,E,E3,6 years,MORTGAGE,56000.0,Source Verified,debt_consolidation,NY,35.66,0.0,700.0,704.0,0.0,57.6,24.0,Individual,5,High Risk,Manual Review
55080285,8600.0, 36 months,18.25,E,E1,2 years,RENT,23920.0,Source Verified,credit_card,MI,34.12,0.0,660.0,664.0,1.0,81.8,12.0,Individual,6,High Risk,Manual Review
55202283,22750.0, 60 months,21.99,F,F1,10+ years,MORTGAGE,198000.0,Verified,other,IN,13.44,1.0,680.0,684.0,1.0,89.6,30.0,Individual,5,High Risk,Manual Review
55211270,10500.0, 60 months,28.49,G,G4,10+ years,RENT,35000.0,Verified,debt_consolidation,CA,38.07,0.0,675.0,679.0,1.0,91.9,11.0,Individual,6,High Risk,Manual Review
55230912,19750.0, 60 months,19.99,E,E4,,MORTGAGE,50000.0,Verified,debt_consolidation,FL,34.18,0.0,665.0,669.0,0.0,89.6,13.0,Individual,6,High Risk,Manual Review
55151732,2200.0, 36 months,18.25,E,E1,10+ years,RENT,60000.0,Verified,other,CA,34.96,0.0,665.0,669.0,0.0,62.4,35.0,Individual,5,High Risk,Manual Review
55202507,6500.0, 36 months,21.99,F,F1,10+ years,RENT,51000.0,Verified,other,NV,31.08,0.0,660.0,664.0,2.0,47.1,24.0,Individual,5,High Risk,Manual Review
55151642,14150.0, 36 months,21.99,F,F1,,MORTGAGE,45000.0,Verified,other,WA,34.67,0.0,690.0,694.0,1.0,43.8,23.0,Individual,5,High Risk,Manual Review
55191634,12000.0, 36 months,19.99,E,E4,4 years,RENT,40000.0,Source Verified,debt_consolidation,IN,30.63,0.0,660.0,664.0,1.0,99.3,8.0,Individual,6,High Risk,Manual Review
54788376,19800.0, 60 months,18.55,E,E2,< 1 year,MORTGAGE,43000.0,Verified,other,LA,31.96,0.0,755.0,759.0,1.0,20.2,44.0,Individual,5,High Risk,Manual Review
55170887,6200.0, 36 months,17.86,D,D5,< 1 year,RENT,33000.0,Verified,debt_consolidation,KS,32.69,1.0,660.0,664.0,0.0,92.0,17.0,Individual,5,High Risk,Manual Review
55130329,3150.0, 36 months,18.25,E,E1,10+ years,MORTGAGE,47000.0,Source Verified,debt_consolidation,GA,33.25,0.0,710.0,714.0,0.0,80.8,18.0,Individual,6,High Risk,Manual Review
55110824,35000.0, 60 months,24.99,F,F4,10+ years,RENT,300000.0,Verified,medical,NY,13.82,1.0,695.0,699.0,0.0,93.8,33.0,Individual,5,High Risk,Manual Review
55260394,12625.0, 60 months,25.78,F,F5,7 years,MORTGAGE,43000.0,Verified,credit_card,MN,33.88,0.0,665.0,669.0,3.0,55.7,31.0,Individual,5,High Risk,Manual Review
55300725,6825.0, 36 months,21.99,F,F1,8 years,RENT,19000.0,Source Verified,other,CA,39.61,0.0,775.0,779.0,0.0,19.0,20.0,Individual,5,High Risk,Manual Review
55110913,18050.0, 36 months,18.25,E,E1,3 years,RENT,43000.0,Verified,debt_consolidation,CT,34.86,0.0,660.0,664.0,1.0,58.2,61.0,Individual,5,High Risk,Manual Review
55253885,9525.0, 36 months,23.99,F,F3,< 1 year,RENT,21200.0,Source Verified,debt_consolidation,OH,37.6,0.0,665.0,669.0,1.0,64.1,11.0,Individual,5,High Risk,Manual Review
55281141,12000.0, 60 months,19.99,E,E4,,OWN,30000.0,Verified,debt_consolidation,NC,39.0,0.0,685.0,689.0,0.0,99.7,8.0,Individual,6,High Risk,Manual Review
55151375,18000.0, 60 months,18.55,E,E2,10+ years,MORTGAGE,84000.0,Verified,debt_consolidation,FL,31.67,0.0,695.0,699.0,1.0,53.0,38.0,Individual,5,High Risk,Manual Review
55253806,14000.0, 60 months,20.99,E,E5,< 1 year,OWN,28000.0,Source Verified,debt_consolidation,NJ,31.2,0.0,685.0,689.0,1.0,72.7,15.0,Individual,5,High Risk,Manual Review
54443961,15425.0, 60 months,19.99,E,E4,10+ years,MORTGAGE,61000.0,Not Verified,debt_consolidation,NV,33.62,3.0,670.0,674.0,0.0,83.9,30.0,Individual,7,High Risk,Manual Review
55228698,25000.0, 60 months,20.99,E,E5,10+ years,MORTGAGE,90000.0,Source Verified,debt_consolidation,CA,28.92,1.0,670.0,674.0,0.0,97.3,28.0,Individual,5,High Risk,Manual Review
55109778,20325.0, 60 months,18.25,E,E1,1 year,RENT,48450.0,Source Verified,credit_card,PA,30.11,0.0,665.0,669.0,0.0,71.9,43.0,Individual,5,High Risk,Manual Review
55120762,11000.0, 60 months,19.19,E,E3,6 years,RENT,34800.0,Verified,debt_consolidation,WI,32.03,0.0,665.0,669.0,2.0,32.7,35.0,Individual,5,High Risk,Manual Review
55161024,2850.0, 36 months,17.86,D,D5,10+ years,MORTGAGE,62000.0,Not Verified,debt_consolidation,TN,36.0,8.0,675.0,679.0,2.0,81.8,24.0,Individual,5,High Risk,Manual Review
55300655,25000.0, 60 months,20.99,E,E5,10+ years,MORTGAGE,80000.0,Source Verified,debt_consolidation,OH,37.68,5.0,680.0,684.0,1.0,63.6,40.0,Individual,6,High Risk,Manual Review
55311511,21200.0, 60 months,18.25,E,E1,10+ years,MORTGAGE,57000.0,Source Verified,debt_consolidation,MO,38.76,0.0,720.0,724.0,1.0,72.9,28.0,Individual,5,High Risk,Manual Review
55191339,3025.0, 36 months,19.99,E,E4,2 years,OWN,45000.0,Verified,home_improvement,IN,31.84,0.0,670.0,674.0,2.0,51.7,40.0,Individual,5,High Risk,Manual Review
55159812,17200.0, 36 months,21.99,F,F1,10+ years,OWN,47840.0,Verified,debt_consolidation,KS,35.37,0.0,665.0,669.0,2.0,51.6,58.0,Individual,5,High Risk,Manual Review
55210171,17975.0, 60 months,18.55,E,E2,,RENT,39100.0,Not Verified,debt_consolidation,CA,30.26,0.0,740.0,744.0,0.0,54.8,21.0,Individual,5,High Risk,Manual Review
55311261,22375.0, 60 months,18.25,E,E1,2 years,OWN,53323.0,Source Verified,debt_consolidation,MD,36.75,0.0,700.0,704.0,1.0,55.2,42.0,Individual,5,High Risk,Manual Review
55180091,4925.0, 36 months,18.25,E,E1,,OWN,26000.0,Verified,other,NC,39.2,0.0,665.0,669.0,3.0,57.0,33.0,Individual,5,High Risk,Manual Review
55151512,9000.0, 36 months,18.25,E,E1,10+ years,MORTGAGE,50000.0,Source Verified,home_improvement,MD,33.68,0.0,715.0,719.0,2.0,47.7,30.0,Individual,5,High Risk,Manual Review
55151266,33050.0, 60 months,19.99,E,E4,10+ years,MORTGAGE,160000.0,Verified,debt_consolidation,IL,35.85,1.0,690.0,694.0,0.0,63.2,50.0,Individual,6,High Risk,Manual Review
55300562,35000.0, 36 months,18.25,E,E1,9 years,OWN,85000.0,Verified,debt_consolidation,PA,34.42,0.0,685.0,689.0,1.0,47.0,33.0,Individual,5,High Risk,Manual Review
54868597,25000.0, 60 months,22.99,F,F2,10+ years,MORTGAGE,50000.0,Source Verified,debt_consolidation,MA,32.65,0.0,675.0,679.0,2.0,65.6,29.0,Individual,5,High Risk,Manual Review
55290758,23175.0, 60 months,19.19,E,E3,10+ years,MORTGAGE,61000.0,Verified,debt_consolidation,OH,23.73,3.0,670.0,674.0,2.0,98.9,25.0,Individual,5,High Risk,Manual Review
55130590,35000.0, 60 months,18.25,E,E1,2 years,RENT,110000.0,Verified,debt_consolidation,FL,31.63,0.0,715.0,719.0,0.0,36.7,41.0,Individual,5,High Risk,Manual Review
55080661,28800.0, 60 months,22.99,F,F2,3 years,RENT,72000.0,Source Verified,other,MA,32.82,1.0,685.0,689.0,2.0,48.0,29.0,Individual,6,High Risk,Manual Review
55109980,13250.0, 60 months,18.55,E,E2,9 years,MORTGAGE,47000.0,Not Verified,debt_consolidation,NC,33.6,0.0,690.0,694.0,2.0,70.9,37.0,Individual,5,High Risk,Manual Review
55200376,28000.0, 60 months,24.99,F,F4,7 years,MORTGAGE,100000.0,Source Verified,debt_consolidation,NH,13.62,1.0,660.0,664.0,1.0,86.2,20.0,Individual,5,High Risk,Manual Review
55120905,30800.0, 60 months,18.25,E,E1,10+ years,MORTGAGE,67000.0,Verified,home_improvement,FL,31.27,0.0,740.0,744.0,0.0,61.8,31.0,Individual,5,High Risk,Manual Review
55202137,18175.0, 60 months,21.99,F,F1,3 years,MORTGAGE,50500.0,Not Verified,debt_consolidation,PA,34.38,1.0,675.0,679.0,2.0,42.7,22.0,Individual,6,High Risk,Manual Review
55210736,27200.0, 60 months,19.99,E,E4,2 years,RENT,68000.0,Verified,small_business,DE,39.42,0.0,690.0,694.0,1.0,2.7,44.0,Individual,5,High Risk,Manual Review
55300561,7300.0, 36 months,18.25,E,E1,10+ years,RENT,56000.0,Verified,debt_consolidation,CA,37.99,0.0,675.0,679.0,0.0,51.6,29.0,Individual,5,High Risk,Manual Review
55279954,28000.0, 60 months,18.25,E,E1,7 years,MORTGAGE,110000.0,Source Verified,debt_consolidation,LA,35.63,2.0,665.0,669.0,1.0,79.5,22.0,Individual,6,High Risk,Manual Review
55209926,12000.0, 36 months,19.99,E,E4,< 1 year,RENT,24000.0,Verified,debt_consolidation,MT,30.55,0.0,740.0,744.0,1.0,13.1,20.0,Individual,5,High Risk,Manual Review
54219207,26750.0, 36 months,18.55,E,E2,10+ years,MORTGAGE,60000.0,Source Verified,credit_card,TX,36.42,0.0,710.0,714.0,1.0,99.9,18.0,Individual,6,High Risk,Manual Review
55110597,16800.0, 60 months,21.99,F,F1,,RENT,40000.0,Verified,debt_consolidation,TN,37.47,0.0,690.0,694.0,0.0,93.5,16.0,Individual,6,High Risk,Manual Review
55190975,3550.0, 36 months,25.78,F,F5,2 years,RENT,30000.0,Not Verified,other,TN,33.76,0.0,665.0,669.0,1.0,7.2,28.0,Individual,5,High Risk,Manual Review
55130390,22225.0, 60 months,18.25,E,E1,10+ years,MORTGAGE,85000.0,Verified,debt_consolidation,NC,34.06,0.0,695.0,699.0,0.0,91.3,24.0,Individual,6,High Risk,Manual Review
55279805,25450.0, 60 months,17.86,D,D5,10+ years,MORTGAGE,70000.0,Source Verified,debt_consolidation,WI,36.53,1.0,675.0,679.0,0.0,87.9,25.0,Individual,5,High Risk,Manual Review
55190951,17075.0, 60 months,20.99,E,E5,10+ years,MORTGAGE,50939.0,Source Verified,debt_consolidation,OR,30.36,1.0,680.0,684.0,0.0,65.0,27.0,Individual,6,High Risk,Manual Review
55089244,27225.0, 60 months,20.99,E,E5,10+ years,MORTGAGE,54496.0,Source Verified,debt_consolidation,TN,31.23,0.0,710.0,714.0,0.0,55.0,26.0,Individual,5,High Risk,Manual Review
55230365,5525.0, 36 months,18.25,E,E1,5 years,RENT,22000.0,Source Verified,debt_consolidation,CA,37.15,0.0,725.0,729.0,1.0,28.7,29.0,Individual,5,High Risk,Manual Review
55099653,29725.0, 60 months,21.99,F,F1,1 year,RENT,86000.0,Source Verified,debt_consolidation,MD,33.13,2.0,685.0,689.0,1.0,34.1,32.0,Individual,6,High Risk,Manual Review
55151115,12000.0, 60 months,19.19,E,E3,10+ years,RENT,52000.0,Source Verified,medical,CA,17.54,1.0,660.0,664.0,0.0,89.5,20.0,Individual,5,High Risk,Manual Review
55201675,3000.0, 36 months,18.55,E,E2,7 years,MORTGAGE,50000.0,Verified,credit_card,FL,3.31,1.0,670.0,674.0,1.0,81.6,32.0,Individual,5,High Risk,Manual Review
55170366,12000.0, 60 months,18.25,E,E1,7 years,MORTGAGE,35000.0,Not Verified,debt_consolidation,KS,33.37,0.0,675.0,679.0,1.0,96.6,34.0,Individual,6,High Risk,Manual Review
55279341,17800.0, 60 months,25.78,F,F5,3 years,MORTGAGE,49500.0,Source Verified,debt_consolidation,WA,38.12,0.0,690.0,694.0,1.0,72.0,26.0,Individual,5,High Risk,Manual Review
55252681,31475.0, 60 months,24.99,F,F4,3 years,OWN,90000.0,Verified,debt_consolidation,TX,36.12,0.0,730.0,734.0,2.0,5.0,19.0,Individual,5,High Risk,Manual Review
55140369,6150.0, 36 months,18.25,E,E1,3 years,RENT,27000.0,Source Verified,credit_card,OH,32.44,0.0,690.0,694.0,0.0,65.9,19.0,Individual,5,High Risk,Manual Review
55140291,22000.0, 60 months,22.99,F,F2,8 years,RENT,50000.0,Verified,debt_consolidation,NY,31.88,1.0,690.0,694.0,0.0,53.6,21.0,Individual,6,High Risk,Manual Review
55201564,17600.0, 60 months,19.99,E,E4,< 1 year,RENT,40000.0,Verified,debt_consolidation,TN,35.94,0.0,695.0,699.0,0.0,1.8,15.0,Individual,5,High Risk,Manual Review
55129947,10750.0, 60 months,24.99,F,F4,8 years,OWN,48000.0,Verified,major_purchase,AR,38.78,0.0,675.0,679.0,2.0,24.3,17.0,Individual,5,High Risk,Manual Review
55200145,18350.0, 60 months,22.99,F,F2,10+ years,MORTGAGE,85000.0,Source Verified,debt_consolidation,AR,30.07,0.0,660.0,664.0,0.0,72.3,36.0,Individual,5,High Risk,Manual Review
55300064,31250.0, 60 months,24.99,F,F4,6 years,OWN,62500.0,Verified,debt_consolidation,TX,33.22,0.0,675.0,679.0,0.0,31.8,23.0,Individual,5,High Risk,Manual Review
55150936,19650.0, 60 months,23.99,F,F3,10+ years,MORTGAGE,54000.0,Not Verified,debt_consolidation,KY,30.47,3.0,660.0,664.0,1.0,53.6,44.0,Individual,6,High Risk,Manual Review
55120435,31000.0, 60 months,19.19,E,E3,3 years,RENT,73000.0,Source Verified,debt_consolidation,OR,35.0,0.0,675.0,679.0,0.0,88.4,31.0,Individual,6,High Risk,Manual Review
55190769,20000.0, 60 months,18.55,E,E2,10+ years,RENT,70000.0,Source Verified,debt_consolidation,CA,38.33,0.0,680.0,684.0,0.0,42.4,30.0,Individual,5,High Risk,Manual Review
55258121,21800.0, 60 months,25.78,F,F5,3 years,MORTGAGE,60000.0,Verified,debt_consolidation,SD,33.98,0.0,670.0,674.0,1.0,70.2,43.0,Individual,5,High Risk,Manual Review
55270698,16000.0, 60 months,19.99,E,E4,2 years,RENT,40000.0,Source Verified,credit_card,FL,33.09,6.0,665.0,669.0,2.0,32.7,17.0,Individual,6,High Risk,Manual Review
55099697,12500.0, 60 months,18.25,E,E1,2 years,MORTGAGE,65000.0,Not Verified,car,MN,22.41,1.0,675.0,679.0,1.0,93.5,32.0,Individual,5,High Risk,Manual Review
54088045,4375.0, 36 months,19.99,E,E4,3 years,RENT,52000.0,Verified,debt_consolidation,MD,34.5,0.0,670.0,674.0,0.0,38.9,21.0,Individual,5,High Risk,Manual Review
55080003,28650.0, 60 months,18.25,E,E1,5 years,RENT,120623.0,Verified,debt_consolidation,PA,33.67,0.0,680.0,684.0,0.0,74.0,27.0,Individual,5,High Risk,Manual Review
55170343,35000.0, 60 months,19.99,E,E4,10+ years,MORTGAGE,140000.0,Verified,debt_consolidation,LA,32.8,0.0,700.0,704.0,1.0,89.0,29.0,Individual,6,High Risk,Manual Review
55270476,11000.0, 60 months,20.99,E,E5,6 years,RENT,25000.0,Source Verified,debt_consolidation,TN,34.9,0.0,690.0,694.0,0.0,41.3,20.0,Individual,5,High Risk,Manual Review
55080114,14000.0, 60 months,18.25,E,E1,10+ years,RENT,35000.0,Verified,credit_card,AL,30.49,0.0,700.0,704.0,1.0,32.3,38.0,Individual,5,High Risk,Manual Review
55310851,30000.0, 60 months,19.19,E,E3,< 1 year,OWN,88424.0,Verified,debt_consolidation,MD,36.17,0.0,735.0,739.0,0.0,61.7,56.0,Individual,5,High Risk,Manual Review
55270879,19725.0, 60 months,22.99,F,F2,3 years,RENT,47000.0,Source Verified,debt_consolidation,MO,34.12,0.0,715.0,719.0,3.0,36.0,27.0,Individual,5,High Risk,Manual Review
55209878,14800.0, 60 months,18.25,E,E1,4 years,RENT,37000.0,Source Verified,debt_consolidation,FL,38.12,0.0,675.0,679.0,0.0,96.4,7.0,Individual,6,High Risk,Manual Review
55120563,14400.0, 60 months,23.99,F,F3,8 years,MORTGAGE,39000.0,Source Verified,car,MO,30.09,0.0,675.0,679.0,0.0,63.9,21.0,Individual,5,High Risk,Manual Review
55170056,12275.0, 60 months,19.19,E,E3,10+ years,MORTGAGE,43000.0,Source Verified,debt_consolidation,GA,36.59,1.0,665.0,669.0,0.0,23.2,27.0,Individual,6,High Risk,Manual Review
55210320,11875.0, 60 months,24.99,F,F4,1 year,MORTGAGE,33000.0,Not Verified,debt_consolidation,OR,33.38,0.0,685.0,689.0,0.0,61.2,26.0,Individual,5,High Risk,Manual Review
54117674,32450.0, 60 months,18.25,E,E1,5 years,MORTGAGE,89000.0,Verified,other,UT,33.74,0.0,700.0,704.0,0.0,39.9,39.0,Individual,5,High Risk,Manual Review
54998442,10750.0, 60 months,19.99,E,E4,1 year,MORTGAGE,35600.0,Source Verified,debt_consolidation,OK,35.1,3.0,660.0,664.0,1.0,70.5,22.0,Individual,6,High Risk,Manual Review
55130115,8350.0, 36 months,18.55,E,E2,8 years,MORTGAGE,22000.0,Source Verified,credit_card,FL,39.34,0.0,675.0,679.0,0.0,60.4,15.0,Individual,5,High Risk,Manual Review
55071311,8100.0, 36 months,18.55,E,E2,5 years,MORTGAGE,30000.0,Verified,debt_consolidation,MI,33.52,0.0,735.0,739.0,1.0,31.8,26.0,Individual,5,High Risk,Manual Review
55210350,35000.0, 60 months,17.57,D,D4,10+ years,MORTGAGE,145000.0,Verified,debt_consolidation,CO,39.18,2.0,695.0,699.0,0.0,82.8,28.0,Individual,5,High Risk,Manual Review
55071358,25825.0, 60 months,20.99,E,E5,2 years,RENT,74300.0,Source Verified,debt_consolidation,CA,35.58,0.0,705.0,709.0,0.0,52.9,20.0,Individual,5,High Risk,Manual Review
55109972,10200.0, 36 months,18.25,E,E1,8 years,RENT,30000.0,Source Verified,debt_consolidation,CA,33.84,0.0,660.0,664.0,2.0,52.2,24.0,Individual,5,High Risk,Manual Review
55201177,24125.0, 60 months,19.19,E,E3,10+ years,MORTGAGE,100000.0,Source Verified,debt_consolidation,MD,30.62,0.0,670.0,674.0,0.0,46.6,36.0,Individual,5,High Risk,Manual Review
55129984,35000.0, 60 months,19.99,E,E4,9 years,RENT,102000.0,Verified,debt_consolidation,MD,37.42,0.0,680.0,684.0,2.0,99.1,39.0,Individual,6,High Risk,Manual Review
55210133,18075.0, 60 months,19.19,E,E3,10+ years,MORTGAGE,75000.0,Verified,small_business,AL,12.48,1.0,675.0,679.0,2.0,88.5,20.0,Individual,5,High Risk,Manual Review
55252207,12800.0, 60 months,19.99,E,E4,8 years,MORTGAGE,61100.0,Verified,debt_consolidation,LA,35.95,0.0,680.0,684.0,1.0,82.3,38.0,Individual,6,High Risk,Manual Review
55309968,35000.0, 60 months,18.25,E,E1,10+ years,MORTGAGE,100000.0,Verified,debt_consolidation,IL,37.65,0.0,710.0,714.0,2.0,86.2,37.0,Individual,6,High Risk,Manual Review
55080053,21750.0, 60 months,24.99,F,F4,< 1 year,MORTGAGE,68000.0,Source Verified,debt_consolidation,TX,30.42,0.0,675.0,679.0,0.0,78.1,12.0,Individual,5,High Risk,Manual Review
55190420,14400.0, 60 months,26.77,G,G1,8 years,OWN,40000.0,Verified,credit_card,IL,33.6,0.0,665.0,669.0,1.0,90.7,27.0,Individual,6,High Risk,Manual Review
55129891,35000.0, 60 months,17.86,D,D5,10+ years,OWN,110000.0,Verified,credit_card,TX,34.04,1.0,690.0,694.0,0.0,85.1,21.0,Individual,5,High Risk,Manual Review
55239979,17625.0, 60 months,20.99,E,E5,1 year,MORTGAGE,85000.0,Verified,debt_consolidation,CA,28.7,2.0,680.0,684.0,0.0,93.4,21.0,Individual,5,High Risk,Manual Review
55150507,8825.0, 36 months,19.19,E,E3,5 years,RENT,26000.0,Source Verified,vacation,MA,30.84,0.0,725.0,729.0,0.0,49.6,13.0,Individual,5,High Risk,Manual Review
55239977,12825.0, 60 months,18.55,E,E2,3 years,RENT,120000.0,Source Verified,credit_card,NY,14.85,1.0,660.0,664.0,0.0,99.0,24.0,Individual,5,High Risk,Manual Review
55290059,20525.0, 60 months,19.19,E,E3,10+ years,MORTGAGE,67293.0,Verified,debt_consolidation,OH,34.66,0.0,660.0,664.0,1.0,51.5,47.0,Individual,5,High Risk,Manual Review
53484686,17750.0, 60 months,19.19,E,E3,10+ years,OWN,38620.0,Source Verified,credit_card,UT,30.83,0.0,720.0,724.0,0.0,96.9,8.0,Individual,6,High Risk,Manual Review
55270435,24025.0, 60 months,18.55,E,E2,4 years,MORTGAGE,105000.0,Source Verified,moving,NY,32.24,0.0,725.0,729.0,1.0,81.2,42.0,Individual,6,High Risk,Manual Review
55279918,16000.0, 60 months,18.25,E,E1,< 1 year,MORTGAGE,60000.0,Verified,debt_consolidation,TX,34.42,0.0,670.0,674.0,1.0,36.4,20.0,Individual,5,High Risk,Manual Review
55269938,35000.0, 60 months,18.25,E,E1,10+ years,RENT,102000.0,Verified,debt_consolidation,HI,34.46,0.0,690.0,694.0,2.0,71.8,28.0,Individual,5,High Risk,Manual Review
55250380,14525.0, 60 months,18.55,E,E2,10+ years,RENT,55000.0,Source Verified,debt_consolidation,WA,37.16,1.0,670.0,674.0,0.0,78.2,30.0,Individual,6,High Risk,Manual Review
55310250,35000.0, 60 months,18.25,E,E1,7 years,MORTGAGE,95000.0,Verified,debt_consolidation,MD,11.32,5.0,680.0,684.0,0.0,83.1,62.0,Individual,5,High Risk,Manual Review
55129814,25000.0, 60 months,19.99,E,E4,3 years,RENT,94000.0,Source Verified,debt_consolidation,TX,33.75,4.0,660.0,664.0,1.0,38.2,43.0,Individual,6,High Risk,Manual Review
55179444,20000.0, 36 months,17.57,D,D4,2 years,MORTGAGE,62500.0,Source Verified,debt_consolidation,MO,30.95,4.0,665.0,669.0,3.0,93.5,41.0,Individual,5,High Risk,Manual Review
55200306,4625.0, 36 months,19.19,E,E3,10+ years,MORTGAGE,30000.0,Not Verified,medical,AR,32.08,0.0,685.0,689.0,0.0,63.1,12.0,Individual,5,High Risk,Manual Review
55251657,12000.0, 60 months,20.99,E,E5,10+ years,RENT,44000.0,Verified,debt_consolidation,MI,31.31,0.0,665.0,669.0,3.0,52.0,14.0,Individual,5,High Risk,Manual Review
54007193,14025.0, 60 months,23.99,F,F3,2 years,MORTGAGE,39000.0,Source Verified,debt_consolidation,TX,38.0,0.0,685.0,689.0,0.0,89.3,31.0,Individual,6,High Risk,Manual Review
55119969,19375.0, 60 months,18.55,E,E2,8 years,MORTGAGE,72000.0,Not Verified,debt_consolidation,IL,37.22,0.0,705.0,709.0,0.0,92.0,28.0,Individual,6,High Risk,Manual Review
55169618,12950.0, 60 months,22.99,F,F2,2 years,RENT,36000.0,Source Verified,debt_consolidation,VA,38.8,0.0,685.0,689.0,3.0,55.8,32.0,Individual,5,High Risk,Manual Review
55019066,12000.0, 60 months,18.55,E,E2,< 1 year,RENT,40000.0,Verified,debt_consolidation,CA,31.74,0.0,675.0,679.0,0.0,40.4,20.0,Individual,5,High Risk,Manual Review
55099068,13925.0, 60 months,19.19,E,E3,6 years,MORTGAGE,55000.0,Source Verified,debt_consolidation,FL,31.84,0.0,665.0,669.0,1.0,76.7,25.0,Individual,5,High Risk,Manual Review
55090037,10000.0, 60 months,21.99,F,F1,7 years,RENT,45000.0,Verified,other,TX,31.67,1.0,660.0,664.0,4.0,55.0,29.0,Individual,6,High Risk,Manual Review
55089647,12250.0, 60 months,19.99,E,E4,2 years,RENT,45000.0,Not Verified,other,NJ,37.92,0.0,700.0,704.0,1.0,30.6,24.0,Individual,5,High Risk,Manual Review
55200783,19150.0, 60 months,18.25,E,E1,10+ years,OWN,63000.0,Verified,debt_consolidation,OH,33.58,0.0,675.0,679.0,0.0,96.6,13.0,Individual,6,High Risk,Manual Review
55200338,35000.0, 36 months,19.19,E,E3,10+ years,MORTGAGE,89000.0,Verified,debt_consolidation,VA,29.85,1.0,670.0,674.0,1.0,80.2,38.0,Individual,5,High Risk,Manual Review
55238260,35000.0, 60 months,18.25,E,E1,7 years,MORTGAGE,93000.0,Verified,debt_consolidation,LA,32.35,1.0,685.0,689.0,0.0,68.4,20.0,Individual,6,High Risk,Manual Review
55079717,35000.0, 60 months,19.19,E,E3,4 years,MORTGAGE,95000.0,Verified,debt_consolidation,IL,30.5,0.0,670.0,674.0,0.0,39.9,24.0,Individual,5,High Risk,Manual Review
55239810,21000.0, 60 months,20.99,E,E5,10+ years,MORTGAGE,50000.0,Source Verified,debt_consolidation,OH,30.17,0.0,675.0,679.0,0.0,44.5,27.0,Individual,5,High Risk,Manual Review
55070799,29500.0, 60 months,18.55,E,E2,10+ years,RENT,80000.0,Verified,debt_consolidation,HI,32.72,1.0,680.0,684.0,0.0,97.1,18.0,Individual,7,High Risk,Manual Review
55279693,9175.0, 36 months,19.19,E,E3,4 years,RENT,35000.0,Verified,debt_consolidation,CA,34.33,0.0,670.0,674.0,1.0,42.1,20.0,Individual,5,High Risk,Manual Review
55200113,11500.0, 60 months,18.55,E,E2,4 years,RENT,45000.0,Source Verified,credit_card,AL,35.81,0.0,675.0,679.0,2.0,59.7,12.0,Individual,5,High Risk,Manual Review
54067316,14500.0, 60 months,18.25,E,E1,8 years,RENT,29000.0,Source Verified,credit_card,TX,30.69,0.0,720.0,724.0,0.0,80.7,19.0,Individual,6,High Risk,Manual Review
55200085,8825.0, 36 months,19.19,E,E3,4 years,RENT,26000.0,Verified,debt_consolidation,CO,32.41,0.0,665.0,669.0,2.0,53.6,28.0,Individual,5,High Risk,Manual Review
55200148,15700.0, 60 months,23.99,F,F3,10+ years,MORTGAGE,56000.0,Verified,debt_consolidation,OH,31.7,0.0,670.0,674.0,1.0,33.4,30.0,Individual,5,High Risk,Manual Review
55079741,10000.0, 36 months,19.99,E,E4,2 years,RENT,25000.0,Source Verified,debt_consolidation,CA,35.53,0.0,670.0,674.0,0.0,54.1,17.0,Individual,5,High Risk,Manual Review
55200046,23975.0, 60 months,18.25,E,E1,< 1 year,MORTGAGE,92000.0,Verified,debt_consolidation,AL,31.97,0.0,695.0,699.0,1.0,50.2,34.0,Individual,5,High Risk,Manual Review
55229465,10250.0, 60 months,18.25,E,E1,5 years,OWN,28500.0,Source Verified,credit_card,MN,39.92,0.0,710.0,714.0,1.0,45.1,27.0,Individual,5,High Risk,Manual Review
55219267,7350.0, 36 months,18.55,E,E2,1 year,RENT,34000.0,Source Verified,debt_consolidation,MO,36.67,0.0,675.0,679.0,0.0,80.3,16.0,Individual,6,High Risk,Manual Review
55099331,14475.0, 60 months,18.25,E,E1,2 years,RENT,42600.0,Source Verified,debt_consolidation,FL,30.28,0.0,680.0,684.0,0.0,99.9,14.0,Individual,6,High Risk,Manual Review
54453478,16700.0, 60 months,18.55,E,E2,10+ years,RENT,38000.0,Source Verified,debt_consolidation,VA,37.19,2.0,710.0,714.0,0.0,25.4,26.0,Individual,6,High Risk,Manual Review
55269456,25000.0, 60 months,21.99,F,F1,< 1 year,MORTGAGE,89000.0,Source Verified,debt_consolidation,VA,26.59,2.0,680.0,684.0,0.0,91.3,19.0,Individual,5,High Risk,Manual Review
55119441,24000.0, 60 months,17.86,D,D5,7 years,RENT,50000.0,Source Verified,debt_consolidation,AZ,36.73,2.0,660.0,664.0,0.0,88.0,32.0,Individual,5,High Risk,Manual Review
55149661,11075.0, 60 months,19.99,E,E4,10+ years,OWN,44000.0,Source Verified,debt_consolidation,LA,34.52,0.0,680.0,684.0,0.0,75.0,21.0,Individual,5,High Risk,Manual Review
55199818,15000.0, 60 months,17.57,D,D4,10+ years,MORTGAGE,42000.0,Not Verified,credit_card,OH,35.76,1.0,670.0,674.0,2.0,85.6,57.0,Individual,5,High Risk,Manual Review
55159672,21600.0, 60 months,18.25,E,E1,7 years,RENT,45000.0,Source Verified,credit_card,GA,36.32,0.0,680.0,684.0,0.0,63.6,24.0,Individual,5,High Risk,Manual Review
55178884,12175.0, 60 months,19.19,E,E3,1 year,MORTGAGE,45500.0,Not Verified,credit_card,PA,39.07,0.0,685.0,689.0,0.0,35.7,38.0,Individual,5,High Risk,Manual Review
55079519,10425.0, 60 months,22.99,F,F2,4 years,MORTGAGE,29000.0,Source Verified,home_improvement,CA,36.83,0.0,725.0,729.0,0.0,34.6,15.0,Individual,5,High Risk,Manual Review
55129055,3475.0, 36 months,18.25,E,E1,8 years,MORTGAGE,50000.0,Not Verified,debt_consolidation,OH,30.48,0.0,660.0,664.0,0.0,15.3,18.0,Individual,5,High Risk,Manual Review
55269103,4400.0, 36 months,18.55,E,E2,10+ years,MORTGAGE,40000.0,Not Verified,debt_consolidation,AZ,36.72,0.0,705.0,709.0,1.0,79.4,30.0,Individual,5,High Risk,Manual Review
54999003,14075.0, 60 months,18.55,E,E2,< 1 year,RENT,32000.0,Source Verified,credit_card,AZ,35.18,0.0,710.0,714.0,0.0,91.4,10.0,Individual,6,High Risk,Manual Review
55279284,8000.0, 36 months,18.55,E,E2,2 years,RENT,29000.0,Verified,medical,OR,32.08,0.0,665.0,669.0,4.0,40.2,46.0,Individual,5,High Risk,Manual Review
55169002,5450.0, 36 months,19.99,E,E4,< 1 year,MORTGAGE,13000.0,Source Verified,credit_card,FL,33.89,0.0,685.0,689.0,0.0,59.4,11.0,Individual,5,High Risk,Manual Review
54077193,35000.0, 60 months,18.25,E,E1,1 year,MORTGAGE,78000.0,Verified,debt_consolidation,AZ,33.1,1.0,685.0,689.0,1.0,44.6,32.0,Individual,6,High Risk,Manual Review
55229153,15000.0, 60 months,23.99,F,F3,10+ years,RENT,30000.0,Source Verified,debt_consolidation,AZ,34.12,0.0,715.0,719.0,0.0,76.9,10.0,Individual,5,High Risk,Manual Review
55178902,35000.0, 60 months,21.99,F,F1,2 years,MORTGAGE,140000.0,Verified,debt_consolidation,IL,27.9,1.0,670.0,674.0,0.0,86.9,22.0,Individual,5,High Risk,Manual Review
55168402,11400.0, 60 months,27.31,G,G2,2 years,RENT,38000.0,Source Verified,debt_consolidation,MD,37.37,0.0,675.0,679.0,0.0,72.1,19.0,Individual,5,High Risk,Manual Review
52688784,28000.0, 60 months,20.99,E,E5,10+ years,MORTGAGE,80000.0,Verified,debt_consolidation,TX,32.94,1.0,665.0,669.0,0.0,83.0,35.0,Individual,7,High Risk,Manual Review
55119148,7200.0, 36 months,18.55,E,E2,2 years,RENT,20000.0,Source Verified,debt_consolidation,OH,36.25,0.0,685.0,689.0,0.0,62.0,15.0,Individual,5,High Risk,Manual Review
55239246,13250.0, 60 months,19.99,E,E4,1 year,RENT,39000.0,Source Verified,debt_consolidation,CA,30.03,0.0,690.0,694.0,3.0,62.2,30.0,Individual,5,High Risk,Manual Review
55209080,14500.0, 60 months,18.55,E,E2,6 years,RENT,60000.0,Source Verified,debt_consolidation,FL,31.46,0.0,685.0,689.0,1.0,49.3,31.0,Individual,5,High Risk,Manual Review
55250251,10875.0, 60 months,19.19,E,E3,5 years,RENT,32000.0,Source Verified,debt_consolidation,NJ,33.95,2.0,675.0,679.0,1.0,49.2,33.0,Individual,6,High Risk,Manual Review
55199530,21100.0, 60 months,19.19,E,E3,10+ years,MORTGAGE,48000.0,Verified,debt_consolidation,FL,32.73,0.0,695.0,699.0,0.0,68.6,13.0,Individual,5,High Risk,Manual Review
54098121,9800.0, 36 months,18.25,E,E1,7 years,MORTGAGE,47000.0,Source Verified,other,HI,38.46,0.0,680.0,684.0,1.0,50.5,26.0,Individual,5,High Risk,Manual Review
55238877,9000.0, 36 months,18.25,E,E1,,OWN,18000.0,Verified,credit_card,NV,38.27,1.0,705.0,709.0,0.0,68.7,17.0,Individual,6,High Risk,Manual Review
55249903,17125.0, 60 months,18.25,E,E1,2 years,RENT,50532.0,Source Verified,debt_consolidation,HI,38.57,0.0,715.0,719.0,0.0,83.9,9.0,Individual,6,High Risk,Manual Review
55168846,12000.0, 60 months,18.25,E,E1,10+ years,RENT,30000.0,Source Verified,debt_consolidation,KY,36.58,0.0,665.0,669.0,0.0,66.4,17.0,Individual,5,High Risk,Manual Review
54078997,4475.0, 36 months,23.99,F,F3,,RENT,14028.0,Verified,credit_card,SC,39.52,0.0,670.0,674.0,1.0,51.2,13.0,Individual,5,High Risk,Manual Review
55069783,12675.0, 60 months,20.99,E,E5,,MORTGAGE,57130.44,Verified,other,NJ,33.17,0.0,700.0,704.0,0.0,58.0,16.0,Individual,5,High Risk,Manual Review
55018441,24000.0, 60 months,21.99,F,F1,< 1 year,RENT,60000.0,Source Verified,debt_consolidation,IL,30.34,0.0,675.0,679.0,0.0,87.2,39.0,Individual,6,High Risk,Manual Review
55189013,12000.0, 36 months,22.99,F,F2,8 years,RENT,64000.0,Verified,credit_card,NC,34.4,0.0,685.0,689.0,3.0,10.0,15.0,Individual,5,High Risk,Manual Review
55088847,24375.0, 60 months,18.25,E,E1,< 1 year,OWN,68000.0,Verified,debt_consolidation,NV,34.98,0.0,690.0,694.0,0.0,47.5,49.0,Individual,5,High Risk,Manual Review
55218743,13125.0, 60 months,18.55,E,E2,< 1 year,MORTGAGE,38608.0,Source Verified,debt_consolidation,AK,30.9,0.0,720.0,724.0,0.0,90.7,18.0,Individual,6,High Risk,Manual Review
55268965,5900.0, 36 months,19.19,E,E3,< 1 year,RENT,20500.0,Source Verified,debt_consolidation,OK,30.33,1.0,675.0,679.0,0.0,55.7,27.0,Individual,6,High Risk,Manual Review
55178513,10775.0, 60 months,20.99,E,E5,10+ years,RENT,50000.0,Source Verified,debt_consolidation,FL,32.14,0.0,695.0,699.0,1.0,13.7,20.0,Individual,5,High Risk,Manual Review
55178652,21150.0, 60 months,22.99,F,F2,3 years,RENT,65000.0,Source Verified,debt_consolidation,MO,33.95,0.0,660.0,664.0,1.0,74.1,43.0,Individual,5,High Risk,Manual Review
55239084,2400.0, 36 months,18.55,E,E2,10+ years,OWN,37000.0,Not Verified,debt_consolidation,RI,31.66,0.0,680.0,684.0,0.0,69.7,17.0,Individual,5,High Risk,Manual Review
55070104,25600.0, 60 months,24.99,F,F4,10+ years,RENT,64000.0,Verified,credit_card,TX,31.6,0.0,665.0,669.0,1.0,94.3,40.0,Individual,6,High Risk,Manual Review
55288756,10600.0, 60 months,19.19,E,E3,1 year,RENT,29500.0,Source Verified,credit_card,NY,33.97,0.0,660.0,664.0,0.0,96.2,13.0,Individual,6,High Risk,Manual Review
54474462,10200.0, 36 months,20.99,E,E5,4 years,RENT,30000.0,Source Verified,other,FL,31.4,1.0,670.0,674.0,0.0,41.3,8.0,Individual,6,High Risk,Manual Review
55088667,14950.0, 60 months,18.55,E,E2,2 years,MORTGAGE,51500.0,Not Verified,debt_consolidation,PA,37.78,3.0,680.0,684.0,1.0,98.2,56.0,Individual,7,High Risk,Manual Review
55250023,35000.0, 60 months,18.25,E,E1,10+ years,OWN,90000.0,Source Verified,debt_consolidation,NJ,39.17,0.0,715.0,719.0,0.0,29.2,16.0,Individual,5,High Risk,Manual Review
54819060,14975.0, 36 months,22.99,F,F2,1 year,MORTGAGE,41600.0,Source Verified,debt_consolidation,OH,36.64,0.0,680.0,684.0,0.0,78.1,14.0,Individual,5,High Risk,Manual Review
54988526,9850.0, 36 months,19.19,E,E3,3 years,MORTGAGE,55000.0,Not Verified,debt_consolidation,WV,38.77,0.0,670.0,674.0,2.0,77.4,32.0,Individual,5,High Risk,Manual Review
54988544,20200.0, 60 months,23.99,F,F3,7 years,MORTGAGE,75400.0,Source Verified,debt_consolidation,WV,34.27,0.0,695.0,699.0,2.0,41.9,40.0,Individual,5,High Risk,Manual Review
55138543,5400.0, 36 months,18.25,E,E1,10+ years,RENT,29600.0,Source Verified,debt_consolidation,FL,38.85,1.0,660.0,664.0,0.0,45.7,21.0,Individual,6,High Risk,Manual Review
54483960,12925.0, 36 months,17.57,D,D4,10+ years,MORTGAGE,38900.0,Not Verified,credit_card,AZ,32.37,1.0,665.0,669.0,0.0,91.8,18.0,Individual,5,High Risk,Manual Review
54425726,8875.0, 36 months,18.55,E,E2,4 years,RENT,36000.0,Verified,moving,MA,34.4,0.0,745.0,749.0,2.0,18.0,26.0,Individual,5,High Risk,Manual Review
54483827,11000.0, 60 months,19.99,E,E4,,MORTGAGE,58330.0,Verified,debt_consolidation,SC,15.88,12.0,660.0,664.0,1.0,82.0,35.0,Individual,5,High Risk,Manual Review
55268669,17000.0, 36 months,18.25,E,E1,7 years,MORTGAGE,50000.0,Source Verified,debt_consolidation,NY,34.31,0.0,680.0,684.0,1.0,93.8,34.0,Individual,6,High Risk,Manual Review
55208690,31500.0, 60 months,22.99,F,F2,10+ years,RENT,70000.0,Verified,debt_consolidation,CO,36.29,0.0,680.0,684.0,0.0,71.0,28.0,Individual,5,High Risk,Manual Review
55249096,30000.0, 60 months,21.99,F,F1,1 year,MORTGAGE,82430.4,Verified,credit_card,CA,22.0,2.0,670.0,674.0,0.0,91.1,18.0,Individual,5,High Risk,Manual Review
55249402,1500.0, 36 months,19.99,E,E4,1 year,OWN,25000.0,Not Verified,other,NJ,30.44,2.0,680.0,684.0,0.0,30.8,24.0,Individual,6,High Risk,Manual Review
54543946,15150.0, 60 months,21.99,F,F1,10+ years,MORTGAGE,48000.0,Source Verified,home_improvement,MS,39.43,0.0,670.0,674.0,2.0,81.5,31.0,Individual,6,High Risk,Manual Review
55069408,32000.0, 36 months,20.99,E,E5,3 years,MORTGAGE,180000.0,Verified,debt_consolidation,WA,13.71,1.0,675.0,679.0,3.0,93.9,37.0,Individual,5,High Risk,Manual Review
55258603,13300.0, 60 months,24.99,F,F4,10+ years,RENT,37000.0,Verified,debt_consolidation,NJ,31.37,0.0,670.0,674.0,1.0,64.0,40.0,Individual,5,High Risk,Manual Review
55258355,6725.0, 36 months,19.19,E,E3,2 years,RENT,30784.0,Source Verified,debt_consolidation,KS,34.15,0.0,670.0,674.0,0.0,69.4,23.0,Individual,5,High Risk,Manual Review
54948620,14275.0, 60 months,21.99,F,F1,1 year,MORTGAGE,42000.0,Source Verified,debt_consolidation,FL,33.52,0.0,665.0,669.0,0.0,60.2,19.0,Individual,5,High Risk,Manual Review
55069331,16000.0, 60 months,21.99,F,F1,10+ years,MORTGAGE,78000.0,Verified,debt_consolidation,NC,33.25,7.0,660.0,664.0,3.0,84.0,38.0,Individual,7,High Risk,Manual Review
54414135,28000.0, 60 months,18.55,E,E2,10+ years,MORTGAGE,116257.0,Verified,debt_consolidation,CA,18.21,1.0,660.0,664.0,1.0,80.7,25.0,Individual,5,High Risk,Manual Review
54878539,7975.0, 36 months,19.19,E,E3,6 years,RENT,21000.0,Source Verified,credit_card,KS,39.54,0.0,660.0,664.0,0.0,77.2,14.0,Individual,5,High Risk,Manual Review
55218579,21550.0, 60 months,19.99,E,E4,1 year,RENT,49000.0,Source Verified,debt_consolidation,CA,33.01,0.0,715.0,719.0,0.0,44.0,11.0,Individual,5,High Risk,Manual Review
55178171,5950.0, 36 months,18.55,E,E2,8 years,MORTGAGE,35000.0,Source Verified,debt_consolidation,AL,33.37,0.0,730.0,734.0,0.0,62.9,12.0,Individual,5,High Risk,Manual Review
55108730,2800.0, 36 months,16.99,D,D3,7 years,RENT,68736.0,Not Verified,debt_consolidation,CA,36.6,1.0,660.0,664.0,0.0,82.2,15.0,Individual,5,High Risk,Manual Review
55218687,4800.0, 36 months,23.99,F,F3,< 1 year,RENT,20000.0,Not Verified,debt_consolidation,FL,30.85,0.0,690.0,694.0,1.0,101.4,12.0,Individual,6,High Risk,Manual Review
55158419,24150.0, 60 months,17.86,D,D5,10+ years,RENT,48334.95,Source Verified,debt_consolidation,FL,36.26,1.0,690.0,694.0,0.0,97.6,21.0,Individual,5,High Risk,Manual Review
54868739,14700.0, 60 months,21.99,F,F1,1 year,RENT,35000.0,Verified,debt_consolidation,IL,37.72,0.0,660.0,664.0,0.0,66.8,30.0,Individual,5,High Risk,Manual Review
55298596,14400.0, 36 months,19.99,E,E4,10+ years,MORTGAGE,40000.0,Not Verified,credit_card,GA,32.04,0.0,710.0,714.0,1.0,48.3,35.0,Individual,5,High Risk,Manual Review
55078755,24000.0, 60 months,19.99,E,E4,3 years,RENT,365000.0,Verified,major_purchase,NY,18.6,1.0,675.0,679.0,3.0,84.0,43.0,Individual,5,High Risk,Manual Review
55308679,20800.0, 60 months,19.99,E,E4,10+ years,MORTGAGE,99000.0,Verified,credit_card,MN,30.04,1.0,660.0,664.0,2.0,79.0,39.0,Individual,6,High Risk,Manual Review
55198465,8600.0, 36 months,22.99,F,F2,,RENT,46000.0,Verified,other,NC,33.79,0.0,660.0,664.0,0.0,59.5,22.0,Individual,5,High Risk,Manual Review
55098213,11675.0, 60 months,18.25,E,E1,3 years,MORTGAGE,55000.0,Verified,debt_consolidation,LA,31.14,0.0,685.0,689.0,1.0,62.0,38.0,Individual,5,High Risk,Manual Review
54848640,17025.0, 60 months,23.99,F,F3,9 years,MORTGAGE,56000.0,Source Verified,debt_consolidation,TX,34.29,0.0,670.0,674.0,2.0,70.5,38.0,Individual,5,High Risk,Manual Review
55128348,18000.0, 60 months,19.99,E,E4,10+ years,RENT,50000.0,Verified,debt_consolidation,TX,32.65,0.0,660.0,664.0,0.0,82.3,27.0,Individual,6,High Risk,Manual Review
55108327,9500.0, 36 months,18.55,E,E2,5 years,OWN,26400.0,Source Verified,debt_consolidation,PA,30.27,0.0,695.0,699.0,1.0,49.9,28.0,Individual,5,High Risk,Manual Review
55078329,2850.0, 36 months,20.99,E,E5,,RENT,21000.0,Verified,home_improvement,AZ,33.89,0.0,670.0,674.0,2.0,6.9,56.0,Individual,5,High Risk,Manual Review
55208407,24800.0, 60 months,19.19,E,E3,10+ years,MORTGAGE,80000.0,Verified,debt_consolidation,CO,36.7,0.0,680.0,684.0,2.0,65.3,33.0,Individual,5,High Risk,Manual Review
55248666,20575.0, 60 months,19.99,E,E4,2 years,RENT,49000.0,Verified,debt_consolidation,NY,35.94,1.0,680.0,684.0,0.0,40.4,19.0,Individual,6,High Risk,Manual Review
54868772,12100.0, 60 months,19.19,E,E3,10+ years,MORTGAGE,39000.0,Not Verified,debt_consolidation,OH,35.97,0.0,680.0,684.0,2.0,92.8,20.0,Individual,6,High Risk,Manual Review
55069049,21000.0, 60 months,22.99,F,F2,2 years,MORTGAGE,42000.0,Source Verified,other,FL,35.54,0.0,665.0,669.0,0.0,63.5,30.0,Individual,5,High Risk,Manual Review
55008469,7200.0, 36 months,19.99,E,E4,,OWN,50000.0,Verified,debt_consolidation,MD,34.01,0.0,665.0,669.0,0.0,31.5,26.0,Individual,5,High Risk,Manual Review
55138213,10625.0, 60 months,21.99,F,F1,10+ years,RENT,28000.0,Verified,credit_card,NJ,38.32,2.0,660.0,664.0,1.0,28.5,29.0,Individual,6,High Risk,Manual Review
55248454,12125.0, 60 months,19.99,E,E4,,MORTGAGE,41000.0,Verified,debt_consolidation,CO,39.37,0.0,685.0,689.0,2.0,96.7,39.0,Individual,6,High Risk,Manual Review
55308301,10000.0, 60 months,19.99,E,E4,10+ years,OWN,147000.0,Verified,debt_consolidation,NY,32.24,2.0,665.0,669.0,1.0,93.0,61.0,Individual,7,High Risk,Manual Review
55248714,10200.0, 60 months,18.25,E,E1,8 years,MORTGAGE,55000.0,Source Verified,debt_consolidation,NY,35.92,0.0,670.0,674.0,0.0,85.6,37.0,Individual,6,High Risk,Manual Review
55288301,20000.0, 60 months,18.25,E,E1,7 years,MORTGAGE,45000.0,Source Verified,debt_consolidation,FL,34.99,0.0,670.0,674.0,1.0,63.0,16.0,Individual,5,High Risk,Manual Review
54316337,20150.0, 60 months,19.19,E,E3,5 years,RENT,56000.0,Verified,debt_consolidation,IL,33.28,0.0,695.0,699.0,0.0,84.9,27.0,Individual,6,High Risk,Manual Review
55188300,35000.0, 60 months,18.25,E,E1,10+ years,MORTGAGE,90000.0,Verified,debt_consolidation,IL,36.19,1.0,660.0,664.0,0.0,78.6,28.0,Individual,6,High Risk,Manual Review
55278351,9050.0, 36 months,19.19,E,E3,3 years,RENT,42000.0,Verified,debt_consolidation,MA,34.42,0.0,665.0,669.0,4.0,54.0,25.0,Individual,5,High Risk,Manual Review
54968595,10800.0, 60 months,19.99,E,E4,5 years,RENT,42000.0,Source Verified,debt_consolidation,NY,30.89,0.0,660.0,664.0,0.0,65.1,15.0,Individual,5,High Risk,Manual Review
55308317,16400.0, 60 months,18.55,E,E2,10+ years,MORTGAGE,41000.0,Source Verified,debt_consolidation,AZ,35.71,0.0,675.0,679.0,0.0,89.1,16.0,Individual,6,High Risk,Manual Review
53664354,18625.0, 60 months,19.99,E,E4,10+ years,MORTGAGE,46550.0,Verified,debt_consolidation,KY,34.93,0.0,680.0,684.0,0.0,86.6,18.0,Individual,6,High Risk,Manual Review
55268560,26275.0, 36 months,18.25,E,E1,9 years,RENT,73000.0,Verified,credit_card,NY,14.33,1.0,690.0,694.0,0.0,97.5,10.0,Individual,5,High Risk,Manual Review
54838123,25875.0, 60 months,27.31,G,G2,8 years,MORTGAGE,60000.0,Source Verified,debt_consolidation,WA,31.75,0.0,685.0,689.0,0.0,84.2,15.0,Individual,6,High Risk,Manual Review
54909143,11750.0, 36 months,18.55,E,E2,3 years,OWN,34560.0,Source Verified,home_improvement,NY,29.38,1.0,665.0,669.0,1.0,91.0,15.0,Individual,5,High Risk,Manual Review
55308204,10400.0, 60 months,19.19,E,E3,,OWN,26000.0,Verified,debt_consolidation,FL,37.03,2.0,675.0,679.0,1.0,58.5,24.0,Individual,6,High Risk,Manual Review
52819507,30000.0, 36 months,18.25,E,E1,10+ years,RENT,102000.0,Verified,debt_consolidation,NJ,34.94,3.0,665.0,669.0,2.0,59.0,50.0,Individual,6,High Risk,Manual Review
54838754,11150.0, 60 months,25.78,F,F5,3 years,RENT,31000.0,Verified,debt_consolidation,VA,30.48,0.0,670.0,674.0,1.0,46.7,11.0,Individual,5,High Risk,Manual Review
54294091,8475.0, 36 months,20.99,E,E5,2 years,RENT,24960.0,Verified,small_business,FL,32.07,0.0,700.0,704.0,2.0,54.2,7.0,Individual,5,High Risk,Manual Review
54373412,20000.0, 60 months,18.55,E,E2,10+ years,MORTGAGE,95000.0,Verified,debt_consolidation,SC,35.32,0.0,670.0,674.0,1.0,89.1,39.0,Individual,6,High Risk,Manual Review
54849055,12000.0, 60 months,19.19,E,E3,2 years,MORTGAGE,113000.0,Verified,debt_consolidation,AZ,25.96,1.0,670.0,674.0,0.0,84.0,30.0,Individual,5,High Risk,Manual Review
54838415,35000.0, 60 months,20.99,E,E5,4 years,OWN,100000.0,Verified,debt_consolidation,WV,32.25,0.0,670.0,674.0,0.0,72.2,36.0,Individual,5,High Risk,Manual Review
54818731,21825.0, 60 months,22.99,F,F2,4 years,OWN,52000.0,Verified,debt_consolidation,OH,32.01,0.0,685.0,689.0,1.0,54.3,17.0,Individual,5,High Risk,Manual Review
55058947,13050.0, 60 months,20.99,E,E5,10+ years,RENT,56000.0,Source Verified,debt_consolidation,MD,31.68,0.0,670.0,674.0,2.0,64.0,39.0,Individual,5,High Risk,Manual Review
54345378,11575.0, 60 months,22.99,F,F2,7 years,MORTGAGE,32200.0,Not Verified,debt_consolidation,KS,31.38,0.0,685.0,689.0,0.0,88.2,17.0,Individual,6,High Risk,Manual Review
54017445,16800.0, 60 months,19.99,E,E4,4 years,RENT,40000.0,Source Verified,debt_consolidation,RI,33.57,0.0,660.0,664.0,1.0,78.5,38.0,Individual,5,High Risk,Manual Review
54918723,35000.0, 60 months,18.25,E,E1,10+ years,MORTGAGE,90000.0,Verified,debt_consolidation,TX,34.37,0.0,680.0,684.0,1.0,95.5,43.0,Individual,6,High Risk,Manual Review
55218144,24200.0, 60 months,20.99,E,E5,10+ years,RENT,55000.0,Source Verified,debt_consolidation,CT,35.94,1.0,680.0,684.0,0.0,39.6,33.0,Individual,6,High Risk,Manual Review
54900099,11200.0, 60 months,18.55,E,E2,7 years,OWN,35000.0,Source Verified,debt_consolidation,KY,36.49,0.0,670.0,674.0,1.0,61.9,18.0,Individual,5,High Risk,Manual Review
54998722,27600.0, 60 months,22.99,F,F2,4 years,RENT,60000.0,Source Verified,debt_consolidation,NJ,30.54,0.0,705.0,709.0,1.0,49.3,30.0,Individual,5,High Risk,Manual Review
55148155,7900.0, 36 months,19.99,E,E4,1 year,RENT,34070.4,Source Verified,debt_consolidation,VA,33.96,0.0,670.0,674.0,0.0,96.3,16.0,Individual,6,High Risk,Manual Review
54908274,20050.0, 60 months,21.99,F,F1,10+ years,MORTGAGE,47770.0,Verified,debt_consolidation,IN,34.3,0.0,690.0,694.0,2.0,96.1,20.0,Individual,6,High Risk,Manual Review
54364570,22000.0, 60 months,18.55,E,E2,8 years,RENT,50000.0,Source Verified,credit_card,PA,34.41,0.0,670.0,674.0,1.0,57.3,30.0,Individual,5,High Risk,Manual Review
54828470,14700.0, 60 months,19.19,E,E3,3 years,MORTGAGE,35000.0,Source Verified,credit_card,FL,32.06,0.0,690.0,694.0,1.0,18.8,14.0,Individual,5,High Risk,Manual Review
55038531,28000.0, 60 months,19.19,E,E3,3 years,MORTGAGE,56000.0,Source Verified,debt_consolidation,DE,30.6,0.0,685.0,689.0,2.0,41.3,26.0,Individual,5,High Risk,Manual Review
54384810,29875.0, 36 months,21.99,F,F1,5 years,OWN,120000.0,Verified,debt_consolidation,MN,37.97,1.0,670.0,674.0,1.0,59.3,33.0,Individual,6,High Risk,Manual Review
54818569,13700.0, 60 months,21.99,F,F1,1 year,RENT,90000.0,Source Verified,debt_consolidation,OK,26.61,1.0,715.0,719.0,0.0,85.8,38.0,Individual,5,High Risk,Manual Review
54688578,14800.0, 60 months,18.55,E,E2,4 years,MORTGAGE,48000.0,Source Verified,debt_consolidation,FL,32.83,0.0,695.0,699.0,2.0,30.3,33.0,Individual,5,High Risk,Manual Review
55028622,9150.0, 36 months,20.99,E,E5,9 years,OWN,35000.0,Source Verified,debt_consolidation,TX,34.47,0.0,695.0,699.0,0.0,32.4,13.0,Individual,5,High Risk,Manual Review
54948418,8000.0, 36 months,18.55,E,E2,3 years,OWN,39000.0,Source Verified,other,PA,30.92,1.0,675.0,679.0,1.0,46.6,17.0,Individual,6,High Risk,Manual Review
54998660,3400.0, 36 months,22.99,F,F2,3 years,RENT,25000.0,Not Verified,other,TX,31.01,0.0,700.0,704.0,0.0,74.7,18.0,Individual,5,High Risk,Manual Review
54828471,34650.0, 36 months,18.25,E,E1,2 years,MORTGAGE,84800.0,Verified,credit_card,MI,30.82,0.0,670.0,674.0,0.0,83.0,33.0,Individual,6,High Risk,Manual Review
54868662,35000.0, 60 months,21.99,F,F1,9 years,RENT,75000.0,Verified,debt_consolidation,CA,35.5,2.0,680.0,684.0,0.0,88.3,39.0,Individual,7,High Risk,Manual Review
54968464,10325.0, 60 months,19.99,E,E4,10+ years,RENT,38000.0,Source Verified,debt_consolidation,TN,30.23,0.0,685.0,689.0,0.0,68.1,30.0,Individual,5,High Risk,Manual Review
55008653,8000.0, 36 months,16.99,D,D3,10+ years,MORTGAGE,40000.0,Source Verified,debt_consolidation,TX,36.57,2.0,660.0,664.0,1.0,85.3,19.0,Individual,5,High Risk,Manual Review
54968579,21000.0, 60 months,21.99,F,F1,10+ years,RENT,50000.0,Source Verified,debt_consolidation,OH,32.0,0.0,675.0,679.0,0.0,74.5,23.0,Individual,5,High Risk,Manual Review
54958539,10000.0, 36 months,18.55,E,E2,< 1 year,RENT,25000.0,Source Verified,debt_consolidation,GA,38.41,0.0,685.0,689.0,0.0,44.4,14.0,Individual,5,High Risk,Manual Review
54958344,16925.0, 36 months,18.55,E,E2,,MORTGAGE,33864.0,Verified,credit_card,FL,38.8,0.0,660.0,664.0,0.0,66.0,12.0,Individual,5,High Risk,Manual Review
54818399,27800.0, 60 months,18.55,E,E2,7 years,MORTGAGE,64000.0,Source Verified,debt_consolidation,NC,31.3,0.0,680.0,684.0,0.0,52.4,47.0,Individual,5,High Risk,Manual Review
54828294,32000.0, 60 months,15.61,D,D1,10+ years,RENT,78744.0,Verified,debt_consolidation,NY,36.87,2.0,660.0,664.0,0.0,89.4,26.0,Individual,5,High Risk,Manual Review
55008183,13400.0, 36 months,18.25,E,E1,10+ years,OWN,42000.0,Verified,debt_consolidation,FL,34.17,0.0,675.0,679.0,0.0,34.5,37.0,Individual,5,High Risk,Manual Review
54316575,25000.0, 60 months,19.19,E,E3,10+ years,OWN,50000.0,Source Verified,credit_card,OK,35.84,0.0,670.0,674.0,0.0,98.3,18.0,Individual,6,High Risk,Manual Review
54888347,29050.0, 60 months,22.99,F,F2,9 years,MORTGAGE,62000.0,Verified,debt_consolidation,VA,20.07,1.0,660.0,664.0,1.0,91.2,18.0,Individual,5,High Risk,Manual Review
54918470,13850.0, 36 months,22.99,F,F2,3 years,OWN,38500.0,Verified,debt_consolidation,OH,34.04,0.0,665.0,669.0,1.0,71.6,33.0,Individual,5,High Risk,Manual Review
54838177,16150.0, 60 months,21.99,F,F1,10+ years,RENT,43140.0,Verified,debt_consolidation,TX,37.19,2.0,675.0,679.0,1.0,25.0,30.0,Individual,6,High Risk,Manual Review
54888367,26450.0, 60 months,27.31,G,G2,,MORTGAGE,63000.0,Verified,credit_card,GA,39.1,0.0,675.0,679.0,1.0,61.5,58.0,Individual,5,High Risk,Manual Review
54898995,25000.0, 60 months,19.19,E,E3,8 years,MORTGAGE,50000.0,Source Verified,home_improvement,TX,34.42,0.0,705.0,709.0,1.0,30.3,20.0,Individual,5,High Risk,Manual Review
52939409,17250.0, 60 months,19.19,E,E3,10+ years,MORTGAGE,68631.0,Not Verified,debt_consolidation,CT,8.22,1.0,680.0,684.0,1.0,88.3,12.0,Individual,5,High Risk,Manual Review
54513271,14000.0, 60 months,18.25,E,E1,6 years,RENT,48000.0,Source Verified,major_purchase,GA,32.63,0.0,695.0,699.0,0.0,75.8,15.0,Individual,5,High Risk,Manual Review
55258534,13625.0, 60 months,19.19,E,E3,8 years,MORTGAGE,75000.0,Source Verified,debt_consolidation,MO,18.88,1.0,675.0,679.0,0.0,80.5,16.0,Individual,5,High Risk,Manual Review
54878627,11800.0, 60 months,18.55,E,E2,10+ years,MORTGAGE,37000.0,Not Verified,credit_card,TX,36.2,1.0,660.0,664.0,1.0,75.6,26.0,Individual,6,High Risk,Manual Review
54107420,32000.0, 60 months,19.19,E,E3,10+ years,MORTGAGE,135200.0,Verified,debt_consolidation,PA,35.01,0.0,685.0,689.0,2.0,93.2,35.0,Individual,6,High Risk,Manual Review
53874279,18650.0, 60 months,19.19,E,E3,10+ years,MORTGAGE,53000.0,Not Verified,debt_consolidation,MI,34.21,0.0,705.0,709.0,0.0,75.4,35.0,Individual,5,High Risk,Manual Review
55238492,31050.0, 60 months,20.99,E,E5,10+ years,MORTGAGE,151000.0,Verified,debt_consolidation,WA,31.64,0.0,670.0,674.0,0.0,80.6,40.0,Individual,6,High Risk,Manual Review
54688242,18700.0, 60 months,21.99,F,F1,2 years,MORTGAGE,56391.0,Not Verified,debt_consolidation,GA,22.39,1.0,685.0,689.0,0.0,95.7,48.0,Individual,5,High Risk,Manual Review
55198431,25000.0, 36 months,16.99,D,D3,2 years,OWN,68000.0,Verified,debt_consolidation,GA,30.26,1.0,675.0,679.0,0.0,90.1,23.0,Individual,5,High Risk,Manual Review
54898154,12500.0, 60 months,19.99,E,E4,1 year,RENT,40000.0,Verified,debt_consolidation,IN,38.07,1.0,660.0,664.0,0.0,33.7,25.0,Individual,6,High Risk,Manual Review
54344455,12675.0, 60 months,19.19,E,E3,2 years,OWN,51000.0,Not Verified,debt_consolidation,PA,37.62,0.0,690.0,694.0,1.0,56.5,25.0,Individual,5,High Risk,Manual Review
54918286,20825.0, 60 months,19.99,E,E4,10+ years,RENT,62000.0,Verified,credit_card,OH,31.71,0.0,660.0,664.0,3.0,78.1,39.0,Individual,5,High Risk,Manual Review
54998268,13000.0, 60 months,23.99,F,F3,10+ years,RENT,26000.0,Source Verified,debt_consolidation,CA,33.98,0.0,670.0,674.0,0.0,69.8,11.0,Individual,5,High Risk,Manual Review
54899745,24675.0, 60 months,21.99,F,F1,10+ years,RENT,58960.0,Source Verified,debt_consolidation,CA,32.28,0.0,695.0,699.0,1.0,86.7,20.0,Individual,6,High Risk,Manual Review
55228620,25200.0, 60 months,19.99,E,E4,2 years,RENT,60000.0,Source Verified,debt_consolidation,TX,34.26,1.0,670.0,674.0,0.0,58.4,27.0,Individual,6,High Risk,Manual Review
55009002,20000.0, 60 months,18.25,E,E1,10+ years,RENT,40000.0,Source Verified,debt_consolidation,AZ,38.22,0.0,665.0,669.0,0.0,66.8,32.0,Individual,5,High Risk,Manual Review
54838126,8000.0, 36 months,18.55,E,E2,8 years,RENT,25000.0,Source Verified,small_business,NY,33.07,0.0,675.0,679.0,0.0,70.3,23.0,Individual,5,High Risk,Manual Review
54316248,15000.0, 60 months,18.55,E,E2,10+ years,RENT,51000.0,Source Verified,debt_consolidation,CA,33.36,0.0,665.0,669.0,0.0,74.2,24.0,Individual,5,High Risk,Manual Review
54433387,23200.0, 60 months,18.25,E,E1,< 1 year,RENT,67000.0,Verified,debt_consolidation,AR,32.38,0.0,665.0,669.0,1.0,25.5,38.0,Individual,5,High Risk,Manual Review
54868315,21400.0, 60 months,19.19,E,E3,10+ years,MORTGAGE,60000.0,Verified,debt_consolidation,MI,33.48,0.0,710.0,714.0,2.0,30.6,29.0,Individual,5,High Risk,Manual Review
55218370,5000.0, 36 months,18.25,E,E1,7 years,RENT,30000.0,Source Verified,moving,CA,31.92,0.0,685.0,689.0,1.0,59.6,10.0,Individual,5,High Risk,Manual Review
54608828,18075.0, 60 months,22.99,F,F2,4 years,RENT,60000.0,Source Verified,debt_consolidation,CA,31.13,0.0,670.0,674.0,1.0,80.4,12.0,Individual,6,High Risk,Manual Review
55268175,30000.0, 60 months,18.25,E,E1,6 years,MORTGAGE,131000.0,Verified,debt_consolidation,WA,20.9,1.0,675.0,679.0,0.0,88.2,29.0,Individual,5,High Risk,Manual Review
55118217,17550.0, 60 months,18.25,E,E1,10+ years,MORTGAGE,48790.0,Source Verified,debt_consolidation,NC,32.79,2.0,670.0,674.0,0.0,31.5,54.0,Individual,6,High Risk,Manual Review
54037872,35000.0, 60 months,19.19,E,E3,10+ years,RENT,112500.0,Verified,debt_consolidation,FL,35.14,0.0,710.0,714.0,1.0,76.0,43.0,Individual,5,High Risk,Manual Review
54588504,32000.0, 60 months,19.19,E,E3,4 years,MORTGAGE,99602.0,Verified,debt_consolidation,NM,31.96,0.0,700.0,704.0,0.0,69.0,39.0,Individual,5,High Risk,Manual Review
54353130,1550.0, 36 months,18.55,E,E2,,RENT,15912.0,Verified,debt_consolidation,MI,35.97,1.0,680.0,684.0,0.0,72.4,27.0,Individual,6,High Risk,Manual Review
54098909,23050.0, 60 months,19.19,E,E3,5 years,OWN,60000.0,Source Verified,home_improvement,NC,36.3,0.0,705.0,709.0,0.0,61.1,17.0,Individual,5,High Risk,Manual Review
54678298,16800.0, 60 months,18.55,E,E2,1 year,RENT,80000.0,Verified,debt_consolidation,GA,30.69,0.0,670.0,674.0,1.0,22.6,61.0,Individual,5,High Risk,Manual Review
54638339,20000.0, 60 months,21.99,F,F1,10+ years,MORTGAGE,56000.0,Verified,credit_card,WI,30.05,1.0,665.0,669.0,3.0,84.0,36.0,Individual,7,High Risk,Manual Review
54738487,35000.0, 60 months,19.19,E,E3,8 years,MORTGAGE,115000.0,Verified,debt_consolidation,WV,24.44,1.0,705.0,709.0,0.0,98.0,66.0,Individual,5,High Risk,Manual Review
54638361,9450.0, 36 months,18.25,E,E1,,RENT,22500.0,Verified,debt_consolidation,SD,34.83,1.0,665.0,669.0,1.0,63.9,29.0,Individual,6,High Risk,Manual Review
54678392,12700.0, 36 months,18.55,E,E2,3 years,MORTGAGE,120000.0,Verified,debt_consolidation,TX,39.06,0.0,660.0,664.0,1.0,98.0,16.0,Individual,6,High Risk,Manual Review
54778169,35000.0, 36 months,19.19,E,E3,6 years,MORTGAGE,196500.0,Source Verified,debt_consolidation,CT,31.91,0.0,680.0,684.0,1.0,91.0,37.0,Individual,6,High Risk,Manual Review
54668457,11000.0, 60 months,18.25,E,E1,< 1 year,RENT,31200.0,Source Verified,debt_consolidation,NY,31.0,0.0,660.0,664.0,2.0,86.0,28.0,Individual,6,High Risk,Manual Review
54758199,14275.0, 60 months,20.99,E,E5,8 years,RENT,42000.0,Source Verified,debt_consolidation,CA,31.77,0.0,675.0,679.0,3.0,5.2,22.0,Individual,5,High Risk,Manual Review
54788455,14450.0, 60 months,22.99,F,F2,3 years,MORTGAGE,30000.0,Source Verified,house,MI,31.76,0.0,715.0,719.0,0.0,81.3,15.0,Individual,6,High Risk,Manual Review
54788393,16800.0, 60 months,18.25,E,E1,10+ years,MORTGAGE,120000.0,Verified,debt_consolidation,CA,16.66,1.0,670.0,674.0,0.0,92.5,14.0,Individual,5,High Risk,Manual Review
54738219,35000.0, 60 months,18.25,E,E1,2 years,RENT,80000.0,Verified,credit_card,CA,31.46,0.0,690.0,694.0,2.0,63.8,14.0,Individual,5,High Risk,Manual Review
54334120,7400.0, 36 months,20.99,E,E5,10+ years,RENT,29000.0,Verified,debt_consolidation,TX,32.37,0.0,660.0,664.0,1.0,97.1,23.0,Individual,6,High Risk,Manual Review
54778422,14600.0, 60 months,23.99,F,F3,6 years,MORTGAGE,73000.0,Verified,debt_consolidation,OH,14.38,1.0,660.0,664.0,3.0,86.0,15.0,Individual,5,High Risk,Manual Review
54778683,29400.0, 60 months,19.99,E,E4,< 1 year,RENT,70000.0,Source Verified,debt_consolidation,CA,36.53,0.0,690.0,694.0,0.0,87.6,16.0,Individual,6,High Risk,Manual Review
54668358,6250.0, 36 months,18.25,E,E1,10+ years,MORTGAGE,68000.0,Not Verified,debt_consolidation,NH,36.18,0.0,680.0,684.0,0.0,55.0,32.0,Individual,5,High Risk,Manual Review
54778419,15000.0, 60 months,19.19,E,E3,1 year,MORTGAGE,32000.0,Source Verified,debt_consolidation,KS,36.5,0.0,675.0,679.0,3.0,80.0,19.0,Individual,5,High Risk,Manual Review
54568614,20000.0, 60 months,19.19,E,E3,7 years,RENT,40000.0,Source Verified,credit_card,CT,36.0,2.0,670.0,674.0,0.0,54.9,36.0,Individual,6,High Risk,Manual Review
54688488,20000.0, 60 months,18.55,E,E2,7 years,MORTGAGE,72000.0,Verified,debt_consolidation,CA,30.24,0.0,690.0,694.0,0.0,40.5,23.0,Individual,5,High Risk,Manual Review
54259490,21000.0, 60 months,20.99,E,E5,10+ years,MORTGAGE,90000.0,Source Verified,debt_consolidation,SC,22.16,1.0,660.0,664.0,0.0,116.5,29.0,Individual,5,High Risk,Manual Review
54087494,35000.0, 60 months,19.19,E,E3,10+ years,RENT,85000.0,Verified,debt_consolidation,CA,32.41,0.0,680.0,684.0,1.0,74.2,43.0,Individual,5,High Risk,Manual Review
54628183,11500.0, 36 months,19.19,E,E3,2 years,OWN,42000.0,Not Verified,debt_consolidation,TX,28.31,1.0,660.0,664.0,0.0,84.3,19.0,Individual,5,High Risk,Manual Review
54404777,24000.0, 60 months,19.99,E,E4,2 years,MORTGAGE,62000.0,Verified,credit_card,NC,33.21,0.0,700.0,704.0,1.0,66.7,26.0,Individual,5,High Risk,Manual Review
54384814,21000.0, 60 months,18.55,E,E2,10+ years,MORTGAGE,102000.0,Verified,debt_consolidation,CA,20.27,13.0,665.0,669.0,1.0,85.0,35.0,Individual,5,High Risk,Manual Review
53544458,12750.0, 60 months,20.99,E,E5,9 years,RENT,29000.0,Verified,debt_consolidation,VA,34.87,0.0,705.0,709.0,1.0,59.7,22.0,Individual,5,High Risk,Manual Review
54668429,35000.0, 60 months,18.55,E,E2,10+ years,MORTGAGE,88000.0,Verified,debt_consolidation,MD,31.2,0.0,670.0,674.0,0.0,58.1,51.0,Individual,5,High Risk,Manual Review
54545170,21000.0, 60 months,18.25,E,E1,10+ years,OWN,47000.0,Verified,credit_card,OK,35.09,0.0,700.0,704.0,2.0,70.1,29.0,Individual,5,High Risk,Manual Review
54324824,9300.0, 36 months,24.99,F,F4,3 years,RENT,31000.0,Source Verified,debt_consolidation,CA,32.25,0.0,665.0,669.0,0.0,42.8,16.0,Individual,5,High Risk,Manual Review
54324325,25800.0, 60 months,18.55,E,E2,10+ years,MORTGAGE,63233.0,Source Verified,debt_consolidation,MA,30.99,0.0,715.0,719.0,0.0,66.2,37.0,Individual,5,High Risk,Manual Review
54353989,24000.0, 60 months,20.99,E,E5,10+ years,MORTGAGE,75000.0,Verified,debt_consolidation,MI,33.38,0.0,680.0,684.0,2.0,77.0,35.0,Individual,5,High Risk,Manual Review
54514881,21250.0, 60 months,20.99,E,E5,5 years,MORTGAGE,77000.0,Verified,debt_consolidation,IL,39.42,1.0,660.0,664.0,1.0,90.5,30.0,Individual,7,High Risk,Manual Review
54384912,16000.0, 60 months,18.25,E,E1,5 years,OWN,98000.0,Verified,debt_consolidation,TX,31.5,1.0,690.0,694.0,1.0,55.0,31.0,Individual,6,High Risk,Manual Review
54475185,19650.0, 36 months,16.99,D,D3,< 1 year,RENT,60000.0,Not Verified,debt_consolidation,SD,36.4,4.0,660.0,664.0,0.0,83.9,26.0,Individual,5,High Risk,Manual Review
54364610,14000.0, 60 months,18.25,E,E1,8 years,MORTGAGE,44000.0,Not Verified,debt_consolidation,OH,33.44,0.0,695.0,699.0,1.0,31.0,38.0,Individual,5,High Risk,Manual Review
54485593,22950.0, 60 months,19.19,E,E3,,MORTGAGE,54000.0,Verified,debt_consolidation,AZ,30.53,2.0,675.0,679.0,0.0,39.4,26.0,Individual,6,High Risk,Manual Review
54394975,14025.0, 60 months,19.99,E,E4,< 1 year,RENT,39000.0,Source Verified,debt_consolidation,OK,33.35,0.0,670.0,674.0,0.0,49.0,32.0,Individual,5,High Risk,Manual Review
52077226,11600.0, 60 months,17.86,D,D5,1 year,RENT,32240.0,Source Verified,debt_consolidation,OH,36.93,1.0,660.0,664.0,0.0,87.6,33.0,Individual,5,High Risk,Manual Review
51838621,15000.0, 60 months,17.86,D,D5,,OWN,50000.0,Source Verified,home_improvement,TX,33.89,2.0,675.0,679.0,0.0,90.7,39.0,Individual,5,High Risk,Manual Review
54057425,11000.0, 60 months,18.25,E,E1,3 years,RENT,50000.0,Source Verified,debt_consolidation,VA,20.76,1.0,670.0,674.0,0.0,92.3,14.0,Individual,5,High Risk,Manual Review
54524825,19400.0, 60 months,18.25,E,E1,,MORTGAGE,72000.0,Verified,debt_consolidation,MN,30.78,0.0,710.0,714.0,0.0,71.4,32.0,Individual,5,High Risk,Manual Review
53914198,21150.0, 60 months,18.55,E,E2,1 year,MORTGAGE,46000.0,Source Verified,credit_card,NY,34.33,0.0,675.0,679.0,0.0,72.7,35.0,Individual,5,High Risk,Manual Review
54504430,18525.0, 60 months,19.99,E,E4,6 years,MORTGAGE,50000.0,Not Verified,credit_card,TX,34.69,1.0,695.0,699.0,1.0,41.6,38.0,Individual,6,High Risk,Manual Review
54405098,10800.0, 36 months,19.19,E,E3,7 years,RENT,36000.0,Source Verified,debt_consolidation,GA,35.63,0.0,660.0,664.0,0.0,85.4,22.0,Individual,6,High Risk,Manual Review
54405073,10075.0, 60 months,18.55,E,E2,< 1 year,RENT,28000.0,Source Verified,credit_card,AZ,30.48,0.0,670.0,674.0,1.0,90.1,12.0,Individual,6,High Risk,Manual Review
54157896,11000.0, 60 months,19.99,E,E4,3 years,MORTGAGE,40000.0,Source Verified,debt_consolidation,MO,31.71,0.0,675.0,679.0,0.0,87.6,19.0,Individual,6,High Risk,Manual Review
54335144,14750.0, 60 months,20.99,E,E5,10+ years,MORTGAGE,44553.0,Verified,debt_consolidation,TX,32.14,0.0,690.0,694.0,3.0,51.0,19.0,Individual,5,High Risk,Manual Review
54354561,16400.0, 60 months,21.99,F,F1,3 years,MORTGAGE,46000.0,Verified,debt_consolidation,PA,30.52,0.0,675.0,679.0,0.0,41.0,24.0,Individual,5,High Risk,Manual Review
54524576,11250.0, 60 months,21.99,F,F1,2 years,MORTGAGE,70000.0,Not Verified,debt_consolidation,CA,23.4,1.0,675.0,679.0,1.0,98.1,20.0,Individual,5,High Risk,Manual Review
54324690,15675.0, 60 months,19.99,E,E4,10+ years,MORTGAGE,63648.0,Not Verified,debt_consolidation,AL,36.6,1.0,680.0,684.0,1.0,48.2,36.0,Individual,6,High Risk,Manual Review
54425076,20950.0, 60 months,19.99,E,E4,4 years,RENT,50000.0,Source Verified,debt_consolidation,AL,38.79,0.0,690.0,694.0,1.0,32.4,29.0,Individual,5,High Risk,Manual Review
54364121,8775.0, 36 months,18.55,E,E2,2 years,MORTGAGE,65000.0,Source Verified,debt_consolidation,TX,37.3,0.0,695.0,699.0,1.0,47.7,12.0,Individual,5,High Risk,Manual Review
54353852,6050.0, 36 months,25.78,F,F5,4 years,RENT,25000.0,Source Verified,house,CA,34.04,1.0,665.0,669.0,0.0,41.3,10.0,Individual,6,High Risk,Manual Review
54434896,17675.0, 60 months,20.99,E,E5,4 years,RENT,51990.0,Not Verified,debt_consolidation,FL,39.82,1.0,695.0,699.0,2.0,49.9,39.0,Individual,6,High Risk,Manual Review
54316169,3000.0, 36 months,18.55,E,E2,5 years,OWN,26000.0,Not Verified,other,TX,33.15,0.0,700.0,704.0,1.0,77.6,16.0,Individual,5,High Risk,Manual Review
54384528,35000.0, 60 months,19.99,E,E4,4 years,RENT,78645.0,Verified,debt_consolidation,NJ,35.88,0.0,750.0,754.0,1.0,34.5,22.0,Individual,5,High Risk,Manual Review
53854630,29900.0, 60 months,20.99,E,E5,10+ years,MORTGAGE,68000.0,Verified,debt_consolidation,PA,32.05,0.0,690.0,694.0,1.0,45.2,18.0,Individual,5,High Risk,Manual Review
54534555,10975.0, 60 months,19.19,E,E3,4 years,MORTGAGE,32000.0,Not Verified,credit_card,SD,38.22,5.0,665.0,669.0,0.0,75.3,21.0,Individual,6,High Risk,Manual Review
51408035,10000.0, 60 months,24.99,F,F4,7 years,MORTGAGE,35000.0,Source Verified,other,AL,37.72,0.0,670.0,674.0,1.0,50.9,15.0,Individual,5,High Risk,Manual Review
54384480,19725.0, 60 months,25.78,F,F5,10+ years,MORTGAGE,47000.0,Source Verified,debt_consolidation,NC,33.89,0.0,660.0,664.0,0.0,89.4,20.0,Individual,6,High Risk,Manual Review
54316072,16375.0, 60 months,19.19,E,E3,10+ years,MORTGAGE,65000.0,Not Verified,debt_consolidation,TX,30.59,0.0,690.0,694.0,0.0,64.3,22.0,Individual,5,High Risk,Manual Review
54354617,12750.0, 60 months,18.55,E,E2,10+ years,OWN,29000.0,Source Verified,debt_consolidation,MN,31.04,0.0,705.0,709.0,0.0,44.3,19.0,Individual,5,High Risk,Manual Review
54374187,15100.0, 60 months,18.55,E,E2,8 years,RENT,62000.0,Verified,credit_card,MD,34.38,1.0,680.0,684.0,0.0,80.6,25.0,Individual,7,High Risk,Manual Review
54434671,20225.0, 60 months,18.25,E,E1,< 1 year,RENT,46000.0,Verified,credit_card,SD,34.99,0.0,660.0,664.0,0.0,84.2,45.0,Individual,6,High Risk,Manual Review
54514335,17975.0, 36 months,19.19,E,E3,8 years,MORTGAGE,52000.0,Source Verified,debt_consolidation,FL,31.5,0.0,665.0,669.0,1.0,69.6,21.0,Individual,5,High Risk,Manual Review
54324599,12525.0, 60 months,22.99,F,F2,,OWN,33000.0,Verified,car,GA,31.71,1.0,660.0,664.0,2.0,56.5,34.0,Individual,6,High Risk,Manual Review
54017179,14000.0, 60 months,18.25,E,E1,5 years,RENT,44000.0,Source Verified,debt_consolidation,AZ,34.15,0.0,670.0,674.0,0.0,28.5,32.0,Individual,5,High Risk,Manual Review
54403659,23100.0, 60 months,18.25,E,E1,10+ years,MORTGAGE,160000.0,Source Verified,credit_card,CA,9.85,2.0,665.0,669.0,0.0,102.1,32.0,Individual,5,High Risk,Manual Review
54197795,10650.0, 60 months,25.78,F,F5,10+ years,MORTGAGE,70000.0,Verified,debt_consolidation,WA,30.43,0.0,690.0,694.0,3.0,40.9,49.0,Individual,5,High Risk,Manual Review
54443429,3225.0, 36 months,19.19,E,E3,10+ years,MORTGAGE,61000.0,Not Verified,debt_consolidation,CA,35.49,0.0,700.0,704.0,1.0,65.4,36.0,Individual,5,High Risk,Manual Review
54315170,18000.0, 60 months,21.99,F,F1,9 years,MORTGAGE,50000.0,Not Verified,debt_consolidation,TX,37.66,0.0,695.0,699.0,1.0,51.7,21.0,Individual,5,High Risk,Manual Review
54423154,12450.0, 60 months,19.19,E,E3,< 1 year,OWN,35360.0,Source Verified,debt_consolidation,NY,30.11,0.0,690.0,694.0,0.0,42.2,35.0,Individual,5,High Risk,Manual Review
54384225,25000.0, 60 months,19.19,E,E3,10+ years,MORTGAGE,61000.0,Verified,credit_card,TN,31.75,0.0,685.0,689.0,2.0,79.0,21.0,Individual,5,High Risk,Manual Review
54523968,35000.0, 60 months,19.19,E,E3,< 1 year,MORTGAGE,82122.0,Verified,debt_consolidation,VA,35.73,0.0,700.0,704.0,0.0,85.3,43.0,Individual,6,High Risk,Manual Review
51947573,24450.0, 60 months,18.25,E,E1,10+ years,OWN,53154.0,Source Verified,debt_consolidation,OK,38.56,0.0,730.0,734.0,0.0,72.6,19.0,Individual,5,High Risk,Manual Review
54394295,35000.0, 60 months,19.19,E,E3,8 years,RENT,400000.0,Verified,debt_consolidation,NC,12.61,1.0,700.0,704.0,2.0,86.0,22.0,Individual,5,High Risk,Manual Review
53794151,35000.0, 60 months,27.31,G,G2,10+ years,OWN,140000.0,Verified,debt_consolidation,NY,18.29,1.0,675.0,679.0,1.0,88.3,37.0,Individual,5,High Risk,Manual Review
52159540,12000.0, 60 months,21.99,F,F1,7 years,OWN,24000.0,Source Verified,debt_consolidation,UT,30.8,0.0,670.0,674.0,0.0,63.1,26.0,Individual,5,High Risk,Manual Review
54414065,28375.0, 60 months,22.99,F,F2,10+ years,MORTGAGE,100000.0,Verified,debt_consolidation,MD,37.12,0.0,665.0,669.0,0.0,89.7,48.0,Individual,6,High Risk,Manual Review
54158827,5400.0, 36 months,19.19,E,E3,,MORTGAGE,15000.0,Verified,debt_consolidation,TX,32.88,0.0,685.0,689.0,1.0,90.6,10.0,Individual,6,High Risk,Manual Review
54534278,26825.0, 60 months,21.99,F,F1,10+ years,RENT,61000.0,Source Verified,debt_consolidation,TX,31.73,0.0,735.0,739.0,0.0,98.3,20.0,Individual,6,High Risk,Manual Review
54333821,15525.0, 60 months,19.19,E,E3,10+ years,RENT,37000.0,Verified,debt_consolidation,IL,36.1,0.0,660.0,664.0,1.0,46.4,38.0,Individual,5,High Risk,Manual Review
54404106,10000.0, 60 months,18.25,E,E1,3 years,OWN,33000.0,Source Verified,debt_consolidation,PA,30.04,1.0,680.0,684.0,1.0,12.0,37.0,Individual,6,High Risk,Manual Review
54434423,10750.0, 60 months,26.77,G,G1,3 years,RENT,31000.0,Verified,debt_consolidation,NV,30.47,0.0,660.0,664.0,2.0,42.9,35.0,Individual,5,High Risk,Manual Review
54424579,27750.0, 60 months,19.99,E,E4,2 years,MORTGAGE,87900.0,Verified,debt_consolidation,OH,33.01,0.0,705.0,709.0,1.0,35.3,54.0,Individual,5,High Risk,Manual Review
54079683,12575.0, 60 months,19.19,E,E3,2 years,MORTGAGE,37000.0,Verified,debt_consolidation,NY,31.66,3.0,660.0,664.0,1.0,66.6,30.0,Individual,6,High Risk,Manual Review
54434189,5400.0, 36 months,16.55,D,D2,3 years,RENT,18000.0,Verified,credit_card,GA,35.8,1.0,660.0,664.0,2.0,86.0,24.0,Individual,5,High Risk,Manual Review
53494128,26000.0, 60 months,18.25,E,E1,6 years,OWN,109000.0,Source Verified,credit_card,GA,15.29,1.0,685.0,689.0,0.0,83.7,32.0,Individual,5,High Risk,Manual Review
54373817,9775.0, 36 months,20.99,E,E5,8 years,OWN,45000.0,Verified,other,FL,31.84,0.0,680.0,684.0,3.0,12.4,21.0,Individual,5,High Risk,Manual Review
54344877,12000.0, 60 months,20.99,E,E5,2 years,OWN,44000.0,Source Verified,vacation,OK,24.52,1.0,665.0,669.0,0.0,90.2,16.0,Individual,5,High Risk,Manual Review
54444047,9200.0, 36 months,26.77,G,G1,4 years,RENT,48000.0,Source Verified,house,MI,35.95,0.0,665.0,669.0,1.0,63.0,11.0,Individual,5,High Risk,Manual Review
54454784,11000.0, 60 months,22.99,F,F2,7 years,OWN,50000.0,Not Verified,debt_consolidation,IL,35.74,0.0,695.0,699.0,2.0,47.0,35.0,Individual,5,High Risk,Manual Review
54334417,28000.0, 60 months,18.25,E,E1,5 years,MORTGAGE,114000.0,Verified,debt_consolidation,CA,33.05,0.0,705.0,709.0,4.0,37.0,45.0,Individual,5,High Risk,Manual Review
54454038,11000.0, 36 months,19.19,E,E3,,OWN,22000.0,Verified,credit_card,MS,31.59,0.0,670.0,674.0,1.0,82.7,15.0,Individual,6,High Risk,Manual Review
54127957,4800.0, 36 months,19.19,E,E3,2 years,MORTGAGE,19213.0,Verified,other,TX,39.1,1.0,675.0,679.0,0.0,42.1,72.0,Individual,6,High Risk,Manual Review
54433735,16800.0, 60 months,18.25,E,E1,1 year,MORTGAGE,57000.0,Source Verified,debt_consolidation,NJ,37.04,2.0,665.0,669.0,0.0,55.0,32.0,Individual,6,High Risk,Manual Review
54403694,7300.0, 36 months,18.25,E,E1,,RENT,20280.0,Verified,debt_consolidation,NV,34.56,0.0,660.0,664.0,0.0,97.8,24.0,Individual,6,High Risk,Manual Review
54544035,15000.0, 60 months,19.19,E,E3,1 year,MORTGAGE,54300.0,Source Verified,debt_consolidation,MN,30.63,0.0,670.0,674.0,1.0,77.3,26.0,Individual,5,High Risk,Manual Review
54314167,19500.0, 60 months,21.99,F,F1,2 years,RENT,39000.0,Not Verified,debt_consolidation,MN,33.23,0.0,730.0,734.0,1.0,24.5,47.0,Individual,5,High Risk,Manual Review
52718750,18775.0, 60 months,19.19,E,E3,9 years,OWN,42700.0,Source Verified,debt_consolidation,OH,35.36,0.0,700.0,704.0,0.0,58.4,29.0,Individual,5,High Risk,Manual Review
54334196,4000.0, 36 months,18.25,E,E1,5 years,RENT,41499.0,Verified,other,MI,31.59,0.0,680.0,684.0,1.0,44.3,24.0,Individual,5,High Risk,Manual Review
54353681,35000.0, 60 months,22.99,F,F2,10+ years,MORTGAGE,156000.0,Verified,debt_consolidation,MD,21.22,1.0,690.0,694.0,1.0,94.0,26.0,Individual,5,High Risk,Manual Review
54443764,8450.0, 36 months,18.25,E,E1,2 years,RENT,24000.0,Source Verified,debt_consolidation,CA,34.66,0.0,705.0,709.0,1.0,30.7,20.0,Individual,5,High Risk,Manual Review
54533774,16000.0, 60 months,18.25,E,E1,10+ years,RENT,54000.0,Verified,debt_consolidation,CA,34.82,0.0,665.0,669.0,1.0,66.2,20.0,Individual,5,High Risk,Manual Review
54323709,35000.0, 36 months,18.55,E,E2,10+ years,MORTGAGE,200000.0,Verified,debt_consolidation,OR,31.47,1.0,665.0,669.0,2.0,94.0,29.0,Individual,7,High Risk,Manual Review
54344182,14000.0, 60 months,20.99,E,E5,10+ years,MORTGAGE,85000.0,Verified,debt_consolidation,VA,34.17,0.0,680.0,684.0,0.0,90.0,57.0,Individual,6,High Risk,Manual Review
54393727,12400.0, 60 months,20.99,E,E5,< 1 year,MORTGAGE,36500.0,Verified,debt_consolidation,OH,34.63,0.0,730.0,734.0,1.0,53.9,28.0,Individual,5,High Risk,Manual Review
54463377,6250.0, 36 months,19.19,E,E3,1 year,RENT,26000.0,Verified,other,NY,26.32,1.0,660.0,664.0,1.0,87.0,25.0,Individual,5,High Risk,Manual Review
54058161,19150.0, 60 months,19.19,E,E3,5 years,RENT,60000.0,Source Verified,debt_consolidation,NY,35.42,0.0,670.0,674.0,0.0,34.3,22.0,Individual,5,High Risk,Manual Review
54323590,13425.0, 60 months,18.25,E,E1,2 years,RENT,32000.0,Verified,debt_consolidation,CA,31.04,0.0,720.0,724.0,1.0,33.9,37.0,Individual,5,High Risk,Manual Review
54334051,12000.0, 60 months,19.99,E,E4,< 1 year,MORTGAGE,43000.0,Not Verified,moving,OH,33.04,0.0,670.0,674.0,0.0,97.8,21.0,Individual,6,High Risk,Manual Review
54079258,8600.0, 36 months,18.55,E,E2,8 years,MORTGAGE,30000.0,Verified,small_business,FL,30.2,0.0,775.0,779.0,0.0,11.1,8.0,Individual,5,High Risk,Manual Review
54533780,15000.0, 60 months,15.61,D,D1,1 year,MORTGAGE,95500.0,Verified,credit_card,VA,36.38,1.0,670.0,674.0,1.0,89.4,31.0,Individual,5,High Risk,Manual Review
54523423,17450.0, 60 months,19.19,E,E3,7 years,OWN,48500.0,Verified,debt_consolidation,TX,31.72,0.0,680.0,684.0,1.0,81.3,40.0,Individual,6,High Risk,Manual Review
54323770,27000.0, 60 months,21.99,F,F1,6 years,MORTGAGE,54000.0,Source Verified,debt_consolidation,MO,25.44,1.0,670.0,674.0,0.0,82.2,33.0,Individual,5,High Risk,Manual Review
54323570,7900.0, 36 months,18.55,E,E2,9 years,MORTGAGE,22000.0,Source Verified,debt_consolidation,TX,31.91,1.0,665.0,669.0,2.0,61.6,28.0,Individual,6,High Risk,Manual Review
54463669,25000.0, 60 months,16.55,D,D2,9 years,MORTGAGE,81500.0,Source Verified,debt_consolidation,TX,32.76,1.0,660.0,664.0,0.0,88.4,17.0,Individual,5,High Risk,Manual Review
54393406,15000.0, 60 months,18.25,E,E1,10+ years,MORTGAGE,94000.0,Verified,credit_card,CT,12.26,1.0,675.0,679.0,1.0,97.0,25.0,Individual,5,High Risk,Manual Review
54373493,23300.0, 60 months,18.25,E,E1,10+ years,MORTGAGE,67000.0,Verified,debt_consolidation,WA,33.87,0.0,690.0,694.0,0.0,17.2,25.0,Individual,5,High Risk,Manual Review
54343365,30025.0, 60 months,19.99,E,E4,10+ years,MORTGAGE,78520.0,Verified,debt_consolidation,TN,32.99,0.0,690.0,694.0,0.0,69.1,43.0,Individual,5,High Risk,Manual Review
54218894,6000.0, 36 months,17.86,D,D5,10+ years,RENT,100000.0,Verified,vacation,WA,39.16,1.0,670.0,674.0,1.0,84.0,36.0,Individual,5,High Risk,Manual Review
54353319,15850.0, 60 months,19.19,E,E3,3 years,MORTGAGE,50063.5,Verified,debt_consolidation,MD,37.44,1.0,660.0,664.0,0.0,86.4,14.0,Individual,7,High Risk,Manual Review
54323303,35000.0, 60 months,18.25,E,E1,< 1 year,MORTGAGE,120000.0,Verified,debt_consolidation,TX,39.14,0.0,685.0,689.0,0.0,88.1,22.0,Individual,6,High Risk,Manual Review
54303595,23250.0, 60 months,19.99,E,E4,9 years,MORTGAGE,62000.0,Verified,credit_card,CA,35.2,0.0,670.0,674.0,0.0,82.5,39.0,Individual,6,High Risk,Manual Review
54159216,8575.0, 36 months,19.99,E,E4,1 year,RENT,26840.0,Source Verified,credit_card,MO,30.95,0.0,670.0,674.0,0.0,68.1,22.0,Individual,5,High Risk,Manual Review
54303339,11075.0, 60 months,19.19,E,E3,10+ years,OWN,50000.0,Source Verified,home_improvement,NE,28.56,1.0,665.0,669.0,1.0,88.8,32.0,Individual,5,High Risk,Manual Review
52728949,23675.0, 60 months,18.25,E,E1,5 years,RENT,74000.0,Verified,debt_consolidation,MD,33.88,0.0,705.0,709.0,0.0,49.2,17.0,Individual,5,High Risk,Manual Review
54101373,10000.0, 60 months,18.25,E,E1,10+ years,OWN,39000.0,Verified,debt_consolidation,FL,34.46,0.0,695.0,699.0,0.0,90.0,42.0,Individual,6,High Risk,Manual Review
54433408,30000.0, 60 months,15.61,D,D1,10+ years,RENT,85000.0,Verified,debt_consolidation,NJ,32.55,1.0,660.0,664.0,1.0,98.3,19.0,Individual,5,High Risk,Manual Review
54543343,7950.0, 36 months,23.99,F,F3,10+ years,OWN,28000.0,Verified,debt_consolidation,MI,34.8,0.0,680.0,684.0,2.0,36.8,33.0,Individual,5,High Risk,Manual Review
53794458,19300.0, 60 months,19.19,E,E3,10+ years,RENT,46000.0,Verified,credit_card,NY,38.54,0.0,660.0,664.0,0.0,97.8,24.0,Individual,6,High Risk,Manual Review
54101186,1850.0, 36 months,21.99,F,F1,2 years,RENT,41594.0,Not Verified,debt_consolidation,CA,31.3,0.0,680.0,684.0,0.0,78.3,15.0,Individual,5,High Risk,Manual Review
54543413,18000.0, 60 months,18.55,E,E2,6 years,MORTGAGE,45000.0,Source Verified,debt_consolidation,CA,37.6,0.0,660.0,664.0,0.0,46.1,19.0,Individual,5,High Risk,Manual Review
54313554,30675.0, 60 months,27.31,G,G2,10+ years,MORTGAGE,91278.0,Verified,debt_consolidation,GA,37.17,0.0,675.0,679.0,2.0,77.0,40.0,Individual,5,High Risk,Manual Review
54363362,5350.0, 36 months,19.19,E,E3,2 years,MORTGAGE,35000.0,Source Verified,other,MI,6.1,1.0,670.0,674.0,0.0,88.3,10.0,Individual,5,High Risk,Manual Review
53764535,25325.0, 60 months,27.88,G,G3,,MORTGAGE,57600.0,Verified,debt_consolidation,AK,19.33,1.0,680.0,684.0,0.0,93.8,20.0,Individual,5,High Risk,Manual Review
54453308,4175.0, 36 months,21.99,F,F1,2 years,OWN,24000.0,Not Verified,debt_consolidation,MI,30.11,0.0,665.0,669.0,3.0,54.1,11.0,Individual,5,High Risk,Manual Review
54248275,3850.0, 36 months,18.25,E,E1,< 1 year,RENT,11000.0,Not Verified,debt_consolidation,KS,30.02,0.0,705.0,709.0,0.0,45.8,39.0,Individual,5,High Risk,Manual Review
54158811,32000.0, 60 months,18.25,E,E1,2 years,MORTGAGE,70000.0,Verified,debt_consolidation,MI,36.45,0.0,685.0,689.0,2.0,65.6,27.0,Individual,5,High Risk,Manual Review
54383548,24000.0, 60 months,18.55,E,E2,8 years,RENT,63775.0,Source Verified,other,TX,33.84,0.0,695.0,699.0,0.0,91.7,24.0,Individual,6,High Risk,Manual Review
54316108,23575.0, 60 months,19.99,E,E4,10+ years,MORTGAGE,95000.0,Source Verified,debt_consolidation,OH,39.38,0.0,690.0,694.0,2.0,46.3,46.0,Individual,5,High Risk,Manual Review
54314308,30000.0, 60 months,19.19,E,E3,10+ years,OWN,61500.0,Verified,debt_consolidation,MA,30.17,0.0,690.0,694.0,0.0,63.4,38.0,Individual,5,High Risk,Manual Review
54394803,15950.0, 60 months,19.99,E,E4,10+ years,MORTGAGE,38000.0,Source Verified,debt_consolidation,OR,37.62,0.0,665.0,669.0,1.0,77.3,25.0,Individual,5,High Risk,Manual Review
54335609,14350.0, 60 months,19.99,E,E4,7 years,RENT,53000.0,Verified,debt_consolidation,CA,33.39,2.0,705.0,709.0,2.0,40.8,49.0,Individual,6,High Risk,Manual Review
54413775,7850.0, 36 months,18.25,E,E1,7 years,RENT,35000.0,Source Verified,debt_consolidation,FL,32.05,0.0,660.0,664.0,1.0,59.3,19.0,Individual,5,High Risk,Manual Review
53734358,12250.0, 60 months,19.19,E,E3,8 years,MORTGAGE,67000.0,Verified,debt_consolidation,WA,31.72,1.0,715.0,719.0,0.0,70.8,26.0,Individual,6,High Risk,Manual Review
54423666,9075.0, 36 months,19.19,E,E3,10+ years,MORTGAGE,30256.23,Source Verified,debt_consolidation,MS,25.16,1.0,670.0,674.0,1.0,83.5,21.0,Individual,5,High Risk,Manual Review
24056259,20675.0, 60 months,19.99,E,E4,10+ years,MORTGAGE,47000.0,Source Verified,debt_consolidation,IL,35.83,0.0,700.0,704.0,2.0,56.0,29.0,Individual,5,High Risk,Manual Review
53734128,15000.0, 60 months,19.99,E,E4,7 years,RENT,63000.0,Source Verified,debt_consolidation,TX,32.17,0.0,675.0,679.0,0.0,74.5,16.0,Individual,5,High Risk,Manual Review
54037984,24000.0, 60 months,18.25,E,E1,2 years,MORTGAGE,75000.0,Source Verified,debt_consolidation,PA,31.09,7.0,675.0,679.0,1.0,63.1,42.0,Individual,6,High Risk,Manual Review
52888476,14425.0, 36 months,18.55,E,E2,4 years,RENT,67522.0,Verified,debt_consolidation,MD,37.47,0.0,700.0,704.0,0.0,5.3,48.0,Individual,5,High Risk,Manual Review
54353335,28400.0, 60 months,18.55,E,E2,10+ years,MORTGAGE,90000.0,Verified,debt_consolidation,WA,32.55,0.0,705.0,709.0,0.0,87.9,20.0,Individual,6,High Risk,Manual Review
54523207,20400.0, 60 months,18.55,E,E2,10+ years,MORTGAGE,65000.0,Verified,debt_consolidation,AZ,17.09,2.0,660.0,664.0,1.0,87.4,36.0,Individual,5,High Risk,Manual Review
54393456,19400.0, 60 months,18.25,E,E1,< 1 year,RENT,60000.0,Source Verified,debt_consolidation,CA,30.5,1.0,690.0,694.0,0.0,37.7,23.0,Individual,6,High Risk,Manual Review
54568265,30000.0, 36 months,18.55,E,E2,4 years,OWN,99980.0,Verified,debt_consolidation,MI,20.83,2.0,675.0,679.0,2.0,89.3,12.0,Individual,5,High Risk,Manual Review
54304177,26500.0, 60 months,23.99,F,F3,10+ years,MORTGAGE,122000.0,Source Verified,debt_consolidation,NC,30.78,0.0,660.0,664.0,0.0,50.3,45.0,Individual,5,High Risk,Manual Review
54107667,6050.0, 36 months,20.99,E,E5,2 years,RENT,24300.0,Source Verified,moving,CO,31.25,0.0,675.0,679.0,0.0,62.5,7.0,Individual,5,High Risk,Manual Review
54316112,18000.0, 60 months,22.99,F,F2,10+ years,RENT,50000.0,Source Verified,debt_consolidation,CA,28.68,2.0,670.0,674.0,0.0,92.5,18.0,Individual,5,High Risk,Manual Review
54101044,12400.0, 36 months,23.99,F,F3,10+ years,OWN,34500.0,Verified,debt_consolidation,KY,33.04,0.0,695.0,699.0,3.0,56.7,35.0,Individual,5,High Risk,Manual Review
54100621,16200.0, 36 months,23.99,F,F3,10+ years,RENT,90000.0,Verified,debt_consolidation,CA,30.28,0.0,665.0,669.0,2.0,76.7,18.0,Individual,5,High Risk,Manual Review
53854432,26225.0, 36 months,19.99,E,E4,3 years,MORTGAGE,77210.28,Verified,debt_consolidation,CT,34.49,0.0,665.0,669.0,0.0,48.0,41.0,Individual,5,High Risk,Manual Review
54303133,12050.0, 36 months,19.19,E,E3,10+ years,OWN,80000.0,Verified,other,CA,30.27,0.0,665.0,669.0,3.0,69.0,30.0,Individual,5,High Risk,Manual Review
54037540,15925.0, 60 months,25.78,F,F5,8 years,MORTGAGE,51470.0,Verified,debt_consolidation,TX,35.63,0.0,665.0,669.0,0.0,66.7,26.0,Individual,5,High Risk,Manual Review
53996176,16000.0, 60 months,20.99,E,E5,< 1 year,RENT,40000.0,Source Verified,credit_card,CA,32.76,0.0,685.0,689.0,1.0,78.9,12.0,Individual,5,High Risk,Manual Review
54028764,18000.0, 60 months,20.99,E,E5,10+ years,MORTGAGE,52000.0,Verified,debt_consolidation,MA,32.45,0.0,670.0,674.0,0.0,56.0,67.0,Individual,5,High Risk,Manual Review
54283903,7000.0, 36 months,18.25,E,E1,,MORTGAGE,72304.0,Verified,debt_consolidation,AK,39.84,0.0,685.0,689.0,0.0,65.6,42.0,Individual,5,High Risk,Manual Review
53504971,13000.0, 60 months,22.99,F,F2,,MORTGAGE,36600.0,Verified,debt_consolidation,MI,32.2,0.0,680.0,684.0,1.0,34.0,25.0,Individual,5,High Risk,Manual Review
54068574,3950.0, 36 months,21.99,F,F1,4 years,MORTGAGE,37500.0,Not Verified,debt_consolidation,NC,30.91,0.0,670.0,674.0,0.0,80.0,27.0,Individual,5,High Risk,Manual Review
54118091,12175.0, 60 months,18.55,E,E2,7 years,RENT,50000.0,Source Verified,debt_consolidation,CA,30.6,0.0,690.0,694.0,0.0,50.9,13.0,Individual,5,High Risk,Manual Review
54027528,20400.0, 60 months,19.19,E,E3,9 years,MORTGAGE,58000.0,Verified,debt_consolidation,FL,34.95,0.0,690.0,694.0,1.0,53.7,42.0,Individual,5,High Risk,Manual Review
51896470,35000.0, 60 months,18.55,E,E2,3 years,MORTGAGE,85000.0,Verified,small_business,FL,34.46,7.0,690.0,694.0,1.0,76.1,43.0,Individual,6,High Risk,Manual Review
54100001,7275.0, 36 months,18.55,E,E2,5 years,MORTGAGE,49000.0,Source Verified,debt_consolidation,NH,34.12,0.0,665.0,669.0,1.0,42.2,18.0,Individual,5,High Risk,Manual Review
53019566,31500.0, 60 months,20.99,E,E5,5 years,MORTGAGE,150000.0,Verified,debt_consolidation,IL,14.5,4.0,660.0,664.0,0.0,97.0,31.0,Individual,5,High Risk,Manual Review
54018280,22800.0, 60 months,21.99,F,F1,5 years,RENT,60000.0,Source Verified,debt_consolidation,HI,30.38,0.0,695.0,699.0,0.0,96.9,9.0,Individual,6,High Risk,Manual Review
53302619,4150.0, 36 months,23.99,F,F3,3 years,RENT,25800.0,Not Verified,home_improvement,NV,34.65,0.0,660.0,664.0,1.0,70.9,5.0,Individual,5,High Risk,Manual Review
54099289,23100.0, 60 months,23.99,F,F3,10+ years,MORTGAGE,55000.0,Source Verified,debt_consolidation,LA,36.96,0.0,685.0,689.0,2.0,91.5,29.0,Individual,6,High Risk,Manual Review
54168010,32350.0, 60 months,21.99,F,F1,5 years,OWN,80000.0,Verified,debt_consolidation,OK,28.16,1.0,665.0,669.0,0.0,84.7,28.0,Individual,5,High Risk,Manual Review
54099634,9575.0, 36 months,21.99,F,F1,1 year,MORTGAGE,39000.0,Verified,debt_consolidation,MN,32.92,0.0,660.0,664.0,1.0,49.6,29.0,Individual,5,High Risk,Manual Review
54068434,16500.0, 60 months,18.55,E,E2,10+ years,MORTGAGE,33000.0,Source Verified,debt_consolidation,CA,31.05,2.0,660.0,664.0,0.0,93.5,15.0,Individual,7,High Risk,Manual Review
54067773,16000.0, 60 months,18.55,E,E2,9 years,MORTGAGE,100000.0,Source Verified,debt_consolidation,MO,18.84,1.0,660.0,664.0,1.0,89.6,32.0,Individual,5,High Risk,Manual Review
54099057,12000.0, 60 months,21.99,F,F1,2 years,RENT,55000.0,Verified,other,FL,35.04,0.0,680.0,684.0,3.0,33.7,27.0,Individual,5,High Risk,Manual Review
54239003,2500.0, 36 months,18.25,E,E1,,RENT,15000.0,Verified,medical,WA,37.36,0.0,665.0,669.0,0.0,98.4,9.0,Individual,6,High Risk,Manual Review
54099562,12775.0, 60 months,19.19,E,E3,4 years,OWN,30468.0,Verified,debt_consolidation,FL,38.64,0.0,660.0,664.0,0.0,57.2,23.0,Individual,5,High Risk,Manual Review
54047854,24975.0, 60 months,19.19,E,E3,4 years,MORTGAGE,115000.0,Verified,debt_consolidation,PA,38.75,1.0,675.0,679.0,0.0,93.1,28.0,Individual,7,High Risk,Manual Review
54087911,8400.0, 36 months,20.99,E,E5,10+ years,MORTGAGE,40000.0,Verified,home_improvement,MD,32.19,0.0,660.0,664.0,3.0,11.0,43.0,Individual,5,High Risk,Manual Review
54057863,26600.0, 60 months,18.55,E,E2,7 years,MORTGAGE,65000.0,Source Verified,debt_consolidation,OH,30.78,0.0,685.0,689.0,1.0,34.3,17.0,Individual,5,High Risk,Manual Review
53995794,23200.0, 60 months,23.99,F,F3,,MORTGAGE,52600.0,Verified,debt_consolidation,NM,30.87,0.0,675.0,679.0,4.0,53.4,35.0,Individual,5,High Risk,Manual Review
54037670,20000.0, 60 months,18.55,E,E2,9 years,RENT,80000.0,Verified,credit_card,NY,33.51,0.0,685.0,689.0,0.0,88.6,22.0,Individual,6,High Risk,Manual Review
54178151,9525.0, 36 months,18.25,E,E1,< 1 year,MORTGAGE,64000.0,Verified,credit_card,IL,35.29,0.0,675.0,679.0,0.0,61.3,55.0,Individual,5,High Risk,Manual Review
54249033,14800.0, 60 months,19.99,E,E4,10+ years,MORTGAGE,50000.0,Verified,debt_consolidation,MD,14.59,2.0,675.0,679.0,2.0,99.0,19.0,Individual,5,High Risk,Manual Review
54207744,3000.0, 36 months,18.25,E,E1,3 years,RENT,47000.0,Not Verified,other,NY,13.07,2.0,665.0,669.0,0.0,86.4,43.0,Individual,5,High Risk,Manual Review
54249012,23750.0, 60 months,18.55,E,E2,5 years,OWN,98000.0,Source Verified,debt_consolidation,GA,37.29,0.0,675.0,679.0,0.0,56.7,24.0,Individual,5,High Risk,Manual Review
54098964,10000.0, 60 months,19.99,E,E4,10+ years,RENT,30000.0,Source Verified,debt_consolidation,NY,33.4,0.0,665.0,669.0,0.0,81.3,11.0,Individual,6,High Risk,Manual Review
54283341,16550.0, 60 months,21.99,F,F1,,OWN,43000.0,Verified,home_improvement,TN,32.29,0.0,725.0,729.0,0.0,83.1,14.0,Individual,6,High Risk,Manual Review
54158262,24000.0, 60 months,19.19,E,E3,10+ years,RENT,93000.0,Verified,debt_consolidation,NY,8.92,1.0,660.0,664.0,1.0,95.7,23.0,Individual,5,High Risk,Manual Review
54028127,24000.0, 60 months,18.25,E,E1,10+ years,OWN,102000.0,Source Verified,credit_card,HI,22.35,1.0,660.0,664.0,1.0,97.4,21.0,Individual,5,High Risk,Manual Review
53544130,15800.0, 60 months,22.99,F,F2,10+ years,MORTGAGE,48000.0,Verified,debt_consolidation,OK,38.7,0.0,685.0,689.0,0.0,85.5,28.0,Individual,6,High Risk,Manual Review
53824615,22700.0, 60 months,18.25,E,E1,3 years,RENT,55000.0,Source Verified,debt_consolidation,TN,38.18,0.0,715.0,719.0,0.0,53.6,28.0,Individual,5,High Risk,Manual Review
52018034,20000.0, 60 months,18.55,E,E2,< 1 year,RENT,50000.0,Verified,credit_card,PA,37.97,0.0,665.0,669.0,0.0,63.4,29.0,Individual,5,High Risk,Manual Review
54098630,19200.0, 60 months,18.55,E,E2,7 years,MORTGAGE,60000.0,Source Verified,debt_consolidation,PA,19.63,2.0,660.0,664.0,0.0,100.0,33.0,Individual,5,High Risk,Manual Review
54078233,27150.0, 60 months,15.61,D,D1,,MORTGAGE,70000.0,Verified,home_improvement,NJ,32.76,1.0,675.0,679.0,0.0,82.4,13.0,Individual,5,High Risk,Manual Review
54098566,12475.0, 60 months,24.99,F,F4,2 years,MORTGAGE,39000.0,Not Verified,credit_card,OH,39.35,0.0,675.0,679.0,1.0,60.7,45.0,Individual,5,High Risk,Manual Review
53019266,17250.0, 60 months,18.25,E,E1,4 years,MORTGAGE,61000.0,Not Verified,debt_consolidation,FL,31.08,1.0,670.0,674.0,1.0,81.7,21.0,Individual,7,High Risk,Manual Review
54017833,10000.0, 60 months,18.25,E,E1,10+ years,OWN,40000.0,Source Verified,debt_consolidation,GA,39.3,1.0,660.0,664.0,1.0,39.3,50.0,Individual,6,High Risk,Manual Review
54017804,19850.0, 60 months,19.19,E,E3,3 years,RENT,75000.0,Verified,debt_consolidation,MI,33.23,0.0,660.0,664.0,0.0,68.7,31.0,Individual,5,High Risk,Manual Review
54177961,17600.0, 60 months,19.99,E,E4,,OWN,40030.0,Verified,debt_consolidation,TX,32.53,0.0,695.0,699.0,1.0,52.4,21.0,Individual,5,High Risk,Manual Review
54187671,16800.0, 60 months,18.25,E,E1,10+ years,RENT,45000.0,Verified,credit_card,OH,31.44,0.0,665.0,669.0,4.0,36.2,22.0,Individual,5,High Risk,Manual Review
54177924,12500.0, 60 months,18.25,E,E1,3 years,RENT,34750.0,Source Verified,debt_consolidation,CO,33.13,0.0,675.0,679.0,0.0,100.0,26.0,Individual,6,High Risk,Manual Review
52199521,20000.0, 60 months,18.55,E,E2,5 years,MORTGAGE,50000.0,Source Verified,credit_card,MS,19.9,1.0,680.0,684.0,0.0,94.4,35.0,Individual,5,High Risk,Manual Review
54177900,35000.0, 60 months,21.99,F,F1,8 years,RENT,90000.0,Verified,debt_consolidation,NJ,22.25,1.0,660.0,664.0,1.0,87.8,26.0,Individual,5,High Risk,Manual Review
54177890,12000.0, 60 months,18.55,E,E2,10+ years,RENT,38000.0,Source Verified,debt_consolidation,VA,17.37,2.0,660.0,664.0,0.0,82.0,21.0,Individual,5,High Risk,Manual Review
53995533,16725.0, 60 months,21.99,F,F1,,RENT,49200.0,Verified,debt_consolidation,IN,31.05,0.0,725.0,729.0,0.0,32.3,31.0,Individual,5,High Risk,Manual Review
51896697,10800.0, 60 months,18.25,E,E1,10+ years,RENT,27000.0,Source Verified,debt_consolidation,CO,33.87,1.0,675.0,679.0,0.0,66.1,12.0,Individual,6,High Risk,Manual Review
54248679,10300.0, 60 months,18.55,E,E2,,MORTGAGE,50000.0,Source Verified,debt_consolidation,MI,32.14,0.0,675.0,679.0,0.0,47.6,17.0,Individual,5,High Risk,Manual Review
54228617,1800.0, 36 months,18.55,E,E2,9 years,RENT,14000.0,Verified,credit_card,WI,33.45,0.0,675.0,679.0,0.0,90.2,8.0,Individual,6,High Risk,Manual Review
54097542,19075.0, 60 months,26.77,G,G1,6 years,RENT,53000.0,Verified,debt_consolidation,MS,34.38,1.0,670.0,674.0,4.0,23.4,30.0,Individual,6,High Risk,Manual Review
54177714,14025.0, 60 months,18.25,E,E1,7 years,OWN,41774.67,Source Verified,debt_consolidation,FL,31.97,0.0,730.0,734.0,0.0,,13.0,Individual,5,High Risk,Manual Review
54177697,10975.0, 60 months,18.55,E,E2,10+ years,MORTGAGE,65000.0,Source Verified,debt_consolidation,KY,32.96,0.0,660.0,664.0,0.0,65.3,17.0,Individual,5,High Risk,Manual Review
54077117,19475.0, 60 months,23.99,F,F3,10+ years,MORTGAGE,60864.0,Not Verified,debt_consolidation,GA,29.42,1.0,660.0,664.0,2.0,83.2,20.0,Individual,5,High Risk,Manual Review
52829255,5225.0, 36 months,19.19,E,E3,2 years,RENT,40000.0,Source Verified,other,NY,31.65,2.0,710.0,714.0,0.0,27.9,19.0,Individual,6,High Risk,Manual Review
54027835,10000.0, 60 months,16.55,D,D2,10+ years,RENT,72000.0,Verified,debt_consolidation,VA,31.03,1.0,665.0,669.0,0.0,96.6,45.0,Individual,5,High Risk,Manual Review
54207443,6475.0, 36 months,15.61,D,D1,1 year,RENT,18000.0,Source Verified,credit_card,CO,32.4,1.0,665.0,669.0,0.0,86.7,28.0,Individual,5,High Risk,Manual Review
54057424,35000.0, 60 months,19.99,E,E4,4 years,RENT,110000.0,Verified,debt_consolidation,CA,35.41,0.0,670.0,674.0,1.0,95.7,29.0,Individual,6,High Risk,Manual Review
54037264,22475.0, 60 months,19.99,E,E4,1 year,MORTGAGE,65000.0,Verified,debt_consolidation,DC,38.52,0.0,680.0,684.0,0.0,23.0,34.0,Individual,5,High Risk,Manual Review
54218411,10800.0, 60 months,19.19,E,E3,10+ years,OWN,62000.0,Source Verified,debt_consolidation,NH,28.84,1.0,660.0,664.0,1.0,90.0,30.0,Individual,5,High Risk,Manual Review
54238517,28600.0, 60 months,24.99,F,F4,7 years,OWN,65000.0,Verified,debt_consolidation,FL,37.5,0.0,660.0,664.0,1.0,69.1,30.0,Individual,5,High Risk,Manual Review
53944439,19200.0, 60 months,27.88,G,G3,1 year,MORTGAGE,54000.0,Source Verified,debt_consolidation,TX,21.04,1.0,685.0,689.0,0.0,94.0,37.0,Individual,5,High Risk,Manual Review
54177614,21600.0, 60 months,19.19,E,E3,5 years,MORTGAGE,60000.0,Source Verified,debt_consolidation,NM,35.02,0.0,675.0,679.0,0.0,79.3,18.0,Individual,5,High Risk,Manual Review
54117348,21800.0, 60 months,18.25,E,E1,< 1 year,RENT,62000.0,Verified,debt_consolidation,GA,30.01,0.0,710.0,714.0,1.0,39.7,43.0,Individual,5,High Risk,Manual Review
54027636,3600.0, 36 months,16.99,D,D3,10+ years,MORTGAGE,42000.0,Source Verified,other,TX,31.49,1.0,680.0,684.0,0.0,88.1,20.0,Individual,5,High Risk,Manual Review
53665002,16000.0, 60 months,16.55,D,D2,10+ years,MORTGAGE,52000.0,Not Verified,credit_card,MI,34.46,1.0,660.0,664.0,2.0,82.3,45.0,Individual,5,High Risk,Manual Review
53874337,21000.0, 60 months,20.99,E,E5,1 year,OWN,52500.0,Verified,credit_card,MO,34.99,0.0,680.0,684.0,1.0,81.2,33.0,Individual,6,High Risk,Manual Review
54127580,18900.0, 60 months,18.55,E,E2,6 years,MORTGAGE,200000.0,Verified,debt_consolidation,NY,20.43,1.0,675.0,679.0,0.0,86.5,24.0,Individual,5,High Risk,Manual Review
54107371,3975.0, 36 months,18.25,E,E1,10+ years,MORTGAGE,75000.0,Source Verified,debt_consolidation,TN,17.97,7.0,660.0,664.0,3.0,83.0,29.0,Individual,5,High Risk,Manual Review
54077867,2450.0, 36 months,18.25,E,E1,< 1 year,RENT,11151.0,Source Verified,debt_consolidation,NY,39.35,0.0,665.0,669.0,0.0,46.8,13.0,Individual,5,High Risk,Manual Review
53665046,11200.0, 60 months,18.55,E,E2,6 years,MORTGAGE,39000.0,Source Verified,debt_consolidation,CT,31.35,0.0,705.0,709.0,1.0,33.4,20.0,Individual,5,High Risk,Manual Review
54157201,13675.0, 60 months,19.99,E,E4,10+ years,MORTGAGE,38000.0,Not Verified,debt_consolidation,PA,37.78,0.0,700.0,704.0,1.0,68.0,27.0,Individual,5,High Risk,Manual Review
54107336,30150.0, 60 months,22.99,F,F2,10+ years,MORTGAGE,90000.0,Verified,debt_consolidation,PA,31.79,0.0,690.0,694.0,1.0,76.6,31.0,Individual,5,High Risk,Manual Review
54017427,30400.0, 60 months,20.99,E,E5,2 years,OWN,80000.0,Verified,debt_consolidation,IL,31.7,0.0,695.0,699.0,1.0,90.4,21.0,Individual,6,High Risk,Manual Review
54027291,18000.0, 60 months,18.25,E,E1,8 years,MORTGAGE,56000.0,Verified,credit_card,TX,20.85,1.0,690.0,694.0,1.0,88.2,25.0,Individual,5,High Risk,Manual Review
53644163,20000.0, 60 months,18.55,E,E2,5 years,MORTGAGE,70000.0,Verified,debt_consolidation,PA,19.36,2.0,660.0,664.0,0.0,80.2,22.0,Individual,5,High Risk,Manual Review
54157327,16325.0, 60 months,18.55,E,E2,1 year,MORTGAGE,45000.0,Not Verified,debt_consolidation,OH,37.87,0.0,705.0,709.0,0.0,48.7,30.0,Individual,5,High Risk,Manual Review
54187356,10000.0, 36 months,16.55,D,D2,10+ years,RENT,90000.0,Verified,vacation,MD,30.67,1.0,660.0,664.0,0.0,92.9,24.0,Individual,5,High Risk,Manual Review
51979220,12300.0, 60 months,19.99,E,E4,1 year,RENT,28000.0,Source Verified,credit_card,NM,36.95,0.0,705.0,709.0,0.0,59.2,24.0,Individual,5,High Risk,Manual Review
54197302,6600.0, 36 months,18.55,E,E2,4 years,RENT,25000.0,Source Verified,debt_consolidation,DE,34.13,0.0,695.0,699.0,0.0,78.5,6.0,Individual,5,High Risk,Manual Review
54047233,21600.0, 36 months,18.55,E,E2,3 years,MORTGAGE,60000.0,Verified,debt_consolidation,MI,37.54,0.0,690.0,694.0,4.0,47.0,48.0,Individual,5,High Risk,Manual Review
54197321,15000.0, 60 months,18.55,E,E2,8 years,RENT,58000.0,Source Verified,debt_consolidation,TX,37.6,0.0,680.0,684.0,0.0,86.3,21.0,Individual,6,High Risk,Manual Review
54137163,29475.0, 60 months,19.19,E,E3,,MORTGAGE,65500.0,Verified,credit_card,TX,35.93,0.0,670.0,674.0,2.0,65.0,29.0,Individual,5,High Risk,Manual Review
54017133,30000.0, 36 months,19.99,E,E4,10+ years,MORTGAGE,83700.0,Source Verified,debt_consolidation,NV,33.28,0.0,660.0,664.0,1.0,55.1,32.0,Individual,5,High Risk,Manual Review
54207155,15075.0, 60 months,24.99,F,F4,10+ years,RENT,37692.0,Source Verified,debt_consolidation,MO,31.9,0.0,685.0,689.0,0.0,97.6,7.0,Individual,6,High Risk,Manual Review
54097140,6475.0, 36 months,19.19,E,E3,< 1 year,RENT,30000.0,Source Verified,debt_consolidation,VA,38.96,0.0,670.0,674.0,0.0,65.1,11.0,Individual,5,High Risk,Manual Review
54238229,6450.0, 36 months,19.99,E,E4,10+ years,MORTGAGE,45000.0,Not Verified,debt_consolidation,AR,34.43,0.0,675.0,679.0,1.0,94.3,18.0,Individual,6,High Risk,Manual Review
53944841,12525.0, 36 months,18.25,E,E1,10+ years,RENT,50000.0,Source Verified,other,IL,29.81,2.0,670.0,674.0,1.0,87.9,14.0,Individual,5,High Risk,Manual Review
53784626,20000.0, 60 months,18.25,E,E1,6 years,OWN,52000.0,Source Verified,debt_consolidation,UT,33.97,0.0,680.0,684.0,0.0,88.1,26.0,Individual,6,High Risk,Manual Review
53796265,16525.0, 60 months,18.25,E,E1,3 years,MORTGAGE,54345.0,Source Verified,debt_consolidation,NC,37.92,1.0,705.0,709.0,0.0,74.7,26.0,Individual,6,High Risk,Manual Review
53212194,35000.0, 60 months,20.99,E,E5,10+ years,MORTGAGE,75000.0,Verified,credit_card,NY,31.65,0.0,695.0,699.0,0.0,89.7,21.0,Individual,6,High Risk,Manual Review
54238125,7675.0, 36 months,18.55,E,E2,7 years,RENT,26100.0,Source Verified,debt_consolidation,NY,35.54,0.0,690.0,694.0,1.0,32.3,10.0,Individual,5,High Risk,Manual Review
53081598,26525.0, 36 months,18.55,E,E2,5 years,OWN,75000.0,Verified,debt_consolidation,IL,31.18,0.0,680.0,684.0,0.0,77.0,42.0,Individual,5,High Risk,Manual Review
53904775,13675.0, 60 months,19.19,E,E3,10+ years,RENT,35000.0,Source Verified,debt_consolidation,NJ,35.63,0.0,675.0,679.0,0.0,49.3,20.0,Individual,5,High Risk,Manual Review
53894701,19600.0, 60 months,19.19,E,E3,1 year,MORTGAGE,58630.0,Verified,debt_consolidation,OH,19.18,1.0,685.0,689.0,2.0,86.3,46.0,Individual,5,High Risk,Manual Review
53844594,13675.0, 60 months,19.99,E,E4,10+ years,RENT,38000.0,Source Verified,debt_consolidation,NJ,12.76,2.0,665.0,669.0,0.0,94.0,24.0,Individual,5,High Risk,Manual Review
53322744,12250.0, 36 months,18.55,E,E2,10+ years,MORTGAGE,44000.0,Verified,debt_consolidation,OK,35.19,0.0,670.0,674.0,1.0,74.9,36.0,Individual,5,High Risk,Manual Review
53934201,1050.0, 36 months,18.25,E,E1,4 years,OWN,20000.0,Verified,other,NY,38.54,0.0,675.0,679.0,0.0,89.9,27.0,Individual,6,High Risk,Manual Review
53795709,34200.0, 36 months,19.19,E,E3,9 years,OWN,90000.0,Verified,home_improvement,TN,1.51,1.0,660.0,664.0,0.0,89.6,30.0,Individual,5,High Risk,Manual Review
53754464,26000.0, 60 months,19.19,E,E3,10+ years,MORTGAGE,52000.0,Source Verified,debt_consolidation,NJ,38.31,2.0,690.0,694.0,3.0,51.0,46.0,Individual,6,High Risk,Manual Review
53834569,10700.0, 60 months,21.99,F,F1,10+ years,MORTGAGE,30100.0,Not Verified,debt_consolidation,WA,32.33,0.0,665.0,669.0,1.0,93.9,31.0,Individual,6,High Risk,Manual Review
52048473,14400.0, 60 months,19.99,E,E4,1 year,MORTGAGE,50000.0,Source Verified,debt_consolidation,KY,27.17,1.0,685.0,689.0,0.0,89.8,28.0,Individual,5,High Risk,Manual Review
53864343,13500.0, 36 months,19.19,E,E3,10+ years,MORTGAGE,45000.0,Source Verified,debt_consolidation,TX,31.01,3.0,665.0,669.0,1.0,40.2,28.0,Individual,6,High Risk,Manual Review
53894407,10525.0, 60 months,19.99,E,E4,10+ years,MORTGAGE,30000.0,Not Verified,debt_consolidation,FL,39.52,1.0,660.0,664.0,1.0,76.1,17.0,Individual,6,High Risk,Manual Review
53904484,5000.0, 36 months,16.55,D,D2,4 years,RENT,40040.0,Verified,debt_consolidation,CA,30.64,1.0,660.0,664.0,1.0,82.0,26.0,Individual,5,High Risk,Manual Review
53884538,12000.0, 60 months,19.19,E,E3,10+ years,RENT,40300.0,Verified,debt_consolidation,TX,34.28,0.0,670.0,674.0,1.0,39.9,81.0,Individual,5,High Risk,Manual Review
52798431,13875.0, 60 months,19.99,E,E4,10+ years,RENT,40000.0,Source Verified,debt_consolidation,TX,35.4,0.0,710.0,714.0,0.0,37.6,14.0,Individual,5,High Risk,Manual Review
53764239,2350.0, 36 months,20.99,E,E5,5 years,MORTGAGE,43680.0,Not Verified,home_improvement,CO,30.41,1.0,660.0,664.0,2.0,71.9,15.0,Individual,6,High Risk,Manual Review
53924374,10500.0, 60 months,23.99,F,F3,4 years,RENT,25000.0,Verified,debt_consolidation,MI,34.61,0.0,665.0,669.0,3.0,49.4,31.0,Individual,5,High Risk,Manual Review
53944400,25000.0, 60 months,19.99,E,E4,10+ years,MORTGAGE,125000.0,Verified,home_improvement,CA,4.48,1.0,660.0,664.0,0.0,83.6,27.0,Individual,5,High Risk,Manual Review
53614220,35000.0, 60 months,23.99,F,F3,10+ years,OWN,93000.0,Verified,credit_card,NY,31.29,0.0,710.0,714.0,2.0,42.7,36.0,Individual,5,High Risk,Manual Review
52516551,24500.0, 60 months,19.99,E,E4,10+ years,MORTGAGE,65000.0,Source Verified,debt_consolidation,VA,32.9,0.0,685.0,689.0,1.0,68.6,28.0,Individual,5,High Risk,Manual Review
53505081,14000.0, 60 months,23.99,F,F3,9 years,RENT,35000.0,Source Verified,debt_consolidation,CT,39.92,0.0,705.0,709.0,0.0,72.9,18.0,Individual,5,High Risk,Manual Review
53774298,30000.0, 60 months,19.99,E,E4,< 1 year,MORTGAGE,130000.0,Source Verified,debt_consolidation,CA,13.87,2.0,680.0,684.0,2.0,94.1,30.0,Individual,5,High Risk,Manual Review
52290126,6825.0, 36 months,20.99,E,E5,5 years,RENT,19000.0,Source Verified,debt_consolidation,KS,37.46,0.0,675.0,679.0,1.0,46.8,9.0,Individual,5,High Risk,Manual Review
53794750,35000.0, 60 months,19.19,E,E3,10+ years,OWN,90000.0,Verified,debt_consolidation,CA,36.07,0.0,690.0,694.0,0.0,50.4,23.0,Individual,5,High Risk,Manual Review
50840341,28000.0, 60 months,19.99,E,E4,6 years,MORTGAGE,72000.0,Verified,debt_consolidation,OK,30.57,0.0,690.0,694.0,2.0,48.5,29.0,Individual,5,High Risk,Manual Review
53884397,30350.0, 60 months,18.55,E,E2,6 years,RENT,69000.0,Verified,debt_consolidation,MD,30.1,1.0,680.0,684.0,0.0,94.0,18.0,Individual,7,High Risk,Manual Review
53894134,27450.0, 60 months,19.19,E,E3,9 years,MORTGAGE,70000.0,Verified,credit_card,NJ,30.7,0.0,685.0,689.0,0.0,84.1,21.0,Individual,6,High Risk,Manual Review
53382112,25200.0, 60 months,24.99,F,F4,< 1 year,MORTGAGE,80000.0,Verified,debt_consolidation,TX,31.49,0.0,665.0,669.0,0.0,65.6,31.0,Individual,5,High Risk,Manual Review
53554561,25000.0, 60 months,19.19,E,E3,4 years,MORTGAGE,80000.0,Source Verified,debt_consolidation,IN,36.14,0.0,730.0,734.0,0.0,62.2,41.0,Individual,5,High Risk,Manual Review
53934193,20000.0, 60 months,18.55,E,E2,10+ years,RENT,70000.0,Verified,debt_consolidation,MD,34.53,1.0,690.0,694.0,0.0,73.8,19.0,Individual,6,High Risk,Manual Review
51908358,22100.0, 60 months,19.99,E,E4,10+ years,MORTGAGE,58000.0,Verified,debt_consolidation,NC,37.39,0.0,695.0,699.0,0.0,51.1,46.0,Individual,5,High Risk,Manual Review
51958008,7100.0, 36 months,17.57,D,D4,9 years,MORTGAGE,58500.0,Not Verified,debt_consolidation,CO,30.95,3.0,680.0,684.0,0.0,97.0,26.0,Individual,5,High Risk,Manual Review
53444573,35000.0, 60 months,18.55,E,E2,10+ years,RENT,82000.0,Verified,credit_card,NY,38.72,0.0,665.0,669.0,0.0,90.9,50.0,Individual,6,High Risk,Manual Review
53484838,24350.0, 60 months,19.19,E,E3,3 years,RENT,58000.0,Source Verified,debt_consolidation,FL,34.68,8.0,665.0,669.0,0.0,65.2,25.0,Individual,6,High Risk,Manual Review
53914166,23800.0, 60 months,18.25,E,E1,10+ years,MORTGAGE,90000.0,Source Verified,home_improvement,OK,18.19,1.0,665.0,669.0,1.0,86.0,39.0,Individual,5,High Risk,Manual Review
53784172,28000.0, 60 months,21.99,F,F1,10+ years,RENT,120000.0,Source Verified,debt_consolidation,CA,30.85,2.0,710.0,714.0,2.0,30.4,32.0,Individual,6,High Risk,Manual Review
53131195,12000.0, 60 months,16.99,D,D3,10+ years,RENT,42000.0,Source Verified,debt_consolidation,NY,33.34,1.0,715.0,719.0,0.0,93.7,16.0,Individual,5,High Risk,Manual Review
53654935,10000.0, 36 months,19.99,E,E4,8 years,MORTGAGE,98000.0,Verified,house,CA,36.93,1.0,675.0,679.0,0.0,80.8,19.0,Individual,7,High Risk,Manual Review
53585142,12075.0, 60 months,20.99,E,E5,< 1 year,MORTGAGE,36000.0,Not Verified,debt_consolidation,TN,33.8,0.0,685.0,689.0,1.0,64.9,24.0,Individual,5,High Risk,Manual Review
52086118,16500.0, 60 months,18.25,E,E1,10+ years,RENT,33000.0,Source Verified,credit_card,CT,37.45,0.0,705.0,709.0,0.0,78.2,18.0,Individual,5,High Risk,Manual Review
53624876,27600.0, 60 months,19.19,E,E3,1 year,MORTGAGE,60000.0,Source Verified,credit_card,GA,24.58,1.0,675.0,679.0,0.0,96.7,11.0,Individual,5,High Risk,Manual Review
51997342,19700.0, 60 months,21.99,F,F1,,MORTGAGE,42000.0,Verified,debt_consolidation,TN,30.83,0.0,665.0,669.0,0.0,92.1,20.0,Individual,6,High Risk,Manual Review
53544933,12225.0, 36 months,22.99,F,F2,4 years,RENT,36000.0,Verified,debt_consolidation,FL,34.73,0.0,660.0,664.0,2.0,43.3,31.0,Individual,5,High Risk,Manual Review
53505051,26400.0, 60 months,18.55,E,E2,4 years,OWN,60000.0,Verified,debt_consolidation,TX,30.84,0.0,685.0,689.0,0.0,67.7,24.0,Individual,5,High Risk,Manual Review
52829316,15000.0, 60 months,18.55,E,E2,2 years,RENT,46000.0,Source Verified,debt_consolidation,CT,30.14,0.0,670.0,674.0,0.0,91.5,8.0,Individual,6,High Risk,Manual Review
53222600,12200.0, 60 months,22.99,F,F2,< 1 year,RENT,38200.0,Source Verified,other,FL,30.41,1.0,665.0,669.0,0.0,57.3,19.0,Individual,6,High Risk,Manual Review
53484646,21275.0, 60 months,19.19,E,E3,,MORTGAGE,75000.0,Verified,debt_consolidation,MD,30.09,0.0,690.0,694.0,1.0,67.0,35.0,Individual,5,High Risk,Manual Review
53584969,1800.0, 36 months,18.25,E,E1,10+ years,RENT,60000.0,Source Verified,other,CA,30.42,0.0,665.0,669.0,1.0,62.2,22.0,Individual,5,High Risk,Manual Review
53634666,10500.0, 60 months,18.25,E,E1,1 year,RENT,43000.0,Verified,debt_consolidation,MA,37.32,0.0,695.0,699.0,0.0,61.6,17.0,Individual,5,High Risk,Manual Review
53504910,21275.0, 36 months,18.25,E,E1,10+ years,MORTGAGE,56000.0,Verified,home_improvement,NC,31.33,1.0,745.0,749.0,0.0,34.3,20.0,Individual,6,High Risk,Manual Review
53524741,16000.0, 60 months,20.99,E,E5,8 years,MORTGAGE,50000.0,Source Verified,other,TN,35.89,0.0,660.0,664.0,2.0,65.7,36.0,Individual,5,High Risk,Manual Review
51526697,18000.0, 60 months,20.99,E,E5,10+ years,MORTGAGE,56160.0,Source Verified,debt_consolidation,NY,33.06,0.0,670.0,674.0,1.0,57.1,35.0,Individual,5,High Risk,Manual Review
53664903,7525.0, 36 months,18.25,E,E1,,MORTGAGE,50000.0,Verified,debt_consolidation,FL,39.39,0.0,660.0,664.0,1.0,57.3,21.0,Individual,5,High Risk,Manual Review
52748647,17350.0, 36 months,18.25,E,E1,10+ years,RENT,49394.0,Source Verified,credit_card,IL,39.65,1.0,660.0,664.0,0.0,87.5,28.0,Individual,7,High Risk,Manual Review
53534596,12600.0, 60 months,22.99,F,F2,3 years,RENT,42000.0,Not Verified,debt_consolidation,PA,39.14,1.0,670.0,674.0,3.0,71.2,38.0,Individual,6,High Risk,Manual Review
53392427,11350.0, 60 months,25.78,F,F5,4 years,OWN,45000.0,Not Verified,debt_consolidation,NC,34.43,0.0,690.0,694.0,0.0,76.8,49.0,Individual,5,High Risk,Manual Review
51008772,13000.0, 60 months,21.99,F,F1,10+ years,RENT,26000.0,Source Verified,debt_consolidation,OH,37.58,0.0,705.0,709.0,0.0,87.5,14.0,Individual,6,High Risk,Manual Review
53392722,18000.0, 60 months,17.57,D,D4,10+ years,RENT,52000.0,Source Verified,debt_consolidation,CT,37.6,1.0,670.0,674.0,0.0,83.6,27.0,Individual,5,High Risk,Manual Review
51880867,20000.0, 60 months,18.55,E,E2,2 years,RENT,40000.0,Source Verified,debt_consolidation,IL,35.58,0.0,710.0,714.0,0.0,79.4,10.0,Individual,5,High Risk,Manual Review
53474560,33750.0, 60 months,18.55,E,E2,10+ years,RENT,67500.0,Verified,debt_consolidation,IL,34.17,0.0,690.0,694.0,0.0,94.4,24.0,Individual,6,High Risk,Manual Review
53604640,12600.0, 60 months,22.99,F,F2,3 years,RENT,35000.0,Not Verified,debt_consolidation,PA,38.48,0.0,715.0,719.0,0.0,16.6,33.0,Individual,5,High Risk,Manual Review
53454464,12000.0, 60 months,19.99,E,E4,4 years,RENT,47000.0,Verified,debt_consolidation,NJ,31.82,1.0,660.0,664.0,0.0,56.6,46.0,Individual,6,High Risk,Manual Review
53634409,12950.0, 60 months,24.99,F,F4,10+ years,OWN,36000.0,Source Verified,debt_consolidation,CO,39.37,0.0,680.0,684.0,1.0,90.5,10.0,Individual,6,High Risk,Manual Review
53402808,12225.0, 60 months,24.99,F,F4,6 years,MORTGAGE,36000.0,Verified,debt_consolidation,TX,35.37,0.0,670.0,674.0,1.0,43.1,82.0,Individual,5,High Risk,Manual Review
53564634,10625.0, 36 months,18.55,E,E2,< 1 year,RENT,25320.0,Verified,debt_consolidation,CA,34.59,0.0,665.0,669.0,1.0,70.4,47.0,Individual,5,High Risk,Manual Review
53584672,25000.0, 60 months,21.99,F,F1,10+ years,MORTGAGE,57000.0,Verified,debt_consolidation,SD,36.15,0.0,680.0,684.0,0.0,44.6,53.0,Individual,5,High Risk,Manual Review
53654447,4200.0, 36 months,17.57,D,D4,7 years,MORTGAGE,40500.0,Not Verified,debt_consolidation,AL,38.07,1.0,700.0,704.0,1.0,83.8,51.0,Individual,5,High Risk,Manual Review
53484510,9775.0, 36 months,18.55,E,E2,10+ years,OWN,27161.0,Source Verified,small_business,AL,34.86,0.0,705.0,709.0,0.0,66.6,23.0,Individual,5,High Risk,Manual Review
53514277,16800.0, 60 months,21.99,F,F1,6 years,RENT,40000.0,Source Verified,debt_consolidation,NY,21.24,1.0,660.0,664.0,0.0,82.8,11.0,Individual,5,High Risk,Manual Review
53464549,26350.0, 60 months,19.99,E,E4,8 years,MORTGAGE,57000.0,Source Verified,debt_consolidation,NC,34.42,0.0,680.0,684.0,0.0,61.3,24.0,Individual,5,High Risk,Manual Review
51175216,25000.0, 60 months,20.99,E,E5,10+ years,RENT,75000.0,Verified,other,TX,34.22,0.0,665.0,669.0,0.0,60.3,36.0,Individual,5,High Risk,Manual Review
53674201,11700.0, 60 months,20.99,E,E5,< 1 year,RENT,39000.0,Source Verified,debt_consolidation,KY,36.86,0.0,670.0,674.0,0.0,63.6,16.0,Individual,5,High Risk,Manual Review
53464432,13475.0, 60 months,18.55,E,E2,< 1 year,MORTGAGE,29993.0,Source Verified,debt_consolidation,PA,33.01,1.0,670.0,674.0,0.0,87.0,16.0,Individual,7,High Risk,Manual Review
53594157,6525.0, 36 months,19.19,E,E3,4 years,RENT,48000.0,Source Verified,credit_card,FL,38.83,0.0,680.0,684.0,2.0,68.5,28.0,Individual,5,High Risk,Manual Review
53684427,13100.0, 60 months,18.55,E,E2,10+ years,OWN,60000.0,Verified,debt_consolidation,IL,30.4,0.0,670.0,674.0,1.0,44.0,46.0,Individual,5,High Risk,Manual Review
52586206,13200.0, 60 months,20.99,E,E5,10+ years,RENT,30000.0,Source Verified,debt_consolidation,MO,34.8,0.0,690.0,694.0,0.0,66.9,18.0,Individual,5,High Risk,Manual Review
53594315,2150.0, 36 months,19.99,E,E4,4 years,RENT,21410.0,Not Verified,vacation,FL,31.56,0.0,705.0,709.0,0.0,83.2,21.0,Individual,6,High Risk,Manual Review
53654257,35000.0, 36 months,18.55,E,E2,3 years,MORTGAGE,101000.0,Verified,credit_card,MA,30.09,0.0,695.0,699.0,1.0,85.5,53.0,Individual,6,High Risk,Manual Review
53604213,12500.0, 60 months,19.99,E,E4,1 year,RENT,48500.0,Source Verified,debt_consolidation,MS,32.62,0.0,670.0,674.0,1.0,40.2,66.0,Individual,5,High Risk,Manual Review
53494267,18000.0, 60 months,19.99,E,E4,3 years,MORTGAGE,45000.0,Source Verified,debt_consolidation,OH,39.08,0.0,690.0,694.0,0.0,51.3,8.0,Individual,5,High Risk,Manual Review
53594225,11900.0, 60 months,19.99,E,E4,10+ years,OWN,35000.0,Not Verified,debt_consolidation,KY,34.09,0.0,695.0,699.0,2.0,69.1,45.0,Individual,5,High Risk,Manual Review
53564392,23000.0, 60 months,20.99,E,E5,5 years,RENT,50000.0,Source Verified,credit_card,DE,35.93,0.0,685.0,689.0,0.0,73.0,12.0,Individual,5,High Risk,Manual Review
53444232,1200.0, 36 months,21.99,F,F1,3 years,MORTGAGE,30000.0,Not Verified,other,MI,35.4,0.0,690.0,694.0,0.0,3.2,20.0,Individual,5,High Risk,Manual Review
53684182,10000.0, 60 months,18.55,E,E2,4 years,OWN,38000.0,Source Verified,debt_consolidation,MN,36.1,0.0,700.0,704.0,0.0,74.4,28.0,Individual,5,High Risk,Manual Review
50417465,10000.0, 60 months,18.25,E,E1,4 years,MORTGAGE,96000.0,Source Verified,other,NV,36.03,0.0,675.0,679.0,0.0,45.6,46.0,Individual,5,High Risk,Manual Review
53584141,7150.0, 36 months,18.55,E,E2,1 year,MORTGAGE,45000.0,Not Verified,debt_consolidation,WI,38.21,0.0,675.0,679.0,2.0,82.1,35.0,Individual,6,High Risk,Manual Review
53484130,29100.0, 60 months,23.99,F,F3,< 1 year,MORTGAGE,72800.0,Source Verified,other,CO,37.08,0.0,695.0,699.0,3.0,48.2,33.0,Individual,5,High Risk,Manual Review
53242707,10000.0, 60 months,16.99,D,D3,< 1 year,RENT,55000.0,Source Verified,debt_consolidation,TX,35.5,1.0,680.0,684.0,0.0,89.9,40.0,Individual,5,High Risk,Manual Review
51636712,22000.0, 60 months,19.99,E,E4,< 1 year,MORTGAGE,55000.0,Verified,credit_card,TX,33.3,0.0,705.0,709.0,1.0,84.2,20.0,Individual,6,High Risk,Manual Review
52909076,11575.0, 60 months,18.25,E,E1,10+ years,RENT,39000.0,Source Verified,credit_card,WA,32.31,0.0,665.0,669.0,0.0,77.2,13.0,Individual,5,High Risk,Manual Review
52818384,7425.0, 36 months,18.55,E,E2,< 1 year,MORTGAGE,22000.0,Source Verified,debt_consolidation,MO,36.01,0.0,690.0,694.0,0.0,38.9,19.0,Individual,5,High Risk,Manual Review
53282833,20875.0, 60 months,18.25,E,E1,2 years,RENT,85000.0,Source Verified,credit_card,NC,23.96,1.0,665.0,669.0,0.0,83.6,48.0,Individual,5,High Risk,Manual Review
53292819,34250.0, 60 months,18.55,E,E2,10+ years,RENT,68500.0,Verified,debt_consolidation,OH,31.08,0.0,705.0,709.0,0.0,81.5,18.0,Individual,6,High Risk,Manual Review
51496973,15975.0, 60 months,23.99,F,F3,9 years,MORTGAGE,41000.0,Not Verified,home_improvement,PA,33.69,0.0,695.0,699.0,0.0,70.9,17.0,Individual,5,High Risk,Manual Review
52819354,6000.0, 36 months,18.55,E,E2,< 1 year,OWN,15000.0,Source Verified,debt_consolidation,NC,39.52,0.0,675.0,679.0,0.0,53.2,13.0,Individual,5,High Risk,Manual Review
51817257,3850.0, 36 months,18.25,E,E1,10+ years,MORTGAGE,31976.0,Verified,debt_consolidation,KY,32.02,0.0,665.0,669.0,1.0,61.0,39.0,Individual,5,High Risk,Manual Review
53362637,21825.0, 60 months,18.55,E,E2,6 years,OWN,43675.0,Source Verified,debt_consolidation,TX,31.79,0.0,695.0,699.0,0.0,59.3,23.0,Individual,5,High Risk,Manual Review
53372540,13350.0, 60 months,23.99,F,F3,4 years,MORTGAGE,58000.0,Verified,debt_consolidation,CA,34.41,0.0,660.0,664.0,1.0,48.9,50.0,Individual,5,High Risk,Manual Review
53322704,15400.0, 60 months,19.19,E,E3,1 year,RENT,35000.0,Source Verified,debt_consolidation,MA,33.33,0.0,690.0,694.0,1.0,79.4,20.0,Individual,5,High Risk,Manual Review
53362727,20000.0, 36 months,18.25,E,E1,10+ years,MORTGAGE,80000.0,Source Verified,debt_consolidation,MO,30.09,1.0,660.0,664.0,3.0,57.9,24.0,Individual,6,High Risk,Manual Review
53302965,35000.0, 36 months,18.25,E,E1,10+ years,MORTGAGE,100000.0,Verified,debt_consolidation,IL,32.15,1.0,690.0,694.0,1.0,89.2,16.0,Individual,7,High Risk,Manual Review
53212898,35000.0, 60 months,21.99,F,F1,10+ years,MORTGAGE,145000.0,Verified,debt_consolidation,SC,33.41,1.0,705.0,709.0,0.0,98.0,37.0,Individual,7,High Risk,Manual Review
53182641,12975.0, 36 months,18.25,E,E1,10+ years,RENT,60000.0,Source Verified,debt_consolidation,NH,36.6,0.0,690.0,694.0,1.0,77.9,36.0,Individual,5,High Risk,Manual Review
51195430,14700.0, 60 months,18.25,E,E1,1 year,RENT,35000.0,Source Verified,debt_consolidation,CA,35.47,0.0,750.0,754.0,0.0,43.0,7.0,Individual,5,High Risk,Manual Review
53212764,25000.0, 60 months,18.25,E,E1,10+ years,MORTGAGE,90000.0,Verified,debt_consolidation,TX,33.02,0.0,690.0,694.0,0.0,53.6,39.0,Individual,5,High Risk,Manual Review
53222638,28250.0, 60 months,18.25,E,E1,,MORTGAGE,73278.0,Verified,debt_consolidation,FL,34.11,0.0,675.0,679.0,0.0,65.9,54.0,Individual,5,High Risk,Manual Review
53402695,21600.0, 60 months,22.99,F,F2,9 years,RENT,54000.0,Source Verified,debt_consolidation,PA,36.22,0.0,680.0,684.0,1.0,65.0,44.0,Individual,5,High Risk,Manual Review
52678182,17100.0, 60 months,20.99,E,E5,10+ years,OWN,53000.0,Verified,debt_consolidation,CT,30.14,0.0,720.0,724.0,0.0,21.7,37.0,Individual,5,High Risk,Manual Review
53332223,11025.0, 60 months,21.99,F,F1,10+ years,MORTGAGE,39000.0,Verified,credit_card,OH,38.37,0.0,685.0,689.0,0.0,87.1,19.0,Individual,6,High Risk,Manual Review
52616568,24700.0, 60 months,18.25,E,E1,10+ years,MORTGAGE,65000.0,Source Verified,debt_consolidation,CA,30.39,0.0,670.0,674.0,0.0,63.6,46.0,Individual,5,High Risk,Manual Review
52698256,16925.0, 60 months,18.55,E,E2,10+ years,MORTGAGE,65000.0,Verified,debt_consolidation,CO,30.74,0.0,670.0,674.0,3.0,80.3,20.0,Individual,6,High Risk,Manual Review
51948552,17275.0, 60 months,19.19,E,E3,10+ years,OWN,48000.0,Verified,debt_consolidation,OR,33.35,0.0,690.0,694.0,2.0,35.9,33.0,Individual,5,High Risk,Manual Review
51986659,21500.0, 60 months,21.99,F,F1,10+ years,MORTGAGE,206563.0,Verified,home_improvement,NY,38.29,0.0,675.0,679.0,3.0,88.0,39.0,Individual,6,High Risk,Manual Review
53362500,18750.0, 60 months,19.99,E,E4,2 years,RENT,44680.0,Source Verified,debt_consolidation,PA,30.3,0.0,675.0,679.0,2.0,53.5,28.0,Individual,5,High Risk,Manual Review
53362539,10000.0, 60 months,18.25,E,E1,5 years,RENT,31617.0,Source Verified,debt_consolidation,FL,36.56,0.0,705.0,709.0,2.0,62.7,9.0,Individual,5,High Risk,Manual Review
53272586,30000.0, 60 months,21.99,F,F1,1 year,RENT,120000.0,Verified,debt_consolidation,IN,31.84,0.0,670.0,674.0,4.0,64.1,48.0,Individual,5,High Risk,Manual Review
52868712,29500.0, 60 months,18.55,E,E2,3 years,MORTGAGE,67085.28,Source Verified,debt_consolidation,MS,34.73,0.0,750.0,754.0,1.0,27.0,48.0,Individual,5,High Risk,Manual Review
53362394,10425.0, 60 months,19.19,E,E3,10+ years,MORTGAGE,45000.0,Source Verified,debt_consolidation,TX,34.11,0.0,680.0,684.0,0.0,60.1,15.0,Individual,5,High Risk,Manual Review
53392383,30000.0, 60 months,19.99,E,E4,,MORTGAGE,90000.0,Source Verified,debt_consolidation,NC,31.71,0.0,705.0,709.0,0.0,97.3,27.0,Individual,6,High Risk,Manual Review
51846501,6075.0, 36 months,18.55,E,E2,8 years,MORTGAGE,30000.0,Source Verified,home_improvement,IN,31.6,0.0,660.0,664.0,0.0,74.4,13.0,Individual,5,High Risk,Manual Review
53212430,7200.0, 36 months,18.55,E,E2,,OWN,18000.0,Verified,debt_consolidation,TX,33.4,0.0,675.0,679.0,1.0,65.6,12.0,Individual,5,High Risk,Manual Review
52321994,8000.0, 36 months,20.99,E,E5,10+ years,MORTGAGE,38000.0,Source Verified,credit_card,MA,37.59,1.0,670.0,674.0,0.0,75.5,37.0,Individual,6,High Risk,Manual Review
53382372,19575.0, 60 months,22.99,F,F2,,MORTGAGE,80000.0,Verified,debt_consolidation,MD,31.94,2.0,665.0,669.0,2.0,62.2,54.0,Individual,6,High Risk,Manual Review
53292415,19200.0, 60 months,17.57,D,D4,5 years,MORTGAGE,250000.0,Verified,medical,FL,30.36,1.0,680.0,684.0,0.0,100.0,26.0,Individual,5,High Risk,Manual Review
51966480,31075.0, 60 months,21.99,F,F1,5 years,MORTGAGE,80000.0,Verified,debt_consolidation,NV,36.18,0.0,665.0,669.0,1.0,42.8,39.0,Individual,5,High Risk,Manual Review
52027671,33550.0, 36 months,18.25,E,E1,8 years,MORTGAGE,90000.0,Verified,debt_consolidation,IL,39.39,0.0,695.0,699.0,0.0,62.1,40.0,Individual,5,High Risk,Manual Review
53121850,32200.0, 60 months,18.55,E,E2,10+ years,MORTGAGE,130000.0,Verified,debt_consolidation,UT,30.83,0.0,680.0,684.0,0.0,94.3,41.0,Individual,6,High Risk,Manual Review
52362334,32500.0, 60 months,21.99,F,F1,2 years,RENT,65000.0,Verified,debt_consolidation,FL,38.22,0.0,675.0,679.0,0.0,68.0,43.0,Individual,5,High Risk,Manual Review
53434448,14700.0, 60 months,19.19,E,E3,3 years,RENT,32000.0,Source Verified,credit_card,MD,34.21,0.0,680.0,684.0,0.0,72.8,26.0,Individual,5,High Risk,Manual Review
52928524,35000.0, 60 months,19.99,E,E4,1 year,RENT,100000.0,Source Verified,moving,CA,30.63,0.0,715.0,719.0,2.0,78.8,15.0,Individual,5,High Risk,Manual Review
52898360,28000.0, 60 months,26.77,G,G1,< 1 year,MORTGAGE,170000.0,Source Verified,debt_consolidation,RI,22.53,1.0,665.0,669.0,1.0,83.1,45.0,Individual,5,High Risk,Manual Review
53242182,19450.0, 60 months,18.25,E,E1,8 years,OWN,57200.0,Not Verified,debt_consolidation,TX,37.93,0.0,725.0,729.0,0.0,43.9,41.0,Individual,5,High Risk,Manual Review
52969628,16125.0, 36 months,18.55,E,E2,10+ years,RENT,44000.0,Source Verified,debt_consolidation,MI,37.48,0.0,700.0,704.0,0.0,44.1,22.0,Individual,5,High Risk,Manual Review
52928872,20900.0, 60 months,17.86,D,D5,10+ years,MORTGAGE,49800.0,Source Verified,debt_consolidation,IL,31.73,1.0,660.0,664.0,0.0,88.8,19.0,Individual,5,High Risk,Manual Review
53312172,12375.0, 60 months,18.25,E,E1,10+ years,RENT,45000.0,Source Verified,debt_consolidation,HI,32.24,1.0,665.0,669.0,1.0,74.4,20.0,Individual,6,High Risk,Manual Review
52838309,12000.0, 60 months,18.55,E,E2,,OWN,52512.0,Verified,other,TX,38.05,1.0,685.0,689.0,0.0,29.5,30.0,Individual,6,High Risk,Manual Review
52536549,17350.0, 60 months,20.99,E,E5,3 years,RENT,68663.0,Verified,debt_consolidation,CA,35.76,1.0,675.0,679.0,1.0,58.7,25.0,Individual,6,High Risk,Manual Review
53071718,13825.0, 60 months,16.55,D,D2,7 years,MORTGAGE,79000.0,Verified,credit_card,WA,39.85,1.0,675.0,679.0,0.0,84.9,27.0,Individual,5,High Risk,Manual Review
51837468,2700.0, 36 months,23.99,F,F3,2 years,OWN,21000.0,Not Verified,debt_consolidation,CA,36.63,2.0,700.0,704.0,0.0,6.1,13.0,Individual,6,High Risk,Manual Review
53312133,35000.0, 60 months,15.61,D,D1,10+ years,MORTGAGE,78500.0,Verified,credit_card,IL,31.86,1.0,700.0,704.0,0.0,82.8,41.0,Individual,5,High Risk,Manual Review
51408363,7675.0, 36 months,18.55,E,E2,1 year,RENT,19200.0,Source Verified,debt_consolidation,OH,30.19,0.0,665.0,669.0,2.0,71.2,12.0,Individual,5,High Risk,Manual Review
52959349,12525.0, 36 months,18.25,E,E1,9 years,MORTGAGE,50000.0,Not Verified,debt_consolidation,CA,32.93,0.0,700.0,704.0,1.0,60.2,40.0,Individual,5,High Risk,Manual Review
53111640,24000.0, 60 months,22.99,F,F2,7 years,MORTGAGE,72000.0,Source Verified,home_improvement,WI,16.07,1.0,660.0,664.0,0.0,95.4,49.0,Individual,5,High Risk,Manual Review
53040147,35000.0, 60 months,19.19,E,E3,8 years,RENT,89500.0,Verified,credit_card,TX,30.8,0.0,680.0,684.0,0.0,88.4,23.0,Individual,6,High Risk,Manual Review
53302124,14425.0, 60 months,19.19,E,E3,2 years,RENT,38000.0,Source Verified,credit_card,TX,34.33,0.0,710.0,714.0,0.0,41.2,10.0,Individual,5,High Risk,Manual Review
53062023,16000.0, 60 months,20.99,E,E5,,MORTGAGE,40000.0,Source Verified,debt_consolidation,KS,17.21,1.0,680.0,684.0,0.0,93.2,12.0,Individual,5,High Risk,Manual Review
52990047,35000.0, 60 months,18.55,E,E2,10+ years,MORTGAGE,125000.0,Verified,credit_card,GA,37.35,0.0,685.0,689.0,0.0,81.4,33.0,Individual,6,High Risk,Manual Review
51408511,18000.0, 60 months,18.25,E,E1,8 years,MORTGAGE,81000.0,Source Verified,debt_consolidation,TX,30.44,0.0,660.0,664.0,2.0,53.5,12.0,Individual,5,High Risk,Manual Review
51145316,20000.0, 60 months,18.55,E,E2,4 years,MORTGAGE,65000.0,Source Verified,debt_consolidation,VA,36.17,1.0,670.0,674.0,0.0,78.7,19.0,Individual,6,High Risk,Manual Review
52979759,25000.0, 60 months,18.55,E,E2,10+ years,MORTGAGE,60000.0,Verified,credit_card,MN,31.94,0.0,665.0,669.0,3.0,65.8,48.0,Individual,5,High Risk,Manual Review
51318263,14300.0, 36 months,19.19,E,E3,2 years,MORTGAGE,29120.0,Source Verified,debt_consolidation,OK,37.3,0.0,675.0,679.0,0.0,47.2,10.0,Individual,5,High Risk,Manual Review
52496425,12000.0, 60 months,19.99,E,E4,4 years,RENT,120000.0,Source Verified,other,GA,7.9,1.0,660.0,664.0,0.0,89.2,17.0,Individual,5,High Risk,Manual Review
53009859,18525.0, 60 months,26.77,G,G1,10+ years,MORTGAGE,49000.0,Not Verified,debt_consolidation,KY,34.97,0.0,690.0,694.0,1.0,81.6,20.0,Individual,6,High Risk,Manual Review
52979763,20000.0, 60 months,18.25,E,E1,6 years,MORTGAGE,75600.0,Verified,credit_card,WA,21.17,1.0,695.0,699.0,1.0,82.0,22.0,Individual,5,High Risk,Manual Review
53030782,10625.0, 36 months,18.25,E,E1,10+ years,RENT,28000.0,Source Verified,credit_card,MA,38.06,0.0,665.0,669.0,0.0,93.6,18.0,Individual,6,High Risk,Manual Review
53061758,5750.0, 36 months,19.99,E,E4,< 1 year,RENT,16000.0,Source Verified,debt_consolidation,GA,39.71,0.0,685.0,689.0,0.0,98.3,9.0,Individual,6,High Risk,Manual Review
53101671,7525.0, 36 months,15.61,D,D1,1 year,RENT,61000.0,Source Verified,debt_consolidation,CA,35.33,2.0,665.0,669.0,1.0,93.2,73.0,Individual,5,High Risk,Manual Review
51909143,12600.0, 36 months,22.99,F,F2,2 years,RENT,35000.0,Source Verified,debt_consolidation,SC,33.81,0.0,685.0,689.0,0.0,58.8,29.0,Individual,5,High Risk,Manual Review
53051586,29425.0, 60 months,19.99,E,E4,10+ years,MORTGAGE,68000.0,Verified,debt_consolidation,FL,38.48,1.0,665.0,669.0,0.0,96.2,18.0,Individual,7,High Risk,Manual Review
53091460,20000.0, 36 months,18.25,E,E1,3 years,MORTGAGE,63000.0,Verified,debt_consolidation,GA,35.37,0.0,695.0,699.0,2.0,59.7,16.0,Individual,5,High Risk,Manual Review
52969655,10000.0, 36 months,19.19,E,E3,6 years,RENT,20000.0,Verified,car,MD,33.13,0.0,670.0,674.0,2.0,37.1,25.0,Individual,5,High Risk,Manual Review
53061871,10475.0, 60 months,23.99,F,F3,10+ years,MORTGAGE,85000.0,Source Verified,small_business,RI,32.53,0.0,675.0,679.0,2.0,11.1,25.0,Individual,5,High Risk,Manual Review
53071510,10400.0, 60 months,18.25,E,E1,10+ years,OWN,92500.0,Source Verified,home_improvement,WI,19.79,1.0,665.0,669.0,0.0,80.6,33.0,Individual,5,High Risk,Manual Review
52341123,26200.0, 60 months,19.99,E,E4,2 years,RENT,62400.0,Source Verified,debt_consolidation,TX,35.15,0.0,680.0,684.0,0.0,58.8,19.0,Individual,5,High Risk,Manual Review
53030734,14300.0, 60 months,20.99,E,E5,< 1 year,RENT,39741.0,Verified,debt_consolidation,IN,33.55,0.0,690.0,694.0,1.0,79.1,13.0,Individual,5,High Risk,Manual Review
51065806,18425.0, 60 months,19.99,E,E4,5 years,MORTGAGE,42122.26,Source Verified,debt_consolidation,NC,33.73,0.0,695.0,699.0,2.0,62.6,23.0,Individual,5,High Risk,Manual Review
52969427,12950.0, 60 months,21.99,F,F1,6 years,RENT,36000.0,Source Verified,debt_consolidation,FL,33.7,0.0,660.0,664.0,0.0,77.7,15.0,Individual,5,High Risk,Manual Review
53101451,19300.0, 60 months,18.55,E,E2,< 1 year,RENT,42000.0,Source Verified,debt_consolidation,MN,33.06,0.0,715.0,719.0,0.0,24.6,31.0,Individual,5,High Risk,Manual Review
53061489,30000.0, 60 months,21.99,F,F1,4 years,MORTGAGE,75000.0,Verified,debt_consolidation,MO,36.69,0.0,670.0,674.0,0.0,55.0,45.0,Individual,5,High Risk,Manual Review
52939505,10075.0, 60 months,18.55,E,E2,2 years,RENT,28000.0,Source Verified,debt_consolidation,OR,34.33,0.0,695.0,699.0,0.0,44.8,35.0,Individual,5,High Risk,Manual Review
51898811,3525.0, 36 months,18.25,E,E1,1 year,RENT,11794.0,Not Verified,debt_consolidation,NY,33.3,0.0,690.0,694.0,0.0,98.6,14.0,Individual,6,High Risk,Manual Review
51706156,16050.0, 60 months,18.25,E,E1,9 years,RENT,55000.0,Source Verified,debt_consolidation,NY,39.17,0.0,720.0,724.0,0.0,42.2,31.0,Individual,5,High Risk,Manual Review
51846664,28600.0, 60 months,19.19,E,E3,10+ years,MORTGAGE,65000.0,Source Verified,debt_consolidation,MD,12.91,1.0,685.0,689.0,1.0,88.0,22.0,Individual,5,High Risk,Manual Review
53061443,32325.0, 36 months,19.99,E,E4,2 years,RENT,64654.0,Verified,debt_consolidation,NM,36.92,0.0,715.0,719.0,1.0,62.9,21.0,Individual,5,High Risk,Manual Review
52728895,4850.0, 36 months,20.99,E,E5,10+ years,MORTGAGE,19000.0,Verified,credit_card,WI,31.33,0.0,670.0,674.0,1.0,69.4,14.0,Individual,5,High Risk,Manual Review
52989468,12000.0, 60 months,22.99,F,F2,10+ years,RENT,30000.0,Source Verified,debt_consolidation,MA,30.52,0.0,685.0,689.0,1.0,49.6,14.0,Individual,5,High Risk,Manual Review
51918577,4600.0, 36 months,24.99,F,F4,,RENT,25000.0,Verified,debt_consolidation,CA,37.45,3.0,695.0,699.0,0.0,52.4,22.0,Individual,6,High Risk,Manual Review
53061377,15175.0, 36 months,18.25,E,E1,10+ years,RENT,56000.0,Source Verified,vacation,CA,36.65,1.0,675.0,679.0,1.0,58.7,29.0,Individual,6,High Risk,Manual Review
53091425,4200.0, 36 months,18.25,E,E1,10+ years,RENT,55000.0,Source Verified,moving,TX,39.06,0.0,695.0,699.0,0.0,81.3,34.0,Individual,6,High Risk,Manual Review
51756623,26400.0, 60 months,25.78,F,F5,10+ years,MORTGAGE,55000.0,Source Verified,debt_consolidation,KY,30.87,0.0,710.0,714.0,2.0,45.2,26.0,Individual,5,High Risk,Manual Review
51967287,8275.0, 36 months,18.55,E,E2,,RENT,30000.0,Verified,credit_card,NY,35.32,0.0,705.0,709.0,2.0,77.2,10.0,Individual,5,High Risk,Manual Review
53151289,15400.0, 60 months,19.99,E,E4,10+ years,MORTGAGE,35000.0,Source Verified,debt_consolidation,WV,38.17,1.0,665.0,669.0,0.0,88.1,22.0,Individual,7,High Risk,Manual Review
53051217,6500.0, 36 months,18.25,E,E1,3 years,RENT,48000.0,Verified,debt_consolidation,NJ,33.9,0.0,665.0,669.0,0.0,47.0,14.0,Individual,5,High Risk,Manual Review
52949302,10000.0, 60 months,18.55,E,E2,10+ years,MORTGAGE,50000.0,Verified,debt_consolidation,MO,15.34,1.0,665.0,669.0,0.0,82.0,14.0,Individual,5,High Risk,Manual Review
52838151,20000.0, 60 months,18.55,E,E2,10+ years,OWN,100000.0,Verified,debt_consolidation,NJ,34.14,5.0,660.0,664.0,4.0,80.9,61.0,Individual,7,High Risk,Manual Review
53009200,14975.0, 60 months,22.99,F,F2,10+ years,OWN,41600.0,Verified,debt_consolidation,TN,36.84,0.0,660.0,664.0,1.0,79.2,40.0,Individual,5,High Risk,Manual Review
53009113,12525.0, 60 months,20.99,E,E5,10+ years,MORTGAGE,31000.0,Not Verified,debt_consolidation,MO,38.48,0.0,700.0,704.0,1.0,46.1,33.0,Individual,5,High Risk,Manual Review
52829136,14300.0, 60 months,19.19,E,E3,10+ years,MORTGAGE,30000.0,Source Verified,home_improvement,AL,38.0,1.0,705.0,709.0,0.0,43.3,11.0,Individual,6,High Risk,Manual Review
53101168,10800.0, 60 months,18.55,E,E2,6 years,RENT,43500.0,Verified,debt_consolidation,MO,32.36,0.0,670.0,674.0,1.0,82.3,26.0,Individual,6,High Risk,Manual Review
52939141,25000.0, 60 months,18.55,E,E2,2 years,MORTGAGE,62000.0,Source Verified,debt_consolidation,DE,33.45,0.0,670.0,674.0,0.0,79.4,25.0,Individual,5,High Risk,Manual Review
52979157,23825.0, 60 months,18.55,E,E2,2 years,MORTGAGE,65000.0,Verified,debt_consolidation,TX,31.09,0.0,670.0,674.0,2.0,72.9,17.0,Individual,5,High Risk,Manual Review
52989320,18475.0, 60 months,19.99,E,E4,7 years,MORTGAGE,58000.0,Source Verified,debt_consolidation,UT,32.22,0.0,715.0,719.0,1.0,80.4,28.0,Individual,6,High Risk,Manual Review
53101185,25000.0, 60 months,20.99,E,E5,7 years,MORTGAGE,66000.0,Verified,home_improvement,MD,35.76,0.0,675.0,679.0,0.0,48.4,19.0,Individual,5,High Risk,Manual Review
53019161,15300.0, 60 months,23.99,F,F3,3 years,RENT,45000.0,Source Verified,other,MA,30.35,0.0,725.0,729.0,0.0,47.5,13.0,Individual,5,High Risk,Manual Review
51066037,15625.0, 60 months,21.99,F,F1,2 years,MORTGAGE,50000.0,Source Verified,credit_card,NJ,35.14,0.0,715.0,719.0,0.0,69.8,16.0,Individual,5,High Risk,Manual Review
52788893,17500.0, 60 months,18.25,E,E1,10+ years,MORTGAGE,84758.51,Source Verified,debt_consolidation,WI,33.48,0.0,710.0,714.0,1.0,51.9,32.0,Individual,5,High Risk,Manual Review
52939134,35000.0, 60 months,19.99,E,E4,,MORTGAGE,108000.0,Verified,other,FL,30.96,0.0,695.0,699.0,0.0,90.5,28.0,Individual,6,High Risk,Manual Review
52669409,13625.0, 60 months,23.99,F,F3,7 years,RENT,28000.0,Verified,debt_consolidation,MO,32.32,0.0,665.0,669.0,2.0,25.7,27.0,Individual,5,High Risk,Manual Review
52669523,30000.0, 60 months,24.99,F,F4,10+ years,MORTGAGE,60000.0,Verified,debt_consolidation,KY,32.36,0.0,675.0,679.0,3.0,73.1,56.0,Individual,5,High Risk,Manual Review
52729120,25000.0, 60 months,18.25,E,E1,10+ years,RENT,57987.0,Source Verified,debt_consolidation,CT,31.89,1.0,680.0,684.0,0.0,47.3,31.0,Individual,6,High Risk,Manual Review
52989143,20600.0, 60 months,18.55,E,E2,4 years,OWN,75000.0,Source Verified,debt_consolidation,VA,37.49,0.0,705.0,709.0,0.0,57.9,42.0,Individual,5,High Risk,Manual Review
50626486,28600.0, 60 months,19.99,E,E4,10+ years,MORTGAGE,65000.0,Source Verified,debt_consolidation,TX,32.7,0.0,705.0,709.0,0.0,96.9,19.0,Individual,6,High Risk,Manual Review
52858810,17925.0, 60 months,19.19,E,E3,3 years,RENT,35880.0,Source Verified,debt_consolidation,FL,21.57,1.0,670.0,674.0,0.0,86.0,14.0,Individual,5,High Risk,Manual Review
52689106,8875.0, 36 months,18.55,E,E2,3 years,OWN,35000.0,Verified,debt_consolidation,OK,30.52,0.0,685.0,689.0,0.0,78.9,24.0,Individual,5,High Risk,Manual Review
51996716,24150.0, 60 months,19.99,E,E4,8 years,MORTGAGE,77000.0,Source Verified,debt_consolidation,FL,33.14,0.0,685.0,689.0,1.0,62.1,70.0,Individual,5,High Risk,Manual Review
53171135,22600.0, 60 months,18.55,E,E2,6 years,MORTGAGE,74386.0,Verified,debt_consolidation,CA,37.8,0.0,660.0,664.0,0.0,96.4,27.0,Individual,6,High Risk,Manual Review
52939115,21000.0, 60 months,19.19,E,E3,10+ years,RENT,84000.0,Source Verified,credit_card,HI,36.13,0.0,695.0,699.0,2.0,97.5,29.0,Individual,6,High Risk,Manual Review
52820037,32300.0, 60 months,20.99,E,E5,10+ years,RENT,85000.0,Verified,debt_consolidation,MA,35.94,2.0,670.0,674.0,0.0,86.2,24.0,Individual,7,High Risk,Manual Review
52718872,17975.0, 60 months,18.25,E,E1,10+ years,MORTGAGE,60000.0,Source Verified,debt_consolidation,UT,34.36,1.0,700.0,704.0,0.0,33.5,45.0,Individual,6,High Risk,Manual Review
52669239,35000.0, 60 months,22.99,F,F2,7 years,MORTGAGE,80000.0,Verified,debt_consolidation,AZ,30.75,0.0,675.0,679.0,0.0,98.1,49.0,Individual,6,High Risk,Manual Review
52729014,17950.0, 60 months,21.99,F,F1,10+ years,RENT,62000.0,Source Verified,debt_consolidation,CA,32.6,0.0,660.0,664.0,0.0,49.4,27.0,Individual,5,High Risk,Manual Review
52688793,35000.0, 60 months,18.25,E,E1,10+ years,MORTGAGE,81328.0,Verified,debt_consolidation,AZ,18.62,1.0,670.0,674.0,0.0,82.2,25.0,Individual,5,High Risk,Manual Review
52017691,14475.0, 60 months,23.99,F,F3,10+ years,OWN,40248.0,Source Verified,debt_consolidation,IL,34.17,0.0,665.0,669.0,1.0,66.5,29.0,Individual,5,High Risk,Manual Review
52351414,8150.0, 36 months,17.86,D,D5,,MORTGAGE,23940.0,Verified,debt_consolidation,FL,30.28,1.0,695.0,699.0,0.0,99.2,16.0,Individual,5,High Risk,Manual Review
52878613,14000.0, 60 months,20.99,E,E5,2 years,RENT,40000.0,Verified,debt_consolidation,FL,23.13,1.0,665.0,669.0,0.0,85.0,30.0,Individual,5,High Risk,Manual Review
52898597,7400.0, 36 months,18.25,E,E1,3 years,OWN,33000.0,Source Verified,debt_consolidation,PA,36.79,3.0,675.0,679.0,0.0,46.6,13.0,Individual,6,High Risk,Manual Review
51897537,20000.0, 60 months,22.99,F,F2,3 years,MORTGAGE,70000.0,Source Verified,debt_consolidation,MA,15.24,1.0,695.0,699.0,0.0,91.6,19.0,Individual,5,High Risk,Manual Review
52688787,29000.0, 60 months,19.99,E,E4,10+ years,RENT,58000.0,Source Verified,debt_consolidation,FL,33.96,0.0,695.0,699.0,0.0,25.4,29.0,Individual,5,High Risk,Manual Review
51356279,21600.0, 60 months,18.55,E,E2,10+ years,OWN,75000.0,Verified,home_improvement,FL,28.98,6.0,665.0,669.0,0.0,91.4,40.0,Individual,5,High Risk,Manual Review
51546208,29400.0, 60 months,19.99,E,E4,< 1 year,RENT,60000.0,Source Verified,debt_consolidation,CA,31.96,0.0,670.0,674.0,2.0,25.3,22.0,Individual,5,High Risk,Manual Review
52819650,15375.0, 60 months,21.99,F,F1,10+ years,RENT,71000.0,Verified,debt_consolidation,MD,31.05,1.0,660.0,664.0,1.0,61.1,21.0,Individual,6,High Risk,Manual Review
52758599,11600.0, 60 months,23.99,F,F3,9 years,MORTGAGE,37000.0,Source Verified,other,CT,31.46,0.0,675.0,679.0,1.0,60.9,38.0,Individual,5,High Risk,Manual Review
52829085,11000.0, 36 months,16.55,D,D2,2 years,RENT,60000.0,Verified,debt_consolidation,TX,32.82,1.0,660.0,664.0,3.0,100.9,13.0,Individual,5,High Risk,Manual Review
52709040,35000.0, 60 months,19.99,E,E4,2 years,MORTGAGE,96900.0,Verified,credit_card,IN,11.08,2.0,660.0,664.0,0.0,90.4,24.0,Individual,5,High Risk,Manual Review
52819782,30250.0, 36 months,18.25,E,E1,2 years,OWN,67250.0,Verified,debt_consolidation,MI,37.99,0.0,695.0,699.0,0.0,71.0,43.0,Individual,5,High Risk,Manual Review
52819743,24150.0, 60 months,19.99,E,E4,10+ years,MORTGAGE,67500.0,Verified,debt_consolidation,WI,36.02,2.0,730.0,734.0,2.0,5.6,36.0,Individual,6,High Risk,Manual Review
52838728,17900.0, 60 months,18.25,E,E1,4 years,MORTGAGE,70000.0,Verified,credit_card,PA,35.06,0.0,670.0,674.0,2.0,38.9,44.0,Individual,5,High Risk,Manual Review
52506528,7150.0, 36 months,18.25,E,E1,5 years,RENT,40000.0,Source Verified,debt_consolidation,CA,36.18,0.0,705.0,709.0,0.0,31.8,12.0,Individual,5,High Risk,Manual Review
52708912,3325.0, 36 months,18.25,E,E1,10+ years,MORTGAGE,56000.0,Not Verified,debt_consolidation,VA,35.77,0.0,700.0,704.0,0.0,90.8,23.0,Individual,6,High Risk,Manual Review
52698577,20800.0, 60 months,20.99,E,E5,5 years,MORTGAGE,65000.0,Source Verified,debt_consolidation,OH,32.29,1.0,665.0,669.0,2.0,65.9,52.0,Individual,6,High Risk,Manual Review
52385601,28425.0, 60 months,19.19,E,E3,< 1 year,RENT,62400.0,Verified,credit_card,CA,36.44,0.0,705.0,709.0,0.0,48.2,35.0,Individual,5,High Risk,Manual Review
52516135,18000.0, 60 months,20.99,E,E5,< 1 year,MORTGAGE,50000.0,Source Verified,debt_consolidation,SC,22.13,1.0,660.0,664.0,1.0,92.0,17.0,Individual,5,High Risk,Manual Review
52838777,10350.0, 36 months,19.19,E,E3,< 1 year,MORTGAGE,65000.0,Not Verified,debt_consolidation,AZ,30.23,0.0,680.0,684.0,0.0,85.5,22.0,Individual,6,High Risk,Manual Review
52718665,20000.0, 60 months,18.55,E,E2,8 years,MORTGAGE,70000.0,Source Verified,other,WV,29.16,1.0,670.0,674.0,0.0,81.1,29.0,Individual,5,High Risk,Manual Review
52819414,10800.0, 60 months,25.78,F,F5,3 years,RENT,30000.0,Source Verified,debt_consolidation,PA,35.08,0.0,665.0,669.0,2.0,71.0,8.0,Individual,5,High Risk,Manual Review
52456491,7625.0, 36 months,19.99,E,E4,,MORTGAGE,36000.0,Verified,debt_consolidation,GA,37.47,0.0,665.0,669.0,1.0,92.5,22.0,Individual,6,High Risk,Manual Review
52858476,10800.0, 60 months,18.55,E,E2,1 year,RENT,30000.0,Verified,credit_card,MA,31.96,1.0,660.0,664.0,0.0,89.0,14.0,Individual,7,High Risk,Manual Review
52748651,27000.0, 60 months,19.19,E,E3,2 years,MORTGAGE,104000.0,Source Verified,debt_consolidation,AL,17.44,2.0,660.0,664.0,0.0,88.3,35.0,Individual,5,High Risk,Manual Review
52688490,20250.0, 60 months,23.99,F,F3,7 years,RENT,45000.0,Verified,debt_consolidation,MO,38.16,0.0,680.0,684.0,0.0,62.0,23.0,Individual,5,High Risk,Manual Review
52819428,14400.0, 36 months,18.55,E,E2,10+ years,RENT,46000.0,Verified,other,CA,33.76,0.0,670.0,674.0,0.0,20.1,26.0,Individual,5,High Risk,Manual Review
52808541,7200.0, 36 months,20.99,E,E5,3 years,OWN,20000.0,Source Verified,debt_consolidation,PA,33.85,0.0,685.0,689.0,0.0,58.5,20.0,Individual,5,High Risk,Manual Review
51868611,19800.0, 60 months,18.55,E,E2,10+ years,MORTGAGE,45000.0,Source Verified,credit_card,NY,33.01,0.0,685.0,689.0,0.0,74.4,11.0,Individual,5,High Risk,Manual Review
52818945,12000.0, 60 months,18.55,E,E2,10+ years,RENT,55000.0,Source Verified,other,OR,34.04,0.0,675.0,679.0,0.0,26.8,23.0,Individual,5,High Risk,Manual Review
52778386,18000.0, 60 months,19.99,E,E4,3 years,MORTGAGE,85000.0,Verified,debt_consolidation,CO,31.7,0.0,670.0,674.0,2.0,36.0,34.0,Individual,5,High Risk,Manual Review
52708520,10000.0, 60 months,18.55,E,E2,8 years,RENT,38000.0,Source Verified,debt_consolidation,NY,34.18,0.0,670.0,674.0,1.0,63.0,21.0,Individual,5,High Risk,Manual Review
52818901,24700.0, 60 months,18.55,E,E2,1 year,MORTGAGE,65000.0,Source Verified,debt_consolidation,NC,31.15,0.0,660.0,664.0,1.0,81.4,45.0,Individual,6,High Risk,Manual Review
51937248,20000.0, 60 months,19.19,E,E3,10+ years,MORTGAGE,76000.0,Source Verified,other,GA,34.56,0.0,665.0,669.0,0.0,81.1,32.0,Individual,6,High Risk,Manual Review
52668519,1000.0, 36 months,22.99,F,F2,,RENT,12000.0,Verified,medical,OR,30.4,0.0,680.0,684.0,2.0,73.7,5.0,Individual,5,High Risk,Manual Review
50708315,15000.0, 60 months,21.99,F,F1,10+ years,OWN,120000.0,Source Verified,debt_consolidation,NY,30.31,0.0,660.0,664.0,0.0,77.9,37.0,Individual,5,High Risk,Manual Review
50869628,30125.0, 60 months,28.99,G,G5,10+ years,MORTGAGE,68500.0,Verified,debt_consolidation,AL,37.16,2.0,665.0,669.0,0.0,20.9,43.0,Individual,6,High Risk,Manual Review
52668463,30000.0, 60 months,18.25,E,E1,3 years,MORTGAGE,95000.0,Verified,debt_consolidation,FL,32.24,0.0,670.0,674.0,2.0,75.5,35.0,Individual,5,High Risk,Manual Review
52898214,25300.0, 60 months,19.19,E,E3,10+ years,RENT,60254.0,Verified,credit_card,NY,31.63,1.0,670.0,674.0,2.0,80.8,59.0,Individual,7,High Risk,Manual Review
52878163,24000.0, 60 months,19.19,E,E3,2 years,RENT,63000.0,Source Verified,debt_consolidation,MD,23.81,4.0,660.0,664.0,0.0,95.9,22.0,Individual,5,High Risk,Manual Review
52728228,24775.0, 60 months,18.25,E,E1,10+ years,RENT,59000.0,Verified,debt_consolidation,FL,34.33,0.0,700.0,704.0,1.0,47.3,19.0,Individual,5,High Risk,Manual Review
52678125,2000.0, 36 months,18.25,E,E1,8 years,RENT,23000.0,Not Verified,vacation,MI,38.94,1.0,660.0,664.0,3.0,22.7,32.0,Individual,6,High Risk,Manual Review
52536753,32400.0, 60 months,21.99,F,F1,10+ years,MORTGAGE,76135.0,Verified,debt_consolidation,IL,38.73,0.0,670.0,674.0,0.0,40.0,46.0,Individual,5,High Risk,Manual Review
52536767,17625.0, 60 months,18.55,E,E2,2 years,RENT,42000.0,Verified,credit_card,FL,30.03,0.0,660.0,664.0,0.0,82.2,33.0,Individual,6,High Risk,Manual Review
51959018,12900.0, 36 months,28.49,G,G4,10+ years,MORTGAGE,31000.0,Source Verified,debt_consolidation,MI,37.4,0.0,660.0,664.0,1.0,63.4,10.0,Individual,5,High Risk,Manual Review
50518076,22500.0, 60 months,18.25,E,E1,6 years,MORTGAGE,45000.0,Source Verified,credit_card,AR,30.98,1.0,665.0,669.0,1.0,37.3,23.0,Individual,6,High Risk,Manual Review
52536718,22000.0, 60 months,18.55,E,E2,10+ years,RENT,50000.0,Source Verified,debt_consolidation,MD,37.18,0.0,730.0,734.0,1.0,31.0,19.0,Individual,5,High Risk,Manual Review
51526197,14400.0, 36 months,18.25,E,E1,10+ years,MORTGAGE,75000.0,Verified,debt_consolidation,NY,35.34,1.0,665.0,669.0,0.0,101.3,30.0,Individual,7,High Risk,Manual Review
52668129,23850.0, 36 months,18.25,E,E1,10+ years,OWN,53000.0,Verified,credit_card,MI,35.71,1.0,665.0,669.0,0.0,47.0,23.0,Individual,6,High Risk,Manual Review
52239199,23000.0, 60 months,18.25,E,E1,4 years,MORTGAGE,50000.0,Verified,credit_card,CA,31.83,0.0,700.0,704.0,0.0,97.4,15.0,Individual,6,High Risk,Manual Review
52456608,21000.0, 60 months,18.55,E,E2,8 years,RENT,54163.0,Verified,home_improvement,CA,38.54,0.0,665.0,669.0,1.0,49.7,28.0,Individual,5,High Risk,Manual Review
52698127,11400.0, 60 months,24.99,F,F4,10+ years,MORTGAGE,30000.0,Not Verified,credit_card,WV,35.37,0.0,680.0,684.0,2.0,73.8,23.0,Individual,5,High Risk,Manual Review
51998446,15000.0, 60 months,19.19,E,E3,7 years,RENT,43000.0,Source Verified,debt_consolidation,NY,31.23,1.0,660.0,664.0,0.0,90.2,26.0,Individual,7,High Risk,Manual Review
52828150,13700.0, 60 months,24.99,F,F4,10+ years,RENT,60000.0,Verified,debt_consolidation,GA,31.8,0.0,660.0,664.0,1.0,80.6,21.0,Individual,6,High Risk,Manual Review
52718224,15400.0, 60 months,19.99,E,E4,10+ years,MORTGAGE,35000.0,Source Verified,debt_consolidation,OH,38.24,0.0,720.0,724.0,2.0,44.9,25.0,Individual,5,High Risk,Manual Review
52096377,8300.0, 36 months,18.25,E,E1,9 years,RENT,26000.0,Verified,credit_card,OK,32.04,0.0,675.0,679.0,1.0,103.8,12.0,Individual,6,High Risk,Manual Review
52708180,12500.0, 60 months,25.78,F,F5,10+ years,RENT,25000.0,Source Verified,debt_consolidation,WI,38.79,1.0,670.0,674.0,0.0,49.6,35.0,Individual,6,High Risk,Manual Review
51766176,21050.0, 60 months,27.31,G,G2,6 years,MORTGAGE,71500.0,Verified,debt_consolidation,PA,37.48,1.0,670.0,674.0,0.0,55.0,31.0,Individual,6,High Risk,Manual Review
52536579,20000.0, 60 months,24.99,F,F4,10+ years,MORTGAGE,93000.0,Verified,debt_consolidation,VA,35.2,2.0,660.0,664.0,2.0,67.0,50.0,Individual,6,High Risk,Manual Review
51846182,21500.0, 60 months,18.25,E,E1,1 year,RENT,43000.0,Verified,debt_consolidation,CA,34.55,0.0,670.0,674.0,0.0,81.4,43.0,Individual,6,High Risk,Manual Review
52209596,18000.0, 60 months,22.99,F,F2,< 1 year,OWN,40000.0,Verified,credit_card,WV,36.27,1.0,660.0,664.0,0.0,93.0,23.0,Individual,7,High Risk,Manual Review
52416364,14700.0, 60 months,19.19,E,E3,7 years,OWN,35000.0,Verified,debt_consolidation,CA,38.99,0.0,690.0,694.0,1.0,78.2,18.0,Individual,5,High Risk,Manual Review
52496520,4400.0, 36 months,19.99,E,E4,10+ years,MORTGAGE,22000.0,Not Verified,debt_consolidation,PA,31.86,0.0,680.0,684.0,0.0,77.7,21.0,Individual,5,High Risk,Manual Review
52536395,35000.0, 60 months,18.25,E,E1,10+ years,OWN,98000.0,Verified,debt_consolidation,GA,30.52,0.0,675.0,679.0,0.0,73.1,21.0,Individual,5,High Risk,Manual Review
52496407,25000.0, 60 months,22.99,F,F2,2 years,OWN,50000.0,Source Verified,debt_consolidation,TX,9.95,1.0,690.0,694.0,0.0,96.5,12.0,Individual,5,High Risk,Manual Review
52476326,29100.0, 60 months,20.99,E,E5,2 years,RENT,66625.0,Source Verified,debt_consolidation,VA,31.8,0.0,690.0,694.0,0.0,72.4,26.0,Individual,5,High Risk,Manual Review
52476332,9675.0, 36 months,19.99,E,E4,10+ years,OWN,30500.0,Source Verified,debt_consolidation,WV,33.06,0.0,660.0,664.0,1.0,80.7,9.0,Individual,6,High Risk,Manual Review
52556594,30000.0, 60 months,20.99,E,E5,10+ years,OWN,74000.0,Verified,home_improvement,NY,30.34,2.0,695.0,699.0,0.0,27.4,30.0,Individual,6,High Risk,Manual Review
52446287,21000.0, 60 months,23.99,F,F3,10+ years,MORTGAGE,105000.0,Source Verified,debt_consolidation,GA,33.06,0.0,670.0,674.0,1.0,75.0,40.0,Individual,5,High Risk,Manual Review
52506286,25350.0, 60 months,22.99,F,F2,2 years,MORTGAGE,66737.0,Verified,debt_consolidation,AL,37.8,1.0,670.0,674.0,0.0,73.6,40.0,Individual,6,High Risk,Manual Review
52128510,32000.0, 60 months,19.19,E,E3,10+ years,MORTGAGE,85000.0,Verified,credit_card,MO,36.98,0.0,685.0,689.0,0.0,92.1,58.0,Individual,6,High Risk,Manual Review
52128207,24225.0, 60 months,19.19,E,E3,2 years,MORTGAGE,80000.0,Source Verified,debt_consolidation,CO,10.79,1.0,670.0,674.0,0.0,96.9,21.0,Individual,5,High Risk,Manual Review
52566184,10000.0, 60 months,18.25,E,E1,1 year,MORTGAGE,63000.0,Verified,debt_consolidation,TX,33.31,2.0,680.0,684.0,0.0,69.0,39.0,Individual,6,High Risk,Manual Review
52456292,19275.0, 60 months,19.19,E,E3,4 years,RENT,48200.0,Source Verified,debt_consolidation,TX,32.23,0.0,690.0,694.0,1.0,69.6,40.0,Individual,5,High Risk,Manual Review
52586148,11425.0, 60 months,23.99,F,F3,10+ years,RENT,26000.0,Source Verified,debt_consolidation,FL,31.26,0.0,705.0,709.0,0.0,91.5,10.0,Individual,6,High Risk,Manual Review
52636195,5975.0, 36 months,17.86,D,D5,10+ years,MORTGAGE,70000.0,Verified,debt_consolidation,PA,30.5,2.0,660.0,664.0,0.0,98.3,28.0,Individual,5,High Risk,Manual Review
52496181,28225.0, 60 months,18.25,E,E1,< 1 year,OWN,95000.0,Verified,debt_consolidation,IL,38.93,0.0,670.0,674.0,1.0,76.6,26.0,Individual,5,High Risk,Manual Review
52189575,25550.0, 60 months,19.99,E,E4,< 1 year,OWN,74000.0,Source Verified,debt_consolidation,NY,37.38,0.0,680.0,684.0,1.0,39.2,40.0,Individual,5,High Risk,Manual Review
52616159,14150.0, 60 months,21.99,F,F1,2 years,MORTGAGE,52000.0,Not Verified,debt_consolidation,FL,21.65,1.0,690.0,694.0,1.0,82.7,26.0,Individual,5,High Risk,Manual Review
52536170,27600.0, 60 months,22.99,F,F2,10+ years,OWN,60000.0,Source Verified,credit_card,TX,39.88,0.0,665.0,669.0,1.0,70.2,62.0,Individual,5,High Risk,Manual Review
51896387,24000.0, 60 months,16.55,D,D2,5 years,MORTGAGE,78000.0,Source Verified,debt_consolidation,TN,31.71,2.0,665.0,669.0,0.0,86.3,46.0,Individual,5,High Risk,Manual Review
52249452,13825.0, 36 months,17.57,D,D4,10+ years,RENT,48000.0,Source Verified,debt_consolidation,TX,34.7,1.0,665.0,669.0,0.0,84.3,22.0,Individual,5,High Risk,Manual Review
52290565,21000.0, 60 months,18.25,E,E1,10+ years,MORTGAGE,80000.0,Verified,major_purchase,TX,31.28,0.0,680.0,684.0,2.0,17.9,66.0,Individual,5,High Risk,Manual Review
51936458,5750.0, 36 months,21.99,F,F1,10+ years,MORTGAGE,32000.0,Verified,debt_consolidation,GA,29.11,1.0,660.0,664.0,0.0,85.4,19.0,Individual,5,High Risk,Manual Review
52149472,21200.0, 60 months,20.99,E,E5,10+ years,MORTGAGE,53000.0,Verified,debt_consolidation,MS,36.68,1.0,660.0,664.0,0.0,55.6,10.0,Individual,6,High Risk,Manual Review
52341386,25000.0, 60 months,18.25,E,E1,2 years,MORTGAGE,63000.0,Source Verified,credit_card,MI,35.46,0.0,665.0,669.0,3.0,76.6,45.0,Individual,5,High Risk,Manual Review
52128451,35000.0, 36 months,19.99,E,E4,10+ years,MORTGAGE,150000.0,Verified,debt_consolidation,MO,33.97,0.0,660.0,664.0,1.0,94.0,55.0,Individual,6,High Risk,Manual Review
51899100,8000.0, 36 months,18.25,E,E1,,RENT,16000.0,Verified,credit_card,FL,34.51,1.0,690.0,694.0,0.0,31.9,20.0,Individual,6,High Risk,Manual Review
51066126,23100.0, 60 months,21.99,F,F1,10+ years,MORTGAGE,68000.0,Source Verified,other,NJ,31.7,8.0,675.0,679.0,1.0,83.3,38.0,Individual,7,High Risk,Manual Review
52189251,17600.0, 60 months,19.19,E,E3,< 1 year,RENT,40000.0,Source Verified,debt_consolidation,NV,33.3,0.0,660.0,664.0,0.0,39.9,35.0,Individual,5,High Risk,Manual Review
51882020,28000.0, 60 months,21.99,F,F1,10+ years,MORTGAGE,70000.0,Source Verified,house,GA,38.15,3.0,685.0,689.0,0.0,49.7,52.0,Individual,6,High Risk,Manual Review
52290437,9600.0, 36 months,19.99,E,E4,6 years,MORTGAGE,40923.0,Not Verified,credit_card,TX,38.74,0.0,665.0,669.0,2.0,80.2,39.0,Individual,6,High Risk,Manual Review
52341218,19800.0, 60 months,19.99,E,E4,< 1 year,RENT,45000.0,Source Verified,debt_consolidation,NV,34.32,0.0,665.0,669.0,0.0,47.3,51.0,Individual,5,High Risk,Manual Review
52269165,15200.0, 60 months,19.99,E,E4,< 1 year,RENT,38000.0,Source Verified,debt_consolidation,IL,30.23,0.0,690.0,694.0,1.0,35.1,16.0,Individual,5,High Risk,Manual Review
52259283,21100.0, 60 months,18.25,E,E1,10+ years,RENT,48000.0,Source Verified,debt_consolidation,AL,35.03,0.0,730.0,734.0,1.0,39.5,19.0,Individual,5,High Risk,Manual Review
52159424,30000.0, 36 months,19.19,E,E3,< 1 year,RENT,60000.0,Verified,debt_consolidation,TX,31.44,1.0,675.0,679.0,1.0,45.2,26.0,Individual,6,High Risk,Manual Review
52046653,10000.0, 60 months,19.19,E,E3,10+ years,MORTGAGE,47734.0,Source Verified,credit_card,AR,34.75,0.0,680.0,684.0,1.0,55.0,17.0,Individual,5,High Risk,Manual Review
52018057,20000.0, 60 months,22.99,F,F2,< 1 year,RENT,50000.0,Source Verified,debt_consolidation,IN,39.53,0.0,680.0,684.0,0.0,84.1,17.0,Individual,6,High Risk,Manual Review
52321368,4200.0, 36 months,19.19,E,E3,3 years,RENT,20000.0,Not Verified,debt_consolidation,GA,30.37,0.0,660.0,664.0,2.0,44.4,22.0,Individual,5,High Risk,Manual Review
50526932,13150.0, 60 months,18.55,E,E2,10+ years,MORTGAGE,44000.0,Not Verified,debt_consolidation,OR,37.86,0.0,675.0,679.0,0.0,57.5,18.0,Individual,5,High Risk,Manual Review
52249314,30350.0, 60 months,23.99,F,F3,8 years,RENT,80000.0,Verified,debt_consolidation,NY,37.32,0.0,660.0,664.0,1.0,93.7,15.0,Individual,6,High Risk,Manual Review
52128273,25500.0, 60 months,20.99,E,E5,8 years,RENT,58000.0,Source Verified,debt_consolidation,MI,31.0,0.0,685.0,689.0,1.0,66.3,24.0,Individual,5,High Risk,Manual Review
52331260,16125.0, 60 months,18.25,E,E1,3 years,MORTGAGE,52000.0,Source Verified,credit_card,FL,38.66,0.0,675.0,679.0,0.0,48.4,31.0,Individual,5,High Risk,Manual Review
51879487,7125.0, 36 months,20.99,E,E5,10+ years,OWN,24730.0,Verified,debt_consolidation,CT,37.77,0.0,670.0,674.0,0.0,87.7,13.0,Individual,6,High Risk,Manual Review
51908996,12000.0, 60 months,19.99,E,E4,10+ years,OWN,24000.0,Source Verified,major_purchase,MO,31.0,0.0,675.0,679.0,0.0,75.1,33.0,Individual,5,High Risk,Manual Review
52374198,12175.0, 60 months,18.55,E,E2,1 year,OWN,60000.0,Source Verified,debt_consolidation,OH,30.38,3.0,660.0,664.0,0.0,39.1,38.0,Individual,6,High Risk,Manual Review
52229383,24950.0, 60 months,23.99,F,F3,4 years,RENT,50736.0,Source Verified,debt_consolidation,GA,33.44,0.0,675.0,679.0,0.0,85.7,33.0,Individual,6,High Risk,Manual Review
52139186,13500.0, 60 months,20.99,E,E5,3 years,RENT,45000.0,Not Verified,debt_consolidation,FL,31.19,0.0,660.0,664.0,0.0,76.8,32.0,Individual,5,High Risk,Manual Review
51827985,12650.0, 60 months,19.19,E,E3,,MORTGAGE,57571.56,Verified,home_improvement,OH,32.46,1.0,685.0,689.0,0.0,17.3,39.0,Individual,6,High Risk,Manual Review
51948621,16425.0, 60 months,18.55,E,E2,4 years,RENT,55000.0,Not Verified,debt_consolidation,AZ,37.4,0.0,710.0,714.0,1.0,50.7,42.0,Individual,5,High Risk,Manual Review
51646143,20875.0, 60 months,18.25,E,E1,10+ years,MORTGAGE,58000.0,Source Verified,debt_consolidation,MI,30.31,0.0,695.0,699.0,1.0,86.3,21.0,Individual,6,High Risk,Manual Review
52239183,35000.0, 60 months,21.99,F,F1,10+ years,MORTGAGE,184000.0,Verified,credit_card,VA,33.4,0.0,700.0,704.0,2.0,32.0,72.0,Individual,5,High Risk,Manual Review
52311135,35000.0, 60 months,18.55,E,E2,4 years,RENT,85000.0,Verified,debt_consolidation,NH,30.65,0.0,680.0,684.0,1.0,80.8,21.0,Individual,6,High Risk,Manual Review
52249212,12000.0, 36 months,18.25,E,E1,2 years,RENT,25000.0,Source Verified,other,NJ,31.2,0.0,660.0,664.0,0.0,67.9,7.0,Individual,5,High Risk,Manual Review
52321256,15000.0, 60 months,18.55,E,E2,3 years,OWN,48650.0,Verified,credit_card,AR,33.45,0.0,670.0,674.0,1.0,78.0,19.0,Individual,5,High Risk,Manual Review
52341137,35000.0, 60 months,19.19,E,E3,7 years,OWN,84000.0,Verified,debt_consolidation,RI,32.26,0.0,710.0,714.0,1.0,96.7,22.0,Individual,6,High Risk,Manual Review
52159198,14500.0, 60 months,19.99,E,E4,1 year,MORTGAGE,72000.0,Verified,debt_consolidation,TX,37.73,0.0,685.0,689.0,2.0,76.8,24.0,Individual,5,High Risk,Manual Review
52209131,20000.0, 60 months,21.99,F,F1,10+ years,RENT,88900.0,Verified,debt_consolidation,GA,30.87,0.0,665.0,669.0,3.0,42.2,51.0,Individual,5,High Risk,Manual Review
51881887,6000.0, 36 months,18.55,E,E2,10+ years,RENT,40000.0,Source Verified,other,CA,38.55,0.0,680.0,684.0,1.0,72.8,22.0,Individual,5,High Risk,Manual Review
51828857,21000.0, 60 months,19.19,E,E3,10+ years,MORTGAGE,65000.0,Source Verified,home_improvement,AL,33.16,0.0,665.0,669.0,1.0,84.0,35.0,Individual,6,High Risk,Manual Review
52028497,5000.0, 36 months,16.55,D,D2,3 years,RENT,33000.0,Source Verified,debt_consolidation,NC,37.09,3.0,660.0,664.0,0.0,87.4,16.0,Individual,5,High Risk,Manual Review
51988926,14325.0, 60 months,24.99,F,F4,,OWN,32596.0,Verified,debt_consolidation,OK,39.06,0.0,690.0,694.0,2.0,22.4,16.0,Individual,5,High Risk,Manual Review
51816940,15000.0, 60 months,21.99,F,F1,10+ years,MORTGAGE,90000.0,Verified,debt_consolidation,IN,30.2,0.0,660.0,664.0,4.0,50.0,44.0,Individual,5,High Risk,Manual Review
51868629,24525.0, 60 months,21.99,F,F1,1 year,MORTGAGE,54500.0,Verified,credit_card,FL,36.64,1.0,660.0,664.0,1.0,65.0,35.0,Individual,6,High Risk,Manual Review
51980219,35000.0, 60 months,22.99,F,F2,6 years,MORTGAGE,255000.0,Verified,debt_consolidation,OR,15.38,1.0,680.0,684.0,1.0,84.9,40.0,Individual,5,High Risk,Manual Review
52077936,14000.0, 60 months,18.25,E,E1,9 years,RENT,40000.0,Source Verified,debt_consolidation,WA,30.9,0.0,675.0,679.0,0.0,39.8,32.0,Individual,5,High Risk,Manual Review
51988473,35000.0, 60 months,21.99,F,F1,< 1 year,OWN,125000.0,Verified,credit_card,IL,30.04,1.0,660.0,664.0,2.0,81.6,28.0,Individual,7,High Risk,Manual Review
52048826,8050.0, 36 months,18.55,E,E2,10+ years,MORTGAGE,61000.0,Verified,debt_consolidation,WI,37.32,0.0,700.0,704.0,1.0,82.6,19.0,Individual,6,High Risk,Manual Review
51998307,11100.0, 36 months,18.25,E,E1,9 years,MORTGAGE,37000.0,Not Verified,debt_consolidation,GA,38.11,2.0,665.0,669.0,3.0,28.1,14.0,Individual,6,High Risk,Manual Review
51959149,12550.0, 60 months,19.99,E,E4,8 years,MORTGAGE,360000.0,Source Verified,debt_consolidation,MS,4.66,1.0,670.0,674.0,1.0,81.4,30.0,Individual,5,High Risk,Manual Review
52028685,9600.0, 36 months,19.99,E,E4,10+ years,OWN,32000.0,Verified,debt_consolidation,TX,33.27,0.0,665.0,669.0,1.0,52.8,31.0,Individual,5,High Risk,Manual Review
51918188,11200.0, 60 months,18.55,E,E2,4 years,RENT,42000.0,Verified,debt_consolidation,IN,30.26,2.0,660.0,664.0,2.0,36.0,27.0,Individual,6,High Risk,Manual Review
51881613,27200.0, 60 months,22.99,F,F2,< 1 year,RENT,85000.0,Source Verified,debt_consolidation,TX,34.29,2.0,665.0,669.0,0.0,73.9,33.0,Individual,6,High Risk,Manual Review
52028738,7575.0, 36 months,19.19,E,E3,3 years,RENT,26000.0,Source Verified,other,NY,33.15,0.0,735.0,739.0,0.0,40.8,6.0,Individual,5,High Risk,Manual Review
51881667,20000.0, 60 months,19.99,E,E4,10+ years,OWN,70000.0,Verified,debt_consolidation,OH,33.46,0.0,670.0,674.0,0.0,90.3,36.0,Individual,6,High Risk,Manual Review
51938992,14400.0, 60 months,21.99,F,F1,< 1 year,RENT,40000.0,Not Verified,debt_consolidation,OH,31.66,4.0,665.0,669.0,0.0,46.2,34.0,Individual,6,High Risk,Manual Review
51888528,27000.0, 60 months,27.31,G,G2,10+ years,MORTGAGE,75000.0,Source Verified,debt_consolidation,NY,24.18,1.0,680.0,684.0,1.0,90.1,32.0,Individual,5,High Risk,Manual Review
51836336,6000.0, 36 months,18.55,E,E2,5 years,MORTGAGE,29972.0,Not Verified,credit_card,TX,38.85,0.0,680.0,684.0,2.0,54.6,40.0,Individual,5,High Risk,Manual Review
50467185,12275.0, 60 months,20.99,E,E5,3 years,MORTGAGE,52000.0,Verified,debt_consolidation,IN,36.3,0.0,690.0,694.0,0.0,31.6,54.0,Individual,5,High Risk,Manual Review
51868903,23675.0, 60 months,21.99,F,F1,7 years,MORTGAGE,108000.0,Source Verified,credit_card,NY,35.42,1.0,675.0,679.0,1.0,91.5,21.0,Individual,7,High Risk,Manual Review
52038807,23000.0, 60 months,18.25,E,E1,5 years,MORTGAGE,50000.0,Source Verified,debt_consolidation,NJ,31.08,0.0,670.0,674.0,0.0,59.8,29.0,Individual,5,High Risk,Manual Review
52048681,9000.0, 36 months,18.25,E,E1,7 years,RENT,25000.0,Source Verified,debt_consolidation,CA,35.62,0.0,680.0,684.0,0.0,84.9,9.0,Individual,6,High Risk,Manual Review
51928319,7050.0, 36 months,18.55,E,E2,9 years,RENT,45000.0,Not Verified,moving,VA,38.24,10.0,660.0,664.0,0.0,35.8,54.0,Individual,6,High Risk,Manual Review
51968074,6800.0, 36 months,18.55,E,E2,5 years,RENT,17000.0,Source Verified,debt_consolidation,CA,32.06,0.0,680.0,684.0,0.0,94.7,8.0,Individual,6,High Risk,Manual Review
50657526,10675.0, 60 months,19.99,E,E4,10+ years,RENT,41000.0,Source Verified,debt_consolidation,RI,34.05,0.0,695.0,699.0,1.0,83.1,18.0,Individual,6,High Risk,Manual Review
51881046,12000.0, 60 months,18.25,E,E1,10+ years,OWN,44000.0,Not Verified,debt_consolidation,VA,32.05,2.0,670.0,674.0,2.0,94.4,26.0,Individual,7,High Risk,Manual Review
51899246,21000.0, 60 months,18.25,E,E1,5 years,MORTGAGE,42000.0,Source Verified,debt_consolidation,IL,38.43,0.0,675.0,679.0,1.0,60.3,23.0,Individual,5,High Risk,Manual Review
51938755,11450.0, 36 months,19.99,E,E4,8 years,RENT,39831.0,Source Verified,debt_consolidation,WA,18.71,1.0,660.0,664.0,0.0,90.6,24.0,Individual,5,High Risk,Manual Review
51928960,11500.0, 60 months,18.55,E,E2,,RENT,35400.0,Verified,debt_consolidation,WA,39.69,0.0,675.0,679.0,0.0,54.6,15.0,Individual,5,High Risk,Manual Review
51005871,11175.0, 60 months,20.99,E,E5,10+ years,MORTGAGE,52000.0,Source Verified,debt_consolidation,NY,35.91,0.0,700.0,704.0,0.0,82.6,16.0,Individual,6,High Risk,Manual Review
51928905,13950.0, 60 months,19.99,E,E4,1 year,MORTGAGE,56000.0,Not Verified,debt_consolidation,TX,35.58,0.0,660.0,664.0,0.0,62.4,44.0,Individual,5,High Risk,Manual Review
51736338,19125.0, 60 months,20.99,E,E5,10+ years,MORTGAGE,62000.0,Verified,debt_consolidation,AL,36.2,0.0,675.0,679.0,1.0,46.8,41.0,Individual,5,High Risk,Manual Review
50516087,4725.0, 36 months,20.99,E,E5,10+ years,MORTGAGE,60000.0,Not Verified,debt_consolidation,WA,38.44,0.0,695.0,699.0,0.0,91.1,24.0,Individual,6,High Risk,Manual Review
51868666,14975.0, 60 months,19.99,E,E4,< 1 year,MORTGAGE,41600.0,Source Verified,debt_consolidation,NJ,34.54,1.0,660.0,664.0,2.0,85.3,49.0,Individual,7,High Risk,Manual Review
51881225,10425.0, 36 months,21.99,F,F1,< 1 year,RENT,29000.0,Source Verified,debt_consolidation,CA,36.55,0.0,670.0,674.0,1.0,92.7,7.0,Individual,6,High Risk,Manual Review
51958956,12425.0, 60 months,24.99,F,F4,7 years,MORTGAGE,48000.0,Source Verified,other,IL,34.13,2.0,670.0,674.0,0.0,54.0,22.0,Individual,6,High Risk,Manual Review
51947209,31850.0, 36 months,18.25,E,E1,< 1 year,RENT,63722.0,Verified,credit_card,MD,35.5,0.0,685.0,689.0,0.0,82.1,23.0,Individual,6,High Risk,Manual Review
51957536,9325.0, 36 months,19.19,E,E3,,MORTGAGE,37744.0,Verified,debt_consolidation,TX,34.5,0.0,710.0,714.0,2.0,47.5,9.0,Individual,5,High Risk,Manual Review
50779226,17675.0, 60 months,18.55,E,E2,,MORTGAGE,38436.0,Verified,debt_consolidation,WI,30.19,0.0,705.0,709.0,1.0,68.3,31.0,Individual,5,High Risk,Manual Review
51908487,3325.0, 36 months,19.19,E,E3,10+ years,MORTGAGE,33000.0,Verified,debt_consolidation,OH,31.42,0.0,660.0,664.0,1.0,77.0,24.0,Individual,5,High Risk,Manual Review
51366644,4600.0, 36 months,26.77,G,G1,2 years,OWN,31000.0,Not Verified,debt_consolidation,AL,32.13,0.0,675.0,679.0,0.0,49.1,9.0,Individual,5,High Risk,Manual Review
51881122,25000.0, 60 months,19.19,E,E3,2 years,RENT,125000.0,Source Verified,debt_consolidation,CA,10.35,2.0,665.0,669.0,0.0,83.5,17.0,Individual,5,High Risk,Manual Review
51968489,15000.0, 60 months,19.19,E,E3,2 years,MORTGAGE,90000.0,Verified,debt_consolidation,NY,32.83,1.0,670.0,674.0,3.0,36.4,40.0,Individual,6,High Risk,Manual Review
51008893,11325.0, 36 months,19.19,E,E3,6 years,OWN,27000.0,Source Verified,debt_consolidation,TX,39.47,0.0,670.0,674.0,0.0,58.5,15.0,Individual,5,High Risk,Manual Review
51868488,16000.0, 36 months,17.86,D,D5,< 1 year,OWN,44452.0,Source Verified,debt_consolidation,OK,37.16,1.0,665.0,669.0,1.0,87.9,20.0,Individual,5,High Risk,Manual Review
51859090,11200.0, 60 months,19.99,E,E4,6 years,OWN,28000.0,Source Verified,debt_consolidation,TX,35.28,0.0,660.0,664.0,2.0,52.9,27.0,Individual,5,High Risk,Manual Review
51879303,6000.0, 36 months,18.25,E,E1,,OWN,12000.0,Verified,debt_consolidation,GA,38.31,0.0,665.0,669.0,1.0,39.7,21.0,Individual,5,High Risk,Manual Review
51908424,26825.0, 60 months,18.25,E,E1,7 years,MORTGAGE,65000.0,Source Verified,credit_card,MI,35.76,0.0,665.0,669.0,0.0,70.6,36.0,Individual,5,High Risk,Manual Review
51868277,14000.0, 60 months,18.25,E,E1,2 years,RENT,48000.0,Source Verified,debt_consolidation,NY,30.98,0.0,665.0,669.0,0.0,94.8,28.0,Individual,6,High Risk,Manual Review
51880727,24625.0, 36 months,18.25,E,E1,8 years,MORTGAGE,86000.0,Verified,debt_consolidation,PA,34.4,1.0,675.0,679.0,1.0,73.0,45.0,Individual,6,High Risk,Manual Review
51948067,16000.0, 60 months,22.99,F,F2,9 years,MORTGAGE,85000.0,Verified,debt_consolidation,CA,34.04,0.0,670.0,674.0,3.0,64.0,49.0,Individual,5,High Risk,Manual Review
51938293,21025.0, 60 months,23.99,F,F3,3 years,OWN,55000.0,Verified,credit_card,IL,36.53,0.0,660.0,664.0,0.0,53.0,30.0,Individual,5,High Risk,Manual Review
51979418,11050.0, 60 months,18.25,E,E1,2 years,RENT,40000.0,Source Verified,debt_consolidation,AL,36.05,0.0,675.0,679.0,1.0,32.1,47.0,Individual,5,High Risk,Manual Review
49956434,10500.0, 60 months,19.19,E,E3,7 years,OWN,210000.0,Verified,home_improvement,NY,8.98,1.0,660.0,664.0,0.0,84.0,26.0,Individual,5,High Risk,Manual Review
51566430,17050.0, 60 months,22.99,F,F2,5 years,OWN,49500.0,Source Verified,debt_consolidation,AR,34.26,1.0,670.0,674.0,2.0,88.1,28.0,Individual,7,High Risk,Manual Review
52057961,19800.0, 60 months,21.99,F,F1,10+ years,RENT,55000.0,Source Verified,debt_consolidation,GA,31.74,1.0,700.0,704.0,0.0,33.4,14.0,Individual,6,High Risk,Manual Review
51938344,18000.0, 60 months,18.25,E,E1,5 years,MORTGAGE,75000.0,Verified,debt_consolidation,LA,30.62,1.0,665.0,669.0,0.0,64.2,32.0,Individual,6,High Risk,Manual Review
52077400,13500.0, 60 months,18.25,E,E1,2 years,RENT,48800.0,Verified,debt_consolidation,NH,33.25,0.0,680.0,684.0,1.0,76.4,19.0,Individual,5,High Risk,Manual Review
50446701,21350.0, 60 months,20.99,E,E5,10+ years,MORTGAGE,54697.0,Source Verified,debt_consolidation,IL,39.14,1.0,670.0,674.0,0.0,72.1,47.0,Individual,6,High Risk,Manual Review
48596511,12000.0, 60 months,18.25,E,E1,4 years,MORTGAGE,48000.0,Verified,debt_consolidation,IN,30.25,0.0,685.0,689.0,3.0,42.1,23.0,Individual,5,High Risk,Manual Review
51948140,27300.0, 60 months,19.99,E,E4,,RENT,65000.0,Source Verified,debt_consolidation,CO,13.11,1.0,675.0,679.0,1.0,86.2,36.0,Individual,5,High Risk,Manual Review
51997818,13100.0, 60 months,18.25,E,E1,1 year,RENT,45000.0,Source Verified,debt_consolidation,MS,32.03,0.0,680.0,684.0,0.0,67.7,38.0,Individual,5,High Risk,Manual Review
51946342,2975.0, 36 months,18.25,E,E1,10+ years,RENT,60000.0,Verified,medical,FL,34.92,0.0,695.0,699.0,0.0,80.4,22.0,Individual,6,High Risk,Manual Review
50869709,11175.0, 60 months,23.99,F,F3,4 years,MORTGAGE,42000.0,Not Verified,debt_consolidation,MN,35.1,0.0,670.0,674.0,0.0,86.5,30.0,Individual,6,High Risk,Manual Review
51958597,22600.0, 60 months,18.25,E,E1,5 years,MORTGAGE,56500.0,Source Verified,debt_consolidation,OH,32.65,0.0,670.0,674.0,0.0,88.6,9.0,Individual,6,High Risk,Manual Review
51317440,30000.0, 60 months,24.99,F,F4,< 1 year,OWN,74000.0,Verified,debt_consolidation,NY,36.56,0.0,690.0,694.0,0.0,61.6,32.0,Individual,5,High Risk,Manual Review
51880528,5000.0, 36 months,15.61,D,D1,10+ years,MORTGAGE,82000.0,Not Verified,debt_consolidation,IL,38.8,2.0,680.0,684.0,2.0,88.8,30.0,Individual,5,High Risk,Manual Review
51917920,15400.0, 60 months,19.19,E,E3,10+ years,MORTGAGE,95000.0,Verified,debt_consolidation,KY,38.2,1.0,660.0,664.0,1.0,42.0,39.0,Individual,6,High Risk,Manual Review
52017943,35000.0, 60 months,18.25,E,E1,10+ years,RENT,78000.0,Verified,credit_card,CA,31.06,0.0,675.0,679.0,1.0,81.7,20.0,Individual,6,High Risk,Manual Review
51938170,35000.0, 60 months,19.99,E,E4,2 years,MORTGAGE,156000.0,Verified,debt_consolidation,AZ,32.21,0.0,700.0,704.0,1.0,69.9,37.0,Individual,5,High Risk,Manual Review
51898747,9625.0, 36 months,18.25,E,E1,6 years,RENT,26800.0,Verified,debt_consolidation,OH,39.36,0.0,665.0,669.0,0.0,97.3,18.0,Individual,6,High Risk,Manual Review
51979255,16225.0, 60 months,24.99,F,F4,< 1 year,RENT,51000.0,Source Verified,debt_consolidation,SC,35.34,0.0,675.0,679.0,1.0,80.4,12.0,Individual,6,High Risk,Manual Review
51979130,15000.0, 60 months,19.99,E,E4,5 years,MORTGAGE,41677.0,Verified,debt_consolidation,IL,24.7,1.0,665.0,669.0,3.0,92.0,27.0,Individual,5,High Risk,Manual Review
51898673,7800.0, 36 months,19.19,E,E3,2 years,RENT,26066.0,Source Verified,medical,MS,30.89,0.0,665.0,669.0,0.0,58.6,24.0,Individual,5,High Risk,Manual Review
51456440,10000.0, 60 months,19.99,E,E4,6 years,RENT,42000.0,Source Verified,credit_card,DC,34.37,0.0,665.0,669.0,0.0,80.8,11.0,Individual,6,High Risk,Manual Review
52038285,21925.0, 60 months,18.25,E,E1,9 years,OWN,85000.0,Source Verified,other,TX,30.85,0.0,665.0,669.0,0.0,52.9,27.0,Individual,5,High Risk,Manual Review
51888082,15300.0, 60 months,19.19,E,E3,10+ years,OWN,45000.0,Source Verified,debt_consolidation,PA,31.2,0.0,680.0,684.0,1.0,90.5,25.0,Individual,6,High Risk,Manual Review
52047610,15975.0, 60 months,18.55,E,E2,8 years,OWN,74441.16,Not Verified,debt_consolidation,WA,35.14,0.0,705.0,709.0,1.0,75.6,30.0,Individual,5,High Risk,Manual Review
51858792,28000.0, 60 months,18.55,E,E2,6 years,MORTGAGE,100000.0,Source Verified,debt_consolidation,OH,15.18,1.0,675.0,679.0,0.0,86.9,18.0,Individual,5,High Risk,Manual Review
51036251,35000.0, 60 months,19.19,E,E3,8 years,RENT,110000.0,Verified,debt_consolidation,CA,35.04,0.0,700.0,704.0,0.0,67.8,36.0,Individual,5,High Risk,Manual Review
51828430,13200.0, 60 months,18.55,E,E2,2 years,RENT,44000.0,Verified,debt_consolidation,KS,18.33,1.0,665.0,669.0,1.0,102.2,31.0,Individual,5,High Risk,Manual Review
51857937,10900.0, 60 months,19.99,E,E4,8 years,RENT,26000.0,Source Verified,debt_consolidation,MI,36.29,0.0,670.0,674.0,0.0,51.9,16.0,Individual,5,High Risk,Manual Review
51746509,35000.0, 60 months,20.99,E,E5,10+ years,MORTGAGE,103000.0,Verified,debt_consolidation,CA,30.23,0.0,700.0,704.0,0.0,94.7,28.0,Individual,6,High Risk,Manual Review
48555915,14000.0, 60 months,18.55,E,E2,< 1 year,MORTGAGE,41000.0,Not Verified,debt_consolidation,PA,19.79,1.0,665.0,669.0,0.0,96.1,16.0,Individual,5,High Risk,Manual Review
51917471,27500.0, 36 months,23.99,F,F3,,OWN,55000.0,Verified,debt_consolidation,NY,31.75,0.0,690.0,694.0,0.0,70.5,29.0,Individual,5,High Risk,Manual Review
51987711,6000.0, 36 months,19.19,E,E3,< 1 year,RENT,12000.0,Source Verified,debt_consolidation,NJ,38.3,0.0,710.0,714.0,0.0,44.3,9.0,Individual,5,High Risk,Manual Review
51437551,14000.0, 60 months,20.99,E,E5,5 years,RENT,35000.0,Verified,debt_consolidation,NH,39.03,0.0,675.0,679.0,0.0,52.9,32.0,Individual,5,High Risk,Manual Review
50526723,25600.0, 36 months,18.55,E,E2,10+ years,MORTGAGE,64000.0,Verified,credit_card,IN,31.86,0.0,680.0,684.0,1.0,70.7,24.0,Individual,5,High Risk,Manual Review
52027848,35000.0, 36 months,18.55,E,E2,8 years,RENT,113000.0,Verified,debt_consolidation,WV,34.64,0.0,670.0,674.0,3.0,84.0,60.0,Individual,6,High Risk,Manual Review
51898306,13200.0, 60 months,18.55,E,E2,1 year,RENT,30000.0,Source Verified,debt_consolidation,OR,34.88,0.0,690.0,694.0,0.0,40.7,27.0,Individual,5,High Risk,Manual Review
51898394,24075.0, 60 months,27.31,G,G2,6 years,MORTGAGE,96000.0,Source Verified,debt_consolidation,VA,15.08,3.0,675.0,679.0,0.0,81.8,21.0,Individual,5,High Risk,Manual Review
51837677,12000.0, 60 months,18.55,E,E2,7 years,MORTGAGE,44400.0,Source Verified,debt_consolidation,NC,36.05,0.0,720.0,724.0,0.0,56.0,32.0,Individual,5,High Risk,Manual Review
51886761,15000.0, 60 months,18.55,E,E2,1 year,RENT,35000.0,Source Verified,debt_consolidation,FL,31.79,0.0,660.0,664.0,1.0,30.5,30.0,Individual,5,High Risk,Manual Review
52056811,13925.0, 36 months,19.99,E,E4,6 years,MORTGAGE,45000.0,Source Verified,other,AR,32.96,3.0,660.0,664.0,0.0,72.6,44.0,Individual,6,High Risk,Manual Review
51957909,16500.0, 60 months,18.55,E,E2,2 years,RENT,58000.0,Source Verified,debt_consolidation,NY,37.48,0.0,680.0,684.0,0.0,91.4,17.0,Individual,6,High Risk,Manual Review
51898345,25025.0, 60 months,20.99,E,E5,10+ years,MORTGAGE,60000.0,Source Verified,debt_consolidation,CA,17.98,1.0,675.0,679.0,0.0,92.6,16.0,Individual,5,High Risk,Manual Review
51879471,14750.0, 60 months,23.99,F,F3,10+ years,RENT,33545.87,Source Verified,debt_consolidation,MD,31.91,0.0,705.0,709.0,0.0,55.7,24.0,Individual,5,High Risk,Manual Review
51326766,22875.0, 60 months,18.25,E,E1,4 years,RENT,65000.0,Verified,debt_consolidation,FL,35.97,0.0,660.0,664.0,0.0,94.1,19.0,Individual,6,High Risk,Manual Review
51917655,29875.0, 60 months,19.99,E,E4,10+ years,MORTGAGE,83000.0,Verified,debt_consolidation,CT,32.68,0.0,710.0,714.0,0.0,75.0,30.0,Individual,5,High Risk,Manual Review
51997553,25700.0, 60 months,19.19,E,E3,10+ years,MORTGAGE,120000.0,Source Verified,debt_consolidation,SC,34.62,1.0,660.0,664.0,0.0,66.0,42.0,Individual,6,High Risk,Manual Review
51928063,10800.0, 60 months,18.25,E,E1,1 year,OWN,45000.0,Source Verified,other,PA,35.15,1.0,665.0,669.0,1.0,57.9,15.0,Individual,6,High Risk,Manual Review
51817293,5650.0, 36 months,18.55,E,E2,6 years,MORTGAGE,51000.0,Not Verified,debt_consolidation,OH,34.0,0.0,685.0,689.0,2.0,78.1,36.0,Individual,5,High Risk,Manual Review
51858242,17950.0, 36 months,19.19,E,E3,10+ years,MORTGAGE,84000.0,Verified,debt_consolidation,MO,36.41,0.0,675.0,679.0,0.0,98.1,24.0,Individual,6,High Risk,Manual Review
52037893,3100.0, 36 months,22.99,F,F2,8 years,MORTGAGE,43000.0,Source Verified,renewable_energy,FL,33.62,0.0,690.0,694.0,2.0,91.5,21.0,Individual,6,High Risk,Manual Review
51756306,15000.0, 60 months,18.55,E,E2,3 years,RENT,60000.0,Source Verified,debt_consolidation,TX,17.97,1.0,670.0,674.0,0.0,98.0,21.0,Individual,5,High Risk,Manual Review
50565423,20200.0, 36 months,19.19,E,E3,10+ years,MORTGAGE,92000.0,Verified,debt_consolidation,TN,33.97,0.0,665.0,669.0,1.0,56.0,68.0,Individual,5,High Risk,Manual Review
51817321,7175.0, 36 months,17.57,D,D4,,OWN,15000.0,Verified,major_purchase,MI,37.92,2.0,670.0,674.0,0.0,82.2,28.0,Individual,5,High Risk,Manual Review
51858338,23550.0, 60 months,21.99,F,F1,8 years,MORTGAGE,62000.0,Verified,debt_consolidation,IL,30.41,0.0,680.0,684.0,1.0,69.6,28.0,Individual,5,High Risk,Manual Review
51907659,17275.0, 60 months,21.99,F,F1,,MORTGAGE,42000.0,Verified,debt_consolidation,GA,31.06,0.0,680.0,684.0,1.0,72.3,24.0,Individual,5,High Risk,Manual Review
51486214,15875.0, 60 months,19.99,E,E4,10+ years,MORTGAGE,65904.0,Source Verified,debt_consolidation,MA,35.54,0.0,675.0,679.0,0.0,53.9,14.0,Individual,5,High Risk,Manual Review
52047687,13250.0, 60 months,18.25,E,E1,10+ years,MORTGAGE,40000.0,Not Verified,debt_consolidation,MN,15.6,1.0,660.0,664.0,0.0,93.7,10.0,Individual,5,High Risk,Manual Review
51506312,21000.0, 60 months,21.99,F,F1,8 years,MORTGAGE,50000.0,Source Verified,debt_consolidation,AZ,33.1,0.0,685.0,689.0,0.0,67.9,24.0,Individual,5,High Risk,Manual Review
51817253,15000.0, 60 months,18.25,E,E1,4 years,RENT,45000.0,Source Verified,debt_consolidation,NY,36.85,0.0,665.0,669.0,0.0,60.3,11.0,Individual,5,High Risk,Manual Review
51850220,35000.0, 60 months,22.99,F,F2,2 years,MORTGAGE,102000.0,Verified,debt_consolidation,CA,20.48,5.0,660.0,664.0,3.0,91.5,24.0,Individual,5,High Risk,Manual Review
51826587,14400.0, 60 months,19.19,E,E3,< 1 year,RENT,42000.0,Verified,debt_consolidation,FL,31.71,0.0,665.0,669.0,1.0,39.1,47.0,Individual,5,High Risk,Manual Review
52007455,15775.0, 60 months,21.99,F,F1,10+ years,MORTGAGE,60000.0,Verified,debt_consolidation,AL,31.28,0.0,660.0,664.0,1.0,72.0,64.0,Individual,5,High Risk,Manual Review
51978666,12500.0, 60 months,27.88,G,G3,< 1 year,MORTGAGE,25000.0,Source Verified,debt_consolidation,KS,36.49,0.0,685.0,689.0,1.0,78.3,22.0,Individual,5,High Risk,Manual Review
51937643,17800.0, 36 months,17.86,D,D5,6 years,MORTGAGE,48000.0,Not Verified,debt_consolidation,TX,39.98,1.0,660.0,664.0,0.0,92.1,17.0,Individual,5,High Risk,Manual Review
51967227,20425.0, 36 months,19.19,E,E3,10+ years,MORTGAGE,56791.0,Source Verified,debt_consolidation,LA,30.39,0.0,690.0,694.0,0.0,72.5,54.0,Individual,5,High Risk,Manual Review
51850116,14250.0, 60 months,21.99,F,F1,2 years,MORTGAGE,58000.0,Source Verified,debt_consolidation,VA,13.1,3.0,660.0,664.0,0.0,90.9,12.0,Individual,5,High Risk,Manual Review
51978604,19150.0, 36 months,18.25,E,E1,1 year,RENT,63000.0,Verified,debt_consolidation,TX,34.7,0.0,685.0,689.0,1.0,54.3,42.0,Individual,5,High Risk,Manual Review
51879461,19200.0, 60 months,21.99,F,F1,5 years,MORTGAGE,48000.0,Source Verified,debt_consolidation,TX,37.29,1.0,705.0,709.0,0.0,53.3,37.0,Individual,6,High Risk,Manual Review
51318449,21000.0, 60 months,18.25,E,E1,7 years,RENT,69000.0,Verified,debt_consolidation,MI,26.47,1.0,660.0,664.0,0.0,85.1,18.0,Individual,5,High Risk,Manual Review
51837293,7200.0, 36 months,18.55,E,E2,3 years,MORTGAGE,36000.0,Source Verified,home_improvement,FL,31.9,0.0,670.0,674.0,1.0,67.0,15.0,Individual,5,High Risk,Manual Review
51978470,22800.0, 60 months,19.99,E,E4,5 years,RENT,57000.0,Source Verified,debt_consolidation,IN,38.67,0.0,665.0,669.0,0.0,37.9,48.0,Individual,5,High Risk,Manual Review
51907491,30000.0, 36 months,19.19,E,E3,10+ years,MORTGAGE,110000.0,Verified,debt_consolidation,FL,30.67,1.0,660.0,664.0,4.0,61.0,59.0,Individual,6,High Risk,Manual Review
52027423,18000.0, 60 months,18.55,E,E2,3 years,OWN,43000.0,Source Verified,major_purchase,GA,35.03,0.0,710.0,714.0,0.0,52.6,6.0,Individual,5,High Risk,Manual Review
51897994,25000.0, 36 months,18.25,E,E1,10+ years,MORTGAGE,61000.0,Source Verified,debt_consolidation,AL,37.16,0.0,685.0,689.0,0.0,78.9,73.0,Individual,5,High Risk,Manual Review
52047069,12925.0, 60 months,18.55,E,E2,1 year,RENT,38500.0,Source Verified,credit_card,PA,36.16,1.0,660.0,664.0,3.0,90.1,33.0,Individual,7,High Risk,Manual Review
51987038,27375.0, 60 months,22.99,F,F2,5 years,MORTGAGE,85000.0,Source Verified,debt_consolidation,TX,32.11,0.0,685.0,689.0,0.0,75.7,83.0,Individual,5,High Risk,Manual Review
51849818,16000.0, 60 months,18.25,E,E1,2 years,MORTGAGE,45000.0,Not Verified,credit_card,OK,9.09,3.0,675.0,679.0,0.0,96.1,18.0,Individual,5,High Risk,Manual Review
52027405,32775.0, 60 months,19.19,E,E3,10+ years,RENT,127000.0,Verified,debt_consolidation,VA,33.51,4.0,695.0,699.0,0.0,68.0,48.0,Individual,6,High Risk,Manual Review
51927760,6575.0, 36 months,18.25,E,E1,10+ years,MORTGAGE,44000.0,Not Verified,debt_consolidation,PA,31.56,0.0,690.0,694.0,2.0,52.8,38.0,Individual,5,High Risk,Manual Review
51966983,20000.0, 60 months,19.19,E,E3,7 years,MORTGAGE,55000.0,Source Verified,debt_consolidation,OH,39.69,0.0,685.0,689.0,1.0,40.6,22.0,Individual,5,High Risk,Manual Review
51987320,13300.0, 60 months,18.55,E,E2,10+ years,RENT,35000.0,Source Verified,credit_card,NY,39.81,0.0,660.0,664.0,1.0,78.4,40.0,Individual,5,High Risk,Manual Review
51917302,14025.0, 60 months,22.99,F,F2,10+ years,RENT,39000.0,Verified,debt_consolidation,AR,32.22,0.0,670.0,674.0,1.0,82.1,38.0,Individual,6,High Risk,Manual Review
51907245,14950.0, 60 months,21.99,F,F1,8 years,OWN,34000.0,Source Verified,debt_consolidation,TN,34.66,0.0,695.0,699.0,0.0,89.6,29.0,Individual,6,High Risk,Manual Review
51827441,25000.0, 60 months,19.19,E,E3,10+ years,MORTGAGE,98000.0,Source Verified,debt_consolidation,GA,32.98,0.0,665.0,669.0,0.0,74.1,48.0,Individual,5,High Risk,Manual Review
51756409,24000.0, 60 months,18.55,E,E2,1 year,MORTGAGE,48000.0,Verified,debt_consolidation,OH,26.84,1.0,675.0,679.0,0.0,98.5,14.0,Individual,5,High Risk,Manual Review
51907223,10000.0, 36 months,18.25,E,E1,3 years,RENT,42000.0,Source Verified,debt_consolidation,FL,30.74,0.0,670.0,674.0,1.0,31.8,18.0,Individual,5,High Risk,Manual Review
51879050,5950.0, 36 months,18.25,E,E1,4 years,OWN,35000.0,Source Verified,other,NM,37.11,0.0,670.0,674.0,0.0,66.4,9.0,Individual,5,High Risk,Manual Review
51916953,20000.0, 60 months,18.55,E,E2,3 years,MORTGAGE,40000.0,Source Verified,debt_consolidation,NJ,36.57,0.0,670.0,674.0,1.0,72.4,34.0,Individual,5,High Risk,Manual Review
51927367,8200.0, 36 months,18.55,E,E2,9 years,MORTGAGE,60000.0,Source Verified,debt_consolidation,FL,38.18,0.0,670.0,674.0,0.0,50.8,19.0,Individual,5,High Risk,Manual Review
51536741,18600.0, 60 months,18.55,E,E2,10+ years,RENT,64000.0,Source Verified,debt_consolidation,GA,30.41,0.0,660.0,664.0,1.0,49.6,15.0,Individual,5,High Risk,Manual Review
51878953,13725.0, 60 months,19.19,E,E3,10+ years,MORTGAGE,28000.0,Source Verified,debt_consolidation,IL,37.81,0.0,680.0,684.0,0.0,72.6,24.0,Individual,5,High Risk,Manual Review
51857130,10075.0, 60 months,20.99,E,E5,2 years,OWN,21000.0,Verified,debt_consolidation,NY,33.89,0.0,660.0,664.0,0.0,74.9,13.0,Individual,5,High Risk,Manual Review
51957234,10200.0, 60 months,18.55,E,E2,6 years,RENT,30000.0,Verified,debt_consolidation,VA,30.76,0.0,680.0,684.0,0.0,33.2,15.0,Individual,5,High Risk,Manual Review
52057055,9425.0, 36 months,18.25,E,E1,,RENT,40000.0,Verified,credit_card,CA,36.33,0.0,690.0,694.0,0.0,73.6,24.0,Individual,5,High Risk,Manual Review
51957175,16975.0, 60 months,18.55,E,E2,< 1 year,MORTGAGE,60000.0,Verified,debt_consolidation,LA,38.29,0.0,685.0,689.0,1.0,85.5,40.0,Individual,6,High Risk,Manual Review
51887160,17975.0, 36 months,18.55,E,E2,10+ years,MORTGAGE,43000.0,Not Verified,debt_consolidation,SC,39.88,0.0,710.0,714.0,0.0,54.0,40.0,Individual,5,High Risk,Manual Review
51857300,15450.0, 60 months,18.25,E,E1,10+ years,MORTGAGE,42000.0,Not Verified,credit_card,WI,30.17,0.0,690.0,694.0,0.0,87.1,20.0,Individual,6,High Risk,Manual Review
51827208,16800.0, 60 months,18.55,E,E2,< 1 year,RENT,94000.0,Source Verified,debt_consolidation,OH,23.09,2.0,660.0,664.0,0.0,99.0,19.0,Individual,5,High Risk,Manual Review
51906865,1725.0, 36 months,19.99,E,E4,10+ years,RENT,5400.0,Source Verified,other,FL,34.89,0.0,660.0,664.0,3.0,24.9,37.0,Individual,5,High Risk,Manual Review
50646319,35000.0, 60 months,18.25,E,E1,7 years,RENT,70000.0,Verified,debt_consolidation,NY,33.38,0.0,720.0,724.0,0.0,50.5,26.0,Individual,5,High Risk,Manual Review
52047066,10000.0, 36 months,20.99,E,E5,2 years,RENT,35000.0,Not Verified,debt_consolidation,SC,33.78,0.0,680.0,684.0,0.0,87.1,28.0,Individual,6,High Risk,Manual Review
51917126,26875.0, 60 months,19.99,E,E4,< 1 year,RENT,64000.0,Source Verified,debt_consolidation,IL,38.1,4.0,670.0,674.0,0.0,29.4,44.0,Individual,6,High Risk,Manual Review
51065398,15450.0, 60 months,17.86,D,D5,< 1 year,MORTGAGE,60000.0,Not Verified,credit_card,TX,32.14,1.0,660.0,664.0,0.0,89.8,47.0,Individual,5,High Risk,Manual Review
51977798,35000.0, 60 months,20.99,E,E5,10+ years,MORTGAGE,90000.0,Verified,debt_consolidation,MT,31.68,0.0,690.0,694.0,0.0,80.1,23.0,Individual,6,High Risk,Manual Review
52037274,10800.0, 60 months,18.25,E,E1,< 1 year,RENT,30000.0,Source Verified,debt_consolidation,NY,33.88,0.0,675.0,679.0,1.0,91.3,32.0,Individual,6,High Risk,Manual Review
52006865,11500.0, 60 months,21.99,F,F1,4 years,RENT,23000.0,Source Verified,debt_consolidation,MA,31.16,0.0,675.0,679.0,0.0,58.1,19.0,Individual,5,High Risk,Manual Review
52006852,18775.0, 36 months,18.25,E,E1,10+ years,MORTGAGE,68000.0,Source Verified,other,OH,38.16,0.0,705.0,709.0,0.0,58.1,20.0,Individual,5,High Risk,Manual Review
51937169,35000.0, 60 months,18.55,E,E2,3 years,MORTGAGE,115000.0,Verified,debt_consolidation,MN,31.8,0.0,660.0,664.0,1.0,62.5,56.0,Individual,5,High Risk,Manual Review
51066027,21550.0, 60 months,19.99,E,E4,7 years,RENT,49000.0,Verified,debt_consolidation,MN,30.59,0.0,685.0,689.0,0.0,94.4,24.0,Individual,6,High Risk,Manual Review
51927326,8000.0, 36 months,20.99,E,E5,< 1 year,RENT,20000.0,Source Verified,debt_consolidation,WY,38.3,0.0,690.0,694.0,0.0,64.0,11.0,Individual,5,High Risk,Manual Review
51897286,26575.0, 60 months,19.99,E,E4,10+ years,MORTGAGE,58000.0,Source Verified,credit_card,AL,33.33,0.0,705.0,709.0,0.0,86.7,32.0,Individual,6,High Risk,Manual Review
51927340,3200.0, 36 months,18.25,E,E1,< 1 year,OWN,52000.0,Not Verified,debt_consolidation,WA,20.86,1.0,680.0,684.0,1.0,93.4,23.0,Individual,5,High Risk,Manual Review
51896695,16400.0, 60 months,19.99,E,E4,3 years,MORTGAGE,55000.0,Not Verified,credit_card,TX,34.67,0.0,680.0,684.0,1.0,69.3,45.0,Individual,5,High Risk,Manual Review
51987061,19250.0, 60 months,18.55,E,E2,2 years,RENT,72000.0,Verified,debt_consolidation,WA,35.88,0.0,695.0,699.0,0.0,73.6,19.0,Individual,5,High Risk,Manual Review
51956872,3000.0, 36 months,16.99,D,D3,< 1 year,OWN,40000.0,Not Verified,home_improvement,CA,31.16,3.0,665.0,669.0,0.0,88.9,22.0,Individual,5,High Risk,Manual Review
52046877,24000.0, 60 months,21.99,F,F1,2 years,MORTGAGE,85000.0,Verified,credit_card,NY,37.48,0.0,660.0,664.0,4.0,74.0,26.0,Individual,5,High Risk,Manual Review
51977682,5400.0, 36 months,22.99,F,F2,1 year,OWN,15000.0,Source Verified,debt_consolidation,KY,32.08,0.0,665.0,669.0,1.0,83.2,7.0,Individual,6,High Risk,Manual Review
51996718,22875.0, 60 months,18.25,E,E1,10+ years,RENT,52000.0,Verified,credit_card,NY,33.64,0.0,685.0,689.0,0.0,56.4,26.0,Individual,5,High Risk,Manual Review
51927251,25000.0, 36 months,18.55,E,E2,10+ years,MORTGAGE,72000.0,Source Verified,debt_consolidation,UT,31.52,0.0,675.0,679.0,1.0,93.5,50.0,Individual,6,High Risk,Manual Review
51025301,12000.0, 60 months,18.25,E,E1,2 years,MORTGAGE,40000.0,Source Verified,debt_consolidation,SD,38.46,0.0,665.0,669.0,1.0,74.6,32.0,Individual,5,High Risk,Manual Review
51966125,16800.0, 60 months,22.99,F,F2,10+ years,MORTGAGE,42000.0,Verified,debt_consolidation,IL,36.0,0.0,680.0,684.0,2.0,80.6,41.0,Individual,6,High Risk,Manual Review
51977345,15150.0, 36 months,19.99,E,E4,10+ years,OWN,58000.0,Verified,debt_consolidation,OH,36.04,1.0,660.0,664.0,1.0,65.0,68.0,Individual,6,High Risk,Manual Review
51946765,15000.0, 36 months,18.25,E,E1,8 years,RENT,42000.0,Source Verified,debt_consolidation,CA,39.91,0.0,660.0,664.0,1.0,31.2,52.0,Individual,5,High Risk,Manual Review
51576212,11900.0, 60 months,18.25,E,E1,10+ years,MORTGAGE,35700.0,Not Verified,debt_consolidation,KY,37.92,1.0,665.0,669.0,0.0,90.2,16.0,Individual,7,High Risk,Manual Review
51696337,20000.0, 60 months,19.99,E,E4,6 years,MORTGAGE,68000.0,Source Verified,debt_consolidation,CT,9.92,1.0,665.0,669.0,0.0,82.6,16.0,Individual,5,High Risk,Manual Review
51916576,10600.0, 60 months,20.99,E,E5,8 years,MORTGAGE,78000.0,Verified,other,TX,31.34,1.0,670.0,674.0,2.0,83.0,17.0,Individual,7,High Risk,Manual Review
51826819,23500.0, 36 months,19.19,E,E3,3 years,MORTGAGE,86500.0,Verified,debt_consolidation,PA,36.27,0.0,695.0,699.0,0.0,91.9,50.0,Individual,6,High Risk,Manual Review
50819214,16600.0, 60 months,18.25,E,E1,2 years,RENT,80000.0,Verified,debt_consolidation,CA,36.08,0.0,715.0,719.0,0.0,96.7,14.0,Individual,6,High Risk,Manual Review
51877309,9600.0, 36 months,18.55,E,E2,< 1 year,RENT,24000.0,Source Verified,debt_consolidation,NJ,33.2,0.0,665.0,669.0,1.0,77.9,5.0,Individual,5,High Risk,Manual Review
51075839,18000.0, 60 months,19.99,E,E4,10+ years,OWN,36000.0,Source Verified,credit_card,TX,33.6,0.0,725.0,729.0,0.0,24.0,30.0,Individual,5,High Risk,Manual Review
51847534,11875.0, 36 months,18.25,E,E1,2 years,MORTGAGE,55000.0,Source Verified,debt_consolidation,FL,38.01,0.0,680.0,684.0,2.0,39.1,51.0,Individual,5,High Risk,Manual Review
51936620,18125.0, 60 months,22.99,F,F2,5 years,MORTGAGE,50400.0,Source Verified,debt_consolidation,GA,30.79,0.0,675.0,679.0,0.0,68.5,18.0,Individual,5,High Risk,Manual Review
51926687,35000.0, 60 months,16.55,D,D2,10+ years,MORTGAGE,107000.0,Verified,debt_consolidation,MA,37.17,1.0,670.0,674.0,0.0,98.4,12.0,Individual,5,High Risk,Manual Review
51977108,35000.0, 60 months,18.55,E,E2,10+ years,MORTGAGE,105000.0,Verified,debt_consolidation,TX,31.62,0.0,700.0,704.0,1.0,69.7,46.0,Individual,5,High Risk,Manual Review
52026636,22400.0, 60 months,22.99,F,F2,3 years,MORTGAGE,57612.0,Source Verified,debt_consolidation,TX,39.66,0.0,685.0,689.0,1.0,54.4,47.0,Individual,5,High Risk,Manual Review
51847533,16700.0, 60 months,18.25,E,E1,10+ years,RENT,38000.0,Verified,debt_consolidation,CO,31.71,0.0,695.0,699.0,1.0,71.0,25.0,Individual,5,High Risk,Manual Review
51847424,12000.0, 60 months,18.55,E,E2,1 year,RENT,29120.0,Source Verified,major_purchase,AR,31.0,0.0,665.0,669.0,3.0,39.8,23.0,Individual,5,High Risk,Manual Review
51926578,14625.0, 36 months,18.55,E,E2,< 1 year,OWN,33280.0,Source Verified,debt_consolidation,OK,34.26,0.0,750.0,754.0,0.0,19.7,37.0,Individual,5,High Risk,Manual Review
51936518,21100.0, 60 months,19.19,E,E3,5 years,OWN,48000.0,Source Verified,credit_card,DE,31.43,0.0,680.0,684.0,0.0,46.8,24.0,Individual,5,High Risk,Manual Review
52006486,19300.0, 60 months,21.99,F,F1,10+ years,RENT,46000.0,Source Verified,credit_card,VA,36.68,2.0,665.0,669.0,2.0,62.3,35.0,Individual,6,High Risk,Manual Review
51856663,25725.0, 60 months,19.99,E,E4,< 1 year,OWN,57000.0,Source Verified,house,FL,28.72,1.0,680.0,684.0,1.0,83.4,42.0,Individual,5,High Risk,Manual Review
51847374,14625.0, 60 months,18.25,E,E1,10+ years,MORTGAGE,54000.0,Source Verified,debt_consolidation,SD,36.49,2.0,660.0,664.0,0.0,34.6,24.0,Individual,6,High Risk,Manual Review
51816339,22025.0, 60 months,6.0,E,E4,10+ years,RENT,44088.0,Source Verified,debt_consolidation,AR,36.8,4.0,675.0,679.0,0.0,94.7,42.0,Individual,6,High Risk,Manual Review
51966386,25000.0, 60 months,19.99,E,E4,10+ years,MORTGAGE,75000.0,Verified,debt_consolidation,MN,31.23,1.0,685.0,689.0,2.0,25.1,51.0,Individual,6,High Risk,Manual Review
52016547,13450.0, 60 months,19.19,E,E3,10+ years,MORTGAGE,50000.0,Not Verified,debt_consolidation,IN,32.57,0.0,695.0,699.0,1.0,50.5,38.0,Individual,5,High Risk,Manual Review
52056459,11450.0, 60 months,19.19,E,E3,< 1 year,MORTGAGE,27310.0,Not Verified,debt_consolidation,NC,31.43,0.0,665.0,669.0,0.0,82.9,22.0,Individual,6,High Risk,Manual Review
51956410,18000.0, 60 months,20.99,E,E5,2 years,RENT,40000.0,Source Verified,other,HI,38.88,1.0,675.0,679.0,0.0,94.3,25.0,Individual,7,High Risk,Manual Review
51936595,4950.0, 36 months,19.99,E,E4,,MORTGAGE,13812.0,Verified,home_improvement,IN,39.97,1.0,660.0,664.0,0.0,48.9,9.0,Individual,6,High Risk,Manual Review
51886606,14825.0, 60 months,19.19,E,E3,7 years,RENT,65000.0,Verified,debt_consolidation,OR,33.46,0.0,665.0,669.0,0.0,89.1,15.0,Individual,6,High Risk,Manual Review
51976121,14550.0, 60 months,18.55,E,E2,10+ years,MORTGAGE,50000.0,Verified,debt_consolidation,NC,36.42,0.0,685.0,689.0,4.0,42.0,31.0,Individual,5,High Risk,Manual Review
51886662,30000.0, 60 months,16.99,D,D3,< 1 year,RENT,145000.0,Verified,debt_consolidation,WA,31.7,2.0,660.0,664.0,0.0,87.4,38.0,Individual,5,High Risk,Manual Review
52056386,3000.0, 36 months,18.25,E,E1,2 years,RENT,48000.0,Verified,debt_consolidation,NV,32.2,0.0,665.0,669.0,0.0,62.8,20.0,Individual,5,High Risk,Manual Review
51826196,4175.0, 36 months,18.55,E,E2,4 years,RENT,45000.0,Not Verified,debt_consolidation,MI,32.32,0.0,670.0,674.0,1.0,65.6,27.0,Individual,5,High Risk,Manual Review
51336117,19475.0, 36 months,19.19,E,E3,,MORTGAGE,54137.0,Verified,debt_consolidation,TX,36.78,0.0,685.0,689.0,2.0,84.6,69.0,Individual,6,High Risk,Manual Review
50581147,35000.0, 60 months,21.99,F,F1,3 years,MORTGAGE,133000.0,Verified,debt_consolidation,PA,21.0,1.0,665.0,669.0,0.0,97.3,37.0,Individual,5,High Risk,Manual Review
51847359,15000.0, 60 months,19.19,E,E3,5 years,MORTGAGE,69000.0,Source Verified,debt_consolidation,OH,3.88,2.0,675.0,679.0,0.0,89.2,21.0,Individual,5,High Risk,Manual Review
51986420,12600.0, 60 months,18.25,E,E1,2 years,RENT,30000.0,Not Verified,debt_consolidation,MI,37.72,0.0,670.0,674.0,1.0,65.7,69.0,Individual,5,High Risk,Manual Review
51826353,28000.0, 60 months,19.99,E,E4,10+ years,MORTGAGE,79000.0,Verified,credit_card,WA,30.23,0.0,670.0,674.0,0.0,80.4,34.0,Individual,6,High Risk,Manual Review
52046517,23375.0, 60 months,18.25,E,E1,10+ years,MORTGAGE,57157.5,Source Verified,debt_consolidation,NC,30.36,0.0,735.0,739.0,1.0,39.6,38.0,Individual,5,High Risk,Manual Review
52006171,22050.0, 60 months,19.19,E,E3,10+ years,MORTGAGE,64800.0,Source Verified,debt_consolidation,NC,32.27,0.0,735.0,739.0,0.0,34.0,30.0,Individual,5,High Risk,Manual Review
51866331,13525.0, 60 months,20.99,E,E5,7 years,RENT,51853.0,Verified,debt_consolidation,MN,36.29,4.0,665.0,669.0,0.0,74.2,31.0,Individual,6,High Risk,Manual Review
51906233,20275.0, 60 months,19.19,E,E3,10+ years,MORTGAGE,55000.0,Source Verified,debt_consolidation,TX,34.63,0.0,695.0,699.0,1.0,36.4,23.0,Individual,5,High Risk,Manual Review
52026237,19600.0, 60 months,18.55,E,E2,9 years,RENT,49000.0,Source Verified,debt_consolidation,CA,33.5,0.0,680.0,684.0,0.0,90.2,27.0,Individual,6,High Risk,Manual Review
51976636,12000.0, 60 months,18.25,E,E1,< 1 year,RENT,96000.0,Verified,medical,AZ,26.56,1.0,660.0,664.0,1.0,80.2,45.0,Individual,5,High Risk,Manual Review
51996232,24000.0, 60 months,15.61,D,D1,10+ years,MORTGAGE,70000.0,Source Verified,debt_consolidation,MO,31.42,1.0,665.0,669.0,0.0,87.5,30.0,Individual,5,High Risk,Manual Review
51956181,25200.0, 60 months,24.99,F,F4,,MORTGAGE,75000.0,Verified,credit_card,VA,35.89,0.0,660.0,664.0,1.0,79.1,35.0,Individual,5,High Risk,Manual Review
51387002,10500.0, 36 months,26.77,G,G1,1 year,RENT,35000.0,Source Verified,other,CA,36.21,0.0,675.0,679.0,0.0,90.0,7.0,Individual,6,High Risk,Manual Review
51816256,10000.0, 36 months,15.61,D,D1,3 years,MORTGAGE,46000.0,Source Verified,debt_consolidation,CO,39.39,1.0,660.0,664.0,2.0,81.0,24.0,Individual,5,High Risk,Manual Review
51926303,25000.0, 60 months,20.99,E,E5,9 years,MORTGAGE,65000.0,Source Verified,debt_consolidation,NC,31.67,0.0,660.0,664.0,0.0,71.3,13.0,Individual,5,High Risk,Manual Review
51946215,10875.0, 60 months,23.99,F,F3,2 years,OWN,32000.0,Source Verified,debt_consolidation,GA,38.45,0.0,685.0,689.0,1.0,79.6,25.0,Individual,5,High Risk,Manual Review
51606334,16000.0, 60 months,18.55,E,E2,10+ years,MORTGAGE,60000.0,Source Verified,debt_consolidation,CO,39.96,0.0,705.0,709.0,1.0,68.8,17.0,Individual,5,High Risk,Manual Review
51756886,35000.0, 60 months,18.25,E,E1,10+ years,RENT,90000.0,Verified,debt_consolidation,MS,30.92,0.0,670.0,674.0,2.0,96.1,17.0,Individual,6,High Risk,Manual Review
51616430,13600.0, 36 months,19.19,E,E3,3 years,RENT,40000.0,Source Verified,renewable_energy,HI,37.08,0.0,675.0,679.0,1.0,81.0,20.0,Individual,6,High Risk,Manual Review
52036355,5000.0, 36 months,19.99,E,E4,5 years,MORTGAGE,45000.0,Not Verified,other,PA,38.24,0.0,690.0,694.0,1.0,60.7,35.0,Individual,5,High Risk,Manual Review
51165226,9600.0, 36 months,18.55,E,E2,10+ years,RENT,30000.0,Source Verified,major_purchase,NY,38.43,0.0,715.0,719.0,0.0,90.0,17.0,Individual,6,High Risk,Manual Review
51008006,7000.0, 36 months,19.99,E,E4,1 year,RENT,14000.0,Source Verified,debt_consolidation,PA,34.31,0.0,720.0,724.0,0.0,41.0,8.0,Individual,5,High Risk,Manual Review
51816166,1600.0, 36 months,16.55,D,D2,3 years,MORTGAGE,33814.0,Not Verified,debt_consolidation,PA,36.28,1.0,695.0,699.0,0.0,86.3,16.0,Individual,5,High Risk,Manual Review
50517466,6400.0, 36 months,21.99,F,F1,6 years,MORTGAGE,32000.0,Source Verified,debt_consolidation,SD,38.3,0.0,745.0,749.0,0.0,38.8,25.0,Individual,5,High Risk,Manual Review
52046248,21800.0, 60 months,21.99,F,F1,10+ years,OWN,54500.0,Source Verified,debt_consolidation,AL,35.28,1.0,670.0,674.0,0.0,49.3,36.0,Individual,6,High Risk,Manual Review
50535691,5750.0, 36 months,18.55,E,E2,10+ years,MORTGAGE,40000.0,Not Verified,debt_consolidation,WV,30.12,0.0,670.0,674.0,1.0,95.2,25.0,Individual,6,High Risk,Manual Review
51936178,15000.0, 60 months,18.55,E,E2,10+ years,RENT,45000.0,Source Verified,debt_consolidation,IL,39.17,0.0,705.0,709.0,1.0,48.2,26.0,Individual,5,High Risk,Manual Review
51866156,5725.0, 36 months,19.99,E,E4,10+ years,OWN,27150.0,Source Verified,debt_consolidation,AR,39.79,0.0,660.0,664.0,0.0,56.7,14.0,Individual,5,High Risk,Manual Review
51826118,16400.0, 60 months,21.99,F,F1,3 years,RENT,50000.0,Source Verified,credit_card,AZ,37.18,0.0,660.0,664.0,0.0,44.9,14.0,Individual,5,High Risk,Manual Review
51776343,10850.0, 60 months,22.99,F,F2,7 years,RENT,44825.0,Source Verified,debt_consolidation,CA,30.31,0.0,700.0,704.0,0.0,17.2,11.0,Individual,5,High Risk,Manual Review
51006530,10850.0, 60 months,16.99,D,D3,< 1 year,RENT,24700.0,Source Verified,credit_card,KS,30.56,2.0,685.0,689.0,0.0,90.0,17.0,Individual,5,High Risk,Manual Review
51686228,18900.0, 60 months,18.55,E,E2,4 years,MORTGAGE,45000.0,Source Verified,debt_consolidation,MI,34.64,0.0,685.0,689.0,0.0,65.6,30.0,Individual,5,High Risk,Manual Review
51806274,14400.0, 60 months,18.25,E,E1,7 years,OWN,35000.0,Source Verified,debt_consolidation,NY,31.0,0.0,710.0,714.0,0.0,29.7,23.0,Individual,5,High Risk,Manual Review
50636552,21125.0, 60 months,20.99,E,E5,3 years,RENT,60000.0,Verified,debt_consolidation,CO,32.24,0.0,680.0,684.0,3.0,86.0,39.0,Individual,6,High Risk,Manual Review
51376504,14950.0, 60 months,19.99,E,E4,< 1 year,MORTGAGE,34000.0,Source Verified,debt_consolidation,AL,30.18,1.0,685.0,689.0,0.0,35.3,24.0,Individual,6,High Risk,Manual Review
50133536,15000.0, 60 months,18.25,E,E1,10+ years,RENT,110000.0,Verified,debt_consolidation,DE,34.74,0.0,670.0,674.0,2.0,77.0,23.0,Individual,5,High Risk,Manual Review
51506626,17475.0, 36 months,18.55,E,E2,,MORTGAGE,41628.0,Verified,debt_consolidation,OH,28.02,2.0,665.0,669.0,4.0,85.6,24.0,Individual,5,High Risk,Manual Review
51676577,5825.0, 36 months,18.55,E,E2,10+ years,RENT,42160.0,Source Verified,debt_consolidation,KY,35.96,1.0,680.0,684.0,0.0,86.3,25.0,Individual,7,High Risk,Manual Review
51606417,22500.0, 60 months,21.99,F,F1,1 year,MORTGAGE,45000.0,Source Verified,debt_consolidation,OR,36.19,3.0,660.0,664.0,2.0,43.5,32.0,Individual,6,High Risk,Manual Review
48936349,35000.0, 60 months,21.99,F,F1,2 years,MORTGAGE,120000.0,Verified,home_improvement,NH,9.74,1.0,705.0,709.0,1.0,96.4,25.0,Individual,5,High Risk,Manual Review
51726379,20200.0, 36 months,18.25,E,E1,,MORTGAGE,54084.0,Verified,debt_consolidation,NC,38.85,2.0,680.0,684.0,1.0,45.4,31.0,Individual,6,High Risk,Manual Review
50517284,8175.0, 36 months,19.99,E,E4,,MORTGAGE,19522.0,Verified,debt_consolidation,MI,36.59,0.0,680.0,684.0,1.0,67.9,18.0,Individual,5,High Risk,Manual Review
51696270,19600.0, 60 months,19.99,E,E4,10+ years,OWN,49000.0,Verified,debt_consolidation,NC,35.0,1.0,665.0,669.0,0.0,91.5,19.0,Individual,7,High Risk,Manual Review
51646314,21000.0, 60 months,19.19,E,E3,4 years,MORTGAGE,65000.0,Source Verified,debt_consolidation,NY,36.12,0.0,660.0,664.0,1.0,88.5,37.0,Individual,6,High Risk,Manual Review
50575648,16200.0, 60 months,19.19,E,E3,5 years,RENT,40560.0,Source Verified,debt_consolidation,AK,35.95,0.0,670.0,674.0,2.0,53.3,14.0,Individual,5,High Risk,Manual Review
51746185,28800.0, 60 months,22.99,F,F2,3 years,MORTGAGE,60000.0,Source Verified,home_improvement,NY,30.52,0.0,740.0,744.0,1.0,25.3,34.0,Individual,5,High Risk,Manual Review
50263721,11750.0, 60 months,19.19,E,E3,2 years,RENT,28000.0,Source Verified,debt_consolidation,AZ,39.13,0.0,670.0,674.0,0.0,68.6,19.0,Individual,5,High Risk,Manual Review
50416222,13800.0, 60 months,24.99,F,F4,10+ years,MORTGAGE,55917.0,Not Verified,debt_consolidation,NJ,36.81,0.0,660.0,664.0,1.0,76.3,34.0,Individual,5,High Risk,Manual Review
51456513,12000.0, 60 months,19.19,E,E3,4 years,RENT,24000.0,Source Verified,debt_consolidation,WA,30.3,1.0,660.0,664.0,0.0,77.7,8.0,Individual,6,High Risk,Manual Review
51706213,12575.0, 60 months,20.99,E,E5,< 1 year,OWN,28608.0,Source Verified,debt_consolidation,MO,35.44,0.0,700.0,704.0,0.0,81.4,23.0,Individual,6,High Risk,Manual Review
51366581,14400.0, 60 months,19.19,E,E3,< 1 year,MORTGAGE,40000.0,Verified,debt_consolidation,MI,34.34,0.0,665.0,669.0,0.0,54.6,27.0,Individual,5,High Risk,Manual Review
51008084,34350.0, 60 months,20.99,E,E5,3 years,RENT,105000.0,Verified,debt_consolidation,TN,36.96,0.0,695.0,699.0,0.0,83.5,42.0,Individual,6,High Risk,Manual Review
51408735,13675.0, 60 months,20.99,E,E5,2 years,RENT,38000.0,Verified,debt_consolidation,KS,34.27,0.0,670.0,674.0,0.0,81.7,27.0,Individual,6,High Risk,Manual Review
51408926,21200.0, 60 months,16.55,D,D2,2 years,RENT,110000.0,Verified,debt_consolidation,CA,32.05,1.0,685.0,689.0,0.0,87.0,20.0,Individual,5,High Risk,Manual Review
51065342,15675.0, 36 months,25.78,F,F5,2 years,MORTGAGE,39256.0,Verified,other,TN,31.7,0.0,660.0,664.0,3.0,49.1,44.0,Individual,5,High Risk,Manual Review
50467149,5175.0, 36 months,21.99,F,F1,6 years,RENT,25000.0,Source Verified,debt_consolidation,FL,33.61,1.0,660.0,664.0,0.0,32.2,13.0,Individual,6,High Risk,Manual Review
51066623,20000.0, 60 months,21.99,F,F1,3 years,RENT,74000.0,Verified,debt_consolidation,CA,32.94,0.0,750.0,754.0,3.0,0.1,41.0,Individual,5,High Risk,Manual Review
51408522,9150.0, 36 months,19.99,E,E4,10+ years,MORTGAGE,54000.0,Not Verified,medical,TX,37.78,2.0,680.0,684.0,0.0,25.1,31.0,Individual,6,High Risk,Manual Review
51235495,29750.0, 60 months,23.99,F,F3,10+ years,MORTGAGE,63923.04,Source Verified,debt_consolidation,TX,32.24,0.0,690.0,694.0,2.0,24.7,35.0,Individual,5,High Risk,Manual Review
51496939,15925.0, 60 months,20.99,E,E5,10+ years,RENT,53099.0,Source Verified,debt_consolidation,NV,33.7,0.0,675.0,679.0,1.0,68.9,16.0,Individual,5,High Risk,Manual Review
51467166,21975.0, 60 months,19.19,E,E3,10+ years,RENT,60000.0,Source Verified,debt_consolidation,NY,31.06,0.0,670.0,674.0,1.0,29.3,31.0,Individual,5,High Risk,Manual Review
51266155,17075.0, 60 months,22.99,F,F2,10+ years,MORTGAGE,45000.0,Verified,debt_consolidation,PA,29.2,1.0,660.0,664.0,1.0,91.4,13.0,Individual,5,High Risk,Manual Review
51436874,16350.0, 60 months,18.55,E,E2,< 1 year,RENT,56000.0,Source Verified,debt_consolidation,OH,32.3,0.0,720.0,724.0,2.0,62.0,33.0,Individual,5,High Risk,Manual Review
50638074,12950.0, 60 months,20.99,E,E5,8 years,MORTGAGE,36000.0,Not Verified,debt_consolidation,TX,37.0,0.0,675.0,679.0,1.0,47.5,32.0,Individual,5,High Risk,Manual Review
51346971,30000.0, 60 months,25.78,F,F5,8 years,RENT,60000.0,Verified,debt_consolidation,NY,32.07,0.0,690.0,694.0,1.0,56.4,29.0,Individual,5,High Risk,Manual Review
51318407,24800.0, 60 months,20.99,E,E5,4 years,MORTGAGE,55941.71,Verified,credit_card,NC,33.17,1.0,670.0,674.0,0.0,73.4,17.0,Individual,6,High Risk,Manual Review
51056797,12150.0, 60 months,18.25,E,E1,8 years,RENT,32000.0,Source Verified,credit_card,PA,31.25,0.0,670.0,674.0,0.0,62.6,17.0,Individual,5,High Risk,Manual Review
51407582,30000.0, 60 months,19.99,E,E4,7 years,MORTGAGE,109000.0,Verified,debt_consolidation,MD,39.65,0.0,670.0,674.0,0.0,72.6,48.0,Individual,5,High Risk,Manual Review
51377063,16550.0, 36 months,20.99,E,E5,10+ years,RENT,46000.0,Source Verified,debt_consolidation,GA,31.75,0.0,690.0,694.0,0.0,81.8,27.0,Individual,6,High Risk,Manual Review
51386837,3000.0, 36 months,19.19,E,E3,,MORTGAGE,57000.0,Verified,vacation,NY,37.12,0.0,670.0,674.0,0.0,90.2,26.0,Individual,6,High Risk,Manual Review
51506322,18000.0, 36 months,15.61,D,D1,< 1 year,RENT,50000.0,Source Verified,debt_consolidation,OR,32.0,2.0,660.0,664.0,1.0,103.1,28.0,Individual,5,High Risk,Manual Review
51386691,21150.0, 60 months,18.25,E,E1,10+ years,MORTGAGE,48100.0,Source Verified,debt_consolidation,KY,30.44,0.0,700.0,704.0,0.0,21.8,24.0,Individual,5,High Risk,Manual Review
51306658,4825.0, 36 months,18.55,E,E2,10+ years,MORTGAGE,45000.0,Source Verified,debt_consolidation,WA,31.95,0.0,670.0,674.0,1.0,88.3,18.0,Individual,6,High Risk,Manual Review
51357190,6725.0, 36 months,18.55,E,E2,10+ years,MORTGAGE,28000.0,Verified,debt_consolidation,PA,37.89,0.0,670.0,674.0,2.0,49.7,40.0,Individual,5,High Risk,Manual Review
51526847,19900.0, 60 months,19.19,E,E3,1 year,RENT,60000.0,Source Verified,debt_consolidation,CA,31.66,0.0,670.0,674.0,0.0,91.0,45.0,Individual,6,High Risk,Manual Review
50580757,12600.0, 36 months,21.99,F,F1,,RENT,25200.0,Verified,debt_consolidation,AZ,37.32,1.0,670.0,674.0,0.0,71.4,22.0,Individual,6,High Risk,Manual Review
51426486,8025.0, 36 months,19.19,E,E3,1 year,RENT,37000.0,Source Verified,debt_consolidation,GA,32.73,1.0,670.0,674.0,0.0,48.2,11.0,Individual,6,High Risk,Manual Review
51346617,25000.0, 60 months,23.99,F,F3,10+ years,MORTGAGE,60000.0,Source Verified,debt_consolidation,WI,17.12,1.0,685.0,689.0,2.0,84.5,15.0,Individual,5,High Risk,Manual Review
51496744,28000.0, 60 months,18.55,E,E2,10+ years,RENT,80000.0,Source Verified,debt_consolidation,HI,30.17,0.0,685.0,689.0,0.0,65.4,25.0,Individual,5,High Risk,Manual Review
51406840,35000.0, 60 months,18.55,E,E2,7 years,MORTGAGE,100000.0,Verified,debt_consolidation,IL,34.02,0.0,695.0,699.0,1.0,79.9,49.0,Individual,5,High Risk,Manual Review
50447403,10900.0, 36 months,18.55,E,E2,8 years,RENT,63750.0,Verified,debt_consolidation,VA,33.96,0.0,660.0,664.0,0.0,82.9,19.0,Individual,6,High Risk,Manual Review
51407410,10000.0, 60 months,18.25,E,E1,3 years,OWN,25000.0,Source Verified,debt_consolidation,TX,31.93,0.0,675.0,679.0,0.0,39.7,13.0,Individual,5,High Risk,Manual Review
50506734,13125.0, 60 months,18.55,E,E2,10+ years,MORTGAGE,42000.0,Source Verified,debt_consolidation,IN,30.23,0.0,660.0,664.0,0.0,59.2,39.0,Individual,5,High Risk,Manual Review
51317241,7425.0, 36 months,17.86,D,D5,2 years,MORTGAGE,60000.0,Not Verified,debt_consolidation,OR,30.92,2.0,665.0,669.0,0.0,94.8,41.0,Individual,5,High Risk,Manual Review
51246064,12600.0, 36 months,18.25,E,E1,2 years,RENT,30000.0,Not Verified,car,NY,20.21,2.0,660.0,664.0,0.0,86.4,12.0,Individual,5,High Risk,Manual Review
51316939,3075.0, 36 months,19.99,E,E4,8 years,RENT,54000.0,Verified,other,MS,34.07,6.0,670.0,674.0,2.0,37.0,45.0,Individual,6,High Risk,Manual Review
51416519,8825.0, 36 months,19.19,E,E3,10+ years,MORTGAGE,53000.0,Verified,debt_consolidation,IL,35.73,0.0,715.0,719.0,2.0,43.8,20.0,Individual,5,High Risk,Manual Review
51407352,14400.0, 36 months,18.25,E,E1,10+ years,RENT,40000.0,Source Verified,debt_consolidation,WI,36.69,0.0,695.0,699.0,0.0,78.0,20.0,Individual,5,High Risk,Manual Review
51496485,24975.0, 60 months,19.19,E,E3,2 years,MORTGAGE,72000.0,Source Verified,debt_consolidation,FL,39.67,0.0,680.0,684.0,1.0,58.9,36.0,Individual,5,High Risk,Manual Review
51306500,22800.0, 60 months,18.55,E,E2,6 years,OWN,60000.0,Verified,debt_consolidation,TN,30.69,0.0,685.0,689.0,1.0,80.0,39.0,Individual,5,High Risk,Manual Review
51536570,22550.0, 60 months,20.99,E,E5,4 years,MORTGAGE,50000.0,Source Verified,debt_consolidation,IL,39.75,2.0,695.0,699.0,0.0,66.4,21.0,Individual,6,High Risk,Manual Review
51386549,26875.0, 36 months,18.55,E,E2,10+ years,RENT,80000.0,Source Verified,debt_consolidation,IN,39.42,0.0,695.0,699.0,0.0,73.4,23.0,Individual,5,High Risk,Manual Review
51416455,25000.0, 36 months,18.55,E,E2,3 years,RENT,61000.0,Source Verified,debt_consolidation,CA,31.67,0.0,660.0,664.0,2.0,68.5,20.0,Individual,5,High Risk,Manual Review
50920488,16000.0, 60 months,18.55,E,E2,,MORTGAGE,97000.0,Source Verified,other,NY,31.54,0.0,685.0,689.0,1.0,83.2,27.0,Individual,6,High Risk,Manual Review
51386506,3000.0, 36 months,18.25,E,E1,,RENT,16000.0,Verified,other,CA,37.06,0.0,660.0,664.0,3.0,36.5,37.0,Individual,5,High Risk,Manual Review
50557192,12000.0, 60 months,16.99,D,D3,10+ years,MORTGAGE,65000.0,Source Verified,home_improvement,WA,35.25,1.0,660.0,664.0,0.0,85.4,18.0,Individual,5,High Risk,Manual Review
51436385,33250.0, 60 months,26.77,G,G1,10+ years,MORTGAGE,85000.0,Verified,debt_consolidation,TX,33.95,1.0,700.0,704.0,0.0,31.7,35.0,Individual,6,High Risk,Manual Review
51536332,28500.0, 60 months,21.99,F,F1,10+ years,MORTGAGE,75000.0,Source Verified,debt_consolidation,CO,35.24,0.0,675.0,679.0,0.0,80.0,39.0,Individual,5,High Risk,Manual Review
51147416,20475.0, 60 months,23.99,F,F3,9 years,MORTGAGE,47000.0,Source Verified,debt_consolidation,NC,35.32,0.0,665.0,669.0,0.0,54.0,28.0,Individual,5,High Risk,Manual Review
51236105,22875.0, 60 months,18.55,E,E2,10+ years,MORTGAGE,52000.0,Source Verified,credit_card,TX,34.48,0.0,705.0,709.0,4.0,84.7,31.0,Individual,6,High Risk,Manual Review
51356329,34300.0, 36 months,19.19,E,E3,1 year,RENT,103000.0,Verified,debt_consolidation,CO,35.0,0.0,685.0,689.0,0.0,98.1,28.0,Individual,6,High Risk,Manual Review
51065556,8450.0, 36 months,18.55,E,E2,< 1 year,MORTGAGE,35000.0,Verified,other,MS,33.4,2.0,695.0,699.0,1.0,47.2,26.0,Individual,6,High Risk,Manual Review
51186645,13000.0, 60 months,18.25,E,E1,10+ years,MORTGAGE,32535.41,Verified,debt_consolidation,KS,38.84,0.0,665.0,669.0,1.0,67.5,19.0,Individual,5,High Risk,Manual Review
51046948,25000.0, 60 months,19.19,E,E3,2 years,MORTGAGE,94500.0,Verified,debt_consolidation,CO,31.8,0.0,670.0,674.0,1.0,92.3,25.0,Individual,6,High Risk,Manual Review
49218915,16875.0, 60 months,19.19,E,E3,6 years,MORTGAGE,60000.0,Source Verified,debt_consolidation,TX,33.42,0.0,720.0,724.0,1.0,89.1,16.0,Individual,6,High Risk,Manual Review
51346180,34425.0, 60 months,20.99,E,E5,10+ years,MORTGAGE,87500.0,Verified,debt_consolidation,MS,37.82,0.0,725.0,729.0,2.0,44.6,56.0,Individual,5,High Risk,Manual Review
51356252,15400.0, 60 months,19.19,E,E3,1 year,RENT,35000.0,Source Verified,debt_consolidation,NJ,33.92,0.0,690.0,694.0,0.0,69.1,13.0,Individual,5,High Risk,Manual Review
51356253,35000.0, 60 months,20.99,E,E5,,OWN,71619.0,Verified,home_improvement,CA,36.8,0.0,705.0,709.0,0.0,77.4,13.0,Individual,5,High Risk,Manual Review
51486133,15000.0, 60 months,19.99,E,E4,2 years,MORTGAGE,51000.0,Verified,credit_card,WA,34.61,0.0,700.0,704.0,4.0,43.7,56.0,Individual,5,High Risk,Manual Review
51167528,20000.0, 60 months,19.99,E,E4,2 years,MORTGAGE,110000.0,Source Verified,other,AL,17.8,1.0,660.0,664.0,0.0,81.3,17.0,Individual,5,High Risk,Manual Review
51056674,17500.0, 60 months,18.55,E,E2,10+ years,MORTGAGE,60000.0,Source Verified,debt_consolidation,GA,31.78,0.0,675.0,679.0,0.0,61.0,47.0,Individual,5,High Risk,Manual Review
51226163,5125.0, 36 months,20.99,E,E5,2 years,RENT,20000.0,Source Verified,debt_consolidation,WV,39.5,0.0,685.0,689.0,0.0,57.7,14.0,Individual,5,High Risk,Manual Review
51008496,33550.0, 60 months,21.99,F,F1,9 years,OWN,72946.0,Verified,debt_consolidation,CA,38.4,0.0,695.0,699.0,0.0,86.7,40.0,Individual,6,High Risk,Manual Review
50556767,35000.0, 60 months,22.99,F,F2,8 years,MORTGAGE,80000.0,Verified,credit_card,IN,24.84,5.0,660.0,664.0,0.0,87.0,36.0,Individual,5,High Risk,Manual Review
50487731,21225.0, 60 months,19.19,E,E3,1 year,OWN,59000.0,Source Verified,debt_consolidation,AL,39.56,0.0,730.0,734.0,0.0,34.8,19.0,Individual,5,High Risk,Manual Review
51176976,31100.0, 60 months,18.25,E,E1,4 years,RENT,81000.0,Verified,debt_consolidation,FL,34.66,0.0,685.0,689.0,0.0,82.5,38.0,Individual,6,High Risk,Manual Review
51076728,32000.0, 60 months,18.55,E,E2,3 years,MORTGAGE,122000.0,Verified,debt_consolidation,DC,11.91,1.0,660.0,664.0,1.0,83.5,17.0,Individual,5,High Risk,Manual Review
51197231,11625.0, 60 months,19.19,E,E3,10+ years,RENT,42789.6,Source Verified,debt_consolidation,GA,30.01,3.0,670.0,674.0,1.0,51.4,14.0,Individual,6,High Risk,Manual Review
51186555,12400.0, 60 months,18.25,E,E1,4 years,RENT,31000.0,Source Verified,debt_consolidation,FL,34.84,0.0,660.0,664.0,0.0,79.7,13.0,Individual,5,High Risk,Manual Review
51175989,30000.0, 36 months,19.19,E,E3,10+ years,MORTGAGE,71000.0,Verified,debt_consolidation,OK,35.43,0.0,700.0,704.0,0.0,83.0,29.0,Individual,6,High Risk,Manual Review
51147554,24200.0, 60 months,18.55,E,E2,10+ years,MORTGAGE,57500.0,Source Verified,debt_consolidation,VA,35.86,0.0,715.0,719.0,0.0,76.2,24.0,Individual,5,High Risk,Manual Review
51197246,29025.0, 60 months,18.55,E,E2,8 years,RENT,134600.0,Verified,debt_consolidation,NC,34.55,0.0,675.0,679.0,0.0,82.8,55.0,Individual,6,High Risk,Manual Review
51236239,10425.0, 36 months,19.19,E,E3,2 years,RENT,29000.0,Source Verified,debt_consolidation,NY,31.81,0.0,690.0,694.0,0.0,71.5,17.0,Individual,5,High Risk,Manual Review
50758715,15000.0, 60 months,21.99,F,F1,1 year,MORTGAGE,48000.0,Source Verified,debt_consolidation,KY,36.68,1.0,665.0,669.0,1.0,48.4,23.0,Individual,6,High Risk,Manual Review
51236159,4800.0, 36 months,18.25,E,E1,10+ years,MORTGAGE,52000.0,Verified,debt_consolidation,TX,34.8,2.0,670.0,674.0,2.0,59.6,45.0,Individual,6,High Risk,Manual Review
51036319,22500.0, 60 months,18.25,E,E1,2 years,RENT,45000.0,Source Verified,home_improvement,CA,33.39,0.0,690.0,694.0,0.0,62.4,24.0,Individual,5,High Risk,Manual Review
50455204,7850.0, 36 months,16.55,D,D2,9 years,MORTGAGE,29000.0,Not Verified,credit_card,FL,37.75,1.0,705.0,709.0,0.0,85.2,17.0,Individual,5,High Risk,Manual Review
51167001,15100.0, 60 months,18.55,E,E2,10+ years,RENT,42000.0,Verified,debt_consolidation,MI,37.22,0.0,700.0,704.0,0.0,70.9,25.0,Individual,5,High Risk,Manual Review
51066681,10000.0, 60 months,18.55,E,E2,8 years,MORTGAGE,27060.0,Source Verified,medical,OK,30.38,1.0,660.0,664.0,0.0,73.8,9.0,Individual,6,High Risk,Manual Review
50607357,15500.0, 36 months,18.55,E,E2,< 1 year,MORTGAGE,38000.0,Source Verified,debt_consolidation,LA,38.15,0.0,690.0,694.0,1.0,58.7,21.0,Individual,5,High Risk,Manual Review
51175457,7375.0, 36 months,19.99,E,E4,2 years,RENT,20500.0,Source Verified,other,CA,37.7,0.0,665.0,669.0,1.0,69.6,12.0,Individual,5,High Risk,Manual Review
51225698,14900.0, 60 months,19.99,E,E4,,RENT,35500.0,Verified,debt_consolidation,FL,36.47,0.0,670.0,674.0,1.0,69.5,16.0,Individual,5,High Risk,Manual Review
51085988,9000.0, 36 months,27.31,G,G2,< 1 year,RENT,30000.0,Verified,debt_consolidation,CO,36.36,1.0,665.0,669.0,0.0,77.3,33.0,Individual,6,High Risk,Manual Review
51246661,28000.0, 60 months,23.99,F,F3,10+ years,MORTGAGE,80000.0,Source Verified,debt_consolidation,AR,30.77,0.0,685.0,689.0,3.0,72.1,31.0,Individual,5,High Risk,Manual Review
51167780,33100.0, 60 months,24.99,F,F4,10+ years,RENT,72000.0,Verified,debt_consolidation,TN,37.27,0.0,680.0,684.0,1.0,66.2,63.0,Individual,5,High Risk,Manual Review
51246759,24000.0, 60 months,27.31,G,G2,3 years,RENT,62000.0,Verified,debt_consolidation,WA,31.18,0.0,685.0,689.0,3.0,30.8,54.0,Individual,5,High Risk,Manual Review
51266328,12225.0, 60 months,20.99,E,E5,5 years,OWN,36000.0,Source Verified,debt_consolidation,NC,34.27,0.0,685.0,689.0,1.0,74.0,18.0,Individual,5,High Risk,Manual Review
51266178,15600.0, 60 months,15.61,D,D1,10+ years,RENT,52000.0,Source Verified,debt_consolidation,CA,39.86,3.0,675.0,679.0,0.0,93.5,24.0,Individual,5,High Risk,Manual Review
51046475,7900.0, 36 months,19.19,E,E3,6 years,RENT,26000.0,Source Verified,debt_consolidation,NY,34.95,0.0,665.0,669.0,1.0,67.0,23.0,Individual,5,High Risk,Manual Review
50859503,22525.0, 60 months,19.99,E,E4,10+ years,OWN,64000.0,Source Verified,debt_consolidation,NC,30.3,1.0,675.0,679.0,0.0,72.7,28.0,Individual,6,High Risk,Manual Review
50580158,11350.0, 36 months,18.55,E,E2,2 years,MORTGAGE,45000.0,Source Verified,credit_card,IL,26.75,4.0,660.0,664.0,0.0,90.8,23.0,Individual,5,High Risk,Manual Review
51136177,21600.0, 36 months,19.99,E,E4,6 years,RENT,60000.0,Verified,debt_consolidation,CA,37.49,0.0,695.0,699.0,2.0,57.9,31.0,Individual,5,High Risk,Manual Review
50607723,23750.0, 60 months,19.19,E,E3,2 years,RENT,54000.0,Source Verified,debt_consolidation,NJ,34.6,0.0,685.0,689.0,0.0,75.0,17.0,Individual,5,High Risk,Manual Review
51116572,30350.0, 60 months,19.19,E,E3,10+ years,OWN,66000.0,Verified,debt_consolidation,WI,33.02,0.0,695.0,699.0,0.0,33.3,28.0,Individual,5,High Risk,Manual Review
51026290,30000.0, 60 months,22.99,F,F2,6 years,MORTGAGE,80000.0,Verified,debt_consolidation,NM,25.58,1.0,680.0,684.0,0.0,84.4,30.0,Individual,5,High Risk,Manual Review
51005938,33600.0, 60 months,18.55,E,E2,10+ years,MORTGAGE,80000.0,Verified,debt_consolidation,OH,36.14,0.0,665.0,669.0,0.0,69.3,36.0,Individual,5,High Risk,Manual Review
50819295,22800.0, 36 months,18.25,E,E1,10+ years,MORTGAGE,75000.0,Verified,debt_consolidation,MI,36.64,0.0,675.0,679.0,0.0,86.4,23.0,Individual,6,High Risk,Manual Review
51026367,31900.0, 36 months,19.99,E,E4,7 years,MORTGAGE,68000.0,Verified,debt_consolidation,SC,34.93,0.0,695.0,699.0,0.0,42.9,22.0,Individual,5,High Risk,Manual Review
51216477,6975.0, 36 months,24.99,F,F4,7 years,MORTGAGE,23000.0,Verified,credit_card,OH,34.76,0.0,690.0,694.0,4.0,33.9,15.0,Individual,5,High Risk,Manual Review
51255273,35000.0, 60 months,19.99,E,E4,10+ years,RENT,78000.0,Verified,debt_consolidation,CA,30.12,0.0,695.0,699.0,1.0,47.9,38.0,Individual,5,High Risk,Manual Review
51007536,29900.0, 60 months,21.99,F,F1,10+ years,MORTGAGE,68000.0,Verified,debt_consolidation,TX,37.61,0.0,680.0,684.0,0.0,85.8,51.0,Individual,6,High Risk,Manual Review
51086413,4200.0, 36 months,17.57,D,D4,10+ years,MORTGAGE,46000.0,Not Verified,debt_consolidation,CA,31.25,1.0,675.0,679.0,0.0,82.4,28.0,Individual,5,High Risk,Manual Review
51216265,5000.0, 36 months,21.99,F,F1,9 years,MORTGAGE,35088.0,Not Verified,debt_consolidation,OH,39.84,1.0,670.0,674.0,0.0,42.8,21.0,Individual,6,High Risk,Manual Review
51216252,9975.0, 36 months,19.19,E,E3,10+ years,MORTGAGE,45000.0,Not Verified,debt_consolidation,TX,35.65,0.0,710.0,714.0,1.0,56.2,24.0,Individual,5,High Risk,Manual Review
51167047,15000.0, 60 months,18.55,E,E2,2 years,RENT,44720.0,Source Verified,debt_consolidation,NH,30.7,0.0,695.0,699.0,1.0,62.8,11.0,Individual,5,High Risk,Manual Review
51167247,19375.0, 60 months,25.78,F,F5,< 1 year,RENT,85000.0,Source Verified,debt_consolidation,HI,17.17,2.0,660.0,664.0,1.0,89.6,29.0,Individual,5,High Risk,Manual Review
51225311,16300.0, 60 months,18.55,E,E2,3 years,RENT,48000.0,Verified,debt_consolidation,OH,33.93,0.0,700.0,704.0,1.0,45.6,19.0,Individual,5,High Risk,Manual Review
51106192,11175.0, 60 months,19.19,E,E3,10+ years,MORTGAGE,100000.0,Verified,debt_consolidation,CA,33.29,0.0,665.0,669.0,1.0,98.1,42.0,Individual,6,High Risk,Manual Review
51026058,16000.0, 36 months,19.19,E,E3,10+ years,RENT,40000.0,Source Verified,credit_card,NY,35.16,0.0,665.0,669.0,0.0,41.7,44.0,Individual,5,High Risk,Manual Review
49067963,27000.0, 60 months,22.99,F,F2,8 years,MORTGAGE,54000.0,Source Verified,debt_consolidation,NC,36.51,0.0,680.0,684.0,1.0,52.2,34.0,Individual,5,High Risk,Manual Review
51215115,8625.0, 36 months,18.55,E,E2,< 1 year,RENT,24000.0,Source Verified,debt_consolidation,CO,37.85,0.0,665.0,669.0,1.0,58.5,14.0,Individual,5,High Risk,Manual Review
51167340,29400.0, 60 months,19.19,E,E3,3 years,MORTGAGE,82000.0,Verified,debt_consolidation,TN,37.76,0.0,670.0,674.0,1.0,70.9,36.0,Individual,5,High Risk,Manual Review
51165623,12750.0, 60 months,21.99,F,F1,6 years,MORTGAGE,46800.0,Source Verified,debt_consolidation,CT,32.95,0.0,660.0,664.0,0.0,74.6,16.0,Individual,5,High Risk,Manual Review
51006209,24700.0, 60 months,19.19,E,E3,10+ years,MORTGAGE,65000.0,Source Verified,debt_consolidation,MI,38.0,0.0,730.0,734.0,0.0,71.8,22.0,Individual,5,High Risk,Manual Review
49209271,32875.0, 60 months,20.99,E,E5,10+ years,MORTGAGE,68500.0,Verified,home_improvement,OH,22.07,1.0,705.0,709.0,0.0,97.7,24.0,Individual,5,High Risk,Manual Review
51167196,16000.0, 60 months,19.19,E,E3,9 years,OWN,65000.0,Source Verified,debt_consolidation,IL,33.83,0.0,695.0,699.0,2.0,69.7,11.0,Individual,5,High Risk,Manual Review
51026223,2800.0, 36 months,16.99,D,D3,10+ years,MORTGAGE,40000.0,Not Verified,other,OH,34.83,3.0,665.0,669.0,0.0,90.2,21.0,Individual,5,High Risk,Manual Review
51036054,24700.0, 60 months,18.25,E,E1,5 years,MORTGAGE,52000.0,Source Verified,debt_consolidation,OH,32.73,0.0,695.0,699.0,0.0,45.4,32.0,Individual,5,High Risk,Manual Review
51115917,18300.0, 60 months,24.99,F,F4,10+ years,MORTGAGE,48000.0,Not Verified,debt_consolidation,NH,34.9,0.0,665.0,669.0,0.0,80.7,31.0,Individual,6,High Risk,Manual Review
50507215,17375.0, 60 months,20.99,E,E5,5 years,RENT,69000.0,Verified,major_purchase,CA,33.44,0.0,675.0,679.0,0.0,41.0,20.0,Individual,5,High Risk,Manual Review
50718401,30000.0, 60 months,18.25,E,E1,10+ years,MORTGAGE,80000.0,Source Verified,debt_consolidation,FL,38.6,0.0,705.0,709.0,3.0,68.2,38.0,Individual,5,High Risk,Manual Review
51075959,10475.0, 60 months,25.78,F,F5,6 years,RENT,24960.0,Verified,debt_consolidation,MO,36.59,0.0,680.0,684.0,1.0,40.3,45.0,Individual,5,High Risk,Manual Review
50596976,2650.0, 36 months,19.99,E,E4,10+ years,MORTGAGE,26000.0,Source Verified,credit_card,TN,37.72,0.0,730.0,734.0,0.0,101.6,31.0,Individual,6,High Risk,Manual Review
51066194,14550.0, 36 months,18.25,E,E1,10+ years,MORTGAGE,40000.0,Source Verified,debt_consolidation,AZ,34.26,0.0,670.0,674.0,1.0,90.3,33.0,Individual,6,High Risk,Manual Review
51066178,10225.0, 36 months,18.25,E,E1,5 years,RENT,32000.0,Verified,credit_card,NY,38.1,0.0,665.0,669.0,0.0,85.0,19.0,Individual,6,High Risk,Manual Review
51105839,23625.0, 60 months,18.55,E,E2,< 1 year,OWN,53700.0,Source Verified,debt_consolidation,MI,30.01,0.0,690.0,694.0,1.0,84.7,31.0,Individual,6,High Risk,Manual Review
51185902,35000.0, 60 months,22.99,F,F2,8 years,MORTGAGE,95000.0,Verified,debt_consolidation,AL,36.1,3.0,670.0,674.0,1.0,130.4,24.0,Individual,7,High Risk,Manual Review
51075888,32200.0, 60 months,19.19,E,E3,9 years,RENT,70000.0,Verified,debt_consolidation,NY,36.39,1.0,680.0,684.0,0.0,54.2,30.0,Individual,6,High Risk,Manual Review
50528104,16350.0, 60 months,18.25,E,E1,2 years,MORTGAGE,42000.0,Verified,debt_consolidation,LA,30.69,0.0,725.0,729.0,1.0,34.4,19.0,Individual,5,High Risk,Manual Review
50013412,12000.0, 60 months,18.25,E,E1,10+ years,MORTGAGE,60000.0,Source Verified,credit_card,SC,35.78,0.0,705.0,709.0,0.0,70.0,30.0,Individual,5,High Risk,Manual Review
51166324,20800.0, 60 months,18.25,E,E1,6 years,OWN,52000.0,Source Verified,debt_consolidation,MD,36.58,0.0,675.0,679.0,0.0,100.0,15.0,Individual,6,High Risk,Manual Review
51035739,6000.0, 36 months,19.99,E,E4,3 years,RENT,66000.0,Source Verified,moving,IL,12.85,3.0,680.0,684.0,1.0,88.3,21.0,Individual,5,High Risk,Manual Review
51055757,22500.0, 60 months,18.55,E,E2,< 1 year,MORTGAGE,45000.0,Source Verified,debt_consolidation,PA,37.97,0.0,680.0,684.0,1.0,86.2,25.0,Individual,6,High Risk,Manual Review
51225399,11900.0, 36 months,18.55,E,E2,8 years,OWN,35000.0,Source Verified,other,CA,38.27,0.0,670.0,674.0,1.0,36.9,31.0,Individual,5,High Risk,Manual Review
51105886,13500.0, 60 months,18.25,E,E1,< 1 year,RENT,27040.0,Source Verified,debt_consolidation,GA,39.15,0.0,660.0,664.0,0.0,59.7,16.0,Individual,5,High Risk,Manual Review
51225482,10000.0, 60 months,19.19,E,E3,5 years,OWN,70000.0,Not Verified,debt_consolidation,PA,26.57,2.0,660.0,664.0,0.0,81.4,34.0,Individual,5,High Risk,Manual Review
51055699,35000.0, 60 months,22.99,F,F2,10+ years,RENT,80000.0,Verified,debt_consolidation,NC,38.71,2.0,660.0,664.0,0.0,81.4,15.0,Individual,7,High Risk,Manual Review
51006550,9700.0, 36 months,18.25,E,E1,1 year,MORTGAGE,31240.0,Source Verified,debt_consolidation,FL,30.12,0.0,715.0,719.0,0.0,38.1,13.0,Individual,5,High Risk,Manual Review
50273286,11025.0, 60 months,19.19,E,E3,3 years,OWN,24000.0,Source Verified,debt_consolidation,DC,30.1,0.0,730.0,734.0,0.0,62.4,8.0,Individual,5,High Risk,Manual Review
51006479,34500.0, 60 months,21.99,F,F1,8 years,RENT,75000.0,Verified,debt_consolidation,MA,32.03,0.0,710.0,714.0,3.0,68.5,24.0,Individual,5,High Risk,Manual Review
51225380,3875.0, 36 months,19.19,E,E3,8 years,RENT,30000.0,Verified,debt_consolidation,IL,30.52,7.0,660.0,664.0,3.0,71.0,36.0,Individual,6,High Risk,Manual Review
50304065,13125.0, 60 months,20.99,E,E5,7 years,RENT,55824.0,Source Verified,debt_consolidation,VA,35.11,0.0,690.0,694.0,0.0,45.2,25.0,Individual,5,High Risk,Manual Review
50054846,20000.0, 60 months,18.25,E,E1,10+ years,RENT,50000.0,Verified,credit_card,IL,39.88,0.0,690.0,694.0,2.0,49.5,61.0,Individual,5,High Risk,Manual Review
51235446,24500.0, 60 months,19.99,E,E4,10+ years,MORTGAGE,49000.0,Source Verified,debt_consolidation,PA,35.02,0.0,670.0,674.0,2.0,69.7,34.0,Individual,5,High Risk,Manual Review
51205447,24300.0, 60 months,28.49,G,G4,5 years,OWN,115000.0,Source Verified,home_improvement,NC,31.31,0.0,685.0,689.0,1.0,41.4,19.0,Individual,5,High Risk,Manual Review
51065663,15100.0, 60 months,27.31,G,G2,2 years,OWN,42000.0,Verified,debt_consolidation,CA,39.66,0.0,695.0,699.0,1.0,51.1,24.0,Individual,5,High Risk,Manual Review
51055386,18000.0, 60 months,18.25,E,E1,2 years,RENT,45000.0,Source Verified,debt_consolidation,FL,34.35,0.0,665.0,669.0,0.0,75.2,19.0,Individual,5,High Risk,Manual Review
51045590,10800.0, 60 months,21.99,F,F1,4 years,MORTGAGE,41000.0,Not Verified,debt_consolidation,MI,15.05,2.0,665.0,669.0,2.0,92.0,29.0,Individual,5,High Risk,Manual Review
51065577,8275.0, 36 months,18.25,E,E1,,RENT,18000.0,Verified,debt_consolidation,CT,35.33,0.0,710.0,714.0,0.0,48.2,17.0,Individual,5,High Risk,Manual Review
51175500,10375.0, 36 months,19.99,E,E4,1 year,RENT,48000.0,Source Verified,debt_consolidation,CA,35.78,1.0,670.0,674.0,0.0,81.2,46.0,Individual,7,High Risk,Manual Review
51105578,29750.0, 60 months,19.99,E,E4,3 years,RENT,62000.0,Source Verified,debt_consolidation,FL,37.76,0.0,695.0,699.0,0.0,60.2,43.0,Individual,5,High Risk,Manual Review
51065333,10950.0, 60 months,18.55,E,E2,3 years,RENT,52000.0,Source Verified,other,MA,30.65,0.0,680.0,684.0,2.0,31.8,29.0,Individual,5,High Risk,Manual Review
50546655,3550.0, 36 months,18.25,E,E1,< 1 year,RENT,52000.0,Not Verified,debt_consolidation,AZ,33.99,0.0,660.0,664.0,0.0,58.3,19.0,Individual,5,High Risk,Manual Review
50273479,20150.0, 60 months,18.55,E,E2,4 years,MORTGAGE,60000.0,Source Verified,debt_consolidation,LA,36.68,0.0,675.0,679.0,0.0,60.0,29.0,Individual,5,High Risk,Manual Review
49923441,23150.0, 60 months,18.55,E,E2,3 years,MORTGAGE,51000.0,Source Verified,debt_consolidation,WI,33.62,0.0,660.0,664.0,0.0,78.0,42.0,Individual,5,High Risk,Manual Review
50587738,32000.0, 60 months,19.19,E,E3,1 year,MORTGAGE,74000.0,Verified,home_improvement,LA,22.79,1.0,660.0,664.0,1.0,91.2,52.0,Individual,5,High Risk,Manual Review
51145471,20050.0, 60 months,18.25,E,E1,3 years,MORTGAGE,60000.0,Verified,credit_card,WA,39.88,0.0,660.0,664.0,1.0,96.6,33.0,Individual,6,High Risk,Manual Review
51005875,25000.0, 60 months,19.19,E,E3,1 year,MORTGAGE,60000.0,Source Verified,debt_consolidation,GA,31.2,0.0,685.0,689.0,0.0,84.5,27.0,Individual,6,High Risk,Manual Review
51195326,30000.0, 60 months,19.19,E,E3,4 years,MORTGAGE,90000.0,Verified,debt_consolidation,TN,38.69,0.0,740.0,744.0,0.0,26.3,42.0,Individual,5,High Risk,Manual Review
51085364,30800.0, 36 months,21.99,F,F1,4 years,MORTGAGE,70000.0,Verified,debt_consolidation,PA,37.92,0.0,705.0,709.0,1.0,64.3,21.0,Individual,5,High Risk,Manual Review
51005750,13000.0, 60 months,21.99,F,F1,4 years,OWN,30000.0,Source Verified,credit_card,LA,36.52,0.0,660.0,664.0,1.0,47.6,22.0,Individual,5,High Risk,Manual Review
51075324,20150.0, 60 months,23.99,F,F3,6 years,RENT,56000.0,Verified,debt_consolidation,MA,34.57,0.0,670.0,674.0,4.0,66.0,46.0,Individual,5,High Risk,Manual Review
51025325,18000.0, 60 months,20.99,E,E5,10+ years,OWN,50000.0,Source Verified,debt_consolidation,NY,37.09,0.0,670.0,674.0,0.0,72.1,39.0,Individual,5,High Risk,Manual Review
50890476,4500.0, 36 months,20.99,E,E5,< 1 year,RENT,35000.0,Not Verified,moving,NJ,21.84,1.0,670.0,674.0,1.0,85.1,34.0,Individual,5,High Risk,Manual Review
51235258,4000.0, 36 months,19.99,E,E4,,RENT,31000.0,Verified,debt_consolidation,KY,37.94,0.0,670.0,674.0,2.0,17.3,22.0,Individual,5,High Risk,Manual Review
50013739,3000.0, 36 months,19.19,E,E3,2 years,OWN,13000.0,Not Verified,home_improvement,MS,39.43,0.0,680.0,684.0,1.0,68.0,6.0,Individual,5,High Risk,Manual Review
51115214,10425.0, 60 months,18.25,E,E1,6 years,MORTGAGE,37500.0,Not Verified,debt_consolidation,CA,37.38,0.0,680.0,684.0,1.0,30.6,33.0,Individual,5,High Risk,Manual Review
51265192,9000.0, 36 months,18.55,E,E2,7 years,RENT,30000.0,Source Verified,debt_consolidation,PA,39.2,0.0,670.0,674.0,1.0,75.4,12.0,Individual,5,High Risk,Manual Review
50485952,20000.0, 60 months,18.25,E,E1,< 1 year,MORTGAGE,53000.0,Source Verified,debt_consolidation,AL,37.91,0.0,690.0,694.0,0.0,44.8,27.0,Individual,5,High Risk,Manual Review
50748528,15225.0, 60 months,20.99,E,E5,10+ years,RENT,30472.0,Source Verified,debt_consolidation,WI,37.3,0.0,720.0,724.0,1.0,19.7,19.0,Individual,5,High Risk,Manual Review
50840242,14725.0, 36 months,18.55,E,E2,3 years,OWN,50000.0,Source Verified,debt_consolidation,NV,38.09,0.0,690.0,694.0,0.0,59.4,24.0,Individual,5,High Risk,Manual Review
50941543,35000.0, 60 months,18.25,E,E1,4 years,RENT,215000.0,Verified,debt_consolidation,NJ,34.63,1.0,660.0,664.0,2.0,83.3,44.0,Individual,7,High Risk,Manual Review
50890187,14100.0, 60 months,27.31,G,G2,2 years,RENT,47000.0,Source Verified,debt_consolidation,NY,30.87,0.0,675.0,679.0,0.0,64.6,14.0,Individual,5,High Risk,Manual Review
50931720,19300.0, 60 months,21.99,F,F1,4 years,RENT,46000.0,Source Verified,debt_consolidation,OH,30.71,0.0,675.0,679.0,0.0,39.1,13.0,Individual,5,High Risk,Manual Review
50293747,29425.0, 60 months,20.99,E,E5,2 years,RENT,87500.0,Verified,debt_consolidation,CA,34.9,0.0,710.0,714.0,1.0,51.9,21.0,Individual,5,High Risk,Manual Review
51035144,30000.0, 60 months,18.55,E,E2,5 years,MORTGAGE,174000.0,Source Verified,debt_consolidation,NY,13.34,2.0,665.0,669.0,1.0,88.9,27.0,Individual,5,High Risk,Manual Review
50728675,23550.0, 60 months,21.99,F,F1,10+ years,RENT,62000.0,Source Verified,debt_consolidation,VA,37.42,0.0,680.0,684.0,1.0,87.1,28.0,Individual,6,High Risk,Manual Review
50890451,19800.0, 60 months,19.99,E,E4,7 years,RENT,55000.0,Source Verified,debt_consolidation,PA,30.66,0.0,690.0,694.0,2.0,75.3,42.0,Individual,5,High Risk,Manual Review
50728627,20625.0, 60 months,18.25,E,E1,10+ years,MORTGAGE,43000.0,Source Verified,credit_card,KY,35.05,0.0,705.0,709.0,0.0,55.1,25.0,Individual,5,High Risk,Manual Review
50779587,11725.0, 60 months,18.25,E,E1,10+ years,RENT,34528.61,Source Verified,debt_consolidation,TN,32.36,0.0,695.0,699.0,0.0,64.0,23.0,Individual,5,High Risk,Manual Review
50931715,27275.0, 60 months,21.99,F,F1,10+ years,MORTGAGE,62000.0,Source Verified,debt_consolidation,TX,33.39,0.0,705.0,709.0,0.0,62.4,38.0,Individual,5,High Risk,Manual Review
50829392,15000.0, 60 months,18.25,E,E1,1 year,RENT,42000.0,Source Verified,debt_consolidation,OK,35.03,0.0,660.0,664.0,0.0,53.7,39.0,Individual,5,High Risk,Manual Review
50829396,31200.0, 60 months,22.99,F,F2,< 1 year,MORTGAGE,115000.0,Source Verified,debt_consolidation,IN,22.72,3.0,670.0,674.0,1.0,97.8,27.0,Individual,5,High Risk,Manual Review
50879541,13650.0, 60 months,19.19,E,E3,6 years,OWN,73000.0,Verified,credit_card,CA,32.1,0.0,700.0,704.0,2.0,86.0,30.0,Individual,6,High Risk,Manual Review
50516288,20900.0, 60 months,19.99,E,E4,9 years,RENT,49762.0,Source Verified,debt_consolidation,GA,32.15,1.0,670.0,674.0,0.0,61.9,24.0,Individual,6,High Risk,Manual Review
50718362,27000.0, 60 months,18.25,E,E1,8 years,MORTGAGE,65000.0,Source Verified,home_improvement,IN,32.13,0.0,695.0,699.0,0.0,53.8,21.0,Individual,5,High Risk,Manual Review
49713232,1600.0, 36 months,18.55,E,E2,3 years,RENT,20000.0,Not Verified,debt_consolidation,MS,39.2,0.0,660.0,664.0,2.0,55.4,13.0,Individual,5,High Risk,Manual Review
50799438,16250.0, 36 months,19.19,E,E3,8 years,MORTGAGE,40000.0,Not Verified,debt_consolidation,GA,38.4,0.0,680.0,684.0,0.0,78.4,32.0,Individual,5,High Risk,Manual Review
50738410,18775.0, 60 months,26.77,G,G1,10+ years,MORTGAGE,85000.0,Verified,home_improvement,TN,26.63,2.0,670.0,674.0,0.0,103.3,42.0,Individual,5,High Risk,Manual Review
50859480,7925.0, 36 months,18.25,E,E1,10+ years,MORTGAGE,55800.0,Verified,debt_consolidation,TX,38.09,1.0,700.0,704.0,2.0,48.3,32.0,Individual,6,High Risk,Manual Review
50718378,20800.0, 60 months,18.55,E,E2,9 years,MORTGAGE,52000.0,Source Verified,debt_consolidation,MA,39.99,1.0,660.0,664.0,0.0,68.7,38.0,Individual,6,High Risk,Manual Review
50952300,10500.0, 60 months,19.19,E,E3,7 years,RENT,45000.0,Source Verified,debt_consolidation,CA,38.83,0.0,680.0,684.0,0.0,25.7,33.0,Individual,5,High Risk,Manual Review
50253771,12900.0, 60 months,22.99,F,F2,2 years,MORTGAGE,38000.0,Not Verified,debt_consolidation,KY,31.3,0.0,690.0,694.0,3.0,71.4,39.0,Individual,5,High Risk,Manual Review
50941213,30950.0, 60 months,22.99,F,F2,7 years,MORTGAGE,66500.0,Verified,debt_consolidation,NY,14.67,2.0,675.0,679.0,1.0,86.7,38.0,Individual,5,High Risk,Manual Review
50839476,11000.0, 60 months,19.99,E,E4,10+ years,MORTGAGE,100000.0,Verified,debt_consolidation,TX,20.14,1.0,665.0,669.0,1.0,81.0,36.0,Individual,5,High Risk,Manual Review
50920357,18650.0, 60 months,23.99,F,F3,6 years,RENT,53000.0,Verified,debt_consolidation,GA,35.42,0.0,670.0,674.0,0.0,86.1,50.0,Individual,6,High Risk,Manual Review
50879287,21000.0, 60 months,23.99,F,F3,4 years,OWN,50000.0,Source Verified,debt_consolidation,HI,30.39,1.0,690.0,694.0,0.0,75.1,31.0,Individual,6,High Risk,Manual Review
50829272,16000.0, 60 months,22.99,F,F2,1 year,OWN,41000.0,Verified,debt_consolidation,TX,32.55,0.0,685.0,689.0,0.0,80.6,28.0,Individual,6,High Risk,Manual Review
50436766,24000.0, 60 months,17.86,D,D5,6 years,RENT,71000.0,Source Verified,debt_consolidation,AZ,39.71,1.0,675.0,679.0,2.0,83.9,41.0,Individual,5,High Risk,Manual Review
50859258,10075.0, 60 months,18.55,E,E2,9 years,MORTGAGE,55000.0,Not Verified,debt_consolidation,AZ,32.45,0.0,705.0,709.0,0.0,68.9,24.0,Individual,5,High Risk,Manual Review
50595178,5450.0, 36 months,18.25,E,E1,10+ years,RENT,20000.0,Source Verified,debt_consolidation,WA,31.57,0.0,695.0,699.0,0.0,56.8,13.0,Individual,5,High Risk,Manual Review
50920161,24000.0, 60 months,19.99,E,E4,10+ years,RENT,70000.0,Source Verified,debt_consolidation,CA,38.21,0.0,660.0,664.0,1.0,73.7,50.0,Individual,5,High Risk,Manual Review
50588311,19300.0, 60 months,19.99,E,E4,10+ years,RENT,42000.0,Source Verified,credit_card,MA,32.4,0.0,695.0,699.0,0.0,79.2,13.0,Individual,5,High Risk,Manual Review
48627653,12950.0, 60 months,21.99,F,F1,9 years,RENT,36000.0,Source Verified,credit_card,NY,33.7,0.0,660.0,664.0,0.0,69.4,22.0,Individual,5,High Risk,Manual Review
50616644,35000.0, 60 months,21.99,F,F1,4 years,MORTGAGE,108000.0,Verified,other,MN,17.22,1.0,690.0,694.0,0.0,90.9,27.0,Individual,5,High Risk,Manual Review
50578680,13200.0, 60 months,16.99,D,D3,10+ years,MORTGAGE,45000.0,Not Verified,debt_consolidation,MN,35.15,1.0,665.0,669.0,0.0,82.5,21.0,Individual,5,High Risk,Manual Review
49016840,16800.0, 60 months,19.99,E,E4,4 years,MORTGAGE,42000.0,Not Verified,credit_card,FL,32.17,0.0,670.0,674.0,2.0,68.8,17.0,Individual,5,High Risk,Manual Review
50517909,15000.0, 36 months,16.99,D,D3,10+ years,MORTGAGE,72000.0,Source Verified,debt_consolidation,TX,32.47,1.0,685.0,689.0,0.0,87.5,25.0,Individual,5,High Risk,Manual Review
50647238,21100.0, 60 months,20.99,E,E5,3 years,MORTGAGE,48000.0,Verified,debt_consolidation,FL,39.33,0.0,680.0,684.0,1.0,64.2,46.0,Individual,5,High Risk,Manual Review
50497875,30000.0, 60 months,27.88,G,G3,5 years,RENT,95000.0,Source Verified,small_business,MT,36.85,0.0,675.0,679.0,4.0,80.9,29.0,Individual,6,High Risk,Manual Review
50637845,10000.0, 60 months,16.99,D,D3,10+ years,OWN,55000.0,Not Verified,credit_card,GA,39.25,3.0,670.0,674.0,0.0,97.7,20.0,Individual,5,High Risk,Manual Review
50636628,14000.0, 60 months,19.19,E,E3,10+ years,RENT,64000.0,Source Verified,credit_card,MD,30.19,1.0,665.0,669.0,0.0,53.1,21.0,Individual,6,High Risk,Manual Review
50519073,25000.0, 60 months,18.55,E,E2,8 years,RENT,74734.0,Verified,credit_card,FL,35.61,0.0,715.0,719.0,0.0,89.8,34.0,Individual,6,High Risk,Manual Review
50606525,22450.0, 60 months,22.99,F,F2,4 years,RENT,62400.0,Verified,debt_consolidation,NY,34.9,0.0,705.0,709.0,0.0,73.3,9.0,Individual,5,High Risk,Manual Review
50316764,13350.0, 60 months,25.78,F,F5,,RENT,37117.8,Verified,debt_consolidation,MD,32.1,1.0,665.0,669.0,1.0,50.7,21.0,Individual,6,High Risk,Manual Review
50638086,20000.0, 60 months,19.19,E,E3,5 years,MORTGAGE,59997.0,Verified,debt_consolidation,NV,34.23,0.0,685.0,689.0,0.0,85.7,21.0,Individual,6,High Risk,Manual Review
48694618,13775.0, 60 months,18.25,E,E1,1 year,MORTGAGE,53000.0,Not Verified,credit_card,TX,33.04,0.0,680.0,684.0,1.0,108.1,37.0,Individual,6,High Risk,Manual Review
50637604,11525.0, 60 months,21.99,F,F1,< 1 year,RENT,30000.0,Source Verified,debt_consolidation,GA,37.02,0.0,660.0,664.0,0.0,88.2,45.0,Individual,6,High Risk,Manual Review
50819139,19300.0, 60 months,18.25,E,E1,7 years,RENT,42000.0,Source Verified,debt_consolidation,CA,36.37,1.0,695.0,699.0,0.0,64.4,19.0,Individual,6,High Risk,Manual Review
50565180,35000.0, 60 months,20.99,E,E5,10+ years,MORTGAGE,120000.0,Verified,debt_consolidation,MD,15.07,2.0,660.0,664.0,0.0,81.8,35.0,Individual,5,High Risk,Manual Review
50477264,18500.0, 60 months,17.86,D,D5,10+ years,MORTGAGE,84200.0,Verified,debt_consolidation,AR,33.02,2.0,665.0,669.0,1.0,81.1,66.0,Individual,5,High Risk,Manual Review
50637425,9000.0, 36 months,19.99,E,E4,4 years,RENT,50000.0,Source Verified,small_business,KS,26.74,3.0,660.0,664.0,2.0,88.9,10.0,Individual,5,High Risk,Manual Review
50487355,14400.0, 60 months,19.19,E,E3,10+ years,MORTGAGE,40000.0,Source Verified,debt_consolidation,VA,30.6,0.0,670.0,674.0,0.0,82.1,22.0,Individual,6,High Risk,Manual Review
50637442,18700.0, 60 months,24.99,F,F4,4 years,MORTGAGE,52000.0,Not Verified,debt_consolidation,MA,30.69,1.0,675.0,679.0,2.0,55.4,56.0,Individual,6,High Risk,Manual Review
50487413,21800.0, 60 months,18.25,E,E1,8 years,MORTGAGE,100000.0,Source Verified,debt_consolidation,OK,32.78,0.0,685.0,689.0,0.0,79.8,52.0,Individual,5,High Risk,Manual Review
49157644,11725.0, 36 months,18.25,E,E1,2 years,MORTGAGE,60000.0,Not Verified,credit_card,FL,37.12,0.0,670.0,674.0,0.0,50.9,65.0,Individual,5,High Risk,Manual Review
50314072,15075.0, 60 months,19.19,E,E3,,RENT,34276.0,Verified,debt_consolidation,NY,39.73,0.0,680.0,684.0,0.0,78.7,13.0,Individual,5,High Risk,Manual Review
50456105,24200.0, 60 months,18.25,E,E1,10+ years,RENT,55000.0,Source Verified,debt_consolidation,WA,31.62,0.0,680.0,684.0,0.0,77.9,20.0,Individual,5,High Risk,Manual Review
50546768,7700.0, 36 months,18.55,E,E2,3 years,MORTGAGE,40000.0,Verified,debt_consolidation,AZ,31.35,0.0,680.0,684.0,3.0,16.0,34.0,Individual,5,High Risk,Manual Review
50628236,15000.0, 60 months,19.19,E,E3,6 years,RENT,47000.0,Verified,debt_consolidation,OH,30.4,1.0,660.0,664.0,0.0,65.2,27.0,Individual,6,High Risk,Manual Review
50546502,12850.0, 60 months,21.99,F,F1,10+ years,MORTGAGE,64000.0,Verified,debt_consolidation,TX,30.53,1.0,670.0,674.0,1.0,58.0,49.0,Individual,6,High Risk,Manual Review
50497500,16000.0, 60 months,22.99,F,F2,10+ years,MORTGAGE,79791.0,Source Verified,debt_consolidation,VA,25.85,1.0,680.0,684.0,0.0,94.2,26.0,Individual,5,High Risk,Manual Review
50588471,13250.0, 60 months,19.99,E,E4,4 years,OWN,39000.0,Source Verified,home_improvement,MN,34.77,0.0,665.0,669.0,0.0,55.0,39.0,Individual,5,High Risk,Manual Review
50657249,35000.0, 36 months,19.19,E,E3,10+ years,MORTGAGE,109804.0,Not Verified,debt_consolidation,MD,30.11,0.0,675.0,679.0,3.0,54.9,55.0,Individual,5,High Risk,Manual Review
50587248,18475.0, 60 months,25.78,F,F5,7 years,RENT,44000.0,Verified,debt_consolidation,GA,37.97,0.0,685.0,689.0,3.0,32.0,40.0,Individual,5,High Risk,Manual Review
50627922,15400.0, 36 months,18.25,E,E1,4 years,MORTGAGE,35000.0,Verified,debt_consolidation,VA,33.3,1.0,715.0,719.0,0.0,51.3,23.0,Individual,6,High Risk,Manual Review
50497302,11925.0, 60 months,18.25,E,E1,4 years,MORTGAGE,65000.0,Source Verified,debt_consolidation,MA,38.79,1.0,660.0,664.0,0.0,79.0,33.0,Individual,6,High Risk,Manual Review
50506146,35000.0, 36 months,18.55,E,E2,< 1 year,MORTGAGE,100000.0,Verified,debt_consolidation,GA,33.73,0.0,665.0,669.0,0.0,90.0,28.0,Individual,6,High Risk,Manual Review
49683853,14075.0, 60 months,19.99,E,E4,10+ years,OWN,32000.0,Source Verified,debt_consolidation,MS,39.16,0.0,695.0,699.0,1.0,73.8,26.0,Individual,5,High Risk,Manual Review
50588402,11500.0, 60 months,24.99,F,F4,,OWN,32000.0,Verified,debt_consolidation,SC,35.37,0.0,670.0,674.0,0.0,54.1,21.0,Individual,5,High Risk,Manual Review
50580840,19025.0, 60 months,21.99,F,F1,10+ years,MORTGAGE,56000.0,Verified,debt_consolidation,WA,35.71,0.0,700.0,704.0,1.0,59.8,27.0,Individual,5,High Risk,Manual Review
50517495,11875.0, 60 months,24.99,F,F4,,OWN,33000.0,Verified,debt_consolidation,MD,36.65,0.0,665.0,669.0,0.0,64.4,30.0,Individual,5,High Risk,Manual Review
50497294,23950.0, 60 months,18.25,E,E1,4 years,RENT,66560.0,Source Verified,debt_consolidation,OH,31.16,0.0,675.0,679.0,1.0,53.9,45.0,Individual,5,High Risk,Manual Review
50486363,26025.0, 60 months,23.99,F,F3,2 years,RENT,68500.0,Verified,debt_consolidation,FL,32.41,0.0,660.0,664.0,0.0,49.2,52.0,Individual,5,High Risk,Manual Review
50607805,12600.0, 60 months,20.99,E,E5,10+ years,RENT,35000.0,Verified,debt_consolidation,IL,36.9,0.0,660.0,664.0,3.0,57.4,40.0,Individual,5,High Risk,Manual Review
50607709,25000.0, 60 months,19.19,E,E3,,MORTGAGE,60000.0,Verified,debt_consolidation,AL,33.39,0.0,680.0,684.0,0.0,63.1,44.0,Individual,5,High Risk,Manual Review
50527096,13925.0, 60 months,22.99,F,F2,1 year,RENT,41000.0,Verified,debt_consolidation,NC,32.87,0.0,665.0,669.0,0.0,76.3,36.0,Individual,5,High Risk,Manual Review
50527009,13900.0, 60 months,20.99,E,E5,8 years,MORTGAGE,61484.0,Verified,debt_consolidation,WA,38.45,0.0,670.0,674.0,0.0,73.6,28.0,Individual,5,High Risk,Manual Review
50596812,33825.0, 60 months,17.57,D,D4,10+ years,MORTGAGE,74000.0,Verified,credit_card,SC,34.84,1.0,675.0,679.0,0.0,83.7,23.0,Individual,5,High Risk,Manual Review
50447226,11525.0, 60 months,19.99,E,E4,3 years,MORTGAGE,40000.0,Not Verified,debt_consolidation,NM,32.11,0.0,675.0,679.0,0.0,91.5,12.0,Individual,6,High Risk,Manual Review
50437022,10000.0, 60 months,18.55,E,E2,7 years,MORTGAGE,28000.0,Source Verified,credit_card,IN,8.44,1.0,660.0,664.0,0.0,99.0,27.0,Individual,5,High Risk,Manual Review
50527194,12900.0, 60 months,19.19,E,E3,< 1 year,MORTGAGE,38000.0,Not Verified,home_improvement,NC,39.06,0.0,760.0,764.0,2.0,28.2,18.0,Individual,5,High Risk,Manual Review
50214242,23000.0, 60 months,19.19,E,E3,2 years,RENT,50000.0,Source Verified,debt_consolidation,CT,31.01,0.0,690.0,694.0,1.0,86.3,30.0,Individual,6,High Risk,Manual Review
50243741,1450.0, 36 months,18.25,E,E1,< 1 year,RENT,58000.0,Not Verified,other,TX,38.69,2.0,695.0,699.0,0.0,76.6,30.0,Individual,6,High Risk,Manual Review
50616692,25000.0, 60 months,21.99,F,F1,10+ years,MORTGAGE,59000.0,Source Verified,debt_consolidation,OH,39.12,0.0,675.0,679.0,2.0,58.4,25.0,Individual,5,High Risk,Manual Review
50497003,16450.0, 60 months,20.99,E,E5,< 1 year,RENT,40000.0,Source Verified,debt_consolidation,CA,36.24,0.0,680.0,684.0,0.0,85.1,16.0,Individual,6,High Risk,Manual Review
50607403,17750.0, 60 months,18.55,E,E2,10+ years,MORTGAGE,68000.0,Source Verified,other,CA,34.47,0.0,680.0,684.0,0.0,39.2,20.0,Individual,5,High Risk,Manual Review
50507233,25200.0, 60 months,22.99,F,F2,9 years,MORTGAGE,60000.0,Source Verified,debt_consolidation,NM,31.28,0.0,695.0,699.0,0.0,82.9,23.0,Individual,6,High Risk,Manual Review
50507543,24350.0, 60 months,19.19,E,E3,3 years,RENT,58000.0,Source Verified,credit_card,WA,32.8,0.0,675.0,679.0,0.0,97.6,16.0,Individual,6,High Risk,Manual Review
50273159,3725.0, 36 months,18.25,E,E1,< 1 year,MORTGAGE,43000.0,Source Verified,debt_consolidation,TX,39.73,0.0,690.0,694.0,3.0,52.9,35.0,Individual,5,High Risk,Manual Review
50467167,12000.0, 60 months,20.99,E,E5,3 years,RENT,80000.0,Not Verified,credit_card,MA,11.9,2.0,670.0,674.0,2.0,80.8,23.0,Individual,5,High Risk,Manual Review
50507339,15125.0, 60 months,18.25,E,E1,10+ years,RENT,70000.0,Source Verified,debt_consolidation,PA,32.66,0.0,685.0,689.0,0.0,50.9,39.0,Individual,5,High Risk,Manual Review
50588117,17125.0, 60 months,21.99,F,F1,7 years,OWN,47600.0,Source Verified,debt_consolidation,IL,30.01,0.0,680.0,684.0,2.0,87.9,24.0,Individual,6,High Risk,Manual Review
50557531,5325.0, 36 months,20.99,E,E5,2 years,OWN,190000.0,Not Verified,debt_consolidation,OR,6.02,2.0,675.0,679.0,0.0,99.7,22.0,Individual,5,High Risk,Manual Review
50507285,12525.0, 60 months,23.99,F,F3,5 years,MORTGAGE,49090.0,Source Verified,debt_consolidation,MO,35.6,0.0,685.0,689.0,0.0,90.7,21.0,Individual,6,High Risk,Manual Review
50646526,23000.0, 60 months,20.99,E,E5,10+ years,MORTGAGE,50000.0,Verified,home_improvement,IL,32.36,3.0,675.0,679.0,3.0,44.5,37.0,Individual,6,High Risk,Manual Review
50456917,10000.0, 60 months,19.99,E,E4,6 years,RENT,40000.0,Source Verified,debt_consolidation,CT,31.68,1.0,685.0,689.0,0.0,31.8,21.0,Individual,6,High Risk,Manual Review
50627358,24750.0, 60 months,23.99,F,F3,7 years,MORTGAGE,55000.0,Verified,debt_consolidation,MS,30.46,0.0,680.0,684.0,1.0,80.0,24.0,Individual,5,High Risk,Manual Review
49803554,5000.0, 36 months,23.99,F,F3,2 years,MORTGAGE,10000.0,Source Verified,debt_consolidation,TN,33.42,0.0,660.0,664.0,1.0,79.6,7.0,Individual,5,High Risk,Manual Review
50466965,9600.0, 36 months,15.61,D,D1,10+ years,MORTGAGE,55000.0,Verified,debt_consolidation,OH,30.11,2.0,670.0,674.0,3.0,86.0,16.0,Individual,5,High Risk,Manual Review
50627335,35000.0, 60 months,18.55,E,E2,10+ years,MORTGAGE,76000.0,Verified,debt_consolidation,NY,30.46,0.0,660.0,664.0,0.0,60.8,43.0,Individual,5,High Risk,Manual Review
50557425,13600.0, 36 months,18.55,E,E2,7 years,MORTGAGE,50000.0,Not Verified,home_improvement,GA,33.87,0.0,700.0,704.0,2.0,53.6,15.0,Individual,5,High Risk,Manual Review
50253512,9675.0, 36 months,20.99,E,E5,4 years,MORTGAGE,41000.0,Source Verified,debt_consolidation,AZ,37.85,0.0,680.0,684.0,0.0,91.7,15.0,Individual,6,High Risk,Manual Review
50416412,18350.0, 60 months,22.99,F,F2,8 years,MORTGAGE,80000.0,Verified,debt_consolidation,TX,39.08,0.0,695.0,699.0,2.0,81.9,30.0,Individual,6,High Risk,Manual Review
50466929,11125.0, 60 months,19.99,E,E4,,RENT,32000.0,Verified,debt_consolidation,NY,30.16,0.0,660.0,664.0,0.0,83.1,20.0,Individual,6,High Risk,Manual Review
50507080,35000.0, 60 months,18.55,E,E2,2 years,OWN,93000.0,Verified,debt_consolidation,NY,33.12,4.0,670.0,674.0,0.0,81.7,30.0,Individual,7,High Risk,Manual Review
50627395,5800.0, 36 months,18.55,E,E2,,OWN,26900.0,Verified,debt_consolidation,TX,35.83,1.0,670.0,674.0,1.0,76.9,14.0,Individual,6,High Risk,Manual Review
48628225,12375.0, 36 months,18.55,E,E2,5 years,RENT,53000.0,Source Verified,debt_consolidation,KS,30.21,0.0,685.0,689.0,1.0,41.8,25.0,Individual,5,High Risk,Manual Review
50293489,7775.0, 36 months,19.99,E,E4,,RENT,22900.0,Verified,debt_consolidation,SC,33.39,0.0,660.0,664.0,0.0,52.8,26.0,Individual,5,High Risk,Manual Review
49934093,18000.0, 36 months,18.25,E,E1,1 year,RENT,36000.0,Source Verified,credit_card,NY,36.32,0.0,680.0,684.0,0.0,78.9,31.0,Individual,5,High Risk,Manual Review
50416549,12225.0, 60 months,19.99,E,E4,10+ years,RENT,34000.0,Source Verified,debt_consolidation,TN,36.79,0.0,685.0,689.0,0.0,60.9,9.0,Individual,5,High Risk,Manual Review
48384946,14700.0, 60 months,18.55,E,E2,10+ years,RENT,35000.0,Source Verified,debt_consolidation,AL,39.78,0.0,660.0,664.0,1.0,37.3,20.0,Individual,5,High Risk,Manual Review
50506931,24500.0, 60 months,19.99,E,E4,2 years,RENT,49000.0,Source Verified,debt_consolidation,WA,32.28,0.0,695.0,699.0,1.0,41.4,22.0,Individual,5,High Risk,Manual Review
50446978,12000.0, 60 months,18.55,E,E2,10+ years,MORTGAGE,45000.0,Verified,debt_consolidation,LA,36.09,0.0,660.0,664.0,1.0,52.1,37.0,Individual,5,High Risk,Manual Review
50627240,34825.0, 60 months,19.99,E,E4,10+ years,MORTGAGE,79200.0,Source Verified,debt_consolidation,OR,33.74,0.0,700.0,704.0,1.0,70.8,20.0,Individual,5,High Risk,Manual Review
50587331,19600.0, 60 months,15.61,D,D1,4 years,RENT,67621.84,Source Verified,debt_consolidation,MN,33.81,4.0,675.0,679.0,0.0,80.8,38.0,Individual,5,High Risk,Manual Review
50476637,4750.0, 36 months,18.25,E,E1,5 years,MORTGAGE,14000.0,Verified,debt_consolidation,FL,34.99,1.0,675.0,679.0,1.0,14.0,40.0,Individual,6,High Risk,Manual Review
50536735,10825.0, 60 months,20.99,E,E5,10+ years,RENT,57000.0,Source Verified,debt_consolidation,CA,37.2,0.0,690.0,694.0,0.0,68.9,36.0,Individual,5,High Risk,Manual Review
50153628,4150.0, 36 months,15.61,D,D1,3 years,MORTGAGE,45000.0,Not Verified,debt_consolidation,OK,30.48,1.0,680.0,684.0,0.0,84.6,7.0,Individual,5,High Risk,Manual Review
50607081,12400.0, 60 months,19.99,E,E4,10+ years,MORTGAGE,65000.0,Verified,credit_card,AZ,31.35,0.0,675.0,679.0,1.0,86.7,28.0,Individual,6,High Risk,Manual Review
50656638,18700.0, 60 months,19.99,E,E4,3 years,RENT,37440.0,Source Verified,debt_consolidation,OR,13.4,1.0,665.0,669.0,0.0,82.9,36.0,Individual,5,High Risk,Manual Review
50476073,11200.0, 60 months,18.55,E,E2,1 year,RENT,55000.0,Verified,small_business,IL,34.78,1.0,680.0,684.0,0.0,88.1,23.0,Individual,7,High Risk,Manual Review
50579047,11950.0, 60 months,18.25,E,E1,10+ years,RENT,41000.0,Not Verified,debt_consolidation,CO,37.24,0.0,685.0,689.0,1.0,41.7,53.0,Individual,5,High Risk,Manual Review
49764220,12250.0, 60 months,27.88,G,G3,2 years,MORTGAGE,56000.0,Verified,other,MI,34.89,0.0,665.0,669.0,1.0,57.0,56.0,Individual,5,High Risk,Manual Review
50567142,19725.0, 60 months,18.55,E,E2,6 years,RENT,72000.0,Verified,debt_consolidation,CA,31.9,0.0,665.0,669.0,0.0,50.3,39.0,Individual,5,High Risk,Manual Review
50567197,14000.0, 60 months,18.25,E,E1,10+ years,RENT,60000.0,Verified,debt_consolidation,TN,34.34,0.0,690.0,694.0,2.0,67.9,28.0,Individual,5,High Risk,Manual Review
49913182,12375.0, 60 months,20.99,E,E5,4 years,RENT,41000.0,Source Verified,debt_consolidation,NJ,38.35,0.0,660.0,664.0,0.0,35.2,35.0,Individual,5,High Risk,Manual Review
50587377,5000.0, 36 months,19.19,E,E3,2 years,RENT,23000.0,Verified,other,MI,35.91,0.0,700.0,704.0,0.0,94.8,23.0,Individual,6,High Risk,Manual Review
50577424,9475.0, 36 months,18.55,E,E2,,RENT,21540.0,Verified,debt_consolidation,NJ,34.6,0.0,685.0,689.0,1.0,48.1,15.0,Individual,5,High Risk,Manual Review
50024101,11500.0, 36 months,19.19,E,E3,8 years,RENT,32000.0,Source Verified,debt_consolidation,MN,39.87,0.0,685.0,689.0,2.0,38.9,21.0,Individual,5,High Risk,Manual Review
50466374,24200.0, 60 months,18.25,E,E1,10+ years,MORTGAGE,85000.0,Verified,debt_consolidation,UT,32.64,0.0,685.0,689.0,0.0,72.7,52.0,Individual,5,High Risk,Manual Review
49663405,23500.0, 60 months,21.99,F,F1,10+ years,OWN,47000.0,Verified,credit_card,WV,38.84,0.0,675.0,679.0,0.0,52.8,28.0,Individual,5,High Risk,Manual Review
50578237,2675.0, 36 months,23.99,F,F3,2 years,RENT,14000.0,Not Verified,other,CA,35.0,0.0,695.0,699.0,1.0,47.2,6.0,Individual,5,High Risk,Manual Review
50436450,15900.0, 60 months,19.19,E,E3,5 years,MORTGAGE,63000.0,Source Verified,debt_consolidation,CO,36.5,0.0,690.0,694.0,0.0,85.9,37.0,Individual,6,High Risk,Manual Review
50646220,7550.0, 36 months,18.25,E,E1,9 years,RENT,33000.0,Source Verified,debt_consolidation,VA,30.95,0.0,695.0,699.0,2.0,47.3,29.0,Individual,5,High Risk,Manual Review
50587127,14100.0, 60 months,19.99,E,E4,,MORTGAGE,34950.0,Verified,credit_card,IN,37.77,0.0,675.0,679.0,0.0,76.8,13.0,Individual,5,High Risk,Manual Review
50466487,11225.0, 36 months,22.99,F,F2,< 1 year,RENT,31200.0,Verified,debt_consolidation,MA,39.27,0.0,670.0,674.0,2.0,95.2,13.0,Individual,6,High Risk,Manual Review
50273301,23000.0, 60 months,19.99,E,E4,7 years,RENT,60000.0,Source Verified,debt_consolidation,AZ,38.98,0.0,680.0,684.0,1.0,77.5,62.0,Individual,5,High Risk,Manual Review
50575360,25000.0, 60 months,22.99,F,F2,10+ years,MORTGAGE,92000.0,Verified,debt_consolidation,GA,39.21,0.0,675.0,679.0,0.0,82.6,46.0,Individual,6,High Risk,Manual Review
50466526,15000.0, 60 months,18.55,E,E2,,MORTGAGE,75540.0,Verified,debt_consolidation,NJ,33.24,0.0,670.0,674.0,2.0,32.7,17.0,Individual,5,High Risk,Manual Review
50656468,18400.0, 36 months,18.55,E,E2,9 years,RENT,40000.0,Source Verified,credit_card,NY,39.87,0.0,705.0,709.0,0.0,56.8,20.0,Individual,5,High Risk,Manual Review
50646069,14750.0, 60 months,18.25,E,E1,4 years,MORTGAGE,55000.0,Source Verified,debt_consolidation,NY,39.75,0.0,660.0,664.0,0.0,53.8,39.0,Individual,5,High Risk,Manual Review
50364555,9100.0, 36 months,18.25,E,E1,,MORTGAGE,25410.0,Verified,debt_consolidation,GA,36.7,0.0,665.0,669.0,1.0,51.0,48.0,Individual,5,High Risk,Manual Review
50486384,34550.0, 60 months,18.55,E,E2,10+ years,OWN,112000.0,Source Verified,debt_consolidation,KY,32.84,0.0,685.0,689.0,0.0,67.3,24.0,Individual,5,High Risk,Manual Review
50456323,35000.0, 60 months,20.99,E,E5,8 years,MORTGAGE,98500.0,Verified,debt_consolidation,SC,38.32,2.0,660.0,664.0,1.0,65.5,42.0,Individual,6,High Risk,Manual Review
49944301,10825.0, 60 months,20.99,E,E5,3 years,MORTGAGE,70000.0,Not Verified,credit_card,VA,38.2,0.0,695.0,699.0,1.0,95.1,40.0,Individual,6,High Risk,Manual Review
50578679,20000.0, 60 months,18.25,E,E1,6 years,MORTGAGE,65000.0,Verified,debt_consolidation,MI,31.78,0.0,665.0,669.0,2.0,68.9,44.0,Individual,5,High Risk,Manual Review
50526400,22800.0, 60 months,21.99,F,F1,,MORTGAGE,60000.0,Verified,debt_consolidation,IL,34.34,0.0,700.0,704.0,3.0,62.4,27.0,Individual,5,High Risk,Manual Review
50214419,25000.0, 60 months,19.19,E,E3,1 year,MORTGAGE,82500.0,Source Verified,debt_consolidation,PA,30.79,1.0,670.0,674.0,2.0,69.7,41.0,Individual,6,High Risk,Manual Review
50635940,30000.0, 60 months,18.55,E,E2,4 years,RENT,104000.0,Verified,debt_consolidation,OK,37.92,0.0,680.0,684.0,2.0,49.5,25.0,Individual,5,High Risk,Manual Review
50566965,8800.0, 36 months,18.25,E,E1,1 year,MORTGAGE,56000.0,Source Verified,debt_consolidation,OH,35.77,0.0,700.0,704.0,0.0,54.7,39.0,Individual,5,High Risk,Manual Review
50606485,23000.0, 60 months,18.55,E,E2,9 years,RENT,50000.0,Verified,debt_consolidation,NY,37.16,0.0,725.0,729.0,0.0,57.5,23.0,Individual,5,High Risk,Manual Review
50586974,14400.0, 60 months,18.25,E,E1,7 years,RENT,51000.0,Source Verified,debt_consolidation,MN,32.64,1.0,665.0,669.0,0.0,58.3,37.0,Individual,6,High Risk,Manual Review
49016388,8800.0, 36 months,18.55,E,E2,< 1 year,RENT,20000.0,Verified,credit_card,MI,30.97,0.0,680.0,684.0,0.0,41.0,13.0,Individual,5,High Risk,Manual Review
50496318,22000.0, 60 months,24.99,F,F4,4 years,MORTGAGE,55000.0,Source Verified,debt_consolidation,TX,32.23,0.0,700.0,704.0,0.0,83.4,20.0,Individual,6,High Risk,Manual Review
50578520,20000.0, 60 months,19.99,E,E4,6 years,MORTGAGE,257631.0,Verified,debt_consolidation,MN,12.48,5.0,660.0,664.0,0.0,87.9,31.0,Individual,5,High Risk,Manual Review
50645979,16500.0, 60 months,22.99,F,F2,2 years,RENT,55000.0,Verified,debt_consolidation,MI,32.18,1.0,660.0,664.0,1.0,82.7,19.0,Individual,7,High Risk,Manual Review
50476070,19800.0, 60 months,18.55,E,E2,10+ years,RENT,45000.0,Source Verified,debt_consolidation,CA,36.42,0.0,700.0,704.0,0.0,88.4,17.0,Individual,6,High Risk,Manual Review
48706153,10350.0, 60 months,27.31,G,G2,< 1 year,MORTGAGE,48000.0,Source Verified,debt_consolidation,NJ,29.8,1.0,665.0,669.0,0.0,101.0,24.0,Individual,5,High Risk,Manual Review
49944800,35000.0, 60 months,19.99,E,E4,,MORTGAGE,79225.0,Verified,debt_consolidation,OK,33.33,0.0,705.0,709.0,2.0,47.0,25.0,Individual,5,High Risk,Manual Review
50556445,28000.0, 60 months,23.99,F,F3,1 year,MORTGAGE,76000.0,Verified,debt_consolidation,FL,33.14,0.0,680.0,684.0,2.0,46.8,32.0,Individual,5,High Risk,Manual Review
50656250,16400.0, 60 months,18.55,E,E2,4 years,MORTGAGE,55000.0,Verified,debt_consolidation,TX,38.49,1.0,665.0,669.0,0.0,36.6,40.0,Individual,6,High Risk,Manual Review
50556122,13300.0, 60 months,18.25,E,E1,8 years,RENT,31700.0,Source Verified,debt_consolidation,NY,39.53,0.0,665.0,669.0,0.0,65.9,22.0,Individual,5,High Risk,Manual Review
50456221,10075.0, 60 months,26.77,G,G1,10+ years,RENT,24000.0,Source Verified,credit_card,SC,37.6,0.0,680.0,684.0,0.0,86.8,11.0,Individual,6,High Risk,Manual Review
50535918,31325.0, 60 months,22.99,F,F2,9 years,RENT,122500.0,Verified,debt_consolidation,FL,26.04,1.0,690.0,694.0,0.0,94.8,31.0,Individual,5,High Risk,Manual Review
50586769,16050.0, 60 months,24.99,F,F4,3 years,MORTGAGE,53500.0,Verified,debt_consolidation,MD,32.91,0.0,685.0,689.0,1.0,56.1,40.0,Individual,5,High Risk,Manual Review
50586489,13300.0, 36 months,18.55,E,E2,7 years,RENT,37000.0,Source Verified,debt_consolidation,LA,35.0,0.0,665.0,669.0,3.0,54.9,36.0,Individual,5,High Risk,Manual Review
50435939,31825.0, 60 months,19.19,E,E3,10+ years,MORTGAGE,98900.0,Verified,debt_consolidation,CT,36.63,0.0,695.0,699.0,0.0,78.4,29.0,Individual,5,High Risk,Manual Review
50606191,30950.0, 60 months,23.99,F,F3,10+ years,MORTGAGE,90000.0,Verified,credit_card,PA,35.84,1.0,660.0,664.0,2.0,100.4,34.0,Individual,7,High Risk,Manual Review
49813364,22525.0, 60 months,18.25,E,E1,10+ years,OWN,49000.0,Source Verified,home_improvement,MN,37.57,1.0,690.0,694.0,0.0,88.6,21.0,Individual,7,High Risk,Manual Review
50496104,35000.0, 60 months,19.99,E,E4,10+ years,RENT,135000.0,Verified,debt_consolidation,CA,31.69,1.0,675.0,679.0,0.0,93.6,26.0,Individual,7,High Risk,Manual Review
50445785,34450.0, 36 months,19.99,E,E4,7 years,RENT,68939.0,Verified,debt_consolidation,FL,35.41,0.0,730.0,734.0,0.0,49.1,20.0,Individual,5,High Risk,Manual Review
50243725,23000.0, 60 months,17.86,D,D5,7 years,MORTGAGE,72020.0,Source Verified,debt_consolidation,CA,30.23,2.0,665.0,669.0,0.0,91.3,15.0,Individual,5,High Risk,Manual Review
50485837,12000.0, 36 months,15.61,D,D1,3 years,MORTGAGE,70000.0,Verified,debt_consolidation,MA,39.05,1.0,680.0,684.0,1.0,89.9,44.0,Individual,5,High Risk,Manual Review
50626092,10925.0, 60 months,24.99,F,F4,10+ years,RENT,61152.0,Verified,debt_consolidation,FL,35.22,0.0,685.0,689.0,0.0,99.0,36.0,Individual,6,High Risk,Manual Review
50415949,12000.0, 60 months,22.99,F,F2,7 years,RENT,30000.0,Source Verified,debt_consolidation,NJ,30.04,0.0,685.0,689.0,0.0,86.8,14.0,Individual,6,High Risk,Manual Review
50465534,20000.0, 36 months,17.86,D,D5,< 1 year,RENT,73000.0,Source Verified,debt_consolidation,MO,38.19,1.0,660.0,664.0,1.0,96.6,51.0,Individual,5,High Risk,Manual Review
50316981,16050.0, 60 months,19.99,E,E4,8 years,MORTGAGE,49500.0,Source Verified,debt_consolidation,GA,30.28,4.0,660.0,664.0,0.0,90.9,28.0,Individual,7,High Risk,Manual Review
50273155,10500.0, 60 months,19.99,E,E4,4 years,RENT,28000.0,Source Verified,credit_card,CA,39.61,0.0,660.0,664.0,0.0,68.6,8.0,Individual,5,High Risk,Manual Review
50515455,25200.0, 60 months,19.99,E,E4,7 years,RENT,63000.0,Verified,debt_consolidation,PA,32.96,0.0,680.0,684.0,0.0,72.4,29.0,Individual,5,High Risk,Manual Review
50556143,3725.0, 36 months,19.99,E,E4,1 year,RENT,22000.0,Not Verified,credit_card,NJ,36.17,0.0,665.0,669.0,0.0,5.3,11.0,Individual,5,High Risk,Manual Review
50485851,11875.0, 60 months,21.99,F,F1,6 years,MORTGAGE,45000.0,Verified,home_improvement,NC,30.96,1.0,675.0,679.0,1.0,51.0,19.0,Individual,6,High Risk,Manual Review
50495297,15000.0, 60 months,20.99,E,E5,9 years,MORTGAGE,45000.0,Source Verified,debt_consolidation,VA,30.24,0.0,665.0,669.0,1.0,29.3,27.0,Individual,5,High Risk,Manual Review
48000384,26000.0, 60 months,18.55,E,E2,10+ years,MORTGAGE,52000.0,Source Verified,credit_card,TN,23.79,1.0,680.0,684.0,0.0,91.9,13.0,Individual,5,High Risk,Manual Review
50505889,35000.0, 60 months,18.25,E,E1,6 years,MORTGAGE,180000.0,Verified,credit_card,TX,35.53,0.0,665.0,669.0,0.0,83.0,63.0,Individual,6,High Risk,Manual Review
50615751,2500.0, 36 months,18.55,E,E2,10+ years,MORTGAGE,30000.0,Not Verified,car,NC,30.16,1.0,665.0,669.0,0.0,39.7,24.0,Individual,6,High Risk,Manual Review
50465665,4075.0, 36 months,21.99,F,F1,,RENT,12000.0,Verified,other,MN,33.4,0.0,665.0,669.0,0.0,75.8,8.0,Individual,5,High Risk,Manual Review
50576951,20400.0, 60 months,19.19,E,E3,7 years,RENT,63000.0,Source Verified,debt_consolidation,NV,34.76,0.0,665.0,669.0,1.0,82.4,14.0,Individual,6,High Risk,Manual Review
50586163,20000.0, 60 months,20.99,E,E5,10+ years,RENT,50000.0,Verified,debt_consolidation,NV,30.7,0.0,670.0,674.0,1.0,44.9,67.0,Individual,5,High Risk,Manual Review
49834045,16425.0, 36 months,18.25,E,E1,1 year,RENT,47000.0,Verified,debt_consolidation,CA,30.59,0.0,660.0,664.0,3.0,35.7,27.0,Individual,5,High Risk,Manual Review
50485631,17000.0, 60 months,25.78,F,F5,1 year,RENT,50000.0,Source Verified,debt_consolidation,FL,39.24,0.0,710.0,714.0,2.0,31.0,30.0,Individual,5,High Risk,Manual Review
50625778,15000.0, 60 months,19.99,E,E4,10+ years,RENT,135000.0,Verified,debt_consolidation,HI,20.89,1.0,665.0,669.0,1.0,92.0,20.0,Individual,5,High Risk,Manual Review
50586136,11000.0, 60 months,18.25,E,E1,< 1 year,RENT,25000.0,Not Verified,debt_consolidation,CA,30.1,0.0,705.0,709.0,2.0,62.2,15.0,Individual,5,High Risk,Manual Review
48596885,3675.0, 36 months,21.99,F,F1,< 1 year,RENT,51000.0,Verified,debt_consolidation,FL,32.65,1.0,675.0,679.0,3.0,36.0,33.0,Individual,6,High Risk,Manual Review
50645634,13000.0, 60 months,20.99,E,E5,10+ years,MORTGAGE,55000.0,Not Verified,major_purchase,CA,7.03,1.0,680.0,684.0,0.0,86.8,10.0,Individual,5,High Risk,Manual Review
50465117,27500.0, 60 months,18.55,E,E2,7 years,RENT,55000.0,Source Verified,debt_consolidation,NY,37.53,0.0,695.0,699.0,0.0,71.4,29.0,Individual,5,High Risk,Manual Review
50495848,11875.0, 60 months,20.99,E,E5,3 years,RENT,33000.0,Source Verified,debt_consolidation,FL,38.0,2.0,685.0,689.0,0.0,37.7,26.0,Individual,6,High Risk,Manual Review
50465633,35000.0, 60 months,23.99,F,F3,4 years,MORTGAGE,110000.0,Verified,debt_consolidation,UT,31.48,0.0,725.0,729.0,4.0,28.7,35.0,Individual,5,High Risk,Manual Review
50485763,1425.0, 36 months,25.78,F,F5,1 year,RENT,21000.0,Verified,debt_consolidation,FL,31.2,0.0,675.0,679.0,1.0,41.8,17.0,Individual,5,High Risk,Manual Review
50585986,12000.0, 60 months,18.55,E,E2,10+ years,MORTGAGE,59000.0,Source Verified,medical,WA,36.9,0.0,675.0,679.0,0.0,83.3,23.0,Individual,6,High Risk,Manual Review
50455643,12000.0, 60 months,18.25,E,E1,2 years,MORTGAGE,52000.0,Not Verified,major_purchase,CA,17.79,4.0,670.0,674.0,0.0,85.1,34.0,Individual,5,High Risk,Manual Review
49983535,17500.0, 60 months,19.19,E,E3,< 1 year,RENT,35000.0,Source Verified,debt_consolidation,GA,39.99,0.0,725.0,729.0,2.0,30.1,28.0,Individual,5,High Risk,Manual Review
48584452,19425.0, 60 months,20.99,E,E5,10+ years,OWN,54000.0,Source Verified,debt_consolidation,TX,36.49,0.0,675.0,679.0,0.0,82.2,20.0,Individual,6,High Risk,Manual Review
50465577,15550.0, 60 months,19.19,E,E3,4 years,OWN,34407.0,Source Verified,debt_consolidation,WI,34.39,0.0,690.0,694.0,0.0,48.1,7.0,Individual,5,High Risk,Manual Review
50415355,12625.0, 60 months,19.99,E,E4,< 1 year,RENT,45000.0,Source Verified,medical,WI,35.87,1.0,690.0,694.0,1.0,24.3,22.0,Individual,6,High Risk,Manual Review
50635369,15000.0, 60 months,21.99,F,F1,7 years,MORTGAGE,55000.0,Not Verified,other,TX,13.64,1.0,665.0,669.0,0.0,98.8,11.0,Individual,5,High Risk,Manual Review
50505684,30800.0, 36 months,18.25,E,E1,7 years,MORTGAGE,70000.0,Verified,credit_card,OH,38.4,0.0,675.0,679.0,0.0,49.6,51.0,Individual,5,High Risk,Manual Review
50585960,10000.0, 60 months,18.25,E,E1,9 years,MORTGAGE,34427.0,Verified,credit_card,IL,35.81,0.0,685.0,689.0,2.0,49.0,24.0,Individual,5,High Risk,Manual Review
50163631,19200.0, 60 months,18.55,E,E2,1 year,RENT,48000.0,Source Verified,debt_consolidation,CA,31.18,0.0,705.0,709.0,1.0,55.8,21.0,Individual,5,High Risk,Manual Review
50495538,22000.0, 60 months,20.99,E,E5,1 year,OWN,45000.0,Source Verified,debt_consolidation,LA,31.04,0.0,690.0,694.0,1.0,84.5,19.0,Individual,6,High Risk,Manual Review
50505520,35000.0, 36 months,18.25,E,E1,2 years,RENT,79000.0,Verified,debt_consolidation,CA,33.95,0.0,695.0,699.0,0.0,57.1,25.0,Individual,5,High Risk,Manual Review
50425697,12925.0, 60 months,18.25,E,E1,10+ years,MORTGAGE,49000.0,Not Verified,credit_card,MI,24.1,3.0,670.0,674.0,0.0,90.6,34.0,Individual,5,High Risk,Manual Review
50475338,12350.0, 60 months,19.19,E,E3,< 1 year,MORTGAGE,38400.0,Not Verified,credit_card,IL,35.84,0.0,715.0,719.0,2.0,92.6,13.0,Individual,6,High Risk,Manual Review
50044030,35000.0, 60 months,18.55,E,E2,5 years,RENT,125000.0,Verified,debt_consolidation,MD,15.79,1.0,675.0,679.0,0.0,88.9,15.0,Individual,5,High Risk,Manual Review
49218029,8725.0, 36 months,18.25,E,E1,1 year,OWN,52000.0,Source Verified,debt_consolidation,PA,33.51,0.0,705.0,709.0,1.0,63.6,20.0,Individual,5,High Risk,Manual Review
50635328,12600.0, 60 months,17.57,D,D4,3 years,MORTGAGE,50000.0,Not Verified,debt_consolidation,MA,32.5,2.0,665.0,669.0,1.0,94.7,25.0,Individual,5,High Risk,Manual Review
50303646,21100.0, 60 months,21.99,F,F1,< 1 year,RENT,50000.0,Source Verified,debt_consolidation,VA,31.23,0.0,675.0,679.0,0.0,84.6,13.0,Individual,6,High Risk,Manual Review
48856743,31750.0, 60 months,24.99,F,F4,10+ years,MORTGAGE,105000.0,Verified,debt_consolidation,MI,32.5,1.0,670.0,674.0,1.0,70.0,43.0,Individual,6,High Risk,Manual Review
50645446,11075.0, 36 months,20.99,E,E5,7 years,MORTGAGE,26400.0,Not Verified,debt_consolidation,CO,33.14,0.0,670.0,674.0,1.0,47.4,23.0,Individual,5,High Risk,Manual Review
50515408,35000.0, 60 months,18.55,E,E2,10+ years,MORTGAGE,90000.0,Verified,debt_consolidation,TN,34.62,0.0,695.0,699.0,0.0,82.1,40.0,Individual,6,High Risk,Manual Review
50595401,17950.0, 60 months,20.99,E,E5,8 years,MORTGAGE,50000.0,Source Verified,debt_consolidation,LA,36.56,0.0,660.0,664.0,0.0,81.8,14.0,Individual,6,High Risk,Manual Review
50595380,3575.0, 36 months,18.55,E,E2,7 years,MORTGAGE,20000.0,Not Verified,debt_consolidation,MO,27.85,1.0,670.0,674.0,1.0,102.9,18.0,Individual,5,High Risk,Manual Review
50575930,12000.0, 36 months,22.99,F,F2,< 1 year,RENT,30000.0,Source Verified,debt_consolidation,WA,35.08,0.0,680.0,684.0,2.0,71.9,22.0,Individual,5,High Risk,Manual Review
50143118,27600.0, 60 months,18.55,E,E2,4 years,OWN,60000.0,Source Verified,debt_consolidation,KY,31.72,0.0,685.0,689.0,1.0,64.9,29.0,Individual,5,High Risk,Manual Review
50555599,19500.0, 60 months,21.99,F,F1,10+ years,MORTGAGE,39000.0,Not Verified,debt_consolidation,MO,38.37,0.0,710.0,714.0,0.0,53.3,27.0,Individual,5,High Risk,Manual Review
50505358,7000.0, 36 months,22.99,F,F2,< 1 year,RENT,72000.0,Verified,credit_card,CA,31.07,0.0,660.0,664.0,0.0,61.6,30.0,Individual,5,High Risk,Manual Review
50435256,25000.0, 60 months,22.99,F,F2,< 1 year,MORTGAGE,120000.0,Verified,debt_consolidation,OK,18.1,2.0,690.0,694.0,3.0,81.7,38.0,Individual,5,High Risk,Manual Review
49307380,4400.0, 36 months,18.25,E,E1,,MORTGAGE,44000.0,Source Verified,debt_consolidation,MI,32.0,0.0,725.0,729.0,1.0,14.7,22.0,Individual,5,High Risk,Manual Review
50555458,17575.0, 60 months,21.99,F,F1,10+ years,MORTGAGE,52000.0,Verified,debt_consolidation,NJ,39.28,1.0,675.0,679.0,3.0,60.0,25.0,Individual,6,High Risk,Manual Review
46811051,35000.0, 60 months,18.55,E,E2,4 years,MORTGAGE,90000.0,Verified,credit_card,GA,23.12,1.0,690.0,694.0,1.0,95.9,15.0,Individual,5,High Risk,Manual Review
50555315,8500.0, 36 months,20.99,E,E5,< 1 year,RENT,25000.0,Source Verified,house,OH,30.87,0.0,675.0,679.0,1.0,34.4,12.0,Individual,5,High Risk,Manual Review
50425424,20150.0, 60 months,19.99,E,E4,10+ years,RENT,48000.0,Source Verified,debt_consolidation,NJ,34.5,0.0,670.0,674.0,0.0,53.8,32.0,Individual,5,High Risk,Manual Review
49803469,18350.0, 36 months,23.99,F,F3,3 years,MORTGAGE,54000.0,Verified,debt_consolidation,GA,22.18,1.0,670.0,674.0,0.0,82.9,13.0,Individual,5,High Risk,Manual Review
47088394,30000.0, 60 months,19.99,E,E4,1 year,MORTGAGE,120000.0,Verified,debt_consolidation,TX,4.53,1.0,660.0,664.0,1.0,108.4,14.0,Individual,5,High Risk,Manual Review
50565587,18600.0, 60 months,19.19,E,E3,,MORTGAGE,42328.0,Verified,debt_consolidation,MI,38.33,0.0,735.0,739.0,2.0,69.7,43.0,Individual,5,High Risk,Manual Review
50475294,35000.0, 60 months,18.25,E,E1,10+ years,OWN,112000.0,Verified,debt_consolidation,GA,34.13,4.0,665.0,669.0,0.0,84.3,38.0,Individual,7,High Risk,Manual Review
50565470,20000.0, 60 months,19.99,E,E4,1 year,RENT,50000.0,Verified,debt_consolidation,IN,32.26,0.0,680.0,684.0,1.0,44.0,20.0,Individual,5,High Risk,Manual Review
50555479,16500.0, 60 months,18.25,E,E1,10+ years,RENT,86000.0,Source Verified,debt_consolidation,NY,10.15,1.0,665.0,669.0,1.0,94.7,20.0,Individual,5,High Risk,Manual Review
50625230,20500.0, 60 months,18.25,E,E1,3 years,RENT,60000.0,Verified,debt_consolidation,TX,29.46,2.0,660.0,664.0,0.0,90.3,30.0,Individual,5,High Risk,Manual Review
50425272,18950.0, 60 months,18.55,E,E2,6 years,MORTGAGE,52680.0,Source Verified,debt_consolidation,TX,17.56,1.0,665.0,669.0,0.0,83.6,27.0,Individual,5,High Risk,Manual Review
50465272,19200.0, 60 months,19.99,E,E4,10+ years,MORTGAGE,60000.0,Verified,debt_consolidation,IL,20.82,1.0,665.0,669.0,3.0,99.8,17.0,Individual,5,High Risk,Manual Review
50316108,14550.0, 60 months,19.99,E,E4,7 years,MORTGAGE,34700.0,Not Verified,debt_consolidation,AL,32.24,0.0,695.0,699.0,0.0,53.3,38.0,Individual,5,High Risk,Manual Review
50565283,34000.0, 60 months,18.25,E,E1,6 years,RENT,112000.0,Source Verified,credit_card,TN,16.18,1.0,660.0,664.0,1.0,84.1,39.0,Individual,5,High Risk,Manual Review
50505233,19375.0, 60 months,18.55,E,E2,10+ years,OWN,55000.0,Not Verified,debt_consolidation,KS,31.36,0.0,680.0,684.0,0.0,85.2,44.0,Individual,6,High Risk,Manual Review
50415152,35000.0, 60 months,19.19,E,E3,10+ years,MORTGAGE,120675.0,Verified,credit_card,NC,36.13,0.0,700.0,704.0,2.0,67.1,29.0,Individual,5,High Risk,Manual Review
50645352,18800.0, 60 months,22.99,F,F2,< 1 year,OWN,50000.0,Verified,home_improvement,TX,34.73,0.0,675.0,679.0,1.0,54.0,41.0,Individual,5,High Risk,Manual Review
50615155,10025.0, 60 months,18.25,E,E1,,MORTGAGE,35244.0,Verified,debt_consolidation,AL,38.75,0.0,690.0,694.0,0.0,32.6,26.0,Individual,5,High Risk,Manual Review
50565220,20000.0, 60 months,19.99,E,E4,2 years,MORTGAGE,81064.0,Verified,debt_consolidation,GA,30.83,0.0,665.0,669.0,1.0,57.3,44.0,Individual,5,High Risk,Manual Review
50625155,14025.0, 60 months,18.55,E,E2,,MORTGAGE,39000.0,Verified,debt_consolidation,WA,6.71,1.0,675.0,679.0,2.0,96.8,11.0,Individual,5,High Risk,Manual Review
50475162,11550.0, 36 months,20.99,E,E5,< 1 year,MORTGAGE,34000.0,Source Verified,debt_consolidation,MO,32.26,0.0,660.0,664.0,1.0,83.7,21.0,Individual,6,High Risk,Manual Review
50435126,5000.0, 36 months,19.99,E,E4,10+ years,RENT,25000.0,Source Verified,credit_card,MO,39.19,2.0,670.0,674.0,3.0,59.1,17.0,Individual,6,High Risk,Manual Review
50465188,35000.0, 60 months,21.99,F,F1,6 years,MORTGAGE,104000.0,Verified,debt_consolidation,CA,18.2,1.0,690.0,694.0,0.0,86.7,29.0,Individual,5,High Risk,Manual Review
50545120,11000.0, 60 months,18.55,E,E2,6 years,MORTGAGE,25000.0,Source Verified,debt_consolidation,KS,37.45,0.0,685.0,689.0,0.0,68.8,21.0,Individual,5,High Risk,Manual Review
49904001,18400.0, 60 months,19.19,E,E3,6 years,RENT,46000.0,Verified,debt_consolidation,GA,38.46,0.0,690.0,694.0,0.0,49.6,12.0,Individual,5,High Risk,Manual Review
50324222,19800.0, 60 months,18.55,E,E2,6 years,MORTGAGE,45000.0,Verified,credit_card,PA,34.81,0.0,680.0,684.0,0.0,55.7,28.0,Individual,5,High Risk,Manual Review
50595164,30000.0, 36 months,18.25,E,E1,10+ years,RENT,60000.0,Verified,debt_consolidation,VA,15.08,2.0,660.0,664.0,0.0,92.3,10.0,Individual,5,High Risk,Manual Review
50003869,34725.0, 60 months,18.55,E,E2,10+ years,MORTGAGE,85000.0,Verified,credit_card,IL,33.46,1.0,680.0,684.0,2.0,80.8,51.0,Individual,7,High Risk,Manual Review
50214215,15000.0, 60 months,20.99,E,E5,4 years,OWN,38000.0,Verified,credit_card,AL,33.61,1.0,675.0,679.0,0.0,58.7,35.0,Individual,6,High Risk,Manual Review
50254081,14000.0, 60 months,19.99,E,E4,10+ years,OWN,100000.0,Verified,debt_consolidation,AZ,33.43,0.0,670.0,674.0,3.0,90.0,32.0,Individual,6,High Risk,Manual Review
49994176,28000.0, 60 months,20.99,E,E5,10+ years,MORTGAGE,85000.0,Source Verified,debt_consolidation,CT,18.75,3.0,665.0,669.0,2.0,84.3,36.0,Individual,5,High Risk,Manual Review
50364311,27000.0, 36 months,20.99,E,E5,4 years,OWN,75000.0,Source Verified,other,NY,31.57,1.0,660.0,664.0,0.0,61.0,13.0,Individual,6,High Risk,Manual Review
49894475,16200.0, 60 months,19.99,E,E4,2 years,RENT,45000.0,Not Verified,other,NJ,31.01,0.0,660.0,664.0,0.0,64.3,23.0,Individual,5,High Risk,Manual Review
50263847,33975.0, 60 months,18.55,E,E2,10+ years,MORTGAGE,79000.0,Verified,debt_consolidation,WI,31.58,1.0,670.0,674.0,0.0,85.3,33.0,Individual,7,High Risk,Manual Review
50214251,7675.0, 36 months,20.99,E,E5,10+ years,MORTGAGE,45200.0,Source Verified,debt_consolidation,OR,30.78,0.0,670.0,674.0,1.0,73.7,25.0,Individual,5,High Risk,Manual Review
50173441,14300.0, 36 months,18.55,E,E2,2 years,OWN,42000.0,Verified,debt_consolidation,FL,32.2,0.0,690.0,694.0,0.0,36.2,10.0,Individual,5,High Risk,Manual Review
50283906,30000.0, 60 months,18.25,E,E1,1 year,MORTGAGE,95000.0,Source Verified,debt_consolidation,TX,31.76,2.0,705.0,709.0,0.0,40.8,17.0,Individual,6,High Risk,Manual Review
50273741,18000.0, 60 months,20.99,E,E5,2 years,MORTGAGE,110000.0,Verified,debt_consolidation,NY,14.08,2.0,665.0,669.0,1.0,94.4,11.0,Individual,5,High Risk,Manual Review
49955741,9575.0, 36 months,19.19,E,E3,5 years,RENT,48000.0,Source Verified,debt_consolidation,NJ,32.6,0.0,670.0,674.0,1.0,74.0,10.0,Individual,5,High Risk,Manual Review
50333701,33475.0, 36 months,18.55,E,E2,10+ years,MORTGAGE,124000.0,Verified,medical,KS,36.71,1.0,710.0,714.0,0.0,,27.0,Individual,6,High Risk,Manual Review
50173613,14300.0, 60 months,18.25,E,E1,8 years,RENT,58000.0,Source Verified,debt_consolidation,CA,31.49,0.0,680.0,684.0,1.0,35.8,17.0,Individual,5,High Risk,Manual Review
50293623,16800.0, 60 months,18.55,E,E2,5 years,MORTGAGE,40000.0,Source Verified,credit_card,MN,35.91,0.0,670.0,674.0,0.0,88.8,22.0,Individual,6,High Risk,Manual Review
49993516,26000.0, 60 months,21.99,F,F1,4 years,RENT,65000.0,Source Verified,debt_consolidation,FL,31.62,1.0,675.0,679.0,0.0,50.4,26.0,Individual,6,High Risk,Manual Review
50293587,15100.0, 60 months,18.25,E,E1,< 1 year,MORTGAGE,36000.0,Source Verified,credit_card,MI,35.8,0.0,675.0,679.0,1.0,66.2,56.0,Individual,5,High Risk,Manual Review
50315806,10875.0, 36 months,19.99,E,E4,9 years,OWN,32000.0,Verified,debt_consolidation,IL,31.13,0.0,705.0,709.0,0.0,61.0,23.0,Individual,5,High Risk,Manual Review
50143695,28150.0, 60 months,18.55,E,E2,10+ years,RENT,64000.0,Source Verified,debt_consolidation,HI,30.34,0.0,715.0,719.0,0.0,96.5,15.0,Individual,6,High Risk,Manual Review
50304081,18000.0, 60 months,18.25,E,E1,10+ years,RENT,50000.0,Source Verified,debt_consolidation,MD,31.83,0.0,675.0,679.0,0.0,78.2,14.0,Individual,5,High Risk,Manual Review
49993848,7200.0, 36 months,22.99,F,F2,< 1 year,OWN,40000.0,Verified,debt_consolidation,GA,32.7,0.0,660.0,664.0,1.0,57.1,42.0,Individual,5,High Risk,Manual Review
50143586,14500.0, 60 months,20.99,E,E5,9 years,MORTGAGE,32000.0,Source Verified,debt_consolidation,SC,20.67,1.0,660.0,664.0,0.0,96.4,26.0,Individual,5,High Risk,Manual Review
48609382,25200.0, 60 months,19.19,E,E3,8 years,MORTGAGE,75000.0,Source Verified,debt_consolidation,WI,28.42,1.0,660.0,664.0,0.0,87.5,41.0,Individual,5,High Risk,Manual Review
48212351,18350.0, 60 months,21.99,F,F1,6 years,OWN,50000.0,Source Verified,debt_consolidation,UT,35.86,0.0,685.0,689.0,1.0,57.8,37.0,Individual,5,High Risk,Manual Review
49834100,22800.0, 36 months,18.25,E,E1,10+ years,RENT,45600.0,Source Verified,debt_consolidation,TX,35.76,0.0,695.0,699.0,1.0,63.9,24.0,Individual,5,High Risk,Manual Review
50263544,35000.0, 60 months,18.25,E,E1,10+ years,MORTGAGE,250000.0,Verified,debt_consolidation,NY,31.91,0.0,695.0,699.0,2.0,74.3,45.0,Individual,5,High Risk,Manual Review
49207195,3200.0, 36 months,20.99,E,E5,4 years,RENT,29411.0,Not Verified,moving,AZ,36.18,0.0,680.0,684.0,0.0,39.1,34.0,Individual,5,High Risk,Manual Review
50283758,10000.0, 60 months,18.25,E,E1,10+ years,MORTGAGE,35000.0,Source Verified,debt_consolidation,OR,32.68,0.0,715.0,719.0,0.0,46.1,28.0,Individual,5,High Risk,Manual Review
50263596,14025.0, 60 months,23.99,F,F3,7 years,MORTGAGE,50000.0,Verified,debt_consolidation,IL,32.84,1.0,660.0,664.0,0.0,85.6,28.0,Individual,7,High Risk,Manual Review
50183646,35000.0, 60 months,18.55,E,E2,8 years,MORTGAGE,90000.0,Verified,debt_consolidation,TX,30.21,0.0,695.0,699.0,0.0,89.8,31.0,Individual,6,High Risk,Manual Review
50253836,35000.0, 60 months,20.99,E,E5,8 years,MORTGAGE,78000.0,Verified,debt_consolidation,CA,30.26,2.0,680.0,684.0,0.0,70.7,55.0,Individual,6,High Risk,Manual Review
50303544,19275.0, 60 months,19.99,E,E4,3 years,MORTGAGE,52000.0,Source Verified,debt_consolidation,OH,32.91,0.0,675.0,679.0,0.0,59.8,22.0,Individual,5,High Risk,Manual Review
48744959,12475.0, 60 months,24.99,F,F4,1 year,RENT,56000.0,Source Verified,debt_consolidation,MT,27.24,1.0,660.0,664.0,0.0,98.7,29.0,Individual,5,High Risk,Manual Review
50024604,30000.0, 60 months,24.99,F,F4,4 years,RENT,60000.0,Verified,debt_consolidation,MA,38.88,0.0,700.0,704.0,3.0,85.5,32.0,Individual,6,High Risk,Manual Review
50303633,12600.0, 60 months,23.99,F,F3,10+ years,RENT,35000.0,Source Verified,debt_consolidation,CA,36.52,1.0,665.0,669.0,1.0,68.0,23.0,Individual,6,High Risk,Manual Review
50213759,12000.0, 60 months,19.19,E,E3,5 years,RENT,30000.0,Source Verified,debt_consolidation,FL,39.37,0.0,660.0,664.0,1.0,58.5,35.0,Individual,5,High Risk,Manual Review
49956509,13650.0, 60 months,22.99,F,F2,10+ years,MORTGAGE,37960.0,Source Verified,home_improvement,MN,39.99,0.0,690.0,694.0,1.0,77.5,14.0,Individual,5,High Risk,Manual Review
49874460,5900.0, 36 months,19.19,E,E3,< 1 year,OWN,23240.0,Source Verified,debt_consolidation,TN,34.76,0.0,700.0,704.0,0.0,61.4,31.0,Individual,5,High Risk,Manual Review
50083587,15000.0, 60 months,19.19,E,E3,5 years,RENT,30000.0,Source Verified,debt_consolidation,CO,30.29,0.0,665.0,669.0,1.0,60.5,21.0,Individual,5,High Risk,Manual Review
49964104,25000.0, 60 months,19.19,E,E3,2 years,RENT,85000.0,Source Verified,debt_consolidation,GA,10.94,1.0,675.0,679.0,2.0,88.9,24.0,Individual,5,High Risk,Manual Review
50343608,18400.0, 60 months,19.19,E,E3,10+ years,MORTGAGE,40000.0,Source Verified,debt_consolidation,AL,39.57,3.0,680.0,684.0,0.0,47.0,38.0,Individual,6,High Risk,Manual Review
50303403,25000.0, 60 months,18.55,E,E2,10+ years,MORTGAGE,78000.0,Source Verified,debt_consolidation,WI,26.2,1.0,675.0,679.0,3.0,92.0,26.0,Individual,5,High Risk,Manual Review
50323481,14400.0, 36 months,18.55,E,E2,5 years,RENT,40000.0,Verified,debt_consolidation,NJ,30.99,1.0,670.0,674.0,0.0,60.8,43.0,Individual,6,High Risk,Manual Review
48746205,25125.0, 60 months,18.55,E,E2,10+ years,MORTGAGE,88000.0,Verified,debt_consolidation,MD,29.33,1.0,685.0,689.0,0.0,85.5,47.0,Individual,5,High Risk,Manual Review
46703990,35000.0, 60 months,23.99,F,F3,10+ years,MORTGAGE,110000.0,Verified,credit_card,IL,30.11,0.0,665.0,669.0,0.0,52.0,59.0,Individual,5,High Risk,Manual Review
50313413,21100.0, 36 months,19.19,E,E3,3 years,RENT,48000.0,Source Verified,credit_card,NY,31.9,0.0,685.0,689.0,0.0,98.7,7.0,Individual,6,High Risk,Manual Review
50143386,22000.0, 60 months,19.19,E,E3,< 1 year,MORTGAGE,55000.0,Source Verified,debt_consolidation,TN,32.01,0.0,690.0,694.0,0.0,30.8,40.0,Individual,5,High Risk,Manual Review
50213774,35000.0, 60 months,22.99,F,F2,10+ years,MORTGAGE,70000.0,Verified,debt_consolidation,OH,37.37,0.0,665.0,669.0,0.0,86.0,32.0,Individual,6,High Risk,Manual Review
50263341,23000.0, 60 months,19.19,E,E3,10+ years,RENT,46000.0,Source Verified,debt_consolidation,CA,33.68,0.0,665.0,669.0,0.0,27.8,27.0,Individual,5,High Risk,Manual Review
49915470,22400.0, 60 months,18.55,E,E2,10+ years,MORTGAGE,56000.0,Source Verified,debt_consolidation,VA,18.22,1.0,670.0,674.0,0.0,84.8,15.0,Individual,5,High Risk,Manual Review
50143178,15825.0, 36 months,26.77,G,G1,2 years,RENT,31680.0,Source Verified,house,NY,30.9,0.0,670.0,674.0,1.0,61.6,24.0,Individual,5,High Risk,Manual Review
50253404,30000.0, 60 months,22.99,F,F2,8 years,MORTGAGE,83000.0,Verified,debt_consolidation,MI,33.24,0.0,670.0,674.0,2.0,75.2,43.0,Individual,5,High Risk,Manual Review
49973189,2875.0, 36 months,18.25,E,E1,8 years,MORTGAGE,45000.0,Verified,debt_consolidation,CT,32.83,0.0,660.0,664.0,2.0,65.4,21.0,Individual,5,High Risk,Manual Review
50243277,19200.0, 60 months,18.55,E,E2,7 years,OWN,40000.0,Source Verified,credit_card,NY,33.99,0.0,680.0,684.0,1.0,38.7,35.0,Individual,5,High Risk,Manual Review
50193225,17275.0, 60 months,19.19,E,E3,,OWN,48000.0,Verified,small_business,FL,36.38,0.0,715.0,719.0,3.0,26.9,37.0,Individual,5,High Risk,Manual Review
50163144,6550.0, 36 months,18.25,E,E1,1 year,MORTGAGE,30000.0,Not Verified,debt_consolidation,NY,29.84,1.0,665.0,669.0,0.0,82.3,9.0,Individual,5,High Risk,Manual Review
50313482,7050.0, 36 months,18.55,E,E2,,OWN,14112.0,Verified,debt_consolidation,TN,34.35,0.0,675.0,679.0,3.0,24.6,26.0,Individual,5,High Risk,Manual Review
50293205,13725.0, 60 months,18.25,E,E1,1 year,RENT,31200.0,Source Verified,debt_consolidation,CA,32.64,1.0,665.0,669.0,0.0,23.8,17.0,Individual,6,High Risk,Manual Review
49957308,13025.0, 60 months,18.55,E,E2,10+ years,MORTGAGE,46000.0,Source Verified,debt_consolidation,NM,36.0,0.0,710.0,714.0,0.0,21.0,20.0,Individual,5,High Risk,Manual Review
50253332,14000.0, 60 months,18.25,E,E1,< 1 year,MORTGAGE,50000.0,Source Verified,debt_consolidation,NV,35.36,0.0,665.0,669.0,0.0,84.8,32.0,Individual,6,High Risk,Manual Review
50024214,15350.0, 60 months,18.55,E,E2,10+ years,MORTGAGE,55000.0,Source Verified,debt_consolidation,KS,36.77,0.0,720.0,724.0,0.0,57.3,22.0,Individual,5,High Risk,Manual Review
50223217,35000.0, 60 months,19.99,E,E4,7 years,MORTGAGE,89000.0,Verified,credit_card,TX,26.29,1.0,675.0,679.0,0.0,92.9,21.0,Individual,5,High Risk,Manual Review
50313365,20800.0, 60 months,19.19,E,E3,2 years,MORTGAGE,52000.0,Source Verified,debt_consolidation,WV,21.3,2.0,665.0,669.0,1.0,85.6,26.0,Individual,5,High Risk,Manual Review
50333269,11000.0, 60 months,19.19,E,E3,10+ years,RENT,65000.0,Source Verified,debt_consolidation,CA,27.36,2.0,660.0,664.0,2.0,86.7,22.0,Individual,5,High Risk,Manual Review
49067035,7550.0, 36 months,19.19,E,E3,3 years,RENT,45000.0,Source Verified,debt_consolidation,CT,32.67,2.0,660.0,664.0,1.0,74.5,23.0,Individual,6,High Risk,Manual Review
50104614,1500.0, 36 months,18.25,E,E1,9 years,MORTGAGE,64000.0,Verified,medical,DE,17.53,2.0,675.0,679.0,4.0,84.0,14.0,Individual,5,High Risk,Manual Review
49524149,27000.0, 60 months,23.99,F,F3,3 years,MORTGAGE,65000.0,Source Verified,debt_consolidation,CO,37.39,0.0,675.0,679.0,1.0,98.0,22.0,Individual,6,High Risk,Manual Review
49884331,18900.0, 36 months,19.19,E,E3,10+ years,RENT,45000.0,Not Verified,debt_consolidation,NY,34.44,0.0,680.0,684.0,1.0,68.3,20.0,Individual,5,High Risk,Manual Review
50173153,3200.0, 36 months,20.99,E,E5,2 years,RENT,10000.0,Not Verified,other,SC,31.69,1.0,660.0,664.0,2.0,54.9,18.0,Individual,6,High Risk,Manual Review
49925868,25000.0, 60 months,19.99,E,E4,1 year,RENT,60000.0,Verified,debt_consolidation,NC,36.2,1.0,660.0,664.0,0.0,96.0,22.0,Individual,7,High Risk,Manual Review
49925943,21700.0, 60 months,16.55,D,D2,< 1 year,RENT,69000.0,Source Verified,debt_consolidation,TX,37.86,2.0,665.0,669.0,0.0,94.0,27.0,Individual,5,High Risk,Manual Review
49984394,10625.0, 60 months,22.99,F,F2,10+ years,MORTGAGE,45500.0,Verified,debt_consolidation,MO,36.56,0.0,700.0,704.0,1.0,53.5,32.0,Individual,5,High Risk,Manual Review
49874916,35000.0, 36 months,18.55,E,E2,3 years,RENT,94000.0,Verified,debt_consolidation,CT,25.22,1.0,670.0,674.0,0.0,91.7,34.0,Individual,5,High Risk,Manual Review
50223142,34450.0, 60 months,22.99,F,F2,10+ years,MORTGAGE,94000.0,Verified,debt_consolidation,FL,37.24,0.0,680.0,684.0,2.0,59.9,45.0,Individual,5,High Risk,Manual Review
49864344,10600.0, 60 months,20.99,E,E5,,RENT,31200.0,Verified,other,AL,38.43,1.0,685.0,689.0,1.0,39.4,19.0,Individual,6,High Risk,Manual Review
49925685,12875.0, 60 months,19.19,E,E3,< 1 year,MORTGAGE,32000.0,Source Verified,debt_consolidation,WA,38.07,0.0,685.0,689.0,0.0,28.7,16.0,Individual,5,High Risk,Manual Review
49957500,13000.0, 60 months,19.99,E,E4,,OWN,104265.0,Verified,debt_consolidation,NY,25.14,2.0,670.0,674.0,1.0,90.2,35.0,Individual,5,High Risk,Manual Review
48645158,22475.0, 60 months,24.99,F,F4,,OWN,61596.0,Verified,debt_consolidation,NY,36.51,0.0,690.0,694.0,0.0,86.3,23.0,Individual,6,High Risk,Manual Review
50054251,18725.0, 60 months,18.25,E,E1,7 years,MORTGAGE,49000.0,Not Verified,debt_consolidation,AL,35.81,0.0,695.0,699.0,0.0,75.9,17.0,Individual,5,High Risk,Manual Review
49957144,10000.0, 60 months,18.25,E,E1,7 years,OWN,39500.0,Source Verified,debt_consolidation,NY,23.88,1.0,660.0,664.0,0.0,86.7,18.0,Individual,5,High Risk,Manual Review
49994613,8100.0, 36 months,22.99,F,F2,< 1 year,OWN,27000.0,Source Verified,debt_consolidation,OK,35.73,0.0,660.0,664.0,1.0,97.7,18.0,Individual,6,High Risk,Manual Review
49994591,12500.0, 60 months,22.99,F,F2,2 years,RENT,25000.0,Source Verified,debt_consolidation,WI,32.26,0.0,670.0,674.0,0.0,83.7,20.0,Individual,6,High Risk,Manual Review
47038567,35000.0, 60 months,22.99,F,F2,10+ years,RENT,71500.0,Verified,credit_card,NJ,31.72,0.0,700.0,704.0,0.0,80.2,22.0,Individual,6,High Risk,Manual Review
49994622,10800.0, 60 months,19.99,E,E4,1 year,RENT,30000.0,Not Verified,debt_consolidation,CA,34.44,0.0,710.0,714.0,0.0,82.1,20.0,Individual,6,High Risk,Manual Review
49904877,22550.0, 60 months,18.55,E,E2,5 years,MORTGAGE,95000.0,Verified,credit_card,IL,32.91,0.0,675.0,679.0,1.0,61.2,37.0,Individual,5,High Risk,Manual Review
50055271,17800.0, 60 months,18.55,E,E2,10+ years,RENT,38727.0,Source Verified,debt_consolidation,NY,36.13,0.0,725.0,729.0,0.0,66.1,15.0,Individual,5,High Risk,Manual Review
49956904,20000.0, 36 months,18.25,E,E1,3 years,RENT,50000.0,Verified,credit_card,FL,31.38,0.0,690.0,694.0,2.0,88.2,16.0,Individual,6,High Risk,Manual Review
50055420,12600.0, 60 months,21.99,F,F1,3 years,RENT,35000.0,Verified,debt_consolidation,IN,32.92,0.0,685.0,689.0,1.0,3.1,27.0,Individual,5,High Risk,Manual Review
50004397,7500.0, 36 months,24.99,F,F4,,RENT,25000.0,Verified,debt_consolidation,MA,31.45,0.0,675.0,679.0,1.0,43.3,15.0,Individual,5,High Risk,Manual Review
50055249,12000.0, 60 months,23.99,F,F3,4 years,OWN,30000.0,Verified,home_improvement,FL,31.44,0.0,670.0,674.0,2.0,55.6,12.0,Individual,5,High Risk,Manual Review
49956589,17725.0, 60 months,19.99,E,E4,3 years,RENT,63000.0,Verified,credit_card,TX,30.88,0.0,665.0,669.0,2.0,81.4,46.0,Individual,6,High Risk,Manual Review
49953686,35000.0, 60 months,18.25,E,E1,< 1 year,MORTGAGE,75000.0,Verified,debt_consolidation,MS,32.66,2.0,670.0,674.0,2.0,91.3,36.0,Individual,7,High Risk,Manual Review
48052046,25000.0, 60 months,20.99,E,E5,10+ years,MORTGAGE,78000.0,Source Verified,debt_consolidation,OH,39.1,0.0,685.0,689.0,3.0,55.5,42.0,Individual,5,High Risk,Manual Review
49956525,35000.0, 60 months,18.25,E,E1,3 years,RENT,105000.0,Verified,debt_consolidation,MN,30.95,0.0,690.0,694.0,0.0,67.8,37.0,Individual,5,High Risk,Manual Review
49925262,15350.0, 60 months,20.99,E,E5,2 years,MORTGAGE,61000.0,Not Verified,credit_card,OH,35.24,5.0,660.0,664.0,2.0,59.1,37.0,Individual,6,High Risk,Manual Review
46567639,18000.0, 60 months,20.99,E,E5,10+ years,OWN,40000.0,Verified,debt_consolidation,GA,37.77,0.0,665.0,669.0,1.0,83.0,26.0,Individual,6,High Risk,Manual Review
50055158,9625.0, 36 months,17.57,D,D4,1 year,MORTGAGE,35000.0,Not Verified,debt_consolidation,NY,37.07,1.0,675.0,679.0,0.0,81.9,33.0,Individual,5,High Risk,Manual Review
49773131,31100.0, 60 months,20.99,E,E5,10+ years,MORTGAGE,86500.0,Verified,debt_consolidation,TX,30.77,11.0,670.0,674.0,0.0,87.6,44.0,Individual,7,High Risk,Manual Review
50064460,10000.0, 60 months,19.19,E,E3,7 years,RENT,33000.0,Source Verified,debt_consolidation,OH,38.25,0.0,685.0,689.0,0.0,60.8,32.0,Individual,5,High Risk,Manual Review
50014538,10200.0, 60 months,21.99,F,F1,2 years,MORTGAGE,52000.0,Not Verified,debt_consolidation,IL,30.67,2.0,680.0,684.0,0.0,109.1,46.0,Individual,7,High Risk,Manual Review
48724814,6250.0, 36 months,19.19,E,E3,4 years,RENT,12500.0,Verified,debt_consolidation,MO,36.12,0.0,680.0,684.0,0.0,39.7,18.0,Individual,5,High Risk,Manual Review
49463417,22500.0, 60 months,24.99,F,F4,10+ years,MORTGAGE,45000.0,Source Verified,home_improvement,NY,31.65,1.0,660.0,664.0,0.0,62.7,21.0,Individual,6,High Risk,Manual Review
50044160,23400.0, 60 months,25.78,F,F5,1 year,RENT,65000.0,Verified,debt_consolidation,NC,20.27,2.0,660.0,664.0,2.0,84.0,17.0,Individual,5,High Risk,Manual Review
50054820,10125.0, 60 months,23.99,F,F3,4 years,MORTGAGE,48000.0,Not Verified,debt_consolidation,MD,23.95,1.0,675.0,679.0,0.0,82.2,25.0,Individual,5,High Risk,Manual Review
49963140,35000.0, 60 months,18.55,E,E2,1 year,RENT,82000.0,Verified,debt_consolidation,WA,30.85,0.0,730.0,734.0,0.0,98.3,11.0,Individual,6,High Risk,Manual Review
49994410,11500.0, 60 months,20.99,E,E5,4 years,RENT,32000.0,Verified,debt_consolidation,NJ,36.53,1.0,660.0,664.0,0.0,67.4,27.0,Individual,6,High Risk,Manual Review
48886364,24000.0, 60 months,18.55,E,E2,8 years,RENT,103000.0,Verified,debt_consolidation,CA,32.11,0.0,700.0,704.0,3.0,43.0,36.0,Individual,5,High Risk,Manual Review
48684977,11975.0, 60 months,20.99,E,E5,10+ years,MORTGAGE,49000.0,Not Verified,debt_consolidation,TX,32.23,1.0,685.0,689.0,2.0,26.3,23.0,Individual,6,High Risk,Manual Review
49443391,3400.0, 36 months,18.25,E,E1,1 year,MORTGAGE,16800.0,Not Verified,other,OH,37.57,0.0,770.0,774.0,1.0,19.2,26.0,Individual,5,High Risk,Manual Review
49086479,15125.0, 60 months,24.99,F,F4,,MORTGAGE,42000.0,Verified,debt_consolidation,TN,32.8,1.0,665.0,669.0,1.0,70.4,25.0,Individual,6,High Risk,Manual Review
50054963,21600.0, 36 months,19.99,E,E4,10+ years,MORTGAGE,60000.0,Verified,debt_consolidation,FL,39.24,0.0,665.0,669.0,0.0,78.0,20.0,Individual,5,High Risk,Manual Review
49934094,11750.0, 60 months,17.86,D,D5,8 years,MORTGAGE,48000.0,Not Verified,debt_consolidation,FL,37.05,1.0,675.0,679.0,0.0,90.5,14.0,Individual,5,High Risk,Manual Review
48645520,5300.0, 36 months,26.77,G,G1,9 years,MORTGAGE,36836.0,Not Verified,debt_consolidation,IN,32.1,0.0,685.0,689.0,0.0,80.6,13.0,Individual,6,High Risk,Manual Review
46614803,10000.0, 60 months,19.99,E,E4,10+ years,OWN,25000.0,Source Verified,debt_consolidation,MO,34.42,0.0,665.0,669.0,1.0,41.6,24.0,Individual,5,High Risk,Manual Review
49913379,19725.0, 60 months,18.55,E,E2,7 years,RENT,47000.0,Verified,credit_card,NY,34.27,0.0,670.0,674.0,0.0,71.4,19.0,Individual,5,High Risk,Manual Review
49993976,20375.0, 36 months,19.99,E,E4,,MORTGAGE,48560.16,Verified,credit_card,NY,35.29,1.0,665.0,669.0,2.0,65.6,41.0,Individual,6,High Risk,Manual Review
49277217,9250.0, 36 months,18.25,E,E1,10+ years,MORTGAGE,24000.0,Verified,debt_consolidation,TN,31.85,1.0,675.0,679.0,0.0,78.8,19.0,Individual,6,High Risk,Manual Review
49994339,29400.0, 36 months,18.55,E,E2,10+ years,MORTGAGE,70000.0,Source Verified,debt_consolidation,MS,35.25,2.0,660.0,664.0,3.0,78.0,43.0,Individual,6,High Risk,Manual Review
49964094,30000.0, 60 months,21.99,F,F1,10+ years,MORTGAGE,108000.0,Verified,debt_consolidation,IL,17.1,1.0,680.0,684.0,0.0,81.0,28.0,Individual,5,High Risk,Manual Review
50064163,15000.0, 60 months,18.25,E,E1,5 years,RENT,50000.0,Source Verified,credit_card,NY,37.76,0.0,665.0,669.0,0.0,91.1,31.0,Individual,6,High Risk,Manual Review
49955531,17000.0, 60 months,19.19,E,E3,10+ years,RENT,50000.0,Source Verified,credit_card,CO,30.46,2.0,670.0,674.0,1.0,76.8,11.0,Individual,6,High Risk,Manual Review
49955722,34500.0, 60 months,20.99,E,E5,10+ years,MORTGAGE,75000.0,Verified,debt_consolidation,GA,35.94,0.0,690.0,694.0,0.0,77.5,33.0,Individual,5,High Risk,Manual Review
49353222,15500.0, 60 months,20.99,E,E5,3 years,MORTGAGE,31000.0,Not Verified,debt_consolidation,PA,35.81,0.0,660.0,664.0,2.0,58.2,35.0,Individual,5,High Risk,Manual Review
50074240,6000.0, 36 months,18.25,E,E1,10+ years,RENT,65000.0,Verified,debt_consolidation,VA,30.24,3.0,670.0,674.0,1.0,63.0,46.0,Individual,6,High Risk,Manual Review
49994362,15000.0, 60 months,18.55,E,E2,4 years,RENT,50000.0,Verified,debt_consolidation,NY,30.94,4.0,665.0,669.0,1.0,55.0,37.0,Individual,6,High Risk,Manual Review
49207203,10900.0, 60 months,18.55,E,E2,10+ years,RENT,21840.0,Source Verified,debt_consolidation,OH,38.79,0.0,665.0,669.0,0.0,64.2,16.0,Individual,5,High Risk,Manual Review
49955373,14900.0, 60 months,20.99,E,E5,10+ years,MORTGAGE,50074.0,Not Verified,debt_consolidation,KY,30.58,1.0,700.0,704.0,0.0,59.7,24.0,Individual,6,High Risk,Manual Review
50004234,21000.0, 60 months,19.99,E,E4,10+ years,MORTGAGE,75000.0,Verified,credit_card,CA,21.92,1.0,670.0,674.0,0.0,80.3,25.0,Individual,5,High Risk,Manual Review
49904344,16200.0, 60 months,18.25,E,E1,5 years,RENT,45000.0,Verified,debt_consolidation,OR,24.9,2.0,670.0,674.0,1.0,97.6,25.0,Individual,5,High Risk,Manual Review
48415006,35000.0, 60 months,21.99,F,F1,10+ years,RENT,90000.0,Source Verified,other,CT,31.0,0.0,740.0,744.0,0.0,8.5,19.0,Individual,5,High Risk,Manual Review
49864874,30000.0, 60 months,18.55,E,E2,10+ years,OWN,78000.0,Source Verified,debt_consolidation,FL,32.88,0.0,665.0,669.0,2.0,91.6,42.0,Individual,6,High Risk,Manual Review
49994204,10000.0, 60 months,23.99,F,F3,4 years,MORTGAGE,20000.0,Source Verified,debt_consolidation,MI,32.35,0.0,660.0,664.0,0.0,78.9,22.0,Individual,5,High Risk,Manual Review
50063938,15000.0, 36 months,18.25,E,E1,1 year,RENT,30000.0,Source Verified,credit_card,TX,32.68,0.0,670.0,674.0,2.0,71.6,13.0,Individual,5,High Risk,Manual Review
49994232,8125.0, 36 months,18.55,E,E2,8 years,RENT,31000.0,Source Verified,debt_consolidation,VA,30.16,0.0,670.0,674.0,0.0,49.4,7.0,Individual,5,High Risk,Manual Review
49066528,21000.0, 60 months,21.99,F,F1,10+ years,MORTGAGE,90000.0,Source Verified,debt_consolidation,IN,22.44,1.0,665.0,669.0,2.0,87.5,44.0,Individual,5,High Risk,Manual Review
49924873,24350.0, 60 months,19.19,E,E3,3 years,MORTGAGE,74000.0,Source Verified,debt_consolidation,PA,39.37,0.0,710.0,714.0,2.0,83.3,19.0,Individual,6,High Risk,Manual Review
49654082,24825.0, 60 months,18.55,E,E2,10+ years,MORTGAGE,54000.0,Source Verified,credit_card,AR,35.38,0.0,680.0,684.0,0.0,72.6,53.0,Individual,5,High Risk,Manual Review
49934468,20150.0, 60 months,19.99,E,E4,10+ years,MORTGAGE,56000.0,Source Verified,debt_consolidation,SC,35.94,0.0,675.0,679.0,0.0,63.3,21.0,Individual,5,High Risk,Manual Review
50053929,21325.0, 60 months,19.19,E,E3,10+ years,RENT,54000.0,Verified,debt_consolidation,NJ,33.94,1.0,670.0,674.0,0.0,75.2,35.0,Individual,6,High Risk,Manual Review
50043630,13300.0, 60 months,24.99,F,F4,10+ years,MORTGAGE,44385.0,Verified,debt_consolidation,MT,33.99,0.0,670.0,674.0,1.0,89.6,37.0,Individual,6,High Risk,Manual Review
49904175,11000.0, 60 months,19.99,E,E4,5 years,RENT,45000.0,Verified,debt_consolidation,SD,32.16,0.0,660.0,664.0,2.0,61.8,40.0,Individual,5,High Risk,Manual Review
49168060,14000.0, 60 months,21.99,F,F1,10+ years,MORTGAGE,90000.0,Not Verified,debt_consolidation,NY,11.71,1.0,665.0,669.0,1.0,95.9,22.0,Individual,5,High Risk,Manual Review
49955244,17425.0, 60 months,24.99,F,F4,,MORTGAGE,84000.0,Verified,other,CA,20.12,1.0,670.0,674.0,0.0,88.5,30.0,Individual,5,High Risk,Manual Review
50083973,30000.0, 60 months,18.25,E,E1,< 1 year,RENT,63000.0,Verified,debt_consolidation,NC,34.02,0.0,720.0,724.0,1.0,101.0,31.0,Individual,6,High Risk,Manual Review
50004048,17600.0, 60 months,20.99,E,E5,1 year,MORTGAGE,50000.0,Not Verified,debt_consolidation,TX,37.95,0.0,705.0,709.0,0.0,61.3,23.0,Individual,5,High Risk,Manual Review
49944001,9400.0, 36 months,18.55,E,E2,,MORTGAGE,32000.0,Verified,debt_consolidation,FL,39.95,0.0,690.0,694.0,0.0,68.8,31.0,Individual,5,High Risk,Manual Review
49954684,10000.0, 60 months,19.99,E,E4,10+ years,MORTGAGE,76000.0,Source Verified,other,AZ,26.46,3.0,660.0,664.0,0.0,99.5,28.0,Individual,5,High Risk,Manual Review
48655856,26275.0, 60 months,21.99,F,F1,3 years,MORTGAGE,83000.0,Source Verified,debt_consolidation,PA,36.93,0.0,685.0,689.0,0.0,54.7,39.0,Individual,5,High Risk,Manual Review
49893568,23525.0, 60 months,20.99,E,E5,,RENT,58836.0,Verified,debt_consolidation,MD,34.57,0.0,675.0,679.0,0.0,79.1,28.0,Individual,5,High Risk,Manual Review
48896905,31200.0, 60 months,25.78,F,F5,< 1 year,MORTGAGE,100100.0,Verified,debt_consolidation,TX,37.68,0.0,680.0,684.0,0.0,76.0,74.0,Individual,5,High Risk,Manual Review
49593767,25000.0, 60 months,19.19,E,E3,8 years,MORTGAGE,57296.4,Source Verified,debt_consolidation,NV,32.39,0.0,700.0,704.0,2.0,41.3,18.0,Individual,5,High Risk,Manual Review
49943854,20175.0, 36 months,16.55,D,D2,3 years,OWN,75000.0,Source Verified,credit_card,IL,39.5,1.0,700.0,704.0,0.0,88.0,34.0,Individual,5,High Risk,Manual Review
49943840,16000.0, 60 months,18.55,E,E2,2 years,RENT,70000.0,Verified,credit_card,VA,32.38,0.0,680.0,684.0,2.0,97.2,23.0,Individual,6,High Risk,Manual Review
49683776,35000.0, 60 months,19.19,E,E3,2 years,RENT,75000.0,Verified,debt_consolidation,TX,35.71,0.0,685.0,689.0,1.0,82.4,14.0,Individual,6,High Risk,Manual Review
48061693,11000.0, 60 months,20.99,E,E5,2 years,RENT,25000.0,Source Verified,debt_consolidation,WA,36.73,0.0,685.0,689.0,1.0,79.1,18.0,Individual,5,High Risk,Manual Review
49963546,14350.0, 60 months,23.99,F,F3,3 years,RENT,34225.0,Source Verified,credit_card,FL,31.28,0.0,695.0,699.0,0.0,81.2,18.0,Individual,6,High Risk,Manual Review
48171628,15125.0, 60 months,18.55,E,E2,10+ years,OWN,52500.0,Source Verified,debt_consolidation,TX,31.02,0.0,665.0,669.0,1.0,65.2,22.0,Individual,5,High Risk,Manual Review
49963412,32325.0, 60 months,21.99,F,F1,10+ years,MORTGAGE,73500.0,Verified,credit_card,OR,30.16,0.0,675.0,679.0,0.0,89.5,41.0,Individual,6,High Risk,Manual Review
50013801,26000.0, 60 months,19.99,E,E4,8 years,RENT,65000.0,Verified,credit_card,CA,32.54,0.0,675.0,679.0,1.0,72.4,38.0,Individual,5,High Risk,Manual Review
49914119,18225.0, 60 months,19.99,E,E4,,MORTGAGE,63600.0,Verified,home_improvement,TX,34.34,0.0,700.0,704.0,1.0,70.4,26.0,Individual,5,High Risk,Manual Review
49924416,17550.0, 60 months,19.99,E,E4,7 years,MORTGAGE,60000.0,Source Verified,debt_consolidation,FL,34.62,0.0,660.0,664.0,0.0,83.4,36.0,Individual,6,High Risk,Manual Review
50053769,7500.0, 36 months,20.99,E,E5,3 years,RENT,25000.0,Source Verified,debt_consolidation,TX,39.22,0.0,660.0,664.0,0.0,52.9,11.0,Individual,5,High Risk,Manual Review
50033603,11550.0, 60 months,24.99,F,F4,3 years,OWN,27500.0,Source Verified,debt_consolidation,VA,32.65,0.0,675.0,679.0,1.0,54.3,12.0,Individual,5,High Risk,Manual Review
49983863,17625.0, 60 months,18.55,E,E2,< 1 year,RENT,35256.0,Source Verified,debt_consolidation,NM,31.31,0.0,710.0,714.0,0.0,77.0,12.0,Individual,5,High Risk,Manual Review
49963387,16900.0, 60 months,19.19,E,E3,10+ years,MORTGAGE,64200.0,Verified,debt_consolidation,GA,32.43,0.0,685.0,689.0,0.0,65.8,22.0,Individual,5,High Risk,Manual Review
50053608,17700.0, 60 months,25.78,F,F5,8 years,RENT,59000.0,Source Verified,debt_consolidation,CT,38.85,0.0,675.0,679.0,1.0,87.7,23.0,Individual,6,High Risk,Manual Review
50073426,35000.0, 36 months,18.55,E,E2,< 1 year,RENT,140000.0,Verified,debt_consolidation,VA,34.2,0.0,665.0,669.0,2.0,87.0,51.0,Individual,6,High Risk,Manual Review
48926157,7925.0, 36 months,18.25,E,E1,2 years,RENT,42000.0,Verified,debt_consolidation,PA,38.03,0.0,680.0,684.0,0.0,86.4,13.0,Individual,6,High Risk,Manual Review
48374421,2950.0, 36 months,18.25,E,E1,1 year,RENT,44000.0,Not Verified,debt_consolidation,AZ,35.08,0.0,685.0,689.0,1.0,61.6,27.0,Individual,5,High Risk,Manual Review
49068606,5100.0, 36 months,18.55,E,E2,3 years,RENT,35000.0,Source Verified,house,GA,38.79,2.0,670.0,674.0,0.0,70.3,27.0,Individual,6,High Risk,Manual Review
49863864,30150.0, 60 months,26.77,G,G1,9 years,RENT,67000.0,Verified,debt_consolidation,AZ,33.6,0.0,675.0,679.0,1.0,94.0,18.0,Individual,6,High Risk,Manual Review
50053379,10500.0, 60 months,19.99,E,E4,2 years,OWN,25000.0,Verified,debt_consolidation,NM,35.19,0.0,670.0,674.0,0.0,43.7,61.0,Individual,5,High Risk,Manual Review
49973382,1600.0, 36 months,20.99,E,E5,,RENT,26636.0,Verified,small_business,TX,34.97,0.0,695.0,699.0,1.0,76.8,17.0,Individual,5,High Risk,Manual Review
50093315,13000.0, 60 months,18.25,E,E1,10+ years,MORTGAGE,70000.0,Verified,debt_consolidation,MA,32.77,0.0,695.0,699.0,0.0,74.5,19.0,Individual,5,High Risk,Manual Review
49923670,32400.0, 60 months,20.99,E,E5,7 years,MORTGAGE,80000.0,Verified,debt_consolidation,TN,37.17,0.0,690.0,694.0,0.0,76.2,38.0,Individual,5,High Risk,Manual Review
49933810,21000.0, 60 months,19.99,E,E4,< 1 year,RENT,84000.0,Source Verified,debt_consolidation,WA,22.41,1.0,670.0,674.0,0.0,93.6,31.0,Individual,5,High Risk,Manual Review
49883274,17450.0, 36 months,18.55,E,E2,10+ years,RENT,150000.0,Verified,debt_consolidation,CA,18.31,4.0,675.0,679.0,0.0,84.1,32.0,Individual,5,High Risk,Manual Review
48926356,21750.0, 60 months,17.57,D,D4,10+ years,MORTGAGE,73000.0,Verified,debt_consolidation,MS,33.01,1.0,680.0,684.0,0.0,89.5,21.0,Individual,5,High Risk,Manual Review
50023211,9150.0, 36 months,18.25,E,E1,7 years,MORTGAGE,55000.0,Source Verified,debt_consolidation,MO,30.46,0.0,725.0,729.0,0.0,32.6,32.0,Individual,5,High Risk,Manual Review
49913296,6100.0, 36 months,19.19,E,E3,,MORTGAGE,21800.0,Verified,debt_consolidation,NC,31.17,2.0,660.0,664.0,0.0,78.8,39.0,Individual,6,High Risk,Manual Review
49933636,30000.0, 60 months,17.86,D,D5,10+ years,OWN,90000.0,Verified,credit_card,NJ,35.65,1.0,675.0,679.0,0.0,89.9,37.0,Individual,5,High Risk,Manual Review
50083338,22050.0, 60 months,20.99,E,E5,< 1 year,RENT,50000.0,Verified,credit_card,CA,36.03,0.0,720.0,724.0,0.0,63.7,17.0,Individual,5,High Risk,Manual Review
49913225,10875.0, 60 months,24.99,F,F4,8 years,MORTGAGE,60000.0,Source Verified,other,FL,25.94,1.0,660.0,664.0,2.0,81.1,14.0,Individual,5,High Risk,Manual Review
49983333,10000.0, 60 months,18.25,E,E1,9 years,RENT,40000.0,Verified,credit_card,NY,33.93,0.0,675.0,679.0,1.0,54.0,23.0,Individual,5,High Risk,Manual Review
49893148,25000.0, 60 months,18.25,E,E1,4 years,RENT,55000.0,Source Verified,debt_consolidation,TX,31.77,0.0,665.0,669.0,0.0,90.7,67.0,Individual,6,High Risk,Manual Review
49883175,10250.0, 60 months,18.55,E,E2,3 years,MORTGAGE,35000.0,Source Verified,debt_consolidation,NY,32.71,0.0,730.0,734.0,1.0,46.6,13.0,Individual,5,High Risk,Manual Review
49723539,6375.0, 36 months,20.99,E,E5,4 years,RENT,19930.0,Verified,medical,UT,32.05,2.0,665.0,669.0,0.0,92.6,10.0,Individual,7,High Risk,Manual Review
49973210,15300.0, 60 months,27.31,G,G2,3 years,OWN,51000.0,Source Verified,debt_consolidation,MO,31.51,1.0,670.0,674.0,0.0,69.3,10.0,Individual,6,High Risk,Manual Review
50003349,35000.0, 60 months,18.55,E,E2,10+ years,MORTGAGE,80000.0,Verified,credit_card,SC,36.27,0.0,730.0,734.0,0.0,82.3,25.0,Individual,6,High Risk,Manual Review
50003272,14750.0, 60 months,19.99,E,E4,3 years,RENT,29500.0,Source Verified,debt_consolidation,NY,19.12,4.0,670.0,674.0,1.0,86.1,23.0,Individual,5,High Risk,Manual Review
47200515,2550.0, 36 months,18.25,E,E1,< 1 year,MORTGAGE,23000.0,Not Verified,debt_consolidation,NC,34.38,0.0,705.0,709.0,0.0,66.7,18.0,Individual,5,High Risk,Manual Review
49723683,11600.0, 36 months,17.86,D,D5,< 1 year,RENT,29000.0,Source Verified,debt_consolidation,GA,37.96,1.0,685.0,689.0,0.0,88.9,27.0,Individual,5,High Risk,Manual Review
48675373,8300.0, 36 months,19.19,E,E3,1 year,RENT,33000.0,Source Verified,debt_consolidation,DC,35.52,0.0,685.0,689.0,0.0,72.8,17.0,Individual,5,High Risk,Manual Review
49157451,10425.0, 36 months,18.25,E,E1,5 years,MORTGAGE,60000.0,Source Verified,debt_consolidation,KS,37.15,0.0,705.0,709.0,0.0,52.2,33.0,Individual,5,High Risk,Manual Review
49086688,12100.0, 60 months,25.78,F,F5,10+ years,MORTGAGE,33000.0,Not Verified,major_purchase,WI,31.78,0.0,715.0,719.0,0.0,60.5,27.0,Individual,5,High Risk,Manual Review
50043139,23400.0, 36 months,18.55,E,E2,8 years,RENT,65000.0,Source Verified,other,TN,31.09,0.0,665.0,669.0,0.0,62.4,32.0,Individual,5,High Risk,Manual Review
49863170,17775.0, 60 months,21.99,F,F1,10+ years,RENT,55000.0,Source Verified,debt_consolidation,VA,31.53,0.0,665.0,669.0,0.0,81.9,22.0,Individual,6,High Risk,Manual Review
50023126,16750.0, 60 months,18.25,E,E1,4 years,RENT,52000.0,Source Verified,debt_consolidation,OH,37.53,0.0,660.0,664.0,1.0,58.7,36.0,Individual,5,High Risk,Manual Review
49158934,18400.0, 60 months,18.55,E,E2,7 years,RENT,50000.0,Source Verified,credit_card,CA,39.05,0.0,680.0,684.0,0.0,69.7,36.0,Individual,5,High Risk,Manual Review
49653204,28000.0, 60 months,18.55,E,E2,8 years,MORTGAGE,86000.0,Source Verified,debt_consolidation,MD,33.07,0.0,705.0,709.0,1.0,46.5,37.0,Individual,5,High Risk,Manual Review
49723869,19800.0, 60 months,21.99,F,F1,9 years,OWN,55000.0,Not Verified,debt_consolidation,WI,32.82,0.0,675.0,679.0,2.0,92.0,31.0,Individual,6,High Risk,Manual Review
49823468,27500.0, 60 months,19.19,E,E3,4 years,MORTGAGE,55000.0,Source Verified,home_improvement,NY,34.34,0.0,690.0,694.0,0.0,95.8,26.0,Individual,6,High Risk,Manual Review
49764168,7675.0, 36 months,19.99,E,E4,4 years,MORTGAGE,24000.0,Source Verified,other,CA,39.6,0.0,665.0,669.0,0.0,73.4,14.0,Individual,5,High Risk,Manual Review
49603555,20000.0, 60 months,18.25,E,E1,10+ years,MORTGAGE,60000.0,Source Verified,credit_card,KS,26.52,3.0,665.0,669.0,1.0,88.0,37.0,Individual,5,High Risk,Manual Review
49764153,19650.0, 36 months,18.25,E,E1,10+ years,MORTGAGE,60000.0,Verified,home_improvement,TX,34.24,1.0,665.0,669.0,2.0,64.0,29.0,Individual,6,High Risk,Manual Review
49703827,15000.0, 60 months,18.55,E,E2,8 years,MORTGAGE,55000.0,Verified,credit_card,TX,30.04,0.0,660.0,664.0,1.0,51.0,36.0,Individual,5,High Risk,Manual Review
49683411,21000.0, 60 months,19.19,E,E3,10+ years,MORTGAGE,58000.0,Source Verified,debt_consolidation,NC,35.38,0.0,670.0,674.0,0.0,92.7,21.0,Individual,6,High Risk,Manual Review
48976558,17000.0, 60 months,19.99,E,E4,10+ years,OWN,50000.0,Verified,debt_consolidation,PA,36.2,1.0,685.0,689.0,3.0,59.0,37.0,Individual,6,High Risk,Manual Review
46620559,24000.0, 60 months,18.55,E,E2,5 years,MORTGAGE,60000.0,Verified,debt_consolidation,WI,32.34,0.0,670.0,674.0,2.0,30.9,32.0,Individual,5,High Risk,Manual Review
49683747,9150.0, 36 months,19.19,E,E3,10+ years,RENT,40000.0,Verified,debt_consolidation,RI,33.33,1.0,660.0,664.0,2.0,47.5,37.0,Individual,6,High Risk,Manual Review
49833820,12600.0, 60 months,20.99,E,E5,10+ years,MORTGAGE,35000.0,Source Verified,car,NY,37.17,3.0,675.0,679.0,0.0,45.4,26.0,Individual,6,High Risk,Manual Review
49683661,17200.0, 60 months,21.99,F,F1,7 years,MORTGAGE,52000.0,Source Verified,debt_consolidation,CA,33.7,0.0,670.0,674.0,0.0,90.1,15.0,Individual,6,High Risk,Manual Review
49663367,27500.0, 60 months,20.99,E,E5,10+ years,OWN,55000.0,Source Verified,home_improvement,NC,17.37,1.0,700.0,704.0,1.0,80.5,11.0,Individual,5,High Risk,Manual Review
49834028,27925.0, 60 months,20.99,E,E5,8 years,MORTGAGE,60000.0,Source Verified,debt_consolidation,AZ,36.64,0.0,695.0,699.0,1.0,71.0,32.0,Individual,5,High Risk,Manual Review
49066242,24000.0, 60 months,18.55,E,E2,4 years,RENT,68565.0,Verified,debt_consolidation,NV,32.94,0.0,685.0,689.0,0.0,56.0,20.0,Individual,5,High Risk,Manual Review
49663444,12225.0, 36 months,22.99,F,F2,7 years,RENT,34000.0,Verified,debt_consolidation,CA,35.83,0.0,725.0,729.0,0.0,16.5,25.0,Individual,5,High Risk,Manual Review
49834199,12975.0, 60 months,18.25,E,E1,10+ years,MORTGAGE,50000.0,Not Verified,debt_consolidation,IL,33.99,0.0,675.0,679.0,0.0,82.8,33.0,Individual,6,High Risk,Manual Review
49783607,19275.0, 60 months,25.78,F,F5,10+ years,RENT,52000.0,Verified,debt_consolidation,TX,30.88,0.0,690.0,694.0,3.0,46.8,31.0,Individual,5,High Risk,Manual Review
49653956,17000.0, 36 months,19.99,E,E4,10+ years,OWN,34000.0,Verified,debt_consolidation,PA,39.04,0.0,680.0,684.0,4.0,40.6,27.0,Individual,5,High Risk,Manual Review
49773864,18650.0, 36 months,24.99,F,F4,1 year,RENT,75000.0,Source Verified,house,NY,30.78,0.0,685.0,689.0,1.0,58.4,15.0,Individual,5,High Risk,Manual Review
49066991,30000.0, 60 months,18.25,E,E1,10+ years,RENT,84000.0,Verified,debt_consolidation,MT,30.6,0.0,660.0,664.0,0.0,81.6,17.0,Individual,6,High Risk,Manual Review
48354638,24325.0, 60 months,22.99,F,F2,8 years,RENT,80000.0,Verified,debt_consolidation,NY,37.88,0.0,660.0,664.0,2.0,71.7,34.0,Individual,5,High Risk,Manual Review
49623304,32000.0, 60 months,18.25,E,E1,10+ years,MORTGAGE,77000.0,Verified,debt_consolidation,GA,22.09,1.0,675.0,679.0,0.0,95.3,19.0,Individual,5,High Risk,Manual Review
49257676,28000.0, 60 months,22.99,F,F2,10+ years,MORTGAGE,85000.0,Verified,credit_card,KS,39.52,0.0,675.0,679.0,1.0,85.0,48.0,Individual,6,High Risk,Manual Review
49653410,22525.0, 60 months,18.25,E,E1,8 years,MORTGAGE,64000.0,Source Verified,debt_consolidation,OH,36.94,1.0,665.0,669.0,0.0,62.1,39.0,Individual,6,High Risk,Manual Review
46958121,29400.0, 60 months,18.25,E,E1,10+ years,MORTGAGE,85000.0,Verified,debt_consolidation,TN,30.66,0.0,690.0,694.0,0.0,67.8,62.0,Individual,5,High Risk,Manual Review
49653228,35000.0, 60 months,19.99,E,E4,10+ years,MORTGAGE,94000.0,Verified,debt_consolidation,NC,16.49,1.0,665.0,669.0,0.0,89.3,23.0,Individual,5,High Risk,Manual Review
48986792,12600.0, 60 months,20.99,E,E5,< 1 year,MORTGAGE,35000.0,Source Verified,debt_consolidation,KS,36.42,0.0,665.0,669.0,0.0,60.3,24.0,Individual,5,High Risk,Manual Review
46134815,24000.0, 60 months,17.57,D,D4,4 years,MORTGAGE,100000.0,Verified,debt_consolidation,TX,31.71,1.0,690.0,694.0,0.0,88.5,25.0,Individual,5,High Risk,Manual Review
48705288,25200.0, 60 months,18.55,E,E2,1 year,RENT,60000.0,Source Verified,debt_consolidation,FL,33.44,1.0,670.0,674.0,2.0,55.9,30.0,Individual,6,High Risk,Manual Review
48664633,12425.0, 60 months,18.25,E,E1,9 years,MORTGAGE,33500.0,Source Verified,debt_consolidation,IN,33.72,0.0,715.0,719.0,1.0,50.6,22.0,Individual,5,High Risk,Manual Review
49167732,18700.0, 60 months,26.77,G,G1,7 years,MORTGAGE,37440.0,Verified,debt_consolidation,FL,30.32,0.0,670.0,674.0,1.0,28.0,45.0,Individual,5,High Risk,Manual Review
49683286,7875.0, 36 months,19.19,E,E3,9 years,MORTGAGE,26167.0,Source Verified,other,GA,36.28,0.0,680.0,684.0,0.0,58.1,26.0,Individual,5,High Risk,Manual Review
49353447,17150.0, 60 months,19.99,E,E4,10+ years,MORTGAGE,61299.0,Not Verified,debt_consolidation,KS,27.47,1.0,660.0,664.0,0.0,82.4,41.0,Individual,5,High Risk,Manual Review
49443319,15000.0, 36 months,19.19,E,E3,2 years,RENT,62000.0,Verified,debt_consolidation,TX,34.2,0.0,670.0,674.0,1.0,26.5,35.0,Individual,5,High Risk,Manual Review
49793130,16100.0, 60 months,19.99,E,E4,5 years,OWN,35000.0,Source Verified,debt_consolidation,CA,30.86,0.0,705.0,709.0,0.0,57.9,16.0,Individual,5,High Risk,Manual Review
49237205,9500.0, 36 months,26.77,G,G1,2 years,RENT,32000.0,Verified,debt_consolidation,CA,38.33,0.0,670.0,674.0,1.0,82.0,12.0,Individual,6,High Risk,Manual Review
49753141,8450.0, 36 months,21.99,F,F1,6 years,RENT,41000.0,Source Verified,debt_consolidation,NV,33.55,0.0,670.0,674.0,0.0,80.2,22.0,Individual,6,High Risk,Manual Review
49593294,30000.0, 60 months,19.19,E,E3,10+ years,RENT,62400.0,Verified,debt_consolidation,CO,35.4,0.0,680.0,684.0,0.0,70.7,30.0,Individual,5,High Risk,Manual Review
49773225,13200.0, 60 months,19.19,E,E3,1 year,MORTGAGE,30000.0,Source Verified,debt_consolidation,GA,30.6,0.0,695.0,699.0,0.0,38.8,24.0,Individual,5,High Risk,Manual Review
49723262,18000.0, 60 months,19.99,E,E4,< 1 year,MORTGAGE,68000.0,Verified,debt_consolidation,FL,31.88,0.0,690.0,694.0,1.0,62.9,11.0,Individual,5,High Risk,Manual Review
49207957,5850.0, 36 months,19.19,E,E3,,RENT,25751.0,Verified,debt_consolidation,TN,30.72,0.0,680.0,684.0,0.0,69.8,8.0,Individual,5,High Risk,Manual Review
48916202,7200.0, 36 months,26.77,G,G1,3 years,RENT,20000.0,Verified,debt_consolidation,CO,30.07,0.0,720.0,724.0,0.0,25.2,21.0,Individual,5,High Risk,Manual Review
48605530,5475.0, 36 months,21.99,F,F1,,OWN,10986.0,Verified,credit_card,CA,36.72,0.0,675.0,679.0,0.0,53.3,11.0,Individual,5,High Risk,Manual Review
49793132,15000.0, 60 months,19.19,E,E3,3 years,OWN,30000.0,Source Verified,debt_consolidation,FL,36.67,0.0,660.0,664.0,0.0,35.3,16.0,Individual,5,High Risk,Manual Review
49343339,11025.0, 60 months,23.99,F,F3,4 years,MORTGAGE,22360.0,Source Verified,debt_consolidation,FL,34.62,0.0,660.0,664.0,0.0,70.2,17.0,Individual,5,High Risk,Manual Review
49343327,22400.0, 60 months,18.55,E,E2,10+ years,OWN,121500.0,Source Verified,home_improvement,MN,17.28,2.0,660.0,664.0,0.0,86.3,48.0,Individual,5,High Risk,Manual Review
49413155,16000.0, 60 months,18.25,E,E1,3 years,RENT,44000.0,Source Verified,debt_consolidation,CA,32.76,0.0,665.0,669.0,1.0,29.6,30.0,Individual,5,High Risk,Manual Review
49524851,13825.0, 36 months,17.57,D,D4,10+ years,OWN,65000.0,Source Verified,major_purchase,WA,30.87,1.0,665.0,669.0,0.0,93.0,23.0,Individual,5,High Risk,Manual Review
49683132,6425.0, 36 months,20.99,E,E5,7 years,MORTGAGE,30000.0,Not Verified,debt_consolidation,VA,37.52,2.0,665.0,669.0,0.0,58.6,40.0,Individual,6,High Risk,Manual Review
49524785,11400.0, 60 months,23.99,F,F3,6 years,MORTGAGE,30000.0,Not Verified,credit_card,OH,30.76,1.0,665.0,669.0,0.0,51.2,26.0,Individual,6,High Risk,Manual Review
49623205,10850.0, 60 months,19.99,E,E4,2 years,RENT,30200.0,Source Verified,debt_consolidation,FL,36.05,0.0,665.0,669.0,0.0,83.7,15.0,Individual,6,High Risk,Manual Review
48294387,14950.0, 60 months,19.99,E,E4,10+ years,RENT,37380.0,Source Verified,other,OH,37.46,0.0,715.0,719.0,1.0,48.5,24.0,Individual,5,High Risk,Manual Review
49524324,14400.0, 60 months,19.19,E,E3,4 years,OWN,40000.0,Source Verified,debt_consolidation,FL,39.48,0.0,705.0,709.0,2.0,23.1,22.0,Individual,5,High Risk,Manual Review
49277129,35000.0, 36 months,18.55,E,E2,5 years,MORTGAGE,110000.0,Verified,debt_consolidation,NJ,32.25,4.0,670.0,674.0,2.0,96.0,33.0,Individual,7,High Risk,Manual Review
49247933,21100.0, 60 months,19.99,E,E4,10+ years,OWN,48000.0,Source Verified,debt_consolidation,LA,36.45,0.0,690.0,694.0,0.0,61.6,26.0,Individual,5,High Risk,Manual Review
49333187,19800.0, 60 months,19.19,E,E3,,MORTGAGE,55000.0,Verified,debt_consolidation,FL,18.44,2.0,675.0,679.0,0.0,99.6,37.0,Individual,5,High Risk,Manual Review
49287638,12000.0, 36 months,16.55,D,D2,10+ years,MORTGAGE,55000.0,Verified,debt_consolidation,AL,38.31,1.0,670.0,674.0,2.0,84.7,38.0,Individual,5,High Risk,Manual Review
49137304,19425.0, 60 months,18.55,E,E2,10+ years,MORTGAGE,45000.0,Not Verified,debt_consolidation,TN,32.85,0.0,685.0,689.0,1.0,65.9,25.0,Individual,5,High Risk,Manual Review
49158732,20150.0, 60 months,20.99,E,E5,7 years,RENT,48000.0,Source Verified,debt_consolidation,TN,32.3,0.0,665.0,669.0,1.0,46.5,31.0,Individual,5,High Risk,Manual Review
49159024,18725.0, 60 months,24.99,F,F4,2 years,MORTGAGE,45000.0,Source Verified,debt_consolidation,MO,34.69,0.0,670.0,674.0,0.0,80.8,23.0,Individual,6,High Risk,Manual Review
49483161,14925.0, 60 months,20.99,E,E5,6 years,MORTGAGE,36000.0,Not Verified,major_purchase,VA,33.63,0.0,705.0,709.0,1.0,52.3,21.0,Individual,5,High Risk,Manual Review
49523263,15000.0, 36 months,18.55,E,E2,10+ years,MORTGAGE,30000.0,Verified,credit_card,IL,35.08,0.0,665.0,669.0,1.0,91.2,22.0,Individual,6,High Risk,Manual Review
48555639,30000.0, 60 months,19.19,E,E3,10+ years,MORTGAGE,80000.0,Verified,debt_consolidation,DE,35.37,1.0,710.0,714.0,2.0,40.4,53.0,Individual,6,High Risk,Manual Review
49353122,24875.0, 60 months,18.55,E,E2,2 years,RENT,90000.0,Source Verified,credit_card,IL,33.45,0.0,685.0,689.0,2.0,80.6,24.0,Individual,6,High Risk,Manual Review
49137273,11025.0, 60 months,18.25,E,E1,5 years,RENT,24000.0,Source Verified,debt_consolidation,MD,34.34,0.0,695.0,699.0,0.0,60.5,12.0,Individual,5,High Risk,Manual Review
49463151,22975.0, 60 months,19.19,E,E3,10+ years,MORTGAGE,61000.0,Verified,debt_consolidation,OK,33.74,2.0,660.0,664.0,2.0,68.3,43.0,Individual,6,High Risk,Manual Review
49208373,11025.0, 36 months,17.57,D,D4,10+ years,MORTGAGE,40000.0,Not Verified,credit_card,TN,30.27,1.0,680.0,684.0,2.0,83.8,27.0,Individual,5,High Risk,Manual Review
49333284,19825.0, 60 months,18.25,E,E1,2 years,RENT,45076.0,Verified,debt_consolidation,FL,30.07,0.0,680.0,684.0,0.0,58.0,15.0,Individual,5,High Risk,Manual Review
49218731,17000.0, 36 months,21.99,F,F1,< 1 year,RENT,34000.0,Source Verified,debt_consolidation,IL,35.65,0.0,660.0,664.0,2.0,71.7,25.0,Individual,5,High Risk,Manual Review
49188449,23725.0, 60 months,21.99,F,F1,3 years,MORTGAGE,70000.0,Verified,debt_consolidation,TX,37.75,0.0,690.0,694.0,0.0,61.6,36.0,Individual,5,High Risk,Manual Review
49067230,15200.0, 60 months,18.55,E,E2,10+ years,OWN,38000.0,Source Verified,home_improvement,TN,30.95,0.0,695.0,699.0,0.0,57.7,22.0,Individual,5,High Risk,Manual Review
49207622,10800.0, 60 months,19.19,E,E3,10+ years,MORTGAGE,42000.0,Source Verified,credit_card,LA,33.4,0.0,670.0,674.0,2.0,80.0,54.0,Individual,5,High Risk,Manual Review
49067083,10000.0, 60 months,18.25,E,E1,7 years,MORTGAGE,26000.0,Source Verified,debt_consolidation,GA,36.61,1.0,690.0,694.0,0.0,38.3,21.0,Individual,6,High Risk,Manual Review
49086498,3650.0, 36 months,18.55,E,E2,< 1 year,OWN,8304.0,Not Verified,debt_consolidation,FL,35.69,0.0,705.0,709.0,2.0,34.9,21.0,Individual,5,High Risk,Manual Review
48595350,30000.0, 60 months,18.55,E,E2,2 years,RENT,260000.0,Source Verified,house,TX,7.93,1.0,665.0,669.0,0.0,97.8,31.0,Individual,5,High Risk,Manual Review
49197829,35000.0, 60 months,18.55,E,E2,10+ years,MORTGAGE,120000.0,Verified,debt_consolidation,CA,22.63,1.0,695.0,699.0,0.0,81.2,47.0,Individual,5,High Risk,Manual Review
49006415,35000.0, 60 months,24.99,F,F4,3 years,MORTGAGE,220000.0,Verified,credit_card,MN,6.2,1.0,665.0,669.0,3.0,84.3,26.0,Individual,5,High Risk,Manual Review
49037456,20450.0, 60 months,18.25,E,E1,10+ years,MORTGAGE,51174.0,Source Verified,debt_consolidation,WA,26.48,1.0,665.0,669.0,0.0,93.5,15.0,Individual,5,High Risk,Manual Review
49177786,35000.0, 60 months,19.19,E,E3,10+ years,MORTGAGE,82000.0,Verified,debt_consolidation,CO,36.12,0.0,685.0,689.0,0.0,75.9,31.0,Individual,5,High Risk,Manual Review
49297319,14400.0, 60 months,19.19,E,E3,10+ years,MORTGAGE,50000.0,Source Verified,debt_consolidation,NJ,32.07,0.0,660.0,664.0,1.0,73.7,18.0,Individual,5,High Risk,Manual Review
49076688,9300.0, 36 months,20.99,E,E5,5 years,RENT,41000.0,Verified,debt_consolidation,NC,31.95,0.0,675.0,679.0,1.0,46.7,20.0,Individual,5,High Risk,Manual Review
48716224,28000.0, 60 months,21.99,F,F1,10+ years,MORTGAGE,105268.0,Source Verified,debt_consolidation,AL,27.69,1.0,665.0,669.0,3.0,86.0,58.0,Individual,5,High Risk,Manual Review
49126886,8000.0, 36 months,18.25,E,E1,< 1 year,RENT,16000.0,Source Verified,credit_card,MD,31.43,1.0,660.0,664.0,0.0,39.5,12.0,Individual,6,High Risk,Manual Review
49218238,35000.0, 36 months,18.25,E,E1,9 years,RENT,88000.0,Verified,debt_consolidation,CA,33.97,0.0,685.0,689.0,1.0,63.8,52.0,Individual,5,High Risk,Manual Review
49037219,13200.0, 60 months,21.99,F,F1,1 year,RENT,33000.0,Source Verified,debt_consolidation,GA,33.92,0.0,705.0,709.0,1.0,25.7,19.0,Individual,5,High Risk,Manual Review
49187722,19450.0, 60 months,21.99,F,F1,2 years,MORTGAGE,50000.0,Verified,debt_consolidation,OH,39.49,0.0,670.0,674.0,0.0,74.0,21.0,Individual,5,High Risk,Manual Review
49257470,12150.0, 60 months,22.99,F,F2,10+ years,MORTGAGE,38000.0,Source Verified,debt_consolidation,PA,34.55,0.0,660.0,664.0,2.0,68.2,47.0,Individual,5,High Risk,Manual Review
49157515,11675.0, 60 months,19.19,E,E3,8 years,MORTGAGE,45000.0,Source Verified,debt_consolidation,FL,32.96,0.0,665.0,669.0,0.0,54.3,16.0,Individual,5,High Risk,Manual Review
49066777,20000.0, 60 months,18.25,E,E1,4 years,MORTGAGE,60000.0,Source Verified,other,FL,39.6,0.0,690.0,694.0,2.0,51.7,25.0,Individual,5,High Risk,Manual Review
48716451,9350.0, 36 months,18.55,E,E2,,RENT,26000.0,Verified,debt_consolidation,IL,38.83,0.0,700.0,704.0,0.0,43.8,28.0,Individual,5,High Risk,Manual Review
49277913,24000.0, 60 months,20.99,E,E5,10+ years,MORTGAGE,78000.0,Verified,debt_consolidation,FL,31.74,0.0,670.0,674.0,0.0,48.2,47.0,Individual,5,High Risk,Manual Review
48202295,12600.0, 60 months,23.99,F,F3,9 years,MORTGAGE,83000.0,Source Verified,debt_consolidation,FL,9.92,1.0,680.0,684.0,1.0,81.4,14.0,Individual,5,High Risk,Manual Review
49167529,12000.0, 60 months,18.25,E,E1,2 years,MORTGAGE,28121.6,Verified,debt_consolidation,KS,35.04,0.0,670.0,674.0,0.0,59.0,32.0,Individual,5,High Risk,Manual Review
48846303,4500.0, 36 months,18.25,E,E1,10+ years,MORTGAGE,52000.0,Source Verified,debt_consolidation,IN,32.52,0.0,710.0,714.0,1.0,16.4,32.0,Individual,5,High Risk,Manual Review
49146255,21000.0, 60 months,20.99,E,E5,10+ years,RENT,50000.0,Verified,debt_consolidation,KS,37.85,0.0,660.0,664.0,0.0,45.7,43.0,Individual,5,High Risk,Manual Review
49157216,24625.0, 36 months,15.61,D,D1,10+ years,MORTGAGE,84000.0,Source Verified,debt_consolidation,WA,38.46,1.0,685.0,689.0,0.0,83.6,49.0,Individual,5,High Risk,Manual Review
49247285,14875.0, 60 months,18.25,E,E1,,RENT,29770.8,Verified,debt_consolidation,NY,34.19,0.0,680.0,684.0,1.0,68.4,49.0,Individual,5,High Risk,Manual Review
49287229,15100.0, 36 months,19.19,E,E3,3 years,RENT,42000.0,Source Verified,debt_consolidation,MA,36.03,0.0,660.0,664.0,1.0,53.4,18.0,Individual,5,High Risk,Manual Review
48595185,12675.0, 36 months,19.19,E,E3,10+ years,MORTGAGE,52000.0,Not Verified,debt_consolidation,AL,5.77,1.0,685.0,689.0,1.0,89.7,11.0,Individual,5,High Risk,Manual Review
49277343,18000.0, 60 months,26.77,G,G1,< 1 year,RENT,36000.0,Source Verified,debt_consolidation,WA,32.93,0.0,690.0,694.0,0.0,49.1,14.0,Individual,5,High Risk,Manual Review
49106444,12000.0, 60 months,20.99,E,E5,1 year,RENT,57500.0,Verified,debt_consolidation,MD,18.95,1.0,660.0,664.0,0.0,84.0,26.0,Individual,5,High Risk,Manual Review
48171644,16100.0, 60 months,18.25,E,E1,5 years,OWN,35000.0,Source Verified,credit_card,CO,37.93,0.0,690.0,694.0,0.0,59.5,25.0,Individual,5,High Risk,Manual Review
49096181,15000.0, 60 months,18.55,E,E2,2 years,RENT,32000.0,Verified,debt_consolidation,CA,32.11,1.0,660.0,664.0,0.0,53.0,30.0,Individual,6,High Risk,Manual Review
49076189,12600.0, 36 months,19.99,E,E4,3 years,RENT,35000.0,Source Verified,debt_consolidation,WA,35.46,0.0,660.0,664.0,0.0,94.7,20.0,Individual,6,High Risk,Manual Review
49217258,30000.0, 60 months,18.55,E,E2,4 years,MORTGAGE,88000.0,Source Verified,debt_consolidation,CA,32.65,1.0,660.0,664.0,1.0,52.8,60.0,Individual,6,High Risk,Manual Review
48627073,11975.0, 60 months,18.55,E,E2,2 years,RENT,28000.0,Source Verified,credit_card,NJ,30.73,0.0,685.0,689.0,0.0,63.5,15.0,Individual,5,High Risk,Manual Review
49136278,20000.0, 36 months,17.57,D,D4,3 years,MORTGAGE,185000.0,Verified,debt_consolidation,NY,37.42,2.0,660.0,664.0,3.0,92.0,27.0,Individual,5,High Risk,Manual Review
48926478,23825.0, 60 months,25.78,F,F5,10+ years,RENT,88441.0,Verified,debt_consolidation,MN,31.36,0.0,670.0,674.0,2.0,83.0,28.0,Individual,6,High Risk,Manual Review
49116358,17500.0, 60 months,24.99,F,F4,10+ years,MORTGAGE,35000.0,Source Verified,debt_consolidation,AL,32.48,0.0,670.0,674.0,0.0,84.6,11.0,Individual,6,High Risk,Manual Review
49136127,13700.0, 60 months,18.55,E,E2,< 1 year,MORTGAGE,40000.0,Source Verified,debt_consolidation,TN,39.75,0.0,700.0,704.0,0.0,32.3,65.0,Individual,5,High Risk,Manual Review
49227169,11450.0, 60 months,21.99,F,F1,10+ years,MORTGAGE,56000.0,Source Verified,debt_consolidation,GA,31.57,1.0,660.0,664.0,0.0,56.1,12.0,Individual,6,High Risk,Manual Review
49277201,35000.0, 36 months,18.25,E,E1,2 years,MORTGAGE,150000.0,Source Verified,small_business,AR,35.58,0.0,715.0,719.0,1.0,46.3,39.0,Individual,5,High Risk,Manual Review
49187217,10850.0, 60 months,20.99,E,E5,3 years,RENT,37400.0,Verified,debt_consolidation,VA,34.55,0.0,665.0,669.0,3.0,47.9,46.0,Individual,5,High Risk,Manual Review
49116329,17250.0, 36 months,21.99,F,F1,3 years,OWN,57500.0,Not Verified,debt_consolidation,MS,34.9,0.0,670.0,674.0,0.0,69.6,46.0,Individual,5,High Risk,Manual Review
49277235,25200.0, 60 months,19.99,E,E4,1 year,RENT,60000.0,Source Verified,debt_consolidation,OR,34.38,0.0,660.0,664.0,0.0,61.6,28.0,Individual,5,High Risk,Manual Review
48956652,24000.0, 60 months,16.55,D,D2,10+ years,OWN,62500.0,Source Verified,debt_consolidation,VT,30.49,1.0,660.0,664.0,0.0,85.4,20.0,Individual,5,High Risk,Manual Review
48836494,13600.0, 36 months,18.25,E,E1,9 years,MORTGAGE,81000.0,Source Verified,home_improvement,MD,31.16,5.0,665.0,669.0,0.0,75.0,21.0,Individual,6,High Risk,Manual Review
49026552,17050.0, 60 months,25.78,F,F5,1 year,RENT,45000.0,Source Verified,major_purchase,AZ,31.04,0.0,690.0,694.0,0.0,96.7,18.0,Individual,6,High Risk,Manual Review
49037804,32000.0, 60 months,18.25,E,E1,4 years,RENT,94000.0,Verified,debt_consolidation,VA,37.81,0.0,690.0,694.0,0.0,63.9,25.0,Individual,5,High Risk,Manual Review
48906139,13000.0, 60 months,19.19,E,E3,5 years,RENT,122550.0,Verified,debt_consolidation,CA,35.99,0.0,725.0,729.0,3.0,18.5,24.0,Individual,5,High Risk,Manual Review
48806297,28000.0, 60 months,23.99,F,F3,10+ years,MORTGAGE,86000.0,Verified,debt_consolidation,MI,29.04,1.0,660.0,664.0,3.0,82.0,43.0,Individual,5,High Risk,Manual Review
48936464,12750.0, 60 months,18.25,E,E1,10+ years,MORTGAGE,44329.0,Not Verified,debt_consolidation,IN,32.08,0.0,665.0,669.0,0.0,73.2,23.0,Individual,5,High Risk,Manual Review
49037657,35000.0, 60 months,18.55,E,E2,< 1 year,MORTGAGE,120000.0,Verified,debt_consolidation,WA,36.12,0.0,665.0,669.0,0.0,72.4,19.0,Individual,5,High Risk,Manual Review
48424806,20700.0, 60 months,26.77,G,G1,10+ years,RENT,75000.0,Verified,debt_consolidation,CA,31.07,0.0,660.0,664.0,2.0,58.0,29.0,Individual,5,High Risk,Manual Review
49037493,8600.0, 36 months,18.25,E,E1,3 years,RENT,17226.0,Source Verified,credit_card,TX,36.66,0.0,705.0,709.0,2.0,35.0,11.0,Individual,5,High Risk,Manual Review
48627874,24000.0, 60 months,18.55,E,E2,2 years,RENT,112000.0,Verified,debt_consolidation,VA,16.75,1.0,665.0,669.0,0.0,82.3,15.0,Individual,5,High Risk,Manual Review
48866562,18250.0, 60 months,19.99,E,E4,2 years,MORTGAGE,54000.0,Not Verified,debt_consolidation,SC,34.36,0.0,695.0,699.0,0.0,85.5,30.0,Individual,6,High Risk,Manual Review
48414139,24725.0, 60 months,18.25,E,E1,9 years,MORTGAGE,55000.0,Source Verified,debt_consolidation,TX,34.08,0.0,670.0,674.0,0.0,91.8,31.0,Individual,6,High Risk,Manual Review
49037506,20150.0, 60 months,18.25,E,E1,2 years,MORTGAGE,60000.0,Source Verified,debt_consolidation,CA,22.0,1.0,670.0,674.0,0.0,88.3,13.0,Individual,5,High Risk,Manual Review
48595601,12675.0, 60 months,18.25,E,E1,10+ years,RENT,40000.0,Source Verified,debt_consolidation,FL,39.56,0.0,660.0,664.0,0.0,68.7,26.0,Individual,5,High Risk,Manual Review
48525778,1200.0, 36 months,23.99,F,F3,4 years,RENT,30000.0,Not Verified,debt_consolidation,NY,36.16,0.0,675.0,679.0,0.0,70.6,24.0,Individual,5,High Risk,Manual Review
46746151,4000.0, 36 months,18.25,E,E1,3 years,MORTGAGE,72000.0,Verified,home_improvement,FL,33.96,0.0,680.0,684.0,3.0,64.1,40.0,Individual,5,High Risk,Manual Review
49026334,20000.0, 60 months,18.25,E,E1,5 years,RENT,55000.0,Verified,debt_consolidation,KS,34.02,4.0,660.0,664.0,1.0,61.6,28.0,Individual,6,High Risk,Manual Review
48816264,18000.0, 60 months,18.25,E,E1,10+ years,RENT,72000.0,Verified,debt_consolidation,CA,39.53,0.0,685.0,689.0,0.0,81.8,38.0,Individual,6,High Risk,Manual Review
47604681,29975.0, 36 months,19.99,E,E4,8 years,MORTGAGE,80000.0,Source Verified,debt_consolidation,FL,35.36,0.0,670.0,674.0,1.0,43.5,35.0,Individual,5,High Risk,Manual Review
48876385,28000.0, 60 months,22.99,F,F2,< 1 year,MORTGAGE,82000.0,Verified,debt_consolidation,SC,35.07,0.0,670.0,674.0,0.0,24.4,35.0,Individual,5,High Risk,Manual Review
49016518,35000.0, 60 months,18.55,E,E2,10+ years,RENT,110000.0,Verified,debt_consolidation,DC,32.8,1.0,695.0,699.0,0.0,35.2,48.0,Individual,6,High Risk,Manual Review
48694766,11050.0, 60 months,19.19,E,E3,< 1 year,OWN,38500.0,Source Verified,debt_consolidation,SC,37.62,0.0,720.0,724.0,0.0,41.1,14.0,Individual,5,High Risk,Manual Review
48535790,31200.0, 60 months,19.99,E,E4,10+ years,MORTGAGE,95000.0,Source Verified,credit_card,TX,34.94,0.0,685.0,689.0,1.0,59.0,35.0,Individual,5,High Risk,Manual Review
48725109,15000.0, 60 months,18.25,E,E1,2 years,MORTGAGE,54000.0,Not Verified,debt_consolidation,IN,37.6,0.0,685.0,689.0,2.0,78.5,38.0,Individual,5,High Risk,Manual Review
48906472,15950.0, 36 months,18.55,E,E2,1 year,RENT,40000.0,Verified,debt_consolidation,CA,34.71,1.0,660.0,664.0,3.0,59.2,33.0,Individual,6,High Risk,Manual Review
48384283,21525.0, 60 months,20.99,E,E5,< 1 year,OWN,70000.0,Verified,debt_consolidation,VA,31.4,0.0,670.0,674.0,0.0,74.0,47.0,Individual,5,High Risk,Manual Review
48926302,28500.0, 60 months,18.25,E,E1,10+ years,RENT,62000.0,Source Verified,debt_consolidation,TX,36.16,0.0,690.0,694.0,0.0,82.7,18.0,Individual,6,High Risk,Manual Review
48806157,29400.0, 36 months,18.25,E,E1,10+ years,MORTGAGE,70000.0,Source Verified,credit_card,MN,14.4,1.0,690.0,694.0,0.0,80.1,14.0,Individual,5,High Risk,Manual Review
49036352,13750.0, 60 months,24.5,F,F3,9 years,RENT,64334.0,Source Verified,debt_consolidation,OR,30.42,1.0,670.0,674.0,0.0,75.0,29.0,Individual,6,High Risk,Manual Review
48697460,14500.0, 36 months,18.25,E,E1,3 years,MORTGAGE,65000.0,Verified,debt_consolidation,CO,32.85,0.0,680.0,684.0,1.0,51.5,40.0,Individual,5,High Risk,Manual Review
48646515,19025.0, 60 months,22.99,F,F2,10+ years,MORTGAGE,55000.0,Source Verified,debt_consolidation,NM,30.18,0.0,690.0,694.0,0.0,61.5,17.0,Individual,5,High Risk,Manual Review
48986317,27550.0, 36 months,17.86,D,D5,5 years,MORTGAGE,80000.0,Source Verified,debt_consolidation,OH,37.64,1.0,705.0,709.0,0.0,80.5,24.0,Individual,5,High Risk,Manual Review
48976500,20150.0, 60 months,27.31,G,G2,< 1 year,MORTGAGE,56000.0,Source Verified,debt_consolidation,TX,39.34,0.0,670.0,674.0,2.0,84.1,17.0,Individual,6,High Risk,Manual Review
48628124,27300.0, 60 months,20.49,E,E4,8 years,MORTGAGE,65000.0,Source Verified,debt_consolidation,MN,31.52,0.0,680.0,684.0,0.0,64.3,32.0,Individual,5,High Risk,Manual Review
48594902,18000.0, 60 months,25.8,G,G1,10+ years,RENT,50000.0,Verified,debt_consolidation,AL,31.04,0.0,665.0,669.0,0.0,55.0,16.0,Individual,5,High Risk,Manual Review
49016132,12800.0, 60 months,18.84,E,E2,10+ years,MORTGAGE,110000.0,Verified,credit_card,GA,33.67,0.0,685.0,689.0,1.0,88.0,47.0,Individual,6,High Risk,Manual Review
48826280,7325.0, 36 months,18.84,E,E2,2 years,OWN,34000.0,Source Verified,other,SC,36.18,0.0,690.0,694.0,2.0,23.6,17.0,Individual,5,High Risk,Manual Review
48856259,13000.0, 60 months,18.25,E,E1,10+ years,RENT,26035.2,Source Verified,debt_consolidation,FL,37.26,6.0,685.0,689.0,0.0,77.1,32.0,Individual,6,High Risk,Manual Review
48976252,15000.0, 60 months,18.25,E,E1,5 years,RENT,30000.0,Source Verified,credit_card,DE,33.12,0.0,715.0,719.0,0.0,95.8,8.0,Individual,6,High Risk,Manual Review
48976338,28000.0, 60 months,23.99,F,F2,9 years,RENT,91000.0,Verified,debt_consolidation,SD,36.33,0.0,675.0,679.0,1.0,83.0,43.0,Individual,6,High Risk,Manual Review
48956157,7000.0, 36 months,16.99,D,D3,10+ years,RENT,40372.0,Not Verified,debt_consolidation,MO,35.76,1.0,670.0,674.0,2.0,91.3,30.0,Individual,5,High Risk,Manual Review
48666613,20000.0, 60 months,18.84,E,E2,3 years,RENT,77000.0,Verified,house,AZ,31.92,0.0,695.0,699.0,0.0,56.9,35.0,Individual,5,High Risk,Manual Review
48816129,14150.0, 36 months,19.52,E,E3,< 1 year,RENT,45000.0,Source Verified,debt_consolidation,NJ,33.39,0.0,695.0,699.0,0.0,90.9,14.0,Individual,6,High Risk,Manual Review
48986161,14500.0, 36 months,19.52,E,E3,3 years,MORTGAGE,43000.0,Verified,debt_consolidation,TX,33.12,0.0,665.0,669.0,0.0,88.1,20.0,Individual,6,High Risk,Manual Review
48826198,22675.0, 60 months,19.52,E,E3,10+ years,OWN,54000.0,Source Verified,credit_card,TN,31.76,0.0,690.0,694.0,1.0,98.5,22.0,Individual,6,High Risk,Manual Review
48697756,11500.0, 60 months,18.25,E,E1,5 years,RENT,25000.0,Source Verified,debt_consolidation,CA,32.03,0.0,685.0,689.0,0.0,60.9,30.0,Individual,5,High Risk,Manual Review
47491407,12150.0, 36 months,18.25,E,E1,,MORTGAGE,42340.0,Verified,debt_consolidation,KS,32.17,0.0,675.0,679.0,0.0,73.9,27.0,Individual,5,High Risk,Manual Review
43509368,25000.0, 36 months,19.52,E,E3,3 years,RENT,89000.0,Verified,debt_consolidation,CA,30.76,0.0,660.0,664.0,2.0,73.4,55.0,Individual,5,High Risk,Manual Review
48826305,16600.0, 36 months,18.25,E,E1,10+ years,MORTGAGE,52000.0,Not Verified,debt_consolidation,NC,32.54,0.0,705.0,709.0,0.0,61.4,36.0,Individual,5,High Risk,Manual Review
48586625,12075.0, 36 months,18.25,E,E1,10+ years,MORTGAGE,50000.0,Source Verified,debt_consolidation,CO,31.85,0.0,680.0,684.0,2.0,52.1,26.0,Individual,5,High Risk,Manual Review
48736340,20000.0, 60 months,19.52,E,E3,,OWN,48000.0,Verified,credit_card,KY,31.7,0.0,665.0,669.0,4.0,54.3,67.0,Individual,5,High Risk,Manual Review
48766288,21000.0, 60 months,15.61,D,D1,10+ years,RENT,70000.0,Verified,debt_consolidation,NC,33.09,1.0,690.0,694.0,0.0,83.1,25.0,Individual,5,High Risk,Manual Review
48746839,35000.0, 60 months,15.61,D,D1,8 years,RENT,90000.0,Verified,debt_consolidation,TX,32.06,1.0,695.0,699.0,0.0,83.2,34.0,Individual,5,High Risk,Manual Review
48546135,14400.0, 60 months,22.99,F,F1,10+ years,RENT,55000.0,Verified,debt_consolidation,WA,30.37,0.0,665.0,669.0,4.0,39.7,31.0,Individual,5,High Risk,Manual Review
48676766,4575.0, 36 months,24.99,F,F4,2 years,RENT,30000.0,Not Verified,debt_consolidation,CA,32.76,0.0,660.0,664.0,1.0,41.2,11.0,Individual,5,High Risk,Manual Review
48746700,31000.0, 60 months,20.49,E,E4,6 years,RENT,107000.0,Verified,debt_consolidation,OH,19.87,1.0,675.0,679.0,0.0,81.1,30.0,Individual,5,High Risk,Manual Review
48766256,17050.0, 60 months,24.5,F,F3,3 years,RENT,50000.0,Source Verified,debt_consolidation,NJ,38.53,0.0,660.0,664.0,0.0,91.4,17.0,Individual,6,High Risk,Manual Review
48628107,21000.0, 60 months,19.52,E,E3,10+ years,MORTGAGE,95000.0,Verified,credit_card,NC,31.39,0.0,675.0,679.0,3.0,71.0,50.0,Individual,5,High Risk,Manual Review
48535081,7800.0, 36 months,24.99,F,F4,6 years,RENT,23000.0,Verified,debt_consolidation,NJ,30.74,0.0,670.0,674.0,3.0,35.8,18.0,Individual,5,High Risk,Manual Review
48334390,13300.0, 60 months,21.67,E,E5,5 years,MORTGAGE,114000.0,Source Verified,debt_consolidation,FL,28.22,1.0,670.0,674.0,2.0,92.0,39.0,Individual,5,High Risk,Manual Review
48796207,35000.0, 60 months,24.99,F,F4,6 years,MORTGAGE,115000.0,Verified,debt_consolidation,VA,34.7,0.0,680.0,684.0,3.0,93.0,42.0,Individual,6,High Risk,Manual Review
48697752,21000.0, 60 months,18.84,E,E2,< 1 year,MORTGAGE,225000.0,Source Verified,credit_card,IL,21.5,1.0,675.0,679.0,2.0,93.0,34.0,Individual,5,High Risk,Manual Review
48626633,21500.0, 60 months,20.49,E,E4,2 years,RENT,43000.0,Source Verified,debt_consolidation,MS,37.17,0.0,695.0,699.0,0.0,40.8,44.0,Individual,5,High Risk,Manual Review
48454522,21400.0, 36 months,19.52,E,E3,9 years,RENT,51000.0,Source Verified,debt_consolidation,CA,38.78,0.0,685.0,689.0,0.0,78.9,18.0,Individual,5,High Risk,Manual Review
48565872,15800.0, 60 months,22.99,F,F1,4 years,MORTGAGE,140000.0,Verified,debt_consolidation,KY,7.62,2.0,660.0,664.0,0.0,91.0,22.0,Individual,5,High Risk,Manual Review
48627484,35000.0, 60 months,25.83,G,G2,< 1 year,RENT,125000.0,Verified,debt_consolidation,NY,13.66,1.0,670.0,674.0,0.0,99.9,11.0,Individual,5,High Risk,Manual Review
48546022,10500.0, 60 months,21.67,E,E5,8 years,MORTGAGE,59000.0,Verified,debt_consolidation,NC,35.15,5.0,660.0,664.0,4.0,60.0,33.0,Individual,6,High Risk,Manual Review
46396668,28000.0, 60 months,18.25,E,E1,3 years,MORTGAGE,85000.0,Source Verified,debt_consolidation,MO,14.65,1.0,670.0,674.0,1.0,87.7,20.0,Individual,5,High Risk,Manual Review
48685829,10000.0, 60 months,18.84,E,E2,8 years,RENT,49000.0,Verified,debt_consolidation,TX,34.26,1.0,710.0,714.0,1.0,26.0,82.0,Individual,6,High Risk,Manual Review
48545942,8450.0, 36 months,18.84,E,E2,,OWN,48000.0,Verified,debt_consolidation,NJ,34.68,1.0,690.0,694.0,2.0,26.9,34.0,Individual,6,High Risk,Manual Review
48596784,10050.0, 60 months,18.25,E,E1,2 years,RENT,45210.0,Source Verified,debt_consolidation,KS,39.21,0.0,690.0,694.0,1.0,67.0,15.0,Individual,5,High Risk,Manual Review
48685846,18000.0, 60 months,20.49,E,E4,6 years,RENT,45000.0,Source Verified,debt_consolidation,CO,32.45,0.0,670.0,674.0,0.0,48.7,35.0,Individual,5,High Risk,Manual Review
48636177,28000.0, 60 months,18.84,E,E2,2 years,MORTGAGE,130000.0,Source Verified,debt_consolidation,SC,34.5,0.0,700.0,704.0,1.0,89.8,19.0,Individual,6,High Risk,Manual Review
48494750,35000.0, 36 months,18.25,E,E1,10+ years,MORTGAGE,84000.0,Verified,debt_consolidation,LA,33.26,0.0,675.0,679.0,0.0,95.2,38.0,Individual,6,High Risk,Manual Review
48697221,16300.0, 60 months,21.67,E,E5,1 year,MORTGAGE,32600.0,Source Verified,credit_card,TX,32.4,0.0,670.0,674.0,0.0,80.1,12.0,Individual,6,High Risk,Manual Review
48766051,32675.0, 60 months,22.99,F,F1,7 years,MORTGAGE,88800.0,Verified,debt_consolidation,CA,31.22,1.0,680.0,684.0,1.0,83.5,27.0,Individual,7,High Risk,Manual Review
48575612,30000.0, 36 months,19.52,E,E3,2 years,MORTGAGE,60000.0,Source Verified,debt_consolidation,MS,39.34,1.0,695.0,699.0,0.0,52.8,18.0,Individual,6,High Risk,Manual Review
48609534,25000.0, 60 months,22.99,F,F1,10+ years,MORTGAGE,194500.0,Verified,debt_consolidation,TX,34.72,0.0,680.0,684.0,2.0,79.0,53.0,Individual,5,High Risk,Manual Review
48609476,35000.0, 60 months,25.8,G,G1,1 year,RENT,108000.0,Verified,debt_consolidation,IL,38.36,0.0,665.0,669.0,3.0,82.0,49.0,Individual,6,High Risk,Manual Review
48655464,19075.0, 60 months,19.52,E,E3,10+ years,OWN,53000.0,Source Verified,debt_consolidation,NC,34.76,0.0,695.0,699.0,0.0,55.0,23.0,Individual,5,High Risk,Manual Review
48765846,17325.0, 60 months,21.67,E,E5,10+ years,MORTGAGE,48143.0,Source Verified,debt_consolidation,LA,39.44,0.0,660.0,664.0,0.0,92.9,22.0,Individual,6,High Risk,Manual Review
48745966,26325.0, 60 months,18.25,E,E1,5 years,OWN,75000.0,Verified,credit_card,VA,33.31,0.0,690.0,694.0,0.0,81.6,23.0,Individual,6,High Risk,Manual Review
48645854,1000.0, 36 months,20.49,E,E4,10+ years,MORTGAGE,52000.0,Source Verified,other,PA,33.42,0.0,670.0,674.0,2.0,59.4,31.0,Individual,5,High Risk,Manual Review
48120705,21600.0, 36 months,19.52,E,E3,10+ years,RENT,54000.0,Source Verified,credit_card,NY,30.2,1.0,660.0,664.0,1.0,76.2,12.0,Individual,6,High Risk,Manual Review
48645340,35000.0, 60 months,24.5,F,F3,5 years,MORTGAGE,110000.0,Source Verified,debt_consolidation,OK,37.9,0.0,685.0,689.0,1.0,79.5,34.0,Individual,5,High Risk,Manual Review
48575438,10975.0, 60 months,20.49,E,E4,10+ years,OWN,36600.0,Source Verified,other,OH,34.39,0.0,745.0,749.0,1.0,28.0,28.0,Individual,5,High Risk,Manual Review
48627005,12325.0, 60 months,22.99,F,F1,8 years,MORTGAGE,56900.0,Not Verified,debt_consolidation,NJ,34.23,0.0,680.0,684.0,2.0,89.9,14.0,Individual,6,High Risk,Manual Review
48655751,20000.0, 36 months,19.52,E,E3,6 years,RENT,75000.0,Verified,debt_consolidation,CA,32.85,0.0,665.0,669.0,0.0,57.2,40.0,Individual,5,High Risk,Manual Review
48595934,35000.0, 60 months,18.25,E,E1,3 years,MORTGAGE,115000.0,Verified,credit_card,IL,35.67,0.0,690.0,694.0,2.0,69.4,35.0,Individual,5,High Risk,Manual Review
48705355,8475.0, 36 months,16.55,D,D2,9 years,MORTGAGE,70000.0,Verified,credit_card,CA,37.46,1.0,670.0,674.0,0.0,99.0,21.0,Individual,5,High Risk,Manual Review
48111703,21000.0, 60 months,18.25,E,E1,10+ years,MORTGAGE,70000.0,Verified,debt_consolidation,IL,17.44,1.0,695.0,699.0,0.0,82.2,32.0,Individual,5,High Risk,Manual Review
48635900,19575.0, 60 months,18.25,E,E1,4 years,MORTGAGE,57000.0,Source Verified,credit_card,MO,38.65,0.0,680.0,684.0,1.0,98.0,19.0,Individual,6,High Risk,Manual Review
48685593,12375.0, 60 months,23.99,F,F2,10+ years,MORTGAGE,50000.0,Source Verified,debt_consolidation,OH,13.37,1.0,675.0,679.0,1.0,93.0,17.0,Individual,5,High Risk,Manual Review
46641931,17700.0, 36 months,18.25,E,E1,,OWN,38400.0,Source Verified,medical,NM,31.66,0.0,715.0,719.0,1.0,61.1,17.0,Individual,5,High Risk,Manual Review
48665848,10550.0, 60 months,20.49,E,E4,7 years,RENT,24000.0,Verified,debt_consolidation,CA,32.8,0.0,720.0,724.0,0.0,61.8,6.0,Individual,5,High Risk,Manual Review
48755590,35000.0, 60 months,22.99,F,F1,10+ years,RENT,94000.0,Verified,other,CA,31.41,0.0,700.0,704.0,0.0,27.9,23.0,Individual,5,High Risk,Manual Review
48535594,10000.0, 60 months,18.25,E,E1,7 years,MORTGAGE,32000.0,Not Verified,debt_consolidation,OH,32.41,1.0,665.0,669.0,0.0,70.0,19.0,Individual,6,High Risk,Manual Review
48609134,32000.0, 60 months,23.99,F,F2,10+ years,RENT,95000.0,Verified,debt_consolidation,TN,31.13,2.0,660.0,664.0,4.0,57.3,27.0,Individual,6,High Risk,Manual Review
48525767,23200.0, 60 months,18.84,E,E2,9 years,RENT,63000.0,Verified,debt_consolidation,TX,37.62,0.0,700.0,704.0,0.0,60.7,21.0,Individual,5,High Risk,Manual Review
48696672,13000.0, 36 months,18.25,E,E1,< 1 year,MORTGAGE,31000.0,Not Verified,credit_card,IN,39.52,0.0,665.0,669.0,0.0,47.3,32.0,Individual,5,High Risk,Manual Review
48030659,17425.0, 60 months,18.25,E,E1,10+ years,RENT,45000.0,Source Verified,debt_consolidation,FL,32.27,1.0,665.0,669.0,0.0,66.0,12.0,Individual,6,High Risk,Manual Review
48765594,16000.0, 60 months,21.67,E,E5,4 years,MORTGAGE,55000.0,Verified,credit_card,KS,23.28,3.0,665.0,669.0,1.0,83.6,23.0,Individual,5,High Risk,Manual Review
48635655,4025.0, 36 months,20.49,E,E4,< 1 year,RENT,28000.0,Not Verified,debt_consolidation,MD,36.18,0.0,690.0,694.0,0.0,61.4,15.0,Individual,5,High Risk,Manual Review
48675781,8000.0, 36 months,18.25,E,E1,1 year,OWN,75000.0,Source Verified,other,FL,23.22,1.0,680.0,684.0,2.0,83.2,61.0,Individual,5,High Risk,Manual Review
48525675,25000.0, 60 months,21.67,E,E5,7 years,RENT,60000.0,Source Verified,debt_consolidation,SD,38.46,0.0,675.0,679.0,1.0,35.3,32.0,Individual,5,High Risk,Manual Review
48614268,35000.0, 60 months,18.25,E,E1,8 years,MORTGAGE,700000.0,Source Verified,home_improvement,OK,5.65,2.0,660.0,664.0,2.0,100.0,33.0,Individual,5,High Risk,Manual Review
48614738,35000.0, 60 months,18.25,E,E1,3 years,MORTGAGE,82500.0,Verified,debt_consolidation,AL,36.93,0.0,695.0,699.0,0.0,85.0,23.0,Individual,6,High Risk,Manual Review
48535477,24000.0, 60 months,18.25,E,E1,10+ years,MORTGAGE,53000.0,Source Verified,other,TX,35.28,1.0,665.0,669.0,1.0,46.7,58.0,Individual,6,High Risk,Manual Review
48745344,20000.0, 60 months,20.49,E,E4,10+ years,OWN,65000.0,Verified,debt_consolidation,NY,33.42,0.0,680.0,684.0,1.0,54.4,75.0,Individual,5,High Risk,Manual Review
48545214,23450.0, 60 months,22.99,F,F1,10+ years,MORTGAGE,63000.0,Verified,debt_consolidation,MO,33.43,0.0,665.0,669.0,1.0,85.9,37.0,Individual,6,High Risk,Manual Review
48665591,11500.0, 60 months,19.52,E,E3,< 1 year,RENT,25000.0,Source Verified,debt_consolidation,TN,33.46,0.0,705.0,709.0,0.0,94.9,9.0,Individual,6,High Risk,Manual Review
48675439,6400.0, 36 months,20.49,E,E4,10+ years,RENT,20000.0,Source Verified,other,MI,37.52,2.0,665.0,669.0,1.0,33.9,19.0,Individual,6,High Risk,Manual Review
46958671,8500.0, 36 months,18.25,E,E1,4 years,RENT,42000.0,Verified,credit_card,IL,36.11,0.0,680.0,684.0,2.0,30.7,25.0,Individual,5,High Risk,Manual Review
46777103,18000.0, 60 months,22.99,F,F1,1 year,OWN,50000.0,Source Verified,debt_consolidation,KY,33.73,0.0,710.0,714.0,0.0,36.6,32.0,Individual,5,High Risk,Manual Review
48111566,11975.0, 60 months,20.49,E,E4,2 years,RENT,24000.0,Source Verified,debt_consolidation,CO,38.25,0.0,690.0,694.0,1.0,96.5,24.0,Individual,6,High Risk,Manual Review
48535249,19575.0, 60 months,18.25,E,E1,,RENT,40817.0,Verified,credit_card,NC,33.28,0.0,700.0,704.0,0.0,89.9,16.0,Individual,6,High Risk,Manual Review
48696104,12000.0, 60 months,17.57,D,D4,7 years,RENT,75000.0,Source Verified,debt_consolidation,FL,32.06,2.0,660.0,664.0,1.0,95.2,28.0,Individual,5,High Risk,Manual Review
48604378,12750.0, 60 months,21.67,E,E5,2 years,RENT,50000.0,Not Verified,debt_consolidation,WA,31.61,0.0,685.0,689.0,1.0,68.5,21.0,Individual,5,High Risk,Manual Review
48605418,12600.0, 60 months,20.49,E,E4,5 years,MORTGAGE,30000.0,Source Verified,debt_consolidation,AR,35.24,0.0,670.0,674.0,0.0,24.1,20.0,Individual,5,High Risk,Manual Review
48595362,31500.0, 36 months,19.52,E,E3,,OWN,70000.0,Verified,debt_consolidation,AL,34.34,0.0,680.0,684.0,1.0,62.0,31.0,Individual,5,High Risk,Manual Review
48564893,23400.0, 36 months,18.84,E,E2,7 years,RENT,52000.0,Verified,debt_consolidation,NV,33.42,0.0,660.0,664.0,2.0,76.0,24.0,Individual,5,High Risk,Manual Review
48764603,14025.0, 36 months,19.52,E,E3,3 years,OWN,39000.0,Source Verified,debt_consolidation,OR,35.35,0.0,670.0,674.0,0.0,72.0,16.0,Individual,5,High Risk,Manual Review
48555474,9800.0, 36 months,18.25,E,E1,7 years,RENT,39000.0,Verified,other,CA,37.57,0.0,665.0,669.0,4.0,38.0,19.0,Individual,5,High Risk,Manual Review
48424128,14300.0, 36 months,18.84,E,E2,9 years,RENT,40000.0,Source Verified,debt_consolidation,WA,38.23,0.0,675.0,679.0,0.0,42.8,30.0,Individual,5,High Risk,Manual Review
48665340,22750.0, 60 months,23.99,F,F2,10+ years,RENT,72000.0,Verified,debt_consolidation,TN,27.38,1.0,660.0,664.0,0.0,91.5,23.0,Individual,5,High Risk,Manual Review
48595360,18250.0, 60 months,24.99,F,F4,10+ years,MORTGAGE,60000.0,Not Verified,debt_consolidation,MS,39.8,0.0,700.0,704.0,1.0,40.9,38.0,Individual,5,High Risk,Manual Review
48585197,17625.0, 60 months,21.67,E,E5,10+ years,OWN,49000.0,Source Verified,debt_consolidation,GA,35.95,0.0,670.0,674.0,0.0,62.4,18.0,Individual,5,High Risk,Manual Review
48715602,15175.0, 36 months,18.25,E,E1,10+ years,RENT,63100.0,Not Verified,house,FL,30.13,2.0,670.0,674.0,0.0,27.9,27.0,Individual,6,High Risk,Manual Review
48715718,13200.0, 60 months,23.99,F,F2,10+ years,OWN,44000.0,Source Verified,debt_consolidation,TN,39.66,0.0,660.0,664.0,0.0,85.0,14.0,Individual,6,High Risk,Manual Review
48595345,10000.0, 60 months,18.25,E,E1,4 years,MORTGAGE,39300.0,Not Verified,debt_consolidation,WV,30.75,0.0,675.0,679.0,0.0,31.5,21.0,Individual,5,High Risk,Manual Review
48655345,15000.0, 60 months,21.67,E,E5,10+ years,MORTGAGE,128000.0,Verified,debt_consolidation,CA,31.05,0.0,670.0,674.0,4.0,85.0,31.0,Individual,6,High Risk,Manual Review
48595163,15700.0, 60 months,18.25,E,E1,< 1 year,MORTGAGE,75000.0,Not Verified,home_improvement,PA,6.61,1.0,665.0,669.0,0.0,86.0,29.0,Individual,5,High Risk,Manual Review
48607492,10000.0, 60 months,18.25,E,E1,7 years,MORTGAGE,50000.0,Source Verified,debt_consolidation,GA,37.97,0.0,680.0,684.0,1.0,68.9,28.0,Individual,5,High Risk,Manual Review
48484485,29975.0, 60 months,25.8,G,G1,10+ years,MORTGAGE,60000.0,Source Verified,debt_consolidation,MO,39.2,0.0,675.0,679.0,1.0,88.8,36.0,Individual,6,High Risk,Manual Review
48626565,17875.0, 60 months,19.52,E,E3,,RENT,42594.0,Verified,credit_card,NV,31.53,0.0,665.0,669.0,0.0,70.0,28.0,Individual,5,High Risk,Manual Review
48494946,8075.0, 36 months,22.99,F,F1,6 years,RENT,29136.0,Source Verified,debt_consolidation,AZ,39.66,0.0,670.0,674.0,0.0,23.0,18.0,Individual,5,High Risk,Manual Review
48213122,3675.0, 36 months,20.49,E,E4,2 years,MORTGAGE,95000.0,Not Verified,debt_consolidation,AZ,36.31,0.0,680.0,684.0,2.0,95.8,29.0,Individual,6,High Risk,Manual Review
48525100,22000.0, 60 months,22.99,F,F1,6 years,MORTGAGE,82000.0,Source Verified,moving,TX,30.95,0.0,675.0,679.0,0.0,72.8,28.0,Individual,5,High Risk,Manual Review
48524853,35000.0, 60 months,25.83,G,G2,10+ years,MORTGAGE,99000.0,Verified,debt_consolidation,PA,22.68,2.0,665.0,669.0,1.0,91.3,20.0,Individual,5,High Risk,Manual Review
46783547,18000.0, 60 months,20.49,E,E4,1 year,MORTGAGE,45000.0,Source Verified,home_improvement,TX,35.44,1.0,660.0,664.0,1.0,98.1,34.0,Individual,7,High Risk,Manual Review
48334716,15100.0, 60 months,21.67,E,E5,6 years,MORTGAGE,42000.0,Not Verified,debt_consolidation,MS,36.23,1.0,675.0,679.0,1.0,65.8,40.0,Individual,6,High Risk,Manual Review
48607297,13325.0, 36 months,18.25,E,E1,,MORTGAGE,28000.0,Verified,home_improvement,NJ,38.96,1.0,680.0,684.0,0.0,42.5,17.0,Individual,6,High Risk,Manual Review
48724944,11750.0, 60 months,19.52,E,E3,5 years,MORTGAGE,45000.0,Source Verified,debt_consolidation,FL,29.23,1.0,670.0,674.0,3.0,87.4,22.0,Individual,5,High Risk,Manual Review
48704382,10000.0, 60 months,18.84,E,E2,9 years,RENT,55000.0,Source Verified,credit_card,NY,25.09,2.0,670.0,674.0,1.0,88.2,17.0,Individual,5,High Risk,Manual Review
48212214,10450.0, 36 months,18.84,E,E2,2 years,MORTGAGE,47500.0,Source Verified,debt_consolidation,GA,37.32,0.0,720.0,724.0,1.0,47.8,40.0,Individual,5,High Risk,Manual Review
48574734,6475.0, 36 months,18.84,E,E2,3 years,OWN,30000.0,Source Verified,debt_consolidation,FL,37.44,0.0,670.0,674.0,0.0,62.1,12.0,Individual,5,High Risk,Manual Review
48664780,23950.0, 60 months,21.67,E,E5,10+ years,MORTGAGE,125500.0,Verified,debt_consolidation,TX,35.88,0.0,680.0,684.0,0.0,77.9,32.0,Individual,5,High Risk,Manual Review
48574817,22475.0, 60 months,18.84,E,E2,10+ years,MORTGAGE,66000.0,Verified,debt_consolidation,NC,31.36,0.0,680.0,684.0,1.0,36.3,41.0,Individual,5,High Risk,Manual Review
48695749,35000.0, 60 months,18.84,E,E2,,RENT,72000.0,Verified,credit_card,NM,30.69,0.0,670.0,674.0,0.0,54.7,37.0,Individual,5,High Risk,Manual Review
48626285,15000.0, 60 months,18.25,E,E1,10+ years,RENT,50000.0,Source Verified,debt_consolidation,IL,31.95,0.0,695.0,699.0,1.0,37.3,25.0,Individual,5,High Risk,Manual Review
48606699,12600.0, 36 months,18.84,E,E2,,MORTGAGE,37000.0,Verified,debt_consolidation,NC,39.83,3.0,665.0,669.0,1.0,66.8,16.0,Individual,6,High Risk,Manual Review
48644878,25000.0, 60 months,18.25,E,E1,1 year,MORTGAGE,85000.0,Verified,debt_consolidation,CO,37.24,0.0,675.0,679.0,0.0,76.4,44.0,Individual,5,High Risk,Manual Review
47138196,15000.0, 60 months,18.25,E,E1,< 1 year,RENT,39400.0,Not Verified,major_purchase,IL,25.28,2.0,660.0,664.0,0.0,84.5,53.0,Individual,5,High Risk,Manual Review
48606508,15600.0, 36 months,20.49,E,E4,6 years,RENT,39041.0,Verified,small_business,CA,36.37,1.0,660.0,664.0,0.0,75.0,11.0,Individual,6,High Risk,Manual Review
47330698,16950.0, 60 months,18.84,E,E2,10+ years,MORTGAGE,53000.0,Source Verified,debt_consolidation,FL,31.07,0.0,685.0,689.0,0.0,85.2,17.0,Individual,6,High Risk,Manual Review
48334118,28200.0, 60 months,24.5,F,F3,10+ years,MORTGAGE,89000.0,Verified,debt_consolidation,OH,35.21,0.0,675.0,679.0,0.0,101.4,30.0,Individual,6,High Risk,Manual Review
48584616,22800.0, 60 months,25.8,G,G1,7 years,MORTGAGE,57000.0,Source Verified,debt_consolidation,NC,35.91,0.0,685.0,689.0,0.0,81.9,22.0,Individual,6,High Risk,Manual Review
48554790,11150.0, 60 months,18.84,E,E2,,OWN,31000.0,Verified,credit_card,IL,33.14,1.0,675.0,679.0,1.0,22.7,14.0,Individual,6,High Risk,Manual Review
48606055,10000.0, 60 months,18.25,E,E1,4 years,RENT,34000.0,Verified,debt_consolidation,TX,23.26,1.0,665.0,669.0,3.0,94.2,10.0,Individual,5,High Risk,Manual Review
48674710,15000.0, 60 months,22.99,F,F1,10+ years,OWN,55141.01,Source Verified,home_improvement,FL,19.11,1.0,665.0,669.0,0.0,88.9,22.0,Individual,5,High Risk,Manual Review
48544338,3475.0, 36 months,20.49,E,E4,6 years,MORTGAGE,36000.0,Not Verified,debt_consolidation,OR,37.1,0.0,700.0,704.0,0.0,90.7,15.0,Individual,6,High Risk,Manual Review
47320260,24700.0, 60 months,19.52,E,E3,8 years,RENT,65000.0,Source Verified,debt_consolidation,AZ,39.01,0.0,705.0,709.0,0.0,89.2,17.0,Individual,6,High Risk,Manual Review
48626055,13800.0, 60 months,20.49,E,E4,7 years,OWN,30000.0,Source Verified,debt_consolidation,NJ,34.02,0.0,720.0,724.0,0.0,58.8,30.0,Individual,5,High Risk,Manual Review
48544711,6050.0, 36 months,20.49,E,E4,5 years,RENT,35000.0,Source Verified,debt_consolidation,HI,33.8,0.0,665.0,669.0,0.0,92.2,12.0,Individual,6,High Risk,Manual Review
48714582,15000.0, 60 months,18.84,E,E2,3 years,RENT,47000.0,Verified,debt_consolidation,NY,34.5,0.0,665.0,669.0,1.0,60.1,16.0,Individual,5,High Risk,Manual Review
46804797,14400.0, 60 months,17.86,D,D5,10+ years,MORTGAGE,60000.0,Not Verified,debt_consolidation,WI,36.16,1.0,680.0,684.0,0.0,92.0,31.0,Individual,5,High Risk,Manual Review
48172174,32200.0, 60 months,18.84,E,E2,10+ years,MORTGAGE,77213.0,Verified,debt_consolidation,TX,32.37,1.0,685.0,689.0,0.0,58.4,32.0,Individual,6,High Risk,Manual Review
48574526,16600.0, 60 months,18.25,E,E1,7 years,MORTGAGE,50000.0,Source Verified,debt_consolidation,MN,37.11,0.0,760.0,764.0,1.0,33.2,59.0,Individual,5,High Risk,Manual Review
48625742,10500.0, 60 months,21.67,E,E5,2 years,RENT,35000.0,Source Verified,car,PA,36.52,0.0,660.0,664.0,0.0,67.8,27.0,Individual,5,High Risk,Manual Review
48664928,30350.0, 60 months,18.84,E,E2,4 years,MORTGAGE,118000.0,Verified,major_purchase,MO,32.69,0.0,710.0,714.0,0.0,72.8,37.0,Individual,5,High Risk,Manual Review
48605442,24000.0, 60 months,18.25,E,E1,3 years,MORTGAGE,102000.0,Source Verified,debt_consolidation,VA,24.19,4.0,680.0,684.0,0.0,82.8,27.0,Individual,5,High Risk,Manual Review
48664722,9700.0, 36 months,18.84,E,E2,1 year,RENT,42000.0,Verified,debt_consolidation,CA,35.33,4.0,665.0,669.0,3.0,75.7,21.0,Individual,6,High Risk,Manual Review
48674284,3700.0, 36 months,18.84,E,E2,3 years,MORTGAGE,20000.0,Not Verified,credit_card,FL,35.65,0.0,660.0,664.0,0.0,47.0,21.0,Individual,5,High Risk,Manual Review
48654684,21075.0, 60 months,20.49,E,E4,9 years,MORTGAGE,48000.0,Source Verified,debt_consolidation,SC,34.53,1.0,705.0,709.0,0.0,53.8,27.0,Individual,6,High Risk,Manual Review
48544497,30000.0, 60 months,18.25,E,E1,2 years,MORTGAGE,85000.0,Verified,debt_consolidation,NC,24.66,1.0,665.0,669.0,0.0,80.4,27.0,Individual,5,High Risk,Manual Review
48674539,35000.0, 60 months,18.25,E,E1,10+ years,MORTGAGE,100000.0,Verified,debt_consolidation,AK,23.89,1.0,665.0,669.0,0.0,96.0,49.0,Individual,5,High Risk,Manual Review
46695095,17875.0, 60 months,19.52,E,E3,7 years,MORTGAGE,39000.0,Source Verified,debt_consolidation,OH,38.92,0.0,720.0,724.0,1.0,47.3,24.0,Individual,5,High Risk,Manual Review
46747002,22250.0, 36 months,16.55,D,D2,7 years,RENT,62000.0,Source Verified,other,MD,32.84,1.0,660.0,664.0,0.0,97.1,15.0,Individual,5,High Risk,Manual Review
46652557,9775.0, 36 months,18.84,E,E2,2 years,MORTGAGE,32000.0,Source Verified,home_improvement,TN,17.07,5.0,660.0,664.0,2.0,88.9,20.0,Individual,5,High Risk,Manual Review
48354311,13500.0, 60 months,22.99,F,F1,3 years,RENT,40000.0,Source Verified,debt_consolidation,NY,35.97,0.0,670.0,674.0,0.0,68.4,24.0,Individual,5,High Risk,Manual Review
48614532,24000.0, 60 months,18.25,E,E1,8 years,MORTGAGE,75000.0,Verified,debt_consolidation,IL,30.3,0.0,690.0,694.0,1.0,67.7,37.0,Individual,5,High Risk,Manual Review
46825517,10050.0, 36 months,18.84,E,E2,1 year,RENT,60000.0,Source Verified,debt_consolidation,NY,13.56,2.0,670.0,674.0,0.0,89.9,12.0,Individual,5,High Risk,Manual Review
48724253,16100.0, 60 months,19.52,E,E3,1 year,RENT,35000.0,Source Verified,debt_consolidation,OK,30.62,0.0,700.0,704.0,0.0,93.5,16.0,Individual,6,High Risk,Manual Review
48674463,19800.0, 60 months,24.5,F,F3,3 years,MORTGAGE,55000.0,Not Verified,debt_consolidation,NC,32.73,0.0,680.0,684.0,0.0,82.5,19.0,Individual,6,High Risk,Manual Review
48605112,5400.0, 36 months,19.52,E,E3,3 years,RENT,15000.0,Verified,debt_consolidation,WA,31.04,0.0,670.0,674.0,1.0,97.3,4.0,Individual,6,High Risk,Manual Review
48544280,10550.0, 60 months,19.52,E,E3,,MORTGAGE,42900.0,Verified,debt_consolidation,CO,39.88,1.0,685.0,689.0,0.0,75.3,18.0,Individual,6,High Risk,Manual Review
48644417,30000.0, 60 months,18.84,E,E2,,RENT,66000.0,Verified,debt_consolidation,NJ,36.2,1.0,705.0,709.0,2.0,19.7,57.0,Individual,6,High Risk,Manual Review
46824456,30000.0, 60 months,18.25,E,E1,10+ years,RENT,130000.0,Verified,debt_consolidation,MI,28.58,1.0,665.0,669.0,0.0,93.0,31.0,Individual,5,High Risk,Manual Review
48704427,17500.0, 36 months,25.8,G,G1,2 years,OWN,35000.0,Source Verified,debt_consolidation,IN,30.42,0.0,665.0,669.0,1.0,40.0,25.0,Individual,5,High Risk,Manual Review
48624691,24000.0, 60 months,19.52,E,E3,10+ years,MORTGAGE,65000.0,Source Verified,debt_consolidation,MO,38.87,0.0,670.0,674.0,3.0,74.4,38.0,Individual,5,High Risk,Manual Review
48654438,2900.0, 36 months,20.49,E,E4,10+ years,RENT,55000.0,Source Verified,debt_consolidation,CA,39.47,0.0,685.0,689.0,0.0,84.1,36.0,Individual,6,High Risk,Manual Review
46834562,19050.0, 60 months,18.84,E,E2,3 years,OWN,53000.0,Source Verified,debt_consolidation,NC,30.5,0.0,695.0,699.0,0.0,58.6,25.0,Individual,5,High Risk,Manual Review
48574360,18975.0, 60 months,19.52,E,E3,7 years,MORTGAGE,54812.0,Not Verified,debt_consolidation,OK,33.3,0.0,710.0,714.0,1.0,68.2,28.0,Individual,5,High Risk,Manual Review
48684363,14950.0, 36 months,19.52,E,E3,,OWN,35600.0,Verified,debt_consolidation,FL,36.14,0.0,725.0,729.0,0.0,44.5,15.0,Individual,5,High Risk,Manual Review
48604959,22525.0, 36 months,18.84,E,E2,7 years,RENT,60000.0,Verified,debt_consolidation,CA,33.1,0.0,670.0,674.0,1.0,86.0,15.0,Individual,6,High Risk,Manual Review
48674322,24000.0, 60 months,18.25,E,E1,,MORTGAGE,72000.0,Verified,debt_consolidation,FL,35.9,0.0,670.0,674.0,1.0,79.8,48.0,Individual,5,High Risk,Manual Review
46916318,8175.0, 36 months,18.25,E,E1,10+ years,MORTGAGE,44000.0,Not Verified,debt_consolidation,OR,35.52,2.0,660.0,664.0,0.0,87.4,16.0,Individual,7,High Risk,Manual Review
48624439,35000.0, 60 months,21.67,E,E5,8 years,MORTGAGE,86000.0,Verified,debt_consolidation,TX,39.97,0.0,720.0,724.0,0.0,56.1,36.0,Individual,5,High Risk,Manual Review
48604445,35000.0, 60 months,24.5,F,F3,10+ years,MORTGAGE,95000.0,Verified,home_improvement,TX,32.42,0.0,700.0,704.0,3.0,32.2,42.0,Individual,5,High Risk,Manual Review
48111429,13750.0, 60 months,25.89,G,G3,3 years,RENT,44000.0,Verified,debt_consolidation,CO,35.43,0.0,680.0,684.0,1.0,96.2,11.0,Individual,6,High Risk,Manual Review
48624513,11925.0, 36 months,18.25,E,E1,10+ years,RENT,36600.0,Source Verified,debt_consolidation,NY,33.9,0.0,675.0,679.0,1.0,95.6,20.0,Individual,6,High Risk,Manual Review
48604669,21550.0, 60 months,18.25,E,E1,10+ years,RENT,49000.0,Verified,debt_consolidation,OH,35.24,0.0,675.0,679.0,0.0,85.0,28.0,Individual,6,High Risk,Manual Review
48624664,10400.0, 60 months,20.49,E,E4,10+ years,RENT,72000.0,Verified,debt_consolidation,KS,30.23,0.0,690.0,694.0,4.0,33.5,62.0,Individual,5,High Risk,Manual Review
48664397,14450.0, 60 months,24.5,F,F3,10+ years,MORTGAGE,64000.0,Verified,debt_consolidation,NC,32.74,1.0,695.0,699.0,1.0,51.8,29.0,Individual,6,High Risk,Manual Review
48654377,15900.0, 60 months,23.99,F,F2,10+ years,RENT,47500.0,Verified,debt_consolidation,HI,39.01,0.0,670.0,674.0,0.0,40.9,22.0,Individual,5,High Risk,Manual Review
48614292,35000.0, 36 months,20.49,E,E4,10+ years,MORTGAGE,146500.0,Verified,debt_consolidation,NY,31.17,1.0,665.0,669.0,2.0,50.0,50.0,Individual,6,High Risk,Manual Review
48192228,25000.0, 60 months,18.25,E,E1,7 years,MORTGAGE,71000.0,Source Verified,debt_consolidation,AK,30.92,0.0,695.0,699.0,1.0,60.7,16.0,Individual,5,High Risk,Manual Review
48764255,12200.0, 60 months,19.52,E,E3,4 years,RENT,46500.0,Verified,debt_consolidation,MI,35.9,0.0,665.0,669.0,0.0,93.6,44.0,Individual,6,High Risk,Manual Review
48344458,21000.0, 60 months,22.99,F,F1,10+ years,MORTGAGE,102000.0,Verified,credit_card,MD,32.53,1.0,665.0,669.0,1.0,84.0,31.0,Individual,7,High Risk,Manual Review
48504435,21000.0, 60 months,18.84,E,E2,10+ years,RENT,90000.0,Source Verified,debt_consolidation,NY,30.36,0.0,665.0,669.0,1.0,74.6,42.0,Individual,5,High Risk,Manual Review
48284716,20875.0, 60 months,19.52,E,E3,7 years,MORTGAGE,53520.0,Source Verified,debt_consolidation,VA,37.56,0.0,670.0,674.0,1.0,50.5,22.0,Individual,5,High Risk,Manual Review
48684306,21050.0, 60 months,19.52,E,E3,10+ years,RENT,42108.0,Source Verified,debt_consolidation,FL,37.42,0.0,665.0,669.0,1.0,35.0,42.0,Individual,5,High Risk,Manual Review
48634205,34850.0, 60 months,24.99,F,F4,2 years,MORTGAGE,83000.0,Verified,debt_consolidation,AL,32.84,0.0,710.0,714.0,0.0,29.2,25.0,Individual,5,High Risk,Manual Review
48274130,15000.0, 60 months,19.52,E,E3,10+ years,MORTGAGE,45000.0,Verified,debt_consolidation,FL,9.09,2.0,670.0,674.0,2.0,96.9,16.0,Individual,5,High Risk,Manual Review
48524140,13000.0, 60 months,18.84,E,E2,< 1 year,RENT,34009.12,Source Verified,debt_consolidation,AZ,35.04,0.0,685.0,689.0,1.0,53.7,22.0,Individual,5,High Risk,Manual Review
48734256,19800.0, 60 months,19.52,E,E3,< 1 year,RENT,45000.0,Source Verified,debt_consolidation,CA,35.2,0.0,690.0,694.0,0.0,65.5,28.0,Individual,5,High Risk,Manual Review
48584140,3175.0, 36 months,21.67,E,E5,,RENT,25000.0,Verified,other,PA,36.87,1.0,660.0,664.0,2.0,50.0,13.0,Individual,6,High Risk,Manual Review
48734148,35000.0, 36 months,23.99,F,F2,< 1 year,RENT,88900.0,Verified,debt_consolidation,CA,33.9,1.0,665.0,669.0,2.0,54.5,21.0,Individual,6,High Risk,Manual Review
48734171,22000.0, 60 months,19.52,E,E3,10+ years,MORTGAGE,55000.0,Verified,debt_consolidation,CO,32.8,0.0,660.0,664.0,0.0,77.7,19.0,Individual,5,High Risk,Manual Review
48172086,16775.0, 36 months,19.52,E,E3,4 years,MORTGAGE,42000.0,Source Verified,debt_consolidation,TX,34.54,1.0,685.0,689.0,1.0,58.9,34.0,Individual,6,High Risk,Manual Review
48724144,35000.0, 36 months,21.67,E,E5,10+ years,MORTGAGE,130000.0,Verified,debt_consolidation,PA,33.6,0.0,665.0,669.0,2.0,73.0,44.0,Individual,5,High Risk,Manual Review
46832438,15600.0, 60 months,19.52,E,E3,4 years,MORTGAGE,39000.0,Not Verified,credit_card,DE,31.03,0.0,720.0,724.0,0.0,100.9,15.0,Individual,6,High Risk,Manual Review
48694305,35000.0, 60 months,21.67,E,E5,1 year,RENT,120000.0,Verified,debt_consolidation,NC,39.73,0.0,700.0,704.0,0.0,92.2,32.0,Individual,6,High Risk,Manual Review
48654345,14025.0, 36 months,18.25,E,E1,10+ years,RENT,39000.0,Source Verified,debt_consolidation,HI,32.41,0.0,700.0,704.0,0.0,61.2,20.0,Individual,5,High Risk,Manual Review
48594426,18850.0, 60 months,18.25,E,E1,10+ years,MORTGAGE,57000.0,Not Verified,credit_card,KY,37.45,0.0,690.0,694.0,0.0,72.3,48.0,Individual,5,High Risk,Manual Review
48344844,16000.0, 36 months,19.52,E,E3,10+ years,MORTGAGE,65000.0,Verified,debt_consolidation,WA,31.33,0.0,670.0,674.0,2.0,69.0,34.0,Individual,5,High Risk,Manual Review
48505067,26750.0, 60 months,23.99,F,F2,9 years,MORTGAGE,89000.0,Verified,debt_consolidation,OH,10.22,1.0,680.0,684.0,0.0,80.1,27.0,Individual,5,High Risk,Manual Review
48494897,25200.0, 60 months,25.57,F,F5,10+ years,MORTGAGE,70000.0,Verified,debt_consolidation,AR,35.32,0.0,715.0,719.0,0.0,71.6,18.0,Individual,5,High Risk,Manual Review
48275952,14750.0, 60 months,20.49,E,E4,10+ years,OWN,56000.0,Source Verified,debt_consolidation,MS,34.89,0.0,670.0,674.0,2.0,21.1,24.0,Individual,5,High Risk,Manual Review
48424186,19000.0, 60 months,18.25,E,E1,7 years,RENT,57500.0,Verified,credit_card,KY,31.06,0.0,675.0,679.0,2.0,37.9,30.0,Individual,5,High Risk,Manual Review
48284223,20400.0, 60 months,18.84,E,E2,10+ years,RENT,51000.0,Verified,debt_consolidation,MN,36.38,0.0,675.0,679.0,0.0,96.4,22.0,Individual,6,High Risk,Manual Review
48505046,18000.0, 60 months,17.86,D,D5,5 years,RENT,45000.0,Source Verified,credit_card,CA,35.55,1.0,670.0,674.0,0.0,96.7,15.0,Individual,5,High Risk,Manual Review
48001340,10000.0, 60 months,24.99,F,F4,2 years,MORTGAGE,24000.0,Verified,debt_consolidation,TX,37.85,0.0,660.0,664.0,2.0,11.9,22.0,Individual,5,High Risk,Manual Review
46816880,25250.0, 60 months,20.49,E,E4,10+ years,MORTGAGE,55000.0,Source Verified,debt_consolidation,CA,37.22,0.0,715.0,719.0,0.0,99.9,14.0,Individual,6,High Risk,Manual Review
48514835,25900.0, 60 months,20.49,E,E4,,MORTGAGE,54000.0,Verified,credit_card,UT,38.51,0.0,730.0,734.0,0.0,72.1,15.0,Individual,5,High Risk,Manual Review
48464310,24000.0, 60 months,19.52,E,E3,7 years,OWN,155000.0,Verified,debt_consolidation,CA,16.95,1.0,700.0,704.0,1.0,92.8,24.0,Individual,5,High Risk,Manual Review
48284691,15000.0, 36 months,19.52,E,E3,,OWN,30000.0,Verified,debt_consolidation,TX,32.24,0.0,710.0,714.0,0.0,44.5,23.0,Individual,5,High Risk,Manual Review
48474730,25000.0, 60 months,18.25,E,E1,10+ years,MORTGAGE,74000.0,Source Verified,debt_consolidation,FL,19.75,1.0,670.0,674.0,2.0,83.2,19.0,Individual,5,High Risk,Manual Review
48394718,27325.0, 60 months,25.57,F,F5,10+ years,RENT,54800.0,Source Verified,debt_consolidation,CA,34.12,0.0,725.0,729.0,0.0,45.2,33.0,Individual,5,High Risk,Manual Review
48454548,4450.0, 36 months,17.86,D,D5,3 years,MORTGAGE,45000.0,Source Verified,debt_consolidation,FL,30.92,3.0,660.0,664.0,1.0,90.0,29.0,Individual,5,High Risk,Manual Review
48324629,16600.0, 60 months,24.5,F,F3,2 years,MORTGAGE,41000.0,Source Verified,debt_consolidation,NC,37.91,0.0,695.0,699.0,1.0,51.3,19.0,Individual,5,High Risk,Manual Review
48414951,5050.0, 36 months,19.52,E,E3,,RENT,11496.0,Verified,credit_card,IN,33.3,0.0,695.0,699.0,0.0,96.9,10.0,Individual,6,High Risk,Manual Review
47991443,13100.0, 60 months,18.84,E,E2,9 years,MORTGAGE,52000.0,Source Verified,debt_consolidation,UT,28.46,1.0,680.0,684.0,0.0,85.8,24.0,Individual,5,High Risk,Manual Review
48434654,20950.0, 60 months,19.52,E,E3,10+ years,RENT,49929.66,Source Verified,debt_consolidation,WI,33.94,0.0,670.0,674.0,0.0,50.7,22.0,Individual,5,High Risk,Manual Review
48434479,12950.0, 36 months,20.49,E,E4,< 1 year,RENT,36000.0,Verified,debt_consolidation,NY,30.43,1.0,680.0,684.0,1.0,56.0,16.0,Individual,6,High Risk,Manual Review
48384626,21000.0, 60 months,22.99,F,F1,< 1 year,MORTGAGE,210000.0,Source Verified,small_business,NC,18.93,3.0,710.0,714.0,1.0,80.8,37.0,Individual,5,High Risk,Manual Review
47048208,29050.0, 60 months,21.67,E,E5,10+ years,MORTGAGE,80000.0,Source Verified,debt_consolidation,LA,35.57,1.0,680.0,684.0,0.0,88.0,49.0,Individual,7,High Risk,Manual Review
48344718,13075.0, 60 months,22.99,F,F1,6 years,OWN,38480.0,Verified,debt_consolidation,WI,28.41,1.0,660.0,664.0,0.0,85.1,30.0,Individual,5,High Risk,Manual Review
48161498,12850.0, 60 months,24.5,F,F3,3 years,OWN,35884.0,Verified,debt_consolidation,NC,33.14,0.0,675.0,679.0,1.0,74.1,22.0,Individual,5,High Risk,Manual Review
48434510,11300.0, 36 months,20.49,E,E4,2 years,MORTGAGE,43000.0,Source Verified,debt_consolidation,TN,36.09,4.0,665.0,669.0,1.0,76.6,21.0,Individual,6,High Risk,Manual Review
48384589,26500.0, 60 months,23.99,F,F2,10+ years,RENT,69744.0,Source Verified,debt_consolidation,TX,33.93,1.0,675.0,679.0,1.0,74.9,26.0,Individual,6,High Risk,Manual Review
48454559,11950.0, 60 months,19.52,E,E3,5 years,RENT,26000.0,Source Verified,debt_consolidation,OH,36.2,0.0,700.0,704.0,0.0,85.4,23.0,Individual,6,High Risk,Manual Review
48294615,30925.0, 60 months,25.8,G,G1,10+ years,MORTGAGE,75000.0,Verified,home_improvement,CA,30.21,1.0,665.0,669.0,2.0,76.1,41.0,Individual,6,High Risk,Manual Review
48424857,2400.0, 36 months,18.84,E,E2,9 years,RENT,23000.0,Not Verified,house,CA,36.33,0.0,660.0,664.0,0.0,19.2,11.0,Individual,5,High Risk,Manual Review
48384728,15750.0, 60 months,23.99,F,F2,10+ years,MORTGAGE,38000.0,Not Verified,credit_card,OK,36.87,0.0,675.0,679.0,0.0,77.5,48.0,Individual,5,High Risk,Manual Review
48354536,16675.0, 36 months,18.25,E,E1,8 years,MORTGAGE,64418.0,Not Verified,debt_consolidation,NM,17.88,1.0,680.0,684.0,0.0,92.3,36.0,Individual,5,High Risk,Manual Review
48404314,21925.0, 60 months,23.99,F,F2,9 years,MORTGAGE,61000.0,Verified,debt_consolidation,TX,36.4,0.0,665.0,669.0,1.0,54.1,57.0,Individual,5,High Risk,Manual Review
48494697,23000.0, 60 months,15.61,D,D1,5 years,RENT,60000.0,Source Verified,debt_consolidation,NY,33.76,2.0,675.0,679.0,0.0,81.3,27.0,Individual,5,High Risk,Manual Review
48364719,28100.0, 36 months,22.99,F,F1,2 years,MORTGAGE,74000.0,Verified,debt_consolidation,LA,31.25,0.0,690.0,694.0,1.0,86.3,21.0,Individual,6,High Risk,Manual Review
47008895,6850.0, 36 months,18.25,E,E1,6 years,MORTGAGE,27500.0,Verified,debt_consolidation,AZ,33.39,0.0,705.0,709.0,3.0,48.9,21.0,Individual,5,High Risk,Manual Review
48274973,7475.0, 36 months,24.5,F,F3,< 1 year,OWN,25000.0,Source Verified,debt_consolidation,MS,34.95,0.0,660.0,664.0,0.0,83.4,17.0,Individual,6,High Risk,Manual Review
48275118,14975.0, 60 months,21.67,E,E5,6 years,MORTGAGE,43908.0,Not Verified,debt_consolidation,FL,33.42,0.0,680.0,684.0,1.0,82.5,36.0,Individual,6,High Risk,Manual Review
48494513,13250.0, 60 months,21.67,E,E5,6 years,RENT,31000.0,Not Verified,credit_card,SD,33.68,2.0,665.0,669.0,0.0,83.7,41.0,Individual,7,High Risk,Manual Review
48414535,10475.0, 60 months,23.99,F,F2,,MORTGAGE,29285.0,Verified,debt_consolidation,IL,38.69,0.0,675.0,679.0,1.0,84.3,31.0,Individual,6,High Risk,Manual Review
48012222,29975.0, 60 months,18.84,E,E2,10+ years,MORTGAGE,60000.0,Source Verified,debt_consolidation,NY,34.96,0.0,715.0,719.0,0.0,81.7,26.0,Individual,6,High Risk,Manual Review
48444456,11550.0, 36 months,18.84,E,E2,2 years,OWN,40000.0,Source Verified,debt_consolidation,WA,32.22,0.0,660.0,664.0,1.0,59.1,17.0,Individual,5,High Risk,Manual Review
48494486,24600.0, 60 months,20.49,E,E4,2 years,RENT,67000.0,Verified,credit_card,VA,30.27,0.0,675.0,679.0,3.0,92.4,25.0,Individual,6,High Risk,Manual Review
48274847,12175.0, 60 months,18.84,E,E2,3 years,RENT,34000.0,Source Verified,debt_consolidation,IN,33.53,0.0,675.0,679.0,0.0,41.3,26.0,Individual,5,High Risk,Manual Review
48051748,30900.0, 36 months,18.25,E,E1,10+ years,MORTGAGE,62000.0,Verified,debt_consolidation,FL,36.41,0.0,700.0,704.0,1.0,47.8,54.0,Individual,5,High Risk,Manual Review
47048184,22125.0, 60 months,16.99,D,D3,10+ years,MORTGAGE,80000.0,Source Verified,debt_consolidation,LA,39.77,1.0,690.0,694.0,0.0,83.0,41.0,Individual,5,High Risk,Manual Review
48101039,25000.0, 60 months,18.84,E,E2,10+ years,MORTGAGE,73000.0,Source Verified,medical,LA,32.19,1.0,680.0,684.0,0.0,86.8,31.0,Individual,7,High Risk,Manual Review
48464212,16000.0, 60 months,25.57,F,F5,3 years,MORTGAGE,52000.0,Verified,debt_consolidation,NY,36.4,0.0,660.0,664.0,1.0,72.9,40.0,Individual,5,High Risk,Manual Review
48434219,35000.0, 60 months,20.49,E,E4,10+ years,MORTGAGE,100000.0,Source Verified,debt_consolidation,MD,15.57,2.0,690.0,694.0,1.0,86.2,15.0,Individual,5,High Risk,Manual Review
48334311,12000.0, 60 months,18.84,E,E2,5 years,RENT,36275.0,Source Verified,debt_consolidation,MA,36.7,0.0,675.0,679.0,0.0,56.9,23.0,Individual,5,High Risk,Manual Review
48314414,19875.0, 60 months,20.49,E,E4,9 years,MORTGAGE,45000.0,Not Verified,debt_consolidation,PA,38.96,0.0,690.0,694.0,1.0,75.2,22.0,Individual,5,High Risk,Manual Review
48274672,12000.0, 60 months,18.25,E,E1,2 years,RENT,85000.0,Source Verified,debt_consolidation,FL,17.51,1.0,665.0,669.0,0.0,100.2,29.0,Individual,5,High Risk,Manual Review
48444626,12300.0, 60 months,17.57,D,D4,8 years,MORTGAGE,70000.0,Not Verified,debt_consolidation,PA,31.84,1.0,675.0,679.0,1.0,83.1,36.0,Individual,5,High Risk,Manual Review
48364132,21625.0, 60 months,19.52,E,E3,10+ years,OWN,78589.0,Verified,debt_consolidation,NY,33.96,0.0,690.0,694.0,2.0,77.8,29.0,Individual,5,High Risk,Manual Review
48414215,29225.0, 60 months,18.25,E,E1,10+ years,MORTGAGE,130000.0,Verified,debt_consolidation,CO,33.78,1.0,685.0,689.0,1.0,60.8,42.0,Individual,6,High Risk,Manual Review
48274194,8000.0, 36 months,19.52,E,E3,3 years,OWN,40000.0,Verified,debt_consolidation,TN,39.45,0.0,670.0,674.0,0.0,32.3,24.0,Individual,5,High Risk,Manual Review
48314188,24275.0, 60 months,18.25,E,E1,,MORTGAGE,65000.0,Verified,debt_consolidation,LA,30.76,0.0,690.0,694.0,1.0,63.3,18.0,Individual,5,High Risk,Manual Review
48444276,26625.0, 60 months,19.52,E,E3,4 years,MORTGAGE,73000.0,Source Verified,credit_card,GA,34.59,0.0,690.0,694.0,1.0,89.1,35.0,Individual,6,High Risk,Manual Review
48284228,28675.0, 36 months,19.52,E,E3,,MORTGAGE,83000.0,Source Verified,credit_card,TX,30.91,0.0,660.0,664.0,1.0,49.3,42.0,Individual,5,High Risk,Manual Review
48151018,15275.0, 60 months,25.57,F,F5,2 years,RENT,48000.0,Source Verified,moving,TX,31.98,0.0,670.0,674.0,0.0,40.0,31.0,Individual,5,High Risk,Manual Review
48354190,10500.0, 60 months,18.25,E,E1,,MORTGAGE,28200.0,Verified,debt_consolidation,GA,36.13,0.0,685.0,689.0,0.0,36.6,45.0,Individual,5,High Risk,Manual Review
48424281,9850.0, 36 months,20.49,E,E4,3 years,RENT,24000.0,Not Verified,debt_consolidation,SC,34.2,0.0,675.0,679.0,0.0,96.3,30.0,Individual,6,High Risk,Manual Review
48374249,30000.0, 60 months,19.52,E,E3,3 years,MORTGAGE,100000.0,Verified,debt_consolidation,MN,30.72,0.0,670.0,674.0,0.0,76.9,46.0,Individual,5,High Risk,Manual Review
48314140,20325.0, 60 months,22.99,F,F1,< 1 year,MORTGAGE,57500.0,Verified,debt_consolidation,CO,37.61,1.0,680.0,684.0,1.0,67.1,32.0,Individual,6,High Risk,Manual Review
48444154,10275.0, 60 months,18.25,E,E1,5 years,MORTGAGE,36000.0,Source Verified,credit_card,WA,37.27,0.0,670.0,674.0,0.0,70.0,16.0,Individual,5,High Risk,Manual Review
48051807,5250.0, 36 months,21.67,E,E5,7 years,MORTGAGE,38480.0,Verified,debt_consolidation,SC,30.91,0.0,660.0,664.0,2.0,33.8,17.0,Individual,5,High Risk,Manual Review
48111919,14725.0, 36 months,18.84,E,E2,10+ years,MORTGAGE,63000.0,Verified,debt_consolidation,IN,34.23,0.0,710.0,714.0,1.0,83.3,33.0,Individual,6,High Risk,Manual Review
47717312,7900.0, 36 months,24.5,F,F3,< 1 year,RENT,26000.0,Source Verified,debt_consolidation,FL,32.64,0.0,660.0,664.0,1.0,46.6,28.0,Individual,5,High Risk,Manual Review
48131091,17500.0, 36 months,18.84,E,E2,< 1 year,OWN,55000.0,Source Verified,moving,FL,31.45,0.0,735.0,739.0,3.0,58.9,25.0,Individual,5,High Risk,Manual Review
48131112,35000.0, 36 months,19.52,E,E3,7 years,RENT,275000.0,Verified,debt_consolidation,CA,13.25,2.0,665.0,669.0,2.0,85.5,26.0,Individual,5,High Risk,Manual Review
48000989,35000.0, 60 months,20.49,E,E4,10+ years,MORTGAGE,100000.0,Verified,debt_consolidation,FL,36.18,0.0,715.0,719.0,0.0,87.0,21.0,Individual,6,High Risk,Manual Review
47747329,14325.0, 60 months,18.84,E,E2,,RENT,36000.0,Verified,debt_consolidation,FL,30.57,0.0,675.0,679.0,0.0,85.3,24.0,Individual,6,High Risk,Manual Review
48160917,10800.0, 60 months,19.52,E,E3,4 years,RENT,35000.0,Source Verified,debt_consolidation,TX,38.31,0.0,725.0,729.0,0.0,48.7,13.0,Individual,5,High Risk,Manual Review
48120954,10725.0, 60 months,20.49,E,E4,3 years,MORTGAGE,45000.0,Source Verified,debt_consolidation,TX,33.12,0.0,695.0,699.0,1.0,63.0,31.0,Individual,5,High Risk,Manual Review
48111553,29325.0, 60 months,18.84,E,E2,,MORTGAGE,58864.26,Verified,debt_consolidation,LA,36.64,0.0,665.0,669.0,1.0,80.6,41.0,Individual,6,High Risk,Manual Review
48060768,26000.0, 60 months,24.99,F,F4,10+ years,MORTGAGE,74000.0,Source Verified,debt_consolidation,CA,32.58,0.0,660.0,664.0,0.0,97.0,26.0,Individual,6,High Risk,Manual Review
48160495,11500.0, 60 months,18.84,E,E2,2 years,RENT,34000.0,Source Verified,debt_consolidation,CA,33.43,0.0,685.0,689.0,1.0,64.1,12.0,Individual,5,High Risk,Manual Review
48051406,10000.0, 60 months,21.67,E,E5,8 years,MORTGAGE,45000.0,Source Verified,other,TX,32.16,1.0,730.0,734.0,1.0,14.9,29.0,Individual,6,High Risk,Manual Review
48012339,22875.0, 60 months,20.49,E,E4,2 years,RENT,52000.0,Verified,debt_consolidation,NY,33.09,0.0,695.0,699.0,0.0,69.4,20.0,Individual,5,High Risk,Manual Review
47847257,17600.0, 36 months,18.84,E,E2,5 years,MORTGAGE,53000.0,Not Verified,home_improvement,NY,31.41,1.0,670.0,674.0,0.0,87.8,28.0,Individual,7,High Risk,Manual Review
48192197,20000.0, 60 months,22.99,F,F1,1 year,MORTGAGE,125000.0,Verified,other,VA,14.37,1.0,685.0,689.0,2.0,87.2,30.0,Individual,5,High Risk,Manual Review
47200524,35000.0, 60 months,22.99,F,F1,9 years,MORTGAGE,90000.0,Verified,debt_consolidation,PA,32.2,1.0,665.0,669.0,2.0,89.8,20.0,Individual,7,High Risk,Manual Review
48150644,20750.0, 60 months,18.25,E,E1,9 years,MORTGAGE,52000.0,Verified,debt_consolidation,MS,30.93,0.0,675.0,679.0,0.0,48.7,27.0,Individual,5,High Risk,Manual Review
48011968,7450.0, 36 months,19.52,E,E3,10+ years,OWN,15000.0,Source Verified,home_improvement,TX,35.68,1.0,665.0,669.0,0.0,83.2,19.0,Individual,7,High Risk,Manual Review
48150668,25000.0, 60 months,25.83,G,G2,2 years,MORTGAGE,58909.16,Source Verified,debt_consolidation,TX,24.49,2.0,660.0,664.0,0.0,88.3,27.0,Individual,5,High Risk,Manual Review
48031310,14975.0, 60 months,21.67,E,E5,< 1 year,RENT,50000.0,Source Verified,debt_consolidation,WA,31.01,0.0,665.0,669.0,0.0,62.9,29.0,Individual,5,High Risk,Manual Review
47797267,28600.0, 60 months,19.52,E,E3,10+ years,MORTGAGE,65000.0,Verified,debt_consolidation,NY,36.09,0.0,700.0,704.0,0.0,68.6,28.0,Individual,5,High Risk,Manual Review
48050323,13600.0, 36 months,19.52,E,E3,10+ years,MORTGAGE,43500.0,Not Verified,debt_consolidation,FL,37.28,0.0,670.0,674.0,0.0,79.6,26.0,Individual,5,High Risk,Manual Review
48111448,25600.0, 60 months,19.52,E,E3,3 years,MORTGAGE,53000.0,Source Verified,debt_consolidation,TX,30.28,0.0,690.0,694.0,0.0,99.5,15.0,Individual,6,High Risk,Manual Review
48150843,22400.0, 60 months,20.49,E,E4,5 years,MORTGAGE,75000.0,Source Verified,debt_consolidation,KY,38.27,0.0,670.0,674.0,1.0,81.9,27.0,Individual,6,High Risk,Manual Review
48051356,3400.0, 36 months,20.49,E,E4,10+ years,RENT,56000.0,Not Verified,debt_consolidation,NY,19.85,1.0,665.0,669.0,0.0,90.6,25.0,Individual,5,High Risk,Manual Review
48010560,13775.0, 60 months,21.67,E,E5,8 years,MORTGAGE,30000.0,Source Verified,credit_card,IL,39.4,0.0,710.0,714.0,0.0,87.0,14.0,Individual,6,High Risk,Manual Review
48140902,25450.0, 60 months,22.99,F,F1,8 years,MORTGAGE,65000.0,Source Verified,debt_consolidation,WA,30.76,0.0,680.0,684.0,1.0,88.9,31.0,Individual,6,High Risk,Manual Review
48012204,3600.0, 36 months,17.86,D,D5,2 years,RENT,45000.0,Verified,vacation,MN,34.85,1.0,680.0,684.0,1.0,91.0,46.0,Individual,5,High Risk,Manual Review
48021067,14175.0, 60 months,21.67,E,E5,8 years,OWN,60000.0,Source Verified,other,VA,30.32,0.0,720.0,724.0,0.0,43.8,18.0,Individual,5,High Risk,Manual Review
48160934,30000.0, 60 months,18.25,E,E1,3 years,MORTGAGE,73000.0,Verified,debt_consolidation,WY,30.97,0.0,710.0,714.0,1.0,64.4,28.0,Individual,5,High Risk,Manual Review
48150733,19950.0, 60 months,18.84,E,E2,10+ years,RENT,40000.0,Source Verified,credit_card,CA,31.23,0.0,690.0,694.0,0.0,86.3,31.0,Individual,6,High Risk,Manual Review
47251236,16525.0, 60 months,19.52,E,E3,10+ years,RENT,50000.0,Source Verified,debt_consolidation,AZ,33.39,0.0,660.0,664.0,0.0,50.3,30.0,Individual,5,High Risk,Manual Review
48222816,13250.0, 60 months,22.99,F,F1,4 years,RENT,59700.0,Verified,debt_consolidation,DE,31.43,0.0,675.0,679.0,2.0,89.7,46.0,Individual,6,High Risk,Manual Review
48111369,9550.0, 36 months,20.49,E,E4,7 years,MORTGAGE,32000.0,Verified,debt_consolidation,TX,32.6,0.0,670.0,674.0,0.0,94.2,27.0,Individual,6,High Risk,Manual Review
46696389,35000.0, 60 months,19.52,E,E3,1 year,MORTGAGE,560000.0,Source Verified,home_improvement,PA,8.63,1.0,700.0,704.0,2.0,84.5,46.0,Individual,5,High Risk,Manual Review
48051054,12600.0, 36 months,19.52,E,E3,4 years,RENT,30000.0,Source Verified,debt_consolidation,TX,31.16,0.0,675.0,679.0,2.0,59.4,16.0,Individual,5,High Risk,Manual Review
47847454,14400.0, 60 months,18.84,E,E2,5 years,MORTGAGE,55000.0,Not Verified,debt_consolidation,WI,37.27,0.0,720.0,724.0,3.0,31.0,32.0,Individual,5,High Risk,Manual Review
48090715,16575.0, 36 months,21.67,E,E5,,RENT,33552.0,Verified,debt_consolidation,GA,38.59,2.0,670.0,674.0,2.0,67.2,41.0,Individual,6,High Risk,Manual Review
48090706,30000.0, 60 months,19.52,E,E3,1 year,MORTGAGE,85000.0,Verified,credit_card,WA,31.36,3.0,675.0,679.0,1.0,98.6,22.0,Individual,7,High Risk,Manual Review
47593827,14000.0, 60 months,18.84,E,E2,10+ years,MORTGAGE,50000.0,Not Verified,debt_consolidation,OH,32.96,1.0,680.0,684.0,0.0,78.0,28.0,Individual,6,High Risk,Manual Review
48202655,5725.0, 36 months,21.67,E,E5,8 years,MORTGAGE,41340.0,Source Verified,debt_consolidation,TX,38.4,0.0,670.0,674.0,1.0,88.4,29.0,Individual,6,High Risk,Manual Review
47370238,30000.0, 60 months,21.67,E,E5,2 years,MORTGAGE,100000.0,Verified,debt_consolidation,WY,15.35,2.0,660.0,664.0,0.0,95.2,21.0,Individual,5,High Risk,Manual Review
47644334,24000.0, 60 months,18.84,E,E2,10+ years,MORTGAGE,98000.0,Verified,debt_consolidation,AL,29.25,2.0,675.0,679.0,0.0,82.9,29.0,Individual,5,High Risk,Manual Review
48011177,16575.0, 60 months,19.52,E,E3,3 years,RENT,50000.0,Source Verified,debt_consolidation,CO,35.36,0.0,675.0,679.0,0.0,48.9,49.0,Individual,5,High Risk,Manual Review
48000532,21600.0, 60 months,18.84,E,E2,10+ years,OWN,59000.0,Verified,credit_card,OH,35.86,0.0,670.0,674.0,1.0,80.0,33.0,Individual,5,High Risk,Manual Review
48050664,26850.0, 36 months,19.52,E,E3,10+ years,RENT,65000.0,Verified,debt_consolidation,NV,38.28,0.0,665.0,669.0,1.0,56.0,64.0,Individual,5,High Risk,Manual Review
46918494,12000.0, 60 months,17.86,D,D5,3 years,RENT,42000.0,Verified,debt_consolidation,MN,37.91,1.0,685.0,689.0,0.0,83.0,26.0,Individual,5,High Risk,Manual Review
48140589,18000.0, 60 months,15.61,D,D1,4 years,MORTGAGE,54500.0,Source Verified,credit_card,IN,32.13,1.0,670.0,674.0,1.0,93.2,62.0,Individual,5,High Risk,Manual Review
48050804,24000.0, 60 months,20.49,E,E4,10+ years,MORTGAGE,85000.0,Source Verified,home_improvement,NY,20.46,1.0,670.0,674.0,0.0,88.8,38.0,Individual,5,High Risk,Manual Review
47847433,19800.0, 36 months,25.8,G,G1,2 years,MORTGAGE,55000.0,Not Verified,debt_consolidation,IN,35.13,0.0,680.0,684.0,1.0,71.6,48.0,Individual,5,High Risk,Manual Review
46641674,10050.0, 60 months,18.25,E,E1,6 years,MORTGAGE,24000.0,Source Verified,debt_consolidation,KS,35.35,0.0,695.0,699.0,2.0,69.3,14.0,Individual,5,High Risk,Manual Review
48080556,20950.0, 60 months,21.67,E,E5,1 year,RENT,42000.0,Source Verified,debt_consolidation,TX,35.23,0.0,680.0,684.0,0.0,70.4,22.0,Individual,5,High Risk,Manual Review
48090463,11500.0, 60 months,18.84,E,E2,10+ years,RENT,32000.0,Verified,debt_consolidation,NJ,32.22,0.0,680.0,684.0,0.0,36.8,23.0,Individual,5,High Risk,Manual Review
48011014,1500.0, 36 months,22.99,F,F1,10+ years,RENT,65000.0,Not Verified,moving,NJ,24.13,1.0,670.0,674.0,0.0,80.6,26.0,Individual,5,High Risk,Manual Review
45364926,11200.0, 60 months,18.25,E,E1,10+ years,RENT,30000.0,Source Verified,debt_consolidation,CA,35.72,0.0,665.0,669.0,0.0,72.2,15.0,Individual,5,High Risk,Manual Review
48212550,12000.0, 60 months,19.52,E,E3,< 1 year,RENT,40000.0,Source Verified,other,OK,34.23,0.0,705.0,709.0,1.0,35.2,17.0,Individual,5,High Risk,Manual Review
48080521,5375.0, 36 months,18.84,E,E2,4 years,OWN,13695.0,Source Verified,debt_consolidation,AZ,39.96,0.0,690.0,694.0,0.0,90.2,4.0,Individual,6,High Risk,Manual Review
47038267,7525.0, 36 months,18.84,E,E2,10+ years,MORTGAGE,23000.0,Source Verified,other,NY,37.79,0.0,685.0,689.0,0.0,69.3,28.0,Individual,5,High Risk,Manual Review
48222539,23425.0, 60 months,23.99,F,F2,10+ years,RENT,58200.0,Source Verified,debt_consolidation,OH,32.97,1.0,685.0,689.0,0.0,45.7,10.0,Individual,6,High Risk,Manual Review
48130285,18325.0, 60 months,18.84,E,E2,10+ years,RENT,43700.0,Source Verified,credit_card,AZ,32.22,0.0,670.0,674.0,0.0,71.3,19.0,Individual,5,High Risk,Manual Review
48171473,18000.0, 60 months,20.49,E,E4,10+ years,RENT,45000.0,Verified,credit_card,PA,39.92,3.0,665.0,669.0,1.0,70.0,31.0,Individual,6,High Risk,Manual Review
48191336,12975.0, 60 months,19.52,E,E3,< 1 year,RENT,30960.0,Not Verified,credit_card,VA,30.31,1.0,670.0,674.0,0.0,65.9,21.0,Individual,6,High Risk,Manual Review
48010738,10450.0, 60 months,24.99,F,F4,10+ years,MORTGAGE,80000.0,Source Verified,debt_consolidation,MA,14.36,3.0,685.0,689.0,2.0,85.3,37.0,Individual,5,High Risk,Manual Review
48212534,35000.0, 60 months,21.67,E,E5,10+ years,MORTGAGE,120000.0,Verified,debt_consolidation,TX,33.79,0.0,700.0,704.0,0.0,77.9,39.0,Individual,5,High Risk,Manual Review
46723965,14375.0, 60 months,20.49,E,E4,5 years,MORTGAGE,40000.0,Source Verified,credit_card,WV,30.96,0.0,670.0,674.0,2.0,63.3,42.0,Individual,5,High Risk,Manual Review
47979328,25000.0, 60 months,24.5,F,F3,9 years,OWN,50000.0,Source Verified,debt_consolidation,AZ,38.18,0.0,685.0,689.0,0.0,57.7,23.0,Individual,5,High Risk,Manual Review
48140378,15350.0, 36 months,20.49,E,E4,4 years,RENT,96000.0,Verified,debt_consolidation,FL,22.39,1.0,675.0,679.0,1.0,102.4,12.0,Individual,5,High Risk,Manual Review
48120246,19000.0, 60 months,18.84,E,E2,1 year,RENT,38000.0,Source Verified,debt_consolidation,AZ,32.94,0.0,675.0,679.0,1.0,73.9,30.0,Individual,5,High Risk,Manual Review
48100342,29850.0, 60 months,23.99,F,F2,5 years,OWN,92217.0,Verified,debt_consolidation,VA,32.82,0.0,685.0,689.0,3.0,34.0,28.0,Individual,5,High Risk,Manual Review
47979298,13675.0, 36 months,22.99,F,F1,10+ years,OWN,35000.0,Verified,home_improvement,TX,30.8,0.0,670.0,674.0,0.0,55.3,24.0,Individual,5,High Risk,Manual Review
47807114,18350.0, 60 months,19.52,E,E3,4 years,RENT,40000.0,Source Verified,debt_consolidation,KS,33.54,0.0,720.0,724.0,2.0,51.2,29.0,Individual,5,High Risk,Manual Review
48040609,12450.0, 60 months,23.99,F,F2,2 years,RENT,25000.0,Source Verified,debt_consolidation,CA,38.3,1.0,680.0,684.0,1.0,14.8,11.0,Individual,6,High Risk,Manual Review
47979335,10725.0, 36 months,21.67,E,E5,6 years,RENT,30000.0,Source Verified,debt_consolidation,CA,31.8,0.0,665.0,669.0,1.0,70.4,14.0,Individual,5,High Risk,Manual Review
48110477,31175.0, 60 months,25.89,G,G3,9 years,RENT,80000.0,Verified,small_business,CA,32.03,0.0,665.0,669.0,3.0,59.8,23.0,Individual,5,High Risk,Manual Review
48040606,18000.0, 60 months,25.89,G,G3,10+ years,MORTGAGE,50000.0,Not Verified,debt_consolidation,PA,29.26,3.0,675.0,679.0,0.0,91.8,26.0,Individual,5,High Risk,Manual Review
48222358,13250.0, 60 months,20.49,E,E4,10+ years,RENT,37000.0,Source Verified,debt_consolidation,CA,37.92,0.0,670.0,674.0,0.0,58.3,34.0,Individual,5,High Risk,Manual Review
48020229,22875.0, 60 months,19.52,E,E3,10+ years,RENT,52000.0,Source Verified,debt_consolidation,MO,36.65,0.0,705.0,709.0,0.0,66.8,21.0,Individual,5,High Risk,Manual Review
46826408,9650.0, 36 months,18.25,E,E1,< 1 year,MORTGAGE,20000.0,Verified,other,TX,38.43,0.0,695.0,699.0,0.0,94.2,14.0,Individual,6,High Risk,Manual Review
47979220,11200.0, 60 months,18.25,E,E1,2 years,RENT,39000.0,Source Verified,debt_consolidation,OR,32.92,1.0,665.0,669.0,0.0,82.2,18.0,Individual,7,High Risk,Manual Review
46635026,30000.0, 60 months,24.99,F,F4,10+ years,RENT,96000.0,Verified,debt_consolidation,NJ,22.43,1.0,695.0,699.0,0.0,90.8,22.0,Individual,5,High Risk,Manual Review
48120265,18625.0, 36 months,19.52,E,E3,10+ years,MORTGAGE,52000.0,Not Verified,other,CA,31.76,0.0,680.0,684.0,0.0,66.0,27.0,Individual,5,High Risk,Manual Review
48202225,20550.0, 60 months,21.67,E,E5,5 years,RENT,46974.0,Source Verified,debt_consolidation,CA,36.76,0.0,680.0,684.0,0.0,77.0,22.0,Individual,5,High Risk,Manual Review
48222230,25975.0, 60 months,18.25,E,E1,10+ years,MORTGAGE,52076.0,Source Verified,debt_consolidation,NC,39.18,0.0,680.0,684.0,0.0,90.0,11.0,Individual,6,High Risk,Manual Review
48110293,20000.0, 60 months,15.61,D,D1,2 years,RENT,65000.0,Source Verified,debt_consolidation,NY,39.9,3.0,660.0,664.0,0.0,88.0,34.0,Individual,5,High Risk,Manual Review
48222208,29850.0, 60 months,18.84,E,E2,8 years,OWN,65000.0,Source Verified,debt_consolidation,OK,32.42,1.0,710.0,714.0,0.0,85.3,14.0,Individual,7,High Risk,Manual Review
47990217,16750.0, 60 months,18.84,E,E2,3 years,OWN,40000.0,Source Verified,credit_card,NC,34.77,0.0,685.0,689.0,0.0,73.1,16.0,Individual,5,High Risk,Manual Review
47897394,18000.0, 60 months,18.25,E,E1,9 years,MORTGAGE,57368.0,Not Verified,debt_consolidation,FL,30.49,0.0,680.0,684.0,1.0,81.0,33.0,Individual,6,High Risk,Manual Review
47190618,10100.0, 60 months,21.67,E,E5,2 years,RENT,51000.0,Not Verified,debt_consolidation,CO,31.93,0.0,660.0,664.0,2.0,54.0,53.0,Individual,5,High Risk,Manual Review
47727316,19225.0, 60 months,19.52,E,E3,10+ years,MORTGAGE,70000.0,Not Verified,debt_consolidation,TX,38.92,0.0,700.0,704.0,0.0,77.0,34.0,Individual,5,High Risk,Manual Review
47877283,12175.0, 60 months,21.67,E,E5,7 years,OWN,29000.0,Verified,debt_consolidation,IN,32.74,0.0,695.0,699.0,1.0,46.9,21.0,Individual,5,High Risk,Manual Review
47767684,7800.0, 36 months,24.5,F,F3,7 years,RENT,23000.0,Verified,debt_consolidation,OR,37.84,0.0,705.0,709.0,0.0,47.0,22.0,Individual,5,High Risk,Manual Review
47797323,16000.0, 60 months,16.55,D,D2,7 years,RENT,47500.0,Source Verified,debt_consolidation,MN,35.6,1.0,660.0,664.0,0.0,86.2,33.0,Individual,5,High Risk,Manual Review
47420205,21525.0, 60 months,20.49,E,E4,10+ years,RENT,49000.0,Verified,debt_consolidation,NY,39.85,0.0,680.0,684.0,1.0,80.7,14.0,Individual,6,High Risk,Manual Review
46836925,7900.0, 36 months,25.57,F,F5,1 year,RENT,33000.0,Source Verified,debt_consolidation,CA,35.24,0.0,670.0,674.0,1.0,68.0,20.0,Individual,5,High Risk,Manual Review
47807543,26050.0, 60 months,24.99,F,F4,4 years,RENT,58000.0,Verified,debt_consolidation,OH,34.2,0.0,680.0,684.0,1.0,71.0,32.0,Individual,5,High Risk,Manual Review
47867325,30675.0, 60 months,19.52,E,E3,2 years,MORTGAGE,73041.0,Verified,debt_consolidation,AL,36.49,2.0,660.0,664.0,0.0,81.7,61.0,Individual,7,High Risk,Manual Review
47251051,25925.0, 60 months,24.5,F,F3,3 years,OWN,52000.0,Verified,debt_consolidation,CA,33.59,0.0,670.0,674.0,0.0,78.0,17.0,Individual,5,High Risk,Manual Review
46823996,25000.0, 60 months,18.25,E,E1,10+ years,MORTGAGE,98600.0,Source Verified,debt_consolidation,CT,8.95,3.0,660.0,664.0,0.0,84.5,25.0,Individual,5,High Risk,Manual Review
47727311,25600.0, 60 months,24.5,F,F3,10+ years,MORTGAGE,100000.0,Verified,home_improvement,MD,27.85,1.0,675.0,679.0,0.0,86.6,56.0,Individual,5,High Risk,Manual Review
47917374,25000.0, 60 months,20.49,E,E4,10+ years,MORTGAGE,85000.0,Source Verified,debt_consolidation,MN,23.35,1.0,670.0,674.0,0.0,83.1,32.0,Individual,5,High Risk,Manual Review
46733106,13600.0, 60 months,18.25,E,E1,10+ years,RENT,31000.0,Source Verified,debt_consolidation,CA,38.27,0.0,685.0,689.0,2.0,52.1,25.0,Individual,5,High Risk,Manual Review
47927476,16150.0, 60 months,18.84,E,E2,,MORTGAGE,45000.0,Verified,debt_consolidation,CO,26.88,1.0,665.0,669.0,0.0,87.7,28.0,Individual,5,High Risk,Manual Review
46725020,12950.0, 60 months,19.52,E,E3,6 years,RENT,36000.0,Source Verified,debt_consolidation,KS,31.92,0.0,685.0,689.0,1.0,97.1,19.0,Individual,6,High Risk,Manual Review
46917647,15975.0, 60 months,25.57,F,F5,8 years,RENT,40000.0,Verified,credit_card,CA,32.35,0.0,665.0,669.0,0.0,89.4,24.0,Individual,6,High Risk,Manual Review
47817353,21600.0, 60 months,17.86,D,D5,10+ years,RENT,54018.0,Verified,debt_consolidation,OR,33.75,3.0,660.0,664.0,0.0,95.9,24.0,Individual,5,High Risk,Manual Review
47837135,15000.0, 60 months,20.49,E,E4,9 years,MORTGAGE,45000.0,Not Verified,debt_consolidation,IN,33.97,0.0,715.0,719.0,2.0,63.2,46.0,Individual,5,High Risk,Manual Review
47240230,22400.0, 60 months,19.52,E,E3,10+ years,MORTGAGE,51000.0,Source Verified,debt_consolidation,FL,31.39,0.0,705.0,709.0,1.0,93.9,11.0,Individual,6,High Risk,Manual Review
46456841,30000.0, 36 months,18.84,E,E2,8 years,RENT,90000.0,Verified,other,LA,30.61,0.0,705.0,709.0,2.0,49.7,45.0,Individual,5,High Risk,Manual Review
47747401,29175.0, 60 months,22.99,F,F1,,MORTGAGE,63456.0,Verified,debt_consolidation,OR,32.89,0.0,700.0,704.0,0.0,28.7,28.0,Individual,5,High Risk,Manual Review
47108181,25000.0, 60 months,17.57,D,D4,10+ years,OWN,61000.0,Verified,debt_consolidation,AR,34.72,3.0,660.0,664.0,0.0,89.5,13.0,Individual,5,High Risk,Manual Review
47717193,20000.0, 36 months,17.57,D,D4,8 years,RENT,61861.0,Not Verified,debt_consolidation,CA,34.16,1.0,665.0,669.0,1.0,92.5,27.0,Individual,5,High Risk,Manual Review
47807274,15000.0, 60 months,18.84,E,E2,1 year,RENT,36000.0,Source Verified,debt_consolidation,FL,34.38,0.0,695.0,699.0,0.0,51.1,16.0,Individual,5,High Risk,Manual Review
47927308,10000.0, 60 months,18.84,E,E2,5 years,RENT,35000.0,Verified,debt_consolidation,CA,38.89,0.0,665.0,669.0,1.0,47.5,37.0,Individual,5,High Risk,Manual Review
47927369,35000.0, 60 months,18.84,E,E2,7 years,RENT,200000.0,Verified,debt_consolidation,NJ,8.98,2.0,670.0,674.0,0.0,80.3,39.0,Individual,5,High Risk,Manual Review
47927334,26775.0, 60 months,18.84,E,E2,10+ years,RENT,61004.0,Source Verified,credit_card,IL,33.13,0.0,675.0,679.0,0.0,73.2,13.0,Individual,5,High Risk,Manual Review
46614451,17675.0, 60 months,19.52,E,E3,5 years,MORTGAGE,70000.0,Not Verified,home_improvement,NY,31.77,0.0,670.0,674.0,0.0,56.0,27.0,Individual,5,High Risk,Manual Review
46456936,12175.0, 60 months,23.99,F,F2,3 years,OWN,35929.0,Source Verified,debt_consolidation,SC,26.59,1.0,660.0,664.0,0.0,92.6,10.0,Individual,5,High Risk,Manual Review
47957277,5375.0, 36 months,19.52,E,E3,1 year,RENT,17137.0,Source Verified,other,NY,37.18,0.0,660.0,664.0,0.0,90.4,21.0,Individual,6,High Risk,Manual Review
47827168,29975.0, 60 months,18.25,E,E1,5 years,RENT,60000.0,Source Verified,credit_card,AZ,36.66,0.0,680.0,684.0,1.0,84.5,27.0,Individual,6,High Risk,Manual Review
47727166,14050.0, 36 months,18.84,E,E2,9 years,MORTGAGE,65000.0,Source Verified,debt_consolidation,TX,37.92,0.0,680.0,684.0,0.0,80.6,22.0,Individual,6,High Risk,Manual Review
47300135,21000.0, 60 months,18.84,E,E2,10+ years,MORTGAGE,149000.0,Verified,home_improvement,NY,16.87,2.0,665.0,669.0,0.0,96.9,35.0,Individual,5,High Risk,Manual Review
47737163,20000.0, 60 months,22.99,F,F1,10+ years,MORTGAGE,48030.0,Source Verified,debt_consolidation,CA,30.23,0.0,660.0,664.0,0.0,90.7,13.0,Individual,6,High Risk,Manual Review
47817204,19200.0, 60 months,18.84,E,E2,1 year,RENT,40000.0,Source Verified,credit_card,NH,39.75,0.0,710.0,714.0,0.0,75.2,13.0,Individual,5,High Risk,Manual Review
47737152,29975.0, 60 months,18.25,E,E1,10+ years,RENT,60000.0,Source Verified,credit_card,CA,38.78,0.0,680.0,684.0,1.0,24.2,38.0,Individual,5,High Risk,Manual Review
46598586,14400.0, 60 months,21.67,E,E5,2 years,MORTGAGE,50000.0,Not Verified,debt_consolidation,FL,37.04,0.0,660.0,664.0,0.0,53.7,29.0,Individual,5,High Risk,Manual Review
47471466,15000.0, 60 months,19.52,E,E3,1 year,OWN,53400.0,Verified,home_improvement,NY,20.47,8.0,660.0,664.0,0.0,88.2,57.0,Individual,5,High Risk,Manual Review
46601252,14700.0, 60 months,20.49,E,E4,5 years,RENT,35000.0,Verified,debt_consolidation,TX,33.95,0.0,670.0,674.0,2.0,62.4,24.0,Individual,5,High Risk,Manual Review
47897144,35000.0, 60 months,17.57,D,D4,< 1 year,MORTGAGE,90000.0,Verified,credit_card,NC,31.36,1.0,660.0,664.0,0.0,81.1,36.0,Individual,5,High Risk,Manual Review
47008776,22400.0, 60 months,18.25,E,E1,3 years,RENT,56000.0,Source Verified,debt_consolidation,PA,30.41,1.0,670.0,674.0,0.0,96.7,23.0,Individual,7,High Risk,Manual Review
47501341,13600.0, 60 months,23.99,F,F2,5 years,RENT,40000.0,Source Verified,debt_consolidation,CA,30.99,0.0,680.0,684.0,0.0,18.7,17.0,Individual,5,High Risk,Manual Review
47665369,4250.0, 36 months,21.67,E,E5,,RENT,12000.0,Verified,debt_consolidation,NJ,39.1,4.0,665.0,669.0,0.0,64.8,23.0,Individual,6,High Risk,Manual Review
47593156,21175.0, 60 months,19.52,E,E3,,RENT,48200.0,Verified,debt_consolidation,WI,36.03,0.0,705.0,709.0,1.0,53.8,29.0,Individual,5,High Risk,Manual Review
47572167,21075.0, 60 months,18.84,E,E2,10+ years,OWN,57000.0,Verified,debt_consolidation,GA,30.17,0.0,680.0,684.0,1.0,35.3,51.0,Individual,5,High Risk,Manual Review
47634716,18000.0, 60 months,18.25,E,E1,4 years,MORTGAGE,77213.0,Verified,debt_consolidation,VA,37.42,0.0,675.0,679.0,0.0,84.6,51.0,Individual,6,High Risk,Manual Review
47634661,25000.0, 60 months,19.52,E,E3,10+ years,RENT,75000.0,Verified,debt_consolidation,NV,38.78,0.0,675.0,679.0,1.0,54.9,31.0,Individual,5,High Risk,Manual Review
47521401,19775.0, 60 months,24.5,F,F3,5 years,RENT,55000.0,Verified,debt_consolidation,CT,38.56,0.0,665.0,669.0,1.0,77.0,28.0,Individual,5,High Risk,Manual Review
47491494,19825.0, 36 months,19.52,E,E3,,RENT,39739.44,Verified,debt_consolidation,NY,34.96,1.0,660.0,664.0,0.0,62.0,25.0,Individual,6,High Risk,Manual Review
46725786,13300.0, 36 months,22.99,F,F1,10+ years,MORTGAGE,37000.0,Not Verified,debt_consolidation,NH,30.68,0.0,700.0,704.0,1.0,66.4,29.0,Individual,5,High Risk,Manual Review
46928130,25000.0, 60 months,18.84,E,E2,10+ years,MORTGAGE,62000.0,Source Verified,debt_consolidation,PA,13.05,1.0,675.0,679.0,0.0,85.8,13.0,Individual,5,High Risk,Manual Review
47191226,9475.0, 36 months,18.84,E,E2,10+ years,MORTGAGE,35000.0,Source Verified,debt_consolidation,FL,36.11,0.0,680.0,684.0,0.0,70.1,26.0,Individual,5,High Risk,Manual Review
47481154,16000.0, 60 months,21.67,E,E5,1 year,RENT,40000.0,Verified,debt_consolidation,OK,33.69,1.0,675.0,679.0,1.0,17.0,29.0,Individual,6,High Risk,Manual Review
47592448,32950.0, 60 months,18.25,E,E1,9 years,OWN,110000.0,Verified,debt_consolidation,CA,30.36,0.0,710.0,714.0,0.0,100.1,20.0,Individual,6,High Risk,Manual Review
47531381,10000.0, 60 months,18.25,E,E1,10+ years,OWN,52832.0,Source Verified,home_improvement,AL,37.46,0.0,665.0,669.0,1.0,76.6,27.0,Individual,5,High Risk,Manual Review
46685078,24725.0, 60 months,17.86,D,D5,10+ years,RENT,73798.0,Source Verified,debt_consolidation,HI,35.0,1.0,665.0,669.0,2.0,85.4,25.0,Individual,5,High Risk,Manual Review
47675280,30000.0, 36 months,18.25,E,E1,10+ years,RENT,125000.0,Verified,debt_consolidation,CA,32.15,0.0,670.0,674.0,1.0,96.0,30.0,Individual,6,High Risk,Manual Review
46805756,7550.0, 36 months,16.99,D,D3,10+ years,MORTGAGE,50000.0,Source Verified,credit_card,AL,32.72,2.0,660.0,664.0,0.0,90.8,34.0,Individual,5,High Risk,Manual Review
46105046,13850.0, 60 months,18.25,E,E1,10+ years,MORTGAGE,45000.0,Source Verified,credit_card,TN,38.85,0.0,715.0,719.0,0.0,31.5,19.0,Individual,5,High Risk,Manual Review
47541277,17150.0, 60 months,23.99,F,F2,10+ years,RENT,41000.0,Source Verified,debt_consolidation,TX,39.99,0.0,675.0,679.0,0.0,56.3,24.0,Individual,5,High Risk,Manual Review
47410487,9825.0, 36 months,18.25,E,E1,2 years,RENT,30720.0,Source Verified,other,CA,37.93,0.0,710.0,714.0,0.0,81.3,10.0,Individual,6,High Risk,Manual Review
46599984,28500.0, 60 months,25.57,F,F5,2 years,MORTGAGE,65000.0,Source Verified,debt_consolidation,MI,39.19,1.0,660.0,664.0,0.0,51.1,24.0,Individual,6,High Risk,Manual Review
47511182,14975.0, 60 months,18.84,E,E2,6 years,MORTGAGE,30000.0,Source Verified,debt_consolidation,SC,32.76,2.0,665.0,669.0,0.0,36.4,34.0,Individual,6,High Risk,Manual Review
47561115,33025.0, 60 months,18.84,E,E2,10+ years,RENT,69000.0,Verified,debt_consolidation,TX,36.24,0.0,690.0,694.0,1.0,93.6,20.0,Individual,6,High Risk,Manual Review
46938276,7550.0, 36 months,18.84,E,E2,8 years,MORTGAGE,25000.0,Source Verified,debt_consolidation,AZ,35.57,0.0,680.0,684.0,1.0,7.0,25.0,Individual,5,High Risk,Manual Review
46747919,30000.0, 60 months,18.84,E,E2,2 years,RENT,75000.0,Verified,debt_consolidation,NY,33.02,0.0,710.0,714.0,0.0,94.0,22.0,Individual,6,High Risk,Manual Review
46611374,16825.0, 60 months,20.49,E,E4,1 year,MORTGAGE,59000.0,Not Verified,debt_consolidation,FL,39.99,0.0,700.0,704.0,0.0,80.2,44.0,Individual,6,High Risk,Manual Review
47169223,10050.0, 36 months,19.52,E,E3,,MORTGAGE,70520.0,Verified,debt_consolidation,NJ,31.87,0.0,660.0,664.0,1.0,82.9,37.0,Individual,6,High Risk,Manual Review
46655049,12450.0, 60 months,20.49,E,E4,1 year,RENT,25000.0,Source Verified,credit_card,NJ,30.1,0.0,665.0,669.0,0.0,63.7,11.0,Individual,5,High Risk,Manual Review
46813096,35000.0, 60 months,18.84,E,E2,10+ years,MORTGAGE,87000.0,Verified,debt_consolidation,MD,30.17,0.0,660.0,664.0,1.0,52.9,35.0,Individual,5,High Risk,Manual Review
47191545,19100.0, 60 months,18.84,E,E2,5 years,RENT,53242.0,Source Verified,debt_consolidation,TX,34.22,1.0,740.0,744.0,0.0,94.2,20.0,Individual,7,High Risk,Manual Review
47200542,35000.0, 36 months,18.25,E,E1,9 years,MORTGAGE,145000.0,Verified,home_improvement,CA,32.74,0.0,675.0,679.0,2.0,50.4,58.0,Individual,5,High Risk,Manual Review
46776105,11500.0, 60 months,20.49,E,E4,10+ years,RENT,34000.0,Source Verified,debt_consolidation,OH,32.12,0.0,660.0,664.0,0.0,45.5,26.0,Individual,5,High Risk,Manual Review
47260508,35000.0, 36 months,18.84,E,E2,10+ years,MORTGAGE,247000.0,Verified,debt_consolidation,NC,15.69,1.0,685.0,689.0,1.0,88.5,20.0,Individual,5,High Risk,Manual Review
46125593,12375.0, 36 months,17.57,D,D4,10+ years,OWN,50000.0,Source Verified,major_purchase,MO,30.19,2.0,660.0,664.0,1.0,91.4,12.0,Individual,5,High Risk,Manual Review
47320426,28975.0, 60 months,25.99,G,G4,10+ years,MORTGAGE,72000.0,Source Verified,debt_consolidation,UT,33.92,0.0,700.0,704.0,0.0,51.0,43.0,Individual,5,High Risk,Manual Review
47360481,35000.0, 60 months,22.99,F,F1,10+ years,RENT,73000.0,Verified,credit_card,MI,35.46,0.0,685.0,689.0,1.0,61.0,42.0,Individual,5,High Risk,Manual Review
47420564,23125.0, 60 months,18.25,E,E1,6 years,RENT,58000.0,Source Verified,debt_consolidation,MI,33.6,1.0,665.0,669.0,0.0,69.8,33.0,Individual,6,High Risk,Manual Review
47191565,16000.0, 60 months,16.55,D,D2,10+ years,MORTGAGE,124075.0,Source Verified,other,OR,30.04,1.0,670.0,674.0,0.0,94.5,40.0,Individual,5,High Risk,Manual Review
46664251,12500.0, 60 months,18.25,E,E1,2 years,RENT,34737.0,Source Verified,debt_consolidation,MD,25.05,1.0,665.0,669.0,0.0,90.9,17.0,Individual,5,High Risk,Manual Review
47191041,16700.0, 60 months,18.25,E,E1,3 years,MORTGAGE,46500.0,Source Verified,debt_consolidation,OH,39.54,0.0,705.0,709.0,1.0,39.3,30.0,Individual,5,High Risk,Manual Review
47220223,35000.0, 60 months,19.52,E,E3,10+ years,MORTGAGE,84000.0,Verified,debt_consolidation,CO,31.87,0.0,765.0,769.0,1.0,13.4,46.0,Individual,5,High Risk,Manual Review
47230446,6500.0, 36 months,18.84,E,E2,10+ years,MORTGAGE,45000.0,Not Verified,debt_consolidation,FL,31.54,1.0,670.0,674.0,1.0,56.2,41.0,Individual,6,High Risk,Manual Review
47191525,27075.0, 36 months,21.67,E,E5,1 year,MORTGAGE,120000.0,Source Verified,debt_consolidation,VA,5.67,1.0,675.0,679.0,0.0,89.8,14.0,Individual,5,High Risk,Manual Review
47350385,25000.0, 60 months,18.25,E,E1,10+ years,MORTGAGE,80000.0,Source Verified,debt_consolidation,CA,31.44,0.0,695.0,699.0,3.0,35.3,66.0,Individual,5,High Risk,Manual Review
46786960,18975.0, 60 months,24.5,F,F3,5 years,MORTGAGE,50000.0,Not Verified,debt_consolidation,PA,35.36,0.0,715.0,719.0,1.0,7.3,33.0,Individual,5,High Risk,Manual Review
47310308,18000.0, 60 months,19.52,E,E3,6 years,OWN,54000.0,Verified,debt_consolidation,TN,30.42,0.0,675.0,679.0,3.0,56.1,37.0,Individual,5,High Risk,Manual Review
47360392,24000.0, 60 months,18.25,E,E1,10+ years,OWN,52000.0,Verified,debt_consolidation,MI,20.12,4.0,685.0,689.0,0.0,81.5,22.0,Individual,5,High Risk,Manual Review
47191444,15350.0, 60 months,22.99,F,F1,6 years,RENT,35000.0,Source Verified,debt_consolidation,MN,37.55,0.0,680.0,684.0,1.0,78.8,23.0,Individual,5,High Risk,Manual Review
47310580,11325.0, 60 months,19.52,E,E3,5 years,RENT,33500.0,Source Verified,debt_consolidation,PA,32.64,0.0,665.0,669.0,2.0,81.1,19.0,Individual,6,High Risk,Manual Review
47310377,13200.0, 60 months,19.52,E,E3,8 years,RENT,45000.0,Source Verified,debt_consolidation,NC,36.51,0.0,670.0,674.0,3.0,46.5,31.0,Individual,5,High Risk,Manual Review
47200174,18000.0, 60 months,16.55,D,D2,10+ years,MORTGAGE,92000.0,Source Verified,debt_consolidation,OH,32.05,1.0,675.0,679.0,0.0,99.9,21.0,Individual,5,High Risk,Manual Review
47200249,22400.0, 60 months,24.5,F,F3,10+ years,RENT,70000.0,Source Verified,debt_consolidation,CA,34.8,0.0,670.0,674.0,1.0,84.6,16.0,Individual,6,High Risk,Manual Review
47190118,10750.0, 60 months,25.89,G,G3,,MORTGAGE,22800.0,Verified,debt_consolidation,WI,30.32,0.0,665.0,669.0,1.0,60.4,23.0,Individual,5,High Risk,Manual Review
47250313,32000.0, 60 months,21.67,E,E5,8 years,MORTGAGE,92000.0,Verified,debt_consolidation,KS,33.75,0.0,710.0,714.0,0.0,73.0,25.0,Individual,5,High Risk,Manual Review
47210187,7500.0, 36 months,18.25,E,E1,10+ years,MORTGAGE,42000.0,Verified,debt_consolidation,IN,34.06,3.0,670.0,674.0,3.0,60.1,26.0,Individual,6,High Risk,Manual Review
46706531,12450.0, 60 months,18.84,E,E2,10+ years,RENT,25000.0,Not Verified,debt_consolidation,NJ,34.52,0.0,670.0,674.0,0.0,75.0,24.0,Individual,5,High Risk,Manual Review
46275420,10875.0, 36 months,25.89,G,G3,7 years,RENT,32000.0,Source Verified,debt_consolidation,HI,38.52,0.0,695.0,699.0,3.0,62.8,23.0,Individual,5,High Risk,Manual Review
47400168,16000.0, 60 months,16.99,D,D3,6 years,MORTGAGE,77000.0,Source Verified,credit_card,GA,39.6,1.0,660.0,664.0,1.0,82.8,71.0,Individual,5,High Risk,Manual Review
47190160,4000.0, 36 months,18.25,E,E1,< 1 year,RENT,62000.0,Not Verified,moving,WI,30.97,0.0,695.0,699.0,0.0,87.1,28.0,Individual,6,High Risk,Manual Review
46826464,12550.0, 36 months,18.25,E,E1,10+ years,MORTGAGE,35000.0,Source Verified,debt_consolidation,OH,37.72,0.0,675.0,679.0,1.0,63.7,17.0,Individual,5,High Risk,Manual Review
47098502,16900.0, 60 months,22.99,F,F1,10+ years,RENT,47000.0,Verified,other,MI,34.3,0.0,660.0,664.0,2.0,71.6,40.0,Individual,5,High Risk,Manual Review
46754784,20000.0, 60 months,16.99,D,D3,10+ years,MORTGAGE,100000.0,Verified,debt_consolidation,VA,35.03,2.0,665.0,669.0,1.0,89.7,40.0,Individual,5,High Risk,Manual Review
46655595,5825.0, 36 months,24.5,F,F3,1 year,OWN,19656.0,Verified,debt_consolidation,GA,33.64,0.0,670.0,674.0,0.0,95.8,15.0,Individual,6,High Risk,Manual Review
47340114,3200.0, 36 months,18.84,E,E2,3 years,OWN,44000.0,Verified,home_improvement,MO,1.72,4.0,670.0,674.0,2.0,89.2,33.0,Individual,5,High Risk,Manual Review
47038415,34475.0, 60 months,20.49,E,E4,10+ years,MORTGAGE,120000.0,Verified,debt_consolidation,PA,34.51,0.0,700.0,704.0,2.0,44.7,28.0,Individual,5,High Risk,Manual Review
47008752,18550.0, 60 months,18.25,E,E1,10+ years,MORTGAGE,46473.0,Verified,credit_card,TN,36.26,0.0,685.0,689.0,0.0,72.6,65.0,Individual,5,High Risk,Manual Review
46611421,19550.0, 60 months,18.25,E,E1,< 1 year,RENT,49000.0,Source Verified,debt_consolidation,CO,31.86,0.0,695.0,699.0,0.0,87.4,15.0,Individual,6,High Risk,Manual Review
46998619,29400.0, 60 months,22.99,F,F1,10+ years,MORTGAGE,130000.0,Verified,debt_consolidation,CT,34.99,0.0,660.0,664.0,1.0,95.1,41.0,Individual,6,High Risk,Manual Review
46958442,4125.0, 36 months,25.83,G,G2,1 year,RENT,14000.0,Verified,moving,CT,30.87,0.0,660.0,664.0,0.0,89.4,10.0,Individual,6,High Risk,Manual Review
47008896,34475.0, 60 months,24.5,F,F3,10+ years,MORTGAGE,76131.0,Verified,debt_consolidation,VA,33.83,0.0,680.0,684.0,0.0,69.3,43.0,Individual,5,High Risk,Manual Review
47168894,21600.0, 60 months,25.57,F,F5,,MORTGAGE,60000.0,Verified,debt_consolidation,GA,35.28,1.0,660.0,664.0,1.0,65.5,66.0,Individual,6,High Risk,Manual Review
46998570,3750.0, 36 months,20.49,E,E4,,RENT,9479.0,Verified,debt_consolidation,RI,39.29,0.0,695.0,699.0,1.0,41.3,12.0,Individual,5,High Risk,Manual Review
46034137,18000.0, 60 months,22.99,F,F1,10+ years,RENT,50000.0,Verified,debt_consolidation,VA,39.63,0.0,680.0,684.0,0.0,100.8,23.0,Individual,6,High Risk,Manual Review
46988395,16375.0, 60 months,24.99,F,F4,4 years,MORTGAGE,45501.0,Verified,debt_consolidation,AL,34.29,0.0,660.0,664.0,2.0,91.8,24.0,Individual,6,High Risk,Manual Review
47008675,15125.0, 60 months,19.52,E,E3,3 years,MORTGAGE,50107.2,Source Verified,debt_consolidation,WA,30.32,0.0,670.0,674.0,1.0,69.9,19.0,Individual,5,High Risk,Manual Review
46998257,35000.0, 60 months,22.99,F,F1,10+ years,MORTGAGE,91360.0,Verified,debt_consolidation,LA,26.8,1.0,665.0,669.0,0.0,93.2,31.0,Individual,5,High Risk,Manual Review
47098342,25575.0, 36 months,18.25,E,E1,10+ years,RENT,64174.0,Verified,debt_consolidation,IL,32.12,0.0,675.0,679.0,2.0,55.0,49.0,Individual,5,High Risk,Manual Review
47118404,16375.0, 60 months,18.84,E,E2,10+ years,MORTGAGE,42000.0,Source Verified,debt_consolidation,KS,26.69,3.0,685.0,689.0,0.0,81.2,29.0,Individual,5,High Risk,Manual Review
46978355,35000.0, 60 months,18.25,E,E1,10+ years,MORTGAGE,145000.0,Verified,debt_consolidation,NJ,20.0,1.0,675.0,679.0,0.0,86.0,33.0,Individual,5,High Risk,Manual Review
46998201,21600.0, 60 months,18.25,E,E1,10+ years,RENT,60000.0,Source Verified,debt_consolidation,HI,30.6,0.0,760.0,764.0,2.0,18.8,37.0,Individual,5,High Risk,Manual Review
46356363,18000.0, 60 months,21.67,E,E5,,MORTGAGE,49000.0,Verified,debt_consolidation,OH,30.66,0.0,665.0,669.0,0.0,78.0,41.0,Individual,5,High Risk,Manual Review
46194344,28000.0, 60 months,18.84,E,E2,4 years,MORTGAGE,80000.0,Source Verified,debt_consolidation,MA,35.31,0.0,685.0,689.0,1.0,66.6,39.0,Individual,5,High Risk,Manual Review
46117178,17125.0, 60 months,19.52,E,E3,3 years,MORTGAGE,50000.0,Source Verified,debt_consolidation,KY,33.89,0.0,675.0,679.0,0.0,39.5,41.0,Individual,5,High Risk,Manual Review
46686277,8325.0, 36 months,20.49,E,E4,5 years,RENT,30000.0,Verified,debt_consolidation,FL,33.72,0.0,675.0,679.0,4.0,43.3,16.0,Individual,5,High Risk,Manual Review
47098196,16200.0, 60 months,20.49,E,E4,7 years,OWN,45053.0,Source Verified,debt_consolidation,MN,32.37,0.0,700.0,704.0,2.0,88.0,21.0,Individual,6,High Risk,Manual Review
46948227,12275.0, 60 months,20.49,E,E4,9 years,OWN,36000.0,Source Verified,debt_consolidation,NM,30.43,0.0,720.0,724.0,2.0,43.7,10.0,Individual,5,High Risk,Manual Review
46724808,22000.0, 60 months,19.52,E,E3,1 year,MORTGAGE,50000.0,Source Verified,debt_consolidation,CO,32.18,0.0,690.0,694.0,2.0,56.3,21.0,Individual,5,High Risk,Manual Review
47148267,16750.0, 60 months,19.52,E,E3,7 years,RENT,36000.0,Source Verified,debt_consolidation,VA,26.3,1.0,660.0,664.0,0.0,85.3,10.0,Individual,5,High Risk,Manual Review
47008151,10375.0, 60 months,18.84,E,E2,,RENT,20892.0,Verified,debt_consolidation,SC,30.79,0.0,695.0,699.0,1.0,68.9,23.0,Individual,5,High Risk,Manual Review
46746224,20725.0, 60 months,21.67,E,E5,8 years,OWN,52000.0,Source Verified,debt_consolidation,PA,36.53,0.0,685.0,689.0,2.0,57.5,47.0,Individual,5,High Risk,Manual Review
46978188,18250.0, 60 months,20.49,E,E4,10+ years,OWN,36500.0,Source Verified,credit_card,AZ,39.0,0.0,685.0,689.0,0.0,71.9,21.0,Individual,5,High Risk,Manual Review
46630482,18450.0, 60 months,18.84,E,E2,2 years,RENT,42000.0,Source Verified,debt_consolidation,VA,30.91,0.0,685.0,689.0,2.0,78.3,27.0,Individual,5,High Risk,Manual Review
47008228,24650.0, 36 months,18.25,E,E1,10+ years,MORTGAGE,147000.0,Verified,debt_consolidation,NY,2.58,2.0,695.0,699.0,0.0,122.1,12.0,Individual,5,High Risk,Manual Review
46988209,14700.0, 60 months,18.84,E,E2,,MORTGAGE,43723.0,Verified,debt_consolidation,PA,33.85,0.0,695.0,699.0,1.0,63.1,32.0,Individual,5,High Risk,Manual Review
46787589,19750.0, 60 months,22.99,F,F1,< 1 year,RENT,75000.0,Verified,home_improvement,MO,31.87,0.0,685.0,689.0,0.0,94.1,15.0,Individual,6,High Risk,Manual Review
46757119,21125.0, 60 months,18.25,E,E1,5 years,RENT,92000.0,Verified,credit_card,TX,32.77,0.0,665.0,669.0,2.0,60.1,64.0,Individual,5,High Risk,Manual Review
46725118,15000.0, 60 months,18.84,E,E2,3 years,RENT,126900.0,Verified,debt_consolidation,GA,25.68,1.0,665.0,669.0,1.0,96.1,35.0,Individual,5,High Risk,Manual Review
46314812,6650.0, 36 months,19.52,E,E3,,MORTGAGE,60000.0,Verified,home_improvement,CA,35.56,0.0,665.0,669.0,0.0,78.7,37.0,Individual,5,High Risk,Manual Review
46810942,7700.0, 36 months,19.52,E,E3,< 1 year,MORTGAGE,40000.0,Verified,debt_consolidation,IL,32.37,0.0,675.0,679.0,2.0,55.9,19.0,Individual,5,High Risk,Manual Review
46635273,30000.0, 60 months,17.86,D,D5,10+ years,MORTGAGE,123150.0,Verified,credit_card,AZ,32.59,1.0,670.0,674.0,0.0,92.0,18.0,Individual,5,High Risk,Manual Review
46928122,22000.0, 60 months,20.49,E,E4,5 years,RENT,72000.0,Source Verified,debt_consolidation,NJ,18.63,1.0,660.0,664.0,0.0,89.7,12.0,Individual,5,High Risk,Manual Review
46796172,12000.0, 60 months,22.99,F,F1,,MORTGAGE,72000.0,Verified,other,GA,36.33,0.0,670.0,674.0,2.0,50.3,14.0,Individual,5,High Risk,Manual Review
46675399,24650.0, 36 months,18.84,E,E2,10+ years,RENT,65000.0,Verified,debt_consolidation,NM,37.37,0.0,660.0,664.0,1.0,78.1,54.0,Individual,5,High Risk,Manual Review
46706756,28000.0, 60 months,18.84,E,E2,10+ years,MORTGAGE,60000.0,Source Verified,debt_consolidation,FL,31.34,1.0,680.0,684.0,1.0,81.4,16.0,Individual,7,High Risk,Manual Review
46787432,15225.0, 36 months,20.49,E,E4,2 years,RENT,55000.0,Source Verified,debt_consolidation,NY,33.21,0.0,695.0,699.0,0.0,44.9,10.0,Individual,5,High Risk,Manual Review
46598664,14875.0, 60 months,19.52,E,E3,8 years,MORTGAGE,56000.0,Source Verified,debt_consolidation,WA,34.76,0.0,675.0,679.0,1.0,68.6,21.0,Individual,5,High Risk,Manual Review
46837535,9875.0, 36 months,15.61,D,D1,10+ years,MORTGAGE,72000.0,Not Verified,home_improvement,MD,39.73,1.0,690.0,694.0,0.0,86.3,35.0,Individual,5,High Risk,Manual Review
46747808,13250.0, 60 months,19.52,E,E3,< 1 year,OWN,37000.0,Source Verified,other,WI,31.17,0.0,740.0,744.0,2.0,39.5,9.0,Individual,5,High Risk,Manual Review
46802219,22950.0, 60 months,19.52,E,E3,,MORTGAGE,47972.0,Verified,home_improvement,MI,31.4,0.0,710.0,714.0,0.0,42.8,25.0,Individual,5,High Risk,Manual Review
46727131,10000.0, 60 months,18.25,E,E1,10+ years,RENT,32000.0,Source Verified,debt_consolidation,MA,34.62,0.0,705.0,709.0,0.0,38.7,26.0,Individual,5,High Risk,Manual Review
46810651,19950.0, 60 months,19.52,E,E3,2 years,RENT,50000.0,Source Verified,debt_consolidation,FL,13.2,1.0,685.0,689.0,0.0,96.1,10.0,Individual,5,High Risk,Manual Review
46787292,16775.0, 60 months,18.25,E,E1,4 years,RENT,56000.0,Source Verified,debt_consolidation,CA,31.23,0.0,670.0,674.0,0.0,69.6,24.0,Individual,5,High Risk,Manual Review
46727054,23925.0, 60 months,18.25,E,E1,10+ years,RENT,63000.0,Verified,debt_consolidation,FL,37.83,0.0,670.0,674.0,1.0,69.8,22.0,Individual,5,High Risk,Manual Review
46675299,10550.0, 60 months,20.49,E,E4,,OWN,33000.0,Verified,debt_consolidation,IL,30.18,3.0,670.0,674.0,1.0,56.2,27.0,Individual,6,High Risk,Manual Review
46675306,12000.0, 60 months,20.49,E,E4,1 year,MORTGAGE,50000.0,Not Verified,vacation,OK,34.33,2.0,685.0,689.0,1.0,33.6,34.0,Individual,6,High Risk,Manual Review
46817133,8725.0, 36 months,17.57,D,D4,10+ years,MORTGAGE,22000.0,Source Verified,debt_consolidation,PA,33.75,1.0,660.0,664.0,0.0,86.8,10.0,Individual,5,High Risk,Manual Review
46601323,18725.0, 60 months,25.57,F,F5,8 years,MORTGAGE,63000.0,Source Verified,debt_consolidation,MA,23.1,7.0,660.0,664.0,0.0,89.8,24.0,Individual,5,High Risk,Manual Review
46735923,20000.0, 60 months,22.99,F,F1,10+ years,MORTGAGE,50000.0,Source Verified,debt_consolidation,LA,32.53,1.0,670.0,674.0,0.0,84.3,17.0,Individual,7,High Risk,Manual Review
46727030,2375.0, 36 months,18.25,E,E1,2 years,MORTGAGE,39492.0,Not Verified,medical,MI,36.13,0.0,665.0,669.0,0.0,66.8,27.0,Individual,5,High Risk,Manual Review
46810650,12700.0, 36 months,18.25,E,E1,< 1 year,MORTGAGE,25480.0,Verified,debt_consolidation,PA,33.4,0.0,665.0,669.0,1.0,66.0,35.0,Individual,5,High Risk,Manual Review
46918146,11625.0, 60 months,20.49,E,E4,10+ years,RENT,31000.0,Source Verified,debt_consolidation,CA,31.75,0.0,680.0,684.0,0.0,60.9,15.0,Individual,5,High Risk,Manual Review
46817024,11500.0, 60 months,18.84,E,E2,10+ years,RENT,32000.0,Source Verified,debt_consolidation,NC,35.52,0.0,665.0,669.0,0.0,94.5,19.0,Individual,6,High Risk,Manual Review
46634948,20675.0, 60 months,19.52,E,E3,2 years,MORTGAGE,85000.0,Source Verified,debt_consolidation,NY,31.51,1.0,705.0,709.0,0.0,65.3,18.0,Individual,6,High Risk,Manual Review
46614876,10000.0, 60 months,18.25,E,E1,3 years,OWN,50000.0,Source Verified,other,OH,36.2,0.0,665.0,669.0,0.0,64.5,18.0,Individual,5,High Risk,Manual Review
46918231,10725.0, 60 months,24.99,F,F4,7 years,RENT,31757.0,Source Verified,debt_consolidation,WI,31.78,0.0,685.0,689.0,0.0,55.1,13.0,Individual,5,High Risk,Manual Review
46918117,19350.0, 60 months,18.84,E,E2,7 years,MORTGAGE,72000.0,Verified,debt_consolidation,UT,35.45,0.0,715.0,719.0,1.0,58.9,22.0,Individual,5,High Risk,Manual Review
46747530,24000.0, 60 months,20.49,E,E4,4 years,OWN,60000.0,Source Verified,credit_card,SD,38.96,0.0,695.0,699.0,1.0,79.3,28.0,Individual,5,High Risk,Manual Review
46756719,7200.0, 36 months,18.25,E,E1,< 1 year,RENT,30000.0,Verified,debt_consolidation,MN,32.33,0.0,670.0,674.0,3.0,89.2,38.0,Individual,6,High Risk,Manual Review
46645191,19600.0, 36 months,19.52,E,E3,2 years,RENT,40000.0,Verified,debt_consolidation,FL,37.05,0.0,705.0,709.0,0.0,63.5,38.0,Individual,5,High Risk,Manual Review
46696238,24000.0, 60 months,25.8,G,G1,,OWN,54000.0,Verified,debt_consolidation,AK,17.67,1.0,680.0,684.0,1.0,90.9,10.0,Individual,5,High Risk,Manual Review
46611529,6975.0, 36 months,18.25,E,E1,10+ years,RENT,20000.0,Source Verified,debt_consolidation,MT,39.62,0.0,735.0,739.0,0.0,56.5,8.0,Individual,5,High Risk,Manual Review
46675074,28000.0, 60 months,19.52,E,E3,10+ years,RENT,64000.0,Source Verified,debt_consolidation,PA,36.04,0.0,690.0,694.0,0.0,62.1,17.0,Individual,5,High Risk,Manual Review
46816873,16850.0, 60 months,18.25,E,E1,10+ years,OWN,36700.0,Source Verified,debt_consolidation,AL,33.32,0.0,695.0,699.0,1.0,80.9,10.0,Individual,6,High Risk,Manual Review
46686046,20000.0, 60 months,18.84,E,E2,3 years,RENT,75976.56,Source Verified,debt_consolidation,LA,35.62,0.0,690.0,694.0,2.0,95.9,21.0,Individual,6,High Risk,Manual Review
46725101,16000.0, 36 months,18.84,E,E2,9 years,RENT,40000.0,Source Verified,debt_consolidation,GA,34.56,0.0,670.0,674.0,1.0,91.3,24.0,Individual,6,High Risk,Manual Review
46916739,6725.0, 36 months,16.99,D,D3,10+ years,MORTGAGE,50000.0,Verified,debt_consolidation,PA,33.65,3.0,660.0,664.0,1.0,83.4,38.0,Individual,5,High Risk,Manual Review
46726629,5875.0, 36 months,15.61,D,D1,10+ years,MORTGAGE,57000.0,Not Verified,debt_consolidation,OH,37.96,1.0,685.0,689.0,0.0,99.3,26.0,Individual,5,High Risk,Manual Review
46527842,13900.0, 60 months,23.99,F,F2,4 years,RENT,36000.0,Verified,debt_consolidation,CA,33.07,0.0,675.0,679.0,0.0,62.0,16.0,Individual,5,High Risk,Manual Review
46655188,30000.0, 36 months,18.84,E,E2,2 years,OWN,133000.0,Source Verified,debt_consolidation,FL,13.8,1.0,660.0,664.0,1.0,84.3,47.0,Individual,5,High Risk,Manual Review
46802830,35000.0, 60 months,19.52,E,E3,4 years,RENT,103000.0,Verified,credit_card,CA,33.29,0.0,670.0,674.0,1.0,57.0,34.0,Individual,5,High Risk,Manual Review
46716972,20400.0, 60 months,24.5,F,F3,10+ years,OWN,44000.0,Source Verified,debt_consolidation,MI,24.25,1.0,660.0,664.0,2.0,87.8,51.0,Individual,5,High Risk,Manual Review
46644969,17500.0, 36 months,18.25,E,E1,4 years,RENT,35000.0,Verified,debt_consolidation,NY,38.32,0.0,695.0,699.0,0.0,81.7,47.0,Individual,6,High Risk,Manual Review
46664117,7875.0, 36 months,19.52,E,E3,10+ years,OWN,33053.0,Source Verified,debt_consolidation,NY,16.7,1.0,680.0,684.0,1.0,89.8,16.0,Individual,5,High Risk,Manual Review
46809978,20950.0, 60 months,19.52,E,E3,10+ years,MORTGAGE,50000.0,Source Verified,credit_card,NY,39.17,0.0,680.0,684.0,1.0,74.1,52.0,Individual,5,High Risk,Manual Review
46810012,11225.0, 36 months,21.67,E,E5,2 years,RENT,31200.0,Source Verified,debt_consolidation,HI,35.96,0.0,675.0,679.0,0.0,70.3,11.0,Individual,5,High Risk,Manual Review
46685904,18000.0, 60 months,16.55,D,D2,5 years,MORTGAGE,58000.0,Not Verified,debt_consolidation,FL,34.49,3.0,670.0,674.0,0.0,83.9,23.0,Individual,5,High Risk,Manual Review
46815697,19950.0, 60 months,23.99,F,F2,1 year,MORTGAGE,50000.0,Source Verified,debt_consolidation,OH,39.82,1.0,665.0,669.0,0.0,53.8,45.0,Individual,6,High Risk,Manual Review
46685839,6000.0, 36 months,16.99,D,D3,7 years,MORTGAGE,58000.0,Not Verified,debt_consolidation,OK,38.42,1.0,660.0,664.0,2.0,86.9,40.0,Individual,5,High Risk,Manual Review
46696092,13825.0, 36 months,18.25,E,E1,4 years,MORTGAGE,33000.0,Verified,debt_consolidation,FL,37.84,0.0,665.0,669.0,0.0,60.2,26.0,Individual,5,High Risk,Manual Review
46655129,1500.0, 36 months,18.25,E,E1,10+ years,MORTGAGE,51000.0,Not Verified,debt_consolidation,NM,30.14,0.0,660.0,664.0,0.0,60.1,17.0,Individual,5,High Risk,Manual Review
46696101,35000.0, 60 months,18.84,E,E2,10+ years,MORTGAGE,175000.0,Verified,home_improvement,MI,5.51,6.0,680.0,684.0,0.0,96.9,18.0,Individual,5,High Risk,Manual Review
46644700,17325.0, 60 months,23.99,F,F2,10+ years,RENT,45000.0,Source Verified,debt_consolidation,GA,33.87,0.0,660.0,664.0,0.0,62.5,29.0,Individual,5,High Risk,Manual Review
46706312,11675.0, 60 months,19.52,E,E3,7 years,RENT,28000.0,Source Verified,debt_consolidation,WA,37.76,1.0,700.0,704.0,0.0,29.2,27.0,Individual,6,High Risk,Manual Review
46917906,15050.0, 60 months,19.52,E,E3,10+ years,MORTGAGE,65000.0,Not Verified,debt_consolidation,NC,33.14,1.0,680.0,684.0,1.0,70.8,30.0,Individual,6,High Risk,Manual Review
46674903,33150.0, 60 months,18.25,E,E1,6 years,RENT,100000.0,Verified,debt_consolidation,MD,33.8,0.0,685.0,689.0,0.0,81.9,29.0,Individual,6,High Risk,Manual Review
46917907,17550.0, 60 months,18.84,E,E2,9 years,RENT,44000.0,Verified,debt_consolidation,MO,31.66,0.0,665.0,669.0,2.0,62.7,23.0,Individual,5,High Risk,Manual Review
46643833,10000.0, 60 months,18.84,E,E2,7 years,MORTGAGE,33500.0,Source Verified,debt_consolidation,VA,32.93,1.0,660.0,664.0,1.0,49.0,24.0,Individual,6,High Risk,Manual Review
46674561,32500.0, 60 months,18.25,E,E1,10+ years,MORTGAGE,65000.0,Verified,credit_card,CT,14.42,4.0,660.0,664.0,0.0,89.4,24.0,Individual,5,High Risk,Manual Review
46614539,5225.0, 36 months,18.25,E,E1,8 years,MORTGAGE,30000.0,Verified,debt_consolidation,TX,32.8,0.0,680.0,684.0,1.0,85.4,30.0,Individual,6,High Risk,Manual Review
46756098,10200.0, 60 months,22.99,F,F1,3 years,RENT,45000.0,Source Verified,debt_consolidation,CA,30.53,0.0,705.0,709.0,3.0,60.8,19.0,Individual,5,High Risk,Manual Review
46765561,12725.0, 60 months,19.52,E,E3,< 1 year,MORTGAGE,56166.0,Verified,debt_consolidation,FL,37.76,0.0,695.0,699.0,1.0,62.5,23.0,Individual,5,High Risk,Manual Review
46786633,21125.0, 60 months,20.49,E,E4,10+ years,MORTGAGE,53000.0,Verified,debt_consolidation,NY,30.93,0.0,675.0,679.0,0.0,52.3,28.0,Individual,5,High Risk,Manual Review
46685498,12825.0, 60 months,22.99,F,F1,8 years,MORTGAGE,40000.0,Source Verified,debt_consolidation,IL,33.21,0.0,715.0,719.0,4.0,54.3,30.0,Individual,5,High Risk,Manual Review
46305748,12000.0, 60 months,17.86,D,D5,8 years,MORTGAGE,85000.0,Source Verified,other,CT,32.68,1.0,670.0,674.0,0.0,84.5,37.0,Individual,5,High Risk,Manual Review
46726353,10000.0, 60 months,19.52,E,E3,3 years,RENT,86520.0,Verified,debt_consolidation,OH,30.84,0.0,675.0,679.0,1.0,97.2,9.0,Individual,6,High Risk,Manual Review
46765427,5025.0, 36 months,18.84,E,E2,< 1 year,RENT,16800.0,Verified,debt_consolidation,NY,35.29,0.0,670.0,674.0,0.0,91.9,11.0,Individual,6,High Risk,Manual Review
46725548,12075.0, 60 months,22.99,F,F1,,RENT,39000.0,Verified,debt_consolidation,NY,34.11,0.0,745.0,749.0,2.0,10.9,36.0,Individual,5,High Risk,Manual Review
46726425,20975.0, 60 months,18.25,E,E1,8 years,MORTGAGE,50000.0,Source Verified,debt_consolidation,TX,34.47,0.0,695.0,699.0,0.0,87.9,9.0,Individual,6,High Risk,Manual Review
46825829,10400.0, 60 months,18.25,E,E1,10+ years,RENT,26000.0,Source Verified,debt_consolidation,NY,31.07,0.0,660.0,664.0,0.0,78.5,17.0,Individual,5,High Risk,Manual Review
45435084,31300.0, 60 months,19.52,E,E3,10+ years,MORTGAGE,95750.0,Verified,debt_consolidation,MN,37.02,0.0,690.0,694.0,2.0,73.9,53.0,Individual,5,High Risk,Manual Review
46633569,11850.0, 60 months,18.84,E,E2,2 years,RENT,33000.0,Verified,debt_consolidation,NJ,31.82,0.0,670.0,674.0,1.0,83.8,18.0,Individual,6,High Risk,Manual Review
46825693,5950.0, 36 months,19.52,E,E3,< 1 year,OWN,20000.0,Source Verified,debt_consolidation,VA,34.51,0.0,665.0,669.0,1.0,94.8,13.0,Individual,6,High Risk,Manual Review
46684472,3100.0, 36 months,18.25,E,E1,,MORTGAGE,64000.0,Verified,credit_card,WI,32.66,0.0,665.0,669.0,0.0,76.7,29.0,Individual,5,High Risk,Manual Review
46808837,13500.0, 60 months,24.5,F,F3,7 years,RENT,45000.0,Source Verified,debt_consolidation,OH,36.83,0.0,675.0,679.0,1.0,67.9,25.0,Individual,5,High Risk,Manual Review
46613704,15550.0, 60 months,20.49,E,E4,6 years,RENT,54000.0,Source Verified,debt_consolidation,OR,30.29,0.0,665.0,669.0,2.0,69.4,16.0,Individual,5,High Risk,Manual Review
46654035,35000.0, 60 months,24.5,F,F3,6 years,MORTGAGE,100000.0,Verified,debt_consolidation,MI,31.77,6.0,660.0,664.0,1.0,94.1,27.0,Individual,7,High Risk,Manual Review
46663675,4325.0, 36 months,25.8,G,G1,5 years,RENT,24000.0,Not Verified,other,NY,30.55,0.0,665.0,669.0,0.0,55.5,12.0,Individual,5,High Risk,Manual Review
46125336,6250.0, 36 months,18.25,E,E1,< 1 year,MORTGAGE,25000.0,Not Verified,debt_consolidation,NY,36.25,2.0,690.0,694.0,0.0,48.2,33.0,Individual,6,High Risk,Manual Review
46776054,18625.0, 60 months,21.67,E,E5,10+ years,MORTGAGE,46749.0,Verified,credit_card,OK,30.47,0.0,660.0,664.0,2.0,70.3,39.0,Individual,5,High Risk,Manual Review
46716652,14700.0, 36 months,18.25,E,E1,3 years,RENT,37000.0,Source Verified,debt_consolidation,NC,32.73,0.0,675.0,679.0,0.0,81.9,17.0,Individual,6,High Risk,Manual Review
46776620,20125.0, 36 months,18.25,E,E1,10+ years,MORTGAGE,56000.0,Verified,debt_consolidation,CO,32.94,0.0,695.0,699.0,3.0,42.2,42.0,Individual,5,High Risk,Manual Review
46674616,20000.0, 60 months,18.25,E,E1,10+ years,MORTGAGE,80000.0,Source Verified,debt_consolidation,TX,31.05,5.0,665.0,669.0,2.0,54.8,37.0,Individual,6,High Risk,Manual Review
46807050,9525.0, 36 months,18.25,E,E1,7 years,MORTGAGE,53000.0,Not Verified,debt_consolidation,RI,39.54,0.0,660.0,664.0,0.0,64.2,27.0,Individual,5,High Risk,Manual Review
46685297,16100.0, 60 months,18.84,E,E2,10+ years,RENT,35000.0,Source Verified,debt_consolidation,CT,31.86,0.0,695.0,699.0,0.0,88.6,15.0,Individual,6,High Risk,Manual Review
46643966,26500.0, 36 months,19.52,E,E3,10+ years,MORTGAGE,53000.0,Verified,debt_consolidation,NY,22.94,2.0,665.0,669.0,1.0,88.7,24.0,Individual,5,High Risk,Manual Review
46786262,15325.0, 36 months,18.84,E,E2,3 years,RENT,40000.0,Source Verified,car,AL,37.11,0.0,715.0,719.0,0.0,42.3,20.0,Individual,5,High Risk,Manual Review
46786028,16000.0, 60 months,25.89,G,G3,4 years,MORTGAGE,32000.0,Source Verified,credit_card,FL,32.15,0.0,670.0,674.0,2.0,57.6,21.0,Individual,5,High Risk,Manual Review
46134414,5500.0, 36 months,18.25,E,E1,9 years,RENT,28500.0,Source Verified,debt_consolidation,NY,32.38,0.0,700.0,704.0,1.0,34.8,24.0,Individual,5,High Risk,Manual Review
46705929,20000.0, 60 months,18.25,E,E1,10+ years,MORTGAGE,70000.0,Source Verified,debt_consolidation,IN,34.47,0.0,675.0,679.0,1.0,71.6,36.0,Individual,5,High Risk,Manual Review
46765160,25000.0, 60 months,18.84,E,E2,3 years,MORTGAGE,57200.0,Source Verified,debt_consolidation,PA,34.03,0.0,690.0,694.0,0.0,54.0,19.0,Individual,5,High Risk,Manual Review
46600425,22000.0, 60 months,18.25,E,E1,,MORTGAGE,49000.0,Verified,debt_consolidation,NC,37.72,0.0,700.0,704.0,0.0,44.4,40.0,Individual,5,High Risk,Manual Review
46786181,22850.0, 60 months,25.83,G,G2,10+ years,OWN,68577.0,Verified,debt_consolidation,NC,33.23,0.0,660.0,664.0,0.0,45.5,40.0,Individual,5,High Risk,Manual Review
46685223,26750.0, 60 months,22.99,F,F1,10+ years,RENT,61000.0,Verified,debt_consolidation,PA,37.92,0.0,675.0,679.0,0.0,77.5,30.0,Individual,5,High Risk,Manual Review
46337205,26050.0, 60 months,24.5,F,F3,10+ years,MORTGAGE,58000.0,Verified,home_improvement,IN,31.37,0.0,700.0,704.0,1.0,45.0,34.0,Individual,5,High Risk,Manual Review
46654291,9975.0, 36 months,18.84,E,E2,5 years,RENT,23800.0,Verified,debt_consolidation,FL,36.46,0.0,675.0,679.0,0.0,80.8,8.0,Individual,6,High Risk,Manual Review
46654355,8775.0, 36 months,19.52,E,E3,< 1 year,RENT,26000.0,Verified,debt_consolidation,LA,31.39,0.0,695.0,699.0,2.0,75.9,22.0,Individual,5,High Risk,Manual Review
46643714,11750.0, 60 months,24.5,F,F3,7 years,MORTGAGE,49000.0,Not Verified,debt_consolidation,MI,34.09,3.0,685.0,689.0,1.0,49.5,35.0,Individual,6,High Risk,Manual Review
46776312,28100.0, 60 months,18.25,E,E1,10+ years,MORTGAGE,78000.0,Source Verified,debt_consolidation,MA,32.18,0.0,680.0,684.0,0.0,93.7,22.0,Individual,6,High Risk,Manual Review
46793963,12950.0, 36 months,19.52,E,E3,,OWN,50190.0,Verified,debt_consolidation,VA,30.56,0.0,690.0,694.0,1.0,48.1,8.0,Individual,5,High Risk,Manual Review
46674412,16000.0, 60 months,21.67,E,E5,2 years,MORTGAGE,40000.0,Source Verified,debt_consolidation,CA,19.91,3.0,665.0,669.0,2.0,83.9,27.0,Individual,5,High Risk,Manual Review
46694205,9575.0, 36 months,20.49,E,E4,3 years,RENT,30000.0,Source Verified,other,AZ,35.6,0.0,670.0,674.0,0.0,,9.0,Individual,5,High Risk,Manual Review
46725982,13925.0, 60 months,22.99,F,F1,2 years,MORTGAGE,46500.0,Source Verified,debt_consolidation,AZ,33.65,0.0,670.0,674.0,0.0,64.6,17.0,Individual,5,High Risk,Manual Review
46704460,22650.0, 60 months,25.57,F,F5,< 1 year,RENT,74945.0,Source Verified,debt_consolidation,TX,34.5,0.0,670.0,674.0,1.0,74.7,40.0,Individual,5,High Risk,Manual Review
46836293,10800.0, 36 months,18.25,E,E1,10+ years,RENT,30000.0,Source Verified,debt_consolidation,NY,31.16,0.0,660.0,664.0,0.0,82.5,11.0,Individual,6,High Risk,Manual Review
46614116,15000.0, 60 months,17.86,D,D5,,MORTGAGE,57600.0,Verified,vacation,TX,32.9,1.0,715.0,719.0,1.0,81.3,33.0,Individual,5,High Risk,Manual Review
46726031,21875.0, 60 months,18.84,E,E2,8 years,MORTGAGE,52000.0,Source Verified,credit_card,FL,39.9,0.0,690.0,694.0,1.0,70.6,35.0,Individual,5,High Risk,Manual Review
46684979,6050.0, 36 months,18.84,E,E2,7 years,RENT,14500.0,Verified,credit_card,GA,34.77,0.0,685.0,689.0,1.0,93.6,10.0,Individual,6,High Risk,Manual Review
46785978,18875.0, 60 months,19.52,E,E3,9 years,MORTGAGE,45000.0,Source Verified,credit_card,OH,30.79,0.0,675.0,679.0,1.0,79.5,22.0,Individual,5,High Risk,Manual Review
46643406,12800.0, 60 months,18.25,E,E1,4 years,OWN,45000.0,Verified,debt_consolidation,NC,32.19,0.0,690.0,694.0,0.0,43.6,31.0,Individual,5,High Risk,Manual Review
46804704,23925.0, 60 months,24.5,F,F3,5 years,MORTGAGE,63000.0,Source Verified,home_improvement,GA,30.69,0.0,665.0,669.0,0.0,92.2,22.0,Individual,6,High Risk,Manual Review
46643478,26500.0, 60 months,24.5,F,F3,10+ years,RENT,58500.0,Source Verified,debt_consolidation,GA,36.02,6.0,660.0,664.0,0.0,18.2,29.0,Individual,6,High Risk,Manual Review
46601345,5475.0, 36 months,18.25,E,E1,10+ years,OWN,29000.0,Source Verified,debt_consolidation,WV,34.06,0.0,670.0,674.0,0.0,78.2,12.0,Individual,5,High Risk,Manual Review
46764713,11200.0, 60 months,18.25,E,E1,5 years,MORTGAGE,55000.0,Not Verified,other,MI,38.8,0.0,700.0,704.0,0.0,34.1,45.0,Individual,5,High Risk,Manual Review
46847601,17625.0, 60 months,21.67,E,E5,6 years,RENT,50000.0,Source Verified,debt_consolidation,NM,34.95,0.0,700.0,704.0,0.0,42.2,24.0,Individual,5,High Risk,Manual Review
46772782,5175.0, 36 months,18.25,E,E1,10+ years,RENT,30000.0,Source Verified,debt_consolidation,TN,39.6,0.0,685.0,689.0,0.0,34.7,26.0,Individual,5,High Risk,Manual Review
46836039,19350.0, 60 months,18.84,E,E2,5 years,MORTGAGE,48500.0,Source Verified,debt_consolidation,AL,33.95,0.0,660.0,664.0,1.0,54.1,19.0,Individual,5,High Risk,Manual Review
46764919,35000.0, 60 months,18.25,E,E1,9 years,RENT,79198.0,Verified,home_improvement,CA,30.95,0.0,675.0,679.0,0.0,84.7,13.0,Individual,6,High Risk,Manual Review
46507916,13675.0, 60 months,18.84,E,E2,< 1 year,MORTGAGE,43000.0,Source Verified,debt_consolidation,TX,35.56,0.0,705.0,709.0,0.0,74.0,21.0,Individual,5,High Risk,Manual Review
46775811,14750.0, 36 months,18.84,E,E2,7 years,RENT,37000.0,Source Verified,debt_consolidation,TX,38.92,0.0,680.0,684.0,3.0,50.0,31.0,Individual,5,High Risk,Manual Review
46653928,33825.0, 36 months,18.84,E,E2,10+ years,MORTGAGE,131000.0,Verified,debt_consolidation,NY,36.45,0.0,680.0,684.0,2.0,62.7,59.0,Individual,5,High Risk,Manual Review
46834811,19200.0, 60 months,18.84,E,E2,10+ years,RENT,38480.0,Source Verified,credit_card,AL,38.02,0.0,680.0,684.0,0.0,82.4,17.0,Individual,6,High Risk,Manual Review
46807521,10450.0, 60 months,19.52,E,E3,1 year,RENT,21000.0,Source Verified,debt_consolidation,WV,37.37,0.0,700.0,704.0,0.0,46.3,13.0,Individual,5,High Risk,Manual Review
46746389,19950.0, 60 months,18.25,E,E1,6 years,MORTGAGE,40000.0,Not Verified,home_improvement,FL,32.69,0.0,665.0,669.0,0.0,41.6,37.0,Individual,5,High Risk,Manual Review
46695127,14375.0, 36 months,19.52,E,E3,2 years,RENT,40000.0,Source Verified,debt_consolidation,CA,36.6,0.0,680.0,684.0,0.0,92.5,22.0,Individual,6,High Risk,Manual Review
46746354,34975.0, 36 months,21.67,E,E5,5 years,MORTGAGE,220000.0,Source Verified,home_improvement,KY,34.34,0.0,665.0,669.0,1.0,74.7,78.0,Individual,5,High Risk,Manual Review
46694495,9125.0, 36 months,18.25,E,E1,10+ years,MORTGAGE,56000.0,Source Verified,home_improvement,TX,37.74,0.0,660.0,664.0,1.0,43.5,33.0,Individual,5,High Risk,Manual Review
46684881,14000.0, 60 months,21.67,E,E5,< 1 year,OWN,36000.0,Source Verified,debt_consolidation,MA,39.13,0.0,660.0,664.0,0.0,55.8,16.0,Individual,5,High Risk,Manual Review
46695192,35000.0, 60 months,18.25,E,E1,10+ years,MORTGAGE,135000.0,Verified,debt_consolidation,NY,8.26,1.0,700.0,704.0,4.0,85.7,24.0,Individual,5,High Risk,Manual Review
46746372,17675.0, 60 months,20.49,E,E4,9 years,MORTGAGE,52000.0,Verified,debt_consolidation,NC,30.37,0.0,660.0,664.0,0.0,53.8,15.0,Individual,5,High Risk,Manual Review
46673484,19425.0, 60 months,18.84,E,E2,10+ years,MORTGAGE,54000.0,Source Verified,debt_consolidation,KY,31.62,0.0,690.0,694.0,1.0,74.4,17.0,Individual,5,High Risk,Manual Review
46824511,18000.0, 60 months,18.84,E,E2,3 years,RENT,72000.0,Verified,debt_consolidation,SC,22.32,2.0,660.0,664.0,0.0,84.0,27.0,Individual,5,High Risk,Manual Review
46601127,11025.0, 60 months,24.5,F,F3,< 1 year,RENT,37000.0,Source Verified,debt_consolidation,TN,38.86,0.0,660.0,664.0,2.0,68.9,42.0,Individual,5,High Risk,Manual Review
46662882,3750.0, 36 months,20.49,E,E4,< 1 year,MORTGAGE,32000.0,Not Verified,debt_consolidation,WA,35.75,0.0,665.0,669.0,0.0,62.4,25.0,Individual,5,High Risk,Manual Review
46642903,16150.0, 60 months,18.84,E,E2,3 years,OWN,45000.0,Source Verified,debt_consolidation,OH,30.8,0.0,685.0,689.0,0.0,63.4,27.0,Individual,5,High Risk,Manual Review
46613245,10000.0, 60 months,19.52,E,E3,< 1 year,OWN,43000.0,Source Verified,debt_consolidation,IN,18.36,1.0,665.0,669.0,0.0,95.9,11.0,Individual,5,High Risk,Manual Review
46653637,35000.0, 60 months,25.8,G,G1,3 years,MORTGAGE,100000.0,Verified,debt_consolidation,TX,21.77,2.0,665.0,669.0,2.0,92.3,32.0,Individual,5,High Risk,Manual Review
44796808,10475.0, 36 months,18.84,E,E2,6 years,OWN,31000.0,Verified,debt_consolidation,GA,30.03,3.0,660.0,664.0,1.0,65.1,27.0,Individual,6,High Risk,Manual Review
46806787,7800.0, 36 months,19.52,E,E3,5 years,MORTGAGE,50000.0,Verified,debt_consolidation,NY,28.8,2.0,660.0,664.0,1.0,88.0,30.0,Individual,5,High Risk,Manual Review
46815474,20000.0, 60 months,24.5,F,F3,,MORTGAGE,73200.0,Verified,debt_consolidation,TN,31.9,1.0,680.0,684.0,3.0,67.0,35.0,Individual,6,High Risk,Manual Review
46693964,22750.0, 60 months,18.84,E,E2,10+ years,MORTGAGE,60000.0,Source Verified,debt_consolidation,NC,30.06,0.0,670.0,674.0,0.0,44.7,17.0,Individual,5,High Risk,Manual Review
46806832,32750.0, 60 months,20.49,E,E4,5 years,MORTGAGE,120000.0,Verified,debt_consolidation,OK,19.04,1.0,670.0,674.0,1.0,104.6,26.0,Individual,5,High Risk,Manual Review
46785351,17475.0, 60 months,22.99,F,F1,3 years,MORTGAGE,55000.0,Verified,debt_consolidation,TX,35.17,1.0,670.0,674.0,0.0,78.0,34.0,Individual,6,High Risk,Manual Review
46397831,15825.0, 60 months,24.5,F,F3,1 year,MORTGAGE,48900.0,Source Verified,debt_consolidation,KY,35.98,1.0,665.0,669.0,0.0,68.0,39.0,Individual,6,High Risk,Manual Review
46662353,13050.0, 60 months,24.5,F,F3,7 years,MORTGAGE,110000.0,Verified,debt_consolidation,VA,17.46,2.0,675.0,679.0,1.0,99.0,45.0,Individual,5,High Risk,Manual Review
46662942,22000.0, 60 months,17.86,D,D5,10+ years,MORTGAGE,70000.0,Source Verified,debt_consolidation,IL,32.2,2.0,680.0,684.0,1.0,105.3,34.0,Individual,5,High Risk,Manual Review
46815540,16500.0, 60 months,25.57,F,F5,1 year,RENT,41425.0,Source Verified,credit_card,MD,34.88,1.0,675.0,679.0,1.0,61.1,43.0,Individual,6,High Risk,Manual Review
46844744,13825.0, 60 months,22.99,F,F1,10+ years,MORTGAGE,65000.0,Source Verified,credit_card,NJ,36.13,0.0,680.0,684.0,0.0,73.2,28.0,Individual,5,High Risk,Manual Review
46438013,3550.0, 36 months,25.57,F,F5,2 years,RENT,28000.0,Not Verified,other,CO,31.38,1.0,680.0,684.0,3.0,60.3,20.0,Individual,6,High Risk,Manual Review
46835635,25000.0, 60 months,21.67,E,E5,10+ years,MORTGAGE,120000.0,Verified,debt_consolidation,NY,14.78,1.0,675.0,679.0,0.0,87.8,26.0,Individual,5,High Risk,Manual Review
46600889,29975.0, 60 months,18.84,E,E2,1 year,RENT,60000.0,Source Verified,debt_consolidation,NY,31.9,2.0,660.0,664.0,0.0,70.8,24.0,Individual,6,High Risk,Manual Review
46613387,30000.0, 60 months,19.52,E,E3,2 years,RENT,72500.0,Verified,other,WV,30.62,0.0,690.0,694.0,0.0,32.2,48.0,Individual,5,High Risk,Manual Review
46775511,30000.0, 60 months,19.52,E,E3,5 years,RENT,160000.0,Verified,debt_consolidation,MD,30.4,0.0,685.0,689.0,1.0,70.4,39.0,Individual,5,High Risk,Manual Review
46806157,30000.0, 60 months,24.99,F,F4,10+ years,RENT,86000.0,Verified,debt_consolidation,CA,31.01,0.0,680.0,684.0,1.0,73.2,23.0,Individual,5,High Risk,Manual Review
46600879,7475.0, 36 months,22.99,F,F1,2 years,MORTGAGE,15000.0,Verified,debt_consolidation,FL,33.44,0.0,675.0,679.0,1.0,66.6,18.0,Individual,5,High Risk,Manual Review
46815342,19050.0, 60 months,19.52,E,E3,8 years,RENT,53000.0,Source Verified,debt_consolidation,MD,31.93,0.0,670.0,674.0,0.0,70.8,18.0,Individual,5,High Risk,Manual Review
46846980,15000.0, 60 months,20.49,E,E4,10+ years,MORTGAGE,30000.0,Verified,debt_consolidation,AL,31.88,1.0,665.0,669.0,1.0,19.2,55.0,Individual,6,High Risk,Manual Review
46764738,7950.0, 36 months,18.84,E,E2,,RENT,27900.0,Verified,debt_consolidation,GA,35.91,0.0,685.0,689.0,0.0,65.3,24.0,Individual,5,High Risk,Manual Review
46713338,3475.0, 36 months,21.67,E,E5,2 years,RENT,9700.0,Not Verified,debt_consolidation,MN,36.51,0.0,685.0,689.0,0.0,95.4,4.0,Individual,6,High Risk,Manual Review
46642649,30075.0, 36 months,16.99,D,D3,10+ years,MORTGAGE,91000.0,Verified,debt_consolidation,WA,33.01,1.0,665.0,669.0,0.0,81.2,20.0,Individual,5,High Risk,Manual Review
46725098,14400.0, 60 months,19.52,E,E3,10+ years,RENT,98000.0,Source Verified,debt_consolidation,CA,26.37,1.0,660.0,664.0,0.0,88.7,43.0,Individual,5,High Risk,Manual Review
46805142,10000.0, 36 months,19.52,E,E3,10+ years,RENT,120000.0,Not Verified,debt_consolidation,VA,26.07,1.0,665.0,669.0,1.0,93.0,26.0,Individual,5,High Risk,Manual Review
46673355,15000.0, 60 months,18.25,E,E1,5 years,OWN,70000.0,Not Verified,debt_consolidation,CT,32.09,0.0,710.0,714.0,0.0,79.2,32.0,Individual,5,High Risk,Manual Review
46725027,3825.0, 36 months,25.83,G,G2,< 1 year,RENT,22000.0,Not Verified,credit_card,TX,30.17,0.0,665.0,669.0,2.0,91.2,11.0,Individual,6,High Risk,Manual Review
46846247,19700.0, 60 months,22.99,F,F1,7 years,MORTGAGE,48808.08,Source Verified,debt_consolidation,WA,31.64,0.0,695.0,699.0,0.0,87.5,24.0,Individual,6,High Risk,Manual Review
46805100,6050.0, 36 months,21.67,E,E5,< 1 year,RENT,12171.12,Verified,debt_consolidation,CA,33.53,0.0,695.0,699.0,0.0,83.4,5.0,Individual,6,High Risk,Manual Review
46764576,10425.0, 36 months,16.99,D,D3,< 1 year,RENT,57000.0,Source Verified,debt_consolidation,CA,32.2,2.0,660.0,664.0,0.0,81.0,20.0,Individual,5,High Risk,Manual Review
46804997,19875.0, 60 months,19.52,E,E3,8 years,RENT,55404.0,Verified,debt_consolidation,CA,30.34,0.0,665.0,669.0,1.0,81.8,32.0,Individual,6,High Risk,Manual Review
46814404,7525.0, 36 months,18.25,E,E1,5 years,RENT,40000.0,Source Verified,debt_consolidation,FL,34.62,3.0,665.0,669.0,1.0,44.8,35.0,Individual,6,High Risk,Manual Review
46834806,17325.0, 60 months,18.25,E,E1,10+ years,MORTGAGE,75000.0,Not Verified,debt_consolidation,MD,15.62,2.0,675.0,679.0,0.0,96.5,32.0,Individual,5,High Risk,Manual Review
46612943,12950.0, 60 months,18.84,E,E2,10+ years,MORTGAGE,36000.0,Verified,debt_consolidation,CA,32.17,0.0,665.0,669.0,3.0,54.8,32.0,Individual,5,High Risk,Manual Review
46784765,10450.0, 60 months,25.89,G,G3,10+ years,RENT,35000.0,Source Verified,vacation,TN,38.68,0.0,670.0,674.0,0.0,67.6,34.0,Individual,5,High Risk,Manual Review
46814956,8625.0, 36 months,20.49,E,E4,< 1 year,RENT,24000.0,Source Verified,debt_consolidation,PA,37.55,0.0,670.0,674.0,0.0,89.4,21.0,Individual,6,High Risk,Manual Review
46775072,1200.0, 36 months,19.52,E,E3,3 years,RENT,32000.0,Source Verified,small_business,WI,34.4,0.0,680.0,684.0,0.0,79.3,18.0,Individual,5,High Risk,Manual Review
46652890,13900.0, 36 months,19.52,E,E3,1 year,RENT,57000.0,Source Verified,debt_consolidation,GA,32.32,0.0,665.0,669.0,0.0,66.4,27.0,Individual,5,High Risk,Manual Review
46611189,13475.0, 36 months,18.84,E,E2,10+ years,RENT,55500.0,Source Verified,debt_consolidation,UT,32.95,0.0,665.0,669.0,0.0,89.0,24.0,Individual,6,High Risk,Manual Review
46753103,25000.0, 60 months,19.52,E,E3,,RENT,69000.0,Verified,debt_consolidation,TN,30.14,0.0,685.0,689.0,1.0,62.0,30.0,Individual,5,High Risk,Manual Review
46744731,25000.0, 60 months,18.25,E,E1,10+ years,MORTGAGE,120000.0,Source Verified,home_improvement,GA,8.01,1.0,665.0,669.0,2.0,100.7,20.0,Individual,5,High Risk,Manual Review
46824488,35000.0, 60 months,18.25,E,E1,6 years,MORTGAGE,72000.0,Verified,debt_consolidation,TX,24.43,1.0,690.0,694.0,1.0,95.1,36.0,Individual,5,High Risk,Manual Review
46845857,14250.0, 60 months,18.84,E,E2,10+ years,RENT,34028.0,Source Verified,debt_consolidation,TX,30.97,0.0,660.0,664.0,1.0,66.0,13.0,Individual,5,High Risk,Manual Review
46784545,28000.0, 60 months,21.67,E,E5,9 years,RENT,66000.0,Verified,debt_consolidation,NY,34.76,0.0,670.0,674.0,1.0,63.3,37.0,Individual,5,High Risk,Manual Review
46744224,31200.0, 60 months,18.84,E,E2,10+ years,RENT,115300.0,Verified,debt_consolidation,MI,31.14,0.0,665.0,669.0,1.0,83.5,51.0,Individual,6,High Risk,Manual Review
45894382,20950.0, 60 months,22.99,F,F1,2 years,OWN,50000.0,Source Verified,debt_consolidation,TX,37.09,0.0,675.0,679.0,0.0,79.7,14.0,Individual,5,High Risk,Manual Review
46833994,17325.0, 60 months,24.99,F,F4,,MORTGAGE,40000.0,Verified,debt_consolidation,KS,30.39,1.0,670.0,674.0,2.0,100.7,42.0,Individual,7,High Risk,Manual Review
46763618,22900.0, 60 months,18.25,E,E1,2 years,MORTGAGE,52000.0,Source Verified,debt_consolidation,TX,30.19,0.0,710.0,714.0,0.0,83.5,17.0,Individual,6,High Risk,Manual Review
46724716,28375.0, 60 months,25.83,G,G2,10+ years,MORTGAGE,65000.0,Verified,other,MD,30.71,0.0,785.0,789.0,0.0,29.7,22.0,Individual,5,High Risk,Manual Review
46814538,3100.0, 36 months,20.49,E,E4,< 1 year,OWN,31000.0,Source Verified,debt_consolidation,KY,37.05,0.0,700.0,704.0,2.0,32.7,33.0,Individual,5,High Risk,Manual Review
46630254,35000.0, 60 months,19.52,E,E3,1 year,MORTGAGE,83050.0,Verified,debt_consolidation,FL,32.5,0.0,720.0,724.0,0.0,92.7,30.0,Individual,6,High Risk,Manual Review
46612476,14000.0, 36 months,18.25,E,E1,1 year,RENT,35000.0,Source Verified,debt_consolidation,NY,36.32,0.0,690.0,694.0,0.0,81.3,30.0,Individual,6,High Risk,Manual Review
46652944,20000.0, 60 months,19.52,E,E3,2 years,RENT,44500.0,Verified,debt_consolidation,MO,31.63,0.0,695.0,699.0,2.0,39.0,42.0,Individual,5,High Risk,Manual Review
46834449,16000.0, 60 months,15.61,D,D1,10+ years,MORTGAGE,80000.0,Verified,debt_consolidation,MA,30.53,1.0,680.0,684.0,0.0,94.3,39.0,Individual,5,High Risk,Manual Review
46754501,12600.0, 60 months,18.25,E,E1,< 1 year,RENT,31000.0,Verified,debt_consolidation,CA,35.31,0.0,665.0,669.0,0.0,85.9,15.0,Individual,6,High Risk,Manual Review
45464787,24000.0, 60 months,20.49,E,E4,10+ years,MORTGAGE,73534.0,Source Verified,debt_consolidation,PA,28.73,1.0,680.0,684.0,1.0,87.4,18.0,Individual,5,High Risk,Manual Review
46693440,9100.0, 36 months,23.99,F,F2,1 year,MORTGAGE,26000.0,Not Verified,debt_consolidation,CO,33.98,0.0,680.0,684.0,2.0,68.1,58.0,Individual,5,High Risk,Manual Review
46715134,35000.0, 60 months,19.52,E,E3,10+ years,MORTGAGE,106000.0,Verified,credit_card,AK,35.44,0.0,675.0,679.0,0.0,85.0,34.0,Individual,6,High Risk,Manual Review
46478085,13200.0, 60 months,17.57,D,D4,,OWN,30000.0,Verified,debt_consolidation,NY,33.37,1.0,675.0,679.0,0.0,82.8,31.0,Individual,5,High Risk,Manual Review
46652327,27975.0, 60 months,20.49,E,E4,8 years,MORTGAGE,56000.0,Source Verified,debt_consolidation,FL,37.51,0.0,670.0,674.0,0.0,86.6,14.0,Individual,6,High Risk,Manual Review
46704048,16750.0, 60 months,23.99,F,F2,1 year,RENT,55000.0,Source Verified,debt_consolidation,TX,32.82,4.0,695.0,699.0,0.0,75.5,40.0,Individual,6,High Risk,Manual Review
46693987,13375.0, 60 months,25.8,G,G1,6 years,MORTGAGE,44844.0,Verified,debt_consolidation,AL,33.93,0.0,660.0,664.0,1.0,84.7,18.0,Individual,6,High Risk,Manual Review
46834237,17550.0, 60 months,18.84,E,E2,3 years,MORTGAGE,40000.0,Not Verified,debt_consolidation,NC,37.56,0.0,670.0,674.0,1.0,67.5,24.0,Individual,5,High Risk,Manual Review
46784172,30000.0, 60 months,19.52,E,E3,4 years,RENT,170000.0,Verified,debt_consolidation,CA,10.25,3.0,670.0,674.0,0.0,98.3,24.0,Individual,5,High Risk,Manual Review
46803969,8725.0, 36 months,18.84,E,E2,,MORTGAGE,25000.0,Verified,debt_consolidation,FL,30.77,0.0,670.0,674.0,0.0,53.9,18.0,Individual,5,High Risk,Manual Review
46793968,3900.0, 36 months,18.84,E,E2,10+ years,MORTGAGE,42600.0,Verified,debt_consolidation,KS,39.75,0.0,665.0,669.0,0.0,58.0,26.0,Individual,5,High Risk,Manual Review
46834047,13475.0, 60 months,18.84,E,E2,10+ years,OWN,33886.9,Source Verified,debt_consolidation,AL,32.91,0.0,690.0,694.0,1.0,86.5,22.0,Individual,6,High Risk,Manual Review
46783337,22575.0, 36 months,18.25,E,E1,8 years,MORTGAGE,65000.0,Verified,debt_consolidation,RI,27.05,1.0,685.0,689.0,1.0,90.0,29.0,Individual,5,High Risk,Manual Review
46773956,21675.0, 60 months,25.57,F,F5,1 year,MORTGAGE,56000.0,Verified,debt_consolidation,PA,38.28,0.0,665.0,669.0,1.0,59.0,31.0,Individual,5,High Risk,Manual Review
46416719,20675.0, 60 months,23.99,F,F2,10+ years,MORTGAGE,60000.0,Verified,debt_consolidation,GA,30.56,3.0,670.0,674.0,3.0,38.0,19.0,Individual,6,High Risk,Manual Review
46234263,31975.0, 60 months,19.52,E,E3,5 years,MORTGAGE,72000.0,Verified,home_improvement,MA,30.75,0.0,710.0,714.0,0.0,50.2,27.0,Individual,5,High Risk,Manual Review
46536662,35000.0, 60 months,16.55,D,D2,< 1 year,MORTGAGE,90000.0,Verified,debt_consolidation,IL,33.22,3.0,675.0,679.0,0.0,90.9,48.0,Individual,5,High Risk,Manual Review
46772461,22425.0, 60 months,19.52,E,E3,2 years,OWN,45000.0,Source Verified,credit_card,OH,38.23,0.0,690.0,694.0,1.0,63.5,23.0,Individual,5,High Risk,Manual Review
46833987,18000.0, 36 months,18.25,E,E1,6 years,RENT,60000.0,Verified,house,PA,21.96,2.0,665.0,669.0,0.0,101.4,17.0,Individual,5,High Risk,Manual Review
46763584,25000.0, 60 months,23.99,F,F2,10+ years,MORTGAGE,78000.0,Verified,debt_consolidation,SD,16.23,1.0,660.0,664.0,4.0,92.0,30.0,Individual,5,High Risk,Manual Review
46723825,35000.0, 60 months,6.0,E,E1,6 years,OWN,82000.0,Verified,debt_consolidation,AL,35.15,0.0,730.0,734.0,0.0,97.1,28.0,Individual,5,High Risk,Manual Review
46703902,12000.0, 60 months,19.52,E,E3,10+ years,RENT,51000.0,Source Verified,credit_card,CA,35.84,0.0,685.0,689.0,2.0,94.4,18.0,Individual,6,High Risk,Manual Review
46703815,10000.0, 60 months,19.52,E,E3,10+ years,OWN,85000.0,Verified,debt_consolidation,OH,38.98,0.0,675.0,679.0,2.0,69.0,60.0,Individual,5,High Risk,Manual Review
46733706,15450.0, 60 months,19.52,E,E3,10+ years,RENT,43000.0,Source Verified,debt_consolidation,IL,39.55,0.0,690.0,694.0,1.0,72.7,21.0,Individual,5,High Risk,Manual Review
46651645,14375.0, 60 months,21.67,E,E5,2 years,RENT,36000.0,Source Verified,debt_consolidation,CA,35.77,0.0,665.0,669.0,2.0,79.9,26.0,Individual,5,High Risk,Manual Review
46621346,16825.0, 36 months,18.84,E,E2,8 years,OWN,50000.0,Verified,debt_consolidation,OK,34.04,4.0,660.0,664.0,2.0,66.0,22.0,Individual,6,High Risk,Manual Review
46833964,20000.0, 36 months,15.61,D,D1,10+ years,RENT,74000.0,Verified,debt_consolidation,HI,36.81,1.0,695.0,699.0,0.0,101.3,20.0,Individual,5,High Risk,Manual Review
46611967,14975.0, 60 months,25.83,G,G2,2 years,RENT,30000.0,Source Verified,debt_consolidation,FL,31.52,0.0,665.0,669.0,1.0,68.1,20.0,Individual,5,High Risk,Manual Review
46703027,17600.0, 60 months,18.25,E,E1,4 years,MORTGAGE,110000.0,Verified,credit_card,TX,16.33,1.0,670.0,674.0,2.0,97.0,39.0,Individual,5,High Risk,Manual Review
46671679,8675.0, 36 months,18.25,E,E1,10+ years,RENT,39000.0,Source Verified,debt_consolidation,TX,32.83,0.0,680.0,684.0,0.0,91.0,33.0,Individual,6,High Risk,Manual Review
46813954,15875.0, 36 months,18.25,E,E1,10+ years,MORTGAGE,73000.0,Verified,debt_consolidation,GA,24.23,2.0,665.0,669.0,1.0,88.1,18.0,Individual,5,High Risk,Manual Review
46611531,7625.0, 36 months,18.84,E,E2,3 years,RENT,35360.0,Source Verified,debt_consolidation,MO,34.01,0.0,670.0,674.0,2.0,61.5,11.0,Individual,5,High Risk,Manual Review
46793739,10225.0, 60 months,21.67,E,E5,1 year,RENT,42725.0,Verified,credit_card,UT,30.37,0.0,665.0,669.0,1.0,98.7,19.0,Individual,6,High Risk,Manual Review
46714277,18350.0, 60 months,18.84,E,E2,5 years,RENT,40000.0,Source Verified,debt_consolidation,NV,31.84,0.0,705.0,709.0,1.0,52.0,19.0,Individual,5,High Risk,Manual Review
46722765,10850.0, 36 months,21.67,E,E5,1 year,MORTGAGE,40000.0,Source Verified,debt_consolidation,MN,37.29,0.0,680.0,684.0,2.0,55.7,24.0,Individual,5,High Risk,Manual Review
46714249,32950.0, 60 months,18.84,E,E2,10+ years,RENT,75000.0,Verified,debt_consolidation,OH,16.46,1.0,685.0,689.0,1.0,80.2,29.0,Individual,5,High Risk,Manual Review
46599604,20500.0, 60 months,18.84,E,E2,10+ years,MORTGAGE,48900.0,Source Verified,debt_consolidation,KS,35.24,0.0,680.0,684.0,0.0,95.3,26.0,Individual,6,High Risk,Manual Review
46599130,11800.0, 36 months,19.52,E,E3,3 years,RENT,45000.0,Source Verified,credit_card,FL,33.31,0.0,675.0,679.0,0.0,84.3,11.0,Individual,6,High Risk,Manual Review
46448668,16000.0, 60 months,20.49,E,E4,2 years,MORTGAGE,60000.0,Verified,debt_consolidation,TN,30.26,2.0,680.0,684.0,1.0,27.4,55.0,Individual,6,High Risk,Manual Review
46703077,24650.0, 60 months,17.86,D,D5,5 years,MORTGAGE,95000.0,Source Verified,debt_consolidation,CA,30.95,1.0,675.0,679.0,0.0,80.4,25.0,Individual,5,High Risk,Manual Review
46844983,19300.0, 60 months,23.99,F,F2,< 1 year,RENT,45000.0,Source Verified,debt_consolidation,FL,38.37,0.0,680.0,684.0,4.0,59.5,17.0,Individual,5,High Risk,Manual Review
46631997,14500.0, 60 months,19.52,E,E3,2 years,MORTGAGE,29000.0,Source Verified,debt_consolidation,KY,31.61,0.0,700.0,704.0,0.0,57.4,42.0,Individual,5,High Risk,Manual Review
46813834,28200.0, 60 months,18.84,E,E2,10+ years,MORTGAGE,70000.0,Source Verified,debt_consolidation,PA,38.2,0.0,690.0,694.0,1.0,80.5,29.0,Individual,6,High Risk,Manual Review
46743633,14700.0, 60 months,18.84,E,E2,2 years,RENT,45000.0,Verified,debt_consolidation,MO,32.37,0.0,660.0,664.0,0.0,85.0,29.0,Individual,6,High Risk,Manual Review
46753984,3800.0, 36 months,18.84,E,E2,10+ years,OWN,61500.0,Not Verified,debt_consolidation,VA,33.11,0.0,675.0,679.0,1.0,94.6,11.0,Individual,6,High Risk,Manual Review
45694464,30000.0, 60 months,21.67,E,E5,9 years,MORTGAGE,82000.0,Source Verified,debt_consolidation,TX,30.05,0.0,685.0,689.0,0.0,83.5,24.0,Individual,6,High Risk,Manual Review
46713816,16800.0, 60 months,20.49,E,E4,< 1 year,OWN,42000.0,Source Verified,debt_consolidation,FL,38.17,0.0,680.0,684.0,2.0,98.1,23.0,Individual,6,High Risk,Manual Review
46661540,20000.0, 60 months,18.25,E,E1,2 years,MORTGAGE,56000.0,Source Verified,credit_card,GA,33.5,0.0,670.0,674.0,0.0,91.5,23.0,Individual,6,High Risk,Manual Review
46683127,11500.0, 36 months,21.67,E,E5,3 years,RENT,32000.0,Source Verified,debt_consolidation,GA,38.41,0.0,690.0,694.0,0.0,83.5,9.0,Individual,6,High Risk,Manual Review
45964166,12850.0, 60 months,18.25,E,E1,4 years,RENT,35706.0,Not Verified,debt_consolidation,WY,32.28,0.0,670.0,674.0,0.0,91.0,42.0,Individual,6,High Risk,Manual Review
46844953,26650.0, 60 months,18.25,E,E1,10+ years,OWN,58000.0,Source Verified,debt_consolidation,CA,32.49,1.0,680.0,684.0,0.0,76.1,43.0,Individual,6,High Risk,Manual Review
44876013,29325.0, 60 months,18.25,E,E1,9 years,MORTGAGE,64000.0,Source Verified,debt_consolidation,LA,33.36,0.0,720.0,724.0,0.0,80.7,33.0,Individual,6,High Risk,Manual Review
46743127,15050.0, 60 months,25.57,F,F5,10+ years,MORTGAGE,42000.0,Source Verified,debt_consolidation,WA,35.03,0.0,665.0,669.0,0.0,69.9,39.0,Individual,5,High Risk,Manual Review
46347629,12150.0, 36 months,18.25,E,E1,,MORTGAGE,31793.71,Verified,debt_consolidation,GA,30.35,0.0,690.0,694.0,0.0,30.5,36.0,Individual,5,High Risk,Manual Review
46813482,14375.0, 60 months,18.84,E,E2,< 1 year,OWN,40000.0,Source Verified,debt_consolidation,FL,33.48,0.0,660.0,664.0,0.0,62.4,13.0,Individual,5,High Risk,Manual Review
46610265,14375.0, 60 months,22.99,F,F1,10+ years,OWN,40000.0,Source Verified,debt_consolidation,WA,35.73,0.0,665.0,669.0,1.0,90.6,25.0,Individual,6,High Risk,Manual Review
46813628,13900.0, 60 months,21.67,E,E5,8 years,MORTGAGE,44000.0,Not Verified,debt_consolidation,TN,36.61,0.0,665.0,669.0,1.0,71.3,35.0,Individual,5,High Risk,Manual Review
46713316,35000.0, 36 months,19.52,E,E3,10+ years,OWN,104000.0,Verified,debt_consolidation,TX,30.35,0.0,665.0,669.0,1.0,45.2,43.0,Individual,5,High Risk,Manual Review
46844689,34550.0, 60 months,20.49,E,E4,< 1 year,MORTGAGE,114000.0,Verified,credit_card,NM,36.44,0.0,685.0,689.0,1.0,81.8,35.0,Individual,6,High Risk,Manual Review
46506469,10900.0, 60 months,18.25,E,E1,10+ years,OWN,30000.0,Source Verified,debt_consolidation,OH,36.4,0.0,700.0,704.0,1.0,34.0,21.0,Individual,5,High Risk,Manual Review
46703271,23975.0, 60 months,18.84,E,E2,10+ years,RENT,54500.0,Source Verified,debt_consolidation,TX,33.12,0.0,720.0,724.0,0.0,92.9,13.0,Individual,6,High Risk,Manual Review
46651281,12700.0, 36 months,20.49,E,E4,4 years,RENT,29000.0,Verified,debt_consolidation,NY,34.23,0.0,690.0,694.0,0.0,55.9,16.0,Individual,5,High Risk,Manual Review
46693122,15925.0, 60 months,18.84,E,E2,10+ years,RENT,40000.0,Source Verified,debt_consolidation,UT,37.92,0.0,660.0,664.0,2.0,68.2,25.0,Individual,5,High Risk,Manual Review
46651193,17875.0, 60 months,20.49,E,E4,10+ years,OWN,39000.0,Source Verified,debt_consolidation,CA,32.25,0.0,680.0,684.0,3.0,44.7,33.0,Individual,5,High Risk,Manual Review
46833245,27200.0, 36 months,19.52,E,E3,10+ years,OWN,65000.0,Verified,debt_consolidation,NC,35.88,1.0,670.0,674.0,0.0,61.0,16.0,Individual,6,High Risk,Manual Review
46783281,20950.0, 60 months,23.99,F,F2,6 years,MORTGAGE,50000.0,Source Verified,credit_card,TN,33.78,0.0,665.0,669.0,1.0,85.2,16.0,Individual,6,High Risk,Manual Review
46822775,13825.0, 60 months,18.84,E,E2,< 1 year,MORTGAGE,45000.0,Not Verified,home_improvement,WY,34.75,0.0,685.0,689.0,2.0,43.3,24.0,Individual,5,High Risk,Manual Review
46599075,10800.0, 60 months,22.99,F,F1,4 years,RENT,28000.0,Source Verified,debt_consolidation,TX,36.26,0.0,695.0,699.0,1.0,82.6,13.0,Individual,6,High Risk,Manual Review
46682836,3825.0, 36 months,25.8,G,G1,9 years,MORTGAGE,32000.0,Not Verified,other,UT,33.31,0.0,665.0,669.0,2.0,81.1,30.0,Individual,6,High Risk,Manual Review
46793043,12000.0, 60 months,21.67,E,E5,10+ years,MORTGAGE,34000.0,Not Verified,debt_consolidation,OR,34.49,0.0,675.0,679.0,2.0,71.2,29.0,Individual,5,High Risk,Manual Review
46773092,13300.0, 60 months,19.52,E,E3,10+ years,RENT,30264.0,Source Verified,debt_consolidation,FL,31.96,0.0,685.0,689.0,0.0,84.0,21.0,Individual,6,High Risk,Manual Review
46692941,31450.0, 60 months,22.99,F,F1,3 years,MORTGAGE,75000.0,Verified,debt_consolidation,TX,30.35,0.0,670.0,674.0,0.0,69.3,18.0,Individual,5,High Risk,Manual Review
45082392,24600.0, 60 months,19.52,E,E3,1 year,MORTGAGE,70000.0,Source Verified,debt_consolidation,GA,14.78,1.0,680.0,684.0,0.0,93.0,27.0,Individual,5,High Risk,Manual Review
46660244,11450.0, 60 months,20.49,E,E4,< 1 year,MORTGAGE,45000.0,Verified,debt_consolidation,WY,36.77,0.0,680.0,684.0,3.0,27.0,46.0,Individual,5,High Risk,Manual Review
46753537,11200.0, 60 months,16.55,D,D2,2 years,OWN,120000.0,Verified,debt_consolidation,DE,30.43,1.0,690.0,694.0,1.0,85.3,28.0,Individual,5,High Risk,Manual Review
46753483,8975.0, 36 months,23.99,F,F2,1 year,RENT,30000.0,Source Verified,debt_consolidation,NC,30.8,0.0,680.0,684.0,1.0,75.3,10.0,Individual,5,High Risk,Manual Review
46772994,5225.0, 36 months,20.49,E,E4,2 years,RENT,33000.0,Source Verified,major_purchase,CA,32.25,1.0,680.0,684.0,0.0,56.1,10.0,Individual,6,High Risk,Manual Review
46844358,12000.0, 60 months,18.25,E,E1,4 years,RENT,40000.0,Source Verified,debt_consolidation,FL,28.56,1.0,675.0,679.0,0.0,85.4,28.0,Individual,5,High Risk,Manual Review
46762830,20525.0, 60 months,21.67,E,E5,4 years,RENT,46790.0,Source Verified,debt_consolidation,NM,38.78,0.0,685.0,689.0,1.0,90.0,22.0,Individual,6,High Risk,Manual Review
46682747,12000.0, 60 months,18.25,E,E1,2 years,MORTGAGE,60000.0,Verified,debt_consolidation,CA,19.78,1.0,660.0,664.0,0.0,90.5,21.0,Individual,5,High Risk,Manual Review
46712753,14450.0, 60 months,18.25,E,E1,10+ years,MORTGAGE,74000.0,Not Verified,debt_consolidation,GA,31.4,1.0,695.0,699.0,0.0,41.9,23.0,Individual,6,High Risk,Manual Review
46671838,28000.0, 60 months,18.84,E,E2,2 years,OWN,80000.0,Source Verified,debt_consolidation,TX,31.68,1.0,680.0,684.0,1.0,44.4,63.0,Individual,6,High Risk,Manual Review
46660977,19875.0, 60 months,20.49,E,E4,< 1 year,MORTGAGE,70000.0,Source Verified,debt_consolidation,TX,34.63,0.0,670.0,674.0,0.0,76.6,16.0,Individual,5,High Risk,Manual Review
46386592,23500.0, 60 months,20.49,E,E4,1 year,MORTGAGE,47000.0,Source Verified,debt_consolidation,GA,11.6,3.0,670.0,674.0,1.0,81.9,17.0,Individual,5,High Risk,Manual Review
46692236,12225.0, 60 months,20.49,E,E4,2 years,MORTGAGE,34000.0,Not Verified,debt_consolidation,NY,31.31,0.0,705.0,709.0,0.0,80.1,33.0,Individual,6,High Risk,Manual Review
46650815,16600.0, 60 months,21.67,E,E5,10+ years,OWN,52000.0,Not Verified,debt_consolidation,MS,39.76,1.0,685.0,689.0,2.0,82.0,34.0,Individual,7,High Risk,Manual Review
46802895,13700.0, 60 months,20.49,E,E4,6 years,OWN,32000.0,Source Verified,credit_card,IL,37.25,0.0,700.0,704.0,1.0,66.4,23.0,Individual,5,High Risk,Manual Review
46527644,10000.0, 60 months,19.52,E,E3,2 years,RENT,25000.0,Source Verified,debt_consolidation,CA,30.39,0.0,685.0,689.0,0.0,63.5,19.0,Individual,5,High Risk,Manual Review
46185698,35000.0, 60 months,18.84,E,E2,10+ years,OWN,75000.0,Verified,credit_card,MA,34.46,0.0,695.0,699.0,0.0,86.8,41.0,Individual,6,High Risk,Manual Review
46772767,35000.0, 60 months,25.8,G,G1,9 years,MORTGAGE,105000.0,Verified,debt_consolidation,WA,24.24,2.0,675.0,679.0,2.0,84.1,58.0,Individual,5,High Risk,Manual Review
46598666,21350.0, 60 months,25.83,G,G2,2 years,RENT,47000.0,Source Verified,debt_consolidation,TX,31.92,0.0,670.0,674.0,1.0,53.2,27.0,Individual,5,High Risk,Manual Review
46671498,10425.0, 60 months,25.89,G,G3,8 years,RENT,35000.0,Verified,debt_consolidation,FL,31.21,0.0,685.0,689.0,1.0,68.5,17.0,Individual,5,High Risk,Manual Review
46722620,18675.0, 60 months,19.52,E,E3,5 years,RENT,42640.0,Source Verified,debt_consolidation,TX,36.05,0.0,720.0,724.0,0.0,57.9,20.0,Individual,5,High Risk,Manual Review
46782820,19150.0, 60 months,19.52,E,E3,10+ years,RENT,48000.0,Source Verified,debt_consolidation,MD,36.2,1.0,675.0,679.0,0.0,75.6,22.0,Individual,6,High Risk,Manual Review
46772667,27575.0, 60 months,20.49,E,E4,< 1 year,RENT,60000.0,Source Verified,debt_consolidation,OK,30.82,0.0,695.0,699.0,0.0,60.2,41.0,Individual,5,High Risk,Manual Review
46376564,27200.0, 60 months,20.49,E,E4,7 years,RENT,61852.0,Source Verified,debt_consolidation,FL,31.1,1.0,675.0,679.0,0.0,86.1,18.0,Individual,7,High Risk,Manual Review
46671633,11325.0, 36 months,16.55,D,D2,10+ years,MORTGAGE,48000.0,Not Verified,debt_consolidation,MN,32.12,4.0,660.0,664.0,1.0,89.7,34.0,Individual,5,High Risk,Manual Review
46832731,28000.0, 60 months,18.84,E,E2,10+ years,MORTGAGE,190000.0,Source Verified,debt_consolidation,IL,9.45,1.0,680.0,684.0,3.0,86.1,38.0,Individual,5,High Risk,Manual Review
46586293,19950.0, 60 months,19.52,E,E3,10+ years,MORTGAGE,40000.0,Source Verified,debt_consolidation,PA,39.87,0.0,710.0,714.0,0.0,74.9,14.0,Individual,5,High Risk,Manual Review
46610638,15000.0, 60 months,16.99,D,D3,10+ years,MORTGAGE,110000.0,Verified,debt_consolidation,IN,37.39,1.0,665.0,669.0,0.0,96.5,34.0,Individual,5,High Risk,Manual Review
46205155,18900.0, 60 months,24.99,F,F4,2 years,RENT,42000.0,Verified,debt_consolidation,NC,30.17,0.0,670.0,674.0,0.0,56.0,19.0,Individual,5,High Risk,Manual Review
46722491,19750.0, 60 months,21.67,E,E5,9 years,MORTGAGE,80000.0,Source Verified,debt_consolidation,TX,31.97,0.0,665.0,669.0,3.0,63.4,21.0,Individual,5,High Risk,Manual Review
46406605,30000.0, 36 months,23.99,F,F2,10+ years,MORTGAGE,85000.0,Verified,house,NV,30.69,0.0,675.0,679.0,2.0,57.0,56.0,Individual,5,High Risk,Manual Review
46408885,18825.0, 60 months,20.49,E,E4,10+ years,MORTGAGE,44900.0,Not Verified,debt_consolidation,IL,32.64,0.0,705.0,709.0,1.0,65.2,29.0,Individual,5,High Risk,Manual Review
46349285,20000.0, 60 months,22.99,F,F1,,MORTGAGE,65000.0,Verified,debt_consolidation,PA,32.18,0.0,690.0,694.0,2.0,33.0,34.0,Individual,5,High Risk,Manual Review
46598535,35000.0, 60 months,21.67,E,E5,10+ years,RENT,76000.0,Verified,debt_consolidation,NY,36.4,0.0,680.0,684.0,1.0,88.1,55.0,Individual,6,High Risk,Manual Review
46518174,12825.0, 60 months,18.25,E,E1,10+ years,RENT,28000.0,Source Verified,debt_consolidation,OH,31.2,0.0,705.0,709.0,0.0,68.0,16.0,Individual,5,High Risk,Manual Review
46832290,11700.0, 60 months,21.67,E,E5,7 years,MORTGAGE,28000.0,Source Verified,credit_card,FL,33.52,0.0,665.0,669.0,0.0,53.5,11.0,Individual,5,High Risk,Manual Review
46660673,35000.0, 60 months,22.99,F,F1,10+ years,MORTGAGE,150000.0,Source Verified,credit_card,MD,23.54,2.0,685.0,689.0,1.0,86.8,29.0,Individual,5,High Risk,Manual Review
44925318,4450.0, 36 months,18.84,E,E2,10+ years,MORTGAGE,62000.0,Not Verified,debt_consolidation,NY,11.13,1.0,680.0,684.0,0.0,84.7,9.0,Individual,5,High Risk,Manual Review
46772195,35000.0, 60 months,21.67,E,E5,1 year,MORTGAGE,90000.0,Source Verified,debt_consolidation,MT,18.52,2.0,705.0,709.0,0.0,88.2,25.0,Individual,5,High Risk,Manual Review
46556441,22800.0, 60 months,21.67,E,E5,7 years,RENT,60000.0,Verified,debt_consolidation,FL,31.6,0.0,705.0,709.0,1.0,81.8,27.0,Individual,6,High Risk,Manual Review
46722385,29575.0, 60 months,24.99,F,F4,10+ years,MORTGAGE,78000.0,Source Verified,debt_consolidation,IN,31.02,0.0,695.0,699.0,0.0,75.3,34.0,Individual,5,High Risk,Manual Review
46822468,22125.0, 60 months,19.52,E,E3,5 years,MORTGAGE,65000.0,Verified,debt_consolidation,PA,32.33,0.0,685.0,689.0,1.0,52.1,40.0,Individual,5,High Risk,Manual Review
46843403,7075.0, 36 months,18.84,E,E2,< 1 year,RENT,21120.0,Source Verified,debt_consolidation,MD,31.82,0.0,665.0,669.0,1.0,41.2,13.0,Individual,5,High Risk,Manual Review
46620835,12000.0, 60 months,22.99,F,F1,3 years,MORTGAGE,58000.0,Source Verified,debt_consolidation,CA,25.7,2.0,665.0,669.0,1.0,97.2,15.0,Individual,5,High Risk,Manual Review
46610256,18000.0, 60 months,18.84,E,E2,8 years,RENT,55100.0,Source Verified,debt_consolidation,WA,26.36,3.0,660.0,664.0,0.0,91.2,15.0,Individual,5,High Risk,Manual Review
46456710,22950.0, 60 months,17.57,D,D4,10+ years,OWN,65000.0,Source Verified,debt_consolidation,SC,37.46,7.0,685.0,689.0,0.0,82.6,32.0,Individual,5,High Risk,Manual Review
46692353,10000.0, 60 months,18.25,E,E1,8 years,RENT,60000.0,Verified,debt_consolidation,CA,30.37,0.0,660.0,664.0,1.0,54.3,36.0,Individual,5,High Risk,Manual Review
46610312,3925.0, 36 months,18.84,E,E2,2 years,RENT,27000.0,Not Verified,credit_card,OR,39.16,0.0,690.0,694.0,0.0,64.3,14.0,Individual,5,High Risk,Manual Review
46802341,28775.0, 60 months,19.52,E,E3,10+ years,OWN,66270.0,Source Verified,credit_card,WA,22.04,3.0,665.0,669.0,3.0,82.0,21.0,Individual,5,High Risk,Manual Review
46537589,20000.0, 36 months,18.25,E,E1,10+ years,MORTGAGE,140000.0,Verified,debt_consolidation,MS,34.48,0.0,660.0,664.0,1.0,69.0,51.0,Individual,5,High Risk,Manual Review
46620485,6000.0, 36 months,20.49,E,E4,,RENT,27650.0,Verified,debt_consolidation,MS,36.2,2.0,675.0,679.0,1.0,26.7,24.0,Individual,6,High Risk,Manual Review
46660162,18000.0, 36 months,18.25,E,E1,10+ years,OWN,75000.0,Verified,debt_consolidation,CT,36.62,0.0,670.0,674.0,3.0,78.0,37.0,Individual,5,High Risk,Manual Review
46620771,5000.0, 36 months,18.25,E,E1,10+ years,RENT,53000.0,Verified,other,FL,29.03,1.0,660.0,664.0,1.0,90.3,13.0,Individual,5,High Risk,Manual Review
46742235,24500.0, 60 months,18.25,E,E1,10+ years,RENT,77000.0,Verified,debt_consolidation,MS,30.33,0.0,670.0,674.0,2.0,49.8,25.0,Individual,5,High Risk,Manual Review
46630528,15375.0, 36 months,18.25,E,E1,9 years,MORTGAGE,43000.0,Not Verified,debt_consolidation,WA,31.8,0.0,690.0,694.0,0.0,74.5,29.0,Individual,5,High Risk,Manual Review
46547318,13375.0, 60 months,22.99,F,F1,4 years,RENT,52000.0,Source Verified,debt_consolidation,OR,38.86,0.0,710.0,714.0,0.0,41.7,19.0,Individual,5,High Risk,Manual Review
46477546,6150.0, 36 months,17.57,D,D4,10+ years,MORTGAGE,49000.0,Not Verified,debt_consolidation,PA,37.87,3.0,660.0,664.0,1.0,99.0,17.0,Individual,5,High Risk,Manual Review
46792145,22800.0, 36 months,19.52,E,E3,< 1 year,RENT,75000.0,Verified,debt_consolidation,CA,32.2,0.0,670.0,674.0,3.0,59.5,24.0,Individual,5,High Risk,Manual Review
46742144,25000.0, 60 months,20.49,E,E4,9 years,MORTGAGE,75000.0,Verified,debt_consolidation,FL,36.98,0.0,690.0,694.0,1.0,69.2,62.0,Individual,5,High Risk,Manual Review
46630142,15225.0, 36 months,18.25,E,E1,2 years,MORTGAGE,57000.0,Source Verified,debt_consolidation,TX,36.0,0.0,685.0,689.0,0.0,76.1,20.0,Individual,5,High Risk,Manual Review
44896854,18575.0, 60 months,18.25,E,E1,10+ years,MORTGAGE,65000.0,Verified,debt_consolidation,MI,36.8,0.0,705.0,709.0,1.0,64.8,24.0,Individual,5,High Risk,Manual Review
46358460,34000.0, 60 months,22.99,F,F1,10+ years,MORTGAGE,93000.0,Verified,debt_consolidation,TN,33.13,1.0,670.0,674.0,1.0,44.9,42.0,Individual,6,High Risk,Manual Review
46337639,22000.0, 60 months,18.25,E,E1,3 years,MORTGAGE,44000.0,Source Verified,credit_card,OK,30.88,1.0,705.0,709.0,0.0,63.8,19.0,Individual,6,High Risk,Manual Review
46578220,35000.0, 36 months,19.52,E,E3,2 years,RENT,116000.0,Verified,car,MD,14.5,1.0,695.0,699.0,1.0,100.3,32.0,Individual,5,High Risk,Manual Review
43710487,16000.0, 60 months,20.49,E,E4,< 1 year,MORTGAGE,58000.0,Verified,debt_consolidation,TX,31.68,0.0,680.0,684.0,0.0,60.0,26.0,Individual,5,High Risk,Manual Review
44956106,10875.0, 36 months,18.25,E,E1,7 years,MORTGAGE,52000.0,Source Verified,debt_consolidation,AL,10.85,2.0,665.0,669.0,0.0,86.4,5.0,Individual,5,High Risk,Manual Review
46457742,17500.0, 60 months,16.99,D,D3,1 year,MORTGAGE,35000.0,Source Verified,debt_consolidation,MD,33.99,1.0,675.0,679.0,0.0,95.6,16.0,Individual,5,High Risk,Manual Review
46418477,10850.0, 60 months,18.84,E,E2,< 1 year,OWN,30175.0,Verified,small_business,OH,39.02,0.0,695.0,699.0,1.0,56.8,25.0,Individual,5,High Risk,Manual Review
46558725,7850.0, 36 months,18.84,E,E2,10+ years,MORTGAGE,25835.0,Source Verified,debt_consolidation,TX,35.04,0.0,705.0,709.0,1.0,58.6,21.0,Individual,5,High Risk,Manual Review
45142248,35000.0, 60 months,18.84,E,E2,< 1 year,MORTGAGE,126500.0,Verified,debt_consolidation,IL,18.68,1.0,690.0,694.0,0.0,91.0,25.0,Individual,5,High Risk,Manual Review
46567795,24000.0, 60 months,18.25,E,E1,10+ years,OWN,48000.0,Source Verified,debt_consolidation,TX,37.58,0.0,700.0,704.0,0.0,64.1,24.0,Individual,5,High Risk,Manual Review
46588094,23450.0, 60 months,22.99,F,F1,10+ years,MORTGAGE,62000.0,Source Verified,debt_consolidation,NC,37.2,0.0,710.0,714.0,1.0,83.2,24.0,Individual,6,High Risk,Manual Review
46477799,19225.0, 60 months,20.49,E,E4,8 years,MORTGAGE,58275.0,Source Verified,credit_card,NY,32.85,0.0,695.0,699.0,0.0,61.5,32.0,Individual,5,High Risk,Manual Review
46448728,21525.0, 60 months,18.84,E,E2,2 years,RENT,45000.0,Source Verified,credit_card,AL,37.15,0.0,710.0,714.0,0.0,64.2,24.0,Individual,5,High Risk,Manual Review
46358229,23725.0, 60 months,25.57,F,F5,9 years,MORTGAGE,82000.0,Verified,debt_consolidation,MD,33.56,1.0,660.0,664.0,0.0,84.5,51.0,Individual,7,High Risk,Manual Review
46437971,35000.0, 60 months,19.52,E,E3,4 years,MORTGAGE,80000.0,Verified,debt_consolidation,NM,34.1,0.0,700.0,704.0,1.0,24.9,84.0,Individual,5,High Risk,Manual Review
46486370,28625.0, 60 months,18.84,E,E2,10+ years,MORTGAGE,98748.0,Source Verified,debt_consolidation,MO,32.34,0.0,745.0,749.0,2.0,67.9,50.0,Individual,5,High Risk,Manual Review
46366155,30000.0, 60 months,18.25,E,E1,2 years,RENT,125000.0,Verified,debt_consolidation,NY,33.84,3.0,670.0,674.0,0.0,73.3,43.0,Individual,6,High Risk,Manual Review
46337640,10350.0, 60 months,22.99,F,F1,3 years,RENT,34000.0,Source Verified,credit_card,IN,35.23,0.0,690.0,694.0,1.0,81.6,35.0,Individual,6,High Risk,Manual Review
45784580,15000.0, 60 months,19.52,E,E3,10+ years,MORTGAGE,75000.0,Source Verified,credit_card,NJ,30.66,1.0,660.0,664.0,1.0,58.0,24.0,Individual,6,High Risk,Manual Review
46568220,30625.0, 60 months,18.84,E,E2,,RENT,80500.0,Verified,debt_consolidation,CA,34.68,1.0,690.0,694.0,0.0,54.0,26.0,Individual,6,High Risk,Manual Review
46547857,34225.0, 60 months,18.25,E,E1,10+ years,MORTGAGE,95430.0,Verified,debt_consolidation,GA,33.58,0.0,670.0,674.0,0.0,77.3,41.0,Individual,5,High Risk,Manual Review
46358413,24000.0, 60 months,21.67,E,E5,10+ years,MORTGAGE,70000.0,Verified,credit_card,CT,36.89,0.0,670.0,674.0,1.0,74.1,25.0,Individual,5,High Risk,Manual Review
46367649,13575.0, 60 months,21.67,E,E5,< 1 year,RENT,40000.0,Source Verified,debt_consolidation,NY,33.81,1.0,660.0,664.0,0.0,73.4,27.0,Individual,6,High Risk,Manual Review
46448716,20700.0, 60 months,18.25,E,E1,8 years,MORTGAGE,45000.0,Source Verified,home_improvement,LA,31.23,0.0,685.0,689.0,1.0,86.8,19.0,Individual,6,High Risk,Manual Review
46448644,14000.0, 60 months,20.49,E,E4,7 years,MORTGAGE,130000.0,Source Verified,debt_consolidation,MD,27.44,4.0,675.0,679.0,2.0,84.1,46.0,Individual,5,High Risk,Manual Review
46537891,25000.0, 60 months,18.84,E,E2,3 years,RENT,63196.0,Source Verified,debt_consolidation,FL,30.95,1.0,665.0,669.0,0.0,71.9,23.0,Individual,6,High Risk,Manual Review
46547515,25000.0, 60 months,19.52,E,E3,10+ years,MORTGAGE,84000.0,Verified,debt_consolidation,FL,14.04,1.0,665.0,669.0,2.0,81.0,41.0,Individual,5,High Risk,Manual Review
43500289,21000.0, 60 months,18.25,E,E1,6 years,MORTGAGE,67990.0,Verified,debt_consolidation,FL,36.26,0.0,665.0,669.0,0.0,78.7,50.0,Individual,5,High Risk,Manual Review
46457506,11000.0, 60 months,20.49,E,E4,3 years,MORTGAGE,38700.0,Not Verified,credit_card,NY,30.7,1.0,690.0,694.0,0.0,43.5,22.0,Individual,6,High Risk,Manual Review
46446623,23725.0, 60 months,21.67,E,E5,3 years,MORTGAGE,59500.0,Verified,debt_consolidation,AZ,32.51,0.0,680.0,684.0,0.0,73.5,32.0,Individual,5,High Risk,Manual Review
46467791,26375.0, 60 months,18.25,E,E1,10+ years,RENT,60000.0,Source Verified,debt_consolidation,CA,36.63,0.0,660.0,664.0,0.0,75.4,29.0,Individual,5,High Risk,Manual Review
46377786,8450.0, 36 months,18.25,E,E1,< 1 year,OWN,41600.0,Verified,debt_consolidation,PA,34.67,0.0,725.0,729.0,1.0,26.2,27.0,Individual,5,High Risk,Manual Review
46447671,22950.0, 60 months,21.67,E,E5,9 years,OWN,51194.0,Source Verified,debt_consolidation,FL,37.95,0.0,665.0,669.0,0.0,77.0,33.0,Individual,5,High Risk,Manual Review
46587862,2450.0, 36 months,21.67,E,E5,,RENT,9000.0,Verified,debt_consolidation,OH,30.93,0.0,720.0,724.0,1.0,42.7,11.0,Individual,5,High Risk,Manual Review
46587827,16000.0, 60 months,18.25,E,E1,10+ years,MORTGAGE,50000.0,Verified,credit_card,GA,36.08,0.0,690.0,694.0,0.0,41.0,29.0,Individual,5,High Risk,Manual Review
46388246,25000.0, 60 months,22.99,F,F1,10+ years,RENT,144155.0,Verified,debt_consolidation,CA,15.53,1.0,665.0,669.0,1.0,83.9,20.0,Individual,5,High Risk,Manual Review
46568121,30000.0, 60 months,23.99,F,F2,10+ years,MORTGAGE,130800.0,Verified,debt_consolidation,NC,34.23,0.0,685.0,689.0,1.0,83.0,33.0,Individual,6,High Risk,Manual Review
46397397,26950.0, 36 months,18.84,E,E2,10+ years,OWN,75000.0,Verified,debt_consolidation,MA,32.96,1.0,665.0,669.0,1.0,50.0,23.0,Individual,6,High Risk,Manual Review
46397439,23050.0, 60 months,18.84,E,E2,9 years,RENT,46200.0,Source Verified,debt_consolidation,GA,35.4,0.0,685.0,689.0,0.0,83.9,23.0,Individual,6,High Risk,Manual Review
46417863,30000.0, 60 months,18.25,E,E1,3 years,MORTGAGE,86000.0,Verified,credit_card,GA,30.16,0.0,695.0,699.0,1.0,68.4,27.0,Individual,5,High Risk,Manual Review
46457273,13325.0, 60 months,22.99,F,F1,3 years,RENT,47000.0,Verified,debt_consolidation,TN,33.63,1.0,685.0,689.0,2.0,0.0,19.0,Individual,6,High Risk,Manual Review
45252309,7675.0, 36 months,18.25,E,E1,1 year,RENT,30000.0,Verified,other,TN,32.08,0.0,680.0,684.0,0.0,27.9,15.0,Individual,5,High Risk,Manual Review
46547452,13325.0, 36 months,18.84,E,E2,10+ years,RENT,45000.0,Source Verified,debt_consolidation,UT,38.72,0.0,675.0,679.0,0.0,62.0,25.0,Individual,5,High Risk,Manual Review
46546961,16000.0, 60 months,17.86,D,D5,10+ years,OWN,59000.0,Source Verified,debt_consolidation,FL,39.04,1.0,660.0,664.0,0.0,92.6,30.0,Individual,5,High Risk,Manual Review
45365069,10200.0, 60 months,18.84,E,E2,10+ years,RENT,76000.0,Not Verified,debt_consolidation,TX,36.4,0.0,705.0,709.0,0.0,70.0,34.0,Individual,5,High Risk,Manual Review
46467703,4200.0, 36 months,16.99,D,D3,10+ years,MORTGAGE,54618.0,Not Verified,debt_consolidation,SC,31.71,2.0,690.0,694.0,1.0,99.5,23.0,Individual,5,High Risk,Manual Review
46205422,22400.0, 60 months,23.99,F,F2,10+ years,RENT,44935.32,Source Verified,debt_consolidation,CA,36.91,0.0,700.0,704.0,1.0,52.8,22.0,Individual,5,High Risk,Manual Review
46448279,32000.0, 60 months,18.84,E,E2,,RENT,100000.0,Source Verified,debt_consolidation,TX,34.76,1.0,670.0,674.0,0.0,35.4,46.0,Individual,6,High Risk,Manual Review
46367345,12000.0, 60 months,18.25,E,E1,10+ years,MORTGAGE,52500.0,Source Verified,debt_consolidation,IL,37.49,0.0,670.0,674.0,2.0,84.4,29.0,Individual,6,High Risk,Manual Review
46556436,10450.0, 60 months,19.52,E,E3,2 years,RENT,40500.0,Source Verified,debt_consolidation,SC,37.87,1.0,680.0,684.0,0.0,85.2,32.0,Individual,7,High Risk,Manual Review
46467662,10200.0, 36 months,24.99,F,F4,8 years,RENT,34000.0,Source Verified,debt_consolidation,NC,31.75,1.0,665.0,669.0,0.0,31.7,30.0,Individual,6,High Risk,Manual Review
46577509,3000.0, 36 months,18.25,E,E1,6 years,MORTGAGE,51500.0,Verified,other,FL,33.3,1.0,665.0,669.0,2.0,86.0,24.0,Individual,7,High Risk,Manual Review
46388127,15000.0, 60 months,15.61,D,D1,< 1 year,RENT,60960.0,Not Verified,debt_consolidation,CA,37.26,1.0,660.0,664.0,0.0,99.0,29.0,Individual,5,High Risk,Manual Review
46285817,20675.0, 60 months,18.25,E,E1,10+ years,RENT,45000.0,Source Verified,debt_consolidation,CA,37.49,0.0,685.0,689.0,0.0,90.3,18.0,Individual,6,High Risk,Manual Review
46567749,18425.0, 60 months,20.49,E,E4,4 years,OWN,37000.0,Source Verified,debt_consolidation,GA,39.09,0.0,680.0,684.0,1.0,34.1,24.0,Individual,5,High Risk,Manual Review
46357817,35000.0, 60 months,22.99,F,F1,1 year,RENT,350000.0,Source Verified,debt_consolidation,FL,11.55,1.0,680.0,684.0,0.0,90.3,34.0,Individual,5,High Risk,Manual Review
46547289,20825.0, 60 months,19.52,E,E3,10+ years,MORTGAGE,70000.0,Verified,debt_consolidation,CO,32.97,0.0,680.0,684.0,0.0,58.6,36.0,Individual,5,High Risk,Manual Review
46497126,32500.0, 36 months,18.84,E,E2,8 years,MORTGAGE,65000.0,Verified,debt_consolidation,WA,30.24,0.0,710.0,714.0,0.0,65.2,24.0,Individual,5,High Risk,Manual Review
46477229,10000.0, 60 months,18.25,E,E1,10+ years,RENT,45000.0,Verified,debt_consolidation,CT,31.01,0.0,665.0,669.0,1.0,57.6,28.0,Individual,5,High Risk,Manual Review
46357645,16000.0, 60 months,18.84,E,E2,,MORTGAGE,45000.0,Verified,home_improvement,NY,22.53,1.0,665.0,669.0,0.0,93.0,14.0,Individual,5,High Risk,Manual Review
46349860,14800.0, 60 months,18.25,E,E1,3 years,RENT,40000.0,Source Verified,debt_consolidation,NJ,31.44,3.0,670.0,674.0,0.0,89.3,17.0,Individual,7,High Risk,Manual Review
46357370,30750.0, 60 months,24.99,F,F4,10+ years,RENT,67000.0,Verified,debt_consolidation,CA,32.17,0.0,685.0,689.0,0.0,57.8,39.0,Individual,5,High Risk,Manual Review
46487671,24925.0, 60 months,21.67,E,E5,,OWN,76000.0,Verified,debt_consolidation,TX,34.49,0.0,690.0,694.0,0.0,48.5,33.0,Individual,5,High Risk,Manual Review
46264910,16950.0, 60 months,24.5,F,F3,10+ years,MORTGAGE,51714.0,Source Verified,debt_consolidation,TX,39.29,0.0,660.0,664.0,0.0,93.4,27.0,Individual,6,High Risk,Manual Review
46428076,21000.0, 60 months,17.57,D,D4,2 years,MORTGAGE,70000.0,Source Verified,debt_consolidation,SC,36.33,1.0,660.0,664.0,2.0,85.4,33.0,Individual,5,High Risk,Manual Review
46436948,10875.0, 60 months,24.5,F,F3,6 years,RENT,63000.0,Verified,debt_consolidation,WA,32.7,0.0,670.0,674.0,2.0,62.0,26.0,Individual,5,High Risk,Manual Review
46467352,35000.0, 60 months,18.84,E,E2,10+ years,MORTGAGE,250000.0,Verified,debt_consolidation,CT,31.14,0.0,675.0,679.0,2.0,84.4,58.0,Individual,6,High Risk,Manual Review
46447766,34625.0, 36 months,18.84,E,E2,< 1 year,RENT,77000.0,Verified,debt_consolidation,MI,31.25,3.0,695.0,699.0,0.0,36.0,16.0,Individual,6,High Risk,Manual Review
46014207,14975.0, 60 months,21.67,E,E5,4 years,RENT,29952.0,Source Verified,credit_card,AL,37.78,0.0,670.0,674.0,0.0,97.2,21.0,Individual,6,High Risk,Manual Review
46587325,18450.0, 60 months,23.99,F,F2,10+ years,RENT,75000.0,Verified,debt_consolidation,CA,30.22,0.0,660.0,664.0,3.0,61.6,48.0,Individual,5,High Risk,Manual Review
46095061,25000.0, 60 months,23.99,F,F2,10+ years,MORTGAGE,80000.0,Verified,home_improvement,MO,32.75,0.0,705.0,709.0,3.0,47.1,34.0,Individual,5,High Risk,Manual Review
46116197,35000.0, 60 months,18.25,E,E1,10+ years,MORTGAGE,112500.0,Verified,home_improvement,WA,19.52,6.0,675.0,679.0,2.0,89.7,27.0,Individual,5,High Risk,Manual Review
46349199,26125.0, 60 months,23.99,F,F2,10+ years,RENT,86000.0,Verified,debt_consolidation,NY,31.59,0.0,670.0,674.0,2.0,67.5,30.0,Individual,5,High Risk,Manual Review
46407994,30100.0, 60 months,23.99,F,F2,2 years,RENT,97000.0,Source Verified,credit_card,FL,30.91,0.0,675.0,679.0,1.0,71.2,38.0,Individual,5,High Risk,Manual Review
46387566,15000.0, 60 months,16.55,D,D2,8 years,RENT,65000.0,Not Verified,debt_consolidation,FL,38.64,2.0,660.0,664.0,0.0,83.5,20.0,Individual,5,High Risk,Manual Review
46349304,12300.0, 60 months,18.84,E,E2,,OWN,28000.0,Verified,debt_consolidation,FL,31.03,0.0,680.0,684.0,0.0,74.0,16.0,Individual,5,High Risk,Manual Review
46349773,18150.0, 60 months,18.84,E,E2,10+ years,OWN,54000.0,Not Verified,debt_consolidation,AL,35.0,0.0,670.0,674.0,0.0,57.6,28.0,Individual,5,High Risk,Manual Review
46557962,10000.0, 60 months,17.86,D,D5,,MORTGAGE,78440.0,Source Verified,other,IL,35.33,1.0,690.0,694.0,1.0,88.9,31.0,Individual,5,High Risk,Manual Review
46387861,25000.0, 60 months,20.49,E,E4,10+ years,MORTGAGE,60000.0,Verified,credit_card,IN,38.48,0.0,660.0,664.0,2.0,87.5,29.0,Individual,6,High Risk,Manual Review
46587359,15000.0, 60 months,18.25,E,E1,10+ years,MORTGAGE,85000.0,Verified,debt_consolidation,PA,35.59,0.0,690.0,694.0,0.0,64.8,24.0,Individual,5,High Risk,Manual Review
46527196,8000.0, 36 months,23.99,F,F2,10+ years,RENT,26847.0,Source Verified,debt_consolidation,TN,38.8,0.0,660.0,664.0,0.0,78.2,21.0,Individual,5,High Risk,Manual Review
46487634,25000.0, 60 months,18.84,E,E2,< 1 year,RENT,92000.0,Verified,debt_consolidation,IL,32.89,0.0,690.0,694.0,0.0,66.5,34.0,Individual,5,High Risk,Manual Review
46348551,10300.0, 60 months,18.25,E,E1,10+ years,MORTGAGE,78000.0,Not Verified,other,CT,8.98,1.0,660.0,664.0,0.0,89.2,14.0,Individual,5,High Risk,Manual Review
44756572,15950.0, 60 months,22.99,F,F1,1 year,MORTGAGE,62000.0,Source Verified,debt_consolidation,OR,34.9,0.0,660.0,664.0,0.0,82.9,33.0,Individual,6,High Risk,Manual Review
43800032,10000.0, 60 months,20.49,E,E4,2 years,MORTGAGE,88000.0,Verified,debt_consolidation,TX,31.56,1.0,675.0,679.0,0.0,48.2,21.0,Individual,6,High Risk,Manual Review
45974295,20000.0, 60 months,18.25,E,E1,10+ years,MORTGAGE,60000.0,Source Verified,debt_consolidation,IN,34.26,3.0,665.0,669.0,0.0,65.3,35.0,Individual,6,High Risk,Manual Review
46557822,30000.0, 60 months,24.99,F,F4,6 years,MORTGAGE,79550.0,Verified,debt_consolidation,NJ,33.49,0.0,680.0,684.0,2.0,83.1,39.0,Individual,6,High Risk,Manual Review
46417433,24925.0, 60 months,26.06,G,G5,10+ years,OWN,70000.0,Source Verified,debt_consolidation,MS,8.91,1.0,675.0,679.0,2.0,83.3,33.0,Individual,5,High Risk,Manual Review
43947075,28000.0, 60 months,18.84,E,E2,< 1 year,MORTGAGE,75000.0,Source Verified,debt_consolidation,NY,36.62,0.0,715.0,719.0,0.0,74.4,38.0,Individual,5,High Risk,Manual Review
46496872,18000.0, 60 months,19.52,E,E3,10+ years,OWN,95000.0,Source Verified,debt_consolidation,NY,9.04,1.0,685.0,689.0,0.0,89.0,27.0,Individual,5,High Risk,Manual Review
46357345,22375.0, 60 months,18.25,E,E1,10+ years,MORTGAGE,56000.0,Source Verified,debt_consolidation,MN,37.88,0.0,685.0,689.0,0.0,40.8,31.0,Individual,5,High Risk,Manual Review
46567387,26375.0, 60 months,25.8,G,G1,10+ years,MORTGAGE,108900.0,Verified,debt_consolidation,MD,37.76,0.0,680.0,684.0,1.0,90.0,55.0,Individual,6,High Risk,Manual Review
46456865,13475.0, 60 months,18.25,E,E1,5 years,RENT,37212.0,Source Verified,credit_card,CA,30.93,0.0,690.0,694.0,0.0,62.0,35.0,Individual,5,High Risk,Manual Review
46348635,11775.0, 36 months,19.52,E,E3,6 years,RENT,29676.0,Verified,small_business,TX,35.79,0.0,680.0,684.0,0.0,62.7,14.0,Individual,5,High Risk,Manual Review
46476164,34100.0, 60 months,25.99,G,G4,10+ years,MORTGAGE,69000.0,Verified,debt_consolidation,AZ,32.38,0.0,680.0,684.0,1.0,62.4,38.0,Individual,5,High Risk,Manual Review
45744342,35000.0, 60 months,18.25,E,E1,10+ years,MORTGAGE,97000.0,Verified,debt_consolidation,TX,30.9,2.0,675.0,679.0,0.0,55.1,41.0,Individual,6,High Risk,Manual Review
46254797,24575.0, 60 months,18.84,E,E2,10+ years,MORTGAGE,56052.0,Source Verified,debt_consolidation,CA,35.42,0.0,680.0,684.0,0.0,86.2,25.0,Individual,6,High Risk,Manual Review
46396917,35000.0, 36 months,18.25,E,E1,10+ years,OWN,135000.0,Verified,debt_consolidation,GA,30.75,0.0,695.0,699.0,3.0,57.0,28.0,Individual,5,High Risk,Manual Review
45384316,10775.0, 60 months,21.67,E,E5,3 years,MORTGAGE,54000.0,Not Verified,debt_consolidation,NC,37.87,0.0,695.0,699.0,0.0,88.2,26.0,Individual,6,High Risk,Manual Review
46487330,13375.0, 60 months,18.25,E,E1,1 year,RENT,32000.0,Source Verified,debt_consolidation,FL,30.53,0.0,695.0,699.0,1.0,69.6,23.0,Individual,5,High Risk,Manual Review
46516930,35000.0, 36 months,18.84,E,E2,8 years,MORTGAGE,150000.0,Source Verified,debt_consolidation,CA,3.21,1.0,670.0,674.0,0.0,81.8,11.0,Individual,5,High Risk,Manual Review
43369831,11125.0, 60 months,18.84,E,E2,10+ years,RENT,28000.0,Source Verified,other,MN,37.55,0.0,695.0,699.0,0.0,60.9,23.0,Individual,5,High Risk,Manual Review
46357099,14175.0, 36 months,18.25,E,E1,10+ years,MORTGAGE,48137.31,Not Verified,debt_consolidation,NV,36.33,0.0,720.0,724.0,1.0,32.2,26.0,Individual,5,High Risk,Manual Review
46567016,30750.0, 60 months,18.84,E,E2,10+ years,MORTGAGE,61568.0,Verified,debt_consolidation,SC,33.74,0.0,690.0,694.0,0.0,89.6,22.0,Individual,6,High Risk,Manual Review
46427402,35000.0, 60 months,18.25,E,E1,5 years,RENT,95000.0,Verified,debt_consolidation,CO,32.25,0.0,740.0,744.0,0.0,79.3,22.0,Individual,5,High Risk,Manual Review
46357108,5975.0, 36 months,18.84,E,E2,,RENT,13739.8,Verified,debt_consolidation,WA,39.04,0.0,680.0,684.0,0.0,87.8,5.0,Individual,6,High Risk,Manual Review
46165173,31575.0, 60 months,25.89,G,G3,10+ years,MORTGAGE,88000.0,Verified,other,OH,10.11,1.0,665.0,669.0,0.0,98.8,34.0,Individual,5,High Risk,Manual Review
46417157,3050.0, 36 months,19.52,E,E3,,RENT,12864.0,Verified,credit_card,MI,30.69,0.0,665.0,669.0,0.0,75.2,11.0,Individual,5,High Risk,Manual Review
46526798,8600.0, 36 months,18.84,E,E2,,MORTGAGE,50000.0,Verified,debt_consolidation,FL,35.62,1.0,670.0,674.0,0.0,75.7,32.0,Individual,6,High Risk,Manual Review
46407634,15000.0, 60 months,18.25,E,E1,10+ years,MORTGAGE,82000.0,Not Verified,credit_card,PA,33.41,0.0,705.0,709.0,2.0,68.0,60.0,Individual,5,High Risk,Manual Review
46487076,22475.0, 60 months,19.52,E,E3,3 years,MORTGAGE,85000.0,Source Verified,credit_card,AL,36.74,0.0,715.0,719.0,1.0,53.0,50.0,Individual,5,High Risk,Manual Review
46195394,17225.0, 36 months,18.84,E,E2,,MORTGAGE,48000.0,Source Verified,debt_consolidation,AZ,30.65,1.0,670.0,674.0,0.0,67.1,37.0,Individual,6,High Risk,Manual Review
46486585,12125.0, 60 months,24.99,F,F4,< 1 year,RENT,32000.0,Source Verified,major_purchase,IL,35.15,0.0,675.0,679.0,1.0,88.6,21.0,Individual,6,High Risk,Manual Review
46557546,12200.0, 60 months,19.52,E,E3,9 years,MORTGAGE,42000.0,Source Verified,car,OH,33.31,0.0,660.0,664.0,1.0,61.1,21.0,Individual,5,High Risk,Manual Review
46566914,35000.0, 60 months,20.49,E,E4,10+ years,MORTGAGE,102055.0,Verified,debt_consolidation,GA,39.01,0.0,715.0,719.0,0.0,82.9,33.0,Individual,6,High Risk,Manual Review
46245098,7125.0, 36 months,18.25,E,E1,2 years,RENT,20000.0,Source Verified,debt_consolidation,MA,34.14,0.0,675.0,679.0,0.0,90.2,14.0,Individual,6,High Risk,Manual Review
44459118,32225.0, 60 months,25.57,F,F5,10+ years,RENT,78000.0,Verified,debt_consolidation,PA,37.37,0.0,670.0,674.0,0.0,72.3,29.0,Individual,5,High Risk,Manual Review
46427222,19675.0, 60 months,19.52,E,E3,10+ years,OWN,66000.0,Not Verified,debt_consolidation,TN,36.48,0.0,705.0,709.0,0.0,31.2,37.0,Individual,5,High Risk,Manual Review
46406430,29700.0, 60 months,24.99,F,F4,10+ years,RENT,66000.0,Verified,debt_consolidation,CA,34.2,0.0,690.0,694.0,0.0,74.0,29.0,Individual,5,High Risk,Manual Review
46396732,21800.0, 60 months,18.25,E,E1,5 years,RENT,52000.0,Source Verified,debt_consolidation,PA,38.93,0.0,710.0,714.0,1.0,36.8,37.0,Individual,5,High Risk,Manual Review
46447075,19750.0, 60 months,21.67,E,E5,10+ years,OWN,45000.0,Not Verified,debt_consolidation,LA,37.2,0.0,700.0,704.0,0.0,28.8,22.0,Individual,5,High Risk,Manual Review
46566958,20000.0, 60 months,18.25,E,E1,2 years,RENT,85000.0,Verified,debt_consolidation,NJ,31.99,0.0,685.0,689.0,0.0,71.1,29.0,Individual,5,High Risk,Manual Review
46114442,24925.0, 60 months,20.49,E,E4,1 year,RENT,50000.0,Source Verified,debt_consolidation,NY,32.12,0.0,695.0,699.0,0.0,50.3,25.0,Individual,5,High Risk,Manual Review
46105001,35000.0, 60 months,18.84,E,E2,6 years,MORTGAGE,90000.0,Verified,debt_consolidation,AL,31.55,0.0,720.0,724.0,0.0,83.7,40.0,Individual,6,High Risk,Manual Review
46356795,22125.0, 60 months,19.52,E,E3,3 years,RENT,55500.0,Source Verified,debt_consolidation,CO,21.21,1.0,665.0,669.0,0.0,97.6,20.0,Individual,5,High Risk,Manual Review
46387378,14075.0, 60 months,23.99,F,F2,5 years,MORTGAGE,75000.0,Verified,debt_consolidation,IN,36.19,1.0,675.0,679.0,0.0,83.0,27.0,Individual,7,High Risk,Manual Review
46416372,6850.0, 36 months,24.5,F,F3,5 years,MORTGAGE,24000.0,Not Verified,debt_consolidation,MA,11.7,1.0,675.0,679.0,0.0,92.7,22.0,Individual,5,High Risk,Manual Review
46426157,20825.0, 60 months,20.49,E,E4,3 years,MORTGAGE,46000.0,Source Verified,debt_consolidation,CT,30.03,0.0,675.0,679.0,0.0,26.9,36.0,Individual,5,High Risk,Manual Review
46387330,11400.0, 60 months,18.25,E,E1,3 years,MORTGAGE,70000.0,Verified,debt_consolidation,AK,32.04,0.0,675.0,679.0,0.0,94.0,29.0,Individual,6,High Risk,Manual Review
46526691,9175.0, 36 months,19.52,E,E3,< 1 year,MORTGAGE,23000.0,Source Verified,debt_consolidation,AL,31.47,0.0,710.0,714.0,0.0,80.9,21.0,Individual,6,High Risk,Manual Review
46546757,16300.0, 60 months,22.99,F,F1,10+ years,RENT,42000.0,Source Verified,other,GA,39.37,0.0,695.0,699.0,0.0,72.1,25.0,Individual,5,High Risk,Manual Review
46105347,25000.0, 60 months,21.67,E,E5,9 years,MORTGAGE,50000.0,Source Verified,debt_consolidation,WY,32.24,0.0,755.0,759.0,0.0,48.8,22.0,Individual,5,High Risk,Manual Review
46446806,24650.0, 60 months,18.25,E,E1,5 years,RENT,92000.0,Verified,debt_consolidation,CA,39.68,0.0,740.0,744.0,2.0,24.2,24.0,Individual,5,High Risk,Manual Review
46526707,21000.0, 60 months,22.99,F,F1,1 year,MORTGAGE,105000.0,Verified,credit_card,PA,25.77,2.0,665.0,669.0,3.0,88.0,32.0,Individual,5,High Risk,Manual Review
45384882,23475.0, 60 months,21.67,E,E5,10+ years,OWN,101378.0,Source Verified,credit_card,NY,21.97,1.0,670.0,674.0,0.0,99.0,15.0,Individual,5,High Risk,Manual Review
46416561,20950.0, 60 months,23.99,F,F2,10+ years,MORTGAGE,50000.0,Source Verified,debt_consolidation,TN,37.46,0.0,695.0,699.0,2.0,49.3,22.0,Individual,5,High Risk,Manual Review
45394672,11975.0, 60 months,24.99,F,F4,7 years,MORTGAGE,30000.0,Not Verified,other,NC,31.52,0.0,695.0,699.0,0.0,72.8,23.0,Individual,5,High Risk,Manual Review
46486637,13050.0, 36 months,15.61,D,D1,4 years,MORTGAGE,50000.0,Not Verified,debt_consolidation,NC,36.31,1.0,670.0,674.0,0.0,94.0,11.0,Individual,5,High Risk,Manual Review
46506729,7325.0, 36 months,18.84,E,E2,< 1 year,OWN,60000.0,Source Verified,debt_consolidation,CA,36.38,0.0,670.0,674.0,0.0,62.5,14.0,Individual,5,High Risk,Manual Review
46566698,16000.0, 60 months,23.99,F,F2,5 years,MORTGAGE,55000.0,Not Verified,other,PA,30.9,0.0,680.0,684.0,4.0,67.8,24.0,Individual,5,High Risk,Manual Review
46476599,8000.0, 36 months,19.52,E,E3,1 year,RENT,30000.0,Source Verified,debt_consolidation,CA,34.56,0.0,685.0,689.0,0.0,33.0,20.0,Individual,5,High Risk,Manual Review
46347330,20725.0, 60 months,24.5,F,F3,,RENT,45290.0,Verified,credit_card,CA,32.28,0.0,680.0,684.0,1.0,69.2,29.0,Individual,5,High Risk,Manual Review
46316158,14225.0, 60 months,18.25,E,E1,8 years,MORTGAGE,48000.0,Source Verified,debt_consolidation,NC,30.8,1.0,665.0,669.0,0.0,57.3,23.0,Individual,6,High Risk,Manual Review
46506589,7475.0, 36 months,20.49,E,E4,< 1 year,RENT,25000.0,Source Verified,debt_consolidation,FL,38.84,1.0,680.0,684.0,1.0,40.2,12.0,Individual,6,High Risk,Manual Review
46416598,12600.0, 36 months,18.84,E,E2,10+ years,RENT,30000.0,Verified,debt_consolidation,NY,32.84,0.0,660.0,664.0,0.0,86.7,32.0,Individual,6,High Risk,Manual Review
46576604,28000.0, 60 months,18.25,E,E1,< 1 year,MORTGAGE,245000.0,Source Verified,debt_consolidation,MD,7.16,1.0,685.0,689.0,0.0,82.1,21.0,Individual,5,High Risk,Manual Review
43925129,9575.0, 36 months,20.49,E,E4,1 year,OWN,32000.0,Source Verified,debt_consolidation,FL,35.15,0.0,715.0,719.0,0.0,99.2,23.0,Individual,6,High Risk,Manual Review
46476552,14425.0, 60 months,19.52,E,E3,3 years,MORTGAGE,63000.0,Source Verified,credit_card,MN,33.98,1.0,670.0,674.0,0.0,40.7,46.0,Individual,6,High Risk,Manual Review
46376393,10850.0, 60 months,19.52,E,E3,10+ years,OWN,26000.0,Source Verified,debt_consolidation,OH,34.72,0.0,660.0,664.0,2.0,60.7,24.0,Individual,5,High Risk,Manual Review
46576499,14725.0, 60 months,25.57,F,F5,8 years,MORTGAGE,56000.0,Verified,debt_consolidation,LA,34.5,0.0,715.0,719.0,1.0,49.6,38.0,Individual,5,High Risk,Manual Review
46366259,4625.0, 36 months,16.99,D,D3,4 years,MORTGAGE,29000.0,Not Verified,debt_consolidation,TX,39.57,1.0,680.0,684.0,0.0,91.2,22.0,Individual,5,High Risk,Manual Review
46446422,15200.0, 36 months,18.25,E,E1,10+ years,MORTGAGE,56000.0,Not Verified,debt_consolidation,FL,30.28,0.0,670.0,674.0,1.0,61.0,29.0,Individual,5,High Risk,Manual Review
46175459,11500.0, 60 months,24.5,F,F3,1 year,RENT,32000.0,Verified,debt_consolidation,NY,31.52,0.0,675.0,679.0,0.0,62.3,15.0,Individual,5,High Risk,Manual Review
46407002,5250.0, 36 months,19.52,E,E3,10+ years,RENT,70000.0,Source Verified,debt_consolidation,CA,30.24,0.0,690.0,694.0,1.0,35.4,28.0,Individual,5,High Risk,Manual Review
46406887,10150.0, 60 months,21.67,E,E5,10+ years,RENT,30000.0,Source Verified,other,WA,30.84,0.0,670.0,674.0,0.0,19.0,17.0,Individual,5,High Risk,Manual Review
46536439,8000.0, 36 months,18.25,E,E1,9 years,RENT,39000.0,Verified,medical,AL,35.32,0.0,660.0,664.0,0.0,83.3,23.0,Individual,6,High Risk,Manual Review
46546542,14975.0, 60 months,21.67,E,E5,2 years,RENT,30000.0,Source Verified,debt_consolidation,GA,32.64,0.0,705.0,709.0,1.0,57.0,13.0,Individual,5,High Risk,Manual Review
41670285,35000.0, 60 months,22.99,F,F1,10+ years,MORTGAGE,93310.0,Verified,debt_consolidation,AL,24.09,2.0,685.0,689.0,1.0,97.4,44.0,Individual,5,High Risk,Manual Review
46305522,18625.0, 60 months,18.84,E,E2,1 year,MORTGAGE,75000.0,Not Verified,debt_consolidation,CA,39.11,0.0,680.0,684.0,1.0,69.6,47.0,Individual,5,High Risk,Manual Review
46366276,21000.0, 60 months,20.49,E,E4,2 years,RENT,85000.0,Verified,debt_consolidation,RI,30.55,0.0,685.0,689.0,2.0,79.0,46.0,Individual,5,High Risk,Manual Review
46576391,18000.0, 36 months,18.25,E,E1,7 years,MORTGAGE,150000.0,Source Verified,small_business,NJ,9.72,2.0,695.0,699.0,0.0,84.0,28.0,Individual,5,High Risk,Manual Review
46586336,35000.0, 60 months,20.49,E,E4,2 years,RENT,150000.0,Source Verified,debt_consolidation,FL,2.98,2.0,665.0,669.0,0.0,88.5,15.0,Individual,5,High Risk,Manual Review
46406870,21525.0, 60 months,25.57,F,F5,10+ years,OWN,47000.0,Source Verified,major_purchase,OH,21.55,2.0,670.0,674.0,1.0,95.6,16.0,Individual,5,High Risk,Manual Review
46304407,6725.0, 36 months,18.25,E,E1,7 years,RENT,33000.0,Source Verified,debt_consolidation,TX,36.36,0.0,685.0,689.0,0.0,55.6,20.0,Individual,5,High Risk,Manual Review
46426446,23450.0, 60 months,18.25,E,E1,4 years,OWN,47000.0,Source Verified,debt_consolidation,TN,33.07,0.0,705.0,709.0,0.0,36.5,42.0,Individual,5,High Risk,Manual Review
46346692,2000.0, 36 months,19.52,E,E3,4 years,MORTGAGE,25000.0,Not Verified,debt_consolidation,SC,33.22,0.0,685.0,689.0,0.0,88.9,18.0,Individual,6,High Risk,Manual Review
46406865,21525.0, 60 months,18.84,E,E2,6 years,RENT,54000.0,Source Verified,debt_consolidation,OK,34.04,1.0,675.0,679.0,1.0,40.7,14.0,Individual,6,High Risk,Manual Review
46346739,28625.0, 60 months,18.84,E,E2,< 1 year,MORTGAGE,68332.0,Source Verified,debt_consolidation,FL,19.51,1.0,675.0,679.0,0.0,93.6,17.0,Individual,5,High Risk,Manual Review
46456371,23875.0, 60 months,18.25,E,E1,10+ years,RENT,57000.0,Source Verified,credit_card,FL,32.4,0.0,695.0,699.0,0.0,82.1,23.0,Individual,6,High Risk,Manual Review
46406851,28775.0, 60 months,18.84,E,E2,3 years,MORTGAGE,65500.0,Source Verified,credit_card,IL,31.92,0.0,695.0,699.0,1.0,80.3,41.0,Individual,6,High Risk,Manual Review
46496232,35000.0, 60 months,18.25,E,E1,10+ years,MORTGAGE,106000.0,Verified,debt_consolidation,NJ,25.1,3.0,675.0,679.0,0.0,90.2,19.0,Individual,5,High Risk,Manual Review
46516185,5825.0, 36 months,18.84,E,E2,9 years,RENT,40000.0,Not Verified,debt_consolidation,WA,39.54,0.0,670.0,674.0,0.0,60.4,38.0,Individual,5,High Risk,Manual Review
46356195,11975.0, 36 months,18.25,E,E1,4 years,MORTGAGE,30000.0,Source Verified,debt_consolidation,NC,39.04,0.0,665.0,669.0,1.0,70.2,25.0,Individual,5,High Risk,Manual Review
46586234,33300.0, 60 months,24.99,F,F4,10+ years,RENT,85000.0,Verified,debt_consolidation,NY,33.7,4.0,660.0,664.0,1.0,49.0,36.0,Individual,6,High Risk,Manual Review
46536359,15000.0, 60 months,22.99,F,F1,10+ years,OWN,60000.0,Verified,debt_consolidation,AL,36.42,1.0,670.0,674.0,3.0,69.0,27.0,Individual,6,High Risk,Manual Review
46346185,22950.0, 60 months,19.52,E,E3,3 years,RENT,54888.0,Source Verified,debt_consolidation,MN,36.45,0.0,670.0,674.0,1.0,95.2,27.0,Individual,6,High Risk,Manual Review
46406260,32000.0, 60 months,23.99,F,F2,10+ years,OWN,109000.0,Verified,debt_consolidation,PA,34.66,0.0,680.0,684.0,2.0,69.0,70.0,Individual,5,High Risk,Manual Review
46486201,23225.0, 60 months,18.25,E,E1,10+ years,MORTGAGE,53000.0,Source Verified,debt_consolidation,IN,15.94,1.0,685.0,689.0,1.0,95.4,10.0,Individual,5,High Risk,Manual Review
46556158,11925.0, 60 months,18.84,E,E2,1 year,OWN,40500.0,Verified,credit_card,KS,33.39,0.0,670.0,674.0,0.0,62.8,21.0,Individual,5,High Risk,Manual Review
46225078,13150.0, 60 months,19.52,E,E3,10+ years,MORTGAGE,31500.0,Verified,debt_consolidation,KS,37.18,0.0,670.0,674.0,0.0,86.0,21.0,Individual,6,High Risk,Manual Review
46117093,19225.0, 60 months,19.52,E,E3,5 years,RENT,42000.0,Source Verified,debt_consolidation,CA,35.08,0.0,690.0,694.0,0.0,69.9,29.0,Individual,5,High Risk,Manual Review
45794472,17550.0, 60 months,18.84,E,E2,4 years,MORTGAGE,55000.0,Not Verified,credit_card,TX,33.38,1.0,680.0,684.0,0.0,42.7,16.0,Individual,6,High Risk,Manual Review
46506127,11675.0, 36 months,18.25,E,E1,2 years,RENT,23974.8,Verified,credit_card,NY,35.75,0.0,680.0,684.0,0.0,87.0,28.0,Individual,6,High Risk,Manual Review
46315519,14700.0, 60 months,20.49,E,E4,2 years,MORTGAGE,35000.0,Source Verified,home_improvement,TN,31.7,0.0,675.0,679.0,0.0,68.6,28.0,Individual,5,High Risk,Manual Review
45182198,30225.0, 36 months,20.49,E,E4,10+ years,MORTGAGE,84000.0,Verified,moving,SC,34.09,0.0,705.0,709.0,0.0,63.7,41.0,Individual,5,High Risk,Manual Review
46174633,15350.0, 60 months,20.49,E,E4,,OWN,35000.0,Verified,debt_consolidation,TX,35.73,0.0,695.0,699.0,0.0,73.2,33.0,Individual,5,High Risk,Manual Review
46134931,12775.0, 60 months,18.25,E,E1,9 years,MORTGAGE,32000.0,Not Verified,debt_consolidation,SC,31.06,0.0,670.0,674.0,0.0,61.3,14.0,Individual,5,High Risk,Manual Review
46316208,10000.0, 60 months,20.49,E,E4,4 years,MORTGAGE,70000.0,Source Verified,debt_consolidation,CA,20.44,1.0,660.0,664.0,0.0,95.8,18.0,Individual,5,High Risk,Manual Review
46386156,12225.0, 60 months,18.25,E,E1,2 years,MORTGAGE,65000.0,Verified,debt_consolidation,IN,31.79,0.0,680.0,684.0,2.0,40.0,24.0,Individual,5,High Risk,Manual Review
46314708,6575.0, 36 months,23.99,F,F2,10+ years,MORTGAGE,35000.0,Source Verified,home_improvement,NY,13.65,2.0,660.0,664.0,2.0,80.7,12.0,Individual,5,High Risk,Manual Review
46095513,20000.0, 60 months,25.89,G,G3,3 years,MORTGAGE,40000.0,Source Verified,home_improvement,NC,35.7,0.0,665.0,669.0,0.0,82.0,22.0,Individual,6,High Risk,Manual Review
46145480,8000.0, 36 months,22.99,F,F1,10+ years,RENT,36000.0,Source Verified,house,NC,36.03,0.0,680.0,684.0,0.0,44.7,15.0,Individual,5,High Risk,Manual Review
46117588,12000.0, 60 months,20.49,E,E4,4 years,MORTGAGE,57000.0,Verified,credit_card,CA,30.57,0.0,660.0,664.0,1.0,52.0,31.0,Individual,5,High Risk,Manual Review
46135287,11775.0, 60 months,22.99,F,F1,1 year,RENT,25000.0,Source Verified,debt_consolidation,TN,30.97,0.0,670.0,674.0,0.0,56.8,10.0,Individual,5,High Risk,Manual Review
45515292,11500.0, 36 months,19.52,E,E3,7 years,MORTGAGE,32100.0,Source Verified,debt_consolidation,AR,31.63,0.0,695.0,699.0,0.0,67.6,20.0,Individual,5,High Risk,Manual Review
46275557,11200.0, 60 months,22.99,F,F1,1 year,MORTGAGE,31200.0,Verified,debt_consolidation,OH,35.58,3.0,675.0,679.0,1.0,52.0,14.0,Individual,6,High Risk,Manual Review
46205960,12950.0, 60 months,19.52,E,E3,10+ years,MORTGAGE,36000.0,Not Verified,debt_consolidation,TN,34.13,0.0,705.0,709.0,0.0,58.3,28.0,Individual,5,High Risk,Manual Review
46205994,24000.0, 60 months,18.25,E,E1,,MORTGAGE,74000.0,Verified,debt_consolidation,NC,31.59,0.0,675.0,679.0,1.0,69.3,47.0,Individual,5,High Risk,Manual Review
46264360,12875.0, 60 months,24.5,F,F3,10+ years,RENT,48000.0,Source Verified,debt_consolidation,VA,35.25,1.0,685.0,689.0,1.0,42.0,21.0,Individual,6,High Risk,Manual Review
46165126,16550.0, 36 months,21.67,E,E5,10+ years,MORTGAGE,46000.0,Not Verified,debt_consolidation,VA,36.55,0.0,695.0,699.0,0.0,70.8,22.0,Individual,5,High Risk,Manual Review
45296093,5800.0, 36 months,18.25,E,E1,,RENT,17446.8,Verified,debt_consolidation,NH,37.1,0.0,670.0,674.0,3.0,55.0,36.0,Individual,5,High Risk,Manual Review
46224290,8950.0, 36 months,18.25,E,E1,,RENT,26400.0,Verified,other,NY,32.9,0.0,670.0,674.0,1.0,52.5,21.0,Individual,5,High Risk,Manual Review
46255921,12000.0, 60 months,18.25,E,E1,5 years,RENT,40000.0,Source Verified,debt_consolidation,MI,39.36,0.0,680.0,684.0,1.0,72.1,16.0,Individual,5,High Risk,Manual Review
46195073,19400.0, 60 months,18.84,E,E2,10+ years,MORTGAGE,59000.0,Verified,debt_consolidation,AL,37.73,0.0,670.0,674.0,0.0,96.5,41.0,Individual,6,High Risk,Manual Review
46085134,24925.0, 60 months,17.57,D,D4,10+ years,MORTGAGE,50000.0,Source Verified,debt_consolidation,NY,34.81,1.0,705.0,709.0,0.0,87.6,21.0,Individual,5,High Risk,Manual Review
44269349,9700.0, 36 months,18.84,E,E2,< 1 year,RENT,19500.0,Verified,debt_consolidation,CA,33.6,0.0,710.0,714.0,0.0,87.7,8.0,Individual,6,High Risk,Manual Review
46044135,17450.0, 36 months,20.49,E,E4,< 1 year,RENT,35000.0,Verified,debt_consolidation,IL,36.63,0.0,720.0,724.0,1.0,76.9,15.0,Individual,5,High Risk,Manual Review
46316096,12725.0, 60 months,22.99,F,F1,3 years,MORTGAGE,42000.0,Not Verified,debt_consolidation,CO,27.69,1.0,660.0,664.0,1.0,91.9,18.0,Individual,5,High Risk,Manual Review
45464771,1625.0, 36 months,18.84,E,E2,2 years,MORTGAGE,75000.0,Not Verified,other,NY,31.4,2.0,685.0,689.0,0.0,85.7,21.0,Individual,7,High Risk,Manual Review
46205528,12000.0, 60 months,18.25,E,E1,,RENT,62000.0,Verified,debt_consolidation,FL,36.9,1.0,670.0,674.0,1.0,75.3,54.0,Individual,6,High Risk,Manual Review
46305507,22000.0, 60 months,23.99,F,F2,7 years,RENT,50000.0,Verified,credit_card,VA,34.49,0.0,695.0,699.0,0.0,83.7,35.0,Individual,6,High Risk,Manual Review
46265086,8000.0, 36 months,18.84,E,E2,1 year,MORTGAGE,42000.0,Source Verified,debt_consolidation,IN,33.31,0.0,685.0,689.0,1.0,53.3,20.0,Individual,5,High Risk,Manual Review
43064698,20000.0, 60 months,18.25,E,E1,10+ years,MORTGAGE,84000.0,Verified,credit_card,WA,32.84,0.0,685.0,689.0,2.0,52.1,40.0,Individual,5,High Risk,Manual Review
46224395,14250.0, 60 months,21.67,E,E5,5 years,MORTGAGE,57680.0,Verified,debt_consolidation,AR,31.5,0.0,665.0,669.0,3.0,37.6,23.0,Individual,5,High Risk,Manual Review
46305276,4625.0, 36 months,18.25,E,E1,,RENT,11712.0,Verified,debt_consolidation,FL,39.14,0.0,660.0,664.0,0.0,58.0,13.0,Individual,5,High Risk,Manual Review
46324950,14125.0, 60 months,18.84,E,E2,10+ years,MORTGAGE,42000.0,Not Verified,debt_consolidation,VA,34.4,2.0,660.0,664.0,1.0,54.8,35.0,Individual,6,High Risk,Manual Review
46095078,18900.0, 60 months,20.49,E,E4,4 years,MORTGAGE,45000.0,Verified,credit_card,MD,33.04,1.0,665.0,669.0,1.0,98.6,31.0,Individual,7,High Risk,Manual Review
46244580,35000.0, 60 months,24.5,F,F3,10+ years,MORTGAGE,90000.0,Verified,debt_consolidation,MI,20.63,4.0,670.0,674.0,3.0,90.5,49.0,Individual,5,High Risk,Manual Review
46315188,17775.0, 60 months,20.49,E,E4,6 years,MORTGAGE,55000.0,Verified,credit_card,PA,33.84,1.0,660.0,664.0,1.0,39.3,53.0,Individual,6,High Risk,Manual Review
46245150,27000.0, 60 months,18.84,E,E2,10+ years,MORTGAGE,103000.0,Verified,credit_card,MD,36.76,0.0,695.0,699.0,0.0,62.9,44.0,Individual,5,High Risk,Manual Review
46155421,15000.0, 60 months,18.25,E,E1,4 years,MORTGAGE,52000.0,Source Verified,house,OH,30.26,0.0,680.0,684.0,1.0,90.8,19.0,Individual,6,High Risk,Manual Review
46185079,15875.0, 60 months,22.99,F,F1,10+ years,MORTGAGE,42000.0,Not Verified,debt_consolidation,TN,35.6,0.0,690.0,694.0,1.0,57.7,22.0,Individual,5,High Risk,Manual Review
45914340,13100.0, 36 months,21.67,E,E5,10+ years,OWN,44000.0,Verified,debt_consolidation,IL,30.03,0.0,675.0,679.0,4.0,44.5,55.0,Individual,5,High Risk,Manual Review
46275064,24000.0, 60 months,18.25,E,E1,10+ years,MORTGAGE,72000.0,Source Verified,debt_consolidation,IN,13.35,4.0,670.0,674.0,0.0,84.4,34.0,Individual,5,High Risk,Manual Review
46195125,27550.0, 60 months,16.55,D,D2,10+ years,RENT,62684.0,Source Verified,credit_card,AL,33.85,7.0,670.0,674.0,1.0,90.9,23.0,Individual,5,High Risk,Manual Review
46275061,15000.0, 60 months,20.49,E,E4,3 years,OWN,50000.0,Verified,debt_consolidation,NY,31.11,0.0,665.0,669.0,1.0,47.5,39.0,Individual,5,High Risk,Manual Review
46275120,15000.0, 60 months,18.25,E,E1,7 years,MORTGAGE,43548.0,Verified,small_business,FL,35.01,0.0,720.0,724.0,3.0,23.3,41.0,Individual,5,High Risk,Manual Review
46174199,20000.0, 60 months,19.52,E,E3,10+ years,MORTGAGE,62856.0,Verified,debt_consolidation,NY,30.51,0.0,690.0,694.0,3.0,68.0,48.0,Individual,5,High Risk,Manual Review
46234836,16000.0, 60 months,18.84,E,E2,5 years,MORTGAGE,72000.0,Verified,debt_consolidation,AZ,35.95,0.0,690.0,694.0,0.0,72.9,18.0,Individual,5,High Risk,Manual Review
44056909,28000.0, 60 months,21.67,E,E5,7 years,MORTGAGE,105000.0,Source Verified,debt_consolidation,MI,21.52,1.0,665.0,669.0,2.0,85.2,44.0,Individual,5,High Risk,Manual Review
46195094,3725.0, 36 months,23.99,F,F2,10+ years,MORTGAGE,33375.0,Verified,credit_card,VA,37.07,0.0,685.0,689.0,2.0,96.6,31.0,Individual,6,High Risk,Manual Review
45724182,16025.0, 60 months,19.52,E,E3,9 years,MORTGAGE,71000.0,Verified,debt_consolidation,OH,39.1,1.0,660.0,664.0,0.0,82.0,42.0,Individual,7,High Risk,Manual Review
46134763,3000.0, 36 months,16.99,D,D3,,MORTGAGE,55200.0,Verified,other,MI,31.46,1.0,660.0,664.0,0.0,82.2,44.0,Individual,5,High Risk,Manual Review
45296008,9175.0, 36 months,19.52,E,E3,2 years,RENT,25000.0,Source Verified,debt_consolidation,FL,32.17,0.0,665.0,669.0,0.0,76.0,22.0,Individual,5,High Risk,Manual Review
46285026,25475.0, 36 months,18.25,E,E1,8 years,MORTGAGE,71000.0,Source Verified,debt_consolidation,GA,30.7,0.0,665.0,669.0,1.0,92.4,17.0,Individual,6,High Risk,Manual Review
46205390,27200.0, 60 months,21.67,E,E5,10+ years,RENT,64783.0,Source Verified,debt_consolidation,NY,27.66,2.0,685.0,689.0,0.0,89.9,32.0,Individual,5,High Risk,Manual Review
46264784,14975.0, 60 months,25.83,G,G2,10+ years,RENT,75000.0,Source Verified,debt_consolidation,CA,30.03,0.0,665.0,669.0,0.0,61.5,24.0,Individual,5,High Risk,Manual Review
46116222,18000.0, 60 months,20.49,E,E4,4 years,RENT,46600.0,Verified,credit_card,WV,30.72,0.0,665.0,669.0,0.0,52.8,20.0,Individual,5,High Risk,Manual Review
46284944,35000.0, 60 months,23.99,F,F2,10+ years,MORTGAGE,120000.0,Verified,debt_consolidation,CA,32.01,0.0,670.0,674.0,1.0,51.6,35.0,Individual,5,High Risk,Manual Review
46234587,4600.0, 36 months,18.25,E,E1,10+ years,MORTGAGE,42000.0,Not Verified,debt_consolidation,WI,38.97,0.0,705.0,709.0,1.0,57.0,33.0,Individual,5,High Risk,Manual Review
43967088,30900.0, 60 months,18.84,E,E2,10+ years,MORTGAGE,66000.0,Verified,credit_card,FL,35.71,0.0,700.0,704.0,0.0,97.1,24.0,Individual,6,High Risk,Manual Review
45944219,22950.0, 60 months,20.49,E,E4,10+ years,OWN,50000.0,Verified,debt_consolidation,CA,34.42,0.0,700.0,704.0,0.0,45.4,32.0,Individual,5,High Risk,Manual Review
45434593,10275.0, 60 months,21.67,E,E5,4 years,MORTGAGE,37980.8,Source Verified,debt_consolidation,KS,34.44,1.0,680.0,684.0,0.0,65.1,18.0,Individual,6,High Risk,Manual Review
46124816,21350.0, 60 months,18.25,E,E1,10+ years,RENT,90000.0,Source Verified,debt_consolidation,IL,18.13,1.0,670.0,674.0,0.0,84.5,25.0,Individual,5,High Risk,Manual Review
46264733,24525.0, 60 months,18.84,E,E2,7 years,RENT,56000.0,Source Verified,debt_consolidation,NJ,34.42,0.0,695.0,699.0,1.0,66.3,27.0,Individual,5,High Risk,Manual Review
46184860,2975.0, 36 months,25.8,G,G1,2 years,RENT,20993.0,Verified,other,CA,37.05,0.0,680.0,684.0,0.0,49.7,11.0,Individual,5,High Risk,Manual Review
44330139,12000.0, 60 months,18.25,E,E1,6 years,RENT,33612.0,Source Verified,debt_consolidation,NY,19.06,1.0,670.0,674.0,0.0,90.0,21.0,Individual,5,High Risk,Manual Review
44906487,16225.0, 60 months,20.49,E,E4,< 1 year,MORTGAGE,37000.0,Source Verified,debt_consolidation,FL,38.86,0.0,680.0,684.0,1.0,97.5,24.0,Individual,6,High Risk,Manual Review
46315450,9700.0, 36 months,18.25,E,E1,5 years,OWN,27000.0,Source Verified,other,NV,34.0,0.0,695.0,699.0,1.0,50.0,17.0,Individual,5,High Risk,Manual Review
46324301,3000.0, 36 months,18.25,E,E1,6 years,RENT,32000.0,Not Verified,other,AL,33.27,0.0,685.0,689.0,0.0,79.3,42.0,Individual,5,High Risk,Manual Review
46115857,35000.0, 60 months,21.67,E,E5,10+ years,MORTGAGE,85000.0,Verified,debt_consolidation,PA,35.31,0.0,730.0,734.0,1.0,63.6,47.0,Individual,5,High Risk,Manual Review
46194869,35000.0, 60 months,18.25,E,E1,1 year,MORTGAGE,155000.0,Verified,debt_consolidation,NV,28.72,1.0,665.0,669.0,0.0,81.4,39.0,Individual,5,High Risk,Manual Review
46254984,28000.0, 60 months,20.49,E,E4,10+ years,MORTGAGE,118000.0,Verified,debt_consolidation,CO,32.62,1.0,690.0,694.0,0.0,38.7,31.0,Individual,6,High Risk,Manual Review
46204966,28975.0, 60 months,21.67,E,E5,7 years,MORTGAGE,69000.0,Source Verified,debt_consolidation,FL,28.21,2.0,665.0,669.0,1.0,80.3,23.0,Individual,5,High Risk,Manual Review
45514224,13000.0, 60 months,18.84,E,E2,10+ years,RENT,45000.0,Source Verified,debt_consolidation,FL,34.11,1.0,665.0,669.0,1.0,70.8,13.0,Individual,6,High Risk,Manual Review
46154849,26375.0, 60 months,20.49,E,E4,10+ years,MORTGAGE,60000.0,Source Verified,debt_consolidation,TX,33.64,0.0,680.0,684.0,0.0,70.7,20.0,Individual,5,High Risk,Manual Review
45664316,20000.0, 60 months,20.49,E,E4,4 years,RENT,40000.0,Source Verified,debt_consolidation,CO,37.83,0.0,670.0,674.0,0.0,93.4,17.0,Individual,6,High Risk,Manual Review
46314977,12000.0, 60 months,18.84,E,E2,2 years,MORTGAGE,53000.0,Not Verified,debt_consolidation,IN,34.99,7.0,675.0,679.0,1.0,47.6,25.0,Individual,6,High Risk,Manual Review
46134513,18900.0, 60 months,18.84,E,E2,10+ years,OWN,38000.0,Verified,home_improvement,NC,33.89,0.0,680.0,684.0,0.0,62.1,15.0,Individual,5,High Risk,Manual Review
46115379,34625.0, 60 months,19.52,E,E3,10+ years,RENT,78694.32,Verified,debt_consolidation,NY,38.77,2.0,665.0,669.0,0.0,69.9,24.0,Individual,6,High Risk,Manual Review
46194748,25150.0, 60 months,24.99,F,F4,10+ years,RENT,60000.0,Source Verified,debt_consolidation,NY,35.98,0.0,685.0,689.0,1.0,56.5,30.0,Individual,5,High Risk,Manual Review
43996869,15750.0, 60 months,18.25,E,E1,4 years,OWN,45000.0,Source Verified,debt_consolidation,PA,38.51,0.0,705.0,709.0,1.0,31.7,35.0,Individual,5,High Risk,Manual Review
46104643,21000.0, 60 months,18.84,E,E2,1 year,MORTGAGE,92000.0,Source Verified,debt_consolidation,PA,11.45,3.0,660.0,664.0,3.0,85.4,30.0,Individual,5,High Risk,Manual Review
46104734,29975.0, 60 months,20.49,E,E4,10+ years,RENT,60000.0,Source Verified,debt_consolidation,MD,37.3,0.0,680.0,684.0,0.0,78.3,28.0,Individual,5,High Risk,Manual Review
46315092,14425.0, 60 months,24.99,F,F4,9 years,RENT,40227.0,Verified,debt_consolidation,MA,32.97,0.0,695.0,699.0,0.0,93.6,20.0,Individual,6,High Risk,Manual Review
46174679,15600.0, 60 months,19.52,E,E3,4 years,MORTGAGE,107000.0,Verified,other,IL,22.29,3.0,665.0,669.0,1.0,99.8,35.0,Individual,5,High Risk,Manual Review
46205173,21400.0, 60 months,20.49,E,E4,1 year,MORTGAGE,43000.0,Source Verified,debt_consolidation,MO,30.62,1.0,665.0,669.0,1.0,51.7,24.0,Individual,6,High Risk,Manual Review
46144457,28000.0, 60 months,18.25,E,E1,5 years,RENT,90000.0,Source Verified,credit_card,CO,30.61,0.0,670.0,674.0,0.0,76.7,36.0,Individual,5,High Risk,Manual Review
45384233,25000.0, 60 months,19.52,E,E3,10+ years,MORTGAGE,72000.0,Verified,debt_consolidation,CA,35.05,0.0,715.0,719.0,0.0,86.3,26.0,Individual,6,High Risk,Manual Review
46264181,17675.0, 36 months,18.25,E,E1,7 years,MORTGAGE,46000.0,Source Verified,debt_consolidation,AL,36.26,0.0,705.0,709.0,0.0,67.4,41.0,Individual,5,High Risk,Manual Review
45475136,13775.0, 60 months,21.67,E,E5,6 years,RENT,40000.0,Verified,debt_consolidation,MD,30.15,0.0,685.0,689.0,0.0,52.1,30.0,Individual,5,High Risk,Manual Review
45714593,17675.0, 60 months,18.25,E,E1,10+ years,MORTGAGE,54000.0,Not Verified,credit_card,OH,39.31,0.0,685.0,689.0,0.0,70.1,23.0,Individual,5,High Risk,Manual Review
45544530,35000.0, 60 months,18.84,E,E2,10+ years,MORTGAGE,103000.0,Verified,credit_card,NJ,35.12,2.0,665.0,669.0,0.0,85.8,49.0,Individual,7,High Risk,Manual Review
46324291,20000.0, 60 months,18.25,E,E1,10+ years,RENT,131000.0,Source Verified,debt_consolidation,CA,17.36,1.0,670.0,674.0,1.0,92.0,23.0,Individual,5,High Risk,Manual Review
45794194,35000.0, 60 months,18.25,E,E1,3 years,MORTGAGE,125000.0,Source Verified,debt_consolidation,TX,18.47,1.0,660.0,664.0,0.0,88.6,44.0,Individual,5,High Risk,Manual Review
46184474,7000.0, 36 months,20.49,E,E4,6 years,RENT,39564.0,Source Verified,debt_consolidation,WA,32.51,0.0,720.0,724.0,2.0,12.8,23.0,Individual,5,High Risk,Manual Review
46304339,17500.0, 60 months,18.25,E,E1,10+ years,MORTGAGE,58000.0,Source Verified,debt_consolidation,OH,35.03,0.0,700.0,704.0,1.0,58.3,24.0,Individual,5,High Risk,Manual Review
45524346,14675.0, 60 months,18.84,E,E2,10+ years,RENT,37000.0,Source Verified,vacation,NH,30.54,0.0,670.0,674.0,0.0,63.4,23.0,Individual,5,High Risk,Manual Review
46094430,35000.0, 60 months,23.99,F,F2,2 years,RENT,104000.0,Verified,debt_consolidation,RI,33.19,0.0,680.0,684.0,0.0,97.0,28.0,Individual,6,High Risk,Manual Review
46204539,12075.0, 60 months,19.52,E,E3,1 year,RENT,35000.0,Source Verified,debt_consolidation,GA,34.05,0.0,675.0,679.0,0.0,71.6,25.0,Individual,5,High Risk,Manual Review
45594271,21000.0, 60 months,18.84,E,E2,1 year,MORTGAGE,85000.0,Verified,debt_consolidation,UT,22.0,1.0,665.0,669.0,2.0,85.2,32.0,Individual,5,High Risk,Manual Review
46274548,19975.0, 60 months,22.99,F,F1,2 years,MORTGAGE,40000.0,Source Verified,debt_consolidation,KY,34.5,0.0,705.0,709.0,1.0,61.5,28.0,Individual,5,High Risk,Manual Review
46254288,20400.0, 36 months,18.25,E,E1,10+ years,MORTGAGE,55120.0,Source Verified,debt_consolidation,LA,39.28,0.0,660.0,664.0,0.0,71.7,29.0,Individual,5,High Risk,Manual Review
46104398,19050.0, 60 months,21.67,E,E5,10+ years,RENT,53000.0,Source Verified,debt_consolidation,NY,38.0,0.0,670.0,674.0,2.0,63.9,35.0,Individual,5,High Risk,Manual Review
45664174,10000.0, 60 months,18.25,E,E1,10+ years,MORTGAGE,160000.0,Source Verified,home_improvement,NJ,14.3,1.0,660.0,664.0,1.0,80.9,28.0,Individual,5,High Risk,Manual Review
46264346,12125.0, 60 months,23.99,F,F2,1 year,RENT,38000.0,Source Verified,debt_consolidation,FL,30.07,2.0,700.0,704.0,1.0,54.2,15.0,Individual,6,High Risk,Manual Review
44805760,17600.0, 60 months,19.52,E,E3,3 years,RENT,50000.0,Verified,debt_consolidation,MA,36.48,0.0,685.0,689.0,0.0,98.0,24.0,Individual,6,High Risk,Manual Review
46194164,10875.0, 60 months,22.99,F,F1,6 years,OWN,26000.0,Source Verified,credit_card,OH,35.83,0.0,680.0,684.0,1.0,58.9,14.0,Individual,5,High Risk,Manual Review
45644201,4050.0, 36 months,20.49,E,E4,8 years,RENT,56000.0,Verified,debt_consolidation,NJ,33.75,0.0,660.0,664.0,0.0,74.8,22.0,Individual,5,High Risk,Manual Review
46274192,15900.0, 36 months,18.84,E,E2,10+ years,RENT,47000.0,Source Verified,debt_consolidation,CA,39.61,0.0,665.0,669.0,2.0,48.9,26.0,Individual,5,High Risk,Manual Review
45824563,35000.0, 60 months,18.84,E,E2,10+ years,MORTGAGE,98000.0,Verified,credit_card,NH,30.96,0.0,680.0,684.0,2.0,45.0,44.0,Individual,5,High Risk,Manual Review
45994199,10375.0, 60 months,17.86,D,D5,10+ years,MORTGAGE,42000.0,Source Verified,debt_consolidation,CT,31.31,2.0,660.0,664.0,0.0,87.8,25.0,Individual,5,High Risk,Manual Review
45505048,14500.0, 60 months,19.52,E,E3,8 years,MORTGAGE,38400.0,Verified,credit_card,TX,39.44,0.0,670.0,674.0,2.0,60.2,22.0,Individual,5,High Risk,Manual Review
43649571,9925.0, 36 months,21.67,E,E5,8 years,MORTGAGE,33000.0,Source Verified,debt_consolidation,VA,38.33,0.0,695.0,699.0,1.0,66.2,27.0,Individual,5,High Risk,Manual Review
46114175,20150.0, 60 months,19.52,E,E3,9 years,MORTGAGE,60000.0,Source Verified,credit_card,PA,31.58,0.0,675.0,679.0,0.0,78.9,47.0,Individual,5,High Risk,Manual Review
46134129,11850.0, 60 months,24.5,F,F3,3 years,OWN,35000.0,Source Verified,debt_consolidation,OR,30.38,0.0,690.0,694.0,0.0,55.4,22.0,Individual,5,High Risk,Manual Review
45614185,11500.0, 60 months,20.49,E,E4,10+ years,RENT,38400.0,Verified,debt_consolidation,HI,32.47,0.0,660.0,664.0,0.0,75.4,19.0,Individual,5,High Risk,Manual Review
45964304,29450.0, 60 months,20.49,E,E4,4 years,RENT,67000.0,Source Verified,debt_consolidation,MI,30.47,0.0,710.0,714.0,0.0,87.0,19.0,Individual,6,High Risk,Manual Review
46024211,12875.0, 60 months,18.84,E,E2,10+ years,OWN,43000.0,Source Verified,credit_card,CA,39.66,1.0,670.0,674.0,0.0,71.2,23.0,Individual,6,High Risk,Manual Review
45344266,21000.0, 60 months,18.25,E,E1,3 years,MORTGAGE,101000.0,Source Verified,credit_card,NJ,13.31,3.0,675.0,679.0,1.0,80.6,18.0,Individual,5,High Risk,Manual Review
45884444,14400.0, 60 months,24.5,F,F3,9 years,RENT,48000.0,Source Verified,debt_consolidation,CA,35.85,0.0,670.0,674.0,2.0,49.4,40.0,Individual,5,High Risk,Manual Review
45894406,15075.0, 36 months,19.52,E,E3,10+ years,RENT,42000.0,Verified,debt_consolidation,NY,30.81,0.0,680.0,684.0,3.0,65.4,28.0,Individual,5,High Risk,Manual Review
45934220,15225.0, 36 months,25.57,F,F5,10+ years,MORTGAGE,45000.0,Not Verified,debt_consolidation,VA,36.45,1.0,660.0,664.0,1.0,79.7,26.0,Individual,6,High Risk,Manual Review
45834128,12000.0, 60 months,20.49,E,E4,1 year,MORTGAGE,42000.0,Not Verified,home_improvement,MI,8.46,2.0,665.0,669.0,0.0,98.0,40.0,Individual,5,High Risk,Manual Review
45645208,18450.0, 60 months,19.52,E,E3,5 years,MORTGAGE,52000.0,Source Verified,debt_consolidation,VA,36.51,0.0,680.0,684.0,0.0,63.7,28.0,Individual,5,High Risk,Manual Review
45724582,19750.0, 60 months,24.5,F,F3,10+ years,MORTGAGE,45000.0,Source Verified,debt_consolidation,NC,32.16,1.0,695.0,699.0,1.0,73.5,23.0,Individual,6,High Risk,Manual Review
45764738,3150.0, 36 months,19.52,E,E3,10+ years,MORTGAGE,61000.0,Source Verified,debt_consolidation,KS,37.01,0.0,715.0,719.0,1.0,51.0,25.0,Individual,5,High Risk,Manual Review
45794568,11325.0, 60 months,20.49,E,E4,4 years,MORTGAGE,24500.0,Source Verified,debt_consolidation,PA,29.05,1.0,665.0,669.0,0.0,81.2,19.0,Individual,5,High Risk,Manual Review
45894124,12150.0, 60 months,20.49,E,E4,,MORTGAGE,36900.0,Verified,debt_consolidation,TN,32.88,0.0,675.0,679.0,1.0,50.1,32.0,Individual,5,High Risk,Manual Review
45764279,6600.0, 36 months,18.25,E,E1,,RENT,40400.0,Verified,debt_consolidation,PA,37.58,0.0,665.0,669.0,0.0,78.9,23.0,Individual,5,High Risk,Manual Review
45454165,11500.0, 60 months,19.52,E,E3,8 years,RENT,32000.0,Source Verified,debt_consolidation,CA,35.86,0.0,665.0,669.0,1.0,79.2,13.0,Individual,5,High Risk,Manual Review
45674498,23725.0, 60 months,18.84,E,E2,10+ years,MORTGAGE,54000.0,Source Verified,debt_consolidation,CA,20.07,1.0,680.0,684.0,0.0,82.5,13.0,Individual,5,High Risk,Manual Review
45645081,10000.0, 60 months,18.25,E,E1,9 years,MORTGAGE,115000.0,Not Verified,debt_consolidation,CA,25.26,1.0,670.0,674.0,0.0,89.3,28.0,Individual,5,High Risk,Manual Review
45764653,8850.0, 36 months,21.67,E,E5,< 1 year,RENT,35000.0,Source Verified,debt_consolidation,AZ,33.44,0.0,670.0,674.0,0.0,74.5,13.0,Individual,5,High Risk,Manual Review
46024147,30000.0, 36 months,18.84,E,E2,8 years,MORTGAGE,120000.0,Verified,debt_consolidation,CA,33.52,0.0,690.0,694.0,1.0,66.5,37.0,Individual,5,High Risk,Manual Review
45794503,14975.0, 60 months,20.49,E,E4,5 years,MORTGAGE,30000.0,Source Verified,other,MD,30.44,0.0,725.0,729.0,0.0,36.0,8.0,Individual,5,High Risk,Manual Review
45654353,31425.0, 36 months,20.49,E,E4,10+ years,RENT,108000.0,Source Verified,debt_consolidation,OR,32.75,0.0,660.0,664.0,3.0,91.9,30.0,Individual,6,High Risk,Manual Review
45604369,11400.0, 60 months,19.52,E,E3,10+ years,MORTGAGE,62000.0,Verified,debt_consolidation,FL,39.43,0.0,685.0,689.0,1.0,57.0,29.0,Individual,5,High Risk,Manual Review
45814385,12850.0, 60 months,24.5,F,F3,2 years,MORTGAGE,55000.0,Not Verified,debt_consolidation,IL,39.32,0.0,675.0,679.0,4.0,78.0,39.0,Individual,5,High Risk,Manual Review
45644774,12225.0, 36 months,18.84,E,E2,10+ years,MORTGAGE,55000.0,Source Verified,debt_consolidation,MD,30.31,0.0,660.0,664.0,0.0,84.1,35.0,Individual,6,High Risk,Manual Review
45714310,23800.0, 60 months,21.67,E,E5,10+ years,MORTGAGE,57969.0,Verified,credit_card,OH,37.39,0.0,685.0,689.0,2.0,68.3,22.0,Individual,5,High Risk,Manual Review
45714509,11750.0, 36 months,22.99,F,F1,2 years,RENT,49000.0,Source Verified,debt_consolidation,IL,33.73,1.0,685.0,689.0,2.0,52.7,34.0,Individual,6,High Risk,Manual Review
45744280,22250.0, 36 months,22.99,F,F1,2 years,MORTGAGE,50000.0,Verified,debt_consolidation,CO,38.36,0.0,715.0,719.0,0.0,74.0,20.0,Individual,5,High Risk,Manual Review
45694434,10725.0, 60 months,21.67,E,E5,6 years,RENT,43500.0,Source Verified,debt_consolidation,UT,33.74,0.0,680.0,684.0,0.0,63.3,46.0,Individual,5,High Risk,Manual Review
45614215,12000.0, 36 months,18.25,E,E1,,MORTGAGE,56483.16,Verified,home_improvement,NC,32.0,0.0,675.0,679.0,0.0,49.4,23.0,Individual,5,High Risk,Manual Review
45584634,20400.0, 60 months,18.25,E,E1,10+ years,RENT,40800.0,Source Verified,debt_consolidation,DE,37.26,1.0,685.0,689.0,1.0,34.7,20.0,Individual,6,High Risk,Manual Review
45634352,11850.0, 60 months,18.84,E,E2,4 years,MORTGAGE,45000.0,Source Verified,debt_consolidation,TX,34.03,0.0,675.0,679.0,2.0,85.4,26.0,Individual,6,High Risk,Manual Review
45434911,11000.0, 60 months,21.67,E,E5,3 years,RENT,33000.0,Source Verified,other,PA,39.85,0.0,690.0,694.0,1.0,74.1,22.0,Individual,5,High Risk,Manual Review
45644902,15300.0, 36 months,23.99,F,F2,10+ years,RENT,45000.0,Verified,other,IL,33.55,0.0,675.0,679.0,3.0,73.5,30.0,Individual,5,High Risk,Manual Review
45594333,14000.0, 60 months,18.25,E,E1,10+ years,MORTGAGE,65000.0,Source Verified,other,SC,35.27,0.0,660.0,664.0,0.0,82.3,17.0,Individual,6,High Risk,Manual Review
42894744,18000.0, 60 months,18.25,E,E1,< 1 year,RENT,67000.0,Verified,credit_card,MO,30.54,0.0,680.0,684.0,1.0,92.6,37.0,Individual,6,High Risk,Manual Review
45515359,20425.0, 60 months,18.25,E,E1,4 years,MORTGAGE,60000.0,Source Verified,debt_consolidation,GA,39.88,0.0,710.0,714.0,0.0,85.1,31.0,Individual,6,High Risk,Manual Review
45414811,12500.0, 60 months,21.67,E,E5,,MORTGAGE,37000.0,Verified,other,AL,33.54,0.0,670.0,674.0,1.0,37.6,31.0,Individual,5,High Risk,Manual Review
44806552,4800.0, 36 months,19.52,E,E3,10+ years,RENT,54000.0,Verified,debt_consolidation,TX,35.67,0.0,685.0,689.0,0.0,71.7,21.0,Individual,5,High Risk,Manual Review
45714226,35000.0, 60 months,18.84,E,E2,< 1 year,MORTGAGE,110000.0,Verified,debt_consolidation,RI,24.83,1.0,685.0,689.0,1.0,81.3,48.0,Individual,5,High Risk,Manual Review
45394413,16100.0, 60 months,18.84,E,E2,3 years,OWN,35000.0,Source Verified,debt_consolidation,AZ,39.54,0.0,710.0,714.0,1.0,33.1,20.0,Individual,5,High Risk,Manual Review
45454331,28000.0, 60 months,20.49,E,E4,10+ years,MORTGAGE,91000.0,Verified,home_improvement,CA,17.12,2.0,670.0,674.0,1.0,85.5,24.0,Individual,5,High Risk,Manual Review
45584482,6000.0, 36 months,21.67,E,E5,7 years,RENT,30000.0,Source Verified,debt_consolidation,WI,30.52,0.0,670.0,674.0,2.0,77.7,11.0,Individual,5,High Risk,Manual Review
45049118,35000.0, 60 months,25.8,G,G1,8 years,MORTGAGE,83000.0,Verified,debt_consolidation,MA,21.78,2.0,670.0,674.0,1.0,98.7,21.0,Individual,5,High Risk,Manual Review
45774141,15000.0, 60 months,18.25,E,E1,9 years,RENT,48000.0,Source Verified,debt_consolidation,NY,33.08,0.0,710.0,714.0,0.0,68.8,9.0,Individual,5,High Risk,Manual Review
44289174,21000.0, 60 months,18.84,E,E2,10+ years,MORTGAGE,110000.0,Verified,debt_consolidation,IL,4.8,1.0,705.0,709.0,0.0,94.2,22.0,Individual,5,High Risk,Manual Review
45754126,28000.0, 60 months,18.84,E,E2,10+ years,MORTGAGE,70000.0,Source Verified,credit_card,NC,19.16,1.0,690.0,694.0,0.0,89.6,19.0,Individual,5,High Risk,Manual Review
45644403,11700.0, 60 months,24.5,F,F3,< 1 year,RENT,28000.0,Source Verified,debt_consolidation,MS,30.6,1.0,660.0,664.0,1.0,88.5,22.0,Individual,7,High Risk,Manual Review
45754140,19750.0, 60 months,19.52,E,E3,10+ years,RENT,45000.0,Source Verified,debt_consolidation,NJ,37.87,0.0,690.0,694.0,1.0,52.5,35.0,Individual,5,High Risk,Manual Review
44816452,16025.0, 36 months,18.25,E,E1,10+ years,RENT,35000.0,Source Verified,debt_consolidation,CA,38.41,0.0,700.0,704.0,0.0,79.2,18.0,Individual,5,High Risk,Manual Review
45744213,28900.0, 60 months,21.67,E,E5,4 years,MORTGAGE,80000.0,Source Verified,debt_consolidation,KY,35.4,0.0,690.0,694.0,1.0,94.2,22.0,Individual,6,High Risk,Manual Review
45484964,13900.0, 36 months,18.84,E,E2,2 years,MORTGAGE,35000.0,Source Verified,debt_consolidation,VA,32.58,0.0,665.0,669.0,1.0,75.2,22.0,Individual,5,High Risk,Manual Review
45344729,12000.0, 60 months,20.49,E,E4,4 years,MORTGAGE,90000.0,Not Verified,debt_consolidation,MI,12.8,4.0,665.0,669.0,1.0,96.5,29.0,Individual,5,High Risk,Manual Review
45495238,31450.0, 60 months,19.52,E,E3,3 years,MORTGAGE,65000.0,Verified,debt_consolidation,NJ,25.82,1.0,660.0,664.0,0.0,99.2,14.0,Individual,5,High Risk,Manual Review
44807684,10725.0, 60 months,20.49,E,E4,7 years,MORTGAGE,42985.0,Verified,debt_consolidation,MO,34.36,0.0,680.0,684.0,0.0,90.8,36.0,Individual,6,High Risk,Manual Review
44815998,14975.0, 60 months,19.52,E,E3,10+ years,RENT,60000.0,Source Verified,debt_consolidation,AK,31.78,1.0,685.0,689.0,0.0,68.4,25.0,Individual,6,High Risk,Manual Review
45314861,10975.0, 60 months,23.99,F,F2,6 years,RENT,22000.0,Source Verified,debt_consolidation,MO,39.01,0.0,665.0,669.0,1.0,58.1,30.0,Individual,5,High Risk,Manual Review
45424673,7125.0, 36 months,18.25,E,E1,< 1 year,MORTGAGE,40000.0,Source Verified,debt_consolidation,TN,38.04,1.0,700.0,704.0,0.0,42.8,13.0,Individual,6,High Risk,Manual Review
45354977,24600.0, 60 months,21.67,E,E5,10+ years,MORTGAGE,81000.0,Source Verified,debt_consolidation,TN,36.06,0.0,695.0,699.0,0.0,92.9,47.0,Individual,6,High Risk,Manual Review
45394875,6925.0, 36 months,19.52,E,E3,,RENT,50000.0,Verified,other,VA,32.17,1.0,665.0,669.0,2.0,43.0,35.0,Individual,6,High Risk,Manual Review
45515239,22200.0, 60 months,18.84,E,E2,10+ years,MORTGAGE,60000.0,Verified,credit_card,TX,31.44,2.0,660.0,664.0,3.0,63.9,39.0,Individual,6,High Risk,Manual Review
45344574,28700.0, 60 months,18.84,E,E2,10+ years,MORTGAGE,62434.0,Verified,debt_consolidation,IL,31.41,0.0,725.0,729.0,0.0,56.5,30.0,Individual,5,High Risk,Manual Review
44846150,30000.0, 60 months,18.25,E,E1,10+ years,OWN,71000.0,Verified,debt_consolidation,MI,30.7,1.0,675.0,679.0,0.0,60.7,25.0,Individual,6,High Risk,Manual Review
45296280,12175.0, 60 months,18.25,E,E1,2 years,MORTGAGE,32257.0,Verified,credit_card,CO,30.28,0.0,670.0,674.0,1.0,72.0,27.0,Individual,5,High Risk,Manual Review
45394866,12250.0, 36 months,19.52,E,E3,10+ years,OWN,26400.0,Verified,debt_consolidation,MI,32.0,0.0,670.0,674.0,1.0,51.1,22.0,Individual,5,High Risk,Manual Review
45296180,35000.0, 36 months,19.52,E,E3,10+ years,OWN,103000.0,Verified,debt_consolidation,CA,14.8,1.0,670.0,674.0,1.0,96.6,31.0,Individual,5,High Risk,Manual Review
44785429,13750.0, 60 months,20.49,E,E4,2 years,RENT,30000.0,Source Verified,debt_consolidation,FL,32.28,0.0,715.0,719.0,0.0,58.6,28.0,Individual,5,High Risk,Manual Review
45404721,28975.0, 36 months,18.84,E,E2,10+ years,OWN,66000.0,Verified,debt_consolidation,MD,25.15,1.0,675.0,679.0,0.0,93.7,21.0,Individual,5,High Risk,Manual Review
45314887,32750.0, 60 months,21.67,E,E5,10+ years,RENT,79200.0,Verified,debt_consolidation,HI,36.66,0.0,695.0,699.0,0.0,50.7,39.0,Individual,5,High Risk,Manual Review
45354771,28775.0, 60 months,23.99,F,F2,10+ years,OWN,60923.41,Source Verified,debt_consolidation,PA,38.96,1.0,670.0,674.0,0.0,96.1,10.0,Individual,7,High Risk,Manual Review
44806736,14050.0, 60 months,21.67,E,E5,10+ years,MORTGAGE,32000.0,Source Verified,credit_card,OH,33.27,0.0,700.0,704.0,0.0,92.8,14.0,Individual,6,High Risk,Manual Review
45464676,32950.0, 60 months,25.8,G,G1,7 years,MORTGAGE,66000.0,Verified,debt_consolidation,WI,32.78,0.0,660.0,664.0,3.0,87.2,32.0,Individual,6,High Risk,Manual Review
45495067,17550.0, 36 months,25.99,G,G4,8 years,RENT,45000.0,Verified,small_business,TX,33.41,0.0,675.0,679.0,2.0,49.7,15.0,Individual,5,High Risk,Manual Review
45504951,21100.0, 60 months,18.84,E,E2,8 years,MORTGAGE,60000.0,Source Verified,debt_consolidation,KS,30.3,0.0,670.0,674.0,0.0,69.7,27.0,Individual,5,High Risk,Manual Review
44976254,30000.0, 60 months,20.49,E,E4,1 year,RENT,125000.0,Verified,credit_card,FL,33.37,0.0,690.0,694.0,1.0,88.8,23.0,Individual,6,High Risk,Manual Review
45364986,24350.0, 36 months,19.52,E,E3,10+ years,RENT,53064.0,Verified,major_purchase,TX,32.84,0.0,660.0,664.0,2.0,22.2,27.0,Individual,5,High Risk,Manual Review
44986579,7650.0, 36 months,19.52,E,E3,6 years,MORTGAGE,36000.0,Not Verified,credit_card,LA,35.7,1.0,680.0,684.0,0.0,65.0,27.0,Individual,6,High Risk,Manual Review
45162267,11000.0, 60 months,15.61,D,D1,4 years,RENT,33000.0,Source Verified,debt_consolidation,LA,31.89,1.0,670.0,674.0,0.0,90.4,21.0,Individual,5,High Risk,Manual Review
44785883,16200.0, 60 months,18.84,E,E2,< 1 year,RENT,45000.0,Verified,debt_consolidation,TX,39.79,6.0,665.0,669.0,2.0,97.2,46.0,Individual,7,High Risk,Manual Review
45365061,3825.0, 36 months,18.25,E,E1,1 year,RENT,80000.0,Not Verified,debt_consolidation,CA,10.92,2.0,660.0,664.0,1.0,87.8,15.0,Individual,5,High Risk,Manual Review
45394282,8425.0, 36 months,20.49,E,E4,,RENT,23494.8,Verified,debt_consolidation,MD,35.56,0.0,670.0,674.0,0.0,49.8,21.0,Individual,5,High Risk,Manual Review
1164488,30000.0, 60 months,18.25,E,E1,8 years,MORTGAGE,93505.0,Verified,debt_consolidation,VA,35.13,0.0,740.0,744.0,0.0,64.4,23.0,Individual,5,High Risk,Manual Review
20729371,26325.0, 36 months,18.25,E,E1,10+ years,MORTGAGE,120000.0,Source Verified,debt_consolidation,MD,32.79,0.0,710.0,714.0,0.0,75.4,34.0,Individual,5,High Risk,Manual Review
45384718,21350.0, 60 months,20.49,E,E4,4 years,MORTGAGE,59500.0,Verified,debt_consolidation,GA,36.44,0.0,690.0,694.0,0.0,88.7,49.0,Individual,6,High Risk,Manual Review
45484462,14375.0, 60 months,20.49,E,E4,,OWN,36120.72,Verified,other,AL,38.24,0.0,715.0,719.0,0.0,54.6,18.0,Individual,5,High Risk,Manual Review
45444568,17475.0, 60 months,19.52,E,E3,3 years,RENT,35000.0,Not Verified,debt_consolidation,IL,33.44,0.0,710.0,714.0,0.0,59.4,31.0,Individual,5,High Risk,Manual Review
45504740,15950.0, 60 months,19.52,E,E3,3 years,OWN,40000.0,Source Verified,debt_consolidation,NY,37.56,1.0,670.0,674.0,1.0,45.1,12.0,Individual,6,High Risk,Manual Review
45314560,17975.0, 60 months,18.84,E,E2,,MORTGAGE,50000.0,Verified,debt_consolidation,NY,17.64,1.0,660.0,664.0,1.0,98.9,21.0,Individual,5,High Risk,Manual Review
45404498,25000.0, 60 months,21.67,E,E5,8 years,MORTGAGE,98500.0,Source Verified,debt_consolidation,NJ,38.42,0.0,705.0,709.0,2.0,58.8,46.0,Individual,5,High Risk,Manual Review
45414568,15000.0, 36 months,18.25,E,E1,8 years,MORTGAGE,60000.0,Not Verified,debt_consolidation,MN,31.48,0.0,660.0,664.0,2.0,65.2,36.0,Individual,5,High Risk,Manual Review
45514773,19300.0, 60 months,18.25,E,E1,6 years,RENT,42000.0,Source Verified,debt_consolidation,NC,31.49,0.0,725.0,729.0,0.0,48.9,16.0,Individual,5,High Risk,Manual Review
44745921,14350.0, 60 months,19.52,E,E3,2 years,MORTGAGE,38000.0,Source Verified,credit_card,NC,35.66,0.0,675.0,679.0,0.0,41.3,20.0,Individual,5,High Risk,Manual Review
44905949,20400.0, 60 months,22.99,F,F1,10+ years,MORTGAGE,50000.0,Source Verified,debt_consolidation,AR,33.87,0.0,675.0,679.0,1.0,30.2,17.0,Individual,5,High Risk,Manual Review
45374676,8125.0, 36 months,18.25,E,E1,5 years,RENT,65000.0,Verified,car,TX,31.32,1.0,665.0,669.0,2.0,56.0,37.0,Individual,6,High Risk,Manual Review
45454630,35000.0, 60 months,22.99,F,F1,10+ years,MORTGAGE,85800.0,Verified,debt_consolidation,MD,32.13,0.0,715.0,719.0,0.0,65.3,30.0,Individual,5,High Risk,Manual Review
45514571,11275.0, 60 months,22.99,F,F1,10+ years,MORTGAGE,27000.0,Source Verified,debt_consolidation,MN,36.58,0.0,675.0,679.0,0.0,53.9,29.0,Individual,5,High Risk,Manual Review
45344296,2300.0, 36 months,22.99,F,F1,1 year,RENT,19200.0,Not Verified,debt_consolidation,CA,31.81,0.0,665.0,669.0,2.0,86.6,5.0,Individual,6,High Risk,Manual Review
45444458,10000.0, 60 months,22.99,F,F1,1 year,RENT,29000.0,Source Verified,medical,SD,39.42,3.0,660.0,664.0,1.0,3.3,27.0,Individual,6,High Risk,Manual Review
45444403,19750.0, 60 months,18.25,E,E1,5 years,RENT,45000.0,Source Verified,debt_consolidation,TX,33.73,0.0,700.0,704.0,0.0,76.8,19.0,Individual,5,High Risk,Manual Review
45304359,20000.0, 60 months,19.52,E,E3,10+ years,OWN,70000.0,Verified,home_improvement,IL,32.56,0.0,665.0,669.0,4.0,55.7,39.0,Individual,5,High Risk,Manual Review
45334435,35000.0, 60 months,18.25,E,E1,10+ years,MORTGAGE,78000.0,Verified,credit_card,SC,37.86,0.0,675.0,679.0,1.0,49.5,57.0,Individual,5,High Risk,Manual Review
45364273,13450.0, 60 months,20.49,E,E4,6 years,MORTGAGE,45000.0,Not Verified,debt_consolidation,MN,32.48,0.0,680.0,684.0,0.0,82.6,20.0,Individual,6,High Risk,Manual Review
45424456,29700.0, 60 months,18.25,E,E1,< 1 year,RENT,62000.0,Source Verified,debt_consolidation,FL,34.65,0.0,685.0,689.0,0.0,78.2,48.0,Individual,5,High Risk,Manual Review
43759659,2375.0, 36 months,18.84,E,E2,5 years,RENT,35000.0,Not Verified,debt_consolidation,IN,34.81,0.0,675.0,679.0,1.0,86.8,21.0,Individual,6,High Risk,Manual Review
44086850,27000.0, 60 months,19.52,E,E3,9 years,RENT,65000.0,Verified,credit_card,NV,35.73,0.0,665.0,669.0,1.0,65.2,34.0,Individual,5,High Risk,Manual Review
45514308,15250.0, 60 months,20.49,E,E4,10+ years,MORTGAGE,45000.0,Not Verified,debt_consolidation,NC,10.32,2.0,675.0,679.0,1.0,91.9,20.0,Individual,5,High Risk,Manual Review
45424378,9550.0, 36 months,21.67,E,E5,10+ years,RENT,28241.0,Source Verified,house,CA,39.18,1.0,660.0,664.0,1.0,48.4,36.0,Individual,6,High Risk,Manual Review
45464372,29975.0, 60 months,18.25,E,E1,10+ years,MORTGAGE,60000.0,Source Verified,debt_consolidation,VA,32.7,0.0,700.0,704.0,0.0,50.5,23.0,Individual,5,High Risk,Manual Review
45082212,15050.0, 60 months,19.52,E,E3,10+ years,OWN,36000.0,Source Verified,debt_consolidation,OH,35.0,0.0,670.0,674.0,1.0,69.0,33.0,Individual,5,High Risk,Manual Review
44915260,15975.0, 60 months,23.99,F,F2,3 years,RENT,48000.0,Source Verified,debt_consolidation,AL,30.83,1.0,675.0,679.0,0.0,80.2,25.0,Individual,7,High Risk,Manual Review
45524301,35000.0, 60 months,18.84,E,E2,1 year,MORTGAGE,75000.0,Verified,debt_consolidation,NV,36.48,1.0,670.0,674.0,1.0,53.7,46.0,Individual,6,High Risk,Manual Review
45514217,12450.0, 60 months,25.99,G,G4,2 years,RENT,25000.0,Source Verified,debt_consolidation,TX,39.27,0.0,690.0,694.0,2.0,70.4,15.0,Individual,5,High Risk,Manual Review
45364238,3150.0, 36 months,20.49,E,E4,4 years,RENT,32000.0,Not Verified,debt_consolidation,NV,32.6,0.0,670.0,674.0,0.0,52.3,13.0,Individual,5,High Risk,Manual Review
45294122,27075.0, 36 months,18.84,E,E2,10+ years,MORTGAGE,63000.0,Verified,debt_consolidation,WV,37.37,0.0,715.0,719.0,2.0,60.2,44.0,Individual,5,High Risk,Manual Review
44956616,11850.0, 60 months,21.67,E,E5,10+ years,RENT,35000.0,Source Verified,debt_consolidation,NC,30.3,0.0,665.0,669.0,1.0,49.5,25.0,Individual,5,High Risk,Manual Review
43995185,31200.0, 60 months,18.25,E,E1,10+ years,MORTGAGE,110000.0,Verified,debt_consolidation,MA,33.02,0.0,665.0,669.0,0.0,61.5,57.0,Individual,5,High Risk,Manual Review
45394173,8825.0, 36 months,18.25,E,E1,5 years,RENT,32000.0,Source Verified,credit_card,MI,32.93,0.0,710.0,714.0,2.0,71.8,25.0,Individual,5,High Risk,Manual Review
45182276,15000.0, 36 months,18.84,E,E2,2 years,RENT,45000.0,Verified,small_business,HI,37.66,0.0,705.0,709.0,1.0,67.7,11.0,Individual,5,High Risk,Manual Review
45434123,14975.0, 36 months,25.57,F,F5,10+ years,RENT,50000.0,Verified,debt_consolidation,TX,39.58,0.0,665.0,669.0,0.0,94.8,28.0,Individual,6,High Risk,Manual Review
44249861,10400.0, 60 months,17.86,D,D5,1 year,MORTGAGE,80000.0,Not Verified,debt_consolidation,FL,31.95,1.0,680.0,684.0,0.0,99.7,25.0,Individual,5,High Risk,Manual Review
44142052,10200.0, 60 months,24.5,F,F3,7 years,OWN,27000.0,Source Verified,credit_card,FL,30.49,0.0,660.0,664.0,0.0,78.8,9.0,Individual,5,High Risk,Manual Review
45222343,20275.0, 60 months,21.67,E,E5,3 years,RENT,57200.0,Source Verified,debt_consolidation,TX,36.74,0.0,680.0,684.0,2.0,53.7,38.0,Individual,5,High Risk,Manual Review
45192511,18000.0, 36 months,18.84,E,E2,10+ years,RENT,64000.0,Verified,debt_consolidation,OH,31.65,1.0,660.0,664.0,2.0,55.0,30.0,Individual,6,High Risk,Manual Review
45484118,12000.0, 60 months,18.25,E,E1,10+ years,RENT,38000.0,Source Verified,debt_consolidation,NY,34.4,0.0,685.0,689.0,0.0,34.6,23.0,Individual,5,High Risk,Manual Review
44085607,15325.0, 60 months,19.52,E,E3,,MORTGAGE,42000.0,Verified,credit_card,MN,35.89,0.0,665.0,669.0,1.0,79.7,17.0,Individual,5,High Risk,Manual Review
44956259,21000.0, 60 months,19.52,E,E3,1 year,MORTGAGE,108000.0,Source Verified,debt_consolidation,LA,25.44,3.0,665.0,669.0,1.0,90.4,36.0,Individual,5,High Risk,Manual Review
43840666,16200.0, 60 months,25.57,F,F5,1 year,RENT,36200.0,Source Verified,debt_consolidation,MO,32.63,0.0,660.0,664.0,2.0,70.0,21.0,Individual,5,High Risk,Manual Review
44846289,11200.0, 60 months,22.99,F,F1,10+ years,MORTGAGE,32500.0,Not Verified,debt_consolidation,PA,38.18,1.0,670.0,674.0,3.0,54.0,40.0,Individual,6,High Risk,Manual Review
45202280,3725.0, 36 months,22.99,F,F1,,OWN,12708.0,Verified,small_business,SC,36.83,0.0,660.0,664.0,0.0,0.8,35.0,Individual,5,High Risk,Manual Review
45059356,35000.0, 60 months,19.52,E,E3,4 years,MORTGAGE,80000.0,Verified,debt_consolidation,MD,7.92,2.0,660.0,664.0,0.0,87.6,19.0,Individual,5,High Risk,Manual Review
45202220,12600.0, 60 months,20.49,E,E4,3 years,RENT,80000.0,Source Verified,debt_consolidation,UT,30.63,0.0,665.0,669.0,4.0,71.0,43.0,Individual,5,High Risk,Manual Review
45202235,33225.0, 60 months,24.99,F,F4,10+ years,RENT,66462.0,Verified,debt_consolidation,NM,31.17,0.0,670.0,674.0,0.0,53.6,51.0,Individual,5,High Risk,Manual Review
44975926,4300.0, 36 months,18.25,E,E1,4 years,MORTGAGE,28000.0,Not Verified,debt_consolidation,SD,35.88,0.0,710.0,714.0,1.0,59.3,36.0,Individual,5,High Risk,Manual Review
45082273,15000.0, 60 months,18.84,E,E2,< 1 year,RENT,67000.0,Verified,debt_consolidation,CA,33.46,0.0,665.0,669.0,1.0,68.9,20.0,Individual,5,High Risk,Manual Review
44755426,21000.0, 60 months,18.25,E,E1,1 year,MORTGAGE,63000.0,Verified,debt_consolidation,OH,31.81,0.0,700.0,704.0,3.0,29.5,51.0,Individual,5,High Risk,Manual Review
44837130,13000.0, 60 months,20.49,E,E4,4 years,RENT,52000.0,Source Verified,debt_consolidation,AZ,37.62,1.0,675.0,679.0,0.0,44.3,30.0,Individual,6,High Risk,Manual Review
45252182,15000.0, 60 months,18.84,E,E2,7 years,MORTGAGE,50000.0,Verified,home_improvement,OH,34.76,0.0,660.0,664.0,0.0,78.9,23.0,Individual,5,High Risk,Manual Review
45162191,15275.0, 36 months,24.5,F,F3,3 years,MORTGAGE,89000.0,Verified,major_purchase,NM,33.76,0.0,725.0,729.0,1.0,20.8,16.0,Individual,5,High Risk,Manual Review
44986810,25000.0, 36 months,20.49,E,E4,< 1 year,RENT,50000.0,Verified,debt_consolidation,SC,33.03,0.0,705.0,709.0,0.0,80.1,20.0,Individual,6,High Risk,Manual Review
45017775,12925.0, 36 months,18.84,E,E2,10+ years,RENT,30847.0,Verified,credit_card,WA,31.28,0.0,685.0,689.0,0.0,90.3,14.0,Individual,6,High Risk,Manual Review
44633770,28125.0, 60 months,25.57,F,F5,4 years,MORTGAGE,72000.0,Verified,debt_consolidation,MI,31.93,0.0,670.0,674.0,1.0,51.0,38.0,Individual,5,High Risk,Manual Review
44886645,35000.0, 36 months,18.25,E,E1,< 1 year,MORTGAGE,175000.0,Verified,other,CT,14.38,6.0,680.0,684.0,0.0,95.1,22.0,Individual,5,High Risk,Manual Review
44856316,21000.0, 60 months,19.52,E,E3,1 year,RENT,55000.0,Verified,debt_consolidation,FL,31.31,0.0,660.0,664.0,0.0,88.2,22.0,Individual,6,High Risk,Manual Review
44906674,26000.0, 60 months,18.25,E,E1,8 years,MORTGAGE,71000.0,Verified,credit_card,FL,32.76,0.0,715.0,719.0,0.0,45.8,26.0,Individual,5,High Risk,Manual Review
44797418,7925.0, 36 months,19.52,E,E3,10+ years,RENT,30000.0,Source Verified,debt_consolidation,GA,33.4,0.0,710.0,714.0,1.0,68.1,13.0,Individual,5,High Risk,Manual Review
44767183,18250.0, 60 months,18.84,E,E2,10+ years,MORTGAGE,60000.0,Source Verified,debt_consolidation,TX,35.54,1.0,665.0,669.0,1.0,80.2,30.0,Individual,7,High Risk,Manual Review
44936478,4800.0, 36 months,19.52,E,E3,3 years,RENT,55000.0,Source Verified,debt_consolidation,CA,33.62,0.0,670.0,674.0,0.0,65.9,25.0,Individual,5,High Risk,Manual Review
44996199,10000.0, 60 months,18.25,E,E1,< 1 year,MORTGAGE,30700.0,Verified,debt_consolidation,FL,31.98,0.0,660.0,664.0,2.0,78.8,19.0,Individual,5,High Risk,Manual Review
44926677,27450.0, 60 months,18.25,E,E1,5 years,MORTGAGE,55000.0,Source Verified,debt_consolidation,FL,32.34,0.0,710.0,714.0,0.0,84.2,25.0,Individual,6,High Risk,Manual Review
44816476,25000.0, 60 months,21.67,E,E5,10+ years,RENT,72000.0,Source Verified,debt_consolidation,NJ,34.28,0.0,695.0,699.0,1.0,63.9,16.0,Individual,5,High Risk,Manual Review
44936447,12600.0, 36 months,18.84,E,E2,,OWN,25368.0,Verified,debt_consolidation,CA,31.98,0.0,675.0,679.0,0.0,60.6,10.0,Individual,5,High Risk,Manual Review
44016304,28000.0, 60 months,15.61,D,D1,10+ years,MORTGAGE,120000.0,Verified,debt_consolidation,CA,30.73,3.0,680.0,684.0,0.0,93.9,25.0,Individual,5,High Risk,Manual Review
44654000,14500.0, 60 months,18.84,E,E2,7 years,MORTGAGE,38480.0,Not Verified,debt_consolidation,MI,39.43,0.0,740.0,744.0,0.0,40.7,30.0,Individual,5,High Risk,Manual Review
44826080,19125.0, 60 months,18.25,E,E1,10+ years,RENT,72000.0,Verified,debt_consolidation,FL,37.98,1.0,660.0,664.0,0.0,67.0,39.0,Individual,6,High Risk,Manual Review
44856335,29900.0, 60 months,18.84,E,E2,10+ years,MORTGAGE,65000.0,Source Verified,credit_card,NC,35.51,0.0,680.0,684.0,0.0,45.9,25.0,Individual,5,High Risk,Manual Review
44965721,16375.0, 60 months,23.99,F,F2,2 years,RENT,48300.0,Verified,debt_consolidation,OK,35.06,0.0,705.0,709.0,1.0,49.3,43.0,Individual,5,High Risk,Manual Review
43829678,16750.0, 60 months,24.5,F,F3,2 years,RENT,91087.0,Verified,debt_consolidation,PA,30.49,0.0,675.0,679.0,1.0,81.0,21.0,Individual,6,High Risk,Manual Review
44856566,35000.0, 60 months,21.67,E,E5,2 years,MORTGAGE,140000.0,Source Verified,debt_consolidation,SC,10.11,1.0,660.0,664.0,0.0,83.2,20.0,Individual,5,High Risk,Manual Review
44786079,14000.0, 60 months,18.84,E,E2,10+ years,RENT,58000.0,Verified,debt_consolidation,NC,30.54,0.0,665.0,669.0,2.0,48.5,26.0,Individual,5,High Risk,Manual Review
44955479,7875.0, 36 months,21.67,E,E5,10+ years,MORTGAGE,32000.0,Verified,debt_consolidation,OR,20.33,1.0,685.0,689.0,0.0,91.6,28.0,Individual,5,High Risk,Manual Review
44756824,17000.0, 36 months,19.52,E,E3,1 year,OWN,50000.0,Not Verified,debt_consolidation,LA,15.07,2.0,665.0,669.0,2.0,88.4,29.0,Individual,5,High Risk,Manual Review
44826223,10975.0, 60 months,18.84,E,E2,10+ years,MORTGAGE,32000.0,Source Verified,debt_consolidation,CA,31.1,1.0,665.0,669.0,0.0,86.9,9.0,Individual,7,High Risk,Manual Review
44876744,4600.0, 36 months,19.52,E,E3,3 years,MORTGAGE,56000.0,Verified,debt_consolidation,SC,33.63,0.0,665.0,669.0,0.0,101.6,14.0,Individual,6,High Risk,Manual Review
43892846,14700.0, 60 months,23.99,F,F2,8 years,MORTGAGE,48000.0,Source Verified,credit_card,CO,31.4,0.0,660.0,664.0,3.0,58.7,18.0,Individual,5,High Risk,Manual Review
44965448,32000.0, 60 months,19.52,E,E3,7 years,MORTGAGE,220000.0,Source Verified,small_business,AZ,9.39,5.0,660.0,664.0,0.0,86.2,22.0,Individual,5,High Risk,Manual Review
44786263,20000.0, 60 months,18.25,E,E1,10+ years,MORTGAGE,76000.0,Source Verified,debt_consolidation,LA,36.99,0.0,715.0,719.0,2.0,79.9,55.0,Individual,5,High Risk,Manual Review
44836218,30000.0, 60 months,18.84,E,E2,10+ years,MORTGAGE,120000.0,Verified,debt_consolidation,VA,32.43,0.0,695.0,699.0,1.0,95.0,45.0,Individual,6,High Risk,Manual Review
44876454,19475.0, 36 months,18.84,E,E2,10+ years,OWN,54000.0,Not Verified,debt_consolidation,MA,32.02,0.0,660.0,664.0,1.0,86.9,52.0,Individual,6,High Risk,Manual Review
44836739,5000.0, 36 months,18.25,E,E1,4 years,RENT,35000.0,Verified,other,AL,36.72,1.0,660.0,664.0,1.0,43.0,44.0,Individual,6,High Risk,Manual Review
44946310,17500.0, 60 months,18.84,E,E2,10+ years,MORTGAGE,44025.0,Source Verified,debt_consolidation,WI,31.24,0.0,695.0,699.0,1.0,50.4,25.0,Individual,5,High Risk,Manual Review
43894252,14975.0, 36 months,20.49,E,E4,3 years,MORTGAGE,30000.0,Verified,home_improvement,MI,35.36,0.0,665.0,669.0,0.0,51.7,25.0,Individual,5,High Risk,Manual Review
44795597,6400.0, 36 months,18.25,E,E1,10+ years,RENT,34600.0,Source Verified,debt_consolidation,CA,32.5,2.0,675.0,679.0,3.0,89.7,23.0,Individual,7,High Risk,Manual Review
44085800,26850.0, 36 months,18.84,E,E2,8 years,RENT,64000.0,Verified,debt_consolidation,CA,34.24,0.0,660.0,664.0,1.0,71.4,19.0,Individual,5,High Risk,Manual Review
29453977,35000.0, 60 months,22.99,F,F1,4 years,RENT,78000.0,Verified,debt_consolidation,TX,39.01,0.0,680.0,684.0,0.0,92.1,41.0,Individual,6,High Risk,Manual Review
44796482,28500.0, 36 months,20.49,E,E4,10+ years,MORTGAGE,65000.0,Verified,debt_consolidation,UT,32.53,0.0,665.0,669.0,0.0,85.4,48.0,Individual,6,High Risk,Manual Review
44886078,15000.0, 60 months,18.84,E,E2,10+ years,MORTGAGE,92363.6,Verified,debt_consolidation,NM,30.64,3.0,670.0,674.0,0.0,81.3,54.0,Individual,7,High Risk,Manual Review
44369371,30000.0, 60 months,20.49,E,E4,10+ years,MORTGAGE,67000.0,Verified,debt_consolidation,OK,39.66,0.0,685.0,689.0,0.0,95.4,31.0,Individual,6,High Risk,Manual Review
44807310,20000.0, 60 months,21.67,E,E5,,MORTGAGE,95000.0,Verified,home_improvement,VA,32.67,0.0,685.0,689.0,2.0,63.7,66.0,Individual,5,High Risk,Manual Review
44986260,23475.0, 60 months,18.25,E,E1,10+ years,RENT,56000.0,Source Verified,debt_consolidation,TX,39.46,0.0,675.0,679.0,1.0,66.3,31.0,Individual,5,High Risk,Manual Review
44459386,19000.0, 60 months,23.99,F,F2,10+ years,MORTGAGE,55000.0,Verified,credit_card,IN,31.49,0.0,680.0,684.0,4.0,33.3,70.0,Individual,5,High Risk,Manual Review
43649360,6100.0, 36 months,18.84,E,E2,2 years,RENT,17600.0,Verified,debt_consolidation,AZ,35.06,0.0,685.0,689.0,1.0,101.6,4.0,Individual,6,High Risk,Manual Review
44876115,15000.0, 60 months,18.25,E,E1,4 years,RENT,42000.0,Source Verified,debt_consolidation,NV,32.51,7.0,670.0,674.0,3.0,37.4,28.0,Individual,6,High Risk,Manual Review
44986177,16700.0, 60 months,18.84,E,E2,10+ years,MORTGAGE,65000.0,Not Verified,debt_consolidation,DE,38.13,1.0,690.0,694.0,1.0,96.6,26.0,Individual,7,High Risk,Manual Review
44494840,11875.0, 60 months,19.52,E,E3,3 years,MORTGAGE,33000.0,Verified,debt_consolidation,MN,33.67,0.0,660.0,664.0,0.0,95.3,38.0,Individual,6,High Risk,Manual Review
44816168,35000.0, 60 months,18.84,E,E2,10+ years,MORTGAGE,93000.0,Verified,credit_card,OH,16.4,1.0,685.0,689.0,0.0,97.9,14.0,Individual,5,High Risk,Manual Review
44966017,12000.0, 60 months,20.49,E,E4,4 years,MORTGAGE,100000.0,Verified,debt_consolidation,CA,11.32,1.0,670.0,674.0,3.0,96.0,23.0,Individual,5,High Risk,Manual Review
44756285,14400.0, 60 months,19.52,E,E3,3 years,RENT,47840.0,Source Verified,other,WY,36.79,0.0,675.0,679.0,0.0,97.0,34.0,Individual,6,High Risk,Manual Review
39700493,19600.0, 60 months,17.86,D,D5,10+ years,RENT,63309.0,Verified,debt_consolidation,MN,34.09,1.0,675.0,679.0,1.0,80.8,27.0,Individual,5,High Risk,Manual Review
44995698,25150.0, 60 months,21.67,E,E5,10+ years,MORTGAGE,75000.0,Source Verified,credit_card,AR,34.8,0.0,660.0,664.0,2.0,64.5,34.0,Individual,5,High Risk,Manual Review
44816090,17850.0, 60 months,18.84,E,E2,10+ years,MORTGAGE,70000.0,Verified,debt_consolidation,TX,31.53,0.0,680.0,684.0,1.0,86.0,33.0,Individual,6,High Risk,Manual Review
43510881,15950.0, 60 months,20.49,E,E4,3 years,MORTGAGE,32000.0,Verified,debt_consolidation,WI,33.8,0.0,675.0,679.0,0.0,101.2,22.0,Individual,6,High Risk,Manual Review
44756069,16000.0, 60 months,18.25,E,E1,1 year,RENT,41600.0,Source Verified,other,NC,36.24,3.0,665.0,669.0,1.0,41.9,16.0,Individual,6,High Risk,Manual Review
44756013,17875.0, 60 months,24.5,F,F3,10+ years,MORTGAGE,49750.0,Verified,debt_consolidation,MI,32.4,0.0,680.0,684.0,1.0,70.3,25.0,Individual,5,High Risk,Manual Review
43659397,24000.0, 60 months,18.25,E,E1,10+ years,MORTGAGE,55000.0,Source Verified,renewable_energy,GA,37.62,0.0,700.0,704.0,0.0,76.4,17.0,Individual,5,High Risk,Manual Review
44806342,35000.0, 60 months,18.25,E,E1,2 years,MORTGAGE,125000.0,Verified,debt_consolidation,OK,25.64,1.0,675.0,679.0,1.0,93.7,21.0,Individual,5,High Risk,Manual Review
44885201,22000.0, 60 months,20.49,E,E4,3 years,RENT,50000.0,Source Verified,debt_consolidation,VA,35.74,0.0,695.0,699.0,0.0,85.8,10.0,Individual,6,High Risk,Manual Review
44815147,10000.0, 36 months,18.84,E,E2,< 1 year,RENT,25000.0,Not Verified,debt_consolidation,NY,33.5,0.0,680.0,684.0,1.0,57.2,63.0,Individual,5,High Risk,Manual Review
43145974,28000.0, 60 months,19.52,E,E3,2 years,MORTGAGE,85000.0,Source Verified,debt_consolidation,WI,30.57,0.0,685.0,689.0,1.0,56.4,31.0,Individual,5,High Risk,Manual Review
44795737,15000.0, 60 months,18.25,E,E1,,RENT,34296.0,Verified,debt_consolidation,NJ,38.84,0.0,705.0,709.0,0.0,54.9,30.0,Individual,5,High Risk,Manual Review
44514863,22050.0, 60 months,18.25,E,E1,10+ years,OWN,60000.0,Source Verified,debt_consolidation,FL,37.03,0.0,720.0,724.0,0.0,38.0,19.0,Individual,5,High Risk,Manual Review
42435838,25000.0, 60 months,18.84,E,E2,2 years,RENT,75000.0,Verified,debt_consolidation,MO,27.09,2.0,660.0,664.0,2.0,94.3,49.0,Individual,5,High Risk,Manual Review
44755804,10000.0, 36 months,16.99,D,D3,10+ years,OWN,100000.0,Source Verified,credit_card,CA,33.19,1.0,670.0,674.0,0.0,96.3,14.0,Individual,5,High Risk,Manual Review
44815812,15225.0, 60 months,19.52,E,E3,,OWN,42366.05,Verified,debt_consolidation,MS,38.38,0.0,685.0,689.0,0.0,93.6,15.0,Individual,6,High Risk,Manual Review
42413696,35000.0, 60 months,18.84,E,E2,4 years,MORTGAGE,80000.0,Verified,debt_consolidation,PA,32.49,0.0,710.0,714.0,0.0,74.5,45.0,Individual,5,High Risk,Manual Review
44835782,35000.0, 60 months,21.67,E,E5,10+ years,MORTGAGE,96000.0,Verified,debt_consolidation,CA,33.74,0.0,705.0,709.0,0.0,33.8,49.0,Individual,5,High Risk,Manual Review
42964739,33600.0, 60 months,22.99,F,F1,10+ years,MORTGAGE,130000.0,Verified,debt_consolidation,FL,38.82,0.0,710.0,714.0,0.0,68.1,25.0,Individual,5,High Risk,Manual Review
44765648,16675.0, 60 months,18.84,E,E2,3 years,MORTGAGE,39780.0,Not Verified,debt_consolidation,NC,31.8,0.0,675.0,679.0,2.0,74.5,26.0,Individual,5,High Risk,Manual Review
44885393,6550.0, 36 months,18.25,E,E1,10+ years,MORTGAGE,78000.0,Verified,credit_card,PA,39.25,0.0,690.0,694.0,1.0,88.8,60.0,Individual,6,High Risk,Manual Review
44935452,10750.0, 36 months,21.67,E,E5,2 years,RENT,50000.0,Verified,debt_consolidation,CA,35.31,1.0,690.0,694.0,1.0,36.4,21.0,Individual,6,High Risk,Manual Review
43996365,28975.0, 60 months,19.52,E,E3,9 years,OWN,58000.0,Source Verified,debt_consolidation,WV,37.97,1.0,670.0,674.0,0.0,58.3,26.0,Individual,6,High Risk,Manual Review
44955569,12800.0, 60 months,17.86,D,D5,10+ years,RENT,64000.0,Verified,debt_consolidation,PA,34.11,1.0,670.0,674.0,2.0,88.0,37.0,Individual,5,High Risk,Manual Review
44855684,16600.0, 36 months,19.52,E,E3,10+ years,MORTGAGE,76000.0,Not Verified,debt_consolidation,IL,35.84,2.0,680.0,684.0,0.0,75.9,20.0,Individual,6,High Risk,Manual Review
43945242,24650.0, 60 months,24.5,F,F3,,MORTGAGE,50000.0,Verified,home_improvement,IN,38.14,1.0,665.0,669.0,3.0,60.6,38.0,Individual,6,High Risk,Manual Review
44016973,20875.0, 60 months,20.49,E,E4,4 years,OWN,58000.0,Source Verified,other,PA,33.64,0.0,680.0,684.0,0.0,64.5,42.0,Individual,5,High Risk,Manual Review
43799893,15000.0, 60 months,20.49,E,E4,4 years,RENT,68000.0,Verified,debt_consolidation,CA,35.49,0.0,670.0,674.0,3.0,46.2,27.0,Individual,5,High Risk,Manual Review
44945465,15000.0, 60 months,18.84,E,E2,< 1 year,MORTGAGE,50000.0,Not Verified,home_improvement,UT,35.24,0.0,705.0,709.0,0.0,59.4,32.0,Individual,5,High Risk,Manual Review
44855692,22425.0, 60 months,18.84,E,E2,9 years,RENT,45000.0,Source Verified,debt_consolidation,IL,35.49,0.0,695.0,699.0,0.0,95.6,21.0,Individual,6,High Risk,Manual Review
44905558,12750.0, 60 months,21.67,E,E5,1 year,RENT,40000.0,Not Verified,moving,MA,30.9,0.0,665.0,669.0,0.0,36.1,30.0,Individual,5,High Risk,Manual Review
44955482,22200.0, 60 months,19.52,E,E3,2 years,MORTGAGE,53000.0,Source Verified,debt_consolidation,GA,32.07,0.0,670.0,674.0,0.0,79.6,21.0,Individual,5,High Risk,Manual Review
44805851,15800.0, 60 months,18.25,E,E1,10+ years,MORTGAGE,72000.0,Verified,debt_consolidation,WA,35.68,0.0,695.0,699.0,2.0,56.0,57.0,Individual,5,High Risk,Manual Review
44795492,21850.0, 60 months,23.99,F,F2,10+ years,MORTGAGE,72000.0,Source Verified,debt_consolidation,MD,30.52,0.0,680.0,684.0,0.0,52.4,45.0,Individual,5,High Risk,Manual Review
43510867,22000.0, 36 months,18.84,E,E2,10+ years,MORTGAGE,55000.0,Source Verified,debt_consolidation,NH,35.59,0.0,680.0,684.0,0.0,68.0,25.0,Individual,5,High Risk,Manual Review
44975428,16025.0, 60 months,25.57,F,F5,10+ years,RENT,45000.0,Verified,debt_consolidation,OH,36.61,0.0,670.0,674.0,1.0,63.0,22.0,Individual,5,High Risk,Manual Review
44299635,28000.0, 60 months,18.25,E,E1,10+ years,MORTGAGE,94000.0,Source Verified,debt_consolidation,TX,32.62,0.0,675.0,679.0,0.0,78.9,33.0,Individual,5,High Risk,Manual Review
44945606,28000.0, 60 months,16.55,D,D2,10+ years,MORTGAGE,104000.0,Source Verified,debt_consolidation,OR,35.45,1.0,700.0,704.0,0.0,84.6,35.0,Individual,5,High Risk,Manual Review
44925506,34350.0, 60 months,24.5,F,F3,10+ years,RENT,100000.0,Verified,debt_consolidation,CA,31.52,0.0,685.0,689.0,1.0,71.2,30.0,Individual,5,High Risk,Manual Review
44985123,24000.0, 60 months,20.49,E,E4,10+ years,MORTGAGE,60000.0,Source Verified,debt_consolidation,TN,34.9,0.0,710.0,714.0,2.0,58.2,16.0,Individual,5,High Risk,Manual Review
44905473,20000.0, 60 months,18.25,E,E1,10+ years,OWN,52000.0,Source Verified,debt_consolidation,TX,35.7,0.0,700.0,704.0,0.0,39.8,27.0,Individual,5,High Risk,Manual Review
43419534,25600.0, 60 months,17.57,D,D4,10+ years,MORTGAGE,81000.0,Source Verified,credit_card,IL,31.19,3.0,685.0,689.0,1.0,92.4,20.0,Individual,5,High Risk,Manual Review
44514435,35000.0, 60 months,25.8,G,G1,10+ years,MORTGAGE,79000.0,Verified,debt_consolidation,CA,34.25,0.0,675.0,679.0,1.0,85.0,36.0,Individual,6,High Risk,Manual Review
44945519,18700.0, 60 months,22.99,F,F1,7 years,MORTGAGE,52000.0,Not Verified,debt_consolidation,PA,38.84,1.0,670.0,674.0,1.0,53.9,21.0,Individual,6,High Risk,Manual Review
44895568,14125.0, 60 months,21.67,E,E5,9 years,MORTGAGE,45000.0,Source Verified,debt_consolidation,TX,30.37,0.0,660.0,664.0,0.0,59.1,38.0,Individual,5,High Risk,Manual Review
44775460,17125.0, 60 months,25.89,G,G3,10+ years,MORTGAGE,55000.0,Source Verified,house,NJ,38.4,1.0,695.0,699.0,1.0,75.3,39.0,Individual,6,High Risk,Manual Review
44945492,14700.0, 60 months,21.67,E,E5,9 years,MORTGAGE,50000.0,Source Verified,debt_consolidation,KY,31.08,0.0,705.0,709.0,0.0,94.6,13.0,Individual,6,High Risk,Manual Review
44349293,22750.0, 60 months,18.84,E,E2,9 years,MORTGAGE,60000.0,Source Verified,debt_consolidation,FL,31.24,0.0,665.0,669.0,0.0,85.8,20.0,Individual,6,High Risk,Manual Review
43570638,15600.0, 60 months,22.99,F,F1,4 years,MORTGAGE,165000.0,Source Verified,debt_consolidation,TX,7.08,2.0,670.0,674.0,1.0,86.9,13.0,Individual,5,High Risk,Manual Review
43719827,15000.0, 60 months,18.25,E,E1,1 year,RENT,42000.0,Source Verified,debt_consolidation,KS,31.17,0.0,675.0,679.0,0.0,72.1,21.0,Individual,5,High Risk,Manual Review
44845250,22800.0, 60 months,20.49,E,E4,5 years,RENT,57000.0,Verified,debt_consolidation,NY,35.44,0.0,665.0,669.0,1.0,65.1,31.0,Individual,5,High Risk,Manual Review
44995204,14975.0, 60 months,18.84,E,E2,10+ years,MORTGAGE,58000.0,Source Verified,debt_consolidation,OH,38.05,0.0,670.0,674.0,0.0,68.7,37.0,Individual,5,High Risk,Manual Review
44875241,19350.0, 36 months,18.25,E,E1,10+ years,RENT,43000.0,Verified,debt_consolidation,KY,34.13,0.0,660.0,664.0,2.0,82.0,28.0,Individual,6,High Risk,Manual Review
44795263,14450.0, 60 months,19.52,E,E3,2 years,MORTGAGE,54900.0,Not Verified,debt_consolidation,AL,38.99,0.0,690.0,694.0,0.0,67.9,23.0,Individual,5,High Risk,Manual Review
44915280,10000.0, 60 months,20.49,E,E4,9 years,MORTGAGE,32000.0,Source Verified,debt_consolidation,OK,21.94,1.0,660.0,664.0,1.0,92.3,15.0,Individual,5,High Risk,Manual Review
44623839,33575.0, 60 months,19.52,E,E3,10+ years,MORTGAGE,90000.0,Verified,debt_consolidation,CA,30.81,1.0,680.0,684.0,0.0,78.3,34.0,Individual,6,High Risk,Manual Review
44125909,16300.0, 36 months,25.57,F,F5,9 years,MORTGAGE,55000.0,Not Verified,debt_consolidation,OK,33.47,0.0,690.0,694.0,0.0,53.5,37.0,Individual,5,High Risk,Manual Review
43925127,18000.0, 60 months,21.67,E,E5,10+ years,RENT,50000.0,Source Verified,debt_consolidation,VA,31.22,0.0,670.0,674.0,1.0,65.9,26.0,Individual,5,High Risk,Manual Review
43947234,30000.0, 36 months,18.25,E,E1,3 years,MORTGAGE,183000.0,Verified,debt_consolidation,IN,16.28,1.0,670.0,674.0,1.0,89.4,50.0,Individual,5,High Risk,Manual Review
44905168,16000.0, 60 months,19.52,E,E3,7 years,RENT,32000.0,Source Verified,debt_consolidation,NC,32.41,0.0,680.0,684.0,1.0,54.7,15.0,Individual,5,High Risk,Manual Review
44845152,23850.0, 60 months,18.84,E,E2,8 years,RENT,52000.0,Source Verified,debt_consolidation,HI,32.52,0.0,725.0,729.0,1.0,80.6,18.0,Individual,6,High Risk,Manual Review
44036892,6275.0, 36 months,18.25,E,E1,2 years,OWN,21000.0,Source Verified,major_purchase,AK,33.14,0.0,690.0,694.0,0.0,66.5,23.0,Individual,5,High Risk,Manual Review
43195632,12750.0, 60 months,18.84,E,E2,9 years,MORTGAGE,60000.0,Not Verified,debt_consolidation,GA,34.0,0.0,730.0,734.0,2.0,24.0,40.0,Individual,5,High Risk,Manual Review
44513711,11400.0, 36 months,18.25,E,E1,3 years,RENT,37000.0,Source Verified,debt_consolidation,IL,33.88,0.0,700.0,704.0,2.0,55.3,23.0,Individual,5,High Risk,Manual Review
44583625,18225.0, 60 months,16.55,D,D2,10+ years,MORTGAGE,40000.0,Verified,other,PA,39.9,2.0,690.0,694.0,0.0,95.3,14.0,Individual,5,High Risk,Manual Review
43276176,27975.0, 60 months,20.49,E,E4,10+ years,OWN,56000.0,Source Verified,debt_consolidation,CA,35.11,1.0,680.0,684.0,0.0,4.4,43.0,Individual,6,High Risk,Manual Review
44745312,30000.0, 60 months,17.86,D,D5,10+ years,MORTGAGE,87600.0,Verified,credit_card,NC,39.12,1.0,685.0,689.0,1.0,93.0,30.0,Individual,5,High Risk,Manual Review
44494123,20950.0, 60 months,18.84,E,E2,,OWN,49994.4,Verified,debt_consolidation,MD,35.55,0.0,670.0,674.0,0.0,65.6,36.0,Individual,5,High Risk,Manual Review
44523537,28625.0, 60 months,19.52,E,E3,10+ years,MORTGAGE,67490.0,Source Verified,debt_consolidation,NC,31.81,0.0,695.0,699.0,0.0,92.3,32.0,Individual,6,High Risk,Manual Review
44493972,25375.0, 36 months,18.25,E,E1,4 years,MORTGAGE,67000.0,Source Verified,debt_consolidation,PA,18.95,1.0,670.0,674.0,0.0,96.9,15.0,Individual,5,High Risk,Manual Review
44633858,11500.0, 60 months,18.25,E,E1,< 1 year,RENT,40000.0,Source Verified,debt_consolidation,MD,36.26,0.0,670.0,674.0,0.0,48.9,18.0,Individual,5,High Risk,Manual Review
44533579,6050.0, 36 months,18.84,E,E2,2 years,RENT,71000.0,Source Verified,debt_consolidation,CA,36.39,4.0,660.0,664.0,3.0,47.3,40.0,Individual,6,High Risk,Manual Review
42904159,18700.0, 60 months,21.67,E,E5,10+ years,MORTGAGE,52000.0,Source Verified,debt_consolidation,PA,37.57,0.0,665.0,669.0,1.0,80.4,18.0,Individual,6,High Risk,Manual Review
44733253,20950.0, 60 months,20.49,E,E4,2 years,MORTGAGE,42000.0,Source Verified,debt_consolidation,OH,34.17,0.0,730.0,734.0,0.0,66.1,17.0,Individual,5,High Risk,Manual Review
44389586,24000.0, 60 months,18.25,E,E1,9 years,MORTGAGE,68000.0,Verified,debt_consolidation,GA,30.67,0.0,670.0,674.0,1.0,72.8,28.0,Individual,5,High Risk,Manual Review
44713394,6600.0, 36 months,25.89,G,G3,4 years,RENT,45000.0,Verified,other,CA,39.49,0.0,670.0,674.0,2.0,57.2,14.0,Individual,5,High Risk,Manual Review
44513180,13200.0, 36 months,20.49,E,E4,3 years,MORTGAGE,39000.0,Verified,debt_consolidation,FL,31.08,0.0,660.0,664.0,1.0,51.4,31.0,Individual,5,High Risk,Manual Review
44583361,20000.0, 60 months,19.52,E,E3,1 year,RENT,68000.0,Verified,debt_consolidation,TX,30.44,0.0,670.0,674.0,1.0,64.0,22.0,Individual,5,High Risk,Manual Review
44603461,15550.0, 60 months,18.25,E,E1,< 1 year,MORTGAGE,49000.0,Source Verified,home_improvement,PA,31.13,0.0,675.0,679.0,1.0,57.9,31.0,Individual,5,High Risk,Manual Review
44399262,13600.0, 36 months,16.99,D,D3,3 years,OWN,40000.0,Source Verified,debt_consolidation,TX,30.63,1.0,675.0,679.0,0.0,86.7,17.0,Individual,5,High Risk,Manual Review
43892949,5900.0, 36 months,19.52,E,E3,8 years,RENT,39000.0,Not Verified,other,NJ,19.48,1.0,660.0,664.0,5.0,86.0,13.0,Individual,5,High Risk,Manual Review
44733415,10825.0, 60 months,18.25,E,E1,1 year,MORTGAGE,26000.0,Source Verified,debt_consolidation,GA,30.7,0.0,690.0,694.0,0.0,74.5,7.0,Individual,5,High Risk,Manual Review
44339445,13700.0, 60 months,18.25,E,E1,9 years,RENT,32800.0,Source Verified,credit_card,MS,30.15,0.0,665.0,669.0,1.0,57.3,26.0,Individual,5,High Risk,Manual Review
44633306,18950.0, 60 months,24.5,F,F3,10+ years,MORTGAGE,43182.0,Source Verified,debt_consolidation,GA,33.46,0.0,685.0,689.0,0.0,81.7,25.0,Individual,6,High Risk,Manual Review
44713260,30000.0, 60 months,18.25,E,E1,10+ years,MORTGAGE,75000.0,Verified,debt_consolidation,AZ,31.25,2.0,710.0,714.0,1.0,38.8,32.0,Individual,6,High Risk,Manual Review
44613370,21475.0, 60 months,18.25,E,E1,6 years,MORTGAGE,43000.0,Source Verified,debt_consolidation,SC,34.44,1.0,665.0,669.0,0.0,76.8,29.0,Individual,6,High Risk,Manual Review
44015936,19150.0, 60 months,18.84,E,E2,10+ years,MORTGAGE,40000.0,Verified,debt_consolidation,TN,34.71,0.0,690.0,694.0,0.0,97.8,7.0,Individual,6,High Risk,Manual Review
43590178,15625.0, 36 months,20.49,E,E4,6 years,OWN,46000.0,Verified,other,TX,33.66,0.0,690.0,694.0,0.0,39.7,21.0,Individual,5,High Risk,Manual Review
43859121,33150.0, 60 months,20.49,E,E4,10+ years,MORTGAGE,70000.0,Verified,credit_card,PA,32.61,0.0,680.0,684.0,0.0,65.2,37.0,Individual,5,High Risk,Manual Review
44493342,29700.0, 36 months,24.5,F,F3,10+ years,MORTGAGE,84000.0,Source Verified,credit_card,DC,32.12,0.0,690.0,694.0,2.0,75.0,39.0,Individual,5,High Risk,Manual Review
43409718,35000.0, 36 months,19.52,E,E3,,MORTGAGE,145000.0,Verified,debt_consolidation,CA,30.64,0.0,675.0,679.0,0.0,67.6,37.0,Individual,5,High Risk,Manual Review
44533363,16850.0, 60 months,23.99,F,F2,10+ years,MORTGAGE,60000.0,Source Verified,debt_consolidation,WI,32.38,0.0,665.0,669.0,0.0,73.7,34.0,Individual,5,High Risk,Manual Review
44479735,22350.0, 60 months,18.84,E,E2,8 years,MORTGAGE,53500.0,Source Verified,debt_consolidation,GA,34.57,0.0,690.0,694.0,0.0,81.9,23.0,Individual,6,High Risk,Manual Review
44493262,13475.0, 60 months,17.57,D,D4,9 years,MORTGAGE,70000.0,Source Verified,credit_card,MD,33.18,5.0,685.0,689.0,0.0,98.1,21.0,Individual,5,High Risk,Manual Review
43370200,8275.0, 36 months,24.5,F,F3,1 year,RENT,26000.0,Source Verified,other,FL,36.06,0.0,670.0,674.0,1.0,32.4,14.0,Individual,5,High Risk,Manual Review
44419357,12600.0, 60 months,19.52,E,E3,3 years,MORTGAGE,69000.0,Source Verified,debt_consolidation,IN,22.85,1.0,675.0,679.0,1.0,87.8,31.0,Individual,5,High Risk,Manual Review
44349576,22750.0, 60 months,18.25,E,E1,10+ years,RENT,60000.0,Verified,debt_consolidation,VA,25.14,1.0,675.0,679.0,0.0,95.5,32.0,Individual,5,High Risk,Manual Review
42505447,18000.0, 36 months,22.99,F,F1,5 years,RENT,60000.0,Source Verified,small_business,TX,39.6,0.0,670.0,674.0,0.0,87.4,31.0,Individual,6,High Risk,Manual Review
44430881,30100.0, 60 months,21.67,E,E5,9 years,RENT,80384.0,Verified,debt_consolidation,CA,32.47,0.0,660.0,664.0,1.0,81.8,40.0,Individual,6,High Risk,Manual Review
43957127,16300.0, 60 months,20.49,E,E4,,OWN,41000.0,Verified,debt_consolidation,IN,34.63,0.0,670.0,674.0,0.0,89.1,20.0,Individual,6,High Risk,Manual Review
44057350,11775.0, 36 months,21.67,E,E5,7 years,MORTGAGE,48367.92,Not Verified,debt_consolidation,GA,34.24,0.0,660.0,664.0,2.0,78.8,37.0,Individual,5,High Risk,Manual Review
724064,18000.0, 60 months,18.84,E,E2,3 years,OWN,45000.0,Source Verified,home_improvement,OH,36.43,0.0,720.0,724.0,1.0,15.4,33.0,Individual,5,High Risk,Manual Review
43947519,10900.0, 36 months,18.84,E,E2,< 1 year,RENT,26000.0,Verified,debt_consolidation,CA,31.26,3.0,675.0,679.0,0.0,32.4,25.0,Individual,6,High Risk,Manual Review
44045726,10200.0, 60 months,19.52,E,E3,9 years,RENT,30000.0,Source Verified,debt_consolidation,CA,33.62,0.0,675.0,679.0,0.0,78.3,21.0,Individual,5,High Risk,Manual Review
44430537,20400.0, 60 months,25.57,F,F5,5 years,RENT,60000.0,Source Verified,other,TX,33.9,0.0,695.0,699.0,1.0,68.7,21.0,Individual,5,High Risk,Manual Review
44389888,8950.0, 36 months,24.5,F,F3,5 years,RENT,30000.0,Source Verified,debt_consolidation,WA,37.12,0.0,660.0,664.0,2.0,60.8,15.0,Individual,5,High Risk,Manual Review
44469680,13625.0, 60 months,18.84,E,E2,8 years,MORTGAGE,92345.0,Verified,debt_consolidation,NY,30.51,1.0,660.0,664.0,0.0,79.1,38.0,Individual,6,High Risk,Manual Review
44249873,29975.0, 60 months,24.5,F,F3,,RENT,60000.0,Verified,debt_consolidation,NV,39.24,0.0,705.0,709.0,1.0,73.8,21.0,Individual,5,High Risk,Manual Review
44503139,14400.0, 60 months,18.25,E,E1,1 year,RENT,54000.0,Source Verified,debt_consolidation,NY,15.29,1.0,660.0,664.0,0.0,82.2,22.0,Individual,5,High Risk,Manual Review
44583116,25000.0, 60 months,20.49,E,E4,10+ years,MORTGAGE,66000.0,Source Verified,home_improvement,FL,37.45,1.0,665.0,669.0,0.0,50.7,47.0,Individual,6,High Risk,Manual Review
44370147,25200.0, 60 months,20.49,E,E4,10+ years,MORTGAGE,60000.0,Source Verified,credit_card,PA,32.18,0.0,700.0,704.0,1.0,80.3,39.0,Individual,6,High Risk,Manual Review
44430713,15925.0, 60 months,18.25,E,E1,3 years,MORTGAGE,67000.0,Verified,credit_card,SC,34.06,1.0,670.0,674.0,0.0,53.2,62.0,Individual,6,High Risk,Manual Review
44389844,17100.0, 60 months,23.99,F,F2,,RENT,40800.0,Source Verified,home_improvement,FL,33.91,0.0,660.0,664.0,1.0,90.7,49.0,Individual,6,High Risk,Manual Review
44503133,8275.0, 36 months,24.5,F,F3,3 years,RENT,26000.0,Source Verified,other,NC,38.83,1.0,660.0,664.0,0.0,49.4,13.0,Individual,6,High Risk,Manual Review
44469527,6925.0, 36 months,23.99,F,F2,,RENT,30000.0,Verified,debt_consolidation,FL,30.6,0.0,675.0,679.0,0.0,35.8,19.0,Individual,5,High Risk,Manual Review
44056155,10000.0, 36 months,19.52,E,E3,1 year,MORTGAGE,50000.0,Source Verified,credit_card,NC,9.72,2.0,660.0,664.0,0.0,80.9,26.0,Individual,5,High Risk,Manual Review
43800221,14500.0, 60 months,19.52,E,E3,2 years,MORTGAGE,60000.0,Verified,home_improvement,UT,30.8,2.0,710.0,714.0,0.0,26.5,19.0,Individual,6,High Risk,Manual Review
44399509,24000.0, 60 months,20.49,E,E4,3 years,MORTGAGE,77000.0,Verified,home_improvement,NY,34.99,0.0,660.0,664.0,3.0,49.1,47.0,Individual,5,High Risk,Manual Review
44329999,7925.0, 36 months,19.52,E,E3,3 years,OWN,33720.0,Verified,debt_consolidation,OR,33.1,1.0,660.0,664.0,1.0,47.2,35.0,Individual,6,High Risk,Manual Review
44259369,28350.0, 60 months,25.8,G,G1,3 years,RENT,63000.0,Verified,debt_consolidation,MD,31.01,0.0,660.0,664.0,0.0,86.0,23.0,Individual,6,High Risk,Manual Review
44389665,6775.0, 36 months,18.25,E,E1,,RENT,20000.0,Verified,debt_consolidation,GA,33.27,0.0,675.0,679.0,0.0,44.2,35.0,Individual,5,High Risk,Manual Review
44279507,19725.0, 60 months,19.52,E,E3,< 1 year,RENT,42675.0,Source Verified,debt_consolidation,FL,38.22,0.0,695.0,699.0,0.0,70.8,26.0,Individual,5,High Risk,Manual Review
44459575,18125.0, 60 months,20.49,E,E4,,RENT,55000.0,Verified,debt_consolidation,FL,31.66,0.0,675.0,679.0,0.0,72.0,21.0,Individual,5,High Risk,Manual Review
44369855,35000.0, 60 months,25.99,G,G4,1 year,RENT,99600.0,Verified,debt_consolidation,HI,26.03,1.0,680.0,684.0,3.0,97.2,17.0,Individual,5,High Risk,Manual Review
44289500,35000.0, 60 months,22.99,F,F1,4 years,MORTGAGE,109000.0,Verified,debt_consolidation,VA,32.78,0.0,700.0,704.0,0.0,88.7,51.0,Individual,6,High Risk,Manual Review
44259274,24725.0, 60 months,18.25,E,E1,10+ years,MORTGAGE,60000.0,Source Verified,debt_consolidation,CO,35.44,0.0,675.0,679.0,0.0,90.2,32.0,Individual,6,High Risk,Manual Review
44320038,27000.0, 60 months,18.25,E,E1,7 years,OWN,68000.0,Verified,credit_card,KS,38.85,1.0,670.0,674.0,0.0,58.0,32.0,Individual,6,High Risk,Manual Review
44439506,9000.0, 36 months,18.84,E,E2,< 1 year,RENT,35000.0,Source Verified,debt_consolidation,FL,38.27,0.0,675.0,679.0,0.0,48.5,14.0,Individual,5,High Risk,Manual Review
44399545,25000.0, 60 months,20.49,E,E4,10+ years,OWN,142500.0,Source Verified,debt_consolidation,TN,24.8,2.0,675.0,679.0,3.0,90.4,29.0,Individual,5,High Risk,Manual Review
44309341,15000.0, 36 months,18.84,E,E2,3 years,MORTGAGE,50000.0,Not Verified,major_purchase,CA,14.72,1.0,725.0,729.0,1.0,90.4,21.0,Individual,5,High Risk,Manual Review
43986434,13500.0, 60 months,18.84,E,E2,3 years,MORTGAGE,70000.0,Verified,debt_consolidation,MD,18.69,1.0,670.0,674.0,3.0,86.0,19.0,Individual,5,High Risk,Manual Review
44096980,25000.0, 60 months,18.25,E,E1,10+ years,RENT,90000.0,Verified,debt_consolidation,CA,35.36,0.0,715.0,719.0,0.0,31.3,27.0,Individual,5,High Risk,Manual Review
44075472,18550.0, 60 months,25.57,F,F5,8 years,MORTGAGE,45000.0,Source Verified,debt_consolidation,NC,26.72,1.0,665.0,669.0,0.0,80.7,18.0,Individual,5,High Risk,Manual Review
44399252,12550.0, 36 months,18.84,E,E2,10+ years,RENT,31500.0,Verified,debt_consolidation,FL,31.62,0.0,680.0,684.0,1.0,79.6,12.0,Individual,5,High Risk,Manual Review
44429507,18000.0, 60 months,22.99,F,F1,4 years,RENT,42000.0,Verified,debt_consolidation,AK,34.74,2.0,660.0,664.0,1.0,63.0,31.0,Individual,6,High Risk,Manual Review
44259243,17700.0, 60 months,18.25,E,E1,10+ years,MORTGAGE,65000.0,Verified,debt_consolidation,FL,36.78,0.0,660.0,664.0,0.0,79.2,21.0,Individual,5,High Risk,Manual Review
44429251,15225.0, 36 months,18.84,E,E2,8 years,MORTGAGE,40000.0,Verified,small_business,NC,31.08,0.0,730.0,734.0,0.0,29.1,27.0,Individual,5,High Risk,Manual Review
44429409,13000.0, 60 months,18.25,E,E1,4 years,MORTGAGE,50000.0,Source Verified,debt_consolidation,TN,34.42,0.0,670.0,674.0,4.0,64.9,45.0,Individual,5,High Risk,Manual Review
44095885,25000.0, 60 months,18.25,E,E1,4 years,RENT,50000.0,Verified,debt_consolidation,VA,39.46,0.0,735.0,739.0,0.0,28.2,37.0,Individual,5,High Risk,Manual Review
44359148,10775.0, 60 months,21.67,E,E5,< 1 year,RENT,30000.0,Source Verified,debt_consolidation,CA,32.72,0.0,680.0,684.0,1.0,60.8,10.0,Individual,5,High Risk,Manual Review
44439172,8125.0, 36 months,19.52,E,E3,6 years,MORTGAGE,32000.0,Not Verified,debt_consolidation,PA,31.02,0.0,675.0,679.0,0.0,46.1,38.0,Individual,5,High Risk,Manual Review
44429283,20000.0, 60 months,19.52,E,E3,4 years,RENT,90000.0,Verified,debt_consolidation,TX,16.24,1.0,670.0,674.0,0.0,87.0,20.0,Individual,5,High Risk,Manual Review
44469183,20350.0, 60 months,19.52,E,E3,10+ years,MORTGAGE,67000.0,Source Verified,debt_consolidation,LA,35.91,0.0,675.0,679.0,1.0,90.3,14.0,Individual,6,High Risk,Manual Review
43987256,7500.0, 36 months,18.25,E,E1,9 years,MORTGAGE,90000.0,Verified,other,KS,21.27,3.0,670.0,674.0,0.0,87.6,18.0,Individual,5,High Risk,Manual Review
44078354,17350.0, 60 months,20.49,E,E4,1 year,RENT,39500.0,Verified,debt_consolidation,OH,35.95,1.0,660.0,664.0,1.0,66.0,30.0,Individual,6,High Risk,Manual Review
44200047,11775.0, 60 months,18.84,E,E2,10+ years,OWN,37000.0,Verified,credit_card,NJ,30.52,0.0,675.0,679.0,0.0,53.9,17.0,Individual,5,High Risk,Manual Review
43936718,25000.0, 60 months,18.84,E,E2,,MORTGAGE,63000.0,Verified,credit_card,MI,31.17,0.0,685.0,689.0,0.0,104.3,24.0,Individual,6,High Risk,Manual Review
43906331,31575.0, 60 months,19.52,E,E3,10+ years,OWN,84000.0,Verified,credit_card,PA,34.71,0.0,710.0,714.0,2.0,81.7,18.0,Individual,6,High Risk,Manual Review
43510252,14425.0, 60 months,24.5,F,F3,1 year,RENT,40100.0,Source Verified,debt_consolidation,CA,30.53,0.0,670.0,674.0,0.0,92.4,18.0,Individual,6,High Risk,Manual Review
44087162,30000.0, 60 months,24.5,F,F3,< 1 year,OWN,140000.0,Verified,other,MO,6.89,3.0,705.0,709.0,2.0,89.5,17.0,Individual,5,High Risk,Manual Review
43987263,16000.0, 36 months,18.84,E,E2,10+ years,RENT,75960.0,Verified,debt_consolidation,HI,31.56,0.0,660.0,664.0,4.0,52.7,44.0,Individual,5,High Risk,Manual Review
44143980,8075.0, 36 months,19.52,E,E3,,MORTGAGE,34883.0,Verified,debt_consolidation,FL,38.27,0.0,690.0,694.0,0.0,95.2,31.0,Individual,6,High Risk,Manual Review
43967517,15975.0, 60 months,20.49,E,E4,10+ years,MORTGAGE,39990.0,Not Verified,debt_consolidation,TN,36.79,0.0,705.0,709.0,0.0,86.9,25.0,Individual,6,High Risk,Manual Review
43579943,15000.0, 60 months,20.49,E,E4,2 years,RENT,33000.0,Source Verified,debt_consolidation,IN,34.95,0.0,660.0,664.0,1.0,68.9,27.0,Individual,5,High Risk,Manual Review
43285923,35000.0, 60 months,21.67,E,E5,9 years,MORTGAGE,114000.0,Source Verified,debt_consolidation,TN,30.25,0.0,680.0,684.0,2.0,46.0,48.0,Individual,5,High Risk,Manual Review
44017821,18000.0, 60 months,15.61,D,D1,,RENT,50000.0,Source Verified,debt_consolidation,NJ,31.28,1.0,670.0,674.0,0.0,80.8,17.0,Individual,5,High Risk,Manual Review
44139974,14075.0, 60 months,24.99,F,F4,,RENT,47092.0,Verified,debt_consolidation,FL,39.32,0.0,665.0,669.0,0.0,62.5,23.0,Individual,5,High Risk,Manual Review
43947602,11975.0, 60 months,18.25,E,E1,2 years,MORTGAGE,95000.0,Source Verified,debt_consolidation,WA,33.99,0.0,670.0,674.0,0.0,96.6,18.0,Individual,6,High Risk,Manual Review
44048497,31450.0, 60 months,22.99,F,F1,7 years,RENT,82864.0,Verified,debt_consolidation,NC,31.27,0.0,670.0,674.0,1.0,92.7,37.0,Individual,6,High Risk,Manual Review
43915813,20825.0, 60 months,18.25,E,E1,10+ years,RENT,50000.0,Source Verified,debt_consolidation,CT,31.11,0.0,695.0,699.0,1.0,73.2,26.0,Individual,5,High Risk,Manual Review
44066201,30000.0, 60 months,18.25,E,E1,10+ years,MORTGAGE,95000.0,Verified,credit_card,MA,30.5,3.0,690.0,694.0,1.0,92.4,50.0,Individual,7,High Risk,Manual Review
44007150,20125.0, 60 months,19.52,E,E3,< 1 year,RENT,130000.0,Verified,debt_consolidation,GA,32.71,0.0,675.0,679.0,2.0,45.9,63.0,Individual,5,High Risk,Manual Review
43965611,9225.0, 36 months,15.61,D,D1,10+ years,MORTGAGE,40000.0,Not Verified,credit_card,CA,35.36,2.0,675.0,679.0,0.0,91.8,23.0,Individual,5,High Risk,Manual Review
43135927,19125.0, 36 months,18.25,E,E1,5 years,RENT,52000.0,Not Verified,debt_consolidation,CA,30.37,0.0,660.0,664.0,1.0,59.0,52.0,Individual,5,High Risk,Manual Review
43977224,15550.0, 36 months,20.49,E,E4,10+ years,RENT,52000.0,Source Verified,debt_consolidation,NV,31.11,0.0,700.0,704.0,0.0,80.9,21.0,Individual,6,High Risk,Manual Review
44066948,30000.0, 60 months,18.84,E,E2,10+ years,RENT,100000.0,Verified,debt_consolidation,CA,34.65,3.0,675.0,679.0,1.0,72.0,27.0,Individual,6,High Risk,Manual Review
43859214,20750.0, 36 months,21.67,E,E5,3 years,MORTGAGE,65000.0,Source Verified,debt_consolidation,MS,30.78,1.0,660.0,664.0,1.0,0.1,17.0,Individual,6,High Risk,Manual Review
43996644,16450.0, 60 months,18.25,E,E1,2 years,OWN,45760.0,Source Verified,debt_consolidation,LA,33.49,0.0,675.0,679.0,0.0,89.2,11.0,Individual,6,High Risk,Manual Review
43977288,20000.0, 60 months,18.84,E,E2,8 years,MORTGAGE,100000.0,Source Verified,debt_consolidation,MO,30.62,0.0,680.0,684.0,0.0,75.2,22.0,Individual,5,High Risk,Manual Review
44066933,18000.0, 60 months,23.99,F,F2,10+ years,MORTGAGE,50000.0,Not Verified,debt_consolidation,FL,38.45,0.0,665.0,669.0,0.0,66.0,39.0,Individual,5,High Risk,Manual Review
44086953,18450.0, 60 months,18.84,E,E2,10+ years,MORTGAGE,44000.0,Verified,home_improvement,PA,34.64,0.0,670.0,674.0,0.0,61.3,18.0,Individual,5,High Risk,Manual Review
44138269,18000.0, 60 months,18.25,E,E1,4 years,MORTGAGE,59000.0,Source Verified,credit_card,MA,32.93,3.0,665.0,669.0,1.0,71.0,30.0,Individual,6,High Risk,Manual Review
44016451,23000.0, 60 months,16.55,D,D2,10+ years,MORTGAGE,55392.0,Source Verified,credit_card,AL,35.75,1.0,690.0,694.0,0.0,80.2,39.0,Individual,5,High Risk,Manual Review
44057100,25000.0, 60 months,18.84,E,E2,3 years,RENT,60000.0,Source Verified,debt_consolidation,NJ,35.79,0.0,665.0,669.0,1.0,92.1,17.0,Individual,6,High Risk,Manual Review
44116388,20625.0, 60 months,18.25,E,E1,10+ years,RENT,45000.0,Source Verified,debt_consolidation,CA,30.82,0.0,685.0,689.0,1.0,49.1,36.0,Individual,5,High Risk,Manual Review
43351208,16150.0, 60 months,25.99,G,G4,1 year,RENT,45000.0,Source Verified,other,TX,31.68,0.0,715.0,719.0,1.0,49.2,22.0,Individual,5,High Risk,Manual Review
43924683,16000.0, 60 months,18.25,E,E1,9 years,MORTGAGE,49248.0,Not Verified,home_improvement,LA,33.4,0.0,675.0,679.0,0.0,29.1,35.0,Individual,5,High Risk,Manual Review
44065704,5375.0, 36 months,24.5,F,F3,8 years,OWN,22000.0,Source Verified,other,TX,31.86,0.0,705.0,709.0,0.0,44.1,23.0,Individual,5,High Risk,Manual Review
44066561,17225.0, 60 months,23.99,F,F2,10+ years,MORTGAGE,42286.0,Not Verified,credit_card,IN,37.04,0.0,720.0,724.0,1.0,67.2,22.0,Individual,5,High Risk,Manual Review
43410024,11500.0, 60 months,20.49,E,E4,9 years,RENT,32000.0,Source Verified,debt_consolidation,CO,30.16,0.0,690.0,694.0,0.0,41.8,19.0,Individual,5,High Risk,Manual Review
43996397,19950.0, 60 months,19.52,E,E3,5 years,RENT,40000.0,Source Verified,credit_card,OR,34.98,0.0,695.0,699.0,0.0,97.3,7.0,Individual,6,High Risk,Manual Review
44086844,18000.0, 36 months,20.49,E,E4,4 years,RENT,50000.0,Source Verified,debt_consolidation,AZ,33.85,0.0,675.0,679.0,0.0,90.4,23.0,Individual,6,High Risk,Manual Review
44017250,16950.0, 36 months,17.57,D,D4,< 1 year,MORTGAGE,110000.0,Not Verified,debt_consolidation,TN,32.89,1.0,670.0,674.0,0.0,88.0,36.0,Individual,5,High Risk,Manual Review
42344370,12100.0, 60 months,19.52,E,E3,10+ years,OWN,40400.0,Verified,debt_consolidation,CA,33.84,0.0,705.0,709.0,1.0,61.6,16.0,Individual,5,High Risk,Manual Review
44026419,20000.0, 60 months,21.67,E,E5,10+ years,MORTGAGE,54400.0,Verified,debt_consolidation,IN,37.22,0.0,660.0,664.0,2.0,50.0,36.0,Individual,5,High Risk,Manual Review
43936526,20450.0, 36 months,17.57,D,D4,10+ years,MORTGAGE,68357.14,Source Verified,debt_consolidation,TX,35.17,1.0,675.0,679.0,0.0,85.7,30.0,Individual,5,High Risk,Manual Review
44006779,13600.0, 60 months,21.67,E,E5,2 years,MORTGAGE,40000.0,Not Verified,debt_consolidation,CA,10.5,1.0,670.0,674.0,0.0,88.4,11.0,Individual,5,High Risk,Manual Review
43925465,35000.0, 60 months,19.52,E,E3,5 years,MORTGAGE,102932.0,Verified,debt_consolidation,VA,12.49,1.0,670.0,674.0,1.0,97.5,28.0,Individual,5,High Risk,Manual Review
44142669,10975.0, 60 months,21.67,E,E5,7 years,OWN,30600.0,Source Verified,debt_consolidation,AR,35.18,0.0,670.0,674.0,1.0,71.8,15.0,Individual,5,High Risk,Manual Review
44126082,13100.0, 60 months,18.25,E,E1,,OWN,32800.0,Verified,home_improvement,CO,30.95,0.0,705.0,709.0,0.0,68.0,12.0,Individual,5,High Risk,Manual Review
44076991,7625.0, 36 months,24.99,F,F4,,OWN,24000.0,Verified,other,OH,34.7,0.0,670.0,674.0,0.0,48.8,13.0,Individual,5,High Risk,Manual Review
44066777,11775.0, 60 months,22.99,F,F1,9 years,RENT,33000.0,Source Verified,debt_consolidation,FL,32.11,0.0,665.0,669.0,0.0,61.3,26.0,Individual,5,High Risk,Manual Review
44056574,20950.0, 60 months,24.5,F,F3,3 years,RENT,42000.0,Source Verified,debt_consolidation,CA,36.74,0.0,710.0,714.0,0.0,46.4,21.0,Individual,5,High Risk,Manual Review
43802222,8975.0, 36 months,19.52,E,E3,10+ years,OWN,25000.0,Source Verified,debt_consolidation,NM,36.15,0.0,705.0,709.0,1.0,20.4,36.0,Individual,5,High Risk,Manual Review
43955209,13250.0, 60 months,22.99,F,F1,10+ years,MORTGAGE,50000.0,Verified,debt_consolidation,AZ,33.41,0.0,665.0,669.0,1.0,98.2,22.0,Individual,6,High Risk,Manual Review
44066735,16375.0, 60 months,18.25,E,E1,10+ years,RENT,41000.0,Verified,debt_consolidation,VA,36.45,0.0,675.0,679.0,0.0,70.5,24.0,Individual,5,High Risk,Manual Review
44026354,15625.0, 36 months,19.52,E,E3,8 years,OWN,45000.0,Source Verified,debt_consolidation,IL,38.03,0.0,670.0,674.0,2.0,72.7,25.0,Individual,5,High Risk,Manual Review
44141954,17075.0, 60 months,25.83,G,G2,10+ years,RENT,67000.0,Source Verified,debt_consolidation,CA,33.76,0.0,675.0,679.0,1.0,80.0,59.0,Individual,5,High Risk,Manual Review
43719862,25200.0, 60 months,19.52,E,E3,3 years,MORTGAGE,75000.0,Source Verified,debt_consolidation,TX,32.56,0.0,690.0,694.0,0.0,94.9,38.0,Individual,6,High Risk,Manual Review
43946734,28700.0, 60 months,25.83,G,G2,7 years,MORTGAGE,80000.0,Source Verified,debt_consolidation,CA,28.8,1.0,675.0,679.0,2.0,85.4,43.0,Individual,5,High Risk,Manual Review
42296473,17100.0, 60 months,22.99,F,F1,10+ years,RENT,68000.0,Verified,debt_consolidation,MD,32.99,0.0,665.0,669.0,1.0,87.8,35.0,Individual,6,High Risk,Manual Review
43349306,5100.0, 36 months,20.49,E,E4,,RENT,17000.0,Verified,debt_consolidation,SC,34.6,0.0,670.0,674.0,0.0,26.2,23.0,Individual,5,High Risk,Manual Review
43956811,16000.0, 60 months,22.99,F,F1,10+ years,RENT,132000.0,Verified,debt_consolidation,TN,12.14,2.0,660.0,664.0,2.0,81.9,37.0,Individual,5,High Risk,Manual Review
44026150,7700.0, 36 months,18.84,E,E2,8 years,RENT,38880.0,Source Verified,other,FL,32.35,1.0,660.0,664.0,0.0,78.3,24.0,Individual,6,High Risk,Manual Review
44026163,17750.0, 60 months,19.52,E,E3,8 years,MORTGAGE,66000.0,Not Verified,debt_consolidation,FL,16.25,2.0,685.0,689.0,0.0,80.1,19.0,Individual,5,High Risk,Manual Review
44005212,21275.0, 60 months,19.52,E,E3,8 years,MORTGAGE,65000.0,Verified,credit_card,VA,34.29,0.0,675.0,679.0,2.0,80.7,48.0,Individual,6,High Risk,Manual Review
43924915,30000.0, 60 months,19.52,E,E3,10+ years,MORTGAGE,92334.24,Verified,debt_consolidation,NC,25.01,1.0,670.0,674.0,0.0,83.5,29.0,Individual,5,High Risk,Manual Review
44056280,25600.0, 60 months,18.84,E,E2,10+ years,OWN,101000.0,Source Verified,debt_consolidation,NJ,7.2,1.0,660.0,664.0,0.0,81.2,20.0,Individual,5,High Risk,Manual Review
43440201,16425.0, 60 months,23.99,F,F2,8 years,MORTGAGE,45000.0,Not Verified,debt_consolidation,NC,32.83,0.0,690.0,694.0,0.0,44.9,54.0,Individual,5,High Risk,Manual Review
43472253,13250.0, 36 months,18.25,E,E1,7 years,MORTGAGE,41500.0,Not Verified,debt_consolidation,TX,37.04,0.0,680.0,684.0,0.0,96.7,17.0,Individual,6,High Risk,Manual Review
44096243,24925.0, 60 months,25.57,F,F5,8 years,RENT,51000.0,Source Verified,debt_consolidation,CA,31.88,0.0,670.0,674.0,0.0,91.7,19.0,Individual,6,High Risk,Manual Review
44096110,6200.0, 36 months,18.84,E,E2,1 year,MORTGAGE,33540.0,Not Verified,debt_consolidation,OR,36.74,0.0,710.0,714.0,1.0,54.2,17.0,Individual,5,High Risk,Manual Review
44141099,3375.0, 36 months,18.84,E,E2,6 years,MORTGAGE,70000.0,Source Verified,other,MT,12.94,1.0,665.0,669.0,1.0,86.0,26.0,Individual,5,High Risk,Manual Review
44077183,7125.0, 36 months,19.52,E,E3,1 year,RENT,18000.0,Source Verified,other,CA,33.4,0.0,735.0,739.0,1.0,30.3,13.0,Individual,5,High Risk,Manual Review
44086187,1600.0, 36 months,20.49,E,E4,1 year,RENT,33000.0,Verified,major_purchase,KY,34.75,0.0,690.0,694.0,2.0,33.3,19.0,Individual,5,High Risk,Manual Review
43995939,13150.0, 60 months,18.25,E,E1,2 years,RENT,33000.0,Not Verified,debt_consolidation,NC,30.73,0.0,680.0,684.0,1.0,53.4,27.0,Individual,5,High Risk,Manual Review
43956601,25000.0, 60 months,21.67,E,E5,10+ years,MORTGAGE,66758.84,Source Verified,other,NC,34.63,0.0,660.0,664.0,0.0,78.8,22.0,Individual,5,High Risk,Manual Review
44140948,12000.0, 60 months,15.61,D,D1,10+ years,RENT,57000.0,Source Verified,credit_card,SC,37.18,1.0,680.0,684.0,0.0,82.9,42.0,Individual,5,High Risk,Manual Review
43966497,27650.0, 60 months,18.84,E,E2,1 year,RENT,63000.0,Source Verified,credit_card,MA,33.03,0.0,675.0,679.0,1.0,66.9,52.0,Individual,5,High Risk,Manual Review
44106088,17875.0, 60 months,20.49,E,E4,7 years,MORTGAGE,44747.0,Not Verified,debt_consolidation,NM,32.3,2.0,685.0,689.0,0.0,94.0,37.0,Individual,7,High Risk,Manual Review
44140534,16750.0, 60 months,22.99,F,F1,< 1 year,MORTGAGE,42000.0,Source Verified,debt_consolidation,AL,37.37,2.0,680.0,684.0,1.0,71.5,35.0,Individual,6,High Risk,Manual Review
44115910,32225.0, 60 months,19.52,E,E3,10+ years,MORTGAGE,64666.0,Verified,debt_consolidation,IL,36.84,3.0,675.0,679.0,0.0,64.0,38.0,Individual,6,High Risk,Manual Review
44046664,14000.0, 60 months,21.67,E,E5,10+ years,MORTGAGE,60000.0,Verified,debt_consolidation,PA,23.38,1.0,660.0,664.0,1.0,88.0,41.0,Individual,5,High Risk,Manual Review
43559642,13100.0, 60 months,20.49,E,E4,9 years,MORTGAGE,30000.0,Not Verified,debt_consolidation,SC,33.84,0.0,680.0,684.0,0.0,94.8,16.0,Individual,6,High Risk,Manual Review
43936040,15750.0, 36 months,19.52,E,E3,5 years,RENT,75000.0,Verified,other,NJ,30.3,0.0,670.0,674.0,4.0,54.0,38.0,Individual,5,High Risk,Manual Review
44077363,12000.0, 60 months,18.25,E,E1,8 years,OWN,33000.0,Source Verified,debt_consolidation,MT,37.02,0.0,660.0,664.0,0.0,85.7,14.0,Individual,6,High Risk,Manual Review
43995587,20000.0, 60 months,19.52,E,E3,10+ years,MORTGAGE,40000.0,Source Verified,debt_consolidation,CA,38.79,0.0,685.0,689.0,0.0,75.4,27.0,Individual,5,High Risk,Manual Review
43936035,9450.0, 36 months,21.67,E,E5,1 year,RENT,19661.25,Verified,debt_consolidation,VA,32.48,0.0,680.0,684.0,0.0,37.6,13.0,Individual,5,High Risk,Manual Review
43800448,22350.0, 60 months,16.99,D,D3,4 years,MORTGAGE,51000.0,Source Verified,home_improvement,PA,31.86,3.0,675.0,679.0,1.0,88.0,23.0,Individual,5,High Risk,Manual Review
43830004,20675.0, 60 months,24.99,F,F4,9 years,MORTGAGE,72000.0,Verified,debt_consolidation,WA,34.9,0.0,680.0,684.0,0.0,77.9,22.0,Individual,5,High Risk,Manual Review
43830380,29975.0, 60 months,18.84,E,E2,5 years,RENT,78000.0,Source Verified,debt_consolidation,NC,30.43,0.0,695.0,699.0,0.0,18.3,13.0,Individual,5,High Risk,Manual Review
44056169,10000.0, 36 months,18.25,E,E1,7 years,MORTGAGE,43000.0,Source Verified,debt_consolidation,OK,31.84,0.0,690.0,694.0,0.0,55.5,14.0,Individual,5,High Risk,Manual Review
43859141,15000.0, 60 months,22.99,F,F1,10+ years,MORTGAGE,95000.0,Verified,credit_card,NJ,17.01,2.0,660.0,664.0,1.0,94.4,29.0,Individual,5,High Risk,Manual Review
43549695,11975.0, 36 months,20.49,E,E4,5 years,MORTGAGE,30000.0,Source Verified,debt_consolidation,WI,39.12,0.0,740.0,744.0,0.0,5.6,23.0,Individual,5,High Risk,Manual Review
44125534,33025.0, 60 months,18.84,E,E2,10+ years,OWN,72000.0,Verified,credit_card,TX,33.07,0.0,670.0,674.0,0.0,91.8,24.0,Individual,6,High Risk,Manual Review
44140469,10425.0, 60 months,21.67,E,E5,10+ years,OWN,30000.0,Not Verified,debt_consolidation,OH,39.79,1.0,710.0,714.0,1.0,38.2,35.0,Individual,6,High Risk,Manual Review
43286149,20125.0, 60 months,18.25,E,E1,10+ years,MORTGAGE,102000.0,Verified,debt_consolidation,CT,35.13,0.0,675.0,679.0,0.0,83.1,31.0,Individual,6,High Risk,Manual Review
44056070,35000.0, 36 months,18.25,E,E1,< 1 year,RENT,98500.0,Verified,debt_consolidation,VA,30.71,0.0,670.0,674.0,1.0,33.1,13.0,Individual,5,High Risk,Manual Review
43350730,8950.0, 36 months,20.49,E,E4,10+ years,MORTGAGE,28000.0,Source Verified,home_improvement,VA,30.26,0.0,710.0,714.0,0.0,53.0,11.0,Individual,5,High Risk,Manual Review
44036235,35000.0, 60 months,18.25,E,E1,4 years,MORTGAGE,135000.0,Verified,debt_consolidation,MD,30.62,0.0,680.0,684.0,2.0,71.0,56.0,Individual,5,High Risk,Manual Review
44016021,29975.0, 60 months,20.49,E,E4,10+ years,MORTGAGE,89000.0,Source Verified,other,WA,22.99,1.0,670.0,674.0,0.0,83.7,24.0,Individual,5,High Risk,Manual Review
43905257,10200.0, 36 months,21.67,E,E5,< 1 year,RENT,36000.0,Source Verified,other,MD,37.97,0.0,680.0,684.0,0.0,51.7,14.0,Individual,5,High Risk,Manual Review
44140066,9125.0, 36 months,21.67,E,E5,2 years,RENT,30500.0,Source Verified,debt_consolidation,WA,36.44,0.0,665.0,669.0,0.0,69.5,9.0,Individual,5,High Risk,Manual Review
43986102,15000.0, 60 months,18.25,E,E1,< 1 year,RENT,35500.0,Source Verified,debt_consolidation,PA,31.54,0.0,725.0,729.0,1.0,48.1,23.0,Individual,5,High Risk,Manual Review
44055912,15000.0, 60 months,20.49,E,E4,10+ years,MORTGAGE,65000.0,Verified,debt_consolidation,NY,33.94,1.0,680.0,684.0,1.0,59.0,47.0,Individual,6,High Risk,Manual Review
44066217,18450.0, 36 months,18.25,E,E1,10+ years,RENT,37000.0,Verified,debt_consolidation,MN,34.9,0.0,665.0,669.0,0.0,74.3,21.0,Individual,5,High Risk,Manual Review
44006244,12000.0, 60 months,18.25,E,E1,10+ years,RENT,40000.0,Verified,debt_consolidation,MI,33.18,0.0,660.0,664.0,2.0,75.0,34.0,Individual,5,High Risk,Manual Review
44025750,22875.0, 60 months,25.57,F,F5,7 years,RENT,55000.0,Verified,debt_consolidation,TX,33.73,0.0,660.0,664.0,1.0,43.0,51.0,Individual,5,High Risk,Manual Review
43869772,7125.0, 36 months,18.84,E,E2,,RENT,18000.0,Verified,debt_consolidation,GA,34.8,0.0,680.0,684.0,0.0,85.4,13.0,Individual,6,High Risk,Manual Review
44076953,12000.0, 60 months,21.67,E,E5,6 years,OWN,38000.0,Source Verified,debt_consolidation,TX,34.43,1.0,660.0,664.0,0.0,55.4,15.0,Individual,6,High Risk,Manual Review
44140012,19800.0, 36 months,25.83,G,G2,6 years,MORTGAGE,57000.0,Source Verified,other,FL,30.08,2.0,695.0,699.0,1.0,20.9,26.0,Individual,6,High Risk,Manual Review
43935865,5175.0, 36 months,19.52,E,E3,,RENT,18000.0,Verified,debt_consolidation,HI,31.0,0.0,675.0,679.0,1.0,79.6,5.0,Individual,5,High Risk,Manual Review
44066301,13200.0, 60 months,19.52,E,E3,3 years,MORTGAGE,62000.0,Verified,debt_consolidation,AR,31.15,3.0,665.0,669.0,1.0,52.0,37.0,Individual,6,High Risk,Manual Review
43966158,35000.0, 60 months,21.67,E,E5,10+ years,MORTGAGE,74200.0,Verified,debt_consolidation,MN,30.46,0.0,715.0,719.0,0.0,46.8,46.0,Individual,5,High Risk,Manual Review
44047407,26925.0, 60 months,19.52,E,E3,2 years,RENT,54000.0,Verified,debt_consolidation,FL,31.96,0.0,675.0,679.0,2.0,46.3,38.0,Individual,5,High Risk,Manual Review
44139954,11900.0, 36 months,19.52,E,E3,10+ years,RENT,62108.0,Verified,debt_consolidation,WA,31.03,0.0,665.0,669.0,0.0,87.7,22.0,Individual,6,High Risk,Manual Review
43966166,35000.0, 60 months,21.67,E,E5,< 1 year,MORTGAGE,105000.0,Verified,credit_card,CA,32.88,1.0,690.0,694.0,0.0,59.9,73.0,Individual,6,High Risk,Manual Review
43956167,25600.0, 36 months,18.25,E,E1,3 years,MORTGAGE,85000.0,Verified,debt_consolidation,NJ,28.31,2.0,660.0,664.0,1.0,87.4,27.0,Individual,5,High Risk,Manual Review
44085757,18175.0, 60 months,21.67,E,E5,,MORTGAGE,55568.0,Verified,credit_card,NJ,32.12,0.0,690.0,694.0,1.0,82.7,25.0,Individual,6,High Risk,Manual Review
44025695,12125.0, 36 months,21.67,E,E5,2 years,RENT,39148.0,Source Verified,debt_consolidation,WA,23.85,1.0,660.0,664.0,0.0,82.2,14.0,Individual,5,High Risk,Manual Review
44105333,35000.0, 60 months,18.25,E,E1,6 years,MORTGAGE,77000.0,Verified,debt_consolidation,MS,32.0,0.0,675.0,679.0,2.0,59.5,51.0,Individual,5,High Risk,Manual Review
43429828,21800.0, 60 months,19.52,E,E3,6 years,RENT,72904.0,Verified,debt_consolidation,NY,30.22,0.0,675.0,679.0,0.0,67.5,32.0,Individual,5,High Risk,Manual Review
43639754,23975.0, 60 months,18.25,E,E1,4 years,RENT,48000.0,Source Verified,debt_consolidation,TX,30.05,0.0,660.0,664.0,0.0,55.8,14.0,Individual,5,High Risk,Manual Review
43639860,26375.0, 60 months,18.25,E,E1,3 years,MORTGAGE,84000.0,Source Verified,credit_card,MA,33.06,0.0,700.0,704.0,0.0,81.0,39.0,Individual,6,High Risk,Manual Review
44076909,15000.0, 60 months,18.84,E,E2,,MORTGAGE,49003.0,Verified,home_improvement,WA,38.31,0.0,680.0,684.0,0.0,75.2,28.0,Individual,5,High Risk,Manual Review
43290137,10950.0, 60 months,19.52,E,E3,10+ years,MORTGAGE,38634.0,Not Verified,debt_consolidation,WA,39.11,2.0,705.0,709.0,0.0,72.3,25.0,Individual,6,High Risk,Manual Review
43905090,14575.0, 60 months,20.49,E,E4,8 years,MORTGAGE,29177.0,Not Verified,debt_consolidation,AR,36.32,0.0,665.0,669.0,1.0,51.0,43.0,Individual,5,High Risk,Manual Review
43095727,20050.0, 36 months,18.25,E,E1,5 years,MORTGAGE,50000.0,Verified,debt_consolidation,MO,34.76,0.0,680.0,684.0,1.0,33.4,51.0,Individual,5,High Risk,Manual Review
44047385,5225.0, 36 months,23.99,F,F2,,MORTGAGE,40000.0,Verified,vacation,WI,36.54,0.0,675.0,679.0,1.0,60.0,43.0,Individual,5,High Risk,Manual Review
44139309,16000.0, 60 months,19.52,E,E3,10+ years,MORTGAGE,71700.0,Verified,debt_consolidation,MD,34.17,0.0,675.0,679.0,0.0,78.7,50.0,Individual,5,High Risk,Manual Review
44139427,16950.0, 60 months,20.49,E,E4,10+ years,MORTGAGE,46698.96,Not Verified,debt_consolidation,TN,28.89,3.0,660.0,664.0,0.0,82.7,31.0,Individual,5,High Risk,Manual Review
43914357,11925.0, 60 months,18.84,E,E2,9 years,RENT,33280.0,Source Verified,debt_consolidation,CO,31.81,0.0,660.0,664.0,0.0,93.0,23.0,Individual,6,High Risk,Manual Review
43975931,10075.0, 60 months,21.67,E,E5,,OWN,28000.0,Verified,debt_consolidation,CA,37.55,0.0,665.0,669.0,0.0,88.1,34.0,Individual,6,High Risk,Manual Review
43966051,30000.0, 60 months,22.99,F,F1,10+ years,MORTGAGE,83000.0,Verified,debt_consolidation,MD,27.92,1.0,675.0,679.0,0.0,98.2,32.0,Individual,5,High Risk,Manual Review
44095625,12850.0, 60 months,21.67,E,E5,< 1 year,MORTGAGE,36000.0,Source Verified,debt_consolidation,CA,38.9,0.0,675.0,679.0,0.0,72.6,23.0,Individual,5,High Risk,Manual Review
43729680,7150.0, 36 months,19.52,E,E3,4 years,RENT,30000.0,Source Verified,debt_consolidation,GA,31.36,0.0,680.0,684.0,1.0,55.3,10.0,Individual,5,High Risk,Manual Review
43800084,20925.0, 60 months,18.25,E,E1,1 year,MORTGAGE,75443.0,Verified,debt_consolidation,OK,35.61,0.0,700.0,704.0,2.0,76.5,43.0,Individual,5,High Risk,Manual Review
44076381,11075.0, 36 months,18.84,E,E2,10+ years,MORTGAGE,58000.0,Not Verified,debt_consolidation,AL,16.06,1.0,675.0,679.0,2.0,94.3,31.0,Individual,5,High Risk,Manual Review
44076647,35000.0, 36 months,18.25,E,E1,10+ years,RENT,115000.0,Verified,debt_consolidation,NY,33.58,0.0,665.0,669.0,2.0,68.0,43.0,Individual,5,High Risk,Manual Review
44095415,20000.0, 60 months,18.25,E,E1,1 year,RENT,56000.0,Source Verified,debt_consolidation,FL,33.54,0.0,660.0,664.0,3.0,43.8,30.0,Individual,5,High Risk,Manual Review
44076382,15000.0, 36 months,18.84,E,E2,10+ years,MORTGAGE,50000.0,Source Verified,debt_consolidation,HI,34.71,0.0,675.0,679.0,0.0,64.2,40.0,Individual,5,High Risk,Manual Review
43935566,12725.0, 60 months,18.84,E,E2,,MORTGAGE,40000.0,Verified,debt_consolidation,NJ,35.19,2.0,670.0,674.0,0.0,80.4,23.0,Individual,7,High Risk,Manual Review
43679455,15000.0, 60 months,20.49,E,E4,3 years,MORTGAGE,102000.0,Not Verified,debt_consolidation,FL,13.87,1.0,685.0,689.0,2.0,92.8,22.0,Individual,5,High Risk,Manual Review
44115538,20950.0, 60 months,22.99,F,F1,3 years,RENT,46792.0,Verified,major_purchase,NC,32.75,0.0,660.0,664.0,1.0,54.0,24.0,Individual,5,High Risk,Manual Review
43985833,28000.0, 60 months,21.67,E,E5,3 years,MORTGAGE,97000.0,Source Verified,debt_consolidation,TX,10.16,2.0,705.0,709.0,0.0,98.9,14.0,Individual,5,High Risk,Manual Review
43924529,18000.0, 60 months,20.49,E,E4,2 years,OWN,41000.0,Source Verified,debt_consolidation,NJ,35.41,0.0,690.0,694.0,0.0,95.7,12.0,Individual,6,High Risk,Manual Review
43014694,22475.0, 60 months,18.84,E,E2,10+ years,OWN,45000.0,Source Verified,debt_consolidation,TX,32.2,2.0,660.0,664.0,1.0,60.3,41.0,Individual,6,High Risk,Manual Review
44065583,25600.0, 60 months,18.25,E,E1,1 year,RENT,94000.0,Source Verified,debt_consolidation,IL,37.45,1.0,695.0,699.0,0.0,74.0,24.0,Individual,6,High Risk,Manual Review
43849663,12000.0, 60 months,19.52,E,E3,2 years,RENT,30000.0,Source Verified,debt_consolidation,GA,33.92,1.0,685.0,689.0,2.0,35.7,19.0,Individual,6,High Risk,Manual Review
43975926,14325.0, 36 months,18.84,E,E2,10+ years,RENT,40000.0,Source Verified,other,FL,36.21,0.0,660.0,664.0,0.0,87.3,17.0,Individual,6,High Risk,Manual Review
43659148,35000.0, 60 months,20.49,E,E4,10+ years,MORTGAGE,90000.0,Verified,debt_consolidation,IN,35.34,0.0,685.0,689.0,0.0,54.7,44.0,Individual,5,High Risk,Manual Review
44005886,11375.0, 60 months,24.5,F,F3,10+ years,RENT,45000.0,Verified,debt_consolidation,CA,30.56,1.0,660.0,664.0,1.0,96.0,20.0,Individual,7,High Risk,Manual Review
43803130,32625.0, 60 months,18.84,E,E2,10+ years,MORTGAGE,110000.0,Verified,debt_consolidation,CA,30.96,0.0,710.0,714.0,0.0,79.1,31.0,Individual,5,High Risk,Manual Review
43985526,19200.0, 60 months,19.52,E,E3,10+ years,RENT,45000.0,Source Verified,debt_consolidation,WA,30.21,0.0,710.0,714.0,1.0,85.9,9.0,Individual,6,High Risk,Manual Review
43955677,9875.0, 36 months,20.49,E,E4,,OWN,29230.0,Verified,home_improvement,NY,30.06,2.0,660.0,664.0,2.0,43.4,32.0,Individual,6,High Risk,Manual Review
43965541,15775.0, 60 months,18.84,E,E2,2 years,MORTGAGE,50000.0,Source Verified,debt_consolidation,KS,35.39,0.0,715.0,719.0,1.0,48.4,30.0,Individual,5,High Risk,Manual Review
43489233,25975.0, 60 months,23.99,F,F2,10+ years,MORTGAGE,52000.0,Source Verified,debt_consolidation,IN,33.39,1.0,670.0,674.0,1.0,63.0,26.0,Individual,6,High Risk,Manual Review
42001510,24000.0, 60 months,18.25,E,E1,10+ years,RENT,84000.0,Verified,debt_consolidation,CA,36.26,0.0,700.0,704.0,0.0,83.8,52.0,Individual,6,High Risk,Manual Review
43429941,11400.0, 36 months,21.67,E,E5,,RENT,25000.0,Verified,debt_consolidation,NY,34.9,0.0,670.0,674.0,0.0,65.9,23.0,Individual,5,High Risk,Manual Review
44095254,9600.0, 36 months,15.61,D,D1,10+ years,RENT,39000.0,Source Verified,debt_consolidation,NY,32.58,1.0,660.0,664.0,1.0,95.1,8.0,Individual,5,High Risk,Manual Review
44005319,35000.0, 60 months,24.99,F,F4,10+ years,MORTGAGE,75000.0,Verified,home_improvement,OH,37.47,0.0,690.0,694.0,0.0,87.2,23.0,Individual,6,High Risk,Manual Review
44065621,7000.0, 36 months,16.99,D,D3,< 1 year,RENT,50000.0,Source Verified,debt_consolidation,TX,30.44,2.0,675.0,679.0,2.0,95.8,24.0,Individual,5,High Risk,Manual Review
44045827,33950.0, 60 months,25.83,G,G2,1 year,RENT,85000.0,Verified,other,OR,35.85,0.0,685.0,689.0,1.0,62.3,24.0,Individual,5,High Risk,Manual Review
44137242,20950.0, 60 months,24.99,F,F4,2 years,RENT,42000.0,Source Verified,debt_consolidation,GA,39.4,0.0,685.0,689.0,0.0,84.5,30.0,Individual,6,High Risk,Manual Review
43661216,10000.0, 60 months,18.25,E,E1,1 year,RENT,30000.0,Verified,debt_consolidation,WI,33.08,0.0,660.0,664.0,3.0,53.0,21.0,Individual,5,High Risk,Manual Review
44085337,6500.0, 36 months,16.99,D,D3,10+ years,MORTGAGE,46000.0,Not Verified,debt_consolidation,AL,39.32,1.0,665.0,669.0,0.0,83.9,22.0,Individual,5,High Risk,Manual Review
43034849,32375.0, 36 months,17.57,D,D4,6 years,RENT,79000.0,Verified,debt_consolidation,MA,33.59,1.0,665.0,669.0,0.0,82.7,42.0,Individual,5,High Risk,Manual Review
43660073,12300.0, 60 months,19.52,E,E3,10+ years,RENT,30800.0,Source Verified,debt_consolidation,OH,35.85,0.0,660.0,664.0,2.0,86.5,19.0,Individual,6,High Risk,Manual Review
43509513,21600.0, 60 months,18.25,E,E1,< 1 year,MORTGAGE,50000.0,Source Verified,debt_consolidation,WA,39.44,0.0,690.0,694.0,0.0,87.3,29.0,Individual,6,High Risk,Manual Review
44045551,14000.0, 60 months,16.99,D,D3,< 1 year,RENT,40000.0,Not Verified,debt_consolidation,FL,37.03,1.0,665.0,669.0,0.0,91.3,52.0,Individual,5,High Risk,Manual Review
44085228,16000.0, 60 months,18.84,E,E2,10+ years,MORTGAGE,49650.0,Source Verified,debt_consolidation,GA,26.3,2.0,660.0,664.0,0.0,96.4,29.0,Individual,5,High Risk,Manual Review
44138123,20950.0, 60 months,18.25,E,E1,,RENT,58500.0,Verified,debt_consolidation,WI,31.32,0.0,695.0,699.0,3.0,64.0,36.0,Individual,5,High Risk,Manual Review
44015498,14050.0, 60 months,22.99,F,F1,10+ years,RENT,42000.0,Source Verified,debt_consolidation,NJ,39.56,0.0,690.0,694.0,0.0,93.7,11.0,Individual,6,High Risk,Manual Review
42934739,23650.0, 60 months,22.99,F,F1,8 years,MORTGAGE,78000.0,Verified,debt_consolidation,NC,31.11,3.0,700.0,704.0,1.0,9.8,19.0,Individual,6,High Risk,Manual Review
43955291,10625.0, 60 months,20.49,E,E4,7 years,MORTGAGE,38100.0,Verified,credit_card,IN,38.33,0.0,675.0,679.0,3.0,72.6,32.0,Individual,5,High Risk,Manual Review
43914263,18600.0, 60 months,18.25,E,E1,< 1 year,RENT,46500.0,Not Verified,debt_consolidation,AL,25.51,1.0,675.0,679.0,0.0,92.1,22.0,Individual,5,High Risk,Manual Review
43639351,3400.0, 36 months,18.84,E,E2,10+ years,MORTGAGE,37000.0,Verified,debt_consolidation,FL,39.93,1.0,660.0,664.0,3.0,73.0,31.0,Individual,6,High Risk,Manual Review
44055259,14975.0, 60 months,25.8,G,G1,4 years,OWN,30000.0,Source Verified,other,SC,37.44,2.0,670.0,674.0,3.0,67.1,38.0,Individual,6,High Risk,Manual Review
43935302,14000.0, 60 months,18.84,E,E2,8 years,RENT,37000.0,Verified,credit_card,CA,38.99,0.0,670.0,674.0,0.0,82.1,27.0,Individual,6,High Risk,Manual Review
43904558,11900.0, 60 months,18.25,E,E1,6 years,RENT,53000.0,Source Verified,debt_consolidation,FL,35.03,1.0,665.0,669.0,0.0,25.9,19.0,Individual,6,High Risk,Manual Review
42495630,13700.0, 60 months,21.67,E,E5,10+ years,RENT,62510.0,Verified,debt_consolidation,CA,34.84,0.0,700.0,704.0,1.0,62.4,56.0,Individual,5,High Risk,Manual Review
43719430,8500.0, 36 months,18.25,E,E1,4 years,MORTGAGE,39000.0,Not Verified,debt_consolidation,FL,30.74,1.0,665.0,669.0,0.0,73.8,17.0,Individual,6,High Risk,Manual Review
43904382,7525.0, 36 months,18.84,E,E2,< 1 year,RENT,20000.0,Source Verified,other,CA,33.37,0.0,700.0,704.0,0.0,100.5,5.0,Individual,6,High Risk,Manual Review
43935312,18150.0, 60 months,20.49,E,E4,7 years,RENT,36400.0,Source Verified,debt_consolidation,AZ,31.03,0.0,670.0,674.0,1.0,54.1,17.0,Individual,5,High Risk,Manual Review
43609340,33825.0, 60 months,20.49,E,E4,2 years,RENT,77000.0,Verified,credit_card,CA,39.2,0.0,665.0,669.0,0.0,99.0,16.0,Individual,6,High Risk,Manual Review
44065388,12000.0, 60 months,18.25,E,E1,10+ years,RENT,77000.0,Verified,debt_consolidation,CT,30.55,3.0,670.0,674.0,0.0,44.0,36.0,Individual,6,High Risk,Manual Review
43590111,14800.0, 60 months,18.25,E,E1,,RENT,37000.0,Verified,debt_consolidation,SC,39.67,1.0,660.0,664.0,1.0,71.7,24.0,Individual,6,High Risk,Manual Review
43935327,11950.0, 36 months,19.52,E,E3,< 1 year,MORTGAGE,30000.0,Source Verified,debt_consolidation,VA,36.54,1.0,670.0,674.0,0.0,47.3,14.0,Individual,6,High Risk,Manual Review
43810885,8375.0, 36 months,20.49,E,E4,7 years,MORTGAGE,35000.0,Not Verified,debt_consolidation,OH,36.69,0.0,700.0,704.0,2.0,63.6,13.0,Individual,5,High Risk,Manual Review
44045511,35000.0, 60 months,20.49,E,E4,10+ years,MORTGAGE,102000.0,Verified,debt_consolidation,LA,37.02,0.0,665.0,669.0,0.0,92.8,30.0,Individual,6,High Risk,Manual Review
44015229,13475.0, 60 months,21.67,E,E5,9 years,RENT,27000.0,Source Verified,debt_consolidation,MO,33.91,1.0,715.0,719.0,0.0,65.2,24.0,Individual,6,High Risk,Manual Review
44075161,12450.0, 60 months,19.52,E,E3,1 year,MORTGAGE,25000.0,Source Verified,debt_consolidation,SC,39.51,0.0,670.0,674.0,0.0,60.0,14.0,Individual,5,High Risk,Manual Review
44045214,8475.0, 36 months,19.52,E,E3,2 years,RENT,25000.0,Source Verified,other,FL,31.93,0.0,725.0,729.0,0.0,22.8,16.0,Individual,5,High Risk,Manual Review
43389734,16100.0, 60 months,23.99,F,F2,< 1 year,RENT,63000.0,Verified,debt_consolidation,VA,31.37,1.0,695.0,699.0,0.0,58.9,25.0,Individual,6,High Risk,Manual Review
43759957,12000.0, 60 months,20.49,E,E4,,OWN,38000.0,Verified,debt_consolidation,FL,30.73,0.0,670.0,674.0,2.0,66.4,11.0,Individual,5,High Risk,Manual Review
43965141,10000.0, 60 months,26.06,G,G5,3 years,RENT,20000.0,Source Verified,debt_consolidation,FL,31.14,0.0,665.0,669.0,0.0,58.7,14.0,Individual,5,High Risk,Manual Review
43759959,35000.0, 60 months,25.57,F,F5,< 1 year,MORTGAGE,150000.0,Source Verified,debt_consolidation,GA,22.11,1.0,670.0,674.0,2.0,90.0,37.0,Individual,5,High Risk,Manual Review
44045376,10800.0, 60 months,18.25,E,E1,10+ years,MORTGAGE,31000.0,Verified,home_improvement,TN,34.61,0.0,680.0,684.0,0.0,43.0,21.0,Individual,5,High Risk,Manual Review
41197543,28000.0, 60 months,21.67,E,E5,10+ years,MORTGAGE,120000.0,Source Verified,debt_consolidation,NY,14.74,2.0,675.0,679.0,0.0,95.8,22.0,Individual,5,High Risk,Manual Review
44065142,35000.0, 60 months,19.52,E,E3,10+ years,MORTGAGE,94000.0,Verified,debt_consolidation,FL,21.65,4.0,670.0,674.0,1.0,83.6,31.0,Individual,5,High Risk,Manual Review
43740398,6550.0, 36 months,21.67,E,E5,10+ years,MORTGAGE,56000.0,Source Verified,debt_consolidation,TX,38.13,5.0,665.0,669.0,0.0,69.7,19.0,Individual,6,High Risk,Manual Review
43801720,12000.0, 60 months,15.61,D,D1,10+ years,MORTGAGE,52000.0,Not Verified,debt_consolidation,PA,32.96,3.0,680.0,684.0,2.0,88.9,31.0,Individual,5,High Risk,Manual Review
42453734,35000.0, 60 months,22.99,F,F1,7 years,RENT,91000.0,Verified,debt_consolidation,AZ,32.47,0.0,660.0,664.0,0.0,73.9,16.0,Individual,5,High Risk,Manual Review
43740695,18350.0, 60 months,25.57,F,F5,10+ years,MORTGAGE,45000.0,Source Verified,debt_consolidation,AL,31.95,0.0,705.0,709.0,0.0,66.0,45.0,Individual,5,High Risk,Manual Review
44005150,20750.0, 60 months,17.57,D,D4,1 year,MORTGAGE,83000.0,Source Verified,debt_consolidation,MD,37.9,1.0,685.0,689.0,0.0,88.0,32.0,Individual,5,High Risk,Manual Review
43649220,6000.0, 36 months,20.49,E,E4,1 year,RENT,20900.0,Source Verified,debt_consolidation,CO,32.28,0.0,660.0,664.0,2.0,39.8,26.0,Individual,5,High Risk,Manual Review
43840932,22200.0, 60 months,22.99,F,F1,10+ years,RENT,65500.0,Verified,other,CA,33.31,0.0,670.0,674.0,2.0,69.2,46.0,Individual,5,High Risk,Manual Review
42423894,14750.0, 36 months,18.25,E,E1,4 years,RENT,37000.0,Source Verified,debt_consolidation,IL,31.63,0.0,700.0,704.0,0.0,39.4,28.0,Individual,5,High Risk,Manual Review
43740360,11675.0, 60 months,19.52,E,E3,10+ years,MORTGAGE,35800.0,Verified,home_improvement,MI,35.6,0.0,685.0,689.0,1.0,80.5,23.0,Individual,6,High Risk,Manual Review
43789956,14075.0, 36 months,18.84,E,E2,6 years,MORTGAGE,92580.0,Verified,debt_consolidation,VA,31.45,2.0,660.0,664.0,3.0,64.0,26.0,Individual,6,High Risk,Manual Review
43639916,19950.0, 60 months,24.5,F,F3,10+ years,RENT,44500.0,Verified,debt_consolidation,NY,34.84,0.0,675.0,679.0,1.0,83.0,21.0,Individual,6,High Risk,Manual Review
43699617,10000.0, 60 months,18.25,E,E1,8 years,MORTGAGE,103000.0,Verified,other,NC,34.17,0.0,660.0,664.0,0.0,87.0,35.0,Individual,6,High Risk,Manual Review
43870193,8600.0, 36 months,18.84,E,E2,6 years,RENT,24000.0,Source Verified,debt_consolidation,CA,37.55,0.0,670.0,674.0,0.0,56.7,13.0,Individual,5,High Risk,Manual Review
43830508,19025.0, 60 months,22.99,F,F1,3 years,RENT,57000.0,Verified,home_improvement,NC,32.41,0.0,685.0,689.0,1.0,68.6,27.0,Individual,5,High Risk,Manual Review
43870297,13250.0, 60 months,18.25,E,E1,10+ years,MORTGAGE,29000.0,Source Verified,debt_consolidation,GA,34.11,0.0,685.0,689.0,1.0,39.2,27.0,Individual,5,High Risk,Manual Review
27641655,29575.0, 60 months,24.5,F,F3,10+ years,MORTGAGE,67600.0,Source Verified,debt_consolidation,CT,34.08,0.0,705.0,709.0,1.0,42.6,36.0,Individual,5,High Risk,Manual Review
43669894,22000.0, 60 months,23.99,F,F2,,RENT,48000.0,Verified,debt_consolidation,TX,33.59,0.0,685.0,689.0,1.0,88.7,16.0,Individual,6,High Risk,Manual Review
43779789,35000.0, 36 months,19.52,E,E3,10+ years,MORTGAGE,135000.0,Verified,debt_consolidation,NJ,38.39,0.0,675.0,679.0,1.0,71.0,60.0,Individual,5,High Risk,Manual Review
43276695,16300.0, 60 months,26.06,G,G5,10+ years,OWN,48000.0,Source Verified,other,IN,30.83,4.0,685.0,689.0,0.0,50.5,32.0,Individual,6,High Risk,Manual Review
43830242,12000.0, 60 months,19.52,E,E3,10+ years,MORTGAGE,51000.0,Verified,debt_consolidation,NJ,33.62,1.0,670.0,674.0,3.0,48.0,56.0,Individual,6,High Risk,Manual Review
43661015,19500.0, 60 months,22.99,F,F1,10+ years,RENT,46487.0,Verified,debt_consolidation,GA,32.95,0.0,675.0,679.0,0.0,47.9,60.0,Individual,5,High Risk,Manual Review
43195417,8425.0, 36 months,18.25,E,E1,10+ years,MORTGAGE,43500.0,Source Verified,debt_consolidation,MO,31.81,1.0,660.0,664.0,3.0,76.2,34.0,Individual,6,High Risk,Manual Review
43660993,19750.0, 60 months,24.5,F,F3,3 years,MORTGAGE,63000.0,Not Verified,debt_consolidation,VA,34.48,0.0,705.0,709.0,1.0,80.7,23.0,Individual,6,High Risk,Manual Review
43870173,25325.0, 60 months,18.25,E,E1,8 years,MORTGAGE,53000.0,Source Verified,credit_card,MN,31.32,0.0,720.0,724.0,0.0,87.7,25.0,Individual,6,High Risk,Manual Review
43749354,14225.0, 60 months,19.52,E,E3,7 years,MORTGAGE,66000.0,Verified,credit_card,IL,25.78,1.0,675.0,679.0,1.0,93.9,32.0,Individual,5,High Risk,Manual Review
43801876,20000.0, 60 months,18.84,E,E2,10+ years,OWN,100000.0,Verified,other,NY,38.79,1.0,685.0,689.0,1.0,50.3,25.0,Individual,6,High Risk,Manual Review
43709413,19800.0, 60 months,18.25,E,E1,3 years,RENT,45000.0,Source Verified,credit_card,NJ,39.57,0.0,670.0,674.0,0.0,65.9,26.0,Individual,5,High Risk,Manual Review
43830332,5000.0, 36 months,17.86,D,D5,9 years,RENT,70000.0,Verified,medical,IL,34.18,1.0,660.0,664.0,0.0,89.0,25.0,Individual,5,High Risk,Manual Review
43859784,13600.0, 60 months,19.52,E,E3,10+ years,OWN,38000.0,Source Verified,debt_consolidation,VA,36.39,0.0,760.0,764.0,0.0,41.8,21.0,Individual,5,High Risk,Manual Review
43660761,24000.0, 60 months,16.55,D,D2,10+ years,MORTGAGE,85000.0,Verified,debt_consolidation,FL,32.81,2.0,680.0,684.0,0.0,92.2,48.0,Individual,5,High Risk,Manual Review
43769749,10625.0, 60 months,18.25,E,E1,1 year,OWN,56000.0,Verified,debt_consolidation,GA,30.56,2.0,660.0,664.0,2.0,100.5,19.0,Individual,7,High Risk,Manual Review
43829915,20500.0, 60 months,24.99,F,F4,4 years,RENT,49000.0,Source Verified,debt_consolidation,MI,37.3,0.0,715.0,719.0,2.0,33.3,13.0,Individual,5,High Risk,Manual Review
43801178,10800.0, 60 months,18.25,E,E1,9 years,RENT,60000.0,Verified,debt_consolidation,MO,32.88,0.0,670.0,674.0,0.0,35.3,35.0,Individual,5,High Risk,Manual Review
43350341,35000.0, 60 months,18.25,E,E1,10+ years,MORTGAGE,80000.0,Verified,debt_consolidation,AK,36.36,0.0,660.0,664.0,2.0,87.5,35.0,Individual,6,High Risk,Manual Review
41328681,20000.0, 60 months,18.25,E,E1,8 years,RENT,60000.0,Source Verified,debt_consolidation,FL,35.74,0.0,660.0,664.0,0.0,68.8,24.0,Individual,5,High Risk,Manual Review
43769755,18450.0, 60 months,20.49,E,E4,10+ years,OWN,55000.0,Verified,credit_card,GA,33.6,0.0,660.0,664.0,2.0,82.2,32.0,Individual,6,High Risk,Manual Review
43779541,6575.0, 36 months,18.84,E,E2,10+ years,MORTGAGE,53000.0,Not Verified,debt_consolidation,MI,34.06,0.0,665.0,669.0,1.0,36.2,38.0,Individual,5,High Risk,Manual Review
43289924,12800.0, 60 months,18.25,E,E1,5 years,MORTGAGE,45000.0,Source Verified,debt_consolidation,AZ,39.07,0.0,675.0,679.0,1.0,54.9,19.0,Individual,5,High Risk,Manual Review
43399901,33600.0, 60 months,19.52,E,E3,10+ years,MORTGAGE,125000.0,Verified,major_purchase,MD,16.68,1.0,685.0,689.0,0.0,96.1,17.0,Individual,5,High Risk,Manual Review
43810306,6050.0, 36 months,25.57,F,F5,10+ years,RENT,39000.0,Source Verified,debt_consolidation,FL,37.05,0.0,675.0,679.0,0.0,78.6,17.0,Individual,5,High Risk,Manual Review
43689523,15100.0, 36 months,23.99,F,F2,6 years,RENT,42000.0,Not Verified,debt_consolidation,PA,32.23,0.0,680.0,684.0,3.0,66.8,49.0,Individual,5,High Risk,Manual Review
43709724,14350.0, 60 months,18.25,E,E1,2 years,RENT,40000.0,Verified,debt_consolidation,WV,34.11,0.0,680.0,684.0,0.0,98.5,20.0,Individual,6,High Risk,Manual Review
43840640,14000.0, 60 months,18.25,E,E1,1 year,OWN,37000.0,Source Verified,credit_card,CO,39.28,0.0,690.0,694.0,0.0,14.4,14.0,Individual,5,High Risk,Manual Review
42612304,21550.0, 60 months,18.84,E,E2,10+ years,MORTGAGE,55000.0,Source Verified,debt_consolidation,IN,38.76,0.0,680.0,684.0,2.0,70.5,31.0,Individual,5,High Risk,Manual Review
43849380,14975.0, 36 months,24.5,F,F3,7 years,OWN,50000.0,Source Verified,debt_consolidation,CT,32.98,0.0,670.0,674.0,0.0,58.1,10.0,Individual,5,High Risk,Manual Review
43579847,20275.0, 60 months,24.5,F,F3,7 years,MORTGAGE,50840.64,Verified,debt_consolidation,OK,31.94,0.0,665.0,669.0,2.0,72.2,18.0,Individual,5,High Risk,Manual Review
43809641,21600.0, 60 months,24.5,F,F3,10+ years,MORTGAGE,48000.0,Verified,debt_consolidation,VT,36.15,0.0,665.0,669.0,0.0,69.0,30.0,Individual,5,High Risk,Manual Review
43779366,35000.0, 60 months,25.57,F,F5,10+ years,OWN,92000.0,Verified,debt_consolidation,PA,31.95,0.0,690.0,694.0,2.0,79.0,38.0,Individual,5,High Risk,Manual Review
43769601,14600.0, 60 months,20.49,E,E4,5 years,RENT,36500.0,Source Verified,debt_consolidation,OH,30.29,0.0,680.0,684.0,0.0,98.8,18.0,Individual,6,High Risk,Manual Review
43809249,12600.0, 60 months,23.99,F,F2,2 years,MORTGAGE,30000.0,Source Verified,credit_card,OH,39.88,0.0,680.0,684.0,0.0,76.1,21.0,Individual,5,High Risk,Manual Review
43801208,14500.0, 60 months,24.5,F,F3,3 years,RENT,45000.0,Source Verified,other,IL,32.93,0.0,660.0,664.0,1.0,52.9,19.0,Individual,5,High Risk,Manual Review
43540662,24000.0, 60 months,15.61,D,D1,7 years,MORTGAGE,56000.0,Verified,debt_consolidation,GA,32.55,1.0,670.0,674.0,0.0,97.7,31.0,Individual,5,High Risk,Manual Review
43769326,11500.0, 60 months,19.52,E,E3,2 years,RENT,40000.0,Source Verified,credit_card,TX,35.4,0.0,675.0,679.0,0.0,55.2,19.0,Individual,5,High Risk,Manual Review
43840100,22325.0, 60 months,21.67,E,E5,5 years,MORTGAGE,55000.0,Verified,debt_consolidation,NJ,35.24,0.0,685.0,689.0,0.0,45.3,24.0,Individual,5,High Risk,Manual Review
43709621,8800.0, 36 months,18.25,E,E1,2 years,RENT,45000.0,Source Verified,debt_consolidation,NJ,39.76,0.0,680.0,684.0,0.0,77.6,17.0,Individual,5,High Risk,Manual Review
43849409,14700.0, 36 months,18.84,E,E2,< 1 year,RENT,35000.0,Verified,debt_consolidation,TX,31.38,0.0,675.0,679.0,1.0,87.8,18.0,Individual,6,High Risk,Manual Review
42773291,14675.0, 60 months,18.84,E,E2,10+ years,MORTGAGE,54000.0,Not Verified,debt_consolidation,WA,37.84,0.0,685.0,689.0,2.0,73.9,38.0,Individual,5,High Risk,Manual Review
43769446,20000.0, 60 months,18.25,E,E1,,MORTGAGE,42408.0,Verified,major_purchase,AR,33.05,2.0,680.0,684.0,2.0,30.6,21.0,Individual,6,High Risk,Manual Review
43460179,27575.0, 60 months,20.49,E,E4,5 years,RENT,60000.0,Source Verified,debt_consolidation,CA,32.36,0.0,705.0,709.0,0.0,22.2,22.0,Individual,5,High Risk,Manual Review
43759360,17250.0, 36 months,20.49,E,E4,10+ years,OWN,48000.0,Source Verified,debt_consolidation,TX,30.95,0.0,660.0,664.0,1.0,69.2,23.0,Individual,5,High Risk,Manual Review
43739687,21600.0, 60 months,22.99,F,F1,,MORTGAGE,75000.0,Verified,debt_consolidation,WA,25.36,5.0,675.0,679.0,0.0,89.0,32.0,Individual,5,High Risk,Manual Review
43649368,15000.0, 60 months,19.52,E,E3,10+ years,MORTGAGE,46000.0,Verified,home_improvement,FL,34.91,1.0,685.0,689.0,1.0,46.6,13.0,Individual,6,High Risk,Manual Review
43639248,15000.0, 60 months,21.67,E,E5,10+ years,RENT,50573.0,Verified,debt_consolidation,FL,31.87,0.0,670.0,674.0,2.0,82.0,31.0,Individual,6,High Risk,Manual Review
43799908,7150.0, 36 months,18.25,E,E1,3 years,RENT,24960.0,Source Verified,debt_consolidation,CA,36.06,0.0,670.0,674.0,0.0,69.7,11.0,Individual,5,High Risk,Manual Review
43709227,30100.0, 60 months,21.67,E,E5,10+ years,MORTGAGE,75000.0,Verified,debt_consolidation,IN,14.77,2.0,665.0,669.0,0.0,90.6,46.0,Individual,5,High Risk,Manual Review
43800015,14000.0, 60 months,18.84,E,E2,2 years,RENT,43000.0,Not Verified,debt_consolidation,CO,31.9,2.0,660.0,664.0,0.0,98.0,41.0,Individual,7,High Risk,Manual Review
43769383,3275.0, 36 months,18.25,E,E1,8 years,MORTGAGE,52000.0,Not Verified,other,TX,34.04,0.0,710.0,714.0,0.0,38.2,14.0,Individual,5,High Risk,Manual Review
43799960,35000.0, 60 months,21.67,E,E5,1 year,MORTGAGE,80000.0,Verified,debt_consolidation,TX,32.76,1.0,675.0,679.0,1.0,58.9,32.0,Individual,6,High Risk,Manual Review
43115740,17125.0, 60 months,18.84,E,E2,< 1 year,MORTGAGE,47840.0,Not Verified,debt_consolidation,WI,31.51,0.0,660.0,664.0,0.0,84.6,27.0,Individual,6,High Risk,Manual Review
43809228,24000.0, 60 months,21.67,E,E5,2 years,MORTGAGE,82820.0,Verified,home_improvement,FL,30.88,0.0,670.0,674.0,0.0,86.0,46.0,Individual,6,High Risk,Manual Review
43799781,6000.0, 36 months,15.61,D,D1,7 years,RENT,62000.0,Source Verified,other,LA,30.29,1.0,665.0,669.0,1.0,82.3,42.0,Individual,5,High Risk,Manual Review
43789251,10750.0, 60 months,18.25,E,E1,2 years,MORTGAGE,42000.0,Source Verified,credit_card,CA,24.89,1.0,670.0,674.0,1.0,82.0,17.0,Individual,5,High Risk,Manual Review
43509179,27150.0, 36 months,18.84,E,E2,3 years,RENT,68000.0,Verified,small_business,VA,30.04,0.0,680.0,684.0,0.0,93.9,17.0,Individual,6,High Risk,Manual Review
43390889,27975.0, 60 months,21.67,E,E5,3 years,RENT,56000.0,Verified,debt_consolidation,IL,30.98,0.0,705.0,709.0,0.0,32.4,13.0,Individual,5,High Risk,Manual Review
43421058,26150.0, 36 months,17.57,D,D4,,RENT,59437.68,Verified,credit_card,PA,30.97,1.0,680.0,684.0,0.0,95.3,22.0,Individual,5,High Risk,Manual Review
43440995,15000.0, 60 months,18.84,E,E2,4 years,MORTGAGE,45000.0,Source Verified,debt_consolidation,CA,36.39,1.0,660.0,664.0,1.0,62.5,16.0,Individual,6,High Risk,Manual Review
43540933,24775.0, 60 months,24.5,F,F3,10+ years,MORTGAGE,59000.0,Verified,debt_consolidation,MO,30.9,0.0,670.0,674.0,0.0,42.7,39.0,Individual,5,High Risk,Manual Review
43540861,21000.0, 60 months,18.25,E,E1,10+ years,RENT,61000.0,Verified,debt_consolidation,IN,39.25,0.0,680.0,684.0,2.0,76.6,37.0,Individual,5,High Risk,Manual Review
43719138,30225.0, 36 months,16.55,D,D2,10+ years,MORTGAGE,72000.0,Verified,debt_consolidation,TX,34.57,4.0,660.0,664.0,1.0,87.3,36.0,Individual,5,High Risk,Manual Review
43789125,22425.0, 60 months,18.84,E,E2,10+ years,MORTGAGE,50000.0,Verified,home_improvement,CO,33.22,0.0,660.0,664.0,3.0,44.0,24.0,Individual,5,High Risk,Manual Review
43520733,22400.0, 60 months,24.99,F,F4,6 years,OWN,59000.0,Source Verified,debt_consolidation,CO,30.33,0.0,710.0,714.0,2.0,39.5,27.0,Individual,5,High Risk,Manual Review
43789289,30000.0, 60 months,24.5,F,F3,10+ years,MORTGAGE,100000.0,Source Verified,car,CA,10.99,3.0,690.0,694.0,0.0,84.3,25.0,Individual,5,High Risk,Manual Review
43469548,9625.0, 36 months,18.25,E,E1,10+ years,MORTGAGE,45000.0,Not Verified,debt_consolidation,NY,32.37,0.0,675.0,679.0,0.0,53.9,35.0,Individual,5,High Risk,Manual Review
43439888,29700.0, 60 months,18.84,E,E2,,MORTGAGE,62000.0,Verified,debt_consolidation,AR,31.54,0.0,685.0,689.0,0.0,85.5,32.0,Individual,6,High Risk,Manual Review
43409937,15975.0, 60 months,22.99,F,F1,7 years,RENT,40000.0,Source Verified,debt_consolidation,CO,32.67,0.0,685.0,689.0,0.0,48.9,24.0,Individual,5,High Risk,Manual Review
43420791,28000.0, 60 months,18.25,E,E1,10+ years,RENT,100000.0,Verified,debt_consolidation,FL,14.77,2.0,670.0,674.0,2.0,95.2,27.0,Individual,5,High Risk,Manual Review
43472351,24650.0, 36 months,18.25,E,E1,5 years,RENT,68000.0,Verified,other,VA,33.67,0.0,660.0,664.0,3.0,34.0,53.0,Individual,5,High Risk,Manual Review
43570891,10175.0, 36 months,20.49,E,E4,3 years,MORTGAGE,30000.0,Not Verified,credit_card,WA,30.84,0.0,670.0,674.0,1.0,99.1,18.0,Individual,6,High Risk,Manual Review
43420733,35000.0, 60 months,22.99,F,F1,10+ years,MORTGAGE,125000.0,Source Verified,other,MI,14.57,1.0,690.0,694.0,2.0,92.6,22.0,Individual,5,High Risk,Manual Review
43540404,18000.0, 60 months,18.25,E,E1,10+ years,RENT,58000.0,Verified,debt_consolidation,TX,36.31,1.0,675.0,679.0,1.0,91.8,31.0,Individual,7,High Risk,Manual Review
43539407,25000.0, 60 months,21.67,E,E5,4 years,MORTGAGE,75000.0,Source Verified,debt_consolidation,TX,35.15,1.0,675.0,679.0,0.0,71.0,26.0,Individual,6,High Risk,Manual Review
43480075,17050.0, 60 months,18.25,E,E1,10+ years,MORTGAGE,47500.0,Source Verified,debt_consolidation,OH,25.27,2.0,660.0,664.0,1.0,84.7,18.0,Individual,5,High Risk,Manual Review
43430230,12150.0, 36 months,20.49,E,E4,2 years,RENT,30000.0,Source Verified,credit_card,GA,38.56,0.0,670.0,674.0,1.0,70.5,18.0,Individual,5,High Risk,Manual Review
43391556,25000.0, 60 months,22.99,F,F1,2 years,MORTGAGE,132000.0,Verified,credit_card,VA,30.43,0.0,665.0,669.0,0.0,85.0,38.0,Individual,6,High Risk,Manual Review
42274467,5500.0, 36 months,21.67,E,E5,10+ years,RENT,44534.21,Source Verified,other,FL,31.5,1.0,660.0,664.0,0.0,48.8,34.0,Individual,6,High Risk,Manual Review
43500807,11325.0, 36 months,19.52,E,E3,10+ years,MORTGAGE,38000.0,Verified,debt_consolidation,PA,35.72,0.0,660.0,664.0,1.0,101.6,28.0,Individual,6,High Risk,Manual Review
43351879,16525.0, 60 months,19.52,E,E3,10+ years,MORTGAGE,52000.0,Verified,debt_consolidation,WA,26.61,1.0,670.0,674.0,4.0,85.3,44.0,Individual,5,High Risk,Manual Review
43560324,13475.0, 60 months,21.67,E,E5,10+ years,MORTGAGE,120000.0,Verified,debt_consolidation,TX,32.4,0.0,665.0,669.0,1.0,69.0,44.0,Individual,5,High Risk,Manual Review
43360291,13250.0, 60 months,20.49,E,E4,8 years,RENT,52000.0,Source Verified,debt_consolidation,WA,38.51,0.0,675.0,679.0,1.0,59.8,26.0,Individual,5,High Risk,Manual Review
43335255,21300.0, 60 months,18.25,E,E1,8 years,MORTGAGE,74000.0,Verified,debt_consolidation,MD,32.68,0.0,730.0,734.0,1.0,83.2,44.0,Individual,6,High Risk,Manual Review
43391458,29450.0, 36 months,16.99,D,D3,,MORTGAGE,75000.0,Verified,debt_consolidation,MD,36.49,1.0,700.0,704.0,0.0,81.1,21.0,Individual,5,High Risk,Manual Review
43014738,18000.0, 60 months,18.84,E,E2,10+ years,MORTGAGE,58422.0,Source Verified,debt_consolidation,OH,16.52,1.0,660.0,664.0,0.0,83.8,22.0,Individual,5,High Risk,Manual Review
43520668,19775.0, 60 months,20.49,E,E4,10+ years,MORTGAGE,55000.0,Verified,home_improvement,CT,30.96,1.0,665.0,669.0,4.0,59.0,31.0,Individual,6,High Risk,Manual Review
43351473,24375.0, 60 months,23.99,F,F2,3 years,MORTGAGE,55952.0,Source Verified,other,PA,32.58,0.0,675.0,679.0,0.0,59.5,33.0,Individual,5,High Risk,Manual Review
43490776,21800.0, 36 months,19.52,E,E3,4 years,RENT,51976.0,Verified,debt_consolidation,MD,33.56,0.0,670.0,674.0,0.0,56.1,50.0,Individual,5,High Risk,Manual Review
43560094,15850.0, 60 months,24.99,F,F4,10+ years,MORTGAGE,46800.0,Not Verified,debt_consolidation,VA,8.26,1.0,675.0,679.0,0.0,99.0,28.0,Individual,5,High Risk,Manual Review
43390691,22800.0, 60 months,22.99,F,F1,10+ years,MORTGAGE,57141.0,Verified,debt_consolidation,CO,31.59,0.0,680.0,684.0,1.0,102.7,34.0,Individual,6,High Risk,Manual Review
43390807,7400.0, 36 months,20.49,E,E4,3 years,RENT,31000.0,Source Verified,debt_consolidation,NY,30.43,0.0,670.0,674.0,0.0,72.8,9.0,Individual,5,High Risk,Manual Review
43490624,35000.0, 36 months,16.55,D,D2,,RENT,144000.0,Verified,credit_card,CA,35.1,4.0,665.0,669.0,1.0,91.5,39.0,Individual,5,High Risk,Manual Review
43410062,35000.0, 60 months,19.52,E,E3,3 years,RENT,180000.0,Verified,debt_consolidation,FL,30.91,0.0,695.0,699.0,0.0,86.0,18.0,Individual,6,High Risk,Manual Review
43470459,21350.0, 60 months,24.5,F,F3,3 years,RENT,51000.0,Source Verified,debt_consolidation,TX,34.66,0.0,690.0,694.0,0.0,86.4,47.0,Individual,6,High Risk,Manual Review
43570852,35000.0, 36 months,18.25,E,E1,10+ years,MORTGAGE,190000.0,Source Verified,debt_consolidation,CA,31.45,0.0,670.0,674.0,2.0,85.0,49.0,Individual,6,High Risk,Manual Review
43539942,14000.0, 60 months,18.84,E,E2,10+ years,RENT,44000.0,Source Verified,debt_consolidation,NY,36.61,0.0,660.0,664.0,0.0,76.5,21.0,Individual,5,High Risk,Manual Review
43420384,24525.0, 60 months,18.25,E,E1,10+ years,RENT,60000.0,Source Verified,debt_consolidation,TX,32.64,0.0,680.0,684.0,0.0,96.4,19.0,Individual,6,High Risk,Manual Review
43559991,13150.0, 60 months,18.84,E,E2,< 1 year,RENT,36000.0,Not Verified,debt_consolidation,WI,39.37,0.0,720.0,724.0,0.0,49.3,43.0,Individual,5,High Risk,Manual Review
43410649,2750.0, 36 months,18.84,E,E2,3 years,MORTGAGE,27300.0,Source Verified,debt_consolidation,FL,33.27,0.0,670.0,674.0,0.0,96.6,13.0,Individual,6,High Risk,Manual Review
43560117,20775.0, 60 months,18.25,E,E1,3 years,RENT,52000.0,Source Verified,debt_consolidation,OK,35.15,0.0,705.0,709.0,1.0,44.6,28.0,Individual,5,High Risk,Manual Review
43145348,5000.0, 36 months,21.67,E,E5,6 years,RENT,20000.0,Source Verified,debt_consolidation,CA,34.03,0.0,690.0,694.0,2.0,46.1,29.0,Individual,5,High Risk,Manual Review
18625991,10600.0, 60 months,20.49,E,E4,10+ years,RENT,140000.0,Verified,debt_consolidation,KS,26.14,1.0,660.0,664.0,1.0,89.0,39.0,Individual,5,High Risk,Manual Review
43440733,15175.0, 36 months,18.84,E,E2,10+ years,RENT,60000.0,Verified,credit_card,TX,31.56,0.0,660.0,664.0,1.0,54.3,22.0,Individual,5,High Risk,Manual Review
43509418,17275.0, 60 months,21.67,E,E5,10+ years,OWN,46000.0,Verified,debt_consolidation,OH,35.95,0.0,705.0,709.0,1.0,68.3,33.0,Individual,5,High Risk,Manual Review
43540251,7000.0, 36 months,24.5,F,F3,5 years,MORTGAGE,25000.0,Verified,other,FL,35.24,0.0,660.0,664.0,0.0,99.6,11.0,Individual,6,High Risk,Manual Review
43165729,32225.0, 60 months,21.67,E,E5,10+ years,MORTGAGE,98000.0,Verified,debt_consolidation,AK,33.75,0.0,680.0,684.0,0.0,78.0,55.0,Individual,5,High Risk,Manual Review
43539657,11400.0, 36 months,18.25,E,E1,2 years,RENT,30000.0,Source Verified,credit_card,CA,35.24,0.0,665.0,669.0,0.0,69.7,17.0,Individual,5,High Risk,Manual Review
43589597,19475.0, 60 months,23.99,F,F2,9 years,RENT,55000.0,Verified,debt_consolidation,IN,34.98,0.0,660.0,664.0,1.0,82.9,27.0,Individual,6,High Risk,Manual Review
43500036,24000.0, 60 months,19.52,E,E3,7 years,MORTGAGE,80000.0,Verified,debt_consolidation,WV,35.9,0.0,695.0,699.0,1.0,90.0,30.0,Individual,6,High Risk,Manual Review
43420234,25000.0, 60 months,20.49,E,E4,4 years,RENT,86600.0,Verified,credit_card,NY,30.22,0.0,665.0,669.0,2.0,87.0,30.0,Individual,6,High Risk,Manual Review
43390085,14975.0, 60 months,25.83,G,G2,< 1 year,RENT,41724.0,Source Verified,debt_consolidation,MD,30.97,0.0,680.0,684.0,2.0,68.7,14.0,Individual,5,High Risk,Manual Review
43469918,20850.0, 60 months,22.99,F,F1,8 years,MORTGAGE,49800.0,Verified,debt_consolidation,KS,39.37,1.0,660.0,664.0,2.0,80.3,36.0,Individual,7,High Risk,Manual Review
43359938,30000.0, 60 months,18.84,E,E2,6 years,RENT,64000.0,Verified,credit_card,TX,36.42,1.0,660.0,664.0,0.0,96.5,51.0,Individual,7,High Risk,Manual Review
43479860,5375.0, 36 months,16.99,D,D3,10+ years,MORTGAGE,34000.0,Not Verified,debt_consolidation,OH,32.69,1.0,675.0,679.0,0.0,92.7,21.0,Individual,5,High Risk,Manual Review
43570207,10200.0, 60 months,18.84,E,E2,5 years,OWN,30000.0,Source Verified,home_improvement,WI,30.36,0.0,665.0,669.0,3.0,50.4,22.0,Individual,5,High Risk,Manual Review
42274433,7450.0, 36 months,19.52,E,E3,4 years,MORTGAGE,64520.0,Verified,debt_consolidation,PA,37.0,0.0,665.0,669.0,1.0,45.8,46.0,Individual,5,High Risk,Manual Review
43351184,16000.0, 60 months,19.52,E,E3,10+ years,MORTGAGE,95000.0,Source Verified,debt_consolidation,VA,36.53,0.0,685.0,689.0,0.0,80.7,45.0,Individual,6,High Risk,Manual Review
43570318,16950.0, 36 months,17.57,D,D4,2 years,MORTGAGE,50000.0,Source Verified,debt_consolidation,FL,38.6,6.0,680.0,684.0,0.0,80.6,29.0,Individual,5,High Risk,Manual Review
43570332,23050.0, 60 months,18.25,E,E1,3 years,MORTGAGE,55000.0,Source Verified,credit_card,WI,31.6,0.0,660.0,664.0,2.0,67.0,40.0,Individual,5,High Risk,Manual Review
43570131,12450.0, 36 months,18.25,E,E1,9 years,RENT,48000.0,Source Verified,debt_consolidation,MA,36.7,0.0,665.0,669.0,0.0,60.7,21.0,Individual,5,High Risk,Manual Review
43369834,13150.0, 60 months,18.25,E,E1,10+ years,RENT,33000.0,Verified,debt_consolidation,OH,34.07,0.0,665.0,669.0,1.0,93.5,22.0,Individual,6,High Risk,Manual Review
43589892,21825.0, 60 months,19.52,E,E3,8 years,MORTGAGE,52000.0,Source Verified,debt_consolidation,WY,31.55,0.0,740.0,744.0,0.0,28.4,19.0,Individual,5,High Risk,Manual Review
43570146,14975.0, 36 months,21.67,E,E5,9 years,MORTGAGE,50000.0,Source Verified,debt_consolidation,GA,37.85,0.0,660.0,664.0,1.0,88.3,16.0,Individual,6,High Risk,Manual Review
43570100,25775.0, 60 months,21.67,E,E5,4 years,MORTGAGE,103000.0,Verified,debt_consolidation,MI,32.42,0.0,665.0,669.0,1.0,57.0,30.0,Individual,5,High Risk,Manual Review
43589857,28500.0, 60 months,25.57,F,F5,< 1 year,RENT,65000.0,Source Verified,debt_consolidation,IL,35.8,0.0,670.0,674.0,1.0,93.2,30.0,Individual,6,High Risk,Manual Review
43539775,16000.0, 60 months,21.67,E,E5,10+ years,MORTGAGE,60000.0,Verified,debt_consolidation,WY,16.24,4.0,660.0,664.0,1.0,89.4,38.0,Individual,5,High Risk,Manual Review
43350747,10575.0, 60 months,25.83,G,G2,9 years,MORTGAGE,43000.0,Verified,debt_consolidation,NC,33.18,0.0,670.0,674.0,1.0,60.5,22.0,Individual,5,High Risk,Manual Review
43044502,15000.0, 60 months,18.25,E,E1,10+ years,MORTGAGE,65000.0,Source Verified,debt_consolidation,NH,34.31,0.0,690.0,694.0,2.0,40.7,15.0,Individual,5,High Risk,Manual Review
43519770,22400.0, 60 months,24.99,F,F4,7 years,RENT,50000.0,Verified,debt_consolidation,MA,31.71,0.0,660.0,664.0,1.0,33.0,34.0,Individual,5,High Risk,Manual Review
43379652,16300.0, 36 months,20.49,E,E4,6 years,RENT,48000.0,Source Verified,debt_consolidation,NM,38.8,0.0,675.0,679.0,3.0,54.6,23.0,Individual,5,High Risk,Manual Review
43379674,25450.0, 60 months,18.25,E,E1,10+ years,MORTGAGE,75000.0,Source Verified,debt_consolidation,PA,32.26,0.0,675.0,679.0,0.0,38.7,28.0,Individual,5,High Risk,Manual Review
42161398,12000.0, 60 months,20.49,E,E4,7 years,MORTGAGE,48000.0,Verified,debt_consolidation,OK,34.6,0.0,660.0,664.0,1.0,67.0,25.0,Individual,5,High Risk,Manual Review
43350426,19075.0, 60 months,25.57,F,F5,10+ years,OWN,62000.0,Verified,debt_consolidation,NY,38.4,0.0,665.0,669.0,2.0,87.5,28.0,Individual,6,High Risk,Manual Review
43569770,31450.0, 60 months,25.8,G,G1,10+ years,OWN,70000.0,Verified,debt_consolidation,DC,34.25,0.0,660.0,664.0,1.0,61.0,28.0,Individual,5,High Risk,Manual Review
43529453,12875.0, 60 months,23.99,F,F2,8 years,OWN,43000.0,Source Verified,debt_consolidation,NC,30.56,0.0,740.0,744.0,2.0,58.3,13.0,Individual,5,High Risk,Manual Review
43440333,35000.0, 36 months,18.84,E,E2,10+ years,MORTGAGE,125000.0,Verified,debt_consolidation,VA,33.7,0.0,660.0,664.0,4.0,95.0,46.0,Individual,6,High Risk,Manual Review
43489790,18700.0, 60 months,18.25,E,E1,9 years,RENT,58000.0,Source Verified,debt_consolidation,MT,34.1,0.0,680.0,684.0,0.0,50.1,30.0,Individual,5,High Risk,Manual Review
43579432,18000.0, 60 months,19.52,E,E3,10+ years,MORTGAGE,110000.0,Source Verified,debt_consolidation,CA,26.64,1.0,680.0,684.0,1.0,84.5,33.0,Individual,5,High Risk,Manual Review
43449308,25000.0, 60 months,21.67,E,E5,6 years,RENT,56520.0,Verified,other,CA,38.51,0.0,680.0,684.0,0.0,55.9,36.0,Individual,5,High Risk,Manual Review
43350215,13575.0, 36 months,16.55,D,D2,10+ years,MORTGAGE,34000.0,Source Verified,debt_consolidation,CO,31.06,1.0,660.0,664.0,0.0,90.5,23.0,Individual,5,High Risk,Manual Review
43440137,16825.0, 60 months,18.25,E,E1,10+ years,RENT,67200.0,Verified,debt_consolidation,CA,32.18,1.0,670.0,674.0,0.0,50.7,36.0,Individual,6,High Risk,Manual Review
43359625,35000.0, 60 months,25.83,G,G2,10+ years,MORTGAGE,147000.0,Verified,other,PA,34.73,0.0,675.0,679.0,2.0,66.0,42.0,Individual,5,High Risk,Manual Review
43044396,6550.0, 36 months,24.99,F,F4,3 years,RENT,33000.0,Source Verified,debt_consolidation,CA,39.85,0.0,680.0,684.0,0.0,52.1,11.0,Individual,5,High Risk,Manual Review
43471435,18700.0, 60 months,24.5,F,F3,1 year,MORTGAGE,40000.0,Not Verified,debt_consolidation,KY,36.42,0.0,660.0,664.0,0.0,75.4,30.0,Individual,5,High Risk,Manual Review
43509664,25075.0, 36 months,18.25,E,E1,1 year,MORTGAGE,135000.0,Verified,credit_card,CA,30.64,0.0,660.0,664.0,2.0,69.0,45.0,Individual,5,High Risk,Manual Review
43479602,10000.0, 60 months,16.99,D,D3,10+ years,MORTGAGE,80000.0,Source Verified,debt_consolidation,OH,36.63,2.0,700.0,704.0,2.0,85.1,42.0,Individual,5,High Risk,Manual Review
43509691,12000.0, 60 months,18.25,E,E1,10+ years,MORTGAGE,110000.0,Not Verified,home_improvement,CA,6.28,1.0,685.0,689.0,3.0,84.4,26.0,Individual,5,High Risk,Manual Review
43510035,20500.0, 60 months,21.67,E,E5,10+ years,MORTGAGE,41000.0,Source Verified,debt_consolidation,FL,35.83,0.0,685.0,689.0,0.0,70.8,36.0,Individual,5,High Risk,Manual Review
43449512,15500.0, 60 months,24.99,F,F4,2 years,RENT,31000.0,Source Verified,debt_consolidation,NC,34.44,0.0,665.0,669.0,0.0,70.6,24.0,Individual,5,High Risk,Manual Review
43359538,19750.0, 60 months,22.99,F,F1,10+ years,MORTGAGE,58000.0,Verified,debt_consolidation,WA,30.02,0.0,660.0,664.0,0.0,82.0,15.0,Individual,6,High Risk,Manual Review
43440133,15725.0, 60 months,22.99,F,F1,9 years,RENT,46800.0,Source Verified,debt_consolidation,CA,34.0,0.0,690.0,694.0,1.0,62.9,25.0,Individual,5,High Risk,Manual Review
43470377,17200.0, 36 months,19.52,E,E3,1 year,RENT,48000.0,Source Verified,debt_consolidation,VA,34.43,0.0,660.0,664.0,0.0,98.2,34.0,Individual,6,High Risk,Manual Review
43569624,7175.0, 36 months,20.49,E,E4,5 years,RENT,20000.0,Source Verified,debt_consolidation,OH,33.67,0.0,675.0,679.0,0.0,72.6,12.0,Individual,5,High Risk,Manual Review
43569609,20125.0, 60 months,18.25,E,E1,10+ years,MORTGAGE,75000.0,Verified,credit_card,OK,30.45,0.0,690.0,694.0,0.0,60.3,34.0,Individual,5,High Risk,Manual Review
43449462,13100.0, 60 months,20.49,E,E4,8 years,OWN,33000.0,Source Verified,debt_consolidation,OH,35.75,0.0,660.0,664.0,0.0,62.7,24.0,Individual,5,High Risk,Manual Review
43549175,5000.0, 36 months,18.25,E,E1,9 years,MORTGAGE,60000.0,Not Verified,other,UT,30.9,0.0,690.0,694.0,0.0,97.2,49.0,Individual,6,High Risk,Manual Review
43349749,14725.0, 60 months,18.84,E,E2,2 years,MORTGAGE,47400.0,Not Verified,home_improvement,IL,32.1,3.0,700.0,704.0,0.0,7.5,28.0,Individual,6,High Risk,Manual Review
42297702,16150.0, 36 months,24.99,F,F4,5 years,RENT,45000.0,Verified,debt_consolidation,CA,31.66,0.0,690.0,694.0,0.0,70.1,18.0,Individual,5,High Risk,Manual Review
43265806,16975.0, 60 months,20.49,E,E4,10+ years,MORTGAGE,50000.0,Verified,debt_consolidation,IL,31.2,0.0,680.0,684.0,0.0,81.6,24.0,Individual,6,High Risk,Manual Review
43470714,18000.0, 60 months,21.67,E,E5,4 years,RENT,50000.0,Source Verified,debt_consolidation,MO,25.56,1.0,675.0,679.0,0.0,91.3,30.0,Individual,5,High Risk,Manual Review
43559308,16700.0, 60 months,22.99,F,F1,7 years,MORTGAGE,65000.0,Verified,debt_consolidation,TN,38.7,0.0,690.0,694.0,1.0,47.1,36.0,Individual,5,High Risk,Manual Review
43409351,31450.0, 36 months,18.84,E,E2,1 year,MORTGAGE,70000.0,Verified,home_improvement,AL,33.72,0.0,670.0,674.0,0.0,78.0,35.0,Individual,5,High Risk,Manual Review
43064507,11500.0, 60 months,25.57,F,F5,10+ years,MORTGAGE,32000.0,Source Verified,debt_consolidation,MS,32.97,0.0,675.0,679.0,3.0,55.1,33.0,Individual,5,High Risk,Manual Review
42273453,35000.0, 60 months,18.25,E,E1,10+ years,MORTGAGE,115000.0,Verified,debt_consolidation,MA,25.38,2.0,680.0,684.0,1.0,90.6,33.0,Individual,5,High Risk,Manual Review
43470793,11000.0, 60 months,18.84,E,E2,1 year,OWN,37500.0,Verified,debt_consolidation,MT,35.71,0.0,680.0,684.0,1.0,58.0,48.0,Individual,5,High Risk,Manual Review
43539125,13675.0, 60 months,18.25,E,E1,3 years,RENT,38000.0,Source Verified,debt_consolidation,CO,34.62,0.0,665.0,669.0,0.0,62.8,23.0,Individual,5,High Risk,Manual Review
43589301,11425.0, 36 months,18.25,E,E1,10+ years,RENT,28779.33,Source Verified,debt_consolidation,TX,35.36,0.0,680.0,684.0,0.0,70.0,25.0,Individual,5,High Risk,Manual Review
43470484,25850.0, 60 months,21.67,E,E5,7 years,MORTGAGE,65989.0,Verified,debt_consolidation,CA,24.26,1.0,690.0,694.0,1.0,91.4,23.0,Individual,5,High Risk,Manual Review
42333549,19350.0, 60 months,22.99,F,F1,10+ years,RENT,54000.0,Verified,debt_consolidation,NY,32.99,0.0,720.0,724.0,3.0,31.8,45.0,Individual,5,High Risk,Manual Review
42324214,24400.0, 60 months,18.84,E,E2,1 year,RENT,80418.0,Source Verified,debt_consolidation,UT,16.7,1.0,670.0,674.0,1.0,91.1,17.0,Individual,5,High Risk,Manual Review
43349323,15550.0, 60 months,18.25,E,E1,3 years,RENT,43209.0,Verified,debt_consolidation,CO,33.08,0.0,685.0,689.0,0.0,64.3,38.0,Individual,5,High Risk,Manual Review
43115200,30000.0, 60 months,18.25,E,E1,7 years,MORTGAGE,80000.0,Verified,debt_consolidation,MS,31.97,2.0,685.0,689.0,3.0,50.9,66.0,Individual,6,High Risk,Manual Review
42773347,14000.0, 60 months,20.49,E,E4,10+ years,MORTGAGE,92000.0,Not Verified,debt_consolidation,VA,32.17,0.0,690.0,694.0,0.0,90.1,43.0,Individual,6,High Risk,Manual Review
43287669,10725.0, 60 months,20.49,E,E4,10+ years,RENT,27000.0,Not Verified,other,IL,37.33,0.0,670.0,674.0,0.0,68.7,31.0,Individual,5,High Risk,Manual Review
43469840,5075.0, 36 months,22.99,F,F1,10+ years,RENT,15000.0,Verified,debt_consolidation,NY,30.96,0.0,705.0,709.0,0.0,49.7,13.0,Individual,5,High Risk,Manual Review
43569403,20975.0, 60 months,18.25,E,E1,10+ years,MORTGAGE,65500.0,Source Verified,debt_consolidation,CO,39.03,0.0,675.0,679.0,2.0,37.5,48.0,Individual,5,High Risk,Manual Review
43499339,35000.0, 60 months,19.52,E,E3,8 years,RENT,90376.0,Verified,debt_consolidation,AZ,33.95,2.0,660.0,664.0,2.0,93.9,20.0,Individual,7,High Risk,Manual Review
43215330,16475.0, 60 months,22.99,F,F1,10+ years,MORTGAGE,55000.0,Source Verified,debt_consolidation,OK,35.11,0.0,685.0,689.0,0.0,52.5,36.0,Individual,5,High Risk,Manual Review
43469784,19300.0, 60 months,16.55,D,D2,10+ years,MORTGAGE,60000.0,Not Verified,debt_consolidation,TX,33.78,1.0,680.0,684.0,0.0,91.5,26.0,Individual,5,High Risk,Manual Review
43145929,22000.0, 60 months,24.99,F,F4,< 1 year,MORTGAGE,55000.0,Source Verified,debt_consolidation,OK,27.53,4.0,675.0,679.0,2.0,84.4,22.0,Individual,5,High Risk,Manual Review
43399196,6000.0, 36 months,16.99,D,D3,10+ years,MORTGAGE,34000.0,Verified,debt_consolidation,NV,35.4,1.0,660.0,664.0,1.0,81.0,45.0,Individual,5,High Risk,Manual Review
43359213,17000.0, 60 months,24.5,F,F3,< 1 year,RENT,51500.0,Source Verified,debt_consolidation,NJ,14.31,7.0,665.0,669.0,0.0,92.7,21.0,Individual,5,High Risk,Manual Review
43429252,20950.0, 60 months,22.99,F,F1,1 year,RENT,52500.0,Source Verified,debt_consolidation,TN,30.05,0.0,675.0,679.0,1.0,71.8,15.0,Individual,5,High Risk,Manual Review
43479195,23475.0, 60 months,20.49,E,E4,5 years,MORTGAGE,62000.0,Source Verified,debt_consolidation,OH,32.19,0.0,670.0,674.0,3.0,78.3,53.0,Individual,5,High Risk,Manual Review
42221122,9550.0, 36 months,25.89,G,G3,2 years,RENT,30000.0,Source Verified,small_business,NY,34.67,0.0,660.0,664.0,2.0,80.5,24.0,Individual,6,High Risk,Manual Review
42994724,2950.0, 36 months,19.52,E,E3,10+ years,MORTGAGE,40000.0,Not Verified,debt_consolidation,WV,30.33,0.0,670.0,674.0,0.0,63.2,25.0,Individual,5,High Risk,Manual Review
43509164,10225.0, 60 months,24.5,F,F3,10+ years,RENT,32000.0,Source Verified,other,FL,39.8,0.0,705.0,709.0,0.0,100.3,19.0,Individual,6,High Risk,Manual Review
43166708,31900.0, 60 months,23.99,F,F2,10+ years,RENT,76000.0,Verified,debt_consolidation,MO,34.68,0.0,670.0,674.0,1.0,88.1,31.0,Individual,6,High Risk,Manual Review
42303167,15625.0, 60 months,20.49,E,E4,5 years,MORTGAGE,48000.0,Source Verified,debt_consolidation,CA,32.43,0.0,675.0,679.0,1.0,76.2,23.0,Individual,5,High Risk,Manual Review
43296531,16150.0, 60 months,20.49,E,E4,10+ years,OWN,47705.0,Source Verified,debt_consolidation,NC,38.69,0.0,675.0,679.0,0.0,64.0,18.0,Individual,5,High Risk,Manual Review
43479186,33575.0, 60 months,18.25,E,E1,< 1 year,MORTGAGE,80000.0,Verified,debt_consolidation,MO,26.37,1.0,670.0,674.0,1.0,84.8,44.0,Individual,5,High Risk,Manual Review
43296494,35000.0, 60 months,23.99,F,F2,3 years,MORTGAGE,175000.0,Verified,home_improvement,PA,12.86,1.0,665.0,669.0,4.0,85.0,26.0,Individual,5,High Risk,Manual Review
43095807,15500.0, 60 months,20.49,E,E4,10+ years,RENT,50000.0,Source Verified,debt_consolidation,CA,38.41,0.0,705.0,709.0,0.0,34.1,19.0,Individual,5,High Risk,Manual Review
43195743,19200.0, 60 months,20.49,E,E4,5 years,MORTGAGE,48000.0,Source Verified,debt_consolidation,MA,35.79,0.0,660.0,664.0,0.0,54.4,30.0,Individual,5,High Risk,Manual Review
43226894,20000.0, 60 months,18.25,E,E1,9 years,RENT,70000.0,Source Verified,debt_consolidation,CA,33.33,0.0,665.0,669.0,1.0,57.8,30.0,Individual,5,High Risk,Manual Review
43216528,34350.0, 60 months,18.84,E,E2,10+ years,MORTGAGE,82000.0,Verified,debt_consolidation,WV,32.24,1.0,665.0,669.0,1.0,93.9,42.0,Individual,7,High Risk,Manual Review
43296013,24000.0, 60 months,20.49,E,E4,10+ years,MORTGAGE,95000.0,Source Verified,house,TX,35.22,1.0,675.0,679.0,1.0,47.8,35.0,Individual,6,High Risk,Manual Review
42904251,12625.0, 60 months,18.84,E,E2,3 years,RENT,48000.0,Source Verified,credit_card,CT,38.03,0.0,700.0,704.0,1.0,45.2,24.0,Individual,5,High Risk,Manual Review
43469168,35000.0, 60 months,18.25,E,E1,10+ years,MORTGAGE,135000.0,Verified,debt_consolidation,CA,19.79,2.0,680.0,684.0,0.0,89.3,22.0,Individual,5,High Risk,Manual Review
43226411,17000.0, 60 months,20.49,E,E4,6 years,RENT,38000.0,Source Verified,debt_consolidation,KS,27.51,1.0,685.0,689.0,0.0,91.7,18.0,Individual,5,High Risk,Manual Review
43226646,30000.0, 36 months,19.52,E,E3,10+ years,MORTGAGE,104000.0,Verified,debt_consolidation,MD,11.57,3.0,685.0,689.0,0.0,80.7,30.0,Individual,5,High Risk,Manual Review
43246372,8600.0, 36 months,18.25,E,E1,10+ years,MORTGAGE,30000.0,Source Verified,debt_consolidation,TN,31.6,0.0,675.0,679.0,0.0,79.0,24.0,Individual,5,High Risk,Manual Review
43326103,30000.0, 60 months,19.52,E,E3,10+ years,MORTGAGE,76000.0,Verified,debt_consolidation,AR,34.2,0.0,690.0,694.0,0.0,98.1,21.0,Individual,6,High Risk,Manual Review
41082081,20000.0, 60 months,19.52,E,E3,8 years,MORTGAGE,47000.0,Source Verified,debt_consolidation,PA,35.42,0.0,705.0,709.0,1.0,55.5,17.0,Individual,5,High Risk,Manual Review
43236276,14350.0, 60 months,18.25,E,E1,< 1 year,OWN,36000.0,Source Verified,debt_consolidation,FL,36.97,0.0,665.0,669.0,0.0,68.7,54.0,Individual,5,High Risk,Manual Review
43226454,14750.0, 36 months,18.25,E,E1,10+ years,RENT,37000.0,Source Verified,debt_consolidation,CA,36.69,0.0,690.0,694.0,1.0,29.5,11.0,Individual,5,High Risk,Manual Review
43196371,15425.0, 60 months,22.99,F,F1,10+ years,RENT,55000.0,Source Verified,debt_consolidation,OH,34.02,0.0,675.0,679.0,1.0,26.6,33.0,Individual,5,High Risk,Manual Review
43236035,21775.0, 60 months,18.25,E,E1,10+ years,RENT,52000.0,Verified,credit_card,LA,31.71,0.0,665.0,669.0,2.0,49.4,51.0,Individual,5,High Risk,Manual Review
43296069,6250.0, 36 months,16.99,D,D3,10+ years,MORTGAGE,45000.0,Verified,debt_consolidation,MI,39.65,1.0,665.0,669.0,2.0,88.0,15.0,Individual,5,High Risk,Manual Review
43116075,11425.0, 60 months,19.52,E,E3,10+ years,RENT,25000.0,Source Verified,debt_consolidation,FL,39.51,0.0,740.0,744.0,0.0,33.5,18.0,Individual,5,High Risk,Manual Review
43106415,6825.0, 36 months,20.49,E,E4,2 years,RENT,16268.44,Verified,credit_card,MN,34.46,1.0,665.0,669.0,0.0,37.6,25.0,Individual,6,High Risk,Manual Review
43290016,23475.0, 60 months,18.84,E,E2,,MORTGAGE,49000.0,Verified,home_improvement,AR,33.51,0.0,740.0,744.0,0.0,40.9,17.0,Individual,5,High Risk,Manual Review
42345487,14150.0, 60 months,20.49,E,E4,2 years,MORTGAGE,75000.0,Source Verified,home_improvement,TX,26.34,1.0,680.0,684.0,0.0,95.0,30.0,Individual,5,High Risk,Manual Review
43265923,23225.0, 60 months,18.25,E,E1,10+ years,MORTGAGE,64772.0,Source Verified,other,NY,5.98,1.0,670.0,674.0,0.0,81.5,25.0,Individual,5,High Risk,Manual Review
42964384,14700.0, 36 months,18.84,E,E2,1 year,RENT,41000.0,Source Verified,debt_consolidation,CO,27.17,1.0,670.0,674.0,0.0,93.0,12.0,Individual,5,High Risk,Manual Review
43166526,30825.0, 60 months,24.99,F,F4,10+ years,RENT,84000.0,Verified,debt_consolidation,CA,28.66,2.0,670.0,674.0,0.0,97.1,36.0,Individual,5,High Risk,Manual Review
43196142,17000.0, 36 months,18.25,E,E1,7 years,RENT,47500.0,Source Verified,other,UT,30.56,2.0,665.0,669.0,0.0,40.7,15.0,Individual,6,High Risk,Manual Review
43289635,12000.0, 60 months,23.99,F,F2,5 years,RENT,40000.0,Verified,debt_consolidation,AZ,31.47,0.0,660.0,664.0,3.0,36.1,24.0,Individual,5,High Risk,Manual Review
43235845,3600.0, 36 months,22.99,F,F1,10+ years,RENT,36000.0,Not Verified,debt_consolidation,CT,31.0,0.0,665.0,669.0,1.0,25.9,39.0,Individual,5,High Risk,Manual Review
43185777,15000.0, 60 months,18.84,E,E2,< 1 year,MORTGAGE,45000.0,Not Verified,debt_consolidation,OH,35.36,0.0,660.0,664.0,1.0,78.2,60.0,Individual,5,High Risk,Manual Review
43195498,13400.0, 60 months,24.5,F,F3,5 years,MORTGAGE,50000.0,Verified,debt_consolidation,MN,37.61,0.0,665.0,669.0,0.0,94.1,31.0,Individual,6,High Risk,Manual Review
43196016,4500.0, 36 months,16.99,D,D3,< 1 year,OWN,45000.0,Source Verified,debt_consolidation,NY,37.09,1.0,660.0,664.0,2.0,99.9,26.0,Individual,5,High Risk,Manual Review
43325894,12000.0, 60 months,18.25,E,E1,4 years,RENT,40000.0,Source Verified,debt_consolidation,FL,34.05,0.0,700.0,704.0,1.0,66.5,13.0,Individual,5,High Risk,Manual Review
43155886,13100.0, 60 months,20.49,E,E4,7 years,MORTGAGE,44000.0,Not Verified,debt_consolidation,CO,35.7,0.0,680.0,684.0,0.0,46.6,36.0,Individual,5,High Risk,Manual Review
43145779,13925.0, 60 months,18.84,E,E2,9 years,OWN,28000.0,Source Verified,debt_consolidation,NC,39.61,0.0,660.0,664.0,0.0,77.4,12.0,Individual,5,High Risk,Manual Review
43165509,11800.0, 60 months,19.52,E,E3,3 years,RENT,26910.0,Source Verified,credit_card,CA,35.15,0.0,685.0,689.0,0.0,60.8,24.0,Individual,5,High Risk,Manual Review
43166333,9925.0, 36 months,18.84,E,E2,10+ years,OWN,50000.0,Source Verified,debt_consolidation,AL,28.16,2.0,675.0,679.0,1.0,80.2,26.0,Individual,5,High Risk,Manual Review
43176030,15900.0, 36 months,18.25,E,E1,10+ years,MORTGAGE,80000.0,Not Verified,debt_consolidation,CA,11.21,1.0,660.0,664.0,1.0,87.6,20.0,Individual,5,High Risk,Manual Review
43216338,2000.0, 36 months,15.61,D,D1,2 years,RENT,32000.0,Verified,debt_consolidation,NY,32.0,1.0,660.0,664.0,0.0,99.8,26.0,Individual,5,High Risk,Manual Review
43106202,27000.0, 60 months,18.84,E,E2,< 1 year,RENT,75000.0,Verified,debt_consolidation,CA,35.41,0.0,685.0,689.0,0.0,84.1,33.0,Individual,6,High Risk,Manual Review
43106017,21525.0, 60 months,18.84,E,E2,7 years,MORTGAGE,57000.0,Source Verified,debt_consolidation,CO,31.03,0.0,710.0,714.0,0.0,36.6,28.0,Individual,5,High Risk,Manual Review
43235737,20000.0, 60 months,17.86,D,D5,< 1 year,MORTGAGE,145000.0,Source Verified,debt_consolidation,IN,31.71,3.0,660.0,664.0,3.0,90.7,53.0,Individual,5,High Risk,Manual Review
43305926,21500.0, 60 months,18.84,E,E2,6 years,RENT,60000.0,Source Verified,debt_consolidation,FL,32.49,0.0,740.0,744.0,0.0,35.5,13.0,Individual,5,High Risk,Manual Review
43315873,19350.0, 60 months,20.49,E,E4,,MORTGAGE,64704.99,Verified,other,MD,18.95,1.0,660.0,664.0,0.0,100.4,29.0,Individual,5,High Risk,Manual Review
43115439,9925.0, 36 months,18.25,E,E1,< 1 year,RENT,42000.0,Source Verified,debt_consolidation,FL,39.97,0.0,685.0,689.0,0.0,60.8,21.0,Individual,5,High Risk,Manual Review
43155770,18000.0, 60 months,20.49,E,E4,10+ years,MORTGAGE,200000.0,Verified,home_improvement,NJ,34.73,0.0,670.0,674.0,2.0,78.6,35.0,Individual,5,High Risk,Manual Review
43106122,18000.0, 60 months,20.49,E,E4,5 years,RENT,45000.0,Verified,debt_consolidation,NY,30.16,0.0,665.0,669.0,1.0,34.9,26.0,Individual,5,High Risk,Manual Review
43288245,13600.0, 60 months,18.84,E,E2,4 years,RENT,40000.0,Source Verified,debt_consolidation,OR,34.83,0.0,685.0,689.0,0.0,100.1,13.0,Individual,6,High Risk,Manual Review
41092867,35000.0, 60 months,22.99,F,F1,7 years,RENT,91000.0,Verified,debt_consolidation,GA,30.94,1.0,680.0,684.0,0.0,82.5,19.0,Individual,7,High Risk,Manual Review
43125650,28000.0, 60 months,19.52,E,E3,10+ years,MORTGAGE,85000.0,Source Verified,debt_consolidation,LA,33.91,1.0,665.0,669.0,0.0,100.0,31.0,Individual,7,High Risk,Manual Review
43166168,26650.0, 60 months,26.06,G,G5,2 years,MORTGAGE,73000.0,Source Verified,debt_consolidation,CA,36.1,0.0,665.0,669.0,1.0,74.5,13.0,Individual,5,High Risk,Manual Review
43288775,20000.0, 60 months,18.25,E,E1,,RENT,50000.0,Verified,debt_consolidation,CT,38.53,0.0,690.0,694.0,2.0,26.8,25.0,Individual,5,High Risk,Manual Review
42285422,22400.0, 60 months,24.5,F,F3,10+ years,MORTGAGE,62000.0,Source Verified,debt_consolidation,PA,32.17,0.0,665.0,669.0,1.0,68.2,25.0,Individual,5,High Risk,Manual Review
43296191,12150.0, 60 months,15.61,D,D1,6 years,MORTGAGE,72000.0,Verified,debt_consolidation,FL,34.1,1.0,675.0,679.0,0.0,82.6,19.0,Individual,5,High Risk,Manual Review
38657809,35000.0, 60 months,18.25,E,E1,10+ years,MORTGAGE,145500.0,Verified,credit_card,GA,28.63,1.0,670.0,674.0,0.0,81.6,40.0,Individual,5,High Risk,Manual Review
43054356,35000.0, 60 months,19.52,E,E3,10+ years,OWN,80000.0,Verified,home_improvement,CA,31.02,2.0,670.0,674.0,0.0,48.1,55.0,Individual,6,High Risk,Manual Review
43096090,31500.0, 60 months,16.99,D,D3,3 years,RENT,80000.0,Verified,debt_consolidation,VA,37.71,1.0,675.0,679.0,0.0,101.0,23.0,Individual,5,High Risk,Manual Review
43276370,5900.0, 36 months,20.49,E,E4,5 years,RENT,42000.0,Source Verified,debt_consolidation,CO,22.14,3.0,665.0,669.0,1.0,81.6,11.0,Individual,5,High Risk,Manual Review
42365710,3425.0, 36 months,23.99,F,F2,,MORTGAGE,15000.0,Verified,debt_consolidation,IL,33.52,0.0,670.0,674.0,0.0,62.9,10.0,Individual,5,High Risk,Manual Review
43135806,30100.0, 60 months,25.99,G,G4,10+ years,MORTGAGE,62000.0,Verified,debt_consolidation,OH,36.37,1.0,660.0,664.0,2.0,96.3,53.0,Individual,7,High Risk,Manual Review
42375134,13800.0, 60 months,18.84,E,E2,10+ years,OWN,39000.0,Not Verified,credit_card,SC,31.29,0.0,660.0,664.0,0.0,64.7,37.0,Individual,5,High Risk,Manual Review
43288226,16700.0, 36 months,18.84,E,E2,10+ years,MORTGAGE,108265.0,Verified,home_improvement,FL,17.71,1.0,675.0,679.0,1.0,90.0,16.0,Individual,5,High Risk,Manual Review
43325654,32950.0, 60 months,25.57,F,F5,10+ years,MORTGAGE,76693.74,Verified,debt_consolidation,WA,28.47,1.0,680.0,684.0,1.0,95.7,26.0,Individual,5,High Risk,Manual Review
43175796,2100.0, 36 months,18.84,E,E2,< 1 year,OWN,42000.0,Not Verified,other,CA,30.69,6.0,670.0,674.0,1.0,47.8,14.0,Individual,6,High Risk,Manual Review
43185843,16000.0, 60 months,18.25,E,E1,< 1 year,MORTGAGE,70000.0,Not Verified,debt_consolidation,LA,23.46,1.0,675.0,679.0,0.0,84.0,30.0,Individual,5,High Risk,Manual Review
43306092,25725.0, 60 months,19.52,E,E3,4 years,MORTGAGE,65000.0,Source Verified,debt_consolidation,TX,35.68,1.0,675.0,679.0,2.0,61.9,29.0,Individual,6,High Risk,Manual Review
43276322,4850.0, 36 months,17.86,D,D5,< 1 year,MORTGAGE,35000.0,Not Verified,other,IL,34.09,3.0,660.0,664.0,2.0,96.2,34.0,Individual,5,High Risk,Manual Review
42473457,28900.0, 60 months,18.25,E,E1,10+ years,MORTGAGE,65000.0,Not Verified,debt_consolidation,SC,33.09,0.0,725.0,729.0,0.0,69.0,20.0,Individual,5,High Risk,Manual Review
43135651,3900.0, 36 months,18.25,E,E1,10+ years,RENT,25000.0,Not Verified,other,PA,39.56,0.0,670.0,674.0,1.0,16.5,24.0,Individual,5,High Risk,Manual Review
43276300,15000.0, 60 months,18.25,E,E1,10+ years,RENT,53000.0,Source Verified,debt_consolidation,MN,30.89,0.0,660.0,664.0,0.0,41.8,45.0,Individual,5,High Risk,Manual Review
42285319,14450.0, 36 months,18.84,E,E2,4 years,OWN,77000.0,Not Verified,moving,AL,32.19,0.0,685.0,689.0,0.0,54.4,36.0,Individual,5,High Risk,Manual Review
43225591,11775.0, 60 months,18.84,E,E2,< 1 year,OWN,42000.0,Source Verified,debt_consolidation,IN,32.2,0.0,695.0,699.0,0.0,84.0,19.0,Individual,6,High Risk,Manual Review
41830214,27450.0, 60 months,18.84,E,E2,10+ years,RENT,93000.0,Source Verified,credit_card,CA,32.43,0.0,695.0,699.0,3.0,34.4,31.0,Individual,5,High Risk,Manual Review
43286139,13600.0, 60 months,22.99,F,F1,4 years,MORTGAGE,65000.0,Verified,credit_card,FL,35.91,0.0,680.0,684.0,0.0,90.4,40.0,Individual,6,High Risk,Manual Review
43287801,14000.0, 60 months,19.52,E,E3,9 years,OWN,28000.0,Source Verified,debt_consolidation,MT,37.51,0.0,710.0,714.0,1.0,79.9,13.0,Individual,5,High Risk,Manual Review
43125403,6650.0, 36 months,18.25,E,E1,10+ years,MORTGAGE,59750.0,Verified,debt_consolidation,TX,35.35,0.0,680.0,684.0,0.0,78.7,22.0,Individual,5,High Risk,Manual Review
42394893,11000.0, 60 months,18.84,E,E2,10+ years,MORTGAGE,40000.0,Source Verified,debt_consolidation,OH,33.81,0.0,665.0,669.0,2.0,52.4,19.0,Individual,5,High Risk,Manual Review
43287558,18300.0, 60 months,22.99,F,F1,1 year,RENT,54000.0,Source Verified,other,TX,33.13,0.0,665.0,669.0,1.0,81.8,19.0,Individual,6,High Risk,Manual Review
43265455,18225.0, 60 months,18.84,E,E2,10+ years,MORTGAGE,76000.0,Verified,debt_consolidation,CA,30.16,0.0,670.0,674.0,0.0,94.8,29.0,Individual,6,High Risk,Manual Review
43275229,11100.0, 36 months,18.25,E,E1,10+ years,RENT,53000.0,Source Verified,debt_consolidation,OR,34.06,0.0,670.0,674.0,1.0,49.5,26.0,Individual,5,High Risk,Manual Review
43195656,35000.0, 60 months,20.49,E,E4,10+ years,MORTGAGE,80000.0,Verified,debt_consolidation,OH,35.84,0.0,665.0,669.0,0.0,97.0,32.0,Individual,6,High Risk,Manual Review
43325551,18950.0, 36 months,22.99,F,F1,6 years,MORTGAGE,56000.0,Verified,vacation,FL,30.38,0.0,675.0,679.0,0.0,56.9,32.0,Individual,5,High Risk,Manual Review
43255824,12000.0, 36 months,20.49,E,E4,10+ years,RENT,40000.0,Source Verified,debt_consolidation,VA,37.08,0.0,695.0,699.0,0.0,95.0,11.0,Individual,6,High Risk,Manual Review
43145538,18450.0, 60 months,18.84,E,E2,2 years,MORTGAGE,37000.0,Source Verified,home_improvement,MI,33.28,2.0,660.0,664.0,2.0,46.6,12.0,Individual,6,High Risk,Manual Review
43175534,15125.0, 36 months,16.55,D,D2,1 year,OWN,38000.0,Verified,debt_consolidation,CO,35.5,1.0,660.0,664.0,0.0,90.9,22.0,Individual,5,High Risk,Manual Review
43225410,14300.0, 36 months,18.84,E,E2,2 years,MORTGAGE,45000.0,Verified,small_business,TX,30.52,1.0,675.0,679.0,0.0,60.3,46.0,Individual,6,High Risk,Manual Review
43287535,15100.0, 60 months,22.99,F,F1,10+ years,RENT,65000.0,Verified,debt_consolidation,CA,35.96,0.0,670.0,674.0,1.0,87.5,37.0,Individual,6,High Risk,Manual Review
43145421,15000.0, 60 months,18.84,E,E2,3 years,RENT,64000.0,Verified,debt_consolidation,NY,38.76,1.0,665.0,669.0,0.0,65.9,39.0,Individual,6,High Risk,Manual Review
43105803,22875.0, 60 months,19.52,E,E3,10+ years,MORTGAGE,66400.0,Source Verified,debt_consolidation,NC,31.18,1.0,670.0,674.0,0.0,50.8,34.0,Individual,6,High Risk,Manual Review
43165495,10000.0, 60 months,19.52,E,E3,2 years,RENT,33000.0,Source Verified,debt_consolidation,CA,30.76,0.0,695.0,699.0,1.0,50.9,44.0,Individual,5,High Risk,Manual Review
43265314,18375.0, 60 months,18.25,E,E1,10+ years,RENT,58500.0,Source Verified,debt_consolidation,MI,31.18,0.0,695.0,699.0,1.0,51.6,14.0,Individual,5,High Risk,Manual Review
43205575,9575.0, 36 months,22.99,F,F1,< 1 year,RENT,30000.0,Source Verified,house,FL,36.52,1.0,675.0,679.0,0.0,28.0,22.0,Individual,6,High Risk,Manual Review
43335553,25475.0, 60 months,24.5,F,F3,3 years,RENT,58000.0,Source Verified,credit_card,FL,35.46,0.0,680.0,684.0,1.0,62.1,32.0,Individual,5,High Risk,Manual Review
42434918,12000.0, 60 months,18.84,E,E2,3 years,OWN,60000.0,Source Verified,debt_consolidation,NJ,38.14,0.0,665.0,669.0,0.0,64.8,23.0,Individual,5,High Risk,Manual Review
43145426,25000.0, 60 months,19.52,E,E3,5 years,MORTGAGE,92400.0,Verified,debt_consolidation,CO,32.38,1.0,670.0,674.0,1.0,78.1,67.0,Individual,6,High Risk,Manual Review
43245548,10950.0, 36 months,21.67,E,E5,< 1 year,MORTGAGE,35360.0,Source Verified,debt_consolidation,PA,36.52,0.0,715.0,719.0,0.0,73.5,26.0,Individual,5,High Risk,Manual Review
42924257,19800.0, 60 months,21.67,E,E5,10+ years,RENT,45000.0,Not Verified,debt_consolidation,SC,34.67,0.0,715.0,719.0,0.0,49.9,30.0,Individual,5,High Risk,Manual Review
43225281,13200.0, 60 months,19.52,E,E3,10+ years,RENT,54582.0,Source Verified,debt_consolidation,CA,32.34,0.0,695.0,699.0,2.0,58.5,24.0,Individual,5,High Risk,Manual Review
43245399,12875.0, 60 months,18.84,E,E2,3 years,MORTGAGE,46000.0,Not Verified,debt_consolidation,VA,35.3,0.0,680.0,684.0,0.0,76.3,19.0,Individual,5,High Risk,Manual Review
42834890,18000.0, 60 months,21.67,E,E5,10+ years,MORTGAGE,50000.0,Verified,debt_consolidation,MD,32.55,0.0,660.0,664.0,0.0,76.7,27.0,Individual,5,High Risk,Manual Review
43286655,10650.0, 60 months,22.99,F,F1,10+ years,MORTGAGE,45000.0,Source Verified,debt_consolidation,LA,37.31,0.0,700.0,704.0,0.0,92.9,27.0,Individual,6,High Risk,Manual Review
42864446,25000.0, 60 months,19.52,E,E3,10+ years,MORTGAGE,120000.0,Source Verified,home_improvement,OR,25.52,1.0,660.0,664.0,0.0,82.5,34.0,Individual,5,High Risk,Manual Review
43125281,20000.0, 60 months,18.84,E,E2,10+ years,MORTGAGE,48000.0,Verified,debt_consolidation,LA,30.1,0.0,660.0,664.0,2.0,93.8,30.0,Individual,6,High Risk,Manual Review
43135356,12000.0, 60 months,18.84,E,E2,10+ years,MORTGAGE,101527.0,Verified,other,TX,38.38,0.0,685.0,689.0,1.0,97.6,53.0,Individual,6,High Risk,Manual Review
42354113,35000.0, 60 months,20.49,E,E4,10+ years,MORTGAGE,114412.6,Verified,debt_consolidation,FL,32.29,1.0,700.0,704.0,1.0,80.4,48.0,Individual,7,High Risk,Manual Review
43275531,4875.0, 36 months,18.84,E,E2,2 years,RENT,16000.0,Not Verified,debt_consolidation,OH,36.83,0.0,715.0,719.0,0.0,44.3,9.0,Individual,5,High Risk,Manual Review
43285793,17625.0, 60 months,18.84,E,E2,10+ years,OWN,42000.0,Verified,debt_consolidation,UT,39.86,0.0,680.0,684.0,1.0,70.4,43.0,Individual,5,High Risk,Manual Review
41247502,27450.0, 60 months,24.5,F,F3,10+ years,RENT,55000.0,Source Verified,credit_card,NY,38.05,3.0,690.0,694.0,1.0,57.4,30.0,Individual,6,High Risk,Manual Review
42435418,24250.0, 60 months,23.99,F,F2,8 years,MORTGAGE,64000.0,Source Verified,credit_card,PA,31.15,1.0,695.0,699.0,1.0,83.6,28.0,Individual,7,High Risk,Manual Review
42364073,22125.0, 60 months,21.67,E,E5,10+ years,MORTGAGE,45000.0,Verified,debt_consolidation,OH,33.12,2.0,680.0,684.0,1.0,93.9,36.0,Individual,7,High Risk,Manual Review
43286283,24250.0, 60 months,18.25,E,E1,10+ years,RENT,130000.0,Verified,debt_consolidation,CA,26.09,1.0,660.0,664.0,0.0,81.1,79.0,Individual,5,High Risk,Manual Review
43125251,20000.0, 60 months,18.25,E,E1,10+ years,MORTGAGE,114000.0,Verified,debt_consolidation,TN,36.39,0.0,670.0,674.0,1.0,81.5,39.0,Individual,6,High Risk,Manual Review
43185260,15000.0, 60 months,16.99,D,D3,9 years,MORTGAGE,58000.0,Verified,debt_consolidation,KS,32.67,2.0,670.0,674.0,0.0,91.8,20.0,Individual,5,High Risk,Manual Review
43275426,13300.0, 60 months,18.25,E,E1,10+ years,OWN,43000.0,Source Verified,home_improvement,WA,38.91,0.0,745.0,749.0,0.0,11.2,18.0,Individual,5,High Risk,Manual Review
43105416,10000.0, 60 months,21.67,E,E5,8 years,RENT,25000.0,Source Verified,credit_card,NY,36.48,0.0,705.0,709.0,1.0,79.5,23.0,Individual,5,High Risk,Manual Review
41410485,19750.0, 36 months,18.25,E,E1,3 years,MORTGAGE,62000.0,Source Verified,debt_consolidation,TX,31.46,0.0,670.0,674.0,0.0,40.5,58.0,Individual,5,High Risk,Manual Review
42334167,28975.0, 60 months,24.99,F,F4,1 year,RENT,58080.0,Verified,debt_consolidation,NJ,37.31,0.0,675.0,679.0,0.0,61.6,67.0,Individual,5,High Risk,Manual Review
42854547,10000.0, 60 months,19.52,E,E3,,RENT,25000.0,Verified,debt_consolidation,CA,26.98,1.0,665.0,669.0,0.0,92.5,18.0,Individual,5,High Risk,Manual Review
43014406,19600.0, 60 months,18.84,E,E2,2 years,MORTGAGE,90000.0,Verified,debt_consolidation,CA,30.89,0.0,675.0,679.0,0.0,68.9,42.0,Individual,5,High Risk,Manual Review
43145127,30950.0, 60 months,18.25,E,E1,2 years,MORTGAGE,62000.0,Verified,debt_consolidation,IN,25.15,2.0,695.0,699.0,1.0,80.4,22.0,Individual,5,High Risk,Manual Review
43305211,16675.0, 60 months,19.52,E,E3,,MORTGAGE,64680.0,Verified,debt_consolidation,CO,32.5,0.0,665.0,669.0,0.0,71.7,46.0,Individual,5,High Risk,Manual Review
41299451,21850.0, 60 months,22.99,F,F1,8 years,OWN,45000.0,Verified,debt_consolidation,PA,34.43,0.0,680.0,684.0,2.0,82.7,28.0,Individual,6,High Risk,Manual Review
41070437,12000.0, 60 months,17.57,D,D4,7 years,MORTGAGE,101000.0,Verified,home_improvement,AZ,33.36,1.0,680.0,684.0,2.0,81.9,50.0,Individual,5,High Risk,Manual Review
43044944,25725.0, 60 months,23.99,F,F2,10+ years,MORTGAGE,53730.0,Source Verified,debt_consolidation,NC,35.07,0.0,700.0,704.0,0.0,60.0,19.0,Individual,5,High Risk,Manual Review
42884778,5675.0, 36 months,19.52,E,E3,2 years,RENT,16000.0,Source Verified,debt_consolidation,CA,38.18,0.0,705.0,709.0,0.0,78.3,21.0,Individual,5,High Risk,Manual Review
42375179,10200.0, 36 months,20.49,E,E4,4 years,RENT,41000.0,Verified,debt_consolidation,OH,30.06,0.0,670.0,674.0,1.0,63.4,13.0,Individual,5,High Risk,Manual Review
43044823,10200.0, 60 months,18.84,E,E2,8 years,RENT,24000.0,Source Verified,credit_card,CA,38.6,0.0,670.0,674.0,1.0,116.3,24.0,Individual,6,High Risk,Manual Review
42905150,18400.0, 60 months,19.52,E,E3,10+ years,MORTGAGE,50000.0,Source Verified,debt_consolidation,CA,35.86,0.0,695.0,699.0,0.0,56.1,26.0,Individual,5,High Risk,Manual Review
42854771,17950.0, 60 months,18.25,E,E1,10+ years,MORTGAGE,54000.0,Source Verified,debt_consolidation,SC,35.8,0.0,695.0,699.0,0.0,80.3,27.0,Individual,6,High Risk,Manual Review
42854518,10850.0, 60 months,19.52,E,E3,2 years,RENT,30000.0,Source Verified,debt_consolidation,TX,32.2,3.0,660.0,664.0,0.0,49.6,23.0,Individual,6,High Risk,Manual Review
43024386,35000.0, 36 months,18.84,E,E2,2 years,RENT,300000.0,Verified,debt_consolidation,CA,11.22,1.0,665.0,669.0,1.0,95.8,20.0,Individual,5,High Risk,Manual Review
43004821,20000.0, 60 months,18.84,E,E2,,MORTGAGE,40000.0,Verified,debt_consolidation,FL,32.1,0.0,685.0,689.0,1.0,58.0,17.0,Individual,5,High Risk,Manual Review
42915237,2400.0, 36 months,18.25,E,E1,10+ years,OWN,25000.0,Not Verified,other,OH,32.89,0.0,690.0,694.0,1.0,51.9,14.0,Individual,5,High Risk,Manual Review
43034711,9400.0, 36 months,19.52,E,E3,10+ years,OWN,28000.0,Source Verified,debt_consolidation,AL,34.85,0.0,660.0,664.0,0.0,,13.0,Individual,5,High Risk,Manual Review
42315464,11100.0, 60 months,25.57,F,F5,10+ years,RENT,31000.0,Source Verified,debt_consolidation,CA,34.61,0.0,705.0,709.0,0.0,71.3,13.0,Individual,5,High Risk,Manual Review
42315723,20675.0, 60 months,20.49,E,E4,10+ years,MORTGAGE,70000.0,Source Verified,debt_consolidation,MA,37.61,0.0,670.0,674.0,0.0,85.0,21.0,Individual,6,High Risk,Manual Review
42964748,15000.0, 60 months,18.25,E,E1,10+ years,RENT,48000.0,Verified,debt_consolidation,WI,30.2,0.0,660.0,664.0,1.0,72.3,40.0,Individual,5,High Risk,Manual Review
43064614,18450.0, 60 months,18.84,E,E2,< 1 year,RENT,44000.0,Source Verified,credit_card,SC,32.68,0.0,660.0,664.0,0.0,91.9,48.0,Individual,6,High Risk,Manual Review
42297592,21750.0, 60 months,21.67,E,E5,10+ years,MORTGAGE,62079.0,Source Verified,debt_consolidation,FL,33.52,0.0,665.0,669.0,0.0,83.5,28.0,Individual,6,High Risk,Manual Review
42934567,18225.0, 60 months,18.25,E,E1,2 years,MORTGAGE,72450.0,Verified,debt_consolidation,WA,17.66,1.0,660.0,664.0,0.0,100.3,25.0,Individual,5,High Risk,Manual Review
41650134,11500.0, 60 months,18.84,E,E2,10+ years,MORTGAGE,33000.0,Verified,credit_card,NV,39.42,0.0,665.0,669.0,1.0,52.4,48.0,Individual,5,High Risk,Manual Review
42354643,35000.0, 60 months,25.8,G,G1,10+ years,MORTGAGE,90900.0,Verified,debt_consolidation,NY,34.44,1.0,665.0,669.0,0.0,77.2,32.0,Individual,6,High Risk,Manual Review
42824448,4850.0, 36 months,16.55,D,D2,7 years,MORTGAGE,25000.0,Not Verified,credit_card,GA,31.11,1.0,665.0,669.0,0.0,93.7,21.0,Individual,5,High Risk,Manual Review
42924699,20000.0, 60 months,21.67,E,E5,10+ years,RENT,69000.0,Source Verified,other,NV,32.83,0.0,665.0,669.0,0.0,92.5,19.0,Individual,6,High Risk,Manual Review
42884494,16300.0, 60 months,21.67,E,E5,10+ years,MORTGAGE,95000.0,Source Verified,home_improvement,VT,25.54,1.0,660.0,664.0,0.0,97.2,42.0,Individual,5,High Risk,Manual Review
42673200,30000.0, 60 months,20.49,E,E4,10+ years,MORTGAGE,70000.0,Verified,debt_consolidation,CT,36.1,1.0,720.0,724.0,1.0,28.4,26.0,Individual,6,High Risk,Manual Review
42304549,18025.0, 60 months,18.25,E,E1,10+ years,RENT,41000.0,Source Verified,debt_consolidation,CA,36.09,0.0,690.0,694.0,1.0,58.4,22.0,Individual,5,High Risk,Manual Review
42904621,6600.0, 36 months,18.25,E,E1,1 year,OWN,13393.04,Verified,debt_consolidation,WI,30.65,0.0,685.0,689.0,1.0,60.1,6.0,Individual,5,High Risk,Manual Review
43024863,20000.0, 60 months,18.25,E,E1,7 years,MORTGAGE,62250.0,Source Verified,credit_card,TX,15.92,2.0,660.0,664.0,0.0,95.1,35.0,Individual,5,High Risk,Manual Review
42632238,10000.0, 60 months,18.84,E,E2,< 1 year,RENT,22000.0,Verified,debt_consolidation,TN,33.28,1.0,660.0,664.0,1.0,31.2,22.0,Individual,6,High Risk,Manual Review
42904501,21350.0, 60 months,19.52,E,E3,9 years,RENT,53496.0,Source Verified,debt_consolidation,CA,33.15,1.0,660.0,664.0,1.0,75.5,28.0,Individual,6,High Risk,Manual Review
42263806,12950.0, 36 months,15.61,D,D1,10+ years,MORTGAGE,55000.0,Not Verified,credit_card,OH,32.27,1.0,670.0,674.0,0.0,93.1,16.0,Individual,5,High Risk,Manual Review
43024774,24000.0, 60 months,15.61,D,D1,10+ years,MORTGAGE,72900.0,Source Verified,credit_card,GA,39.39,1.0,670.0,674.0,1.0,82.0,35.0,Individual,5,High Risk,Manual Review
42384722,10800.0, 60 months,18.84,E,E2,2 years,RENT,30000.0,Source Verified,debt_consolidation,NY,32.52,0.0,660.0,664.0,0.0,50.7,13.0,Individual,5,High Risk,Manual Review
42954396,13250.0, 60 months,18.84,E,E2,3 years,RENT,39000.0,Source Verified,debt_consolidation,MD,38.72,0.0,730.0,734.0,0.0,82.7,18.0,Individual,6,High Risk,Manual Review
42884414,11500.0, 60 months,18.25,E,E1,10+ years,RENT,50000.0,Source Verified,credit_card,NY,33.73,2.0,675.0,679.0,0.0,55.6,29.0,Individual,6,High Risk,Manual Review
42713588,8000.0, 36 months,18.25,E,E1,< 1 year,OWN,18900.0,Verified,house,TX,30.67,0.0,670.0,674.0,0.0,50.7,8.0,Individual,5,High Risk,Manual Review
42675020,20000.0, 60 months,18.84,E,E2,10+ years,MORTGAGE,54000.0,Source Verified,debt_consolidation,CA,32.89,2.0,675.0,679.0,0.0,59.2,32.0,Individual,6,High Risk,Manual Review
42854331,35000.0, 60 months,18.25,E,E1,10+ years,MORTGAGE,92000.0,Verified,debt_consolidation,WA,31.14,0.0,695.0,699.0,1.0,80.9,43.0,Individual,6,High Risk,Manual Review
42914283,35000.0, 60 months,20.49,E,E4,10+ years,MORTGAGE,93000.0,Verified,debt_consolidation,VA,32.39,0.0,665.0,669.0,1.0,78.3,44.0,Individual,5,High Risk,Manual Review
42345180,10200.0, 60 months,18.25,E,E1,2 years,RENT,30000.0,Source Verified,debt_consolidation,MA,32.96,0.0,660.0,664.0,2.0,59.6,20.0,Individual,5,High Risk,Manual Review
42904317,13850.0, 60 months,23.99,F,F2,10+ years,MORTGAGE,41000.0,Verified,debt_consolidation,FL,31.94,0.0,660.0,664.0,0.0,78.1,40.0,Individual,5,High Risk,Manual Review
43054220,29975.0, 60 months,18.84,E,E2,2 years,RENT,60000.0,Source Verified,debt_consolidation,VA,30.52,14.0,675.0,679.0,0.0,74.5,40.0,Individual,6,High Risk,Manual Review
43004331,10000.0, 60 months,18.84,E,E2,1 year,RENT,27000.0,Source Verified,debt_consolidation,MS,38.53,0.0,665.0,669.0,0.0,63.9,32.0,Individual,5,High Risk,Manual Review
42485810,30000.0, 60 months,19.52,E,E3,< 1 year,RENT,73000.0,Verified,debt_consolidation,PA,35.48,0.0,685.0,689.0,2.0,53.1,30.0,Individual,5,High Risk,Manual Review
41308624,4025.0, 36 months,21.67,E,E5,10+ years,MORTGAGE,48000.0,Verified,debt_consolidation,MI,33.78,0.0,695.0,699.0,2.0,68.6,28.0,Individual,5,High Risk,Manual Review
42844265,12000.0, 60 months,18.84,E,E2,1 year,RENT,46000.0,Source Verified,credit_card,AZ,16.7,1.0,660.0,664.0,0.0,89.6,37.0,Individual,5,High Risk,Manual Review
41071770,14200.0, 60 months,24.99,F,F4,7 years,RENT,41592.76,Verified,debt_consolidation,IL,31.91,0.0,670.0,674.0,1.0,49.2,29.0,Individual,5,High Risk,Manual Review
42834216,16000.0, 60 months,18.25,E,E1,< 1 year,MORTGAGE,55000.0,Source Verified,debt_consolidation,AR,31.36,0.0,660.0,664.0,1.0,66.6,22.0,Individual,5,High Risk,Manual Review
43004195,20800.0, 60 months,18.25,E,E1,10+ years,MORTGAGE,109000.0,Source Verified,other,NC,39.62,0.0,690.0,694.0,0.0,94.0,35.0,Individual,6,High Risk,Manual Review
42674496,23850.0, 60 months,18.25,E,E1,10+ years,OWN,65000.0,Verified,debt_consolidation,NV,33.42,0.0,670.0,674.0,1.0,18.8,18.0,Individual,5,High Risk,Manual Review
42424884,15825.0, 60 months,20.49,E,E4,1 year,RENT,57500.0,Verified,debt_consolidation,CA,33.28,0.0,675.0,679.0,1.0,70.9,42.0,Individual,5,High Risk,Manual Review
42944234,25250.0, 60 months,24.5,F,F3,10+ years,MORTGAGE,50572.0,Source Verified,debt_consolidation,OH,37.24,1.0,660.0,664.0,1.0,81.1,25.0,Individual,7,High Risk,Manual Review
42264105,11400.0, 36 months,18.25,E,E1,10+ years,RENT,38000.0,Verified,debt_consolidation,FL,39.36,0.0,685.0,689.0,0.0,47.5,29.0,Individual,5,High Risk,Manual Review
43044131,24000.0, 60 months,25.8,G,G1,1 year,OWN,75000.0,Source Verified,debt_consolidation,CA,31.47,0.0,670.0,674.0,0.0,73.5,14.0,Individual,5,High Risk,Manual Review
42465540,18450.0, 60 months,18.84,E,E2,10+ years,OWN,42000.0,Source Verified,credit_card,GA,39.4,0.0,685.0,689.0,0.0,59.3,16.0,Individual,5,High Risk,Manual Review
42674307,12800.0, 60 months,20.49,E,E4,10+ years,MORTGAGE,42000.0,Not Verified,debt_consolidation,WI,12.4,1.0,665.0,669.0,0.0,90.6,20.0,Individual,5,High Risk,Manual Review
40984616,10475.0, 36 months,18.25,E,E1,7 years,RENT,35000.0,Source Verified,debt_consolidation,GA,34.09,0.0,660.0,664.0,1.0,62.0,23.0,Individual,5,High Risk,Manual Review
42743331,13250.0, 60 months,20.49,E,E4,10+ years,OWN,47000.0,Not Verified,debt_consolidation,MA,30.98,0.0,700.0,704.0,0.0,69.3,30.0,Individual,5,High Risk,Manual Review
42914144,12000.0, 60 months,18.84,E,E2,9 years,RENT,40000.0,Source Verified,other,HI,36.13,0.0,665.0,669.0,4.0,55.2,20.0,Individual,5,High Risk,Manual Review
42404637,11200.0, 36 months,15.61,D,D1,7 years,MORTGAGE,70500.0,Source Verified,debt_consolidation,CA,37.75,2.0,675.0,679.0,1.0,91.7,14.0,Individual,5,High Risk,Manual Review
42354297,22575.0, 60 months,25.8,G,G1,10+ years,RENT,60000.0,Verified,debt_consolidation,FL,33.26,0.0,665.0,669.0,2.0,38.7,38.0,Individual,5,High Risk,Manual Review
42753142,4200.0, 36 months,19.52,E,E3,1 year,OWN,25000.0,Not Verified,credit_card,NY,31.69,0.0,685.0,689.0,0.0,48.3,12.0,Individual,5,High Risk,Manual Review
41144454,21200.0, 60 months,18.84,E,E2,10+ years,OWN,53000.0,Source Verified,debt_consolidation,VA,22.16,2.0,660.0,664.0,0.0,91.0,16.0,Individual,5,High Risk,Manual Review
42642313,7025.0, 36 months,19.52,E,E3,7 years,RENT,22000.0,Verified,other,TX,39.71,0.0,680.0,684.0,0.0,50.0,20.0,Individual,5,High Risk,Manual Review
42435442,10375.0, 36 months,18.84,E,E2,10+ years,MORTGAGE,66491.0,Verified,small_business,IN,38.48,0.0,690.0,694.0,0.0,70.4,28.0,Individual,5,High Risk,Manual Review
42345416,28500.0, 60 months,25.57,F,F5,10+ years,MORTGAGE,75000.0,Source Verified,debt_consolidation,CA,27.53,1.0,670.0,674.0,1.0,85.3,35.0,Individual,5,High Risk,Manual Review
42474726,27450.0, 36 months,18.25,E,E1,8 years,MORTGAGE,87000.0,Source Verified,debt_consolidation,VA,32.95,0.0,660.0,664.0,1.0,62.2,31.0,Individual,5,High Risk,Manual Review
42395036,10000.0, 60 months,18.25,E,E1,2 years,RENT,36750.0,Source Verified,debt_consolidation,NY,35.56,0.0,695.0,699.0,0.0,66.8,25.0,Individual,5,High Risk,Manual Review
42445364,21200.0, 60 months,19.52,E,E3,1 year,MORTGAGE,53000.0,Source Verified,other,CT,31.59,0.0,680.0,684.0,0.0,41.7,35.0,Individual,5,High Risk,Manual Review
42297836,11875.0, 60 months,18.25,E,E1,10+ years,RENT,40000.0,Source Verified,debt_consolidation,NY,31.98,0.0,735.0,739.0,0.0,54.8,14.0,Individual,5,High Risk,Manual Review
42355927,16200.0, 60 months,21.67,E,E5,10+ years,RENT,45000.0,Verified,debt_consolidation,FL,30.96,0.0,675.0,679.0,1.0,77.6,42.0,Individual,5,High Risk,Manual Review
42622112,12775.0, 60 months,25.83,G,G2,< 1 year,RENT,40000.0,Source Verified,moving,FL,13.29,1.0,660.0,664.0,0.0,86.0,40.0,Individual,5,High Risk,Manual Review
42733120,12000.0, 60 months,18.84,E,E2,9 years,MORTGAGE,120000.0,Verified,debt_consolidation,IL,17.34,3.0,665.0,669.0,4.0,84.6,25.0,Individual,5,High Risk,Manual Review
42305189,16200.0, 60 months,19.52,E,E3,1 year,OWN,45000.0,Verified,debt_consolidation,SC,34.45,0.0,670.0,674.0,0.0,57.8,42.0,Individual,5,High Risk,Manual Review
42663132,24000.0, 60 months,18.25,E,E1,9 years,RENT,70000.0,Source Verified,small_business,NM,35.48,1.0,660.0,664.0,0.0,29.8,27.0,Individual,6,High Risk,Manual Review
42356047,13600.0, 36 months,18.84,E,E2,10+ years,MORTGAGE,40000.0,Not Verified,debt_consolidation,MN,37.11,0.0,735.0,739.0,0.0,63.5,23.0,Individual,5,High Risk,Manual Review
42394355,12325.0, 60 months,18.25,E,E1,10+ years,MORTGAGE,31000.0,Not Verified,debt_consolidation,MA,19.28,2.0,665.0,669.0,0.0,95.8,14.0,Individual,5,High Risk,Manual Review
42274838,35000.0, 60 months,18.25,E,E1,10+ years,MORTGAGE,115000.0,Verified,credit_card,TX,31.79,0.0,675.0,679.0,1.0,66.0,53.0,Individual,5,High Risk,Manual Review
42264067,12800.0, 60 months,19.52,E,E3,5 years,RENT,39000.0,Source Verified,debt_consolidation,OK,38.09,0.0,695.0,699.0,1.0,78.1,21.0,Individual,5,High Risk,Manual Review
42315488,25000.0, 60 months,25.57,F,F5,5 years,MORTGAGE,68000.0,Verified,debt_consolidation,MI,34.06,0.0,680.0,684.0,3.0,53.8,23.0,Individual,5,High Risk,Manual Review
42445481,16150.0, 60 months,24.99,F,F4,10+ years,OWN,45000.0,Verified,debt_consolidation,NC,33.79,1.0,675.0,679.0,2.0,55.9,34.0,Individual,6,High Risk,Manual Review
42445404,10000.0, 60 months,18.25,E,E1,8 years,MORTGAGE,46800.0,Source Verified,credit_card,KS,35.77,0.0,670.0,674.0,0.0,71.4,23.0,Individual,5,High Risk,Manual Review
42297228,26375.0, 60 months,20.49,E,E4,10+ years,OWN,60000.0,Source Verified,credit_card,NY,32.71,0.0,690.0,694.0,1.0,89.8,25.0,Individual,6,High Risk,Manual Review
42298050,26575.0, 60 months,19.52,E,E3,2 years,RENT,70000.0,Verified,debt_consolidation,FL,34.53,1.0,675.0,679.0,1.0,99.6,28.0,Individual,7,High Risk,Manual Review
42384923,12575.0, 36 months,21.67,E,E5,10+ years,MORTGAGE,62500.0,Source Verified,debt_consolidation,VA,33.43,1.0,705.0,709.0,2.0,60.7,47.0,Individual,6,High Risk,Manual Review
42375627,15000.0, 60 months,18.25,E,E1,1 year,OWN,65000.0,Verified,other,IN,34.01,0.0,675.0,679.0,4.0,25.3,75.0,Individual,5,High Risk,Manual Review
42435895,12000.0, 60 months,16.55,D,D2,2 years,RENT,60244.0,Not Verified,major_purchase,NJ,35.8,2.0,680.0,684.0,0.0,92.1,48.0,Individual,5,High Risk,Manual Review
42475317,11325.0, 60 months,20.49,E,E4,< 1 year,RENT,42000.0,Source Verified,debt_consolidation,NJ,37.6,1.0,695.0,699.0,1.0,82.1,23.0,Individual,7,High Risk,Manual Review
42325089,24000.0, 60 months,20.49,E,E4,9 years,OWN,72000.0,Verified,debt_consolidation,GA,31.77,0.0,660.0,664.0,1.0,73.2,38.0,Individual,5,High Risk,Manual Review
42355708,10125.0, 36 months,18.84,E,E2,2 years,RENT,25500.0,Source Verified,debt_consolidation,MO,32.71,0.0,675.0,679.0,2.0,82.5,14.0,Individual,6,High Risk,Manual Review
42355539,12000.0, 60 months,18.84,E,E2,10+ years,RENT,39000.0,Verified,debt_consolidation,GA,39.14,0.0,660.0,664.0,0.0,73.6,22.0,Individual,5,High Risk,Manual Review
42297523,9225.0, 36 months,18.25,E,E1,,RENT,21000.0,Verified,debt_consolidation,TN,31.77,0.0,695.0,699.0,1.0,55.8,12.0,Individual,5,High Risk,Manual Review
41490450,10950.0, 60 months,25.57,F,F5,10+ years,MORTGAGE,29500.0,Source Verified,debt_consolidation,PA,30.51,0.0,710.0,714.0,1.0,41.3,14.0,Individual,5,High Risk,Manual Review
42375374,11850.0, 60 months,23.99,F,F2,3 years,RENT,35000.0,Verified,debt_consolidation,MN,33.57,1.0,685.0,689.0,2.0,52.0,27.0,Individual,6,High Risk,Manual Review
42265150,35000.0, 60 months,22.99,F,F1,< 1 year,MORTGAGE,114000.0,Source Verified,debt_consolidation,WI,12.49,1.0,665.0,669.0,1.0,81.6,20.0,Individual,5,High Risk,Manual Review
42435460,21925.0, 60 months,20.49,E,E4,< 1 year,RENT,92000.0,Source Verified,debt_consolidation,CA,25.79,1.0,665.0,669.0,0.0,97.8,32.0,Individual,5,High Risk,Manual Review
42304607,5100.0, 36 months,20.49,E,E4,,RENT,14244.0,Verified,debt_consolidation,WA,31.17,0.0,675.0,679.0,0.0,64.1,17.0,Individual,5,High Risk,Manual Review
42474951,21100.0, 60 months,18.84,E,E2,< 1 year,RENT,60000.0,Source Verified,debt_consolidation,NM,31.07,1.0,690.0,694.0,0.0,26.4,14.0,Individual,6,High Risk,Manual Review
42425010,35000.0, 60 months,22.99,F,F1,10+ years,RENT,85000.0,Verified,debt_consolidation,CA,31.49,0.0,675.0,679.0,1.0,40.5,59.0,Individual,5,High Risk,Manual Review
42285293,29250.0, 60 months,25.8,G,G1,6 years,MORTGAGE,144000.0,Not Verified,debt_consolidation,TN,12.03,1.0,665.0,669.0,2.0,99.7,21.0,Individual,5,High Risk,Manual Review
40806549,24000.0, 60 months,18.25,E,E1,10+ years,RENT,156000.0,Verified,debt_consolidation,CA,24.73,1.0,665.0,669.0,0.0,85.2,37.0,Individual,5,High Risk,Manual Review
42274682,24000.0, 36 months,18.25,E,E1,10+ years,RENT,93500.0,Verified,debt_consolidation,IL,32.63,0.0,670.0,674.0,2.0,79.4,37.0,Individual,5,High Risk,Manual Review
42394924,21175.0, 60 months,21.67,E,E5,,MORTGAGE,53000.0,Verified,debt_consolidation,NY,28.01,2.0,685.0,689.0,0.0,82.1,21.0,Individual,5,High Risk,Manual Review
42274947,20000.0, 60 months,25.8,G,G1,10+ years,MORTGAGE,59000.0,Source Verified,other,NJ,10.26,1.0,660.0,664.0,0.0,99.8,18.0,Individual,5,High Risk,Manual Review
42071268,35000.0, 60 months,18.84,E,E2,10+ years,MORTGAGE,160000.0,Verified,debt_consolidation,NC,9.45,3.0,660.0,664.0,0.0,91.5,18.0,Individual,5,High Risk,Manual Review
42274684,21475.0, 60 months,20.49,E,E4,9 years,MORTGAGE,71976.0,Source Verified,debt_consolidation,IL,34.46,1.0,675.0,679.0,0.0,82.5,43.0,Individual,7,High Risk,Manual Review
42444781,16000.0, 60 months,20.49,E,E4,10+ years,RENT,76447.0,Source Verified,other,NY,10.94,1.0,660.0,664.0,2.0,82.8,13.0,Individual,5,High Risk,Manual Review
42354985,4800.0, 36 months,24.99,F,F4,,RENT,40248.0,Verified,debt_consolidation,DC,39.56,0.0,670.0,674.0,0.0,64.0,14.0,Individual,5,High Risk,Manual Review
42444906,17225.0, 60 months,24.99,F,F4,5 years,RENT,48000.0,Verified,debt_consolidation,CT,35.53,0.0,670.0,674.0,0.0,76.7,24.0,Individual,5,High Risk,Manual Review
42415272,10675.0, 60 months,18.84,E,E2,10+ years,MORTGAGE,42000.0,Source Verified,debt_consolidation,OH,34.2,0.0,705.0,709.0,1.0,42.8,27.0,Individual,5,High Risk,Manual Review
42365099,14175.0, 60 months,22.99,F,F1,10+ years,RENT,28500.0,Source Verified,debt_consolidation,UT,38.39,0.0,675.0,679.0,0.0,100.3,8.0,Individual,6,High Risk,Manual Review
42285021,14125.0, 60 months,21.67,E,E5,10+ years,MORTGAGE,65000.0,Source Verified,debt_consolidation,NJ,32.75,1.0,660.0,664.0,0.0,51.2,16.0,Individual,6,High Risk,Manual Review
42151344,13450.0, 60 months,18.84,E,E2,1 year,RENT,27000.0,Source Verified,debt_consolidation,MD,31.31,1.0,685.0,689.0,0.0,53.5,29.0,Individual,6,High Risk,Manual Review
42484226,12000.0, 60 months,18.25,E,E1,10+ years,MORTGAGE,36000.0,Source Verified,debt_consolidation,CA,36.0,0.0,665.0,669.0,0.0,81.1,16.0,Individual,6,High Risk,Manual Review
42504680,18000.0, 60 months,18.84,E,E2,9 years,RENT,45000.0,Source Verified,debt_consolidation,TX,36.83,0.0,665.0,669.0,1.0,59.2,25.0,Individual,5,High Risk,Manual Review
42374925,35000.0, 60 months,25.8,G,G1,10+ years,MORTGAGE,100000.0,Verified,debt_consolidation,GA,33.48,4.0,690.0,694.0,1.0,77.4,54.0,Individual,6,High Risk,Manual Review
42283800,14750.0, 60 months,18.25,E,E1,2 years,RENT,42000.0,Source Verified,debt_consolidation,VA,31.74,0.0,680.0,684.0,0.0,50.3,19.0,Individual,5,High Risk,Manual Review
42443877,10975.0, 60 months,22.99,F,F1,,OWN,22000.0,Verified,debt_consolidation,TN,16.53,1.0,710.0,714.0,3.0,98.3,12.0,Individual,5,High Risk,Manual Review
42454556,22800.0, 60 months,24.99,F,F4,< 1 year,RENT,48000.0,Source Verified,debt_consolidation,MI,36.77,0.0,710.0,714.0,2.0,83.0,22.0,Individual,6,High Risk,Manual Review
42474762,12000.0, 60 months,18.84,E,E2,2 years,RENT,52500.0,Source Verified,debt_consolidation,VA,32.46,0.0,695.0,699.0,0.0,60.8,32.0,Individual,5,High Risk,Manual Review
42435067,20750.0, 60 months,18.84,E,E2,8 years,RENT,52000.0,Verified,debt_consolidation,CA,38.5,0.0,665.0,669.0,0.0,85.2,29.0,Individual,6,High Risk,Manual Review
41770257,27575.0, 60 months,25.8,G,G1,10+ years,OWN,82000.0,Verified,debt_consolidation,CA,32.39,0.0,680.0,684.0,1.0,73.2,30.0,Individual,5,High Risk,Manual Review
41319486,26250.0, 60 months,18.25,E,E1,< 1 year,MORTGAGE,60000.0,Verified,debt_consolidation,TX,33.78,0.0,675.0,679.0,0.0,86.2,42.0,Individual,6,High Risk,Manual Review
42394603,35000.0, 60 months,18.25,E,E1,10+ years,RENT,80000.0,Verified,debt_consolidation,NH,36.96,0.0,715.0,719.0,0.0,70.9,32.0,Individual,5,High Risk,Manual Review
42415077,7350.0, 36 months,20.49,E,E4,,RENT,19443.48,Verified,credit_card,AL,34.81,0.0,670.0,674.0,3.0,66.5,30.0,Individual,5,High Risk,Manual Review
42495009,12800.0, 60 months,20.49,E,E4,< 1 year,RENT,50000.0,Source Verified,debt_consolidation,TX,34.64,0.0,705.0,709.0,0.0,81.9,12.0,Individual,6,High Risk,Manual Review
42296600,18000.0, 60 months,18.25,E,E1,9 years,MORTGAGE,38000.0,Verified,debt_consolidation,TN,38.0,0.0,675.0,679.0,1.0,30.4,26.0,Individual,5,High Risk,Manual Review
42354679,15000.0, 60 months,18.84,E,E2,7 years,RENT,52000.0,Source Verified,debt_consolidation,WI,34.94,0.0,660.0,664.0,1.0,75.1,37.0,Individual,5,High Risk,Manual Review
42434597,18350.0, 36 months,19.52,E,E3,5 years,MORTGAGE,40000.0,Verified,credit_card,CA,36.36,0.0,700.0,704.0,1.0,43.6,24.0,Individual,5,High Risk,Manual Review
42294725,21350.0, 60 months,25.83,G,G2,10+ years,RENT,68000.0,Verified,debt_consolidation,WA,34.19,0.0,680.0,684.0,1.0,101.7,5.0,Individual,6,High Risk,Manual Review
42284357,20950.0, 60 months,21.67,E,E5,8 years,RENT,42000.0,Source Verified,debt_consolidation,VA,37.99,0.0,690.0,694.0,0.0,62.3,23.0,Individual,5,High Risk,Manual Review
42296274,24525.0, 60 months,25.57,F,F5,10+ years,MORTGAGE,85000.0,Verified,debt_consolidation,CO,34.99,1.0,680.0,684.0,2.0,66.5,22.0,Individual,6,High Risk,Manual Review
42354724,28000.0, 60 months,21.67,E,E5,10+ years,MORTGAGE,250000.0,Source Verified,debt_consolidation,AL,16.1,1.0,680.0,684.0,0.0,88.7,35.0,Individual,5,High Risk,Manual Review
42354484,15000.0, 60 months,18.84,E,E2,,RENT,31000.0,Verified,debt_consolidation,CA,35.15,0.0,660.0,664.0,0.0,26.8,22.0,Individual,5,High Risk,Manual Review
42464561,12625.0, 36 months,18.84,E,E2,10+ years,MORTGAGE,60900.0,Verified,debt_consolidation,PA,36.35,0.0,665.0,669.0,0.0,84.4,21.0,Individual,6,High Risk,Manual Review
41338527,21825.0, 60 months,21.67,E,E5,1 year,RENT,52000.0,Source Verified,debt_consolidation,CA,30.38,0.0,700.0,704.0,0.0,64.4,15.0,Individual,5,High Risk,Manual Review
42374737,20800.0, 60 months,19.52,E,E3,7 years,RENT,77000.0,Verified,debt_consolidation,NY,35.58,0.0,660.0,664.0,0.0,74.1,34.0,Individual,5,High Risk,Manual Review
41480217,1700.0, 36 months,18.84,E,E2,10+ years,MORTGAGE,42000.0,Not Verified,debt_consolidation,SC,34.77,0.0,705.0,709.0,1.0,32.3,33.0,Individual,5,High Risk,Manual Review
41590350,17500.0, 60 months,20.49,E,E4,5 years,RENT,35000.0,Not Verified,credit_card,WV,33.88,0.0,670.0,674.0,0.0,48.9,37.0,Individual,5,High Risk,Manual Review
42274345,12000.0, 60 months,18.25,E,E1,3 years,MORTGAGE,80000.0,Source Verified,home_improvement,TX,34.61,0.0,710.0,714.0,1.0,24.3,10.0,Individual,5,High Risk,Manual Review
42294457,14400.0, 60 months,21.67,E,E5,9 years,MORTGAGE,75000.0,Not Verified,debt_consolidation,NY,19.18,2.0,670.0,674.0,1.0,90.1,27.0,Individual,5,High Risk,Manual Review
42264635,19825.0, 60 months,21.67,E,E5,1 year,OWN,39650.0,Source Verified,debt_consolidation,MO,37.65,0.0,680.0,684.0,1.0,62.7,12.0,Individual,5,High Risk,Manual Review
42324426,15625.0, 60 months,19.52,E,E3,3 years,MORTGAGE,56000.0,Source Verified,debt_consolidation,VA,35.9,0.0,730.0,734.0,0.0,56.2,27.0,Individual,5,High Risk,Manual Review
42294814,13475.0, 60 months,17.57,D,D4,< 1 year,MORTGAGE,63000.0,Not Verified,credit_card,MD,38.46,1.0,700.0,704.0,0.0,84.5,64.0,Individual,5,High Risk,Manual Review
41660199,10000.0, 36 months,16.99,D,D3,,MORTGAGE,50000.0,Source Verified,credit_card,NC,33.12,1.0,685.0,689.0,2.0,80.4,24.0,Individual,5,High Risk,Manual Review
42383830,11975.0, 60 months,22.99,F,F1,1 year,MORTGAGE,46500.0,Verified,debt_consolidation,NC,27.3,1.0,665.0,669.0,5.0,85.0,27.0,Individual,5,High Risk,Manual Review
42314495,10750.0, 60 months,20.49,E,E4,10+ years,MORTGAGE,30000.0,Source Verified,debt_consolidation,MT,30.76,0.0,665.0,669.0,0.0,88.0,7.0,Individual,6,High Risk,Manual Review
42101317,11000.0, 60 months,18.25,E,E1,1 year,RENT,58000.0,Source Verified,debt_consolidation,MA,31.43,0.0,710.0,714.0,0.0,40.0,22.0,Individual,5,High Risk,Manual Review
42404454,19350.0, 60 months,18.25,E,E1,10+ years,MORTGAGE,57000.0,Source Verified,debt_consolidation,FL,34.17,0.0,725.0,729.0,0.0,64.5,27.0,Individual,5,High Risk,Manual Review
42394437,35000.0, 60 months,20.49,E,E4,10+ years,MORTGAGE,126000.0,Verified,debt_consolidation,NC,36.88,0.0,670.0,674.0,0.0,67.2,30.0,Individual,5,High Risk,Manual Review
42484725,12175.0, 60 months,18.84,E,E2,1 year,MORTGAGE,41000.0,Source Verified,home_improvement,FL,33.72,0.0,660.0,664.0,0.0,68.7,20.0,Individual,5,High Risk,Manual Review
42323156,13100.0, 60 months,20.49,E,E4,< 1 year,MORTGAGE,41000.0,Source Verified,credit_card,MN,35.8,0.0,670.0,674.0,2.0,78.0,35.0,Individual,5,High Risk,Manual Review
42264483,15750.0, 36 months,19.52,E,E3,2 years,RENT,44000.0,Source Verified,debt_consolidation,FL,30.52,0.0,670.0,674.0,0.0,95.0,17.0,Individual,6,High Risk,Manual Review
41032607,22950.0, 60 months,18.84,E,E2,10+ years,RENT,50000.0,Source Verified,credit_card,CA,38.47,0.0,705.0,709.0,0.0,78.7,34.0,Individual,5,High Risk,Manual Review
42413999,25000.0, 60 months,20.49,E,E4,10+ years,OWN,103000.0,Source Verified,debt_consolidation,NC,30.33,0.0,680.0,684.0,1.0,16.3,24.0,Individual,5,High Risk,Manual Review
42494298,5800.0, 36 months,18.84,E,E2,,MORTGAGE,17124.0,Verified,debt_consolidation,MT,32.03,0.0,690.0,694.0,0.0,74.1,26.0,Individual,5,High Risk,Manual Review
42404726,30000.0, 60 months,19.52,E,E3,3 years,MORTGAGE,127500.0,Verified,debt_consolidation,AZ,33.42,0.0,690.0,694.0,2.0,81.9,51.0,Individual,6,High Risk,Manual Review
42374474,11475.0, 60 months,21.67,E,E5,1 year,RENT,40000.0,Source Verified,other,IN,33.63,0.0,670.0,674.0,1.0,44.4,24.0,Individual,5,High Risk,Manual Review
42424359,35000.0, 60 months,18.25,E,E1,4 years,RENT,87000.0,Verified,debt_consolidation,NY,30.81,0.0,695.0,699.0,0.0,38.3,32.0,Individual,5,High Risk,Manual Review
42414397,20125.0, 36 months,18.25,E,E1,10+ years,MORTGAGE,56000.0,Source Verified,debt_consolidation,LA,33.35,0.0,675.0,679.0,0.0,59.7,15.0,Individual,5,High Risk,Manual Review
41650151,14350.0, 60 months,25.57,F,F5,< 1 year,MORTGAGE,36000.0,Verified,credit_card,MD,31.97,0.0,680.0,684.0,1.0,80.8,20.0,Individual,6,High Risk,Manual Review
42414418,16300.0, 60 months,17.86,D,D5,10+ years,MORTGAGE,49600.0,Source Verified,credit_card,IN,34.74,1.0,685.0,689.0,0.0,84.6,24.0,Individual,5,High Risk,Manual Review
41196357,30000.0, 60 months,19.52,E,E3,10+ years,RENT,700000.0,Verified,other,CT,4.78,2.0,670.0,674.0,0.0,95.1,34.0,Individual,5,High Risk,Manual Review
42353319,17925.0, 60 months,22.99,F,F1,10+ years,MORTGAGE,116000.0,Verified,debt_consolidation,TX,31.13,1.0,660.0,664.0,1.0,75.1,24.0,Individual,6,High Risk,Manual Review
42404512,10425.0, 60 months,18.84,E,E2,2 years,MORTGAGE,25000.0,Source Verified,debt_consolidation,PA,39.88,0.0,720.0,724.0,0.0,31.7,14.0,Individual,5,High Risk,Manual Review
42295280,35000.0, 36 months,16.55,D,D2,8 years,MORTGAGE,98000.0,Verified,debt_consolidation,SD,30.38,1.0,680.0,684.0,0.0,85.7,39.0,Individual,5,High Risk,Manual Review
41991164,14600.0, 36 months,18.84,E,E2,2 years,RENT,60000.0,Source Verified,debt_consolidation,CA,30.44,0.0,675.0,679.0,1.0,62.1,34.0,Individual,5,High Risk,Manual Review
42264269,32425.0, 60 months,20.49,E,E4,2 years,RENT,89250.0,Verified,debt_consolidation,GA,37.94,0.0,665.0,669.0,0.0,91.9,33.0,Individual,6,High Risk,Manual Review
42474059,15950.0, 60 months,25.57,F,F5,< 1 year,RENT,32000.0,Verified,debt_consolidation,CA,31.98,1.0,670.0,674.0,0.0,21.9,25.0,Individual,6,High Risk,Manual Review
42344175,30000.0, 60 months,18.84,E,E2,4 years,RENT,62000.0,Verified,debt_consolidation,NJ,32.85,0.0,670.0,674.0,0.0,72.1,18.0,Individual,5,High Risk,Manual Review
42353877,12000.0, 60 months,18.84,E,E2,< 1 year,RENT,30000.0,Source Verified,debt_consolidation,GA,38.52,0.0,700.0,704.0,1.0,45.1,24.0,Individual,5,High Risk,Manual Review
42353967,1800.0, 36 months,18.84,E,E2,10+ years,OWN,43500.0,Not Verified,other,NC,37.08,0.0,685.0,689.0,0.0,101.4,14.0,Individual,6,High Risk,Manual Review
40979572,11450.0, 60 months,20.49,E,E4,8 years,RENT,32000.0,Source Verified,debt_consolidation,VA,33.19,0.0,680.0,684.0,0.0,99.3,24.0,Individual,6,High Risk,Manual Review
42364508,12050.0, 60 months,23.99,F,F2,,MORTGAGE,48000.0,Verified,debt_consolidation,OR,34.88,0.0,665.0,669.0,0.0,80.0,27.0,Individual,5,High Risk,Manual Review
42473960,16300.0, 60 months,21.67,E,E5,2 years,MORTGAGE,63000.0,Source Verified,debt_consolidation,PA,31.77,0.0,690.0,694.0,1.0,82.1,30.0,Individual,6,High Risk,Manual Review
42314323,11500.0, 60 months,18.25,E,E1,1 year,OWN,32000.0,Source Verified,debt_consolidation,CT,33.12,0.0,705.0,709.0,0.0,58.0,13.0,Individual,5,High Risk,Manual Review
42404617,22400.0, 60 months,21.67,E,E5,10+ years,OWN,45000.0,Source Verified,debt_consolidation,CA,39.87,3.0,700.0,704.0,2.0,37.8,54.0,Individual,6,High Risk,Manual Review
42295120,10650.0, 60 months,18.25,E,E1,10+ years,MORTGAGE,48000.0,Not Verified,debt_consolidation,NC,30.35,2.0,710.0,714.0,1.0,41.5,27.0,Individual,6,High Risk,Manual Review
41379456,16000.0, 60 months,23.99,F,F2,1 year,OWN,40000.0,Source Verified,other,CA,32.07,0.0,665.0,669.0,0.0,84.8,11.0,Individual,6,High Risk,Manual Review
42484210,10300.0, 60 months,25.57,F,F5,1 year,OWN,30500.0,Source Verified,small_business,TX,38.17,0.0,670.0,674.0,0.0,31.3,32.0,Individual,5,High Risk,Manual Review
42191547,11325.0, 36 months,22.99,F,F1,,RENT,30000.0,Verified,credit_card,NV,33.92,0.0,695.0,699.0,0.0,50.0,14.0,Individual,5,High Risk,Manual Review
42384058,4200.0, 36 months,18.25,E,E1,2 years,RENT,36000.0,Not Verified,debt_consolidation,CA,30.88,1.0,675.0,679.0,2.0,64.3,18.0,Individual,6,High Risk,Manual Review
42304019,11650.0, 36 months,20.49,E,E4,10+ years,MORTGAGE,28860.0,Verified,debt_consolidation,AZ,34.3,0.0,665.0,669.0,0.0,94.4,13.0,Individual,6,High Risk,Manual Review
40991436,29325.0, 60 months,20.49,E,E4,1 year,RENT,70000.0,Source Verified,debt_consolidation,TX,34.86,0.0,690.0,694.0,2.0,71.2,30.0,Individual,5,High Risk,Manual Review
42414126,18425.0, 60 months,18.25,E,E1,10+ years,MORTGAGE,63000.0,Verified,debt_consolidation,CA,32.25,0.0,680.0,684.0,0.0,64.7,31.0,Individual,5,High Risk,Manual Review
42404159,6250.0, 36 months,21.67,E,E5,3 years,RENT,41000.0,Verified,debt_consolidation,TX,31.76,0.0,660.0,664.0,1.0,69.2,77.0,Individual,5,High Risk,Manual Review
41139864,9550.0, 36 months,21.67,E,E5,10+ years,RENT,32000.0,Source Verified,debt_consolidation,TX,32.56,0.0,660.0,664.0,0.0,98.0,35.0,Individual,6,High Risk,Manual Review
42384003,30000.0, 60 months,23.99,F,F2,9 years,MORTGAGE,200000.0,Verified,debt_consolidation,WA,33.75,0.0,700.0,704.0,1.0,67.9,28.0,Individual,5,High Risk,Manual Review
41119672,14375.0, 60 months,18.25,E,E1,< 1 year,MORTGAGE,40000.0,Not Verified,debt_consolidation,IL,30.93,0.0,750.0,754.0,1.0,28.3,37.0,Individual,5,High Risk,Manual Review
42383786,25000.0, 60 months,21.67,E,E5,5 years,MORTGAGE,103000.0,Verified,debt_consolidation,NC,6.07,1.0,670.0,674.0,0.0,94.3,26.0,Individual,5,High Risk,Manual Review
42434123,17500.0, 60 months,21.67,E,E5,2 years,RENT,35000.0,Source Verified,debt_consolidation,OH,31.24,0.0,690.0,694.0,0.0,54.6,16.0,Individual,5,High Risk,Manual Review
42343923,16700.0, 36 months,19.52,E,E3,10+ years,MORTGAGE,41963.0,Not Verified,debt_consolidation,VA,32.84,2.0,670.0,674.0,0.0,41.0,24.0,Individual,6,High Risk,Manual Review
42483988,14250.0, 36 months,18.25,E,E1,3 years,OWN,34000.0,Verified,debt_consolidation,NY,31.05,0.0,665.0,669.0,0.0,75.0,16.0,Individual,5,High Risk,Manual Review
42314016,35000.0, 60 months,23.99,F,F2,8 years,MORTGAGE,109000.0,Verified,debt_consolidation,MA,11.32,1.0,685.0,689.0,0.0,82.2,15.0,Individual,5,High Risk,Manual Review
41319390,10975.0, 60 months,18.25,E,E1,2 years,MORTGAGE,91350.0,Verified,debt_consolidation,LA,10.69,1.0,660.0,664.0,2.0,89.0,28.0,Individual,5,High Risk,Manual Review
42434132,25250.0, 60 months,24.5,F,F3,1 year,RENT,96000.0,Verified,debt_consolidation,NJ,31.94,0.0,685.0,689.0,1.0,51.6,36.0,Individual,5,High Risk,Manual Review
42393315,33500.0, 60 months,25.99,G,G4,10+ years,MORTGAGE,67000.0,Verified,debt_consolidation,TX,31.4,0.0,670.0,674.0,1.0,77.4,22.0,Individual,5,High Risk,Manual Review
42343907,19750.0, 36 months,18.84,E,E2,1 year,OWN,55000.0,Source Verified,debt_consolidation,VA,39.91,0.0,675.0,679.0,2.0,80.9,27.0,Individual,6,High Risk,Manual Review
42463718,3950.0, 36 months,18.84,E,E2,3 years,OWN,10000.0,Verified,debt_consolidation,IL,33.13,1.0,665.0,669.0,0.0,52.5,22.0,Individual,6,High Risk,Manual Review
42473383,28250.0, 36 months,18.84,E,E2,3 years,RENT,82000.0,Verified,debt_consolidation,OK,30.25,0.0,680.0,684.0,0.0,66.0,22.0,Individual,5,High Risk,Manual Review
42333741,14050.0, 60 months,19.52,E,E3,6 years,RENT,32000.0,Verified,debt_consolidation,VA,36.98,0.0,695.0,699.0,0.0,101.3,16.0,Individual,6,High Risk,Manual Review
42463754,28000.0, 60 months,22.99,F,F1,10+ years,MORTGAGE,120000.0,Source Verified,debt_consolidation,CA,32.28,1.0,685.0,689.0,0.0,30.7,42.0,Individual,6,High Risk,Manual Review
42473561,15425.0, 60 months,22.99,F,F1,8 years,OWN,43000.0,Source Verified,debt_consolidation,KY,33.32,0.0,700.0,704.0,1.0,83.7,16.0,Individual,6,High Risk,Manual Review
42293300,18825.0, 60 months,16.99,D,D3,10+ years,RENT,45000.0,Source Verified,credit_card,PA,31.79,1.0,665.0,669.0,0.0,81.7,13.0,Individual,5,High Risk,Manual Review
41720453,15350.0, 36 months,17.86,D,D5,10+ years,MORTGAGE,55000.0,Source Verified,debt_consolidation,TN,36.18,1.0,665.0,669.0,2.0,80.1,18.0,Individual,5,High Risk,Manual Review
42403702,9525.0, 36 months,22.99,F,F1,< 1 year,MORTGAGE,48000.0,Source Verified,debt_consolidation,WI,2.1,2.0,675.0,679.0,0.0,81.6,7.0,Individual,5,High Risk,Manual Review
42403747,28625.0, 60 months,18.84,E,E2,10+ years,OWN,62000.0,Source Verified,debt_consolidation,LA,37.13,1.0,720.0,724.0,0.0,43.5,33.0,Individual,6,High Risk,Manual Review
42433892,9650.0, 36 months,18.84,E,E2,4 years,RENT,27000.0,Source Verified,debt_consolidation,CA,30.71,0.0,670.0,674.0,2.0,35.1,18.0,Individual,5,High Risk,Manual Review
42343776,10850.0, 60 months,18.25,E,E1,4 years,MORTGAGE,46000.0,Not Verified,home_improvement,FL,10.62,1.0,665.0,669.0,0.0,97.9,19.0,Individual,5,High Risk,Manual Review
42503607,4000.0, 36 months,19.52,E,E3,8 years,RENT,36000.0,Not Verified,moving,PA,18.63,1.0,660.0,664.0,0.0,81.9,8.0,Individual,5,High Risk,Manual Review
42503642,11975.0, 60 months,25.8,G,G1,1 year,RENT,40000.0,Verified,debt_consolidation,CA,24.47,1.0,670.0,674.0,2.0,99.3,9.0,Individual,5,High Risk,Manual Review
42453287,10200.0, 36 months,22.99,F,F1,3 years,RENT,24000.0,Verified,credit_card,CA,33.78,0.0,665.0,669.0,1.0,84.1,10.0,Individual,6,High Risk,Manual Review
42363720,9775.0, 36 months,23.99,F,F2,1 year,RENT,40000.0,Source Verified,other,NY,36.18,0.0,670.0,674.0,0.0,87.3,13.0,Individual,6,High Risk,Manual Review
42263663,34225.0, 60 months,19.52,E,E3,8 years,MORTGAGE,68500.0,Verified,debt_consolidation,AL,34.81,0.0,725.0,729.0,0.0,91.3,32.0,Individual,6,High Risk,Manual Review
42294134,28950.0, 60 months,17.57,D,D4,2 years,OWN,59800.0,Source Verified,debt_consolidation,VA,33.03,1.0,680.0,684.0,0.0,91.1,32.0,Individual,5,High Risk,Manual Review
42433793,7125.0, 36 months,19.52,E,E3,10+ years,OWN,24000.0,Source Verified,debt_consolidation,IL,31.46,0.0,685.0,689.0,1.0,44.1,21.0,Individual,5,High Risk,Manual Review
42463444,14400.0, 60 months,18.84,E,E2,10+ years,MORTGAGE,44608.0,Source Verified,debt_consolidation,MO,12.99,1.0,660.0,664.0,0.0,83.7,22.0,Individual,5,High Risk,Manual Review
42273421,6375.0, 36 months,22.99,F,F1,10+ years,MORTGAGE,102000.0,Verified,vacation,PA,21.65,2.0,675.0,679.0,2.0,86.6,28.0,Individual,5,High Risk,Manual Review
42303542,12225.0, 60 months,20.49,E,E4,2 years,RENT,45000.0,Source Verified,debt_consolidation,WA,30.35,0.0,670.0,674.0,0.0,78.2,34.0,Individual,5,High Risk,Manual Review
42393680,12600.0, 60 months,23.99,F,F2,10+ years,MORTGAGE,42000.0,Not Verified,debt_consolidation,HI,31.63,0.0,675.0,679.0,2.0,82.4,17.0,Individual,6,High Risk,Manual Review
42433533,29325.0, 60 months,20.49,E,E4,10+ years,RENT,64000.0,Source Verified,debt_consolidation,MA,35.61,0.0,685.0,689.0,1.0,78.2,33.0,Individual,5,High Risk,Manual Review
41790650,15075.0, 60 months,18.25,E,E1,9 years,MORTGAGE,50400.0,Source Verified,debt_consolidation,CA,33.04,0.0,670.0,674.0,0.0,89.0,17.0,Individual,6,High Risk,Manual Review
42483307,10150.0, 36 months,19.52,E,E3,8 years,MORTGAGE,30000.0,Verified,home_improvement,CA,30.72,0.0,665.0,669.0,1.0,78.5,20.0,Individual,5,High Risk,Manual Review
42323229,5600.0, 36 months,19.52,E,E3,10+ years,RENT,62000.0,Verified,moving,LA,35.75,0.0,705.0,709.0,2.0,16.9,55.0,Individual,5,High Risk,Manual Review
42323180,20800.0, 60 months,25.83,G,G2,,OWN,61296.0,Verified,other,TN,36.12,0.0,685.0,689.0,1.0,48.3,30.0,Individual,5,High Risk,Manual Review
42041855,12950.0, 36 months,20.49,E,E4,10+ years,OWN,31000.0,Source Verified,debt_consolidation,UT,30.36,0.0,660.0,664.0,1.0,67.1,36.0,Individual,5,High Risk,Manual Review
42263398,5700.0, 36 months,20.49,E,E4,10+ years,OWN,34000.0,Source Verified,debt_consolidation,VA,32.69,0.0,680.0,684.0,2.0,57.7,13.0,Individual,5,High Risk,Manual Review
42393325,20100.0, 60 months,19.52,E,E3,10+ years,RENT,60000.0,Verified,credit_card,CA,36.74,0.0,665.0,669.0,2.0,72.6,63.0,Individual,5,High Risk,Manual Review
42373472,9875.0, 36 months,18.84,E,E2,1 year,RENT,33000.0,Verified,debt_consolidation,TX,33.13,0.0,665.0,669.0,0.0,66.0,45.0,Individual,5,High Risk,Manual Review
42343448,12925.0, 60 months,24.5,F,F3,3 years,RENT,36000.0,Source Verified,debt_consolidation,PA,37.13,1.0,665.0,669.0,1.0,51.4,39.0,Individual,6,High Risk,Manual Review
42263406,14000.0, 60 months,19.52,E,E3,10+ years,MORTGAGE,80000.0,Not Verified,other,MI,11.52,3.0,665.0,669.0,1.0,97.9,19.0,Individual,5,High Risk,Manual Review
42293684,19150.0, 60 months,18.84,E,E2,10+ years,RENT,76000.0,Verified,debt_consolidation,VA,32.95,7.0,660.0,664.0,0.0,85.3,29.0,Individual,7,High Risk,Manual Review
42273236,4875.0, 36 months,18.84,E,E2,,MORTGAGE,13857.0,Verified,debt_consolidation,CA,37.61,0.0,665.0,669.0,3.0,68.5,27.0,Individual,5,High Risk,Manual Review
41236377,20000.0, 60 months,15.61,D,D1,10+ years,RENT,75000.0,Verified,debt_consolidation,TN,32.11,1.0,665.0,669.0,0.0,86.6,27.0,Individual,5,High Risk,Manual Review
42493226,4175.0, 36 months,22.99,F,F1,10+ years,MORTGAGE,60400.0,Source Verified,debt_consolidation,NC,31.51,0.0,670.0,674.0,0.0,74.8,35.0,Individual,5,High Risk,Manual Review
41074178,22000.0, 60 months,16.99,D,D3,10+ years,MORTGAGE,55000.0,Source Verified,debt_consolidation,AL,38.34,1.0,670.0,674.0,0.0,94.5,20.0,Individual,5,High Risk,Manual Review
42141364,35000.0, 60 months,18.84,E,E2,5 years,MORTGAGE,80000.0,Verified,debt_consolidation,NY,31.64,0.0,690.0,694.0,0.0,69.5,29.0,Individual,5,High Risk,Manual Review
42483234,3900.0, 36 months,18.84,E,E2,,RENT,8940.0,Verified,debt_consolidation,NJ,35.44,0.0,705.0,709.0,0.0,97.2,14.0,Individual,6,High Risk,Manual Review
42413403,14000.0, 60 months,18.25,E,E1,1 year,MORTGAGE,58000.0,Verified,debt_consolidation,NY,36.44,0.0,685.0,689.0,0.0,47.2,48.0,Individual,5,High Risk,Manual Review
41880249,13100.0, 60 months,18.84,E,E2,10+ years,MORTGAGE,48000.0,Source Verified,home_improvement,OH,32.48,0.0,720.0,724.0,1.0,17.1,14.0,Individual,5,High Risk,Manual Review
42293307,9625.0, 36 months,20.49,E,E4,2 years,MORTGAGE,32000.0,Source Verified,debt_consolidation,TN,37.88,0.0,660.0,664.0,0.0,45.6,14.0,Individual,5,High Risk,Manual Review
41660158,19375.0, 60 months,17.57,D,D4,2 years,RENT,54000.0,Source Verified,debt_consolidation,LA,34.42,1.0,680.0,684.0,0.0,91.2,31.0,Individual,5,High Risk,Manual Review
42191139,16000.0, 60 months,18.25,E,E1,2 years,MORTGAGE,50000.0,Verified,debt_consolidation,TX,31.45,0.0,670.0,674.0,1.0,53.4,54.0,Individual,5,High Risk,Manual Review
42433233,22375.0, 36 months,18.84,E,E2,6 years,RENT,70000.0,Source Verified,credit_card,FL,31.72,1.0,660.0,664.0,1.0,82.4,17.0,Individual,7,High Risk,Manual Review
42181791,11200.0, 60 months,19.52,E,E3,8 years,MORTGAGE,22541.0,Source Verified,debt_consolidation,NC,33.71,0.0,665.0,669.0,0.0,98.0,12.0,Individual,6,High Risk,Manual Review
42343151,15100.0, 60 months,18.84,E,E2,10+ years,RENT,42000.0,Source Verified,debt_consolidation,AZ,32.57,0.0,660.0,664.0,2.0,76.3,51.0,Individual,5,High Risk,Manual Review
42151324,20725.0, 60 months,20.49,E,E4,10+ years,RENT,62000.0,Source Verified,debt_consolidation,NC,36.51,0.0,715.0,719.0,0.0,82.2,22.0,Individual,6,High Risk,Manual Review
41123318,22750.0, 60 months,18.25,E,E1,3 years,RENT,78000.0,Verified,debt_consolidation,CA,32.32,0.0,675.0,679.0,2.0,63.2,64.0,Individual,5,High Risk,Manual Review
42181771,13200.0, 36 months,18.25,E,E1,5 years,OWN,33000.0,Source Verified,debt_consolidation,WV,37.82,0.0,710.0,714.0,0.0,58.7,15.0,Individual,5,High Risk,Manual Review
42433164,25000.0, 60 months,18.25,E,E1,10+ years,OWN,56000.0,Source Verified,credit_card,FL,31.76,1.0,680.0,684.0,1.0,40.5,32.0,Individual,6,High Risk,Manual Review
41359249,20000.0, 60 months,18.25,E,E1,10+ years,MORTGAGE,92000.0,Source Verified,debt_consolidation,IL,10.25,1.0,670.0,674.0,1.0,90.3,13.0,Individual,5,High Risk,Manual Review
42021387,4600.0, 36 months,18.25,E,E1,6 years,RENT,60000.0,Not Verified,debt_consolidation,VA,33.82,0.0,660.0,664.0,1.0,90.1,17.0,Individual,6,High Risk,Manual Review
42041213,6875.0, 36 months,20.49,E,E4,10+ years,RENT,24000.0,Verified,debt_consolidation,OR,34.4,0.0,705.0,709.0,0.0,50.9,15.0,Individual,5,High Risk,Manual Review
42051671,14375.0, 60 months,23.99,F,F2,10+ years,OWN,48000.0,Source Verified,debt_consolidation,MA,38.23,0.0,670.0,674.0,1.0,92.1,27.0,Individual,6,High Risk,Manual Review
40960541,15475.0, 60 months,24.5,F,F3,7 years,RENT,50000.0,Source Verified,debt_consolidation,OR,38.19,3.0,665.0,669.0,1.0,5.8,27.0,Individual,6,High Risk,Manual Review
42051640,25000.0, 60 months,16.55,D,D2,2 years,RENT,165000.0,Verified,debt_consolidation,FL,32.62,1.0,700.0,704.0,0.0,92.8,20.0,Individual,5,High Risk,Manual Review
42181901,16625.0, 60 months,24.5,F,F3,10+ years,RENT,46500.0,Source Verified,other,WI,35.69,1.0,700.0,704.0,0.0,30.3,25.0,Individual,6,High Risk,Manual Review
41398777,25025.0, 60 months,18.84,E,E2,6 years,RENT,54471.0,Source Verified,debt_consolidation,OK,38.18,0.0,755.0,759.0,0.0,11.8,48.0,Individual,5,High Risk,Manual Review
41052739,14425.0, 60 months,18.84,E,E2,9 years,RENT,38000.0,Source Verified,credit_card,NM,30.54,0.0,675.0,679.0,1.0,76.6,17.0,Individual,5,High Risk,Manual Review
42181753,31900.0, 60 months,21.67,E,E5,10+ years,MORTGAGE,76000.0,Source Verified,debt_consolidation,FL,31.72,1.0,675.0,679.0,0.0,78.8,23.0,Individual,6,High Risk,Manual Review
41930273,20000.0, 60 months,16.99,D,D3,10+ years,RENT,65000.0,Verified,debt_consolidation,MT,36.56,2.0,660.0,664.0,0.0,83.5,56.0,Individual,5,High Risk,Manual Review
42081349,14100.0, 60 months,24.5,F,F3,9 years,RENT,35360.0,Source Verified,debt_consolidation,VA,32.28,0.0,700.0,704.0,0.0,88.6,17.0,Individual,6,High Risk,Manual Review
42041628,20000.0, 60 months,18.25,E,E1,10+ years,OWN,70000.0,Source Verified,debt_consolidation,MI,30.19,1.0,690.0,694.0,2.0,78.4,34.0,Individual,6,High Risk,Manual Review
42211321,15000.0, 60 months,17.86,D,D5,10+ years,MORTGAGE,70000.0,Not Verified,debt_consolidation,FL,34.39,3.0,665.0,669.0,0.0,96.8,24.0,Individual,5,High Risk,Manual Review
42231318,14000.0, 60 months,19.52,E,E3,10+ years,MORTGAGE,73590.0,Source Verified,debt_consolidation,AL,39.6,0.0,685.0,689.0,1.0,87.5,22.0,Individual,6,High Risk,Manual Review
42021281,11500.0, 60 months,19.52,E,E3,10+ years,RENT,25000.0,Source Verified,debt_consolidation,MA,39.8,0.0,690.0,694.0,1.0,82.0,16.0,Individual,6,High Risk,Manual Review
41368299,19675.0, 60 months,23.99,F,F2,10+ years,RENT,47000.0,Source Verified,other,CA,33.81,0.0,690.0,694.0,1.0,76.8,12.0,Individual,5,High Risk,Manual Review
41780608,9325.0, 36 months,22.99,F,F1,< 1 year,RENT,25999.0,Source Verified,debt_consolidation,NY,38.32,0.0,690.0,694.0,0.0,83.6,13.0,Individual,6,High Risk,Manual Review
41970218,4300.0, 36 months,19.52,E,E3,,RENT,10368.0,Verified,credit_card,CA,36.69,0.0,660.0,664.0,0.0,64.1,11.0,Individual,5,High Risk,Manual Review
42051385,11400.0, 60 months,19.52,E,E3,5 years,RENT,36920.0,Source Verified,debt_consolidation,MI,35.92,0.0,705.0,709.0,2.0,64.9,20.0,Individual,5,High Risk,Manual Review
42161188,19200.0, 60 months,18.84,E,E2,10+ years,MORTGAGE,175000.0,Verified,credit_card,NY,10.18,5.0,670.0,674.0,0.0,87.8,32.0,Individual,5,High Risk,Manual Review
41217275,10100.0, 60 months,21.67,E,E5,< 1 year,RENT,23000.0,Source Verified,other,KS,32.2,0.0,700.0,704.0,0.0,41.4,11.0,Individual,5,High Risk,Manual Review
41141665,6500.0, 36 months,19.52,E,E3,2 years,RENT,29661.0,Source Verified,debt_consolidation,CA,36.02,0.0,685.0,689.0,0.0,72.6,7.0,Individual,5,High Risk,Manual Review
41991211,30000.0, 60 months,18.84,E,E2,10+ years,RENT,95000.0,Verified,credit_card,WV,39.57,0.0,665.0,669.0,0.0,99.0,26.0,Individual,6,High Risk,Manual Review
42091159,7475.0, 36 months,19.52,E,E3,2 years,RENT,15000.0,Source Verified,small_business,NJ,36.4,0.0,700.0,704.0,0.0,48.9,17.0,Individual,5,High Risk,Manual Review
41339796,4800.0, 36 months,18.25,E,E1,8 years,MORTGAGE,46000.0,Not Verified,vacation,OH,36.79,0.0,685.0,689.0,2.0,53.4,43.0,Individual,5,High Risk,Manual Review
42121182,3500.0, 36 months,16.55,D,D2,1 year,RENT,65000.0,Verified,credit_card,PA,37.67,3.0,660.0,664.0,1.0,93.0,36.0,Individual,5,High Risk,Manual Review
42181167,8000.0, 36 months,18.25,E,E1,2 years,OWN,25000.0,Source Verified,home_improvement,OR,30.72,0.0,720.0,724.0,1.0,18.5,22.0,Individual,5,High Risk,Manual Review
40381692,14825.0, 36 months,18.25,E,E1,1 year,RENT,51638.0,Verified,debt_consolidation,NJ,30.77,0.0,675.0,679.0,1.0,85.9,14.0,Individual,6,High Risk,Manual Review
41730836,22000.0, 60 months,20.49,E,E4,< 1 year,RENT,50000.0,Source Verified,debt_consolidation,CA,36.51,1.0,720.0,724.0,1.0,22.3,19.0,Individual,6,High Risk,Manual Review
42181196,14900.0, 60 months,20.49,E,E4,3 years,MORTGAGE,34000.0,Source Verified,debt_consolidation,VA,36.22,0.0,710.0,714.0,0.0,64.1,16.0,Individual,5,High Risk,Manual Review
41019123,12600.0, 60 months,25.8,G,G1,10+ years,RENT,42000.0,Source Verified,debt_consolidation,IL,29.66,1.0,665.0,669.0,1.0,87.1,24.0,Individual,5,High Risk,Manual Review
41830730,23475.0, 36 months,18.25,E,E1,2 years,OWN,56000.0,Verified,major_purchase,NY,21.28,1.0,670.0,674.0,1.0,89.3,44.0,Individual,5,High Risk,Manual Review
41740856,11200.0, 60 months,21.67,E,E5,9 years,MORTGAGE,58000.0,Verified,debt_consolidation,GA,35.19,1.0,705.0,709.0,1.0,64.8,38.0,Individual,6,High Risk,Manual Review
41920403,7000.0, 36 months,18.84,E,E2,< 1 year,RENT,48000.0,Source Verified,other,AZ,32.43,12.0,660.0,664.0,4.0,3.6,22.0,Individual,6,High Risk,Manual Review
42001151,12800.0, 60 months,22.99,F,F1,10+ years,RENT,52000.0,Source Verified,debt_consolidation,AZ,30.46,0.0,660.0,664.0,4.0,31.5,33.0,Individual,5,High Risk,Manual Review
41760714,16950.0, 60 months,20.49,E,E4,6 years,MORTGAGE,34000.0,Not Verified,debt_consolidation,AL,38.51,1.0,670.0,674.0,1.0,47.2,35.0,Individual,6,High Risk,Manual Review
41781131,26500.0, 60 months,18.25,E,E1,10+ years,MORTGAGE,87000.0,Source Verified,credit_card,AL,32.54,0.0,705.0,709.0,1.0,81.3,17.0,Individual,6,High Risk,Manual Review
41810651,13000.0, 60 months,23.99,F,F2,10+ years,OWN,50000.0,Verified,debt_consolidation,MA,33.97,0.0,705.0,709.0,0.0,20.0,23.0,Individual,5,High Risk,Manual Review
41950471,20000.0, 36 months,18.25,E,E1,3 years,RENT,79056.0,Verified,car,CA,30.36,1.0,670.0,674.0,2.0,84.8,26.0,Individual,7,High Risk,Manual Review
41850412,27450.0, 60 months,19.52,E,E3,3 years,RENT,55000.0,Source Verified,credit_card,CA,32.95,2.0,665.0,669.0,0.0,89.0,27.0,Individual,7,High Risk,Manual Review
41800418,11850.0, 60 months,21.67,E,E5,7 years,OWN,35000.0,Verified,debt_consolidation,FL,35.8,0.0,680.0,684.0,3.0,42.1,11.0,Individual,5,High Risk,Manual Review
41830621,20375.0, 60 months,18.25,E,E1,10+ years,MORTGAGE,55000.0,Source Verified,debt_consolidation,TN,23.46,1.0,660.0,664.0,0.0,94.2,13.0,Individual,5,High Risk,Manual Review
41800344,34475.0, 60 months,21.67,E,E5,8 years,RENT,75000.0,Verified,debt_consolidation,CA,36.91,0.0,660.0,664.0,0.0,88.5,29.0,Individual,6,High Risk,Manual Review
40950402,19750.0, 60 months,20.49,E,E4,< 1 year,RENT,39669.0,Source Verified,debt_consolidation,CA,33.19,0.0,770.0,774.0,2.0,17.4,16.0,Individual,5,High Risk,Manual Review
41740844,18000.0, 60 months,18.84,E,E2,2 years,RENT,36000.0,Source Verified,debt_consolidation,AL,30.2,1.0,670.0,674.0,1.0,55.0,30.0,Individual,6,High Risk,Manual Review
41398453,29325.0, 60 months,25.8,G,G1,10+ years,RENT,81516.0,Verified,debt_consolidation,CA,30.94,0.0,680.0,684.0,2.0,43.3,47.0,Individual,5,High Risk,Manual Review
41033182,12000.0, 60 months,18.84,E,E2,10+ years,RENT,36000.0,Source Verified,debt_consolidation,MO,35.97,0.0,670.0,674.0,1.0,60.0,24.0,Individual,5,High Risk,Manual Review
41790554,23225.0, 60 months,16.55,D,D2,4 years,OWN,55500.0,Verified,credit_card,FL,34.75,1.0,665.0,669.0,0.0,93.3,29.0,Individual,5,High Risk,Manual Review
41880627,32200.0, 60 months,20.49,E,E4,10+ years,MORTGAGE,415000.0,Verified,home_improvement,CT,36.81,4.0,685.0,689.0,2.0,97.3,46.0,Individual,7,High Risk,Manual Review
41780702,16700.0, 60 months,18.25,E,E1,2 years,RENT,40000.0,Source Verified,debt_consolidation,FL,33.75,1.0,685.0,689.0,0.0,49.4,25.0,Individual,6,High Risk,Manual Review
41207274,30000.0, 60 months,21.67,E,E5,8 years,OWN,84000.0,Verified,debt_consolidation,NY,29.56,1.0,660.0,664.0,0.0,90.9,31.0,Individual,5,High Risk,Manual Review
41520467,35000.0, 60 months,25.8,G,G1,10+ years,RENT,72000.0,Verified,debt_consolidation,TX,33.32,2.0,670.0,674.0,0.0,82.4,20.0,Individual,7,High Risk,Manual Review
41256161,10775.0, 60 months,20.49,E,E4,10+ years,RENT,30000.0,Source Verified,debt_consolidation,OH,33.96,0.0,665.0,669.0,0.0,65.8,19.0,Individual,5,High Risk,Manual Review
41740575,13375.0, 60 months,26.06,G,G5,10+ years,RENT,42000.0,Source Verified,house,TN,37.57,1.0,665.0,669.0,0.0,84.2,16.0,Individual,7,High Risk,Manual Review
41750214,24000.0, 60 months,18.84,E,E2,3 years,OWN,64000.0,Verified,debt_consolidation,MN,31.39,0.0,670.0,674.0,2.0,79.6,54.0,Individual,5,High Risk,Manual Review
41630254,14000.0, 36 months,18.25,E,E1,10+ years,MORTGAGE,39000.0,Not Verified,debt_consolidation,TX,36.71,0.0,680.0,684.0,1.0,57.4,29.0,Individual,5,High Risk,Manual Review
41520180,31575.0, 60 months,19.52,E,E3,10+ years,MORTGAGE,63232.0,Verified,debt_consolidation,IN,35.78,1.0,665.0,669.0,1.0,79.4,32.0,Individual,6,High Risk,Manual Review
41770270,20800.0, 36 months,18.84,E,E2,10+ years,MORTGAGE,62000.0,Verified,debt_consolidation,IL,37.53,0.0,690.0,694.0,0.0,83.6,22.0,Individual,6,High Risk,Manual Review
41850123,12075.0, 60 months,18.25,E,E1,10+ years,RENT,27500.0,Source Verified,credit_card,OH,37.41,0.0,695.0,699.0,1.0,63.7,24.0,Individual,5,High Risk,Manual Review
41940240,14600.0, 60 months,20.49,E,E4,10+ years,RENT,35000.0,Source Verified,credit_card,FL,38.3,0.0,675.0,679.0,0.0,55.9,23.0,Individual,5,High Risk,Manual Review
41770282,16000.0, 60 months,18.25,E,E1,3 years,MORTGAGE,66000.0,Not Verified,debt_consolidation,OH,25.56,1.0,670.0,674.0,1.0,84.7,26.0,Individual,5,High Risk,Manual Review
41246603,9925.0, 36 months,18.25,E,E1,3 years,RENT,33280.0,Source Verified,debt_consolidation,FL,39.16,0.0,680.0,684.0,0.0,81.3,20.0,Individual,6,High Risk,Manual Review
41960174,21450.0, 60 months,18.84,E,E2,10+ years,MORTGAGE,61000.0,Verified,debt_consolidation,MN,31.4,0.0,685.0,689.0,2.0,77.2,41.0,Individual,5,High Risk,Manual Review
41540155,30200.0, 60 months,19.52,E,E3,10+ years,RENT,72000.0,Verified,debt_consolidation,FL,38.67,2.0,670.0,674.0,0.0,79.2,55.0,Individual,6,High Risk,Manual Review
41620433,11175.0, 60 months,19.52,E,E3,10+ years,RENT,47000.0,Verified,debt_consolidation,NY,32.8,0.0,700.0,704.0,1.0,12.4,44.0,Individual,5,High Risk,Manual Review
41960123,19950.0, 60 months,23.99,F,F2,10+ years,MORTGAGE,50000.0,Not Verified,debt_consolidation,OH,35.29,0.0,700.0,704.0,0.0,81.1,29.0,Individual,6,High Risk,Manual Review
41720223,10400.0, 60 months,18.25,E,E1,10+ years,MORTGAGE,42000.0,Not Verified,debt_consolidation,MA,39.6,5.0,680.0,684.0,0.0,73.6,18.0,Individual,6,High Risk,Manual Review
41880245,3625.0, 36 months,18.25,E,E1,6 years,RENT,33540.0,Not Verified,debt_consolidation,UT,30.41,1.0,660.0,664.0,0.0,53.1,12.0,Individual,6,High Risk,Manual Review
41800138,24000.0, 60 months,18.25,E,E1,4 years,RENT,90000.0,Verified,debt_consolidation,UT,33.98,0.0,660.0,664.0,2.0,96.2,28.0,Individual,6,High Risk,Manual Review
41850186,21975.0, 36 months,18.25,E,E1,10+ years,RENT,50000.0,Verified,debt_consolidation,CA,30.77,0.0,705.0,709.0,0.0,71.8,11.0,Individual,5,High Risk,Manual Review
41790125,11575.0, 60 months,18.25,E,E1,2 years,MORTGAGE,34482.0,Not Verified,debt_consolidation,NC,30.87,0.0,675.0,679.0,0.0,59.7,35.0,Individual,5,High Risk,Manual Review
41550687,23175.0, 60 months,24.99,F,F4,10+ years,MORTGAGE,58000.0,Source Verified,debt_consolidation,IN,30.19,0.0,700.0,704.0,1.0,61.2,16.0,Individual,5,High Risk,Manual Review
41930230,13300.0, 60 months,20.49,E,E4,2 years,RENT,35000.0,Source Verified,credit_card,MN,31.17,0.0,665.0,669.0,0.0,96.9,18.0,Individual,6,High Risk,Manual Review
41920158,10200.0, 36 months,18.84,E,E2,10+ years,RENT,49000.0,Source Verified,debt_consolidation,NJ,34.71,0.0,670.0,674.0,1.0,41.1,20.0,Individual,5,High Risk,Manual Review
41790280,6000.0, 36 months,18.84,E,E2,,OWN,50000.0,Verified,medical,OR,35.57,0.0,705.0,709.0,1.0,60.6,45.0,Individual,5,High Risk,Manual Review
41033338,7475.0, 36 months,20.49,E,E4,,RENT,18000.0,Verified,debt_consolidation,LA,37.0,0.0,670.0,674.0,1.0,31.6,24.0,Individual,5,High Risk,Manual Review
41520488,21850.0, 60 months,18.25,E,E1,10+ years,MORTGAGE,72000.0,Verified,debt_consolidation,CA,37.8,0.0,720.0,724.0,0.0,56.3,24.0,Individual,5,High Risk,Manual Review
41540369,3200.0, 36 months,20.49,E,E4,,RENT,10000.0,Source Verified,credit_card,NY,31.21,0.0,715.0,719.0,0.0,20.5,25.0,Individual,5,High Risk,Manual Review
41590365,6475.0, 36 months,18.25,E,E1,,RENT,18036.0,Verified,debt_consolidation,VT,38.79,0.0,660.0,664.0,0.0,98.4,11.0,Individual,6,High Risk,Manual Review
41670545,12000.0, 60 months,18.25,E,E1,3 years,RENT,152000.0,Verified,debt_consolidation,CA,4.53,1.0,660.0,664.0,1.0,98.7,19.0,Individual,5,High Risk,Manual Review
41630223,32000.0, 60 months,15.61,D,D1,9 years,OWN,220000.0,Verified,debt_consolidation,GA,33.13,1.0,685.0,689.0,0.0,91.3,22.0,Individual,5,High Risk,Manual Review
41267300,18150.0, 60 months,20.49,E,E4,2 years,MORTGAGE,52000.0,Not Verified,credit_card,AR,31.94,0.0,675.0,679.0,0.0,85.9,17.0,Individual,6,High Risk,Manual Review
41002203,19750.0, 60 months,24.99,F,F4,6 years,MORTGAGE,44250.0,Verified,debt_consolidation,VA,32.6,0.0,670.0,674.0,3.0,24.1,30.0,Individual,5,High Risk,Manual Review
41009227,31300.0, 60 months,19.52,E,E3,3 years,MORTGAGE,120000.0,Verified,debt_consolidation,PA,4.71,1.0,675.0,679.0,0.0,80.6,29.0,Individual,5,High Risk,Manual Review
41470295,11200.0, 60 months,17.57,D,D4,4 years,RENT,46000.0,Source Verified,debt_consolidation,OH,34.99,6.0,665.0,669.0,0.0,88.2,28.0,Individual,5,High Risk,Manual Review
41530163,24000.0, 60 months,18.25,E,E1,10+ years,MORTGAGE,145000.0,Verified,debt_consolidation,WA,28.2,1.0,670.0,674.0,3.0,87.7,71.0,Individual,5,High Risk,Manual Review
40836586,14375.0, 60 months,19.52,E,E3,10+ years,OWN,40000.0,Source Verified,other,VT,33.06,0.0,665.0,669.0,1.0,77.1,24.0,Individual,5,High Risk,Manual Review
41207575,27425.0, 60 months,20.49,E,E4,< 1 year,RENT,55000.0,Source Verified,debt_consolidation,FL,35.14,1.0,670.0,674.0,0.0,62.7,52.0,Individual,6,High Risk,Manual Review
41430364,15625.0, 60 months,19.52,E,E3,,RENT,44000.0,Verified,debt_consolidation,GA,35.73,0.0,670.0,674.0,0.0,56.1,36.0,Individual,5,High Risk,Manual Review
41276962,11000.0, 60 months,18.84,E,E2,6 years,RENT,40000.0,Verified,debt_consolidation,TX,32.61,0.0,710.0,714.0,3.0,27.5,23.0,Individual,5,High Risk,Manual Review
41276965,7550.0, 36 months,18.25,E,E1,,OWN,15121.2,Verified,debt_consolidation,WY,32.86,0.0,700.0,704.0,0.0,47.2,29.0,Individual,5,High Risk,Manual Review
41132746,10850.0, 60 months,18.25,E,E1,8 years,RENT,51000.0,Not Verified,debt_consolidation,GA,37.76,1.0,700.0,704.0,2.0,49.8,44.0,Individual,6,High Risk,Manual Review
39579281,24000.0, 60 months,20.49,E,E4,10+ years,MORTGAGE,65000.0,Verified,debt_consolidation,SC,20.37,2.0,675.0,679.0,0.0,80.4,30.0,Individual,5,High Risk,Manual Review
41440312,9325.0, 36 months,23.99,F,F2,10+ years,OWN,30000.0,Source Verified,debt_consolidation,RI,37.6,0.0,670.0,674.0,1.0,73.4,22.0,Individual,5,High Risk,Manual Review
41389424,16225.0, 60 months,23.99,F,F2,6 years,OWN,43000.0,Source Verified,credit_card,NY,39.91,0.0,675.0,679.0,0.0,51.9,16.0,Individual,5,High Risk,Manual Review
41216339,15925.0, 60 months,18.84,E,E2,5 years,MORTGAGE,34000.0,Not Verified,debt_consolidation,CA,33.09,0.0,695.0,699.0,0.0,55.3,22.0,Individual,5,High Risk,Manual Review
41410494,28500.0, 60 months,21.67,E,E5,10+ years,MORTGAGE,65000.0,Verified,debt_consolidation,SC,31.57,0.0,705.0,709.0,1.0,79.2,26.0,Individual,5,High Risk,Manual Review
41329339,17475.0, 36 months,20.49,E,E4,6 years,OWN,35000.0,Verified,debt_consolidation,SC,33.16,0.0,670.0,674.0,0.0,93.3,18.0,Individual,6,High Risk,Manual Review
41359377,16500.0, 60 months,25.89,G,G3,8 years,MORTGAGE,34000.0,Verified,debt_consolidation,FL,37.84,0.0,675.0,679.0,0.0,55.6,17.0,Individual,5,High Risk,Manual Review
41207356,35000.0, 60 months,18.25,E,E1,1 year,RENT,90235.0,Verified,debt_consolidation,MA,39.03,0.0,675.0,679.0,0.0,89.5,70.0,Individual,6,High Risk,Manual Review
41276854,2500.0, 36 months,22.99,F,F1,,MORTGAGE,15000.0,Verified,debt_consolidation,VA,34.56,0.0,715.0,719.0,2.0,19.1,29.0,Individual,5,High Risk,Manual Review
41112877,18700.0, 60 months,18.25,E,E1,7 years,OWN,60000.0,Source Verified,debt_consolidation,MI,31.64,0.0,695.0,699.0,0.0,75.5,31.0,Individual,5,High Risk,Manual Review
41276835,25000.0, 60 months,23.99,F,F2,10+ years,RENT,80000.0,Verified,debt_consolidation,AZ,33.48,0.0,665.0,669.0,1.0,80.5,28.0,Individual,6,High Risk,Manual Review
41388351,20975.0, 60 months,24.99,F,F4,1 year,OWN,51000.0,Verified,debt_consolidation,IN,34.78,0.0,680.0,684.0,2.0,71.4,26.0,Individual,5,High Risk,Manual Review
41090784,28425.0, 60 months,21.67,E,E5,1 year,OWN,64640.0,Source Verified,debt_consolidation,VA,39.34,0.0,675.0,679.0,0.0,85.6,35.0,Individual,6,High Risk,Manual Review
41276172,17000.0, 60 months,20.49,E,E4,10+ years,RENT,68000.0,Verified,debt_consolidation,TN,33.36,0.0,660.0,664.0,0.0,82.0,28.0,Individual,6,High Risk,Manual Review
41369500,8975.0, 36 months,25.83,G,G2,,OWN,19248.0,Verified,debt_consolidation,TX,37.53,0.0,670.0,674.0,0.0,55.6,18.0,Individual,5,High Risk,Manual Review
41197325,11075.0, 36 months,16.99,D,D3,10+ years,MORTGAGE,52000.0,Source Verified,debt_consolidation,AL,37.73,3.0,685.0,689.0,0.0,106.8,13.0,Individual,5,High Risk,Manual Review
41206860,22575.0, 60 months,20.49,E,E4,5 years,MORTGAGE,55000.0,Source Verified,debt_consolidation,MT,33.01,1.0,705.0,709.0,0.0,62.5,28.0,Individual,6,High Risk,Manual Review
41299088,18425.0, 60 months,18.25,E,E1,10+ years,MORTGAGE,55000.0,Not Verified,debt_consolidation,NY,30.61,0.0,685.0,689.0,0.0,81.0,13.0,Individual,6,High Risk,Manual Review
41150125,30000.0, 60 months,18.25,E,E1,2 years,MORTGAGE,104000.0,Verified,debt_consolidation,GA,30.37,0.0,705.0,709.0,0.0,70.0,38.0,Individual,5,High Risk,Manual Review
41226931,26375.0, 60 months,18.84,E,E2,8 years,RENT,60000.0,Source Verified,debt_consolidation,IN,35.06,0.0,670.0,674.0,0.0,69.4,26.0,Individual,5,High Risk,Manual Review
41318989,18000.0, 60 months,22.99,F,F1,2 years,OWN,40000.0,Source Verified,debt_consolidation,PA,33.03,0.0,660.0,664.0,1.0,94.4,12.0,Individual,6,High Risk,Manual Review
41389165,15000.0, 60 months,18.25,E,E1,< 1 year,MORTGAGE,50000.0,Not Verified,debt_consolidation,OH,33.29,0.0,680.0,684.0,0.0,67.1,31.0,Individual,5,High Risk,Manual Review
41349674,6725.0, 36 months,18.84,E,E2,4 years,RENT,57000.0,Source Verified,debt_consolidation,AZ,14.4,1.0,660.0,664.0,1.0,93.0,17.0,Individual,5,High Risk,Manual Review
41021825,11850.0, 60 months,25.83,G,G2,2 years,RENT,40000.0,Source Verified,debt_consolidation,IL,39.13,0.0,665.0,669.0,1.0,42.8,12.0,Individual,5,High Risk,Manual Review
40950824,35000.0, 36 months,18.25,E,E1,5 years,MORTGAGE,90000.0,Verified,credit_card,WI,32.87,1.0,665.0,669.0,1.0,69.1,69.0,Individual,6,High Risk,Manual Review
40583109,21975.0, 60 months,19.52,E,E3,3 years,MORTGAGE,58000.0,Source Verified,debt_consolidation,TN,39.04,0.0,720.0,724.0,1.0,52.8,40.0,Individual,5,High Risk,Manual Review
41237513,19675.0, 60 months,23.99,F,F2,5 years,MORTGAGE,47000.0,Source Verified,home_improvement,TX,36.77,0.0,665.0,669.0,4.0,92.9,11.0,Individual,6,High Risk,Manual Review
41030602,17200.0, 60 months,22.99,F,F1,4 years,RENT,52000.0,Source Verified,debt_consolidation,FL,30.42,0.0,695.0,699.0,1.0,73.4,25.0,Individual,5,High Risk,Manual Review
40442768,24350.0, 60 months,21.67,E,E5,10+ years,RENT,72139.0,Verified,debt_consolidation,WA,37.15,0.0,675.0,679.0,1.0,50.4,32.0,Individual,5,High Risk,Manual Review
41216599,12200.0, 60 months,23.99,F,F2,10+ years,MORTGAGE,85000.0,Not Verified,debt_consolidation,CT,16.21,1.0,700.0,704.0,1.0,81.5,25.0,Individual,5,High Risk,Manual Review
41440110,24175.0, 60 months,18.25,E,E1,1 year,MORTGAGE,48500.0,Source Verified,debt_consolidation,NJ,34.42,0.0,670.0,674.0,0.0,97.1,31.0,Individual,6,High Risk,Manual Review
41237363,18900.0, 60 months,18.84,E,E2,2 years,MORTGAGE,50000.0,Source Verified,debt_consolidation,DE,38.38,4.0,660.0,664.0,0.0,55.2,44.0,Individual,6,High Risk,Manual Review
41339086,11500.0, 60 months,25.89,G,G3,2 years,RENT,48000.0,Source Verified,debt_consolidation,NJ,30.45,1.0,675.0,679.0,0.0,60.0,28.0,Individual,6,High Risk,Manual Review
41318507,30000.0, 60 months,19.52,E,E3,7 years,MORTGAGE,88000.0,Verified,debt_consolidation,NJ,26.09,1.0,665.0,669.0,0.0,94.6,32.0,Individual,5,High Risk,Manual Review
41318865,11250.0, 60 months,21.67,E,E5,4 years,MORTGAGE,78000.0,Not Verified,debt_consolidation,TX,33.4,1.0,660.0,664.0,1.0,75.5,35.0,Individual,6,High Risk,Manual Review
41388963,19750.0, 60 months,20.49,E,E4,8 years,RENT,43000.0,Source Verified,debt_consolidation,MD,31.9,1.0,710.0,714.0,0.0,25.4,27.0,Individual,6,High Risk,Manual Review
41247008,10775.0, 36 months,20.49,E,E4,3 years,RENT,35000.0,Verified,debt_consolidation,VA,31.31,1.0,680.0,684.0,0.0,20.5,23.0,Individual,6,High Risk,Manual Review
41298860,9250.0, 36 months,17.57,D,D4,3 years,RENT,36816.0,Not Verified,credit_card,MD,33.34,1.0,675.0,679.0,0.0,88.1,24.0,Individual,5,High Risk,Manual Review
41070131,20850.0, 60 months,19.52,E,E3,10+ years,MORTGAGE,56000.0,Source Verified,debt_consolidation,OH,30.88,0.0,705.0,709.0,1.0,58.3,22.0,Individual,5,High Risk,Manual Review
41040669,11225.0, 36 months,18.25,E,E1,7 years,MORTGAGE,49000.0,Source Verified,debt_consolidation,TX,31.23,0.0,665.0,669.0,1.0,53.4,20.0,Individual,5,High Risk,Manual Review
40919443,26125.0, 60 months,24.5,F,F3,7 years,MORTGAGE,81700.0,Verified,debt_consolidation,FL,33.99,0.0,675.0,679.0,1.0,77.1,31.0,Individual,5,High Risk,Manual Review
41338743,25000.0, 60 months,18.25,E,E1,6 years,MORTGAGE,58000.0,Source Verified,debt_consolidation,NV,31.91,0.0,715.0,719.0,1.0,39.1,25.0,Individual,5,High Risk,Manual Review
40472431,20400.0, 60 months,18.84,E,E2,8 years,MORTGAGE,80000.0,Source Verified,debt_consolidation,MO,20.49,1.0,675.0,679.0,0.0,126.2,33.0,Individual,5,High Risk,Manual Review
41256996,28550.0, 36 months,18.25,E,E1,,MORTGAGE,65000.0,Verified,debt_consolidation,GA,33.99,0.0,690.0,694.0,0.0,56.4,45.0,Individual,5,High Risk,Manual Review
41032104,29975.0, 60 months,22.99,F,F1,10+ years,OWN,60000.0,Source Verified,debt_consolidation,IN,31.32,0.0,670.0,674.0,0.0,90.4,22.0,Individual,6,High Risk,Manual Review
41318757,30375.0, 60 months,18.84,E,E2,9 years,MORTGAGE,69286.0,Verified,debt_consolidation,IL,20.8,1.0,665.0,669.0,0.0,91.9,32.0,Individual,5,High Risk,Manual Review
40951959,20000.0, 36 months,16.55,D,D2,3 years,RENT,100000.0,Verified,debt_consolidation,CA,31.88,1.0,660.0,664.0,1.0,100.9,21.0,Individual,5,High Risk,Manual Review
41308814,18625.0, 60 months,22.99,F,F1,< 1 year,RENT,52000.0,Source Verified,debt_consolidation,MI,32.29,0.0,665.0,669.0,0.0,94.3,28.0,Individual,6,High Risk,Manual Review
41196740,22400.0, 60 months,19.52,E,E3,,MORTGAGE,45000.0,Verified,debt_consolidation,MI,38.43,3.0,685.0,689.0,1.0,39.2,79.0,Individual,6,High Risk,Manual Review
41439860,25000.0, 60 months,18.25,E,E1,10+ years,RENT,56000.0,Source Verified,car,LA,34.72,1.0,680.0,684.0,1.0,27.0,18.0,Individual,6,High Risk,Manual Review
41236980,35000.0, 60 months,20.49,E,E4,10+ years,RENT,75000.0,Verified,debt_consolidation,CA,36.75,0.0,675.0,679.0,1.0,81.6,53.0,Individual,6,High Risk,Manual Review
41267269,21000.0, 60 months,19.52,E,E3,4 years,MORTGAGE,150000.0,Verified,other,VA,13.64,2.0,670.0,674.0,0.0,85.5,32.0,Individual,5,High Risk,Manual Review
41246502,10275.0, 60 months,21.67,E,E5,1 year,MORTGAGE,58000.0,Source Verified,debt_consolidation,TX,30.17,0.0,700.0,704.0,0.0,68.1,18.0,Individual,5,High Risk,Manual Review
41236875,20000.0, 60 months,21.67,E,E5,8 years,MORTGAGE,50000.0,Source Verified,debt_consolidation,AR,38.07,0.0,695.0,699.0,1.0,68.7,57.0,Individual,5,High Risk,Manual Review
41398122,30000.0, 60 months,16.55,D,D2,3 years,MORTGAGE,69000.0,Verified,credit_card,MS,33.34,1.0,690.0,694.0,0.0,80.7,28.0,Individual,5,High Risk,Manual Review
41398914,12000.0, 60 months,21.67,E,E5,10+ years,RENT,40000.0,Source Verified,debt_consolidation,CT,36.63,0.0,675.0,679.0,0.0,60.8,13.0,Individual,5,High Risk,Manual Review
41419546,14400.0, 60 months,18.25,E,E1,9 years,OWN,53000.0,Verified,debt_consolidation,OH,31.36,0.0,675.0,679.0,2.0,67.1,41.0,Individual,5,High Risk,Manual Review
41267122,7100.0, 36 months,18.25,E,E1,8 years,MORTGAGE,45760.0,Not Verified,debt_consolidation,LA,37.95,0.0,675.0,679.0,1.0,51.6,17.0,Individual,5,High Risk,Manual Review
40502810,18000.0, 60 months,20.49,E,E4,1 year,RENT,36000.0,Source Verified,debt_consolidation,TN,36.33,0.0,680.0,684.0,1.0,63.9,26.0,Individual,5,High Risk,Manual Review
41398745,24450.0, 60 months,18.25,E,E1,1 year,RENT,49000.0,Verified,credit_card,MD,35.69,0.0,660.0,664.0,0.0,65.1,41.0,Individual,5,High Risk,Manual Review
38822251,12000.0, 60 months,15.61,D,D1,5 years,MORTGAGE,72300.0,Not Verified,debt_consolidation,AL,33.58,3.0,670.0,674.0,0.0,88.9,36.0,Individual,5,High Risk,Manual Review
41236825,21575.0, 60 months,20.49,E,E4,5 years,MORTGAGE,54000.0,Source Verified,debt_consolidation,WV,19.73,1.0,665.0,669.0,0.0,90.3,10.0,Individual,5,High Risk,Manual Review
41409551,11975.0, 60 months,21.67,E,E5,2 years,MORTGAGE,24000.0,Source Verified,debt_consolidation,SC,32.5,0.0,690.0,694.0,1.0,83.0,17.0,Individual,6,High Risk,Manual Review
40919612,35000.0, 60 months,18.25,E,E1,10+ years,MORTGAGE,90000.0,Verified,debt_consolidation,LA,31.12,0.0,685.0,689.0,0.0,42.8,34.0,Individual,5,High Risk,Manual Review
41276316,15250.0, 60 months,20.49,E,E4,5 years,RENT,36400.0,Verified,debt_consolidation,NJ,34.69,0.0,675.0,679.0,0.0,40.2,45.0,Individual,5,High Risk,Manual Review
41236438,19050.0, 60 months,20.49,E,E4,3 years,RENT,38168.0,Verified,debt_consolidation,IN,38.84,0.0,665.0,669.0,2.0,70.3,30.0,Individual,5,High Risk,Manual Review
41398711,21000.0, 60 months,20.49,E,E4,5 years,RENT,277000.0,Verified,home_improvement,CA,20.76,1.0,665.0,669.0,1.0,80.3,32.0,Individual,5,High Risk,Manual Review
41288988,18000.0, 60 months,18.25,E,E1,10+ years,RENT,60000.0,Source Verified,debt_consolidation,HI,31.76,0.0,665.0,669.0,1.0,99.9,15.0,Individual,6,High Risk,Manual Review
41236663,21175.0, 60 months,20.49,E,E4,1 year,RENT,60000.0,Verified,credit_card,NM,39.52,1.0,670.0,674.0,0.0,52.5,14.0,Individual,6,High Risk,Manual Review
41031440,33000.0, 60 months,18.84,E,E2,2 years,MORTGAGE,85000.0,Verified,debt_consolidation,CA,21.8,1.0,685.0,689.0,0.0,87.1,29.0,Individual,5,High Risk,Manual Review
41236167,24625.0, 60 months,20.49,E,E4,7 years,MORTGAGE,65000.0,Source Verified,debt_consolidation,NV,15.2,1.0,660.0,664.0,2.0,91.0,13.0,Individual,5,High Risk,Manual Review
41298394,10075.0, 60 months,24.99,F,F4,< 1 year,RENT,33800.0,Source Verified,debt_consolidation,MN,34.16,0.0,670.0,674.0,3.0,31.8,33.0,Individual,5,High Risk,Manual Review
41409522,10200.0, 36 months,18.25,E,E1,10+ years,RENT,67000.0,Verified,debt_consolidation,AZ,34.03,0.0,660.0,664.0,0.0,83.1,25.0,Individual,6,High Risk,Manual Review
41378636,15000.0, 60 months,18.25,E,E1,6 years,RENT,33000.0,Source Verified,car,CA,36.91,0.0,685.0,689.0,0.0,78.8,19.0,Individual,5,High Risk,Manual Review
41288573,10500.0, 60 months,18.25,E,E1,2 years,RENT,23000.0,Source Verified,debt_consolidation,TN,32.62,0.0,675.0,679.0,1.0,53.8,32.0,Individual,5,High Risk,Manual Review
41439519,2575.0, 36 months,24.5,F,F3,10+ years,OWN,31000.0,Not Verified,home_improvement,TX,39.95,0.0,725.0,729.0,2.0,37.4,16.0,Individual,5,High Risk,Manual Review
41012645,10000.0, 60 months,18.25,E,E1,4 years,MORTGAGE,40000.0,Verified,debt_consolidation,CA,30.66,0.0,675.0,679.0,1.0,46.1,36.0,Individual,5,High Risk,Manual Review
41358343,30000.0, 60 months,20.49,E,E4,10+ years,MORTGAGE,78000.0,Verified,debt_consolidation,IN,30.83,0.0,715.0,719.0,1.0,49.5,43.0,Individual,5,High Risk,Manual Review
41112964,20000.0, 60 months,18.84,E,E2,9 years,RENT,43000.0,Source Verified,debt_consolidation,MD,31.62,0.0,665.0,669.0,1.0,79.6,19.0,Individual,5,High Risk,Manual Review
40943028,19075.0, 60 months,18.25,E,E1,10+ years,RENT,53000.0,Verified,debt_consolidation,NY,30.55,0.0,665.0,669.0,1.0,69.5,27.0,Individual,5,High Risk,Manual Review
41398326,24000.0, 36 months,18.84,E,E2,10+ years,MORTGAGE,95000.0,Source Verified,home_improvement,MI,7.83,1.0,670.0,674.0,1.0,90.1,11.0,Individual,5,High Risk,Manual Review
41266869,21175.0, 60 months,18.25,E,E1,10+ years,MORTGAGE,65000.0,Verified,debt_consolidation,TN,33.08,1.0,665.0,669.0,0.0,44.9,32.0,Individual,6,High Risk,Manual Review
41318421,18000.0, 36 months,18.25,E,E1,,MORTGAGE,45057.72,Verified,debt_consolidation,KS,30.13,0.0,665.0,669.0,1.0,70.6,30.0,Individual,5,High Risk,Manual Review
41328260,16000.0, 60 months,20.49,E,E4,4 years,MORTGAGE,75000.0,Not Verified,home_improvement,SD,30.24,2.0,670.0,674.0,2.0,84.0,33.0,Individual,7,High Risk,Manual Review
41246325,35000.0, 60 months,18.84,E,E2,10+ years,RENT,123000.0,Verified,debt_consolidation,VA,30.7,0.0,720.0,724.0,0.0,95.6,24.0,Individual,6,High Risk,Manual Review
41266617,16575.0, 60 months,21.67,E,E5,4 years,MORTGAGE,41628.19,Verified,debt_consolidation,AK,33.29,1.0,665.0,669.0,0.0,29.7,26.0,Individual,6,High Risk,Manual Review
41338264,17225.0, 60 months,23.99,F,F2,7 years,MORTGAGE,48000.0,Not Verified,debt_consolidation,GA,32.75,0.0,660.0,664.0,0.0,35.8,31.0,Individual,5,High Risk,Manual Review
40942460,21600.0, 60 months,18.25,E,E1,2 years,MORTGAGE,76388.0,Verified,debt_consolidation,TX,30.92,1.0,660.0,664.0,0.0,92.9,32.0,Individual,7,High Risk,Manual Review
41266603,12600.0, 36 months,19.52,E,E3,< 1 year,OWN,35000.0,Verified,debt_consolidation,FL,31.34,0.0,695.0,699.0,3.0,97.8,14.0,Individual,6,High Risk,Manual Review
41196289,35000.0, 60 months,20.49,E,E4,10+ years,RENT,105000.0,Verified,debt_consolidation,TX,39.57,0.0,670.0,674.0,1.0,86.1,63.0,Individual,6,High Risk,Manual Review
40943417,31825.0, 60 months,19.52,E,E3,10+ years,RENT,63692.0,Verified,debt_consolidation,NV,39.58,0.0,670.0,674.0,1.0,77.2,37.0,Individual,5,High Risk,Manual Review
41216156,21075.0, 36 months,18.25,E,E1,10+ years,MORTGAGE,60000.0,Source Verified,debt_consolidation,NY,30.98,0.0,670.0,674.0,0.0,51.9,22.0,Individual,5,High Risk,Manual Review
41368232,13925.0, 60 months,18.25,E,E1,2 years,OWN,42000.0,Source Verified,credit_card,LA,30.57,0.0,685.0,689.0,0.0,75.4,14.0,Individual,5,High Risk,Manual Review
41298212,13825.0, 60 months,18.25,E,E1,1 year,RENT,38500.0,Source Verified,debt_consolidation,OH,30.14,0.0,665.0,669.0,0.0,79.3,24.0,Individual,5,High Risk,Manual Review
40992666,35000.0, 60 months,18.25,E,E1,3 years,RENT,85000.0,Verified,credit_card,OH,33.75,0.0,690.0,694.0,0.0,90.9,32.0,Individual,6,High Risk,Manual Review
41398338,35000.0, 36 months,18.25,E,E1,10+ years,MORTGAGE,93000.0,Verified,debt_consolidation,OH,30.67,0.0,675.0,679.0,0.0,66.9,42.0,Individual,5,High Risk,Manual Review
41419124,20750.0, 60 months,19.52,E,E3,10+ years,RENT,52000.0,Source Verified,debt_consolidation,NV,30.76,0.0,695.0,699.0,0.0,90.6,18.0,Individual,6,High Risk,Manual Review
41020907,22475.0, 60 months,19.52,E,E3,4 years,RENT,45000.0,Source Verified,debt_consolidation,WA,30.15,1.0,670.0,674.0,0.0,27.3,31.0,Individual,6,High Risk,Manual Review
41388225,10500.0, 60 months,24.99,F,F4,< 1 year,RENT,33000.0,Source Verified,credit_card,MI,31.64,0.0,665.0,669.0,0.0,97.0,17.0,Individual,6,High Risk,Manual Review
41152296,14350.0, 60 months,19.52,E,E3,4 years,OWN,40000.0,Source Verified,debt_consolidation,PA,37.17,0.0,735.0,739.0,1.0,19.7,19.0,Individual,5,High Risk,Manual Review
41144388,21100.0, 60 months,23.99,F,F2,10+ years,OWN,60000.0,Source Verified,debt_consolidation,FL,33.49,2.0,665.0,669.0,0.0,29.3,13.0,Individual,6,High Risk,Manual Review
41003607,30000.0, 60 months,19.52,E,E3,9 years,RENT,87108.49,Verified,debt_consolidation,NY,26.62,1.0,680.0,684.0,0.0,90.1,23.0,Individual,5,High Risk,Manual Review
41184499,25525.0, 60 months,23.99,F,F2,,OWN,60903.0,Verified,credit_card,GA,35.39,0.0,685.0,689.0,0.0,92.0,44.0,Individual,6,High Risk,Manual Review
40993344,20125.0, 36 months,18.25,E,E1,4 years,MORTGAGE,56000.0,Source Verified,debt_consolidation,IN,37.18,0.0,685.0,689.0,1.0,58.2,22.0,Individual,5,High Risk,Manual Review
41093717,28000.0, 60 months,19.52,E,E3,3 years,RENT,81555.0,Source Verified,debt_consolidation,GA,36.34,0.0,670.0,674.0,0.0,80.5,39.0,Individual,6,High Risk,Manual Review
41022511,12050.0, 60 months,25.99,G,G4,4 years,RENT,41000.0,Verified,debt_consolidation,NC,36.56,0.0,665.0,669.0,0.0,49.5,41.0,Individual,5,High Risk,Manual Review
41144045,16000.0, 60 months,19.52,E,E3,1 year,RENT,60000.0,Source Verified,debt_consolidation,GA,36.04,0.0,685.0,689.0,1.0,75.8,17.0,Individual,5,High Risk,Manual Review
41030014,20500.0, 60 months,18.84,E,E2,10+ years,MORTGAGE,51250.0,Source Verified,debt_consolidation,MN,29.41,2.0,660.0,664.0,2.0,85.8,32.0,Individual,5,High Risk,Manual Review
41163205,19750.0, 36 months,18.84,E,E2,6 years,RENT,55000.0,Verified,small_business,PA,32.73,0.0,675.0,679.0,1.0,55.8,26.0,Individual,5,High Risk,Manual Review
40993261,5875.0, 36 months,19.52,E,E3,2 years,OWN,19800.0,Source Verified,debt_consolidation,WI,30.3,0.0,665.0,669.0,1.0,94.3,13.0,Individual,6,High Risk,Manual Review
41123123,35000.0, 36 months,20.49,E,E4,4 years,OWN,85000.0,Verified,debt_consolidation,FL,17.51,1.0,660.0,664.0,0.0,92.8,16.0,Individual,5,High Risk,Manual Review
41102195,30000.0, 60 months,19.52,E,E3,8 years,MORTGAGE,72000.0,Verified,home_improvement,MN,18.3,1.0,665.0,669.0,0.0,85.0,26.0,Individual,5,High Risk,Manual Review
41163282,27450.0, 60 months,21.67,E,E5,9 years,OWN,62400.0,Source Verified,credit_card,MI,32.48,0.0,685.0,689.0,2.0,51.9,24.0,Individual,5,High Risk,Manual Review
40963433,25075.0, 36 months,20.49,E,E4,< 1 year,RENT,69500.0,Verified,debt_consolidation,CA,37.89,0.0,680.0,684.0,2.0,90.4,21.0,Individual,6,High Risk,Manual Review
41102789,9600.0, 36 months,20.49,E,E4,9 years,RENT,32000.0,Source Verified,debt_consolidation,MO,32.63,0.0,680.0,684.0,0.0,83.8,11.0,Individual,6,High Risk,Manual Review
40257482,21000.0, 60 months,17.57,D,D4,9 years,MORTGAGE,80000.0,Source Verified,debt_consolidation,WV,31.26,4.0,670.0,674.0,0.0,91.1,19.0,Individual,5,High Risk,Manual Review
40984250,11000.0, 60 months,18.25,E,E1,7 years,RENT,36500.0,Source Verified,debt_consolidation,WA,30.15,0.0,675.0,679.0,0.0,78.7,18.0,Individual,5,High Risk,Manual Review
40933963,22000.0, 36 months,15.61,D,D1,10+ years,RENT,55000.0,Verified,debt_consolidation,VA,34.56,4.0,675.0,679.0,1.0,96.1,43.0,Individual,5,High Risk,Manual Review
41074347,14625.0, 36 months,19.52,E,E3,9 years,RENT,60000.0,Verified,debt_consolidation,TX,39.03,0.0,720.0,724.0,2.0,28.2,28.0,Individual,5,High Risk,Manual Review
40963274,12125.0, 60 months,25.89,G,G3,< 1 year,RENT,31200.0,Verified,debt_consolidation,IN,31.77,0.0,680.0,684.0,2.0,102.1,18.0,Individual,6,High Risk,Manual Review
40943514,35000.0, 60 months,22.99,F,F1,10+ years,MORTGAGE,116453.0,Verified,credit_card,CO,31.83,0.0,700.0,704.0,4.0,88.0,46.0,Individual,6,High Risk,Manual Review
41074275,21875.0, 60 months,21.67,E,E5,10+ years,RENT,54888.0,Source Verified,debt_consolidation,CA,33.25,0.0,695.0,699.0,0.0,87.9,18.0,Individual,6,High Risk,Manual Review
40963261,20000.0, 60 months,24.5,F,F3,5 years,MORTGAGE,50000.0,Verified,debt_consolidation,IL,31.06,0.0,675.0,679.0,1.0,39.2,26.0,Individual,5,High Risk,Manual Review
41144201,24725.0, 60 months,18.25,E,E1,10+ years,MORTGAGE,68000.0,Source Verified,debt_consolidation,NY,36.6,0.0,740.0,744.0,0.0,42.9,25.0,Individual,5,High Risk,Manual Review
40432070,35000.0, 60 months,18.25,E,E1,10+ years,MORTGAGE,113500.0,Verified,debt_consolidation,NM,31.07,1.0,670.0,674.0,0.0,55.3,39.0,Individual,6,High Risk,Manual Review
40963356,16950.0, 36 months,20.49,E,E4,9 years,MORTGAGE,50000.0,Verified,debt_consolidation,IL,34.01,2.0,665.0,669.0,3.0,63.5,34.0,Individual,6,High Risk,Manual Review
41112274,10000.0, 36 months,18.25,E,E1,10+ years,RENT,37856.0,Verified,debt_consolidation,CO,34.53,1.0,665.0,669.0,1.0,48.8,35.0,Individual,6,High Risk,Manual Review
40950680,8725.0, 36 months,19.52,E,E3,9 years,RENT,39000.0,Source Verified,credit_card,OR,37.88,0.0,695.0,699.0,1.0,50.0,20.0,Individual,5,High Risk,Manual Review
40933811,35000.0, 60 months,21.67,E,E5,9 years,MORTGAGE,100000.0,Verified,debt_consolidation,CA,37.13,6.0,680.0,684.0,1.0,52.5,37.0,Individual,6,High Risk,Manual Review
41042985,35000.0, 60 months,18.25,E,E1,10+ years,OWN,83355.67,Verified,debt_consolidation,HI,31.76,0.0,690.0,694.0,0.0,86.3,15.0,Individual,6,High Risk,Manual Review
41093337,16100.0, 60 months,23.99,F,F2,5 years,MORTGAGE,58000.0,Source Verified,debt_consolidation,MO,38.86,2.0,670.0,674.0,1.0,88.0,41.0,Individual,7,High Risk,Manual Review
41092699,24375.0, 60 months,22.99,F,F1,2 years,MORTGAGE,70000.0,Verified,debt_consolidation,MT,35.64,0.0,675.0,679.0,0.0,94.8,28.0,Individual,6,High Risk,Manual Review
40482670,12925.0, 60 months,25.8,G,G1,10+ years,RENT,54000.0,Verified,debt_consolidation,OH,36.11,0.0,675.0,679.0,3.0,76.9,31.0,Individual,5,High Risk,Manual Review
40991652,34625.0, 60 months,25.8,G,G1,10+ years,RENT,80000.0,Verified,debt_consolidation,TN,32.73,0.0,700.0,704.0,1.0,82.9,24.0,Individual,6,High Risk,Manual Review
41122741,14475.0, 36 months,18.25,E,E1,,OWN,55000.0,Verified,debt_consolidation,MS,30.86,0.0,675.0,679.0,1.0,35.4,40.0,Individual,5,High Risk,Manual Review
40963041,12000.0, 60 months,22.99,F,F1,8 years,RENT,68250.0,Verified,debt_consolidation,DE,31.55,0.0,670.0,674.0,1.0,57.0,22.0,Individual,5,High Risk,Manual Review
41082005,12000.0, 60 months,18.84,E,E2,10+ years,MORTGAGE,48000.0,Not Verified,debt_consolidation,MA,30.05,3.0,675.0,679.0,1.0,35.4,25.0,Individual,6,High Risk,Manual Review
41002498,35000.0, 60 months,24.99,F,F4,2 years,MORTGAGE,109000.0,Source Verified,debt_consolidation,TN,21.25,1.0,670.0,674.0,0.0,92.1,28.0,Individual,5,High Risk,Manual Review
40443227,27200.0, 60 months,21.67,E,E5,10+ years,RENT,62000.0,Source Verified,debt_consolidation,NY,30.21,2.0,695.0,699.0,0.0,58.0,20.0,Individual,6,High Risk,Manual Review
40919189,15000.0, 60 months,18.25,E,E1,10+ years,MORTGAGE,58000.0,Not Verified,debt_consolidation,MA,7.8,1.0,665.0,669.0,1.0,85.6,13.0,Individual,5,High Risk,Manual Review
41052438,23725.0, 36 months,18.84,E,E2,6 years,RENT,47504.0,Verified,debt_consolidation,TX,39.36,0.0,690.0,694.0,0.0,84.4,11.0,Individual,6,High Risk,Manual Review
40983462,18550.0, 60 months,20.49,E,E4,8 years,MORTGAGE,52000.0,Not Verified,debt_consolidation,AZ,31.58,0.0,695.0,699.0,0.0,54.5,17.0,Individual,5,High Risk,Manual Review
40933625,13700.0, 60 months,24.99,F,F4,4 years,RENT,40000.0,Source Verified,debt_consolidation,TX,31.56,0.0,670.0,674.0,0.0,60.4,25.0,Individual,5,High Risk,Manual Review
41132393,25000.0, 60 months,25.8,G,G1,10+ years,MORTGAGE,88000.0,Verified,debt_consolidation,MA,19.15,1.0,670.0,674.0,1.0,81.0,20.0,Individual,5,High Risk,Manual Review
41052577,16000.0, 60 months,18.84,E,E2,2 years,MORTGAGE,60000.0,Source Verified,debt_consolidation,PA,39.66,0.0,705.0,709.0,0.0,74.1,23.0,Individual,5,High Risk,Manual Review
40980098,12350.0, 60 months,18.84,E,E2,10+ years,MORTGAGE,63000.0,Source Verified,debt_consolidation,TX,11.22,1.0,660.0,664.0,0.0,95.4,8.0,Individual,5,High Risk,Manual Review
41122471,19950.0, 36 months,24.99,F,F4,10+ years,OWN,40000.0,Verified,debt_consolidation,CA,35.25,0.0,675.0,679.0,2.0,93.4,28.0,Individual,6,High Risk,Manual Review
40952539,16000.0, 60 months,18.25,E,E1,10+ years,MORTGAGE,60000.0,Not Verified,debt_consolidation,IN,38.48,0.0,700.0,704.0,1.0,52.5,39.0,Individual,5,High Risk,Manual Review
41021154,13475.0, 36 months,18.25,E,E1,,RENT,32292.0,Verified,credit_card,CA,30.21,0.0,685.0,689.0,0.0,91.2,13.0,Individual,6,High Risk,Manual Review
41002198,20000.0, 60 months,16.99,D,D3,10+ years,MORTGAGE,70000.0,Source Verified,debt_consolidation,AR,37.13,1.0,675.0,679.0,0.0,81.9,24.0,Individual,5,High Risk,Manual Review
41102114,19750.0, 60 months,24.5,F,F3,10+ years,MORTGAGE,55000.0,Not Verified,debt_consolidation,PA,31.89,0.0,665.0,669.0,1.0,92.8,24.0,Individual,6,High Risk,Manual Review
41122356,35000.0, 60 months,21.67,E,E5,5 years,RENT,98000.0,Verified,credit_card,CA,22.1,1.0,675.0,679.0,0.0,99.6,38.0,Individual,5,High Risk,Manual Review
41102053,5875.0, 36 months,18.25,E,E1,3 years,MORTGAGE,55000.0,Not Verified,credit_card,TN,36.68,0.0,660.0,664.0,2.0,82.9,37.0,Individual,6,High Risk,Manual Review
40952435,29975.0, 60 months,24.99,F,F4,1 year,MORTGAGE,60000.0,Source Verified,debt_consolidation,SD,31.78,2.0,680.0,684.0,1.0,70.5,43.0,Individual,6,High Risk,Manual Review
40963052,18000.0, 60 months,18.25,E,E1,10+ years,MORTGAGE,65000.0,Source Verified,debt_consolidation,KY,34.56,0.0,680.0,684.0,0.0,82.1,19.0,Individual,6,High Risk,Manual Review
41080544,15825.0, 60 months,18.84,E,E2,7 years,MORTGAGE,46000.0,Source Verified,debt_consolidation,MO,39.03,0.0,700.0,704.0,0.0,68.1,31.0,Individual,5,High Risk,Manual Review
41002052,12000.0, 60 months,18.25,E,E1,4 years,OWN,66000.0,Verified,debt_consolidation,IL,32.56,1.0,670.0,674.0,3.0,86.7,25.0,Individual,7,High Risk,Manual Review
41143759,5750.0, 36 months,18.25,E,E1,2 years,RENT,40000.0,Verified,debt_consolidation,CA,35.4,0.0,675.0,679.0,1.0,72.8,44.0,Individual,5,High Risk,Manual Review
40933212,15000.0, 60 months,18.25,E,E1,,MORTGAGE,36816.0,Verified,debt_consolidation,TN,32.63,1.0,665.0,669.0,1.0,67.8,32.0,Individual,6,High Risk,Manual Review
41111794,13475.0, 60 months,19.52,E,E3,1 year,RENT,27000.0,Source Verified,debt_consolidation,GA,36.24,0.0,670.0,674.0,1.0,52.9,14.0,Individual,5,High Risk,Manual Review
40942643,35000.0, 60 months,20.49,E,E4,4 years,MORTGAGE,220000.0,Verified,debt_consolidation,CO,30.58,0.0,675.0,679.0,0.0,81.3,50.0,Individual,6,High Risk,Manual Review
40921065,8075.0, 36 months,21.67,E,E5,< 1 year,RENT,18300.0,Verified,debt_consolidation,IN,33.9,0.0,665.0,669.0,0.0,67.1,9.0,Individual,5,High Risk,Manual Review
40922550,35000.0, 36 months,16.55,D,D2,6 years,RENT,90000.0,Verified,credit_card,CA,34.12,1.0,660.0,664.0,0.0,83.8,21.0,Individual,5,High Risk,Manual Review
41060514,24000.0, 60 months,20.49,E,E4,10+ years,RENT,75000.0,Source Verified,debt_consolidation,KS,37.04,0.0,685.0,689.0,2.0,22.2,46.0,Individual,5,High Risk,Manual Review
40866219,14375.0, 60 months,20.49,E,E4,10+ years,OWN,47000.0,Source Verified,debt_consolidation,GA,35.9,0.0,670.0,674.0,0.0,72.6,11.0,Individual,5,High Risk,Manual Review
40980530,35000.0, 60 months,18.25,E,E1,10+ years,MORTGAGE,80000.0,Verified,debt_consolidation,VA,9.62,2.0,665.0,669.0,0.0,102.3,19.0,Individual,5,High Risk,Manual Review
41101897,10950.0, 60 months,21.67,E,E5,10+ years,MORTGAGE,22000.0,Verified,home_improvement,IL,30.39,9.0,670.0,674.0,1.0,36.9,41.0,Individual,6,High Risk,Manual Review
41162250,12450.0, 36 months,22.99,F,F1,10+ years,RENT,34835.55,Source Verified,debt_consolidation,FL,33.9,0.0,660.0,664.0,1.0,92.3,18.0,Individual,6,High Risk,Manual Review
40962436,11575.0, 60 months,18.25,E,E1,4 years,RENT,29000.0,Verified,debt_consolidation,UT,30.79,0.0,680.0,684.0,1.0,39.9,36.0,Individual,5,High Risk,Manual Review
41143534,21125.0, 60 months,20.49,E,E4,10+ years,RENT,50500.0,Source Verified,credit_card,NY,36.05,0.0,670.0,674.0,2.0,68.1,23.0,Individual,5,High Risk,Manual Review
41162161,12000.0, 60 months,19.52,E,E3,,OWN,28000.0,Verified,credit_card,NC,33.37,0.0,690.0,694.0,0.0,56.2,22.0,Individual,5,High Risk,Manual Review
41111759,19750.0, 60 months,18.84,E,E2,9 years,RENT,43000.0,Source Verified,credit_card,NV,37.98,0.0,695.0,699.0,1.0,72.0,35.0,Individual,5,High Risk,Manual Review
41152205,13750.0, 60 months,18.25,E,E1,5 years,RENT,30000.0,Source Verified,debt_consolidation,CA,36.84,0.0,680.0,684.0,0.0,75.0,15.0,Individual,5,High Risk,Manual Review
40991996,7375.0, 36 months,20.49,E,E4,10+ years,RENT,38300.0,Verified,debt_consolidation,FL,32.78,0.0,665.0,669.0,0.0,38.2,16.0,Individual,5,High Risk,Manual Review
41122150,35000.0, 60 months,19.52,E,E3,8 years,MORTGAGE,103260.0,Verified,debt_consolidation,CT,27.84,1.0,660.0,664.0,0.0,87.1,35.0,Individual,5,High Risk,Manual Review
41101319,17975.0, 60 months,18.84,E,E2,6 years,OWN,50000.0,Verified,debt_consolidation,HI,30.17,0.0,670.0,674.0,0.0,93.9,18.0,Individual,6,High Risk,Manual Review
40941977,13125.0, 60 months,25.57,F,F5,1 year,OWN,32000.0,Source Verified,debt_consolidation,AR,24.42,1.0,700.0,704.0,1.0,86.8,19.0,Individual,5,High Risk,Manual Review
40962674,15250.0, 60 months,18.25,E,E1,6 years,MORTGAGE,48000.0,Not Verified,debt_consolidation,PA,37.6,0.0,695.0,699.0,1.0,54.6,70.0,Individual,5,High Risk,Manual Review
41131431,35000.0, 60 months,18.25,E,E1,10+ years,MORTGAGE,91000.0,Verified,debt_consolidation,SC,37.16,0.0,695.0,699.0,0.0,83.1,30.0,Individual,6,High Risk,Manual Review
41061027,10575.0, 60 months,18.25,E,E1,9 years,MORTGAGE,46000.0,Not Verified,credit_card,KS,34.78,0.0,660.0,664.0,0.0,87.2,38.0,Individual,6,High Risk,Manual Review
41161750,24800.0, 60 months,21.67,E,E5,2 years,OWN,97000.0,Source Verified,debt_consolidation,CO,34.73,1.0,675.0,679.0,1.0,70.2,37.0,Individual,6,High Risk,Manual Review
41021613,9575.0, 36 months,24.99,F,F4,8 years,RENT,32000.0,Verified,debt_consolidation,AL,31.43,0.0,675.0,679.0,0.0,65.7,23.0,Individual,5,High Risk,Manual Review
41162016,9025.0, 36 months,18.84,E,E2,6 years,MORTGAGE,22633.69,Verified,debt_consolidation,NY,36.11,0.0,660.0,664.0,2.0,77.1,30.0,Individual,5,High Risk,Manual Review
41152167,35000.0, 36 months,18.25,E,E1,< 1 year,OWN,85000.0,Verified,debt_consolidation,MI,10.39,1.0,685.0,689.0,5.0,80.7,57.0,Individual,5,High Risk,Manual Review
38428907,35000.0, 60 months,20.49,E,E4,10+ years,MORTGAGE,75000.0,Verified,debt_consolidation,MO,23.01,1.0,670.0,674.0,0.0,84.3,29.0,Individual,5,High Risk,Manual Review
41072086,11500.0, 60 months,21.67,E,E5,4 years,OWN,51000.0,Source Verified,debt_consolidation,NY,36.64,1.0,660.0,664.0,2.0,74.3,35.0,Individual,6,High Risk,Manual Review
41052245,27425.0, 60 months,18.84,E,E2,2 years,RENT,70000.0,Verified,debt_consolidation,CA,38.23,0.0,680.0,684.0,0.0,89.0,16.0,Individual,6,High Risk,Manual Review
40583261,27300.0, 60 months,18.84,E,E2,7 years,RENT,145000.0,Verified,debt_consolidation,CO,30.54,0.0,670.0,674.0,0.0,97.1,32.0,Individual,6,High Risk,Manual Review
40991674,13950.0, 60 months,21.67,E,E5,3 years,RENT,28000.0,Source Verified,debt_consolidation,MD,31.2,0.0,685.0,689.0,0.0,56.0,33.0,Individual,5,High Risk,Manual Review
41111622,2900.0, 36 months,18.25,E,E1,6 years,RENT,30000.0,Not Verified,debt_consolidation,CA,32.92,0.0,660.0,664.0,1.0,80.2,26.0,Individual,6,High Risk,Manual Review
40932874,35000.0, 60 months,18.25,E,E1,10+ years,MORTGAGE,120000.0,Verified,debt_consolidation,AZ,10.86,1.0,690.0,694.0,2.0,88.8,30.0,Individual,5,High Risk,Manual Review
26539427,16750.0, 60 months,22.99,F,F1,2 years,MORTGAGE,42000.0,Not Verified,debt_consolidation,MN,33.23,2.0,660.0,664.0,0.0,76.6,28.0,Individual,6,High Risk,Manual Review
40979621,15000.0, 60 months,18.25,E,E1,7 years,MORTGAGE,55000.0,Source Verified,debt_consolidation,GA,32.84,0.0,690.0,694.0,1.0,75.1,33.0,Individual,5,High Risk,Manual Review
40962356,24000.0, 60 months,19.52,E,E3,< 1 year,MORTGAGE,97200.0,Verified,debt_consolidation,NY,27.06,3.0,665.0,669.0,0.0,84.7,34.0,Individual,5,High Risk,Manual Review
41059633,25000.0, 60 months,18.25,E,E1,< 1 year,RENT,56000.0,Source Verified,debt_consolidation,IL,35.6,0.0,730.0,734.0,0.0,40.7,31.0,Individual,5,High Risk,Manual Review
41151980,15000.0, 60 months,22.99,F,F1,5 years,MORTGAGE,37000.0,Verified,debt_consolidation,MO,25.81,3.0,690.0,694.0,2.0,95.0,21.0,Individual,5,High Risk,Manual Review
41131404,21800.0, 60 months,18.25,E,E1,10+ years,MORTGAGE,47770.0,Source Verified,debt_consolidation,TX,28.59,1.0,670.0,674.0,0.0,90.0,23.0,Individual,5,High Risk,Manual Review
40492543,2775.0, 36 months,18.84,E,E2,10+ years,OWN,45000.0,Not Verified,debt_consolidation,TN,31.76,0.0,755.0,759.0,1.0,24.2,38.0,Individual,5,High Risk,Manual Review
41119791,18000.0, 60 months,18.25,E,E1,< 1 year,OWN,50000.0,Not Verified,credit_card,MA,30.8,0.0,665.0,669.0,2.0,95.4,60.0,Individual,6,High Risk,Manual Review
41143032,11625.0, 60 months,20.49,E,E4,6 years,MORTGAGE,32600.0,Source Verified,debt_consolidation,OH,35.53,0.0,690.0,694.0,0.0,65.6,20.0,Individual,5,High Risk,Manual Review
40991576,32000.0, 60 months,17.86,D,D5,8 years,MORTGAGE,65000.0,Verified,debt_consolidation,MD,30.7,1.0,665.0,669.0,0.0,96.4,35.0,Individual,5,High Risk,Manual Review
40932637,20000.0, 36 months,18.25,E,E1,1 year,MORTGAGE,50000.0,Source Verified,debt_consolidation,MA,36.97,0.0,675.0,679.0,1.0,59.7,19.0,Individual,5,High Risk,Manual Review
41121847,6100.0, 36 months,23.99,F,F2,4 years,RENT,30000.0,Verified,major_purchase,NY,32.24,0.0,680.0,684.0,1.0,67.6,10.0,Individual,5,High Risk,Manual Review
41151304,35000.0, 60 months,25.57,F,F5,7 years,RENT,87000.0,Verified,credit_card,TX,31.34,0.0,690.0,694.0,1.0,88.7,72.0,Individual,6,High Risk,Manual Review
41070365,27650.0, 60 months,22.99,F,F1,10+ years,MORTGAGE,80696.0,Not Verified,debt_consolidation,FL,38.3,0.0,700.0,704.0,1.0,61.2,26.0,Individual,5,High Risk,Manual Review
40959707,11625.0, 60 months,18.84,E,E2,10+ years,MORTGAGE,44636.0,Not Verified,debt_consolidation,IL,36.72,0.0,715.0,719.0,0.0,77.3,37.0,Individual,5,High Risk,Manual Review
41021458,28000.0, 36 months,19.52,E,E3,6 years,MORTGAGE,102000.0,Verified,debt_consolidation,OH,30.19,1.0,675.0,679.0,2.0,76.6,37.0,Individual,6,High Risk,Manual Review
40941188,14150.0, 60 months,20.49,E,E4,10+ years,MORTGAGE,49666.0,Not Verified,debt_consolidation,UT,34.32,0.0,670.0,674.0,0.0,87.2,37.0,Individual,6,High Risk,Manual Review
40442467,7000.0, 36 months,24.5,F,F3,10+ years,MORTGAGE,40000.0,Source Verified,debt_consolidation,IN,34.23,1.0,710.0,714.0,0.0,4.1,19.0,Individual,6,High Risk,Manual Review
41071643,25000.0, 60 months,23.99,F,F2,4 years,RENT,105000.0,Verified,debt_consolidation,GA,34.35,0.0,660.0,664.0,3.0,48.8,26.0,Individual,5,High Risk,Manual Review
41159849,8225.0, 36 months,18.25,E,E1,,OWN,20739.48,Verified,debt_consolidation,IL,33.85,0.0,670.0,674.0,1.0,47.9,27.0,Individual,5,High Risk,Manual Review
41071353,3500.0, 36 months,20.49,E,E4,< 1 year,MORTGAGE,35000.0,Not Verified,major_purchase,NY,36.49,1.0,710.0,714.0,1.0,12.5,25.0,Individual,6,High Risk,Manual Review
40941193,17050.0, 36 months,18.84,E,E2,,OWN,47508.0,Verified,debt_consolidation,MD,32.74,0.0,660.0,664.0,0.0,62.1,25.0,Individual,5,High Risk,Manual Review
40921978,2700.0, 36 months,18.84,E,E2,,RENT,17566.8,Verified,debt_consolidation,SC,35.13,0.0,735.0,739.0,0.0,34.8,9.0,Individual,5,High Risk,Manual Review
40951185,29125.0, 60 months,18.25,E,E1,10+ years,MORTGAGE,86840.0,Verified,debt_consolidation,SC,33.36,1.0,660.0,664.0,0.0,70.4,35.0,Individual,6,High Risk,Manual Review
41031147,21000.0, 60 months,19.52,E,E3,< 1 year,RENT,48000.0,Source Verified,debt_consolidation,FL,36.53,0.0,730.0,734.0,0.0,86.7,21.0,Individual,6,High Risk,Manual Review
40981687,18150.0, 60 months,22.99,F,F1,10+ years,RENT,41261.08,Source Verified,debt_consolidation,AR,38.13,1.0,680.0,684.0,0.0,57.8,27.0,Individual,6,High Risk,Manual Review
40932158,1500.0, 36 months,18.25,E,E1,< 1 year,OWN,26000.0,Not Verified,debt_consolidation,FL,36.29,0.0,680.0,684.0,2.0,42.2,41.0,Individual,5,High Risk,Manual Review
41161400,25000.0, 60 months,19.52,E,E3,2 years,MORTGAGE,84000.0,Verified,debt_consolidation,NM,35.0,0.0,680.0,684.0,0.0,95.8,31.0,Individual,6,High Risk,Manual Review
40961877,15000.0, 60 months,18.25,E,E1,5 years,MORTGAGE,59600.0,Source Verified,debt_consolidation,NC,37.05,0.0,715.0,719.0,2.0,69.9,23.0,Individual,5,High Risk,Manual Review
39752331,30000.0, 60 months,21.67,E,E5,10+ years,MORTGAGE,84000.0,Verified,debt_consolidation,KY,21.46,1.0,685.0,689.0,2.0,82.2,39.0,Individual,5,High Risk,Manual Review
41031142,7500.0, 36 months,15.61,D,D1,,MORTGAGE,50000.0,Verified,debt_consolidation,FL,38.21,1.0,660.0,664.0,0.0,81.6,35.0,Individual,5,High Risk,Manual Review
41081193,29500.0, 60 months,18.25,E,E1,10+ years,MORTGAGE,125000.0,Verified,credit_card,IL,31.55,0.0,680.0,684.0,4.0,83.4,55.0,Individual,6,High Risk,Manual Review
40932197,10000.0, 60 months,18.84,E,E2,10+ years,OWN,35000.0,Source Verified,debt_consolidation,WA,31.76,0.0,680.0,684.0,0.0,54.7,13.0,Individual,5,High Risk,Manual Review
41161460,24000.0, 60 months,18.84,E,E2,6 years,RENT,66400.0,Verified,debt_consolidation,NC,35.15,0.0,675.0,679.0,1.0,93.4,22.0,Individual,6,High Risk,Manual Review
41051794,5075.0, 36 months,18.84,E,E2,2 years,RENT,24000.0,Verified,other,WA,32.1,0.0,665.0,669.0,0.0,85.0,9.0,Individual,6,High Risk,Manual Review
40354590,24375.0, 60 months,23.99,F,F2,10+ years,MORTGAGE,61000.0,Source Verified,credit_card,NC,35.65,0.0,675.0,679.0,0.0,40.1,37.0,Individual,5,High Risk,Manual Review
39619171,10000.0, 60 months,19.52,E,E3,10+ years,MORTGAGE,33000.0,Not Verified,home_improvement,TX,36.95,1.0,695.0,699.0,0.0,46.0,30.0,Individual,6,High Risk,Manual Review
40932074,15000.0, 60 months,18.25,E,E1,10+ years,RENT,49995.0,Verified,debt_consolidation,KS,37.93,0.0,665.0,669.0,1.0,58.5,35.0,Individual,5,High Risk,Manual Review
41130977,11175.0, 60 months,20.49,E,E4,10+ years,MORTGAGE,29000.0,Source Verified,debt_consolidation,OR,37.78,0.0,720.0,724.0,1.0,80.5,22.0,Individual,6,High Risk,Manual Review
41169521,25200.0, 60 months,18.84,E,E2,1 year,OWN,55000.0,Source Verified,credit_card,TX,39.56,1.0,685.0,689.0,3.0,73.6,34.0,Individual,6,High Risk,Manual Review
41020071,35000.0, 60 months,19.52,E,E3,5 years,MORTGAGE,100000.0,Verified,debt_consolidation,IN,38.88,0.0,720.0,724.0,0.0,64.7,46.0,Individual,5,High Risk,Manual Review
40929351,22050.0, 60 months,19.52,E,E3,10+ years,MORTGAGE,72735.0,Verified,debt_consolidation,PA,31.45,0.0,660.0,664.0,0.0,99.9,32.0,Individual,6,High Risk,Manual Review
41161150,30000.0, 60 months,23.99,F,F2,< 1 year,MORTGAGE,80000.0,Verified,debt_consolidation,CA,22.53,1.0,660.0,664.0,2.0,96.0,44.0,Individual,5,High Risk,Manual Review
40931956,5000.0, 36 months,15.61,D,D1,3 years,OWN,35000.0,Source Verified,debt_consolidation,UT,30.73,1.0,660.0,664.0,2.0,93.6,14.0,Individual,5,High Risk,Manual Review
41100760,8625.0, 36 months,22.99,F,F1,10+ years,OWN,28800.0,Source Verified,other,GA,35.96,0.0,675.0,679.0,1.0,77.0,21.0,Individual,5,High Risk,Manual Review
41091976,22775.0, 36 months,18.25,E,E1,,RENT,60000.0,Verified,debt_consolidation,CA,34.6,0.0,675.0,679.0,3.0,98.2,20.0,Individual,6,High Risk,Manual Review
40990934,7750.0, 36 months,19.52,E,E3,3 years,RENT,26000.0,Source Verified,debt_consolidation,WA,37.07,0.0,665.0,669.0,1.0,67.8,18.0,Individual,5,High Risk,Manual Review
40961604,17350.0, 36 months,18.25,E,E1,7 years,MORTGAGE,72000.0,Verified,home_improvement,NC,34.97,0.0,790.0,794.0,0.0,2.6,15.0,Individual,5,High Risk,Manual Review
40413722,12700.0, 60 months,19.52,E,E3,10+ years,MORTGAGE,36254.0,Source Verified,debt_consolidation,AL,31.48,1.0,705.0,709.0,0.0,32.7,18.0,Individual,6,High Risk,Manual Review
41081074,28975.0, 60 months,21.67,E,E5,,RENT,58000.0,Verified,debt_consolidation,HI,31.83,0.0,670.0,674.0,0.0,80.0,18.0,Individual,5,High Risk,Manual Review
41151102,18350.0, 60 months,22.99,F,F1,10+ years,MORTGAGE,60000.0,Not Verified,debt_consolidation,TX,39.32,0.0,680.0,684.0,0.0,61.1,42.0,Individual,5,High Risk,Manual Review
40939332,35000.0, 60 months,20.49,E,E4,5 years,MORTGAGE,84000.0,Verified,debt_consolidation,NJ,16.31,1.0,670.0,674.0,0.0,84.6,26.0,Individual,5,High Risk,Manual Review
41041179,14400.0, 60 months,18.25,E,E1,10+ years,RENT,86800.0,Not Verified,debt_consolidation,MA,31.26,0.0,670.0,674.0,0.0,90.9,30.0,Individual,6,High Risk,Manual Review
40931865,10000.0, 60 months,17.57,D,D4,< 1 year,RENT,61000.0,Verified,debt_consolidation,TX,39.05,2.0,670.0,674.0,0.0,87.8,54.0,Individual,5,High Risk,Manual Review
41141831,24375.0, 60 months,22.99,F,F1,4 years,RENT,68250.0,Verified,debt_consolidation,NV,33.85,0.0,690.0,694.0,0.0,97.6,28.0,Individual,6,High Risk,Manual Review
40931819,25800.0, 60 months,18.84,E,E2,6 years,MORTGAGE,70000.0,Verified,debt_consolidation,CT,30.75,0.0,665.0,669.0,1.0,68.5,22.0,Individual,5,High Risk,Manual Review
41130798,35000.0, 60 months,18.84,E,E2,4 years,RENT,85000.0,Verified,debt_consolidation,CA,33.66,0.0,690.0,694.0,0.0,86.4,19.0,Individual,6,High Risk,Manual Review
40990194,5950.0, 36 months,20.49,E,E4,7 years,RENT,20000.0,Verified,debt_consolidation,CA,33.49,0.0,675.0,679.0,0.0,71.2,17.0,Individual,5,High Risk,Manual Review
41041105,10000.0, 60 months,18.25,E,E1,1 year,RENT,25000.0,Verified,debt_consolidation,CA,34.61,0.0,665.0,669.0,0.0,26.8,40.0,Individual,5,High Risk,Manual Review
41141521,28100.0, 60 months,23.99,F,F2,5 years,MORTGAGE,63000.0,Source Verified,debt_consolidation,TX,34.84,0.0,665.0,669.0,0.0,69.0,22.0,Individual,5,High Risk,Manual Review
40970647,25000.0, 60 months,18.84,E,E2,10+ years,OWN,108300.0,Verified,debt_consolidation,FL,30.67,1.0,670.0,674.0,0.0,72.4,61.0,Individual,6,High Risk,Manual Review
40921695,19075.0, 60 months,24.99,F,F4,10+ years,MORTGAGE,53100.0,Verified,debt_consolidation,OH,33.45,0.0,680.0,684.0,1.0,57.1,46.0,Individual,5,High Risk,Manual Review
41141235,27300.0, 60 months,21.67,E,E5,1 year,RENT,72000.0,Verified,debt_consolidation,IL,31.41,0.0,665.0,669.0,2.0,66.4,31.0,Individual,5,High Risk,Manual Review
41151223,11225.0, 36 months,21.67,E,E5,< 1 year,RENT,30000.0,Source Verified,debt_consolidation,TX,36.64,0.0,675.0,679.0,1.0,83.1,17.0,Individual,6,High Risk,Manual Review
41030449,11500.0, 60 months,19.52,E,E3,4 years,RENT,32150.0,Source Verified,debt_consolidation,AZ,30.61,0.0,670.0,674.0,0.0,78.4,15.0,Individual,5,High Risk,Manual Review
41051305,6850.0, 36 months,18.25,E,E1,2 years,MORTGAGE,44282.0,Verified,debt_consolidation,CA,34.91,0.0,700.0,704.0,1.0,40.7,45.0,Individual,5,High Risk,Manual Review
41141417,10350.0, 36 months,21.67,E,E5,2 years,MORTGAGE,27000.0,Source Verified,debt_consolidation,PA,30.09,0.0,685.0,689.0,0.0,68.7,9.0,Individual,5,High Risk,Manual Review
41040967,9550.0, 36 months,18.25,E,E1,1 year,RENT,30000.0,Source Verified,credit_card,NY,31.76,1.0,660.0,664.0,1.0,36.4,22.0,Individual,6,High Risk,Manual Review
41160841,14025.0, 36 months,25.57,F,F5,3 years,RENT,50000.0,Source Verified,house,CA,34.54,0.0,685.0,689.0,0.0,86.4,10.0,Individual,6,High Risk,Manual Review
41130770,4800.0, 36 months,18.84,E,E2,10+ years,MORTGAGE,47000.0,Not Verified,other,OH,30.98,0.0,670.0,674.0,1.0,94.8,42.0,Individual,6,High Risk,Manual Review
41020884,14900.0, 36 months,18.25,E,E1,5 years,RENT,50000.0,Source Verified,debt_consolidation,AZ,32.77,0.0,685.0,689.0,1.0,68.9,21.0,Individual,5,High Risk,Manual Review
41060981,23475.0, 60 months,24.99,F,F4,,MORTGAGE,58800.0,Verified,debt_consolidation,CA,11.53,2.0,680.0,684.0,0.0,84.7,21.0,Individual,5,High Risk,Manual Review
41060111,30000.0, 60 months,20.49,E,E4,3 years,OWN,63952.0,Verified,major_purchase,TX,35.02,0.0,690.0,694.0,4.0,35.5,27.0,Individual,5,High Risk,Manual Review
40931525,21000.0, 60 months,18.25,E,E1,10+ years,MORTGAGE,71000.0,Verified,debt_consolidation,MO,30.24,0.0,665.0,669.0,0.0,74.4,23.0,Individual,5,High Risk,Manual Review
41020874,21000.0, 60 months,22.99,F,F1,10+ years,OWN,69000.0,Source Verified,debt_consolidation,CA,11.5,1.0,660.0,664.0,0.0,82.4,10.0,Individual,5,High Risk,Manual Review
41000563,9600.0, 36 months,19.52,E,E3,8 years,MORTGAGE,39580.0,Verified,debt_consolidation,TX,34.23,1.0,685.0,689.0,3.0,22.1,47.0,Individual,6,High Risk,Manual Review
40931214,14975.0, 60 months,25.89,G,G3,3 years,RENT,60000.0,Source Verified,house,CA,31.57,0.0,660.0,664.0,0.0,96.5,17.0,Individual,6,High Risk,Manual Review
40961312,22600.0, 60 months,20.49,E,E4,10+ years,MORTGAGE,60000.0,Source Verified,debt_consolidation,NV,38.8,0.0,660.0,664.0,0.0,72.0,15.0,Individual,5,High Risk,Manual Review
41050355,12000.0, 60 months,24.5,F,F3,2 years,MORTGAGE,67000.0,Verified,debt_consolidation,LA,39.39,1.0,660.0,664.0,1.0,84.4,54.0,Individual,7,High Risk,Manual Review
41091662,27450.0, 36 months,21.67,E,E5,10+ years,MORTGAGE,55000.0,Verified,debt_consolidation,NY,32.8,0.0,665.0,669.0,0.0,81.0,28.0,Individual,6,High Risk,Manual Review
41130593,13325.0, 60 months,18.84,E,E2,10+ years,MORTGAGE,58000.0,Verified,credit_card,AZ,30.97,0.0,700.0,704.0,3.0,28.4,42.0,Individual,5,High Risk,Manual Review
41071100,4075.0, 36 months,20.49,E,E4,< 1 year,RENT,12000.0,Not Verified,moving,CA,38.3,2.0,670.0,674.0,0.0,53.0,11.0,Individual,6,High Risk,Manual Review
41091693,11200.0, 60 months,21.67,E,E5,< 1 year,RENT,35000.0,Source Verified,debt_consolidation,NV,39.78,0.0,660.0,664.0,0.0,70.5,17.0,Individual,5,High Risk,Manual Review
40929513,19500.0, 60 months,18.25,E,E1,8 years,RENT,47000.0,Source Verified,debt_consolidation,MN,35.67,0.0,715.0,719.0,0.0,94.6,22.0,Individual,6,High Risk,Manual Review
40441134,10725.0, 60 months,25.89,G,G3,1 year,OWN,30000.0,Verified,debt_consolidation,OH,30.8,0.0,680.0,684.0,0.0,94.7,16.0,Individual,6,High Risk,Manual Review
41130601,15000.0, 60 months,18.25,E,E1,6 years,MORTGAGE,66000.0,Source Verified,debt_consolidation,CO,30.11,0.0,750.0,754.0,3.0,7.0,25.0,Individual,5,High Risk,Manual Review
40520248,5625.0, 36 months,16.55,D,D2,8 years,RENT,38000.0,Source Verified,debt_consolidation,NC,39.55,1.0,675.0,679.0,1.0,88.4,20.0,Individual,5,High Risk,Manual Review
40979279,17300.0, 60 months,19.52,E,E3,10+ years,MORTGAGE,68000.0,Source Verified,credit_card,MD,33.23,0.0,690.0,694.0,0.0,63.5,50.0,Individual,5,High Risk,Manual Review
41051136,35000.0, 60 months,23.99,F,F2,7 years,OWN,78000.0,Verified,credit_card,NY,35.8,0.0,685.0,689.0,1.0,82.3,19.0,Individual,6,High Risk,Manual Review
41010290,29000.0, 60 months,20.49,E,E4,7 years,RENT,70000.0,Verified,debt_consolidation,GA,34.13,0.0,680.0,684.0,2.0,74.0,24.0,Individual,5,High Risk,Manual Review
40866230,10600.0, 36 months,18.25,E,E1,,MORTGAGE,70000.0,Verified,debt_consolidation,SC,16.36,1.0,685.0,689.0,0.0,100.2,22.0,Individual,5,High Risk,Manual Review
41000532,2300.0, 36 months,18.25,E,E1,< 1 year,RENT,20000.0,Not Verified,debt_consolidation,NM,33.41,1.0,660.0,664.0,0.0,58.2,19.0,Individual,6,High Risk,Manual Review
40961167,19550.0, 60 months,25.83,G,G2,9 years,RENT,49000.0,Not Verified,credit_card,IL,36.77,0.0,680.0,684.0,0.0,100.8,18.0,Individual,6,High Risk,Manual Review
41151150,13500.0, 60 months,25.8,G,G1,,OWN,45297.96,Verified,debt_consolidation,NJ,35.74,0.0,670.0,674.0,0.0,101.1,36.0,Individual,6,High Risk,Manual Review
40940517,16000.0, 60 months,19.52,E,E3,4 years,RENT,80000.0,Source Verified,other,NY,33.83,0.0,670.0,674.0,2.0,69.2,27.0,Individual,5,High Risk,Manual Review
41060885,5000.0, 36 months,20.49,E,E4,,OWN,16776.0,Verified,debt_consolidation,NM,30.04,0.0,685.0,689.0,1.0,68.6,24.0,Individual,5,High Risk,Manual Review
40921107,15000.0, 60 months,18.84,E,E2,8 years,MORTGAGE,38500.0,Not Verified,debt_consolidation,TN,30.21,1.0,665.0,669.0,0.0,65.5,18.0,Individual,6,High Risk,Manual Review
41009173,15500.0, 60 months,23.99,F,F2,3 years,MORTGAGE,52000.0,Verified,debt_consolidation,WA,35.43,0.0,670.0,674.0,0.0,78.3,35.0,Individual,5,High Risk,Manual Review
41050998,14975.0, 60 months,21.67,E,E5,1 year,RENT,30000.0,Source Verified,debt_consolidation,KY,36.28,0.0,670.0,674.0,0.0,67.2,16.0,Individual,5,High Risk,Manual Review
41060918,35000.0, 36 months,23.99,F,F2,10+ years,RENT,105000.0,Verified,debt_consolidation,IN,14.27,1.0,660.0,664.0,0.0,98.9,27.0,Individual,5,High Risk,Manual Review
41090609,14000.0, 60 months,18.25,E,E1,7 years,RENT,68900.0,Verified,other,MD,33.91,0.0,680.0,684.0,0.0,44.7,21.0,Individual,5,High Risk,Manual Review
41140921,9350.0, 36 months,18.84,E,E2,3 years,MORTGAGE,31200.0,Source Verified,debt_consolidation,GA,37.55,1.0,660.0,664.0,0.0,70.3,28.0,Individual,6,High Risk,Manual Review
40970068,15000.0, 36 months,19.52,E,E3,< 1 year,MORTGAGE,82000.0,Not Verified,house,TX,37.33,0.0,670.0,674.0,1.0,60.0,87.0,Individual,5,High Risk,Manual Review
40990526,16200.0, 36 months,19.52,E,E3,5 years,RENT,45000.0,Verified,debt_consolidation,FL,38.0,0.0,665.0,669.0,1.0,62.2,46.0,Individual,5,High Risk,Manual Review
41020629,12175.0, 60 months,20.49,E,E4,,RENT,30559.0,Verified,debt_consolidation,TX,30.79,0.0,660.0,664.0,0.0,71.0,18.0,Individual,5,High Risk,Manual Review
41000258,16650.0, 60 months,21.67,E,E5,,OWN,38000.0,Verified,debt_consolidation,CA,31.78,0.0,700.0,704.0,0.0,53.4,19.0,Individual,5,High Risk,Manual Review
40502268,18700.0, 60 months,21.67,E,E5,10+ years,MORTGAGE,75000.0,Verified,debt_consolidation,AL,36.67,0.0,700.0,704.0,0.0,83.8,47.0,Individual,6,High Risk,Manual Review
41000241,12000.0, 60 months,18.25,E,E1,10+ years,OWN,28000.0,Verified,credit_card,AZ,38.36,0.0,665.0,669.0,1.0,82.8,10.0,Individual,6,High Risk,Manual Review
41160426,31575.0, 60 months,22.99,F,F1,10+ years,MORTGAGE,75268.0,Verified,credit_card,OH,30.82,0.0,695.0,699.0,0.0,93.3,21.0,Individual,6,High Risk,Manual Review
41060601,19300.0, 60 months,23.99,F,F2,6 years,RENT,46000.0,Verified,debt_consolidation,NJ,32.85,0.0,665.0,669.0,0.0,76.7,28.0,Individual,5,High Risk,Manual Review
41011065,5275.0, 36 months,18.25,E,E1,10+ years,RENT,49800.0,Verified,debt_consolidation,IN,15.73,1.0,660.0,664.0,2.0,95.5,9.0,Individual,5,High Risk,Manual Review
41019389,35000.0, 60 months,22.99,F,F1,< 1 year,OWN,90000.0,Verified,debt_consolidation,OH,7.63,1.0,670.0,674.0,0.0,91.4,25.0,Individual,5,High Risk,Manual Review
41150922,16700.0, 60 months,18.25,E,E1,6 years,OWN,46500.0,Not Verified,debt_consolidation,GA,37.42,0.0,715.0,719.0,0.0,95.3,25.0,Individual,6,High Risk,Manual Review
41150889,19200.0, 60 months,18.25,E,E1,2 years,RENT,40000.0,Source Verified,debt_consolidation,HI,34.02,1.0,675.0,679.0,1.0,94.9,11.0,Individual,7,High Risk,Manual Review
41040602,26975.0, 60 months,25.83,G,G2,10+ years,MORTGAGE,65000.0,Verified,debt_consolidation,PA,17.54,2.0,665.0,669.0,2.0,82.6,38.0,Individual,5,High Risk,Manual Review
40473020,23000.0, 60 months,18.25,E,E1,10+ years,RENT,55000.0,Source Verified,debt_consolidation,VA,34.78,0.0,660.0,664.0,0.0,80.1,19.0,Individual,6,High Risk,Manual Review
40949986,10175.0, 60 months,18.84,E,E2,3 years,MORTGAGE,32000.0,Source Verified,debt_consolidation,KY,31.88,0.0,695.0,699.0,1.0,66.6,13.0,Individual,5,High Risk,Manual Review
40373653,33875.0, 36 months,21.67,E,E5,10+ years,MORTGAGE,77213.0,Verified,debt_consolidation,MS,33.18,0.0,660.0,664.0,0.0,55.2,66.0,Individual,5,High Risk,Manual Review
39672529,2500.0, 36 months,18.84,E,E2,4 years,RENT,17000.0,Not Verified,debt_consolidation,NJ,37.29,0.0,675.0,679.0,1.0,81.4,8.0,Individual,6,High Risk,Manual Review
41120608,16200.0, 60 months,19.52,E,E3,,MORTGAGE,45000.0,Verified,debt_consolidation,MO,19.79,2.0,665.0,669.0,0.0,86.3,19.0,Individual,5,High Risk,Manual Review
40960961,20750.0, 60 months,18.25,E,E1,4 years,RENT,64800.0,Verified,credit_card,FL,34.51,0.0,700.0,704.0,1.0,55.2,24.0,Individual,5,High Risk,Manual Review
41100233,10075.0, 60 months,18.25,E,E1,10+ years,MORTGAGE,30000.0,Source Verified,credit_card,FL,32.04,0.0,670.0,674.0,1.0,49.9,42.0,Individual,5,High Risk,Manual Review
40412969,10750.0, 60 months,25.8,G,G1,< 1 year,RENT,30000.0,Source Verified,debt_consolidation,CO,33.4,0.0,665.0,669.0,0.0,57.6,12.0,Individual,5,High Risk,Manual Review
41070419,17475.0, 60 months,23.99,F,F2,2 years,MORTGAGE,35000.0,Source Verified,debt_consolidation,AL,32.54,0.0,670.0,674.0,1.0,92.9,17.0,Individual,6,High Risk,Manual Review
40980454,25000.0, 60 months,19.52,E,E3,10+ years,MORTGAGE,103000.0,Verified,debt_consolidation,MD,37.2,0.0,680.0,684.0,0.0,67.9,37.0,Individual,5,High Risk,Manual Review
41140549,19375.0, 60 months,18.84,E,E2,1 year,MORTGAGE,47500.0,Not Verified,debt_consolidation,OH,34.51,0.0,690.0,694.0,0.0,82.7,25.0,Individual,6,High Risk,Manual Review
41080188,13500.0, 60 months,23.99,F,F2,5 years,RENT,45000.0,Verified,debt_consolidation,RI,30.13,0.0,660.0,664.0,2.0,36.8,20.0,Individual,5,High Risk,Manual Review
40600404,20000.0, 60 months,17.86,D,D5,10+ years,MORTGAGE,45000.0,Source Verified,home_improvement,SC,37.89,1.0,695.0,699.0,1.0,81.6,18.0,Individual,5,High Risk,Manual Review
41070246,6150.0, 36 months,18.25,E,E1,1 year,MORTGAGE,52000.0,Source Verified,home_improvement,TX,33.3,0.0,675.0,679.0,0.0,77.7,24.0,Individual,5,High Risk,Manual Review
41100145,26000.0, 60 months,24.5,F,F3,4 years,MORTGAGE,54000.0,Verified,debt_consolidation,GA,32.82,0.0,705.0,709.0,0.0,81.5,20.0,Individual,6,High Risk,Manual Review
40836408,35000.0, 60 months,21.67,E,E5,10+ years,MORTGAGE,130000.0,Verified,debt_consolidation,TX,26.59,2.0,675.0,679.0,0.0,92.0,24.0,Individual,5,High Risk,Manual Review
40920500,19425.0, 60 months,19.52,E,E3,10+ years,RENT,54000.0,Not Verified,medical,KS,36.71,1.0,700.0,704.0,3.0,27.0,35.0,Individual,6,High Risk,Manual Review
40940118,28000.0, 60 months,17.86,D,D5,5 years,MORTGAGE,89000.0,Verified,debt_consolidation,IL,30.93,3.0,665.0,669.0,0.0,85.9,41.0,Individual,5,High Risk,Manual Review
41050003,17425.0, 60 months,18.25,E,E1,10+ years,MORTGAGE,55000.0,Not Verified,debt_consolidation,FL,32.91,0.0,680.0,684.0,0.0,46.6,46.0,Individual,5,High Risk,Manual Review
41060071,10000.0, 60 months,18.25,E,E1,9 years,MORTGAGE,58000.0,Source Verified,debt_consolidation,IL,12.99,1.0,665.0,669.0,1.0,83.9,21.0,Individual,5,High Risk,Manual Review
41150425,23925.0, 60 months,21.67,E,E5,8 years,RENT,75000.0,Verified,debt_consolidation,NY,36.53,0.0,695.0,699.0,1.0,53.6,45.0,Individual,5,High Risk,Manual Review
41150327,14950.0, 36 months,25.57,F,F5,8 years,MORTGAGE,50000.0,Source Verified,other,NC,30.1,0.0,670.0,674.0,0.0,56.4,9.0,Individual,5,High Risk,Manual Review
40552556,11400.0, 60 months,21.67,E,E5,10+ years,RENT,51000.0,Source Verified,debt_consolidation,VA,31.36,0.0,675.0,679.0,0.0,53.7,17.0,Individual,5,High Risk,Manual Review
40950090,18000.0, 60 months,22.99,F,F1,9 years,RENT,69000.0,Verified,small_business,FL,31.36,0.0,700.0,704.0,2.0,75.9,19.0,Individual,5,High Risk,Manual Review
41010862,20125.0, 60 months,18.25,E,E1,2 years,MORTGAGE,50000.0,Verified,debt_consolidation,MI,33.22,0.0,680.0,684.0,1.0,87.0,36.0,Individual,6,High Risk,Manual Review
41130017,33500.0, 60 months,23.99,F,F2,10+ years,MORTGAGE,68484.0,Verified,major_purchase,GA,38.3,0.0,675.0,679.0,0.0,38.4,39.0,Individual,5,High Risk,Manual Review
41040134,11850.0, 60 months,18.25,E,E1,7 years,RENT,27000.0,Verified,debt_consolidation,NJ,37.78,0.0,695.0,699.0,0.0,66.8,19.0,Individual,5,High Risk,Manual Review
40970015,28000.0, 60 months,18.84,E,E2,7 years,RENT,65000.0,Source Verified,debt_consolidation,CO,33.09,0.0,665.0,669.0,0.0,90.4,30.0,Individual,6,High Risk,Manual Review
41150260,35000.0, 36 months,18.25,E,E1,10+ years,OWN,110000.0,Verified,debt_consolidation,IL,33.55,0.0,660.0,664.0,2.0,86.3,25.0,Individual,6,High Risk,Manual Review
40960783,4075.0, 36 months,19.52,E,E3,5 years,MORTGAGE,35000.0,Not Verified,debt_consolidation,OH,31.03,0.0,685.0,689.0,1.0,48.1,16.0,Individual,5,High Risk,Manual Review
40999854,15600.0, 60 months,19.52,E,E3,3 years,MORTGAGE,62000.0,Source Verified,debt_consolidation,MO,37.15,0.0,660.0,664.0,0.0,37.4,27.0,Individual,5,High Risk,Manual Review
41100004,16500.0, 60 months,19.52,E,E3,10+ years,RENT,43250.0,Not Verified,debt_consolidation,NC,39.93,0.0,705.0,709.0,0.0,57.7,42.0,Individual,5,High Risk,Manual Review
41010835,10000.0, 60 months,23.99,F,F2,< 1 year,MORTGAGE,75000.0,Verified,debt_consolidation,OH,11.52,2.0,660.0,664.0,2.0,81.5,32.0,Individual,5,High Risk,Manual Review
41020119,11300.0, 60 months,20.49,E,E4,6 years,RENT,27000.0,Source Verified,credit_card,IL,36.04,0.0,695.0,699.0,0.0,92.7,10.0,Individual,6,High Risk,Manual Review
40979962,29700.0, 60 months,20.49,E,E4,8 years,RENT,74000.0,Verified,debt_consolidation,NY,34.07,0.0,690.0,694.0,1.0,75.8,38.0,Individual,5,High Risk,Manual Review
40949858,5000.0, 36 months,18.84,E,E2,4 years,RENT,21500.0,Verified,debt_consolidation,NM,34.9,0.0,665.0,669.0,0.0,47.8,14.0,Individual,5,High Risk,Manual Review
41109989,11775.0, 36 months,20.49,E,E4,,MORTGAGE,58000.0,Verified,debt_consolidation,MI,37.16,0.0,680.0,684.0,0.0,71.0,14.0,Individual,5,High Risk,Manual Review
41139975,14375.0, 36 months,16.99,D,D3,10+ years,RENT,40000.0,Not Verified,debt_consolidation,NY,32.85,2.0,660.0,664.0,0.0,92.8,15.0,Individual,5,High Risk,Manual Review
41140039,13225.0, 36 months,22.99,F,F1,4 years,RENT,39000.0,Verified,debt_consolidation,AR,32.68,0.0,695.0,699.0,1.0,30.9,30.0,Individual,5,High Risk,Manual Review
41069883,28000.0, 60 months,22.99,F,F1,3 years,MORTGAGE,390000.0,Source Verified,debt_consolidation,MD,3.47,2.0,670.0,674.0,1.0,83.4,17.0,Individual,5,High Risk,Manual Review
40959963,22400.0, 60 months,22.99,F,F1,< 1 year,OWN,56000.0,Source Verified,debt_consolidation,MO,31.2,0.0,700.0,704.0,0.0,80.5,34.0,Individual,6,High Risk,Manual Review
41069839,24000.0, 60 months,19.52,E,E3,10+ years,OWN,250000.0,Verified,debt_consolidation,LA,15.94,1.0,665.0,669.0,0.0,80.3,38.0,Individual,5,High Risk,Manual Review
40929567,12925.0, 60 months,19.52,E,E3,2 years,MORTGAGE,46000.0,Verified,debt_consolidation,MI,35.82,0.0,660.0,664.0,0.0,35.7,38.0,Individual,5,High Risk,Manual Review
40167192,4525.0, 36 months,20.49,E,E4,< 1 year,RENT,16000.0,Verified,credit_card,CA,7.31,1.0,665.0,669.0,2.0,90.2,17.0,Individual,5,High Risk,Manual Review
40919314,12300.0, 60 months,19.52,E,E3,10+ years,MORTGAGE,57000.0,Source Verified,debt_consolidation,NY,32.91,0.0,690.0,694.0,0.0,93.3,25.0,Individual,6,High Risk,Manual Review
41010212,12900.0, 36 months,16.99,D,D3,10+ years,MORTGAGE,84944.0,Source Verified,debt_consolidation,OH,32.48,1.0,665.0,669.0,0.0,88.6,21.0,Individual,5,High Risk,Manual Review
40919905,18000.0, 60 months,20.49,E,E4,3 years,MORTGAGE,45000.0,Source Verified,debt_consolidation,GA,35.68,0.0,665.0,669.0,1.0,80.8,7.0,Individual,6,High Risk,Manual Review
41129800,7200.0, 36 months,23.99,F,F2,10+ years,MORTGAGE,36000.0,Verified,home_improvement,CA,30.23,1.0,670.0,674.0,0.0,8.4,18.0,Individual,6,High Risk,Manual Review
41019961,31425.0, 60 months,24.99,F,F4,10+ years,MORTGAGE,158000.0,Verified,debt_consolidation,IL,28.99,1.0,665.0,669.0,2.0,88.6,38.0,Individual,5,High Risk,Manual Review
40939634,17675.0, 60 months,20.49,E,E4,10+ years,OWN,52000.0,Verified,debt_consolidation,VA,34.73,0.0,685.0,689.0,1.0,82.9,27.0,Individual,6,High Risk,Manual Review
41090595,20200.0, 60 months,24.5,F,F3,7 years,MORTGAGE,47500.0,Source Verified,debt_consolidation,TX,31.81,0.0,660.0,664.0,0.0,44.9,31.0,Individual,5,High Risk,Manual Review
41109729,27000.0, 60 months,19.52,E,E3,10+ years,RENT,63000.0,Verified,debt_consolidation,PA,30.48,0.0,660.0,664.0,3.0,39.9,46.0,Individual,5,High Risk,Manual Review
40167124,12325.0, 36 months,17.86,D,D5,10+ years,MORTGAGE,37000.0,Not Verified,credit_card,MO,33.99,3.0,665.0,669.0,0.0,96.7,42.0,Individual,5,High Risk,Manual Review
41099772,16475.0, 60 months,22.99,F,F1,10+ years,MORTGAGE,52000.0,Source Verified,debt_consolidation,UT,31.25,0.0,675.0,679.0,0.0,69.5,14.0,Individual,5,High Risk,Manual Review
40846624,11100.0, 60 months,18.25,E,E1,10+ years,MORTGAGE,45633.27,Source Verified,debt_consolidation,CA,34.53,1.0,720.0,724.0,1.0,32.9,17.0,Individual,6,High Risk,Manual Review
41049627,22750.0, 60 months,18.84,E,E2,< 1 year,RENT,60000.0,Source Verified,debt_consolidation,NJ,35.1,0.0,665.0,669.0,0.0,79.0,16.0,Individual,5,High Risk,Manual Review
41129535,25000.0, 60 months,20.49,E,E4,10+ years,MORTGAGE,240000.0,Source Verified,other,MD,30.9,1.0,660.0,664.0,0.0,99.4,39.0,Individual,7,High Risk,Manual Review
41099648,35000.0, 60 months,21.67,E,E5,10+ years,MORTGAGE,105000.0,Verified,debt_consolidation,AR,34.72,0.0,690.0,694.0,0.0,102.0,33.0,Individual,6,High Risk,Manual Review
41099514,25000.0, 60 months,19.52,E,E3,10+ years,MORTGAGE,65000.0,Verified,debt_consolidation,LA,33.46,0.0,685.0,689.0,0.0,82.0,26.0,Individual,6,High Risk,Manual Review
40432822,10050.0, 60 months,22.99,F,F1,4 years,MORTGAGE,30000.0,Source Verified,debt_consolidation,FL,33.0,0.0,675.0,679.0,0.0,57.6,17.0,Individual,5,High Risk,Manual Review
40856219,32000.0, 60 months,19.52,E,E3,1 year,RENT,74500.0,Verified,debt_consolidation,MN,32.24,0.0,660.0,664.0,3.0,66.1,28.0,Individual,5,High Risk,Manual Review
40463330,20000.0, 60 months,21.67,E,E5,10+ years,RENT,50000.0,Source Verified,debt_consolidation,NY,33.61,1.0,660.0,664.0,0.0,73.0,28.0,Individual,6,High Risk,Manual Review
41109557,10400.0, 36 months,18.25,E,E1,3 years,RENT,26856.0,Source Verified,debt_consolidation,VA,31.86,0.0,705.0,709.0,0.0,57.8,20.0,Individual,5,High Risk,Manual Review
41159514,22950.0, 60 months,18.25,E,E1,6 years,RENT,50000.0,Source Verified,debt_consolidation,MA,38.26,0.0,710.0,714.0,0.0,20.2,24.0,Individual,5,High Risk,Manual Review
41079415,17050.0, 60 months,20.49,E,E4,6 years,RENT,42000.0,Source Verified,credit_card,NC,34.03,0.0,690.0,694.0,0.0,62.7,29.0,Individual,5,High Risk,Manual Review
40674525,19725.0, 36 months,18.25,E,E1,10+ years,RENT,47000.0,Verified,credit_card,NY,30.79,0.0,660.0,664.0,0.0,56.2,34.0,Individual,5,High Risk,Manual Review
41119288,21075.0, 60 months,25.8,G,G1,3 years,MORTGAGE,45000.0,Verified,debt_consolidation,OH,33.33,0.0,665.0,669.0,0.0,97.8,31.0,Individual,6,High Risk,Manual Review
40634352,12325.0, 60 months,18.25,E,E1,< 1 year,RENT,30000.0,Source Verified,debt_consolidation,MD,36.64,1.0,660.0,664.0,0.0,32.7,28.0,Individual,6,High Risk,Manual Review
41099428,19200.0, 60 months,20.49,E,E4,10+ years,MORTGAGE,48000.0,Source Verified,credit_card,NV,32.35,0.0,690.0,694.0,1.0,37.4,28.0,Individual,5,High Risk,Manual Review
40959378,22875.0, 36 months,19.52,E,E3,< 1 year,RENT,71500.0,Verified,debt_consolidation,PA,33.18,0.0,665.0,669.0,0.0,91.1,36.0,Individual,6,High Risk,Manual Review
41119450,25325.0, 60 months,15.61,D,D1,10+ years,MORTGAGE,100000.0,Verified,debt_consolidation,VA,31.52,1.0,685.0,689.0,0.0,82.7,22.0,Individual,5,High Risk,Manual Review
40959382,11150.0, 60 months,22.99,F,F1,7 years,RENT,31000.0,Source Verified,debt_consolidation,KS,36.16,0.0,690.0,694.0,0.0,51.5,18.0,Individual,5,High Risk,Manual Review
40939461,11200.0, 60 months,18.84,E,E2,2 years,MORTGAGE,29000.0,Source Verified,credit_card,NC,38.58,0.0,680.0,684.0,0.0,71.2,12.0,Individual,5,High Risk,Manual Review
41069333,26000.0, 60 months,20.49,E,E4,< 1 year,RENT,114400.0,Source Verified,debt_consolidation,VA,30.31,0.0,690.0,694.0,2.0,77.5,46.0,Individual,5,High Risk,Manual Review
40949306,35000.0, 60 months,15.61,D,D1,10+ years,MORTGAGE,160000.0,Verified,debt_consolidation,FL,32.3,1.0,680.0,684.0,0.0,97.0,33.0,Individual,5,High Risk,Manual Review
40512335,6450.0, 36 months,18.25,E,E1,,RENT,13091.0,Verified,major_purchase,TX,36.24,1.0,675.0,679.0,1.0,34.5,24.0,Individual,6,High Risk,Manual Review
41059306,20000.0, 36 months,16.99,D,D3,8 years,RENT,56400.0,Verified,debt_consolidation,VA,35.21,1.0,660.0,664.0,0.0,95.1,25.0,Individual,5,High Risk,Manual Review
40737171,13300.0, 60 months,19.52,E,E3,3 years,RENT,35000.0,Verified,credit_card,TX,34.02,0.0,675.0,679.0,1.0,95.1,16.0,Individual,6,High Risk,Manual Review
41139221,9550.0, 36 months,18.25,E,E1,10+ years,MORTGAGE,31900.0,Verified,debt_consolidation,OH,39.92,0.0,670.0,674.0,2.0,34.8,40.0,Individual,5,High Risk,Manual Review
41139226,22000.0, 60 months,18.84,E,E2,1 year,RENT,48000.0,Source Verified,debt_consolidation,TX,32.93,0.0,700.0,704.0,0.0,89.8,23.0,Individual,6,High Risk,Manual Review
41019286,19800.0, 60 months,19.52,E,E3,2 years,OWN,55000.0,Verified,debt_consolidation,SC,33.19,0.0,675.0,679.0,0.0,80.4,33.0,Individual,6,High Risk,Manual Review
40472467,33950.0, 60 months,22.99,F,F1,7 years,MORTGAGE,77213.0,Verified,debt_consolidation,TX,35.13,0.0,690.0,694.0,0.0,82.9,39.0,Individual,6,High Risk,Manual Review
40694581,31450.0, 60 months,18.84,E,E2,9 years,MORTGAGE,68500.0,Verified,debt_consolidation,SC,36.52,1.0,700.0,704.0,0.0,69.1,16.0,Individual,6,High Risk,Manual Review
40969284,9050.0, 36 months,25.8,G,G1,10+ years,RENT,30179.0,Verified,debt_consolidation,MN,34.33,0.0,660.0,664.0,1.0,82.2,19.0,Individual,6,High Risk,Manual Review
40919114,20125.0, 60 months,18.84,E,E2,1 year,RENT,72000.0,Source Verified,debt_consolidation,CT,31.72,0.0,670.0,674.0,1.0,55.1,28.0,Individual,5,High Risk,Manual Review
41129303,29975.0, 60 months,25.57,F,F5,3 years,MORTGAGE,60000.0,Source Verified,debt_consolidation,NC,39.48,0.0,685.0,689.0,0.0,85.0,21.0,Individual,6,High Risk,Manual Review
41009237,35000.0, 60 months,19.52,E,E3,10+ years,MORTGAGE,91000.0,Verified,debt_consolidation,VA,31.6,0.0,675.0,679.0,0.0,72.6,31.0,Individual,5,High Risk,Manual Review
41089250,18550.0, 60 months,18.25,E,E1,,OWN,56600.0,Verified,debt_consolidation,NY,34.44,0.0,670.0,674.0,1.0,50.1,19.0,Individual,5,High Risk,Manual Review
40959170,18825.0, 60 months,23.99,F,F2,3 years,MORTGAGE,53000.0,Source Verified,home_improvement,SC,34.19,0.0,690.0,694.0,1.0,45.9,28.0,Individual,5,High Risk,Manual Review
39837802,26500.0, 60 months,19.52,E,E3,5 years,OWN,57750.0,Source Verified,debt_consolidation,FL,30.69,0.0,685.0,689.0,1.0,76.7,35.0,Individual,5,High Risk,Manual Review
41009142,25675.0, 60 months,24.5,F,F3,8 years,RENT,70000.0,Source Verified,credit_card,CA,39.57,0.0,660.0,664.0,1.0,79.8,18.0,Individual,5,High Risk,Manual Review
40665048,22400.0, 60 months,22.99,F,F1,10+ years,MORTGAGE,45000.0,Source Verified,debt_consolidation,AR,35.04,0.0,675.0,679.0,0.0,86.6,26.0,Individual,6,High Risk,Manual Review
39977594,24700.0, 60 months,24.5,F,F3,10+ years,MORTGAGE,58000.0,Source Verified,debt_consolidation,MT,22.61,1.0,675.0,679.0,0.0,98.7,14.0,Individual,5,High Risk,Manual Review
41059126,16475.0, 60 months,18.84,E,E2,7 years,MORTGAGE,36000.0,Source Verified,credit_card,CA,36.65,0.0,710.0,714.0,0.0,79.4,24.0,Individual,5,High Risk,Manual Review
40471836,20000.0, 36 months,18.84,E,E2,2 years,RENT,40000.0,Verified,credit_card,MA,35.37,0.0,665.0,669.0,1.0,57.4,44.0,Individual,5,High Risk,Manual Review
40432209,29450.0, 36 months,16.55,D,D2,10+ years,MORTGAGE,67000.0,Verified,debt_consolidation,AL,32.15,1.0,660.0,664.0,0.0,89.0,32.0,Individual,5,High Risk,Manual Review
40540853,16700.0, 36 months,18.84,E,E2,10+ years,OWN,45000.0,Source Verified,home_improvement,FL,33.44,0.0,675.0,679.0,0.0,81.7,11.0,Individual,6,High Risk,Manual Review
41119135,4000.0, 36 months,18.25,E,E1,3 years,OWN,21000.0,Not Verified,debt_consolidation,WY,31.03,0.0,665.0,669.0,1.0,20.6,25.0,Individual,5,High Risk,Manual Review
40392960,14625.0, 36 months,18.84,E,E2,9 years,RENT,49000.0,Source Verified,debt_consolidation,NJ,39.7,0.0,680.0,684.0,1.0,86.0,17.0,Individual,6,High Risk,Manual Review
40856711,10200.0, 36 months,19.52,E,E3,5 years,RENT,30000.0,Not Verified,debt_consolidation,MO,39.12,0.0,725.0,729.0,1.0,29.2,22.0,Individual,5,High Risk,Manual Review
40796488,18350.0, 60 months,21.67,E,E5,6 years,RENT,46000.0,Source Verified,debt_consolidation,PA,30.55,0.0,680.0,684.0,2.0,56.6,25.0,Individual,5,High Risk,Manual Review
40876994,20000.0, 60 months,18.84,E,E2,10+ years,MORTGAGE,56000.0,Verified,debt_consolidation,GA,30.04,0.0,660.0,664.0,0.0,79.5,25.0,Individual,5,High Risk,Manual Review
40118171,27575.0, 60 months,25.57,F,F5,< 1 year,MORTGAGE,58000.0,Not Verified,debt_consolidation,MO,29.34,1.0,680.0,684.0,3.0,84.3,48.0,Individual,5,High Risk,Manual Review
40127952,35000.0, 60 months,25.8,G,G1,10+ years,MORTGAGE,107400.0,Verified,debt_consolidation,AL,33.79,0.0,665.0,669.0,1.0,86.9,46.0,Individual,6,High Risk,Manual Review
40564285,28000.0, 60 months,16.99,D,D3,4 years,MORTGAGE,100000.0,Source Verified,debt_consolidation,PA,30.27,5.0,670.0,674.0,0.0,87.6,50.0,Individual,5,High Risk,Manual Review
40866610,16700.0, 60 months,23.99,F,F2,3 years,MORTGAGE,38000.0,Not Verified,debt_consolidation,GA,32.03,0.0,700.0,704.0,0.0,23.5,26.0,Individual,5,High Risk,Manual Review
40423545,8600.0, 36 months,18.25,E,E1,,OWN,21588.0,Source Verified,debt_consolidation,IN,35.08,0.0,670.0,674.0,0.0,18.6,26.0,Individual,5,High Risk,Manual Review
40634522,25000.0, 60 months,19.52,E,E3,10+ years,OWN,65000.0,Verified,debt_consolidation,VA,35.84,0.0,665.0,669.0,0.0,73.2,33.0,Individual,5,High Risk,Manual Review
40737509,17000.0, 60 months,18.25,E,E1,2 years,MORTGAGE,91011.0,Verified,debt_consolidation,LA,32.77,0.0,685.0,689.0,1.0,52.0,28.0,Individual,5,High Risk,Manual Review
39817880,18075.0, 60 months,26.06,G,G5,4 years,MORTGAGE,65000.0,Source Verified,home_improvement,AL,36.99,0.0,680.0,684.0,1.0,61.8,8.0,Individual,5,High Risk,Manual Review
40796819,1000.0, 36 months,19.52,E,E3,10+ years,MORTGAGE,70000.0,Not Verified,vacation,SC,15.46,1.0,700.0,704.0,1.0,83.2,28.0,Individual,5,High Risk,Manual Review
39661006,12950.0, 60 months,20.49,E,E4,< 1 year,OWN,28344.0,Source Verified,debt_consolidation,TX,32.64,0.0,720.0,724.0,0.0,74.2,18.0,Individual,5,High Risk,Manual Review
40442047,31450.0, 60 months,24.5,F,F3,10+ years,RENT,75000.0,Verified,credit_card,WI,35.5,0.0,660.0,664.0,2.0,91.4,34.0,Individual,6,High Risk,Manual Review
40502424,18275.0, 60 months,24.5,F,F3,1 year,RENT,50881.0,Verified,debt_consolidation,MO,31.11,5.0,665.0,669.0,3.0,82.5,22.0,Individual,7,High Risk,Manual Review
40856491,26000.0, 36 months,18.25,E,E1,6 years,MORTGAGE,70000.0,Source Verified,debt_consolidation,FL,32.29,0.0,680.0,684.0,0.0,67.2,36.0,Individual,5,High Risk,Manual Review
40856514,16300.0, 60 months,18.25,E,E1,10+ years,OWN,80000.0,Verified,debt_consolidation,CA,32.45,2.0,715.0,719.0,1.0,42.0,45.0,Individual,6,High Risk,Manual Review
40737176,35000.0, 60 months,18.25,E,E1,10+ years,MORTGAGE,86000.0,Verified,debt_consolidation,AK,32.92,1.0,660.0,664.0,2.0,56.1,34.0,Individual,6,High Risk,Manual Review
40776636,11975.0, 60 months,23.99,F,F2,7 years,RENT,65200.0,Source Verified,debt_consolidation,FL,31.9,1.0,660.0,664.0,0.0,66.3,39.0,Individual,6,High Risk,Manual Review
40502055,17225.0, 60 months,18.84,E,E2,< 1 year,RENT,37500.0,Source Verified,debt_consolidation,CA,35.71,0.0,710.0,714.0,1.0,82.2,17.0,Individual,6,High Risk,Manual Review
40582094,5450.0, 36 months,20.49,E,E4,,MORTGAGE,24096.0,Verified,debt_consolidation,IN,38.25,1.0,660.0,664.0,1.0,77.1,20.0,Individual,6,High Risk,Manual Review
40664573,25850.0, 60 months,23.99,F,F2,,MORTGAGE,51702.0,Verified,debt_consolidation,AZ,39.25,0.0,700.0,704.0,0.0,91.0,18.0,Individual,6,High Risk,Manual Review
40634308,26375.0, 60 months,18.25,E,E1,5 years,RENT,55000.0,Source Verified,credit_card,CA,32.12,0.0,680.0,684.0,0.0,58.8,44.0,Individual,5,High Risk,Manual Review
40806648,5900.0, 36 months,21.67,E,E5,4 years,MORTGAGE,44000.0,Verified,home_improvement,TN,33.91,0.0,665.0,669.0,1.0,81.7,31.0,Individual,6,High Risk,Manual Review
40386026,11500.0, 60 months,18.84,E,E2,2 years,OWN,32000.0,Source Verified,credit_card,PA,33.5,0.0,680.0,684.0,2.0,61.7,18.0,Individual,5,High Risk,Manual Review
40674535,18350.0, 60 months,18.84,E,E2,< 1 year,RENT,46000.0,Not Verified,debt_consolidation,NY,37.83,0.0,665.0,669.0,0.0,83.5,60.0,Individual,6,High Risk,Manual Review
40634215,11875.0, 60 months,18.84,E,E2,10+ years,RENT,73000.0,Verified,credit_card,NJ,31.35,0.0,700.0,704.0,2.0,26.0,15.0,Individual,5,High Risk,Manual Review
40654328,19375.0, 60 months,19.52,E,E3,10+ years,RENT,54111.0,Source Verified,debt_consolidation,TN,35.7,1.0,685.0,689.0,0.0,33.9,47.0,Individual,6,High Risk,Manual Review
40836463,10000.0, 60 months,18.25,E,E1,10+ years,RENT,50000.0,Source Verified,debt_consolidation,NY,37.28,0.0,685.0,689.0,0.0,62.7,33.0,Individual,5,High Risk,Manual Review
40856388,20400.0, 60 months,24.5,F,F3,10+ years,MORTGAGE,50605.07,Source Verified,home_improvement,TN,38.44,0.0,700.0,704.0,1.0,84.3,27.0,Individual,6,High Risk,Manual Review
40776518,16975.0, 60 months,18.84,E,E2,10+ years,MORTGAGE,50000.0,Source Verified,debt_consolidation,NY,32.43,1.0,675.0,679.0,0.0,62.0,13.0,Individual,6,High Risk,Manual Review
40736761,22400.0, 60 months,18.25,E,E1,5 years,MORTGAGE,70000.0,Source Verified,credit_card,FL,21.17,1.0,660.0,664.0,0.0,87.1,16.0,Individual,5,High Risk,Manual Review
40846428,35000.0, 60 months,18.84,E,E2,8 years,RENT,74200.0,Verified,debt_consolidation,CA,30.47,0.0,730.0,734.0,1.0,56.6,43.0,Individual,5,High Risk,Manual Review
40634252,14975.0, 60 months,19.52,E,E3,6 years,MORTGAGE,52000.0,Source Verified,debt_consolidation,OH,34.99,0.0,710.0,714.0,0.0,54.0,32.0,Individual,5,High Risk,Manual Review
40654276,28625.0, 60 months,16.99,D,D3,10+ years,MORTGAGE,62250.0,Source Verified,credit_card,PA,33.45,2.0,685.0,689.0,2.0,88.7,39.0,Individual,5,High Risk,Manual Review
40354770,21525.0, 60 months,18.25,E,E1,6 years,MORTGAGE,57000.0,Source Verified,debt_consolidation,FL,36.27,2.0,665.0,669.0,1.0,84.9,20.0,Individual,7,High Risk,Manual Review
40726271,4100.0, 36 months,18.84,E,E2,10+ years,RENT,41000.0,Not Verified,debt_consolidation,AZ,38.11,0.0,665.0,669.0,0.0,58.0,26.0,Individual,5,High Risk,Manual Review
40353124,18350.0, 60 months,22.99,F,F1,2 years,MORTGAGE,51000.0,Verified,debt_consolidation,OR,31.11,2.0,665.0,669.0,0.0,101.0,30.0,Individual,7,High Risk,Manual Review
40644224,31175.0, 60 months,19.52,E,E3,3 years,RENT,65000.0,Source Verified,debt_consolidation,PA,38.24,0.0,680.0,684.0,0.0,65.5,41.0,Individual,5,High Risk,Manual Review
40644208,16600.0, 60 months,20.49,E,E4,9 years,RENT,41500.0,Verified,debt_consolidation,FL,37.04,0.0,670.0,674.0,1.0,64.7,11.0,Individual,5,High Risk,Manual Review
40473096,12000.0, 36 months,19.52,E,E3,1 year,RENT,35960.0,Verified,debt_consolidation,TN,31.17,0.0,690.0,694.0,1.0,48.9,33.0,Individual,5,High Risk,Manual Review
40726197,10000.0, 60 months,20.49,E,E4,4 years,MORTGAGE,67000.0,Verified,debt_consolidation,GA,32.73,0.0,660.0,664.0,2.0,19.1,43.0,Individual,5,High Risk,Manual Review
40380159,3975.0, 36 months,18.84,E,E2,10+ years,MORTGAGE,25000.0,Source Verified,debt_consolidation,MI,30.72,0.0,665.0,669.0,0.0,58.4,24.0,Individual,5,High Risk,Manual Review
40836294,4175.0, 36 months,25.89,G,G3,,MORTGAGE,21432.0,Verified,other,TX,38.3,0.0,685.0,689.0,0.0,7.4,47.0,Individual,5,High Risk,Manual Review
38459857,35000.0, 60 months,24.5,F,F3,10+ years,OWN,96000.0,Verified,credit_card,TN,31.78,0.0,695.0,699.0,0.0,62.8,41.0,Individual,5,High Risk,Manual Review
40694164,13475.0, 60 months,24.99,F,F4,3 years,RENT,45000.0,Source Verified,debt_consolidation,AZ,33.07,0.0,670.0,674.0,0.0,77.9,17.0,Individual,5,High Risk,Manual Review
40412191,10200.0, 36 months,21.67,E,E5,10+ years,OWN,32000.0,Source Verified,credit_card,TX,30.95,0.0,660.0,664.0,2.0,72.5,14.0,Individual,5,High Risk,Manual Review
40634164,18275.0, 36 months,18.25,E,E1,2 years,RENT,45760.0,Source Verified,debt_consolidation,FL,39.42,0.0,695.0,699.0,1.0,46.8,22.0,Individual,5,High Risk,Manual Review
40381595,13675.0, 36 months,18.84,E,E2,9 years,MORTGAGE,46000.0,Source Verified,debt_consolidation,TX,32.91,0.0,685.0,689.0,1.0,61.5,18.0,Individual,5,High Risk,Manual Review
40523211,13600.0, 60 months,15.61,D,D1,10+ years,OWN,49900.0,Not Verified,credit_card,GA,35.16,2.0,660.0,664.0,1.0,91.2,37.0,Individual,5,High Risk,Manual Review
40593656,16750.0, 60 months,19.52,E,E3,5 years,MORTGAGE,75000.0,Source Verified,debt_consolidation,GA,25.68,3.0,680.0,684.0,1.0,88.6,24.0,Individual,5,High Risk,Manual Review
40866170,25000.0, 60 months,20.49,E,E4,5 years,MORTGAGE,71000.0,Source Verified,debt_consolidation,WA,30.21,0.0,690.0,694.0,1.0,70.6,21.0,Individual,5,High Risk,Manual Review
40796161,19675.0, 60 months,18.84,E,E2,3 years,RENT,52000.0,Source Verified,debt_consolidation,MI,36.81,0.0,695.0,699.0,0.0,49.0,31.0,Individual,5,High Risk,Manual Review
40362720,11975.0, 60 months,18.84,E,E2,1 year,OWN,40000.0,Source Verified,debt_consolidation,TX,39.09,1.0,670.0,674.0,1.0,9.5,19.0,Individual,6,High Risk,Manual Review
40483616,10000.0, 60 months,19.52,E,E3,,RENT,30792.29,Verified,debt_consolidation,TX,37.3,0.0,680.0,684.0,1.0,36.3,45.0,Individual,5,High Risk,Manual Review
40492837,20000.0, 60 months,19.52,E,E3,10+ years,MORTGAGE,40000.0,Source Verified,debt_consolidation,WV,31.17,0.0,705.0,709.0,0.0,73.1,17.0,Individual,5,High Risk,Manual Review
40355917,18350.0, 60 months,21.99,E,E5,10+ years,OWN,46000.0,Not Verified,debt_consolidation,MI,32.9,1.0,680.0,684.0,0.0,58.9,38.0,Individual,6,High Risk,Manual Review
39907378,6325.0, 36 months,19.99,E,E3,10+ years,MORTGAGE,45000.0,Source Verified,debt_consolidation,CA,31.04,0.0,660.0,664.0,0.0,65.0,31.0,Individual,5,High Risk,Manual Review
40473851,19475.0, 60 months,20.99,E,E4,2 years,MORTGAGE,39000.0,Source Verified,debt_consolidation,KY,9.72,1.0,665.0,669.0,0.0,97.0,21.0,Individual,5,High Risk,Manual Review
39837436,10075.0, 60 months,20.49,E,E4,2 years,OWN,35000.0,Source Verified,credit_card,NY,32.72,0.0,665.0,669.0,0.0,73.3,21.0,Individual,5,High Risk,Manual Review
40363220,13600.0, 60 months,21.99,E,E5,2 years,RENT,32000.0,Source Verified,debt_consolidation,CA,35.22,0.0,660.0,664.0,0.0,99.6,19.0,Individual,6,High Risk,Manual Review
40532469,32225.0, 60 months,25.8,G,G1,,MORTGAGE,70090.0,Verified,debt_consolidation,TX,27.74,1.0,670.0,674.0,1.0,86.4,28.0,Individual,5,High Risk,Manual Review
40492061,21075.0, 60 months,25.8,G,G1,,MORTGAGE,58600.0,Verified,debt_consolidation,OH,37.05,0.0,680.0,684.0,0.0,52.7,22.0,Individual,5,High Risk,Manual Review
40461178,12250.0, 60 months,25.8,G,G1,3 years,RENT,33000.0,Source Verified,debt_consolidation,FL,32.91,0.0,675.0,679.0,1.0,31.5,10.0,Individual,5,High Risk,Manual Review
40355784,18000.0, 60 months,22.99,F,F1,< 1 year,RENT,50000.0,Source Verified,debt_consolidation,TX,24.92,1.0,670.0,674.0,1.0,89.0,19.0,Individual,5,High Risk,Manual Review
40373560,35000.0, 36 months,23.99,F,F2,10+ years,MORTGAGE,79554.0,Verified,debt_consolidation,AL,20.11,1.0,670.0,674.0,3.0,85.1,18.0,Individual,5,High Risk,Manual Review
40374272,14450.0, 60 months,21.99,E,E5,10+ years,RENT,50000.0,Source Verified,debt_consolidation,CO,34.52,0.0,685.0,689.0,0.0,56.5,21.0,Individual,5,High Risk,Manual Review
40393517,11600.0, 60 months,25.83,G,G2,10+ years,MORTGAGE,42000.0,Verified,debt_consolidation,NV,31.69,0.0,660.0,664.0,2.0,34.7,44.0,Individual,5,High Risk,Manual Review
40373998,10000.0, 36 months,15.59,D,D1,8 years,MORTGAGE,38000.0,Verified,debt_consolidation,TN,37.59,1.0,665.0,669.0,0.0,91.5,43.0,Individual,5,High Risk,Manual Review
40564291,10050.0, 60 months,24.99,F,F4,< 1 year,RENT,38000.0,Verified,debt_consolidation,AL,37.3,1.0,675.0,679.0,1.0,49.8,17.0,Individual,6,High Risk,Manual Review
40374061,17625.0, 36 months,18.54,E,E1,7 years,MORTGAGE,41000.0,Verified,credit_card,TN,35.11,0.0,690.0,694.0,0.0,61.8,60.0,Individual,5,High Risk,Manual Review
40355684,16500.0, 60 months,19.24,E,E2,2 years,RENT,41400.0,Verified,debt_consolidation,TX,34.64,0.0,670.0,674.0,0.0,58.6,14.0,Individual,5,High Risk,Manual Review
40564300,27000.0, 60 months,22.99,F,F1,10+ years,MORTGAGE,123000.0,Verified,debt_consolidation,CA,32.4,3.0,665.0,669.0,0.0,85.0,63.0,Individual,7,High Risk,Manual Review
40400700,5350.0, 36 months,19.99,E,E3,,MORTGAGE,39500.0,Verified,major_purchase,GA,38.77,1.0,685.0,689.0,0.0,50.0,20.0,Individual,6,High Risk,Manual Review
40383962,25000.0, 60 months,19.99,E,E3,< 1 year,RENT,98000.0,Verified,debt_consolidation,FL,30.87,0.0,670.0,674.0,0.0,67.2,25.0,Individual,5,High Risk,Manual Review
40392335,22800.0, 60 months,19.99,E,E3,10+ years,OWN,60000.0,Source Verified,debt_consolidation,CA,33.26,0.0,660.0,664.0,0.0,86.1,28.0,Individual,6,High Risk,Manual Review
40381152,9350.0, 36 months,19.99,E,E3,,RENT,26000.0,Verified,other,TX,31.02,0.0,675.0,679.0,0.0,69.3,27.0,Individual,5,High Risk,Manual Review
40157872,8475.0, 36 months,20.99,E,E4,1 year,RENT,51000.0,Verified,major_purchase,FL,34.28,0.0,695.0,699.0,2.0,37.3,40.0,Individual,5,High Risk,Manual Review
39877558,21000.0, 60 months,18.54,E,E1,10+ years,RENT,75000.0,Source Verified,debt_consolidation,NC,37.84,0.0,665.0,669.0,0.0,81.1,27.0,Individual,6,High Risk,Manual Review
40483796,34350.0, 36 months,19.24,E,E2,1 year,MORTGAGE,70000.0,Verified,debt_consolidation,NY,31.48,0.0,685.0,689.0,0.0,73.4,25.0,Individual,5,High Risk,Manual Review
40553442,7025.0, 36 months,18.54,E,E1,,RENT,22212.0,Verified,other,CA,38.74,0.0,675.0,679.0,1.0,85.9,9.0,Individual,6,High Risk,Manual Review
40573237,22200.0, 60 months,19.99,E,E3,10+ years,MORTGAGE,53000.0,Source Verified,debt_consolidation,WV,35.71,0.0,680.0,684.0,0.0,64.7,39.0,Individual,5,High Risk,Manual Review
40483453,35000.0, 60 months,19.99,E,E3,1 year,MORTGAGE,110000.0,Verified,debt_consolidation,TX,33.83,0.0,690.0,694.0,1.0,66.0,72.0,Individual,5,High Risk,Manual Review
40432863,22800.0, 36 months,21.99,E,E5,,MORTGAGE,60000.0,Verified,debt_consolidation,KY,33.6,0.0,680.0,684.0,0.0,91.7,35.0,Individual,6,High Risk,Manual Review
40553444,30375.0, 36 months,22.99,F,F1,10+ years,MORTGAGE,80000.0,Verified,debt_consolidation,VA,34.08,0.0,670.0,674.0,0.0,86.0,38.0,Individual,6,High Risk,Manual Review
40503034,7550.0, 36 months,22.99,F,F1,2 years,MORTGAGE,30200.0,Source Verified,debt_consolidation,NC,35.65,0.0,670.0,674.0,0.0,96.9,8.0,Individual,6,High Risk,Manual Review
40542386,2000.0, 36 months,18.54,E,E1,,RENT,29500.0,Verified,moving,AZ,34.01,0.0,660.0,664.0,1.0,97.1,18.0,Individual,6,High Risk,Manual Review
40483394,14250.0, 60 months,23.99,F,F2,2 years,MORTGAGE,30000.0,Source Verified,debt_consolidation,WI,32.56,0.0,680.0,684.0,1.0,76.7,14.0,Individual,5,High Risk,Manual Review
40492461,20150.0, 36 months,19.24,E,E2,3 years,OWN,70000.0,Source Verified,small_business,TX,32.88,0.0,740.0,744.0,1.0,18.1,32.0,Individual,5,High Risk,Manual Review
40593479,16450.0, 60 months,19.24,E,E2,7 years,MORTGAGE,36000.0,Source Verified,debt_consolidation,TX,33.27,0.0,700.0,704.0,0.0,56.2,13.0,Individual,5,High Risk,Manual Review
40503088,20225.0, 60 months,18.54,E,E1,2 years,RENT,45000.0,Source Verified,debt_consolidation,MO,31.41,0.0,705.0,709.0,0.0,61.8,25.0,Individual,5,High Risk,Manual Review
40483222,17425.0, 60 months,21.99,E,E5,6 years,MORTGAGE,50500.0,Verified,debt_consolidation,GA,39.28,1.0,680.0,684.0,0.0,62.4,52.0,Individual,6,High Risk,Manual Review
40482893,24075.0, 60 months,21.99,E,E5,3 years,OWN,73500.0,Verified,debt_consolidation,PA,35.99,0.0,660.0,664.0,1.0,43.5,41.0,Individual,5,High Risk,Manual Review
40583526,20000.0, 60 months,19.99,E,E3,9 years,RENT,165000.0,Verified,debt_consolidation,CA,33.69,0.0,670.0,674.0,4.0,100.8,49.0,Individual,6,High Risk,Manual Review
40413327,11950.0, 36 months,18.54,E,E1,1 year,RENT,33280.0,Verified,debt_consolidation,CA,30.44,1.0,660.0,664.0,0.0,63.1,14.0,Individual,6,High Risk,Manual Review
40461650,21600.0, 60 months,22.99,F,F1,4 years,MORTGAGE,48000.0,Verified,debt_consolidation,NC,30.1,0.0,675.0,679.0,1.0,65.0,24.0,Individual,5,High Risk,Manual Review
40372721,35000.0, 60 months,19.24,E,E2,10+ years,MORTGAGE,87000.0,Verified,debt_consolidation,IN,37.9,0.0,680.0,684.0,0.0,65.5,30.0,Individual,5,High Risk,Manual Review
40400315,27200.0, 60 months,15.59,D,D1,10+ years,MORTGAGE,72000.0,Source Verified,credit_card,CA,35.94,1.0,685.0,689.0,0.0,89.3,37.0,Individual,5,High Risk,Manual Review
40372702,18525.0, 60 months,24.5,F,F3,3 years,MORTGAGE,160000.0,Source Verified,other,TX,10.06,3.0,670.0,674.0,1.0,100.1,13.0,Individual,5,High Risk,Manual Review
40432236,6475.0, 36 months,18.54,E,E1,1 year,MORTGAGE,36000.0,Source Verified,debt_consolidation,FL,39.23,0.0,670.0,674.0,0.0,44.0,22.0,Individual,5,High Risk,Manual Review
40472967,12000.0, 60 months,18.54,E,E1,1 year,MORTGAGE,33000.0,Verified,debt_consolidation,OK,30.58,0.0,670.0,674.0,4.0,69.6,26.0,Individual,5,High Risk,Manual Review
40443427,16775.0, 60 months,18.54,E,E1,10+ years,RENT,40000.0,Source Verified,credit_card,IL,33.78,0.0,690.0,694.0,0.0,78.9,17.0,Individual,5,High Risk,Manual Review
40401029,11250.0, 60 months,21.99,E,E5,1 year,MORTGAGE,88215.0,Not Verified,debt_consolidation,OH,14.76,1.0,665.0,669.0,0.0,84.3,18.0,Individual,5,High Risk,Manual Review
40551421,14675.0, 36 months,19.24,E,E2,10+ years,MORTGAGE,35000.0,Verified,debt_consolidation,TX,36.83,1.0,665.0,669.0,1.0,74.4,18.0,Individual,6,High Risk,Manual Review
40601910,6075.0, 36 months,19.99,E,E3,7 years,RENT,18532.0,Source Verified,credit_card,WA,38.47,0.0,665.0,669.0,0.0,71.0,9.0,Individual,5,High Risk,Manual Review
40453632,14000.0, 60 months,22.99,F,F1,,RENT,41000.0,Verified,credit_card,NY,12.73,1.0,680.0,684.0,0.0,83.4,20.0,Individual,5,High Risk,Manual Review
40520415,23750.0, 60 months,20.99,E,E4,10+ years,MORTGAGE,85500.0,Source Verified,debt_consolidation,CA,37.76,0.0,675.0,679.0,0.0,99.2,59.0,Individual,6,High Risk,Manual Review
40327383,35000.0, 60 months,18.54,E,E1,3 years,MORTGAGE,100511.0,Verified,debt_consolidation,IL,31.19,1.0,685.0,689.0,0.0,75.5,54.0,Individual,6,High Risk,Manual Review
40583111,14000.0, 60 months,15.99,D,D2,10+ years,RENT,36000.0,Source Verified,debt_consolidation,OH,39.4,1.0,660.0,664.0,0.0,88.3,15.0,Individual,5,High Risk,Manual Review
40402080,21850.0, 60 months,22.99,F,F1,1 year,MORTGAGE,70000.0,Source Verified,debt_consolidation,GA,36.38,0.0,670.0,674.0,0.0,65.1,33.0,Individual,5,High Risk,Manual Review
40412881,19725.0, 60 months,19.24,E,E2,7 years,RENT,47000.0,Source Verified,debt_consolidation,DE,39.22,0.0,695.0,699.0,1.0,74.3,21.0,Individual,5,High Risk,Manual Review
40354264,14700.0, 36 months,20.99,E,E4,10+ years,MORTGAGE,62000.0,Verified,debt_consolidation,MI,34.83,0.0,685.0,689.0,0.0,40.1,20.0,Individual,5,High Risk,Manual Review
40583017,15000.0, 60 months,25.57,F,F5,1 year,RENT,47000.0,Not Verified,other,IN,30.67,0.0,715.0,719.0,1.0,0.0,10.0,Individual,5,High Risk,Manual Review
40461812,28000.0, 60 months,23.99,F,F2,10+ years,MORTGAGE,74000.0,Source Verified,debt_consolidation,OH,16.3,1.0,665.0,669.0,1.0,95.4,21.0,Individual,5,High Risk,Manual Review
39978035,10050.0, 60 months,19.99,E,E3,1 year,MORTGAGE,50000.0,Source Verified,debt_consolidation,CA,32.62,0.0,665.0,669.0,1.0,70.0,22.0,Individual,5,High Risk,Manual Review
40550130,13100.0, 60 months,22.99,F,F1,3 years,RENT,39000.0,Source Verified,debt_consolidation,NC,35.6,1.0,670.0,674.0,0.0,77.0,22.0,Individual,6,High Risk,Manual Review
39721961,14700.0, 60 months,24.5,F,F3,10+ years,MORTGAGE,43500.0,Not Verified,debt_consolidation,SC,30.7,1.0,670.0,674.0,0.0,75.2,19.0,Individual,6,High Risk,Manual Review
40442679,11000.0, 60 months,19.24,E,E2,< 1 year,RENT,25000.0,Source Verified,credit_card,NV,36.18,0.0,660.0,664.0,1.0,46.9,29.0,Individual,5,High Risk,Manual Review
40267737,22000.0, 60 months,19.24,E,E2,7 years,RENT,50000.0,Source Verified,debt_consolidation,TX,32.29,0.0,690.0,694.0,1.0,38.4,28.0,Individual,5,High Risk,Manual Review
40503023,15925.0, 60 months,19.24,E,E2,,OWN,38000.0,Verified,debt_consolidation,FL,33.83,0.0,705.0,709.0,0.0,56.8,14.0,Individual,5,High Risk,Manual Review
40562805,15750.0, 60 months,19.99,E,E3,10+ years,RENT,33697.0,Source Verified,debt_consolidation,WV,32.15,0.0,660.0,664.0,3.0,33.4,49.0,Individual,5,High Risk,Manual Review
40472406,10000.0, 60 months,19.24,E,E2,7 years,MORTGAGE,49000.0,Source Verified,debt_consolidation,TN,36.3,0.0,685.0,689.0,1.0,56.8,20.0,Individual,5,High Risk,Manual Review
40570776,23000.0, 60 months,21.99,E,E5,2 years,RENT,55000.0,Source Verified,debt_consolidation,OH,32.18,0.0,670.0,674.0,0.0,76.8,11.0,Individual,5,High Risk,Manual Review
40472176,29000.0, 60 months,20.99,E,E4,4 years,MORTGAGE,95000.0,Verified,debt_consolidation,TX,37.86,0.0,680.0,684.0,2.0,100.2,24.0,Individual,6,High Risk,Manual Review
40452979,13100.0, 60 months,25.83,G,G2,,OWN,44000.0,Verified,debt_consolidation,WV,31.86,0.0,690.0,694.0,1.0,45.1,21.0,Individual,5,High Risk,Manual Review
40510202,35000.0, 60 months,22.99,F,F1,10+ years,MORTGAGE,105000.0,Verified,debt_consolidation,AZ,31.34,0.0,670.0,674.0,0.0,67.7,29.0,Individual,5,High Risk,Manual Review
40384799,20000.0, 60 months,18.54,E,E1,7 years,RENT,59000.0,Source Verified,debt_consolidation,WA,36.11,0.0,665.0,669.0,0.0,79.3,27.0,Individual,5,High Risk,Manual Review
40522611,15000.0, 60 months,19.24,E,E2,10+ years,MORTGAGE,36000.0,Source Verified,debt_consolidation,OH,31.37,0.0,675.0,679.0,0.0,76.8,28.0,Individual,5,High Risk,Manual Review
40410774,10325.0, 36 months,18.54,E,E1,3 years,RENT,40000.0,Source Verified,debt_consolidation,MD,30.69,0.0,690.0,694.0,1.0,45.6,19.0,Individual,5,High Risk,Manual Review
40502615,20125.0, 60 months,19.99,E,E3,10+ years,RENT,56000.0,Source Verified,debt_consolidation,CA,32.08,0.0,665.0,669.0,2.0,68.9,41.0,Individual,5,High Risk,Manual Review
40431810,9600.0, 36 months,19.99,E,E3,6 years,MORTGAGE,49000.0,Source Verified,moving,TX,30.96,0.0,690.0,694.0,0.0,61.2,13.0,Individual,5,High Risk,Manual Review
40412468,13750.0, 60 months,18.54,E,E1,< 1 year,RENT,29900.0,Source Verified,debt_consolidation,FL,34.6,0.0,720.0,724.0,1.0,62.9,13.0,Individual,5,High Risk,Manual Review
40582566,17625.0, 60 months,24.5,F,F3,6 years,RENT,52000.0,Source Verified,debt_consolidation,CA,35.96,0.0,695.0,699.0,3.0,39.5,31.0,Individual,5,High Risk,Manual Review
40582576,15375.0, 60 months,22.99,F,F1,10+ years,RENT,48000.0,Source Verified,other,CA,30.56,0.0,665.0,669.0,1.0,67.6,17.0,Individual,5,High Risk,Manual Review
40582582,15450.0, 60 months,19.99,E,E3,< 1 year,RENT,45500.0,Verified,debt_consolidation,NJ,17.46,4.0,685.0,689.0,0.0,94.7,18.0,Individual,5,High Risk,Manual Review
40431790,15350.0, 60 months,19.99,E,E3,10+ years,MORTGAGE,36700.0,Source Verified,debt_consolidation,MO,32.57,0.0,700.0,704.0,2.0,46.2,29.0,Individual,5,High Risk,Manual Review
40353338,14050.0, 60 months,19.99,E,E3,10+ years,RENT,74000.0,Not Verified,debt_consolidation,CA,35.58,0.0,740.0,744.0,0.0,71.4,25.0,Individual,5,High Risk,Manual Review
40371932,14100.0, 60 months,20.99,E,E4,3 years,MORTGAGE,43000.0,Source Verified,debt_consolidation,NC,39.49,1.0,660.0,664.0,1.0,61.8,41.0,Individual,6,High Risk,Manual Review
40481964,10600.0, 60 months,20.99,E,E4,< 1 year,MORTGAGE,32000.0,Not Verified,credit_card,SC,33.95,1.0,675.0,679.0,0.0,79.1,17.0,Individual,6,High Risk,Manual Review
40237420,30000.0, 60 months,18.54,E,E1,8 years,MORTGAGE,180000.0,Verified,debt_consolidation,AL,32.19,0.0,685.0,689.0,0.0,50.2,61.0,Individual,5,High Risk,Manual Review
40491586,24450.0, 60 months,17.86,D,D5,2 years,MORTGAGE,53300.0,Source Verified,credit_card,OH,32.04,1.0,680.0,684.0,1.0,80.8,17.0,Individual,5,High Risk,Manual Review
38595375,14400.0, 60 months,18.54,E,E1,5 years,MORTGAGE,57720.0,Verified,debt_consolidation,AR,33.01,2.0,670.0,674.0,3.0,42.0,27.0,Individual,6,High Risk,Manual Review
40460294,24100.0, 60 months,22.99,F,F1,7 years,MORTGAGE,67000.0,Source Verified,debt_consolidation,GA,33.03,0.0,680.0,684.0,0.0,34.4,25.0,Individual,5,High Risk,Manual Review
40472075,11550.0, 60 months,21.99,E,E5,3 years,MORTGAGE,53000.0,Source Verified,home_improvement,FL,19.52,1.0,660.0,664.0,0.0,94.2,8.0,Individual,5,High Risk,Manual Review
40511942,27875.0, 60 months,18.54,E,E1,5 years,RENT,66500.0,Source Verified,debt_consolidation,OK,9.57,2.0,665.0,669.0,0.0,82.2,20.0,Individual,5,High Risk,Manual Review
40572292,35000.0, 60 months,18.54,E,E1,8 years,MORTGAGE,135000.0,Verified,credit_card,TX,31.08,1.0,685.0,689.0,0.0,59.8,40.0,Individual,6,High Risk,Manual Review
40541668,29000.0, 36 months,19.24,E,E2,2 years,MORTGAGE,58000.0,Verified,debt_consolidation,TX,30.79,0.0,665.0,669.0,0.0,86.2,40.0,Individual,6,High Risk,Manual Review
40591276,8200.0, 36 months,18.54,E,E1,10+ years,RENT,23000.0,Verified,debt_consolidation,CA,35.07,0.0,660.0,664.0,0.0,89.8,18.0,Individual,6,High Risk,Manual Review
40502223,10000.0, 36 months,19.24,E,E2,10+ years,RENT,43000.0,Source Verified,other,FL,36.14,1.0,665.0,669.0,0.0,53.4,11.0,Individual,6,High Risk,Manual Review
40481864,17100.0, 60 months,23.99,F,F2,10+ years,RENT,47500.0,Source Verified,debt_consolidation,OH,32.84,0.0,665.0,669.0,1.0,90.9,53.0,Individual,6,High Risk,Manual Review
39760172,15900.0, 60 months,24.5,F,F3,10+ years,MORTGAGE,38000.0,Not Verified,debt_consolidation,AZ,23.59,3.0,660.0,664.0,0.0,86.7,17.0,Individual,5,High Risk,Manual Review
40541095,28000.0, 60 months,19.24,E,E2,10+ years,MORTGAGE,210000.0,Verified,credit_card,CT,16.85,1.0,685.0,689.0,1.0,87.4,46.0,Individual,5,High Risk,Manual Review
40471921,17750.0, 60 months,20.99,E,E4,7 years,RENT,38800.0,Source Verified,debt_consolidation,WA,35.6,0.0,705.0,709.0,2.0,46.6,20.0,Individual,5,High Risk,Manual Review
40362319,13150.0, 60 months,22.99,F,F1,10+ years,OWN,63000.0,Verified,debt_consolidation,MI,33.12,0.0,665.0,669.0,4.0,27.1,21.0,Individual,5,High Risk,Manual Review
40382761,2875.0, 36 months,25.8,G,G1,8 years,OWN,40000.0,Verified,debt_consolidation,IN,34.38,4.0,685.0,689.0,3.0,97.2,31.0,Individual,7,High Risk,Manual Review
40362052,12000.0, 60 months,19.24,E,E2,7 years,MORTGAGE,55000.0,Not Verified,other,TX,36.61,0.0,665.0,669.0,3.0,56.8,31.0,Individual,5,High Risk,Manual Review
40441865,7000.0, 36 months,18.54,E,E1,7 years,RENT,22000.0,Source Verified,medical,MI,38.03,0.0,665.0,669.0,0.0,78.1,16.0,Individual,5,High Risk,Manual Review
40462358,20475.0, 60 months,21.99,E,E5,4 years,RENT,57000.0,Verified,debt_consolidation,TX,31.94,0.0,675.0,679.0,0.0,55.3,27.0,Individual,5,High Risk,Manual Review
38658709,12000.0, 60 months,19.99,E,E3,4 years,MORTGAGE,63000.0,Not Verified,debt_consolidation,NM,21.58,1.0,660.0,664.0,0.0,86.3,62.0,Individual,5,High Risk,Manual Review
40541297,17100.0, 60 months,19.99,E,E3,3 years,MORTGAGE,42000.0,Not Verified,debt_consolidation,IN,34.26,1.0,680.0,684.0,0.0,57.6,44.0,Individual,6,High Risk,Manual Review
40571830,17225.0, 60 months,23.99,F,F2,9 years,MORTGAGE,48000.0,Not Verified,debt_consolidation,FL,39.25,0.0,670.0,674.0,1.0,86.6,40.0,Individual,6,High Risk,Manual Review
40401310,18600.0, 60 months,18.54,E,E1,10+ years,MORTGAGE,59000.0,Source Verified,debt_consolidation,NC,39.73,0.0,670.0,674.0,3.0,67.1,42.0,Individual,5,High Risk,Manual Review
40361706,14000.0, 36 months,17.14,D,D4,6 years,MORTGAGE,45000.0,Source Verified,debt_consolidation,WA,32.67,1.0,665.0,669.0,0.0,83.9,14.0,Individual,5,High Risk,Manual Review
40441627,8000.0, 36 months,18.54,E,E1,3 years,RENT,60000.0,Source Verified,medical,OR,32.7,3.0,665.0,669.0,2.0,38.6,54.0,Individual,6,High Risk,Manual Review
40383090,14375.0, 36 months,19.99,E,E3,10+ years,MORTGAGE,36000.0,Source Verified,debt_consolidation,VA,35.73,6.0,675.0,679.0,1.0,69.6,25.0,Individual,6,High Risk,Manual Review
40562130,11075.0, 60 months,19.99,E,E3,2 years,RENT,32000.0,Not Verified,debt_consolidation,VA,37.85,0.0,665.0,669.0,0.0,89.4,40.0,Individual,6,High Risk,Manual Review
38589762,10800.0, 60 months,19.24,E,E2,3 years,RENT,40000.0,Source Verified,debt_consolidation,OR,30.03,0.0,680.0,684.0,2.0,72.1,39.0,Individual,5,High Risk,Manual Review
40391181,24525.0, 60 months,20.99,E,E4,< 1 year,RENT,75000.0,Verified,debt_consolidation,CA,38.85,0.0,695.0,699.0,0.0,46.7,37.0,Individual,5,High Risk,Manual Review
40571834,29700.0, 60 months,25.83,G,G2,10+ years,RENT,66000.0,Source Verified,debt_consolidation,AK,30.25,0.0,665.0,669.0,2.0,85.3,27.0,Individual,6,High Risk,Manual Review
40521063,15450.0, 36 months,20.99,E,E4,,MORTGAGE,42000.0,Verified,debt_consolidation,IN,25.57,1.0,665.0,669.0,3.0,88.9,40.0,Individual,5,High Risk,Manual Review
39571632,16000.0, 60 months,22.99,F,F1,10+ years,MORTGAGE,41000.0,Verified,debt_consolidation,AL,38.2,0.0,675.0,679.0,1.0,63.8,28.0,Individual,5,High Risk,Manual Review
40501692,33700.0, 60 months,19.99,E,E3,10+ years,MORTGAGE,79000.0,Verified,debt_consolidation,CO,30.4,0.0,690.0,694.0,0.0,85.2,41.0,Individual,6,High Risk,Manual Review
40510947,35000.0, 60 months,19.24,E,E2,1 year,MORTGAGE,98000.0,Verified,debt_consolidation,NY,32.87,0.0,675.0,679.0,1.0,59.8,30.0,Individual,5,High Risk,Manual Review
38557016,35000.0, 60 months,17.86,D,D5,6 years,MORTGAGE,175000.0,Verified,debt_consolidation,NY,30.66,1.0,675.0,679.0,0.0,87.9,79.0,Individual,5,High Risk,Manual Review
40238115,27300.0, 60 months,19.24,E,E2,2 years,RENT,60000.0,Verified,credit_card,NV,38.47,0.0,675.0,679.0,1.0,73.6,31.0,Individual,5,High Risk,Manual Review
40371175,22375.0, 60 months,18.54,E,E1,10+ years,RENT,44940.0,Verified,debt_consolidation,CA,39.6,0.0,685.0,689.0,1.0,77.8,24.0,Individual,5,High Risk,Manual Review
39680626,21100.0, 60 months,19.24,E,E2,2 years,RENT,60000.0,Source Verified,debt_consolidation,TX,35.5,0.0,690.0,694.0,0.0,73.9,21.0,Individual,5,High Risk,Manual Review
39662297,15975.0, 60 months,19.99,E,E3,9 years,MORTGAGE,35000.0,Not Verified,debt_consolidation,TN,31.04,0.0,700.0,704.0,0.0,86.4,16.0,Individual,6,High Risk,Manual Review
40511067,13600.0, 36 months,18.54,E,E1,5 years,RENT,38000.0,Source Verified,debt_consolidation,SC,34.08,0.0,670.0,674.0,1.0,59.7,11.0,Individual,5,High Risk,Manual Review
40085544,5425.0, 36 months,17.14,D,D4,10+ years,MORTGAGE,50000.0,Not Verified,credit_card,CA,33.37,1.0,690.0,694.0,0.0,98.9,27.0,Individual,5,High Risk,Manual Review
40571663,13550.0, 60 months,21.99,E,E5,10+ years,MORTGAGE,50000.0,Not Verified,debt_consolidation,FL,32.93,0.0,690.0,694.0,0.0,58.5,43.0,Individual,5,High Risk,Manual Review
39741075,10225.0, 60 months,19.24,E,E2,< 1 year,RENT,27000.0,Source Verified,credit_card,CA,32.27,0.0,720.0,724.0,0.0,36.0,23.0,Individual,5,High Risk,Manual Review
40327822,4375.0, 36 months,19.24,E,E2,2 years,MORTGAGE,25000.0,Not Verified,home_improvement,OH,36.29,1.0,670.0,674.0,0.0,63.7,14.0,Individual,6,High Risk,Manual Review
40411564,15000.0, 60 months,19.99,E,E3,3 years,RENT,40000.0,Source Verified,debt_consolidation,CA,30.66,0.0,675.0,679.0,1.0,33.3,16.0,Individual,5,High Risk,Manual Review
40571574,28000.0, 60 months,23.99,F,F2,10+ years,OWN,77000.0,Source Verified,debt_consolidation,TX,37.38,1.0,665.0,669.0,1.0,83.7,28.0,Individual,7,High Risk,Manual Review
40382658,24000.0, 60 months,24.99,F,F4,3 years,RENT,60012.0,Source Verified,small_business,FL,31.94,0.0,755.0,759.0,1.0,18.0,25.0,Individual,5,High Risk,Manual Review
40361648,35000.0, 60 months,19.99,E,E3,10+ years,MORTGAGE,110000.0,Verified,house,TX,20.51,2.0,665.0,669.0,0.0,83.2,35.0,Individual,5,High Risk,Manual Review
40352404,21000.0, 60 months,18.54,E,E1,10+ years,MORTGAGE,95000.0,Verified,small_business,NJ,36.2,0.0,710.0,714.0,0.0,71.0,27.0,Individual,5,High Risk,Manual Review
40501320,35000.0, 60 months,21.99,E,E5,< 1 year,MORTGAGE,105000.0,Verified,debt_consolidation,TX,32.59,0.0,670.0,674.0,0.0,79.0,55.0,Individual,5,High Risk,Manual Review
40461570,6175.0, 36 months,21.99,E,E5,6 years,MORTGAGE,26000.0,Not Verified,debt_consolidation,KY,34.81,0.0,685.0,689.0,1.0,80.9,19.0,Individual,6,High Risk,Manual Review
40481079,10000.0, 36 months,18.54,E,E1,8 years,RENT,30000.0,Verified,debt_consolidation,IL,38.2,0.0,670.0,674.0,2.0,64.2,25.0,Individual,5,High Risk,Manual Review
40060865,7025.0, 36 months,19.24,E,E2,,RENT,16176.0,Verified,credit_card,CA,33.16,0.0,690.0,694.0,0.0,85.7,13.0,Individual,6,High Risk,Manual Review
40521485,9100.0, 36 months,20.99,E,E4,6 years,RENT,30000.0,Source Verified,debt_consolidation,FL,38.36,0.0,675.0,679.0,0.0,32.1,36.0,Individual,5,High Risk,Manual Review
40461659,13000.0, 36 months,17.14,D,D4,10+ years,MORTGAGE,50000.0,Verified,credit_card,LA,33.22,3.0,665.0,669.0,1.0,87.2,49.0,Individual,5,High Risk,Manual Review
40430772,9450.0, 36 months,20.99,E,E4,6 years,RENT,43200.0,Verified,medical,TX,32.64,0.0,665.0,669.0,1.0,39.4,78.0,Individual,5,High Risk,Manual Review
40461555,11500.0, 60 months,19.24,E,E2,2 years,RENT,25000.0,Source Verified,debt_consolidation,CA,38.12,0.0,710.0,714.0,0.0,85.0,17.0,Individual,6,High Risk,Manual Review
40207654,12850.0, 60 months,18.54,E,E1,10+ years,MORTGAGE,70000.0,Verified,debt_consolidation,MD,32.33,0.0,705.0,709.0,0.0,73.9,22.0,Individual,5,High Risk,Manual Review
39582244,12475.0, 60 months,21.99,E,E5,10+ years,MORTGAGE,110000.0,Not Verified,credit_card,CA,35.61,0.0,695.0,699.0,0.0,78.4,35.0,Individual,5,High Risk,Manual Review
39571008,15000.0, 60 months,19.24,E,E2,< 1 year,OWN,50000.0,Not Verified,debt_consolidation,PA,31.54,0.0,700.0,704.0,1.0,74.0,27.0,Individual,5,High Risk,Manual Review
40107238,10250.0, 60 months,18.54,E,E1,< 1 year,RENT,28000.0,Source Verified,credit_card,FL,39.48,0.0,690.0,694.0,0.0,61.3,14.0,Individual,5,High Risk,Manual Review
40391322,35000.0, 60 months,19.99,E,E3,3 years,RENT,92000.0,Verified,debt_consolidation,NJ,30.52,0.0,680.0,684.0,0.0,87.1,29.0,Individual,6,High Risk,Manual Review
40287423,11625.0, 36 months,19.99,E,E3,1 year,MORTGAGE,40000.0,Not Verified,debt_consolidation,WI,35.94,1.0,685.0,689.0,2.0,41.3,29.0,Individual,6,High Risk,Manual Review
39632373,12600.0, 60 months,21.99,E,E5,2 years,RENT,35000.0,Source Verified,debt_consolidation,UT,36.18,1.0,665.0,669.0,0.0,45.9,19.0,Individual,6,High Risk,Manual Review
40431099,10850.0, 60 months,19.24,E,E2,10+ years,MORTGAGE,78000.0,Not Verified,debt_consolidation,MO,33.58,0.0,665.0,669.0,0.0,74.7,63.0,Individual,5,High Risk,Manual Review
40481375,18100.0, 60 months,24.99,F,F4,3 years,RENT,60000.0,Source Verified,debt_consolidation,OH,37.48,0.0,680.0,684.0,0.0,99.4,8.0,Individual,6,High Risk,Manual Review
40561393,19600.0, 60 months,19.99,E,E3,2 years,RENT,42640.0,Source Verified,debt_consolidation,CO,34.11,0.0,705.0,709.0,0.0,64.1,19.0,Individual,5,High Risk,Manual Review
40581440,35000.0, 60 months,19.99,E,E3,10+ years,RENT,120000.0,Verified,debt_consolidation,HI,30.87,0.0,680.0,684.0,0.0,90.0,33.0,Individual,6,High Risk,Manual Review
40550776,10000.0, 60 months,18.54,E,E1,4 years,RENT,30000.0,Verified,debt_consolidation,TN,30.56,0.0,670.0,674.0,2.0,79.0,35.0,Individual,5,High Risk,Manual Review
40390531,18225.0, 60 months,19.24,E,E2,10+ years,MORTGAGE,55000.0,Source Verified,debt_consolidation,NC,36.64,4.0,670.0,674.0,0.0,85.6,39.0,Individual,7,High Risk,Manual Review
40581283,13050.0, 60 months,20.99,E,E4,7 years,RENT,31210.0,Source Verified,debt_consolidation,MD,31.46,0.0,675.0,679.0,1.0,68.9,17.0,Individual,5,High Risk,Manual Review
40550805,7800.0, 36 months,18.54,E,E1,3 years,MORTGAGE,32000.0,Source Verified,debt_consolidation,TX,31.96,0.0,670.0,674.0,0.0,81.4,24.0,Individual,6,High Risk,Manual Review
40510720,34225.0, 60 months,21.99,E,E5,10+ years,MORTGAGE,68500.0,Verified,debt_consolidation,VA,30.12,0.0,720.0,724.0,0.0,96.0,43.0,Individual,6,High Risk,Manual Review
40461374,2275.0, 36 months,21.99,E,E5,10+ years,MORTGAGE,28000.0,Not Verified,debt_consolidation,TN,34.29,0.0,680.0,684.0,1.0,62.3,20.0,Individual,5,High Risk,Manual Review
40581438,24650.0, 60 months,22.99,F,F1,1 year,RENT,55000.0,Source Verified,debt_consolidation,TX,33.32,0.0,665.0,669.0,2.0,56.1,32.0,Individual,5,High Risk,Manual Review
39360149,20000.0, 60 months,20.99,E,E4,7 years,RENT,40000.0,Source Verified,debt_consolidation,CA,34.74,0.0,715.0,719.0,1.0,81.8,11.0,Individual,6,High Risk,Manual Review
40351019,12000.0, 60 months,24.5,F,F3,10+ years,MORTGAGE,40000.0,Not Verified,debt_consolidation,IN,17.43,6.0,660.0,664.0,1.0,89.2,15.0,Individual,5,High Risk,Manual Review
40460347,35000.0, 36 months,20.99,E,E4,1 year,RENT,135000.0,Verified,debt_consolidation,TX,16.03,1.0,660.0,664.0,2.0,96.7,16.0,Individual,5,High Risk,Manual Review
40157535,15000.0, 36 months,18.54,E,E1,5 years,RENT,40000.0,Not Verified,credit_card,FL,36.42,0.0,665.0,669.0,2.0,42.7,23.0,Individual,5,High Risk,Manual Review
40411498,30000.0, 36 months,19.99,E,E3,7 years,RENT,84000.0,Source Verified,small_business,CA,34.2,0.0,685.0,689.0,2.0,54.8,30.0,Individual,5,High Risk,Manual Review
39907770,4800.0, 36 months,19.99,E,E3,5 years,RENT,15000.0,Verified,credit_card,GA,34.16,0.0,695.0,699.0,0.0,27.3,9.0,Individual,5,High Risk,Manual Review
40530551,23075.0, 36 months,19.24,E,E2,10+ years,RENT,68000.0,Source Verified,small_business,VA,36.8,1.0,680.0,684.0,0.0,78.9,26.0,Individual,6,High Risk,Manual Review
40440172,12450.0, 60 months,19.99,E,E3,3 years,RENT,25000.0,Source Verified,debt_consolidation,CA,33.03,0.0,670.0,674.0,0.0,95.7,8.0,Individual,6,High Risk,Manual Review
40521014,12575.0, 36 months,20.99,E,E4,2 years,RENT,35000.0,Source Verified,debt_consolidation,NY,31.34,0.0,665.0,669.0,2.0,68.8,12.0,Individual,5,High Risk,Manual Review
40411253,14825.0, 36 months,19.99,E,E3,10+ years,MORTGAGE,75000.0,Not Verified,debt_consolidation,LA,37.66,4.0,680.0,684.0,1.0,72.4,51.0,Individual,6,High Risk,Manual Review
40451258,4000.0, 36 months,18.54,E,E1,9 years,MORTGAGE,45000.0,Not Verified,major_purchase,GA,38.53,0.0,670.0,674.0,1.0,69.2,29.0,Individual,5,High Risk,Manual Review
40381328,14675.0, 60 months,19.24,E,E2,10+ years,MORTGAGE,35000.0,Not Verified,debt_consolidation,LA,30.66,0.0,670.0,674.0,0.0,51.9,20.0,Individual,5,High Risk,Manual Review
40510444,35000.0, 60 months,20.99,E,E4,10+ years,OWN,115000.0,Verified,debt_consolidation,GA,18.79,2.0,670.0,674.0,1.0,82.8,47.0,Individual,5,High Risk,Manual Review
40351617,29250.0, 60 months,19.24,E,E2,10+ years,OWN,58585.0,Source Verified,major_purchase,MI,31.71,0.0,720.0,724.0,0.0,39.3,20.0,Individual,5,High Risk,Manual Review
40470845,17575.0, 36 months,19.99,E,E3,10+ years,MORTGAGE,35152.0,Verified,debt_consolidation,IN,35.95,0.0,670.0,674.0,2.0,50.0,29.0,Individual,5,High Risk,Manual Review
40158266,10850.0, 36 months,19.24,E,E2,9 years,OWN,26000.0,Verified,home_improvement,AL,31.49,0.0,725.0,729.0,1.0,32.4,15.0,Individual,5,High Risk,Manual Review
39599617,28500.0, 60 months,20.99,E,E4,10+ years,RENT,78000.0,Source Verified,debt_consolidation,TX,32.85,0.0,665.0,669.0,1.0,85.5,26.0,Individual,6,High Risk,Manual Review
40460980,9250.0, 36 months,18.54,E,E1,2 years,RENT,29000.0,Source Verified,credit_card,NY,39.45,5.0,670.0,674.0,0.0,62.1,51.0,Individual,6,High Risk,Manual Review
40381301,16400.0, 36 months,18.54,E,E1,6 years,MORTGAGE,108600.0,Verified,debt_consolidation,TX,31.54,0.0,670.0,674.0,1.0,59.8,18.0,Individual,5,High Risk,Manual Review
40461083,18000.0, 60 months,22.99,F,F1,10+ years,MORTGAGE,90000.0,Verified,debt_consolidation,VA,30.13,0.0,665.0,669.0,1.0,84.0,32.0,Individual,6,High Risk,Manual Review
40400564,35000.0, 36 months,19.24,E,E2,10+ years,MORTGAGE,211000.0,Verified,debt_consolidation,SC,33.74,0.0,680.0,684.0,3.0,61.0,57.0,Individual,5,High Risk,Manual Review
40361107,35000.0, 60 months,19.24,E,E2,2 years,MORTGAGE,80000.0,Verified,credit_card,IN,30.77,0.0,675.0,679.0,0.0,71.2,39.0,Individual,5,High Risk,Manual Review
40361132,8000.0, 36 months,19.99,E,E3,10+ years,RENT,54000.0,Verified,moving,TX,32.09,0.0,660.0,664.0,3.0,64.2,39.0,Individual,5,High Risk,Manual Review
40381621,16300.0, 60 months,19.24,E,E2,< 1 year,MORTGAGE,162160.0,Verified,credit_card,CA,34.73,0.0,660.0,664.0,1.0,80.6,55.0,Individual,6,High Risk,Manual Review
40361011,15000.0, 60 months,18.54,E,E1,10+ years,MORTGAGE,58000.0,Source Verified,debt_consolidation,MD,34.86,0.0,675.0,679.0,1.0,24.4,24.0,Individual,5,High Risk,Manual Review
40360995,24000.0, 60 months,19.99,E,E3,10+ years,MORTGAGE,85000.0,Verified,debt_consolidation,NJ,32.7,3.0,670.0,674.0,0.0,91.0,21.0,Individual,7,High Risk,Manual Review
40350942,21000.0, 60 months,19.99,E,E3,7 years,RENT,74000.0,Verified,small_business,NJ,33.21,0.0,680.0,684.0,3.0,81.1,24.0,Individual,6,High Risk,Manual Review
40550425,12500.0, 36 months,21.99,E,E5,8 years,MORTGAGE,35000.0,Source Verified,debt_consolidation,CA,36.59,1.0,675.0,679.0,1.0,62.5,31.0,Individual,6,High Risk,Manual Review
39719200,24000.0, 60 months,15.59,D,D1,< 1 year,RENT,75000.0,Source Verified,credit_card,CA,33.3,1.0,665.0,669.0,0.0,82.9,33.0,Individual,5,High Risk,Manual Review
40317651,15850.0, 60 months,21.99,E,E5,4 years,RENT,50000.0,Source Verified,car,CO,21.58,1.0,670.0,674.0,2.0,82.3,25.0,Individual,5,High Risk,Manual Review
40267239,35000.0, 60 months,23.99,F,F2,10+ years,MORTGAGE,70000.0,Verified,credit_card,IN,34.18,0.0,675.0,679.0,0.0,86.2,29.0,Individual,6,High Risk,Manual Review
40038857,9000.0, 36 months,24.99,F,F4,10+ years,MORTGAGE,45100.0,Source Verified,debt_consolidation,UT,31.53,0.0,660.0,664.0,1.0,57.9,14.0,Individual,5,High Risk,Manual Review
40460848,20000.0, 60 months,18.54,E,E1,1 year,MORTGAGE,54000.0,Source Verified,debt_consolidation,OR,30.43,0.0,670.0,674.0,1.0,80.8,24.0,Individual,6,High Risk,Manual Review
39857923,9250.0, 36 months,20.99,E,E4,1 year,RENT,50000.0,Source Verified,debt_consolidation,CT,32.09,0.0,660.0,664.0,1.0,59.7,30.0,Individual,5,High Risk,Manual Review
40560584,11400.0, 60 months,18.54,E,E1,2 years,RENT,48000.0,Source Verified,debt_consolidation,FL,33.8,0.0,700.0,704.0,0.0,61.2,25.0,Individual,5,High Risk,Manual Review
40017711,12450.0, 36 months,22.99,F,F1,8 years,OWN,25000.0,Verified,debt_consolidation,AR,33.51,0.0,675.0,679.0,1.0,74.9,20.0,Individual,5,High Risk,Manual Review
40460677,7575.0, 36 months,22.99,F,F1,< 1 year,RENT,70000.0,Verified,debt_consolidation,TX,15.91,1.0,660.0,664.0,2.0,103.4,9.0,Individual,5,High Risk,Manual Review
40530383,8050.0, 36 months,19.99,E,E3,2 years,RENT,27000.0,Source Verified,debt_consolidation,NV,33.51,1.0,665.0,669.0,2.0,76.7,20.0,Individual,6,High Risk,Manual Review
40590534,12925.0, 60 months,19.99,E,E3,10+ years,MORTGAGE,63000.0,Not Verified,debt_consolidation,VA,31.7,0.0,665.0,669.0,0.0,93.5,25.0,Individual,6,High Risk,Manual Review
40307402,14500.0, 60 months,24.99,F,F4,8 years,OWN,29000.0,Source Verified,debt_consolidation,MI,31.46,0.0,665.0,669.0,1.0,62.9,18.0,Individual,5,High Risk,Manual Review
40350956,15000.0, 60 months,19.24,E,E2,5 years,MORTGAGE,78000.0,Source Verified,debt_consolidation,TN,19.25,1.0,660.0,664.0,0.0,92.8,10.0,Individual,5,High Risk,Manual Review
40460652,22000.0, 60 months,19.24,E,E2,4 years,RENT,50000.0,Source Verified,debt_consolidation,NY,31.57,0.0,690.0,694.0,0.0,74.9,16.0,Individual,5,High Risk,Manual Review
40410794,12425.0, 60 months,25.57,F,F5,9 years,RENT,65000.0,Verified,debt_consolidation,NV,38.86,0.0,715.0,719.0,2.0,83.4,22.0,Individual,6,High Risk,Manual Review
40540450,11900.0, 36 months,20.99,E,E4,2 years,RENT,35000.0,Verified,debt_consolidation,HI,34.05,0.0,665.0,669.0,0.0,62.6,37.0,Individual,5,High Risk,Manual Review
39701965,17275.0, 36 months,19.99,E,E3,< 1 year,RENT,50960.0,Source Verified,debt_consolidation,TX,33.63,0.0,675.0,679.0,0.0,83.0,28.0,Individual,6,High Risk,Manual Review
40390351,15450.0, 60 months,19.24,E,E2,10+ years,MORTGAGE,74000.0,Verified,debt_consolidation,IN,34.41,0.0,675.0,679.0,0.0,87.8,28.0,Individual,6,High Risk,Manual Review
40440257,8200.0, 36 months,19.24,E,E2,9 years,OWN,30000.0,Source Verified,small_business,CT,30.64,0.0,665.0,669.0,0.0,54.3,25.0,Individual,5,High Risk,Manual Review
40138199,10000.0, 60 months,19.24,E,E2,< 1 year,RENT,47000.0,Not Verified,debt_consolidation,MN,35.98,0.0,725.0,729.0,1.0,75.3,28.0,Individual,5,High Risk,Manual Review
40500634,15350.0, 36 months,18.54,E,E1,2 years,RENT,42900.0,Verified,debt_consolidation,MO,32.67,0.0,665.0,669.0,0.0,94.8,21.0,Individual,6,High Risk,Manual Review
40450887,15000.0, 36 months,18.54,E,E1,4 years,RENT,35000.0,Source Verified,small_business,PA,30.76,0.0,660.0,664.0,1.0,11.5,19.0,Individual,5,High Risk,Manual Review
38559918,20000.0, 60 months,21.99,E,E5,1 year,MORTGAGE,80000.0,Source Verified,credit_card,MN,38.95,0.0,670.0,674.0,0.0,97.5,38.0,Individual,6,High Risk,Manual Review
40450759,13100.0, 36 months,20.99,E,E4,10+ years,OWN,56000.0,Source Verified,debt_consolidation,IL,34.7,2.0,660.0,664.0,1.0,85.8,23.0,Individual,7,High Risk,Manual Review
40520409,12275.0, 60 months,19.24,E,E2,4 years,RENT,41000.0,Verified,debt_consolidation,FL,34.31,0.0,665.0,669.0,0.0,67.5,37.0,Individual,5,High Risk,Manual Review
40560302,19000.0, 36 months,19.24,E,E2,3 years,MORTGAGE,86000.0,Source Verified,debt_consolidation,MD,33.38,5.0,670.0,674.0,4.0,54.2,34.0,Individual,6,High Risk,Manual Review
40420364,2875.0, 36 months,21.99,E,E5,4 years,MORTGAGE,38000.0,Not Verified,debt_consolidation,TX,39.58,0.0,665.0,669.0,1.0,68.5,39.0,Individual,5,High Risk,Manual Review
40390243,18675.0, 60 months,20.99,E,E4,9 years,MORTGAGE,52000.0,Source Verified,debt_consolidation,OH,36.05,1.0,665.0,669.0,1.0,68.6,40.0,Individual,6,High Risk,Manual Review
40257182,35000.0, 60 months,20.99,E,E4,5 years,MORTGAGE,102000.0,Verified,debt_consolidation,NM,22.4,1.0,670.0,674.0,1.0,99.0,36.0,Individual,5,High Risk,Manual Review
40500474,8450.0, 36 months,18.54,E,E1,8 years,OWN,17000.0,Verified,debt_consolidation,TN,32.63,0.0,675.0,679.0,0.0,100.7,12.0,Individual,6,High Risk,Manual Review
40580224,25850.0, 60 months,19.99,E,E3,10+ years,OWN,56241.0,Source Verified,debt_consolidation,GA,35.53,0.0,730.0,734.0,0.0,69.6,22.0,Individual,5,High Risk,Manual Review
40370135,30000.0, 60 months,21.99,E,E5,10+ years,MORTGAGE,95000.0,Verified,debt_consolidation,TX,37.52,1.0,660.0,664.0,1.0,85.3,44.0,Individual,7,High Risk,Manual Review
40350201,12600.0, 60 months,19.24,E,E2,10+ years,RENT,39500.0,Source Verified,credit_card,CA,34.15,0.0,665.0,669.0,0.0,54.9,23.0,Individual,5,High Risk,Manual Review
40500128,25200.0, 60 months,18.54,E,E1,10+ years,OWN,55000.0,Source Verified,credit_card,NY,37.14,0.0,675.0,679.0,0.0,91.6,22.0,Individual,6,High Risk,Manual Review
40360154,3750.0, 36 months,21.99,E,E5,8 years,RENT,16000.0,Not Verified,moving,PA,33.23,0.0,690.0,694.0,3.0,75.3,10.0,Individual,5,High Risk,Manual Review
40530209,3550.0, 36 months,22.99,F,F1,1 year,RENT,46000.0,Source Verified,other,MD,4.44,4.0,660.0,664.0,1.0,95.3,19.0,Individual,5,High Risk,Manual Review
40298320,15000.0, 60 months,18.54,E,E1,10+ years,MORTGAGE,55000.0,Verified,credit_card,NC,36.59,5.0,675.0,679.0,2.0,50.3,31.0,Individual,6,High Risk,Manual Review
40328296,31375.0, 60 months,19.24,E,E2,10+ years,MORTGAGE,97000.0,Verified,debt_consolidation,NC,9.48,2.0,700.0,704.0,0.0,87.1,27.0,Individual,5,High Risk,Manual Review
40198155,17125.0, 60 months,19.24,E,E2,10+ years,MORTGAGE,60000.0,Not Verified,debt_consolidation,VA,30.39,0.0,680.0,684.0,0.0,44.6,76.0,Individual,5,High Risk,Manual Review
40390115,16150.0, 36 months,19.99,E,E3,10+ years,RENT,46000.0,Verified,debt_consolidation,HI,32.99,1.0,665.0,669.0,1.0,71.0,21.0,Individual,6,High Risk,Manual Review
40178279,12575.0, 60 months,24.5,F,F3,10+ years,OWN,37000.0,Source Verified,debt_consolidation,TX,31.66,0.0,685.0,689.0,2.0,65.3,30.0,Individual,5,High Risk,Manual Review
40258443,18350.0, 60 months,24.5,F,F3,1 year,RENT,45000.0,Source Verified,debt_consolidation,CA,35.65,0.0,665.0,669.0,3.0,70.1,26.0,Individual,5,High Risk,Manual Review
40258242,19775.0, 36 months,19.99,E,E3,10+ years,MORTGAGE,53800.0,Not Verified,home_improvement,NC,37.25,0.0,680.0,684.0,2.0,71.1,26.0,Individual,5,High Risk,Manual Review
40217726,16850.0, 60 months,20.99,E,E4,10+ years,RENT,42284.0,Source Verified,debt_consolidation,WI,33.41,0.0,720.0,724.0,0.0,45.4,19.0,Individual,5,High Risk,Manual Review
40188298,21850.0, 36 months,15.59,D,D1,3 years,RENT,83200.0,Verified,debt_consolidation,WA,34.59,1.0,660.0,664.0,0.0,91.9,29.0,Individual,5,High Risk,Manual Review
40278227,20725.0, 60 months,23.99,F,F2,< 1 year,RENT,52000.0,Source Verified,debt_consolidation,NJ,30.26,0.0,680.0,684.0,1.0,67.8,26.0,Individual,5,High Risk,Manual Review
40098313,21000.0, 60 months,16.49,D,D3,10+ years,MORTGAGE,95000.0,Source Verified,other,OH,34.51,1.0,720.0,724.0,0.0,92.4,42.0,Individual,5,High Risk,Manual Review
40208119,19950.0, 60 months,24.99,F,F4,2 years,MORTGAGE,40000.0,Source Verified,debt_consolidation,AR,35.04,0.0,660.0,664.0,1.0,96.1,24.0,Individual,6,High Risk,Manual Review
40308154,15000.0, 36 months,18.54,E,E1,< 1 year,RENT,35000.0,Verified,debt_consolidation,NC,30.25,0.0,670.0,674.0,2.0,54.5,19.0,Individual,5,High Risk,Manual Review
40217181,35000.0, 60 months,18.54,E,E1,< 1 year,RENT,90000.0,Verified,credit_card,MD,38.56,0.0,690.0,694.0,0.0,91.8,37.0,Individual,6,High Risk,Manual Review
40238075,27975.0, 60 months,20.99,E,E4,7 years,RENT,60888.0,Verified,credit_card,CA,32.54,0.0,670.0,674.0,0.0,65.6,66.0,Individual,5,High Risk,Manual Review
39562388,12375.0, 36 months,19.99,E,E3,8 years,MORTGAGE,31200.0,Source Verified,debt_consolidation,WV,39.31,10.0,690.0,694.0,2.0,22.9,39.0,Individual,6,High Risk,Manual Review
39681802,20475.0, 60 months,19.24,E,E2,10+ years,OWN,44600.0,Source Verified,debt_consolidation,AR,36.15,0.0,685.0,689.0,2.0,76.9,24.0,Individual,5,High Risk,Manual Review
40238079,6850.0, 36 months,18.54,E,E1,3 years,RENT,24000.0,Source Verified,debt_consolidation,GA,30.15,1.0,660.0,664.0,2.0,87.1,25.0,Individual,7,High Risk,Manual Review
40060853,10725.0, 36 months,18.54,E,E1,,OWN,81211.0,Verified,other,CA,32.52,8.0,665.0,669.0,0.0,16.7,34.0,Individual,6,High Risk,Manual Review
40268112,35000.0, 60 months,25.57,F,F5,10+ years,MORTGAGE,136000.0,Verified,home_improvement,NJ,14.66,1.0,665.0,669.0,2.0,81.2,28.0,Individual,5,High Risk,Manual Review
40118178,21400.0, 60 months,18.54,E,E1,8 years,RENT,43000.0,Source Verified,credit_card,PA,39.6,0.0,715.0,719.0,1.0,58.0,38.0,Individual,5,High Risk,Manual Review
40017872,14975.0, 60 months,23.99,F,F2,3 years,MORTGAGE,30000.0,Source Verified,house,MI,31.76,1.0,680.0,684.0,0.0,15.2,26.0,Individual,6,High Risk,Manual Review
40328166,10300.0, 36 months,21.99,E,E5,7 years,MORTGAGE,36000.0,Source Verified,debt_consolidation,AL,16.9,1.0,665.0,669.0,1.0,98.2,13.0,Individual,5,High Risk,Manual Review
40287977,20000.0, 60 months,23.99,F,F2,2 years,MORTGAGE,65000.0,Verified,debt_consolidation,TX,16.89,1.0,705.0,709.0,0.0,103.7,18.0,Individual,5,High Risk,Manual Review
40198011,14400.0, 60 months,21.99,E,E5,9 years,OWN,310000.0,Source Verified,vacation,MD,19.91,2.0,665.0,669.0,0.0,89.0,65.0,Individual,5,High Risk,Manual Review
39712579,12300.0, 60 months,23.99,F,F2,< 1 year,RENT,70000.0,Source Verified,debt_consolidation,GA,32.13,0.0,675.0,679.0,1.0,62.0,30.0,Individual,5,High Risk,Manual Review
40257742,18250.0, 60 months,25.57,F,F5,10+ years,RENT,41600.0,Source Verified,major_purchase,CA,33.99,0.0,700.0,704.0,1.0,73.6,26.0,Individual,5,High Risk,Manual Review
40247946,15175.0, 60 months,23.99,F,F2,< 1 year,RENT,38000.0,Source Verified,debt_consolidation,MN,37.95,0.0,670.0,674.0,0.0,56.9,65.0,Individual,5,High Risk,Manual Review
40097826,10000.0, 60 months,19.99,E,E3,1 year,MORTGAGE,22000.0,Source Verified,debt_consolidation,TN,37.64,0.0,705.0,709.0,0.0,44.6,7.0,Individual,5,High Risk,Manual Review
40337869,23900.0, 36 months,18.54,E,E1,3 years,RENT,48000.0,Verified,debt_consolidation,WA,38.35,0.0,675.0,679.0,0.0,81.7,21.0,Individual,6,High Risk,Manual Review
40097823,18000.0, 60 months,20.99,E,E4,10+ years,RENT,36000.0,Source Verified,debt_consolidation,FL,34.53,0.0,695.0,699.0,0.0,83.3,26.0,Individual,6,High Risk,Manual Review
40327891,33575.0, 60 months,21.99,E,E5,7 years,MORTGAGE,75000.0,Verified,debt_consolidation,MN,33.41,0.0,675.0,679.0,1.0,93.7,16.0,Individual,6,High Risk,Manual Review
40217630,10500.0, 60 months,18.54,E,E1,< 1 year,OWN,30000.0,Not Verified,moving,IL,33.08,0.0,685.0,689.0,2.0,39.3,43.0,Individual,5,High Risk,Manual Review
39579415,12150.0, 60 months,19.24,E,E2,10+ years,RENT,38000.0,Source Verified,home_improvement,VA,32.06,1.0,695.0,699.0,0.0,5.0,34.0,Individual,6,High Risk,Manual Review
40137272,8050.0, 36 months,18.54,E,E1,10+ years,MORTGAGE,45000.0,Source Verified,debt_consolidation,MI,33.04,0.0,670.0,674.0,1.0,47.3,16.0,Individual,5,High Risk,Manual Review
40197514,11850.0, 36 months,18.54,E,E1,5 years,RENT,52000.0,Not Verified,debt_consolidation,AZ,15.05,2.0,675.0,679.0,0.0,90.2,13.0,Individual,5,High Risk,Manual Review
39249547,3400.0, 36 months,15.59,D,D1,10+ years,RENT,38000.0,Verified,debt_consolidation,CA,30.42,1.0,670.0,674.0,4.0,90.0,43.0,Individual,5,High Risk,Manual Review
40237549,1200.0, 36 months,19.99,E,E3,< 1 year,RENT,19000.0,Not Verified,credit_card,NJ,32.79,0.0,685.0,689.0,0.0,62.5,9.0,Individual,5,High Risk,Manual Review
40237671,16950.0, 60 months,19.24,E,E2,8 years,RENT,42500.0,Source Verified,debt_consolidation,TX,35.72,0.0,675.0,679.0,0.0,89.6,28.0,Individual,6,High Risk,Manual Review
40327868,3850.0, 36 months,20.99,E,E4,10+ years,RENT,27000.0,Not Verified,debt_consolidation,IL,30.76,0.0,720.0,724.0,1.0,64.0,15.0,Individual,5,High Risk,Manual Review
40177773,24000.0, 60 months,18.54,E,E1,2 years,MORTGAGE,48000.0,Verified,debt_consolidation,AR,30.8,0.0,685.0,689.0,0.0,53.7,36.0,Individual,5,High Risk,Manual Review
40227691,14375.0, 60 months,19.99,E,E3,8 years,RENT,50000.0,Source Verified,debt_consolidation,OH,34.33,0.0,665.0,669.0,1.0,59.2,13.0,Individual,5,High Risk,Manual Review
39730124,14000.0, 60 months,22.99,F,F1,10+ years,MORTGAGE,56500.0,Source Verified,debt_consolidation,CA,12.77,1.0,665.0,669.0,1.0,81.3,14.0,Individual,5,High Risk,Manual Review
38428187,22000.0, 60 months,22.99,F,F1,10+ years,MORTGAGE,50000.0,Source Verified,debt_consolidation,IN,32.36,0.0,700.0,704.0,0.0,88.0,17.0,Individual,6,High Risk,Manual Review
40277713,13950.0, 60 months,19.99,E,E3,1 year,RENT,35000.0,Source Verified,debt_consolidation,CA,33.55,0.0,680.0,684.0,0.0,62.6,29.0,Individual,5,High Risk,Manual Review
40127617,14300.0, 60 months,16.49,D,D3,10+ years,MORTGAGE,82000.0,Not Verified,debt_consolidation,MI,34.27,1.0,675.0,679.0,0.0,97.8,27.0,Individual,5,High Risk,Manual Review
39761036,14225.0, 60 months,19.99,E,E3,7 years,RENT,70000.0,Source Verified,other,TX,13.85,1.0,665.0,669.0,0.0,96.8,12.0,Individual,5,High Risk,Manual Review
40127630,10725.0, 60 months,22.99,F,F1,6 years,MORTGAGE,35000.0,Verified,debt_consolidation,AL,38.34,0.0,660.0,664.0,2.0,70.7,31.0,Individual,5,High Risk,Manual Review
40167722,10075.0, 60 months,20.99,E,E4,< 1 year,RENT,28000.0,Source Verified,debt_consolidation,MI,39.91,0.0,675.0,679.0,0.0,96.7,14.0,Individual,6,High Risk,Manual Review
39580218,12175.0, 60 months,25.89,G,G3,10+ years,RENT,36000.0,Source Verified,credit_card,PA,32.6,0.0,685.0,689.0,2.0,79.6,14.0,Individual,5,High Risk,Manual Review
40217594,35000.0, 60 months,22.99,F,F1,2 years,MORTGAGE,92500.0,Verified,debt_consolidation,TX,32.23,1.0,660.0,664.0,0.0,74.2,44.0,Individual,6,High Risk,Manual Review
39937882,12575.0, 60 months,25.57,F,F5,7 years,RENT,35000.0,Source Verified,debt_consolidation,TX,30.11,0.0,720.0,724.0,2.0,25.8,44.0,Individual,5,High Risk,Manual Review
40337610,25600.0, 60 months,19.99,E,E3,10+ years,MORTGAGE,65673.0,Source Verified,debt_consolidation,CA,31.76,0.0,695.0,699.0,2.0,72.8,23.0,Individual,5,High Risk,Manual Review
40217612,22650.0, 60 months,24.99,F,F4,,MORTGAGE,65660.0,Verified,debt_consolidation,TN,35.76,0.0,660.0,664.0,0.0,58.8,32.0,Individual,5,High Risk,Manual Review
40257469,14575.0, 60 months,23.99,F,F2,1 year,RENT,40560.0,Source Verified,debt_consolidation,HI,30.18,0.0,685.0,689.0,0.0,59.6,28.0,Individual,5,High Risk,Manual Review
40257729,30000.0, 60 months,17.14,D,D4,10+ years,MORTGAGE,115000.0,Verified,debt_consolidation,CO,36.98,4.0,685.0,689.0,1.0,83.4,71.0,Individual,5,High Risk,Manual Review
40187682,13250.0, 60 months,17.14,D,D4,10+ years,RENT,33370.88,Source Verified,debt_consolidation,OR,31.4,1.0,660.0,664.0,0.0,80.4,38.0,Individual,5,High Risk,Manual Review
40097589,17875.0, 60 months,20.99,E,E4,7 years,RENT,49884.0,Source Verified,debt_consolidation,UT,33.97,2.0,660.0,664.0,1.0,89.6,40.0,Individual,7,High Risk,Manual Review
39450104,27575.0, 60 months,21.99,E,E5,7 years,OWN,55200.0,Source Verified,debt_consolidation,WA,35.32,0.0,745.0,749.0,3.0,36.1,37.0,Individual,5,High Risk,Manual Review
40287584,6125.0, 36 months,19.99,E,E3,2 years,MORTGAGE,19200.0,Verified,credit_card,MD,36.93,0.0,665.0,669.0,1.0,78.9,13.0,Individual,5,High Risk,Manual Review
40038868,15950.0, 36 months,18.54,E,E1,1 year,MORTGAGE,32000.0,Verified,debt_consolidation,MI,39.01,4.0,670.0,674.0,3.0,88.1,19.0,Individual,7,High Risk,Manual Review
40177455,14250.0, 60 months,18.54,E,E1,8 years,RENT,34000.0,Verified,debt_consolidation,MD,31.11,0.0,720.0,724.0,0.0,68.3,24.0,Individual,5,High Risk,Manual Review
40247548,34750.0, 60 months,20.99,E,E4,10+ years,RENT,69500.0,Verified,credit_card,CA,29.86,1.0,665.0,669.0,0.0,82.3,32.0,Individual,5,High Risk,Manual Review
40267527,10800.0, 36 months,19.99,E,E3,< 1 year,RENT,30000.0,Verified,debt_consolidation,CA,21.67,1.0,660.0,664.0,0.0,88.8,12.0,Individual,5,High Risk,Manual Review
39339397,25150.0, 60 months,19.24,E,E2,10+ years,MORTGAGE,60000.0,Source Verified,credit_card,PA,18.52,1.0,670.0,674.0,0.0,82.7,45.0,Individual,5,High Risk,Manual Review
39711785,22675.0, 60 months,19.24,E,E2,10+ years,MORTGAGE,63000.0,Verified,debt_consolidation,OH,30.72,0.0,665.0,669.0,1.0,91.5,27.0,Individual,6,High Risk,Manual Review
40277505,12000.0, 60 months,21.99,E,E5,1 year,RENT,26000.0,Source Verified,debt_consolidation,CA,30.47,0.0,670.0,674.0,0.0,41.7,21.0,Individual,5,High Risk,Manual Review
40137520,8000.0, 36 months,21.99,E,E5,3 years,RENT,27000.0,Source Verified,debt_consolidation,VA,36.18,0.0,675.0,679.0,1.0,72.9,19.0,Individual,5,High Risk,Manual Review
40157570,22325.0, 60 months,20.99,E,E4,10+ years,MORTGAGE,52000.0,Source Verified,debt_consolidation,MN,34.04,0.0,680.0,684.0,1.0,57.2,32.0,Individual,5,High Risk,Manual Review
40207469,3600.0, 36 months,19.99,E,E3,10+ years,MORTGAGE,50000.0,Verified,credit_card,KS,39.53,1.0,660.0,664.0,3.0,87.0,23.0,Individual,7,High Risk,Manual Review
40307400,15500.0, 36 months,16.49,D,D3,4 years,RENT,72175.0,Source Verified,debt_consolidation,CA,34.51,1.0,675.0,679.0,2.0,87.4,26.0,Individual,5,High Risk,Manual Review
40147341,13150.0, 36 months,18.54,E,E1,1 year,RENT,40000.0,Verified,debt_consolidation,AZ,31.69,0.0,665.0,669.0,2.0,61.7,18.0,Individual,5,High Risk,Manual Review
40267443,16000.0, 36 months,15.99,D,D2,6 years,RENT,45000.0,Verified,credit_card,FL,35.79,1.0,665.0,669.0,0.0,91.5,31.0,Individual,5,High Risk,Manual Review
40117401,25000.0, 60 months,18.54,E,E1,8 years,MORTGAGE,55000.0,Verified,credit_card,OK,34.24,0.0,685.0,689.0,0.0,73.3,49.0,Individual,5,High Risk,Manual Review
40049922,18625.0, 60 months,22.99,F,F1,10+ years,RENT,55000.0,Source Verified,debt_consolidation,NY,34.89,0.0,675.0,679.0,1.0,54.1,17.0,Individual,5,High Risk,Manual Review
40187350,29600.0, 60 months,19.24,E,E2,10+ years,MORTGAGE,67500.0,Source Verified,debt_consolidation,OH,30.03,0.0,695.0,699.0,0.0,97.3,31.0,Individual,6,High Risk,Manual Review
40107509,18000.0, 60 months,24.5,F,F3,7 years,MORTGAGE,50000.0,Source Verified,debt_consolidation,SC,35.93,0.0,700.0,704.0,0.0,54.9,18.0,Individual,5,High Risk,Manual Review
40297351,23400.0, 60 months,19.24,E,E2,4 years,RENT,46800.0,Source Verified,debt_consolidation,MN,31.18,0.0,700.0,704.0,0.0,73.3,17.0,Individual,5,High Risk,Manual Review
40277388,15775.0, 60 months,19.99,E,E3,10+ years,OWN,36000.0,Source Verified,debt_consolidation,NM,32.4,0.0,680.0,684.0,0.0,84.8,17.0,Individual,6,High Risk,Manual Review
39569619,12400.0, 60 months,22.99,F,F1,9 years,RENT,41000.0,Source Verified,debt_consolidation,CA,34.84,0.0,665.0,669.0,0.0,59.9,29.0,Individual,5,High Risk,Manual Review
40147436,9525.0, 36 months,24.99,F,F4,6 years,RENT,32000.0,Source Verified,debt_consolidation,NY,33.01,0.0,670.0,674.0,1.0,94.4,7.0,Individual,6,High Risk,Manual Review
40247355,17000.0, 60 months,19.99,E,E3,,MORTGAGE,58000.0,Verified,credit_card,NJ,30.52,0.0,675.0,679.0,4.0,67.0,31.0,Individual,5,High Risk,Manual Review
40227275,19150.0, 60 months,21.99,E,E5,8 years,MORTGAGE,73000.0,Not Verified,debt_consolidation,WA,37.09,1.0,665.0,669.0,2.0,70.8,46.0,Individual,6,High Risk,Manual Review
39622278,16000.0, 60 months,19.24,E,E2,7 years,MORTGAGE,42000.0,Source Verified,debt_consolidation,OH,34.54,2.0,665.0,669.0,0.0,72.9,18.0,Individual,6,High Risk,Manual Review
40247366,17500.0, 60 months,20.99,E,E4,10+ years,RENT,38900.0,Source Verified,credit_card,NY,39.28,0.0,700.0,704.0,1.0,48.5,30.0,Individual,5,High Risk,Manual Review
40317116,5875.0, 36 months,18.54,E,E1,< 1 year,RENT,30000.0,Not Verified,debt_consolidation,MI,29.64,3.0,675.0,679.0,0.0,101.3,23.0,Individual,5,High Risk,Manual Review
40237317,28000.0, 60 months,19.99,E,E3,8 years,MORTGAGE,91000.0,Source Verified,debt_consolidation,TX,37.53,1.0,695.0,699.0,0.0,80.5,70.0,Individual,7,High Risk,Manual Review
40147206,15625.0, 60 months,21.99,E,E5,10+ years,MORTGAGE,63000.0,Not Verified,other,MA,30.61,1.0,675.0,679.0,1.0,50.0,22.0,Individual,6,High Risk,Manual Review
40307204,35000.0, 60 months,20.99,E,E4,10+ years,OWN,75000.0,Verified,debt_consolidation,OH,30.78,0.0,670.0,674.0,0.0,61.6,34.0,Individual,5,High Risk,Manual Review
40297154,6775.0, 36 months,18.54,E,E1,1 year,RENT,35000.0,Source Verified,debt_consolidation,CA,32.99,0.0,700.0,704.0,2.0,56.8,16.0,Individual,5,High Risk,Manual Review
40127150,14325.0, 60 months,19.24,E,E2,10+ years,MORTGAGE,36000.0,Source Verified,debt_consolidation,PA,39.77,0.0,695.0,699.0,0.0,47.0,18.0,Individual,5,High Risk,Manual Review
39978046,15125.0, 60 months,21.99,E,E5,1 year,OWN,92000.0,Source Verified,debt_consolidation,PA,16.31,5.0,680.0,684.0,3.0,98.6,29.0,Individual,5,High Risk,Manual Review
40167220,11975.0, 60 months,21.99,E,E5,7 years,OWN,28600.0,Verified,debt_consolidation,GA,35.75,0.0,660.0,664.0,0.0,87.1,16.0,Individual,6,High Risk,Manual Review
40207173,35000.0, 60 months,18.54,E,E1,,MORTGAGE,75180.6,Verified,debt_consolidation,AL,31.56,0.0,700.0,704.0,0.0,86.0,27.0,Individual,6,High Risk,Manual Review
39887388,7475.0, 36 months,22.99,F,F1,,RENT,21000.0,Verified,debt_consolidation,FL,31.6,0.0,705.0,709.0,0.0,70.8,12.0,Individual,5,High Risk,Manual Review
38862348,5850.0, 36 months,19.24,E,E2,7 years,RENT,40500.0,Verified,debt_consolidation,OH,31.63,0.0,665.0,669.0,2.0,39.7,36.0,Individual,5,High Risk,Manual Review
38507980,5000.0, 36 months,25.8,G,G1,< 1 year,MORTGAGE,40000.0,Source Verified,car,IL,31.74,0.0,660.0,664.0,1.0,89.9,10.0,Individual,6,High Risk,Manual Review
39682702,10000.0, 60 months,18.54,E,E1,2 years,RENT,45000.0,Source Verified,debt_consolidation,TN,37.95,0.0,675.0,679.0,1.0,67.9,38.0,Individual,5,High Risk,Manual Review
39887813,20225.0, 60 months,19.24,E,E2,10+ years,RENT,46000.0,Source Verified,debt_consolidation,NV,30.76,0.0,680.0,684.0,2.0,27.9,32.0,Individual,5,High Risk,Manual Review
39868093,21000.0, 60 months,21.99,E,E5,< 1 year,RENT,80000.0,Source Verified,debt_consolidation,WV,32.93,0.0,670.0,674.0,1.0,67.2,50.0,Individual,5,High Risk,Manual Review
38506553,35000.0, 60 months,19.99,E,E3,2 years,MORTGAGE,85000.0,Verified,debt_consolidation,VA,34.96,0.0,665.0,669.0,1.0,77.5,51.0,Individual,5,High Risk,Manual Review
39857892,35000.0, 36 months,19.99,E,E3,10+ years,MORTGAGE,73444.0,Verified,debt_consolidation,IL,32.12,0.0,660.0,664.0,2.0,58.2,55.0,Individual,5,High Risk,Manual Review
39639882,10000.0, 60 months,21.99,E,E5,1 year,RENT,38000.0,Verified,debt_consolidation,SD,31.17,0.0,680.0,684.0,0.0,59.7,69.0,Individual,5,High Risk,Manual Review
39987864,21075.0, 60 months,19.24,E,E2,7 years,MORTGAGE,75023.0,Verified,debt_consolidation,KS,35.87,0.0,680.0,684.0,0.0,82.2,26.0,Individual,6,High Risk,Manual Review
39818091,16425.0, 60 months,20.99,E,E4,1 year,RENT,35712.0,Source Verified,debt_consolidation,NJ,31.35,0.0,715.0,719.0,0.0,47.0,19.0,Individual,5,High Risk,Manual Review
39531128,21700.0, 60 months,18.54,E,E1,9 years,RENT,72619.0,Verified,debt_consolidation,TX,36.13,0.0,660.0,664.0,1.0,83.3,26.0,Individual,6,High Risk,Manual Review
39600942,10500.0, 60 months,19.99,E,E3,,MORTGAGE,36000.0,Verified,debt_consolidation,IN,37.07,0.0,670.0,674.0,1.0,66.1,36.0,Individual,5,High Risk,Manual Review
39897944,17625.0, 36 months,18.54,E,E1,< 1 year,MORTGAGE,92000.0,Not Verified,debt_consolidation,MD,38.91,0.0,695.0,699.0,0.0,66.0,60.0,Individual,5,High Risk,Manual Review
40038704,25200.0, 60 months,21.99,E,E5,2 years,RENT,60000.0,Source Verified,debt_consolidation,TX,35.76,0.0,660.0,664.0,2.0,73.7,50.0,Individual,5,High Risk,Manual Review
39805975,10975.0, 60 months,25.57,F,F5,< 1 year,MORTGAGE,30720.0,Source Verified,debt_consolidation,CO,37.7,0.0,660.0,664.0,1.0,81.1,25.0,Individual,6,High Risk,Manual Review
40007862,34000.0, 60 months,19.24,E,E2,3 years,MORTGAGE,80000.0,Verified,debt_consolidation,TX,8.28,1.0,715.0,719.0,0.0,95.0,27.0,Individual,5,High Risk,Manual Review
38629440,9650.0, 36 months,19.24,E,E2,2 years,RENT,26815.0,Source Verified,debt_consolidation,GA,39.83,0.0,660.0,664.0,0.0,81.8,20.0,Individual,6,High Risk,Manual Review
40038710,25575.0, 60 months,20.99,E,E4,10+ years,MORTGAGE,96156.0,Verified,debt_consolidation,WA,37.54,0.0,690.0,694.0,1.0,70.5,30.0,Individual,5,High Risk,Manual Review
39827179,35000.0, 60 months,21.99,E,E5,9 years,OWN,105000.0,Verified,debt_consolidation,NY,38.73,0.0,665.0,669.0,2.0,75.9,48.0,Individual,5,High Risk,Manual Review
40007710,12150.0, 60 months,18.54,E,E1,< 1 year,RENT,52000.0,Source Verified,debt_consolidation,GA,30.81,0.0,705.0,709.0,0.0,85.0,13.0,Individual,6,High Risk,Manual Review
39679235,9575.0, 36 months,20.99,E,E4,1 year,RENT,57000.0,Verified,debt_consolidation,NJ,33.2,0.0,685.0,689.0,0.0,35.3,33.0,Individual,5,High Risk,Manual Review
39867868,26000.0, 60 months,19.24,E,E2,2 years,RENT,65000.0,Source Verified,debt_consolidation,AZ,37.3,0.0,690.0,694.0,0.0,52.1,38.0,Individual,5,High Risk,Manual Review
39967770,25000.0, 60 months,23.99,F,F2,1 year,MORTGAGE,75000.0,Verified,debt_consolidation,IN,34.56,0.0,680.0,684.0,1.0,89.3,32.0,Individual,6,High Risk,Manual Review
40027826,25000.0, 60 months,22.99,F,F1,10+ years,OWN,82000.0,Verified,home_improvement,NC,32.23,0.0,675.0,679.0,1.0,68.8,41.0,Individual,5,High Risk,Manual Review
39967737,24000.0, 60 months,20.99,E,E4,3 years,RENT,48000.0,Verified,credit_card,CA,34.73,0.0,665.0,669.0,1.0,79.5,34.0,Individual,5,High Risk,Manual Review
40027824,12050.0, 60 months,25.57,F,F5,2 years,RENT,38000.0,Verified,credit_card,AZ,35.98,0.0,675.0,679.0,0.0,80.5,87.0,Individual,6,High Risk,Manual Review
39937547,9250.0, 36 months,18.54,E,E1,9 years,MORTGAGE,38000.0,Not Verified,debt_consolidation,SC,35.03,1.0,695.0,699.0,1.0,71.0,21.0,Individual,6,High Risk,Manual Review
39937633,5000.0, 36 months,20.99,E,E4,2 years,RENT,33600.0,Source Verified,moving,PA,31.32,0.0,665.0,669.0,0.0,80.7,7.0,Individual,6,High Risk,Manual Review
39652295,23900.0, 60 months,22.99,F,F1,10+ years,MORTGAGE,60000.0,Source Verified,debt_consolidation,CA,24.84,1.0,685.0,689.0,0.0,84.8,26.0,Individual,5,High Risk,Manual Review
39997732,2250.0, 36 months,23.99,F,F2,,MORTGAGE,4524.0,Verified,debt_consolidation,NY,36.87,0.0,680.0,684.0,1.0,98.2,4.0,Individual,6,High Risk,Manual Review
39805637,18000.0, 36 months,19.24,E,E2,10+ years,RENT,133774.32,Source Verified,other,HI,32.34,1.0,660.0,664.0,0.0,93.6,30.0,Individual,7,High Risk,Manual Review
40027766,16000.0, 60 months,18.54,E,E1,10+ years,MORTGAGE,125000.0,Verified,debt_consolidation,CA,3.97,1.0,670.0,674.0,1.0,92.7,17.0,Individual,5,High Risk,Manual Review
39805677,11500.0, 60 months,18.54,E,E1,< 1 year,MORTGAGE,36000.0,Source Verified,debt_consolidation,PA,33.87,0.0,710.0,714.0,2.0,44.0,26.0,Individual,5,High Risk,Manual Review
39750505,27975.0, 60 months,20.99,E,E4,10+ years,MORTGAGE,56000.0,Source Verified,debt_consolidation,MD,33.28,0.0,715.0,719.0,0.0,52.5,39.0,Individual,5,High Risk,Manual Review
40017583,10500.0, 60 months,19.24,E,E2,,RENT,29500.0,Verified,debt_consolidation,KS,37.39,0.0,660.0,664.0,1.0,85.5,17.0,Individual,6,High Risk,Manual Review
39847596,15000.0, 60 months,18.54,E,E1,10+ years,RENT,48000.0,Verified,debt_consolidation,CO,35.8,0.0,680.0,684.0,2.0,39.6,39.0,Individual,5,High Risk,Manual Review
39360562,19750.0, 36 months,18.54,E,E1,,RENT,77000.0,Verified,debt_consolidation,CA,39.2,0.0,660.0,664.0,0.0,99.5,18.0,Individual,6,High Risk,Manual Review
39572590,20000.0, 60 months,19.99,E,E3,< 1 year,RENT,51000.0,Source Verified,debt_consolidation,CO,36.52,0.0,710.0,714.0,2.0,58.2,15.0,Individual,5,High Risk,Manual Review
39957585,23500.0, 60 months,19.99,E,E3,10+ years,MORTGAGE,47000.0,Source Verified,credit_card,NC,19.87,8.0,665.0,669.0,1.0,93.3,29.0,Individual,5,High Risk,Manual Review
39805537,28450.0, 36 months,17.86,D,D5,6 years,MORTGAGE,103000.0,Verified,debt_consolidation,HI,31.22,2.0,680.0,684.0,0.0,82.0,40.0,Individual,5,High Risk,Manual Review
38599781,14450.0, 60 months,22.99,F,F1,10+ years,OWN,44200.0,Source Verified,debt_consolidation,NY,35.14,4.0,670.0,674.0,1.0,34.9,41.0,Individual,6,High Risk,Manual Review
39817429,11400.0, 60 months,25.99,G,G4,4 years,RENT,38000.0,Source Verified,other,FL,31.49,0.0,700.0,704.0,0.0,81.4,12.0,Individual,6,High Risk,Manual Review
39867545,17050.0, 60 months,18.54,E,E1,,MORTGAGE,56449.0,Verified,credit_card,FL,23.77,2.0,670.0,674.0,0.0,81.4,17.0,Individual,5,High Risk,Manual Review
40038512,12300.0, 36 months,19.99,E,E3,1 year,RENT,34320.0,Source Verified,debt_consolidation,CA,36.42,0.0,685.0,689.0,0.0,54.4,15.0,Individual,5,High Risk,Manual Review
39957514,30750.0, 60 months,25.99,G,G4,10+ years,MORTGAGE,70000.0,Verified,debt_consolidation,CA,16.92,1.0,675.0,679.0,0.0,96.1,22.0,Individual,5,High Risk,Manual Review
39987335,25000.0, 60 months,18.54,E,E1,6 years,OWN,62000.0,Source Verified,debt_consolidation,NY,30.31,0.0,720.0,724.0,0.0,38.9,12.0,Individual,5,High Risk,Manual Review
39887444,11500.0, 60 months,22.99,F,F1,6 years,OWN,25000.0,Source Verified,debt_consolidation,VA,39.0,3.0,700.0,704.0,0.0,21.4,24.0,Individual,6,High Risk,Manual Review
39805480,18350.0, 60 months,18.54,E,E1,10+ years,MORTGAGE,50000.0,Not Verified,debt_consolidation,NY,31.81,0.0,710.0,714.0,1.0,45.1,15.0,Individual,5,High Risk,Manual Review
39937387,25000.0, 36 months,19.24,E,E2,5 years,MORTGAGE,65000.0,Source Verified,debt_consolidation,FL,32.88,0.0,705.0,709.0,1.0,56.4,47.0,Individual,5,High Risk,Manual Review
39957436,2400.0, 36 months,19.99,E,E3,,RENT,15360.0,Verified,other,MD,33.75,0.0,675.0,679.0,2.0,60.5,4.0,Individual,5,High Risk,Manual Review
39531735,19125.0, 60 months,19.24,E,E2,10+ years,MORTGAGE,57000.0,Not Verified,debt_consolidation,MO,34.21,0.0,665.0,669.0,1.0,71.9,25.0,Individual,5,High Risk,Manual Review
39612585,14150.0, 60 months,22.99,F,F1,5 years,RENT,31000.0,Source Verified,credit_card,NY,31.71,0.0,705.0,709.0,0.0,73.7,27.0,Individual,5,High Risk,Manual Review
39690787,20000.0, 60 months,19.99,E,E3,9 years,MORTGAGE,70000.0,Verified,debt_consolidation,MA,26.13,2.0,660.0,664.0,1.0,93.6,14.0,Individual,5,High Risk,Manual Review
39927362,3125.0, 36 months,18.54,E,E1,,RENT,8796.0,Verified,debt_consolidation,GA,34.11,0.0,670.0,674.0,0.0,99.5,4.0,Individual,6,High Risk,Manual Review
39682690,24425.0, 60 months,19.99,E,E3,3 years,MORTGAGE,68000.0,Not Verified,debt_consolidation,TX,31.02,0.0,690.0,694.0,0.0,78.0,28.0,Individual,5,High Risk,Manual Review
39837438,24950.0, 60 months,21.99,E,E5,9 years,RENT,78000.0,Verified,debt_consolidation,TX,15.78,1.0,665.0,669.0,3.0,87.5,25.0,Individual,5,High Risk,Manual Review
39997303,32100.0, 60 months,18.54,E,E1,10+ years,RENT,75600.0,Verified,credit_card,MD,34.86,0.0,710.0,714.0,1.0,57.0,33.0,Individual,5,High Risk,Manual Review
39523266,20125.0, 60 months,15.99,D,D2,10+ years,MORTGAGE,73000.0,Verified,credit_card,TX,34.85,1.0,665.0,669.0,1.0,84.7,26.0,Individual,5,High Risk,Manual Review
39571927,35000.0, 60 months,19.99,E,E3,1 year,MORTGAGE,112000.0,Verified,credit_card,CA,37.03,1.0,680.0,684.0,0.0,36.4,18.0,Individual,6,High Risk,Manual Review
39722200,27000.0, 60 months,19.24,E,E2,7 years,MORTGAGE,60000.0,Source Verified,credit_card,TX,30.42,0.0,705.0,709.0,0.0,78.2,44.0,Individual,5,High Risk,Manual Review
39662469,12325.0, 36 months,22.99,F,F1,,MORTGAGE,48000.0,Verified,debt_consolidation,GA,31.58,0.0,695.0,699.0,2.0,27.7,13.0,Individual,5,High Risk,Manual Review
39957137,21000.0, 60 months,22.99,F,F1,9 years,MORTGAGE,74000.0,Verified,debt_consolidation,MO,30.25,0.0,660.0,664.0,2.0,75.4,34.0,Individual,5,High Risk,Manual Review
39967205,28450.0, 60 months,19.99,E,E3,10+ years,MORTGAGE,84000.0,Verified,debt_consolidation,CA,39.64,0.0,660.0,664.0,1.0,83.7,29.0,Individual,6,High Risk,Manual Review
39867234,22950.0, 60 months,20.99,E,E4,8 years,RENT,61000.0,Verified,debt_consolidation,TX,32.56,0.0,700.0,704.0,2.0,48.5,13.0,Individual,5,High Risk,Manual Review
39947185,12800.0, 60 months,20.99,E,E4,2 years,RENT,43000.0,Verified,debt_consolidation,WI,30.03,1.0,660.0,664.0,2.0,43.0,26.0,Individual,6,High Risk,Manual Review
38566350,18000.0, 60 months,18.54,E,E1,2 years,MORTGAGE,55000.0,Source Verified,debt_consolidation,MO,37.49,0.0,660.0,664.0,2.0,48.7,20.0,Individual,5,High Risk,Manual Review
39712543,34500.0, 60 months,19.24,E,E2,3 years,MORTGAGE,88000.0,Verified,debt_consolidation,MS,39.52,0.0,680.0,684.0,2.0,60.8,44.0,Individual,5,High Risk,Manual Review
39742726,19725.0, 60 months,18.54,E,E1,7 years,RENT,55000.0,Verified,debt_consolidation,MD,34.85,0.0,680.0,684.0,1.0,84.1,29.0,Individual,6,High Risk,Manual Review
39722677,20075.0, 60 months,22.99,F,F1,1 year,MORTGAGE,41857.71,Source Verified,house,IN,32.51,0.0,750.0,754.0,0.0,36.9,12.0,Individual,5,High Risk,Manual Review
38426735,12000.0, 60 months,18.54,E,E1,< 1 year,RENT,56000.0,Source Verified,other,MD,30.67,0.0,675.0,679.0,0.0,80.7,18.0,Individual,6,High Risk,Manual Review
39693093,10975.0, 60 months,19.24,E,E2,10+ years,OWN,22000.0,Verified,debt_consolidation,AZ,38.03,0.0,670.0,674.0,0.0,55.7,14.0,Individual,5,High Risk,Manual Review
39722582,8825.0, 36 months,19.99,E,E3,2 years,MORTGAGE,46000.0,Not Verified,other,AL,34.07,0.0,675.0,679.0,0.0,99.3,32.0,Individual,6,High Risk,Manual Review
39602579,13750.0, 60 months,24.5,F,F3,1 year,RENT,40000.0,Source Verified,debt_consolidation,PA,32.13,0.0,665.0,669.0,0.0,78.3,17.0,Individual,5,High Risk,Manual Review
39752817,18000.0, 60 months,21.99,E,E5,< 1 year,MORTGAGE,65000.0,Not Verified,debt_consolidation,SC,36.23,0.0,660.0,664.0,2.0,100.9,29.0,Individual,6,High Risk,Manual Review
39682894,17225.0, 60 months,19.24,E,E2,10+ years,RENT,39400.0,Source Verified,debt_consolidation,GA,37.34,0.0,680.0,684.0,1.0,95.6,26.0,Individual,6,High Risk,Manual Review
39732445,15875.0, 60 months,25.99,G,G4,6 years,RENT,38000.0,Verified,debt_consolidation,NY,30.7,0.0,665.0,669.0,1.0,55.0,32.0,Individual,5,High Risk,Manual Review
39642570,17225.0, 36 months,19.99,E,E3,10+ years,MORTGAGE,65000.0,Verified,debt_consolidation,LA,31.15,0.0,680.0,684.0,1.0,45.2,34.0,Individual,5,High Risk,Manual Review
39569349,17950.0, 36 months,19.99,E,E3,10+ years,MORTGAGE,45000.0,Not Verified,debt_consolidation,AL,34.11,0.0,695.0,699.0,0.0,58.7,29.0,Individual,5,High Risk,Manual Review
39662546,10200.0, 60 months,24.99,F,F4,2 years,RENT,40000.0,Not Verified,debt_consolidation,GA,30.66,0.0,675.0,679.0,0.0,60.8,31.0,Individual,5,High Risk,Manual Review
39692894,29575.0, 60 months,19.99,E,E3,10+ years,MORTGAGE,79000.0,Source Verified,debt_consolidation,MO,34.37,1.0,680.0,684.0,1.0,82.4,48.0,Individual,7,High Risk,Manual Review
39712494,14400.0, 60 months,15.99,D,D2,10+ years,RENT,61000.0,Source Verified,medical,NY,33.42,2.0,665.0,669.0,0.0,80.8,38.0,Individual,5,High Risk,Manual Review
39742608,25000.0, 60 months,23.99,F,F2,6 years,RENT,70000.0,Verified,debt_consolidation,NJ,36.92,1.0,675.0,679.0,1.0,82.6,38.0,Individual,7,High Risk,Manual Review
39612450,12600.0, 60 months,19.24,E,E2,9 years,MORTGAGE,64600.0,Source Verified,debt_consolidation,GA,31.45,0.0,690.0,694.0,0.0,87.3,27.0,Individual,6,High Risk,Manual Review
39572467,27000.0, 60 months,20.99,E,E4,10+ years,OWN,68000.0,Verified,credit_card,PA,32.23,0.0,660.0,664.0,3.0,51.5,46.0,Individual,5,High Risk,Manual Review
39582190,6000.0, 36 months,18.54,E,E1,< 1 year,OWN,25000.0,Source Verified,debt_consolidation,CT,36.49,6.0,660.0,664.0,1.0,23.5,15.0,Individual,6,High Risk,Manual Review
39532599,11000.0, 60 months,19.99,E,E3,8 years,MORTGAGE,58000.0,Not Verified,debt_consolidation,NC,36.91,2.0,685.0,689.0,2.0,42.6,32.0,Individual,6,High Risk,Manual Review
39602389,7975.0, 36 months,18.54,E,E1,2 years,RENT,80000.0,Source Verified,debt_consolidation,CA,33.02,0.0,660.0,664.0,2.0,82.0,13.0,Individual,6,High Risk,Manual Review
39752602,17750.0, 60 months,21.99,E,E5,10+ years,MORTGAGE,53000.0,Verified,debt_consolidation,MO,39.49,0.0,690.0,694.0,1.0,75.4,28.0,Individual,5,High Risk,Manual Review
39632159,29825.0, 60 months,21.99,E,E5,8 years,RENT,65000.0,Verified,debt_consolidation,NJ,37.78,0.0,695.0,699.0,2.0,65.7,42.0,Individual,5,High Risk,Manual Review
39552439,4900.0, 36 months,19.99,E,E3,6 years,RENT,24000.0,Not Verified,credit_card,VA,39.4,1.0,665.0,669.0,0.0,88.7,24.0,Individual,7,High Risk,Manual Review
39749572,24000.0, 60 months,23.99,F,F2,6 years,MORTGAGE,48000.0,Source Verified,debt_consolidation,PA,32.53,0.0,715.0,719.0,1.0,63.1,21.0,Individual,5,High Risk,Manual Review
39270509,12600.0, 60 months,20.99,E,E4,3 years,MORTGAGE,31000.0,Verified,debt_consolidation,FL,36.49,0.0,680.0,684.0,0.0,41.8,20.0,Individual,5,High Risk,Manual Review
39523132,27450.0, 60 months,24.99,F,F4,10+ years,RENT,55000.0,Source Verified,debt_consolidation,WA,28.17,1.0,665.0,669.0,0.0,90.5,16.0,Individual,5,High Risk,Manual Review
39742316,8775.0, 36 months,15.99,D,D2,10+ years,OWN,31000.0,Source Verified,credit_card,TX,31.9,1.0,660.0,664.0,0.0,91.1,12.0,Individual,5,High Risk,Manual Review
39712276,24000.0, 60 months,22.99,F,F1,10+ years,MORTGAGE,70000.0,Source Verified,debt_consolidation,MD,11.4,1.0,675.0,679.0,0.0,82.1,27.0,Individual,5,High Risk,Manual Review
39523037,16450.0, 60 months,24.99,F,F4,10+ years,RENT,55000.0,Verified,debt_consolidation,NC,35.72,0.0,670.0,674.0,2.0,91.9,30.0,Individual,6,High Risk,Manual Review
39682479,13775.0, 60 months,19.24,E,E2,5 years,MORTGAGE,52000.0,Not Verified,credit_card,SC,39.46,0.0,680.0,684.0,0.0,100.2,34.0,Individual,6,High Risk,Manual Review
39769808,12925.0, 60 months,19.24,E,E2,,RENT,30822.0,Verified,credit_card,FL,38.17,0.0,660.0,664.0,1.0,86.7,24.0,Individual,6,High Risk,Manual Review
38498329,35000.0, 60 months,19.24,E,E2,10+ years,MORTGAGE,115000.0,Verified,debt_consolidation,NY,20.97,1.0,695.0,699.0,0.0,90.3,34.0,Individual,5,High Risk,Manual Review
39722303,26875.0, 36 months,19.99,E,E3,10+ years,OWN,64000.0,Verified,home_improvement,NY,37.35,0.0,715.0,719.0,0.0,48.0,23.0,Individual,5,High Risk,Manual Review
39732213,15000.0, 60 months,19.99,E,E3,10+ years,RENT,60000.0,Verified,debt_consolidation,CA,31.52,0.0,660.0,664.0,1.0,60.7,44.0,Individual,5,High Risk,Manual Review
39751180,35000.0, 60 months,19.24,E,E2,3 years,MORTGAGE,82000.0,Verified,debt_consolidation,PA,31.68,0.0,720.0,724.0,0.0,87.6,36.0,Individual,6,High Risk,Manual Review
39632147,25000.0, 60 months,18.54,E,E1,10+ years,MORTGAGE,80666.0,Source Verified,debt_consolidation,NJ,18.82,2.0,675.0,679.0,0.0,92.9,40.0,Individual,5,High Risk,Manual Review
39722242,35000.0, 60 months,19.24,E,E2,1 year,MORTGAGE,175000.0,Verified,debt_consolidation,TX,30.71,0.0,670.0,674.0,1.0,91.7,24.0,Individual,6,High Risk,Manual Review
39722230,11650.0, 60 months,20.99,E,E4,,MORTGAGE,45096.0,Verified,debt_consolidation,NC,37.63,0.0,675.0,679.0,2.0,42.0,26.0,Individual,5,High Risk,Manual Review
39722208,29050.0, 36 months,19.99,E,E3,2 years,RENT,112500.0,Verified,debt_consolidation,MD,3.52,1.0,660.0,664.0,1.0,84.9,25.0,Individual,5,High Risk,Manual Review
39652215,16150.0, 60 months,21.99,E,E5,< 1 year,MORTGAGE,37400.0,Not Verified,debt_consolidation,MO,31.35,0.0,670.0,674.0,0.0,87.1,11.0,Individual,6,High Risk,Manual Review
39582031,10250.0, 60 months,19.24,E,E2,7 years,MORTGAGE,39000.0,Not Verified,debt_consolidation,PA,36.22,0.0,715.0,719.0,0.0,78.9,24.0,Individual,5,High Risk,Manual Review
39561963,20975.0, 60 months,19.24,E,E2,10+ years,MORTGAGE,71199.0,Verified,debt_consolidation,WA,30.47,0.0,685.0,689.0,1.0,100.0,27.0,Individual,6,High Risk,Manual Review
39692439,11775.0, 36 months,19.24,E,E2,10+ years,RENT,41000.0,Verified,debt_consolidation,CA,30.24,0.0,680.0,684.0,0.0,48.0,12.0,Individual,5,High Risk,Manual Review
39652030,15225.0, 60 months,20.99,E,E4,10+ years,MORTGAGE,67463.2,Verified,debt_consolidation,FL,35.19,0.0,670.0,674.0,0.0,82.3,21.0,Individual,6,High Risk,Manual Review
39542099,9700.0, 36 months,18.54,E,E1,1 year,MORTGAGE,27000.0,Source Verified,debt_consolidation,IN,36.09,0.0,670.0,674.0,3.0,37.4,22.0,Individual,5,High Risk,Manual Review
39752154,20950.0, 60 months,19.24,E,E2,2 years,RENT,50000.0,Source Verified,debt_consolidation,CA,39.32,0.0,675.0,679.0,2.0,45.0,27.0,Individual,5,High Risk,Manual Review
39692437,32000.0, 60 months,19.24,E,E2,10+ years,MORTGAGE,97000.0,Verified,debt_consolidation,NV,26.76,1.0,665.0,669.0,0.0,83.1,29.0,Individual,5,High Risk,Manual Review
39731873,13225.0, 60 months,20.99,E,E4,10+ years,MORTGAGE,52000.0,Not Verified,credit_card,NC,32.06,2.0,670.0,674.0,1.0,38.8,48.0,Individual,6,High Risk,Manual Review
39539620,14750.0, 60 months,20.99,E,E4,10+ years,RENT,41000.0,Source Verified,debt_consolidation,SC,31.26,2.0,675.0,679.0,0.0,76.5,31.0,Individual,6,High Risk,Manual Review
39641379,7575.0, 36 months,20.99,E,E4,3 years,RENT,20000.0,Source Verified,credit_card,CA,38.0,0.0,665.0,669.0,0.0,78.5,5.0,Individual,5,High Risk,Manual Review
39731872,6325.0, 36 months,20.99,E,E4,8 years,MORTGAGE,30000.0,Source Verified,debt_consolidation,TN,31.08,0.0,660.0,664.0,0.0,78.5,14.0,Individual,5,High Risk,Manual Review
39711890,25600.0, 60 months,19.24,E,E2,6 years,MORTGAGE,60000.0,Source Verified,debt_consolidation,MN,36.08,0.0,700.0,704.0,0.0,75.6,30.0,Individual,5,High Risk,Manual Review
39751332,35000.0, 36 months,23.99,F,F2,10+ years,MORTGAGE,70000.0,Verified,debt_consolidation,TN,32.03,0.0,660.0,664.0,0.0,84.7,62.0,Individual,6,High Risk,Manual Review
39752022,18825.0, 60 months,20.99,E,E4,10+ years,MORTGAGE,80000.0,Verified,credit_card,MI,36.63,0.0,670.0,674.0,2.0,80.8,32.0,Individual,6,High Risk,Manual Review
39611917,25600.0, 60 months,19.99,E,E3,2 years,RENT,100000.0,Verified,debt_consolidation,NY,30.79,2.0,675.0,679.0,1.0,75.0,30.0,Individual,6,High Risk,Manual Review
39148314,17175.0, 60 months,21.99,E,E5,5 years,OWN,43000.0,Source Verified,debt_consolidation,LA,39.46,0.0,700.0,704.0,0.0,94.0,19.0,Individual,6,High Risk,Manual Review
39621724,16000.0, 60 months,19.99,E,E3,10+ years,MORTGAGE,60000.0,Verified,debt_consolidation,AZ,38.36,0.0,685.0,689.0,1.0,66.0,67.0,Individual,5,High Risk,Manual Review
39721475,18750.0, 60 months,20.99,E,E4,,MORTGAGE,70000.0,Verified,debt_consolidation,TX,38.97,0.0,720.0,724.0,0.0,60.1,21.0,Individual,5,High Risk,Manual Review
39522529,24000.0, 60 months,18.54,E,E1,< 1 year,RENT,85000.0,Verified,credit_card,NJ,23.3,2.0,665.0,669.0,1.0,98.1,41.0,Individual,5,High Risk,Manual Review
39690027,15625.0, 60 months,20.99,E,E4,10+ years,MORTGAGE,48000.0,Source Verified,credit_card,IN,38.25,0.0,665.0,669.0,2.0,91.5,18.0,Individual,6,High Risk,Manual Review
39561606,18075.0, 36 months,19.99,E,E3,< 1 year,RENT,52000.0,Source Verified,debt_consolidation,NC,34.43,0.0,680.0,684.0,0.0,84.9,18.0,Individual,6,High Risk,Manual Review
39721712,22800.0, 60 months,21.99,E,E5,7 years,MORTGAGE,60000.0,Source Verified,debt_consolidation,TX,33.2,0.0,740.0,744.0,0.0,26.0,38.0,Individual,5,High Risk,Manual Review
39661736,11725.0, 60 months,19.99,E,E3,1 year,MORTGAGE,34000.0,Not Verified,debt_consolidation,GA,31.2,0.0,710.0,714.0,3.0,63.8,36.0,Individual,5,High Risk,Manual Review
38722156,28775.0, 60 months,25.57,F,F5,6 years,OWN,70000.0,Source Verified,home_improvement,FL,37.57,4.0,710.0,714.0,1.0,49.8,16.0,Individual,6,High Risk,Manual Review
39651701,7900.0, 36 months,18.54,E,E1,3 years,OWN,22000.0,Verified,debt_consolidation,CA,10.47,1.0,665.0,669.0,1.0,85.7,7.0,Individual,5,High Risk,Manual Review
39581622,30000.0, 60 months,19.24,E,E2,1 year,RENT,81000.0,Verified,debt_consolidation,CA,33.83,0.0,670.0,674.0,2.0,67.2,45.0,Individual,5,High Risk,Manual Review
39591613,19075.0, 60 months,19.99,E,E3,2 years,OWN,38230.0,Source Verified,debt_consolidation,CA,39.18,0.0,685.0,689.0,1.0,72.4,12.0,Individual,5,High Risk,Manual Review
39522358,24000.0, 60 months,18.54,E,E1,10+ years,MORTGAGE,75000.0,Source Verified,other,FL,31.61,0.0,695.0,699.0,0.0,84.4,28.0,Individual,6,High Risk,Manual Review
39640129,12050.0, 36 months,19.24,E,E2,10+ years,RENT,32000.0,Source Verified,credit_card,CA,32.97,0.0,675.0,679.0,0.0,89.1,20.0,Individual,6,High Risk,Manual Review
39621098,13825.0, 60 months,24.5,F,F3,5 years,RENT,48000.0,Source Verified,debt_consolidation,WA,36.0,0.0,680.0,684.0,0.0,78.6,13.0,Individual,5,High Risk,Manual Review
39571583,5000.0, 36 months,19.99,E,E3,10+ years,MORTGAGE,17500.0,Not Verified,debt_consolidation,MS,30.86,0.0,690.0,694.0,1.0,46.8,22.0,Individual,5,High Risk,Manual Review
39611619,15225.0, 36 months,19.24,E,E2,10+ years,RENT,135000.0,Verified,debt_consolidation,IL,3.66,5.0,695.0,699.0,1.0,82.2,8.0,Individual,5,High Risk,Manual Review
38518448,24825.0, 60 months,19.99,E,E3,10+ years,RENT,65500.0,Verified,debt_consolidation,IN,34.48,0.0,670.0,674.0,1.0,100.5,35.0,Individual,6,High Risk,Manual Review
39751718,16525.0, 60 months,19.24,E,E2,8 years,MORTGAGE,50000.0,Source Verified,debt_consolidation,TN,32.35,0.0,695.0,699.0,3.0,40.4,32.0,Individual,5,High Risk,Manual Review
39671589,20200.0, 60 months,19.99,E,E3,1 year,OWN,45000.0,Source Verified,debt_consolidation,CA,31.01,0.0,680.0,684.0,1.0,45.9,21.0,Individual,5,High Risk,Manual Review
39691841,9175.0, 36 months,20.99,E,E4,,RENT,22000.0,Verified,debt_consolidation,VA,35.35,0.0,695.0,699.0,0.0,60.2,24.0,Individual,5,High Risk,Manual Review
39631660,13250.0, 60 months,18.54,E,E1,9 years,MORTGAGE,56160.0,Source Verified,debt_consolidation,OH,36.71,0.0,675.0,679.0,0.0,92.2,16.0,Individual,6,High Risk,Manual Review
39641458,35000.0, 60 months,18.54,E,E1,,MORTGAGE,76000.0,Verified,credit_card,OK,28.26,1.0,660.0,664.0,0.0,87.6,21.0,Individual,5,High Risk,Manual Review
39591338,23025.0, 60 months,19.24,E,E2,8 years,MORTGAGE,85000.0,Verified,debt_consolidation,MD,18.47,1.0,670.0,674.0,0.0,99.1,27.0,Individual,5,High Risk,Manual Review
39621476,14400.0, 36 months,20.99,E,E4,< 1 year,RENT,36000.0,Verified,debt_consolidation,MN,30.83,0.0,670.0,674.0,0.0,81.4,16.0,Individual,6,High Risk,Manual Review
38588291,35000.0, 36 months,18.54,E,E1,10+ years,MORTGAGE,93400.0,Verified,other,MN,16.6,2.0,675.0,679.0,0.0,97.6,7.0,Individual,5,High Risk,Manual Review
39541568,12850.0, 60 months,25.83,G,G2,,MORTGAGE,43000.0,Verified,debt_consolidation,NM,32.46,0.0,725.0,729.0,2.0,48.2,28.0,Individual,5,High Risk,Manual Review
39630566,28000.0, 60 months,15.59,D,D1,2 years,MORTGAGE,83500.0,Source Verified,debt_consolidation,MS,36.94,1.0,680.0,684.0,0.0,94.9,48.0,Individual,5,High Risk,Manual Review
39610922,35000.0, 60 months,19.24,E,E2,3 years,RENT,105000.0,Verified,debt_consolidation,CO,32.04,0.0,680.0,684.0,0.0,87.5,16.0,Individual,6,High Risk,Manual Review
39719870,35000.0, 60 months,21.99,E,E5,8 years,RENT,82000.0,Verified,debt_consolidation,RI,24.92,1.0,670.0,674.0,0.0,88.5,30.0,Individual,5,High Risk,Manual Review
39650150,16425.0, 36 months,19.24,E,E2,10+ years,MORTGAGE,63000.0,Not Verified,debt_consolidation,IL,39.35,1.0,695.0,699.0,3.0,58.5,41.0,Individual,6,High Risk,Manual Review
39671364,35000.0, 36 months,18.54,E,E1,10+ years,MORTGAGE,97000.0,Verified,debt_consolidation,MN,30.38,0.0,715.0,719.0,1.0,62.3,26.0,Individual,5,High Risk,Manual Review
39631377,13575.0, 60 months,21.99,E,E5,7 years,RENT,49995.0,Source Verified,debt_consolidation,MD,32.14,0.0,715.0,719.0,1.0,74.3,19.0,Individual,5,High Risk,Manual Review
39521971,20700.0, 60 months,18.54,E,E1,,RENT,49340.0,Verified,debt_consolidation,KY,30.65,0.0,700.0,704.0,0.0,62.2,25.0,Individual,5,High Risk,Manual Review
38468786,18700.0, 60 months,19.24,E,E2,4 years,RENT,52000.0,Source Verified,debt_consolidation,RI,33.23,0.0,660.0,664.0,1.0,80.0,32.0,Individual,5,High Risk,Manual Review
39721190,10550.0, 60 months,20.99,E,E4,6 years,RENT,24000.0,Source Verified,debt_consolidation,FL,31.85,0.0,685.0,689.0,0.0,79.5,17.0,Individual,5,High Risk,Manual Review
38640466,29975.0, 60 months,19.24,E,E2,3 years,RENT,60000.0,Source Verified,debt_consolidation,PA,36.36,0.0,690.0,694.0,0.0,74.5,15.0,Individual,5,High Risk,Manual Review
39651027,11400.0, 36 months,19.24,E,E2,9 years,OWN,60000.0,Source Verified,debt_consolidation,KS,8.22,2.0,660.0,664.0,2.0,83.8,22.0,Individual,5,High Risk,Manual Review
39591056,11450.0, 60 months,19.99,E,E3,< 1 year,MORTGAGE,46800.0,Verified,debt_consolidation,KS,39.33,0.0,705.0,709.0,1.0,41.9,28.0,Individual,5,High Risk,Manual Review
39761279,25000.0, 60 months,18.54,E,E1,10+ years,MORTGAGE,88000.0,Verified,debt_consolidation,PA,31.61,1.0,690.0,694.0,2.0,44.8,54.0,Individual,6,High Risk,Manual Review
39761339,26000.0, 60 months,24.99,F,F4,2 years,MORTGAGE,65000.0,Verified,debt_consolidation,FL,30.34,1.0,670.0,674.0,0.0,69.0,36.0,Individual,6,High Risk,Manual Review
39751245,12950.0, 60 months,17.86,D,D5,1 year,RENT,31000.0,Source Verified,credit_card,CT,33.26,1.0,660.0,664.0,0.0,93.4,16.0,Individual,5,High Risk,Manual Review
39610620,10725.0, 36 months,19.99,E,E3,< 1 year,RENT,30000.0,Source Verified,other,IL,38.4,1.0,680.0,684.0,1.0,70.2,17.0,Individual,6,High Risk,Manual Review
38527189,9450.0, 36 months,18.54,E,E1,10+ years,RENT,36000.0,Source Verified,debt_consolidation,UT,39.03,0.0,730.0,734.0,1.0,41.3,16.0,Individual,5,High Risk,Manual Review
38517869,35000.0, 60 months,19.24,E,E2,5 years,OWN,182000.0,Verified,home_improvement,MD,9.45,1.0,665.0,669.0,0.0,86.5,17.0,Individual,5,High Risk,Manual Review
39620534,4775.0, 36 months,23.99,F,F2,5 years,RENT,16000.0,Not Verified,debt_consolidation,CA,38.02,0.0,660.0,664.0,1.0,95.9,5.0,Individual,6,High Risk,Manual Review
39640962,17250.0, 36 months,18.54,E,E1,10+ years,RENT,51075.0,Verified,debt_consolidation,OK,34.68,0.0,680.0,684.0,1.0,69.7,17.0,Individual,5,High Risk,Manual Review
39620875,30000.0, 60 months,19.24,E,E2,10+ years,RENT,127807.0,Verified,debt_consolidation,CA,19.31,3.0,670.0,674.0,1.0,88.1,29.0,Individual,5,High Risk,Manual Review
39671030,17000.0, 60 months,19.99,E,E3,3 years,RENT,51000.0,Verified,debt_consolidation,CA,37.91,0.0,660.0,664.0,1.0,89.9,29.0,Individual,6,High Risk,Manual Review
39769647,30000.0, 60 months,22.99,F,F1,10+ years,MORTGAGE,75000.0,Verified,credit_card,NY,11.42,1.0,660.0,664.0,0.0,82.5,39.0,Individual,5,High Risk,Manual Review
39530965,1175.0, 36 months,18.54,E,E1,10+ years,MORTGAGE,45000.0,Verified,debt_consolidation,WI,31.58,0.0,670.0,674.0,1.0,46.9,31.0,Individual,5,High Risk,Manual Review
39550013,13775.0, 60 months,22.99,F,F1,10+ years,MORTGAGE,72000.0,Verified,debt_consolidation,PA,24.47,1.0,685.0,689.0,3.0,92.0,31.0,Individual,5,High Risk,Manual Review
39610833,13300.0, 60 months,21.99,E,E5,2 years,MORTGAGE,42224.0,Source Verified,debt_consolidation,MT,37.21,1.0,665.0,669.0,0.0,68.9,23.0,Individual,6,High Risk,Manual Review
39700917,28000.0, 36 months,18.54,E,E1,10+ years,MORTGAGE,200000.0,Verified,other,NV,17.96,1.0,665.0,669.0,0.0,101.9,23.0,Individual,5,High Risk,Manual Review
38478439,12525.0, 60 months,23.99,F,F2,10+ years,RENT,30000.0,Source Verified,house,SC,33.08,1.0,660.0,664.0,2.0,61.2,13.0,Individual,6,High Risk,Manual Review
39720863,16950.0, 60 months,19.24,E,E2,10+ years,RENT,37000.0,Source Verified,debt_consolidation,NJ,31.63,0.0,695.0,699.0,1.0,58.0,18.0,Individual,5,High Risk,Manual Review
39710901,11425.0, 60 months,18.54,E,E1,5 years,OWN,70720.0,Verified,debt_consolidation,GA,34.19,0.0,705.0,709.0,0.0,73.7,13.0,Individual,5,High Risk,Manual Review
39550891,30825.0, 60 months,24.99,F,F4,10+ years,MORTGAGE,63625.0,Verified,debt_consolidation,IN,23.73,1.0,690.0,694.0,0.0,93.4,17.0,Individual,5,High Risk,Manual Review
39650800,35000.0, 36 months,20.99,E,E4,8 years,MORTGAGE,96000.0,Verified,debt_consolidation,PA,32.58,0.0,700.0,704.0,1.0,91.0,18.0,Individual,6,High Risk,Manual Review
39691050,14125.0, 60 months,18.54,E,E1,6 years,MORTGAGE,43000.0,Verified,debt_consolidation,WA,32.79,0.0,695.0,699.0,1.0,88.0,22.0,Individual,6,High Risk,Manual Review
39640936,20000.0, 36 months,15.99,D,D2,10+ years,MORTGAGE,90000.0,Verified,debt_consolidation,MA,37.94,2.0,660.0,664.0,3.0,84.1,47.0,Individual,5,High Risk,Manual Review
39620689,21850.0, 60 months,19.24,E,E2,6 years,RENT,68000.0,Source Verified,debt_consolidation,TX,37.56,0.0,715.0,719.0,1.0,82.1,40.0,Individual,6,High Risk,Manual Review
39579482,15750.0, 60 months,23.99,F,F2,1 year,MORTGAGE,40290.0,Not Verified,home_improvement,CO,30.74,0.0,670.0,674.0,0.0,76.9,27.0,Individual,5,High Risk,Manual Review
39681083,35000.0, 60 months,18.54,E,E1,8 years,MORTGAGE,210000.0,Verified,debt_consolidation,NY,17.37,2.0,685.0,689.0,1.0,87.2,27.0,Individual,5,High Risk,Manual Review
39570570,18150.0, 60 months,23.99,F,F2,7 years,RENT,54000.0,Verified,debt_consolidation,NY,38.11,0.0,675.0,679.0,1.0,58.5,28.0,Individual,5,High Risk,Manual Review
39640752,30000.0, 60 months,23.99,F,F2,8 years,MORTGAGE,83000.0,Verified,debt_consolidation,KY,22.93,2.0,660.0,664.0,0.0,85.6,35.0,Individual,5,High Risk,Manual Review
39540892,10425.0, 60 months,24.99,F,F4,2 years,RENT,35000.0,Not Verified,debt_consolidation,NY,31.55,0.0,675.0,679.0,0.0,93.6,6.0,Individual,6,High Risk,Manual Review
39469687,14375.0, 60 months,24.5,F,F3,10+ years,MORTGAGE,40000.0,Source Verified,debt_consolidation,OH,37.11,1.0,665.0,669.0,0.0,80.2,47.0,Individual,7,High Risk,Manual Review
39691064,9100.0, 36 months,20.99,E,E4,2 years,MORTGAGE,49500.0,Not Verified,debt_consolidation,PA,39.93,4.0,670.0,674.0,0.0,48.2,33.0,Individual,6,High Risk,Manual Review
39760798,20000.0, 60 months,20.99,E,E4,10+ years,MORTGAGE,50000.0,Source Verified,credit_card,AL,34.73,0.0,665.0,669.0,2.0,64.1,27.0,Individual,5,High Risk,Manual Review
39650647,10850.0, 60 months,22.99,F,F1,3 years,RENT,32000.0,Verified,debt_consolidation,MI,35.6,0.0,660.0,664.0,4.0,41.1,55.0,Individual,5,High Risk,Manual Review
39531001,10375.0, 60 months,20.99,E,E4,4 years,MORTGAGE,40000.0,Not Verified,credit_card,SD,32.28,0.0,680.0,684.0,0.0,92.0,40.0,Individual,6,High Risk,Manual Review
39750752,24975.0, 60 months,19.24,E,E2,< 1 year,RENT,62400.0,Verified,debt_consolidation,AZ,35.98,0.0,660.0,664.0,1.0,59.0,44.0,Individual,5,High Risk,Manual Review
39700359,16300.0, 60 months,25.89,G,G3,5 years,RENT,45600.0,Verified,other,NC,36.43,0.0,670.0,674.0,2.0,45.9,22.0,Individual,5,High Risk,Manual Review
39640580,10000.0, 60 months,19.24,E,E2,10+ years,MORTGAGE,61000.0,Verified,debt_consolidation,TN,30.18,0.0,670.0,674.0,1.0,56.4,49.0,Individual,5,High Risk,Manual Review
39610612,30000.0, 60 months,19.99,E,E3,10+ years,RENT,81000.0,Verified,debt_consolidation,CO,30.5,2.0,660.0,664.0,1.0,79.0,28.0,Individual,6,High Risk,Manual Review
39630318,11500.0, 60 months,21.99,E,E5,< 1 year,RENT,28800.0,Verified,debt_consolidation,AZ,36.49,2.0,660.0,664.0,0.0,80.3,16.0,Individual,7,High Risk,Manual Review
39560559,14225.0, 60 months,21.99,E,E5,< 1 year,MORTGAGE,60000.0,Not Verified,debt_consolidation,OK,36.01,1.0,670.0,674.0,1.0,73.4,38.0,Individual,6,High Risk,Manual Review
39650578,11975.0, 60 months,22.99,F,F1,3 years,RENT,75000.0,Verified,debt_consolidation,LA,24.96,1.0,670.0,674.0,1.0,102.5,30.0,Individual,5,High Risk,Manual Review
39629746,30225.0, 60 months,20.99,E,E4,1 year,MORTGAGE,106000.0,Verified,credit_card,NJ,38.3,0.0,665.0,669.0,0.0,69.2,54.0,Individual,5,High Risk,Manual Review
38446331,4800.0, 36 months,20.99,E,E4,< 1 year,MORTGAGE,58000.0,Not Verified,credit_card,IN,39.35,0.0,695.0,699.0,0.0,88.0,26.0,Individual,6,High Risk,Manual Review
39560467,16750.0, 60 months,18.54,E,E1,2 years,MORTGAGE,42000.0,Source Verified,debt_consolidation,TX,32.47,0.0,705.0,709.0,0.0,75.3,27.0,Individual,5,High Risk,Manual Review
39580117,10000.0, 60 months,19.24,E,E2,10+ years,RENT,150000.0,Source Verified,debt_consolidation,CA,13.01,1.0,660.0,664.0,0.0,88.4,26.0,Individual,5,High Risk,Manual Review
39590048,12000.0, 60 months,22.99,F,F1,10+ years,RENT,36000.0,Source Verified,debt_consolidation,CO,34.2,0.0,705.0,709.0,0.0,80.1,17.0,Individual,6,High Risk,Manual Review
39649715,16050.0, 60 months,20.99,E,E4,10+ years,MORTGAGE,56000.0,Verified,debt_consolidation,IL,35.06,0.0,660.0,664.0,2.0,92.9,28.0,Individual,6,High Risk,Manual Review
39580243,35000.0, 60 months,21.99,E,E5,6 years,MORTGAGE,150000.0,Verified,debt_consolidation,CA,17.24,1.0,670.0,674.0,0.0,97.4,20.0,Individual,5,High Risk,Manual Review
39610123,25000.0, 60 months,19.99,E,E3,7 years,OWN,60000.0,Verified,debt_consolidation,TX,32.06,0.0,680.0,684.0,0.0,86.7,18.0,Individual,6,High Risk,Manual Review
39720357,19150.0, 60 months,19.99,E,E3,2 years,RENT,40000.0,Source Verified,credit_card,FL,33.81,0.0,705.0,709.0,0.0,48.9,12.0,Individual,5,High Risk,Manual Review
39600497,30000.0, 60 months,20.99,E,E4,10+ years,MORTGAGE,84400.0,Verified,debt_consolidation,FL,33.8,0.0,675.0,679.0,1.0,69.5,53.0,Individual,5,High Risk,Manual Review
39689480,13000.0, 60 months,22.99,F,F1,,MORTGAGE,48586.8,Verified,debt_consolidation,GA,35.94,1.0,665.0,669.0,1.0,70.3,22.0,Individual,6,High Risk,Manual Review
39760499,29250.0, 36 months,18.54,E,E1,7 years,MORTGAGE,58646.0,Verified,debt_consolidation,NY,33.87,6.0,675.0,679.0,1.0,38.0,35.0,Individual,6,High Risk,Manual Review
39290504,11700.0, 60 months,18.54,E,E1,10+ years,RENT,30000.0,Source Verified,debt_consolidation,VA,33.48,0.0,700.0,704.0,1.0,68.0,15.0,Individual,5,High Risk,Manual Review
39580162,35000.0, 60 months,24.5,F,F3,9 years,RENT,92000.0,Verified,debt_consolidation,CA,17.47,1.0,675.0,679.0,0.0,84.9,24.0,Individual,5,High Risk,Manual Review
39520490,10400.0, 60 months,19.99,E,E3,1 year,RENT,25680.0,Source Verified,debt_consolidation,TX,34.39,0.0,690.0,694.0,1.0,46.7,15.0,Individual,5,High Risk,Manual Review
39680453,22500.0, 60 months,23.99,F,F2,10+ years,RENT,100000.0,Verified,debt_consolidation,CA,21.17,1.0,680.0,684.0,2.0,83.4,52.0,Individual,5,High Risk,Manual Review
39650217,16700.0, 60 months,18.54,E,E1,10+ years,RENT,42000.0,Source Verified,debt_consolidation,CA,27.17,3.0,670.0,674.0,1.0,85.6,9.0,Individual,5,High Risk,Manual Review
39629740,27975.0, 60 months,22.99,F,F1,10+ years,MORTGAGE,56000.0,Source Verified,debt_consolidation,TX,31.53,0.0,700.0,704.0,0.0,79.8,19.0,Individual,5,High Risk,Manual Review
39760205,5300.0, 36 months,22.99,F,F1,2 years,RENT,40000.0,Source Verified,credit_card,CA,31.59,0.0,660.0,664.0,2.0,76.7,19.0,Individual,5,High Risk,Manual Review
39530357,11175.0, 60 months,19.99,E,E3,4 years,MORTGAGE,28087.0,Source Verified,debt_consolidation,OH,31.41,0.0,670.0,674.0,1.0,83.8,17.0,Individual,6,High Risk,Manual Review
39549783,22400.0, 60 months,21.99,E,E5,< 1 year,RENT,44900.0,Source Verified,debt_consolidation,FL,37.5,0.0,665.0,669.0,1.0,89.1,28.0,Individual,6,High Risk,Manual Review
39600248,2550.0, 36 months,19.24,E,E2,10+ years,MORTGAGE,24600.0,Not Verified,debt_consolidation,KY,36.0,4.0,675.0,679.0,0.0,36.3,26.0,Individual,6,High Risk,Manual Review
39630011,12000.0, 60 months,23.99,F,F2,10+ years,OWN,57488.24,Source Verified,other,AZ,36.53,1.0,665.0,669.0,0.0,28.6,21.0,Individual,6,High Risk,Manual Review
38508256,9000.0, 36 months,19.24,E,E2,,OWN,20500.08,Verified,debt_consolidation,TX,36.53,0.0,685.0,689.0,0.0,0.0,16.0,Individual,5,High Risk,Manual Review
39540008,21600.0, 36 months,19.99,E,E3,10+ years,RENT,60000.0,Verified,debt_consolidation,NJ,34.36,0.0,670.0,674.0,1.0,60.9,49.0,Individual,5,High Risk,Manual Review
39639999,23400.0, 60 months,18.54,E,E1,10+ years,MORTGAGE,51000.0,Source Verified,debt_consolidation,CO,37.89,0.0,705.0,709.0,1.0,70.8,18.0,Individual,5,High Risk,Manual Review
39659974,30000.0, 60 months,25.57,F,F5,10+ years,MORTGAGE,130000.0,Verified,debt_consolidation,CA,15.55,1.0,670.0,674.0,2.0,81.1,38.0,Individual,5,High Risk,Manual Review
39570068,24000.0, 60 months,19.24,E,E2,10+ years,MORTGAGE,80750.0,Source Verified,debt_consolidation,NC,34.08,0.0,685.0,689.0,1.0,60.8,38.0,Individual,5,High Risk,Manual Review
39649934,10000.0, 60 months,17.14,D,D4,8 years,MORTGAGE,52000.0,Source Verified,debt_consolidation,MD,33.14,1.0,660.0,664.0,0.0,80.3,24.0,Individual,5,High Risk,Manual Review
39750047,25000.0, 60 months,24.99,F,F4,10+ years,RENT,93000.0,Verified,debt_consolidation,FL,10.03,2.0,660.0,664.0,1.0,84.3,20.0,Individual,5,High Risk,Manual Review
39759631,4200.0, 36 months,20.99,E,E4,10+ years,RENT,20000.0,Not Verified,debt_consolidation,CA,39.08,0.0,700.0,704.0,0.0,70.6,12.0,Individual,5,High Risk,Manual Review
39739551,12000.0, 60 months,20.99,E,E4,3 years,OWN,28000.0,Source Verified,debt_consolidation,RI,30.73,0.0,665.0,669.0,2.0,58.3,21.0,Individual,5,High Risk,Manual Review
39610060,14975.0, 60 months,18.54,E,E1,6 years,RENT,37500.0,Source Verified,debt_consolidation,TX,38.59,0.0,675.0,679.0,0.0,59.4,41.0,Individual,5,High Risk,Manual Review
39699710,24000.0, 60 months,19.99,E,E3,< 1 year,RENT,52000.0,Verified,debt_consolidation,FL,34.27,0.0,670.0,674.0,4.0,81.1,22.0,Individual,6,High Risk,Manual Review
39719849,11375.0, 60 months,19.24,E,E2,,RENT,43200.0,Source Verified,home_improvement,OH,30.22,1.0,665.0,669.0,1.0,16.2,28.0,Individual,6,High Risk,Manual Review
39520560,15000.0, 60 months,17.86,D,D5,2 years,MORTGAGE,85000.0,Not Verified,debt_consolidation,TN,38.08,2.0,660.0,664.0,0.0,90.5,43.0,Individual,5,High Risk,Manual Review
39549736,19050.0, 36 months,18.54,E,E1,3 years,MORTGAGE,61000.0,Source Verified,debt_consolidation,KY,18.12,2.0,665.0,669.0,1.0,96.6,18.0,Individual,5,High Risk,Manual Review
39390453,14675.0, 60 months,18.54,E,E1,8 years,OWN,40000.0,Source Verified,debt_consolidation,NC,31.62,0.0,720.0,724.0,1.0,37.1,27.0,Individual,5,High Risk,Manual Review
39520081,15000.0, 60 months,19.24,E,E2,< 1 year,MORTGAGE,47000.0,Source Verified,debt_consolidation,RI,35.42,0.0,675.0,679.0,0.0,76.5,24.0,Individual,5,High Risk,Manual Review
39279783,18350.0, 60 months,19.24,E,E2,10+ years,RENT,60400.0,Source Verified,debt_consolidation,CA,34.47,0.0,690.0,694.0,0.0,90.4,13.0,Individual,6,High Risk,Manual Review
39669801,21000.0, 60 months,19.24,E,E2,10+ years,OWN,50000.0,Verified,debt_consolidation,MT,39.32,0.0,665.0,669.0,0.0,89.0,32.0,Individual,6,High Risk,Manual Review
39629773,12625.0, 36 months,19.24,E,E2,3 years,MORTGAGE,37800.0,Not Verified,car,WI,10.92,2.0,670.0,674.0,1.0,88.7,13.0,Individual,5,High Risk,Manual Review
39619763,16975.0, 36 months,18.54,E,E1,,MORTGAGE,50000.0,Verified,debt_consolidation,NV,31.78,0.0,675.0,679.0,1.0,51.2,25.0,Individual,5,High Risk,Manual Review
39218129,18700.0, 60 months,25.8,G,G1,7 years,MORTGAGE,40000.0,Not Verified,debt_consolidation,NY,34.99,0.0,700.0,704.0,1.0,35.6,34.0,Individual,5,High Risk,Manual Review
38322043,16000.0, 60 months,19.24,E,E2,1 year,MORTGAGE,54000.0,Source Verified,debt_consolidation,MD,35.98,0.0,670.0,674.0,0.0,67.6,21.0,Individual,5,High Risk,Manual Review
39739627,3100.0, 36 months,19.24,E,E2,6 years,RENT,43000.0,Not Verified,debt_consolidation,UT,32.15,0.0,685.0,689.0,0.0,64.6,17.0,Individual,5,High Risk,Manual Review
39689533,20000.0, 60 months,19.24,E,E2,2 years,OWN,40000.0,Source Verified,debt_consolidation,AR,30.93,0.0,705.0,709.0,0.0,78.6,18.0,Individual,5,High Risk,Manual Review
39659580,14700.0, 60 months,19.99,E,E3,< 1 year,OWN,67000.0,Not Verified,debt_consolidation,MN,38.15,8.0,665.0,669.0,1.0,56.9,37.0,Individual,6,High Risk,Manual Review
39270189,10950.0, 36 months,21.99,E,E5,2 years,OWN,22000.0,Verified,other,GA,32.41,0.0,660.0,664.0,0.0,79.8,13.0,Individual,5,High Risk,Manual Review
39669621,12850.0, 60 months,23.99,F,F2,< 1 year,RENT,52015.0,Source Verified,debt_consolidation,NJ,17.4,1.0,695.0,699.0,2.0,98.4,31.0,Individual,5,High Risk,Manual Review
39709323,19675.0, 60 months,19.24,E,E2,5 years,RENT,47000.0,Source Verified,debt_consolidation,NJ,38.15,0.0,665.0,669.0,0.0,89.7,12.0,Individual,6,High Risk,Manual Review
39619473,25875.0, 36 months,18.54,E,E1,10+ years,MORTGAGE,65000.0,Source Verified,debt_consolidation,WA,25.66,1.0,690.0,694.0,0.0,80.3,33.0,Individual,5,High Risk,Manual Review
39559401,31450.0, 60 months,19.24,E,E2,10+ years,MORTGAGE,76000.0,Verified,home_improvement,NM,30.3,1.0,665.0,669.0,0.0,80.2,17.0,Individual,7,High Risk,Manual Review
39709355,13100.0, 36 months,19.99,E,E3,5 years,MORTGAGE,40000.0,Not Verified,debt_consolidation,PA,33.09,0.0,740.0,744.0,0.0,87.8,13.0,Individual,6,High Risk,Manual Review
39769731,24650.0, 60 months,17.86,D,D5,,MORTGAGE,58912.0,Verified,credit_card,GA,38.05,1.0,665.0,669.0,0.0,80.3,25.0,Individual,5,High Risk,Manual Review
39549402,3600.0, 36 months,19.24,E,E2,< 1 year,RENT,20000.0,Not Verified,other,CO,34.09,2.0,665.0,669.0,0.0,60.9,26.0,Individual,6,High Risk,Manual Review
38450084,27250.0, 60 months,21.99,E,E5,10+ years,RENT,65000.0,Source Verified,debt_consolidation,MO,30.58,0.0,715.0,719.0,0.0,80.5,24.0,Individual,6,High Risk,Manual Review
39679446,25000.0, 60 months,15.59,D,D1,5 years,MORTGAGE,75000.0,Verified,debt_consolidation,OR,34.72,3.0,665.0,669.0,0.0,94.7,38.0,Individual,5,High Risk,Manual Review
39240371,30000.0, 60 months,19.24,E,E2,5 years,OWN,88000.0,Verified,debt_consolidation,CA,32.11,0.0,690.0,694.0,2.0,87.4,16.0,Individual,6,High Risk,Manual Review
39609434,17500.0, 60 months,18.54,E,E1,10+ years,MORTGAGE,50000.0,Source Verified,debt_consolidation,NC,36.05,0.0,685.0,689.0,0.0,69.0,22.0,Individual,5,High Risk,Manual Review
38619001,35000.0, 60 months,22.99,F,F1,10+ years,RENT,120000.0,Verified,debt_consolidation,CA,32.0,0.0,680.0,684.0,0.0,91.4,21.0,Individual,6,High Risk,Manual Review
38882614,35000.0, 60 months,24.99,F,F4,< 1 year,MORTGAGE,180000.0,Source Verified,debt_consolidation,PA,6.87,1.0,700.0,704.0,0.0,90.3,28.0,Individual,5,High Risk,Manual Review
38599087,10850.0, 60 months,18.54,E,E1,,RENT,25837.2,Verified,credit_card,IN,32.14,0.0,680.0,684.0,0.0,50.6,22.0,Individual,5,High Risk,Manual Review
38222274,20000.0, 60 months,18.54,E,E1,6 years,RENT,61000.0,Verified,credit_card,DC,31.95,0.0,675.0,679.0,3.0,67.2,22.0,Individual,5,High Risk,Manual Review
39320189,4725.0, 36 months,24.5,F,F3,< 1 year,RENT,28080.0,Not Verified,debt_consolidation,MD,39.91,2.0,675.0,679.0,1.0,72.5,41.0,Individual,6,High Risk,Manual Review
39599350,10750.0, 36 months,15.99,D,D2,2 years,OWN,30000.0,Source Verified,home_improvement,HI,34.65,3.0,665.0,669.0,1.0,90.6,21.0,Individual,5,High Risk,Manual Review
38636049,9975.0, 36 months,18.54,E,E1,< 1 year,MORTGAGE,73000.0,Source Verified,debt_consolidation,CA,32.11,1.0,675.0,679.0,1.0,96.1,24.0,Individual,7,High Risk,Manual Review
39639278,22750.0, 36 months,15.99,D,D2,,MORTGAGE,60000.0,Verified,debt_consolidation,GA,36.73,1.0,690.0,694.0,0.0,83.6,43.0,Individual,5,High Risk,Manual Review
39529273,15000.0, 60 months,19.24,E,E2,1 year,OWN,90000.0,Source Verified,home_improvement,PA,38.92,0.0,680.0,684.0,1.0,75.0,34.0,Individual,5,High Risk,Manual Review
39529306,7850.0, 36 months,18.54,E,E1,1 year,RENT,35000.0,Not Verified,debt_consolidation,NJ,35.36,0.0,665.0,669.0,0.0,62.9,31.0,Individual,5,High Risk,Manual Review
39719182,18000.0, 60 months,20.99,E,E4,9 years,OWN,50200.0,Verified,debt_consolidation,NY,33.06,0.0,675.0,679.0,1.0,58.7,28.0,Individual,5,High Risk,Manual Review
39249604,3825.0, 36 months,20.99,E,E4,7 years,MORTGAGE,52000.0,Not Verified,debt_consolidation,TX,31.46,0.0,665.0,669.0,2.0,95.0,17.0,Individual,6,High Risk,Manual Review
39679156,12325.0, 36 months,18.54,E,E1,9 years,RENT,34500.0,Source Verified,debt_consolidation,NM,32.97,0.0,660.0,664.0,0.0,101.0,24.0,Individual,6,High Risk,Manual Review
39440331,20000.0, 60 months,18.54,E,E1,10+ years,MORTGAGE,48000.0,Source Verified,debt_consolidation,GA,30.2,0.0,670.0,674.0,1.0,57.5,29.0,Individual,5,High Risk,Manual Review
38485504,35000.0, 60 months,20.99,E,E4,1 year,MORTGAGE,120000.0,Verified,debt_consolidation,MS,21.16,1.0,670.0,674.0,1.0,87.6,37.0,Individual,5,High Risk,Manual Review
39549166,10200.0, 60 months,24.5,F,F3,10+ years,OWN,52000.0,Verified,debt_consolidation,TX,37.48,0.0,660.0,664.0,1.0,60.2,17.0,Individual,5,High Risk,Manual Review
39739143,21200.0, 60 months,19.99,E,E3,8 years,MORTGAGE,53004.0,Source Verified,debt_consolidation,CA,12.79,2.0,695.0,699.0,0.0,81.4,23.0,Individual,5,High Risk,Manual Review
39639138,20000.0, 60 months,19.99,E,E3,1 year,OWN,40000.0,Source Verified,debt_consolidation,CA,32.87,0.0,690.0,694.0,1.0,47.2,24.0,Individual,5,High Risk,Manual Review
39659219,2125.0, 36 months,20.99,E,E4,3 years,RENT,25000.0,Not Verified,debt_consolidation,WY,19.92,1.0,660.0,664.0,0.0,100.3,9.0,Individual,5,High Risk,Manual Review
38882325,29950.0, 60 months,24.5,F,F3,2 years,RENT,60000.0,Verified,debt_consolidation,OH,31.15,0.0,670.0,674.0,1.0,96.0,25.0,Individual,6,High Risk,Manual Review
39259856,9450.0, 36 months,22.99,F,F1,2 years,RENT,30000.0,Source Verified,credit_card,AR,30.8,0.0,665.0,669.0,0.0,72.8,12.0,Individual,5,High Risk,Manual Review
39320877,35000.0, 60 months,21.99,E,E5,4 years,MORTGAGE,209000.0,Verified,debt_consolidation,CA,15.98,2.0,665.0,669.0,0.0,92.1,18.0,Individual,5,High Risk,Manual Review
39430680,25000.0, 36 months,16.49,D,D3,< 1 year,MORTGAGE,62500.0,Source Verified,credit_card,MO,35.7,1.0,665.0,669.0,0.0,97.4,13.0,Individual,5,High Risk,Manual Review
39470099,10950.0, 60 months,25.89,G,G3,10+ years,MORTGAGE,23192.0,Source Verified,credit_card,PA,33.44,0.0,660.0,664.0,1.0,63.8,17.0,Individual,5,High Risk,Manual Review
39300192,11950.0, 60 months,21.99,E,E5,10+ years,MORTGAGE,30000.0,Not Verified,credit_card,NC,35.0,0.0,680.0,684.0,0.0,95.5,11.0,Individual,6,High Risk,Manual Review
38559762,22475.0, 60 months,19.24,E,E2,10+ years,RENT,72000.0,Verified,debt_consolidation,FL,38.97,2.0,685.0,689.0,1.0,31.6,26.0,Individual,6,High Risk,Manual Review
39330356,17775.0, 60 months,18.54,E,E1,10+ years,MORTGAGE,60700.0,Not Verified,debt_consolidation,GA,39.85,0.0,685.0,689.0,0.0,81.6,31.0,Individual,6,High Risk,Manual Review
39430527,5000.0, 36 months,19.24,E,E2,3 years,MORTGAGE,33000.0,Source Verified,other,NC,37.13,0.0,680.0,684.0,0.0,82.2,33.0,Individual,6,High Risk,Manual Review
39280475,11475.0, 60 months,23.99,F,F2,10+ years,MORTGAGE,32000.0,Source Verified,debt_consolidation,OR,33.42,0.0,720.0,724.0,0.0,49.9,26.0,Individual,5,High Risk,Manual Review
39370524,19750.0, 60 months,19.24,E,E2,7 years,RENT,45000.0,Source Verified,debt_consolidation,NV,33.36,0.0,705.0,709.0,0.0,80.8,12.0,Individual,6,High Risk,Manual Review
38629893,13925.0, 60 months,19.24,E,E2,2 years,MORTGAGE,35000.0,Source Verified,debt_consolidation,TX,39.78,0.0,670.0,674.0,0.0,49.2,12.0,Individual,5,High Risk,Manual Review
39300542,22000.0, 60 months,19.24,E,E2,,OWN,47882.0,Verified,debt_consolidation,CA,31.13,0.0,715.0,719.0,0.0,85.2,15.0,Individual,6,High Risk,Manual Review
39480512,13650.0, 60 months,19.99,E,E3,3 years,MORTGAGE,57500.0,Source Verified,debt_consolidation,PA,33.23,0.0,675.0,679.0,0.0,39.6,31.0,Individual,5,High Risk,Manual Review
39290535,12950.0, 60 months,19.24,E,E2,10+ years,MORTGAGE,36000.0,Source Verified,debt_consolidation,KS,32.4,0.0,705.0,709.0,0.0,90.9,21.0,Individual,6,High Risk,Manual Review
39450064,9450.0, 36 months,18.54,E,E1,1 year,MORTGAGE,35000.0,Not Verified,home_improvement,WI,32.41,0.0,660.0,664.0,1.0,78.4,43.0,Individual,5,High Risk,Manual Review
39470559,23875.0, 60 months,19.24,E,E2,10+ years,MORTGAGE,72000.0,Source Verified,debt_consolidation,OK,38.6,0.0,680.0,684.0,0.0,90.4,27.0,Individual,6,High Risk,Manual Review
39260550,13000.0, 60 months,18.54,E,E1,6 years,MORTGAGE,43000.0,Source Verified,debt_consolidation,TX,36.25,0.0,665.0,669.0,0.0,54.5,29.0,Individual,5,High Risk,Manual Review
38639689,16225.0, 60 months,20.99,E,E4,10+ years,MORTGAGE,50200.0,Source Verified,debt_consolidation,IL,31.51,0.0,685.0,689.0,0.0,80.4,32.0,Individual,6,High Risk,Manual Review
39369475,27450.0, 60 months,23.99,F,F2,8 years,RENT,64351.0,Source Verified,other,WA,30.01,1.0,660.0,664.0,1.0,48.7,33.0,Individual,6,High Risk,Manual Review
39290063,27575.0, 60 months,22.99,F,F1,3 years,MORTGAGE,60000.0,Source Verified,debt_consolidation,AL,36.34,0.0,690.0,694.0,0.0,41.0,36.0,Individual,5,High Risk,Manual Review
39289405,29450.0, 60 months,20.99,E,E4,< 1 year,RENT,67000.0,Source Verified,debt_consolidation,SC,38.81,1.0,675.0,679.0,0.0,79.4,22.0,Individual,6,High Risk,Manual Review
39360266,24725.0, 60 months,21.99,E,E5,10+ years,MORTGAGE,65121.0,Source Verified,debt_consolidation,GA,31.46,0.0,660.0,664.0,0.0,70.3,37.0,Individual,5,High Risk,Manual Review
39370419,21525.0, 60 months,19.24,E,E2,10+ years,RENT,47000.0,Source Verified,credit_card,UT,38.37,0.0,660.0,664.0,0.0,80.0,33.0,Individual,5,High Risk,Manual Review
39400110,13475.0, 36 months,22.99,F,F1,5 years,OWN,30000.0,Verified,credit_card,MO,35.24,0.0,660.0,664.0,0.0,41.8,11.0,Individual,5,High Risk,Manual Review
39310233,4250.0, 36 months,20.99,E,E4,< 1 year,MORTGAGE,31600.0,Not Verified,vacation,TX,38.15,1.0,670.0,674.0,0.0,49.8,34.0,Individual,6,High Risk,Manual Review
38428436,18875.0, 60 months,25.83,G,G2,10+ years,RENT,63000.0,Verified,debt_consolidation,NJ,32.13,0.0,665.0,669.0,2.0,48.3,30.0,Individual,5,High Risk,Manual Review
38497150,20000.0, 60 months,18.54,E,E1,2 years,RENT,70000.0,Source Verified,debt_consolidation,NJ,34.49,0.0,670.0,674.0,0.0,76.4,30.0,Individual,5,High Risk,Manual Review
39270172,8200.0, 36 months,18.54,E,E1,< 1 year,RENT,24128.0,Verified,debt_consolidation,IN,33.88,0.0,665.0,669.0,1.0,51.4,17.0,Individual,5,High Risk,Manual Review
39420367,15000.0, 60 months,19.99,E,E3,1 year,MORTGAGE,58000.0,Source Verified,credit_card,GA,34.64,0.0,665.0,669.0,2.0,65.2,22.0,Individual,5,High Risk,Manual Review
38450108,13150.0, 36 months,20.99,E,E4,10+ years,MORTGAGE,38500.0,Verified,debt_consolidation,NV,37.47,0.0,705.0,709.0,1.0,49.7,19.0,Individual,5,High Risk,Manual Review
38514115,10750.0, 60 months,25.8,G,G1,10+ years,OWN,30000.0,Source Verified,debt_consolidation,TX,32.76,1.0,660.0,664.0,0.0,52.3,25.0,Individual,6,High Risk,Manual Review
39370321,14000.0, 60 months,18.54,E,E1,3 years,RENT,40000.0,Verified,debt_consolidation,CA,18.33,1.0,670.0,674.0,0.0,130.8,24.0,Individual,5,High Risk,Manual Review
38449455,24000.0, 60 months,16.49,D,D3,9 years,MORTGAGE,72000.0,Source Verified,credit_card,CT,36.57,1.0,675.0,679.0,1.0,82.8,31.0,Individual,5,High Risk,Manual Review
38568263,19250.0, 60 months,24.5,F,F3,5 years,RENT,110000.0,Verified,house,IL,34.51,0.0,680.0,684.0,0.0,85.6,42.0,Individual,6,High Risk,Manual Review
35998689,32000.0, 60 months,19.24,E,E2,4 years,RENT,95000.0,Verified,credit_card,WY,30.03,0.0,660.0,664.0,0.0,62.3,43.0,Individual,5,High Risk,Manual Review
39380193,32000.0, 60 months,21.99,E,E5,1 year,MORTGAGE,85000.0,Verified,credit_card,MO,20.75,2.0,665.0,669.0,0.0,95.1,27.0,Individual,5,High Risk,Manual Review
39320350,24000.0, 60 months,18.54,E,E1,10+ years,MORTGAGE,70000.0,Source Verified,debt_consolidation,WA,32.78,0.0,720.0,724.0,0.0,64.0,26.0,Individual,5,High Risk,Manual Review
39400171,16125.0, 36 months,22.99,F,F1,7 years,MORTGAGE,54000.0,Not Verified,debt_consolidation,IL,33.26,0.0,670.0,674.0,0.0,69.7,19.0,Individual,5,High Risk,Manual Review
38549073,7800.0, 36 months,19.99,E,E3,10+ years,MORTGAGE,49000.0,Source Verified,medical,NC,36.15,2.0,675.0,679.0,0.0,80.1,20.0,Individual,7,High Risk,Manual Review
39310239,35000.0, 60 months,20.99,E,E4,7 years,MORTGAGE,125417.0,Verified,debt_consolidation,AK,36.35,0.0,690.0,694.0,4.0,73.6,56.0,Individual,5,High Risk,Manual Review
38912575,16175.0, 60 months,25.57,F,F5,7 years,OWN,55000.0,Verified,debt_consolidation,KS,33.67,2.0,670.0,674.0,3.0,72.7,44.0,Individual,6,High Risk,Manual Review
39480123,14750.0, 60 months,17.14,D,D4,3 years,RENT,37000.0,Source Verified,debt_consolidation,KS,34.56,3.0,660.0,664.0,1.0,80.5,21.0,Individual,5,High Risk,Manual Review
39320228,17550.0, 60 months,19.99,E,E3,9 years,RENT,40000.0,Source Verified,debt_consolidation,CO,35.52,0.0,705.0,709.0,0.0,87.8,12.0,Individual,6,High Risk,Manual Review
39440124,12175.0, 60 months,25.83,G,G2,7 years,RENT,34000.0,Verified,debt_consolidation,NY,33.0,0.0,660.0,664.0,3.0,54.5,40.0,Individual,5,High Risk,Manual Review
39320273,15950.0, 60 months,25.57,F,F5,< 1 year,RENT,40000.0,Source Verified,debt_consolidation,CA,31.55,0.0,680.0,684.0,1.0,68.9,33.0,Individual,5,High Risk,Manual Review
39299864,5550.0, 36 months,19.99,E,E3,1 year,RENT,35000.0,Source Verified,debt_consolidation,GA,36.18,0.0,680.0,684.0,0.0,44.2,18.0,Individual,5,High Risk,Manual Review
39429603,12775.0, 60 months,21.99,E,E5,,RENT,32000.0,Verified,small_business,UT,33.96,1.0,685.0,689.0,0.0,49.6,18.0,Individual,6,High Risk,Manual Review
39329853,2000.0, 36 months,18.54,E,E1,10+ years,MORTGAGE,74000.0,Not Verified,other,CA,34.17,0.0,695.0,699.0,1.0,30.4,19.0,Individual,5,High Risk,Manual Review
39379951,35000.0, 36 months,19.99,E,E3,10+ years,MORTGAGE,80000.0,Verified,debt_consolidation,MI,30.11,0.0,670.0,674.0,3.0,63.2,58.0,Individual,5,High Risk,Manual Review
39269915,22700.0, 60 months,21.99,E,E5,1 year,MORTGAGE,89000.0,Verified,debt_consolidation,TX,22.48,2.0,670.0,674.0,0.0,92.6,22.0,Individual,5,High Risk,Manual Review
39429994,19200.0, 60 months,18.54,E,E1,1 year,RENT,70200.0,Verified,debt_consolidation,FL,32.99,0.0,660.0,664.0,1.0,90.3,19.0,Individual,6,High Risk,Manual Review
39349814,27325.0, 60 months,18.54,E,E1,5 years,MORTGAGE,85000.0,Verified,debt_consolidation,MN,34.61,2.0,685.0,689.0,0.0,66.7,34.0,Individual,6,High Risk,Manual Review
38476607,11600.0, 60 months,23.99,F,F2,2 years,RENT,37500.0,Verified,debt_consolidation,UT,30.93,0.0,680.0,684.0,2.0,52.8,23.0,Individual,5,High Risk,Manual Review
38459566,28100.0, 60 months,19.24,E,E2,3 years,RENT,67000.0,Verified,small_business,NV,22.16,1.0,660.0,664.0,0.0,85.2,28.0,Individual,5,High Risk,Manual Review
39279882,15225.0, 36 months,19.99,E,E3,10+ years,MORTGAGE,42000.0,Not Verified,debt_consolidation,FL,32.46,0.0,680.0,684.0,1.0,53.5,38.0,Individual,5,High Risk,Manual Review
39329831,19750.0, 60 months,21.99,E,E5,4 years,RENT,54882.0,Verified,debt_consolidation,CO,33.81,0.0,710.0,714.0,2.0,91.7,29.0,Individual,6,High Risk,Manual Review
39349810,26050.0, 60 months,19.24,E,E2,5 years,RENT,120000.0,Source Verified,debt_consolidation,CA,10.94,1.0,680.0,684.0,0.0,80.1,26.0,Individual,5,High Risk,Manual Review
38450607,20000.0, 60 months,19.99,E,E3,10+ years,MORTGAGE,70000.0,Source Verified,home_improvement,TN,15.0,1.0,680.0,684.0,0.0,92.3,24.0,Individual,5,High Risk,Manual Review
39429778,22400.0, 60 months,19.99,E,E3,1 year,RENT,45000.0,Source Verified,credit_card,CA,39.21,3.0,660.0,664.0,0.0,77.5,28.0,Individual,6,High Risk,Manual Review
39249815,14250.0, 60 months,19.99,E,E3,5 years,RENT,28500.0,Not Verified,debt_consolidation,CA,37.52,1.0,680.0,684.0,0.0,31.3,20.0,Individual,6,High Risk,Manual Review
39259766,3725.0, 36 months,18.54,E,E1,10+ years,MORTGAGE,30000.0,Not Verified,debt_consolidation,MS,17.56,1.0,665.0,669.0,0.0,83.8,14.0,Individual,5,High Risk,Manual Review
39289854,35000.0, 60 months,22.99,F,F1,10+ years,MORTGAGE,109500.0,Verified,debt_consolidation,NC,32.5,0.0,670.0,674.0,1.0,86.7,36.0,Individual,6,High Risk,Manual Review
39259764,5375.0, 36 months,19.99,E,E3,,RENT,15000.0,Source Verified,debt_consolidation,KY,32.88,0.0,660.0,664.0,1.0,38.8,15.0,Individual,5,High Risk,Manual Review
38628403,5900.0, 36 months,21.99,E,E5,2 years,RENT,25000.0,Source Verified,debt_consolidation,NY,30.44,0.0,665.0,669.0,1.0,46.0,9.0,Individual,5,High Risk,Manual Review
39409744,7125.0, 36 months,20.99,E,E4,3 years,OWN,20000.0,Source Verified,major_purchase,NY,32.17,0.0,710.0,714.0,0.0,74.5,9.0,Individual,5,High Risk,Manual Review
39299798,19350.0, 36 months,19.24,E,E2,10+ years,RENT,55000.0,Verified,debt_consolidation,TX,30.72,0.0,660.0,664.0,0.0,55.1,19.0,Individual,5,High Risk,Manual Review
38436272,25000.0, 60 months,17.14,D,D4,10+ years,MORTGAGE,75000.0,Verified,debt_consolidation,CO,31.89,1.0,660.0,664.0,1.0,86.0,32.0,Individual,5,High Risk,Manual Review
37791663,14000.0, 60 months,21.99,E,E5,10+ years,MORTGAGE,55000.0,Not Verified,other,MI,34.85,1.0,670.0,674.0,1.0,68.4,33.0,Individual,6,High Risk,Manual Review
39339610,16550.0, 60 months,19.24,E,E2,2 years,RENT,46000.0,Verified,debt_consolidation,MA,31.0,0.0,660.0,664.0,0.0,79.4,19.0,Individual,5,High Risk,Manual Review
38509725,12575.0, 60 months,19.24,E,E2,10+ years,MORTGAGE,33000.0,Not Verified,debt_consolidation,MN,20.58,1.0,700.0,704.0,0.0,81.6,12.0,Individual,5,High Risk,Manual Review
39439669,16475.0, 60 months,22.99,F,F1,9 years,RENT,46000.0,Source Verified,debt_consolidation,TX,30.97,0.0,685.0,689.0,1.0,53.0,17.0,Individual,5,High Risk,Manual Review
39329661,27200.0, 60 months,21.99,E,E5,10+ years,MORTGAGE,128200.0,Verified,debt_consolidation,MO,18.9,1.0,660.0,664.0,0.0,85.8,30.0,Individual,5,High Risk,Manual Review
38211462,5375.0, 36 months,19.24,E,E2,,RENT,12864.0,Verified,debt_consolidation,PA,32.37,1.0,670.0,674.0,1.0,49.7,15.0,Individual,6,High Risk,Manual Review
38638008,10000.0, 36 months,19.24,E,E2,10+ years,MORTGAGE,60627.0,Source Verified,debt_consolidation,IL,38.58,4.0,665.0,669.0,2.0,37.8,49.0,Individual,6,High Risk,Manual Review
39299745,35000.0, 60 months,19.99,E,E3,9 years,MORTGAGE,101000.0,Verified,debt_consolidation,PA,30.25,0.0,705.0,709.0,0.0,69.9,30.0,Individual,5,High Risk,Manual Review
39419682,24000.0, 60 months,20.99,E,E4,10+ years,MORTGAGE,95000.0,Verified,debt_consolidation,MN,31.57,0.0,700.0,704.0,1.0,84.9,34.0,Individual,6,High Risk,Manual Review
39369610,5800.0, 36 months,16.49,D,D3,< 1 year,OWN,34300.0,Source Verified,debt_consolidation,NC,38.03,4.0,675.0,679.0,0.0,81.9,42.0,Individual,5,High Risk,Manual Review
39329636,20200.0, 36 months,19.99,E,E3,1 year,MORTGAGE,100577.06,Source Verified,debt_consolidation,VA,13.58,1.0,670.0,674.0,1.0,80.2,32.0,Individual,5,High Risk,Manual Review
38439393,19150.0, 60 months,18.54,E,E1,9 years,MORTGAGE,65000.0,Not Verified,debt_consolidation,VA,35.84,0.0,670.0,674.0,0.0,72.1,21.0,Individual,5,High Risk,Manual Review
38518080,19600.0, 60 months,23.99,F,F2,1 year,MORTGAGE,49070.0,Source Verified,credit_card,NY,37.86,0.0,715.0,719.0,0.0,79.4,33.0,Individual,5,High Risk,Manual Review
39449539,5400.0, 36 months,18.54,E,E1,6 years,OWN,18000.0,Source Verified,debt_consolidation,AZ,39.2,0.0,665.0,669.0,1.0,91.8,7.0,Individual,6,High Risk,Manual Review
39389637,18625.0, 36 months,18.54,E,E1,10+ years,OWN,55000.0,Source Verified,debt_consolidation,CA,38.51,0.0,680.0,684.0,1.0,89.2,17.0,Individual,6,High Risk,Manual Review
39279618,5000.0, 36 months,19.24,E,E2,,OWN,12000.0,Verified,credit_card,CA,37.0,1.0,660.0,664.0,1.0,74.2,21.0,Individual,6,High Risk,Manual Review
17734870,32950.0, 60 months,25.57,F,F5,10+ years,RENT,75000.0,Verified,debt_consolidation,CA,38.27,0.0,670.0,674.0,1.0,78.4,27.0,Individual,5,High Risk,Manual Review
39339547,35000.0, 60 months,17.86,D,D5,10+ years,MORTGAGE,120000.0,Verified,debt_consolidation,HI,32.22,2.0,665.0,669.0,2.0,86.1,28.0,Individual,5,High Risk,Manual Review
39319582,10975.0, 36 months,18.54,E,E1,8 years,MORTGAGE,27000.0,Source Verified,debt_consolidation,AR,34.22,0.0,665.0,669.0,1.0,83.0,9.0,Individual,6,High Risk,Manual Review
38479605,9850.0, 36 months,19.99,E,E3,< 1 year,MORTGAGE,60000.0,Source Verified,debt_consolidation,FL,32.18,1.0,670.0,674.0,1.0,66.7,40.0,Individual,6,High Risk,Manual Review
38697877,28425.0, 60 months,20.99,E,E4,1 year,MORTGAGE,75000.0,Verified,debt_consolidation,VA,31.73,0.0,690.0,694.0,0.0,78.2,19.0,Individual,5,High Risk,Manual Review
39239533,22800.0, 60 months,23.99,F,F2,7 years,MORTGAGE,70000.0,Verified,debt_consolidation,NV,31.22,0.0,660.0,664.0,3.0,69.1,32.0,Individual,5,High Risk,Manual Review
38538786,16300.0, 60 months,19.24,E,E2,10+ years,MORTGAGE,54000.0,Source Verified,debt_consolidation,MN,30.31,0.0,670.0,674.0,0.0,64.4,33.0,Individual,5,High Risk,Manual Review
39259468,10800.0, 60 months,24.99,F,F4,2 years,OWN,36000.0,Source Verified,debt_consolidation,TX,34.53,0.0,675.0,679.0,1.0,87.0,35.0,Individual,6,High Risk,Manual Review
39309358,25150.0, 36 months,18.54,E,E1,10+ years,RENT,70000.0,Source Verified,debt_consolidation,VA,16.46,1.0,675.0,679.0,0.0,98.3,27.0,Individual,5,High Risk,Manual Review
39309373,8000.0, 36 months,19.24,E,E2,1 year,RENT,20000.0,Source Verified,debt_consolidation,CA,36.48,0.0,690.0,694.0,1.0,80.9,12.0,Individual,6,High Risk,Manual Review
39349361,13250.0, 60 months,18.54,E,E1,1 year,RENT,37000.0,Verified,credit_card,IN,31.85,0.0,665.0,669.0,1.0,84.1,31.0,Individual,6,High Risk,Manual Review
39349403,6100.0, 36 months,19.99,E,E3,10+ years,MORTGAGE,50600.0,Source Verified,debt_consolidation,CO,36.79,0.0,695.0,699.0,3.0,69.3,31.0,Individual,5,High Risk,Manual Review
39309380,13625.0, 60 months,24.5,F,F3,10+ years,MORTGAGE,45635.2,Not Verified,debt_consolidation,MO,31.96,5.0,670.0,674.0,2.0,94.3,34.0,Individual,7,High Risk,Manual Review
39279394,16000.0, 60 months,19.99,E,E3,6 years,MORTGAGE,45000.0,Verified,debt_consolidation,AR,37.63,0.0,670.0,674.0,0.0,52.6,31.0,Individual,5,High Risk,Manual Review
38659018,23875.0, 60 months,18.54,E,E1,10+ years,MORTGAGE,65000.0,Source Verified,major_purchase,CO,30.63,0.0,660.0,664.0,1.0,31.4,36.0,Individual,5,High Risk,Manual Review
39289498,29975.0, 60 months,21.99,E,E5,2 years,MORTGAGE,60000.0,Source Verified,debt_consolidation,GA,35.72,0.0,660.0,664.0,0.0,93.7,40.0,Individual,6,High Risk,Manual Review
38609046,29450.0, 60 months,21.99,E,E5,3 years,MORTGAGE,67000.0,Source Verified,debt_consolidation,WI,35.03,0.0,675.0,679.0,2.0,76.5,29.0,Individual,5,High Risk,Manual Review
38519546,7550.0, 36 months,19.24,E,E2,10+ years,RENT,35000.0,Verified,other,WV,31.31,0.0,735.0,739.0,2.0,36.8,50.0,Individual,5,High Risk,Manual Review
39319150,4075.0, 36 months,19.24,E,E2,10+ years,OWN,50000.0,Not Verified,home_improvement,DC,31.08,0.0,675.0,679.0,0.0,67.8,5.0,Individual,5,High Risk,Manual Review
39379339,8800.0, 36 months,19.99,E,E3,3 years,RENT,26000.0,Verified,debt_consolidation,CA,31.76,0.0,665.0,669.0,0.0,79.2,22.0,Individual,5,High Risk,Manual Review
38539018,25925.0, 60 months,19.24,E,E2,4 years,MORTGAGE,59000.0,Source Verified,debt_consolidation,MN,25.16,2.0,680.0,684.0,0.0,87.3,42.0,Individual,5,High Risk,Manual Review
39078353,15875.0, 60 months,21.99,E,E5,1 year,MORTGAGE,38000.0,Source Verified,debt_consolidation,MT,29.79,1.0,670.0,674.0,0.0,84.3,17.0,Individual,5,High Risk,Manual Review
39319283,35000.0, 60 months,21.99,E,E5,10+ years,MORTGAGE,90000.0,Verified,debt_consolidation,NV,33.07,0.0,670.0,674.0,1.0,68.9,52.0,Individual,5,High Risk,Manual Review
39339230,10200.0, 60 months,18.54,E,E1,4 years,RENT,30000.0,Verified,debt_consolidation,CO,33.72,0.0,665.0,669.0,1.0,83.1,22.0,Individual,6,High Risk,Manual Review
39349155,10450.0, 36 months,19.99,E,E3,8 years,MORTGAGE,55000.0,Not Verified,debt_consolidation,WY,36.5,0.0,695.0,699.0,1.0,66.3,27.0,Individual,5,High Risk,Manual Review
38659863,15000.0, 60 months,18.54,E,E1,5 years,OWN,68000.0,Source Verified,home_improvement,TX,34.45,0.0,670.0,674.0,0.0,95.2,25.0,Individual,6,High Risk,Manual Review
38699151,21000.0, 60 months,18.54,E,E1,10+ years,RENT,150000.0,Source Verified,debt_consolidation,MD,22.62,2.0,690.0,694.0,1.0,80.9,23.0,Individual,5,High Risk,Manual Review
39429201,12500.0, 60 months,19.24,E,E2,4 years,OWN,43000.0,Not Verified,debt_consolidation,AZ,19.73,6.0,660.0,664.0,2.0,93.3,36.0,Individual,5,High Risk,Manual Review
39469200,16875.0, 36 months,15.99,D,D2,9 years,RENT,60000.0,Source Verified,debt_consolidation,CA,36.46,1.0,675.0,679.0,1.0,89.9,21.0,Individual,5,High Risk,Manual Review
38988374,18000.0, 60 months,20.99,E,E4,3 years,RENT,48000.0,Verified,major_purchase,IL,32.08,1.0,710.0,714.0,1.0,35.9,27.0,Individual,6,High Risk,Manual Review
39429146,10525.0, 60 months,23.99,F,F2,,RENT,24189.96,Verified,debt_consolidation,AZ,38.41,0.0,680.0,684.0,1.0,83.1,14.0,Individual,6,High Risk,Manual Review
39168401,7950.0, 36 months,19.99,E,E3,6 years,OWN,20000.0,Source Verified,other,CA,36.43,0.0,670.0,674.0,1.0,59.0,13.0,Individual,5,High Risk,Manual Review
39108498,35000.0, 60 months,19.99,E,E3,10+ years,RENT,168000.0,Verified,debt_consolidation,HI,31.61,0.0,695.0,699.0,1.0,43.1,42.0,Individual,5,High Risk,Manual Review
39078377,21000.0, 60 months,20.99,E,E4,2 years,MORTGAGE,120000.0,Source Verified,debt_consolidation,AL,19.3,4.0,665.0,669.0,3.0,88.0,25.0,Individual,5,High Risk,Manual Review
38699081,20000.0, 60 months,25.83,G,G2,10+ years,RENT,40000.0,Source Verified,debt_consolidation,NY,16.44,1.0,660.0,664.0,1.0,84.2,26.0,Individual,5,High Risk,Manual Review
39068314,14975.0, 36 months,19.24,E,E2,2 years,RENT,52000.0,Source Verified,debt_consolidation,AZ,32.6,0.0,660.0,664.0,0.0,76.1,19.0,Individual,5,High Risk,Manual Review
39188343,16000.0, 60 months,19.99,E,E3,5 years,RENT,44500.0,Source Verified,debt_consolidation,CO,39.01,2.0,670.0,674.0,3.0,96.9,25.0,Individual,7,High Risk,Manual Review
39018250,3275.0, 36 months,21.99,E,E5,,OWN,11000.0,Verified,debt_consolidation,MI,34.28,0.0,660.0,664.0,3.0,33.1,20.0,Individual,5,High Risk,Manual Review
38445020,16825.0, 60 months,24.5,F,F3,4 years,RENT,80000.0,Verified,house,CA,34.55,1.0,670.0,674.0,0.0,53.9,24.0,Individual,6,High Risk,Manual Review
39118121,9350.0, 36 months,20.99,E,E4,5 years,OWN,26000.0,Source Verified,debt_consolidation,KS,35.27,0.0,675.0,679.0,0.0,95.0,10.0,Individual,6,High Risk,Manual Review
39058154,8625.0, 36 months,20.99,E,E4,4 years,OWN,24000.0,Source Verified,debt_consolidation,PA,30.9,1.0,690.0,694.0,4.0,37.8,10.0,Individual,6,High Risk,Manual Review
39108217,18000.0, 60 months,17.14,D,D4,10+ years,MORTGAGE,49000.0,Not Verified,debt_consolidation,AR,30.13,1.0,665.0,669.0,0.0,100.0,23.0,Individual,5,High Risk,Manual Review
38577852,6450.0, 36 months,19.99,E,E3,4 years,OWN,30000.0,Source Verified,debt_consolidation,MS,34.72,0.0,670.0,674.0,1.0,46.8,34.0,Individual,5,High Risk,Manual Review
39088157,34225.0, 36 months,16.49,D,D3,5 years,MORTGAGE,121000.0,Verified,debt_consolidation,CA,32.78,1.0,665.0,669.0,0.0,96.4,29.0,Individual,5,High Risk,Manual Review
38429896,5575.0, 36 months,18.54,E,E1,,MORTGAGE,45000.0,Verified,credit_card,SD,36.96,0.0,720.0,724.0,2.0,73.1,40.0,Individual,5,High Risk,Manual Review
39178185,10975.0, 60 months,18.54,E,E1,10+ years,MORTGAGE,64900.0,Verified,debt_consolidation,LA,30.2,4.0,660.0,664.0,0.0,90.6,34.0,Individual,7,High Risk,Manual Review
38585222,18825.0, 60 months,21.99,E,E5,3 years,MORTGAGE,52400.0,Not Verified,debt_consolidation,WI,32.71,0.0,680.0,684.0,2.0,78.6,30.0,Individual,5,High Risk,Manual Review
39058150,32000.0, 60 months,19.24,E,E2,10+ years,RENT,80000.0,Verified,debt_consolidation,MN,9.86,1.0,660.0,664.0,0.0,88.7,22.0,Individual,5,High Risk,Manual Review
38942492,16325.0, 60 months,25.83,G,G2,10+ years,OWN,55000.0,Verified,debt_consolidation,FL,34.8,0.0,690.0,694.0,3.0,39.6,24.0,Individual,5,High Risk,Manual Review
38812519,15075.0, 36 months,18.54,E,E1,10+ years,RENT,36000.0,Verified,credit_card,TX,36.25,0.0,670.0,674.0,0.0,89.4,16.0,Individual,6,High Risk,Manual Review
38546363,17725.0, 60 months,18.54,E,E1,10+ years,MORTGAGE,45000.0,Not Verified,debt_consolidation,PA,31.91,0.0,725.0,729.0,0.0,64.5,32.0,Individual,5,High Risk,Manual Review
38589951,30300.0, 60 months,20.99,E,E4,10+ years,MORTGAGE,70000.0,Verified,debt_consolidation,SC,32.64,0.0,700.0,704.0,0.0,89.0,19.0,Individual,6,High Risk,Manual Review
38988116,10875.0, 36 months,19.24,E,E2,3 years,RENT,30340.0,Source Verified,debt_consolidation,SC,34.81,0.0,660.0,664.0,0.0,52.3,23.0,Individual,5,High Risk,Manual Review
38782463,21000.0, 60 months,18.54,E,E1,10+ years,RENT,81912.0,Source Verified,debt_consolidation,NC,34.16,0.0,685.0,689.0,1.0,49.5,21.0,Individual,5,High Risk,Manual Review
38619817,35000.0, 60 months,23.99,F,F2,< 1 year,MORTGAGE,294000.0,Verified,debt_consolidation,MD,16.91,1.0,675.0,679.0,1.0,95.3,30.0,Individual,5,High Risk,Manual Review
38450402,12700.0, 60 months,21.99,E,E5,10+ years,MORTGAGE,60000.0,Source Verified,debt_consolidation,NC,33.12,0.0,660.0,664.0,0.0,57.5,36.0,Individual,5,High Risk,Manual Review
38942562,30000.0, 36 months,18.54,E,E1,10+ years,OWN,74000.0,Verified,debt_consolidation,FL,33.46,0.0,665.0,669.0,0.0,48.9,34.0,Individual,5,High Risk,Manual Review
38524228,19675.0, 60 months,20.99,E,E4,< 1 year,RENT,47000.0,Source Verified,debt_consolidation,NY,33.68,0.0,670.0,674.0,0.0,67.6,44.0,Individual,5,High Risk,Manual Review
38782396,9600.0, 36 months,19.24,E,E2,1 year,MORTGAGE,173380.0,Verified,debt_consolidation,TN,21.7,2.0,690.0,694.0,2.0,93.2,62.0,Individual,5,High Risk,Manual Review
38872329,18625.0, 36 months,19.99,E,E3,6 years,MORTGAGE,60000.0,Not Verified,debt_consolidation,CA,39.95,2.0,665.0,669.0,3.0,36.8,32.0,Individual,6,High Risk,Manual Review
38792342,9250.0, 36 months,19.99,E,E3,3 years,RENT,29000.0,Source Verified,credit_card,CA,34.13,0.0,660.0,664.0,1.0,78.5,15.0,Individual,5,High Risk,Manual Review
38812345,15975.0, 60 months,19.24,E,E2,10+ years,MORTGAGE,67188.0,Source Verified,debt_consolidation,TN,33.5,0.0,720.0,724.0,0.0,95.3,29.0,Individual,6,High Risk,Manual Review
38342418,20000.0, 60 months,18.54,E,E1,2 years,RENT,88000.0,Source Verified,debt_consolidation,CA,34.68,0.0,665.0,669.0,1.0,99.3,22.0,Individual,6,High Risk,Manual Review
38732209,17700.0, 60 months,21.99,E,E5,4 years,MORTGAGE,35529.6,Source Verified,debt_consolidation,TX,37.8,0.0,670.0,674.0,0.0,46.2,14.0,Individual,5,High Risk,Manual Review
38912276,11500.0, 36 months,19.99,E,E3,< 1 year,RENT,23000.0,Verified,debt_consolidation,OH,32.52,0.0,690.0,694.0,0.0,36.6,11.0,Individual,5,High Risk,Manual Review
38772354,24375.0, 60 months,19.99,E,E3,4 years,RENT,58100.0,Verified,debt_consolidation,NJ,38.83,0.0,695.0,699.0,0.0,55.1,33.0,Individual,5,High Risk,Manual Review
38802329,11725.0, 36 months,20.99,E,E4,2 years,RENT,28000.0,Verified,debt_consolidation,CA,38.28,1.0,660.0,664.0,1.0,48.3,15.0,Individual,6,High Risk,Manual Review
38598768,15200.0, 60 months,18.54,E,E1,10+ years,RENT,70000.0,Source Verified,debt_consolidation,WI,37.85,0.0,680.0,684.0,0.0,72.9,27.0,Individual,5,High Risk,Manual Review
38752192,15300.0, 60 months,22.99,F,F1,4 years,OWN,36524.0,Source Verified,debt_consolidation,FL,32.11,0.0,660.0,664.0,0.0,70.3,37.0,Individual,5,High Risk,Manual Review
38952219,20675.0, 60 months,21.99,E,E5,10+ years,OWN,45000.0,Source Verified,credit_card,NY,38.03,1.0,660.0,664.0,0.0,79.7,40.0,Individual,6,High Risk,Manual Review
38882313,8750.0, 36 months,19.24,E,E2,< 1 year,RENT,24960.0,Source Verified,debt_consolidation,OK,36.44,0.0,700.0,704.0,0.0,91.1,7.0,Individual,6,High Risk,Manual Review
38892138,20675.0, 60 months,19.24,E,E2,3 years,RENT,45000.0,Source Verified,credit_card,MD,35.95,0.0,690.0,694.0,0.0,87.9,23.0,Individual,6,High Risk,Manual Review
38772186,20950.0, 60 months,20.99,E,E4,10+ years,MORTGAGE,140000.0,Source Verified,small_business,CA,1.39,3.0,660.0,664.0,1.0,84.6,17.0,Individual,5,High Risk,Manual Review
38605209,35000.0, 60 months,24.5,F,F3,10+ years,MORTGAGE,90000.0,Verified,debt_consolidation,HI,17.52,1.0,670.0,674.0,0.0,94.8,29.0,Individual,5,High Risk,Manual Review
38762341,21100.0, 60 months,18.54,E,E1,,MORTGAGE,75000.0,Verified,debt_consolidation,NV,31.3,0.0,670.0,674.0,0.0,77.0,29.0,Individual,5,High Risk,Manual Review
38485747,20000.0, 60 months,20.99,E,E4,3 years,RENT,40000.0,Source Verified,debt_consolidation,NY,34.53,0.0,670.0,674.0,0.0,63.8,28.0,Individual,5,High Risk,Manual Review
38892232,15000.0, 60 months,19.24,E,E2,< 1 year,RENT,38000.0,Source Verified,debt_consolidation,CA,39.64,1.0,665.0,669.0,2.0,51.2,33.0,Individual,6,High Risk,Manual Review
38852239,35000.0, 60 months,19.99,E,E3,5 years,MORTGAGE,129000.0,Verified,debt_consolidation,MA,32.71,0.0,680.0,684.0,0.0,52.4,47.0,Individual,5,High Risk,Manual Review
38649294,20000.0, 60 months,19.99,E,E3,4 years,MORTGAGE,51771.0,Source Verified,debt_consolidation,NM,34.79,1.0,705.0,709.0,3.0,76.7,50.0,Individual,6,High Risk,Manual Review
38470421,19750.0, 60 months,23.99,F,F2,10+ years,MORTGAGE,55000.0,Not Verified,debt_consolidation,NY,33.06,0.0,715.0,719.0,0.0,87.0,20.0,Individual,6,High Risk,Manual Review
38560669,24000.0, 60 months,19.99,E,E3,4 years,RENT,80000.0,Source Verified,debt_consolidation,CA,30.96,1.0,710.0,714.0,1.0,19.5,20.0,Individual,6,High Risk,Manual Review
38611054,22250.0, 60 months,25.8,G,G1,3 years,RENT,70000.0,Source Verified,debt_consolidation,WA,30.52,0.0,735.0,739.0,0.0,0.0,24.0,Individual,5,High Risk,Manual Review
38418387,26500.0, 60 months,19.99,E,E3,10+ years,MORTGAGE,60268.0,Source Verified,debt_consolidation,MO,32.65,1.0,680.0,684.0,2.0,66.4,49.0,Individual,6,High Risk,Manual Review
38630620,16200.0, 60 months,19.99,E,E3,3 years,RENT,45000.0,Source Verified,debt_consolidation,MN,39.17,0.0,670.0,674.0,1.0,78.7,22.0,Individual,5,High Risk,Manual Review
38419260,9150.0, 36 months,20.99,E,E4,10+ years,RENT,32000.0,Verified,debt_consolidation,IL,33.65,0.0,665.0,669.0,1.0,37.6,21.0,Individual,5,High Risk,Manual Review
38626387,21700.0, 36 months,20.99,E,E4,10+ years,RENT,71460.0,Source Verified,debt_consolidation,TX,26.99,1.0,685.0,689.0,2.0,89.5,40.0,Individual,5,High Risk,Manual Review
38639750,17350.0, 60 months,18.54,E,E1,10+ years,RENT,63000.0,Verified,debt_consolidation,WI,35.26,0.0,680.0,684.0,3.0,69.6,40.0,Individual,5,High Risk,Manual Review
38550262,13850.0, 60 months,19.24,E,E2,1 year,RENT,55000.0,Source Verified,debt_consolidation,CA,30.13,0.0,725.0,729.0,1.0,40.5,27.0,Individual,5,High Risk,Manual Review
38619699,17275.0, 60 months,19.24,E,E2,2 years,RENT,48000.0,Not Verified,debt_consolidation,NC,38.23,0.0,675.0,679.0,1.0,88.5,45.0,Individual,6,High Risk,Manual Review
38470301,33025.0, 36 months,23.99,F,F2,10+ years,MORTGAGE,87000.0,Verified,debt_consolidation,HI,29.2,3.0,685.0,689.0,1.0,90.6,73.0,Individual,5,High Risk,Manual Review
38570490,14475.0, 60 months,23.99,F,F2,10+ years,MORTGAGE,60000.0,Source Verified,other,LA,35.56,1.0,665.0,669.0,0.0,51.9,18.0,Individual,6,High Risk,Manual Review
38569950,12725.0, 36 months,19.99,E,E3,8 years,RENT,37536.0,Source Verified,debt_consolidation,MA,39.03,0.0,715.0,719.0,1.0,58.5,14.0,Individual,5,High Risk,Manual Review
38418887,20000.0, 60 months,18.54,E,E1,8 years,MORTGAGE,62000.0,Verified,debt_consolidation,MI,33.61,0.0,660.0,664.0,3.0,94.4,34.0,Individual,6,High Risk,Manual Review
38610819,7750.0, 36 months,18.54,E,E1,2 years,RENT,35000.0,Source Verified,debt_consolidation,GA,29.84,2.0,665.0,669.0,0.0,91.8,25.0,Individual,5,High Risk,Manual Review
2367630,35000.0, 60 months,18.54,E,E1,10+ years,RENT,90000.0,Verified,debt_consolidation,TX,21.93,1.0,665.0,669.0,0.0,94.3,12.0,Individual,5,High Risk,Manual Review
38560218,17750.0, 60 months,21.99,E,E5,10+ years,MORTGAGE,42349.0,Source Verified,debt_consolidation,MS,37.43,0.0,665.0,669.0,1.0,59.7,39.0,Individual,5,High Risk,Manual Review
38450384,12600.0, 60 months,21.99,E,E5,3 years,RENT,35200.0,Verified,debt_consolidation,KS,33.87,0.0,670.0,674.0,4.0,29.1,45.0,Individual,5,High Risk,Manual Review
38619510,10200.0, 36 months,21.99,E,E5,,RENT,30000.0,Verified,medical,FL,32.28,0.0,660.0,664.0,0.0,47.6,33.0,Individual,5,High Risk,Manual Review
38450202,10000.0, 60 months,19.24,E,E2,7 years,RENT,33000.0,Source Verified,debt_consolidation,FL,39.38,0.0,685.0,689.0,0.0,33.9,21.0,Individual,5,High Risk,Manual Review
38538186,25000.0, 60 months,18.54,E,E1,2 years,RENT,60000.0,Source Verified,debt_consolidation,CA,33.58,0.0,665.0,669.0,0.0,73.7,26.0,Individual,5,High Risk,Manual Review
38700156,16375.0, 60 months,19.24,E,E2,10+ years,MORTGAGE,75000.0,Source Verified,debt_consolidation,WA,36.59,0.0,670.0,674.0,0.0,58.7,31.0,Individual,5,High Risk,Manual Review
38540138,11900.0, 36 months,18.54,E,E1,3 years,MORTGAGE,35520.0,Not Verified,debt_consolidation,NV,30.81,0.0,725.0,729.0,0.0,46.6,17.0,Individual,5,High Risk,Manual Review
38418702,11950.0, 36 months,19.99,E,E3,8 years,RENT,40000.0,Source Verified,debt_consolidation,NH,30.6,0.0,685.0,689.0,2.0,42.9,15.0,Individual,5,High Risk,Manual Review
38619165,11200.0, 60 months,18.54,E,E1,2 years,OWN,35000.0,Verified,debt_consolidation,NC,31.24,1.0,665.0,669.0,1.0,97.9,24.0,Individual,7,High Risk,Manual Review
38549697,24000.0, 60 months,19.99,E,E3,10+ years,RENT,189000.0,Verified,debt_consolidation,FL,30.08,0.0,710.0,714.0,2.0,61.0,15.0,Individual,5,High Risk,Manual Review
38519902,9000.0, 36 months,19.99,E,E3,,RENT,25000.0,Verified,debt_consolidation,FL,38.45,2.0,660.0,664.0,0.0,53.1,17.0,Individual,6,High Risk,Manual Review
38479870,7000.0, 36 months,18.54,E,E1,7 years,RENT,19000.0,Source Verified,other,MO,38.53,0.0,680.0,684.0,1.0,70.5,18.0,Individual,5,High Risk,Manual Review
38548711,23475.0, 60 months,19.99,E,E3,10+ years,MORTGAGE,47000.0,Source Verified,debt_consolidation,PA,33.45,0.0,665.0,669.0,1.0,73.1,33.0,Individual,5,High Risk,Manual Review
38549578,11025.0, 36 months,19.99,E,E3,10+ years,MORTGAGE,58000.0,Verified,debt_consolidation,GA,16.43,1.0,665.0,669.0,1.0,94.5,35.0,Individual,5,High Risk,Manual Review
38449950,11450.0, 60 months,21.99,E,E5,4 years,MORTGAGE,32000.0,Source Verified,debt_consolidation,AL,34.73,0.0,700.0,704.0,1.0,99.8,14.0,Individual,6,High Risk,Manual Review
38515107,25000.0, 60 months,21.99,E,E5,5 years,MORTGAGE,72000.0,Verified,home_improvement,GA,31.17,0.0,665.0,669.0,1.0,19.2,45.0,Individual,5,High Risk,Manual Review
38438738,29325.0, 60 months,20.99,E,E4,7 years,MORTGAGE,64000.0,Source Verified,debt_consolidation,MI,32.04,0.0,715.0,719.0,0.0,68.1,36.0,Individual,5,High Risk,Manual Review
38429368,16225.0, 60 months,20.99,E,E4,10+ years,MORTGAGE,59982.0,Source Verified,major_purchase,MA,27.01,7.0,660.0,664.0,2.0,87.8,29.0,Individual,5,High Risk,Manual Review
38429244,17500.0, 60 months,18.54,E,E1,2 years,RENT,40000.0,Source Verified,debt_consolidation,FL,34.02,0.0,660.0,664.0,1.0,71.8,20.0,Individual,5,High Risk,Manual Review
38418406,29825.0, 60 months,18.54,E,E1,10+ years,MORTGAGE,65000.0,Source Verified,debt_consolidation,KS,31.46,0.0,725.0,729.0,2.0,69.0,45.0,Individual,5,High Risk,Manual Review
38529115,35000.0, 60 months,18.54,E,E1,10+ years,RENT,100000.0,Verified,debt_consolidation,NY,30.48,0.0,695.0,699.0,0.0,71.8,18.0,Individual,5,High Risk,Manual Review
38428588,17600.0, 60 months,18.54,E,E1,4 years,MORTGAGE,40000.0,Not Verified,debt_consolidation,MI,32.16,0.0,710.0,714.0,1.0,59.4,38.0,Individual,5,High Risk,Manual Review
38699792,21075.0, 60 months,20.99,E,E4,10+ years,OWN,58755.0,Source Verified,debt_consolidation,TX,32.09,0.0,680.0,684.0,0.0,70.3,24.0,Individual,5,High Risk,Manual Review
38539717,25850.0, 36 months,18.54,E,E1,7 years,RENT,165000.0,Verified,debt_consolidation,TX,31.13,1.0,660.0,664.0,3.0,68.6,71.0,Individual,6,High Risk,Manual Review
38599796,16200.0, 60 months,20.99,E,E4,,RENT,45000.0,Verified,debt_consolidation,NY,36.59,0.0,675.0,679.0,0.0,69.6,31.0,Individual,5,High Risk,Manual Review
38212687,15550.0, 60 months,23.99,F,F2,8 years,OWN,46000.0,Source Verified,debt_consolidation,MI,31.36,0.0,665.0,669.0,2.0,32.5,24.0,Individual,5,High Risk,Manual Review
38469601,12000.0, 60 months,19.99,E,E3,10+ years,MORTGAGE,32157.0,Source Verified,debt_consolidation,CO,35.24,0.0,665.0,669.0,1.0,30.0,27.0,Individual,5,High Risk,Manual Review
38649193,31075.0, 60 months,19.99,E,E3,2 years,RENT,96000.0,Verified,debt_consolidation,PA,37.77,0.0,670.0,674.0,0.0,95.3,25.0,Individual,6,High Risk,Manual Review
38528969,35000.0, 36 months,18.54,E,E1,10+ years,RENT,135000.0,Verified,debt_consolidation,MN,27.72,2.0,660.0,664.0,1.0,89.0,25.0,Individual,5,High Risk,Manual Review
38449767,14400.0, 60 months,19.24,E,E2,5 years,RENT,43000.0,Source Verified,debt_consolidation,OR,38.38,1.0,660.0,664.0,0.0,72.3,23.0,Individual,6,High Risk,Manual Review
38469631,29175.0, 60 months,19.24,E,E2,6 years,RENT,132000.0,Verified,debt_consolidation,AZ,32.31,0.0,675.0,679.0,0.0,62.2,45.0,Individual,5,High Risk,Manual Review
38639523,24350.0, 60 months,18.54,E,E1,10+ years,OWN,80000.0,Verified,debt_consolidation,OH,38.75,0.0,705.0,709.0,0.0,58.2,49.0,Individual,5,High Risk,Manual Review
38479552,16575.0, 60 months,19.99,E,E3,10+ years,MORTGAGE,46000.0,Not Verified,debt_consolidation,TX,37.53,0.0,695.0,699.0,1.0,46.2,37.0,Individual,5,High Risk,Manual Review
38469454,21000.0, 60 months,19.24,E,E2,10+ years,MORTGAGE,62000.0,Source Verified,home_improvement,NC,15.21,1.0,665.0,669.0,1.0,90.5,18.0,Individual,5,High Risk,Manual Review
38559583,16000.0, 60 months,15.59,D,D1,2 years,RENT,60000.0,Source Verified,credit_card,PA,33.32,1.0,675.0,679.0,0.0,82.2,17.0,Individual,5,High Risk,Manual Review
38527984,7800.0, 36 months,19.99,E,E3,10+ years,RENT,43000.0,Source Verified,debt_consolidation,SC,33.21,0.0,675.0,679.0,1.0,49.2,16.0,Individual,5,High Risk,Manual Review
38478194,24000.0, 60 months,19.24,E,E2,9 years,MORTGAGE,75000.0,Source Verified,debt_consolidation,IL,35.28,0.0,665.0,669.0,0.0,67.2,29.0,Individual,5,High Risk,Manual Review
38509212,11125.0, 36 months,24.5,F,F3,2 years,RENT,30000.0,Source Verified,debt_consolidation,TX,33.88,0.0,690.0,694.0,0.0,55.0,5.0,Individual,5,High Risk,Manual Review
38636357,9325.0, 36 months,20.99,E,E4,3 years,RENT,31392.0,Source Verified,credit_card,VA,30.47,0.0,660.0,664.0,1.0,85.2,21.0,Individual,6,High Risk,Manual Review
38415847,13600.0, 60 months,22.99,F,F1,1 year,RENT,38000.0,Source Verified,debt_consolidation,CA,30.39,0.0,665.0,669.0,1.0,56.7,20.0,Individual,5,High Risk,Manual Review
38608975,10025.0, 36 months,20.99,E,E4,10+ years,MORTGAGE,40000.0,Not Verified,debt_consolidation,MN,36.31,0.0,675.0,679.0,1.0,89.9,23.0,Individual,6,High Risk,Manual Review
38699489,27125.0, 60 months,18.54,E,E1,10+ years,OWN,95000.0,Verified,debt_consolidation,PA,32.24,0.0,690.0,694.0,2.0,61.0,27.0,Individual,5,High Risk,Manual Review
38478546,16200.0, 60 months,23.99,F,F2,5 years,RENT,45000.0,Verified,debt_consolidation,FL,33.68,0.0,665.0,669.0,1.0,62.4,15.0,Individual,5,High Risk,Manual Review
38438625,17100.0, 60 months,18.54,E,E1,2 years,RENT,42900.0,Source Verified,debt_consolidation,KS,33.29,0.0,660.0,664.0,0.0,77.2,24.0,Individual,5,High Risk,Manual Review
38559391,11500.0, 36 months,23.99,F,F2,,RENT,23000.0,Verified,debt_consolidation,WA,30.38,0.0,670.0,674.0,0.0,76.8,26.0,Individual,5,High Risk,Manual Review
38438991,13250.0, 60 months,21.99,E,E5,< 1 year,RENT,37000.0,Source Verified,debt_consolidation,NC,36.43,0.0,660.0,664.0,0.0,57.5,26.0,Individual,5,High Risk,Manual Review
38697114,9325.0, 36 months,18.54,E,E1,2 years,RENT,26000.0,Source Verified,debt_consolidation,FL,31.24,0.0,665.0,669.0,1.0,62.8,15.0,Individual,5,High Risk,Manual Review
38428805,18000.0, 60 months,19.99,E,E3,10+ years,RENT,45000.0,Source Verified,debt_consolidation,MS,33.79,0.0,675.0,679.0,0.0,95.7,26.0,Individual,6,High Risk,Manual Review
38608021,13625.0, 36 months,21.99,E,E5,5 years,RENT,55000.0,Source Verified,debt_consolidation,VA,31.51,0.0,665.0,669.0,0.0,68.6,13.0,Individual,5,High Risk,Manual Review
38599061,18625.0, 36 months,18.54,E,E1,4 years,OWN,55000.0,Source Verified,debt_consolidation,OK,34.21,0.0,715.0,719.0,1.0,82.1,19.0,Individual,6,High Risk,Manual Review
38618627,35000.0, 60 months,21.99,E,E5,10+ years,MORTGAGE,102060.0,Verified,debt_consolidation,TN,34.27,0.0,660.0,664.0,2.0,58.7,71.0,Individual,5,High Risk,Manual Review
38594682,21800.0, 60 months,22.99,F,F1,6 years,MORTGAGE,54500.0,Source Verified,debt_consolidation,KY,32.39,0.0,685.0,689.0,1.0,64.2,33.0,Individual,5,High Risk,Manual Review
38548729,35000.0, 60 months,19.99,E,E3,1 year,MORTGAGE,142600.0,Verified,debt_consolidation,FL,35.84,0.0,665.0,669.0,0.0,88.4,33.0,Individual,6,High Risk,Manual Review
38519167,24975.0, 60 months,20.99,E,E4,10+ years,MORTGAGE,50000.0,Source Verified,home_improvement,TX,32.23,0.0,660.0,664.0,1.0,73.2,42.0,Individual,5,High Risk,Manual Review
38457788,33000.0, 60 months,19.24,E,E2,4 years,RENT,93000.0,Verified,debt_consolidation,CA,37.57,1.0,705.0,709.0,1.0,87.7,33.0,Individual,7,High Risk,Manual Review
38427431,25450.0, 60 months,21.99,E,E5,,RENT,58000.0,Verified,debt_consolidation,FL,36.35,0.0,680.0,684.0,0.0,84.8,28.0,Individual,6,High Risk,Manual Review
38479009,16775.0, 60 months,16.49,D,D3,10+ years,RENT,42000.0,Source Verified,debt_consolidation,MA,35.51,1.0,660.0,664.0,0.0,89.7,16.0,Individual,5,High Risk,Manual Review
38545124,10300.0, 60 months,19.99,E,E3,10+ years,RENT,36000.0,Source Verified,debt_consolidation,NY,31.3,0.0,710.0,714.0,0.0,43.2,20.0,Individual,5,High Risk,Manual Review
38528613,23750.0, 60 months,18.54,E,E1,10+ years,MORTGAGE,56000.0,Verified,credit_card,MD,34.85,0.0,710.0,714.0,1.0,59.0,36.0,Individual,5,High Risk,Manual Review
38598959,35000.0, 60 months,23.99,F,F2,3 years,MORTGAGE,92880.0,Verified,debt_consolidation,LA,20.53,2.0,670.0,674.0,2.0,93.6,25.0,Individual,5,High Risk,Manual Review
38605007,13950.0, 60 months,25.99,G,G4,10+ years,OWN,39000.0,Source Verified,major_purchase,KS,26.0,2.0,675.0,679.0,0.0,87.1,33.0,Individual,5,High Risk,Manual Review
38559123,19850.0, 60 months,18.54,E,E1,8 years,MORTGAGE,75000.0,Verified,debt_consolidation,SC,31.04,0.0,660.0,664.0,1.0,36.4,25.0,Individual,5,High Risk,Manual Review
38598192,23800.0, 60 months,19.99,E,E3,6 years,MORTGAGE,72000.0,Verified,debt_consolidation,CT,32.42,0.0,665.0,669.0,0.0,73.3,34.0,Individual,5,High Risk,Manual Review
38647388,20000.0, 60 months,15.99,D,D2,5 years,MORTGAGE,50000.0,Source Verified,debt_consolidation,NC,31.73,1.0,660.0,664.0,1.0,93.2,19.0,Individual,5,High Risk,Manual Review
38498785,10375.0, 60 months,19.24,E,E2,10+ years,MORTGAGE,34000.0,Verified,home_improvement,CA,3.92,2.0,690.0,694.0,0.0,83.3,14.0,Individual,5,High Risk,Manual Review
38648492,7675.0, 36 months,19.24,E,E2,8 years,MORTGAGE,35000.0,Not Verified,debt_consolidation,PA,32.27,0.0,675.0,679.0,2.0,98.3,18.0,Individual,6,High Risk,Manual Review
38698974,28000.0, 60 months,22.99,F,F1,10+ years,MORTGAGE,72000.0,Source Verified,debt_consolidation,LA,34.88,0.0,705.0,709.0,1.0,51.6,12.0,Individual,5,High Risk,Manual Review
38628914,11500.0, 36 months,20.99,E,E4,2 years,RENT,30000.0,Source Verified,debt_consolidation,OR,31.28,0.0,670.0,674.0,0.0,99.7,14.0,Individual,6,High Risk,Manual Review
38448828,28625.0, 36 months,20.99,E,E4,10+ years,RENT,73381.2,Source Verified,debt_consolidation,SC,39.15,1.0,665.0,669.0,0.0,94.1,48.0,Individual,7,High Risk,Manual Review
38537704,20000.0, 60 months,17.14,D,D4,10+ years,MORTGAGE,67000.0,Verified,debt_consolidation,PA,31.99,2.0,680.0,684.0,1.0,90.7,36.0,Individual,5,High Risk,Manual Review
38417514,15000.0, 60 months,18.54,E,E1,< 1 year,MORTGAGE,51480.0,Not Verified,credit_card,OH,30.43,2.0,680.0,684.0,1.0,15.5,19.0,Individual,6,High Risk,Manual Review
38557045,16750.0, 60 months,22.99,F,F1,2 years,RENT,40000.0,Source Verified,car,NJ,12.24,1.0,665.0,669.0,0.0,90.5,30.0,Individual,5,High Risk,Manual Review
38698276,7750.0, 36 months,19.99,E,E3,3 years,RENT,26000.0,Source Verified,debt_consolidation,CA,32.83,0.0,670.0,674.0,0.0,62.3,7.0,Individual,5,High Risk,Manual Review
38618299,13375.0, 36 months,23.99,F,F2,3 years,RENT,50000.0,Source Verified,debt_consolidation,VA,33.89,0.0,660.0,664.0,0.0,53.5,14.0,Individual,5,High Risk,Manual Review
38568729,4975.0, 36 months,22.99,F,F1,2 years,RENT,23000.0,Not Verified,debt_consolidation,CO,31.63,0.0,665.0,669.0,1.0,47.2,11.0,Individual,5,High Risk,Manual Review
38628823,16750.0, 60 months,22.99,F,F1,< 1 year,RENT,33600.0,Source Verified,debt_consolidation,TX,39.07,0.0,675.0,679.0,1.0,87.6,21.0,Individual,6,High Risk,Manual Review
38628759,17875.0, 60 months,19.99,E,E3,8 years,MORTGAGE,44851.82,Source Verified,debt_consolidation,LA,27.45,2.0,670.0,674.0,0.0,91.2,20.0,Individual,5,High Risk,Manual Review
38528164,26050.0, 60 months,24.5,F,F3,10+ years,MORTGAGE,58000.0,Verified,home_improvement,IN,34.55,0.0,680.0,684.0,2.0,47.0,28.0,Individual,5,High Risk,Manual Review
38438516,29250.0, 60 months,22.99,F,F1,3 years,MORTGAGE,92000.0,Verified,debt_consolidation,AZ,34.82,1.0,690.0,694.0,0.0,44.6,20.0,Individual,6,High Risk,Manual Review
38498627,13400.0, 60 months,20.99,E,E4,,OWN,33600.0,Verified,debt_consolidation,TN,36.54,0.0,680.0,684.0,0.0,62.2,18.0,Individual,5,High Risk,Manual Review
38548375,15000.0, 60 months,18.54,E,E1,3 years,RENT,36000.0,Source Verified,debt_consolidation,MT,34.17,1.0,675.0,679.0,2.0,50.7,47.0,Individual,6,High Risk,Manual Review
38638592,12375.0, 60 months,20.99,E,E4,10+ years,RENT,59953.0,Verified,debt_consolidation,AZ,30.94,1.0,670.0,674.0,1.0,34.0,13.0,Individual,6,High Risk,Manual Review
38638065,12000.0, 60 months,16.49,D,D3,1 year,RENT,70000.0,Source Verified,debt_consolidation,KY,39.35,1.0,660.0,664.0,0.0,82.7,9.0,Individual,5,High Risk,Manual Review
38548391,2500.0, 36 months,19.99,E,E3,10+ years,RENT,32000.0,Not Verified,other,MO,30.05,0.0,665.0,669.0,1.0,61.6,27.0,Individual,5,High Risk,Manual Review
38558821,16575.0, 60 months,19.24,E,E2,8 years,RENT,33280.0,Source Verified,debt_consolidation,SC,31.16,0.0,690.0,694.0,0.0,76.8,11.0,Individual,5,High Risk,Manual Review
38417306,12125.0, 36 months,22.99,F,F1,10+ years,RENT,33000.0,Source Verified,debt_consolidation,NC,26.95,3.0,690.0,694.0,1.0,87.9,29.0,Individual,5,High Risk,Manual Review
38548351,17625.0, 60 months,19.24,E,E2,6 years,RENT,42000.0,Source Verified,debt_consolidation,WV,35.23,0.0,665.0,669.0,0.0,61.2,28.0,Individual,5,High Risk,Manual Review
38618243,16000.0, 60 months,21.99,E,E5,2 years,MORTGAGE,32000.0,Not Verified,debt_consolidation,NY,31.62,2.0,685.0,689.0,0.0,32.4,47.0,Individual,6,High Risk,Manual Review
38578382,19975.0, 60 months,24.5,F,F3,5 years,RENT,40000.0,Source Verified,car,PA,33.27,0.0,695.0,699.0,0.0,82.8,13.0,Individual,6,High Risk,Manual Review
38517119,2300.0, 36 months,24.99,F,F4,10+ years,RENT,35930.0,Verified,credit_card,FL,33.03,0.0,685.0,689.0,0.0,73.8,17.0,Individual,5,High Risk,Manual Review
38557866,14000.0, 60 months,18.54,E,E1,10+ years,MORTGAGE,90000.0,Source Verified,debt_consolidation,NY,36.68,0.0,700.0,704.0,0.0,74.3,34.0,Individual,5,High Risk,Manual Review
38508430,15650.0, 60 months,21.99,E,E5,6 years,RENT,46163.4,Source Verified,debt_consolidation,NC,36.19,0.0,660.0,664.0,1.0,90.4,34.0,Individual,6,High Risk,Manual Review
38698626,7700.0, 36 months,19.24,E,E2,10+ years,MORTGAGE,35000.0,Not Verified,other,OH,30.14,0.0,715.0,719.0,0.0,55.9,26.0,Individual,5,High Risk,Manual Review
38417068,28500.0, 60 months,20.99,E,E4,4 years,RENT,62000.0,Source Verified,debt_consolidation,MS,31.96,0.0,715.0,719.0,0.0,96.5,40.0,Individual,6,High Risk,Manual Review
38536544,19175.0, 60 months,19.99,E,E3,1 year,MORTGAGE,41829.0,Source Verified,debt_consolidation,KY,37.06,6.0,700.0,704.0,0.0,20.7,41.0,Individual,6,High Risk,Manual Review
38417046,17800.0, 36 months,18.54,E,E1,2 years,RENT,55717.22,Verified,debt_consolidation,CA,31.9,0.0,660.0,664.0,1.0,93.1,28.0,Individual,6,High Risk,Manual Review
38527959,14325.0, 36 months,19.24,E,E2,8 years,RENT,40000.0,Source Verified,debt_consolidation,NY,35.55,0.0,680.0,684.0,0.0,65.7,21.0,Individual,5,High Risk,Manual Review
38508279,18950.0, 36 months,15.99,D,D2,3 years,RENT,47500.0,Source Verified,debt_consolidation,OR,34.34,2.0,665.0,669.0,0.0,85.7,41.0,Individual,5,High Risk,Manual Review
38568394,7125.0, 36 months,22.99,F,F1,3 years,OWN,24000.0,Source Verified,debt_consolidation,FL,30.6,0.0,665.0,669.0,1.0,63.3,16.0,Individual,5,High Risk,Manual Review
38518484,11025.0, 60 months,25.8,G,G1,< 1 year,RENT,26880.0,Source Verified,debt_consolidation,KY,30.13,0.0,670.0,674.0,0.0,98.7,18.0,Individual,6,High Risk,Manual Review
38458112,19350.0, 60 months,19.24,E,E2,10+ years,RENT,54000.0,Source Verified,debt_consolidation,IL,39.38,1.0,675.0,679.0,0.0,36.3,30.0,Individual,6,High Risk,Manual Review
38588093,30000.0, 60 months,19.24,E,E2,10+ years,RENT,70000.0,Verified,debt_consolidation,KY,33.88,2.0,690.0,694.0,1.0,55.4,31.0,Individual,6,High Risk,Manual Review
38598335,17500.0, 36 months,20.99,E,E4,5 years,MORTGAGE,35000.0,Verified,major_purchase,TX,31.72,0.0,670.0,674.0,1.0,94.6,7.0,Individual,6,High Risk,Manual Review
38468361,24975.0, 60 months,19.24,E,E2,7 years,RENT,50000.0,Source Verified,debt_consolidation,PA,37.09,0.0,680.0,684.0,1.0,54.5,37.0,Individual,5,High Risk,Manual Review
38607803,10350.0, 36 months,18.54,E,E1,7 years,MORTGAGE,47000.0,Source Verified,debt_consolidation,AZ,30.06,0.0,690.0,694.0,2.0,49.2,14.0,Individual,5,High Risk,Manual Review
38527810,12050.0, 60 months,23.99,F,F2,,OWN,24324.0,Verified,debt_consolidation,TN,39.96,0.0,710.0,714.0,0.0,78.6,15.0,Individual,5,High Risk,Manual Review
38527693,16150.0, 60 months,19.24,E,E2,7 years,MORTGAGE,62497.0,Verified,debt_consolidation,NC,34.58,1.0,670.0,674.0,0.0,90.5,38.0,Individual,7,High Risk,Manual Review
38647780,19475.0, 60 months,20.99,E,E4,3 years,MORTGAGE,58000.0,Source Verified,debt_consolidation,FL,32.36,0.0,735.0,739.0,1.0,37.3,27.0,Individual,5,High Risk,Manual Review
38578039,16000.0, 60 months,15.99,D,D2,5 years,MORTGAGE,40000.0,Source Verified,debt_consolidation,PA,32.67,4.0,660.0,664.0,1.0,86.4,30.0,Individual,5,High Risk,Manual Review
38626161,15000.0, 60 months,19.99,E,E3,3 years,RENT,45000.0,Source Verified,debt_consolidation,MA,32.16,0.0,705.0,709.0,0.0,40.5,13.0,Individual,5,High Risk,Manual Review
38547940,10000.0, 60 months,17.86,D,D5,1 year,MORTGAGE,42000.0,Not Verified,debt_consolidation,TN,36.51,1.0,670.0,674.0,0.0,86.5,25.0,Individual,5,High Risk,Manual Review
38448045,25975.0, 60 months,22.99,F,F1,10+ years,OWN,62000.0,Source Verified,debt_consolidation,NY,30.91,0.0,690.0,694.0,0.0,46.4,27.0,Individual,5,High Risk,Manual Review
38647743,16425.0, 60 months,25.83,G,G2,9 years,MORTGAGE,53700.0,Not Verified,debt_consolidation,PA,38.3,0.0,725.0,729.0,1.0,43.1,27.0,Individual,5,High Risk,Manual Review
38598236,8425.0, 36 months,19.99,E,E3,1 year,OWN,30000.0,Not Verified,debt_consolidation,NY,34.16,3.0,660.0,664.0,2.0,86.5,31.0,Individual,7,High Risk,Manual Review
38538187,17250.0, 60 months,19.99,E,E3,1 year,OWN,40000.0,Not Verified,debt_consolidation,GA,34.44,0.0,665.0,669.0,1.0,19.1,41.0,Individual,5,High Risk,Manual Review
38558193,32950.0, 36 months,19.24,E,E2,8 years,MORTGAGE,75000.0,Verified,debt_consolidation,MI,36.08,0.0,665.0,669.0,0.0,79.7,31.0,Individual,5,High Risk,Manual Review
38518261,15025.0, 36 months,19.24,E,E2,5 years,RENT,42000.0,Source Verified,debt_consolidation,CA,36.17,1.0,660.0,664.0,1.0,69.7,27.0,Individual,6,High Risk,Manual Review
38617642,12000.0, 60 months,18.54,E,E1,2 years,RENT,36000.0,Source Verified,debt_consolidation,FL,31.77,0.0,665.0,669.0,0.0,64.2,13.0,Individual,5,High Risk,Manual Review
38468206,14700.0, 60 months,20.99,E,E4,8 years,MORTGAGE,41000.0,Source Verified,debt_consolidation,FL,31.82,0.0,670.0,674.0,1.0,62.7,14.0,Individual,5,High Risk,Manual Review
38657762,23450.0, 60 months,21.99,E,E5,10+ years,RENT,70000.0,Source Verified,debt_consolidation,TX,38.29,0.0,700.0,704.0,1.0,94.1,28.0,Individual,6,High Risk,Manual Review
38427468,14675.0, 60 months,19.24,E,E2,10+ years,MORTGAGE,65000.0,Verified,debt_consolidation,TN,32.83,0.0,690.0,694.0,2.0,53.0,40.0,Individual,5,High Risk,Manual Review
38568003,13900.0, 60 months,25.89,G,G3,2 years,RENT,28000.0,Verified,debt_consolidation,AZ,31.93,0.0,685.0,689.0,1.0,94.1,11.0,Individual,6,High Risk,Manual Review
38628094,9275.0, 36 months,24.99,F,F4,10+ years,RENT,31000.0,Source Verified,debt_consolidation,FL,34.07,0.0,690.0,694.0,0.0,26.7,16.0,Individual,5,High Risk,Manual Review
38637879,33025.0, 36 months,19.99,E,E3,10+ years,MORTGAGE,70500.0,Verified,debt_consolidation,OH,32.83,0.0,680.0,684.0,0.0,51.0,36.0,Individual,5,High Risk,Manual Review
37671397,28500.0, 60 months,18.54,E,E1,4 years,OWN,62000.0,Source Verified,debt_consolidation,IN,33.93,0.0,690.0,694.0,2.0,40.0,50.0,Individual,5,High Risk,Manual Review
38507791,20700.0, 60 months,18.54,E,E1,,MORTGAGE,45000.0,Verified,debt_consolidation,TX,32.13,0.0,720.0,724.0,3.0,50.2,56.0,Individual,5,High Risk,Manual Review
38527471,13000.0, 60 months,19.99,E,E3,2 years,RENT,36000.0,Not Verified,debt_consolidation,NC,37.1,0.0,685.0,689.0,0.0,57.3,47.0,Individual,5,High Risk,Manual Review
38537943,18000.0, 60 months,18.54,E,E1,10+ years,MORTGAGE,41000.0,Verified,credit_card,IN,36.22,0.0,685.0,689.0,0.0,53.7,34.0,Individual,5,High Risk,Manual Review
38558041,18000.0, 60 months,19.24,E,E2,6 years,RENT,48000.0,Source Verified,debt_consolidation,MD,35.43,0.0,690.0,694.0,0.0,61.6,7.0,Individual,5,High Risk,Manual Review
38527506,18450.0, 60 months,18.54,E,E1,10+ years,MORTGAGE,42000.0,Source Verified,debt_consolidation,MD,35.26,1.0,660.0,664.0,0.0,51.3,23.0,Individual,6,High Risk,Manual Review
38518130,20000.0, 60 months,18.54,E,E1,10+ years,OWN,40000.0,Source Verified,credit_card,NC,39.63,2.0,670.0,674.0,0.0,71.4,15.0,Individual,6,High Risk,Manual Review
38477906,12725.0, 60 months,25.8,G,G1,10+ years,MORTGAGE,48000.0,Source Verified,debt_consolidation,IN,31.1,4.0,665.0,669.0,3.0,63.2,35.0,Individual,6,High Risk,Manual Review
38616406,17900.0, 60 months,19.24,E,E2,9 years,OWN,45000.0,Verified,debt_consolidation,CT,28.03,1.0,685.0,689.0,1.0,90.0,21.0,Individual,5,High Risk,Manual Review
38231149,35000.0, 36 months,17.86,D,D5,10+ years,MORTGAGE,120000.0,Verified,debt_consolidation,MA,35.3,1.0,670.0,674.0,1.0,92.4,29.0,Individual,5,High Risk,Manual Review
38585297,13475.0, 36 months,19.24,E,E2,9 years,MORTGAGE,50000.0,Source Verified,debt_consolidation,KY,32.55,0.0,660.0,664.0,1.0,73.3,54.0,Individual,5,High Risk,Manual Review
38495093,9175.0, 36 months,19.24,E,E2,,RENT,22000.0,Verified,debt_consolidation,NY,37.21,0.0,670.0,674.0,0.0,33.6,33.0,Individual,5,High Risk,Manual Review
38504894,15075.0, 60 months,19.24,E,E2,10+ years,RENT,43000.0,Verified,credit_card,MO,39.77,0.0,685.0,689.0,0.0,90.2,24.0,Individual,6,High Risk,Manual Review
38497593,32625.0, 36 months,20.99,E,E4,10+ years,MORTGAGE,93500.0,Verified,debt_consolidation,TN,35.36,0.0,665.0,669.0,0.0,95.2,23.0,Individual,6,High Risk,Manual Review
38587685,35000.0, 60 months,18.54,E,E1,5 years,RENT,93000.0,Source Verified,credit_card,CA,33.15,0.0,660.0,664.0,1.0,68.7,49.0,Individual,5,High Risk,Manual Review
38527039,26375.0, 60 months,21.99,E,E5,10+ years,RENT,60000.0,Source Verified,debt_consolidation,FL,37.86,0.0,700.0,704.0,1.0,65.6,28.0,Individual,5,High Risk,Manual Review
38496122,17575.0, 36 months,23.99,F,F2,10+ years,OWN,49000.0,Source Verified,debt_consolidation,TN,33.44,0.0,660.0,664.0,0.0,87.8,41.0,Individual,6,High Risk,Manual Review
38596517,8000.0, 36 months,19.24,E,E2,2 years,RENT,27000.0,Source Verified,debt_consolidation,TX,37.47,0.0,670.0,674.0,0.0,68.1,11.0,Individual,5,High Risk,Manual Review
38416483,7775.0, 36 months,19.99,E,E3,4 years,RENT,36000.0,Verified,debt_consolidation,GA,33.33,0.0,680.0,684.0,1.0,77.7,37.0,Individual,5,High Risk,Manual Review
38567851,3975.0, 36 months,20.99,E,E4,10+ years,MORTGAGE,20000.0,Not Verified,debt_consolidation,FL,39.62,0.0,660.0,664.0,0.0,56.1,13.0,Individual,5,High Risk,Manual Review
38567824,10475.0, 36 months,18.54,E,E1,,MORTGAGE,29300.0,Verified,debt_consolidation,TN,37.57,1.0,675.0,679.0,0.0,56.6,29.0,Individual,6,High Risk,Manual Review
38557815,29975.0, 60 months,19.99,E,E3,10+ years,MORTGAGE,60000.0,Source Verified,credit_card,MI,32.1,0.0,730.0,734.0,1.0,71.3,36.0,Individual,5,High Risk,Manual Review
38637611,32500.0, 60 months,20.99,E,E4,< 1 year,MORTGAGE,65000.0,Verified,debt_consolidation,LA,33.33,0.0,710.0,714.0,0.0,33.4,28.0,Individual,5,High Risk,Manual Review
38656133,14450.0, 60 months,20.99,E,E4,3 years,MORTGAGE,51000.0,Verified,debt_consolidation,MD,32.05,1.0,665.0,669.0,1.0,33.7,63.0,Individual,6,High Risk,Manual Review
38647354,16625.0, 60 months,19.99,E,E3,7 years,OWN,38000.0,Source Verified,credit_card,PA,36.2,1.0,700.0,704.0,1.0,84.1,16.0,Individual,7,High Risk,Manual Review
38515965,14250.0, 60 months,22.99,F,F1,1 year,MORTGAGE,55300.0,Source Verified,debt_consolidation,AR,34.53,0.0,665.0,669.0,1.0,44.6,23.0,Individual,5,High Risk,Manual Review
38437515,20950.0, 36 months,20.99,E,E4,6 years,MORTGAGE,42000.0,Verified,debt_consolidation,IN,39.11,0.0,700.0,704.0,0.0,45.2,12.0,Individual,5,High Risk,Manual Review
38557841,15050.0, 60 months,22.99,F,F1,8 years,MORTGAGE,36000.0,Source Verified,debt_consolidation,NC,31.83,1.0,660.0,664.0,1.0,55.4,32.0,Individual,6,High Risk,Manual Review
38608152,25975.0, 60 months,22.99,F,F1,< 1 year,MORTGAGE,52000.0,Source Verified,debt_consolidation,OH,8.83,2.0,670.0,674.0,1.0,86.6,17.0,Individual,5,High Risk,Manual Review
38477329,12000.0, 36 months,19.24,E,E2,10+ years,MORTGAGE,60000.0,Not Verified,debt_consolidation,FL,30.66,1.0,680.0,684.0,0.0,62.5,35.0,Individual,6,High Risk,Manual Review
38608261,19700.0, 36 months,21.99,E,E5,2 years,OWN,49400.0,Verified,credit_card,VA,38.36,0.0,660.0,664.0,4.0,51.0,34.0,Individual,5,High Risk,Manual Review
38567656,32000.0, 60 months,19.24,E,E2,10+ years,MORTGAGE,110000.0,Verified,debt_consolidation,GA,22.19,3.0,660.0,664.0,0.0,87.1,34.0,Individual,5,High Risk,Manual Review
38495196,25000.0, 60 months,20.99,E,E4,8 years,MORTGAGE,100000.0,Verified,debt_consolidation,FL,30.45,0.0,685.0,689.0,1.0,77.6,32.0,Individual,5,High Risk,Manual Review
38537039,3850.0, 36 months,18.54,E,E1,8 years,MORTGAGE,29000.0,Not Verified,debt_consolidation,TX,34.02,0.0,690.0,694.0,1.0,60.5,22.0,Individual,5,High Risk,Manual Review
38211833,16000.0, 60 months,15.59,D,D1,10+ years,RENT,35000.0,Source Verified,debt_consolidation,CA,33.61,1.0,660.0,664.0,1.0,80.2,23.0,Individual,5,High Risk,Manual Review
38467761,30000.0, 60 months,21.99,E,E5,1 year,MORTGAGE,71000.0,Verified,debt_consolidation,PA,33.47,0.0,660.0,664.0,0.0,73.6,32.0,Individual,5,High Risk,Manual Review
26909471,15825.0, 36 months,22.99,F,F1,5 years,RENT,38000.0,Verified,debt_consolidation,MD,36.32,0.0,670.0,674.0,0.0,68.1,13.0,Individual,5,High Risk,Manual Review
38527156,15000.0, 36 months,20.99,E,E4,7 years,RENT,44754.0,Verified,debt_consolidation,MD,31.5,0.0,680.0,684.0,4.0,69.3,30.0,Individual,5,High Risk,Manual Review
38557533,16150.0, 60 months,18.54,E,E1,3 years,RENT,45000.0,Source Verified,debt_consolidation,AZ,32.72,0.0,700.0,704.0,1.0,95.7,26.0,Individual,6,High Risk,Manual Review
38697619,12000.0, 60 months,18.54,E,E1,5 years,MORTGAGE,49000.0,Not Verified,debt_consolidation,OH,39.97,1.0,660.0,664.0,0.0,48.4,49.0,Individual,6,High Risk,Manual Review
38697617,15600.0, 60 months,18.54,E,E1,8 years,RENT,45000.0,Verified,debt_consolidation,WA,31.15,0.0,690.0,694.0,2.0,45.6,25.0,Individual,5,High Risk,Manual Review
38437301,33825.0, 60 months,22.99,F,F1,3 years,MORTGAGE,98000.0,Verified,credit_card,IL,32.22,0.0,680.0,684.0,1.0,97.7,56.0,Individual,6,High Risk,Manual Review
38617141,20000.0, 60 months,19.24,E,E2,10+ years,MORTGAGE,60000.0,Source Verified,debt_consolidation,IL,35.1,0.0,695.0,699.0,2.0,95.9,29.0,Individual,6,High Risk,Manual Review
37897413,11950.0, 60 months,24.5,F,F3,4 years,OWN,50000.0,Verified,other,CA,32.17,0.0,665.0,669.0,0.0,54.0,21.0,Individual,5,High Risk,Manual Review
38567403,14400.0, 60 months,21.99,E,E5,< 1 year,OWN,48000.0,Source Verified,debt_consolidation,IL,7.27,1.0,665.0,669.0,0.0,82.3,13.0,Individual,5,High Risk,Manual Review
38577304,19200.0, 60 months,19.24,E,E2,,MORTGAGE,62000.0,Verified,debt_consolidation,NY,25.3,1.0,675.0,679.0,1.0,85.3,21.0,Individual,5,High Risk,Manual Review
38617189,26400.0, 60 months,19.24,E,E2,10+ years,MORTGAGE,60000.0,Source Verified,credit_card,IL,27.3,1.0,675.0,679.0,2.0,86.1,32.0,Individual,5,High Risk,Manual Review
38627505,21925.0, 60 months,19.24,E,E2,< 1 year,MORTGAGE,55000.0,Source Verified,debt_consolidation,IL,36.7,2.0,675.0,679.0,0.0,48.6,31.0,Individual,6,High Risk,Manual Review
38447610,30625.0, 60 months,22.99,F,F1,10+ years,MORTGAGE,62400.0,Verified,debt_consolidation,MI,38.1,1.0,685.0,689.0,0.0,69.0,50.0,Individual,6,High Risk,Manual Review
38467464,6875.0, 36 months,18.54,E,E1,1 year,RENT,30000.0,Source Verified,debt_consolidation,TX,39.7,0.0,680.0,684.0,1.0,85.8,33.0,Individual,6,High Risk,Manual Review
38477285,25000.0, 60 months,21.99,E,E5,10+ years,MORTGAGE,78000.0,Verified,debt_consolidation,NY,9.74,3.0,660.0,664.0,0.0,86.8,14.0,Individual,5,High Risk,Manual Review
38497156,14025.0, 60 months,22.99,F,F1,5 years,MORTGAGE,110000.0,Source Verified,debt_consolidation,VA,23.14,1.0,660.0,664.0,2.0,88.1,23.0,Individual,5,High Risk,Manual Review
38607910,30000.0, 60 months,22.99,F,F1,6 years,RENT,98000.0,Verified,debt_consolidation,NY,35.97,0.0,670.0,674.0,0.0,61.9,41.0,Individual,5,High Risk,Manual Review
38426808,3000.0, 36 months,19.99,E,E3,7 years,MORTGAGE,65795.0,Verified,other,TX,35.46,0.0,665.0,669.0,2.0,27.4,47.0,Individual,5,High Risk,Manual Review
38526818,8450.0, 36 months,21.99,E,E5,10+ years,MORTGAGE,40000.0,Source Verified,debt_consolidation,NY,38.46,0.0,665.0,669.0,2.0,50.9,22.0,Individual,5,High Risk,Manual Review
38557330,19750.0, 60 months,21.99,E,E5,10+ years,RENT,62000.0,Verified,debt_consolidation,NC,36.3,0.0,670.0,674.0,0.0,52.6,32.0,Individual,5,High Risk,Manual Review
38426858,20000.0, 60 months,20.99,E,E4,9 years,MORTGAGE,40000.0,Source Verified,debt_consolidation,NY,37.59,0.0,660.0,664.0,0.0,58.0,34.0,Individual,5,High Risk,Manual Review
38496633,32000.0, 60 months,19.24,E,E2,10+ years,RENT,82000.0,Verified,debt_consolidation,TX,31.0,0.0,665.0,669.0,1.0,75.0,51.0,Individual,5,High Risk,Manual Review
38577155,4625.0, 36 months,18.54,E,E1,1 year,MORTGAGE,33144.34,Not Verified,debt_consolidation,TN,33.89,0.0,680.0,684.0,0.0,98.1,16.0,Individual,6,High Risk,Manual Review
38494425,13375.0, 60 months,19.24,E,E2,10+ years,OWN,32000.0,Not Verified,debt_consolidation,TN,31.4,0.0,685.0,689.0,1.0,64.0,49.0,Individual,5,High Risk,Manual Review
38415061,2400.0, 36 months,19.24,E,E2,10+ years,RENT,48214.4,Source Verified,debt_consolidation,TX,32.61,0.0,695.0,699.0,0.0,38.0,13.0,Individual,5,High Risk,Manual Review
38597148,28000.0, 60 months,19.24,E,E2,< 1 year,RENT,120000.0,Source Verified,debt_consolidation,TX,31.41,0.0,675.0,679.0,0.0,90.7,31.0,Individual,6,High Risk,Manual Review
38616695,8325.0, 36 months,20.99,E,E4,10+ years,OWN,30030.0,Not Verified,debt_consolidation,SD,39.86,2.0,680.0,684.0,1.0,56.3,48.0,Individual,6,High Risk,Manual Review
38456861,7675.0, 36 months,20.99,E,E4,,OWN,24000.0,Verified,credit_card,TX,31.0,0.0,685.0,689.0,1.0,101.2,24.0,Individual,6,High Risk,Manual Review
38566894,2150.0, 36 months,25.83,G,G2,< 1 year,RENT,36000.0,Verified,debt_consolidation,GA,36.89,0.0,665.0,669.0,2.0,55.8,13.0,Individual,5,High Risk,Manual Review
38606997,8425.0, 36 months,19.24,E,E2,,MORTGAGE,24996.0,Verified,debt_consolidation,MI,27.7,1.0,665.0,669.0,1.0,95.8,14.0,Individual,5,High Risk,Manual Review
38586892,11950.0, 60 months,24.5,F,F3,10+ years,RENT,40000.0,Verified,debt_consolidation,MA,32.58,0.0,690.0,694.0,2.0,77.9,28.0,Individual,5,High Risk,Manual Review
38616611,12075.0, 36 months,18.54,E,E1,,RENT,28764.0,Verified,debt_consolidation,IN,36.8,0.0,660.0,664.0,1.0,65.5,53.0,Individual,5,High Risk,Manual Review
38576745,22600.0, 60 months,18.54,E,E1,2 years,MORTGAGE,61500.0,Source Verified,debt_consolidation,FL,30.01,0.0,675.0,679.0,0.0,101.7,26.0,Individual,6,High Risk,Manual Review
38616553,18000.0, 60 months,16.49,D,D3,6 years,RENT,39000.0,Source Verified,credit_card,VT,31.23,2.0,660.0,664.0,0.0,89.4,26.0,Individual,5,High Risk,Manual Review
38536611,24125.0, 60 months,18.54,E,E1,10+ years,OWN,55000.0,Source Verified,debt_consolidation,PA,38.45,1.0,690.0,694.0,1.0,42.2,45.0,Individual,6,High Risk,Manual Review
38596054,20000.0, 60 months,20.99,E,E4,10+ years,MORTGAGE,113000.0,Verified,credit_card,NJ,12.1,2.0,665.0,669.0,1.0,95.2,27.0,Individual,5,High Risk,Manual Review
38576643,35000.0, 36 months,18.54,E,E1,10+ years,OWN,80000.0,Verified,debt_consolidation,CA,35.99,0.0,715.0,719.0,1.0,65.2,20.0,Individual,5,High Risk,Manual Review
38476689,20900.0, 60 months,18.54,E,E1,10+ years,RENT,50000.0,Verified,debt_consolidation,NY,36.65,0.0,660.0,664.0,0.0,98.8,20.0,Individual,6,High Risk,Manual Review
38506861,15000.0, 60 months,19.24,E,E2,3 years,MORTGAGE,155000.0,Source Verified,debt_consolidation,NY,11.32,2.0,675.0,679.0,2.0,86.6,33.0,Individual,5,High Risk,Manual Review
38476812,10350.0, 60 months,19.99,E,E3,< 1 year,MORTGAGE,55000.0,Source Verified,debt_consolidation,AZ,37.64,1.0,680.0,684.0,0.0,35.3,35.0,Individual,6,High Risk,Manual Review
38496599,9050.0, 36 months,22.99,F,F1,2 years,RENT,24000.0,Source Verified,credit_card,OH,37.3,0.0,695.0,699.0,0.0,43.6,13.0,Individual,5,High Risk,Manual Review
38496311,19475.0, 36 months,21.99,E,E5,5 years,RENT,90000.0,Verified,vacation,VA,37.24,0.0,660.0,664.0,2.0,87.3,34.0,Individual,6,High Risk,Manual Review
38616380,7850.0, 36 months,19.99,E,E3,10+ years,MORTGAGE,58000.0,Source Verified,debt_consolidation,GA,31.0,0.0,670.0,674.0,0.0,88.7,15.0,Individual,6,High Risk,Manual Review
38415427,26250.0, 60 months,18.54,E,E1,10+ years,MORTGAGE,72000.0,Source Verified,debt_consolidation,NH,34.88,0.0,700.0,704.0,0.0,76.6,33.0,Individual,5,High Risk,Manual Review
38415079,6925.0, 36 months,18.54,E,E1,2 years,RENT,40000.0,Source Verified,debt_consolidation,CA,2.4,4.0,665.0,669.0,1.0,86.7,25.0,Individual,5,High Risk,Manual Review
38615756,23925.0, 60 months,24.99,F,F4,10+ years,MORTGAGE,57000.0,Verified,debt_consolidation,FL,34.08,0.0,660.0,664.0,0.0,84.9,25.0,Individual,6,High Risk,Manual Review
38496185,9975.0, 36 months,17.86,D,D5,10+ years,OWN,25000.0,Source Verified,debt_consolidation,MA,32.69,1.0,695.0,699.0,1.0,104.4,8.0,Individual,5,High Risk,Manual Review
38586756,35000.0, 60 months,25.83,G,G2,4 years,RENT,126000.0,Verified,debt_consolidation,CA,30.53,1.0,665.0,669.0,2.0,38.4,29.0,Individual,6,High Risk,Manual Review
38656386,3275.0, 36 months,18.54,E,E1,< 1 year,RENT,11000.0,Not Verified,debt_consolidation,MI,33.62,0.0,670.0,674.0,0.0,81.7,14.0,Individual,6,High Risk,Manual Review
38555932,25000.0, 60 months,18.54,E,E1,,MORTGAGE,53976.0,Verified,debt_consolidation,MD,39.4,0.0,670.0,674.0,0.0,58.6,37.0,Individual,5,High Risk,Manual Review
38476503,13150.0, 60 months,18.54,E,E1,3 years,RENT,30000.0,Verified,debt_consolidation,PA,30.92,2.0,685.0,689.0,1.0,93.5,33.0,Individual,7,High Risk,Manual Review
38576317,16200.0, 60 months,25.57,F,F5,10+ years,OWN,45270.0,Not Verified,debt_consolidation,NM,16.6,2.0,675.0,679.0,0.0,93.6,17.0,Individual,5,High Risk,Manual Review
38425933,14975.0, 36 months,21.99,E,E5,< 1 year,RENT,50000.0,Verified,debt_consolidation,GA,35.57,0.0,680.0,684.0,1.0,78.4,40.0,Individual,5,High Risk,Manual Review
38636409,19950.0, 36 months,19.99,E,E3,7 years,MORTGAGE,50000.0,Not Verified,other,MS,30.32,2.0,680.0,684.0,0.0,72.0,28.0,Individual,6,High Risk,Manual Review
38566343,10975.0, 60 months,25.8,G,G1,5 years,RENT,30600.0,Verified,debt_consolidation,CA,32.86,0.0,715.0,719.0,0.0,59.3,8.0,Individual,5,High Risk,Manual Review
38486333,11700.0, 60 months,20.99,E,E4,10+ years,OWN,36500.0,Verified,debt_consolidation,AL,32.49,0.0,660.0,664.0,1.0,32.4,28.0,Individual,5,High Risk,Manual Review
38506265,28375.0, 60 months,20.99,E,E4,10+ years,MORTGAGE,85700.0,Source Verified,home_improvement,WA,15.15,4.0,665.0,669.0,2.0,83.7,23.0,Individual,5,High Risk,Manual Review
38516456,28200.0, 60 months,19.99,E,E3,2 years,MORTGAGE,65000.0,Source Verified,credit_card,KS,38.79,0.0,665.0,669.0,0.0,60.9,31.0,Individual,5,High Risk,Manual Review
38586412,12000.0, 60 months,19.24,E,E2,10+ years,MORTGAGE,68000.0,Not Verified,debt_consolidation,NC,38.72,0.0,670.0,674.0,1.0,69.7,32.0,Individual,5,High Risk,Manual Review
38526040,18700.0, 60 months,25.57,F,F5,10+ years,MORTGAGE,78000.0,Not Verified,credit_card,AL,31.45,2.0,670.0,674.0,1.0,56.0,27.0,Individual,6,High Risk,Manual Review
38446181,24000.0, 60 months,18.54,E,E1,10+ years,MORTGAGE,60000.0,Source Verified,debt_consolidation,GA,14.66,1.0,670.0,674.0,1.0,83.9,20.0,Individual,5,High Risk,Manual Review
38516380,10000.0, 60 months,19.24,E,E2,1 year,MORTGAGE,36000.0,Source Verified,debt_consolidation,OH,38.7,0.0,665.0,669.0,1.0,43.2,23.0,Individual,5,High Risk,Manual Review
38466235,15000.0, 36 months,19.99,E,E3,2 years,MORTGAGE,45000.0,Verified,home_improvement,FL,31.65,0.0,660.0,664.0,2.0,3.1,40.0,Individual,5,High Risk,Manual Review
38466250,20050.0, 60 months,23.99,F,F2,4 years,MORTGAGE,50000.0,Verified,debt_consolidation,AR,31.66,0.0,680.0,684.0,2.0,87.1,45.0,Individual,6,High Risk,Manual Review
38466186,15725.0, 60 months,18.54,E,E1,2 years,RENT,35800.0,Source Verified,credit_card,WI,30.77,0.0,700.0,704.0,2.0,67.6,15.0,Individual,5,High Risk,Manual Review
38616168,12275.0, 60 months,24.5,F,F3,10+ years,OWN,38000.0,Source Verified,other,NC,32.75,0.0,665.0,669.0,1.0,35.1,34.0,Individual,5,High Risk,Manual Review
38555588,10725.0, 36 months,23.99,F,F2,1 year,RENT,36000.0,Source Verified,debt_consolidation,AZ,39.86,0.0,690.0,694.0,0.0,48.0,19.0,Individual,5,High Risk,Manual Review
38546035,35000.0, 60 months,18.54,E,E1,10+ years,MORTGAGE,100000.0,Verified,debt_consolidation,WA,36.06,0.0,675.0,679.0,1.0,89.5,46.0,Individual,6,High Risk,Manual Review
37831508,18275.0, 60 months,25.8,G,G1,8 years,RENT,62000.0,Verified,debt_consolidation,IL,30.39,0.0,695.0,699.0,2.0,57.0,30.0,Individual,5,High Risk,Manual Review
38272354,10150.0, 60 months,24.99,F,F4,1 year,MORTGAGE,30000.0,Source Verified,debt_consolidation,WV,31.08,0.0,690.0,694.0,1.0,54.0,22.0,Individual,5,High Risk,Manual Review
38576021,11400.0, 36 months,22.99,F,F1,10+ years,RENT,37000.0,Verified,debt_consolidation,FL,33.73,0.0,705.0,709.0,0.0,50.3,22.0,Individual,5,High Risk,Manual Review
38414783,15100.0, 60 months,19.24,E,E2,< 1 year,MORTGAGE,55000.0,Source Verified,credit_card,MO,36.02,0.0,700.0,704.0,1.0,43.3,14.0,Individual,5,High Risk,Manual Review
38606303,15325.0, 60 months,18.54,E,E1,4 years,MORTGAGE,35000.0,Source Verified,debt_consolidation,TN,36.49,0.0,680.0,684.0,0.0,61.5,21.0,Individual,5,High Risk,Manual Review
38615927,24250.0, 60 months,20.99,E,E4,10+ years,RENT,65000.0,Verified,debt_consolidation,NJ,33.77,0.0,665.0,669.0,0.0,76.1,44.0,Individual,5,High Risk,Manual Review
38565965,10000.0, 36 months,17.86,D,D5,10+ years,MORTGAGE,80000.0,Verified,debt_consolidation,CA,32.21,1.0,670.0,674.0,4.0,97.4,35.0,Individual,5,High Risk,Manual Review
38506040,35000.0, 60 months,19.24,E,E2,10+ years,MORTGAGE,96000.0,Verified,credit_card,MN,21.95,3.0,665.0,669.0,1.0,87.0,23.0,Individual,5,High Risk,Manual Review
38436207,5950.0, 36 months,19.99,E,E3,< 1 year,MORTGAGE,32000.0,Verified,debt_consolidation,OH,36.57,0.0,670.0,674.0,3.0,78.3,24.0,Individual,5,High Risk,Manual Review
38616006,22000.0, 60 months,18.54,E,E1,10+ years,OWN,55000.0,Source Verified,credit_card,KY,33.47,0.0,670.0,674.0,1.0,84.1,32.0,Individual,6,High Risk,Manual Review
38485781,13375.0, 60 months,25.57,F,F5,10+ years,RENT,63000.0,Source Verified,debt_consolidation,WA,30.21,0.0,665.0,669.0,3.0,72.3,23.0,Individual,5,High Risk,Manual Review
38615739,35000.0, 60 months,19.24,E,E2,9 years,MORTGAGE,100000.0,Verified,debt_consolidation,FL,33.71,1.0,660.0,664.0,2.0,73.6,53.0,Individual,6,High Risk,Manual Review
38515841,27650.0, 36 months,21.99,E,E5,10+ years,MORTGAGE,86500.0,Verified,debt_consolidation,MD,26.37,1.0,665.0,669.0,1.0,91.9,35.0,Individual,5,High Risk,Manual Review
38484167,12000.0, 60 months,18.54,E,E1,8 years,MORTGAGE,55000.0,Source Verified,debt_consolidation,IN,33.43,0.0,665.0,669.0,1.0,44.9,20.0,Individual,5,High Risk,Manual Review
38425803,6775.0, 36 months,18.54,E,E1,2 years,MORTGAGE,19000.0,Not Verified,debt_consolidation,SC,36.51,0.0,680.0,684.0,0.0,45.5,36.0,Individual,5,High Risk,Manual Review
38574283,26050.0, 60 months,25.57,F,F5,2 years,RENT,79500.0,Verified,credit_card,NJ,37.27,0.0,665.0,669.0,1.0,45.2,24.0,Individual,5,High Risk,Manual Review
38505651,14000.0, 60 months,19.24,E,E2,8 years,RENT,49000.0,Verified,debt_consolidation,WA,31.91,0.0,675.0,679.0,3.0,78.0,28.0,Individual,5,High Risk,Manual Review
38565811,11625.0, 60 months,20.99,E,E4,7 years,MORTGAGE,80000.0,Verified,debt_consolidation,NY,33.57,0.0,700.0,704.0,0.0,90.0,19.0,Individual,6,High Risk,Manual Review
38161823,7775.0, 36 months,18.54,E,E1,10+ years,MORTGAGE,36000.0,Source Verified,home_improvement,MN,32.53,0.0,685.0,689.0,0.0,48.3,17.0,Individual,5,High Risk,Manual Review
38455736,18000.0, 60 months,19.99,E,E3,4 years,MORTGAGE,48000.0,Verified,credit_card,KY,32.28,0.0,685.0,689.0,2.0,82.6,31.0,Individual,6,High Risk,Manual Review
38465876,19475.0, 60 months,21.99,E,E5,4 years,MORTGAGE,48934.0,Verified,debt_consolidation,AR,38.9,0.0,695.0,699.0,1.0,52.1,41.0,Individual,5,High Risk,Manual Review
38625916,11850.0, 60 months,20.99,E,E4,10+ years,RENT,65000.0,Not Verified,credit_card,NY,31.43,0.0,670.0,674.0,0.0,49.5,48.0,Individual,5,High Risk,Manual Review
38565550,24700.0, 60 months,19.24,E,E2,10+ years,MORTGAGE,65000.0,Source Verified,debt_consolidation,WA,18.46,2.0,670.0,674.0,0.0,100.5,10.0,Individual,5,High Risk,Manual Review
38635642,30000.0, 60 months,18.54,E,E1,10+ years,RENT,98000.0,Verified,debt_consolidation,VA,34.62,1.0,695.0,699.0,2.0,97.2,77.0,Individual,7,High Risk,Manual Review
38445791,28775.0, 60 months,22.99,F,F1,10+ years,RENT,100000.0,Source Verified,debt_consolidation,CA,31.85,0.0,680.0,684.0,1.0,78.2,42.0,Individual,5,High Risk,Manual Review
38575663,13050.0, 60 months,19.99,E,E3,6 years,MORTGAGE,43000.0,Source Verified,car,OK,36.98,0.0,695.0,699.0,2.0,78.1,23.0,Individual,5,High Risk,Manual Review
38414454,5375.0, 36 months,18.54,E,E1,7 years,OWN,15000.0,Source Verified,debt_consolidation,NJ,39.2,0.0,715.0,719.0,1.0,41.3,7.0,Individual,5,High Risk,Manual Review
38455529,28000.0, 60 months,19.24,E,E2,2 years,RENT,74000.0,Source Verified,credit_card,CA,22.79,1.0,670.0,674.0,1.0,88.8,23.0,Individual,5,High Risk,Manual Review
38655669,5000.0, 36 months,19.99,E,E3,10+ years,RENT,37500.0,Verified,renewable_energy,WI,33.15,0.0,660.0,664.0,1.0,78.0,20.0,Individual,5,High Risk,Manual Review
38545617,15700.0, 60 months,20.99,E,E4,10+ years,MORTGAGE,50000.0,Not Verified,debt_consolidation,OH,31.83,0.0,700.0,704.0,0.0,48.2,28.0,Individual,5,High Risk,Manual Review
38414429,5975.0, 36 months,20.99,E,E4,7 years,RENT,20000.0,Source Verified,debt_consolidation,FL,31.03,0.0,680.0,684.0,0.0,85.5,45.0,Individual,6,High Risk,Manual Review
38595772,23050.0, 60 months,20.99,E,E4,10+ years,RENT,59000.0,Source Verified,debt_consolidation,CA,37.41,0.0,675.0,679.0,1.0,62.0,32.0,Individual,5,High Risk,Manual Review
38625615,12000.0, 36 months,17.86,D,D5,< 1 year,MORTGAGE,55000.0,Verified,debt_consolidation,KY,35.72,1.0,660.0,664.0,2.0,92.7,30.0,Individual,5,High Risk,Manual Review
38565510,35000.0, 60 months,26.06,G,G5,10+ years,MORTGAGE,110000.0,Verified,debt_consolidation,IL,27.1,1.0,670.0,674.0,0.0,85.6,68.0,Individual,5,High Risk,Manual Review
38595384,14975.0, 36 months,19.99,E,E3,10+ years,MORTGAGE,70000.0,Verified,debt_consolidation,CA,31.85,0.0,665.0,669.0,1.0,46.3,35.0,Individual,5,High Risk,Manual Review
38555489,35000.0, 60 months,20.99,E,E4,< 1 year,MORTGAGE,101000.0,Verified,debt_consolidation,IN,31.9,0.0,665.0,669.0,2.0,85.2,42.0,Individual,6,High Risk,Manual Review
38515000,24250.0, 60 months,18.54,E,E1,10+ years,MORTGAGE,110000.0,Verified,other,CA,34.97,0.0,680.0,684.0,0.0,38.5,50.0,Individual,5,High Risk,Manual Review
38152306,21000.0, 60 months,22.99,F,F1,2 years,RENT,45000.0,Source Verified,debt_consolidation,FL,34.32,0.0,685.0,689.0,1.0,75.5,42.0,Individual,5,High Risk,Manual Review
38475476,15325.0, 36 months,19.24,E,E2,2 years,MORTGAGE,60000.0,Source Verified,debt_consolidation,MS,31.52,0.0,675.0,679.0,0.0,32.6,8.0,Individual,5,High Risk,Manual Review
38414180,26050.0, 60 months,19.99,E,E3,10+ years,MORTGAGE,61000.0,Source Verified,debt_consolidation,NH,30.43,0.0,675.0,679.0,0.0,70.4,41.0,Individual,5,High Risk,Manual Review
38495480,35000.0, 60 months,15.99,D,D2,10+ years,RENT,90000.0,Verified,debt_consolidation,CA,30.53,3.0,670.0,674.0,0.0,92.5,44.0,Individual,5,High Risk,Manual Review
38625589,35000.0, 60 months,20.99,E,E4,10+ years,RENT,137000.0,Verified,debt_consolidation,CA,16.67,1.0,665.0,669.0,0.0,86.0,34.0,Individual,5,High Risk,Manual Review
38445352,35000.0, 60 months,24.5,F,F3,7 years,RENT,100000.0,Verified,debt_consolidation,LA,33.84,0.0,700.0,704.0,1.0,85.8,36.0,Individual,6,High Risk,Manual Review
38455222,21025.0, 60 months,19.24,E,E2,8 years,MORTGAGE,48000.0,Verified,debt_consolidation,KS,36.98,0.0,680.0,684.0,3.0,90.7,60.0,Individual,6,High Risk,Manual Review
38635640,15275.0, 60 months,19.99,E,E3,10+ years,MORTGAGE,44000.0,Not Verified,debt_consolidation,AR,36.52,0.0,700.0,704.0,1.0,93.4,16.0,Individual,6,High Risk,Manual Review
38535306,12725.0, 60 months,19.99,E,E3,4 years,MORTGAGE,34200.0,Verified,debt_consolidation,VA,30.6,0.0,660.0,664.0,0.0,84.8,35.0,Individual,6,High Risk,Manual Review
38515319,12000.0, 36 months,21.99,E,E5,3 years,RENT,55000.0,Source Verified,other,CA,30.5,0.0,690.0,694.0,1.0,35.1,17.0,Individual,5,High Risk,Manual Review
38505289,18275.0, 60 months,19.99,E,E3,< 1 year,RENT,41600.0,Source Verified,debt_consolidation,CA,34.33,0.0,715.0,719.0,0.0,46.2,43.0,Individual,5,High Risk,Manual Review
38565412,10525.0, 36 months,18.54,E,E1,5 years,MORTGAGE,31000.0,Source Verified,other,CA,33.68,0.0,670.0,674.0,0.0,52.7,21.0,Individual,5,High Risk,Manual Review
38515367,12775.0, 60 months,18.54,E,E1,9 years,MORTGAGE,37800.0,Source Verified,debt_consolidation,NC,32.06,0.0,710.0,714.0,1.0,78.2,34.0,Individual,5,High Risk,Manual Review
38485194,14900.0, 60 months,21.99,E,E5,4 years,MORTGAGE,34000.0,Source Verified,debt_consolidation,WV,39.5,0.0,705.0,709.0,0.0,41.0,24.0,Individual,5,High Risk,Manual Review
38515276,24000.0, 60 months,18.54,E,E1,10+ years,MORTGAGE,98052.0,Source Verified,credit_card,IN,14.98,2.0,675.0,679.0,1.0,98.8,34.0,Individual,5,High Risk,Manual Review
38535210,20000.0, 60 months,19.24,E,E2,3 years,MORTGAGE,50000.0,Verified,debt_consolidation,OH,37.95,0.0,665.0,669.0,3.0,66.1,55.0,Individual,5,High Risk,Manual Review
38455075,22950.0, 60 months,23.99,F,F2,10+ years,MORTGAGE,70775.4,Verified,debt_consolidation,NY,39.52,0.0,665.0,669.0,3.0,78.7,46.0,Individual,5,High Risk,Manual Review
38505266,25000.0, 60 months,19.99,E,E3,10+ years,MORTGAGE,135000.0,Verified,debt_consolidation,IL,31.63,0.0,660.0,664.0,2.0,82.1,50.0,Individual,6,High Risk,Manual Review
38454903,8975.0, 36 months,24.5,F,F3,3 years,MORTGAGE,25000.0,Verified,debt_consolidation,NC,35.53,0.0,755.0,759.0,1.0,0.0,16.0,Individual,5,High Risk,Manual Review
38435093,14350.0, 60 months,20.99,E,E4,4 years,RENT,32640.0,Source Verified,credit_card,CA,31.8,0.0,705.0,709.0,1.0,49.0,13.0,Individual,5,High Risk,Manual Review
38655098,11200.0, 60 months,18.54,E,E1,2 years,RENT,30000.0,Source Verified,other,CA,32.44,0.0,675.0,679.0,2.0,28.9,20.0,Individual,5,High Risk,Manual Review
38465134,22000.0, 60 months,19.24,E,E2,10+ years,RENT,44103.0,Verified,debt_consolidation,AL,38.97,0.0,700.0,704.0,0.0,90.0,31.0,Individual,6,High Risk,Manual Review
38575164,35000.0, 36 months,21.99,E,E5,10+ years,MORTGAGE,125000.0,Verified,credit_card,SC,31.54,0.0,685.0,689.0,0.0,74.7,61.0,Individual,5,High Risk,Manual Review
38475045,35000.0, 60 months,19.24,E,E2,9 years,MORTGAGE,100000.0,Verified,debt_consolidation,TX,27.1,2.0,660.0,664.0,0.0,92.3,34.0,Individual,5,High Risk,Manual Review
38555034,25200.0, 60 months,19.24,E,E2,10+ years,MORTGAGE,78000.0,Source Verified,debt_consolidation,NV,39.71,0.0,715.0,719.0,0.0,82.8,17.0,Individual,6,High Risk,Manual Review
38604985,23700.0, 60 months,17.86,D,D5,9 years,MORTGAGE,56000.0,Source Verified,debt_consolidation,NY,37.76,1.0,680.0,684.0,0.0,89.3,35.0,Individual,5,High Risk,Manual Review
38445026,20000.0, 60 months,18.54,E,E1,4 years,RENT,91000.0,Verified,debt_consolidation,CA,36.07,0.0,675.0,679.0,1.0,93.6,31.0,Individual,6,High Risk,Manual Review
38594944,13800.0, 60 months,19.24,E,E2,< 1 year,RENT,38400.0,Not Verified,debt_consolidation,OR,34.0,0.0,670.0,674.0,0.0,79.7,62.0,Individual,5,High Risk,Manual Review
38654958,14450.0, 36 months,19.24,E,E2,1 year,RENT,40417.0,Source Verified,debt_consolidation,LA,34.38,0.0,665.0,669.0,0.0,93.5,28.0,Individual,6,High Risk,Manual Review
38564936,26425.0, 60 months,19.24,E,E2,10+ years,MORTGAGE,72000.0,Source Verified,debt_consolidation,SC,31.83,0.0,690.0,694.0,0.0,87.2,33.0,Individual,6,High Risk,Manual Review
38634902,35000.0, 36 months,19.99,E,E3,3 years,MORTGAGE,106800.0,Verified,debt_consolidation,HI,15.25,1.0,665.0,669.0,0.0,92.0,18.0,Individual,5,High Risk,Manual Review
38574629,10500.0, 60 months,18.54,E,E1,1 year,MORTGAGE,52000.0,Verified,medical,UT,32.99,0.0,795.0,799.0,3.0,5.3,38.0,Individual,5,High Risk,Manual Review
38534746,13100.0, 60 months,21.99,E,E5,,OWN,30000.0,Verified,debt_consolidation,MO,30.08,0.0,700.0,704.0,0.0,79.3,23.0,Individual,5,High Risk,Manual Review
38574390,11600.0, 60 months,23.99,F,F2,2 years,MORTGAGE,56000.0,Verified,credit_card,GA,32.54,0.0,665.0,669.0,0.0,77.6,35.0,Individual,5,High Risk,Manual Review
38464877,10750.0, 36 months,19.99,E,E3,10+ years,RENT,30000.0,Source Verified,debt_consolidation,TN,33.64,1.0,695.0,699.0,0.0,48.9,25.0,Individual,6,High Risk,Manual Review
38302420,21200.0, 60 months,18.54,E,E1,10+ years,MORTGAGE,78000.0,Verified,debt_consolidation,CA,31.55,0.0,680.0,684.0,0.0,83.6,22.0,Individual,6,High Risk,Manual Review
38454745,22400.0, 60 months,23.99,F,F2,7 years,OWN,45000.0,Verified,credit_card,MS,33.6,0.0,660.0,664.0,1.0,98.5,15.0,Individual,6,High Risk,Manual Review
38644604,26000.0, 36 months,24.99,F,F4,9 years,RENT,65000.0,Verified,other,AZ,31.55,0.0,670.0,674.0,0.0,93.5,53.0,Individual,6,High Risk,Manual Review
38554780,7000.0, 36 months,26.06,G,G5,1 year,RENT,14000.0,Verified,other,IN,32.16,0.0,695.0,699.0,1.0,47.7,10.0,Individual,5,High Risk,Manual Review
38413680,13600.0, 60 months,18.54,E,E1,4 years,MORTGAGE,87000.0,Verified,debt_consolidation,PA,31.96,0.0,695.0,699.0,1.0,78.7,20.0,Individual,5,High Risk,Manual Review
37866385,18000.0, 60 months,18.54,E,E1,4 years,RENT,50000.0,Source Verified,debt_consolidation,NJ,31.52,2.0,690.0,694.0,2.0,55.4,35.0,Individual,6,High Risk,Manual Review
38654661,13600.0, 60 months,18.54,E,E1,10+ years,RENT,34000.0,Source Verified,debt_consolidation,WI,38.93,0.0,700.0,704.0,1.0,49.1,20.0,Individual,5,High Risk,Manual Review
38413209,11575.0, 60 months,22.99,F,F1,10+ years,MORTGAGE,71600.0,Verified,debt_consolidation,GA,37.85,0.0,725.0,729.0,0.0,36.1,31.0,Individual,5,High Risk,Manual Review
38544587,21000.0, 60 months,19.99,E,E3,10+ years,MORTGAGE,60000.0,Source Verified,debt_consolidation,TX,32.84,3.0,680.0,684.0,0.0,68.7,28.0,Individual,6,High Risk,Manual Review
38311960,13750.0, 60 months,25.83,G,G2,2 years,RENT,38400.0,Source Verified,debt_consolidation,CA,34.46,0.0,690.0,694.0,1.0,50.1,12.0,Individual,5,High Risk,Manual Review
38464633,12000.0, 36 months,21.99,E,E5,5 years,RENT,40000.0,Verified,debt_consolidation,CA,31.96,1.0,685.0,689.0,0.0,40.3,13.0,Individual,6,High Risk,Manual Review
38614563,17500.0, 60 months,19.24,E,E2,2 years,RENT,40000.0,Source Verified,debt_consolidation,NY,30.51,0.0,710.0,714.0,1.0,41.9,20.0,Individual,5,High Risk,Manual Review
38644505,20000.0, 36 months,15.99,D,D2,10+ years,OWN,60000.0,Source Verified,debt_consolidation,NJ,35.98,1.0,665.0,669.0,1.0,80.4,26.0,Individual,5,High Risk,Manual Review
38321985,14400.0, 60 months,19.99,E,E3,7 years,RENT,60000.0,Verified,debt_consolidation,TN,32.16,0.0,680.0,684.0,2.0,19.7,41.0,Individual,5,High Risk,Manual Review
38413195,32000.0, 60 months,26.06,G,G5,10+ years,OWN,85000.0,Verified,debt_consolidation,NJ,23.8,2.0,670.0,674.0,0.0,91.5,40.0,Individual,5,High Risk,Manual Review
38524475,18700.0, 60 months,20.99,E,E4,10+ years,MORTGAGE,71000.0,Source Verified,debt_consolidation,GA,31.73,0.0,705.0,709.0,0.0,51.9,38.0,Individual,5,High Risk,Manual Review
38504452,10000.0, 60 months,23.99,F,F2,2 years,RENT,75000.0,Verified,other,OH,18.66,1.0,660.0,664.0,1.0,92.9,29.0,Individual,5,High Risk,Manual Review
38413449,8175.0, 36 months,19.24,E,E2,6 years,MORTGAGE,29000.0,Not Verified,credit_card,TX,36.59,0.0,675.0,679.0,1.0,88.4,15.0,Individual,6,High Risk,Manual Review
38182259,12000.0, 60 months,18.54,E,E1,1 year,OWN,85000.0,Source Verified,debt_consolidation,TX,35.23,1.0,775.0,779.0,1.0,17.3,21.0,Individual,6,High Risk,Manual Review
37877290,20000.0, 60 months,18.54,E,E1,< 1 year,RENT,40000.0,Source Verified,debt_consolidation,OH,32.8,0.0,755.0,759.0,0.0,24.5,28.0,Individual,5,High Risk,Manual Review
38222080,12075.0, 60 months,20.99,E,E4,6 years,RENT,45000.0,Source Verified,debt_consolidation,CA,30.83,0.0,680.0,684.0,0.0,39.1,25.0,Individual,5,High Risk,Manual Review
38413412,9000.0, 36 months,18.54,E,E1,10+ years,MORTGAGE,60000.0,Verified,home_improvement,SC,12.76,2.0,685.0,689.0,0.0,100.3,19.0,Individual,5,High Risk,Manual Review
38161277,12000.0, 60 months,21.99,E,E5,1 year,RENT,48000.0,Verified,debt_consolidation,CA,30.7,0.0,680.0,684.0,1.0,49.6,16.0,Individual,5,High Risk,Manual Review
38211712,24000.0, 60 months,23.99,F,F2,7 years,RENT,135000.0,Verified,debt_consolidation,CA,17.24,14.0,660.0,664.0,0.0,83.8,53.0,Individual,5,High Risk,Manual Review
38352530,18925.0, 60 months,25.57,F,F5,3 years,RENT,60000.0,Verified,debt_consolidation,AZ,37.58,0.0,660.0,664.0,3.0,48.4,31.0,Individual,5,High Risk,Manual Review
38282283,9000.0, 36 months,21.99,E,E5,10+ years,RENT,49718.0,Verified,debt_consolidation,TX,33.5,10.0,660.0,664.0,3.0,38.0,82.0,Individual,6,High Risk,Manual Review
38291428,12600.0, 60 months,18.54,E,E1,< 1 year,OWN,35000.0,Verified,credit_card,AZ,31.36,1.0,660.0,664.0,0.0,30.8,33.0,Individual,6,High Risk,Manual Review
38584194,7975.0, 36 months,19.24,E,E2,2 years,MORTGAGE,19000.0,Verified,debt_consolidation,CA,30.89,0.0,675.0,679.0,1.0,22.1,22.0,Individual,5,High Risk,Manual Review
38464201,19875.0, 60 months,18.54,E,E1,10+ years,MORTGAGE,84000.0,Verified,debt_consolidation,TX,34.66,0.0,660.0,664.0,1.0,56.9,33.0,Individual,5,High Risk,Manual Review
38172522,12000.0, 60 months,19.99,E,E3,10+ years,MORTGAGE,60000.0,Source Verified,debt_consolidation,AL,35.58,0.0,690.0,694.0,1.0,70.0,37.0,Individual,5,High Risk,Manual Review
38544204,25925.0, 60 months,19.99,E,E3,10+ years,RENT,66000.0,Verified,debt_consolidation,NY,36.24,0.0,695.0,699.0,2.0,55.2,23.0,Individual,5,High Risk,Manual Review
38504177,8000.0, 36 months,18.54,E,E1,5 years,RENT,44950.0,Source Verified,debt_consolidation,FL,16.64,1.0,665.0,669.0,0.0,81.3,36.0,Individual,5,High Risk,Manual Review
38544201,31500.0, 60 months,19.99,E,E3,10+ years,RENT,97464.0,Verified,debt_consolidation,CA,35.35,0.0,705.0,709.0,1.0,53.3,42.0,Individual,5,High Risk,Manual Review
38494211,5325.0, 36 months,19.24,E,E2,10+ years,RENT,65000.0,Source Verified,debt_consolidation,CA,12.98,3.0,670.0,674.0,1.0,102.9,16.0,Individual,5,High Risk,Manual Review
38424187,35000.0, 60 months,24.99,F,F4,10+ years,MORTGAGE,110000.0,Verified,credit_card,LA,18.34,1.0,675.0,679.0,1.0,98.3,25.0,Individual,5,High Risk,Manual Review
38202131,10750.0, 36 months,20.99,E,E4,10+ years,MORTGAGE,35000.0,Not Verified,other,NV,34.71,0.0,720.0,724.0,0.0,88.1,17.0,Individual,6,High Risk,Manual Review
38242741,18125.0, 60 months,22.99,F,F1,10+ years,RENT,54000.0,Verified,debt_consolidation,TX,32.04,0.0,675.0,679.0,1.0,88.7,18.0,Individual,6,High Risk,Manual Review
38434115,24000.0, 60 months,18.54,E,E1,10+ years,RENT,115000.0,Verified,debt_consolidation,WA,35.0,0.0,660.0,664.0,0.0,94.1,31.0,Individual,6,High Risk,Manual Review
38242455,14400.0, 36 months,20.99,E,E4,< 1 year,RENT,40000.0,Source Verified,debt_consolidation,VA,33.24,0.0,670.0,674.0,1.0,52.5,27.0,Individual,5,High Risk,Manual Review
38202328,20000.0, 60 months,19.99,E,E3,10+ years,RENT,85000.0,Source Verified,credit_card,WA,27.62,1.0,660.0,664.0,0.0,90.0,18.0,Individual,5,High Risk,Manual Review
38352594,7500.0, 36 months,23.99,F,F2,,OWN,22200.0,Verified,home_improvement,MI,35.24,0.0,705.0,709.0,0.0,81.4,17.0,Individual,6,High Risk,Manual Review
38352632,13100.0, 36 months,19.24,E,E2,10+ years,MORTGAGE,65000.0,Verified,debt_consolidation,CT,31.87,0.0,700.0,704.0,2.0,43.1,34.0,Individual,5,High Risk,Manual Review
38162618,31650.0, 60 months,24.5,F,F3,10+ years,MORTGAGE,72000.0,Verified,debt_consolidation,AL,32.6,0.0,685.0,689.0,1.0,93.8,27.0,Individual,6,High Risk,Manual Review
22252468,20000.0, 60 months,19.99,E,E3,10+ years,MORTGAGE,60000.0,Source Verified,debt_consolidation,OK,38.45,0.0,715.0,719.0,2.0,78.1,28.0,Individual,5,High Risk,Manual Review
38362689,11525.0, 60 months,19.24,E,E2,8 years,OWN,30000.0,Source Verified,debt_consolidation,NM,33.36,0.0,695.0,699.0,0.0,73.0,21.0,Individual,5,High Risk,Manual Review
36651225,12900.0, 60 months,21.99,E,E5,2 years,RENT,36000.0,Verified,debt_consolidation,NJ,31.84,0.0,685.0,689.0,2.0,38.9,13.0,Individual,5,High Risk,Manual Review
38342174,18950.0, 36 months,18.54,E,E1,4 years,RENT,60000.0,Source Verified,debt_consolidation,KS,33.14,0.0,680.0,684.0,3.0,68.6,16.0,Individual,5,High Risk,Manual Review
38282392,14750.0, 60 months,24.5,F,F3,7 years,RENT,49200.0,Verified,debt_consolidation,NV,32.22,0.0,675.0,679.0,0.0,88.5,20.0,Individual,6,High Risk,Manual Review
38342331,12000.0, 60 months,21.99,E,E5,3 years,RENT,40000.0,Source Verified,debt_consolidation,CT,19.86,1.0,675.0,679.0,1.0,95.6,17.0,Individual,5,High Risk,Manual Review
38252276,10750.0, 36 months,20.99,E,E4,6 years,RENT,30000.0,Verified,debt_consolidation,PA,32.24,0.0,685.0,689.0,2.0,71.6,30.0,Individual,5,High Risk,Manual Review
38151906,12925.0, 36 months,19.24,E,E2,7 years,MORTGAGE,26000.0,Verified,credit_card,TX,36.84,0.0,665.0,669.0,0.0,90.3,23.0,Individual,6,High Risk,Manual Review
38321837,17200.0, 60 months,19.24,E,E2,6 years,RENT,41000.0,Verified,credit_card,PA,30.65,0.0,680.0,684.0,2.0,51.5,30.0,Individual,5,High Risk,Manual Review
37107545,12450.0, 36 months,18.54,E,E1,6 years,OWN,46000.0,Not Verified,debt_consolidation,IN,37.73,1.0,685.0,689.0,3.0,66.1,27.0,Individual,6,High Risk,Manual Review
38212353,20950.0, 60 months,19.24,E,E2,7 years,MORTGAGE,115000.0,Verified,debt_consolidation,CO,39.09,0.0,675.0,679.0,2.0,93.9,40.0,Individual,6,High Risk,Manual Review
38302021,11775.0, 36 months,19.99,E,E3,3 years,RENT,70000.0,Verified,debt_consolidation,CA,32.71,0.0,700.0,704.0,0.0,18.1,22.0,Individual,5,High Risk,Manual Review
38341647,11125.0, 60 months,21.99,E,E5,10+ years,MORTGAGE,42000.0,Not Verified,debt_consolidation,TX,36.66,2.0,660.0,664.0,0.0,62.8,39.0,Individual,6,High Risk,Manual Review
37702078,30000.0, 60 months,19.24,E,E2,< 1 year,RENT,65000.0,Verified,credit_card,OH,20.21,2.0,660.0,664.0,1.0,88.4,31.0,Individual,5,High Risk,Manual Review
38311682,12000.0, 60 months,19.24,E,E2,10+ years,RENT,59160.0,Verified,debt_consolidation,MD,33.46,0.0,700.0,704.0,0.0,43.6,35.0,Individual,5,High Risk,Manual Review
38221718,12600.0, 36 months,18.54,E,E1,8 years,MORTGAGE,35000.0,Source Verified,debt_consolidation,AZ,31.89,0.0,670.0,674.0,0.0,60.8,26.0,Individual,5,High Risk,Manual Review
38201807,27225.0, 60 months,21.99,E,E5,10+ years,RENT,68111.0,Source Verified,debt_consolidation,MT,35.85,0.0,700.0,704.0,0.0,95.6,24.0,Individual,6,High Risk,Manual Review
38291756,15750.0, 60 months,19.24,E,E2,10+ years,MORTGAGE,62000.0,Source Verified,debt_consolidation,MD,38.29,1.0,665.0,669.0,0.0,85.9,38.0,Individual,7,High Risk,Manual Review
38351759,14000.0, 60 months,18.54,E,E1,10+ years,MORTGAGE,65000.0,Source Verified,other,TX,33.71,4.0,670.0,674.0,1.0,65.7,58.0,Individual,6,High Risk,Manual Review
38272171,10825.0, 60 months,21.99,E,E5,10+ years,MORTGAGE,43000.0,Source Verified,debt_consolidation,GA,34.55,0.0,675.0,679.0,2.0,83.0,17.0,Individual,6,High Risk,Manual Review
37740956,8750.0, 36 months,18.54,E,E1,4 years,RENT,26000.0,Source Verified,car,CA,35.46,0.0,695.0,699.0,1.0,53.5,10.0,Individual,5,High Risk,Manual Review
38141807,9250.0, 36 months,21.99,E,E5,,MORTGAGE,27383.0,Verified,debt_consolidation,AL,33.98,0.0,660.0,664.0,0.0,84.3,22.0,Individual,6,High Risk,Manual Review
38211577,6725.0, 36 months,19.24,E,E2,1 year,RENT,20000.0,Source Verified,medical,NJ,36.85,1.0,680.0,684.0,0.0,78.0,12.0,Individual,6,High Risk,Manual Review
38171728,14800.0, 60 months,19.24,E,E2,10+ years,MORTGAGE,50000.0,Source Verified,moving,NY,37.64,0.0,745.0,749.0,0.0,59.7,25.0,Individual,5,High Risk,Manual Review
38251861,12075.0, 60 months,24.99,F,F4,,MORTGAGE,33600.0,Verified,debt_consolidation,SC,30.96,0.0,710.0,714.0,0.0,93.8,6.0,Individual,6,High Risk,Manual Review
38301610,25725.0, 60 months,19.99,E,E3,10+ years,MORTGAGE,131760.0,Verified,debt_consolidation,CA,37.15,0.0,705.0,709.0,4.0,84.7,26.0,Individual,6,High Risk,Manual Review
38211589,35000.0, 60 months,25.83,G,G2,2 years,MORTGAGE,110000.0,Verified,home_improvement,MD,14.16,1.0,675.0,679.0,0.0,97.1,13.0,Individual,5,High Risk,Manual Review
38341730,25000.0, 36 months,18.54,E,E1,2 years,MORTGAGE,102000.0,Verified,debt_consolidation,TN,32.61,0.0,690.0,694.0,2.0,92.8,37.0,Individual,6,High Risk,Manual Review
37801571,5675.0, 36 months,15.59,D,D1,10+ years,MORTGAGE,71569.0,Not Verified,credit_card,CA,35.85,1.0,675.0,679.0,0.0,81.8,42.0,Individual,5,High Risk,Manual Review
38341679,15625.0, 60 months,21.99,E,E5,6 years,RENT,46000.0,Verified,debt_consolidation,OH,32.35,0.0,670.0,674.0,1.0,68.7,33.0,Individual,5,High Risk,Manual Review
38341622,27500.0, 60 months,19.24,E,E2,9 years,MORTGAGE,85000.0,Source Verified,debt_consolidation,TX,35.61,1.0,675.0,679.0,1.0,58.5,41.0,Individual,6,High Risk,Manual Review
38151638,14475.0, 60 months,22.99,F,F1,4 years,MORTGAGE,51000.0,Source Verified,debt_consolidation,AL,37.64,2.0,670.0,674.0,1.0,91.3,30.0,Individual,7,High Risk,Manual Review
38271793,18000.0, 60 months,18.54,E,E1,10+ years,MORTGAGE,50000.0,Verified,debt_consolidation,SC,34.64,0.0,705.0,709.0,2.0,44.1,34.0,Individual,5,High Risk,Manual Review
38361182,18400.0, 36 months,19.24,E,E2,5 years,MORTGAGE,52000.0,Source Verified,debt_consolidation,AL,30.95,0.0,665.0,669.0,1.0,65.7,32.0,Individual,5,High Risk,Manual Review
38321549,2525.0, 36 months,19.99,E,E3,,RENT,10000.0,Verified,debt_consolidation,NY,39.38,0.0,695.0,699.0,0.0,55.6,23.0,Individual,5,High Risk,Manual Review
38048317,14625.0, 60 months,18.54,E,E1,4 years,RENT,49000.0,Source Verified,debt_consolidation,CA,31.77,0.0,660.0,664.0,0.0,42.7,43.0,Individual,5,High Risk,Manual Review
37770824,7625.0, 36 months,19.24,E,E2,4 years,RENT,41000.0,Source Verified,other,TN,32.29,3.0,675.0,679.0,1.0,47.5,23.0,Individual,6,High Risk,Manual Review
38191464,14100.0, 60 months,24.5,F,F3,2 years,MORTGAGE,70000.0,Verified,debt_consolidation,CO,27.24,1.0,675.0,679.0,0.0,85.7,25.0,Individual,5,High Risk,Manual Review
38151424,35000.0, 36 months,19.99,E,E3,5 years,OWN,750000.0,Verified,debt_consolidation,NY,34.96,0.0,705.0,709.0,3.0,55.1,26.0,Individual,5,High Risk,Manual Review
38361332,30000.0, 36 months,20.99,E,E4,7 years,RENT,64000.0,Verified,debt_consolidation,CA,33.17,1.0,660.0,664.0,1.0,99.0,25.0,Individual,7,High Risk,Manual Review
37157706,13800.0, 60 months,19.24,E,E2,10+ years,MORTGAGE,62500.0,Verified,debt_consolidation,WV,30.97,0.0,665.0,669.0,0.0,48.1,37.0,Individual,5,High Risk,Manual Review
38291222,34875.0, 60 months,20.99,E,E4,9 years,RENT,125000.0,Verified,debt_consolidation,NY,34.49,0.0,690.0,694.0,0.0,78.1,29.0,Individual,5,High Risk,Manual Review
37866372,19050.0, 60 months,20.99,E,E4,9 years,MORTGAGE,55000.0,Verified,debt_consolidation,FL,32.58,0.0,740.0,744.0,0.0,41.3,30.0,Individual,5,High Risk,Manual Review
37866207,10500.0, 60 months,20.99,E,E4,2 years,RENT,40000.0,Source Verified,debt_consolidation,AZ,33.27,0.0,695.0,699.0,2.0,51.6,16.0,Individual,5,High Risk,Manual Review
38291186,5250.0, 36 months,19.24,E,E2,4 years,RENT,36899.0,Source Verified,moving,NY,31.29,0.0,695.0,699.0,0.0,32.1,40.0,Individual,5,High Risk,Manual Review
38191157,35000.0, 60 months,22.99,F,F1,10+ years,MORTGAGE,95000.0,Verified,debt_consolidation,IL,34.59,0.0,670.0,674.0,1.0,87.3,40.0,Individual,6,High Risk,Manual Review
37998689,22025.0, 36 months,18.54,E,E1,4 years,RENT,63000.0,Source Verified,debt_consolidation,NY,39.03,0.0,750.0,754.0,0.0,17.4,14.0,Individual,5,High Risk,Manual Review
37711803,1700.0, 36 months,24.99,F,F4,6 years,OWN,25000.0,Not Verified,debt_consolidation,TX,36.82,0.0,670.0,674.0,1.0,59.9,16.0,Individual,5,High Risk,Manual Review
38018580,15000.0, 60 months,19.24,E,E2,10+ years,MORTGAGE,45000.0,Source Verified,debt_consolidation,SD,31.6,0.0,705.0,709.0,1.0,68.0,37.0,Individual,5,High Risk,Manual Review
36830383,28000.0, 36 months,18.54,E,E1,5 years,MORTGAGE,110000.0,Verified,debt_consolidation,IN,39.25,0.0,680.0,684.0,3.0,86.8,52.0,Individual,6,High Risk,Manual Review
37661860,35000.0, 60 months,19.99,E,E3,,MORTGAGE,75000.0,Verified,debt_consolidation,MI,30.05,0.0,720.0,724.0,0.0,85.6,23.0,Individual,6,High Risk,Manual Review
37948569,12000.0, 60 months,16.49,D,D3,4 years,MORTGAGE,137000.0,Verified,debt_consolidation,GA,31.66,1.0,665.0,669.0,1.0,96.2,36.0,Individual,5,High Risk,Manual Review
37887492,5000.0, 36 months,19.24,E,E2,8 years,RENT,56000.0,Verified,moving,PA,33.07,0.0,665.0,669.0,0.0,81.3,62.0,Individual,6,High Risk,Manual Review
36806264,28000.0, 60 months,19.99,E,E3,10+ years,MORTGAGE,85000.0,Source Verified,credit_card,WV,38.05,0.0,660.0,664.0,1.0,77.0,50.0,Individual,5,High Risk,Manual Review
38038467,10500.0, 60 months,21.99,E,E5,7 years,RENT,48000.0,Source Verified,debt_consolidation,NY,34.0,0.0,665.0,669.0,1.0,64.8,15.0,Individual,5,High Risk,Manual Review
37958284,24000.0, 60 months,20.99,E,E4,10+ years,RENT,62000.0,Verified,debt_consolidation,CA,36.39,0.0,660.0,664.0,1.0,61.7,25.0,Individual,5,High Risk,Manual Review
37958428,24000.0, 60 months,19.24,E,E2,10+ years,MORTGAGE,72000.0,Verified,debt_consolidation,MT,36.3,0.0,660.0,664.0,1.0,89.0,32.0,Individual,6,High Risk,Manual Review
38018398,20000.0, 60 months,19.24,E,E2,6 years,RENT,54000.0,Source Verified,credit_card,MA,19.6,1.0,665.0,669.0,0.0,87.2,17.0,Individual,5,High Risk,Manual Review
37978298,11200.0, 60 months,19.24,E,E2,4 years,MORTGAGE,63000.0,Source Verified,other,TX,30.17,0.0,690.0,694.0,0.0,75.1,23.0,Individual,5,High Risk,Manual Review
37897354,18000.0, 60 months,19.99,E,E3,< 1 year,RENT,80000.0,Source Verified,debt_consolidation,NH,19.34,2.0,665.0,669.0,1.0,97.5,33.0,Individual,5,High Risk,Manual Review
37968357,29325.0, 60 months,19.24,E,E2,10+ years,RENT,64000.0,Source Verified,debt_consolidation,IL,32.39,0.0,690.0,694.0,0.0,85.7,22.0,Individual,6,High Risk,Manual Review
38018269,12975.0, 36 months,21.99,E,E5,,OWN,36244.56,Verified,credit_card,IL,38.31,0.0,685.0,689.0,1.0,72.8,32.0,Individual,5,High Risk,Manual Review
37652181,16000.0, 60 months,18.54,E,E1,10+ years,OWN,75000.0,Source Verified,debt_consolidation,OK,16.19,1.0,660.0,664.0,0.0,88.8,16.0,Individual,5,High Risk,Manual Review
38008168,31900.0, 36 months,19.24,E,E2,10+ years,RENT,72529.0,Verified,debt_consolidation,WA,30.81,0.0,660.0,664.0,0.0,72.5,30.0,Individual,5,High Risk,Manual Review
37712220,1000.0, 36 months,16.49,D,D3,,RENT,36000.0,Source Verified,moving,GA,33.17,1.0,685.0,689.0,1.0,100.0,16.0,Individual,5,High Risk,Manual Review
36805862,14050.0, 60 months,19.24,E,E2,5 years,MORTGAGE,32000.0,Source Verified,credit_card,NY,36.87,0.0,695.0,699.0,0.0,58.0,25.0,Individual,5,High Risk,Manual Review
37842072,35000.0, 60 months,22.99,F,F1,< 1 year,RENT,87000.0,Verified,debt_consolidation,GA,35.0,0.0,685.0,689.0,1.0,61.7,30.0,Individual,5,High Risk,Manual Review
37821700,14700.0, 60 months,18.54,E,E1,6 years,MORTGAGE,41000.0,Verified,credit_card,IN,38.99,2.0,660.0,664.0,0.0,57.2,35.0,Individual,6,High Risk,Manual Review
37752194,13375.0, 36 months,21.99,E,E5,1 year,RENT,52000.0,Source Verified,medical,NY,36.76,0.0,675.0,679.0,0.0,53.5,41.0,Individual,5,High Risk,Manual Review
37632143,35000.0, 60 months,24.5,F,F3,10+ years,MORTGAGE,247000.0,Verified,other,CA,9.71,1.0,685.0,689.0,0.0,97.5,16.0,Individual,5,High Risk,Manual Review
37621714,10425.0, 60 months,25.57,F,F5,4 years,RENT,38000.0,Source Verified,debt_consolidation,TX,38.88,0.0,720.0,724.0,0.0,45.1,17.0,Individual,5,High Risk,Manual Review
36391438,35000.0, 60 months,19.24,E,E2,10+ years,MORTGAGE,95500.0,Verified,credit_card,PA,32.94,0.0,680.0,684.0,2.0,72.5,36.0,Individual,5,High Risk,Manual Review
37691869,28000.0, 36 months,19.24,E,E2,7 years,RENT,100000.0,Verified,renewable_energy,NY,31.43,0.0,665.0,669.0,1.0,80.4,29.0,Individual,6,High Risk,Manual Review
37641725,24450.0, 60 months,18.54,E,E1,< 1 year,MORTGAGE,135000.0,Source Verified,credit_card,CA,33.35,0.0,690.0,694.0,0.0,82.5,20.0,Individual,6,High Risk,Manual Review
37611461,10725.0, 60 months,20.99,E,E4,2 years,OWN,30000.0,Source Verified,debt_consolidation,VT,37.48,0.0,670.0,674.0,1.0,45.4,24.0,Individual,5,High Risk,Manual Review
37670192,16900.0, 60 months,19.24,E,E2,,MORTGAGE,52000.0,Verified,debt_consolidation,NY,36.76,0.0,750.0,754.0,0.0,17.4,69.0,Individual,5,High Risk,Manual Review
37821557,20950.0, 60 months,21.99,E,E5,< 1 year,RENT,50000.0,Verified,credit_card,CA,35.53,0.0,670.0,674.0,1.0,92.8,20.0,Individual,6,High Risk,Manual Review
37811630,14000.0, 60 months,19.99,E,E3,1 year,MORTGAGE,51700.0,Verified,debt_consolidation,GA,31.38,0.0,660.0,664.0,1.0,71.3,39.0,Individual,5,High Risk,Manual Review
37620234,35000.0, 60 months,22.99,F,F1,10+ years,MORTGAGE,84000.0,Verified,credit_card,NY,32.3,0.0,700.0,704.0,4.0,78.0,40.0,Individual,5,High Risk,Manual Review
36380963,30000.0, 60 months,21.99,E,E5,7 years,RENT,118008.0,Verified,credit_card,NC,35.88,0.0,685.0,689.0,0.0,45.9,21.0,Individual,5,High Risk,Manual Review
37801361,21325.0, 60 months,18.54,E,E1,10+ years,MORTGAGE,70600.0,Verified,credit_card,VA,30.79,0.0,665.0,669.0,1.0,100.0,23.0,Individual,6,High Risk,Manual Review
37601357,15775.0, 36 months,19.24,E,E2,7 years,MORTGAGE,32000.0,Verified,debt_consolidation,NY,35.44,2.0,675.0,679.0,1.0,52.0,20.0,Individual,6,High Risk,Manual Review
37691211,28500.0, 60 months,21.99,E,E5,10+ years,MORTGAGE,62000.0,Source Verified,debt_consolidation,TX,35.56,0.0,710.0,714.0,0.0,66.0,33.0,Individual,5,High Risk,Manual Review
37821007,15125.0, 36 months,18.54,E,E1,10+ years,MORTGAGE,70000.0,Verified,credit_card,WA,31.66,0.0,670.0,674.0,0.0,90.9,18.0,Individual,6,High Risk,Manual Review
661222,30000.0, 60 months,19.24,E,E2,8 years,RENT,95000.0,Verified,credit_card,NY,30.52,0.0,675.0,679.0,2.0,94.0,24.0,Individual,6,High Risk,Manual Review
37760643,10525.0, 60 months,19.99,E,E3,6 years,RENT,24000.0,Source Verified,credit_card,NY,36.3,0.0,695.0,699.0,1.0,66.6,14.0,Individual,5,High Risk,Manual Review
37840161,6250.0, 36 months,19.24,E,E2,3 years,MORTGAGE,18500.0,Verified,debt_consolidation,SC,38.29,1.0,670.0,674.0,0.0,59.5,18.0,Individual,6,High Risk,Manual Review
37670482,24875.0, 60 months,25.83,G,G2,1 year,RENT,75000.0,Verified,house,NJ,34.27,3.0,675.0,679.0,2.0,17.5,78.0,Individual,6,High Risk,Manual Review
37790294,8475.0, 36 months,18.54,E,E1,,OWN,25000.0,Verified,debt_consolidation,CA,30.72,0.0,685.0,689.0,0.0,70.5,17.0,Individual,5,High Risk,Manual Review
37257620,25000.0, 36 months,20.99,E,E4,10+ years,MORTGAGE,55000.0,Verified,debt_consolidation,TN,31.22,0.0,670.0,674.0,1.0,63.2,18.0,Individual,5,High Risk,Manual Review
37297382,12900.0, 60 months,18.54,E,E1,10+ years,OWN,36000.0,Source Verified,debt_consolidation,GA,34.2,0.0,670.0,674.0,1.0,72.5,16.0,Individual,5,High Risk,Manual Review
36799401,13825.0, 60 months,21.99,E,E5,< 1 year,MORTGAGE,30072.0,Source Verified,credit_card,TN,37.99,0.0,695.0,699.0,3.0,26.5,37.0,Individual,5,High Risk,Manual Review
130955326,11200.0, 60 months,30.79,G,G1,< 1 year,RENT,44000.0,Not Verified,medical,NH,43.97,1.0,665.0,669.0,2.0,24.6,14.0,Joint App,6,High Risk,Manual Review
130699122,25000.0, 60 months,24.84,E,E3,10+ years,RENT,45700.0,Verified,debt_consolidation,CA,31.36,0.0,660.0,664.0,0.0,66.3,20.0,Individual,5,High Risk,Manual Review
130872948,32000.0, 60 months,25.81,E,E4,10+ years,MORTGAGE,125000.0,Not Verified,debt_consolidation,IL,31.17,0.0,720.0,724.0,1.0,37.3,47.0,Joint App,5,High Risk,Manual Review
130267600,20000.0, 60 months,30.65,F,F4,4 years,MORTGAGE,45000.0,Verified,credit_card,CO,43.63,0.0,685.0,689.0,0.0,56.9,21.0,Joint App,5,High Risk,Manual Review
130953738,16000.0, 60 months,24.84,E,E3,2 years,RENT,55000.0,Not Verified,debt_consolidation,IL,33.36,0.0,685.0,689.0,1.0,52.2,43.0,Individual,5,High Risk,Manual Review
130934631,25000.0, 36 months,23.87,E,E2,10+ years,MORTGAGE,67000.0,Not Verified,debt_consolidation,NY,30.84,0.0,740.0,744.0,0.0,41.0,27.0,Individual,5,High Risk,Manual Review
130341609,21000.0, 60 months,25.81,E,E4,10+ years,RENT,54200.0,Verified,debt_consolidation,LA,35.27,0.0,690.0,694.0,0.0,55.3,44.0,Individual,5,High Risk,Manual Review
130791598,35000.0, 60 months,21.85,D,D5,10+ years,MORTGAGE,75000.0,Verified,debt_consolidation,TN,37.62,1.0,660.0,664.0,1.0,90.8,30.0,Joint App,5,High Risk,Manual Review
130891399,22000.0, 60 months,26.77,E,E5,3 years,RENT,85000.0,Source Verified,credit_card,TN,30.64,1.0,675.0,679.0,1.0,82.8,29.0,Individual,7,High Risk,Manual Review
130614738,13025.0, 60 months,28.72,F,F1,6 years,MORTGAGE,120000.0,Verified,debt_consolidation,MD,36.95,0.0,665.0,669.0,0.0,78.5,32.0,Individual,5,High Risk,Manual Review
130403895,24000.0, 60 months,25.81,E,E4,10+ years,MORTGAGE,63300.0,Verified,house,NY,37.23,0.0,700.0,704.0,0.0,54.6,28.0,Individual,5,High Risk,Manual Review
130368940,28000.0, 36 months,24.84,E,E3,< 1 year,RENT,36000.0,Verified,debt_consolidation,NV,112.2,0.0,700.0,704.0,0.0,61.8,50.0,Joint App,5,High Risk,Manual Review
129968135,27900.0, 36 months,23.87,E,E2,10+ years,MORTGAGE,90000.0,Verified,credit_card,OH,49.96,0.0,725.0,729.0,0.0,94.5,23.0,Joint App,6,High Risk,Manual Review
130907903,30000.0, 60 months,30.17,F,F3,10+ years,MORTGAGE,36500.0,Verified,debt_consolidation,AL,75.17,0.0,675.0,679.0,0.0,63.9,19.0,Joint App,5,High Risk,Manual Review
130943164,26275.0, 60 months,26.77,E,E5,7 years,MORTGAGE,120000.0,Verified,debt_consolidation,IL,35.71,0.0,695.0,699.0,0.0,63.7,25.0,Individual,5,High Risk,Manual Review
130871913,17600.0, 60 months,24.84,E,E3,10+ years,MORTGAGE,35000.0,Source Verified,medical,AL,40.12,1.0,660.0,664.0,2.0,75.1,21.0,Joint App,6,High Risk,Manual Review
130758482,25925.0, 60 months,29.69,F,F2,5 years,MORTGAGE,120000.0,Verified,debt_consolidation,NC,31.15,0.0,660.0,664.0,0.0,87.0,45.0,Individual,6,High Risk,Manual Review
129071540,14175.0, 60 months,26.77,E,E5,8 years,MORTGAGE,46000.0,Not Verified,debt_consolidation,IL,33.83,0.0,665.0,669.0,0.0,47.9,21.0,Individual,5,High Risk,Manual Review
129674020,16000.0, 60 months,24.84,E,E3,10+ years,MORTGAGE,72000.0,Source Verified,debt_consolidation,CA,36.77,0.0,665.0,669.0,0.0,72.0,37.0,Joint App,5,High Risk,Manual Review
130910367,10000.0, 36 months,22.9,E,E1,3 years,RENT,123000.0,Source Verified,credit_card,WA,17.17,2.0,665.0,669.0,0.0,97.7,26.0,Individual,5,High Risk,Manual Review
130498688,15000.0, 60 months,24.84,E,E3,,MORTGAGE,19600.0,Verified,debt_consolidation,AR,60.2,0.0,680.0,684.0,2.0,33.1,37.0,Joint App,5,High Risk,Manual Review
130910409,20000.0, 60 months,26.77,E,E5,10+ years,MORTGAGE,42000.0,Verified,home_improvement,NY,32.29,0.0,680.0,684.0,1.0,69.1,27.0,Individual,5,High Risk,Manual Review
129530141,12000.0, 60 months,26.77,E,E5,10+ years,MORTGAGE,38000.0,Not Verified,major_purchase,GA,31.9,0.0,675.0,679.0,0.0,52.9,16.0,Joint App,5,High Risk,Manual Review
130492689,30000.0, 60 months,29.69,F,F2,3 years,MORTGAGE,126000.0,Not Verified,debt_consolidation,IL,13.67,1.0,670.0,674.0,1.0,95.2,31.0,Joint App,5,High Risk,Manual Review
130318186,20550.0, 60 months,26.77,E,E5,2 years,RENT,37200.0,Verified,debt_consolidation,NE,44.27,0.0,670.0,674.0,0.0,100.2,17.0,Joint App,6,High Risk,Manual Review
130894829,35000.0, 60 months,22.9,E,E1,6 years,MORTGAGE,165000.0,Verified,home_improvement,NE,38.75,0.0,740.0,744.0,1.0,59.0,21.0,Individual,5,High Risk,Manual Review
130333017,18000.0, 60 months,25.81,E,E4,7 years,OWN,54619.08,Source Verified,debt_consolidation,AK,30.54,0.0,665.0,669.0,0.0,51.2,23.0,Joint App,5,High Risk,Manual Review
130349701,14000.0, 60 months,20.39,D,D4,10+ years,MORTGAGE,65000.0,Verified,home_improvement,VA,37.44,2.0,660.0,664.0,1.0,82.1,21.0,Joint App,5,High Risk,Manual Review
130681428,20000.0, 60 months,26.77,E,E5,< 1 year,RENT,49400.0,Verified,debt_consolidation,MI,37.95,0.0,665.0,669.0,1.0,52.0,15.0,Individual,5,High Risk,Manual Review
130516045,15000.0, 60 months,25.81,E,E4,10+ years,RENT,80000.0,Verified,debt_consolidation,OH,39.83,0.0,670.0,674.0,2.0,82.4,29.0,Joint App,6,High Risk,Manual Review
130789798,40000.0, 60 months,25.81,E,E4,10+ years,MORTGAGE,51000.0,Source Verified,debt_consolidation,AR,33.53,0.0,725.0,729.0,0.0,65.1,17.0,Joint App,5,High Risk,Manual Review
130833775,6400.0, 36 months,24.84,E,E3,10+ years,MORTGAGE,50500.0,Verified,debt_consolidation,MD,35.69,0.0,680.0,684.0,1.0,66.1,16.0,Individual,5,High Risk,Manual Review
130876663,20000.0, 60 months,30.65,F,F4,10+ years,RENT,36000.0,Verified,debt_consolidation,TX,51.87,0.0,675.0,679.0,0.0,50.9,14.0,Joint App,5,High Risk,Manual Review
130708523,14500.0, 60 months,26.77,E,E5,3 years,MORTGAGE,60600.0,Source Verified,debt_consolidation,SC,49.68,0.0,680.0,684.0,1.0,76.1,34.0,Joint App,5,High Risk,Manual Review
129382969,17000.0, 36 months,22.9,E,E1,10+ years,RENT,107000.0,Verified,debt_consolidation,NJ,32.71,2.0,660.0,664.0,0.0,65.3,35.0,Individual,6,High Risk,Manual Review
130786787,21100.0, 36 months,23.87,E,E2,,OWN,16000.0,Verified,debt_consolidation,TX,48.99,0.0,705.0,709.0,0.0,79.7,10.0,Joint App,5,High Risk,Manual Review
130680467,30000.0, 60 months,26.77,E,E5,3 years,MORTGAGE,45000.0,Verified,debt_consolidation,OH,30.93,0.0,765.0,769.0,0.0,55.6,18.0,Individual,5,High Risk,Manual Review
129197336,22050.0, 60 months,30.65,F,F4,,RENT,46776.0,Verified,credit_card,OH,37.8,0.0,690.0,694.0,0.0,79.5,25.0,Individual,5,High Risk,Manual Review
130821086,5350.0, 36 months,24.84,E,E3,10+ years,MORTGAGE,84000.0,Verified,credit_card,NY,33.68,0.0,705.0,709.0,1.0,29.5,70.0,Individual,5,High Risk,Manual Review
130706099,13950.0, 60 months,26.77,E,E5,,MORTGAGE,15000.0,Verified,debt_consolidation,MD,34.96,0.0,690.0,694.0,0.0,82.9,14.0,Joint App,6,High Risk,Manual Review
130793725,30000.0, 60 months,26.77,E,E5,4 years,MORTGAGE,58000.0,Not Verified,debt_consolidation,MO,45.48,0.0,675.0,679.0,0.0,88.5,29.0,Joint App,6,High Risk,Manual Review
130815606,25000.0, 60 months,28.72,F,F1,< 1 year,RENT,20000.0,Verified,credit_card,MO,43.82,2.0,695.0,699.0,0.0,48.0,32.0,Joint App,6,High Risk,Manual Review
130698580,24000.0, 60 months,26.77,E,E5,2 years,MORTGAGE,37000.0,Not Verified,debt_consolidation,AL,31.27,0.0,665.0,669.0,3.0,37.1,29.0,Joint App,5,High Risk,Manual Review
129764850,20000.0, 60 months,28.72,F,F1,2 years,OWN,37899.0,Verified,debt_consolidation,FL,36.19,0.0,710.0,714.0,0.0,60.8,27.0,Individual,5,High Risk,Manual Review
130791472,6000.0, 36 months,26.77,E,E5,1 year,MORTGAGE,22000.0,Source Verified,debt_consolidation,FL,34.75,0.0,660.0,664.0,0.0,51.6,33.0,Joint App,5,High Risk,Manual Review
130864782,7000.0, 36 months,24.84,E,E3,10+ years,MORTGAGE,39000.0,Source Verified,other,CA,30.71,0.0,660.0,664.0,0.0,86.2,11.0,Joint App,6,High Risk,Manual Review
130349537,30000.0, 60 months,16.01,C,C5,10+ years,MORTGAGE,150000.0,Verified,other,OR,32.18,3.0,670.0,674.0,1.0,87.0,35.0,Individual,5,High Risk,Manual Review
130653179,11000.0, 60 months,26.77,E,E5,6 years,RENT,75000.0,Verified,debt_consolidation,NY,43.65,0.0,725.0,729.0,0.0,51.4,18.0,Joint App,5,High Risk,Manual Review
130851779,5775.0, 36 months,20.39,D,D4,10+ years,MORTGAGE,157000.0,Source Verified,debt_consolidation,UT,30.57,1.0,685.0,689.0,1.0,86.7,55.0,Individual,5,High Risk,Manual Review
130837875,6400.0, 36 months,23.87,E,E2,< 1 year,RENT,15000.0,Not Verified,debt_consolidation,TN,60.46,0.0,705.0,709.0,0.0,41.7,26.0,Joint App,5,High Risk,Manual Review
130065461,20000.0, 60 months,25.81,E,E4,10+ years,RENT,50000.0,Verified,debt_consolidation,FL,42.63,0.0,680.0,684.0,1.0,19.2,19.0,Joint App,5,High Risk,Manual Review
130658346,20000.0, 60 months,24.84,E,E3,1 year,RENT,51000.0,Verified,debt_consolidation,FL,10.28,1.0,660.0,664.0,0.0,99.1,10.0,Joint App,5,High Risk,Manual Review
130565479,15000.0, 60 months,26.77,E,E5,7 years,MORTGAGE,110000.0,Verified,debt_consolidation,IL,31.7,0.0,685.0,689.0,2.0,63.9,30.0,Individual,5,High Risk,Manual Review
130284406,20000.0, 36 months,26.77,E,E5,10+ years,OWN,50000.0,Verified,debt_consolidation,GA,36.75,2.0,670.0,674.0,0.0,48.9,17.0,Individual,6,High Risk,Manual Review
130800405,5000.0, 36 months,22.9,E,E1,8 years,ANY,75600.0,Verified,house,FL,22.57,2.0,685.0,689.0,1.0,89.3,23.0,Individual,5,High Risk,Manual Review
130284666,35000.0, 60 months,17.47,D,D1,< 1 year,MORTGAGE,120000.0,Verified,debt_consolidation,MO,34.37,1.0,685.0,689.0,2.0,87.0,51.0,Individual,5,High Risk,Manual Review
130796537,21000.0, 36 months,22.9,E,E1,5 years,MORTGAGE,36900.0,Verified,debt_consolidation,NC,34.7,0.0,695.0,699.0,0.0,48.5,39.0,Joint App,5,High Risk,Manual Review
129929089,16000.0, 60 months,24.84,E,E3,10+ years,MORTGAGE,70000.0,Verified,debt_consolidation,FL,19.81,1.0,660.0,664.0,0.0,84.1,15.0,Individual,5,High Risk,Manual Review
130837383,20450.0, 60 months,28.72,F,F1,1 year,RENT,57000.0,Source Verified,debt_consolidation,HI,38.61,0.0,705.0,709.0,0.0,56.2,26.0,Individual,5,High Risk,Manual Review
130793540,15000.0, 36 months,23.87,E,E2,,OWN,30504.0,Verified,debt_consolidation,CA,39.54,0.0,690.0,694.0,0.0,34.8,22.0,Individual,5,High Risk,Manual Review
130821057,35000.0, 36 months,22.9,E,E1,7 years,OWN,39000.0,Verified,debt_consolidation,MO,43.97,0.0,660.0,664.0,0.0,72.3,27.0,Joint App,5,High Risk,Manual Review
130842222,6000.0, 36 months,24.84,E,E3,4 years,RENT,62000.0,Not Verified,debt_consolidation,MD,33.47,0.0,670.0,674.0,0.0,39.1,34.0,Individual,5,High Risk,Manual Review
130845229,11450.0, 60 months,30.65,F,F4,< 1 year,RENT,17000.0,Not Verified,debt_consolidation,NY,34.39,0.0,695.0,699.0,0.0,59.5,7.0,Individual,5,High Risk,Manual Review
130490865,16000.0, 60 months,24.84,E,E3,2 years,RENT,50000.0,Not Verified,debt_consolidation,CA,9.75,2.0,670.0,674.0,0.0,86.8,13.0,Joint App,5,High Risk,Manual Review
130819041,19200.0, 60 months,26.77,E,E5,6 years,RENT,45000.0,Verified,credit_card,TX,39.15,0.0,690.0,694.0,1.0,42.0,36.0,Individual,5,High Risk,Manual Review
130840535,1000.0, 36 months,23.87,E,E2,3 years,RENT,38520.0,Source Verified,medical,TX,33.43,0.0,695.0,699.0,1.0,7.8,19.0,Individual,5,High Risk,Manual Review
129072048,10000.0, 60 months,30.65,F,F4,10+ years,RENT,37000.0,Verified,debt_consolidation,MI,53.42,1.0,690.0,694.0,2.0,63.5,20.0,Joint App,6,High Risk,Manual Review
130751163,10000.0, 36 months,25.81,E,E4,6 years,OWN,77000.0,Not Verified,small_business,TX,7.5,1.0,670.0,674.0,2.0,82.0,22.0,Joint App,5,High Risk,Manual Review
130788624,15850.0, 36 months,22.9,E,E1,10+ years,MORTGAGE,85000.0,Source Verified,debt_consolidation,OH,30.38,1.0,675.0,679.0,3.0,74.1,24.0,Individual,6,High Risk,Manual Review
130697990,10000.0, 60 months,24.84,E,E3,5 years,MORTGAGE,44000.0,Verified,debt_consolidation,NC,31.04,0.0,700.0,704.0,0.0,59.9,35.0,Individual,5,High Risk,Manual Review
130613000,9600.0, 36 months,25.81,E,E4,8 years,MORTGAGE,45000.0,Not Verified,credit_card,MI,35.92,0.0,720.0,724.0,0.0,48.0,27.0,Individual,5,High Risk,Manual Review
130808010,16000.0, 60 months,24.84,E,E3,3 years,RENT,50000.0,Verified,debt_consolidation,AL,38.38,0.0,695.0,699.0,0.0,60.4,18.0,Individual,5,High Risk,Manual Review
130762523,21600.0, 60 months,28.72,F,F1,10+ years,MORTGAGE,58000.0,Source Verified,home_improvement,NY,19.86,1.0,675.0,679.0,0.0,91.9,21.0,Joint App,5,High Risk,Manual Review
130709721,12000.0, 36 months,22.9,E,E1,8 years,RENT,74000.0,Verified,debt_consolidation,CA,39.78,0.0,660.0,664.0,0.0,94.4,30.0,Individual,6,High Risk,Manual Review
129624912,25000.0, 36 months,24.84,E,E3,2 years,RENT,86000.0,Not Verified,debt_consolidation,FL,26.55,1.0,665.0,669.0,0.0,86.0,21.0,Joint App,5,High Risk,Manual Review
130837559,16000.0, 60 months,26.77,E,E5,< 1 year,MORTGAGE,85000.0,Source Verified,debt_consolidation,OK,17.62,1.0,680.0,684.0,1.0,89.3,23.0,Individual,5,High Risk,Manual Review
130810825,40000.0, 60 months,29.69,F,F2,5 years,MORTGAGE,50250.0,Verified,debt_consolidation,KY,20.9,1.0,690.0,694.0,0.0,94.2,13.0,Joint App,5,High Risk,Manual Review
129555494,12000.0, 36 months,22.9,E,E1,4 years,RENT,51000.0,Source Verified,credit_card,UT,39.29,0.0,705.0,709.0,0.0,85.1,15.0,Individual,6,High Risk,Manual Review
130827674,15000.0, 60 months,24.84,E,E3,3 years,MORTGAGE,89000.0,Not Verified,other,NJ,30.67,2.0,730.0,734.0,0.0,34.7,64.0,Individual,6,High Risk,Manual Review
130504013,15000.0, 60 months,30.17,F,F3,1 year,RENT,53000.0,Not Verified,debt_consolidation,NJ,33.99,1.0,680.0,684.0,4.0,39.0,45.0,Individual,6,High Risk,Manual Review
130289006,6900.0, 36 months,26.77,E,E5,3 years,RENT,75000.0,Source Verified,other,HI,35.22,0.0,735.0,739.0,1.0,30.0,13.0,Individual,5,High Risk,Manual Review
129680969,19000.0, 60 months,24.84,E,E3,7 years,MORTGAGE,59453.0,Verified,debt_consolidation,NC,31.23,0.0,665.0,669.0,0.0,63.8,17.0,Individual,5,High Risk,Manual Review
130787742,22000.0, 60 months,22.9,E,E1,< 1 year,RENT,45000.0,Not Verified,credit_card,FL,35.65,0.0,700.0,704.0,1.0,53.0,10.0,Individual,5,High Risk,Manual Review
129901179,15700.0, 60 months,30.65,F,F4,10+ years,MORTGAGE,81025.0,Not Verified,debt_consolidation,IN,31.04,0.0,670.0,674.0,0.0,91.1,17.0,Individual,6,High Risk,Manual Review
130653562,35000.0, 60 months,22.9,E,E1,7 years,OWN,106000.0,Verified,credit_card,NC,32.98,0.0,665.0,669.0,0.0,72.5,52.0,Individual,5,High Risk,Manual Review
130288267,7500.0, 36 months,24.84,E,E3,,MORTGAGE,21000.0,Verified,debt_consolidation,VA,41.31,0.0,685.0,689.0,0.0,74.3,18.0,Joint App,5,High Risk,Manual Review
130786901,25000.0, 60 months,26.77,E,E5,2 years,RENT,21000.0,Not Verified,debt_consolidation,NY,45.37,0.0,670.0,674.0,0.0,52.5,12.0,Joint App,5,High Risk,Manual Review
129672142,35000.0, 60 months,23.87,E,E2,10+ years,MORTGAGE,71000.0,Verified,credit_card,PA,52.67,0.0,690.0,694.0,0.0,79.6,26.0,Joint App,5,High Risk,Manual Review
130371490,30000.0, 60 months,25.81,E,E4,10+ years,MORTGAGE,55000.0,Source Verified,debt_consolidation,NC,36.74,0.0,685.0,689.0,0.0,68.0,17.0,Individual,5,High Risk,Manual Review
130757652,35000.0, 60 months,26.77,E,E5,4 years,MORTGAGE,42000.0,Verified,debt_consolidation,NC,41.06,0.0,700.0,704.0,0.0,75.4,18.0,Joint App,5,High Risk,Manual Review
130762319,7000.0, 36 months,16.01,C,C5,10+ years,MORTGAGE,60000.0,Verified,debt_consolidation,NC,32.04,1.0,675.0,679.0,2.0,85.0,34.0,Individual,5,High Risk,Manual Review
130242451,30000.0, 36 months,24.84,E,E3,10+ years,MORTGAGE,69312.0,Verified,credit_card,FL,22.21,1.0,665.0,669.0,0.0,90.2,24.0,Joint App,5,High Risk,Manual Review
130648230,10000.0, 36 months,15.04,C,C4,,MORTGAGE,48000.0,Verified,debt_consolidation,NC,39.88,1.0,665.0,669.0,0.0,86.0,26.0,Individual,5,High Risk,Manual Review
130460998,30000.0, 60 months,25.81,E,E4,10+ years,RENT,100000.0,Verified,debt_consolidation,NJ,33.7,1.0,660.0,664.0,0.0,68.4,22.0,Individual,6,High Risk,Manual Review
129737002,16000.0, 60 months,20.39,D,D4,4 years,MORTGAGE,18000.0,Not Verified,home_improvement,KS,33.13,6.0,660.0,664.0,0.0,90.0,20.0,Joint App,5,High Risk,Manual Review
130706828,24000.0, 60 months,22.9,E,E1,6 years,RENT,56000.0,Source Verified,debt_consolidation,FL,24.86,1.0,665.0,669.0,0.0,81.4,46.0,Individual,5,High Risk,Manual Review
130401445,20000.0, 60 months,30.75,F,F5,10+ years,MORTGAGE,57000.0,Verified,debt_consolidation,WI,31.89,0.0,695.0,699.0,0.0,90.8,26.0,Individual,6,High Risk,Manual Review
129532346,12000.0, 60 months,26.77,E,E5,3 years,RENT,55000.0,Not Verified,debt_consolidation,KY,36.39,0.0,685.0,689.0,1.0,30.0,10.0,Individual,5,High Risk,Manual Review
130083678,32125.0, 36 months,24.84,E,E3,2 years,MORTGAGE,34000.0,Verified,debt_consolidation,AZ,62.61,1.0,665.0,669.0,0.0,96.3,14.0,Joint App,7,High Risk,Manual Review
130559343,3300.0, 36 months,21.85,D,D5,6 years,RENT,60198.0,Verified,moving,TX,30.8,7.0,700.0,704.0,0.0,84.7,28.0,Individual,5,High Risk,Manual Review
130345270,4700.0, 36 months,29.69,F,F2,10+ years,MORTGAGE,62000.0,Verified,major_purchase,IN,22.78,1.0,675.0,679.0,1.0,94.0,19.0,Individual,5,High Risk,Manual Review
129724416,20000.0, 60 months,28.72,F,F1,6 years,MORTGAGE,34000.0,Source Verified,debt_consolidation,OH,37.87,0.0,665.0,669.0,1.0,35.7,25.0,Joint App,5,High Risk,Manual Review
130654577,34000.0, 60 months,20.39,D,D4,10+ years,RENT,70058.0,Source Verified,debt_consolidation,GA,39.29,1.0,670.0,674.0,0.0,90.9,33.0,Joint App,5,High Risk,Manual Review
130765632,2400.0, 36 months,23.87,E,E2,< 1 year,RENT,30000.0,Not Verified,credit_card,NY,30.64,0.0,670.0,674.0,0.0,60.0,5.0,Individual,5,High Risk,Manual Review
129692393,11200.0, 60 months,25.81,E,E4,4 years,RENT,45000.0,Verified,moving,CO,33.14,0.0,680.0,684.0,1.0,85.6,29.0,Individual,6,High Risk,Manual Review
130351372,32000.0, 36 months,24.84,E,E3,5 years,RENT,30000.0,Verified,debt_consolidation,ME,101.84,0.0,680.0,684.0,1.0,48.4,22.0,Joint App,5,High Risk,Manual Review
130369898,18475.0, 60 months,24.84,E,E3,10+ years,MORTGAGE,75000.0,Source Verified,home_improvement,MA,38.83,0.0,710.0,714.0,0.0,74.1,28.0,Individual,5,High Risk,Manual Review
130558746,30000.0, 60 months,28.72,F,F1,10+ years,RENT,96000.0,Verified,credit_card,TN,32.13,0.0,665.0,669.0,1.0,69.7,37.0,Individual,5,High Risk,Manual Review
129365862,20000.0, 60 months,25.81,E,E4,2 years,MORTGAGE,41000.0,Source Verified,debt_consolidation,FL,30.09,2.0,670.0,674.0,0.0,47.0,20.0,Individual,6,High Risk,Manual Review
129737155,18000.0, 60 months,25.81,E,E4,< 1 year,MORTGAGE,75000.0,Verified,debt_consolidation,MN,31.49,0.0,675.0,679.0,2.0,51.8,60.0,Individual,5,High Risk,Manual Review
129774089,25000.0, 36 months,25.81,E,E4,,MORTGAGE,55000.0,Not Verified,credit_card,NM,33.23,0.0,690.0,694.0,0.0,58.2,42.0,Individual,5,High Risk,Manual Review
130509933,30000.0, 60 months,25.81,E,E4,3 years,OWN,15000.0,Not Verified,debt_consolidation,OK,50.32,0.0,665.0,669.0,1.0,66.3,7.0,Joint App,5,High Risk,Manual Review
130465573,20000.0, 60 months,22.9,E,E1,1 year,RENT,36500.0,Verified,debt_consolidation,OK,32.23,0.0,710.0,714.0,0.0,96.8,25.0,Individual,6,High Risk,Manual Review
130517465,35000.0, 60 months,17.47,D,D1,5 years,OWN,100000.0,Not Verified,debt_consolidation,VA,31.43,1.0,680.0,684.0,0.0,99.4,26.0,Individual,5,High Risk,Manual Review
128913901,16000.0, 60 months,24.85,E,E3,1 year,RENT,41000.0,Not Verified,medical,IN,31.21,0.0,700.0,704.0,0.0,39.2,11.0,Joint App,5,High Risk,Manual Review
130346653,14000.0, 60 months,26.77,E,E5,< 1 year,MORTGAGE,28000.0,Verified,debt_consolidation,SC,49.16,0.0,715.0,719.0,0.0,60.7,15.0,Joint App,5,High Risk,Manual Review
130559739,16425.0, 60 months,24.84,E,E3,10+ years,MORTGAGE,45000.0,Verified,debt_consolidation,AR,38.83,0.0,685.0,689.0,0.0,16.7,32.0,Individual,5,High Risk,Manual Review
130476404,17600.0, 60 months,28.72,F,F1,7 years,RENT,59225.0,Source Verified,debt_consolidation,TX,34.47,0.0,680.0,684.0,1.0,62.6,48.0,Individual,5,High Risk,Manual Review
130065321,28425.0, 60 months,30.79,G,G1,4 years,MORTGAGE,64818.0,Verified,debt_consolidation,AL,56.29,2.0,695.0,699.0,0.0,90.2,29.0,Joint App,7,High Risk,Manual Review
130514042,10000.0, 36 months,17.47,D,D1,10+ years,RENT,45000.0,Source Verified,small_business,MA,31.84,1.0,670.0,674.0,0.0,85.7,9.0,Individual,5,High Risk,Manual Review
129936912,39000.0, 60 months,22.9,E,E1,10+ years,MORTGAGE,60000.0,Verified,debt_consolidation,OH,43.86,1.0,695.0,699.0,0.0,49.3,29.0,Joint App,6,High Risk,Manual Review
130469120,30000.0, 60 months,24.84,E,E3,2 years,MORTGAGE,150000.0,Verified,credit_card,NY,31.87,0.0,740.0,744.0,0.0,99.9,24.0,Individual,6,High Risk,Manual Review
130490877,2600.0, 36 months,23.87,E,E2,10+ years,OWN,48990.0,Verified,medical,CA,35.91,1.0,685.0,689.0,0.0,36.3,18.0,Individual,6,High Risk,Manual Review
128839334,10000.0, 36 months,22.9,E,E1,2 years,RENT,86000.0,Source Verified,debt_consolidation,CA,36.2,0.0,690.0,694.0,0.0,95.2,27.0,Individual,6,High Risk,Manual Review
130115319,15000.0, 60 months,29.69,F,F2,1 year,MORTGAGE,11000.0,Verified,credit_card,OH,78.06,0.0,685.0,689.0,0.0,95.4,13.0,Joint App,6,High Risk,Manual Review
130460222,40000.0, 60 months,28.72,F,F1,10+ years,RENT,20000.0,Verified,debt_consolidation,MO,39.5,1.0,700.0,704.0,1.0,0.0,25.0,Joint App,6,High Risk,Manual Review
130667609,13750.0, 60 months,26.77,E,E5,4 years,MORTGAGE,100000.0,Source Verified,debt_consolidation,MA,35.56,0.0,765.0,769.0,1.0,21.7,25.0,Individual,5,High Risk,Manual Review
129554918,24000.0, 60 months,26.77,E,E5,8 years,OWN,50000.0,Verified,debt_consolidation,GA,33.97,0.0,715.0,719.0,0.0,45.9,23.0,Individual,5,High Risk,Manual Review
129108695,19200.0, 60 months,26.77,E,E5,2 years,RENT,53000.0,Verified,debt_consolidation,IL,35.33,0.0,705.0,709.0,1.0,38.8,24.0,Individual,5,High Risk,Manual Review
130166749,16000.0, 60 months,30.75,F,F5,10+ years,RENT,39000.0,Verified,debt_consolidation,CO,35.54,0.0,675.0,679.0,0.0,76.5,14.0,Joint App,5,High Risk,Manual Review
130213551,3000.0, 36 months,22.9,E,E1,1 year,RENT,28000.0,Verified,moving,NV,30.13,0.0,670.0,674.0,1.0,52.4,14.0,Joint App,5,High Risk,Manual Review
130198668,22000.0, 60 months,26.77,E,E5,4 years,MORTGAGE,55000.0,Verified,credit_card,FL,30.55,0.0,670.0,674.0,0.0,64.9,28.0,Individual,5,High Risk,Manual Review
130184172,22000.0, 60 months,23.87,E,E2,10+ years,MORTGAGE,48000.0,Verified,debt_consolidation,CT,17.08,2.0,685.0,689.0,2.0,80.9,28.0,Individual,5,High Risk,Manual Review
130653459,25000.0, 60 months,30.75,F,F5,4 years,OWN,135000.0,Verified,debt_consolidation,SC,37.03,0.0,670.0,674.0,0.0,90.2,38.0,Individual,6,High Risk,Manual Review
130476347,15200.0, 60 months,24.84,E,E3,10+ years,RENT,99500.0,Not Verified,credit_card,CA,31.08,0.0,675.0,679.0,1.0,48.4,22.0,Individual,5,High Risk,Manual Review
130616401,15000.0, 36 months,22.9,E,E1,3 years,OWN,29000.0,Not Verified,debt_consolidation,TN,32.95,1.0,685.0,689.0,0.0,95.3,17.0,Joint App,7,High Risk,Manual Review
130079786,10000.0, 36 months,22.9,E,E1,10+ years,MORTGAGE,35000.0,Verified,debt_consolidation,SC,36.04,0.0,675.0,679.0,1.0,39.7,34.0,Individual,5,High Risk,Manual Review
130335532,7200.0, 36 months,23.87,E,E2,2 years,RENT,30000.0,Source Verified,debt_consolidation,FL,39.48,0.0,675.0,679.0,2.0,38.3,18.0,Joint App,5,High Risk,Manual Review
130000232,12000.0, 60 months,25.81,E,E4,5 years,RENT,57200.0,Verified,debt_consolidation,NV,33.2,0.0,660.0,664.0,0.0,55.1,32.0,Individual,5,High Risk,Manual Review
130612274,5000.0, 36 months,26.77,E,E5,3 years,MORTGAGE,77000.0,Source Verified,medical,NH,38.78,1.0,675.0,679.0,2.0,78.2,25.0,Joint App,6,High Risk,Manual Review
130430479,10000.0, 60 months,29.69,F,F2,10+ years,RENT,20000.0,Verified,debt_consolidation,VA,35.25,0.0,660.0,664.0,0.0,45.2,26.0,Individual,5,High Risk,Manual Review
130494649,24000.0, 60 months,25.81,E,E4,9 years,MORTGAGE,97000.0,Not Verified,home_improvement,MI,35.59,3.0,680.0,684.0,1.0,41.5,62.0,Joint App,6,High Risk,Manual Review
130321215,25000.0, 60 months,30.65,F,F4,,RENT,64000.0,Verified,debt_consolidation,RI,32.59,0.0,680.0,684.0,2.0,87.4,40.0,Individual,6,High Risk,Manual Review
130400249,13500.0, 36 months,22.9,E,E1,4 years,RENT,36000.0,Verified,debt_consolidation,TX,33.33,0.0,670.0,674.0,1.0,43.3,22.0,Individual,5,High Risk,Manual Review
130249410,8000.0, 36 months,26.77,E,E5,,MORTGAGE,17880.0,Verified,debt_consolidation,SC,41.61,1.0,665.0,669.0,0.0,67.0,9.0,Joint App,6,High Risk,Manual Review
130541127,33000.0, 60 months,26.77,E,E5,10+ years,MORTGAGE,106004.0,Not Verified,debt_consolidation,NY,32.58,1.0,660.0,664.0,0.0,89.0,42.0,Joint App,7,High Risk,Manual Review
130185030,5000.0, 36 months,24.84,E,E3,10+ years,MORTGAGE,28000.0,Source Verified,debt_consolidation,OH,51.99,0.0,660.0,664.0,0.0,39.9,37.0,Joint App,5,High Risk,Manual Review
130032520,16000.0, 60 months,17.47,D,D1,3 years,MORTGAGE,126000.0,Source Verified,home_improvement,TX,33.1,1.0,675.0,679.0,0.0,93.2,29.0,Individual,5,High Risk,Manual Review
130093985,24000.0, 60 months,20.39,D,D4,3 years,MORTGAGE,87000.0,Verified,debt_consolidation,TX,32.94,1.0,665.0,669.0,1.0,85.0,37.0,Individual,5,High Risk,Manual Review
130510236,12000.0, 60 months,25.81,E,E4,10+ years,MORTGAGE,24000.0,Not Verified,other,UT,48.1,1.0,680.0,684.0,0.0,63.7,24.0,Joint App,6,High Risk,Manual Review
130517111,16000.0, 60 months,26.77,E,E5,,RENT,12000.0,Not Verified,debt_consolidation,TX,106.0,0.0,670.0,674.0,0.0,47.3,22.0,Joint App,5,High Risk,Manual Review
130513066,15000.0, 36 months,23.87,E,E2,9 years,MORTGAGE,120000.0,Source Verified,credit_card,PA,38.91,0.0,720.0,724.0,0.0,46.8,19.0,Individual,5,High Risk,Manual Review
130354423,20000.0, 36 months,22.9,E,E1,,MORTGAGE,13000.0,Verified,home_improvement,DE,33.89,0.0,675.0,679.0,2.0,52.5,14.0,Joint App,5,High Risk,Manual Review
130510770,35000.0, 60 months,30.75,F,F5,10+ years,MORTGAGE,75000.0,Verified,debt_consolidation,HI,12.43,1.0,660.0,664.0,0.0,89.2,9.0,Joint App,5,High Risk,Manual Review
129699945,35000.0, 36 months,24.84,E,E3,10+ years,MORTGAGE,80000.0,Verified,debt_consolidation,OK,31.88,0.0,700.0,704.0,1.0,83.8,36.0,Joint App,6,High Risk,Manual Review
130496395,12000.0, 36 months,22.9,E,E1,10+ years,MORTGAGE,25400.0,Not Verified,credit_card,AL,35.59,0.0,705.0,709.0,1.0,52.8,16.0,Individual,5,High Risk,Manual Review
130536506,12000.0, 60 months,28.72,F,F1,,MORTGAGE,41000.0,Not Verified,debt_consolidation,LA,30.77,2.0,685.0,689.0,1.0,41.4,29.0,Individual,6,High Risk,Manual Review
130369809,20000.0, 36 months,24.84,E,E3,8 years,RENT,65024.0,Not Verified,debt_consolidation,NY,34.96,0.0,695.0,699.0,0.0,93.2,23.0,Individual,6,High Risk,Manual Review
130200681,20675.0, 60 months,30.79,G,G1,,MORTGAGE,90000.0,Verified,debt_consolidation,TX,37.62,0.0,730.0,734.0,0.0,41.0,29.0,Individual,5,High Risk,Manual Review
130510332,16500.0, 60 months,28.72,F,F1,5 years,MORTGAGE,43500.0,Verified,other,NY,38.29,0.0,675.0,679.0,2.0,41.5,52.0,Individual,5,High Risk,Manual Review
130089298,5500.0, 36 months,24.84,E,E3,,MORTGAGE,41323.0,Verified,debt_consolidation,NV,31.89,0.0,695.0,699.0,0.0,78.5,20.0,Individual,5,High Risk,Manual Review
130409942,20000.0, 60 months,25.81,E,E4,5 years,MORTGAGE,40000.0,Source Verified,credit_card,MA,37.44,0.0,690.0,694.0,0.0,72.6,12.0,Joint App,5,High Risk,Manual Review
130469719,11000.0, 36 months,24.84,E,E3,10+ years,MORTGAGE,115500.0,Source Verified,debt_consolidation,FL,32.91,0.0,695.0,699.0,0.0,69.1,29.0,Individual,5,High Risk,Manual Review
129809298,17300.0, 60 months,28.72,F,F1,,MORTGAGE,44000.0,Verified,debt_consolidation,WV,33.93,0.0,735.0,739.0,0.0,36.8,21.0,Individual,5,High Risk,Manual Review
130349662,14000.0, 60 months,26.77,E,E5,5 years,MORTGAGE,60000.0,Not Verified,small_business,TX,33.72,3.0,740.0,744.0,1.0,77.2,17.0,Individual,6,High Risk,Manual Review
130401123,30475.0, 60 months,30.75,F,F5,6 years,MORTGAGE,71000.0,Verified,debt_consolidation,WA,33.79,0.0,685.0,689.0,0.0,88.7,37.0,Joint App,6,High Risk,Manual Review
130323676,25000.0, 36 months,26.77,E,E5,10+ years,RENT,112000.0,Source Verified,small_business,NY,34.31,0.0,705.0,709.0,0.0,94.1,21.0,Individual,6,High Risk,Manual Review
130109306,4725.0, 36 months,23.87,E,E2,10+ years,RENT,35500.0,Not Verified,debt_consolidation,WA,30.16,3.0,710.0,714.0,2.0,10.3,26.0,Individual,6,High Risk,Manual Review
130378539,15750.0, 60 months,26.77,E,E5,,RENT,40000.0,Not Verified,debt_consolidation,NY,35.64,0.0,705.0,709.0,1.0,44.4,32.0,Individual,5,High Risk,Manual Review
130430069,15000.0, 36 months,18.45,D,D2,< 1 year,RENT,35000.0,Source Verified,credit_card,FL,30.45,1.0,660.0,664.0,0.0,89.1,10.0,Individual,5,High Risk,Manual Review
129701811,21000.0, 60 months,29.69,F,F2,3 years,OWN,65000.0,Not Verified,debt_consolidation,NY,49.39,0.0,700.0,704.0,1.0,93.2,41.0,Joint App,6,High Risk,Manual Review
130368262,18000.0, 60 months,26.77,E,E5,1 year,RENT,84000.0,Not Verified,debt_consolidation,TX,34.67,1.0,675.0,679.0,0.0,49.6,29.0,Joint App,6,High Risk,Manual Review
130171741,12700.0, 36 months,25.81,E,E4,7 years,MORTGAGE,76454.0,Verified,debt_consolidation,ME,40.29,0.0,715.0,719.0,1.0,76.4,24.0,Joint App,5,High Risk,Manual Review
130340063,10000.0, 36 months,23.87,E,E2,,MORTGAGE,36000.0,Verified,debt_consolidation,WA,32.53,0.0,665.0,669.0,0.0,65.0,28.0,Individual,5,High Risk,Manual Review
130368416,32000.0, 60 months,25.81,E,E4,10+ years,MORTGAGE,80000.0,Not Verified,home_improvement,CA,31.7,0.0,665.0,669.0,1.0,80.8,31.0,Joint App,6,High Risk,Manual Review
130369595,2500.0, 36 months,25.81,E,E4,10+ years,MORTGAGE,59000.0,Not Verified,debt_consolidation,NH,50.47,0.0,695.0,699.0,1.0,48.0,35.0,Joint App,5,High Risk,Manual Review
130472466,23000.0, 60 months,26.77,E,E5,10+ years,MORTGAGE,45000.0,Not Verified,credit_card,KY,36.53,0.0,675.0,679.0,1.0,71.4,23.0,Joint App,5,High Risk,Manual Review
130339144,15000.0, 60 months,26.77,E,E5,9 years,RENT,49000.0,Verified,debt_consolidation,GA,35.93,0.0,705.0,709.0,1.0,9.1,35.0,Individual,5,High Risk,Manual Review
130197318,40000.0, 60 months,26.77,E,E5,< 1 year,MORTGAGE,43000.0,Verified,credit_card,AR,57.05,0.0,680.0,684.0,0.0,71.4,37.0,Joint App,5,High Risk,Manual Review
130066623,35000.0, 60 months,26.77,E,E5,1 year,MORTGAGE,20000.0,Source Verified,debt_consolidation,VA,117.71,0.0,700.0,704.0,0.0,83.8,27.0,Joint App,6,High Risk,Manual Review
130286391,40000.0, 60 months,30.79,G,G1,10+ years,MORTGAGE,111000.0,Verified,debt_consolidation,VA,36.15,0.0,685.0,689.0,0.0,88.4,47.0,Joint App,6,High Risk,Manual Review
130429442,12000.0, 60 months,24.84,E,E3,< 1 year,RENT,68000.0,Verified,debt_consolidation,GA,31.84,0.0,670.0,674.0,0.0,73.0,26.0,Individual,5,High Risk,Manual Review
130445549,3000.0, 36 months,15.04,C,C4,,MORTGAGE,54000.0,Not Verified,vacation,OK,38.53,2.0,665.0,669.0,0.0,92.3,19.0,Individual,5,High Risk,Manual Review
130429942,20000.0, 60 months,29.69,F,F2,8 years,OWN,45000.0,Not Verified,debt_consolidation,FL,34.03,0.0,680.0,684.0,0.0,40.7,26.0,Individual,5,High Risk,Manual Review
130171921,24000.0, 60 months,24.84,E,E3,8 years,MORTGAGE,65000.0,Not Verified,home_improvement,SC,12.72,1.0,665.0,669.0,1.0,93.8,32.0,Individual,5,High Risk,Manual Review
130309771,18000.0, 36 months,24.84,E,E3,1 year,RENT,40000.0,Verified,credit_card,NY,32.67,0.0,685.0,689.0,0.0,95.0,10.0,Individual,6,High Risk,Manual Review
130103163,20425.0, 60 months,24.84,E,E3,,RENT,43000.0,Verified,debt_consolidation,KY,35.39,0.0,735.0,739.0,0.0,6.6,49.0,Individual,5,High Risk,Manual Review
129079570,10000.0, 60 months,24.84,E,E3,8 years,RENT,28000.0,Source Verified,debt_consolidation,WA,36.95,0.0,735.0,739.0,0.0,40.2,8.0,Individual,5,High Risk,Manual Review
130337497,7000.0, 36 months,25.81,E,E4,3 years,MORTGAGE,200000.0,Source Verified,debt_consolidation,GA,17.8,1.0,660.0,664.0,0.0,83.9,29.0,Joint App,5,High Risk,Manual Review
129516613,27200.0, 60 months,26.77,E,E5,4 years,RENT,60000.0,Source Verified,credit_card,MA,31.22,0.0,725.0,729.0,1.0,78.1,17.0,Individual,5,High Risk,Manual Review
130371661,15000.0, 36 months,24.84,E,E3,10+ years,MORTGAGE,50000.0,Source Verified,debt_consolidation,MI,32.72,1.0,670.0,674.0,0.0,76.4,41.0,Individual,6,High Risk,Manual Review
130340297,15100.0, 60 months,30.79,G,G1,3 years,MORTGAGE,76529.0,Verified,debt_consolidation,CO,58.87,0.0,700.0,704.0,0.0,79.2,30.0,Joint App,5,High Risk,Manual Review
130352526,19950.0, 36 months,25.81,E,E4,,MORTGAGE,76000.0,Verified,debt_consolidation,IL,32.4,0.0,675.0,679.0,0.0,63.9,49.0,Individual,5,High Risk,Manual Review
130308447,10000.0, 36 months,22.9,E,E1,< 1 year,MORTGAGE,40000.0,Not Verified,debt_consolidation,WA,13.47,1.0,660.0,664.0,1.0,91.0,16.0,Joint App,5,High Risk,Manual Review
129698560,10000.0, 36 months,23.87,E,E2,10+ years,MORTGAGE,131713.0,Source Verified,debt_consolidation,VA,24.16,2.0,675.0,679.0,0.0,86.5,25.0,Individual,5,High Risk,Manual Review
130235871,40000.0, 60 months,24.84,E,E3,,MORTGAGE,25000.0,Verified,debt_consolidation,CA,38.93,0.0,745.0,749.0,0.0,29.4,13.0,Joint App,5,High Risk,Manual Review
130339013,18000.0, 60 months,24.84,E,E3,2 years,MORTGAGE,70000.0,Source Verified,debt_consolidation,AZ,21.36,1.0,660.0,664.0,0.0,96.0,15.0,Individual,5,High Risk,Manual Review
130045615,5625.0, 36 months,29.69,F,F2,10+ years,MORTGAGE,32000.0,Verified,debt_consolidation,FL,37.28,0.0,670.0,674.0,0.0,79.0,12.0,Individual,5,High Risk,Manual Review
130352775,30000.0, 60 months,26.77,E,E5,6 years,RENT,78275.0,Not Verified,credit_card,WV,33.19,0.0,675.0,679.0,1.0,60.4,35.0,Individual,5,High Risk,Manual Review
130296136,10000.0, 36 months,22.9,E,E1,5 years,RENT,56000.0,Verified,debt_consolidation,MA,39.84,0.0,680.0,684.0,0.0,86.4,28.0,Joint App,6,High Risk,Manual Review
130264211,30000.0, 60 months,26.77,E,E5,10+ years,MORTGAGE,70000.0,Verified,other,AL,9.86,1.0,680.0,684.0,0.0,97.9,24.0,Individual,5,High Risk,Manual Review
130044177,20000.0, 36 months,30.94,G,G4,1 year,MORTGAGE,60000.0,Verified,debt_consolidation,NY,31.1,1.0,660.0,664.0,0.0,83.0,25.0,Individual,7,High Risk,Manual Review
129920076,19200.0, 60 months,25.81,E,E4,10+ years,RENT,56000.0,Verified,debt_consolidation,FL,30.88,0.0,705.0,709.0,0.0,53.6,13.0,Individual,5,High Risk,Manual Review
129957888,26800.0, 60 months,28.72,F,F1,10+ years,MORTGAGE,84600.0,Verified,debt_consolidation,MA,14.04,1.0,665.0,669.0,0.0,95.1,18.0,Individual,5,High Risk,Manual Review
130128317,12000.0, 60 months,24.84,E,E3,6 years,MORTGAGE,83400.0,Not Verified,debt_consolidation,VA,3.15,1.0,665.0,669.0,0.0,86.4,4.0,Individual,5,High Risk,Manual Review
129921025,15000.0, 60 months,29.69,F,F2,1 year,RENT,75000.0,Source Verified,other,NJ,31.3,0.0,660.0,664.0,0.0,50.1,17.0,Joint App,5,High Risk,Manual Review
130083973,12000.0, 60 months,22.9,E,E1,8 years,MORTGAGE,52000.0,Not Verified,credit_card,AK,34.27,1.0,685.0,689.0,2.0,73.2,26.0,Joint App,6,High Risk,Manual Review
130059852,11200.0, 60 months,26.77,E,E5,9 years,MORTGAGE,51000.0,Verified,debt_consolidation,NC,55.62,1.0,705.0,709.0,0.0,42.2,32.0,Joint App,6,High Risk,Manual Review
130296995,13250.0, 60 months,23.87,E,E2,4 years,OWN,90700.0,Verified,debt_consolidation,AZ,35.26,0.0,720.0,724.0,0.0,64.3,35.0,Individual,5,High Risk,Manual Review
130248570,2300.0, 36 months,23.87,E,E2,5 years,MORTGAGE,42000.0,Verified,debt_consolidation,FL,38.03,0.0,665.0,669.0,0.0,90.7,22.0,Individual,6,High Risk,Manual Review
129150153,12250.0, 60 months,26.77,E,E5,2 years,RENT,35000.0,Verified,debt_consolidation,FL,30.32,0.0,660.0,664.0,0.0,92.0,8.0,Individual,6,High Risk,Manual Review
130295987,35000.0, 60 months,17.47,D,D1,4 years,MORTGAGE,8000.0,Verified,credit_card,WI,158.56,1.0,670.0,674.0,0.0,86.3,20.0,Joint App,5,High Risk,Manual Review
130068443,25000.0, 60 months,25.81,E,E4,10+ years,MORTGAGE,60000.0,Verified,debt_consolidation,PA,35.46,0.0,685.0,689.0,0.0,66.5,17.0,Individual,5,High Risk,Manual Review
130257354,7500.0, 36 months,23.87,E,E2,2 years,RENT,60000.0,Verified,debt_consolidation,TX,38.64,1.0,670.0,674.0,2.0,100.0,24.0,Individual,7,High Risk,Manual Review
129829787,12000.0, 60 months,30.65,F,F4,9 years,MORTGAGE,2000.0,Verified,debt_consolidation,KS,489.16,0.0,680.0,684.0,3.0,28.5,21.0,Joint App,5,High Risk,Manual Review
130329588,16000.0, 60 months,26.77,E,E5,1 year,MORTGAGE,56000.0,Not Verified,debt_consolidation,MA,36.39,2.0,715.0,719.0,0.0,15.1,52.0,Joint App,6,High Risk,Manual Review
130264842,28500.0, 60 months,24.84,E,E3,10+ years,MORTGAGE,160000.0,Source Verified,debt_consolidation,AR,31.58,0.0,695.0,699.0,0.0,86.6,36.0,Individual,6,High Risk,Manual Review
130026648,8000.0, 36 months,23.87,E,E2,4 years,RENT,33000.0,Verified,debt_consolidation,NJ,35.75,0.0,695.0,699.0,0.0,38.4,23.0,Individual,5,High Risk,Manual Review
130248352,40000.0, 60 months,24.84,E,E3,10+ years,MORTGAGE,120700.0,Verified,credit_card,VA,40.46,0.0,680.0,684.0,0.0,85.3,47.0,Joint App,6,High Risk,Manual Review
130167936,30000.0, 60 months,24.84,E,E3,10+ years,MORTGAGE,40000.0,Verified,debt_consolidation,CT,46.71,0.0,705.0,709.0,0.0,63.7,14.0,Joint App,5,High Risk,Manual Review
129639886,20000.0, 60 months,26.77,E,E5,9 years,OWN,52000.0,Verified,debt_consolidation,OH,46.62,0.0,715.0,719.0,0.0,17.8,39.0,Joint App,5,High Risk,Manual Review
130171346,16000.0, 60 months,25.81,E,E4,10+ years,MORTGAGE,90000.0,Verified,debt_consolidation,MA,12.03,1.0,660.0,664.0,1.0,97.6,26.0,Individual,5,High Risk,Manual Review
129699645,15000.0, 36 months,23.87,E,E2,,MORTGAGE,30000.0,Verified,medical,FL,31.96,1.0,695.0,699.0,0.0,82.5,23.0,Joint App,7,High Risk,Manual Review
129918490,19750.0, 36 months,26.77,E,E5,10+ years,MORTGAGE,25500.0,Source Verified,other,FL,38.96,0.0,730.0,734.0,1.0,6.2,44.0,Joint App,5,High Risk,Manual Review
130163057,5000.0, 36 months,29.69,F,F2,10+ years,MORTGAGE,206615.0,Source Verified,medical,CA,32.67,0.0,750.0,754.0,3.0,46.0,26.0,Individual,5,High Risk,Manual Review
129835461,35000.0, 60 months,30.17,F,F3,4 years,MORTGAGE,76324.0,Source Verified,debt_consolidation,TX,30.96,2.0,660.0,664.0,0.0,80.9,32.0,Joint App,7,High Risk,Manual Review
130183784,12000.0, 60 months,30.79,G,G1,5 years,RENT,70000.0,Verified,debt_consolidation,MI,40.99,0.0,705.0,709.0,0.0,59.7,34.0,Joint App,5,High Risk,Manual Review
129200131,20000.0, 60 months,25.81,E,E4,10+ years,MORTGAGE,56583.0,Source Verified,debt_consolidation,PA,33.45,0.0,660.0,664.0,2.0,41.8,33.0,Joint App,5,High Risk,Manual Review
130028467,35000.0, 60 months,24.84,E,E3,,RENT,25000.0,Source Verified,credit_card,IL,37.25,0.0,685.0,689.0,0.0,32.1,28.0,Joint App,5,High Risk,Manual Review
129968929,20000.0, 60 months,23.87,E,E2,,MORTGAGE,19400.0,Verified,debt_consolidation,NY,56.2,1.0,705.0,709.0,0.0,88.9,17.0,Joint App,7,High Risk,Manual Review
129822036,20000.0, 36 months,17.47,D,D1,,MORTGAGE,40000.0,Verified,debt_consolidation,FL,34.98,1.0,665.0,669.0,1.0,84.1,26.0,Individual,5,High Risk,Manual Review
129979408,19675.0, 60 months,24.84,E,E3,8 years,MORTGAGE,40000.0,Verified,home_improvement,FL,36.6,0.0,680.0,684.0,0.0,39.4,27.0,Individual,5,High Risk,Manual Review
130164245,24000.0, 60 months,28.72,F,F1,10+ years,MORTGAGE,62000.0,Source Verified,debt_consolidation,WI,31.22,0.0,675.0,679.0,0.0,85.0,38.0,Joint App,6,High Risk,Manual Review
128779566,35000.0, 60 months,28.72,F,F1,10+ years,RENT,51000.0,Verified,debt_consolidation,MD,46.19,0.0,660.0,664.0,0.0,75.7,11.0,Joint App,5,High Risk,Manual Review
128712700,10000.0, 36 months,24.84,E,E3,10+ years,RENT,105000.0,Not Verified,debt_consolidation,CA,14.01,1.0,670.0,674.0,0.0,94.0,29.0,Individual,5,High Risk,Manual Review
130240479,20000.0, 36 months,26.77,E,E5,10+ years,OWN,70000.0,Verified,debt_consolidation,CT,39.86,0.0,700.0,704.0,0.0,56.4,48.0,Individual,5,High Risk,Manual Review
129677827,9600.0, 36 months,24.84,E,E3,10+ years,RENT,53000.0,Not Verified,debt_consolidation,CA,31.84,0.0,660.0,664.0,0.0,66.5,20.0,Joint App,5,High Risk,Manual Review
129942101,10000.0, 60 months,23.87,E,E2,1 year,RENT,37400.0,Verified,debt_consolidation,GA,37.39,1.0,660.0,664.0,1.0,49.0,24.0,Individual,6,High Risk,Manual Review
129870278,3000.0, 36 months,22.9,E,E1,,OWN,12000.0,Verified,other,TX,67.3,0.0,695.0,699.0,1.0,80.2,12.0,Joint App,6,High Risk,Manual Review
130072436,7800.0, 36 months,23.87,E,E2,10+ years,RENT,25000.0,Source Verified,debt_consolidation,HI,31.4,0.0,695.0,699.0,1.0,33.5,17.0,Individual,5,High Risk,Manual Review
130163477,24000.0, 60 months,26.77,E,E5,6 years,MORTGAGE,46128.0,Not Verified,debt_consolidation,MO,34.0,0.0,695.0,699.0,2.0,91.9,8.0,Joint App,6,High Risk,Manual Review
130079319,25000.0, 60 months,25.81,E,E4,10+ years,RENT,72600.0,Source Verified,debt_consolidation,NY,38.85,0.0,690.0,694.0,0.0,65.0,33.0,Individual,5,High Risk,Manual Review
129911583,4000.0, 36 months,19.42,D,D3,10+ years,MORTGAGE,60000.0,Not Verified,vacation,TN,33.74,1.0,670.0,674.0,1.0,89.2,16.0,Individual,5,High Risk,Manual Review
130115815,10000.0, 60 months,24.84,E,E3,4 years,MORTGAGE,38000.0,Verified,debt_consolidation,NY,34.87,0.0,680.0,684.0,0.0,60.2,18.0,Individual,5,High Risk,Manual Review
129755532,15000.0, 36 months,22.9,E,E1,10+ years,OWN,45000.0,Verified,debt_consolidation,OH,62.27,0.0,675.0,679.0,3.0,59.9,73.0,Joint App,5,High Risk,Manual Review
130129371,12000.0, 60 months,26.77,E,E5,10+ years,MORTGAGE,65000.0,Not Verified,medical,VA,33.19,0.0,675.0,679.0,0.0,84.5,19.0,Joint App,6,High Risk,Manual Review
129691460,28000.0, 60 months,28.72,F,F1,10+ years,RENT,93000.0,Not Verified,debt_consolidation,NC,35.26,1.0,665.0,669.0,1.0,93.6,34.0,Individual,7,High Risk,Manual Review
130062637,10425.0, 36 months,22.9,E,E1,< 1 year,OWN,50000.0,Verified,credit_card,TX,37.45,0.0,700.0,704.0,0.0,43.7,29.0,Individual,5,High Risk,Manual Review
130100088,35000.0, 60 months,26.77,E,E5,10+ years,MORTGAGE,43000.0,Not Verified,debt_consolidation,MS,14.84,2.0,660.0,664.0,0.0,94.9,14.0,Joint App,5,High Risk,Manual Review
130109168,19200.0, 36 months,17.47,D,D1,,MORTGAGE,42512.04,Verified,debt_consolidation,OR,32.07,1.0,700.0,704.0,0.0,80.4,10.0,Individual,5,High Risk,Manual Review
129855628,14000.0, 60 months,28.72,F,F1,10+ years,OWN,15000.0,Verified,debt_consolidation,NY,35.04,1.0,660.0,664.0,0.0,94.8,8.0,Joint App,7,High Risk,Manual Review
130140325,30000.0, 60 months,22.9,E,E1,10+ years,MORTGAGE,66000.0,Verified,debt_consolidation,MD,15.89,6.0,660.0,664.0,0.0,81.0,36.0,Individual,5,High Risk,Manual Review
130129199,21400.0, 60 months,29.69,F,F2,< 1 year,RENT,36000.0,Not Verified,debt_consolidation,CA,30.37,0.0,670.0,674.0,1.0,45.3,13.0,Individual,5,High Risk,Manual Review
129979586,4000.0, 36 months,24.84,E,E3,,RENT,11200.0,Verified,debt_consolidation,CA,46.73,0.0,715.0,719.0,1.0,68.5,12.0,Joint App,5,High Risk,Manual Review
129860700,10000.0, 60 months,28.72,F,F1,10+ years,RENT,20000.0,Source Verified,car,NY,25.34,1.0,660.0,664.0,0.0,87.4,15.0,Joint App,5,High Risk,Manual Review
130065394,25000.0, 60 months,29.69,F,F2,10+ years,MORTGAGE,47000.0,Not Verified,credit_card,RI,33.73,1.0,680.0,684.0,0.0,96.4,19.0,Joint App,7,High Risk,Manual Review
129595573,20000.0, 60 months,28.72,F,F1,3 years,OWN,67000.0,Not Verified,debt_consolidation,TX,15.8,2.0,660.0,664.0,0.0,87.0,34.0,Individual,5,High Risk,Manual Review
130147334,17200.0, 36 months,26.77,E,E5,7 years,RENT,129869.0,Source Verified,credit_card,DC,35.34,0.0,705.0,709.0,0.0,84.7,26.0,Individual,6,High Risk,Manual Review
129919109,9700.0, 36 months,25.81,E,E4,< 1 year,MORTGAGE,100000.0,Verified,debt_consolidation,TX,47.73,0.0,695.0,699.0,1.0,25.9,36.0,Joint App,5,High Risk,Manual Review
130097002,17300.0, 60 months,23.87,E,E2,10+ years,RENT,30000.0,Verified,debt_consolidation,OH,35.6,0.0,670.0,674.0,2.0,53.5,35.0,Individual,5,High Risk,Manual Review
130108852,16000.0, 60 months,25.81,E,E4,,MORTGAGE,120000.0,Verified,credit_card,CA,23.36,1.0,695.0,699.0,2.0,94.5,14.0,Individual,5,High Risk,Manual Review
130101548,7000.0, 36 months,20.39,D,D4,10+ years,RENT,35000.0,Source Verified,home_improvement,OH,32.26,1.0,665.0,669.0,1.0,93.6,26.0,Individual,5,High Risk,Manual Review
129668513,16000.0, 60 months,26.77,E,E5,10+ years,RENT,50000.0,Verified,debt_consolidation,MN,33.18,0.0,690.0,694.0,1.0,61.1,41.0,Individual,5,High Risk,Manual Review
129674336,7700.0, 36 months,25.81,E,E4,,MORTGAGE,8140.0,Verified,debt_consolidation,WA,66.37,0.0,665.0,669.0,0.0,90.0,18.0,Joint App,6,High Risk,Manual Review
128711308,9250.0, 36 months,23.88,E,E2,10+ years,MORTGAGE,94344.0,Verified,debt_consolidation,CA,19.47,1.0,670.0,674.0,0.0,95.6,14.0,Individual,5,High Risk,Manual Review
129719685,20000.0, 36 months,24.84,E,E3,10+ years,RENT,48060.0,Source Verified,other,OR,32.38,0.0,695.0,699.0,0.0,50.3,25.0,Individual,5,High Risk,Manual Review
130086224,8000.0, 36 months,19.42,D,D3,,MORTGAGE,72300.0,Verified,debt_consolidation,MI,30.54,1.0,665.0,669.0,0.0,92.3,32.0,Individual,5,High Risk,Manual Review
129621967,25950.0, 60 months,26.77,E,E5,10+ years,MORTGAGE,33390.0,Verified,debt_consolidation,CT,56.18,0.0,725.0,729.0,0.0,44.7,31.0,Joint App,5,High Risk,Manual Review
129250275,24000.0, 60 months,16.01,C,C5,3 years,MORTGAGE,72000.0,Source Verified,debt_consolidation,TX,34.33,2.0,685.0,689.0,0.0,86.6,14.0,Individual,5,High Risk,Manual Review
129546814,23500.0, 60 months,25.81,E,E4,1 year,MORTGAGE,62487.0,Source Verified,debt_consolidation,TN,37.08,0.0,670.0,674.0,1.0,22.0,15.0,Joint App,5,High Risk,Manual Review
130070799,6000.0, 36 months,23.87,E,E2,1 year,MORTGAGE,32000.0,Source Verified,debt_consolidation,AR,36.53,0.0,690.0,694.0,0.0,81.8,23.0,Joint App,6,High Risk,Manual Review
129837661,1000.0, 36 months,22.9,E,E1,,MORTGAGE,25816.0,Verified,other,AZ,35.56,0.0,660.0,664.0,0.0,17.2,24.0,Individual,5,High Risk,Manual Review
130030795,22500.0, 60 months,24.84,E,E3,8 years,RENT,45000.0,Not Verified,debt_consolidation,SC,36.11,0.0,670.0,674.0,0.0,72.3,13.0,Joint App,5,High Risk,Manual Review
130079976,20000.0, 60 months,23.87,E,E2,10+ years,RENT,35300.0,Source Verified,other,OR,30.3,0.0,665.0,669.0,0.0,71.1,14.0,Joint App,5,High Risk,Manual Review
130087407,12000.0, 60 months,26.77,E,E5,4 years,RENT,45000.0,Source Verified,credit_card,FL,34.49,0.0,675.0,679.0,0.0,84.5,19.0,Individual,6,High Risk,Manual Review
129400361,20000.0, 60 months,25.81,E,E4,7 years,RENT,65000.0,Source Verified,debt_consolidation,CA,31.61,1.0,695.0,699.0,0.0,80.4,23.0,Joint App,7,High Risk,Manual Review
129509242,2000.0, 36 months,23.87,E,E2,10+ years,RENT,36000.0,Verified,major_purchase,FL,27.9,1.0,660.0,664.0,1.0,91.9,13.0,Individual,5,High Risk,Manual Review
130065556,13825.0, 60 months,30.79,G,G1,5 years,RENT,82545.0,Not Verified,debt_consolidation,CA,38.91,0.0,735.0,739.0,1.0,7.8,18.0,Joint App,5,High Risk,Manual Review
129920519,10000.0, 36 months,23.87,E,E2,5 years,MORTGAGE,55000.0,Verified,debt_consolidation,SC,38.23,0.0,675.0,679.0,0.0,101.9,20.0,Joint App,6,High Risk,Manual Review
129616385,25000.0, 36 months,25.81,E,E4,10+ years,RENT,75000.0,Verified,debt_consolidation,FL,34.78,0.0,670.0,674.0,2.0,58.6,35.0,Individual,5,High Risk,Manual Review
129911636,12000.0, 36 months,23.87,E,E2,,RENT,20000.0,Verified,debt_consolidation,ME,42.02,0.0,715.0,719.0,0.0,28.2,12.0,Joint App,5,High Risk,Manual Review
129522977,32000.0, 60 months,23.87,E,E2,10+ years,MORTGAGE,75000.0,Verified,debt_consolidation,NV,27.06,1.0,665.0,669.0,0.0,90.7,19.0,Joint App,5,High Risk,Manual Review
129705642,5700.0, 36 months,23.87,E,E2,2 years,OWN,12000.0,Not Verified,debt_consolidation,TX,91.4,0.0,680.0,684.0,0.0,77.2,21.0,Joint App,5,High Risk,Manual Review
130010319,11800.0, 60 months,28.72,F,F1,,RENT,22356.0,Verified,major_purchase,FL,32.26,1.0,670.0,674.0,0.0,18.0,26.0,Individual,6,High Risk,Manual Review
130068682,20000.0, 60 months,23.87,E,E2,2 years,MORTGAGE,50000.0,Not Verified,debt_consolidation,MN,31.97,0.0,740.0,744.0,0.0,36.1,30.0,Individual,5,High Risk,Manual Review
129979177,25000.0, 36 months,22.9,E,E1,5 years,RENT,86000.0,Verified,debt_consolidation,FL,30.92,0.0,675.0,679.0,0.0,47.4,18.0,Individual,5,High Risk,Manual Review
128908646,16000.0, 60 months,30.75,F,F5,10+ years,RENT,43000.0,Source Verified,other,NY,34.43,0.0,665.0,669.0,0.0,87.0,16.0,Joint App,6,High Risk,Manual Review
129939701,18000.0, 60 months,26.77,E,E5,,OWN,55000.0,Verified,debt_consolidation,LA,38.34,0.0,690.0,694.0,1.0,70.2,26.0,Individual,5,High Risk,Manual Review
129292940,3925.0, 36 months,26.77,E,E5,1 year,RENT,35000.0,Source Verified,other,FL,33.2,1.0,720.0,724.0,0.0,2.0,14.0,Individual,6,High Risk,Manual Review
129870065,30000.0, 60 months,24.84,E,E3,10+ years,RENT,78000.0,Verified,debt_consolidation,WA,31.47,0.0,670.0,674.0,0.0,8.6,23.0,Individual,5,High Risk,Manual Review
129930016,16000.0, 60 months,28.72,F,F1,10+ years,OWN,70000.0,Source Verified,debt_consolidation,AL,37.98,0.0,700.0,704.0,0.0,88.5,30.0,Individual,6,High Risk,Manual Review
129866123,30000.0, 60 months,24.84,E,E3,10+ years,MORTGAGE,44184.0,Not Verified,debt_consolidation,WA,38.21,1.0,690.0,694.0,0.0,35.5,40.0,Joint App,6,High Risk,Manual Review
129803062,35000.0, 60 months,29.69,F,F2,10+ years,MORTGAGE,35000.0,Not Verified,debt_consolidation,TX,60.81,0.0,705.0,709.0,0.0,85.1,29.0,Joint App,6,High Risk,Manual Review
129558732,5225.0, 36 months,24.84,E,E3,9 years,RENT,36000.0,Not Verified,home_improvement,CA,44.27,1.0,665.0,669.0,0.0,57.3,13.0,Joint App,6,High Risk,Manual Review
129804052,35000.0, 60 months,30.75,F,F5,10+ years,RENT,42000.0,Not Verified,debt_consolidation,NJ,43.6,0.0,685.0,689.0,0.0,69.3,10.0,Joint App,5,High Risk,Manual Review
129718313,30000.0, 60 months,29.69,F,F2,,MORTGAGE,58000.0,Verified,debt_consolidation,CA,31.04,1.0,695.0,699.0,2.0,52.7,45.0,Joint App,6,High Risk,Manual Review
130010628,12000.0, 60 months,24.84,E,E3,,RENT,35000.0,Not Verified,other,PA,33.97,0.0,660.0,664.0,0.0,30.1,34.0,Individual,5,High Risk,Manual Review
129974115,3000.0, 36 months,18.45,D,D2,10+ years,OWN,74000.0,Source Verified,medical,WI,32.23,1.0,660.0,664.0,0.0,81.4,18.0,Individual,5,High Risk,Manual Review
130010091,28000.0, 60 months,28.72,F,F1,10+ years,OWN,70000.0,Verified,debt_consolidation,KY,33.24,0.0,715.0,719.0,0.0,60.8,36.0,Individual,5,High Risk,Manual Review
130025520,10000.0, 60 months,26.77,E,E5,10+ years,MORTGAGE,117000.0,Verified,other,VA,30.18,0.0,695.0,699.0,0.0,53.7,25.0,Individual,5,High Risk,Manual Review
129965168,21000.0, 60 months,30.17,F,F3,6 years,MORTGAGE,55000.0,Not Verified,debt_consolidation,MD,30.96,1.0,705.0,709.0,0.0,10.2,11.0,Joint App,6,High Risk,Manual Review
129513865,18650.0, 60 months,30.79,G,G1,10+ years,MORTGAGE,55000.0,Verified,debt_consolidation,NM,58.76,0.0,700.0,704.0,1.0,79.2,37.0,Joint App,5,High Risk,Manual Review
129980539,6750.0, 36 months,24.84,E,E3,2 years,MORTGAGE,45000.0,Verified,debt_consolidation,DE,32.91,0.0,665.0,669.0,1.0,97.0,15.0,Individual,6,High Risk,Manual Review
129970691,5800.0, 36 months,23.87,E,E2,10+ years,RENT,37000.0,Verified,moving,OH,39.25,0.0,670.0,674.0,1.0,56.2,14.0,Individual,5,High Risk,Manual Review
129930193,27200.0, 60 months,24.84,E,E3,< 1 year,RENT,30000.0,Source Verified,debt_consolidation,NV,36.96,0.0,700.0,704.0,2.0,30.2,22.0,Joint App,5,High Risk,Manual Review
130027983,8000.0, 36 months,23.87,E,E2,8 years,RENT,57000.0,Not Verified,credit_card,TX,38.36,0.0,670.0,674.0,0.0,46.5,10.0,Individual,5,High Risk,Manual Review
129066694,10000.0, 60 months,26.3,E,E5,10+ years,MORTGAGE,32000.0,Not Verified,debt_consolidation,GA,31.58,0.0,745.0,749.0,1.0,32.2,17.0,Joint App,5,High Risk,Manual Review
129880335,30000.0, 36 months,18.45,D,D2,2 years,OWN,94000.0,Source Verified,credit_card,AL,38.15,1.0,700.0,704.0,0.0,85.0,20.0,Individual,5,High Risk,Manual Review
129294826,25000.0, 36 months,25.81,E,E4,10+ years,RENT,107000.0,Verified,credit_card,IL,35.16,0.0,760.0,764.0,0.0,33.4,38.0,Individual,5,High Risk,Manual Review
129800765,27300.0, 60 months,26.77,E,E5,10+ years,MORTGAGE,185000.0,Not Verified,debt_consolidation,WA,26.25,1.0,665.0,669.0,0.0,89.7,30.0,Individual,5,High Risk,Manual Review
129368445,9600.0, 36 months,22.9,E,E1,2 years,RENT,24000.0,Verified,debt_consolidation,MO,47.3,0.0,665.0,669.0,0.0,42.7,19.0,Joint App,5,High Risk,Manual Review
129441087,4000.0, 36 months,20.39,D,D4,10+ years,MORTGAGE,26000.0,Verified,other,IL,60.53,1.0,665.0,669.0,0.0,89.3,19.0,Joint App,5,High Risk,Manual Review
129881958,10000.0, 60 months,30.79,G,G1,,OWN,25000.0,Verified,other,CO,39.41,0.0,675.0,679.0,0.0,72.2,9.0,Joint App,5,High Risk,Manual Review
129906118,5000.0, 36 months,22.9,E,E1,1 year,OWN,23000.0,Not Verified,debt_consolidation,NY,36.8,2.0,660.0,664.0,0.0,50.2,22.0,Joint App,6,High Risk,Manual Review
129533694,20950.0, 60 months,26.77,E,E5,10+ years,RENT,45000.0,Verified,debt_consolidation,ME,36.11,1.0,735.0,739.0,0.0,12.7,82.0,Individual,6,High Risk,Manual Review
129829665,16800.0, 60 months,23.87,E,E2,,RENT,7000.0,Verified,debt_consolidation,IL,262.26,0.0,660.0,664.0,0.0,87.8,22.0,Joint App,6,High Risk,Manual Review
129758772,25000.0, 60 months,23.87,E,E2,,RENT,20000.0,Source Verified,debt_consolidation,NY,83.06,2.0,685.0,689.0,0.0,38.9,29.0,Joint App,6,High Risk,Manual Review
129977040,10000.0, 60 months,26.77,E,E5,3 years,RENT,33000.0,Not Verified,debt_consolidation,WA,44.47,0.0,670.0,674.0,0.0,96.4,17.0,Joint App,6,High Risk,Manual Review
129881062,10750.0, 60 months,28.72,F,F1,10+ years,MORTGAGE,84790.0,Verified,home_improvement,TX,36.89,0.0,740.0,744.0,0.0,29.2,73.0,Individual,5,High Risk,Manual Review
128663484,30000.0, 60 months,26.77,E,E5,10+ years,MORTGAGE,88000.0,Verified,debt_consolidation,HI,30.1,0.0,695.0,699.0,0.0,89.5,41.0,Individual,6,High Risk,Manual Review
129100776,8100.0, 36 months,24.84,E,E3,9 years,MORTGAGE,42000.0,Source Verified,debt_consolidation,OK,36.49,0.0,710.0,714.0,0.0,29.0,31.0,Individual,5,High Risk,Manual Review
129079844,28000.0, 60 months,26.77,E,E5,6 years,RENT,30000.0,Not Verified,debt_consolidation,NJ,34.99,0.0,700.0,704.0,2.0,35.2,26.0,Joint App,5,High Risk,Manual Review
129852752,30000.0, 60 months,28.72,F,F1,10+ years,MORTGAGE,120000.0,Verified,debt_consolidation,IL,30.84,0.0,700.0,704.0,1.0,71.1,42.0,Individual,5,High Risk,Manual Review
129773908,20000.0, 60 months,23.87,E,E2,,MORTGAGE,59880.0,Verified,small_business,MS,13.65,2.0,660.0,664.0,1.0,92.6,16.0,Individual,5,High Risk,Manual Review
129926150,15675.0, 60 months,24.84,E,E3,4 years,RENT,52000.0,Source Verified,debt_consolidation,PA,30.16,0.0,665.0,669.0,1.0,51.7,40.0,Individual,5,High Risk,Manual Review
129170782,31100.0, 60 months,23.87,E,E2,,MORTGAGE,135000.0,Verified,debt_consolidation,VA,31.96,0.0,700.0,704.0,0.0,66.9,56.0,Individual,5,High Risk,Manual Review
129958384,20000.0, 60 months,25.81,E,E4,10+ years,MORTGAGE,50000.0,Not Verified,credit_card,MI,38.84,0.0,725.0,729.0,0.0,74.1,17.0,Individual,5,High Risk,Manual Review
129925818,15000.0, 60 months,26.77,E,E5,10+ years,MORTGAGE,135000.0,Verified,credit_card,MI,31.17,0.0,670.0,674.0,1.0,78.8,63.0,Individual,5,High Risk,Manual Review
129942359,35000.0, 60 months,30.79,G,G1,10+ years,MORTGAGE,48000.0,Not Verified,debt_consolidation,OH,48.91,0.0,675.0,679.0,0.0,89.0,26.0,Joint App,6,High Risk,Manual Review
129594065,20000.0, 60 months,28.72,F,F1,10+ years,OWN,57200.0,Not Verified,debt_consolidation,MI,36.45,0.0,690.0,694.0,1.0,98.4,34.0,Individual,6,High Risk,Manual Review
129912256,12000.0, 60 months,26.77,E,E5,< 1 year,RENT,30000.0,Verified,debt_consolidation,NJ,38.2,0.0,670.0,674.0,0.0,56.7,14.0,Individual,5,High Risk,Manual Review
129299816,11500.0, 60 months,30.65,F,F4,1 year,RENT,20000.0,Not Verified,debt_consolidation,TN,48.08,0.0,690.0,694.0,0.0,56.3,7.0,Joint App,5,High Risk,Manual Review
129827941,25000.0, 36 months,23.87,E,E2,6 years,MORTGAGE,81006.0,Source Verified,debt_consolidation,WY,33.79,1.0,695.0,699.0,0.0,74.7,19.0,Individual,6,High Risk,Manual Review
129854254,40000.0, 36 months,20.39,D,D4,10+ years,MORTGAGE,70000.0,Verified,debt_consolidation,MI,43.55,1.0,690.0,694.0,0.0,90.6,37.0,Joint App,5,High Risk,Manual Review
129884964,15000.0, 36 months,26.77,E,E5,< 1 year,MORTGAGE,115000.0,Not Verified,debt_consolidation,NY,7.37,1.0,670.0,674.0,0.0,84.3,11.0,Joint App,5,High Risk,Manual Review
129875650,20000.0, 60 months,30.75,F,F5,1 year,RENT,57000.0,Verified,debt_consolidation,GA,30.18,0.0,685.0,689.0,0.0,89.2,24.0,Individual,6,High Risk,Manual Review
129004425,30000.0, 60 months,24.85,E,E3,10+ years,OWN,155000.0,Not Verified,debt_consolidation,TX,47.67,0.0,665.0,669.0,0.0,59.0,30.0,Joint App,5,High Risk,Manual Review
129381406,30000.0, 60 months,30.65,F,F4,3 years,MORTGAGE,13500.0,Source Verified,credit_card,PA,30.84,0.0,715.0,719.0,0.0,100.6,17.0,Joint App,6,High Risk,Manual Review
129045972,14000.0, 60 months,26.77,E,E5,6 years,RENT,37000.0,Verified,debt_consolidation,MA,37.43,0.0,685.0,689.0,1.0,47.9,26.0,Individual,5,High Risk,Manual Review
129561131,2000.0, 36 months,22.9,E,E1,,RENT,8700.0,Verified,debt_consolidation,NY,72.55,1.0,660.0,664.0,0.0,40.5,13.0,Joint App,6,High Risk,Manual Review
129682958,19000.0, 60 months,26.77,E,E5,1 year,RENT,76000.0,Not Verified,debt_consolidation,MO,32.86,0.0,680.0,684.0,1.0,59.6,41.0,Joint App,5,High Risk,Manual Review
129821986,26550.0, 36 months,24.84,E,E3,10+ years,MORTGAGE,92000.0,Verified,credit_card,NY,59.59,0.0,670.0,674.0,1.0,76.8,33.0,Joint App,5,High Risk,Manual Review
128488790,12000.0, 36 months,22.91,E,E1,,MORTGAGE,38000.0,Source Verified,other,MD,49.19,0.0,660.0,664.0,0.0,54.8,16.0,Joint App,5,High Risk,Manual Review
129522669,35000.0, 60 months,24.84,E,E3,3 years,MORTGAGE,35000.0,Source Verified,debt_consolidation,NC,49.14,1.0,670.0,674.0,1.0,91.0,17.0,Joint App,7,High Risk,Manual Review
129668034,10000.0, 36 months,23.87,E,E2,10+ years,RENT,55000.0,Verified,debt_consolidation,TX,31.51,0.0,700.0,704.0,1.0,42.3,27.0,Individual,5,High Risk,Manual Review
129759098,25000.0, 60 months,29.69,F,F2,10+ years,RENT,49600.0,Not Verified,debt_consolidation,IL,39.15,0.0,700.0,704.0,2.0,60.8,16.0,Joint App,5,High Risk,Manual Review
129091407,15275.0, 60 months,30.65,F,F4,10+ years,MORTGAGE,55000.0,Not Verified,credit_card,IL,48.83,0.0,695.0,699.0,0.0,85.6,18.0,Joint App,6,High Risk,Manual Review
129870237,14000.0, 60 months,26.77,E,E5,5 years,MORTGAGE,40000.0,Not Verified,debt_consolidation,TX,34.98,0.0,660.0,664.0,2.0,44.8,19.0,Individual,5,High Risk,Manual Review
129855571,15000.0, 60 months,28.72,F,F1,9 years,MORTGAGE,111890.0,Verified,debt_consolidation,GA,33.15,0.0,680.0,684.0,0.0,95.4,59.0,Individual,6,High Risk,Manual Review
129562585,7800.0, 36 months,23.87,E,E2,8 years,RENT,150000.0,Not Verified,debt_consolidation,VA,30.63,0.0,665.0,669.0,0.0,19.6,51.0,Individual,5,High Risk,Manual Review
128591663,14000.0, 60 months,18.06,D,D2,6 years,MORTGAGE,50000.0,Source Verified,debt_consolidation,MI,38.6,1.0,720.0,724.0,2.0,87.5,24.0,Joint App,5,High Risk,Manual Review
129047194,28800.0, 60 months,24.85,E,E3,3 years,OWN,137000.0,Source Verified,debt_consolidation,NY,31.69,0.0,685.0,689.0,0.0,80.2,30.0,Individual,6,High Risk,Manual Review
129757836,9800.0, 36 months,23.87,E,E2,1 year,RENT,33024.0,Verified,debt_consolidation,WI,79.29,0.0,665.0,669.0,3.0,70.6,22.0,Joint App,5,High Risk,Manual Review
128626075,8000.0, 36 months,20.0,D,D4,10+ years,OWN,38000.0,Not Verified,debt_consolidation,WA,52.29,1.0,670.0,674.0,0.0,90.8,14.0,Joint App,5,High Risk,Manual Review
129703232,20000.0, 60 months,26.77,E,E5,,RENT,40000.0,Verified,debt_consolidation,MO,30.33,0.0,675.0,679.0,0.0,70.0,22.0,Individual,5,High Risk,Manual Review
129831504,22425.0, 60 months,28.72,F,F1,3 years,MORTGAGE,80700.0,Source Verified,debt_consolidation,NM,36.81,0.0,700.0,704.0,1.0,30.2,56.0,Individual,5,High Risk,Manual Review
129686778,20475.0, 60 months,30.79,G,G1,1 year,MORTGAGE,61000.0,Verified,debt_consolidation,OH,31.09,0.0,675.0,679.0,0.0,82.7,30.0,Individual,6,High Risk,Manual Review
129706288,20000.0, 60 months,24.84,E,E3,4 years,RENT,42000.0,Verified,debt_consolidation,FL,30.89,0.0,680.0,684.0,0.0,93.2,24.0,Individual,6,High Risk,Manual Review
129648649,20600.0, 36 months,25.81,E,E4,10+ years,RENT,88400.0,Verified,debt_consolidation,NV,34.99,0.0,665.0,669.0,0.0,79.5,29.0,Individual,5,High Risk,Manual Review
129555464,30000.0, 60 months,24.84,E,E3,2 years,RENT,63373.0,Verified,home_improvement,IL,33.67,1.0,690.0,694.0,0.0,60.2,24.0,Individual,6,High Risk,Manual Review
129802755,10925.0, 60 months,30.65,F,F4,2 years,MORTGAGE,45000.0,Not Verified,debt_consolidation,NC,35.09,0.0,695.0,699.0,0.0,52.4,30.0,Joint App,5,High Risk,Manual Review
129626954,10000.0, 36 months,24.84,E,E3,4 years,MORTGAGE,37970.0,Verified,debt_consolidation,FL,30.25,0.0,700.0,704.0,1.0,48.0,23.0,Joint App,5,High Risk,Manual Review
129102188,26000.0, 60 months,24.84,E,E3,2 years,RENT,51000.0,Verified,debt_consolidation,CO,32.12,0.0,710.0,714.0,1.0,67.3,38.0,Individual,5,High Risk,Manual Review
129679198,40000.0, 60 months,28.72,F,F1,3 years,MORTGAGE,31000.0,Verified,debt_consolidation,NY,34.11,0.0,685.0,689.0,0.0,71.1,14.0,Joint App,5,High Risk,Manual Review
129661889,6000.0, 36 months,24.84,E,E3,10+ years,RENT,92000.0,Verified,debt_consolidation,CA,23.05,1.0,675.0,679.0,3.0,81.8,28.0,Individual,5,High Risk,Manual Review
129822009,18000.0, 36 months,21.85,D,D5,3 years,OWN,52000.0,Not Verified,credit_card,NJ,30.97,2.0,675.0,679.0,1.0,84.6,19.0,Individual,5,High Risk,Manual Review
129231734,1500.0, 36 months,23.87,E,E2,8 years,RENT,42000.0,Not Verified,other,MS,39.71,0.0,665.0,669.0,0.0,84.0,18.0,Individual,6,High Risk,Manual Review
129806416,20000.0, 60 months,24.84,E,E3,10+ years,MORTGAGE,85000.0,Not Verified,home_improvement,GA,41.69,0.0,680.0,684.0,0.0,69.4,37.0,Joint App,5,High Risk,Manual Review
129760328,16650.0, 36 months,23.87,E,E2,3 years,MORTGAGE,37000.0,Verified,debt_consolidation,NM,32.92,0.0,660.0,664.0,0.0,88.0,27.0,Individual,6,High Risk,Manual Review
129535695,14400.0, 36 months,23.87,E,E2,8 years,MORTGAGE,50000.0,Verified,credit_card,MT,30.03,0.0,680.0,684.0,0.0,44.3,17.0,Individual,5,High Risk,Manual Review
129558352,5200.0, 36 months,24.84,E,E3,,RENT,14628.0,Verified,debt_consolidation,AR,34.95,0.0,710.0,714.0,1.0,38.0,19.0,Individual,5,High Risk,Manual Review
129094969,28000.0, 60 months,26.77,E,E5,10+ years,MORTGAGE,85158.0,Source Verified,debt_consolidation,AL,35.03,0.0,690.0,694.0,0.0,79.2,24.0,Individual,5,High Risk,Manual Review
128442165,22000.0, 60 months,26.3,E,E5,2 years,RENT,43200.0,Verified,medical,FL,53.78,1.0,685.0,689.0,0.0,53.8,32.0,Joint App,6,High Risk,Manual Review
129595158,35000.0, 36 months,23.87,E,E2,6 years,MORTGAGE,86428.0,Verified,debt_consolidation,MD,31.99,4.0,670.0,674.0,0.0,85.8,36.0,Joint App,7,High Risk,Manual Review
129382090,35000.0, 60 months,30.79,G,G1,,MORTGAGE,10000.0,Not Verified,debt_consolidation,OH,295.73,0.0,665.0,669.0,0.0,69.0,48.0,Joint App,5,High Risk,Manual Review
129225580,3500.0, 36 months,22.9,E,E1,< 1 year,MORTGAGE,55000.0,Not Verified,home_improvement,FL,34.45,0.0,715.0,719.0,0.0,29.4,32.0,Individual,5,High Risk,Manual Review
129559908,8400.0, 36 months,22.9,E,E1,,OWN,14000.0,Verified,debt_consolidation,NH,30.53,0.0,665.0,669.0,2.0,56.9,20.0,Joint App,5,High Risk,Manual Review
128145805,32000.0, 60 months,28.72,F,F1,3 years,MORTGAGE,24000.0,Verified,debt_consolidation,CT,75.45,0.0,675.0,679.0,0.0,56.7,26.0,Joint App,5,High Risk,Manual Review
129669058,30000.0, 36 months,23.87,E,E2,,MORTGAGE,42321.0,Verified,credit_card,VA,16.93,1.0,685.0,689.0,0.0,82.4,10.0,Joint App,5,High Risk,Manual Review
128490513,30000.0, 60 months,25.82,E,E4,10+ years,MORTGAGE,144000.0,Verified,major_purchase,AZ,39.88,0.0,670.0,674.0,0.0,94.5,36.0,Individual,6,High Risk,Manual Review
129700655,6850.0, 36 months,25.81,E,E4,,MORTGAGE,39500.0,Verified,credit_card,NY,37.34,0.0,660.0,664.0,0.0,83.9,31.0,Individual,6,High Risk,Manual Review
129760153,12000.0, 60 months,24.84,E,E3,,OWN,46000.0,Not Verified,debt_consolidation,CA,35.2,0.0,700.0,704.0,0.0,40.1,31.0,Individual,5,High Risk,Manual Review
129754213,30000.0, 60 months,26.77,E,E5,10+ years,RENT,110000.0,Verified,debt_consolidation,NY,30.74,0.0,700.0,704.0,1.0,47.6,16.0,Individual,5,High Risk,Manual Review
129685124,30000.0, 60 months,26.77,E,E5,1 year,MORTGAGE,400000.0,Source Verified,other,FL,23.26,1.0,680.0,684.0,0.0,89.0,72.0,Individual,5,High Risk,Manual Review
129438978,10000.0, 36 months,23.87,E,E2,5 years,MORTGAGE,130000.0,Not Verified,debt_consolidation,CA,12.96,1.0,665.0,669.0,0.0,83.3,18.0,Individual,5,High Risk,Manual Review
129701043,15000.0, 60 months,25.81,E,E4,10+ years,MORTGAGE,45000.0,Not Verified,debt_consolidation,NY,34.67,1.0,665.0,669.0,0.0,59.0,21.0,Individual,6,High Risk,Manual Review
129396308,24000.0, 36 months,26.77,E,E5,2 years,RENT,35000.0,Verified,debt_consolidation,CA,45.47,0.0,695.0,699.0,0.0,34.9,21.0,Joint App,5,High Risk,Manual Review
129134350,13125.0, 36 months,26.77,E,E5,10+ years,OWN,24000.0,Verified,debt_consolidation,FL,44.9,0.0,705.0,709.0,1.0,26.8,19.0,Joint App,5,High Risk,Manual Review
129705223,18800.0, 36 months,30.84,G,G2,10+ years,RENT,31000.0,Verified,debt_consolidation,CA,30.51,0.0,670.0,674.0,0.0,91.3,14.0,Individual,6,High Risk,Manual Review
128952617,20000.0, 60 months,30.75,F,F5,< 1 year,RENT,50000.0,Verified,debt_consolidation,VA,49.26,0.0,660.0,664.0,0.0,41.7,31.0,Joint App,5,High Risk,Manual Review
129253799,19300.0, 36 months,30.17,F,F3,< 1 year,RENT,29500.0,Verified,debt_consolidation,WA,32.26,0.0,670.0,674.0,0.0,66.0,32.0,Individual,5,High Risk,Manual Review
128484719,40000.0, 60 months,26.3,E,E5,10+ years,OWN,44000.0,Verified,debt_consolidation,MT,74.66,0.0,695.0,699.0,0.0,52.1,20.0,Joint App,5,High Risk,Manual Review
129363549,10000.0, 36 months,24.84,E,E3,< 1 year,MORTGAGE,38000.0,Verified,debt_consolidation,TX,36.39,0.0,680.0,684.0,1.0,82.0,21.0,Individual,6,High Risk,Manual Review
129632753,32000.0, 60 months,30.79,G,G1,10+ years,MORTGAGE,43500.0,Verified,credit_card,MT,43.89,0.0,730.0,734.0,0.0,36.0,30.0,Joint App,5,High Risk,Manual Review
128999559,3000.0, 36 months,26.3,E,E5,,MORTGAGE,47000.0,Verified,debt_consolidation,NC,37.44,0.0,710.0,714.0,0.0,38.6,49.0,Individual,5,High Risk,Manual Review
129280429,12000.0, 60 months,24.84,E,E3,10+ years,RENT,36000.0,Verified,debt_consolidation,DE,33.6,0.0,680.0,684.0,0.0,8.4,16.0,Individual,5,High Risk,Manual Review
129635317,20400.0, 60 months,26.77,E,E5,5 years,RENT,44000.0,Verified,debt_consolidation,FL,30.71,0.0,730.0,734.0,1.0,24.3,16.0,Individual,5,High Risk,Manual Review
128749562,5575.0, 36 months,22.91,E,E1,,MORTGAGE,37000.0,Verified,credit_card,PA,36.2,0.0,750.0,754.0,0.0,63.7,13.0,Individual,5,High Risk,Manual Review
129353972,30000.0, 36 months,17.47,D,D1,,OWN,325000.0,Verified,credit_card,CA,30.96,1.0,675.0,679.0,1.0,84.0,40.0,Individual,5,High Risk,Manual Review
129405643,15150.0, 60 months,26.77,E,E5,4 years,RENT,75000.0,Verified,other,WA,31.17,0.0,675.0,679.0,0.0,36.5,22.0,Individual,5,High Risk,Manual Review
129689814,3000.0, 36 months,25.81,E,E4,6 years,MORTGAGE,135000.0,Not Verified,debt_consolidation,NC,5.17,1.0,660.0,664.0,0.0,101.6,9.0,Joint App,5,High Risk,Manual Review
129532055,16900.0, 36 months,26.77,E,E5,1 year,RENT,100000.0,Not Verified,credit_card,CA,38.43,0.0,720.0,724.0,2.0,21.3,34.0,Individual,5,High Risk,Manual Review
129223583,32000.0, 60 months,20.39,D,D4,10+ years,RENT,110000.0,Source Verified,vacation,VA,34.91,1.0,685.0,689.0,0.0,84.0,25.0,Individual,5,High Risk,Manual Review
129164586,27225.0, 36 months,22.9,E,E1,10+ years,MORTGAGE,24000.0,Not Verified,debt_consolidation,MO,35.8,0.0,740.0,744.0,0.0,8.2,10.0,Joint App,5,High Risk,Manual Review
129044810,20000.0, 60 months,28.72,F,F1,10+ years,OWN,140000.0,Not Verified,major_purchase,AZ,38.27,0.0,715.0,719.0,0.0,68.7,27.0,Individual,5,High Risk,Manual Review
129221349,12000.0, 60 months,22.9,E,E1,5 years,MORTGAGE,55000.0,Source Verified,debt_consolidation,NC,34.09,0.0,660.0,664.0,0.0,66.6,23.0,Individual,5,High Risk,Manual Review
129674380,30000.0, 60 months,26.77,E,E5,10+ years,MORTGAGE,83179.0,Not Verified,debt_consolidation,KS,39.73,0.0,700.0,704.0,1.0,37.7,33.0,Individual,5,High Risk,Manual Review
129613225,1000.0, 36 months,22.9,E,E1,,RENT,31000.0,Verified,medical,NY,33.95,0.0,665.0,669.0,0.0,45.6,47.0,Individual,5,High Risk,Manual Review
128311912,8625.0, 36 months,23.88,E,E2,3 years,OWN,60000.0,Verified,debt_consolidation,TX,30.56,1.0,665.0,669.0,3.0,57.0,40.0,Individual,6,High Risk,Manual Review
129646317,25000.0, 60 months,25.81,E,E4,10+ years,RENT,35000.0,Not Verified,debt_consolidation,TX,35.87,0.0,730.0,734.0,0.0,43.4,16.0,Individual,5,High Risk,Manual Review
129233203,4800.0, 36 months,26.77,E,E5,,RENT,14400.0,Verified,debt_consolidation,WY,53.59,0.0,660.0,664.0,1.0,50.1,6.0,Joint App,5,High Risk,Manual Review
129075711,16875.0, 36 months,26.3,E,E5,10+ years,MORTGAGE,90000.0,Not Verified,debt_consolidation,NY,33.13,0.0,705.0,709.0,0.0,63.5,33.0,Individual,5,High Risk,Manual Review
129396248,14000.0, 60 months,26.77,E,E5,10+ years,MORTGAGE,47561.0,Source Verified,credit_card,TN,32.73,0.0,730.0,734.0,0.0,99.3,15.0,Individual,6,High Risk,Manual Review
129055849,16000.0, 60 months,26.3,E,E5,4 years,MORTGAGE,54000.0,Verified,home_improvement,TX,35.89,0.0,660.0,664.0,0.0,86.3,40.0,Individual,6,High Risk,Manual Review
129616066,9425.0, 36 months,26.77,E,E5,1 year,RENT,180000.0,Not Verified,debt_consolidation,IL,30.33,0.0,710.0,714.0,1.0,64.9,21.0,Individual,5,High Risk,Manual Review
129620879,15000.0, 60 months,24.84,E,E3,8 years,RENT,22880.0,Verified,credit_card,KY,127.33,0.0,695.0,699.0,0.0,71.6,19.0,Joint App,5,High Risk,Manual Review
129562419,10000.0, 36 months,22.9,E,E1,10+ years,OWN,52980.0,Verified,credit_card,CA,34.77,0.0,670.0,674.0,0.0,80.6,19.0,Individual,6,High Risk,Manual Review
129616032,40000.0, 60 months,25.81,E,E4,10+ years,MORTGAGE,79934.39,Not Verified,debt_consolidation,MO,35.23,0.0,695.0,699.0,0.0,73.5,22.0,Joint App,5,High Risk,Manual Review
129517317,1000.0, 36 months,23.87,E,E2,,MORTGAGE,39500.0,Verified,debt_consolidation,LA,35.89,0.0,700.0,704.0,0.0,48.9,21.0,Individual,5,High Risk,Manual Review
129359083,25000.0, 36 months,25.81,E,E4,2 years,RENT,150000.0,Source Verified,credit_card,VA,10.22,3.0,685.0,689.0,0.0,86.0,26.0,Individual,5,High Risk,Manual Review
129516493,16000.0, 60 months,25.81,E,E4,10+ years,MORTGAGE,50000.0,Verified,credit_card,MI,33.25,0.0,705.0,709.0,0.0,98.9,31.0,Individual,6,High Risk,Manual Review
129540121,15000.0, 60 months,26.77,E,E5,5 years,OWN,16000.0,Verified,credit_card,GA,55.81,0.0,670.0,674.0,0.0,88.5,13.0,Joint App,6,High Risk,Manual Review
129173016,15000.0, 36 months,24.84,E,E3,,MORTGAGE,40000.0,Verified,debt_consolidation,UT,37.2,0.0,670.0,674.0,1.0,93.3,21.0,Joint App,6,High Risk,Manual Review
129640573,30000.0, 60 months,25.81,E,E4,10+ years,OWN,75000.0,Source Verified,credit_card,OH,35.07,0.0,690.0,694.0,2.0,80.4,45.0,Individual,6,High Risk,Manual Review
128976652,14600.0, 36 months,25.82,E,E4,10+ years,MORTGAGE,67000.0,Verified,debt_consolidation,TX,35.72,1.0,680.0,684.0,1.0,64.8,53.0,Individual,6,High Risk,Manual Review
129098606,35000.0, 36 months,19.42,D,D3,6 years,OWN,65000.0,Verified,debt_consolidation,NM,58.4,1.0,685.0,689.0,1.0,83.1,21.0,Joint App,5,High Risk,Manual Review
129586372,2000.0, 36 months,24.84,E,E3,< 1 year,MORTGAGE,20000.0,Source Verified,debt_consolidation,NE,90.76,0.0,675.0,679.0,2.0,55.2,20.0,Joint App,5,High Risk,Manual Review
129629342,28000.0, 60 months,24.84,E,E3,10+ years,MORTGAGE,90000.0,Verified,debt_consolidation,TX,25.59,3.0,660.0,664.0,0.0,89.3,15.0,Individual,5,High Risk,Manual Review
129623411,30000.0, 60 months,24.84,E,E3,10+ years,OWN,110000.0,Source Verified,home_improvement,MI,31.07,3.0,710.0,714.0,0.0,54.0,22.0,Joint App,6,High Risk,Manual Review
128415607,11975.0, 60 months,23.87,E,E2,1 year,MORTGAGE,98000.0,Not Verified,small_business,ME,34.88,0.0,705.0,709.0,2.0,69.5,41.0,Individual,5,High Risk,Manual Review
129319844,13525.0, 36 months,22.9,E,E1,1 year,RENT,25000.0,Verified,credit_card,CO,39.1,0.0,675.0,679.0,0.0,48.2,28.0,Individual,5,High Risk,Manual Review
129379331,14000.0, 36 months,23.87,E,E2,10+ years,RENT,40000.0,Source Verified,small_business,CT,37.47,0.0,670.0,674.0,0.0,95.1,18.0,Individual,6,High Risk,Manual Review
127486542,25000.0, 60 months,30.75,F,F5,3 years,MORTGAGE,13725.0,Verified,debt_consolidation,WA,81.01,0.0,665.0,669.0,0.0,76.0,44.0,Joint App,5,High Risk,Manual Review
129551494,10000.0, 60 months,25.81,E,E4,10+ years,MORTGAGE,41500.0,Not Verified,debt_consolidation,MS,38.23,0.0,680.0,684.0,1.0,79.7,19.0,Individual,5,High Risk,Manual Review
129394431,12000.0, 60 months,25.81,E,E4,< 1 year,OWN,30000.0,Verified,debt_consolidation,NY,31.15,0.0,680.0,684.0,2.0,20.2,17.0,Individual,5,High Risk,Manual Review
129361959,30000.0, 60 months,25.81,E,E4,3 years,MORTGAGE,36000.0,Source Verified,debt_consolidation,ME,37.47,0.0,710.0,714.0,1.0,15.0,32.0,Joint App,5,High Risk,Manual Review
129509681,27825.0, 36 months,24.84,E,E3,10+ years,MORTGAGE,61500.0,Not Verified,debt_consolidation,MD,37.64,0.0,680.0,684.0,0.0,83.1,19.0,Joint App,6,High Risk,Manual Review
129038115,28000.0, 60 months,30.65,F,F4,10+ years,MORTGAGE,78000.0,Verified,debt_consolidation,MN,39.52,1.0,675.0,679.0,0.0,68.2,21.0,Joint App,6,High Risk,Manual Review
128694802,40000.0, 60 months,25.81,E,E4,9 years,MORTGAGE,80000.0,Verified,credit_card,PA,35.0,0.0,705.0,709.0,0.0,70.1,28.0,Joint App,5,High Risk,Manual Review
129220086,29200.0, 60 months,24.84,E,E3,7 years,MORTGAGE,67000.0,Verified,debt_consolidation,OH,33.89,0.0,695.0,699.0,1.0,28.2,25.0,Joint App,5,High Risk,Manual Review
128535893,20000.0, 36 months,22.91,E,E1,1 year,MORTGAGE,55000.0,Source Verified,debt_consolidation,TX,34.39,0.0,675.0,679.0,0.0,60.5,25.0,Individual,5,High Risk,Manual Review
129263759,25000.0, 60 months,15.04,C,C4,< 1 year,RENT,93000.0,Verified,debt_consolidation,GA,32.48,1.0,665.0,669.0,0.0,87.0,23.0,Individual,5,High Risk,Manual Review
129534384,12800.0, 60 months,26.77,E,E5,6 years,MORTGAGE,80000.0,Source Verified,debt_consolidation,NC,33.68,0.0,690.0,694.0,0.0,73.9,37.0,Individual,5,High Risk,Manual Review
129393521,20000.0, 60 months,30.79,G,G1,10+ years,OWN,82000.0,Verified,debt_consolidation,GA,33.86,0.0,700.0,704.0,3.0,34.4,84.0,Individual,5,High Risk,Manual Review
128441560,4500.0, 36 months,17.09,D,D1,10+ years,MORTGAGE,1200.0,Verified,debt_consolidation,NV,591.0,1.0,665.0,669.0,0.0,87.8,25.0,Joint App,5,High Risk,Manual Review
129521493,20850.0, 60 months,30.79,G,G1,10+ years,MORTGAGE,50000.0,Verified,credit_card,OR,34.49,0.0,730.0,734.0,0.0,100.5,8.0,Individual,6,High Risk,Manual Review
129516527,11200.0, 60 months,28.72,F,F1,2 years,MORTGAGE,50000.0,Source Verified,credit_card,TX,38.77,0.0,665.0,669.0,0.0,42.5,19.0,Joint App,5,High Risk,Manual Review
129538245,6000.0, 36 months,23.87,E,E2,2 years,MORTGAGE,49500.0,Source Verified,house,TX,35.76,0.0,685.0,689.0,0.0,46.7,16.0,Joint App,5,High Risk,Manual Review
128786306,20000.0, 60 months,28.72,F,F1,1 year,MORTGAGE,60000.0,Source Verified,home_improvement,NY,13.6,2.0,665.0,669.0,0.0,86.2,22.0,Joint App,5,High Risk,Manual Review
129002684,17100.0, 36 months,23.88,E,E2,,OWN,46000.0,Verified,debt_consolidation,CA,31.33,0.0,660.0,664.0,0.0,85.8,23.0,Individual,6,High Risk,Manual Review
129526676,11200.0, 60 months,24.84,E,E3,2 years,RENT,35000.0,Source Verified,debt_consolidation,NY,31.03,0.0,695.0,699.0,0.0,32.4,13.0,Individual,5,High Risk,Manual Review
129264510,35000.0, 60 months,30.65,F,F4,10+ years,MORTGAGE,68000.0,Verified,debt_consolidation,IL,57.87,0.0,670.0,674.0,2.0,40.8,40.0,Joint App,5,High Risk,Manual Review
129434124,3000.0, 36 months,22.9,E,E1,2 years,MORTGAGE,50000.0,Verified,debt_consolidation,MN,51.97,0.0,675.0,679.0,0.0,77.1,20.0,Joint App,5,High Risk,Manual Review
129400117,4000.0, 36 months,23.87,E,E2,10+ years,RENT,68700.0,Verified,debt_consolidation,HI,31.34,0.0,685.0,689.0,1.0,35.0,41.0,Joint App,5,High Risk,Manual Review
129354067,1000.0, 36 months,30.84,G,G2,10+ years,RENT,32840.0,Verified,other,VA,35.6,0.0,675.0,679.0,0.0,93.0,25.0,Individual,6,High Risk,Manual Review
129228640,12000.0, 36 months,24.84,E,E3,5 years,RENT,44592.0,Verified,debt_consolidation,NY,37.45,0.0,670.0,674.0,1.0,46.3,21.0,Individual,5,High Risk,Manual Review
129440437,12600.0, 60 months,25.81,E,E4,,RENT,50239.0,Not Verified,credit_card,WA,33.06,0.0,715.0,719.0,0.0,52.9,14.0,Individual,5,High Risk,Manual Review
128931148,4200.0, 36 months,22.91,E,E1,,RENT,24000.0,Verified,other,ND,87.9,0.0,755.0,759.0,0.0,50.3,29.0,Joint App,5,High Risk,Manual Review
129017967,12000.0, 60 months,26.3,E,E5,< 1 year,RENT,60000.0,Verified,debt_consolidation,IL,38.32,0.0,730.0,734.0,0.0,75.3,33.0,Individual,5,High Risk,Manual Review
129174265,22550.0, 36 months,26.77,E,E5,10+ years,MORTGAGE,90600.0,Not Verified,debt_consolidation,CA,38.24,0.0,720.0,724.0,0.0,84.7,24.0,Joint App,6,High Risk,Manual Review
129160433,24000.0, 60 months,17.47,D,D1,2 years,MORTGAGE,94000.0,Verified,credit_card,MI,35.98,3.0,685.0,689.0,0.0,80.6,33.0,Individual,5,High Risk,Manual Review
129395263,10000.0, 60 months,25.81,E,E4,2 years,RENT,23040.0,Verified,credit_card,IL,31.67,0.0,670.0,674.0,0.0,90.6,16.0,Individual,6,High Risk,Manual Review
128699780,4250.0, 36 months,30.75,F,F5,8 years,MORTGAGE,40000.0,Verified,debt_consolidation,VA,34.59,0.0,685.0,689.0,0.0,36.9,23.0,Individual,5,High Risk,Manual Review
129508630,11200.0, 60 months,25.81,E,E4,10+ years,MORTGAGE,50000.0,Not Verified,credit_card,AL,39.32,0.0,720.0,724.0,0.0,63.5,27.0,Individual,5,High Risk,Manual Review
129205365,24000.0, 60 months,26.77,E,E5,10+ years,RENT,130000.0,Verified,debt_consolidation,CA,24.23,1.0,660.0,664.0,1.0,88.4,13.0,Individual,5,High Risk,Manual Review
129402787,30000.0, 60 months,26.77,E,E5,4 years,MORTGAGE,82000.0,Verified,debt_consolidation,GA,17.32,1.0,665.0,669.0,0.0,87.9,23.0,Individual,5,High Risk,Manual Review
129470123,35000.0, 60 months,30.65,F,F4,10+ years,RENT,55000.0,Not Verified,debt_consolidation,FL,47.57,0.0,700.0,704.0,2.0,44.7,28.0,Joint App,5,High Risk,Manual Review
129379760,12000.0, 60 months,29.69,F,F2,,OWN,81800.0,Verified,debt_consolidation,NC,34.34,0.0,685.0,689.0,0.0,46.9,42.0,Joint App,5,High Risk,Manual Review
129402791,24000.0, 60 months,24.84,E,E3,10+ years,MORTGAGE,52000.0,Verified,other,TX,34.55,0.0,680.0,684.0,0.0,64.4,33.0,Individual,5,High Risk,Manual Review
128914913,35000.0, 60 months,26.3,E,E5,10+ years,MORTGAGE,90000.0,Verified,debt_consolidation,WV,34.55,0.0,690.0,694.0,2.0,98.0,17.0,Individual,6,High Risk,Manual Review
129437143,12000.0, 60 months,24.84,E,E3,1 year,RENT,36000.0,Source Verified,debt_consolidation,SD,32.47,0.0,675.0,679.0,0.0,46.1,29.0,Individual,5,High Risk,Manual Review
128280925,30000.0, 60 months,26.77,E,E5,10+ years,RENT,60000.0,Source Verified,debt_consolidation,CA,30.56,0.0,730.0,734.0,0.0,56.0,21.0,Individual,5,High Risk,Manual Review
127229089,20000.0, 60 months,24.85,E,E3,,OWN,40000.0,Verified,home_improvement,FL,43.67,0.0,700.0,704.0,0.0,49.2,29.0,Joint App,5,High Risk,Manual Review
129387436,23000.0, 60 months,22.9,E,E1,4 years,RENT,30000.0,Verified,debt_consolidation,KS,46.72,0.0,710.0,714.0,0.0,69.3,15.0,Joint App,5,High Risk,Manual Review
129442345,10000.0, 60 months,24.84,E,E3,5 years,RENT,38337.0,Not Verified,debt_consolidation,TX,32.19,0.0,675.0,679.0,0.0,67.0,20.0,Individual,5,High Risk,Manual Review
129439242,25000.0, 36 months,26.77,E,E5,1 year,MORTGAGE,80000.0,Source Verified,debt_consolidation,NC,38.91,0.0,700.0,704.0,0.0,73.9,21.0,Individual,5,High Risk,Manual Review
128220108,8000.0, 36 months,25.81,E,E4,< 1 year,MORTGAGE,30000.0,Source Verified,debt_consolidation,AL,35.84,1.0,700.0,704.0,1.0,24.3,16.0,Joint App,6,High Risk,Manual Review
129394222,25000.0, 60 months,26.77,E,E5,3 years,RENT,55000.0,Verified,debt_consolidation,CA,43.46,0.0,680.0,684.0,0.0,79.3,18.0,Joint App,5,High Risk,Manual Review
129017688,10000.0, 60 months,26.3,E,E5,3 years,MORTGAGE,37521.12,Verified,debt_consolidation,AR,37.49,0.0,665.0,669.0,1.0,93.5,25.0,Individual,6,High Risk,Manual Review
128930684,20000.0, 60 months,23.88,E,E2,10+ years,MORTGAGE,70000.0,Not Verified,debt_consolidation,NC,33.55,0.0,665.0,669.0,0.0,55.6,21.0,Individual,5,High Risk,Manual Review
129084589,10000.0, 60 months,28.72,F,F1,4 years,RENT,27567.0,Verified,credit_card,WA,34.04,0.0,700.0,704.0,0.0,93.5,7.0,Individual,6,High Risk,Manual Review
129402291,12000.0, 60 months,26.77,E,E5,10+ years,MORTGAGE,36000.0,Verified,debt_consolidation,NY,32.17,0.0,715.0,719.0,1.0,43.6,23.0,Individual,5,High Risk,Manual Review
129400881,18900.0, 60 months,30.79,G,G1,10+ years,RENT,70000.0,Source Verified,debt_consolidation,NC,30.96,0.0,710.0,714.0,0.0,54.8,28.0,Individual,5,High Risk,Manual Review
129101593,16000.0, 60 months,29.69,F,F2,10+ years,RENT,65000.0,Source Verified,credit_card,PA,32.66,4.0,680.0,684.0,0.0,61.6,33.0,Individual,6,High Risk,Manual Review
128893495,18800.0, 60 months,29.69,F,F2,10+ years,MORTGAGE,78800.0,Verified,debt_consolidation,PA,39.21,0.0,715.0,719.0,0.0,36.8,53.0,Individual,5,High Risk,Manual Review
128471534,30000.0, 60 months,24.85,E,E3,2 years,MORTGAGE,35360.0,Source Verified,debt_consolidation,FL,33.64,0.0,710.0,714.0,1.0,49.3,14.0,Joint App,5,High Risk,Manual Review
128744035,30000.0, 60 months,26.77,E,E5,2 years,MORTGAGE,110000.0,Verified,credit_card,OH,28.29,1.0,680.0,684.0,1.0,93.0,53.0,Individual,5,High Risk,Manual Review
129399175,12000.0, 60 months,24.84,E,E3,3 years,RENT,45000.0,Verified,other,CA,47.04,0.0,690.0,694.0,1.0,34.1,21.0,Joint App,5,High Risk,Manual Review
129098012,20325.0, 36 months,24.84,E,E3,< 1 year,MORTGAGE,79000.0,Verified,debt_consolidation,CA,36.88,0.0,705.0,709.0,0.0,54.6,25.0,Individual,5,High Risk,Manual Review
129222150,14000.0, 60 months,25.81,E,E4,10+ years,OWN,18000.0,Not Verified,debt_consolidation,TX,35.73,0.0,690.0,694.0,0.0,58.6,20.0,Individual,5,High Risk,Manual Review
129294938,19200.0, 60 months,28.72,F,F1,2 years,OWN,57000.0,Source Verified,debt_consolidation,TX,30.84,0.0,660.0,664.0,0.0,67.3,15.0,Individual,5,High Risk,Manual Review
128277108,22400.0, 60 months,24.84,E,E3,4 years,RENT,26000.0,Verified,other,CA,60.66,0.0,725.0,729.0,0.0,36.0,12.0,Joint App,5,High Risk,Manual Review
129257473,40000.0, 60 months,28.72,F,F1,4 years,OWN,65000.0,Verified,debt_consolidation,CA,40.98,0.0,700.0,704.0,0.0,82.4,12.0,Joint App,6,High Risk,Manual Review
129093999,1900.0, 36 months,22.9,E,E1,1 year,MORTGAGE,22298.0,Verified,debt_consolidation,CA,106.03,0.0,675.0,679.0,0.0,74.1,29.0,Joint App,5,High Risk,Manual Review
129168579,16175.0, 60 months,25.81,E,E4,,OWN,40000.0,Source Verified,home_improvement,IL,30.85,1.0,665.0,669.0,0.0,59.9,28.0,Joint App,6,High Risk,Manual Review
129390058,11000.0, 60 months,24.84,E,E3,,MORTGAGE,48000.0,Verified,debt_consolidation,SC,35.28,0.0,670.0,674.0,1.0,93.1,17.0,Joint App,6,High Risk,Manual Review
129339333,15000.0, 60 months,26.77,E,E5,10+ years,RENT,42000.0,Verified,debt_consolidation,CA,33.15,0.0,680.0,684.0,0.0,65.1,25.0,Individual,5,High Risk,Manual Review
129128230,35000.0, 60 months,30.75,F,F5,8 years,MORTGAGE,6000.0,Source Verified,debt_consolidation,GA,91.86,0.0,675.0,679.0,0.0,79.2,7.0,Joint App,5,High Risk,Manual Review
128144241,24975.0, 60 months,28.72,F,F1,5 years,MORTGAGE,85000.0,Verified,debt_consolidation,WI,42.51,0.0,690.0,694.0,2.0,59.9,23.0,Joint App,5,High Risk,Manual Review
129394857,18000.0, 60 months,28.72,F,F1,10+ years,OWN,32000.0,Source Verified,credit_card,PA,35.0,0.0,695.0,699.0,1.0,67.2,19.0,Individual,5,High Risk,Manual Review
129260210,32650.0, 60 months,25.81,E,E4,9 years,RENT,110000.0,Verified,debt_consolidation,TX,30.72,0.0,715.0,719.0,2.0,40.0,34.0,Individual,5,High Risk,Manual Review
129137972,20000.0, 60 months,23.87,E,E2,8 years,MORTGAGE,40758.0,Source Verified,debt_consolidation,MA,31.51,0.0,670.0,674.0,0.0,36.8,37.0,Individual,5,High Risk,Manual Review
128382770,40000.0, 60 months,23.88,E,E2,2 years,MORTGAGE,63500.0,Verified,debt_consolidation,MO,47.3,0.0,715.0,719.0,0.0,47.3,54.0,Joint App,5,High Risk,Manual Review
129264548,32000.0, 60 months,15.04,C,C4,10+ years,RENT,101000.0,Not Verified,credit_card,WV,32.44,2.0,665.0,669.0,1.0,89.0,33.0,Individual,5,High Risk,Manual Review
129225728,35000.0, 36 months,23.87,E,E2,2 years,MORTGAGE,93000.0,Verified,debt_consolidation,CA,31.35,0.0,660.0,664.0,1.0,42.6,73.0,Joint App,5,High Risk,Manual Review
129365589,14500.0, 36 months,25.81,E,E4,3 years,OWN,120000.0,Verified,debt_consolidation,CA,33.5,0.0,705.0,709.0,2.0,50.8,39.0,Individual,5,High Risk,Manual Review
129389368,18000.0, 36 months,15.04,C,C4,10+ years,MORTGAGE,127220.0,Source Verified,debt_consolidation,TX,34.59,2.0,660.0,664.0,0.0,93.9,34.0,Individual,5,High Risk,Manual Review
129379509,5000.0, 36 months,21.85,D,D5,9 years,MORTGAGE,104000.0,Not Verified,credit_card,DC,30.04,1.0,660.0,664.0,0.0,82.8,49.0,Individual,5,High Risk,Manual Review
129050622,30000.0, 60 months,30.79,G,G1,,OWN,13000.0,Not Verified,debt_consolidation,LA,38.23,0.0,730.0,734.0,0.0,57.6,6.0,Joint App,5,High Risk,Manual Review
129236261,16000.0, 60 months,25.81,E,E4,,RENT,40000.0,Verified,debt_consolidation,NC,32.91,0.0,660.0,664.0,0.0,85.3,27.0,Individual,6,High Risk,Manual Review
129015323,27325.0, 60 months,26.3,E,E5,10+ years,RENT,50000.0,Not Verified,debt_consolidation,AZ,53.07,0.0,690.0,694.0,0.0,34.2,29.0,Joint App,5,High Risk,Manual Review
129088649,25000.0, 60 months,26.3,E,E5,6 years,OWN,50000.0,Verified,debt_consolidation,CO,30.05,0.0,665.0,669.0,0.0,87.8,26.0,Individual,6,High Risk,Manual Review
129320546,25500.0, 60 months,24.84,E,E3,10+ years,MORTGAGE,72000.0,Not Verified,debt_consolidation,OR,43.63,0.0,690.0,694.0,0.0,63.2,63.0,Joint App,5,High Risk,Manual Review
129348789,10275.0, 36 months,26.77,E,E5,10+ years,MORTGAGE,115000.0,Source Verified,debt_consolidation,IL,35.6,0.0,705.0,709.0,0.0,94.0,14.0,Individual,6,High Risk,Manual Review
129158410,10000.0, 36 months,22.9,E,E1,8 years,RENT,85000.0,Not Verified,debt_consolidation,MD,31.1,0.0,670.0,674.0,1.0,75.8,29.0,Individual,5,High Risk,Manual Review
129339721,10000.0, 60 months,26.77,E,E5,< 1 year,OWN,55000.0,Verified,debt_consolidation,NY,36.57,0.0,675.0,679.0,0.0,55.4,27.0,Individual,5,High Risk,Manual Review
129217584,20000.0, 36 months,25.81,E,E4,10+ years,MORTGAGE,120000.0,Source Verified,debt_consolidation,CA,36.77,0.0,695.0,699.0,1.0,59.5,56.0,Individual,5,High Risk,Manual Review
129343721,15000.0, 36 months,25.81,E,E4,10+ years,MORTGAGE,45000.0,Not Verified,debt_consolidation,GA,38.61,0.0,675.0,679.0,0.0,78.1,21.0,Individual,5,High Risk,Manual Review
129343700,20000.0, 36 months,22.9,E,E1,1 year,MORTGAGE,43000.0,Not Verified,debt_consolidation,MA,36.41,0.0,675.0,679.0,0.0,60.3,18.0,Joint App,5,High Risk,Manual Review
129228767,25000.0, 60 months,28.72,F,F1,10+ years,RENT,61580.0,Verified,debt_consolidation,CA,30.62,0.0,760.0,764.0,2.0,13.5,37.0,Individual,5,High Risk,Manual Review
127769734,30000.0, 60 months,24.84,E,E3,6 years,MORTGAGE,88000.0,Not Verified,credit_card,IL,38.88,0.0,685.0,689.0,0.0,60.2,37.0,Joint App,5,High Risk,Manual Review
129296501,33550.0, 36 months,23.87,E,E2,10+ years,RENT,120000.0,Verified,debt_consolidation,CO,33.59,0.0,660.0,664.0,2.0,68.0,10.0,Individual,5,High Risk,Manual Review
129236454,15375.0, 60 months,30.65,F,F4,2 years,MORTGAGE,40900.0,Verified,debt_consolidation,LA,58.83,0.0,720.0,724.0,0.0,51.8,17.0,Joint App,5,High Risk,Manual Review
129264561,21000.0, 60 months,28.72,F,F1,4 years,MORTGAGE,85000.0,Not Verified,debt_consolidation,TX,41.61,0.0,665.0,669.0,0.0,63.5,13.0,Joint App,5,High Risk,Manual Review
129151718,24000.0, 60 months,26.77,E,E5,10+ years,MORTGAGE,52000.0,Source Verified,debt_consolidation,CA,30.14,0.0,695.0,699.0,2.0,27.6,27.0,Joint App,5,High Risk,Manual Review
129058779,21000.0, 60 months,26.3,E,E5,< 1 year,MORTGAGE,36545.0,Verified,home_improvement,TN,53.89,0.0,690.0,694.0,2.0,51.3,20.0,Joint App,5,High Risk,Manual Review
129351024,20000.0, 60 months,28.72,F,F1,,RENT,44229.0,Not Verified,credit_card,NY,22.58,1.0,665.0,669.0,0.0,88.9,25.0,Individual,5,High Risk,Manual Review
129294603,30000.0, 60 months,28.72,F,F1,2 years,MORTGAGE,42599.0,Source Verified,debt_consolidation,OK,59.57,0.0,710.0,714.0,2.0,70.4,30.0,Joint App,5,High Risk,Manual Review
128693480,5000.0, 36 months,23.88,E,E2,,OWN,22800.0,Not Verified,debt_consolidation,FL,37.11,0.0,720.0,724.0,0.0,68.1,12.0,Individual,5,High Risk,Manual Review
128783483,13750.0, 60 months,26.3,E,E5,,OWN,13812.0,Verified,home_improvement,WA,68.03,0.0,695.0,699.0,1.0,61.0,12.0,Joint App,5,High Risk,Manual Review
128980819,20000.0, 60 months,28.72,F,F1,5 years,MORTGAGE,37300.0,Source Verified,debt_consolidation,MI,38.06,0.0,690.0,694.0,1.0,92.8,16.0,Joint App,6,High Risk,Manual Review
129269236,32000.0, 60 months,26.77,E,E5,10+ years,RENT,82000.0,Verified,debt_consolidation,CA,34.29,0.0,685.0,689.0,2.0,48.0,29.0,Individual,5,High Risk,Manual Review
128414453,5000.0, 36 months,23.88,E,E2,10+ years,MORTGAGE,45000.0,Verified,debt_consolidation,TX,39.06,3.0,660.0,664.0,1.0,64.7,29.0,Individual,6,High Risk,Manual Review
128974465,10000.0, 36 months,19.03,D,D3,10+ years,MORTGAGE,45000.0,Not Verified,credit_card,GA,40.45,1.0,675.0,679.0,0.0,95.7,33.0,Joint App,5,High Risk,Manual Review
129262973,12500.0, 36 months,24.84,E,E3,6 years,MORTGAGE,90000.0,Verified,debt_consolidation,CO,32.8,0.0,710.0,714.0,3.0,37.6,20.0,Individual,5,High Risk,Manual Review
129302148,25000.0, 36 months,25.81,E,E4,3 years,MORTGAGE,125565.0,Verified,debt_consolidation,CA,34.22,0.0,660.0,664.0,0.0,92.3,29.0,Individual,6,High Risk,Manual Review
129200380,27950.0, 60 months,28.72,F,F1,10+ years,MORTGAGE,80000.0,Verified,debt_consolidation,OH,39.96,0.0,695.0,699.0,3.0,73.2,27.0,Individual,5,High Risk,Manual Review
129204685,11000.0, 60 months,25.81,E,E4,2 years,MORTGAGE,51000.0,Verified,other,CO,17.01,3.0,670.0,674.0,0.0,90.0,23.0,Individual,5,High Risk,Manual Review
128929416,32650.0, 60 months,30.79,G,G1,4 years,OWN,4412.0,Verified,debt_consolidation,GA,459.67,0.0,700.0,704.0,1.0,74.3,35.0,Joint App,5,High Risk,Manual Review
129125853,10800.0, 60 months,30.65,F,F4,10+ years,MORTGAGE,60000.0,Not Verified,home_improvement,CA,33.76,0.0,685.0,689.0,0.0,50.7,44.0,Individual,5,High Risk,Manual Review
129150642,35000.0, 36 months,20.39,D,D4,,RENT,42000.0,Verified,debt_consolidation,IL,39.23,1.0,680.0,684.0,1.0,97.0,18.0,Joint App,5,High Risk,Manual Review
129152081,1000.0, 36 months,26.77,E,E5,8 years,RENT,20889.0,Verified,debt_consolidation,CA,34.77,0.0,685.0,689.0,0.0,74.0,11.0,Individual,5,High Risk,Manual Review
128590623,14225.0, 36 months,22.91,E,E1,5 years,MORTGAGE,42000.0,Verified,debt_consolidation,CA,46.69,0.0,695.0,699.0,1.0,46.0,10.0,Joint App,5,High Risk,Manual Review
129259534,22000.0, 60 months,26.77,E,E5,6 years,MORTGAGE,84000.0,Not Verified,debt_consolidation,VA,30.66,0.0,725.0,729.0,0.0,45.7,27.0,Joint App,5,High Risk,Manual Review
129017211,20000.0, 60 months,16.02,C,C5,4 years,MORTGAGE,45000.0,Not Verified,home_improvement,PA,34.27,1.0,695.0,699.0,0.0,89.5,12.0,Joint App,5,High Risk,Manual Review
127847684,24000.0, 60 months,24.84,E,E3,10+ years,OWN,72658.78,Not Verified,debt_consolidation,CA,30.59,1.0,665.0,669.0,0.0,42.8,29.0,Individual,6,High Risk,Manual Review
129321165,13675.0, 60 months,23.87,E,E2,10+ years,RENT,38000.0,Not Verified,debt_consolidation,KY,15.67,1.0,690.0,694.0,1.0,82.0,20.0,Individual,5,High Risk,Manual Review
129267003,10000.0, 60 months,28.72,F,F1,10+ years,MORTGAGE,35000.0,Not Verified,debt_consolidation,PA,31.41,2.0,685.0,689.0,0.0,47.4,26.0,Individual,6,High Risk,Manual Review
129249650,2400.0, 36 months,15.04,C,C4,10+ years,MORTGAGE,57000.0,Verified,debt_consolidation,KS,34.91,1.0,665.0,669.0,1.0,91.7,26.0,Individual,5,High Risk,Manual Review
128415839,17400.0, 60 months,28.72,F,F1,8 years,MORTGAGE,50000.0,Verified,debt_consolidation,GA,34.18,0.0,675.0,679.0,1.0,50.7,21.0,Individual,5,High Risk,Manual Review
129179205,5175.0, 36 months,26.77,E,E5,,RENT,15600.0,Verified,debt_consolidation,GA,38.92,2.0,660.0,664.0,0.0,77.3,11.0,Joint App,6,High Risk,Manual Review
129196537,12000.0, 60 months,26.77,E,E5,2 years,OWN,45000.0,Verified,credit_card,ID,35.79,0.0,700.0,704.0,0.0,55.8,13.0,Individual,5,High Risk,Manual Review
129033062,21000.0, 36 months,22.91,E,E1,1 year,MORTGAGE,44200.0,Source Verified,debt_consolidation,OK,34.1,1.0,680.0,684.0,0.0,49.3,19.0,Joint App,6,High Risk,Manual Review
129015682,15000.0, 36 months,23.88,E,E2,5 years,MORTGAGE,53000.0,Verified,debt_consolidation,OR,36.5,0.0,705.0,709.0,0.0,86.9,19.0,Individual,6,High Risk,Manual Review
129233616,40000.0, 60 months,20.39,D,D4,10+ years,MORTGAGE,70990.0,Verified,major_purchase,VT,56.31,1.0,695.0,699.0,1.0,91.3,47.0,Joint App,5,High Risk,Manual Review
129125277,12800.0, 60 months,26.77,E,E5,10+ years,RENT,73000.0,Verified,debt_consolidation,NY,30.94,0.0,690.0,694.0,2.0,33.3,57.0,Individual,5,High Risk,Manual Review
129138805,18000.0, 60 months,25.81,E,E4,8 years,RENT,35000.0,Verified,credit_card,OR,50.9,0.0,710.0,714.0,1.0,55.4,28.0,Joint App,5,High Risk,Manual Review
129150661,16000.0, 60 months,26.77,E,E5,10+ years,RENT,43000.0,Verified,debt_consolidation,WA,39.58,0.0,700.0,704.0,0.0,95.1,9.0,Individual,6,High Risk,Manual Review
128976505,5000.0, 36 months,19.03,D,D3,6 years,RENT,53000.0,Verified,other,ME,34.08,3.0,670.0,674.0,2.0,81.0,26.0,Individual,5,High Risk,Manual Review
129137601,10000.0, 60 months,26.77,E,E5,,RENT,17340.0,Not Verified,debt_consolidation,IN,38.82,0.0,675.0,679.0,0.0,69.5,13.0,Individual,5,High Risk,Manual Review
129169468,35000.0, 36 months,24.84,E,E3,10+ years,MORTGAGE,45000.0,Verified,home_improvement,TN,33.84,0.0,685.0,689.0,2.0,59.7,22.0,Joint App,5,High Risk,Manual Review
129201227,16000.0, 60 months,22.9,E,E1,4 years,MORTGAGE,78000.0,Source Verified,debt_consolidation,WV,31.43,0.0,675.0,679.0,2.0,71.6,46.0,Individual,5,High Risk,Manual Review
129198403,13000.0, 60 months,25.81,E,E4,1 year,RENT,58000.0,Not Verified,debt_consolidation,CO,31.88,0.0,715.0,719.0,1.0,46.7,22.0,Individual,5,High Risk,Manual Review
129181518,20000.0, 60 months,25.81,E,E4,10+ years,MORTGAGE,110000.0,Verified,credit_card,MS,36.4,0.0,740.0,744.0,0.0,50.4,28.0,Individual,5,High Risk,Manual Review
128244115,16000.0, 36 months,22.91,E,E1,1 year,RENT,59000.0,Source Verified,other,ID,39.14,0.0,695.0,699.0,1.0,70.7,14.0,Individual,5,High Risk,Manual Review
129222534,12000.0, 36 months,16.01,C,C5,3 years,RENT,31000.0,Source Verified,debt_consolidation,FL,33.37,1.0,665.0,669.0,0.0,82.1,16.0,Individual,5,High Risk,Manual Review
129036603,21000.0, 36 months,26.3,E,E5,8 years,MORTGAGE,36000.0,Not Verified,debt_consolidation,VA,33.96,1.0,665.0,669.0,0.0,42.6,14.0,Joint App,6,High Risk,Manual Review
129100239,20000.0, 60 months,30.75,F,F5,< 1 year,RENT,20000.0,Source Verified,debt_consolidation,GA,37.94,0.0,660.0,664.0,2.0,58.9,21.0,Joint App,5,High Risk,Manual Review
129215061,12800.0, 60 months,24.84,E,E3,2 years,MORTGAGE,48100.0,Verified,moving,MD,36.31,0.0,700.0,704.0,1.0,19.8,22.0,Individual,5,High Risk,Manual Review
128791067,14175.0, 36 months,22.91,E,E1,10+ years,MORTGAGE,150000.0,Verified,credit_card,NH,16.0,1.0,660.0,664.0,0.0,94.9,17.0,Joint App,5,High Risk,Manual Review
128412442,25000.0, 36 months,26.3,E,E5,,MORTGAGE,75000.0,Verified,debt_consolidation,SC,37.82,0.0,700.0,704.0,1.0,44.1,55.0,Individual,5,High Risk,Manual Review
129117004,12000.0, 36 months,24.84,E,E3,10+ years,RENT,71500.0,Verified,debt_consolidation,FL,36.44,0.0,710.0,714.0,1.0,57.4,33.0,Individual,5,High Risk,Manual Review
129137212,10000.0, 60 months,24.84,E,E3,7 years,MORTGAGE,42000.0,Verified,debt_consolidation,ID,35.09,0.0,685.0,689.0,0.0,26.1,19.0,Individual,5,High Risk,Manual Review
129098158,22000.0, 60 months,29.69,F,F2,2 years,MORTGAGE,35000.0,Verified,debt_consolidation,SC,100.45,0.0,680.0,684.0,2.0,51.8,39.0,Joint App,5,High Risk,Manual Review
129054890,2200.0, 36 months,30.65,F,F4,10+ years,RENT,120000.0,Verified,debt_consolidation,MD,37.72,2.0,690.0,694.0,2.0,90.0,29.0,Individual,7,High Risk,Manual Review
129028851,13200.0, 60 months,26.77,E,E5,10+ years,MORTGAGE,44600.0,Verified,credit_card,MI,62.92,0.0,695.0,699.0,0.0,56.3,46.0,Joint App,5,High Risk,Manual Review
129000275,12800.0, 60 months,23.88,E,E2,2 years,MORTGAGE,35000.0,Verified,debt_consolidation,OH,35.56,0.0,680.0,684.0,0.0,53.2,16.0,Individual,5,High Risk,Manual Review
129138207,19200.0, 36 months,24.84,E,E3,< 1 year,MORTGAGE,40000.0,Not Verified,debt_consolidation,CA,31.54,1.0,670.0,674.0,1.0,36.1,17.0,Joint App,6,High Risk,Manual Review
127553860,18000.0, 60 months,24.84,E,E3,2 years,OWN,55000.0,Source Verified,credit_card,CO,30.9,0.0,695.0,699.0,1.0,54.5,39.0,Individual,5,High Risk,Manual Review
127901361,7125.0, 36 months,26.3,E,E5,1 year,RENT,25000.0,Source Verified,debt_consolidation,NY,31.06,2.0,710.0,714.0,0.0,12.1,19.0,Individual,6,High Risk,Manual Review
129125360,12375.0, 60 months,30.79,G,G1,3 years,MORTGAGE,58000.0,Verified,debt_consolidation,FL,30.62,0.0,660.0,664.0,2.0,76.0,35.0,Individual,5,High Risk,Manual Review
128947615,12000.0, 60 months,26.3,E,E5,< 1 year,RENT,29120.0,Verified,debt_consolidation,UT,39.37,0.0,705.0,709.0,0.0,42.9,17.0,Individual,5,High Risk,Manual Review
129205156,16000.0, 60 months,26.77,E,E5,3 years,RENT,86000.0,Verified,debt_consolidation,TN,36.03,0.0,680.0,684.0,0.0,90.5,28.0,Joint App,6,High Risk,Manual Review
128996948,7200.0, 36 months,26.3,E,E5,10+ years,RENT,27040.0,Verified,medical,NY,71.59,0.0,715.0,719.0,0.0,69.8,26.0,Joint App,5,High Risk,Manual Review
129122389,21000.0, 36 months,25.81,E,E4,1 year,MORTGAGE,54000.0,Source Verified,debt_consolidation,ID,31.91,0.0,665.0,669.0,0.0,84.9,23.0,Joint App,6,High Risk,Manual Review
128639684,34000.0, 36 months,24.85,E,E3,10+ years,RENT,73000.0,Verified,debt_consolidation,CA,36.02,0.0,705.0,709.0,0.0,53.6,19.0,Joint App,5,High Risk,Manual Review
128698348,10000.0, 60 months,23.88,E,E2,7 years,RENT,27000.0,Verified,credit_card,NE,35.82,0.0,715.0,719.0,1.0,2.2,31.0,Individual,5,High Risk,Manual Review
128714179,11000.0, 60 months,28.72,F,F1,7 years,MORTGAGE,56000.0,Not Verified,debt_consolidation,AL,30.58,0.0,750.0,754.0,2.0,7.2,30.0,Individual,5,High Risk,Manual Review
129172004,20000.0, 60 months,25.81,E,E4,10+ years,MORTGAGE,100000.0,Source Verified,debt_consolidation,CA,36.22,0.0,700.0,704.0,1.0,87.7,27.0,Individual,6,High Risk,Manual Review
128787351,4100.0, 36 months,23.88,E,E2,10+ years,RENT,50000.0,Source Verified,small_business,AR,32.09,0.0,660.0,664.0,1.0,55.0,10.0,Individual,5,High Risk,Manual Review
129053703,32000.0, 60 months,26.3,E,E5,1 year,RENT,80500.0,Source Verified,debt_consolidation,ID,32.71,1.0,660.0,664.0,0.0,91.2,36.0,Joint App,7,High Risk,Manual Review
129004595,34625.0, 60 months,24.85,E,E3,9 years,RENT,127783.0,Verified,debt_consolidation,NY,30.57,1.0,700.0,704.0,2.0,36.0,32.0,Individual,6,High Risk,Manual Review
128241509,10000.0, 60 months,30.79,G,G1,10+ years,RENT,48000.0,Verified,debt_consolidation,RI,36.13,2.0,660.0,664.0,0.0,32.8,15.0,Joint App,6,High Risk,Manual Review
128995424,6000.0, 36 months,23.88,E,E2,< 1 year,RENT,23000.0,Verified,other,WI,64.72,0.0,680.0,684.0,0.0,59.5,19.0,Joint App,5,High Risk,Manual Review
128984266,10400.0, 60 months,26.3,E,E5,10+ years,RENT,53000.0,Verified,debt_consolidation,MI,30.84,0.0,680.0,684.0,0.0,79.6,17.0,Individual,5,High Risk,Manual Review
129060471,5600.0, 36 months,20.0,D,D4,3 years,MORTGAGE,31000.0,Verified,debt_consolidation,MO,71.31,1.0,665.0,669.0,1.0,99.9,20.0,Joint App,5,High Risk,Manual Review
128623605,7500.0, 36 months,22.91,E,E1,2 years,MORTGAGE,41000.0,Verified,other,PA,32.08,0.0,720.0,724.0,0.0,77.8,23.0,Individual,5,High Risk,Manual Review
127396194,18250.0, 60 months,26.3,E,E5,1 year,OWN,130000.0,Verified,debt_consolidation,AR,30.38,0.0,715.0,719.0,2.0,51.7,32.0,Joint App,5,High Risk,Manual Review
129098365,14000.0, 60 months,25.82,E,E4,10+ years,MORTGAGE,78900.0,Source Verified,debt_consolidation,MA,34.02,2.0,685.0,689.0,0.0,44.4,16.0,Individual,6,High Risk,Manual Review
129071308,11200.0, 36 months,23.88,E,E2,5 years,RENT,52000.0,Source Verified,debt_consolidation,AK,33.86,0.0,700.0,704.0,0.0,74.7,21.0,Individual,5,High Risk,Manual Review
129065230,20400.0, 60 months,26.3,E,E5,4 years,RENT,37500.0,Verified,debt_consolidation,CA,30.18,0.0,685.0,689.0,1.0,47.3,12.0,Joint App,5,High Risk,Manual Review
128638934,10000.0, 36 months,24.85,E,E3,2 years,MORTGAGE,48300.0,Verified,debt_consolidation,CA,33.89,0.0,685.0,689.0,2.0,59.0,14.0,Individual,5,High Risk,Manual Review
129016669,16000.0, 60 months,26.3,E,E5,5 years,OWN,55000.0,Verified,other,WA,36.98,0.0,675.0,679.0,1.0,46.1,14.0,Individual,5,High Risk,Manual Review
127550111,18125.0, 60 months,28.72,F,F1,1 year,RENT,50000.0,Source Verified,debt_consolidation,PA,38.64,0.0,700.0,704.0,0.0,89.1,16.0,Individual,6,High Risk,Manual Review
128995431,9600.0, 36 months,22.91,E,E1,6 years,MORTGAGE,80000.0,Source Verified,debt_consolidation,CA,38.04,2.0,695.0,699.0,0.0,79.7,33.0,Joint App,6,High Risk,Manual Review
128894375,1400.0, 36 months,23.88,E,E2,10+ years,MORTGAGE,30000.0,Verified,debt_consolidation,AL,30.8,0.0,680.0,684.0,0.0,42.7,16.0,Individual,5,High Risk,Manual Review
128689451,25200.0, 60 months,26.3,E,E5,2 years,RENT,51000.0,Source Verified,debt_consolidation,TX,36.14,0.0,695.0,699.0,1.0,47.8,30.0,Joint App,5,High Risk,Manual Review
129079557,20000.0, 60 months,25.82,E,E4,10+ years,MORTGAGE,49100.0,Not Verified,debt_consolidation,TN,31.51,0.0,735.0,739.0,0.0,45.7,26.0,Individual,5,High Risk,Manual Review
129021982,25000.0, 60 months,26.3,E,E5,,OWN,3500.0,Verified,debt_consolidation,DE,456.01,0.0,675.0,679.0,0.0,85.8,9.0,Joint App,6,High Risk,Manual Review
128259621,14000.0, 36 months,23.88,E,E2,2 years,MORTGAGE,42000.0,Verified,debt_consolidation,VA,31.28,0.0,665.0,669.0,0.0,69.1,24.0,Individual,5,High Risk,Manual Review
127334783,40000.0, 36 months,24.85,E,E3,,MORTGAGE,61868.0,Verified,debt_consolidation,OR,31.74,0.0,685.0,689.0,0.0,70.5,18.0,Joint App,5,High Risk,Manual Review
128790575,11650.0, 60 months,28.72,F,F1,10+ years,MORTGAGE,465000.0,Verified,debt_consolidation,NM,13.89,1.0,675.0,679.0,0.0,81.4,47.0,Individual,5,High Risk,Manual Review
129047526,20000.0, 60 months,23.88,E,E2,7 years,MORTGAGE,60301.0,Verified,debt_consolidation,VA,17.85,1.0,660.0,664.0,3.0,96.0,18.0,Individual,5,High Risk,Manual Review
128895636,10000.0, 60 months,22.91,E,E1,6 years,RENT,79000.0,Verified,credit_card,VA,33.36,0.0,710.0,714.0,0.0,59.1,32.0,Individual,5,High Risk,Manual Review
128643465,15000.0, 60 months,30.17,F,F3,2 years,RENT,108000.0,Source Verified,credit_card,NC,35.18,0.0,660.0,664.0,0.0,89.2,41.0,Individual,6,High Risk,Manual Review
128746202,20000.0, 60 months,28.72,F,F1,4 years,MORTGAGE,42500.0,Verified,debt_consolidation,MO,29.91,3.0,670.0,674.0,0.0,87.7,40.0,Joint App,5,High Risk,Manual Review
128090751,13900.0, 36 months,25.82,E,E4,2 years,MORTGAGE,191.0,Verified,debt_consolidation,TX,999.0,0.0,670.0,674.0,0.0,49.9,67.0,Joint App,5,High Risk,Manual Review
129080678,10000.0, 36 months,19.03,D,D3,8 years,MORTGAGE,121000.0,Verified,debt_consolidation,PA,32.38,4.0,670.0,674.0,1.0,87.6,28.0,Individual,5,High Risk,Manual Review
129045213,16000.0, 36 months,25.82,E,E4,2 years,MORTGAGE,50000.0,Not Verified,debt_consolidation,TX,32.21,1.0,675.0,679.0,0.0,81.3,22.0,Joint App,7,High Risk,Manual Review
129081929,7000.0, 36 months,25.82,E,E4,10+ years,RENT,35000.0,Source Verified,debt_consolidation,CA,25.72,1.0,665.0,669.0,0.0,93.4,13.0,Individual,5,High Risk,Manual Review
129096280,5450.0, 36 months,25.82,E,E4,10+ years,MORTGAGE,32000.0,Verified,debt_consolidation,TN,32.82,0.0,680.0,684.0,0.0,101.0,8.0,Individual,6,High Risk,Manual Review
129063143,3000.0, 36 months,22.91,E,E1,10+ years,MORTGAGE,62000.0,Verified,other,ND,10.09,2.0,675.0,679.0,0.0,82.0,34.0,Individual,5,High Risk,Manual Review
128449927,7500.0, 36 months,22.91,E,E1,2 years,MORTGAGE,67000.0,Source Verified,debt_consolidation,CA,30.86,0.0,670.0,674.0,1.0,32.9,26.0,Individual,5,High Risk,Manual Review
128735628,30000.0, 36 months,23.88,E,E2,10+ years,MORTGAGE,67000.0,Verified,debt_consolidation,CT,45.26,2.0,670.0,674.0,0.0,66.7,18.0,Joint App,6,High Risk,Manual Review
129063753,16000.0, 60 months,24.85,E,E3,9 years,MORTGAGE,277000.0,Verified,debt_consolidation,TX,12.91,3.0,665.0,669.0,0.0,80.1,15.0,Individual,5,High Risk,Manual Review
129038105,25000.0, 60 months,30.65,F,F4,6 years,OWN,78000.0,Not Verified,debt_consolidation,MD,34.69,0.0,740.0,744.0,1.0,67.2,23.0,Individual,5,High Risk,Manual Review
129053933,10175.0, 36 months,22.91,E,E1,8 years,MORTGAGE,46000.0,Verified,debt_consolidation,OR,49.44,2.0,670.0,674.0,0.0,66.2,22.0,Joint App,6,High Risk,Manual Review
128950373,10350.0, 36 months,24.85,E,E3,,MORTGAGE,16000.0,Verified,debt_consolidation,NC,35.41,0.0,670.0,674.0,0.0,52.7,8.0,Individual,5,High Risk,Manual Review
128929641,26425.0, 60 months,23.88,E,E2,10+ years,MORTGAGE,59000.0,Verified,debt_consolidation,CO,31.39,0.0,685.0,689.0,0.0,57.4,19.0,Individual,5,High Risk,Manual Review
129041293,6000.0, 36 months,24.85,E,E3,10+ years,RENT,68000.0,Verified,other,TN,38.38,0.0,685.0,689.0,0.0,46.7,35.0,Joint App,5,High Risk,Manual Review
129053572,30000.0, 60 months,26.3,E,E5,10+ years,MORTGAGE,60000.0,Not Verified,debt_consolidation,GA,31.34,0.0,675.0,679.0,2.0,38.9,46.0,Individual,5,High Risk,Manual Review
128677602,24000.0, 60 months,23.88,E,E2,5 years,RENT,47000.0,Source Verified,debt_consolidation,MS,34.68,1.0,690.0,694.0,0.0,37.1,26.0,Joint App,6,High Risk,Manual Review
129037679,6000.0, 36 months,25.82,E,E4,3 years,RENT,33000.0,Verified,debt_consolidation,LA,31.16,0.0,665.0,669.0,0.0,58.9,37.0,Individual,5,High Risk,Manual Review
128781673,30775.0, 60 months,23.88,E,E2,< 1 year,MORTGAGE,81500.0,Verified,debt_consolidation,IL,31.28,0.0,715.0,719.0,1.0,25.0,36.0,Individual,5,High Risk,Manual Review
128754244,12000.0, 60 months,23.88,E,E2,,RENT,3500.0,Not Verified,moving,CA,195.53,0.0,665.0,669.0,1.0,58.9,16.0,Joint App,5,High Risk,Manual Review
128983344,20000.0, 60 months,24.85,E,E3,2 years,MORTGAGE,105800.0,Verified,debt_consolidation,OH,31.59,0.0,670.0,674.0,2.0,85.3,25.0,Individual,6,High Risk,Manual Review
129031768,3500.0, 36 months,21.45,D,D5,7 years,OWN,41168.0,Source Verified,debt_consolidation,SC,32.65,1.0,665.0,669.0,0.0,86.9,14.0,Individual,5,High Risk,Manual Review
128843086,27350.0, 36 months,24.85,E,E3,2 years,MORTGAGE,26000.0,Verified,debt_consolidation,GA,55.54,0.0,660.0,664.0,0.0,75.8,16.0,Joint App,5,High Risk,Manual Review
128720043,10700.0, 60 months,29.69,F,F2,3 years,MORTGAGE,103000.0,Verified,home_improvement,VA,36.67,1.0,690.0,694.0,0.0,62.4,22.0,Individual,6,High Risk,Manual Review
128979961,20000.0, 36 months,24.85,E,E3,,OWN,16488.0,Verified,major_purchase,ND,62.08,1.0,665.0,669.0,2.0,30.4,25.0,Joint App,6,High Risk,Manual Review
128930171,20000.0, 36 months,24.85,E,E3,,MORTGAGE,49000.0,Not Verified,debt_consolidation,IL,24.12,1.0,675.0,679.0,0.0,90.7,9.0,Individual,5,High Risk,Manual Review
128493897,10000.0, 36 months,26.3,E,E5,6 years,RENT,21700.0,Not Verified,debt_consolidation,CA,31.53,0.0,670.0,674.0,0.0,82.5,10.0,Joint App,6,High Risk,Manual Review
128701086,10000.0, 60 months,23.88,E,E2,,RENT,18648.0,Verified,debt_consolidation,CA,34.88,0.0,755.0,759.0,1.0,13.2,18.0,Individual,5,High Risk,Manual Review
129058138,20000.0, 60 months,24.85,E,E3,5 years,MORTGAGE,55000.0,Source Verified,debt_consolidation,CA,36.11,0.0,670.0,674.0,1.0,48.1,29.0,Joint App,5,High Risk,Manual Review
129052664,20225.0, 60 months,24.85,E,E3,1 year,RENT,30000.0,Not Verified,debt_consolidation,IL,32.04,0.0,785.0,789.0,1.0,8.7,38.0,Individual,5,High Risk,Manual Review
128026455,4000.0, 36 months,22.91,E,E1,6 years,RENT,29000.0,Verified,debt_consolidation,CA,45.17,1.0,660.0,664.0,1.0,32.0,11.0,Joint App,6,High Risk,Manual Review
128581337,4325.0, 36 months,22.91,E,E1,,OWN,20000.0,Source Verified,other,NY,30.85,0.0,680.0,684.0,0.0,12.5,13.0,Individual,5,High Risk,Manual Review
128396986,20000.0, 60 months,26.3,E,E5,9 years,RENT,55000.0,Verified,debt_consolidation,AZ,45.52,0.0,660.0,664.0,1.0,61.2,30.0,Joint App,5,High Risk,Manual Review
129021079,8000.0, 36 months,15.05,C,C4,10+ years,MORTGAGE,69000.0,Not Verified,car,CA,30.26,1.0,690.0,694.0,1.0,80.9,26.0,Joint App,5,High Risk,Manual Review
128358178,15000.0, 60 months,25.82,E,E4,< 1 year,RENT,30000.0,Not Verified,credit_card,CA,32.6,0.0,730.0,734.0,0.0,32.3,28.0,Individual,5,High Risk,Manual Review
128829919,25000.0, 60 months,23.88,E,E2,< 1 year,MORTGAGE,32000.0,Not Verified,debt_consolidation,WV,20.86,1.0,660.0,664.0,0.0,86.1,11.0,Joint App,5,High Risk,Manual Review
129001889,15200.0, 60 months,26.3,E,E5,1 year,MORTGAGE,54000.0,Source Verified,debt_consolidation,SC,13.38,1.0,675.0,679.0,0.0,89.0,12.0,Individual,5,High Risk,Manual Review
128981990,28000.0, 60 months,28.72,F,F1,10+ years,RENT,129869.0,Source Verified,debt_consolidation,MD,34.19,0.0,715.0,719.0,0.0,85.7,22.0,Individual,6,High Risk,Manual Review
128750384,30000.0, 60 months,23.88,E,E2,2 years,RENT,85000.0,Source Verified,debt_consolidation,WV,31.12,0.0,755.0,759.0,0.0,29.3,45.0,Individual,5,High Risk,Manual Review
128984416,35000.0, 36 months,23.88,E,E2,2 years,OWN,100000.0,Not Verified,debt_consolidation,IL,33.45,0.0,685.0,689.0,1.0,89.0,34.0,Individual,6,High Risk,Manual Review
128442419,16800.0, 60 months,30.65,F,F4,,OWN,40000.0,Verified,debt_consolidation,PA,36.07,0.0,675.0,679.0,2.0,45.3,62.0,Individual,5,High Risk,Manual Review
128786221,30000.0, 60 months,23.88,E,E2,10+ years,OWN,60000.0,Source Verified,debt_consolidation,KY,34.16,0.0,715.0,719.0,0.0,32.0,17.0,Joint App,5,High Risk,Manual Review
128273159,12000.0, 36 months,22.91,E,E1,8 years,RENT,25480.0,Not Verified,debt_consolidation,NC,35.85,0.0,685.0,689.0,2.0,41.5,17.0,Individual,5,High Risk,Manual Review
128236316,18000.0, 60 months,25.82,E,E4,10+ years,MORTGAGE,60000.0,Verified,debt_consolidation,IN,35.34,0.0,680.0,684.0,2.0,43.0,17.0,Individual,5,High Risk,Manual Review
128395251,10025.0, 60 months,30.17,F,F3,10+ years,MORTGAGE,40000.0,Source Verified,credit_card,OH,33.69,0.0,710.0,714.0,1.0,52.9,20.0,Individual,5,High Risk,Manual Review
128778785,8000.0, 36 months,25.82,E,E4,1 year,RENT,55000.0,Not Verified,credit_card,CA,32.6,0.0,675.0,679.0,1.0,57.4,15.0,Joint App,5,High Risk,Manual Review
128755436,35000.0, 36 months,26.3,E,E5,10+ years,RENT,60000.0,Source Verified,debt_consolidation,GA,32.06,0.0,720.0,724.0,0.0,79.7,22.0,Joint App,5,High Risk,Manual Review
128812564,20000.0, 36 months,26.3,E,E5,8 years,MORTGAGE,36000.0,Verified,debt_consolidation,CA,32.43,0.0,675.0,679.0,0.0,77.2,11.0,Individual,5,High Risk,Manual Review
128752211,1500.0, 36 months,24.85,E,E3,< 1 year,RENT,25000.0,Verified,moving,LA,31.49,0.0,700.0,704.0,2.0,49.8,10.0,Individual,5,High Risk,Manual Review
128908874,4000.0, 36 months,16.02,C,C5,9 years,MORTGAGE,56952.0,Not Verified,debt_consolidation,NJ,38.96,1.0,685.0,689.0,0.0,87.0,16.0,Individual,5,High Risk,Manual Review
127300162,20000.0, 60 months,26.3,E,E5,5 years,MORTGAGE,72000.0,Not Verified,credit_card,DE,32.37,0.0,735.0,739.0,0.0,42.3,35.0,Joint App,5,High Risk,Manual Review
128843333,20000.0, 60 months,26.3,E,E5,10+ years,MORTGAGE,42000.0,Verified,debt_consolidation,MI,85.6,0.0,730.0,734.0,0.0,96.3,15.0,Joint App,6,High Risk,Manual Review
128745175,14000.0, 60 months,23.88,E,E2,1 year,MORTGAGE,373000.0,Source Verified,debt_consolidation,NY,15.32,1.0,665.0,669.0,0.0,90.2,21.0,Individual,5,High Risk,Manual Review
128893584,4000.0, 36 months,25.82,E,E4,4 years,MORTGAGE,33000.0,Source Verified,debt_consolidation,WI,38.33,0.0,680.0,684.0,1.0,77.6,26.0,Joint App,5,High Risk,Manual Review
128583129,10500.0, 60 months,23.88,E,E2,10+ years,MORTGAGE,15532.0,Verified,debt_consolidation,OR,40.03,0.0,675.0,679.0,0.0,60.4,5.0,Joint App,5,High Risk,Manual Review
128910086,17950.0, 60 months,26.3,E,E5,3 years,MORTGAGE,38000.0,Verified,small_business,NJ,37.62,0.0,705.0,709.0,0.0,41.6,9.0,Individual,5,High Risk,Manual Review
128910639,12000.0, 60 months,28.72,F,F1,6 years,RENT,108000.0,Source Verified,debt_consolidation,CA,8.86,2.0,665.0,669.0,0.0,93.5,26.0,Individual,5,High Risk,Manual Review
127585482,15000.0, 60 months,25.82,E,E4,10+ years,MORTGAGE,77533.0,Source Verified,credit_card,CA,33.48,0.0,660.0,664.0,0.0,63.4,41.0,Individual,5,High Risk,Manual Review
128678972,22000.0, 60 months,28.72,F,F1,1 year,MORTGAGE,85000.0,Verified,debt_consolidation,GA,33.87,0.0,685.0,689.0,0.0,47.8,33.0,Individual,5,High Risk,Manual Review
128887778,30000.0, 60 months,24.85,E,E3,5 years,MORTGAGE,38000.0,Not Verified,debt_consolidation,NY,40.52,0.0,680.0,684.0,2.0,98.4,18.0,Joint App,6,High Risk,Manual Review
128911453,20900.0, 60 months,30.94,G,G4,3 years,RENT,58100.0,Not Verified,debt_consolidation,NC,32.43,1.0,665.0,669.0,1.0,76.0,19.0,Individual,6,High Risk,Manual Review
128299479,20000.0, 60 months,26.3,E,E5,10+ years,MORTGAGE,67000.0,Verified,debt_consolidation,IL,33.64,0.0,715.0,719.0,1.0,25.3,43.0,Individual,5,High Risk,Manual Review
128891592,25000.0, 60 months,24.85,E,E3,10+ years,MORTGAGE,49000.0,Not Verified,credit_card,WA,33.46,0.0,680.0,684.0,1.0,73.6,14.0,Joint App,5,High Risk,Manual Review
128754429,20000.0, 60 months,26.3,E,E5,10+ years,RENT,30000.0,Source Verified,debt_consolidation,MO,37.16,0.0,665.0,669.0,0.0,76.5,28.0,Joint App,5,High Risk,Manual Review
128891200,7000.0, 36 months,22.91,E,E1,< 1 year,OWN,5200.0,Verified,debt_consolidation,GA,60.74,0.0,770.0,774.0,0.0,9.1,10.0,Joint App,5,High Risk,Manual Review
128311012,10000.0, 60 months,24.85,E,E3,1 year,MORTGAGE,29120.0,Verified,debt_consolidation,IN,31.49,0.0,715.0,719.0,3.0,97.0,8.0,Individual,6,High Risk,Manual Review
127184788,35000.0, 36 months,22.91,E,E1,4 years,MORTGAGE,340000.0,Verified,other,LA,24.85,1.0,695.0,699.0,1.0,97.0,37.0,Individual,5,High Risk,Manual Review
128700832,20950.0, 60 months,29.69,F,F2,3 years,MORTGAGE,54000.0,Verified,debt_consolidation,KS,31.09,0.0,670.0,674.0,0.0,76.0,21.0,Individual,5,High Risk,Manual Review
128842868,20000.0, 60 months,23.88,E,E2,2 years,MORTGAGE,80000.0,Not Verified,credit_card,NJ,31.8,0.0,730.0,734.0,0.0,31.9,26.0,Joint App,5,High Risk,Manual Review
128716813,17850.0, 60 months,30.84,G,G2,5 years,RENT,60000.0,Verified,debt_consolidation,IN,32.9,0.0,680.0,684.0,1.0,58.0,9.0,Individual,5,High Risk,Manual Review
128562682,25000.0, 36 months,26.3,E,E5,2 years,MORTGAGE,44000.0,Not Verified,debt_consolidation,AZ,33.31,1.0,660.0,664.0,0.0,64.4,23.0,Joint App,6,High Risk,Manual Review
128828598,11000.0, 60 months,24.85,E,E3,,RENT,40000.0,Not Verified,debt_consolidation,NY,36.63,0.0,750.0,754.0,0.0,33.4,19.0,Individual,5,High Risk,Manual Review
128472161,8000.0, 36 months,23.88,E,E2,,MORTGAGE,29053.36,Verified,debt_consolidation,CO,30.07,0.0,700.0,704.0,0.0,79.5,12.0,Individual,5,High Risk,Manual Review
128448822,3000.0, 36 months,21.45,D,D5,,RENT,33918.0,Verified,medical,CO,56.69,1.0,665.0,669.0,0.0,93.3,14.0,Joint App,5,High Risk,Manual Review
128412642,17550.0, 60 months,25.82,E,E4,10+ years,RENT,83000.0,Source Verified,debt_consolidation,NC,35.95,0.0,705.0,709.0,0.0,50.2,23.0,Individual,5,High Risk,Manual Review
128677796,35000.0, 36 months,23.88,E,E2,1 year,OWN,60000.0,Verified,debt_consolidation,FL,46.92,1.0,675.0,679.0,0.0,30.0,55.0,Joint App,6,High Risk,Manual Review
128842337,10000.0, 60 months,26.3,E,E5,10+ years,RENT,52000.0,Not Verified,debt_consolidation,CA,36.86,2.0,685.0,689.0,0.0,44.1,23.0,Individual,6,High Risk,Manual Review
128353643,26000.0, 60 months,28.72,F,F1,10+ years,MORTGAGE,52000.0,Verified,debt_consolidation,FL,40.06,0.0,690.0,694.0,0.0,60.1,28.0,Joint App,5,High Risk,Manual Review
128828663,30000.0, 60 months,23.88,E,E2,< 1 year,RENT,55000.0,Verified,debt_consolidation,FL,34.19,0.0,710.0,714.0,0.0,29.6,16.0,Individual,5,High Risk,Manual Review
128784133,25000.0, 36 months,22.91,E,E1,2 years,RENT,48000.0,Not Verified,debt_consolidation,OR,39.65,1.0,680.0,684.0,1.0,64.0,51.0,Joint App,6,High Risk,Manual Review
128832611,24000.0, 36 months,15.05,C,C4,10+ years,MORTGAGE,105000.0,Not Verified,debt_consolidation,IL,31.87,1.0,675.0,679.0,0.0,96.6,30.0,Individual,5,High Risk,Manual Review
128559899,28000.0, 60 months,30.75,F,F5,10+ years,MORTGAGE,23000.0,Verified,debt_consolidation,AR,59.5,0.0,695.0,699.0,0.0,46.1,28.0,Joint App,5,High Risk,Manual Review
128658582,12800.0, 60 months,23.88,E,E2,,RENT,12000.0,Not Verified,debt_consolidation,NV,45.0,0.0,680.0,684.0,0.0,28.5,7.0,Joint App,5,High Risk,Manual Review
128722500,9550.0, 36 months,26.3,E,E5,9 years,MORTGAGE,95000.0,Source Verified,debt_consolidation,CT,35.32,0.0,705.0,709.0,0.0,71.2,13.0,Joint App,5,High Risk,Manual Review
128062587,30000.0, 60 months,24.85,E,E3,4 years,MORTGAGE,80000.0,Verified,debt_consolidation,TX,30.87,0.0,730.0,734.0,0.0,2.7,34.0,Individual,5,High Risk,Manual Review
128411846,16000.0, 60 months,23.88,E,E2,10+ years,MORTGAGE,65000.0,Not Verified,home_improvement,GA,30.95,5.0,730.0,734.0,2.0,34.5,30.0,Joint App,6,High Risk,Manual Review
128351181,30000.0, 60 months,24.85,E,E3,8 years,RENT,89000.0,Not Verified,debt_consolidation,WY,36.49,0.0,695.0,699.0,1.0,75.1,33.0,Individual,5,High Risk,Manual Review
128260585,15000.0, 60 months,18.06,D,D2,3 years,MORTGAGE,43440.0,Verified,credit_card,IN,36.07,1.0,675.0,679.0,1.0,99.9,19.0,Joint App,5,High Risk,Manual Review
128711524,26000.0, 60 months,24.85,E,E3,10+ years,RENT,52048.8,Verified,debt_consolidation,VA,33.83,0.0,660.0,664.0,1.0,26.5,31.0,Individual,5,High Risk,Manual Review
128780872,20000.0, 60 months,24.85,E,E3,4 years,OWN,40000.0,Verified,credit_card,TX,32.59,0.0,660.0,664.0,0.0,71.4,15.0,Joint App,5,High Risk,Manual Review
128560858,17850.0, 60 months,30.75,F,F5,7 years,MORTGAGE,16000.0,Verified,debt_consolidation,ID,75.84,0.0,705.0,709.0,0.0,87.5,19.0,Joint App,6,High Risk,Manual Review
128801602,20000.0, 60 months,24.85,E,E3,5 years,RENT,42000.0,Verified,credit_card,GA,31.31,0.0,695.0,699.0,0.0,32.4,32.0,Individual,5,High Risk,Manual Review
128565829,7200.0, 36 months,23.88,E,E2,8 years,MORTGAGE,36000.0,Source Verified,debt_consolidation,CT,34.8,0.0,670.0,674.0,3.0,37.9,14.0,Joint App,5,High Risk,Manual Review
128584959,19775.0, 60 months,24.85,E,E3,10+ years,MORTGAGE,39000.0,Verified,debt_consolidation,MS,30.52,2.0,670.0,674.0,0.0,83.2,13.0,Individual,7,High Risk,Manual Review
128780444,16000.0, 60 months,21.45,D,D5,10+ years,MORTGAGE,50000.0,Not Verified,credit_card,CO,37.88,1.0,675.0,679.0,0.0,86.2,37.0,Joint App,5,High Risk,Manual Review
128722397,21000.0, 60 months,28.72,F,F1,8 years,MORTGAGE,71000.0,Verified,other,OH,32.07,0.0,665.0,669.0,3.0,49.1,55.0,Individual,5,High Risk,Manual Review
128371728,15400.0, 60 months,28.72,F,F1,8 years,MORTGAGE,57433.0,Source Verified,debt_consolidation,TX,37.65,1.0,675.0,679.0,1.0,54.6,31.0,Individual,6,High Risk,Manual Review
128753845,2250.0, 36 months,26.3,E,E5,,RENT,10596.0,Verified,debt_consolidation,FL,22.76,1.0,675.0,679.0,1.0,89.0,6.0,Individual,5,High Risk,Manual Review
127599163,32000.0, 60 months,25.82,E,E4,10+ years,OWN,80000.0,Verified,debt_consolidation,FL,16.71,1.0,660.0,664.0,0.0,89.9,7.0,Joint App,5,High Risk,Manual Review
128714528,35000.0, 60 months,30.17,F,F3,2 years,MORTGAGE,125000.0,Not Verified,debt_consolidation,TX,30.01,0.0,665.0,669.0,2.0,84.0,28.0,Individual,6,High Risk,Manual Review
128213121,40000.0, 60 months,24.85,E,E3,10+ years,MORTGAGE,95000.0,Source Verified,debt_consolidation,OK,33.15,0.0,740.0,744.0,2.0,69.0,24.0,Joint App,5,High Risk,Manual Review
128126508,20000.0, 36 months,23.88,E,E2,10+ years,RENT,51000.0,Verified,debt_consolidation,RI,47.2,0.0,675.0,679.0,3.0,68.3,23.0,Joint App,5,High Risk,Manual Review
128735739,13050.0, 60 months,26.3,E,E5,3 years,MORTGAGE,55000.0,Verified,debt_consolidation,ND,39.14,0.0,700.0,704.0,0.0,97.0,20.0,Individual,6,High Risk,Manual Review
128749453,28000.0, 60 months,24.85,E,E3,5 years,MORTGAGE,27300.0,Not Verified,debt_consolidation,UT,48.22,0.0,700.0,704.0,1.0,37.5,34.0,Joint App,5,High Risk,Manual Review
128233102,15300.0, 36 months,26.3,E,E5,10+ years,RENT,30040.0,Verified,other,NY,35.68,0.0,690.0,694.0,0.0,50.1,15.0,Individual,5,High Risk,Manual Review
128754470,35000.0, 60 months,30.79,G,G1,3 years,RENT,85000.0,Not Verified,debt_consolidation,CA,46.53,0.0,720.0,724.0,1.0,40.3,28.0,Joint App,5,High Risk,Manual Review
128571081,13000.0, 36 months,22.91,E,E1,5 years,RENT,57000.0,Verified,debt_consolidation,NM,33.07,0.0,660.0,664.0,0.0,52.1,39.0,Individual,5,High Risk,Manual Review
128072352,21950.0, 60 months,28.72,F,F1,4 years,OWN,187000.0,Source Verified,credit_card,GA,30.19,0.0,725.0,729.0,0.0,58.6,15.0,Individual,5,High Risk,Manual Review
128782151,6000.0, 36 months,15.05,C,C4,10+ years,MORTGAGE,45000.0,Verified,other,OK,33.65,1.0,665.0,669.0,0.0,91.6,22.0,Individual,5,High Risk,Manual Review
128485173,5000.0, 36 months,24.85,E,E3,,MORTGAGE,30000.0,Not Verified,car,TX,36.48,0.0,715.0,719.0,0.0,73.9,15.0,Joint App,5,High Risk,Manual Review
128587150,37000.0, 60 months,23.88,E,E2,5 years,MORTGAGE,55000.0,Source Verified,debt_consolidation,CA,45.73,0.0,695.0,699.0,1.0,56.9,35.0,Joint App,5,High Risk,Manual Review
128378203,24000.0, 60 months,24.85,E,E3,7 years,MORTGAGE,243000.0,Source Verified,credit_card,IN,8.79,1.0,660.0,664.0,0.0,80.7,27.0,Individual,5,High Risk,Manual Review
128637302,16000.0, 36 months,25.82,E,E4,10+ years,RENT,30000.0,Verified,debt_consolidation,KY,46.36,0.0,665.0,669.0,0.0,42.3,21.0,Joint App,5,High Risk,Manual Review
128583977,30000.0, 60 months,28.72,F,F1,10+ years,MORTGAGE,98000.0,Source Verified,debt_consolidation,TX,38.97,0.0,705.0,709.0,2.0,55.5,60.0,Individual,5,High Risk,Manual Review
128694510,40000.0, 60 months,25.82,E,E4,2 years,RENT,27000.0,Verified,debt_consolidation,PA,90.44,0.0,725.0,729.0,1.0,57.3,28.0,Joint App,5,High Risk,Manual Review
128466086,10000.0, 60 months,25.82,E,E4,10+ years,OWN,35000.0,Verified,credit_card,MT,30.28,0.0,685.0,689.0,0.0,73.9,9.0,Individual,5,High Risk,Manual Review
128694953,21025.0, 36 months,17.09,D,D1,2 years,MORTGAGE,41121.6,Verified,debt_consolidation,IL,39.2,1.0,665.0,669.0,1.0,84.8,28.0,Joint App,5,High Risk,Manual Review
127020673,19200.0, 60 months,26.3,E,E5,1 year,RENT,36400.0,Verified,major_purchase,CA,30.16,0.0,665.0,669.0,1.0,41.2,41.0,Individual,5,High Risk,Manual Review
128491660,20000.0, 36 months,25.82,E,E4,3 years,RENT,27000.0,Not Verified,debt_consolidation,NY,30.93,0.0,685.0,689.0,0.0,52.8,28.0,Joint App,5,High Risk,Manual Review
128493066,11000.0, 60 months,24.85,E,E3,6 years,MORTGAGE,42000.0,Verified,credit_card,MT,58.8,0.0,680.0,684.0,0.0,88.7,39.0,Joint App,6,High Risk,Manual Review
127861523,30000.0, 60 months,23.88,E,E2,3 years,MORTGAGE,110000.0,Verified,debt_consolidation,TX,11.36,1.0,665.0,669.0,0.0,88.9,21.0,Individual,5,High Risk,Manual Review
128711551,30000.0, 36 months,22.91,E,E1,6 years,RENT,115000.0,Source Verified,debt_consolidation,OR,32.27,0.0,665.0,669.0,1.0,45.4,53.0,Individual,5,High Risk,Manual Review
128372374,2350.0, 36 months,25.82,E,E4,10+ years,MORTGAGE,25000.0,Not Verified,debt_consolidation,UT,31.01,2.0,685.0,689.0,0.0,19.2,18.0,Joint App,6,High Risk,Manual Review
128692449,5200.0, 36 months,23.88,E,E2,2 years,RENT,37000.0,Verified,debt_consolidation,CA,32.37,0.0,685.0,689.0,0.0,98.4,10.0,Joint App,6,High Risk,Manual Review
128211547,24000.0, 36 months,19.03,D,D3,2 years,RENT,48000.0,Verified,car,CO,30.98,1.0,660.0,664.0,0.0,90.3,16.0,Individual,5,High Risk,Manual Review
128490686,25000.0, 60 months,26.3,E,E5,10+ years,OWN,65000.0,Verified,debt_consolidation,CA,36.26,0.0,715.0,719.0,1.0,24.7,33.0,Individual,5,High Risk,Manual Review
128467508,20000.0, 60 months,24.85,E,E3,10+ years,MORTGAGE,89000.0,Verified,debt_consolidation,FL,32.13,0.0,670.0,674.0,0.0,73.7,24.0,Individual,5,High Risk,Manual Review
128563928,18000.0, 60 months,25.82,E,E4,,OWN,40000.0,Not Verified,debt_consolidation,OK,35.68,0.0,680.0,684.0,0.0,32.2,28.0,Individual,5,High Risk,Manual Review
128563913,20000.0, 60 months,23.88,E,E2,3 years,RENT,36000.0,Verified,debt_consolidation,OH,30.43,0.0,745.0,749.0,1.0,31.7,13.0,Individual,5,High Risk,Manual Review
128412392,40000.0, 60 months,16.02,C,C5,10+ years,MORTGAGE,105000.0,Verified,small_business,SC,32.09,1.0,700.0,704.0,0.0,82.0,28.0,Joint App,5,High Risk,Manual Review
128467958,7250.0, 36 months,22.91,E,E1,2 years,RENT,24000.0,Verified,debt_consolidation,FL,49.85,0.0,695.0,699.0,0.0,29.4,9.0,Joint App,5,High Risk,Manual Review
128690560,26825.0, 60 months,24.85,E,E3,10+ years,MORTGAGE,44300.0,Verified,credit_card,OH,76.44,0.0,730.0,734.0,2.0,49.7,36.0,Joint App,5,High Risk,Manual Review
128218813,32000.0, 36 months,22.91,E,E1,10+ years,MORTGAGE,165000.0,Verified,other,NJ,22.36,1.0,660.0,664.0,0.0,84.9,39.0,Joint App,5,High Risk,Manual Review
128581521,20000.0, 60 months,23.88,E,E2,10+ years,RENT,50229.87,Not Verified,debt_consolidation,NC,37.83,0.0,685.0,689.0,0.0,67.8,16.0,Joint App,5,High Risk,Manual Review
127557846,29050.0, 60 months,28.72,F,F1,< 1 year,MORTGAGE,70000.0,Verified,debt_consolidation,GA,39.31,0.0,745.0,749.0,0.0,68.2,15.0,Individual,5,High Risk,Manual Review
128693262,25000.0, 60 months,23.88,E,E2,10+ years,MORTGAGE,8000.0,Not Verified,debt_consolidation,VA,144.74,0.0,660.0,664.0,0.0,72.7,19.0,Joint App,5,High Risk,Manual Review
127773337,35000.0, 60 months,26.3,E,E5,3 years,OWN,30000.0,Verified,debt_consolidation,IL,81.08,1.0,740.0,744.0,2.0,,15.0,Joint App,6,High Risk,Manual Review
128292572,38575.0, 60 months,30.75,F,F5,5 years,MORTGAGE,10000.0,Verified,debt_consolidation,CA,241.3,2.0,680.0,684.0,0.0,75.0,25.0,Joint App,6,High Risk,Manual Review
128659406,21225.0, 60 months,30.79,G,G1,3 years,RENT,45000.0,Source Verified,debt_consolidation,CT,35.81,0.0,670.0,674.0,0.0,72.2,29.0,Individual,5,High Risk,Manual Review
127552621,20800.0, 60 months,28.72,F,F1,< 1 year,RENT,47840.0,Verified,debt_consolidation,TN,31.71,0.0,685.0,689.0,1.0,76.4,10.0,Individual,5,High Risk,Manual Review
128641093,18000.0, 36 months,16.02,C,C5,1 year,MORTGAGE,83000.0,Verified,debt_consolidation,CA,33.2,1.0,665.0,669.0,0.0,81.5,32.0,Joint App,5,High Risk,Manual Review
128353975,35000.0, 60 months,25.82,E,E4,10+ years,MORTGAGE,45000.0,Not Verified,home_improvement,MS,57.36,0.0,670.0,674.0,0.0,60.8,27.0,Joint App,5,High Risk,Manual Review
128690148,16000.0, 60 months,26.3,E,E5,1 year,MORTGAGE,95000.0,Source Verified,home_improvement,AZ,32.33,0.0,695.0,699.0,2.0,33.3,32.0,Individual,5,High Risk,Manual Review
127317222,7475.0, 36 months,25.82,E,E4,10+ years,OWN,38798.0,Verified,debt_consolidation,TX,35.54,2.0,730.0,734.0,0.0,10.9,24.0,Individual,6,High Risk,Manual Review
128248758,19225.0, 36 months,24.85,E,E3,10+ years,OWN,78000.0,Verified,small_business,OK,36.03,0.0,685.0,689.0,1.0,84.7,31.0,Individual,6,High Risk,Manual Review
128395492,2500.0, 36 months,23.88,E,E2,10+ years,MORTGAGE,105000.0,Not Verified,debt_consolidation,NY,31.28,4.0,660.0,664.0,0.0,46.9,45.0,Individual,6,High Risk,Manual Review
127551090,14400.0, 60 months,24.85,E,E3,8 years,MORTGAGE,183000.0,Verified,debt_consolidation,NY,23.61,1.0,665.0,669.0,1.0,84.4,29.0,Individual,5,High Risk,Manual Review
128402458,16800.0, 60 months,30.17,F,F3,5 years,RENT,30000.0,Not Verified,debt_consolidation,PA,58.6,0.0,675.0,679.0,0.0,82.1,12.0,Joint App,6,High Risk,Manual Review
128265408,18000.0, 60 months,23.88,E,E2,,MORTGAGE,25600.0,Source Verified,home_improvement,FL,39.05,0.0,695.0,699.0,0.0,29.9,23.0,Joint App,5,High Risk,Manual Review
128562010,40000.0, 60 months,30.17,F,F3,2 years,MORTGAGE,75000.0,Not Verified,debt_consolidation,IL,45.62,0.0,715.0,719.0,0.0,80.9,20.0,Joint App,6,High Risk,Manual Review
128407986,20000.0, 60 months,30.17,F,F3,6 years,MORTGAGE,32000.0,Verified,debt_consolidation,FL,35.07,0.0,700.0,704.0,1.0,88.9,11.0,Joint App,6,High Risk,Manual Review
128591472,15000.0, 60 months,28.72,F,F1,3 years,RENT,32000.0,Not Verified,debt_consolidation,MO,30.72,0.0,705.0,709.0,0.0,35.4,35.0,Individual,5,High Risk,Manual Review
128582671,17225.0, 60 months,23.88,E,E2,4 years,RENT,52005.0,Source Verified,credit_card,NC,31.02,0.0,720.0,724.0,0.0,60.8,10.0,Individual,5,High Risk,Manual Review
128238846,20000.0, 60 months,24.85,E,E3,10+ years,RENT,65000.0,Not Verified,debt_consolidation,MA,38.53,0.0,725.0,729.0,0.0,88.5,19.0,Individual,6,High Risk,Manual Review
128243293,6000.0, 36 months,16.02,C,C5,5 years,MORTGAGE,72000.0,Source Verified,debt_consolidation,GA,38.88,1.0,715.0,719.0,0.0,88.9,29.0,Individual,5,High Risk,Manual Review
128440981,20000.0, 60 months,25.82,E,E4,10+ years,OWN,34000.0,Not Verified,debt_consolidation,MS,40.52,3.0,675.0,679.0,0.0,38.0,27.0,Joint App,6,High Risk,Manual Review
128562728,5000.0, 36 months,24.85,E,E3,,OWN,65000.0,Verified,home_improvement,GA,58.16,0.0,665.0,669.0,0.0,79.4,29.0,Joint App,5,High Risk,Manual Review
128527851,20000.0, 36 months,17.09,D,D1,6 years,RENT,18000.0,Verified,debt_consolidation,CT,58.53,2.0,670.0,674.0,0.0,88.6,13.0,Joint App,5,High Risk,Manual Review
128463874,23375.0, 60 months,28.72,F,F1,1 year,RENT,70000.0,Source Verified,debt_consolidation,NY,34.91,0.0,720.0,724.0,1.0,36.6,23.0,Individual,5,High Risk,Manual Review
128570847,2725.0, 36 months,23.88,E,E2,10+ years,MORTGAGE,32000.0,Verified,other,TX,33.08,1.0,665.0,669.0,0.0,82.2,11.0,Individual,7,High Risk,Manual Review
128468030,10000.0, 36 months,24.85,E,E3,,RENT,18000.0,Verified,credit_card,CA,36.0,0.0,660.0,664.0,0.0,62.0,10.0,Individual,5,High Risk,Manual Review
128443401,6000.0, 36 months,23.88,E,E2,3 years,MORTGAGE,31000.0,Verified,debt_consolidation,AL,38.54,0.0,710.0,714.0,1.0,42.0,27.0,Individual,5,High Risk,Manual Review
128464018,26025.0, 60 months,24.85,E,E3,10+ years,RENT,98000.0,Verified,debt_consolidation,OH,32.35,0.0,720.0,724.0,0.0,25.0,44.0,Individual,5,High Risk,Manual Review
128494396,40000.0, 60 months,24.85,E,E3,< 1 year,MORTGAGE,33000.0,Verified,debt_consolidation,NE,51.85,0.0,685.0,689.0,1.0,83.4,9.0,Joint App,6,High Risk,Manual Review
128569148,15000.0, 60 months,24.85,E,E3,4 years,MORTGAGE,35000.0,Not Verified,debt_consolidation,WV,37.96,0.0,665.0,669.0,2.0,80.2,16.0,Joint App,6,High Risk,Manual Review
128488722,10000.0, 60 months,25.82,E,E4,10+ years,OWN,29372.0,Not Verified,debt_consolidation,TX,34.17,0.0,680.0,684.0,0.0,71.6,23.0,Individual,5,High Risk,Manual Review
128275185,24600.0, 36 months,26.3,E,E5,2 years,RENT,29760.0,Source Verified,debt_consolidation,OH,48.47,0.0,705.0,709.0,1.0,38.0,22.0,Joint App,5,High Risk,Manual Review
128351727,20000.0, 60 months,26.3,E,E5,1 year,RENT,34798.0,Verified,debt_consolidation,VT,35.05,0.0,695.0,699.0,0.0,46.1,28.0,Individual,5,High Risk,Manual Review
128310558,10000.0, 60 months,26.3,E,E5,,RENT,13200.0,Verified,debt_consolidation,FL,34.55,0.0,710.0,714.0,0.0,24.2,16.0,Individual,5,High Risk,Manual Review
128250855,24175.0, 60 months,24.85,E,E3,10+ years,RENT,53782.0,Not Verified,debt_consolidation,OR,32.94,0.0,680.0,684.0,1.0,78.2,22.0,Joint App,5,High Risk,Manual Review
128310613,28050.0, 60 months,28.72,F,F1,10+ years,MORTGAGE,42000.0,Not Verified,debt_consolidation,TX,33.34,0.0,695.0,699.0,0.0,30.5,31.0,Individual,5,High Risk,Manual Review
127446685,32000.0, 60 months,25.82,E,E4,10+ years,MORTGAGE,98000.0,Verified,debt_consolidation,NC,21.85,1.0,665.0,669.0,0.0,91.1,19.0,Joint App,5,High Risk,Manual Review
128143959,39025.0, 60 months,30.79,G,G1,5 years,RENT,55000.0,Source Verified,debt_consolidation,WI,34.63,0.0,745.0,749.0,0.0,30.3,24.0,Joint App,5,High Risk,Manual Review
128409658,10500.0, 60 months,28.72,F,F1,< 1 year,MORTGAGE,55000.0,Source Verified,major_purchase,GA,31.18,2.0,685.0,689.0,0.0,50.4,26.0,Individual,6,High Risk,Manual Review
128400194,16000.0, 60 months,23.88,E,E2,10+ years,MORTGAGE,27000.0,Not Verified,home_improvement,AZ,66.09,0.0,710.0,714.0,1.0,49.1,20.0,Joint App,5,High Risk,Manual Review
128312670,32000.0, 60 months,23.88,E,E2,2 years,MORTGAGE,67000.0,Verified,debt_consolidation,KS,30.88,0.0,665.0,669.0,0.0,92.9,17.0,Joint App,6,High Risk,Manual Review
127959250,18000.0, 60 months,28.72,F,F1,,OWN,24000.0,Source Verified,credit_card,KS,96.0,0.0,665.0,669.0,1.0,96.4,24.0,Joint App,6,High Risk,Manual Review
128376705,11625.0, 60 months,26.3,E,E5,,OWN,11772.0,Verified,debt_consolidation,OH,38.94,0.0,690.0,694.0,1.0,46.7,12.0,Joint App,5,High Risk,Manual Review
127567198,15000.0, 36 months,25.82,E,E4,10+ years,RENT,48000.0,Source Verified,credit_card,MD,32.18,0.0,665.0,669.0,0.0,72.9,21.0,Individual,5,High Risk,Manual Review
126612614,25000.0, 60 months,30.75,F,F5,6 years,OWN,89763.0,Verified,credit_card,FL,37.86,0.0,660.0,664.0,0.0,49.8,52.0,Individual,5,High Risk,Manual Review
127560966,7000.0, 36 months,16.02,C,C5,10+ years,RENT,70000.0,Not Verified,car,WA,31.6,2.0,665.0,669.0,0.0,95.5,28.0,Individual,5,High Risk,Manual Review
128376058,25000.0, 60 months,24.85,E,E3,4 years,RENT,41255.0,Not Verified,debt_consolidation,CA,30.14,0.0,720.0,724.0,0.0,32.1,21.0,Individual,5,High Risk,Manual Review
128394156,14525.0, 60 months,29.69,F,F2,10+ years,RENT,28000.0,Verified,debt_consolidation,AL,36.52,0.0,675.0,679.0,0.0,62.5,22.0,Individual,5,High Risk,Manual Review
128409380,5000.0, 36 months,23.88,E,E2,2 years,RENT,12000.0,Not Verified,debt_consolidation,VA,68.0,0.0,665.0,669.0,0.0,87.2,7.0,Joint App,6,High Risk,Manual Review
127767278,19200.0, 36 months,22.91,E,E1,1 year,MORTGAGE,35276.0,Source Verified,debt_consolidation,TX,37.77,0.0,720.0,724.0,1.0,46.6,9.0,Joint App,5,High Risk,Manual Review
128069578,15000.0, 60 months,30.79,G,G1,3 years,RENT,28000.0,Verified,debt_consolidation,PA,47.54,0.0,690.0,694.0,0.0,74.7,19.0,Joint App,5,High Risk,Manual Review
128204110,30000.0, 60 months,23.88,E,E2,2 years,RENT,75000.0,Verified,debt_consolidation,HI,56.35,0.0,740.0,744.0,2.0,6.7,28.0,Joint App,5,High Risk,Manual Review
128350201,35000.0, 60 months,25.82,E,E4,7 years,MORTGAGE,15000.0,Not Verified,debt_consolidation,UT,177.36,0.0,685.0,689.0,1.0,48.8,20.0,Joint App,5,High Risk,Manual Review
128349758,25000.0, 60 months,28.72,F,F1,6 years,MORTGAGE,105000.0,Source Verified,debt_consolidation,NY,17.45,2.0,660.0,664.0,1.0,87.7,28.0,Joint App,5,High Risk,Manual Review
128358376,2000.0, 36 months,24.85,E,E3,2 years,RENT,35000.0,Verified,major_purchase,NY,72.51,0.0,665.0,669.0,1.0,95.4,21.0,Joint App,6,High Risk,Manual Review
127999312,20000.0, 60 months,24.85,E,E3,4 years,MORTGAGE,100000.0,Source Verified,credit_card,NY,20.59,4.0,660.0,664.0,2.0,95.6,25.0,Individual,5,High Risk,Manual Review
128236069,22000.0, 60 months,28.72,F,F1,2 years,MORTGAGE,37000.0,Source Verified,debt_consolidation,MI,33.67,0.0,665.0,669.0,1.0,71.5,35.0,Joint App,5,High Risk,Manual Review
128249168,1000.0, 36 months,23.88,E,E2,10+ years,RENT,56000.0,Verified,moving,IL,35.75,0.0,695.0,699.0,1.0,65.1,27.0,Individual,5,High Risk,Manual Review
128153059,1500.0, 36 months,24.85,E,E3,,RENT,37000.0,Verified,other,NY,41.94,0.0,715.0,719.0,0.0,66.6,21.0,Joint App,5,High Risk,Manual Review
128176133,17500.0, 60 months,23.88,E,E2,2 years,RENT,50568.0,Verified,debt_consolidation,TN,14.33,1.0,675.0,679.0,0.0,98.4,36.0,Individual,5,High Risk,Manual Review
128291860,17725.0, 60 months,24.85,E,E3,3 years,RENT,30000.0,Not Verified,debt_consolidation,IL,33.84,0.0,770.0,774.0,2.0,2.9,27.0,Individual,5,High Risk,Manual Review
128381680,29625.0, 60 months,23.88,E,E2,10+ years,MORTGAGE,104196.0,Source Verified,debt_consolidation,TX,39.73,0.0,725.0,729.0,0.0,78.8,28.0,Individual,5,High Risk,Manual Review
128350811,22000.0, 60 months,28.72,F,F1,,OWN,54500.0,Not Verified,debt_consolidation,PA,36.49,0.0,705.0,709.0,1.0,31.7,32.0,Individual,5,High Risk,Manual Review
128319943,17800.0, 36 months,26.3,E,E5,2 years,RENT,34900.0,Verified,debt_consolidation,NJ,37.79,0.0,730.0,734.0,0.0,40.0,18.0,Individual,5,High Risk,Manual Review
128236653,30000.0, 60 months,25.82,E,E4,2 years,RENT,142000.0,Verified,credit_card,CA,16.69,2.0,660.0,664.0,0.0,84.9,23.0,Individual,5,High Risk,Manual Review
128276941,30000.0, 36 months,22.91,E,E1,10+ years,RENT,53000.0,Not Verified,credit_card,CO,51.4,0.0,705.0,709.0,0.0,91.6,23.0,Joint App,6,High Risk,Manual Review
127149308,17600.0, 60 months,28.72,F,F1,< 1 year,RENT,30993.0,Source Verified,debt_consolidation,CA,39.66,0.0,710.0,714.0,3.0,41.9,8.0,Joint App,5,High Risk,Manual Review
128359378,15000.0, 60 months,23.88,E,E2,3 years,MORTGAGE,43000.0,Verified,credit_card,AZ,39.69,0.0,685.0,689.0,0.0,36.8,25.0,Individual,5,High Risk,Manual Review
128269169,20000.0, 60 months,25.82,E,E4,10+ years,RENT,45000.0,Source Verified,debt_consolidation,CA,30.64,0.0,690.0,694.0,0.0,43.5,31.0,Individual,5,High Risk,Manual Review
128167784,10975.0, 60 months,26.3,E,E5,10+ years,MORTGAGE,75000.0,Verified,moving,NY,34.78,0.0,660.0,664.0,3.0,91.0,18.0,Individual,6,High Risk,Manual Review
128242518,40000.0, 60 months,24.85,E,E3,,RENT,13000.0,Source Verified,debt_consolidation,PA,37.3,0.0,680.0,684.0,1.0,34.4,16.0,Joint App,5,High Risk,Manual Review
128246757,10000.0, 60 months,24.85,E,E3,10+ years,RENT,40000.0,Source Verified,debt_consolidation,CA,34.8,0.0,690.0,694.0,0.0,44.9,18.0,Individual,5,High Risk,Manual Review
128276899,32000.0, 60 months,30.75,F,F5,10+ years,MORTGAGE,65000.0,Not Verified,debt_consolidation,GA,32.81,0.0,670.0,674.0,1.0,78.2,37.0,Joint App,5,High Risk,Manual Review
128262857,18000.0, 60 months,29.69,F,F2,2 years,MORTGAGE,44000.0,Not Verified,debt_consolidation,ND,37.92,1.0,665.0,669.0,0.0,60.3,23.0,Joint App,6,High Risk,Manual Review
128166140,40000.0, 36 months,25.82,E,E4,< 1 year,RENT,67000.0,Verified,debt_consolidation,CA,34.8,0.0,680.0,684.0,0.0,23.7,33.0,Joint App,5,High Risk,Manual Review
128254720,22825.0, 60 months,30.79,G,G1,< 1 year,MORTGAGE,35000.0,Verified,debt_consolidation,TX,90.16,0.0,700.0,704.0,0.0,78.0,15.0,Joint App,5,High Risk,Manual Review
128211935,3300.0, 36 months,26.3,E,E5,10+ years,MORTGAGE,39378.0,Verified,credit_card,AR,38.83,0.0,680.0,684.0,0.0,100.6,17.0,Individual,6,High Risk,Manual Review
128223123,13200.0, 60 months,24.85,E,E3,10+ years,RENT,95000.0,Not Verified,credit_card,TX,31.99,0.0,675.0,679.0,2.0,28.1,50.0,Individual,5,High Risk,Manual Review
128114310,1500.0, 36 months,24.85,E,E3,7 years,RENT,22592.84,Verified,other,CA,30.82,0.0,660.0,664.0,1.0,21.4,19.0,Individual,5,High Risk,Manual Review
127762102,21000.0, 60 months,24.85,E,E3,< 1 year,RENT,86000.0,Source Verified,debt_consolidation,VA,30.16,0.0,670.0,674.0,0.0,85.4,19.0,Joint App,6,High Risk,Manual Review
128255406,16000.0, 36 months,24.85,E,E3,4 years,MORTGAGE,8000.0,Not Verified,debt_consolidation,CA,122.52,1.0,710.0,714.0,0.0,18.0,25.0,Joint App,6,High Risk,Manual Review
128244382,40000.0, 36 months,18.06,D,D2,5 years,MORTGAGE,109500.0,Verified,debt_consolidation,MD,37.63,2.0,705.0,709.0,0.0,86.8,42.0,Joint App,5,High Risk,Manual Review
128261291,10000.0, 60 months,28.72,F,F1,4 years,RENT,53606.0,Not Verified,debt_consolidation,NC,38.28,0.0,690.0,694.0,0.0,36.5,25.0,Individual,5,High Risk,Manual Review
128279857,6000.0, 36 months,24.85,E,E3,10+ years,MORTGAGE,58000.0,Not Verified,medical,TX,22.39,2.0,685.0,689.0,0.0,91.8,33.0,Joint App,5,High Risk,Manual Review
128195445,35000.0, 60 months,30.65,F,F4,10+ years,MORTGAGE,175000.0,Source Verified,debt_consolidation,TX,33.3,0.0,705.0,709.0,0.0,97.0,23.0,Individual,6,High Risk,Manual Review
128280686,7200.0, 36 months,23.88,E,E2,10+ years,MORTGAGE,64300.0,Source Verified,debt_consolidation,IL,33.05,2.0,710.0,714.0,1.0,24.7,51.0,Joint App,6,High Risk,Manual Review
128295695,25000.0, 60 months,28.72,F,F1,4 years,RENT,71000.0,Not Verified,debt_consolidation,WI,33.42,0.0,720.0,724.0,0.0,31.2,33.0,Joint App,5,High Risk,Manual Review
128086671,30000.0, 60 months,23.88,E,E2,5 years,RENT,125000.0,Verified,medical,CA,16.79,1.0,670.0,674.0,0.0,85.9,20.0,Individual,5,High Risk,Manual Review
128193970,15000.0, 60 months,24.85,E,E3,10+ years,RENT,58200.0,Not Verified,credit_card,NH,35.57,0.0,670.0,674.0,0.0,62.7,37.0,Individual,5,High Risk,Manual Review
128191316,24000.0, 60 months,26.3,E,E5,2 years,RENT,41000.0,Verified,debt_consolidation,AL,33.83,0.0,690.0,694.0,0.0,67.0,16.0,Individual,5,High Risk,Manual Review
128220123,15000.0, 60 months,30.17,F,F3,4 years,RENT,27000.0,Verified,debt_consolidation,NJ,42.89,1.0,665.0,669.0,0.0,43.0,31.0,Joint App,6,High Risk,Manual Review
126751756,35000.0, 60 months,30.17,F,F3,10+ years,RENT,23500.0,Not Verified,debt_consolidation,OH,40.09,0.0,675.0,679.0,2.0,44.5,18.0,Joint App,5,High Risk,Manual Review
128259834,10000.0, 60 months,24.85,E,E3,10+ years,MORTGAGE,60000.0,Not Verified,home_improvement,TN,37.12,8.0,695.0,699.0,0.0,54.0,45.0,Individual,6,High Risk,Manual Review
128212633,25975.0, 60 months,23.88,E,E2,10+ years,MORTGAGE,87598.27,Verified,debt_consolidation,MO,30.99,0.0,680.0,684.0,0.0,97.0,18.0,Individual,6,High Risk,Manual Review
128103062,5400.0, 36 months,23.88,E,E2,2 years,RENT,45000.0,Not Verified,debt_consolidation,NV,31.6,0.0,740.0,744.0,0.0,83.0,14.0,Individual,6,High Risk,Manual Review
128246257,10000.0, 60 months,23.88,E,E2,,RENT,28000.0,Verified,debt_consolidation,NC,65.28,1.0,675.0,679.0,1.0,60.8,16.0,Joint App,6,High Risk,Manual Review
128133363,35000.0, 36 months,24.85,E,E3,5 years,MORTGAGE,30000.0,Verified,vacation,FL,45.01,0.0,665.0,669.0,0.0,60.7,18.0,Joint App,5,High Risk,Manual Review
128197810,25000.0, 60 months,23.88,E,E2,2 years,RENT,10000.0,Source Verified,credit_card,TX,169.87,0.0,695.0,699.0,0.0,54.0,16.0,Joint App,5,High Risk,Manual Review
128233647,16800.0, 60 months,30.17,F,F3,10+ years,RENT,25000.0,Verified,debt_consolidation,FL,49.22,0.0,725.0,729.0,0.0,64.2,16.0,Joint App,5,High Risk,Manual Review
127600057,16625.0, 36 months,26.3,E,E5,1 year,OWN,70000.0,Verified,debt_consolidation,MS,39.31,0.0,715.0,719.0,0.0,79.7,52.0,Individual,5,High Risk,Manual Review
128191306,30000.0, 60 months,25.82,E,E4,7 years,MORTGAGE,54121.0,Not Verified,debt_consolidation,KY,61.15,0.0,670.0,674.0,2.0,63.9,42.0,Joint App,5,High Risk,Manual Review
127980538,7000.0, 36 months,26.3,E,E5,,OWN,16000.0,Verified,debt_consolidation,MI,34.43,0.0,730.0,734.0,1.0,45.8,33.0,Individual,5,High Risk,Manual Review
128123350,3900.0, 36 months,23.88,E,E2,,OWN,16500.0,Not Verified,debt_consolidation,OR,31.35,0.0,660.0,664.0,3.0,20.3,53.0,Individual,5,High Risk,Manual Review
128224831,30000.0, 60 months,25.82,E,E4,10+ years,OWN,134156.0,Verified,debt_consolidation,IN,18.63,1.0,680.0,684.0,1.0,89.3,16.0,Individual,5,High Risk,Manual Review
128061660,10200.0, 36 months,26.3,E,E5,3 years,RENT,30000.0,Not Verified,debt_consolidation,NV,31.8,0.0,670.0,674.0,0.0,82.4,6.0,Individual,6,High Risk,Manual Review
127968085,24000.0, 60 months,26.3,E,E5,,MORTGAGE,53576.04,Verified,debt_consolidation,WV,33.45,1.0,665.0,669.0,1.0,93.1,29.0,Individual,7,High Risk,Manual Review
128122218,1000.0, 36 months,22.91,E,E1,3 years,RENT,30000.0,Verified,other,NJ,35.33,0.0,680.0,684.0,1.0,34.8,23.0,Individual,5,High Risk,Manual Review
127966282,15200.0, 36 months,24.85,E,E3,1 year,RENT,36400.0,Source Verified,debt_consolidation,MD,42.93,0.0,720.0,724.0,1.0,24.5,9.0,Joint App,5,High Risk,Manual Review
128029200,10000.0, 60 months,23.88,E,E2,,RENT,28857.0,Verified,credit_card,FL,37.77,0.0,670.0,674.0,0.0,93.3,15.0,Individual,6,High Risk,Manual Review
127745899,3000.0, 36 months,17.09,D,D1,1 year,MORTGAGE,10000.0,Not Verified,medical,MO,98.32,1.0,660.0,664.0,0.0,97.2,19.0,Joint App,5,High Risk,Manual Review
127703100,16100.0, 36 months,22.91,E,E1,,MORTGAGE,37000.0,Verified,debt_consolidation,AZ,61.79,0.0,675.0,679.0,0.0,89.2,29.0,Joint App,6,High Risk,Manual Review
127173084,6975.0, 36 months,25.82,E,E4,3 years,OWN,24000.0,Not Verified,debt_consolidation,NM,39.55,0.0,685.0,689.0,0.0,38.3,22.0,Individual,5,High Risk,Manual Review
128121847,19000.0, 60 months,23.88,E,E2,< 1 year,RENT,60000.0,Not Verified,debt_consolidation,AL,34.5,0.0,660.0,664.0,0.0,68.4,26.0,Individual,5,High Risk,Manual Review
127721773,5000.0, 36 months,24.85,E,E3,2 years,RENT,66560.0,Not Verified,debt_consolidation,CA,35.03,0.0,685.0,689.0,0.0,54.7,47.0,Individual,5,High Risk,Manual Review
127485004,9200.0, 36 months,24.85,E,E3,10+ years,MORTGAGE,50000.0,Verified,debt_consolidation,MO,53.05,2.0,670.0,674.0,0.0,59.1,20.0,Joint App,6,High Risk,Manual Review
128166255,28000.0, 60 months,28.72,F,F1,5 years,MORTGAGE,65000.0,Verified,debt_consolidation,CO,37.61,0.0,675.0,679.0,2.0,88.0,43.0,Individual,6,High Risk,Manual Review
127193995,31025.0, 60 months,28.72,F,F1,10+ years,MORTGAGE,45760.0,Verified,home_improvement,CA,55.99,0.0,760.0,764.0,1.0,26.6,30.0,Joint App,5,High Risk,Manual Review
128102732,25000.0, 60 months,30.17,F,F3,2 years,RENT,120000.0,Verified,debt_consolidation,CO,34.44,0.0,680.0,684.0,1.0,40.4,50.0,Individual,5,High Risk,Manual Review
127798457,16000.0, 60 months,26.3,E,E5,5 years,MORTGAGE,32000.0,Verified,debt_consolidation,OH,41.07,1.0,680.0,684.0,0.0,53.6,27.0,Joint App,6,High Risk,Manual Review
127967528,21425.0, 60 months,24.85,E,E3,10+ years,RENT,47640.08,Verified,debt_consolidation,CT,30.45,0.0,695.0,699.0,1.0,52.0,21.0,Individual,5,High Risk,Manual Review
128202650,3000.0, 36 months,25.82,E,E4,10+ years,RENT,55000.0,Verified,other,DE,36.41,0.0,670.0,674.0,1.0,87.9,17.0,Individual,6,High Risk,Manual Review
128115268,7850.0, 36 months,23.88,E,E2,,RENT,14000.0,Verified,debt_consolidation,NY,33.36,0.0,700.0,704.0,0.0,67.6,6.0,Individual,5,High Risk,Manual Review
128066732,25000.0, 36 months,23.88,E,E2,4 years,RENT,127000.0,Source Verified,credit_card,NH,37.78,0.0,690.0,694.0,0.0,86.8,27.0,Individual,6,High Risk,Manual Review
127870982,28025.0, 60 months,30.79,G,G1,4 years,MORTGAGE,50000.0,Verified,debt_consolidation,TX,42.08,0.0,720.0,724.0,0.0,41.5,34.0,Joint App,5,High Risk,Manual Review
127641257,15900.0, 60 months,30.75,F,F5,1 year,RENT,33000.0,Verified,moving,CO,19.02,2.0,670.0,674.0,0.0,92.7,32.0,Individual,5,High Risk,Manual Review
128131336,12000.0, 60 months,26.3,E,E5,2 years,RENT,36500.0,Verified,other,IN,30.55,0.0,715.0,719.0,0.0,57.6,23.0,Individual,5,High Risk,Manual Review
128073183,20000.0, 60 months,30.17,F,F3,7 years,MORTGAGE,60000.0,Source Verified,debt_consolidation,GA,36.7,1.0,660.0,664.0,0.0,48.8,24.0,Joint App,6,High Risk,Manual Review
127897792,40000.0, 36 months,23.88,E,E2,2 years,MORTGAGE,21000.0,Verified,debt_consolidation,GA,44.56,0.0,680.0,684.0,1.0,51.5,35.0,Joint App,5,High Risk,Manual Review
127945754,24000.0, 60 months,26.3,E,E5,2 years,OWN,49000.0,Verified,other,OH,32.23,0.0,710.0,714.0,0.0,66.2,23.0,Individual,5,High Risk,Manual Review
128145506,20000.0, 60 months,24.85,E,E3,10+ years,OWN,70000.0,Not Verified,credit_card,KY,30.35,0.0,670.0,674.0,2.0,39.5,26.0,Individual,5,High Risk,Manual Review
128188122,21000.0, 60 months,24.85,E,E3,4 years,RENT,49556.0,Not Verified,debt_consolidation,NY,36.89,0.0,660.0,664.0,2.0,6.3,25.0,Individual,5,High Risk,Manual Review
128151719,12000.0, 60 months,26.3,E,E5,3 years,RENT,60400.0,Verified,debt_consolidation,AZ,27.52,1.0,670.0,674.0,3.0,84.3,11.0,Individual,5,High Risk,Manual Review
127408914,5000.0, 36 months,24.85,E,E3,1 year,RENT,30000.0,Source Verified,debt_consolidation,GA,39.36,0.0,665.0,669.0,0.0,80.3,6.0,Joint App,6,High Risk,Manual Review
128126332,19200.0, 60 months,23.88,E,E2,4 years,RENT,56000.0,Verified,debt_consolidation,NJ,34.38,1.0,670.0,674.0,0.0,63.3,27.0,Individual,6,High Risk,Manual Review
128126976,2600.0, 36 months,25.82,E,E4,3 years,MORTGAGE,37900.0,Verified,other,NC,50.66,0.0,675.0,679.0,0.0,57.1,14.0,Joint App,5,High Risk,Manual Review
128115912,10000.0, 60 months,24.85,E,E3,10+ years,MORTGAGE,32000.0,Verified,debt_consolidation,FL,36.08,0.0,680.0,684.0,0.0,59.2,13.0,Individual,5,High Risk,Manual Review
128131203,35000.0, 36 months,26.3,E,E5,10+ years,MORTGAGE,28000.0,Not Verified,debt_consolidation,MD,65.53,0.0,700.0,704.0,0.0,65.5,30.0,Joint App,5,High Risk,Manual Review
128028648,5800.0, 36 months,25.82,E,E4,,MORTGAGE,31200.0,Not Verified,debt_consolidation,NV,31.96,0.0,685.0,689.0,0.0,86.5,24.0,Individual,6,High Risk,Manual Review
127902382,28000.0, 60 months,24.85,E,E3,2 years,MORTGAGE,70000.0,Source Verified,credit_card,LA,30.34,0.0,705.0,709.0,0.0,51.9,17.0,Joint App,5,High Risk,Manual Review
128136132,16000.0, 36 months,19.03,D,D3,10+ years,RENT,76000.0,Not Verified,debt_consolidation,VA,36.95,1.0,670.0,674.0,0.0,86.9,30.0,Individual,5,High Risk,Manual Review
128127846,12500.0, 60 months,26.3,E,E5,4 years,RENT,28000.0,Source Verified,debt_consolidation,NY,31.38,0.0,770.0,774.0,1.0,19.8,28.0,Individual,5,High Risk,Manual Review
127410887,23100.0, 60 months,25.82,E,E4,4 years,RENT,100000.0,Verified,debt_consolidation,TX,35.05,0.0,710.0,714.0,1.0,24.4,39.0,Individual,5,High Risk,Manual Review
128084356,20000.0, 60 months,26.3,E,E5,3 years,RENT,23000.0,Verified,credit_card,CA,85.97,1.0,675.0,679.0,0.0,83.3,14.0,Joint App,7,High Risk,Manual Review
128037214,10000.0, 36 months,24.85,E,E3,< 1 year,MORTGAGE,60000.0,Not Verified,debt_consolidation,IL,8.42,1.0,660.0,664.0,0.0,86.9,14.0,Joint App,5,High Risk,Manual Review
127340359,15000.0, 60 months,25.82,E,E4,2 years,MORTGAGE,100000.0,Source Verified,debt_consolidation,TX,31.3,0.0,700.0,704.0,0.0,81.4,36.0,Individual,6,High Risk,Manual Review
127919565,12000.0, 60 months,24.85,E,E3,4 years,RENT,45000.0,Verified,debt_consolidation,NH,40.72,0.0,685.0,689.0,0.0,62.8,29.0,Joint App,5,High Risk,Manual Review
128113117,30000.0, 60 months,26.3,E,E5,2 years,RENT,90515.0,Verified,debt_consolidation,VA,23.71,1.0,665.0,669.0,0.0,98.1,46.0,Individual,5,High Risk,Manual Review
126915841,10000.0, 36 months,23.88,E,E2,< 1 year,RENT,17000.0,Verified,credit_card,FL,75.42,0.0,660.0,664.0,2.0,86.3,14.0,Joint App,6,High Risk,Manual Review
127766564,35000.0, 60 months,16.02,C,C5,10+ years,MORTGAGE,83000.0,Not Verified,debt_consolidation,KS,32.36,1.0,670.0,674.0,0.0,84.3,31.0,Joint App,5,High Risk,Manual Review
127184532,10000.0, 36 months,22.91,E,E1,5 years,MORTGAGE,55000.0,Verified,debt_consolidation,PA,64.69,0.0,715.0,719.0,0.0,74.7,26.0,Joint App,5,High Risk,Manual Review
128005871,12800.0, 60 months,26.3,E,E5,2 years,MORTGAGE,20277.0,Verified,debt_consolidation,FL,40.2,1.0,660.0,664.0,0.0,49.3,32.0,Joint App,6,High Risk,Manual Review
126842636,17500.0, 36 months,22.91,E,E1,10+ years,OWN,42000.0,Verified,debt_consolidation,OR,61.0,0.0,660.0,664.0,0.0,80.8,30.0,Joint App,6,High Risk,Manual Review
127526995,14400.0, 60 months,24.85,E,E3,,MORTGAGE,15000.0,Source Verified,debt_consolidation,OH,103.52,0.0,690.0,694.0,0.0,67.6,24.0,Joint App,5,High Risk,Manual Review
128016748,10000.0, 60 months,25.82,E,E4,,RENT,35000.0,Verified,debt_consolidation,FL,31.21,0.0,715.0,719.0,0.0,37.0,16.0,Joint App,5,High Risk,Manual Review
127875865,15000.0, 36 months,26.3,E,E5,,OWN,40000.0,Not Verified,credit_card,NY,38.19,0.0,660.0,664.0,1.0,49.8,32.0,Individual,5,High Risk,Manual Review
128025448,13825.0, 36 months,23.88,E,E2,8 years,RENT,65000.0,Verified,debt_consolidation,NC,30.93,0.0,705.0,709.0,1.0,31.7,11.0,Individual,5,High Risk,Manual Review
128035510,30000.0, 60 months,25.82,E,E4,10+ years,RENT,90000.0,Verified,debt_consolidation,NJ,40.87,0.0,680.0,684.0,0.0,67.4,23.0,Joint App,5,High Risk,Manual Review
128032593,30000.0, 60 months,25.82,E,E4,10+ years,RENT,90000.0,Source Verified,credit_card,FL,37.64,0.0,680.0,684.0,0.0,59.6,34.0,Individual,5,High Risk,Manual Review
128041059,12000.0, 60 months,23.88,E,E2,10+ years,OWN,60000.0,Verified,credit_card,KY,33.18,1.0,700.0,704.0,1.0,99.5,35.0,Individual,7,High Risk,Manual Review
128103276,21025.0, 36 months,22.91,E,E1,6 years,MORTGAGE,192000.0,Source Verified,credit_card,CA,36.88,1.0,700.0,704.0,1.0,76.4,26.0,Individual,6,High Risk,Manual Review
127561005,15800.0, 60 months,23.88,E,E2,,RENT,500.0,Not Verified,debt_consolidation,CA,131.71,0.0,670.0,674.0,0.0,23.1,6.0,Joint App,5,High Risk,Manual Review
128087140,14400.0, 60 months,23.88,E,E2,,MORTGAGE,43000.0,Not Verified,debt_consolidation,NM,32.26,0.0,715.0,719.0,0.0,56.3,14.0,Individual,5,High Risk,Manual Review
127744067,15000.0, 60 months,28.72,F,F1,,RENT,44065.0,Verified,house,FL,38.7,0.0,670.0,674.0,2.0,48.3,29.0,Joint App,5,High Risk,Manual Review
128035210,21700.0, 60 months,25.82,E,E4,1 year,MORTGAGE,27000.0,Not Verified,house,FL,29.64,1.0,670.0,674.0,0.0,93.0,9.0,Individual,5,High Risk,Manual Review
127725722,17000.0, 36 months,23.88,E,E2,,MORTGAGE,55500.0,Verified,home_improvement,WA,38.32,0.0,690.0,694.0,2.0,59.6,38.0,Individual,5,High Risk,Manual Review
128006719,16800.0, 60 months,26.3,E,E5,7 years,MORTGAGE,75000.0,Not Verified,credit_card,AL,38.96,0.0,660.0,664.0,0.0,91.8,19.0,Joint App,6,High Risk,Manual Review
127872326,25000.0, 60 months,15.05,C,C4,3 years,RENT,100000.0,Verified,debt_consolidation,TX,35.81,1.0,660.0,664.0,1.0,81.3,30.0,Individual,5,High Risk,Manual Review
128030260,9600.0, 36 months,23.88,E,E2,10+ years,RENT,20000.0,Source Verified,debt_consolidation,MI,33.97,0.0,680.0,684.0,1.0,82.5,11.0,Individual,6,High Risk,Manual Review
128069952,1000.0, 36 months,23.88,E,E2,2 years,MORTGAGE,67000.0,Verified,vacation,OR,37.86,0.0,705.0,709.0,3.0,67.6,29.0,Individual,5,High Risk,Manual Review
127970606,3400.0, 36 months,23.88,E,E2,1 year,RENT,13000.0,Verified,debt_consolidation,CA,34.02,0.0,660.0,664.0,2.0,20.7,12.0,Individual,5,High Risk,Manual Review
128035282,35000.0, 60 months,26.3,E,E5,2 years,MORTGAGE,104000.0,Verified,credit_card,CA,13.28,1.0,665.0,669.0,1.0,98.0,17.0,Individual,5,High Risk,Manual Review
128026970,28000.0, 60 months,26.3,E,E5,< 1 year,RENT,44000.0,Verified,credit_card,MI,61.51,0.0,670.0,674.0,0.0,95.5,30.0,Joint App,6,High Risk,Manual Review
127980605,4725.0, 36 months,26.3,E,E5,10+ years,MORTGAGE,63000.0,Verified,debt_consolidation,NY,39.17,0.0,690.0,694.0,1.0,44.6,31.0,Joint App,5,High Risk,Manual Review
128020917,25000.0, 60 months,30.79,G,G1,6 years,RENT,80000.0,Verified,debt_consolidation,NJ,37.29,0.0,725.0,729.0,0.0,85.4,35.0,Individual,6,High Risk,Manual Review
126739565,16000.0, 36 months,24.85,E,E3,3 years,RENT,20000.0,Not Verified,debt_consolidation,FL,55.46,0.0,660.0,664.0,1.0,62.1,11.0,Joint App,5,High Risk,Manual Review
128067171,25000.0, 60 months,24.85,E,E3,4 years,MORTGAGE,120000.0,Source Verified,home_improvement,CA,23.43,1.0,665.0,669.0,0.0,89.4,36.0,Individual,5,High Risk,Manual Review
128024170,32000.0, 60 months,23.88,E,E2,10+ years,MORTGAGE,40000.0,Verified,debt_consolidation,SC,53.8,0.0,675.0,679.0,1.0,77.0,16.0,Joint App,5,High Risk,Manual Review
127916381,16000.0, 60 months,28.72,F,F1,10+ years,RENT,42000.0,Verified,debt_consolidation,CA,34.46,0.0,675.0,679.0,2.0,4.6,19.0,Individual,5,High Risk,Manual Review
127844144,12000.0, 60 months,28.72,F,F1,1 year,RENT,85280.0,Source Verified,debt_consolidation,MO,31.78,0.0,700.0,704.0,0.0,93.8,51.0,Individual,6,High Risk,Manual Review
127539549,32125.0, 60 months,23.88,E,E2,5 years,MORTGAGE,73000.0,Not Verified,debt_consolidation,MA,39.3,0.0,710.0,714.0,0.0,43.8,31.0,Joint App,5,High Risk,Manual Review
127106259,28000.0, 60 months,30.17,F,F3,2 years,OWN,26000.0,Verified,credit_card,WI,47.78,0.0,660.0,664.0,0.0,72.7,31.0,Joint App,5,High Risk,Manual Review
128015693,30000.0, 60 months,23.88,E,E2,6 years,RENT,94000.0,Verified,credit_card,OH,34.58,0.0,705.0,709.0,3.0,36.3,71.0,Individual,5,High Risk,Manual Review
126820469,11600.0, 36 months,23.88,E,E2,10+ years,OWN,57000.0,Verified,credit_card,WV,35.5,3.0,660.0,664.0,1.0,31.7,42.0,Individual,6,High Risk,Manual Review
127981109,14000.0, 60 months,23.88,E,E2,2 years,RENT,42000.0,Verified,credit_card,OR,35.34,0.0,695.0,699.0,0.0,63.6,25.0,Individual,5,High Risk,Manual Review
127872255,2000.0, 36 months,23.88,E,E2,5 years,MORTGAGE,21000.0,Source Verified,moving,NC,43.77,0.0,710.0,714.0,0.0,74.6,12.0,Joint App,5,High Risk,Manual Review
128009612,28000.0, 60 months,30.65,F,F4,2 years,RENT,42000.0,Verified,credit_card,NY,50.57,0.0,660.0,664.0,1.0,83.6,28.0,Joint App,6,High Risk,Manual Review
127765302,16000.0, 60 months,24.85,E,E3,4 years,RENT,51000.0,Verified,debt_consolidation,NJ,34.96,0.0,700.0,704.0,0.0,62.3,25.0,Individual,5,High Risk,Manual Review
127864657,18000.0, 60 months,25.82,E,E4,10+ years,RENT,120000.0,Verified,debt_consolidation,TX,31.93,0.0,690.0,694.0,3.0,64.5,44.0,Individual,5,High Risk,Manual Review
128004544,14800.0, 36 months,24.85,E,E3,< 1 year,RENT,34000.0,Source Verified,debt_consolidation,CA,17.13,4.0,670.0,674.0,0.0,98.8,39.0,Individual,5,High Risk,Manual Review
127973213,4000.0, 36 months,22.91,E,E1,1 year,RENT,29982.0,Not Verified,debt_consolidation,TN,30.9,0.0,710.0,714.0,0.0,39.9,17.0,Individual,5,High Risk,Manual Review
127948639,20000.0, 60 months,16.02,C,C5,3 years,MORTGAGE,20000.0,Verified,credit_card,OH,65.97,1.0,670.0,674.0,0.0,82.8,14.0,Joint App,5,High Risk,Manual Review
127971985,28000.0, 36 months,22.91,E,E1,10+ years,MORTGAGE,111000.0,Not Verified,home_improvement,AL,31.27,4.0,660.0,664.0,0.0,60.3,32.0,Joint App,6,High Risk,Manual Review
127972289,10000.0, 60 months,24.85,E,E3,5 years,RENT,80000.0,Source Verified,debt_consolidation,NY,9.81,1.0,670.0,674.0,0.0,81.8,9.0,Individual,5,High Risk,Manual Review
128002792,18000.0, 60 months,28.72,F,F1,9 years,RENT,53000.0,Not Verified,debt_consolidation,CA,31.09,1.0,680.0,684.0,0.0,51.6,20.0,Individual,6,High Risk,Manual Review
127903026,10025.0, 60 months,30.79,G,G1,10+ years,MORTGAGE,62000.0,Verified,debt_consolidation,MD,31.49,0.0,705.0,709.0,0.0,40.8,30.0,Individual,5,High Risk,Manual Review
127879137,30000.0, 60 months,24.85,E,E3,10+ years,MORTGAGE,165000.0,Verified,debt_consolidation,NY,1.67,1.0,660.0,664.0,0.0,82.0,8.0,Joint App,5,High Risk,Manual Review
127295445,1200.0, 36 months,24.85,E,E3,5 years,MORTGAGE,85000.0,Source Verified,other,NC,32.6,0.0,685.0,689.0,0.0,56.4,40.0,Joint App,5,High Risk,Manual Review
127796819,1000.0, 36 months,22.91,E,E1,1 year,RENT,24000.0,Not Verified,debt_consolidation,NE,39.55,1.0,675.0,679.0,0.0,34.4,12.0,Individual,6,High Risk,Manual Review
126906943,18450.0, 60 months,24.85,E,E3,10+ years,OWN,75000.0,Not Verified,debt_consolidation,NC,35.23,0.0,665.0,669.0,0.0,44.9,32.0,Individual,5,High Risk,Manual Review
127994129,10000.0, 60 months,20.0,D,D4,,MORTGAGE,75600.0,Not Verified,home_improvement,MT,34.1,5.0,685.0,689.0,0.0,83.4,33.0,Individual,5,High Risk,Manual Review
127773164,3600.0, 36 months,24.85,E,E3,< 1 year,RENT,19035.0,Verified,small_business,WA,55.5,0.0,665.0,669.0,2.0,72.6,10.0,Joint App,5,High Risk,Manual Review
126652985,10000.0, 60 months,25.82,E,E4,1 year,MORTGAGE,18000.0,Source Verified,debt_consolidation,FL,123.0,2.0,680.0,684.0,0.0,77.6,27.0,Joint App,6,High Risk,Manual Review
127532160,32650.0, 60 months,30.75,F,F5,10+ years,MORTGAGE,42000.0,Verified,debt_consolidation,ID,55.69,1.0,695.0,699.0,0.0,97.5,18.0,Joint App,7,High Risk,Manual Review
127960419,30000.0, 60 months,26.3,E,E5,10+ years,MORTGAGE,119000.0,Source Verified,debt_consolidation,VA,30.51,0.0,695.0,699.0,0.0,67.1,21.0,Individual,5,High Risk,Manual Review
127970239,30000.0, 60 months,24.85,E,E3,2 years,MORTGAGE,85000.0,Verified,debt_consolidation,TX,36.43,0.0,725.0,729.0,0.0,32.6,31.0,Individual,5,High Risk,Manual Review
127295478,8500.0, 36 months,26.3,E,E5,4 years,MORTGAGE,65000.0,Verified,debt_consolidation,TX,39.03,0.0,660.0,664.0,0.0,39.5,12.0,Individual,5,High Risk,Manual Review
127932191,28800.0, 60 months,25.82,E,E4,10+ years,RENT,90000.0,Not Verified,debt_consolidation,NY,30.4,0.0,720.0,724.0,0.0,64.3,26.0,Joint App,5,High Risk,Manual Review
127946818,25000.0, 60 months,24.85,E,E3,2 years,RENT,50000.0,Not Verified,debt_consolidation,MN,31.76,1.0,660.0,664.0,0.0,57.8,40.0,Joint App,6,High Risk,Manual Review
127964293,10000.0, 36 months,22.91,E,E1,10+ years,OWN,98750.0,Not Verified,other,OH,31.28,0.0,680.0,684.0,1.0,77.5,23.0,Joint App,5,High Risk,Manual Review
127305451,2300.0, 36 months,22.91,E,E1,7 years,RENT,93000.0,Verified,other,OH,31.1,0.0,660.0,664.0,0.0,62.0,37.0,Individual,5,High Risk,Manual Review
127644261,10500.0, 60 months,26.3,E,E5,10+ years,OWN,50000.0,Verified,debt_consolidation,LA,31.95,0.0,670.0,674.0,1.0,57.1,36.0,Individual,5,High Risk,Manual Review
127579258,22000.0, 36 months,22.91,E,E1,10+ years,MORTGAGE,60140.0,Source Verified,debt_consolidation,AK,44.1,0.0,695.0,699.0,1.0,94.3,21.0,Joint App,6,High Risk,Manual Review
127376084,9400.0, 36 months,23.88,E,E2,8 years,OWN,110000.0,Source Verified,debt_consolidation,SC,13.84,1.0,670.0,674.0,2.0,88.1,22.0,Individual,5,High Risk,Manual Review
127547019,30000.0, 60 months,24.85,E,E3,2 years,MORTGAGE,77500.0,Verified,debt_consolidation,NV,36.35,0.0,665.0,669.0,1.0,33.3,20.0,Individual,5,High Risk,Manual Review
127132590,15000.0, 36 months,24.85,E,E3,< 1 year,RENT,20800.0,Source Verified,debt_consolidation,AZ,46.8,0.0,670.0,674.0,0.0,89.3,9.0,Joint App,6,High Risk,Manual Review
127645103,36000.0, 60 months,16.02,C,C5,5 years,MORTGAGE,45000.0,Source Verified,debt_consolidation,NM,30.24,1.0,680.0,684.0,0.0,80.6,15.0,Joint App,5,High Risk,Manual Review
127718846,15000.0, 60 months,24.85,E,E3,3 years,RENT,30000.0,Source Verified,debt_consolidation,WA,32.32,0.0,700.0,704.0,0.0,80.6,12.0,Individual,6,High Risk,Manual Review
127336156,12000.0, 60 months,26.3,E,E5,< 1 year,MORTGAGE,43000.0,Verified,debt_consolidation,CO,33.66,0.0,675.0,679.0,1.0,65.1,9.0,Joint App,5,High Risk,Manual Review
127959451,20000.0, 60 months,26.3,E,E5,10+ years,MORTGAGE,92421.0,Verified,credit_card,MD,31.9,0.0,695.0,699.0,1.0,37.2,42.0,Individual,5,High Risk,Manual Review
127344008,25000.0, 36 months,25.82,E,E4,9 years,MORTGAGE,75000.0,Verified,debt_consolidation,NV,31.04,0.0,675.0,679.0,2.0,46.6,32.0,Individual,5,High Risk,Manual Review
127301235,38475.0, 60 months,15.05,C,C4,5 years,MORTGAGE,92000.0,Verified,debt_consolidation,IN,30.05,1.0,675.0,679.0,0.0,87.9,22.0,Individual,5,High Risk,Manual Review
127966187,16000.0, 60 months,23.88,E,E2,< 1 year,OWN,70000.0,Source Verified,debt_consolidation,GA,38.12,0.0,725.0,729.0,0.0,30.5,34.0,Individual,5,High Risk,Manual Review
127930269,21000.0, 60 months,26.3,E,E5,3 years,MORTGAGE,47000.0,Verified,debt_consolidation,GA,39.22,0.0,700.0,704.0,0.0,46.5,28.0,Joint App,5,High Risk,Manual Review
127335598,40000.0, 60 months,25.82,E,E4,10+ years,MORTGAGE,48000.0,Verified,debt_consolidation,IL,35.6,0.0,680.0,684.0,0.0,53.3,32.0,Joint App,5,High Risk,Manual Review
127682963,25000.0, 60 months,30.79,G,G1,5 years,MORTGAGE,60000.0,Not Verified,debt_consolidation,WA,37.6,0.0,700.0,704.0,0.0,40.1,17.0,Joint App,5,High Risk,Manual Review
127430137,11200.0, 36 months,25.82,E,E4,9 years,RENT,101000.0,Source Verified,debt_consolidation,AR,21.91,1.0,665.0,669.0,0.0,99.1,18.0,Individual,5,High Risk,Manual Review
127884040,15950.0, 60 months,23.88,E,E2,9 years,MORTGAGE,60000.0,Verified,home_improvement,SC,36.08,0.0,700.0,704.0,0.0,41.1,26.0,Joint App,5,High Risk,Manual Review
127804708,30000.0, 60 months,24.85,E,E3,4 years,MORTGAGE,36000.0,Verified,credit_card,CA,75.17,0.0,675.0,679.0,1.0,80.1,20.0,Joint App,6,High Risk,Manual Review
127723102,12000.0, 60 months,25.82,E,E4,1 year,RENT,28154.0,Verified,debt_consolidation,LA,38.92,1.0,710.0,714.0,0.0,51.5,21.0,Individual,6,High Risk,Manual Review
126915069,40000.0, 60 months,24.85,E,E3,3 years,RENT,20000.0,Not Verified,debt_consolidation,GA,91.84,0.0,720.0,724.0,1.0,7.5,40.0,Joint App,5,High Risk,Manual Review
127837141,8800.0, 36 months,26.3,E,E5,9 years,OWN,130000.0,Verified,debt_consolidation,MS,31.89,0.0,700.0,704.0,2.0,37.3,74.0,Individual,5,High Risk,Manual Review
127800603,12400.0, 36 months,22.91,E,E1,10+ years,MORTGAGE,54000.0,Verified,credit_card,AR,23.31,1.0,665.0,669.0,1.0,99.4,11.0,Individual,5,High Risk,Manual Review
127760941,16000.0, 60 months,28.72,F,F1,10+ years,MORTGAGE,150000.0,Not Verified,debt_consolidation,IL,27.15,1.0,680.0,684.0,1.0,80.8,26.0,Individual,5,High Risk,Manual Review
127800302,5000.0, 36 months,22.91,E,E1,< 1 year,MORTGAGE,85000.0,Not Verified,debt_consolidation,IL,37.96,0.0,715.0,719.0,1.0,38.5,48.0,Individual,5,High Risk,Manual Review
127530581,26000.0, 60 months,25.82,E,E4,5 years,MORTGAGE,65850.0,Verified,debt_consolidation,MO,32.64,0.0,685.0,689.0,1.0,30.4,47.0,Individual,5,High Risk,Manual Review
127865656,14700.0, 60 months,28.72,F,F1,,RENT,2940.0,Not Verified,credit_card,MS,339.5,0.0,670.0,674.0,0.0,93.8,16.0,Joint App,6,High Risk,Manual Review
127841292,30000.0, 60 months,23.88,E,E2,7 years,MORTGAGE,134160.0,Verified,major_purchase,LA,33.46,0.0,690.0,694.0,0.0,88.2,18.0,Individual,6,High Risk,Manual Review
127903349,12000.0, 60 months,26.3,E,E5,10+ years,MORTGAGE,58000.0,Not Verified,debt_consolidation,FL,40.45,0.0,675.0,679.0,0.0,54.4,42.0,Joint App,5,High Risk,Manual Review
127603756,12000.0, 60 months,28.72,F,F1,,RENT,35000.0,Verified,debt_consolidation,CO,78.7,0.0,660.0,664.0,1.0,50.3,36.0,Joint App,5,High Risk,Manual Review
127651723,20000.0, 60 months,23.88,E,E2,5 years,MORTGAGE,48831.0,Not Verified,debt_consolidation,NC,38.19,0.0,690.0,694.0,0.0,72.9,23.0,Individual,5,High Risk,Manual Review
127798584,6000.0, 36 months,23.88,E,E2,3 years,RENT,28000.0,Not Verified,debt_consolidation,CA,30.52,0.0,670.0,674.0,0.0,62.4,17.0,Individual,5,High Risk,Manual Review
127235904,5000.0, 36 months,26.3,E,E5,6 years,RENT,45550.0,Verified,other,VA,33.78,0.0,660.0,664.0,2.0,93.0,19.0,Individual,6,High Risk,Manual Review
127768389,10000.0, 60 months,24.85,E,E3,10+ years,RENT,77000.0,Verified,other,TX,31.05,0.0,675.0,679.0,0.0,85.7,24.0,Individual,6,High Risk,Manual Review
127723555,25000.0, 60 months,30.65,F,F4,< 1 year,MORTGAGE,150000.0,Verified,debt_consolidation,NM,39.1,0.0,680.0,684.0,0.0,93.5,36.0,Individual,6,High Risk,Manual Review
127522535,16000.0, 36 months,23.88,E,E2,1 year,RENT,70000.0,Source Verified,debt_consolidation,CA,32.05,1.0,675.0,679.0,1.0,83.7,24.0,Joint App,7,High Risk,Manual Review
127006658,13825.0, 60 months,30.79,G,G1,10+ years,RENT,70000.0,Verified,debt_consolidation,NY,50.34,0.0,700.0,704.0,0.0,66.3,35.0,Joint App,5,High Risk,Manual Review
126566582,27000.0, 60 months,23.88,E,E2,5 years,RENT,250000.0,Not Verified,credit_card,NY,13.56,3.0,680.0,684.0,0.0,91.6,37.0,Individual,5,High Risk,Manual Review
127230972,35000.0, 36 months,23.88,E,E2,10+ years,MORTGAGE,22000.0,Verified,credit_card,GA,72.6,0.0,675.0,679.0,0.0,61.4,53.0,Joint App,5,High Risk,Manual Review
127231813,16000.0, 60 months,26.3,E,E5,3 years,MORTGAGE,45000.0,Verified,home_improvement,MD,33.39,0.0,660.0,664.0,1.0,38.5,21.0,Individual,5,High Risk,Manual Review
127675334,25000.0, 60 months,23.88,E,E2,< 1 year,RENT,93000.0,Source Verified,debt_consolidation,TX,31.95,1.0,690.0,694.0,0.0,23.5,34.0,Individual,6,High Risk,Manual Review
127610896,12425.0, 36 months,26.3,E,E5,10+ years,MORTGAGE,55000.0,Verified,debt_consolidation,CA,38.16,0.0,720.0,724.0,0.0,72.2,15.0,Individual,5,High Risk,Manual Review
127177171,10000.0, 60 months,23.88,E,E2,10+ years,RENT,63000.0,Verified,credit_card,NJ,35.98,0.0,680.0,684.0,0.0,88.3,19.0,Joint App,6,High Risk,Manual Review
127546879,15000.0, 60 months,23.88,E,E2,10+ years,MORTGAGE,52000.0,Verified,credit_card,MI,41.29,0.0,700.0,704.0,0.0,53.8,14.0,Joint App,5,High Risk,Manual Review
127555405,12000.0, 60 months,25.82,E,E4,4 years,RENT,39000.0,Source Verified,debt_consolidation,NJ,34.31,0.0,690.0,694.0,1.0,62.0,20.0,Joint App,5,High Risk,Manual Review
127547967,18625.0, 60 months,29.69,F,F2,3 years,MORTGAGE,75000.0,Verified,debt_consolidation,MA,32.53,0.0,695.0,699.0,0.0,86.4,26.0,Individual,6,High Risk,Manual Review
127567137,20575.0, 60 months,25.82,E,E4,9 years,RENT,88000.0,Source Verified,debt_consolidation,NV,31.97,0.0,740.0,744.0,0.0,68.1,13.0,Individual,5,High Risk,Manual Review
127113335,26000.0, 60 months,30.65,F,F4,10+ years,MORTGAGE,25000.0,Verified,debt_consolidation,PA,51.42,2.0,660.0,664.0,1.0,42.8,20.0,Joint App,6,High Risk,Manual Review
127648505,20000.0, 60 months,30.17,F,F3,5 years,OWN,19680.0,Verified,debt_consolidation,LA,52.44,0.0,705.0,709.0,1.0,52.8,22.0,Joint App,5,High Risk,Manual Review
127446533,13200.0, 36 months,23.88,E,E2,2 years,OWN,45500.0,Not Verified,credit_card,OR,30.12,1.0,675.0,679.0,1.0,36.0,16.0,Joint App,6,High Risk,Manual Review
127364384,8650.0, 36 months,25.82,E,E4,3 years,RENT,30000.0,Verified,debt_consolidation,CA,66.0,0.0,670.0,674.0,1.0,77.3,38.0,Joint App,5,High Risk,Manual Review
127556742,20000.0, 36 months,22.91,E,E1,,RENT,36000.0,Verified,credit_card,CA,52.27,0.0,670.0,674.0,0.0,68.2,19.0,Joint App,5,High Risk,Manual Review
126497539,30150.0, 36 months,26.3,E,E5,< 1 year,RENT,85000.0,Verified,debt_consolidation,MN,53.25,0.0,710.0,714.0,1.0,43.3,23.0,Joint App,5,High Risk,Manual Review
127597609,21000.0, 60 months,26.3,E,E5,5 years,OWN,47000.0,Verified,debt_consolidation,PA,39.43,0.0,685.0,689.0,1.0,47.1,88.0,Individual,5,High Risk,Manual Review
127648811,35000.0, 36 months,24.85,E,E3,4 years,MORTGAGE,80000.0,Verified,debt_consolidation,TX,20.24,4.0,670.0,674.0,0.0,85.6,16.0,Joint App,5,High Risk,Manual Review
127496562,3000.0, 36 months,25.82,E,E4,,MORTGAGE,26862.0,Source Verified,other,TX,62.06,0.0,715.0,719.0,1.0,6.7,13.0,Joint App,5,High Risk,Manual Review
127055731,21000.0, 36 months,20.0,D,D4,1 year,OWN,74000.0,Verified,credit_card,IN,43.63,2.0,660.0,664.0,0.0,84.1,39.0,Joint App,5,High Risk,Manual Review
127588940,32550.0, 60 months,30.65,F,F4,3 years,MORTGAGE,73620.0,Verified,debt_consolidation,NY,32.52,0.0,670.0,674.0,1.0,67.0,36.0,Individual,5,High Risk,Manual Review
127536450,13200.0, 36 months,24.85,E,E3,,OWN,22500.0,Source Verified,credit_card,PA,46.29,0.0,660.0,664.0,0.0,68.8,27.0,Joint App,5,High Risk,Manual Review
127608567,25275.0, 60 months,19.03,D,D3,2 years,RENT,45000.0,Verified,debt_consolidation,WY,31.89,7.0,710.0,714.0,0.0,81.2,25.0,Individual,5,High Risk,Manual Review
127648076,30000.0, 60 months,26.3,E,E5,9 years,MORTGAGE,85000.0,Source Verified,debt_consolidation,OH,33.73,0.0,690.0,694.0,1.0,65.6,30.0,Individual,5,High Risk,Manual Review
127066132,24000.0, 60 months,25.82,E,E4,2 years,OWN,46000.0,Source Verified,debt_consolidation,OK,34.88,0.0,665.0,669.0,0.0,96.8,52.0,Joint App,6,High Risk,Manual Review
127676884,24100.0, 60 months,30.65,F,F4,10+ years,MORTGAGE,95000.0,Source Verified,debt_consolidation,GA,35.95,0.0,700.0,704.0,0.0,96.9,31.0,Individual,6,High Risk,Manual Review
127678479,22000.0, 60 months,24.85,E,E3,1 year,RENT,37000.0,Verified,debt_consolidation,TX,34.85,0.0,700.0,704.0,1.0,45.8,16.0,Individual,5,High Risk,Manual Review
127496450,19000.0, 60 months,23.88,E,E2,10+ years,RENT,47000.0,Not Verified,credit_card,CT,32.48,1.0,730.0,734.0,1.0,56.7,20.0,Individual,6,High Risk,Manual Review
127413747,15000.0, 36 months,23.88,E,E2,,MORTGAGE,11500.0,Verified,debt_consolidation,NM,111.59,1.0,675.0,679.0,0.0,77.4,17.0,Joint App,6,High Risk,Manual Review
127554521,8000.0, 36 months,24.85,E,E3,2 years,OWN,25000.0,Verified,debt_consolidation,OK,37.19,0.0,665.0,669.0,0.0,51.8,53.0,Individual,5,High Risk,Manual Review
127610019,25000.0, 36 months,25.82,E,E4,10+ years,MORTGAGE,120000.0,Verified,debt_consolidation,NY,18.07,1.0,660.0,664.0,0.0,93.9,20.0,Individual,5,High Risk,Manual Review
127545743,16000.0, 60 months,25.82,E,E4,< 1 year,MORTGAGE,40000.0,Not Verified,debt_consolidation,AZ,49.26,0.0,700.0,704.0,0.0,42.2,22.0,Joint App,5,High Risk,Manual Review
127564094,20000.0, 36 months,22.91,E,E1,10+ years,RENT,28606.0,Verified,other,TX,75.2,0.0,665.0,669.0,0.0,44.6,12.0,Joint App,5,High Risk,Manual Review
127508703,20000.0, 60 months,28.72,F,F1,,OWN,42000.0,Not Verified,debt_consolidation,TX,30.17,0.0,705.0,709.0,0.0,83.4,26.0,Individual,6,High Risk,Manual Review
127591084,40000.0, 60 months,30.75,F,F5,2 years,MORTGAGE,44000.0,Verified,other,GA,45.68,0.0,685.0,689.0,0.0,93.4,22.0,Joint App,6,High Risk,Manual Review
127613885,19000.0, 60 months,28.72,F,F1,1 year,MORTGAGE,53400.0,Not Verified,credit_card,ID,33.84,0.0,665.0,669.0,2.0,65.6,34.0,Joint App,5,High Risk,Manual Review
127543853,18000.0, 60 months,26.3,E,E5,2 years,RENT,35000.0,Verified,debt_consolidation,OR,33.81,0.0,720.0,724.0,1.0,54.6,6.0,Individual,5,High Risk,Manual Review
127394649,28000.0, 60 months,16.02,C,C5,,MORTGAGE,25000.0,Not Verified,debt_consolidation,OH,33.75,1.0,670.0,674.0,0.0,90.4,17.0,Joint App,5,High Risk,Manual Review
127508840,25000.0, 60 months,28.72,F,F1,4 years,MORTGAGE,55000.0,Verified,small_business,NJ,31.53,0.0,720.0,724.0,1.0,43.2,17.0,Individual,5,High Risk,Manual Review
127602405,10900.0, 60 months,30.79,G,G1,7 years,RENT,140000.0,Not Verified,debt_consolidation,NJ,39.44,0.0,700.0,704.0,2.0,46.0,50.0,Individual,5,High Risk,Manual Review
126279911,25000.0, 36 months,23.88,E,E2,10+ years,MORTGAGE,130000.0,Verified,debt_consolidation,TX,37.79,0.0,715.0,719.0,2.0,63.4,35.0,Individual,5,High Risk,Manual Review
126415053,19325.0, 36 months,25.82,E,E4,10+ years,MORTGAGE,57565.0,Verified,debt_consolidation,MA,31.73,2.0,675.0,679.0,0.0,90.7,21.0,Joint App,7,High Risk,Manual Review
127590061,11200.0, 60 months,26.3,E,E5,10+ years,OWN,115000.0,Verified,other,OH,24.38,2.0,685.0,689.0,1.0,80.5,43.0,Individual,5,High Risk,Manual Review
127525822,32000.0, 36 months,22.91,E,E1,10+ years,MORTGAGE,44000.0,Verified,debt_consolidation,TX,61.18,0.0,720.0,724.0,0.0,97.5,20.0,Joint App,6,High Risk,Manual Review
126628303,10000.0, 36 months,23.88,E,E2,2 years,RENT,15000.0,Verified,credit_card,NY,83.68,1.0,690.0,694.0,0.0,44.8,21.0,Joint App,6,High Risk,Manual Review
127553897,25000.0, 36 months,24.85,E,E3,10+ years,MORTGAGE,92000.0,Verified,debt_consolidation,IL,36.63,0.0,700.0,704.0,3.0,42.3,68.0,Individual,5,High Risk,Manual Review
127179869,20000.0, 60 months,25.82,E,E4,10+ years,MORTGAGE,36000.0,Verified,debt_consolidation,NY,58.77,1.0,680.0,684.0,1.0,65.4,30.0,Joint App,6,High Risk,Manual Review
127247347,3500.0, 36 months,15.05,C,C4,10+ years,MORTGAGE,87000.0,Verified,other,CT,37.61,7.0,660.0,664.0,3.0,97.7,24.0,Individual,5,High Risk,Manual Review
126861630,12900.0, 36 months,22.91,E,E1,10+ years,RENT,30000.0,Verified,credit_card,CA,39.98,1.0,675.0,679.0,0.0,44.0,36.0,Individual,6,High Risk,Manual Review
126799022,4550.0, 36 months,16.02,C,C5,8 years,MORTGAGE,42000.0,Not Verified,debt_consolidation,CA,37.0,2.0,670.0,674.0,0.0,95.4,18.0,Joint App,5,High Risk,Manual Review
127536860,5525.0, 36 months,18.06,D,D2,10+ years,MORTGAGE,114000.0,Source Verified,other,PA,37.22,3.0,680.0,684.0,2.0,90.8,47.0,Individual,5,High Risk,Manual Review
127543826,18000.0, 36 months,26.3,E,E5,6 years,MORTGAGE,74000.0,Not Verified,debt_consolidation,NC,23.53,1.0,675.0,679.0,0.0,80.5,19.0,Individual,5,High Risk,Manual Review
127505879,10500.0, 60 months,25.82,E,E4,10+ years,OWN,21600.0,Verified,debt_consolidation,AL,34.28,0.0,770.0,774.0,0.0,15.4,7.0,Individual,5,High Risk,Manual Review
127559249,20000.0, 60 months,23.88,E,E2,3 years,OWN,62000.0,Verified,credit_card,IN,33.39,0.0,685.0,689.0,0.0,65.8,31.0,Individual,5,High Risk,Manual Review
127501542,15000.0, 60 months,30.17,F,F3,5 years,MORTGAGE,45000.0,Not Verified,debt_consolidation,VT,33.6,0.0,670.0,674.0,2.0,86.0,16.0,Joint App,6,High Risk,Manual Review
126789764,13675.0, 60 months,30.17,F,F3,2 years,RENT,60000.0,Not Verified,debt_consolidation,MA,36.8,0.0,700.0,704.0,1.0,80.7,30.0,Joint App,6,High Risk,Manual Review
127562368,20000.0, 60 months,15.05,C,C4,10+ years,RENT,65000.0,Not Verified,other,AZ,41.03,1.0,690.0,694.0,0.0,92.9,29.0,Joint App,5,High Risk,Manual Review
127446776,19850.0, 60 months,25.82,E,E4,2 years,RENT,57000.0,Verified,debt_consolidation,FL,39.49,0.0,725.0,729.0,0.0,32.1,27.0,Individual,5,High Risk,Manual Review
127473770,22100.0, 60 months,30.79,G,G1,10+ years,RENT,64000.0,Source Verified,debt_consolidation,FL,32.44,0.0,680.0,684.0,0.0,61.0,24.0,Individual,5,High Risk,Manual Review
127545706,16000.0, 60 months,28.72,F,F1,10+ years,RENT,39552.0,Not Verified,credit_card,CA,39.35,0.0,690.0,694.0,2.0,50.0,34.0,Individual,5,High Risk,Manual Review
127034431,12000.0, 60 months,23.88,E,E2,< 1 year,RENT,30000.0,Not Verified,credit_card,FL,34.4,0.0,680.0,684.0,0.0,68.8,6.0,Joint App,5,High Risk,Manual Review
126545574,30000.0, 36 months,21.45,D,D5,4 years,RENT,60000.0,Verified,other,MA,30.44,4.0,665.0,669.0,0.0,96.8,36.0,Joint App,5,High Risk,Manual Review
126835557,21000.0, 60 months,26.3,E,E5,2 years,MORTGAGE,40800.0,Verified,debt_consolidation,WA,65.97,0.0,685.0,689.0,0.0,41.8,66.0,Joint App,5,High Risk,Manual Review
127018843,20000.0, 60 months,23.88,E,E2,,MORTGAGE,62000.0,Source Verified,debt_consolidation,OH,17.94,1.0,665.0,669.0,1.0,84.3,16.0,Individual,5,High Risk,Manual Review
127251640,16000.0, 60 months,29.69,F,F2,< 1 year,RENT,20000.0,Not Verified,debt_consolidation,CA,47.6,0.0,670.0,674.0,0.0,94.7,43.0,Joint App,6,High Risk,Manual Review
127532396,10000.0, 60 months,20.0,D,D4,10+ years,MORTGAGE,90000.0,Not Verified,debt_consolidation,OR,32.95,2.0,670.0,674.0,0.0,97.0,25.0,Joint App,5,High Risk,Manual Review
127492408,13000.0, 60 months,23.88,E,E2,< 1 year,MORTGAGE,24918.0,Verified,debt_consolidation,GA,47.16,0.0,685.0,689.0,1.0,46.5,22.0,Joint App,5,High Risk,Manual Review
126621756,25250.0, 60 months,25.82,E,E4,2 years,OWN,26813.0,Verified,debt_consolidation,VA,65.07,0.0,660.0,664.0,1.0,45.3,27.0,Joint App,5,High Risk,Manual Review
127049608,35000.0, 36 months,26.3,E,E5,10+ years,RENT,58000.0,Not Verified,credit_card,PA,48.69,0.0,675.0,679.0,1.0,59.9,36.0,Joint App,5,High Risk,Manual Review
127178598,9400.0, 36 months,25.82,E,E4,6 years,RENT,42000.0,Verified,other,TN,37.03,0.0,725.0,729.0,0.0,30.5,30.0,Individual,5,High Risk,Manual Review
127530072,29425.0, 36 months,25.82,E,E4,10+ years,MORTGAGE,68000.0,Not Verified,debt_consolidation,TX,48.22,0.0,685.0,689.0,0.0,93.1,19.0,Joint App,6,High Risk,Manual Review
127016866,25875.0, 60 months,24.85,E,E3,5 years,MORTGAGE,48000.0,Source Verified,debt_consolidation,IL,44.35,0.0,750.0,754.0,1.0,17.7,21.0,Joint App,5,High Risk,Manual Review
127167044,20000.0, 60 months,25.82,E,E4,10+ years,MORTGAGE,90000.0,Verified,debt_consolidation,GA,28.83,1.0,675.0,679.0,0.0,94.6,25.0,Individual,5,High Risk,Manual Review
127213788,12000.0, 36 months,22.91,E,E1,10+ years,RENT,72000.0,Not Verified,credit_card,NM,30.91,0.0,670.0,674.0,0.0,48.7,35.0,Individual,5,High Risk,Manual Review
127185200,3000.0, 36 months,24.85,E,E3,,MORTGAGE,33000.0,Source Verified,other,MI,35.27,2.0,660.0,664.0,1.0,84.0,14.0,Joint App,7,High Risk,Manual Review
126373850,5675.0, 36 months,25.82,E,E4,7 years,MORTGAGE,36000.0,Verified,credit_card,MO,30.03,0.0,695.0,699.0,0.0,59.5,16.0,Individual,5,High Risk,Manual Review
127495452,18000.0, 60 months,24.85,E,E3,8 years,MORTGAGE,60000.0,Verified,debt_consolidation,NH,30.96,0.0,705.0,709.0,1.0,28.4,23.0,Individual,5,High Risk,Manual Review
127263235,12000.0, 60 months,23.88,E,E2,,RENT,6078.0,Source Verified,credit_card,WY,145.26,0.0,705.0,709.0,1.0,37.1,10.0,Joint App,5,High Risk,Manual Review
127506868,22600.0, 60 months,30.17,F,F3,8 years,RENT,78000.0,Not Verified,credit_card,NY,30.13,0.0,705.0,709.0,0.0,47.9,18.0,Individual,5,High Risk,Manual Review
127386964,40000.0, 60 months,25.82,E,E4,< 1 year,RENT,42500.0,Verified,debt_consolidation,FL,30.05,0.0,715.0,719.0,0.0,58.9,27.0,Joint App,5,High Risk,Manual Review
127336125,32000.0, 60 months,25.82,E,E4,10+ years,OWN,45000.0,Verified,debt_consolidation,HI,37.23,0.0,680.0,684.0,0.0,98.1,9.0,Joint App,6,High Risk,Manual Review
126384401,12000.0, 60 months,25.82,E,E4,1 year,RENT,31000.0,Verified,debt_consolidation,IL,31.82,0.0,665.0,669.0,0.0,79.8,21.0,Individual,5,High Risk,Manual Review
127181812,35000.0, 36 months,22.91,E,E1,< 1 year,MORTGAGE,44000.0,Verified,home_improvement,NY,40.21,0.0,660.0,664.0,0.0,56.4,34.0,Joint App,5,High Risk,Manual Review
127112147,15775.0, 36 months,22.91,E,E1,1 year,MORTGAGE,45000.0,Verified,debt_consolidation,PA,46.47,0.0,690.0,694.0,0.0,12.1,28.0,Joint App,5,High Risk,Manual Review
127397126,15000.0, 36 months,16.02,C,C5,1 year,RENT,50000.0,Source Verified,debt_consolidation,AZ,36.77,1.0,675.0,679.0,0.0,86.3,41.0,Individual,5,High Risk,Manual Review
127420065,30000.0, 60 months,25.82,E,E4,6 years,MORTGAGE,71000.0,Not Verified,debt_consolidation,MD,55.41,0.0,665.0,669.0,1.0,65.2,45.0,Joint App,5,High Risk,Manual Review
127477719,24000.0, 36 months,22.91,E,E1,4 years,RENT,23000.0,Verified,debt_consolidation,MO,55.53,0.0,665.0,669.0,0.0,71.2,19.0,Joint App,5,High Risk,Manual Review
127180820,16625.0, 60 months,28.72,F,F1,6 years,MORTGAGE,130855.0,Not Verified,credit_card,NM,37.75,3.0,685.0,689.0,0.0,82.9,39.0,Individual,7,High Risk,Manual Review
126567585,6000.0, 36 months,17.09,D,D1,2 years,MORTGAGE,55000.0,Not Verified,home_improvement,SC,30.69,1.0,670.0,674.0,0.0,90.0,52.0,Individual,5,High Risk,Manual Review
127415470,20000.0, 60 months,25.82,E,E4,8 years,RENT,42000.0,Not Verified,debt_consolidation,HI,30.97,2.0,665.0,669.0,0.0,74.8,28.0,Individual,6,High Risk,Manual Review
127171454,40000.0, 60 months,25.82,E,E4,10+ years,MORTGAGE,40000.0,Verified,debt_consolidation,MN,59.23,0.0,705.0,709.0,0.0,88.4,21.0,Joint App,6,High Risk,Manual Review
127172299,15000.0, 60 months,26.3,E,E5,10+ years,RENT,35000.0,Source Verified,debt_consolidation,OH,33.74,0.0,675.0,679.0,1.0,73.7,11.0,Joint App,5,High Risk,Manual Review
126902048,10000.0, 60 months,24.85,E,E3,5 years,OWN,20000.0,Verified,debt_consolidation,NY,70.41,0.0,690.0,694.0,0.0,35.4,13.0,Joint App,5,High Risk,Manual Review
127183960,12000.0, 60 months,24.85,E,E3,,MORTGAGE,27832.0,Verified,debt_consolidation,OR,79.34,0.0,680.0,684.0,0.0,80.7,18.0,Joint App,6,High Risk,Manual Review
126844376,22000.0, 60 months,23.88,E,E2,8 years,MORTGAGE,55000.0,Verified,debt_consolidation,MA,42.07,0.0,685.0,689.0,1.0,62.1,27.0,Joint App,5,High Risk,Manual Review
126617362,11875.0, 60 months,25.82,E,E4,3 years,RENT,212000.0,Source Verified,debt_consolidation,TX,15.33,2.0,710.0,714.0,2.0,93.3,23.0,Individual,5,High Risk,Manual Review
127391167,24000.0, 60 months,25.82,E,E4,,RENT,52000.0,Not Verified,debt_consolidation,CA,31.06,0.0,695.0,699.0,1.0,40.5,23.0,Individual,5,High Risk,Manual Review
127277178,1000.0, 36 months,23.88,E,E2,< 1 year,RENT,28000.0,Not Verified,other,NY,6.39,1.0,665.0,669.0,0.0,90.1,3.0,Individual,5,High Risk,Manual Review
127319296,17200.0, 60 months,24.85,E,E3,,RENT,42900.0,Verified,debt_consolidation,SC,36.2,0.0,725.0,729.0,0.0,63.9,21.0,Individual,5,High Risk,Manual Review
127242151,7000.0, 36 months,22.91,E,E1,,MORTGAGE,25514.0,Verified,debt_consolidation,OR,34.15,0.0,700.0,704.0,1.0,50.2,26.0,Individual,5,High Risk,Manual Review
127333612,25000.0, 60 months,30.84,G,G2,10+ years,RENT,30000.0,Not Verified,debt_consolidation,MO,54.12,0.0,715.0,719.0,0.0,66.5,20.0,Joint App,5,High Risk,Manual Review
125887065,30000.0, 60 months,25.82,E,E4,3 years,RENT,75000.0,Verified,debt_consolidation,FL,32.38,0.0,665.0,669.0,0.0,41.3,24.0,Individual,5,High Risk,Manual Review
127062307,11075.0, 60 months,28.72,F,F1,,MORTGAGE,22000.0,Not Verified,credit_card,GA,35.02,0.0,705.0,709.0,2.0,47.6,18.0,Individual,5,High Risk,Manual Review
126070115,11500.0, 60 months,30.65,F,F4,10+ years,MORTGAGE,42500.0,Not Verified,debt_consolidation,WI,35.81,0.0,715.0,719.0,0.0,87.5,12.0,Individual,6,High Risk,Manual Review
127308281,8000.0, 36 months,23.88,E,E2,7 years,MORTGAGE,43000.0,Verified,home_improvement,GA,30.31,0.0,675.0,679.0,0.0,77.0,18.0,Individual,5,High Risk,Manual Review
127316330,25000.0, 36 months,22.91,E,E1,4 years,OWN,60000.0,Verified,debt_consolidation,PA,34.08,0.0,660.0,664.0,2.0,37.0,20.0,Individual,5,High Risk,Manual Review
127275666,10000.0, 60 months,26.3,E,E5,,RENT,31416.0,Verified,debt_consolidation,TN,35.62,0.0,660.0,664.0,1.0,85.8,22.0,Individual,6,High Risk,Manual Review
127263783,20000.0, 60 months,24.85,E,E3,2 years,RENT,45000.0,Verified,debt_consolidation,CA,34.91,0.0,715.0,719.0,0.0,28.3,12.0,Joint App,5,High Risk,Manual Review
127300227,28725.0, 60 months,23.88,E,E2,10+ years,OWN,54000.0,Source Verified,other,TX,38.01,0.0,710.0,714.0,0.0,40.6,33.0,Individual,5,High Risk,Manual Review
127036420,20000.0, 60 months,26.3,E,E5,10+ years,OWN,99400.0,Verified,other,NC,31.37,1.0,710.0,714.0,0.0,53.3,38.0,Individual,6,High Risk,Manual Review
126414619,1500.0, 36 months,23.88,E,E2,10+ years,MORTGAGE,67700.0,Verified,other,MO,27.48,1.0,680.0,684.0,0.0,86.0,19.0,Individual,5,High Risk,Manual Review
127032024,8000.0, 36 months,22.91,E,E1,,MORTGAGE,46320.0,Verified,debt_consolidation,PA,42.04,0.0,670.0,674.0,1.0,58.6,32.0,Joint App,5,High Risk,Manual Review
127018744,25000.0, 36 months,23.88,E,E2,10+ years,RENT,30000.0,Verified,debt_consolidation,KS,50.32,0.0,680.0,684.0,1.0,51.0,8.0,Joint App,5,High Risk,Manual Review
127295394,21000.0, 60 months,25.82,E,E4,2 years,MORTGAGE,40000.0,Verified,debt_consolidation,SC,51.19,0.0,680.0,684.0,0.0,74.6,26.0,Joint App,5,High Risk,Manual Review
125990049,14000.0, 60 months,26.3,E,E5,,RENT,40000.0,Verified,other,TX,31.23,0.0,665.0,669.0,0.0,81.3,9.0,Individual,6,High Risk,Manual Review
127272716,12000.0, 60 months,25.82,E,E4,10+ years,MORTGAGE,52000.0,Not Verified,debt_consolidation,TX,36.05,0.0,680.0,684.0,1.0,62.3,28.0,Joint App,5,High Risk,Manual Review
127206726,20000.0, 36 months,23.88,E,E2,< 1 year,OWN,150000.0,Source Verified,other,NY,30.17,0.0,675.0,679.0,2.0,52.5,39.0,Individual,5,High Risk,Manual Review
126857342,16000.0, 36 months,23.88,E,E2,10+ years,RENT,59000.0,Source Verified,debt_consolidation,NY,33.24,0.0,660.0,664.0,1.0,87.8,13.0,Joint App,6,High Risk,Manual Review
127177524,10500.0, 60 months,25.82,E,E4,1 year,RENT,23000.0,Not Verified,other,MN,30.27,0.0,755.0,759.0,0.0,40.4,8.0,Individual,5,High Risk,Manual Review
127240729,14000.0, 60 months,28.72,F,F1,2 years,RENT,32000.0,Verified,debt_consolidation,NC,33.8,0.0,675.0,679.0,0.0,48.2,12.0,Individual,5,High Risk,Manual Review
126564661,20000.0, 60 months,25.82,E,E4,1 year,MORTGAGE,35000.0,Verified,debt_consolidation,TX,43.44,0.0,680.0,684.0,1.0,54.7,24.0,Joint App,5,High Risk,Manual Review
127114194,2000.0, 36 months,23.88,E,E2,,MORTGAGE,47500.0,Verified,medical,MD,30.5,0.0,665.0,669.0,1.0,48.0,55.0,Individual,5,High Risk,Manual Review
126826960,27200.0, 36 months,24.85,E,E3,10+ years,MORTGAGE,72000.0,Verified,debt_consolidation,IL,61.68,0.0,715.0,719.0,1.0,65.8,34.0,Joint App,5,High Risk,Manual Review
126797232,12275.0, 36 months,23.88,E,E2,9 years,MORTGAGE,45000.0,Source Verified,debt_consolidation,FL,31.33,0.0,670.0,674.0,2.0,37.0,24.0,Individual,5,High Risk,Manual Review
126276673,10000.0, 60 months,23.88,E,E2,10+ years,MORTGAGE,80000.0,Not Verified,other,SC,30.42,0.0,700.0,704.0,1.0,65.4,25.0,Individual,5,High Risk,Manual Review
127246529,30575.0, 36 months,24.85,E,E3,10+ years,MORTGAGE,90000.0,Not Verified,credit_card,MI,62.24,0.0,680.0,684.0,1.0,62.8,31.0,Joint App,5,High Risk,Manual Review
127192789,12600.0, 36 months,16.02,C,C5,10+ years,MORTGAGE,60840.0,Not Verified,debt_consolidation,KY,31.46,1.0,715.0,719.0,0.0,86.8,21.0,Individual,5,High Risk,Manual Review
127238825,16000.0, 60 months,23.88,E,E2,8 years,MORTGAGE,36000.0,Source Verified,debt_consolidation,GA,50.16,0.0,660.0,664.0,2.0,36.4,33.0,Joint App,5,High Risk,Manual Review
126088024,20000.0, 36 months,22.91,E,E1,3 years,MORTGAGE,85000.0,Not Verified,debt_consolidation,MN,39.56,0.0,720.0,724.0,1.0,39.2,24.0,Individual,5,High Risk,Manual Review
127240205,35000.0, 60 months,30.17,F,F3,3 years,MORTGAGE,69854.0,Verified,debt_consolidation,CT,45.59,0.0,710.0,714.0,0.0,73.4,15.0,Joint App,5,High Risk,Manual Review
126657458,35000.0, 60 months,30.65,F,F4,,MORTGAGE,73000.0,Verified,debt_consolidation,TX,43.99,0.0,675.0,679.0,0.0,24.3,40.0,Joint App,5,High Risk,Manual Review
127184892,5000.0, 36 months,22.91,E,E1,10+ years,RENT,94000.0,Source Verified,debt_consolidation,GA,38.63,1.0,690.0,694.0,2.0,30.0,50.0,Joint App,6,High Risk,Manual Review
127158439,20000.0, 60 months,23.88,E,E2,10+ years,RENT,60000.0,Source Verified,debt_consolidation,TN,37.46,1.0,670.0,674.0,0.0,60.8,37.0,Individual,6,High Risk,Manual Review
127094933,24925.0, 60 months,30.79,G,G1,,MORTGAGE,14000.0,Verified,debt_consolidation,WV,59.69,0.0,675.0,679.0,0.0,78.7,12.0,Joint App,5,High Risk,Manual Review
126763699,5000.0, 36 months,23.88,E,E2,4 years,MORTGAGE,55000.0,Verified,debt_consolidation,NC,33.82,2.0,675.0,679.0,0.0,81.5,21.0,Individual,7,High Risk,Manual Review
127092402,26325.0, 60 months,26.3,E,E5,10+ years,MORTGAGE,55000.0,Source Verified,debt_consolidation,OH,34.0,0.0,730.0,734.0,0.0,35.4,60.0,Individual,5,High Risk,Manual Review
127172574,17350.0, 36 months,26.3,E,E5,7 years,MORTGAGE,40000.0,Not Verified,debt_consolidation,NJ,35.67,0.0,690.0,694.0,1.0,60.5,13.0,Joint App,5,High Risk,Manual Review
127018086,24000.0, 60 months,29.69,F,F2,4 years,MORTGAGE,54000.0,Verified,debt_consolidation,IN,49.38,0.0,665.0,669.0,1.0,91.3,46.0,Joint App,6,High Risk,Manual Review
126651881,16000.0, 60 months,16.02,C,C5,10+ years,MORTGAGE,75000.0,Source Verified,debt_consolidation,GA,37.23,1.0,685.0,689.0,1.0,83.3,40.0,Individual,5,High Risk,Manual Review
127174103,8500.0, 36 months,25.82,E,E4,10+ years,MORTGAGE,51000.0,Not Verified,debt_consolidation,NC,38.28,2.0,675.0,679.0,0.0,74.6,47.0,Joint App,6,High Risk,Manual Review
126959279,26125.0, 60 months,25.82,E,E4,10+ years,MORTGAGE,50000.0,Source Verified,debt_consolidation,FL,34.01,1.0,705.0,709.0,0.0,64.3,27.0,Individual,6,High Risk,Manual Review
127113320,13225.0, 60 months,26.3,E,E5,,MORTGAGE,13000.0,Verified,debt_consolidation,OH,39.43,0.0,690.0,694.0,2.0,68.8,12.0,Joint App,5,High Risk,Manual Review
127186319,25000.0, 60 months,23.88,E,E2,6 years,MORTGAGE,87000.0,Verified,house,PA,30.01,0.0,740.0,744.0,3.0,17.6,17.0,Individual,5,High Risk,Manual Review
126956436,24000.0, 60 months,28.72,F,F1,< 1 year,RENT,53000.0,Verified,debt_consolidation,WA,36.26,0.0,690.0,694.0,1.0,30.9,30.0,Individual,5,High Risk,Manual Review
127046811,10000.0, 60 months,17.09,D,D1,10+ years,MORTGAGE,65000.0,Verified,credit_card,IL,31.98,1.0,675.0,679.0,0.0,89.0,30.0,Individual,5,High Risk,Manual Review
127116114,35000.0, 36 months,18.06,D,D2,,MORTGAGE,36780.0,Verified,debt_consolidation,OH,68.74,2.0,670.0,674.0,0.0,94.4,36.0,Joint App,5,High Risk,Manual Review
126917065,20775.0, 60 months,30.79,G,G1,10+ years,MORTGAGE,45747.0,Not Verified,other,SC,34.5,1.0,705.0,709.0,1.0,37.5,30.0,Joint App,6,High Risk,Manual Review
127167868,18000.0, 60 months,28.72,F,F1,10+ years,MORTGAGE,75000.0,Not Verified,debt_consolidation,GA,30.25,0.0,660.0,664.0,0.0,94.6,20.0,Individual,6,High Risk,Manual Review
126837778,40000.0, 36 months,24.85,E,E3,< 1 year,MORTGAGE,50000.0,Verified,debt_consolidation,MN,80.48,0.0,730.0,734.0,0.0,58.1,28.0,Joint App,5,High Risk,Manual Review
127025083,11200.0, 60 months,25.82,E,E4,10+ years,RENT,75000.0,Verified,other,MN,30.47,0.0,705.0,709.0,3.0,86.6,15.0,Individual,6,High Risk,Manual Review
126716616,22175.0, 60 months,28.72,F,F1,,MORTGAGE,18000.0,Not Verified,debt_consolidation,FL,83.47,0.0,720.0,724.0,0.0,78.6,20.0,Joint App,5,High Risk,Manual Review
127011299,30000.0, 60 months,26.3,E,E5,< 1 year,MORTGAGE,33120.0,Source Verified,debt_consolidation,WA,54.89,0.0,695.0,699.0,0.0,78.1,17.0,Joint App,5,High Risk,Manual Review
126777597,2000.0, 36 months,22.91,E,E1,3 years,RENT,50000.0,Not Verified,debt_consolidation,WI,37.88,0.0,660.0,664.0,0.0,61.5,45.0,Joint App,5,High Risk,Manual Review
127135722,10000.0, 60 months,23.88,E,E2,,RENT,16000.0,Not Verified,credit_card,NJ,31.58,0.0,670.0,674.0,0.0,27.8,24.0,Individual,5,High Risk,Manual Review
127135874,10000.0, 60 months,17.09,D,D1,< 1 year,MORTGAGE,75000.0,Verified,debt_consolidation,NC,38.65,1.0,700.0,704.0,2.0,98.0,34.0,Individual,5,High Risk,Manual Review
127056869,20000.0, 36 months,19.03,D,D3,,MORTGAGE,25000.0,Verified,debt_consolidation,CA,49.16,2.0,675.0,679.0,0.0,83.5,26.0,Joint App,5,High Risk,Manual Review
126613898,6050.0, 36 months,26.3,E,E5,1 year,MORTGAGE,36000.0,Verified,debt_consolidation,CT,41.93,0.0,720.0,724.0,0.0,37.7,18.0,Joint App,5,High Risk,Manual Review
126453659,25000.0, 60 months,28.72,F,F1,10+ years,RENT,55000.0,Verified,debt_consolidation,TX,35.78,0.0,705.0,709.0,3.0,2.0,54.0,Individual,5,High Risk,Manual Review
127091545,25000.0, 36 months,24.85,E,E3,10+ years,RENT,73000.0,Source Verified,debt_consolidation,CA,32.76,0.0,670.0,674.0,0.0,97.3,16.0,Individual,6,High Risk,Manual Review
125999913,37125.0, 60 months,23.88,E,E2,3 years,MORTGAGE,42800.0,Source Verified,debt_consolidation,SC,68.48,1.0,705.0,709.0,0.0,59.5,35.0,Joint App,6,High Risk,Manual Review
127156164,24000.0, 60 months,26.3,E,E5,5 years,RENT,80000.0,Verified,debt_consolidation,MO,31.89,0.0,675.0,679.0,1.0,71.9,41.0,Individual,5,High Risk,Manual Review
127037050,25000.0, 60 months,24.85,E,E3,2 years,MORTGAGE,35000.0,Not Verified,debt_consolidation,FL,57.72,0.0,695.0,699.0,0.0,65.9,15.0,Joint App,5,High Risk,Manual Review
127032207,35000.0, 60 months,23.88,E,E2,< 1 year,MORTGAGE,20000.0,Not Verified,debt_consolidation,MN,172.27,0.0,735.0,739.0,0.0,72.0,20.0,Joint App,5,High Risk,Manual Review
126655535,12000.0, 60 months,23.88,E,E2,,MORTGAGE,27500.0,Not Verified,debt_consolidation,IL,31.82,0.0,705.0,709.0,0.0,49.1,18.0,Individual,5,High Risk,Manual Review
126690728,8000.0, 36 months,24.85,E,E3,10+ years,OWN,47000.0,Not Verified,debt_consolidation,NY,36.49,0.0,675.0,679.0,1.0,57.3,28.0,Individual,5,High Risk,Manual Review
126368385,10000.0, 36 months,23.88,E,E2,3 years,OWN,55000.0,Not Verified,debt_consolidation,FL,39.42,0.0,680.0,684.0,1.0,48.7,45.0,Individual,5,High Risk,Manual Review
126409587,17000.0, 60 months,28.72,F,F1,4 years,MORTGAGE,45500.0,Source Verified,debt_consolidation,WA,38.99,0.0,670.0,674.0,3.0,86.6,21.0,Joint App,6,High Risk,Manual Review
127015664,24000.0, 36 months,22.91,E,E1,10+ years,MORTGAGE,78000.0,Verified,debt_consolidation,TX,35.07,2.0,665.0,669.0,1.0,36.6,29.0,Joint App,6,High Risk,Manual Review
126276606,21000.0, 60 months,28.72,F,F1,6 years,MORTGAGE,110000.0,Verified,debt_consolidation,NJ,45.47,0.0,715.0,719.0,2.0,76.0,30.0,Joint App,5,High Risk,Manual Review
127090330,25000.0, 36 months,26.3,E,E5,10+ years,RENT,95000.0,Not Verified,debt_consolidation,MN,30.33,0.0,710.0,714.0,0.0,70.1,20.0,Individual,5,High Risk,Manual Review
127038124,35000.0, 60 months,28.72,F,F1,10+ years,MORTGAGE,215000.0,Verified,credit_card,WI,32.78,0.0,660.0,664.0,0.0,99.0,33.0,Individual,6,High Risk,Manual Review
126610104,10000.0, 36 months,23.88,E,E2,2 years,OWN,22000.0,Verified,debt_consolidation,MI,35.24,0.0,685.0,689.0,1.0,42.5,21.0,Individual,5,High Risk,Manual Review
127048105,30000.0, 60 months,26.3,E,E5,10+ years,MORTGAGE,141129.0,Not Verified,debt_consolidation,GA,37.93,0.0,725.0,729.0,0.0,85.1,50.0,Individual,6,High Risk,Manual Review
126754553,20575.0, 60 months,24.85,E,E3,10+ years,RENT,63000.0,Source Verified,credit_card,MD,34.23,0.0,715.0,719.0,0.0,58.4,23.0,Individual,5,High Risk,Manual Review
127052343,16000.0, 60 months,23.88,E,E2,10+ years,RENT,63595.0,Not Verified,debt_consolidation,NC,38.38,0.0,700.0,704.0,0.0,78.6,18.0,Individual,5,High Risk,Manual Review
127045528,13725.0, 60 months,24.85,E,E3,4 years,OWN,29000.0,Not Verified,debt_consolidation,FL,32.86,0.0,720.0,724.0,0.0,15.0,19.0,Individual,5,High Risk,Manual Review
127017753,20000.0, 60 months,23.88,E,E2,4 years,MORTGAGE,84000.0,Not Verified,debt_consolidation,CA,15.31,1.0,665.0,669.0,0.0,85.9,6.0,Individual,5,High Risk,Manual Review
126917483,10000.0, 60 months,26.3,E,E5,9 years,MORTGAGE,44575.73,Verified,debt_consolidation,FL,36.02,0.0,670.0,674.0,0.0,79.5,23.0,Individual,5,High Risk,Manual Review
126658757,13450.0, 60 months,26.3,E,E5,,RENT,36000.0,Not Verified,credit_card,CO,34.47,0.0,715.0,719.0,0.0,61.5,10.0,Individual,5,High Risk,Manual Review
126913830,12800.0, 36 months,26.3,E,E5,10+ years,MORTGAGE,95000.0,Verified,major_purchase,NV,35.49,0.0,680.0,684.0,1.0,53.2,30.0,Individual,5,High Risk,Manual Review
126541816,18800.0, 60 months,23.88,E,E2,10+ years,OWN,60000.0,Verified,debt_consolidation,TN,33.36,0.0,785.0,789.0,0.0,1.7,75.0,Individual,5,High Risk,Manual Review
126742750,1800.0, 36 months,22.91,E,E1,7 years,MORTGAGE,54000.0,Verified,debt_consolidation,NV,20.13,1.0,660.0,664.0,0.0,99.3,9.0,Individual,5,High Risk,Manual Review
127015081,34800.0, 36 months,23.88,E,E2,10+ years,OWN,56000.0,Source Verified,debt_consolidation,AL,32.9,0.0,735.0,739.0,2.0,80.5,16.0,Joint App,6,High Risk,Manual Review
126961048,34900.0, 60 months,30.17,F,F3,10+ years,MORTGAGE,50000.0,Source Verified,home_improvement,NC,39.73,0.0,705.0,709.0,0.0,44.7,35.0,Joint App,5,High Risk,Manual Review
127027357,22500.0, 60 months,25.82,E,E4,2 years,RENT,40000.0,Verified,debt_consolidation,TX,32.39,0.0,740.0,744.0,0.0,9.5,23.0,Individual,5,High Risk,Manual Review
126462928,5000.0, 36 months,22.91,E,E1,5 years,RENT,65000.0,Verified,debt_consolidation,FL,36.84,0.0,660.0,664.0,0.0,41.6,27.0,Individual,5,High Risk,Manual Review
126685424,1500.0, 36 months,25.82,E,E4,10+ years,MORTGAGE,40000.0,Verified,home_improvement,OK,32.82,0.0,750.0,754.0,2.0,38.8,24.0,Individual,5,High Risk,Manual Review
126373192,35000.0, 36 months,24.85,E,E3,10+ years,MORTGAGE,100000.0,Not Verified,debt_consolidation,MI,31.48,0.0,720.0,724.0,1.0,73.5,21.0,Joint App,5,High Risk,Manual Review
126965481,2500.0, 36 months,23.88,E,E2,10+ years,OWN,25000.0,Verified,medical,NC,39.41,0.0,690.0,694.0,2.0,37.1,15.0,Individual,5,High Risk,Manual Review
126924046,10000.0, 60 months,23.88,E,E2,10+ years,RENT,45000.0,Source Verified,other,MA,33.71,1.0,660.0,664.0,2.0,30.5,22.0,Joint App,6,High Risk,Manual Review
126901218,14000.0, 60 months,23.88,E,E2,1 year,RENT,34000.0,Verified,debt_consolidation,WA,37.17,0.0,705.0,709.0,1.0,58.2,24.0,Individual,5,High Risk,Manual Review
126863756,12800.0, 60 months,26.3,E,E5,< 1 year,RENT,23000.0,Verified,debt_consolidation,CA,32.62,1.0,670.0,674.0,0.0,52.3,19.0,Joint App,6,High Risk,Manual Review
127025206,16300.0, 60 months,24.85,E,E3,2 years,OWN,30000.0,Verified,debt_consolidation,MI,32.16,0.0,760.0,764.0,1.0,8.9,32.0,Individual,5,High Risk,Manual Review
126623518,11200.0, 60 months,24.85,E,E3,10+ years,RENT,50000.0,Not Verified,major_purchase,TX,34.01,0.0,670.0,674.0,0.0,61.7,16.0,Individual,5,High Risk,Manual Review
126956898,6950.0, 36 months,24.85,E,E3,10+ years,MORTGAGE,38000.0,Verified,debt_consolidation,CA,48.42,0.0,710.0,714.0,1.0,40.6,21.0,Joint App,5,High Risk,Manual Review
126525462,20000.0, 60 months,25.82,E,E4,2 years,RENT,50000.0,Source Verified,debt_consolidation,CO,33.15,0.0,675.0,679.0,1.0,73.7,57.0,Individual,5,High Risk,Manual Review
126841907,12000.0, 36 months,24.85,E,E3,,OWN,17000.0,Verified,debt_consolidation,FL,33.05,0.0,660.0,664.0,0.0,73.1,13.0,Individual,5,High Risk,Manual Review
126781585,36450.0, 60 months,25.82,E,E4,4 years,RENT,32000.0,Verified,debt_consolidation,AL,48.46,1.0,720.0,724.0,0.0,27.3,30.0,Joint App,6,High Risk,Manual Review
126856200,9600.0, 36 months,25.82,E,E4,4 years,MORTGAGE,25000.0,Verified,debt_consolidation,MI,72.25,0.0,670.0,674.0,0.0,69.0,40.0,Joint App,5,High Risk,Manual Review
126608570,20000.0, 60 months,26.3,E,E5,10+ years,RENT,52500.0,Verified,debt_consolidation,WI,41.04,0.0,700.0,704.0,0.0,42.3,14.0,Joint App,5,High Risk,Manual Review
126836334,17100.0, 60 months,23.88,E,E2,10+ years,OWN,30000.0,Verified,house,TX,32.58,0.0,730.0,734.0,0.0,26.1,25.0,Individual,5,High Risk,Manual Review
126901562,16000.0, 60 months,24.85,E,E3,10+ years,MORTGAGE,52000.0,Source Verified,debt_consolidation,CA,33.51,1.0,660.0,664.0,0.0,72.4,19.0,Joint App,6,High Risk,Manual Review
126914105,15000.0, 60 months,25.82,E,E4,3 years,RENT,65000.0,Not Verified,debt_consolidation,LA,37.09,0.0,680.0,684.0,0.0,48.4,27.0,Individual,5,High Risk,Manual Review
126124845,20000.0, 60 months,28.72,F,F1,5 years,OWN,60000.0,Not Verified,debt_consolidation,CT,36.66,0.0,710.0,714.0,0.0,69.0,32.0,Individual,5,High Risk,Manual Review
126338601,10000.0, 36 months,22.91,E,E1,5 years,MORTGAGE,53000.0,Verified,debt_consolidation,MI,37.06,0.0,690.0,694.0,1.0,56.0,32.0,Individual,5,High Risk,Manual Review
126600249,6550.0, 36 months,25.82,E,E4,1 year,RENT,25720.0,Verified,vacation,CA,31.45,0.0,660.0,664.0,1.0,77.0,19.0,Individual,5,High Risk,Manual Review
126778742,8200.0, 36 months,25.82,E,E4,,MORTGAGE,28000.0,Not Verified,debt_consolidation,DE,32.1,0.0,690.0,694.0,0.0,35.9,15.0,Individual,5,High Risk,Manual Review
126912066,11000.0, 60 months,30.79,G,G1,10+ years,RENT,115000.0,Source Verified,major_purchase,VA,30.84,1.0,720.0,724.0,0.0,55.8,49.0,Individual,6,High Risk,Manual Review
126606818,40000.0, 36 months,22.91,E,E1,4 years,MORTGAGE,65000.0,Verified,debt_consolidation,KS,36.54,0.0,685.0,689.0,1.0,49.9,30.0,Joint App,5,High Risk,Manual Review
126191134,16000.0, 60 months,23.88,E,E2,,MORTGAGE,53000.0,Verified,debt_consolidation,FL,32.47,0.0,705.0,709.0,0.0,83.3,22.0,Individual,6,High Risk,Manual Review
126735059,10000.0, 36 months,23.88,E,E2,2 years,RENT,60000.0,Source Verified,credit_card,TX,35.57,0.0,670.0,674.0,0.0,45.4,44.0,Individual,5,High Risk,Manual Review
126911205,7500.0, 36 months,25.82,E,E4,,OWN,11350.0,Not Verified,debt_consolidation,TX,32.59,0.0,755.0,759.0,1.0,15.8,21.0,Individual,5,High Risk,Manual Review
126900961,24000.0, 60 months,24.85,E,E3,8 years,MORTGAGE,121000.0,Not Verified,debt_consolidation,AR,32.48,1.0,700.0,704.0,1.0,61.7,49.0,Individual,6,High Risk,Manual Review
126836696,28000.0, 36 months,17.09,D,D1,< 1 year,MORTGAGE,105000.0,Source Verified,debt_consolidation,MN,33.53,2.0,690.0,694.0,0.0,94.7,18.0,Individual,5,High Risk,Manual Review
126914222,15000.0, 60 months,28.72,F,F1,10+ years,RENT,65000.0,Not Verified,debt_consolidation,WV,1.14,1.0,700.0,704.0,0.0,89.4,24.0,Individual,5,High Risk,Manual Review
126902820,10000.0, 60 months,24.85,E,E3,< 1 year,MORTGAGE,59000.0,Not Verified,other,TX,31.04,0.0,680.0,684.0,0.0,51.6,31.0,Individual,5,High Risk,Manual Review
126568238,25000.0, 36 months,26.3,E,E5,1 year,MORTGAGE,90000.0,Verified,debt_consolidation,OH,34.77,0.0,670.0,674.0,0.0,83.4,45.0,Individual,6,High Risk,Manual Review
126799705,2100.0, 36 months,22.91,E,E1,7 years,MORTGAGE,49000.0,Source Verified,debt_consolidation,CA,32.89,0.0,685.0,689.0,0.0,44.8,23.0,Joint App,5,High Risk,Manual Review
126827839,1000.0, 36 months,24.85,E,E3,10+ years,OWN,41000.0,Source Verified,vacation,MS,30.42,1.0,665.0,669.0,0.0,0.0,32.0,Individual,6,High Risk,Manual Review
126787672,20000.0, 60 months,30.17,F,F3,3 years,RENT,15000.0,Source Verified,other,OH,72.88,0.0,665.0,669.0,0.0,88.4,14.0,Joint App,6,High Risk,Manual Review
126645372,30000.0, 60 months,24.85,E,E3,2 years,MORTGAGE,56450.0,Not Verified,credit_card,MO,31.1,1.0,720.0,724.0,2.0,36.0,51.0,Individual,6,High Risk,Manual Review
126779867,10000.0, 60 months,24.85,E,E3,,MORTGAGE,13000.0,Verified,debt_consolidation,TX,44.52,0.0,660.0,664.0,1.0,48.1,13.0,Joint App,5,High Risk,Manual Review
126842880,24000.0, 60 months,23.88,E,E2,3 years,OWN,48000.0,Source Verified,debt_consolidation,IL,33.36,0.0,740.0,744.0,1.0,6.6,19.0,Individual,5,High Risk,Manual Review
126839122,10000.0, 36 months,23.88,E,E2,10+ years,MORTGAGE,42000.0,Verified,debt_consolidation,TX,35.34,1.0,660.0,664.0,1.0,31.2,80.0,Individual,6,High Risk,Manual Review
126837082,20000.0, 60 months,25.82,E,E4,10+ years,RENT,44400.0,Verified,credit_card,WA,31.32,0.0,695.0,699.0,0.0,94.3,15.0,Individual,6,High Risk,Manual Review
126700403,15000.0, 60 months,28.72,F,F1,1 year,MORTGAGE,65000.0,Source Verified,debt_consolidation,PA,42.69,1.0,690.0,694.0,0.0,92.8,24.0,Joint App,7,High Risk,Manual Review
126834503,9025.0, 36 months,24.85,E,E3,,MORTGAGE,12000.0,Verified,debt_consolidation,SC,201.81,0.0,670.0,674.0,0.0,89.8,32.0,Joint App,6,High Risk,Manual Review
126837163,6050.0, 36 months,26.3,E,E5,10+ years,MORTGAGE,65000.0,Verified,home_improvement,TX,35.73,0.0,675.0,679.0,1.0,67.7,24.0,Individual,5,High Risk,Manual Review
126825237,9600.0, 36 months,23.88,E,E2,1 year,RENT,46000.0,Verified,other,FL,39.15,0.0,755.0,759.0,2.0,17.4,14.0,Individual,5,High Risk,Manual Review
126497483,30475.0, 60 months,28.72,F,F1,10+ years,RENT,63000.0,Verified,other,MO,36.82,0.0,745.0,749.0,2.0,79.1,42.0,Joint App,5,High Risk,Manual Review
125893644,10000.0, 36 months,19.03,D,D3,7 years,MORTGAGE,44000.0,Verified,debt_consolidation,TX,32.52,1.0,680.0,684.0,0.0,89.9,29.0,Individual,5,High Risk,Manual Review
126439331,12000.0, 60 months,29.69,F,F2,< 1 year,MORTGAGE,36000.0,Verified,credit_card,TX,52.17,0.0,675.0,679.0,0.0,80.0,25.0,Joint App,5,High Risk,Manual Review
125472017,7925.0, 36 months,26.3,E,E5,10+ years,MORTGAGE,105000.0,Source Verified,credit_card,NJ,31.28,0.0,725.0,729.0,1.0,60.4,26.0,Individual,5,High Risk,Manual Review
126385847,7800.0, 36 months,25.82,E,E4,,MORTGAGE,43000.0,Verified,debt_consolidation,WV,30.01,0.0,695.0,699.0,1.0,23.8,14.0,Individual,5,High Risk,Manual Review
126825325,28000.0, 60 months,30.75,F,F5,10+ years,MORTGAGE,79000.0,Not Verified,debt_consolidation,TX,33.15,0.0,700.0,704.0,1.0,44.4,32.0,Joint App,5,High Risk,Manual Review
126748921,16000.0, 60 months,25.82,E,E4,4 years,RENT,27000.0,Verified,medical,WA,55.87,0.0,690.0,694.0,1.0,58.5,12.0,Joint App,5,High Risk,Manual Review
126385897,27000.0, 36 months,23.88,E,E2,3 years,MORTGAGE,60000.0,Verified,debt_consolidation,OK,16.98,1.0,705.0,709.0,1.0,82.0,18.0,Individual,5,High Risk,Manual Review
126785925,38000.0, 60 months,26.3,E,E5,1 year,MORTGAGE,49000.0,Verified,credit_card,UT,44.06,0.0,690.0,694.0,1.0,79.8,53.0,Joint App,5,High Risk,Manual Review
126620500,10000.0, 60 months,26.3,E,E5,1 year,RENT,26000.0,Source Verified,debt_consolidation,MD,52.35,0.0,675.0,679.0,1.0,58.4,20.0,Joint App,5,High Risk,Manual Review
126593004,30750.0, 60 months,28.72,F,F1,10+ years,RENT,54065.0,Verified,debt_consolidation,IL,48.73,0.0,690.0,694.0,0.0,48.3,43.0,Joint App,5,High Risk,Manual Review
126731824,11425.0, 60 months,26.3,E,E5,10+ years,MORTGAGE,62000.0,Verified,debt_consolidation,FL,31.26,0.0,665.0,669.0,1.0,20.7,22.0,Joint App,5,High Risk,Manual Review
126419196,16000.0, 60 months,24.85,E,E3,1 year,MORTGAGE,68000.0,Verified,debt_consolidation,VA,32.1,0.0,695.0,699.0,0.0,69.5,22.0,Individual,5,High Risk,Manual Review
126617395,35000.0, 60 months,17.09,D,D1,10+ years,MORTGAGE,102000.0,Not Verified,debt_consolidation,VA,35.34,1.0,665.0,669.0,1.0,92.0,27.0,Joint App,5,High Risk,Manual Review
126368107,17000.0, 60 months,30.75,F,F5,,MORTGAGE,77000.0,Verified,debt_consolidation,MO,38.47,0.0,665.0,669.0,2.0,56.2,21.0,Joint App,5,High Risk,Manual Review
126205492,18000.0, 60 months,16.02,C,C5,2 years,MORTGAGE,90000.0,Verified,other,CA,30.31,2.0,665.0,669.0,0.0,95.0,16.0,Individual,5,High Risk,Manual Review
126783779,25000.0, 36 months,24.85,E,E3,10+ years,MORTGAGE,110000.0,Verified,debt_consolidation,FL,34.85,0.0,690.0,694.0,1.0,69.5,24.0,Individual,5,High Risk,Manual Review
126728608,15000.0, 36 months,22.91,E,E1,10+ years,MORTGAGE,70000.0,Source Verified,debt_consolidation,MI,40.96,0.0,665.0,669.0,0.0,16.6,17.0,Joint App,5,High Risk,Manual Review
126786179,10000.0, 60 months,30.65,F,F4,5 years,MORTGAGE,40000.0,Source Verified,debt_consolidation,GA,37.8,0.0,700.0,704.0,1.0,53.8,20.0,Joint App,5,High Risk,Manual Review
126607843,10000.0, 60 months,26.3,E,E5,6 years,MORTGAGE,51000.0,Not Verified,debt_consolidation,AZ,37.14,0.0,675.0,679.0,0.0,40.6,38.0,Joint App,5,High Risk,Manual Review
126736257,30000.0, 60 months,23.88,E,E2,10+ years,OWN,105000.0,Verified,debt_consolidation,IL,37.87,0.0,665.0,669.0,2.0,36.1,34.0,Individual,5,High Risk,Manual Review
125021975,10000.0, 36 months,23.88,E,E2,10+ years,RENT,25500.0,Not Verified,debt_consolidation,WA,34.59,1.0,685.0,689.0,0.0,44.5,21.0,Individual,6,High Risk,Manual Review
126752915,30000.0, 60 months,24.85,E,E3,4 years,RENT,125000.0,Source Verified,debt_consolidation,CA,7.41,1.0,670.0,674.0,0.0,86.7,16.0,Individual,5,High Risk,Manual Review
126060119,3000.0, 36 months,22.91,E,E1,,RENT,18000.0,Not Verified,major_purchase,FL,36.53,0.0,690.0,694.0,1.0,82.9,12.0,Joint App,6,High Risk,Manual Review
126785186,20000.0, 60 months,26.3,E,E5,1 year,MORTGAGE,80000.0,Source Verified,debt_consolidation,FL,17.52,1.0,670.0,674.0,1.0,98.6,17.0,Individual,5,High Risk,Manual Review
126296688,35000.0, 60 months,23.88,E,E2,4 years,MORTGAGE,80000.0,Verified,debt_consolidation,IL,42.6,0.0,670.0,674.0,1.0,73.0,33.0,Joint App,5,High Risk,Manual Review
126434485,24000.0, 60 months,28.72,F,F1,10+ years,RENT,57000.0,Verified,debt_consolidation,TX,37.19,1.0,670.0,674.0,0.0,43.3,21.0,Individual,6,High Risk,Manual Review
126350232,35000.0, 36 months,18.06,D,D2,10+ years,MORTGAGE,96000.0,Verified,debt_consolidation,CA,30.15,1.0,665.0,669.0,1.0,93.9,18.0,Joint App,5,High Risk,Manual Review
126778456,25000.0, 60 months,30.79,G,G1,9 years,MORTGAGE,31000.0,Not Verified,debt_consolidation,TX,37.4,0.0,710.0,714.0,0.0,80.7,11.0,Joint App,6,High Risk,Manual Review
125966467,35000.0, 36 months,22.91,E,E1,10+ years,MORTGAGE,90000.0,Verified,debt_consolidation,WI,34.91,0.0,695.0,699.0,2.0,76.0,16.0,Individual,5,High Risk,Manual Review
126611259,16000.0, 60 months,28.72,F,F1,6 years,MORTGAGE,35000.0,Verified,debt_consolidation,WA,46.98,0.0,720.0,724.0,1.0,47.1,25.0,Joint App,5,High Risk,Manual Review
125848387,3000.0, 36 months,24.85,E,E3,2 years,RENT,65000.0,Source Verified,other,TX,34.29,0.0,670.0,674.0,0.0,67.1,18.0,Individual,5,High Risk,Manual Review
126270915,3000.0, 36 months,22.91,E,E1,10+ years,MORTGAGE,38000.0,Source Verified,debt_consolidation,NC,31.43,0.0,715.0,719.0,0.0,53.9,18.0,Individual,5,High Risk,Manual Review
126063777,35000.0, 60 months,24.85,E,E3,2 years,MORTGAGE,30000.0,Verified,debt_consolidation,GA,34.0,3.0,665.0,669.0,0.0,77.1,20.0,Joint App,6,High Risk,Manual Review
126618294,20000.0, 60 months,25.82,E,E4,2 years,RENT,82000.0,Source Verified,debt_consolidation,PA,30.07,0.0,710.0,714.0,1.0,39.2,9.0,Individual,5,High Risk,Manual Review
126776906,25000.0, 60 months,30.75,F,F5,10+ years,MORTGAGE,52000.0,Not Verified,other,TN,56.31,0.0,665.0,669.0,1.0,77.2,25.0,Joint App,5,High Risk,Manual Review
126658772,4200.0, 36 months,24.85,E,E3,10+ years,MORTGAGE,42886.0,Verified,debt_consolidation,NY,50.21,3.0,675.0,679.0,0.0,73.4,30.0,Joint App,6,High Risk,Manual Review
126680555,8000.0, 36 months,16.02,C,C5,5 years,RENT,48000.0,Verified,moving,WA,35.08,1.0,660.0,664.0,0.0,94.4,34.0,Individual,5,High Risk,Manual Review
126597205,5000.0, 36 months,22.91,E,E1,10+ years,OWN,27000.0,Not Verified,credit_card,MO,36.31,0.0,690.0,694.0,1.0,36.6,13.0,Individual,5,High Risk,Manual Review
125881324,13000.0, 60 months,23.88,E,E2,1 year,RENT,42000.0,Not Verified,small_business,TX,34.11,1.0,700.0,704.0,0.0,82.6,14.0,Individual,7,High Risk,Manual Review
126468518,24100.0, 60 months,30.17,F,F3,7 years,MORTGAGE,170000.0,Verified,debt_consolidation,PA,25.87,1.0,695.0,699.0,0.0,88.0,39.0,Joint App,5,High Risk,Manual Review
126527986,15000.0, 60 months,24.85,E,E3,5 years,OWN,72000.0,Verified,other,TX,12.8,1.0,660.0,664.0,0.0,85.4,13.0,Individual,5,High Risk,Manual Review
126618736,11500.0, 60 months,23.88,E,E2,4 years,RENT,18000.0,Verified,debt_consolidation,WA,55.6,2.0,665.0,669.0,0.0,47.1,26.0,Joint App,6,High Risk,Manual Review
126646436,35000.0, 60 months,30.79,G,G1,< 1 year,RENT,24000.0,Source Verified,debt_consolidation,CA,37.95,0.0,710.0,714.0,0.0,99.8,12.0,Joint App,6,High Risk,Manual Review
126745047,2500.0, 36 months,23.88,E,E2,6 years,RENT,38000.0,Verified,major_purchase,TN,38.12,0.0,665.0,669.0,1.0,86.8,36.0,Individual,6,High Risk,Manual Review
126620563,18550.0, 60 months,26.3,E,E5,1 year,OWN,33616.0,Verified,debt_consolidation,MD,32.49,0.0,715.0,719.0,0.0,52.9,19.0,Individual,5,High Risk,Manual Review
126432999,20800.0, 36 months,26.3,E,E5,< 1 year,RENT,140000.0,Verified,credit_card,NJ,31.62,0.0,710.0,714.0,0.0,67.4,31.0,Individual,5,High Risk,Manual Review
126566651,12000.0, 36 months,24.85,E,E3,5 years,MORTGAGE,52000.0,Verified,debt_consolidation,AL,42.58,4.0,665.0,669.0,0.0,85.3,21.0,Joint App,7,High Risk,Manual Review
126616621,9275.0, 36 months,22.91,E,E1,10+ years,MORTGAGE,71000.0,Not Verified,debt_consolidation,IL,36.21,0.0,725.0,729.0,1.0,91.0,13.0,Individual,6,High Risk,Manual Review
126503421,24000.0, 60 months,30.75,F,F5,1 year,MORTGAGE,36000.0,Source Verified,credit_card,HI,31.5,0.0,660.0,664.0,0.0,22.3,15.0,Joint App,5,High Risk,Manual Review
126692053,5000.0, 36 months,23.88,E,E2,,OWN,11132.0,Verified,debt_consolidation,NY,104.96,1.0,675.0,679.0,0.0,73.1,24.0,Joint App,6,High Risk,Manual Review
126475732,22000.0, 60 months,28.72,F,F1,10+ years,MORTGAGE,120000.0,Source Verified,home_improvement,CA,31.37,0.0,675.0,679.0,1.0,83.3,41.0,Individual,6,High Risk,Manual Review
126309810,10000.0, 36 months,26.3,E,E5,3 years,MORTGAGE,88320.0,Source Verified,debt_consolidation,FL,22.79,1.0,680.0,684.0,1.0,87.9,28.0,Individual,5,High Risk,Manual Review
126478897,1000.0, 36 months,22.91,E,E1,4 years,RENT,35000.0,Verified,medical,PA,36.9,0.0,675.0,679.0,1.0,31.8,26.0,Individual,5,High Risk,Manual Review
126659247,24000.0, 60 months,24.85,E,E3,2 years,MORTGAGE,113000.0,Verified,debt_consolidation,MA,23.24,1.0,660.0,664.0,1.0,82.5,40.0,Individual,5,High Risk,Manual Review
126005054,35000.0, 60 months,26.3,E,E5,10+ years,MORTGAGE,70900.0,Source Verified,debt_consolidation,OH,42.5,0.0,690.0,694.0,0.0,80.6,30.0,Joint App,6,High Risk,Manual Review
126064276,25000.0, 36 months,24.85,E,E3,10+ years,OWN,75000.0,Verified,debt_consolidation,CA,32.69,0.0,705.0,709.0,0.0,43.1,33.0,Individual,5,High Risk,Manual Review
126640206,8500.0, 36 months,24.85,E,E3,3 years,RENT,51500.0,Verified,debt_consolidation,TX,33.12,0.0,715.0,719.0,2.0,24.9,28.0,Individual,5,High Risk,Manual Review
126281871,25000.0, 36 months,24.85,E,E3,< 1 year,RENT,55000.0,Source Verified,debt_consolidation,FL,41.87,0.0,725.0,729.0,0.0,101.2,11.0,Joint App,6,High Risk,Manual Review
126673277,25000.0, 36 months,23.88,E,E2,< 1 year,RENT,61000.0,Source Verified,debt_consolidation,CO,31.48,0.0,665.0,669.0,0.0,90.9,17.0,Individual,6,High Risk,Manual Review
125822052,15775.0, 36 months,24.85,E,E3,10+ years,RENT,40950.0,Not Verified,debt_consolidation,NY,32.65,0.0,700.0,704.0,0.0,56.0,41.0,Individual,5,High Risk,Manual Review
125618620,10000.0, 60 months,28.72,F,F1,10+ years,OWN,27000.0,Verified,debt_consolidation,NM,32.22,2.0,675.0,679.0,0.0,47.5,14.0,Individual,6,High Risk,Manual Review
126711338,23775.0, 36 months,25.82,E,E4,10+ years,MORTGAGE,218000.0,Source Verified,debt_consolidation,VA,37.17,0.0,680.0,684.0,0.0,89.5,31.0,Individual,6,High Risk,Manual Review
126463303,16000.0, 60 months,30.17,F,F3,10+ years,MORTGAGE,85000.0,Source Verified,debt_consolidation,OK,23.28,1.0,700.0,704.0,0.0,89.6,23.0,Individual,5,High Risk,Manual Review
126694693,18000.0, 60 months,28.72,F,F1,4 years,RENT,46000.0,Verified,debt_consolidation,TX,38.04,0.0,685.0,689.0,1.0,76.6,16.0,Individual,5,High Risk,Manual Review
126691412,15000.0, 60 months,28.72,F,F1,5 years,RENT,60000.0,Not Verified,credit_card,UT,34.36,0.0,670.0,674.0,0.0,86.8,15.0,Individual,6,High Risk,Manual Review
126691355,25000.0, 60 months,24.85,E,E3,6 years,MORTGAGE,172000.0,Verified,debt_consolidation,CA,33.17,0.0,715.0,719.0,1.0,33.9,42.0,Individual,5,High Risk,Manual Review
126624197,20000.0, 60 months,28.72,F,F1,< 1 year,RENT,45000.0,Not Verified,debt_consolidation,OR,38.96,0.0,720.0,724.0,0.0,19.3,21.0,Individual,5,High Risk,Manual Review
126659634,15400.0, 60 months,24.85,E,E3,2 years,OWN,52000.0,Source Verified,credit_card,FL,37.88,0.0,695.0,699.0,0.0,76.8,26.0,Individual,5,High Risk,Manual Review
126653575,12000.0, 60 months,26.3,E,E5,1 year,RENT,57000.0,Not Verified,debt_consolidation,NC,38.21,0.0,665.0,669.0,1.0,45.8,30.0,Individual,5,High Risk,Manual Review
125680989,21000.0, 60 months,23.88,E,E2,10+ years,RENT,70000.0,Source Verified,debt_consolidation,GA,35.98,0.0,700.0,704.0,0.0,72.1,45.0,Individual,5,High Risk,Manual Review
126392237,12000.0, 60 months,24.85,E,E3,5 years,RENT,36000.0,Verified,other,TX,9.53,1.0,665.0,669.0,2.0,82.9,36.0,Individual,5,High Risk,Manual Review
126636620,36000.0, 60 months,30.65,F,F4,4 years,MORTGAGE,30000.0,Source Verified,debt_consolidation,MT,59.2,0.0,710.0,714.0,0.0,78.7,22.0,Joint App,5,High Risk,Manual Review
126381742,17700.0, 60 months,25.82,E,E4,10+ years,MORTGAGE,40000.0,Verified,debt_consolidation,NY,28.05,1.0,670.0,674.0,1.0,83.1,28.0,Individual,5,High Risk,Manual Review
125733298,26375.0, 36 months,26.3,E,E5,< 1 year,RENT,58000.0,Not Verified,medical,CA,42.0,0.0,700.0,704.0,0.0,26.6,43.0,Joint App,5,High Risk,Manual Review
126459424,35000.0, 36 months,23.88,E,E2,10+ years,MORTGAGE,54000.0,Verified,debt_consolidation,VA,31.11,0.0,695.0,699.0,2.0,45.8,14.0,Joint App,5,High Risk,Manual Review
126640090,12000.0, 60 months,20.0,D,D4,8 years,MORTGAGE,63500.0,Not Verified,debt_consolidation,NY,30.43,1.0,685.0,689.0,0.0,85.0,23.0,Individual,5,High Risk,Manual Review
126597410,30000.0, 60 months,23.88,E,E2,1 year,MORTGAGE,95000.0,Verified,debt_consolidation,FL,33.34,0.0,705.0,709.0,0.0,82.0,52.0,Individual,6,High Risk,Manual Review
125153555,16000.0, 60 months,24.85,E,E3,10+ years,MORTGAGE,34320.0,Verified,debt_consolidation,NY,37.69,0.0,680.0,684.0,1.0,65.3,31.0,Joint App,5,High Risk,Manual Review
126653273,7300.0, 36 months,23.88,E,E2,10+ years,RENT,63000.0,Not Verified,debt_consolidation,NJ,37.31,0.0,685.0,689.0,0.0,60.2,11.0,Individual,5,High Risk,Manual Review
126338211,12000.0, 36 months,25.82,E,E4,8 years,RENT,30000.0,Not Verified,debt_consolidation,NY,33.48,0.0,690.0,694.0,0.0,91.1,7.0,Joint App,6,High Risk,Manual Review
126652253,7000.0, 36 months,26.3,E,E5,6 years,MORTGAGE,55000.0,Not Verified,debt_consolidation,GA,36.02,0.0,720.0,724.0,1.0,41.8,23.0,Individual,5,High Risk,Manual Review
126613508,16000.0, 60 months,24.85,E,E3,3 years,MORTGAGE,40000.0,Source Verified,debt_consolidation,IN,54.64,0.0,675.0,679.0,0.0,68.8,26.0,Joint App,5,High Risk,Manual Review
126523420,35000.0, 36 months,24.85,E,E3,7 years,MORTGAGE,180000.0,Source Verified,credit_card,TX,30.13,0.0,660.0,664.0,1.0,87.4,50.0,Joint App,6,High Risk,Manual Review
126630185,10000.0, 60 months,25.82,E,E4,,RENT,26026.0,Verified,credit_card,CA,35.84,0.0,705.0,709.0,0.0,40.8,20.0,Individual,5,High Risk,Manual Review
125301312,16000.0, 60 months,23.88,E,E2,10+ years,MORTGAGE,107103.0,Source Verified,debt_consolidation,PA,35.58,3.0,665.0,669.0,0.0,74.9,37.0,Joint App,6,High Risk,Manual Review
126627588,20000.0, 60 months,25.82,E,E4,5 years,OWN,39000.0,Source Verified,credit_card,AZ,33.75,0.0,660.0,664.0,0.0,81.1,14.0,Individual,6,High Risk,Manual Review
126277761,25000.0, 60 months,30.79,G,G1,10+ years,MORTGAGE,105000.0,Verified,debt_consolidation,NY,32.69,0.0,665.0,669.0,1.0,93.1,26.0,Individual,6,High Risk,Manual Review
126461171,13400.0, 60 months,30.75,F,F5,< 1 year,RENT,37440.0,Source Verified,credit_card,MA,33.56,0.0,710.0,714.0,0.0,57.0,12.0,Individual,5,High Risk,Manual Review
126004202,30000.0, 60 months,30.17,F,F3,10+ years,MORTGAGE,60000.0,Verified,debt_consolidation,TX,39.66,1.0,670.0,674.0,0.0,92.2,29.0,Joint App,7,High Risk,Manual Review
122298656,29400.0, 60 months,24.85,E,E3,2 years,MORTGAGE,98000.0,Verified,credit_card,TX,31.73,0.0,690.0,694.0,0.0,57.7,28.0,Individual,5,High Risk,Manual Review
126472554,19600.0, 36 months,23.88,E,E2,10+ years,RENT,36700.0,Source Verified,debt_consolidation,WI,31.62,0.0,670.0,674.0,1.0,57.4,24.0,Individual,5,High Risk,Manual Review
126457249,16000.0, 60 months,24.85,E,E3,10+ years,RENT,45000.0,Verified,credit_card,TX,31.89,0.0,700.0,704.0,0.0,87.5,22.0,Individual,6,High Risk,Manual Review
126620552,20000.0, 36 months,23.88,E,E2,2 years,OWN,50000.0,Not Verified,credit_card,IL,31.42,0.0,670.0,674.0,0.0,67.9,25.0,Individual,5,High Risk,Manual Review
126482970,1300.0, 36 months,22.91,E,E1,,OWN,20000.0,Verified,other,NY,32.89,0.0,715.0,719.0,1.0,13.9,8.0,Individual,5,High Risk,Manual Review
126204421,25975.0, 60 months,26.3,E,E5,3 years,MORTGAGE,120000.0,Source Verified,debt_consolidation,MO,38.44,0.0,720.0,724.0,1.0,63.3,28.0,Individual,5,High Risk,Manual Review
126443432,6000.0, 36 months,24.85,E,E3,10+ years,RENT,50000.0,Source Verified,other,FL,30.39,0.0,725.0,729.0,0.0,96.9,14.0,Individual,6,High Risk,Manual Review
124970651,28950.0, 60 months,25.82,E,E4,10+ years,MORTGAGE,104000.0,Verified,home_improvement,CA,39.08,1.0,725.0,729.0,2.0,37.9,31.0,Individual,6,High Risk,Manual Review
125889455,15000.0, 60 months,30.79,G,G1,2 years,MORTGAGE,70000.0,Verified,credit_card,CO,42.84,0.0,695.0,699.0,1.0,58.0,34.0,Joint App,5,High Risk,Manual Review
126611636,25000.0, 36 months,23.88,E,E2,10+ years,RENT,102000.0,Source Verified,debt_consolidation,OK,39.73,0.0,690.0,694.0,1.0,56.9,49.0,Individual,5,High Risk,Manual Review
126490985,19875.0, 60 months,30.79,G,G1,7 years,MORTGAGE,73000.0,Not Verified,debt_consolidation,IN,32.55,0.0,730.0,734.0,0.0,26.4,24.0,Joint App,5,High Risk,Manual Review
126417262,12000.0, 60 months,24.85,E,E3,7 years,MORTGAGE,47209.0,Not Verified,debt_consolidation,MI,38.43,0.0,700.0,704.0,1.0,80.0,17.0,Joint App,5,High Risk,Manual Review
126539716,20000.0, 60 months,24.85,E,E3,2 years,RENT,60000.0,Not Verified,debt_consolidation,AK,35.83,0.0,660.0,664.0,0.0,84.0,19.0,Joint App,6,High Risk,Manual Review
126418318,20000.0, 60 months,30.65,F,F4,< 1 year,RENT,40000.0,Source Verified,debt_consolidation,WI,30.09,0.0,725.0,729.0,3.0,31.9,36.0,Joint App,5,High Risk,Manual Review
126521818,4200.0, 36 months,15.05,C,C4,10+ years,MORTGAGE,35000.0,Verified,home_improvement,SC,60.56,2.0,670.0,674.0,0.0,94.5,14.0,Joint App,5,High Risk,Manual Review
126460774,10000.0, 60 months,24.85,E,E3,< 1 year,RENT,99288.0,Source Verified,credit_card,PA,29.95,2.0,665.0,669.0,0.0,99.8,19.0,Individual,5,High Risk,Manual Review
126458500,5000.0, 36 months,23.88,E,E2,7 years,MORTGAGE,20000.0,Verified,debt_consolidation,MS,52.82,1.0,675.0,679.0,0.0,83.2,31.0,Joint App,7,High Risk,Manual Review
125971530,35000.0, 36 months,24.85,E,E3,1 year,MORTGAGE,30000.0,Verified,debt_consolidation,CO,35.6,0.0,680.0,684.0,0.0,73.5,14.0,Joint App,5,High Risk,Manual Review
126107629,30000.0, 60 months,28.72,F,F1,1 year,OWN,125000.0,Verified,debt_consolidation,NY,33.09,0.0,670.0,674.0,0.0,68.3,43.0,Individual,5,High Risk,Manual Review
125760409,17150.0, 36 months,22.91,E,E1,10+ years,MORTGAGE,85000.0,Not Verified,debt_consolidation,CO,38.01,0.0,680.0,684.0,0.0,71.1,29.0,Individual,5,High Risk,Manual Review
126417265,20000.0, 60 months,23.88,E,E2,1 year,OWN,56500.0,Verified,credit_card,TX,34.83,0.0,700.0,704.0,2.0,36.8,49.0,Individual,5,High Risk,Manual Review
126126013,10000.0, 60 months,25.82,E,E4,10+ years,MORTGAGE,50000.0,Source Verified,home_improvement,TX,46.26,1.0,665.0,669.0,0.0,57.0,61.0,Joint App,6,High Risk,Manual Review
126557479,18375.0, 36 months,26.3,E,E5,5 years,MORTGAGE,56000.0,Source Verified,debt_consolidation,VA,34.55,0.0,730.0,734.0,0.0,82.5,9.0,Joint App,6,High Risk,Manual Review
125793158,24000.0, 60 months,24.85,E,E3,,MORTGAGE,65000.0,Verified,debt_consolidation,TN,57.48,0.0,675.0,679.0,0.0,79.8,26.0,Joint App,5,High Risk,Manual Review
126370673,40000.0, 60 months,23.88,E,E2,10+ years,MORTGAGE,156858.0,Verified,credit_card,NY,30.01,0.0,670.0,674.0,0.0,82.9,23.0,Joint App,6,High Risk,Manual Review
126565860,25000.0, 36 months,24.85,E,E3,10+ years,RENT,82000.0,Verified,credit_card,NV,31.93,0.0,680.0,684.0,0.0,73.1,53.0,Individual,5,High Risk,Manual Review
126478393,20000.0, 60 months,23.88,E,E2,10+ years,MORTGAGE,49000.0,Verified,credit_card,CA,32.79,0.0,660.0,664.0,0.0,73.1,20.0,Joint App,5,High Risk,Manual Review
126373366,16000.0, 60 months,25.82,E,E4,10+ years,MORTGAGE,80000.0,Source Verified,credit_card,AL,34.67,0.0,705.0,709.0,1.0,83.7,29.0,Joint App,6,High Risk,Manual Review
125088088,30000.0, 60 months,23.88,E,E2,3 years,MORTGAGE,45000.0,Verified,debt_consolidation,CO,39.41,0.0,700.0,704.0,1.0,46.6,18.0,Joint App,5,High Risk,Manual Review
126361275,4000.0, 36 months,22.91,E,E1,10+ years,MORTGAGE,50000.0,Verified,vacation,HI,41.93,0.0,700.0,704.0,1.0,43.9,39.0,Joint App,5,High Risk,Manual Review
126356828,7000.0, 36 months,25.82,E,E4,1 year,RENT,24000.0,Verified,debt_consolidation,CA,58.45,0.0,670.0,674.0,1.0,62.0,14.0,Joint App,5,High Risk,Manual Review
126484822,20000.0, 60 months,28.72,F,F1,,MORTGAGE,33000.0,Verified,debt_consolidation,PA,49.42,0.0,670.0,674.0,2.0,66.6,44.0,Joint App,5,High Risk,Manual Review
126565200,24000.0, 60 months,23.88,E,E2,2 years,MORTGAGE,54000.0,Verified,debt_consolidation,TN,51.09,1.0,685.0,689.0,1.0,50.6,29.0,Joint App,6,High Risk,Manual Review
125994138,35000.0, 36 months,22.91,E,E1,10+ years,MORTGAGE,140000.0,Not Verified,debt_consolidation,NJ,33.03,1.0,670.0,674.0,0.0,92.8,46.0,Joint App,7,High Risk,Manual Review
126438691,12000.0, 36 months,22.91,E,E1,,MORTGAGE,50000.0,Verified,debt_consolidation,FL,32.77,0.0,680.0,684.0,0.0,74.6,21.0,Individual,5,High Risk,Manual Review
126502312,21000.0, 60 months,25.82,E,E4,10+ years,MORTGAGE,72000.0,Verified,home_improvement,VA,61.27,1.0,690.0,694.0,3.0,24.8,39.0,Joint App,6,High Risk,Manual Review
126449409,18000.0, 60 months,25.82,E,E4,7 years,OWN,66000.0,Verified,credit_card,AL,30.55,0.0,710.0,714.0,1.0,73.3,16.0,Individual,5,High Risk,Manual Review
126503124,18575.0, 60 months,23.88,E,E2,10+ years,MORTGAGE,51000.0,Verified,debt_consolidation,NC,32.14,0.0,680.0,684.0,1.0,44.9,31.0,Individual,5,High Risk,Manual Review
126442383,15000.0, 36 months,25.82,E,E4,< 1 year,MORTGAGE,48000.0,Verified,home_improvement,GA,36.05,0.0,710.0,714.0,2.0,49.1,25.0,Individual,5,High Risk,Manual Review
126497932,20000.0, 36 months,22.91,E,E1,10+ years,OWN,105000.0,Source Verified,credit_card,IN,30.17,0.0,700.0,704.0,1.0,86.3,36.0,Individual,6,High Risk,Manual Review
126463026,18000.0, 60 months,24.85,E,E3,9 years,MORTGAGE,60000.0,Verified,credit_card,AL,32.68,0.0,700.0,704.0,1.0,94.4,42.0,Individual,6,High Risk,Manual Review
126526597,20000.0, 60 months,25.82,E,E4,10+ years,RENT,78000.0,Not Verified,credit_card,ME,32.24,0.0,705.0,709.0,0.0,40.4,17.0,Individual,5,High Risk,Manual Review
126442727,15000.0, 60 months,28.72,F,F1,10+ years,MORTGAGE,110858.0,Verified,credit_card,MD,33.87,0.0,700.0,704.0,0.0,78.6,37.0,Individual,5,High Risk,Manual Review
126340857,18000.0, 60 months,26.3,E,E5,< 1 year,MORTGAGE,16000.0,Verified,debt_consolidation,NY,115.75,0.0,690.0,694.0,1.0,92.9,11.0,Joint App,6,High Risk,Manual Review
126340306,15000.0, 60 months,30.75,F,F5,10+ years,MORTGAGE,40000.0,Source Verified,debt_consolidation,KY,32.07,0.0,715.0,719.0,0.0,68.7,31.0,Joint App,5,High Risk,Manual Review
126444443,5000.0, 36 months,23.88,E,E2,6 years,RENT,20000.0,Source Verified,car,CA,59.9,0.0,675.0,679.0,2.0,49.7,18.0,Joint App,5,High Risk,Manual Review
126347950,10000.0, 60 months,30.79,G,G1,10+ years,RENT,73000.0,Verified,debt_consolidation,VA,43.51,1.0,680.0,684.0,1.0,82.6,24.0,Joint App,7,High Risk,Manual Review
126056390,10000.0, 60 months,25.82,E,E4,< 1 year,RENT,29120.0,Verified,debt_consolidation,AL,51.36,0.0,680.0,684.0,1.0,95.1,29.0,Joint App,6,High Risk,Manual Review
126461602,7000.0, 36 months,22.91,E,E1,4 years,OWN,135000.0,Verified,car,MS,32.58,1.0,670.0,674.0,2.0,65.9,39.0,Joint App,6,High Risk,Manual Review
126449850,35000.0, 60 months,28.72,F,F1,10+ years,MORTGAGE,23000.0,Not Verified,debt_consolidation,NC,61.27,2.0,670.0,674.0,1.0,85.5,21.0,Joint App,7,High Risk,Manual Review
126386671,21000.0, 60 months,25.82,E,E4,10+ years,RENT,57500.0,Verified,debt_consolidation,IL,37.77,0.0,680.0,684.0,0.0,67.7,29.0,Individual,5,High Risk,Manual Review
126409862,20000.0, 60 months,25.82,E,E4,10+ years,OWN,50000.0,Source Verified,debt_consolidation,MO,33.82,0.0,700.0,704.0,0.0,30.2,41.0,Individual,5,High Risk,Manual Review
126211052,4000.0, 36 months,26.3,E,E5,10+ years,RENT,56000.0,Verified,medical,CA,48.95,0.0,665.0,669.0,1.0,85.8,20.0,Joint App,6,High Risk,Manual Review
126370846,28000.0, 60 months,24.85,E,E3,10+ years,RENT,104000.0,Source Verified,debt_consolidation,CO,37.66,0.0,685.0,689.0,0.0,87.5,45.0,Individual,6,High Risk,Manual Review
126487919,25000.0, 60 months,23.88,E,E2,10+ years,MORTGAGE,136000.0,Verified,debt_consolidation,CA,21.16,8.0,690.0,694.0,0.0,83.7,29.0,Individual,5,High Risk,Manual Review
125955861,13725.0, 60 months,24.85,E,E3,10+ years,RENT,36000.0,Source Verified,debt_consolidation,NY,33.2,0.0,665.0,669.0,0.0,67.2,16.0,Individual,5,High Risk,Manual Review
126433583,5100.0, 36 months,23.88,E,E2,< 1 year,RENT,45000.0,Not Verified,debt_consolidation,TX,37.31,0.0,670.0,674.0,2.0,14.4,25.0,Individual,5,High Risk,Manual Review
126392047,12250.0, 36 months,24.85,E,E3,< 1 year,RENT,35000.0,Verified,debt_consolidation,MI,32.68,0.0,680.0,684.0,0.0,29.0,14.0,Individual,5,High Risk,Manual Review
126455566,13000.0, 60 months,23.88,E,E2,,RENT,9804.0,Verified,debt_consolidation,FL,31.21,0.0,660.0,664.0,1.0,54.0,13.0,Joint App,5,High Risk,Manual Review
126385127,19175.0, 60 months,30.79,G,G1,3 years,RENT,36000.0,Verified,debt_consolidation,IL,31.72,0.0,700.0,704.0,0.0,92.9,17.0,Individual,6,High Risk,Manual Review
126389259,22150.0, 60 months,30.17,F,F3,10+ years,MORTGAGE,75000.0,Verified,debt_consolidation,TX,68.58,1.0,685.0,689.0,0.0,72.0,60.0,Joint App,6,High Risk,Manual Review
126389256,15000.0, 60 months,25.82,E,E4,3 years,OWN,36000.0,Verified,small_business,FL,30.87,0.0,710.0,714.0,0.0,33.9,20.0,Individual,5,High Risk,Manual Review
126162014,4350.0, 36 months,23.88,E,E2,,OWN,14580.0,Verified,debt_consolidation,NY,32.1,0.0,685.0,689.0,2.0,28.0,15.0,Individual,5,High Risk,Manual Review
126417750,13800.0, 60 months,24.85,E,E3,4 years,RENT,62500.0,Not Verified,credit_card,TX,30.41,0.0,685.0,689.0,0.0,62.9,32.0,Individual,5,High Risk,Manual Review
126456543,23475.0, 60 months,23.88,E,E2,8 years,OWN,76000.0,Verified,credit_card,MD,32.89,0.0,690.0,694.0,0.0,66.6,19.0,Individual,5,High Risk,Manual Review
126117823,4050.0, 36 months,26.3,E,E5,2 years,MORTGAGE,25000.0,Not Verified,other,TN,30.96,0.0,670.0,674.0,0.0,33.0,13.0,Individual,5,High Risk,Manual Review
126284532,12000.0, 60 months,24.85,E,E3,5 years,MORTGAGE,60000.0,Source Verified,debt_consolidation,IL,33.62,0.0,680.0,684.0,1.0,62.5,20.0,Joint App,5,High Risk,Manual Review
126338865,4300.0, 36 months,21.45,D,D5,9 years,RENT,30000.0,Verified,debt_consolidation,WI,30.04,2.0,695.0,699.0,0.0,93.8,18.0,Individual,5,High Risk,Manual Review
126353164,11700.0, 36 months,24.85,E,E3,5 years,MORTGAGE,49000.0,Verified,debt_consolidation,GA,37.47,0.0,660.0,664.0,0.0,91.4,26.0,Individual,6,High Risk,Manual Review
125092665,24000.0, 60 months,26.3,E,E5,10+ years,MORTGAGE,62000.0,Not Verified,credit_card,NM,37.56,0.0,705.0,709.0,0.0,55.7,28.0,Joint App,5,High Risk,Manual Review
126291000,17000.0, 60 months,24.85,E,E3,8 years,MORTGAGE,50000.0,Source Verified,debt_consolidation,AR,41.5,0.0,685.0,689.0,0.0,93.3,22.0,Joint App,6,High Risk,Manual Review
126371586,10000.0, 60 months,21.45,D,D5,,MORTGAGE,25000.0,Not Verified,credit_card,DE,40.13,1.0,670.0,674.0,0.0,97.5,19.0,Joint App,5,High Risk,Manual Review
118650722,2000.0, 36 months,23.88,E,E2,,RENT,24000.0,Verified,debt_consolidation,CT,42.2,0.0,660.0,664.0,0.0,70.1,16.0,Joint App,5,High Risk,Manual Review
119701602,40000.0, 60 months,30.89,G,G3,1 year,MORTGAGE,70000.0,Verified,credit_card,AZ,56.13,0.0,685.0,689.0,1.0,75.0,49.0,Joint App,5,High Risk,Manual Review
120085630,15000.0, 60 months,30.89,G,G3,< 1 year,OWN,41000.0,Verified,credit_card,NY,37.73,0.0,675.0,679.0,0.0,67.0,20.0,Individual,5,High Risk,Manual Review
120021869,18000.0, 60 months,30.65,F,F4,,MORTGAGE,14400.0,Not Verified,debt_consolidation,OH,50.25,1.0,685.0,689.0,0.0,47.5,47.0,Joint App,6,High Risk,Manual Review
120042794,21750.0, 60 months,30.84,G,G2,10+ years,OWN,48375.0,Verified,debt_consolidation,FL,31.58,1.0,665.0,669.0,3.0,22.0,18.0,Individual,6,High Risk,Manual Review
119991020,35000.0, 60 months,30.99,G,G5,3 years,RENT,84000.0,Verified,debt_consolidation,OK,34.99,0.0,665.0,669.0,1.0,55.0,27.0,Individual,5,High Risk,Manual Review
119692132,9600.0, 36 months,25.82,E,E4,3 years,MORTGAGE,10000.0,Verified,debt_consolidation,MN,96.4,2.0,660.0,664.0,0.0,34.6,16.0,Joint App,6,High Risk,Manual Review
120002398,15775.0, 60 months,26.3,E,E5,7 years,RENT,31599.0,Verified,debt_consolidation,NY,37.6,3.0,675.0,679.0,0.0,80.2,32.0,Individual,7,High Risk,Manual Review
120034747,6000.0, 36 months,16.02,C,C5,< 1 year,MORTGAGE,32000.0,Verified,debt_consolidation,MS,49.7,1.0,700.0,704.0,0.0,94.7,25.0,Joint App,5,High Risk,Manual Review
119417913,20000.0, 60 months,30.75,F,F5,10+ years,RENT,45000.0,Verified,debt_consolidation,GA,32.37,0.0,685.0,689.0,0.0,85.6,13.0,Individual,6,High Risk,Manual Review
119965187,20300.0, 60 months,30.94,G,G4,< 1 year,MORTGAGE,34281.31,Verified,credit_card,MN,55.78,0.0,670.0,674.0,1.0,77.1,14.0,Joint App,5,High Risk,Manual Review
120051231,15000.0, 36 months,21.45,D,D5,3 years,MORTGAGE,58000.0,Verified,other,WY,30.35,1.0,705.0,709.0,0.0,84.6,15.0,Individual,5,High Risk,Manual Review
119416536,16550.0, 36 months,24.85,E,E3,10+ years,MORTGAGE,36000.0,Source Verified,debt_consolidation,OH,38.7,1.0,710.0,714.0,0.0,39.4,23.0,Individual,6,High Risk,Manual Review
120119279,15000.0, 36 months,23.88,E,E2,6 years,OWN,45000.0,Source Verified,credit_card,VA,30.56,0.0,690.0,694.0,1.0,49.0,8.0,Individual,5,High Risk,Manual Review
118068066,35000.0, 60 months,30.94,G,G4,10+ years,OWN,118000.0,Source Verified,credit_card,OR,38.66,0.0,710.0,714.0,0.0,46.3,42.0,Individual,5,High Risk,Manual Review
119241108,24000.0, 60 months,30.79,G,G1,1 year,OWN,45500.0,Verified,major_purchase,NC,41.41,2.0,660.0,664.0,3.0,55.3,42.0,Joint App,6,High Risk,Manual Review
119975827,35000.0, 60 months,30.17,F,F3,< 1 year,MORTGAGE,58000.0,Verified,debt_consolidation,IL,11.51,2.0,715.0,719.0,1.0,93.6,8.0,Joint App,5,High Risk,Manual Review
119397697,14400.0, 60 months,30.89,G,G3,< 1 year,RENT,35000.0,Verified,debt_consolidation,NY,33.4,1.0,710.0,714.0,1.0,24.6,14.0,Joint App,6,High Risk,Manual Review
118610184,10000.0, 60 months,30.94,G,G4,,RENT,50000.0,Verified,debt_consolidation,CA,35.45,0.0,670.0,674.0,0.0,88.6,19.0,Individual,6,High Risk,Manual Review
120103710,13200.0, 60 months,24.85,E,E3,2 years,RENT,20000.0,Source Verified,debt_consolidation,CA,36.91,0.0,670.0,674.0,0.0,82.5,10.0,Joint App,6,High Risk,Manual Review
120067575,15600.0, 60 months,24.85,E,E3,< 1 year,OWN,35360.0,Verified,debt_consolidation,NV,52.55,0.0,675.0,679.0,1.0,57.9,14.0,Joint App,5,High Risk,Manual Review
120088230,35000.0, 60 months,26.3,E,E5,< 1 year,MORTGAGE,30700.0,Verified,debt_consolidation,TX,53.75,0.0,690.0,694.0,0.0,80.3,37.0,Joint App,6,High Risk,Manual Review
119327723,11700.0, 60 months,29.69,F,F2,10+ years,RENT,65000.0,Source Verified,debt_consolidation,SC,30.35,0.0,665.0,669.0,2.0,66.0,23.0,Individual,5,High Risk,Manual Review
120084584,21525.0, 60 months,26.3,E,E5,10+ years,MORTGAGE,54350.0,Not Verified,home_improvement,GA,32.7,1.0,705.0,709.0,1.0,4.6,20.0,Individual,6,High Risk,Manual Review
120034392,30000.0, 60 months,30.65,F,F4,< 1 year,MORTGAGE,68000.0,Not Verified,debt_consolidation,MN,39.59,0.0,690.0,694.0,1.0,36.8,51.0,Joint App,5,High Risk,Manual Review
119723411,16000.0, 60 months,26.3,E,E5,10+ years,MORTGAGE,91000.0,Source Verified,major_purchase,DE,31.24,0.0,680.0,684.0,1.0,33.6,46.0,Individual,5,High Risk,Manual Review
119300016,23000.0, 60 months,30.94,G,G4,2 years,OWN,24000.0,Verified,debt_consolidation,MN,55.5,0.0,660.0,664.0,0.0,76.0,13.0,Joint App,5,High Risk,Manual Review
119293809,12000.0, 60 months,24.85,E,E3,9 years,OWN,57000.0,Verified,credit_card,NV,36.59,0.0,665.0,669.0,0.0,82.7,23.0,Individual,6,High Risk,Manual Review
120007165,24000.0, 60 months,26.3,E,E5,10+ years,MORTGAGE,45000.0,Verified,debt_consolidation,OH,57.23,0.0,675.0,679.0,2.0,89.9,44.0,Joint App,6,High Risk,Manual Review
119336804,9600.0, 36 months,22.91,E,E1,< 1 year,MORTGAGE,13000.0,Verified,debt_consolidation,IN,53.74,0.0,700.0,704.0,0.0,89.7,14.0,Joint App,6,High Risk,Manual Review
119339473,24000.0, 60 months,21.45,D,D5,10+ years,MORTGAGE,130000.0,Verified,debt_consolidation,WA,30.36,5.0,670.0,674.0,3.0,86.0,23.0,Individual,5,High Risk,Manual Review
119965878,35000.0, 36 months,26.3,E,E5,7 years,RENT,150000.0,Verified,debt_consolidation,IL,37.83,3.0,680.0,684.0,2.0,64.1,45.0,Individual,6,High Risk,Manual Review
119307923,35000.0, 60 months,15.05,C,C4,< 1 year,MORTGAGE,70000.0,Verified,debt_consolidation,NJ,34.51,3.0,705.0,709.0,0.0,85.3,30.0,Joint App,5,High Risk,Manual Review
119808843,17000.0, 60 months,30.65,F,F4,< 1 year,RENT,71700.0,Not Verified,small_business,NY,32.05,0.0,705.0,709.0,0.0,37.4,27.0,Individual,5,High Risk,Manual Review
120018566,24000.0, 36 months,26.3,E,E5,< 1 year,MORTGAGE,14000.0,Not Verified,debt_consolidation,MA,56.52,0.0,675.0,679.0,1.0,68.2,10.0,Joint App,5,High Risk,Manual Review
119699008,23000.0, 36 months,29.69,F,F2,3 years,MORTGAGE,50000.0,Source Verified,debt_consolidation,CO,34.33,0.0,695.0,699.0,0.0,78.7,13.0,Individual,5,High Risk,Manual Review
120091348,14800.0, 60 months,30.94,G,G4,6 years,MORTGAGE,55000.0,Source Verified,debt_consolidation,MA,32.8,0.0,675.0,679.0,0.0,59.5,17.0,Individual,5,High Risk,Manual Review
120035627,10000.0, 60 months,24.85,E,E3,7 years,RENT,35000.0,Source Verified,credit_card,NY,36.49,0.0,685.0,689.0,0.0,97.0,31.0,Individual,6,High Risk,Manual Review
119394640,25000.0, 36 months,29.69,F,F2,10+ years,RENT,44500.0,Not Verified,debt_consolidation,NY,49.39,0.0,665.0,669.0,0.0,79.7,42.0,Joint App,5,High Risk,Manual Review
120072656,16000.0, 60 months,24.85,E,E3,7 years,MORTGAGE,47000.0,Not Verified,debt_consolidation,OH,34.31,0.0,705.0,709.0,0.0,24.6,32.0,Joint App,5,High Risk,Manual Review
119984479,15000.0, 36 months,22.91,E,E1,10+ years,RENT,56000.0,Source Verified,debt_consolidation,GA,37.55,0.0,690.0,694.0,0.0,88.5,15.0,Individual,6,High Risk,Manual Review
120061378,33775.0, 60 months,30.17,F,F3,,MORTGAGE,68825.88,Verified,debt_consolidation,FL,38.86,0.0,710.0,714.0,0.0,47.9,45.0,Individual,5,High Risk,Manual Review
119293487,30550.0, 36 months,25.82,E,E4,7 years,MORTGAGE,75000.0,Verified,debt_consolidation,TN,26.56,1.0,675.0,679.0,2.0,89.0,30.0,Individual,5,High Risk,Manual Review
119412094,20000.0, 60 months,17.09,D,D1,10+ years,MORTGAGE,65000.0,Not Verified,debt_consolidation,TX,36.1,3.0,660.0,664.0,0.0,89.0,30.0,Joint App,5,High Risk,Manual Review
118678591,10000.0, 60 months,26.3,E,E5,,MORTGAGE,22175.0,Not Verified,debt_consolidation,CA,57.5,0.0,665.0,669.0,0.0,74.4,10.0,Joint App,5,High Risk,Manual Review
118601023,20000.0, 60 months,30.99,G,G5,5 years,OWN,36000.0,Verified,credit_card,TX,42.07,0.0,675.0,679.0,0.0,97.9,15.0,Joint App,6,High Risk,Manual Review
119271216,24500.0, 60 months,24.85,E,E3,5 years,MORTGAGE,48680.0,Verified,debt_consolidation,FL,32.69,0.0,670.0,674.0,2.0,37.4,18.0,Joint App,5,High Risk,Manual Review
120049144,4575.0, 36 months,30.79,G,G1,6 years,MORTGAGE,87500.0,Source Verified,house,CA,38.52,0.0,675.0,679.0,2.0,88.9,36.0,Individual,6,High Risk,Manual Review
120065146,3950.0, 36 months,30.99,G,G5,< 1 year,MORTGAGE,70000.0,Verified,debt_consolidation,PA,41.04,0.0,695.0,699.0,1.0,58.6,32.0,Joint App,5,High Risk,Manual Review
119416141,10000.0, 60 months,24.85,E,E3,10+ years,MORTGAGE,102130.0,Verified,home_improvement,VA,30.59,2.0,685.0,689.0,0.0,77.4,33.0,Individual,6,High Risk,Manual Review
118677614,3600.0, 36 months,24.85,E,E3,,RENT,42950.0,Not Verified,other,NY,32.89,0.0,695.0,699.0,0.0,46.4,26.0,Joint App,5,High Risk,Manual Review
119339562,25000.0, 36 months,24.85,E,E3,7 years,OWN,40000.0,Not Verified,home_improvement,FL,35.19,0.0,665.0,669.0,2.0,60.8,15.0,Joint App,5,High Risk,Manual Review
119994931,10200.0, 36 months,30.94,G,G4,1 year,OWN,28000.0,Verified,debt_consolidation,TX,32.7,0.0,670.0,674.0,0.0,51.4,9.0,Individual,5,High Risk,Manual Review
120034015,25600.0, 60 months,24.85,E,E3,9 years,RENT,51090.0,Source Verified,debt_consolidation,CT,33.78,0.0,705.0,709.0,1.0,57.4,28.0,Joint App,5,High Risk,Manual Review
120060082,10000.0, 60 months,23.88,E,E2,1 year,OWN,30000.0,Source Verified,other,TX,34.92,0.0,705.0,709.0,0.0,29.2,14.0,Individual,5,High Risk,Manual Review
120010414,12000.0, 60 months,25.82,E,E4,,MORTGAGE,1968.0,Verified,debt_consolidation,PA,751.22,0.0,660.0,664.0,0.0,88.8,19.0,Joint App,6,High Risk,Manual Review
119987990,14000.0, 60 months,28.72,F,F1,10+ years,RENT,40000.0,Verified,other,NC,36.36,0.0,680.0,684.0,0.0,75.4,19.0,Individual,5,High Risk,Manual Review
120055521,15000.0, 60 months,16.02,C,C5,9 years,RENT,50000.0,Source Verified,debt_consolidation,NC,30.03,1.0,690.0,694.0,1.0,98.1,9.0,Individual,5,High Risk,Manual Review
118181217,30000.0, 36 months,23.88,E,E2,< 1 year,MORTGAGE,21000.0,Source Verified,debt_consolidation,PA,36.8,0.0,675.0,679.0,1.0,80.4,19.0,Joint App,6,High Risk,Manual Review
119416466,5550.0, 36 months,30.94,G,G4,10+ years,RENT,72000.0,Verified,debt_consolidation,CA,30.02,3.0,660.0,664.0,1.0,60.2,17.0,Individual,6,High Risk,Manual Review
117290003,8500.0, 36 months,26.3,E,E5,,RENT,27887.0,Verified,debt_consolidation,WI,32.29,0.0,695.0,699.0,1.0,23.0,17.0,Individual,5,High Risk,Manual Review
119365184,15000.0, 60 months,28.72,F,F1,8 years,RENT,82000.0,Not Verified,debt_consolidation,KY,33.68,0.0,665.0,669.0,0.0,52.0,35.0,Individual,5,High Risk,Manual Review
118636008,35625.0, 60 months,25.82,E,E4,10+ years,MORTGAGE,88000.0,Verified,debt_consolidation,NC,34.68,0.0,715.0,719.0,0.0,79.3,21.0,Individual,5,High Risk,Manual Review
118328747,15000.0, 60 months,21.45,D,D5,10+ years,MORTGAGE,52000.0,Verified,other,FL,39.58,2.0,665.0,669.0,0.0,86.6,19.0,Individual,5,High Risk,Manual Review
119414893,35000.0, 36 months,25.82,E,E4,2 years,MORTGAGE,85000.0,Verified,debt_consolidation,CA,22.89,2.0,670.0,674.0,1.0,86.8,24.0,Joint App,5,High Risk,Manual Review
119338070,18000.0, 60 months,30.75,F,F5,10+ years,RENT,97000.0,Verified,debt_consolidation,VA,39.24,0.0,705.0,709.0,0.0,68.7,30.0,Individual,5,High Risk,Manual Review
119992730,12000.0, 36 months,15.05,C,C4,10+ years,MORTGAGE,44000.0,Verified,debt_consolidation,KS,50.52,6.0,675.0,679.0,1.0,87.5,30.0,Joint App,5,High Risk,Manual Review
119391419,25000.0, 60 months,28.72,F,F1,10+ years,MORTGAGE,55000.0,Verified,debt_consolidation,CT,32.88,1.0,675.0,679.0,3.0,35.0,26.0,Individual,6,High Risk,Manual Review
118162796,24000.0, 60 months,30.75,F,F5,5 years,MORTGAGE,290000.0,Source Verified,debt_consolidation,GA,13.23,1.0,660.0,664.0,1.0,81.7,24.0,Individual,5,High Risk,Manual Review
120054510,36000.0, 60 months,30.94,G,G4,5 years,RENT,85000.0,Source Verified,debt_consolidation,NY,32.19,1.0,710.0,714.0,2.0,11.1,43.0,Individual,6,High Risk,Manual Review
120053484,20000.0, 60 months,30.65,F,F4,10+ years,MORTGAGE,105000.0,Source Verified,debt_consolidation,IL,31.42,0.0,675.0,679.0,1.0,56.0,21.0,Individual,5,High Risk,Manual Review
120055510,15000.0, 60 months,30.99,G,G5,1 year,RENT,30000.0,Not Verified,debt_consolidation,HI,35.85,0.0,680.0,684.0,0.0,55.5,9.0,Individual,5,High Risk,Manual Review
119692852,18400.0, 60 months,23.88,E,E2,10+ years,RENT,40000.0,Not Verified,debt_consolidation,FL,31.59,0.0,705.0,709.0,0.0,21.8,28.0,Individual,5,High Risk,Manual Review
119476524,24500.0, 60 months,25.82,E,E4,7 years,OWN,49000.0,Not Verified,credit_card,MD,33.16,0.0,695.0,699.0,0.0,76.7,16.0,Individual,5,High Risk,Manual Review
120021595,14400.0, 60 months,26.3,E,E5,7 years,MORTGAGE,44470.0,Verified,debt_consolidation,GA,47.65,0.0,680.0,684.0,2.0,67.9,35.0,Joint App,5,High Risk,Manual Review
120059526,28000.0, 60 months,30.17,F,F3,3 years,MORTGAGE,74779.0,Source Verified,debt_consolidation,IL,23.58,1.0,685.0,689.0,1.0,86.3,27.0,Individual,5,High Risk,Manual Review
120038348,10000.0, 60 months,26.3,E,E5,7 years,MORTGAGE,51000.0,Verified,credit_card,NV,35.79,0.0,735.0,739.0,2.0,22.7,27.0,Individual,5,High Risk,Manual Review
120040514,11150.0, 36 months,30.99,G,G5,10+ years,MORTGAGE,67000.0,Verified,debt_consolidation,WI,39.19,1.0,695.0,699.0,0.0,58.6,38.0,Individual,6,High Risk,Manual Review
119301703,10000.0, 60 months,21.45,D,D5,< 1 year,RENT,26822.0,Source Verified,debt_consolidation,WA,42.64,3.0,670.0,674.0,0.0,96.8,17.0,Joint App,5,High Risk,Manual Review
120043811,23550.0, 60 months,30.75,F,F5,,MORTGAGE,75415.0,Verified,debt_consolidation,CA,39.35,1.0,670.0,674.0,2.0,96.8,31.0,Joint App,7,High Risk,Manual Review
120001122,25550.0, 60 months,25.82,E,E4,5 years,MORTGAGE,65000.0,Not Verified,debt_consolidation,OH,37.72,0.0,725.0,729.0,0.0,28.3,56.0,Individual,5,High Risk,Manual Review
119962394,12000.0, 60 months,26.3,E,E5,< 1 year,MORTGAGE,48000.0,Not Verified,debt_consolidation,CA,35.63,1.0,700.0,704.0,0.0,35.6,30.0,Individual,6,High Risk,Manual Review
119974552,21475.0, 36 months,30.79,G,G1,10+ years,MORTGAGE,62000.0,Verified,debt_consolidation,NY,34.63,0.0,680.0,684.0,1.0,63.2,16.0,Individual,5,High Risk,Manual Review
119427145,9100.0, 36 months,19.03,D,D3,10+ years,RENT,55500.0,Not Verified,debt_consolidation,NY,32.54,3.0,660.0,664.0,2.0,82.3,26.0,Individual,5,High Risk,Manual Review
120015037,11000.0, 36 months,25.82,E,E4,8 years,MORTGAGE,48000.0,Verified,other,FL,36.83,0.0,685.0,689.0,1.0,83.4,38.0,Individual,6,High Risk,Manual Review
119238108,16000.0, 36 months,19.03,D,D3,10+ years,MORTGAGE,82700.0,Verified,home_improvement,TN,37.43,1.0,665.0,669.0,0.0,88.6,14.0,Individual,5,High Risk,Manual Review
120038992,16000.0, 60 months,25.82,E,E4,10+ years,RENT,72631.0,Source Verified,credit_card,UT,34.96,0.0,700.0,704.0,0.0,98.8,26.0,Individual,6,High Risk,Manual Review
119379207,35000.0, 60 months,30.99,G,G5,3 years,MORTGAGE,84000.0,Source Verified,credit_card,WI,31.93,1.0,660.0,664.0,1.0,98.6,19.0,Individual,7,High Risk,Manual Review
120000456,5000.0, 36 months,30.79,G,G1,10+ years,MORTGAGE,36000.0,Source Verified,debt_consolidation,OK,32.53,0.0,690.0,694.0,0.0,39.7,41.0,Individual,5,High Risk,Manual Review
119909072,10000.0, 60 months,26.3,E,E5,< 1 year,MORTGAGE,48000.0,Source Verified,major_purchase,MO,30.23,0.0,745.0,749.0,3.0,27.5,23.0,Individual,5,High Risk,Manual Review
119288582,28000.0, 60 months,26.3,E,E5,3 years,OWN,93509.0,Verified,debt_consolidation,ND,16.4,1.0,660.0,664.0,0.0,101.1,13.0,Individual,5,High Risk,Manual Review
120032258,22125.0, 36 months,26.3,E,E5,3 years,MORTGAGE,72000.0,Not Verified,major_purchase,LA,34.32,0.0,660.0,664.0,0.0,79.6,26.0,Joint App,5,High Risk,Manual Review
120018415,13000.0, 60 months,21.45,D,D5,5 years,RENT,60000.0,Source Verified,debt_consolidation,NY,34.56,1.0,670.0,674.0,0.0,80.9,28.0,Individual,5,High Risk,Manual Review
120014831,30000.0, 60 months,20.0,D,D4,< 1 year,MORTGAGE,40000.0,Verified,debt_consolidation,KY,86.92,1.0,695.0,699.0,0.0,88.7,22.0,Joint App,5,High Risk,Manual Review
119355467,21025.0, 36 months,30.75,F,F5,10+ years,MORTGAGE,62000.0,Not Verified,debt_consolidation,TX,33.26,0.0,700.0,704.0,0.0,52.0,41.0,Individual,5,High Risk,Manual Review
119308906,10000.0, 60 months,29.69,F,F2,7 years,RENT,25000.0,Verified,debt_consolidation,NY,37.06,0.0,675.0,679.0,0.0,63.2,13.0,Individual,5,High Risk,Manual Review
119408348,10000.0, 36 months,22.91,E,E1,10+ years,MORTGAGE,180000.0,Not Verified,debt_consolidation,MN,34.67,0.0,685.0,689.0,0.0,93.4,26.0,Individual,6,High Risk,Manual Review
119379821,35000.0, 60 months,23.88,E,E2,3 years,MORTGAGE,63000.0,Verified,debt_consolidation,TX,54.41,0.0,665.0,669.0,0.0,90.9,23.0,Joint App,6,High Risk,Manual Review
120042571,18000.0, 60 months,25.82,E,E4,10+ years,MORTGAGE,99000.0,Not Verified,debt_consolidation,IN,36.58,1.0,695.0,699.0,0.0,35.8,30.0,Individual,6,High Risk,Manual Review
120020028,25600.0, 60 months,23.88,E,E2,5 years,RENT,67000.0,Verified,debt_consolidation,UT,47.34,0.0,670.0,674.0,0.0,69.3,35.0,Joint App,5,High Risk,Manual Review
120008410,18000.0, 60 months,26.3,E,E5,,MORTGAGE,40000.0,Not Verified,debt_consolidation,AL,31.83,0.0,665.0,669.0,1.0,75.4,19.0,Joint App,5,High Risk,Manual Review
119701780,30000.0, 60 months,30.17,F,F3,3 years,RENT,51000.0,Verified,debt_consolidation,UT,53.01,0.0,705.0,709.0,0.0,55.9,14.0,Joint App,5,High Risk,Manual Review
119976228,24000.0, 60 months,22.91,E,E1,10+ years,OWN,82000.0,Verified,debt_consolidation,CT,32.05,4.0,665.0,669.0,1.0,98.0,42.0,Individual,7,High Risk,Manual Review
116883796,20000.0, 60 months,26.3,E,E5,10+ years,MORTGAGE,50000.0,Verified,debt_consolidation,WI,39.82,0.0,705.0,709.0,0.0,69.9,27.0,Joint App,5,High Risk,Manual Review
119410485,8200.0, 36 months,28.72,F,F1,10+ years,OWN,59000.0,Verified,debt_consolidation,TN,34.38,0.0,670.0,674.0,1.0,11.3,37.0,Individual,5,High Risk,Manual Review
119357962,38400.0, 36 months,24.85,E,E3,,OWN,80000.0,Verified,debt_consolidation,NM,31.5,1.0,700.0,704.0,0.0,51.7,37.0,Individual,6,High Risk,Manual Review
119980936,18000.0, 60 months,30.65,F,F4,2 years,MORTGAGE,42000.0,Source Verified,debt_consolidation,MN,37.91,0.0,705.0,709.0,2.0,50.5,39.0,Individual,5,High Risk,Manual Review
118171178,21000.0, 60 months,30.84,G,G2,10+ years,MORTGAGE,35000.0,Source Verified,debt_consolidation,NJ,2.74,1.0,665.0,669.0,0.0,84.4,11.0,Joint App,5,High Risk,Manual Review
119202279,15825.0, 60 months,30.79,G,G1,5 years,MORTGAGE,42847.0,Verified,debt_consolidation,AL,34.34,0.0,690.0,694.0,0.0,55.8,18.0,Individual,5,High Risk,Manual Review
119267414,24000.0, 60 months,26.3,E,E5,< 1 year,MORTGAGE,35000.0,Verified,debt_consolidation,AL,48.41,0.0,695.0,699.0,0.0,96.9,17.0,Joint App,6,High Risk,Manual Review
119702284,18000.0, 36 months,23.88,E,E2,5 years,MORTGAGE,45000.0,Verified,debt_consolidation,FL,52.22,0.0,665.0,669.0,0.0,73.4,24.0,Joint App,5,High Risk,Manual Review
119383893,20000.0, 60 months,23.88,E,E2,< 1 year,MORTGAGE,38000.0,Not Verified,debt_consolidation,FL,35.79,4.0,700.0,704.0,1.0,39.3,35.0,Joint App,6,High Risk,Manual Review
120024087,17050.0, 60 months,30.79,G,G1,10+ years,MORTGAGE,85000.0,Source Verified,debt_consolidation,LA,31.3,0.0,710.0,714.0,1.0,69.0,46.0,Individual,5,High Risk,Manual Review
120010193,12000.0, 36 months,22.91,E,E1,5 years,OWN,98096.0,Not Verified,debt_consolidation,TX,33.36,0.0,705.0,709.0,2.0,30.9,43.0,Individual,5,High Risk,Manual Review
119968084,20000.0, 60 months,24.85,E,E3,9 years,MORTGAGE,41184.0,Verified,debt_consolidation,ND,52.13,1.0,680.0,684.0,0.0,50.3,26.0,Joint App,6,High Risk,Manual Review
119388251,6000.0, 36 months,24.85,E,E3,3 years,RENT,20000.0,Verified,debt_consolidation,WA,31.51,0.0,695.0,699.0,1.0,31.0,20.0,Individual,5,High Risk,Manual Review
119375747,5000.0, 36 months,25.82,E,E4,10+ years,MORTGAGE,27000.0,Verified,debt_consolidation,LA,38.67,0.0,665.0,669.0,0.0,81.5,26.0,Individual,6,High Risk,Manual Review
120004237,14125.0, 36 months,25.82,E,E4,3 years,RENT,72800.0,Source Verified,debt_consolidation,FL,21.13,2.0,660.0,664.0,0.0,91.6,36.0,Individual,5,High Risk,Manual Review
119999974,16000.0, 36 months,21.45,D,D5,9 years,MORTGAGE,54892.8,Not Verified,debt_consolidation,GA,30.85,1.0,705.0,709.0,0.0,80.1,19.0,Individual,5,High Risk,Manual Review
119826360,31275.0, 60 months,26.3,E,E5,10+ years,MORTGAGE,85000.0,Verified,debt_consolidation,NY,17.0,1.0,660.0,664.0,1.0,87.0,41.0,Individual,5,High Risk,Manual Review
119981028,30000.0, 60 months,24.85,E,E3,,RENT,30000.0,Verified,debt_consolidation,HI,52.44,0.0,740.0,744.0,0.0,46.0,11.0,Joint App,5,High Risk,Manual Review
118620673,18500.0, 60 months,30.99,G,G5,,RENT,54816.0,Verified,debt_consolidation,FL,34.62,0.0,695.0,699.0,0.0,96.8,14.0,Individual,6,High Risk,Manual Review
119991041,35000.0, 36 months,24.85,E,E3,10+ years,MORTGAGE,70000.0,Verified,debt_consolidation,AL,34.73,0.0,710.0,714.0,0.0,96.0,28.0,Individual,6,High Risk,Manual Review
119996303,19200.0, 60 months,25.82,E,E4,< 1 year,MORTGAGE,43000.0,Verified,credit_card,ID,30.51,0.0,660.0,664.0,0.0,42.2,31.0,Joint App,5,High Risk,Manual Review
119331009,14800.0, 36 months,30.99,G,G5,,OWN,39000.0,Verified,credit_card,OH,32.52,2.0,670.0,674.0,1.0,91.7,20.0,Individual,7,High Risk,Manual Review
119959516,14550.0, 36 months,24.85,E,E3,,OWN,20000.0,Verified,debt_consolidation,MI,50.48,0.0,660.0,664.0,2.0,43.9,12.0,Joint App,5,High Risk,Manual Review
119963038,30000.0, 36 months,23.88,E,E2,10+ years,MORTGAGE,110000.0,Verified,credit_card,CA,33.09,0.0,660.0,664.0,0.0,68.3,51.0,Joint App,5,High Risk,Manual Review
119826547,13000.0, 60 months,30.99,G,G5,3 years,RENT,31000.0,Verified,debt_consolidation,NC,33.64,0.0,720.0,724.0,0.0,39.5,23.0,Individual,5,High Risk,Manual Review
118308719,4025.0, 36 months,30.75,F,F5,< 1 year,MORTGAGE,50000.0,Verified,debt_consolidation,NY,54.44,0.0,660.0,664.0,1.0,49.1,31.0,Joint App,5,High Risk,Manual Review
119981753,16000.0, 60 months,28.72,F,F1,< 1 year,MORTGAGE,70000.0,Not Verified,debt_consolidation,TX,34.24,0.0,705.0,709.0,1.0,57.8,42.0,Joint App,5,High Risk,Manual Review
119194982,10000.0, 60 months,30.84,G,G2,5 years,RENT,62000.0,Verified,debt_consolidation,FL,45.66,2.0,660.0,664.0,0.0,56.6,39.0,Joint App,6,High Risk,Manual Review
119999335,20000.0, 60 months,30.84,G,G2,< 1 year,RENT,112840.0,Source Verified,debt_consolidation,MD,34.57,0.0,660.0,664.0,4.0,44.0,30.0,Joint App,5,High Risk,Manual Review
119411444,9300.0, 36 months,23.88,E,E2,5 years,RENT,80000.0,Source Verified,debt_consolidation,MI,4.11,2.0,660.0,664.0,0.0,80.2,11.0,Individual,5,High Risk,Manual Review
118285192,12000.0, 60 months,26.3,E,E5,1 year,MORTGAGE,35000.0,Verified,debt_consolidation,FL,36.97,0.0,665.0,669.0,1.0,51.4,37.0,Individual,5,High Risk,Manual Review
119124879,18600.0, 60 months,30.84,G,G2,7 years,RENT,49000.0,Source Verified,debt_consolidation,NJ,31.2,0.0,735.0,739.0,2.0,41.6,19.0,Individual,5,High Risk,Manual Review
118169396,10075.0, 36 months,30.75,F,F5,10+ years,OWN,44000.0,Verified,debt_consolidation,WA,42.33,0.0,680.0,684.0,2.0,84.6,33.0,Joint App,6,High Risk,Manual Review
119388358,25250.0, 60 months,26.3,E,E5,2 years,RENT,70000.0,Source Verified,debt_consolidation,CA,31.32,0.0,725.0,729.0,0.0,32.6,23.0,Individual,5,High Risk,Manual Review
118608082,10000.0, 36 months,23.88,E,E2,10+ years,MORTGAGE,65000.0,Verified,debt_consolidation,NC,31.29,1.0,660.0,664.0,0.0,65.1,28.0,Individual,6,High Risk,Manual Review
119379297,12600.0, 36 months,30.75,F,F5,,OWN,30000.0,Verified,debt_consolidation,FL,30.72,1.0,710.0,714.0,0.0,35.4,23.0,Individual,6,High Risk,Manual Review
119989830,5000.0, 36 months,23.88,E,E2,5 years,MORTGAGE,73320.0,Source Verified,other,TX,32.42,0.0,660.0,664.0,0.0,50.6,31.0,Individual,5,High Risk,Manual Review
119320197,9600.0, 36 months,23.88,E,E2,10+ years,RENT,65000.0,Verified,debt_consolidation,PA,54.27,0.0,720.0,724.0,0.0,87.6,32.0,Joint App,6,High Risk,Manual Review
117888182,8000.0, 36 months,23.88,E,E2,< 1 year,MORTGAGE,40000.0,Verified,debt_consolidation,IL,30.75,0.0,695.0,699.0,4.0,53.0,36.0,Individual,5,High Risk,Manual Review
119345049,27400.0, 36 months,30.75,F,F5,< 1 year,MORTGAGE,40000.0,Verified,credit_card,RI,67.75,0.0,690.0,694.0,1.0,72.7,34.0,Joint App,5,High Risk,Manual Review
119986713,6300.0, 36 months,24.85,E,E3,< 1 year,MORTGAGE,20000.0,Not Verified,debt_consolidation,AL,67.35,0.0,700.0,704.0,0.0,72.8,23.0,Joint App,5,High Risk,Manual Review
119717146,35000.0, 36 months,26.3,E,E5,10+ years,OWN,78000.0,Source Verified,debt_consolidation,AR,33.82,0.0,665.0,669.0,1.0,58.0,31.0,Individual,5,High Risk,Manual Review
119961176,20000.0, 60 months,30.75,F,F5,10+ years,RENT,60000.0,Not Verified,credit_card,CA,50.38,0.0,665.0,669.0,0.0,52.5,38.0,Joint App,5,High Risk,Manual Review
119396463,4925.0, 36 months,29.69,F,F2,,MORTGAGE,48000.0,Verified,small_business,MI,33.98,0.0,675.0,679.0,1.0,93.1,22.0,Individual,6,High Risk,Manual Review
119972840,24000.0, 60 months,29.69,F,F2,3 years,RENT,96000.0,Not Verified,house,NJ,30.69,1.0,740.0,744.0,1.0,8.7,54.0,Individual,6,High Risk,Manual Review
119253645,35000.0, 36 months,23.88,E,E2,10+ years,MORTGAGE,180000.0,Verified,debt_consolidation,NY,38.3,0.0,675.0,679.0,1.0,94.9,25.0,Individual,6,High Risk,Manual Review
119412886,34350.0, 36 months,25.82,E,E4,10+ years,MORTGAGE,69000.0,Not Verified,debt_consolidation,KY,44.12,0.0,685.0,689.0,0.0,49.5,39.0,Joint App,5,High Risk,Manual Review
119407545,20000.0, 60 months,30.79,G,G1,10+ years,RENT,45000.0,Source Verified,debt_consolidation,OH,32.67,1.0,675.0,679.0,0.0,52.1,16.0,Individual,6,High Risk,Manual Review
119702922,25525.0, 36 months,29.69,F,F2,10+ years,RENT,38000.0,Verified,debt_consolidation,NV,42.36,0.0,700.0,704.0,1.0,48.1,9.0,Joint App,5,High Risk,Manual Review
119972820,20000.0, 60 months,24.85,E,E3,10+ years,MORTGAGE,123000.0,Not Verified,debt_consolidation,VA,34.03,1.0,695.0,699.0,0.0,67.9,42.0,Individual,6,High Risk,Manual Review
119247053,15000.0, 60 months,30.65,F,F4,7 years,MORTGAGE,25700.0,Not Verified,debt_consolidation,FL,40.59,0.0,665.0,669.0,0.0,70.9,10.0,Joint App,5,High Risk,Manual Review
118973914,25000.0, 60 months,28.72,F,F1,4 years,MORTGAGE,66492.0,Verified,debt_consolidation,NY,33.86,2.0,720.0,724.0,0.0,71.8,22.0,Individual,6,High Risk,Manual Review
118325529,11200.0, 36 months,16.02,C,C5,< 1 year,MORTGAGE,52000.0,Source Verified,debt_consolidation,PA,32.96,4.0,660.0,664.0,0.0,97.2,28.0,Joint App,5,High Risk,Manual Review
119387383,30000.0, 60 months,25.82,E,E4,5 years,RENT,30000.0,Verified,debt_consolidation,KY,40.65,0.0,685.0,689.0,0.0,90.9,29.0,Joint App,6,High Risk,Manual Review
120012146,37025.0, 60 months,25.82,E,E4,10+ years,MORTGAGE,123000.0,Verified,debt_consolidation,TX,30.82,1.0,700.0,704.0,1.0,57.0,22.0,Individual,6,High Risk,Manual Review
119276096,4775.0, 36 months,22.91,E,E1,,OWN,33000.0,Verified,debt_consolidation,NM,35.45,0.0,725.0,729.0,0.0,26.1,29.0,Individual,5,High Risk,Manual Review
119366715,28000.0, 60 months,30.65,F,F4,,MORTGAGE,76000.0,Verified,debt_consolidation,TX,38.64,0.0,695.0,699.0,0.0,70.3,53.0,Individual,5,High Risk,Manual Review
120013292,12000.0, 60 months,26.3,E,E5,,RENT,30000.0,Not Verified,debt_consolidation,NY,33.64,1.0,670.0,674.0,0.0,36.5,26.0,Individual,6,High Risk,Manual Review
119311646,5000.0, 36 months,25.82,E,E4,< 1 year,RENT,35000.0,Verified,medical,CA,37.59,0.0,700.0,704.0,2.0,53.0,19.0,Joint App,5,High Risk,Manual Review
119408967,20000.0, 60 months,30.79,G,G1,< 1 year,OWN,24000.0,Verified,debt_consolidation,NY,63.1,3.0,665.0,669.0,0.0,71.8,22.0,Joint App,6,High Risk,Manual Review
119998206,20000.0, 60 months,25.82,E,E4,10+ years,MORTGAGE,98000.0,Source Verified,home_improvement,NV,35.77,13.0,680.0,684.0,0.0,76.9,35.0,Individual,6,High Risk,Manual Review
119993822,14000.0, 60 months,28.72,F,F1,10+ years,RENT,58000.0,Not Verified,credit_card,NY,34.29,2.0,700.0,704.0,2.0,49.6,31.0,Individual,6,High Risk,Manual Review
119824593,25000.0, 60 months,24.85,E,E3,10+ years,MORTGAGE,63000.0,Not Verified,credit_card,OH,35.24,0.0,660.0,664.0,2.0,53.1,40.0,Individual,5,High Risk,Manual Review
120000198,10000.0, 60 months,17.09,D,D1,< 1 year,MORTGAGE,175000.0,Not Verified,other,MD,30.56,1.0,675.0,679.0,0.0,91.1,27.0,Individual,5,High Risk,Manual Review
119822377,1600.0, 36 months,24.85,E,E3,3 years,MORTGAGE,21000.0,Not Verified,other,FL,34.0,0.0,670.0,674.0,0.0,11.9,6.0,Individual,5,High Risk,Manual Review
119408043,35000.0, 36 months,29.69,F,F2,10+ years,MORTGAGE,350000.0,Source Verified,other,CA,22.91,1.0,670.0,674.0,0.0,92.4,27.0,Individual,5,High Risk,Manual Review
114790904,11200.0, 36 months,22.91,E,E1,1 year,OWN,45000.0,Not Verified,debt_consolidation,OH,33.12,0.0,695.0,699.0,0.0,79.3,20.0,Individual,5,High Risk,Manual Review
119973986,15000.0, 60 months,18.06,D,D2,10+ years,MORTGAGE,75000.0,Not Verified,debt_consolidation,KY,31.7,1.0,660.0,664.0,2.0,89.0,27.0,Individual,5,High Risk,Manual Review
119818836,20075.0, 60 months,25.82,E,E4,10+ years,MORTGAGE,50000.0,Verified,debt_consolidation,NE,32.24,0.0,680.0,684.0,1.0,27.9,21.0,Individual,5,High Risk,Manual Review
119266225,12500.0, 36 months,23.88,E,E2,1 year,RENT,25000.0,Source Verified,debt_consolidation,TN,31.16,0.0,685.0,689.0,0.0,71.9,14.0,Individual,5,High Risk,Manual Review
119379555,35000.0, 60 months,30.65,F,F4,9 years,RENT,70000.0,Verified,debt_consolidation,VA,50.95,0.0,685.0,689.0,1.0,73.8,21.0,Joint App,5,High Risk,Manual Review
119368839,4100.0, 36 months,23.88,E,E2,,RENT,18000.0,Verified,debt_consolidation,MI,9.93,1.0,685.0,689.0,0.0,102.0,5.0,Individual,5,High Risk,Manual Review
119974614,35725.0, 36 months,30.17,F,F3,,OWN,7800.0,Not Verified,debt_consolidation,IL,86.69,0.0,715.0,719.0,0.0,45.9,29.0,Joint App,5,High Risk,Manual Review
119385126,8000.0, 36 months,25.82,E,E4,2 years,RENT,29000.0,Verified,debt_consolidation,MO,30.34,0.0,675.0,679.0,2.0,51.3,7.0,Individual,5,High Risk,Manual Review
119276091,15300.0, 60 months,30.84,G,G2,,MORTGAGE,10092.0,Verified,debt_consolidation,PA,192.98,0.0,670.0,674.0,0.0,84.8,17.0,Joint App,6,High Risk,Manual Review
119281217,24000.0, 60 months,28.72,F,F1,< 1 year,RENT,40000.0,Not Verified,debt_consolidation,NC,26.04,1.0,690.0,694.0,0.0,85.9,30.0,Joint App,5,High Risk,Manual Review
119826447,31475.0, 36 months,30.65,F,F4,< 1 year,MORTGAGE,117599.0,Verified,debt_consolidation,OK,39.1,0.0,710.0,714.0,1.0,52.2,20.0,Joint App,5,High Risk,Manual Review
119701993,20000.0, 60 months,30.89,G,G3,< 1 year,RENT,35000.0,Not Verified,home_improvement,CA,38.92,3.0,665.0,669.0,0.0,94.2,18.0,Joint App,7,High Risk,Manual Review
119704313,5000.0, 36 months,22.91,E,E1,2 years,RENT,39800.0,Source Verified,medical,TX,30.97,1.0,680.0,684.0,2.0,29.4,18.0,Individual,6,High Risk,Manual Review
119385787,8000.0, 36 months,23.88,E,E2,,RENT,20000.0,Verified,debt_consolidation,FL,36.65,0.0,700.0,704.0,2.0,33.4,31.0,Joint App,5,High Risk,Manual Review
119398138,20000.0, 36 months,30.84,G,G2,2 years,RENT,25000.0,Not Verified,debt_consolidation,AL,73.69,0.0,690.0,694.0,0.0,44.2,11.0,Joint App,5,High Risk,Manual Review
119426021,16000.0, 60 months,25.82,E,E4,10+ years,MORTGAGE,56000.0,Verified,debt_consolidation,WI,32.21,0.0,680.0,684.0,4.0,69.0,29.0,Individual,5,High Risk,Manual Review
119235351,25000.0, 60 months,30.75,F,F5,3 years,MORTGAGE,38000.0,Verified,debt_consolidation,SC,72.58,0.0,680.0,684.0,0.0,54.8,16.0,Joint App,5,High Risk,Manual Review
118636522,15000.0, 60 months,26.3,E,E5,< 1 year,RENT,15000.0,Source Verified,other,PA,32.64,0.0,690.0,694.0,2.0,1.3,20.0,Joint App,5,High Risk,Manual Review
119369143,35000.0, 60 months,30.89,G,G3,1 year,RENT,200000.0,Verified,debt_consolidation,NY,19.93,1.0,675.0,679.0,0.0,80.4,26.0,Individual,5,High Risk,Manual Review
119395021,32000.0, 60 months,24.85,E,E3,10+ years,MORTGAGE,76000.0,Verified,debt_consolidation,KY,34.64,0.0,680.0,684.0,1.0,61.8,20.0,Joint App,5,High Risk,Manual Review
119400598,15000.0, 36 months,25.82,E,E4,< 1 year,RENT,33000.0,Verified,debt_consolidation,CA,35.22,0.0,670.0,674.0,0.0,43.8,14.0,Joint App,5,High Risk,Manual Review
119312456,20000.0, 60 months,26.3,E,E5,,MORTGAGE,10000.0,Not Verified,debt_consolidation,GA,89.49,0.0,660.0,664.0,1.0,62.9,16.0,Joint App,5,High Risk,Manual Review
119966076,30350.0, 60 months,23.88,E,E2,10+ years,MORTGAGE,100000.0,Verified,debt_consolidation,NJ,31.75,0.0,680.0,684.0,1.0,32.0,30.0,Individual,5,High Risk,Manual Review
119379923,17000.0, 36 months,25.82,E,E4,2 years,RENT,37000.0,Verified,debt_consolidation,CA,39.86,0.0,685.0,689.0,1.0,46.2,22.0,Individual,5,High Risk,Manual Review
119326302,3000.0, 36 months,22.91,E,E1,< 1 year,MORTGAGE,50000.0,Verified,debt_consolidation,PA,43.57,1.0,685.0,689.0,0.0,85.6,25.0,Joint App,7,High Risk,Manual Review
119395334,30000.0, 36 months,25.82,E,E4,8 years,OWN,70000.0,Source Verified,debt_consolidation,WA,31.13,0.0,700.0,704.0,2.0,51.9,17.0,Individual,5,High Risk,Manual Review
119407366,18000.0, 36 months,30.17,F,F3,10+ years,OWN,48000.0,Not Verified,debt_consolidation,NJ,34.35,0.0,670.0,674.0,0.0,62.5,19.0,Individual,5,High Risk,Manual Review
112707446,30000.0, 36 months,23.88,E,E2,< 1 year,MORTGAGE,38000.0,Verified,debt_consolidation,MA,39.67,0.0,675.0,679.0,0.0,84.3,29.0,Joint App,6,High Risk,Manual Review
119958342,20000.0, 60 months,23.88,E,E2,< 1 year,MORTGAGE,225000.0,Source Verified,debt_consolidation,OK,8.63,1.0,680.0,684.0,1.0,86.8,22.0,Joint App,5,High Risk,Manual Review
119053865,5000.0, 36 months,23.88,E,E2,7 years,MORTGAGE,87000.0,Verified,debt_consolidation,CO,32.11,2.0,670.0,674.0,1.0,92.5,23.0,Individual,7,High Risk,Manual Review
119957548,16000.0, 60 months,30.65,F,F4,1 year,MORTGAGE,140000.0,Not Verified,home_improvement,IN,36.05,0.0,700.0,704.0,1.0,28.9,67.0,Individual,5,High Risk,Manual Review
119965414,15475.0, 60 months,23.88,E,E2,7 years,MORTGAGE,52000.0,Not Verified,debt_consolidation,OK,30.67,0.0,720.0,724.0,0.0,63.4,19.0,Individual,5,High Risk,Manual Review
119046139,12000.0, 60 months,30.75,F,F5,3 years,OWN,37000.0,Verified,home_improvement,TX,35.32,0.0,680.0,684.0,0.0,97.3,13.0,Individual,6,High Risk,Manual Review
119325409,30000.0, 60 months,30.94,G,G4,6 years,MORTGAGE,83485.0,Verified,debt_consolidation,MI,32.89,7.0,670.0,674.0,0.0,43.0,33.0,Individual,6,High Risk,Manual Review
119335185,32000.0, 60 months,25.82,E,E4,,MORTGAGE,72000.0,Verified,credit_card,MO,46.82,0.0,675.0,679.0,1.0,84.0,31.0,Joint App,6,High Risk,Manual Review
119282128,30000.0, 60 months,30.79,G,G1,3 years,MORTGAGE,72000.0,Source Verified,debt_consolidation,FL,30.35,0.0,720.0,724.0,0.0,94.3,7.0,Individual,6,High Risk,Manual Review
119359790,4800.0, 36 months,21.45,D,D5,< 1 year,OWN,88400.0,Not Verified,other,TX,32.28,1.0,680.0,684.0,0.0,90.6,30.0,Joint App,5,High Risk,Manual Review
119260138,36800.0, 60 months,30.65,F,F4,10+ years,OWN,70000.0,Verified,debt_consolidation,MI,42.23,0.0,700.0,704.0,3.0,48.3,30.0,Joint App,5,High Risk,Manual Review
119957298,24000.0, 60 months,25.82,E,E4,1 year,MORTGAGE,90000.0,Not Verified,debt_consolidation,IL,30.09,0.0,710.0,714.0,0.0,89.5,21.0,Individual,6,High Risk,Manual Review
119300426,20000.0, 60 months,24.85,E,E3,5 years,MORTGAGE,19802.0,Verified,debt_consolidation,AR,79.7,0.0,690.0,694.0,1.0,91.2,11.0,Joint App,6,High Risk,Manual Review
119376233,5000.0, 36 months,25.82,E,E4,6 years,RENT,22000.0,Verified,debt_consolidation,NY,31.61,1.0,660.0,664.0,0.0,93.8,21.0,Individual,7,High Risk,Manual Review
118209177,25000.0, 60 months,26.3,E,E5,10+ years,MORTGAGE,90000.0,Not Verified,debt_consolidation,VA,33.41,0.0,680.0,684.0,1.0,33.3,45.0,Joint App,5,High Risk,Manual Review
118645087,6000.0, 36 months,25.82,E,E4,< 1 year,RENT,20000.0,Verified,small_business,HI,38.72,0.0,715.0,719.0,0.0,0.0,5.0,Individual,5,High Risk,Manual Review
119282122,11400.0, 60 months,29.69,F,F2,10+ years,MORTGAGE,42000.0,Verified,debt_consolidation,CT,31.29,0.0,710.0,714.0,0.0,93.0,18.0,Individual,6,High Risk,Manual Review
119370788,10000.0, 60 months,24.85,E,E3,6 years,RENT,14400.0,Verified,debt_consolidation,CA,46.42,0.0,680.0,684.0,0.0,60.7,15.0,Joint App,5,High Risk,Manual Review
119700662,13650.0, 36 months,25.82,E,E4,10+ years,MORTGAGE,60000.0,Source Verified,debt_consolidation,AL,38.84,0.0,725.0,729.0,0.0,94.7,16.0,Individual,6,High Risk,Manual Review
119625629,6000.0, 36 months,24.85,E,E3,4 years,MORTGAGE,47700.0,Source Verified,debt_consolidation,OH,33.43,0.0,680.0,684.0,2.0,86.5,31.0,Individual,6,High Risk,Manual Review
118334680,16000.0, 36 months,25.82,E,E4,5 years,MORTGAGE,37440.0,Verified,debt_consolidation,NY,39.94,1.0,680.0,684.0,0.0,43.5,31.0,Joint App,6,High Risk,Manual Review
119413613,12175.0, 60 months,30.99,G,G5,,MORTGAGE,20400.0,Verified,debt_consolidation,IN,82.82,0.0,680.0,684.0,1.0,58.3,15.0,Joint App,5,High Risk,Manual Review
119335696,25850.0, 60 months,30.94,G,G4,6 years,MORTGAGE,70000.0,Verified,credit_card,OH,49.91,0.0,695.0,699.0,0.0,49.1,25.0,Joint App,5,High Risk,Manual Review
119237341,6600.0, 36 months,25.82,E,E4,< 1 year,RENT,25000.0,Source Verified,debt_consolidation,NY,59.32,1.0,715.0,719.0,3.0,44.3,34.0,Joint App,6,High Risk,Manual Review
119316078,17500.0, 36 months,23.88,E,E2,8 years,RENT,35000.0,Verified,debt_consolidation,CA,39.16,0.0,710.0,714.0,0.0,24.3,22.0,Individual,5,High Risk,Manual Review
119361786,22175.0, 36 months,26.3,E,E5,10+ years,MORTGAGE,52000.0,Source Verified,debt_consolidation,IN,35.17,0.0,745.0,749.0,1.0,32.8,18.0,Individual,5,High Risk,Manual Review
119339867,10400.0, 60 months,28.72,F,F1,6 years,MORTGAGE,32000.0,Source Verified,debt_consolidation,NV,30.5,0.0,715.0,719.0,0.0,40.9,13.0,Joint App,5,High Risk,Manual Review
119213816,6000.0, 36 months,24.85,E,E3,1 year,RENT,37586.0,Source Verified,credit_card,OH,29.05,1.0,665.0,669.0,2.0,80.4,33.0,Joint App,5,High Risk,Manual Review
119401480,9600.0, 36 months,26.3,E,E5,< 1 year,RENT,55000.0,Not Verified,credit_card,AZ,33.32,0.0,685.0,689.0,1.0,74.9,11.0,Joint App,5,High Risk,Manual Review
119296146,10000.0, 60 months,28.72,F,F1,< 1 year,RENT,35000.0,Source Verified,debt_consolidation,TX,38.72,0.0,700.0,704.0,0.0,41.5,12.0,Joint App,5,High Risk,Manual Review
118610173,35000.0, 60 months,24.85,E,E3,10+ years,MORTGAGE,135000.0,Verified,debt_consolidation,TN,22.27,1.0,690.0,694.0,0.0,91.1,29.0,Individual,5,High Risk,Manual Review
119405298,15000.0, 60 months,24.85,E,E3,1 year,MORTGAGE,42000.0,Not Verified,debt_consolidation,NY,32.83,0.0,720.0,724.0,3.0,37.0,17.0,Joint App,5,High Risk,Manual Review
118619901,18075.0, 60 months,26.3,E,E5,7 years,MORTGAGE,150000.0,Source Verified,debt_consolidation,TX,12.64,2.0,675.0,679.0,0.0,90.0,16.0,Individual,5,High Risk,Manual Review
118667817,20000.0, 36 months,19.03,D,D3,,RENT,82000.0,Verified,debt_consolidation,OK,34.89,1.0,665.0,669.0,0.0,87.3,65.0,Individual,5,High Risk,Manual Review
119338924,21000.0, 36 months,30.94,G,G4,10+ years,MORTGAGE,47000.0,Verified,debt_consolidation,VA,50.64,0.0,685.0,689.0,2.0,77.3,30.0,Joint App,5,High Risk,Manual Review
119692795,13000.0, 60 months,26.3,E,E5,,RENT,38688.0,Not Verified,debt_consolidation,OR,38.8,0.0,670.0,674.0,0.0,80.6,31.0,Individual,6,High Risk,Manual Review
119689803,20500.0, 36 months,24.85,E,E3,10+ years,MORTGAGE,85000.0,Not Verified,debt_consolidation,MD,35.34,0.0,680.0,684.0,0.0,74.8,29.0,Individual,5,High Risk,Manual Review
119311022,30000.0, 60 months,30.79,G,G1,10+ years,RENT,30000.0,Verified,debt_consolidation,NY,46.76,1.0,705.0,709.0,0.0,72.6,14.0,Joint App,6,High Risk,Manual Review
119328585,22400.0, 60 months,26.3,E,E5,< 1 year,MORTGAGE,52000.0,Source Verified,debt_consolidation,NY,44.82,0.0,660.0,664.0,1.0,70.0,20.0,Joint App,5,High Risk,Manual Review
119310783,15000.0, 36 months,30.75,F,F5,10+ years,MORTGAGE,30000.0,Source Verified,debt_consolidation,NY,33.8,0.0,705.0,709.0,0.0,32.2,23.0,Individual,5,High Risk,Manual Review
119389385,16800.0, 36 months,24.85,E,E3,10+ years,RENT,40000.0,Verified,credit_card,LA,34.09,0.0,675.0,679.0,0.0,75.1,22.0,Individual,5,High Risk,Manual Review
118664838,15000.0, 60 months,28.72,F,F1,,MORTGAGE,15000.0,Source Verified,debt_consolidation,IN,77.92,0.0,665.0,669.0,0.0,0.0,19.0,Joint App,5,High Risk,Manual Review
119693845,21000.0, 36 months,22.91,E,E1,10+ years,MORTGAGE,300000.0,Not Verified,debt_consolidation,FL,12.88,3.0,660.0,664.0,0.0,98.9,20.0,Individual,5,High Risk,Manual Review
119302661,10000.0, 60 months,21.45,D,D5,,RENT,36443.0,Verified,debt_consolidation,CA,32.02,1.0,660.0,664.0,0.0,90.5,17.0,Individual,5,High Risk,Manual Review
119360438,7400.0, 36 months,24.85,E,E3,< 1 year,RENT,55000.0,Verified,debt_consolidation,VA,31.31,0.0,675.0,679.0,2.0,44.9,9.0,Individual,5,High Risk,Manual Review
119408933,2000.0, 36 months,26.3,E,E5,3 years,RENT,106000.0,Not Verified,other,CA,36.75,0.0,665.0,669.0,1.0,80.8,26.0,Individual,6,High Risk,Manual Review
119525308,15925.0, 60 months,30.79,G,G1,4 years,RENT,48000.0,Not Verified,debt_consolidation,NV,38.33,0.0,760.0,764.0,1.0,11.4,24.0,Individual,5,High Risk,Manual Review
119301344,5000.0, 36 months,22.91,E,E1,1 year,RENT,27400.0,Source Verified,other,WI,17.48,1.0,670.0,674.0,2.0,96.6,12.0,Individual,5,High Risk,Manual Review
119385142,39700.0, 60 months,28.72,F,F1,4 years,MORTGAGE,57000.0,Source Verified,debt_consolidation,IL,34.46,0.0,715.0,719.0,1.0,82.6,18.0,Joint App,6,High Risk,Manual Review
119273889,24000.0, 60 months,18.06,D,D2,< 1 year,MORTGAGE,76000.0,Not Verified,debt_consolidation,VA,34.6,1.0,660.0,664.0,0.0,89.5,16.0,Joint App,5,High Risk,Manual Review
119393086,32000.0, 60 months,28.72,F,F1,10+ years,MORTGAGE,55000.0,Verified,debt_consolidation,TX,72.81,1.0,660.0,664.0,2.0,55.5,52.0,Joint App,6,High Risk,Manual Review
119383106,12350.0, 36 months,25.82,E,E4,< 1 year,RENT,21400.0,Verified,vacation,CA,41.11,1.0,705.0,709.0,1.0,99.3,11.0,Joint App,7,High Risk,Manual Review
119407296,28950.0, 60 months,30.94,G,G4,,RENT,12000.0,Not Verified,debt_consolidation,NV,72.2,0.0,660.0,664.0,1.0,68.3,16.0,Joint App,5,High Risk,Manual Review
119296156,10500.0, 36 months,24.85,E,E3,9 years,RENT,40355.0,Source Verified,debt_consolidation,NY,6.93,1.0,660.0,664.0,0.0,84.6,18.0,Individual,5,High Risk,Manual Review
119414605,12000.0, 60 months,30.99,G,G5,10+ years,RENT,79600.0,Verified,debt_consolidation,TX,32.35,0.0,675.0,679.0,0.0,71.1,23.0,Individual,5,High Risk,Manual Review
119368199,21000.0, 60 months,29.69,F,F2,< 1 year,MORTGAGE,65000.0,Not Verified,debt_consolidation,OH,16.43,1.0,670.0,674.0,0.0,91.8,19.0,Joint App,5,High Risk,Manual Review
119404567,24000.0, 60 months,26.3,E,E5,< 1 year,MORTGAGE,97000.0,Not Verified,debt_consolidation,PA,37.77,0.0,680.0,684.0,1.0,74.6,48.0,Joint App,5,High Risk,Manual Review
118669813,15975.0, 36 months,26.3,E,E5,3 years,RENT,60000.0,Not Verified,debt_consolidation,CA,38.12,0.0,745.0,749.0,0.0,34.9,20.0,Individual,5,High Risk,Manual Review
119240658,12000.0, 60 months,26.3,E,E5,3 years,MORTGAGE,47476.0,Source Verified,credit_card,NY,37.53,1.0,670.0,674.0,0.0,52.8,17.0,Individual,6,High Risk,Manual Review
119278944,15000.0, 60 months,26.3,E,E5,,MORTGAGE,39000.0,Source Verified,debt_consolidation,NV,30.83,0.0,675.0,679.0,0.0,72.4,12.0,Individual,5,High Risk,Manual Review
119276354,32000.0, 60 months,23.88,E,E2,10+ years,MORTGAGE,36000.0,Source Verified,debt_consolidation,MS,57.99,0.0,725.0,729.0,1.0,26.2,25.0,Joint App,5,High Risk,Manual Review
119362505,10500.0, 60 months,17.09,D,D1,2 years,RENT,54000.0,Source Verified,debt_consolidation,CA,32.4,2.0,670.0,674.0,0.0,82.6,20.0,Individual,5,High Risk,Manual Review
119278676,3100.0, 36 months,25.82,E,E4,,RENT,8676.0,Verified,debt_consolidation,TX,33.61,0.0,680.0,684.0,1.0,23.9,34.0,Individual,5,High Risk,Manual Review
118321712,18000.0, 60 months,26.3,E,E5,< 1 year,MORTGAGE,20000.0,Source Verified,debt_consolidation,AL,99.7,0.0,675.0,679.0,0.0,67.9,26.0,Joint App,5,High Risk,Manual Review
119310045,12800.0, 60 months,26.3,E,E5,7 years,MORTGAGE,70000.0,Not Verified,debt_consolidation,CO,33.29,0.0,740.0,744.0,2.0,4.8,41.0,Individual,5,High Risk,Manual Review
119387555,30000.0, 36 months,22.91,E,E1,5 years,RENT,60408.0,Verified,debt_consolidation,TN,34.35,3.0,660.0,664.0,0.0,63.5,53.0,Joint App,6,High Risk,Manual Review
119406254,28000.0, 60 months,24.85,E,E3,10+ years,MORTGAGE,65000.0,Not Verified,debt_consolidation,NY,34.71,0.0,720.0,724.0,0.0,25.6,35.0,Individual,5,High Risk,Manual Review
119363775,7000.0, 36 months,22.91,E,E1,6 years,MORTGAGE,80000.0,Not Verified,debt_consolidation,MA,26.67,1.0,665.0,669.0,0.0,80.9,24.0,Individual,5,High Risk,Manual Review
119322233,24525.0, 60 months,30.65,F,F4,3 years,RENT,54650.0,Verified,debt_consolidation,FL,38.95,0.0,700.0,704.0,1.0,47.1,29.0,Joint App,5,High Risk,Manual Review
118608923,10000.0, 36 months,23.88,E,E2,,RENT,43200.0,Verified,home_improvement,KY,34.47,0.0,675.0,679.0,0.0,38.2,21.0,Individual,5,High Risk,Manual Review
119195313,32000.0, 60 months,24.85,E,E3,9 years,MORTGAGE,75000.0,Verified,debt_consolidation,FL,47.15,0.0,700.0,704.0,1.0,49.4,29.0,Joint App,5,High Risk,Manual Review
118190404,20000.0, 60 months,30.65,F,F4,5 years,MORTGAGE,90000.0,Verified,credit_card,TX,41.44,0.0,685.0,689.0,1.0,58.3,30.0,Joint App,5,High Risk,Manual Review
118173642,10000.0, 36 months,23.88,E,E2,< 1 year,OWN,37000.0,Verified,home_improvement,MI,61.47,2.0,670.0,674.0,0.0,44.8,24.0,Joint App,6,High Risk,Manual Review
119308508,15000.0, 60 months,25.82,E,E4,9 years,OWN,45000.0,Verified,other,PA,39.33,1.0,690.0,694.0,3.0,12.2,33.0,Individual,6,High Risk,Manual Review
119239125,35000.0, 60 months,30.75,F,F5,< 1 year,MORTGAGE,110000.0,Source Verified,debt_consolidation,IL,31.24,0.0,675.0,679.0,0.0,75.9,33.0,Joint App,5,High Risk,Manual Review
119074108,5000.0, 36 months,22.91,E,E1,7 years,RENT,30000.0,Verified,small_business,TX,38.76,0.0,695.0,699.0,1.0,62.3,6.0,Individual,5,High Risk,Manual Review
119372958,20000.0, 60 months,23.88,E,E2,< 1 year,MORTGAGE,30000.0,Not Verified,credit_card,IL,31.68,2.0,670.0,674.0,2.0,78.1,31.0,Joint App,6,High Risk,Manual Review
119322746,27725.0, 60 months,30.84,G,G2,2 years,RENT,300000.0,Source Verified,debt_consolidation,TX,10.37,1.0,660.0,664.0,0.0,98.4,10.0,Individual,5,High Risk,Manual Review
119385510,15825.0, 60 months,30.99,G,G5,10+ years,OWN,44000.0,Verified,debt_consolidation,SC,34.48,0.0,670.0,674.0,0.0,97.9,29.0,Individual,6,High Risk,Manual Review
119357220,35000.0, 36 months,30.75,F,F5,5 years,MORTGAGE,134500.0,Source Verified,small_business,MI,33.52,0.0,710.0,714.0,2.0,34.8,39.0,Individual,5,High Risk,Manual Review
119376605,30000.0, 60 months,30.84,G,G2,4 years,OWN,28000.0,Source Verified,debt_consolidation,NC,42.43,0.0,675.0,679.0,1.0,64.3,13.0,Joint App,5,High Risk,Manual Review
119367883,18000.0, 36 months,30.79,G,G1,10+ years,MORTGAGE,66200.0,Source Verified,debt_consolidation,IL,32.02,0.0,675.0,679.0,0.0,82.1,39.0,Individual,6,High Risk,Manual Review
119358350,12000.0, 60 months,26.3,E,E5,1 year,RENT,33000.0,Source Verified,debt_consolidation,GA,33.78,0.0,690.0,694.0,0.0,39.3,18.0,Individual,5,High Risk,Manual Review
119281516,23900.0, 60 months,30.89,G,G3,10+ years,MORTGAGE,143500.0,Source Verified,debt_consolidation,IL,19.62,1.0,660.0,664.0,1.0,95.1,33.0,Individual,5,High Risk,Manual Review
118527552,21000.0, 60 months,26.3,E,E5,9 years,MORTGAGE,91000.0,Verified,debt_consolidation,TX,38.97,0.0,670.0,674.0,0.0,80.0,51.0,Individual,5,High Risk,Manual Review
118656439,18000.0, 60 months,20.0,D,D4,3 years,MORTGAGE,70000.0,Verified,debt_consolidation,TX,33.58,1.0,685.0,689.0,1.0,90.0,33.0,Individual,5,High Risk,Manual Review
119340995,36000.0, 60 months,23.88,E,E2,< 1 year,RENT,54080.0,Source Verified,debt_consolidation,CO,32.78,0.0,700.0,704.0,2.0,53.9,9.0,Joint App,5,High Risk,Manual Review
119365239,35000.0, 60 months,30.89,G,G3,10+ years,MORTGAGE,120000.0,Verified,debt_consolidation,NV,30.81,0.0,700.0,704.0,3.0,23.4,27.0,Joint App,5,High Risk,Manual Review
118334511,30000.0, 60 months,18.06,D,D2,8 years,MORTGAGE,55000.0,Source Verified,home_improvement,FL,89.19,1.0,675.0,679.0,1.0,98.4,19.0,Joint App,5,High Risk,Manual Review
119392435,35000.0, 36 months,23.88,E,E2,10+ years,MORTGAGE,89000.0,Verified,debt_consolidation,VA,32.16,0.0,690.0,694.0,0.0,95.0,17.0,Individual,6,High Risk,Manual Review
116596041,32200.0, 36 months,26.3,E,E5,10+ years,MORTGAGE,70000.0,Verified,debt_consolidation,PA,30.94,4.0,675.0,679.0,1.0,73.7,37.0,Individual,6,High Risk,Manual Review
118162659,16000.0, 60 months,29.69,F,F2,10+ years,RENT,40593.0,Verified,debt_consolidation,NC,31.34,0.0,685.0,689.0,0.0,63.5,56.0,Individual,5,High Risk,Manual Review
119282344,25000.0, 60 months,24.85,E,E3,10+ years,MORTGAGE,74000.0,Not Verified,debt_consolidation,ME,39.83,0.0,665.0,669.0,0.0,57.2,23.0,Joint App,5,High Risk,Manual Review
118237998,30000.0, 36 months,24.85,E,E3,< 1 year,MORTGAGE,30000.0,Verified,credit_card,AL,72.24,0.0,685.0,689.0,0.0,84.7,25.0,Joint App,6,High Risk,Manual Review
119304571,20000.0, 60 months,23.88,E,E2,< 1 year,RENT,43000.0,Not Verified,house,NY,40.7,0.0,670.0,674.0,1.0,48.8,23.0,Joint App,5,High Risk,Manual Review
119313944,15000.0, 60 months,30.17,F,F3,3 years,MORTGAGE,104000.0,Verified,credit_card,MI,31.41,0.0,700.0,704.0,0.0,54.6,51.0,Individual,5,High Risk,Manual Review
118309395,19200.0, 60 months,30.94,G,G4,2 years,MORTGAGE,50000.0,Source Verified,debt_consolidation,LA,52.06,0.0,660.0,664.0,3.0,70.0,48.0,Joint App,5,High Risk,Manual Review
119338547,24000.0, 60 months,30.84,G,G2,10+ years,OWN,32000.0,Verified,credit_card,MO,59.45,0.0,660.0,664.0,1.0,90.9,37.0,Joint App,6,High Risk,Manual Review
119321190,5950.0, 36 months,26.3,E,E5,< 1 year,OWN,17500.0,Verified,debt_consolidation,MO,33.47,0.0,705.0,709.0,1.0,84.4,6.0,Individual,6,High Risk,Manual Review
119262474,10000.0, 60 months,26.3,E,E5,,RENT,22300.0,Verified,debt_consolidation,CA,41.5,0.0,675.0,679.0,0.0,52.7,15.0,Joint App,5,High Risk,Manual Review
119360874,20000.0, 60 months,24.85,E,E3,10+ years,MORTGAGE,35000.0,Not Verified,debt_consolidation,VA,30.56,0.0,675.0,679.0,0.0,56.2,14.0,Joint App,5,High Risk,Manual Review
119330863,15000.0, 60 months,30.75,F,F5,3 years,RENT,38193.83,Verified,debt_consolidation,CA,33.38,0.0,665.0,669.0,0.0,88.0,13.0,Individual,6,High Risk,Manual Review
118644711,10000.0, 60 months,30.17,F,F3,,MORTGAGE,18000.0,Verified,debt_consolidation,FL,107.8,0.0,685.0,689.0,0.0,43.8,23.0,Joint App,5,High Risk,Manual Review
119380452,21000.0, 60 months,23.88,E,E2,10+ years,MORTGAGE,113500.0,Not Verified,debt_consolidation,OH,33.91,2.0,670.0,674.0,0.0,70.2,42.0,Individual,6,High Risk,Manual Review
118337140,16000.0, 36 months,25.82,E,E4,< 1 year,RENT,39000.0,Source Verified,debt_consolidation,FL,36.71,0.0,675.0,679.0,1.0,71.6,26.0,Individual,5,High Risk,Manual Review
118609714,12000.0, 36 months,30.94,G,G4,10+ years,RENT,60000.0,Source Verified,debt_consolidation,CA,31.02,0.0,660.0,664.0,2.0,65.8,19.0,Individual,5,High Risk,Manual Review
119304407,5000.0, 36 months,24.85,E,E3,10+ years,RENT,50000.0,Source Verified,debt_consolidation,DE,36.92,0.0,705.0,709.0,0.0,49.4,19.0,Individual,5,High Risk,Manual Review
119330980,16000.0, 60 months,26.3,E,E5,5 years,RENT,58000.0,Not Verified,debt_consolidation,TX,11.05,2.0,660.0,664.0,0.0,81.0,18.0,Individual,5,High Risk,Manual Review
119271219,7500.0, 36 months,23.88,E,E2,1 year,MORTGAGE,43000.0,Source Verified,debt_consolidation,IN,33.91,1.0,665.0,669.0,0.0,45.9,32.0,Individual,6,High Risk,Manual Review
119246528,12800.0, 60 months,26.3,E,E5,9 years,RENT,48000.0,Not Verified,debt_consolidation,CA,50.73,0.0,705.0,709.0,1.0,50.5,25.0,Joint App,5,High Risk,Manual Review
119265812,10000.0, 36 months,30.89,G,G3,10+ years,MORTGAGE,56000.0,Not Verified,debt_consolidation,CA,32.05,0.0,665.0,669.0,1.0,65.1,21.0,Individual,5,High Risk,Manual Review
119275606,28525.0, 60 months,30.17,F,F3,,MORTGAGE,64848.0,Verified,credit_card,NC,31.38,0.0,685.0,689.0,0.0,86.4,20.0,Individual,6,High Risk,Manual Review
119261908,14400.0, 36 months,30.84,G,G2,10+ years,MORTGAGE,61000.0,Verified,debt_consolidation,AZ,32.42,0.0,665.0,669.0,1.0,44.9,37.0,Individual,5,High Risk,Manual Review
118187158,18850.0, 60 months,25.82,E,E4,< 1 year,RENT,41000.0,Verified,debt_consolidation,CA,32.58,0.0,685.0,689.0,2.0,50.6,27.0,Individual,5,High Risk,Manual Review
116960077,30950.0, 60 months,30.75,F,F5,10+ years,MORTGAGE,83000.0,Verified,debt_consolidation,NJ,46.12,0.0,675.0,679.0,1.0,35.2,34.0,Joint App,5,High Risk,Manual Review
119247400,20000.0, 60 months,30.79,G,G1,6 years,MORTGAGE,70000.0,Verified,debt_consolidation,TX,36.82,0.0,660.0,664.0,1.0,56.1,28.0,Individual,5,High Risk,Manual Review
118598371,18000.0, 60 months,30.65,F,F4,5 years,RENT,45000.0,Verified,debt_consolidation,MD,40.75,0.0,660.0,664.0,2.0,96.8,29.0,Joint App,6,High Risk,Manual Review
118609846,6000.0, 36 months,24.85,E,E3,2 years,RENT,32000.0,Source Verified,debt_consolidation,CA,33.35,1.0,670.0,674.0,0.0,7.9,19.0,Individual,6,High Risk,Manual Review
118345212,12000.0, 60 months,25.82,E,E4,2 years,RENT,31000.0,Source Verified,credit_card,CA,38.25,0.0,745.0,749.0,1.0,22.1,10.0,Individual,5,High Risk,Manual Review
118651410,5825.0, 36 months,24.85,E,E3,10+ years,MORTGAGE,29538.0,Verified,debt_consolidation,GA,35.43,0.0,695.0,699.0,1.0,71.6,15.0,Individual,5,High Risk,Manual Review
119341838,10000.0, 60 months,30.79,G,G1,10+ years,MORTGAGE,30000.0,Source Verified,debt_consolidation,TN,33.28,2.0,660.0,664.0,1.0,81.2,18.0,Individual,7,High Risk,Manual Review
119313246,15000.0, 60 months,30.79,G,G1,4 years,OWN,21827.88,Verified,debt_consolidation,TN,59.68,0.0,680.0,684.0,0.0,58.1,14.0,Joint App,5,High Risk,Manual Review
118311848,12000.0, 60 months,30.89,G,G3,8 years,RENT,26000.0,Verified,debt_consolidation,TX,47.83,0.0,710.0,714.0,1.0,8.1,10.0,Joint App,5,High Risk,Manual Review
119278905,20000.0, 60 months,16.02,C,C5,,MORTGAGE,58296.0,Source Verified,debt_consolidation,MN,35.59,5.0,660.0,664.0,0.0,91.6,23.0,Joint App,5,High Risk,Manual Review
119234973,1100.0, 36 months,30.94,G,G4,,OWN,25000.0,Verified,debt_consolidation,OH,33.85,0.0,675.0,679.0,0.0,52.6,23.0,Individual,5,High Risk,Manual Review
119302316,40000.0, 60 months,30.89,G,G3,6 years,MORTGAGE,90000.0,Source Verified,debt_consolidation,CA,38.75,0.0,685.0,689.0,0.0,59.9,20.0,Individual,5,High Risk,Manual Review
119267361,10000.0, 60 months,30.79,G,G1,7 years,MORTGAGE,40000.0,Verified,house,TN,35.07,0.0,705.0,709.0,0.0,85.0,20.0,Individual,6,High Risk,Manual Review
119319584,32000.0, 60 months,26.3,E,E5,2 years,MORTGAGE,74000.0,Verified,debt_consolidation,NC,30.08,1.0,660.0,664.0,0.0,89.1,35.0,Individual,7,High Risk,Manual Review
119260195,12000.0, 60 months,26.3,E,E5,3 years,OWN,30000.0,Verified,debt_consolidation,LA,30.12,6.0,680.0,684.0,0.0,36.4,34.0,Individual,6,High Risk,Manual Review
119337032,8000.0, 36 months,23.88,E,E2,10+ years,MORTGAGE,80000.0,Source Verified,credit_card,GA,34.25,1.0,660.0,664.0,0.0,94.7,28.0,Individual,7,High Risk,Manual Review
117736207,2000.0, 36 months,24.85,E,E3,,OWN,13871.8,Verified,debt_consolidation,MN,38.18,0.0,675.0,679.0,0.0,51.4,13.0,Individual,5,High Risk,Manual Review
119267239,20000.0, 60 months,30.79,G,G1,,RENT,47000.0,Verified,debt_consolidation,OH,37.44,0.0,685.0,689.0,1.0,67.2,27.0,Individual,5,High Risk,Manual Review
118669417,16000.0, 60 months,26.3,E,E5,7 years,RENT,24000.0,Verified,moving,FL,57.8,0.0,685.0,689.0,0.0,75.3,24.0,Joint App,5,High Risk,Manual Review
119320772,35000.0, 60 months,30.79,G,G1,3 years,RENT,74000.0,Verified,debt_consolidation,FL,32.03,0.0,695.0,699.0,0.0,41.8,27.0,Individual,5,High Risk,Manual Review
119317485,8400.0, 36 months,25.82,E,E4,10+ years,RENT,24960.0,Source Verified,credit_card,RI,30.27,0.0,665.0,669.0,2.0,37.3,22.0,Individual,5,High Risk,Manual Review
119104343,13050.0, 60 months,28.72,F,F1,,MORTGAGE,38436.0,Verified,debt_consolidation,NJ,37.75,0.0,730.0,734.0,0.0,98.9,21.0,Individual,6,High Risk,Manual Review
119338199,18900.0, 60 months,23.88,E,E2,10+ years,MORTGAGE,125000.0,Not Verified,debt_consolidation,NY,33.67,0.0,730.0,734.0,0.0,52.0,26.0,Individual,5,High Risk,Manual Review
118617186,31000.0, 36 months,30.79,G,G1,8 years,MORTGAGE,81600.0,Verified,debt_consolidation,OH,28.46,2.0,660.0,664.0,2.0,103.3,14.0,Individual,5,High Risk,Manual Review
119340933,24000.0, 60 months,25.82,E,E4,5 years,MORTGAGE,78000.0,Not Verified,debt_consolidation,UT,35.28,0.0,685.0,689.0,0.0,75.3,38.0,Individual,5,High Risk,Manual Review
119335037,18000.0, 60 months,30.65,F,F4,5 years,RENT,48000.0,Source Verified,debt_consolidation,MD,30.4,0.0,795.0,799.0,3.0,7.6,17.0,Individual,5,High Risk,Manual Review
118654869,22250.0, 60 months,26.3,E,E5,4 years,MORTGAGE,53000.0,Verified,debt_consolidation,TN,31.25,0.0,660.0,664.0,0.0,56.3,24.0,Individual,5,High Risk,Manual Review
119273161,14750.0, 60 months,23.88,E,E2,10+ years,OWN,36000.0,Verified,debt_consolidation,FL,34.93,0.0,710.0,714.0,0.0,11.0,24.0,Individual,5,High Risk,Manual Review
119320336,14975.0, 60 months,24.85,E,E3,10+ years,MORTGAGE,72000.0,Not Verified,debt_consolidation,OH,31.3,0.0,725.0,729.0,0.0,65.8,23.0,Individual,5,High Risk,Manual Review
118667327,9000.0, 36 months,26.3,E,E5,5 years,OWN,45000.0,Source Verified,small_business,NC,17.23,1.0,670.0,674.0,1.0,83.6,15.0,Individual,5,High Risk,Manual Review
119302390,5000.0, 36 months,18.06,D,D2,5 years,RENT,18000.0,Verified,debt_consolidation,VA,32.67,2.0,670.0,674.0,0.0,84.9,12.0,Individual,5,High Risk,Manual Review
119296214,13900.0, 36 months,26.3,E,E5,7 years,MORTGAGE,36000.0,Verified,debt_consolidation,IL,32.93,0.0,660.0,664.0,2.0,61.0,22.0,Individual,5,High Risk,Manual Review
117600091,26575.0, 36 months,24.85,E,E3,6 years,MORTGAGE,95000.0,Verified,credit_card,TX,30.71,0.0,685.0,689.0,0.0,47.6,44.0,Individual,5,High Risk,Manual Review
119302888,8000.0, 36 months,16.02,C,C5,10+ years,MORTGAGE,60000.0,Verified,medical,MN,50.58,1.0,705.0,709.0,0.0,86.5,23.0,Joint App,5,High Risk,Manual Review
119048132,5000.0, 36 months,24.85,E,E3,,RENT,16000.0,Verified,debt_consolidation,NC,38.26,0.0,690.0,694.0,2.0,21.1,14.0,Individual,5,High Risk,Manual Review
118229785,11500.0, 60 months,30.89,G,G3,< 1 year,MORTGAGE,3200.0,Not Verified,debt_consolidation,KS,128.2,0.0,665.0,669.0,1.0,55.8,9.0,Joint App,5,High Risk,Manual Review
119248133,25000.0, 36 months,24.85,E,E3,< 1 year,RENT,38000.0,Verified,debt_consolidation,CA,55.78,0.0,710.0,714.0,1.0,56.6,17.0,Joint App,5,High Risk,Manual Review
119313390,26200.0, 60 months,26.3,E,E5,10+ years,RENT,70000.0,Verified,credit_card,NY,28.0,4.0,660.0,664.0,0.0,82.5,18.0,Individual,5,High Risk,Manual Review
119324299,15000.0, 36 months,22.91,E,E1,6 years,OWN,46000.0,Source Verified,debt_consolidation,IN,30.01,0.0,690.0,694.0,2.0,49.7,17.0,Individual,5,High Risk,Manual Review
119337335,10000.0, 36 months,22.91,E,E1,3 years,MORTGAGE,105000.0,Not Verified,debt_consolidation,MN,31.57,0.0,680.0,684.0,0.0,41.3,45.0,Individual,5,High Risk,Manual Review
119277025,3000.0, 36 months,23.88,E,E2,10+ years,RENT,65000.0,Source Verified,other,NJ,30.58,1.0,670.0,674.0,0.0,57.1,21.0,Individual,6,High Risk,Manual Review
119252598,4000.0, 36 months,28.72,F,F1,< 1 year,MORTGAGE,95400.0,Verified,vacation,CA,48.84,2.0,675.0,679.0,0.0,42.0,50.0,Joint App,6,High Risk,Manual Review
119249601,20000.0, 60 months,30.94,G,G4,,RENT,18000.0,Verified,debt_consolidation,MO,44.4,0.0,685.0,689.0,0.0,59.8,11.0,Joint App,5,High Risk,Manual Review
118672151,5000.0, 36 months,22.91,E,E1,< 1 year,MORTGAGE,25000.0,Verified,debt_consolidation,MD,34.76,0.0,715.0,719.0,0.0,75.6,4.0,Joint App,5,High Risk,Manual Review
118603586,12475.0, 36 months,30.99,G,G5,,RENT,18000.0,Verified,other,MI,37.07,0.0,660.0,664.0,3.0,79.9,19.0,Joint App,5,High Risk,Manual Review
119329352,4775.0, 36 months,30.75,F,F5,,MORTGAGE,21000.0,Not Verified,debt_consolidation,TX,35.43,0.0,670.0,674.0,0.0,32.9,36.0,Individual,5,High Risk,Manual Review
118241808,40000.0, 36 months,24.85,E,E3,10+ years,MORTGAGE,115000.0,Source Verified,credit_card,MS,32.16,0.0,690.0,694.0,0.0,25.2,82.0,Individual,5,High Risk,Manual Review
118609186,20000.0, 60 months,30.75,F,F5,2 years,RENT,71000.0,Verified,debt_consolidation,CO,38.91,0.0,670.0,674.0,0.0,40.6,29.0,Individual,5,High Risk,Manual Review
118210752,25000.0, 60 months,25.82,E,E4,2 years,RENT,65255.0,Verified,credit_card,NY,39.3,0.0,690.0,694.0,1.0,63.0,21.0,Joint App,5,High Risk,Manual Review
118333193,22175.0, 60 months,30.99,G,G5,5 years,RENT,23400.0,Source Verified,debt_consolidation,NY,45.85,0.0,660.0,664.0,0.0,53.8,14.0,Joint App,5,High Risk,Manual Review
119299997,8825.0, 36 months,23.88,E,E2,2 years,MORTGAGE,52000.0,Source Verified,debt_consolidation,CA,32.96,0.0,700.0,704.0,1.0,52.1,20.0,Individual,5,High Risk,Manual Review
119264467,4200.0, 36 months,24.85,E,E3,10+ years,MORTGAGE,30000.0,Verified,other,AR,41.4,0.0,710.0,714.0,0.0,87.6,17.0,Joint App,6,High Risk,Manual Review
118153107,20000.0, 60 months,30.99,G,G5,10+ years,MORTGAGE,88400.0,Not Verified,debt_consolidation,FL,34.22,0.0,675.0,679.0,3.0,56.2,22.0,Joint App,5,High Risk,Manual Review
119218546,22000.0, 60 months,30.75,F,F5,4 years,MORTGAGE,88000.0,Verified,debt_consolidation,WI,33.74,2.0,670.0,674.0,1.0,63.2,29.0,Individual,6,High Risk,Manual Review
118177594,11000.0, 60 months,18.06,D,D2,10+ years,MORTGAGE,91000.0,Source Verified,debt_consolidation,AK,33.91,2.0,665.0,669.0,0.0,86.3,21.0,Individual,5,High Risk,Manual Review
119325331,10000.0, 60 months,24.85,E,E3,10+ years,MORTGAGE,42000.0,Verified,debt_consolidation,CA,23.6,1.0,705.0,709.0,0.0,85.2,22.0,Individual,5,High Risk,Manual Review
118674387,6475.0, 36 months,23.88,E,E2,< 1 year,RENT,39000.0,Verified,debt_consolidation,NV,32.0,0.0,665.0,669.0,0.0,83.0,10.0,Individual,6,High Risk,Manual Review
119314957,26400.0, 60 months,26.3,E,E5,9 years,RENT,138000.0,Not Verified,debt_consolidation,HI,34.73,0.0,710.0,714.0,2.0,67.2,45.0,Individual,5,High Risk,Manual Review
119319001,12000.0, 60 months,26.3,E,E5,8 years,RENT,59000.0,Verified,major_purchase,NY,35.79,0.0,705.0,709.0,1.0,48.6,22.0,Individual,5,High Risk,Manual Review
119302834,15000.0, 60 months,30.17,F,F3,8 years,MORTGAGE,46000.0,Source Verified,debt_consolidation,KY,37.39,1.0,680.0,684.0,0.0,71.3,32.0,Individual,6,High Risk,Manual Review
119289070,25000.0, 36 months,26.3,E,E5,5 years,MORTGAGE,70000.0,Source Verified,debt_consolidation,CO,34.9,0.0,665.0,669.0,1.0,60.4,21.0,Individual,5,High Risk,Manual Review
119310787,10000.0, 36 months,25.82,E,E4,1 year,RENT,33600.0,Not Verified,debt_consolidation,OR,30.18,0.0,660.0,664.0,1.0,47.4,25.0,Individual,5,High Risk,Manual Review
119318309,12000.0, 60 months,25.82,E,E4,5 years,MORTGAGE,130000.0,Verified,moving,MA,33.75,1.0,680.0,684.0,0.0,54.7,33.0,Individual,6,High Risk,Manual Review
119300574,25200.0, 60 months,26.3,E,E5,10+ years,MORTGAGE,80000.0,Source Verified,credit_card,PA,20.52,3.0,660.0,664.0,1.0,80.7,47.0,Individual,5,High Risk,Manual Review
119312597,15200.0, 60 months,30.99,G,G5,10+ years,RENT,40000.0,Verified,debt_consolidation,AZ,32.91,0.0,675.0,679.0,0.0,78.1,19.0,Individual,5,High Risk,Manual Review
119277084,21000.0, 36 months,19.03,D,D3,10+ years,MORTGAGE,96800.0,Source Verified,credit_card,FL,33.8,2.0,660.0,664.0,0.0,82.4,42.0,Individual,5,High Risk,Manual Review
119294823,8800.0, 36 months,25.82,E,E4,7 years,RENT,28128.0,Verified,debt_consolidation,IN,31.44,0.0,690.0,694.0,0.0,99.0,8.0,Individual,6,High Risk,Manual Review
119313300,10800.0, 60 months,30.99,G,G5,10+ years,RENT,30000.0,Verified,debt_consolidation,TX,37.08,0.0,675.0,679.0,1.0,101.9,6.0,Individual,6,High Risk,Manual Review
119307619,30000.0, 60 months,30.65,F,F4,1 year,MORTGAGE,140000.0,Verified,debt_consolidation,NY,10.64,7.0,675.0,679.0,0.0,82.8,26.0,Individual,5,High Risk,Manual Review
119308581,3600.0, 36 months,15.05,C,C4,10+ years,MORTGAGE,105000.0,Not Verified,debt_consolidation,WA,35.81,1.0,660.0,664.0,0.0,80.7,28.0,Individual,5,High Risk,Manual Review
119239246,32000.0, 60 months,30.79,G,G1,10+ years,OWN,40000.0,Verified,debt_consolidation,AZ,75.73,0.0,680.0,684.0,0.0,55.3,24.0,Joint App,5,High Risk,Manual Review
119313146,17000.0, 60 months,26.3,E,E5,2 years,RENT,44000.0,Not Verified,debt_consolidation,NY,39.59,0.0,665.0,669.0,0.0,57.1,37.0,Individual,5,High Risk,Manual Review
119228577,16000.0, 60 months,28.72,F,F1,10+ years,OWN,97000.0,Verified,debt_consolidation,CT,36.97,0.0,675.0,679.0,0.0,60.8,34.0,Individual,5,High Risk,Manual Review
119299818,26025.0, 36 months,25.82,E,E4,3 years,RENT,87000.0,Not Verified,debt_consolidation,VA,31.37,0.0,700.0,704.0,0.0,101.6,14.0,Individual,6,High Risk,Manual Review
119257275,9500.0, 36 months,22.91,E,E1,7 years,MORTGAGE,75000.0,Source Verified,debt_consolidation,AK,32.49,0.0,715.0,719.0,0.0,45.8,14.0,Individual,5,High Risk,Manual Review
118314778,35000.0, 60 months,26.3,E,E5,10+ years,MORTGAGE,65000.0,Verified,debt_consolidation,TX,33.59,0.0,725.0,729.0,0.0,77.0,17.0,Joint App,5,High Risk,Manual Review
118617631,35000.0, 60 months,30.99,G,G5,10+ years,MORTGAGE,103244.0,Verified,debt_consolidation,VA,30.16,0.0,675.0,679.0,0.0,90.0,33.0,Individual,6,High Risk,Manual Review
119254752,7300.0, 36 months,23.88,E,E2,,RENT,18302.4,Verified,credit_card,AL,36.26,0.0,700.0,704.0,0.0,61.6,12.0,Individual,5,High Risk,Manual Review
117193846,10000.0, 60 months,26.3,E,E5,1 year,RENT,41000.0,Verified,debt_consolidation,TX,34.05,0.0,695.0,699.0,0.0,58.6,13.0,Individual,5,High Risk,Manual Review
119223909,12000.0, 60 months,28.72,F,F1,< 1 year,OWN,28000.0,Source Verified,debt_consolidation,MT,47.66,0.0,695.0,699.0,1.0,74.3,7.0,Joint App,5,High Risk,Manual Review
118619247,35000.0, 36 months,23.88,E,E2,4 years,MORTGAGE,90000.0,Source Verified,credit_card,CO,32.56,0.0,675.0,679.0,1.0,55.9,57.0,Individual,5,High Risk,Manual Review
119277593,2400.0, 36 months,28.72,F,F1,,RENT,14000.0,Source Verified,medical,SC,33.44,0.0,660.0,664.0,0.0,30.3,12.0,Individual,5,High Risk,Manual Review
119278107,10000.0, 60 months,26.3,E,E5,3 years,RENT,45000.0,Not Verified,debt_consolidation,MO,38.16,1.0,675.0,679.0,0.0,79.1,19.0,Individual,6,High Risk,Manual Review
118170033,4000.0, 36 months,26.3,E,E5,4 years,RENT,33000.0,Verified,debt_consolidation,TN,48.0,0.0,675.0,679.0,0.0,47.4,9.0,Joint App,5,High Risk,Manual Review
118644528,36000.0, 36 months,30.75,F,F5,10+ years,RENT,88000.0,Verified,debt_consolidation,PA,35.57,1.0,700.0,704.0,1.0,78.5,26.0,Individual,6,High Risk,Manual Review
119301178,10000.0, 60 months,24.85,E,E3,10+ years,MORTGAGE,60000.0,Verified,other,ID,33.68,1.0,680.0,684.0,3.0,72.3,39.0,Individual,6,High Risk,Manual Review
119257762,10000.0, 36 months,20.0,D,D4,1 year,MORTGAGE,47000.0,Verified,debt_consolidation,TX,34.95,1.0,685.0,689.0,0.0,101.4,54.0,Individual,5,High Risk,Manual Review
118017440,26150.0, 60 months,30.89,G,G3,< 1 year,RENT,34000.0,Source Verified,debt_consolidation,CA,48.82,0.0,715.0,719.0,0.0,66.0,14.0,Joint App,5,High Risk,Manual Review
119279748,11400.0, 60 months,30.94,G,G4,,OWN,49902.72,Not Verified,debt_consolidation,MI,32.25,1.0,710.0,714.0,1.0,32.2,17.0,Individual,6,High Risk,Manual Review
118276898,22000.0, 36 months,24.85,E,E3,< 1 year,RENT,30000.0,Verified,debt_consolidation,WA,69.43,1.0,690.0,694.0,0.0,43.4,13.0,Joint App,6,High Risk,Manual Review
117625400,28500.0, 36 months,30.99,G,G5,,RENT,55000.0,Verified,debt_consolidation,NC,36.83,0.0,665.0,669.0,1.0,69.6,34.0,Joint App,5,High Risk,Manual Review
116878895,33225.0, 60 months,26.3,E,E5,10+ years,MORTGAGE,56000.0,Verified,debt_consolidation,TX,58.1,1.0,685.0,689.0,0.0,54.1,30.0,Joint App,6,High Risk,Manual Review
118692948,12000.0, 60 months,30.65,F,F4,3 years,MORTGAGE,54000.0,Source Verified,other,IL,33.71,0.0,735.0,739.0,1.0,13.6,19.0,Individual,5,High Risk,Manual Review
119293182,24000.0, 36 months,24.85,E,E3,5 years,RENT,112200.0,Verified,debt_consolidation,TX,32.97,0.0,695.0,699.0,1.0,60.0,9.0,Individual,5,High Risk,Manual Review
118637885,10000.0, 36 months,26.3,E,E5,,MORTGAGE,30000.0,Verified,debt_consolidation,GA,37.36,0.0,685.0,689.0,0.0,49.3,11.0,Individual,5,High Risk,Manual Review
118617159,10000.0, 60 months,30.17,F,F3,10+ years,RENT,30000.0,Verified,debt_consolidation,OH,32.76,0.0,680.0,684.0,0.0,58.6,33.0,Individual,5,High Risk,Manual Review
119221315,20000.0, 36 months,30.75,F,F5,10+ years,OWN,45000.0,Verified,debt_consolidation,MI,47.47,0.0,670.0,674.0,0.0,86.4,10.0,Joint App,6,High Risk,Manual Review
118662139,32000.0, 60 months,24.85,E,E3,10+ years,OWN,45000.0,Verified,debt_consolidation,RI,35.6,0.0,695.0,699.0,0.0,53.1,25.0,Joint App,5,High Risk,Manual Review
119279337,12000.0, 60 months,23.88,E,E2,< 1 year,MORTGAGE,50000.0,Not Verified,debt_consolidation,TX,36.17,1.0,715.0,719.0,0.0,41.5,19.0,Joint App,6,High Risk,Manual Review
118678190,21625.0, 60 months,30.94,G,G4,10+ years,MORTGAGE,56928.0,Verified,debt_consolidation,IL,35.6,0.0,675.0,679.0,1.0,77.7,33.0,Individual,5,High Risk,Manual Review
119282299,14050.0, 36 months,19.03,D,D3,6 years,MORTGAGE,40000.0,Source Verified,debt_consolidation,MT,30.33,1.0,660.0,664.0,2.0,80.2,22.0,Individual,5,High Risk,Manual Review
118332380,30000.0, 60 months,30.99,G,G5,10+ years,MORTGAGE,110000.0,Source Verified,debt_consolidation,NJ,31.75,0.0,695.0,699.0,1.0,45.3,30.0,Individual,5,High Risk,Manual Review
118057249,35000.0, 36 months,30.75,F,F5,10+ years,MORTGAGE,80000.0,Source Verified,debt_consolidation,FL,36.18,1.0,670.0,674.0,2.0,67.8,22.0,Individual,6,High Risk,Manual Review
118238993,21000.0, 36 months,21.45,D,D5,10+ years,MORTGAGE,55000.0,Verified,debt_consolidation,TN,31.99,1.0,670.0,674.0,1.0,80.8,39.0,Individual,5,High Risk,Manual Review
117290265,11475.0, 36 months,25.82,E,E4,,MORTGAGE,94800.0,Verified,home_improvement,OK,30.58,0.0,660.0,664.0,1.0,80.0,34.0,Individual,5,High Risk,Manual Review
118676887,7000.0, 36 months,30.65,F,F4,,OWN,25785.0,Verified,credit_card,KY,35.2,0.0,665.0,669.0,0.0,63.0,15.0,Individual,5,High Risk,Manual Review
118165725,35000.0, 36 months,25.82,E,E4,,MORTGAGE,10368.0,Verified,debt_consolidation,NM,50.58,1.0,660.0,664.0,0.0,87.8,9.0,Joint App,7,High Risk,Manual Review
119264233,20000.0, 60 months,30.94,G,G4,9 years,MORTGAGE,45000.0,Source Verified,debt_consolidation,CA,38.19,0.0,675.0,679.0,0.0,74.2,20.0,Individual,5,High Risk,Manual Review
118337076,35000.0, 36 months,19.03,D,D3,,MORTGAGE,250000.0,Verified,home_improvement,CA,32.92,1.0,675.0,679.0,1.0,80.9,35.0,Individual,5,High Risk,Manual Review
116843253,25000.0, 36 months,30.99,G,G5,,MORTGAGE,35000.0,Verified,debt_consolidation,TX,68.42,0.0,660.0,664.0,1.0,80.2,21.0,Joint App,6,High Risk,Manual Review
119226495,32000.0, 36 months,23.88,E,E2,4 years,OWN,80649.0,Verified,debt_consolidation,AK,36.82,0.0,690.0,694.0,0.0,80.1,20.0,Individual,6,High Risk,Manual Review
119199945,4050.0, 36 months,26.3,E,E5,,OWN,11271.0,Verified,other,WI,31.31,0.0,680.0,684.0,0.0,49.0,9.0,Individual,5,High Risk,Manual Review
118632395,10000.0, 60 months,26.3,E,E5,,RENT,28000.0,Verified,credit_card,CA,18.35,1.0,665.0,669.0,1.0,85.1,14.0,Individual,5,High Risk,Manual Review
119218211,14000.0, 60 months,30.99,G,G5,< 1 year,MORTGAGE,40000.0,Source Verified,debt_consolidation,CA,36.21,0.0,670.0,674.0,0.0,89.0,19.0,Joint App,6,High Risk,Manual Review
118323659,30000.0, 60 months,26.3,E,E5,10+ years,MORTGAGE,65000.0,Verified,home_improvement,NY,43.09,2.0,680.0,684.0,0.0,46.4,20.0,Joint App,6,High Risk,Manual Review
118673317,25000.0, 60 months,30.79,G,G1,5 years,RENT,120000.0,Verified,debt_consolidation,MN,35.43,0.0,665.0,669.0,0.0,68.3,24.0,Individual,5,High Risk,Manual Review
119253762,38425.0, 36 months,30.75,F,F5,6 years,RENT,120000.0,Verified,debt_consolidation,FL,30.73,0.0,705.0,709.0,0.0,93.5,21.0,Individual,6,High Risk,Manual Review
118257692,21000.0, 36 months,22.91,E,E1,1 year,MORTGAGE,49000.0,Verified,debt_consolidation,IL,30.05,0.0,690.0,694.0,1.0,52.7,12.0,Joint App,5,High Risk,Manual Review
118239347,10000.0, 60 months,30.84,G,G2,10+ years,MORTGAGE,84000.0,Verified,debt_consolidation,CT,32.19,0.0,670.0,674.0,1.0,56.6,54.0,Individual,5,High Risk,Manual Review
119258678,14725.0, 60 months,30.17,F,F3,,MORTGAGE,35076.0,Not Verified,debt_consolidation,SD,32.84,0.0,675.0,679.0,0.0,67.6,30.0,Individual,5,High Risk,Manual Review
117278162,12000.0, 60 months,24.85,E,E3,4 years,RENT,30000.0,Verified,debt_consolidation,SC,34.72,0.0,700.0,704.0,0.0,14.6,12.0,Individual,5,High Risk,Manual Review
118647287,35000.0, 60 months,25.82,E,E4,< 1 year,RENT,7255.0,Verified,debt_consolidation,MO,273.18,0.0,680.0,684.0,2.0,86.2,28.0,Joint App,6,High Risk,Manual Review
119253128,5000.0, 36 months,30.17,F,F3,10+ years,RENT,59791.0,Verified,debt_consolidation,SC,39.82,0.0,680.0,684.0,0.0,78.3,32.0,Individual,5,High Risk,Manual Review
118225300,12000.0, 36 months,24.85,E,E3,10+ years,MORTGAGE,54432.0,Not Verified,medical,CA,30.84,1.0,690.0,694.0,1.0,49.6,23.0,Individual,6,High Risk,Manual Review
116838766,35000.0, 36 months,30.94,G,G4,10+ years,MORTGAGE,180000.0,Not Verified,credit_card,NJ,32.17,0.0,665.0,669.0,1.0,99.8,39.0,Individual,6,High Risk,Manual Review
118601047,15000.0, 60 months,30.65,F,F4,< 1 year,MORTGAGE,58000.0,Verified,debt_consolidation,OR,34.91,0.0,675.0,679.0,0.0,77.3,31.0,Individual,5,High Risk,Manual Review
119257729,30000.0, 36 months,23.88,E,E2,6 years,RENT,69490.0,Source Verified,credit_card,KY,31.62,0.0,715.0,719.0,0.0,75.4,20.0,Individual,5,High Risk,Manual Review
119256795,14000.0, 60 months,21.45,D,D5,3 years,MORTGAGE,40000.0,Verified,other,NM,32.28,3.0,670.0,674.0,0.0,82.8,47.0,Individual,5,High Risk,Manual Review
118678295,11000.0, 60 months,23.88,E,E2,9 years,RENT,52000.0,Not Verified,debt_consolidation,TX,33.35,0.0,695.0,699.0,0.0,38.6,28.0,Individual,5,High Risk,Manual Review
116882972,35000.0, 36 months,26.3,E,E5,2 years,RENT,24000.0,Source Verified,debt_consolidation,LA,195.72,0.0,680.0,684.0,0.0,69.3,19.0,Joint App,5,High Risk,Manual Review
119269202,20000.0, 60 months,30.65,F,F4,5 years,RENT,89000.0,Verified,debt_consolidation,MD,34.52,3.0,665.0,669.0,0.0,58.3,26.0,Individual,6,High Risk,Manual Review
118387509,40000.0, 60 months,24.85,E,E3,< 1 year,MORTGAGE,130000.0,Verified,credit_card,OR,33.16,1.0,685.0,689.0,0.0,83.8,33.0,Joint App,7,High Risk,Manual Review
118677819,10075.0, 60 months,30.65,F,F4,4 years,RENT,53000.0,Not Verified,debt_consolidation,MA,34.42,0.0,695.0,699.0,0.0,69.0,17.0,Individual,5,High Risk,Manual Review
119233762,3000.0, 36 months,24.85,E,E3,,RENT,16500.0,Verified,other,NY,38.41,1.0,665.0,669.0,0.0,67.8,9.0,Individual,6,High Risk,Manual Review
119222537,8000.0, 36 months,24.85,E,E3,10+ years,MORTGAGE,53494.0,Verified,moving,VA,34.15,0.0,675.0,679.0,1.0,85.8,20.0,Individual,6,High Risk,Manual Review
119256374,36000.0, 36 months,26.3,E,E5,10+ years,MORTGAGE,95000.0,Source Verified,other,LA,26.12,1.0,685.0,689.0,0.0,82.9,41.0,Individual,5,High Risk,Manual Review
119234751,16375.0, 36 months,30.17,F,F3,10+ years,RENT,65000.0,Not Verified,debt_consolidation,TX,37.7,1.0,695.0,699.0,0.0,53.0,19.0,Individual,6,High Risk,Manual Review
119254502,6400.0, 36 months,22.91,E,E1,10+ years,MORTGAGE,46000.0,Verified,home_improvement,IL,33.95,0.0,670.0,674.0,1.0,18.1,34.0,Individual,5,High Risk,Manual Review
116565275,27600.0, 36 months,30.75,F,F5,< 1 year,RENT,60000.0,Verified,other,NY,17.91,1.0,675.0,679.0,0.0,81.8,10.0,Individual,5,High Risk,Manual Review
119242789,12825.0, 60 months,28.72,F,F1,6 years,RENT,70000.0,Source Verified,debt_consolidation,CA,32.86,0.0,675.0,679.0,0.0,92.1,28.0,Individual,6,High Risk,Manual Review
118016015,16675.0, 36 months,22.91,E,E1,10+ years,MORTGAGE,55422.0,Verified,debt_consolidation,HI,24.88,2.0,665.0,669.0,1.0,89.0,16.0,Individual,5,High Risk,Manual Review
118607946,20000.0, 60 months,30.79,G,G1,10+ years,RENT,62400.0,Verified,debt_consolidation,CA,38.92,0.0,675.0,679.0,0.0,91.0,38.0,Individual,6,High Risk,Manual Review
118607475,20000.0, 60 months,26.3,E,E5,3 years,RENT,62000.0,Source Verified,debt_consolidation,IL,31.36,0.0,665.0,669.0,1.0,30.8,38.0,Individual,5,High Risk,Manual Review
117965651,19200.0, 60 months,18.06,D,D2,9 years,RENT,64000.0,Source Verified,debt_consolidation,NV,30.79,2.0,665.0,669.0,0.0,81.6,19.0,Individual,5,High Risk,Manual Review
119228800,14000.0, 36 months,23.88,E,E2,< 1 year,MORTGAGE,86000.0,Verified,debt_consolidation,AZ,37.06,0.0,660.0,664.0,1.0,84.4,28.0,Individual,6,High Risk,Manual Review
114112668,13000.0, 60 months,30.65,F,F4,2 years,RENT,100000.0,Source Verified,debt_consolidation,NY,33.91,0.0,700.0,704.0,2.0,67.4,25.0,Individual,5,High Risk,Manual Review
119197342,5000.0, 36 months,22.91,E,E1,3 years,RENT,30000.0,Verified,debt_consolidation,SC,32.63,2.0,660.0,664.0,0.0,40.1,13.0,Individual,6,High Risk,Manual Review
118608481,17000.0, 60 months,25.82,E,E4,10+ years,MORTGAGE,61651.2,Verified,debt_consolidation,WI,32.24,0.0,700.0,704.0,0.0,60.5,22.0,Individual,5,High Risk,Manual Review
118617745,20000.0, 60 months,26.3,E,E5,10+ years,OWN,89000.0,Verified,debt_consolidation,TX,18.23,2.0,660.0,664.0,0.0,83.8,36.0,Individual,5,High Risk,Manual Review
119246522,7800.0, 36 months,26.3,E,E5,< 1 year,MORTGAGE,29000.0,Not Verified,credit_card,TN,36.71,0.0,685.0,689.0,1.0,58.5,18.0,Individual,5,High Risk,Manual Review
119214802,8625.0, 36 months,24.85,E,E3,,MORTGAGE,25400.0,Not Verified,debt_consolidation,MD,37.38,0.0,675.0,679.0,0.0,95.1,16.0,Individual,6,High Risk,Manual Review
118658865,40000.0, 36 months,26.3,E,E5,< 1 year,MORTGAGE,110000.0,Verified,house,MI,34.27,0.0,710.0,714.0,1.0,34.4,33.0,Individual,5,High Risk,Manual Review
119216541,14700.0, 60 months,26.3,E,E5,4 years,MORTGAGE,55000.0,Verified,debt_consolidation,AL,30.09,3.0,675.0,679.0,0.0,77.0,30.0,Individual,6,High Risk,Manual Review
119194540,26000.0, 60 months,28.72,F,F1,< 1 year,RENT,30000.0,Verified,debt_consolidation,CO,42.68,0.0,675.0,679.0,0.0,69.0,14.0,Joint App,5,High Risk,Manual Review
118608191,10000.0, 60 months,16.02,C,C5,10+ years,MORTGAGE,32000.0,Verified,car,MI,30.98,1.0,705.0,709.0,2.0,93.1,11.0,Individual,5,High Risk,Manual Review
118655622,30000.0, 60 months,16.02,C,C5,1 year,MORTGAGE,75000.0,Verified,debt_consolidation,OK,31.46,1.0,715.0,719.0,1.0,91.5,20.0,Individual,5,High Risk,Manual Review
116805447,9900.0, 36 months,24.85,E,E3,,MORTGAGE,23760.0,Verified,debt_consolidation,LA,80.86,0.0,670.0,674.0,0.0,83.7,25.0,Joint App,6,High Risk,Manual Review
119239588,13000.0, 36 months,30.84,G,G2,8 years,RENT,37000.0,Verified,debt_consolidation,NE,39.77,0.0,660.0,664.0,1.0,37.8,22.0,Individual,5,High Risk,Manual Review
119252122,9900.0, 36 months,24.85,E,E3,1 year,OWN,26000.0,Verified,debt_consolidation,SC,36.06,0.0,680.0,684.0,0.0,85.1,6.0,Individual,6,High Risk,Manual Review
118679511,20000.0, 60 months,30.65,F,F4,< 1 year,RENT,70000.0,Verified,debt_consolidation,TX,45.05,0.0,665.0,669.0,0.0,47.5,33.0,Joint App,5,High Risk,Manual Review
119250424,22300.0, 36 months,22.91,E,E1,5 years,OWN,60000.0,Not Verified,debt_consolidation,AR,30.12,3.0,665.0,669.0,1.0,71.0,20.0,Individual,6,High Risk,Manual Review
119247175,25000.0, 36 months,24.85,E,E3,8 years,MORTGAGE,53000.0,Source Verified,debt_consolidation,TX,30.87,0.0,725.0,729.0,0.0,85.3,32.0,Individual,6,High Risk,Manual Review
118330644,35000.0, 36 months,30.99,G,G5,4 years,MORTGAGE,84537.0,Verified,debt_consolidation,MD,30.14,0.0,665.0,669.0,1.0,91.0,46.0,Joint App,6,High Risk,Manual Review
118264019,36000.0, 60 months,30.65,F,F4,< 1 year,RENT,30000.0,Verified,debt_consolidation,CO,51.16,0.0,680.0,684.0,1.0,77.1,22.0,Joint App,5,High Risk,Manual Review
119124909,2500.0, 36 months,25.82,E,E4,,MORTGAGE,25896.0,Not Verified,other,FL,32.65,0.0,670.0,674.0,0.0,33.2,24.0,Individual,5,High Risk,Manual Review
115693262,8000.0, 36 months,24.85,E,E3,7 years,OWN,39520.0,Source Verified,debt_consolidation,LA,35.38,0.0,685.0,689.0,0.0,63.0,30.0,Individual,5,High Risk,Manual Review
119240479,32000.0, 60 months,23.88,E,E2,< 1 year,MORTGAGE,130000.0,Verified,debt_consolidation,MA,19.85,3.0,665.0,669.0,0.0,100.8,25.0,Individual,5,High Risk,Manual Review
119223958,12000.0, 60 months,26.3,E,E5,3 years,RENT,66000.0,Source Verified,debt_consolidation,MD,15.33,1.0,665.0,669.0,1.0,98.3,11.0,Individual,5,High Risk,Manual Review
118184784,12000.0, 36 months,23.88,E,E2,6 years,MORTGAGE,55000.0,Source Verified,debt_consolidation,TN,33.54,0.0,660.0,664.0,1.0,43.1,33.0,Individual,5,High Risk,Manual Review
118679323,36000.0, 36 months,26.3,E,E5,8 years,MORTGAGE,32000.0,Verified,debt_consolidation,OK,54.39,0.0,680.0,684.0,0.0,77.8,26.0,Joint App,5,High Risk,Manual Review
118477516,13175.0, 36 months,25.82,E,E4,1 year,MORTGAGE,130000.0,Source Verified,debt_consolidation,CA,30.66,0.0,660.0,664.0,0.0,71.8,12.0,Individual,5,High Risk,Manual Review
118650662,9600.0, 36 months,22.91,E,E1,1 year,MORTGAGE,24000.0,Verified,debt_consolidation,MI,39.7,0.0,665.0,669.0,0.0,85.7,13.0,Joint App,6,High Risk,Manual Review
118678357,20000.0, 36 months,24.85,E,E3,,MORTGAGE,25000.0,Verified,debt_consolidation,TN,51.99,0.0,660.0,664.0,0.0,97.2,22.0,Joint App,6,High Risk,Manual Review
119127242,10000.0, 60 months,23.88,E,E2,10+ years,RENT,32000.0,Source Verified,debt_consolidation,MD,34.43,0.0,660.0,664.0,0.0,43.1,26.0,Individual,5,High Risk,Manual Review
118666563,16575.0, 36 months,26.3,E,E5,,OWN,23400.0,Verified,debt_consolidation,MO,54.76,0.0,675.0,679.0,0.0,90.6,13.0,Joint App,6,High Risk,Manual Review
118638502,21000.0, 60 months,30.99,G,G5,10+ years,MORTGAGE,62500.0,Verified,debt_consolidation,TX,38.27,3.0,705.0,709.0,2.0,37.4,29.0,Individual,6,High Risk,Manual Review
119235706,9600.0, 36 months,26.3,E,E5,1 year,RENT,32000.0,Not Verified,debt_consolidation,CA,36.31,1.0,670.0,674.0,0.0,55.8,22.0,Individual,6,High Risk,Manual Review
119197723,28000.0, 60 months,23.88,E,E2,6 years,MORTGAGE,65000.0,Verified,debt_consolidation,IN,39.81,0.0,660.0,664.0,1.0,59.0,37.0,Joint App,5,High Risk,Manual Review
119213404,40000.0, 60 months,24.85,E,E3,5 years,RENT,55000.0,Verified,debt_consolidation,FL,41.35,0.0,680.0,684.0,0.0,83.4,24.0,Joint App,6,High Risk,Manual Review
117606565,12600.0, 36 months,30.65,F,F4,9 years,MORTGAGE,30000.0,Verified,debt_consolidation,NJ,36.64,0.0,670.0,674.0,0.0,27.6,40.0,Individual,5,High Risk,Manual Review
118282297,6000.0, 36 months,25.82,E,E4,4 years,MORTGAGE,92000.0,Verified,credit_card,PA,34.03,0.0,670.0,674.0,1.0,46.9,30.0,Individual,5,High Risk,Manual Review
119045074,2000.0, 36 months,24.85,E,E3,2 years,RENT,35000.0,Not Verified,debt_consolidation,CA,36.18,0.0,715.0,719.0,3.0,0.0,11.0,Individual,5,High Risk,Manual Review
119225802,18000.0, 60 months,25.82,E,E4,3 years,MORTGAGE,28000.0,Not Verified,debt_consolidation,NJ,35.92,1.0,660.0,664.0,1.0,69.9,28.0,Joint App,6,High Risk,Manual Review
118600148,35000.0, 36 months,30.79,G,G1,10+ years,MORTGAGE,142000.0,Verified,debt_consolidation,CO,36.24,0.0,690.0,694.0,0.0,88.2,25.0,Individual,6,High Risk,Manual Review
119123797,4000.0, 36 months,26.3,E,E5,1 year,OWN,15000.0,Verified,medical,NV,36.56,0.0,720.0,724.0,1.0,35.9,4.0,Individual,5,High Risk,Manual Review
118636931,14000.0, 60 months,30.75,F,F5,9 years,MORTGAGE,55000.0,Verified,debt_consolidation,GA,37.64,0.0,705.0,709.0,1.0,17.6,56.0,Individual,5,High Risk,Manual Review
118665177,6000.0, 36 months,24.85,E,E3,10+ years,MORTGAGE,70000.0,Verified,medical,TX,52.73,0.0,660.0,664.0,0.0,88.8,33.0,Joint App,6,High Risk,Manual Review
118218409,13125.0, 60 months,24.85,E,E3,,RENT,13000.0,Verified,debt_consolidation,PA,92.98,0.0,680.0,684.0,0.0,95.5,14.0,Joint App,6,High Risk,Manual Review
118676383,22000.0, 60 months,30.17,F,F3,4 years,RENT,50000.0,Verified,debt_consolidation,CA,33.92,1.0,660.0,664.0,0.0,86.4,27.0,Individual,7,High Risk,Manual Review
119197483,10000.0, 60 months,30.79,G,G1,2 years,RENT,30000.0,Verified,debt_consolidation,CA,36.76,1.0,680.0,684.0,0.0,72.2,12.0,Individual,6,High Risk,Manual Review
118617978,10000.0, 36 months,30.79,G,G1,1 year,RENT,39520.0,Source Verified,debt_consolidation,CA,31.22,0.0,660.0,664.0,1.0,57.4,11.0,Individual,5,High Risk,Manual Review
118943937,8000.0, 36 months,23.88,E,E2,4 years,MORTGAGE,49992.0,Verified,other,MI,34.47,0.0,785.0,789.0,1.0,21.3,19.0,Individual,5,High Risk,Manual Review
116921738,20000.0, 60 months,30.17,F,F3,< 1 year,MORTGAGE,95000.0,Source Verified,debt_consolidation,CA,30.63,0.0,660.0,664.0,1.0,86.1,28.0,Joint App,6,High Risk,Manual Review
118664307,12000.0, 60 months,26.3,E,E5,10+ years,MORTGAGE,35000.0,Verified,debt_consolidation,AL,40.74,0.0,665.0,669.0,0.0,26.0,11.0,Joint App,5,High Risk,Manual Review
118637946,15000.0, 36 months,26.3,E,E5,7 years,OWN,41500.0,Verified,debt_consolidation,MS,37.16,0.0,675.0,679.0,2.0,56.1,19.0,Individual,5,High Risk,Manual Review
119197050,30000.0, 60 months,30.65,F,F4,10+ years,RENT,80000.0,Verified,debt_consolidation,CA,34.91,0.0,710.0,714.0,0.0,81.0,14.0,Individual,6,High Risk,Manual Review
118654683,30000.0, 60 months,26.3,E,E5,< 1 year,MORTGAGE,26000.0,Verified,debt_consolidation,TX,48.29,0.0,680.0,684.0,0.0,64.0,22.0,Joint App,5,High Risk,Manual Review
119196870,25350.0, 60 months,30.99,G,G5,< 1 year,RENT,86000.0,Verified,home_improvement,NV,33.64,0.0,665.0,669.0,0.0,89.6,24.0,Individual,6,High Risk,Manual Review
118602466,10000.0, 60 months,26.3,E,E5,,OWN,29470.0,Not Verified,debt_consolidation,TX,38.74,0.0,695.0,699.0,0.0,49.7,10.0,Individual,5,High Risk,Manual Review
119221393,10000.0, 60 months,26.3,E,E5,8 years,MORTGAGE,30000.0,Verified,debt_consolidation,FL,35.87,0.0,695.0,699.0,0.0,71.9,16.0,Individual,5,High Risk,Manual Review
119198450,3500.0, 36 months,25.82,E,E4,10+ years,RENT,70000.0,Verified,debt_consolidation,OR,12.82,1.0,670.0,674.0,1.0,101.5,42.0,Individual,5,High Risk,Manual Review
118167887,10000.0, 60 months,30.99,G,G5,10+ years,OWN,82500.0,Verified,credit_card,TX,37.1,1.0,695.0,699.0,3.0,68.9,48.0,Individual,6,High Risk,Manual Review
118215070,19375.0, 60 months,30.17,F,F3,4 years,MORTGAGE,45000.0,Verified,other,TX,39.76,0.0,680.0,684.0,0.0,57.7,31.0,Individual,5,High Risk,Manual Review
119220339,20000.0, 60 months,30.89,G,G3,3 years,MORTGAGE,80000.0,Source Verified,debt_consolidation,CO,32.22,0.0,660.0,664.0,0.0,59.5,31.0,Individual,5,High Risk,Manual Review
119218375,32000.0, 36 months,23.88,E,E2,< 1 year,RENT,155000.0,Verified,debt_consolidation,TX,17.84,2.0,665.0,669.0,0.0,85.8,34.0,Joint App,5,High Risk,Manual Review
119196096,13800.0, 60 months,29.69,F,F2,10+ years,MORTGAGE,200000.0,Verified,other,CA,8.11,5.0,690.0,694.0,0.0,82.7,38.0,Individual,5,High Risk,Manual Review
118607671,25000.0, 36 months,25.82,E,E4,3 years,RENT,68635.18,Verified,debt_consolidation,IL,35.22,0.0,675.0,679.0,2.0,63.9,17.0,Individual,5,High Risk,Manual Review
118275734,18000.0, 60 months,26.3,E,E5,1 year,MORTGAGE,60000.0,Source Verified,debt_consolidation,CA,37.72,0.0,685.0,689.0,1.0,52.7,28.0,Individual,5,High Risk,Manual Review
118310088,4800.0, 36 months,15.05,C,C4,,RENT,27000.0,Verified,medical,GA,37.64,1.0,665.0,669.0,0.0,87.6,25.0,Individual,5,High Risk,Manual Review
119220383,35000.0, 36 months,30.94,G,G4,< 1 year,MORTGAGE,89414.0,Source Verified,debt_consolidation,GA,31.09,0.0,675.0,679.0,0.0,63.5,53.0,Individual,5,High Risk,Manual Review
113051813,16000.0, 60 months,26.3,E,E5,9 years,OWN,47500.0,Source Verified,debt_consolidation,FL,38.05,2.0,670.0,674.0,0.0,84.1,16.0,Individual,7,High Risk,Manual Review
119199240,30000.0, 60 months,26.3,E,E5,10+ years,MORTGAGE,96000.0,Source Verified,debt_consolidation,VA,38.48,1.0,680.0,684.0,1.0,53.3,31.0,Individual,6,High Risk,Manual Review
117290514,10000.0, 60 months,30.94,G,G4,10+ years,OWN,118000.0,Source Verified,debt_consolidation,NJ,22.85,1.0,660.0,664.0,0.0,83.3,29.0,Individual,5,High Risk,Manual Review
118607637,15000.0, 60 months,26.3,E,E5,10+ years,MORTGAGE,70000.0,Source Verified,debt_consolidation,NC,33.28,3.0,660.0,664.0,0.0,88.5,26.0,Individual,7,High Risk,Manual Review
117937524,22400.0, 60 months,24.85,E,E3,,RENT,62000.0,Verified,debt_consolidation,UT,31.01,1.0,680.0,684.0,0.0,64.4,56.0,Individual,6,High Risk,Manual Review
118678120,4700.0, 36 months,18.06,D,D2,10+ years,MORTGAGE,81000.0,Source Verified,debt_consolidation,OH,37.07,2.0,705.0,709.0,0.0,94.5,17.0,Individual,5,High Risk,Manual Review
118633593,24000.0, 60 months,30.99,G,G5,3 years,MORTGAGE,38000.0,Verified,debt_consolidation,FL,36.01,0.0,665.0,669.0,1.0,65.0,14.0,Joint App,5,High Risk,Manual Review
118182184,32000.0, 60 months,25.82,E,E4,4 years,RENT,65000.0,Verified,major_purchase,CA,32.7,0.0,710.0,714.0,0.0,98.1,20.0,Individual,6,High Risk,Manual Review
118333927,19375.0, 36 months,26.3,E,E5,4 years,MORTGAGE,26374.41,Verified,debt_consolidation,AL,36.64,0.0,660.0,664.0,0.0,60.0,16.0,Joint App,5,High Risk,Manual Review
117583505,30000.0, 36 months,24.85,E,E3,10+ years,MORTGAGE,65000.0,Verified,debt_consolidation,KY,45.13,0.0,705.0,709.0,1.0,84.1,30.0,Joint App,6,High Risk,Manual Review
118163832,18000.0, 60 months,20.0,D,D4,10+ years,RENT,47000.0,Source Verified,debt_consolidation,FL,38.25,4.0,660.0,664.0,0.0,81.8,27.0,Individual,5,High Risk,Manual Review
118240629,9050.0, 36 months,15.05,C,C4,10+ years,MORTGAGE,95000.0,Source Verified,debt_consolidation,OH,33.74,1.0,685.0,689.0,0.0,81.6,22.0,Joint App,5,High Risk,Manual Review
119202369,4000.0, 36 months,22.91,E,E1,10+ years,MORTGAGE,165000.0,Source Verified,debt_consolidation,MN,6.74,1.0,710.0,714.0,0.0,85.2,10.0,Individual,5,High Risk,Manual Review
118653059,32000.0, 60 months,25.82,E,E4,9 years,MORTGAGE,91000.0,Source Verified,debt_consolidation,OH,31.52,0.0,685.0,689.0,1.0,47.0,49.0,Individual,5,High Risk,Manual Review
117289874,21150.0, 60 months,24.85,E,E3,2 years,RENT,46000.0,Source Verified,credit_card,VA,34.91,0.0,685.0,689.0,1.0,56.1,45.0,Individual,5,High Risk,Manual Review
118206694,6000.0, 36 months,26.3,E,E5,10+ years,RENT,85000.0,Source Verified,credit_card,NM,32.93,1.0,660.0,664.0,0.0,87.1,29.0,Individual,7,High Risk,Manual Review
117850144,26000.0, 60 months,30.99,G,G5,10+ years,MORTGAGE,65000.0,Verified,debt_consolidation,OH,36.65,0.0,710.0,714.0,0.0,51.6,36.0,Individual,5,High Risk,Manual Review
118317306,6000.0, 36 months,26.3,E,E5,4 years,MORTGAGE,35000.0,Verified,debt_consolidation,VA,37.59,0.0,705.0,709.0,0.0,33.1,23.0,Individual,5,High Risk,Manual Review
118018409,16000.0, 60 months,30.75,F,F5,2 years,RENT,41000.0,Source Verified,debt_consolidation,WI,31.26,0.0,690.0,694.0,0.0,78.5,24.0,Individual,5,High Risk,Manual Review
118634174,20000.0, 60 months,30.84,G,G2,< 1 year,RENT,47792.0,Verified,debt_consolidation,OK,36.71,0.0,660.0,664.0,1.0,60.3,58.0,Individual,5,High Risk,Manual Review
118005575,35000.0, 60 months,30.79,G,G1,10+ years,MORTGAGE,65000.0,Verified,debt_consolidation,WI,32.45,0.0,690.0,694.0,2.0,97.0,20.0,Joint App,6,High Risk,Manual Review
119198269,13000.0, 60 months,26.3,E,E5,1 year,MORTGAGE,125000.0,Not Verified,debt_consolidation,TX,15.9,1.0,660.0,664.0,0.0,84.6,17.0,Individual,5,High Risk,Manual Review
118312601,18000.0, 60 months,26.3,E,E5,10+ years,MORTGAGE,62000.0,Source Verified,debt_consolidation,MI,37.96,0.0,680.0,684.0,1.0,53.7,43.0,Individual,5,High Risk,Manual Review
118241259,22000.0, 60 months,30.75,F,F5,10+ years,MORTGAGE,63000.0,Source Verified,credit_card,MO,32.9,0.0,670.0,674.0,1.0,84.2,22.0,Individual,6,High Risk,Manual Review
117237259,35000.0, 60 months,24.85,E,E3,10+ years,MORTGAGE,83000.0,Verified,credit_card,MD,47.22,0.0,715.0,719.0,0.0,38.1,21.0,Joint App,5,High Risk,Manual Review
118692082,11200.0, 60 months,30.79,G,G1,10+ years,MORTGAGE,39500.0,Verified,credit_card,MI,36.29,0.0,715.0,719.0,0.0,29.8,19.0,Individual,5,High Risk,Manual Review
118663796,6000.0, 36 months,26.3,E,E5,2 years,RENT,30000.0,Source Verified,debt_consolidation,GA,33.43,0.0,705.0,709.0,0.0,70.8,16.0,Individual,5,High Risk,Manual Review
118668785,15000.0, 60 months,30.75,F,F5,10+ years,RENT,45406.0,Verified,debt_consolidation,GA,31.06,0.0,665.0,669.0,1.0,83.1,22.0,Joint App,6,High Risk,Manual Review
118059109,3500.0, 36 months,24.85,E,E3,1 year,OWN,14000.0,Verified,other,IL,37.91,0.0,695.0,699.0,0.0,39.4,10.0,Individual,5,High Risk,Manual Review
118269971,30000.0, 60 months,26.3,E,E5,10+ years,MORTGAGE,70000.0,Verified,home_improvement,TX,31.29,0.0,755.0,759.0,0.0,34.3,30.0,Individual,5,High Risk,Manual Review
118334270,25000.0, 60 months,26.3,E,E5,10+ years,MORTGAGE,90000.0,Source Verified,debt_consolidation,AL,32.29,0.0,675.0,679.0,0.0,74.5,27.0,Individual,5,High Risk,Manual Review
118306265,15725.0, 60 months,24.85,E,E3,10+ years,MORTGAGE,47760.0,Not Verified,debt_consolidation,CA,33.64,0.0,685.0,689.0,1.0,43.2,26.0,Individual,5,High Risk,Manual Review
117275652,5925.0, 36 months,22.91,E,E1,10+ years,RENT,18000.0,Source Verified,credit_card,CA,33.67,0.0,720.0,724.0,0.0,77.6,5.0,Individual,5,High Risk,Manual Review
118336867,24000.0, 36 months,26.3,E,E5,3 years,MORTGAGE,110000.0,Verified,debt_consolidation,RI,32.16,0.0,680.0,684.0,0.0,64.9,18.0,Individual,5,High Risk,Manual Review
117289709,12000.0, 60 months,30.75,F,F5,,RENT,53000.0,Source Verified,debt_consolidation,MD,31.2,0.0,690.0,694.0,0.0,98.5,35.0,Individual,6,High Risk,Manual Review
118246999,10000.0, 60 months,26.3,E,E5,5 years,OWN,50180.0,Source Verified,debt_consolidation,MI,31.6,1.0,705.0,709.0,0.0,41.0,28.0,Individual,6,High Risk,Manual Review
118457316,35000.0, 36 months,24.85,E,E3,4 years,RENT,50000.0,Verified,debt_consolidation,HI,41.28,3.0,665.0,669.0,0.0,47.2,31.0,Joint App,6,High Risk,Manual Review
118223316,32000.0, 60 months,25.82,E,E4,2 years,MORTGAGE,60000.0,Source Verified,debt_consolidation,FL,35.76,0.0,700.0,704.0,1.0,75.8,22.0,Joint App,5,High Risk,Manual Review
118605383,25000.0, 36 months,23.88,E,E2,3 years,MORTGAGE,50000.0,Verified,debt_consolidation,TX,52.81,0.0,735.0,739.0,0.0,26.1,29.0,Joint App,5,High Risk,Manual Review
118317669,10000.0, 36 months,23.88,E,E2,4 years,RENT,65000.0,Source Verified,other,NY,30.56,0.0,685.0,689.0,0.0,98.9,19.0,Joint App,6,High Risk,Manual Review
118311355,16000.0, 60 months,26.3,E,E5,,RENT,29400.0,Source Verified,debt_consolidation,NJ,44.57,1.0,670.0,674.0,0.0,57.6,19.0,Joint App,6,High Risk,Manual Review
118653656,8500.0, 36 months,24.85,E,E3,6 years,RENT,25000.0,Not Verified,credit_card,AZ,34.13,0.0,710.0,714.0,0.0,86.0,10.0,Individual,6,High Risk,Manual Review
118224259,25725.0, 36 months,26.3,E,E5,< 1 year,MORTGAGE,11000.0,Verified,debt_consolidation,IL,168.34,0.0,665.0,669.0,1.0,62.3,81.0,Joint App,5,High Risk,Manual Review
118258361,7350.0, 36 months,22.91,E,E1,10+ years,RENT,23000.0,Source Verified,debt_consolidation,WA,34.39,0.0,710.0,714.0,0.0,69.4,17.0,Individual,5,High Risk,Manual Review
118223486,15000.0, 60 months,30.99,G,G5,10+ years,MORTGAGE,60000.0,Source Verified,debt_consolidation,MO,32.14,0.0,725.0,729.0,2.0,17.7,21.0,Individual,5,High Risk,Manual Review
117272801,40000.0, 60 months,25.82,E,E4,10+ years,MORTGAGE,82000.0,Verified,debt_consolidation,CT,40.54,0.0,715.0,719.0,1.0,72.6,31.0,Joint App,5,High Risk,Manual Review
118296416,5925.0, 36 months,23.88,E,E2,,OWN,15600.0,Verified,debt_consolidation,MI,38.08,0.0,715.0,719.0,1.0,30.4,16.0,Individual,5,High Risk,Manual Review
118636782,18900.0, 60 months,30.65,F,F4,2 years,MORTGAGE,55000.0,Source Verified,debt_consolidation,OR,24.72,6.0,670.0,674.0,0.0,96.9,14.0,Individual,5,High Risk,Manual Review
118559188,26400.0, 60 months,30.79,G,G1,5 years,MORTGAGE,85000.0,Source Verified,debt_consolidation,PA,31.44,0.0,660.0,664.0,2.0,58.6,44.0,Individual,5,High Risk,Manual Review
118236859,20000.0, 60 months,30.89,G,G3,< 1 year,MORTGAGE,22000.0,Not Verified,debt_consolidation,LA,132.73,1.0,670.0,674.0,0.0,64.0,22.0,Joint App,6,High Risk,Manual Review
118331630,10000.0, 60 months,30.65,F,F4,8 years,OWN,52000.0,Source Verified,debt_consolidation,IN,36.68,0.0,680.0,684.0,3.0,30.3,32.0,Individual,5,High Risk,Manual Review
118668555,6000.0, 36 months,26.3,E,E5,8 years,MORTGAGE,48000.0,Verified,other,NV,34.78,0.0,695.0,699.0,0.0,45.8,21.0,Individual,5,High Risk,Manual Review
117139113,17200.0, 60 months,30.17,F,F3,10+ years,MORTGAGE,37400.0,Verified,credit_card,ME,34.47,1.0,680.0,684.0,0.0,58.4,40.0,Individual,6,High Risk,Manual Review
118271554,33650.0, 60 months,30.79,G,G1,7 years,OWN,100000.0,Verified,debt_consolidation,NC,35.95,0.0,710.0,714.0,1.0,69.3,15.0,Individual,5,High Risk,Manual Review
117557044,5000.0, 36 months,22.91,E,E1,1 year,RENT,60000.0,Source Verified,other,WA,34.34,0.0,720.0,724.0,3.0,66.3,28.0,Joint App,5,High Risk,Manual Review
118242080,15000.0, 60 months,26.3,E,E5,10+ years,MORTGAGE,73000.0,Source Verified,debt_consolidation,VA,37.09,0.0,710.0,714.0,0.0,81.6,17.0,Individual,6,High Risk,Manual Review
118634661,35000.0, 36 months,18.06,D,D2,< 1 year,MORTGAGE,50000.0,Verified,debt_consolidation,MN,49.76,2.0,670.0,674.0,0.0,81.0,26.0,Joint App,5,High Risk,Manual Review
118332413,16000.0, 60 months,26.3,E,E5,10+ years,MORTGAGE,45500.0,Verified,debt_consolidation,MO,55.61,0.0,660.0,664.0,1.0,64.2,23.0,Joint App,5,High Risk,Manual Review
118307951,2400.0, 36 months,25.82,E,E4,,RENT,12063.0,Verified,debt_consolidation,RI,37.21,0.0,695.0,699.0,0.0,37.4,9.0,Individual,5,High Risk,Manual Review
118078196,10000.0, 36 months,24.85,E,E3,10+ years,RENT,30000.0,Not Verified,debt_consolidation,CA,32.8,0.0,670.0,674.0,2.0,49.8,27.0,Individual,5,High Risk,Manual Review
118666767,1500.0, 36 months,26.3,E,E5,10+ years,MORTGAGE,37000.0,Source Verified,medical,MD,30.45,1.0,665.0,669.0,1.0,88.3,17.0,Individual,7,High Risk,Manual Review
117290349,15000.0, 60 months,30.65,F,F4,,OWN,36000.0,Verified,debt_consolidation,VA,37.23,5.0,670.0,674.0,0.0,64.6,31.0,Individual,6,High Risk,Manual Review
118339355,35000.0, 36 months,30.75,F,F5,1 year,MORTGAGE,90000.0,Verified,debt_consolidation,PA,33.01,1.0,685.0,689.0,0.0,49.5,24.0,Individual,6,High Risk,Manual Review
118666645,14400.0, 60 months,25.82,E,E4,10+ years,MORTGAGE,88000.0,Verified,debt_consolidation,AZ,31.46,0.0,700.0,704.0,0.0,24.0,22.0,Individual,5,High Risk,Manual Review
117882671,2525.0, 36 months,26.3,E,E5,< 1 year,MORTGAGE,37000.0,Verified,debt_consolidation,AZ,36.36,1.0,685.0,689.0,0.0,60.3,27.0,Individual,6,High Risk,Manual Review
117897155,4000.0, 36 months,29.69,F,F2,5 years,RENT,25000.0,Verified,other,NY,33.85,1.0,710.0,714.0,3.0,4.2,59.0,Individual,6,High Risk,Manual Review
116798734,15000.0, 60 months,26.3,E,E5,10+ years,RENT,72000.0,Verified,debt_consolidation,CA,30.95,0.0,685.0,689.0,0.0,79.0,22.0,Individual,5,High Risk,Manual Review
118284142,21400.0, 36 months,26.3,E,E5,,MORTGAGE,66000.0,Verified,debt_consolidation,GA,35.82,0.0,730.0,734.0,0.0,51.5,18.0,Individual,5,High Risk,Manual Review
117233594,24000.0, 36 months,30.99,G,G5,10+ years,RENT,90000.0,Verified,debt_consolidation,VA,33.24,0.0,670.0,674.0,1.0,61.7,43.0,Individual,5,High Risk,Manual Review
118264321,15000.0, 60 months,17.09,D,D1,2 years,RENT,50000.0,Not Verified,debt_consolidation,PA,30.96,5.0,675.0,679.0,0.0,82.4,22.0,Individual,5,High Risk,Manual Review
118245717,38000.0, 60 months,30.65,F,F4,10+ years,MORTGAGE,80000.0,Source Verified,debt_consolidation,KS,36.54,0.0,700.0,704.0,0.0,44.8,29.0,Individual,5,High Risk,Manual Review
118331028,8400.0, 36 months,25.82,E,E4,1 year,RENT,40414.0,Not Verified,debt_consolidation,KY,37.6,0.0,660.0,664.0,1.0,48.9,23.0,Individual,5,High Risk,Manual Review
118650974,13500.0, 60 months,30.94,G,G4,3 years,MORTGAGE,40800.0,Not Verified,debt_consolidation,OH,30.16,1.0,675.0,679.0,1.0,34.5,28.0,Individual,6,High Risk,Manual Review
118644516,5000.0, 36 months,23.88,E,E2,,RENT,16800.0,Not Verified,debt_consolidation,IL,36.86,0.0,700.0,704.0,0.0,47.3,38.0,Individual,5,High Risk,Manual Review
118631824,14000.0, 36 months,29.69,F,F2,10+ years,RENT,54676.0,Verified,debt_consolidation,GA,38.28,0.0,715.0,719.0,0.0,41.1,12.0,Individual,5,High Risk,Manual Review
117893942,8300.0, 36 months,24.85,E,E3,,RENT,31533.0,Verified,car,AZ,33.23,0.0,685.0,689.0,1.0,47.7,13.0,Individual,5,High Risk,Manual Review
117910991,14000.0, 60 months,30.17,F,F3,10+ years,RENT,45000.0,Verified,credit_card,NY,34.05,0.0,685.0,689.0,1.0,43.2,10.0,Individual,5,High Risk,Manual Review
118272186,3100.0, 36 months,16.02,C,C5,3 years,MORTGAGE,23000.0,Source Verified,home_improvement,IN,36.95,1.0,670.0,674.0,0.0,82.7,10.0,Individual,5,High Risk,Manual Review
118154192,20000.0, 60 months,16.02,C,C5,< 1 year,MORTGAGE,12000.0,Source Verified,debt_consolidation,TX,98.0,1.0,680.0,684.0,0.0,85.4,8.0,Joint App,5,High Risk,Manual Review
118188907,24550.0, 36 months,30.17,F,F3,2 years,MORTGAGE,81000.0,Verified,debt_consolidation,NJ,30.86,0.0,685.0,689.0,1.0,64.4,31.0,Individual,5,High Risk,Manual Review
118601448,35000.0, 60 months,26.3,E,E5,,MORTGAGE,139375.0,Verified,credit_card,NC,36.19,0.0,670.0,674.0,3.0,70.7,62.0,Individual,5,High Risk,Manual Review
118243689,6000.0, 36 months,16.02,C,C5,10+ years,MORTGAGE,32000.0,Verified,home_improvement,NC,40.44,1.0,680.0,684.0,0.0,98.0,15.0,Joint App,5,High Risk,Manual Review
118331996,15600.0, 60 months,26.3,E,E5,10+ years,MORTGAGE,50800.0,Verified,debt_consolidation,TX,40.82,0.0,690.0,694.0,1.0,94.5,24.0,Joint App,6,High Risk,Manual Review
118225702,10000.0, 60 months,30.65,F,F4,5 years,MORTGAGE,43000.0,Verified,other,MN,30.95,0.0,660.0,664.0,2.0,82.4,43.0,Individual,6,High Risk,Manual Review
117562503,8925.0, 36 months,24.85,E,E3,4 years,MORTGAGE,41600.0,Source Verified,debt_consolidation,CA,36.01,0.0,685.0,689.0,1.0,63.1,19.0,Joint App,5,High Risk,Manual Review
118324756,15000.0, 36 months,24.85,E,E3,< 1 year,RENT,40000.0,Not Verified,debt_consolidation,CA,63.19,0.0,660.0,664.0,2.0,86.6,17.0,Joint App,6,High Risk,Manual Review
118268919,20000.0, 60 months,30.84,G,G2,10+ years,RENT,74000.0,Source Verified,debt_consolidation,NJ,31.85,0.0,660.0,664.0,1.0,65.4,29.0,Individual,5,High Risk,Manual Review
117228063,13600.0, 36 months,24.85,E,E3,3 years,MORTGAGE,75000.0,Verified,debt_consolidation,NJ,35.52,0.0,670.0,674.0,2.0,41.6,37.0,Individual,5,High Risk,Manual Review
118028973,15000.0, 36 months,30.94,G,G4,10+ years,MORTGAGE,85000.0,Verified,other,TN,38.68,0.0,670.0,674.0,0.0,81.0,47.0,Individual,6,High Risk,Manual Review
118206414,17425.0, 36 months,30.99,G,G5,10+ years,MORTGAGE,90000.0,Verified,debt_consolidation,NC,33.73,0.0,685.0,689.0,3.0,64.2,21.0,Individual,5,High Risk,Manual Review
118599223,23000.0, 60 months,26.3,E,E5,10+ years,RENT,50000.0,Verified,debt_consolidation,CA,31.58,0.0,680.0,684.0,1.0,62.0,30.0,Individual,5,High Risk,Manual Review
118243908,13425.0, 36 months,26.3,E,E5,10+ years,RENT,32000.0,Verified,debt_consolidation,MT,31.96,0.0,685.0,689.0,0.0,31.2,16.0,Individual,5,High Risk,Manual Review
118333272,30000.0, 36 months,23.88,E,E2,10+ years,RENT,72000.0,Source Verified,debt_consolidation,FL,33.37,0.0,670.0,674.0,1.0,39.8,23.0,Individual,5,High Risk,Manual Review
118319708,20000.0, 60 months,23.88,E,E2,1 year,RENT,30000.0,Not Verified,debt_consolidation,FL,30.44,0.0,710.0,714.0,1.0,38.0,9.0,Joint App,5,High Risk,Manual Review
117894681,23975.0, 36 months,23.88,E,E2,10+ years,RENT,72000.0,Source Verified,debt_consolidation,TX,34.82,1.0,735.0,739.0,0.0,14.7,22.0,Individual,6,High Risk,Manual Review
117886765,22000.0, 60 months,30.94,G,G4,,RENT,10000.0,Verified,debt_consolidation,IN,52.7,0.0,685.0,689.0,0.0,71.4,6.0,Joint App,5,High Risk,Manual Review
118168266,25000.0, 60 months,26.3,E,E5,10+ years,MORTGAGE,107200.0,Source Verified,debt_consolidation,TX,12.47,1.0,680.0,684.0,0.0,97.3,18.0,Individual,5,High Risk,Manual Review
118319144,9450.0, 36 months,26.3,E,E5,10+ years,RENT,27000.0,Not Verified,debt_consolidation,CA,32.31,0.0,715.0,719.0,0.0,98.0,16.0,Individual,6,High Risk,Manual Review
117866835,13875.0, 36 months,22.91,E,E1,5 years,MORTGAGE,35000.0,Source Verified,debt_consolidation,TX,32.34,0.0,710.0,714.0,0.0,92.6,29.0,Individual,6,High Risk,Manual Review
118018952,12000.0, 60 months,15.05,C,C4,10+ years,MORTGAGE,58000.0,Source Verified,debt_consolidation,MS,33.73,2.0,700.0,704.0,0.0,92.7,20.0,Individual,5,High Risk,Manual Review
118279638,35000.0, 60 months,30.94,G,G4,7 years,OWN,89870.0,Source Verified,debt_consolidation,CO,32.63,0.0,680.0,684.0,0.0,44.3,28.0,Individual,5,High Risk,Manual Review
118264038,32000.0, 60 months,26.3,E,E5,< 1 year,OWN,45000.0,Verified,debt_consolidation,MD,40.19,0.0,675.0,679.0,0.0,60.1,31.0,Joint App,5,High Risk,Manual Review
117979018,7175.0, 36 months,23.88,E,E2,2 years,RENT,24960.0,Source Verified,medical,IL,34.04,0.0,675.0,679.0,0.0,57.7,30.0,Individual,5,High Risk,Manual Review
117665487,9800.0, 36 months,25.82,E,E4,2 years,RENT,28000.0,Verified,debt_consolidation,OH,33.18,0.0,670.0,674.0,2.0,60.0,28.0,Individual,5,High Risk,Manual Review
118177055,20000.0, 60 months,30.99,G,G5,7 years,RENT,50000.0,Verified,debt_consolidation,SC,40.71,0.0,665.0,669.0,1.0,78.4,58.0,Joint App,5,High Risk,Manual Review
118285214,15000.0, 60 months,30.99,G,G5,7 years,RENT,48000.0,Not Verified,debt_consolidation,DC,30.46,0.0,665.0,669.0,3.0,44.7,17.0,Individual,5,High Risk,Manual Review
118261688,6000.0, 36 months,23.88,E,E2,3 years,MORTGAGE,541000.0,Source Verified,medical,FL,6.4,1.0,675.0,679.0,0.0,84.9,25.0,Individual,5,High Risk,Manual Review
117786212,8275.0, 36 months,22.91,E,E1,< 1 year,RENT,23000.0,Verified,debt_consolidation,CA,32.15,0.0,695.0,699.0,0.0,59.2,15.0,Individual,5,High Risk,Manual Review
118325577,35000.0, 60 months,24.85,E,E3,2 years,OWN,45000.0,Source Verified,credit_card,IL,41.55,2.0,690.0,694.0,0.0,31.5,15.0,Joint App,6,High Risk,Manual Review
118169921,35000.0, 60 months,26.3,E,E5,< 1 year,MORTGAGE,65000.0,Verified,debt_consolidation,AL,66.87,1.0,660.0,664.0,0.0,94.1,29.0,Joint App,7,High Risk,Manual Review
118325275,35000.0, 60 months,30.84,G,G2,10+ years,MORTGAGE,104223.0,Source Verified,debt_consolidation,VA,12.46,6.0,660.0,664.0,2.0,91.9,25.0,Individual,5,High Risk,Manual Review
118333431,11400.0, 60 months,26.3,E,E5,10+ years,MORTGAGE,54000.0,Source Verified,debt_consolidation,MO,34.93,1.0,675.0,679.0,0.0,76.6,30.0,Individual,6,High Risk,Manual Review
118057555,3700.0, 36 months,26.3,E,E5,,OWN,10920.0,Verified,other,VA,31.98,0.0,665.0,669.0,0.0,88.0,36.0,Individual,6,High Risk,Manual Review
117870253,20000.0, 36 months,26.3,E,E5,6 years,MORTGAGE,85000.0,Verified,debt_consolidation,AL,33.42,0.0,670.0,674.0,3.0,70.3,23.0,Individual,5,High Risk,Manual Review
118312607,8000.0, 36 months,23.88,E,E2,10+ years,MORTGAGE,67350.0,Verified,credit_card,AL,30.61,1.0,685.0,689.0,1.0,74.5,22.0,Individual,6,High Risk,Manual Review
118069371,14250.0, 36 months,24.85,E,E3,4 years,MORTGAGE,65000.0,Not Verified,debt_consolidation,CT,32.86,1.0,660.0,664.0,0.0,30.6,15.0,Individual,6,High Risk,Manual Review
118183082,25000.0, 60 months,26.3,E,E5,10+ years,MORTGAGE,38292.8,Verified,debt_consolidation,PA,46.29,0.0,695.0,699.0,0.0,54.1,11.0,Joint App,5,High Risk,Manual Review
118281071,20000.0, 36 months,24.85,E,E3,10+ years,MORTGAGE,42000.0,Verified,debt_consolidation,TN,42.34,1.0,665.0,669.0,2.0,69.6,55.0,Joint App,6,High Risk,Manual Review
117119746,13975.0, 60 months,26.3,E,E5,10+ years,MORTGAGE,67000.0,Source Verified,debt_consolidation,VA,34.01,0.0,720.0,724.0,1.0,51.6,23.0,Individual,5,High Risk,Manual Review
117898235,15000.0, 60 months,30.17,F,F3,10+ years,MORTGAGE,37000.0,Source Verified,debt_consolidation,KY,33.64,0.0,695.0,699.0,1.0,28.0,57.0,Individual,5,High Risk,Manual Review
117274820,21000.0, 60 months,30.65,F,F4,10+ years,MORTGAGE,68500.0,Verified,credit_card,OH,30.68,1.0,665.0,669.0,1.0,28.3,33.0,Individual,6,High Risk,Manual Review
118241833,19675.0, 60 months,30.94,G,G4,6 years,RENT,55000.0,Source Verified,debt_consolidation,NY,35.06,0.0,660.0,664.0,1.0,48.0,34.0,Joint App,5,High Risk,Manual Review
118266236,12000.0, 36 months,24.85,E,E3,< 1 year,MORTGAGE,12000.0,Not Verified,debt_consolidation,MT,257.0,1.0,700.0,704.0,4.0,45.5,26.0,Joint App,6,High Risk,Manual Review
118271535,4000.0, 36 months,24.85,E,E3,10+ years,RENT,74400.0,Source Verified,medical,CA,30.84,1.0,675.0,679.0,4.0,55.3,23.0,Individual,6,High Risk,Manual Review
118128208,3000.0, 36 months,23.88,E,E2,4 years,RENT,35000.0,Verified,debt_consolidation,FL,43.18,0.0,665.0,669.0,1.0,41.8,20.0,Joint App,5,High Risk,Manual Review
118296415,18525.0, 36 months,25.82,E,E4,10+ years,MORTGAGE,86000.0,Verified,debt_consolidation,MN,34.38,0.0,675.0,679.0,1.0,80.6,30.0,Individual,6,High Risk,Manual Review
118128165,27000.0, 60 months,30.75,F,F5,,MORTGAGE,66000.0,Verified,debt_consolidation,MI,32.95,0.0,665.0,669.0,0.0,63.7,28.0,Individual,5,High Risk,Manual Review
118313301,29800.0, 60 months,30.17,F,F3,2 years,OWN,79000.0,Verified,debt_consolidation,TX,30.97,1.0,720.0,724.0,0.0,26.8,22.0,Individual,6,High Risk,Manual Review
117838525,6000.0, 36 months,24.85,E,E3,2 years,RENT,22000.0,Verified,debt_consolidation,NY,34.83,0.0,670.0,674.0,0.0,94.0,11.0,Individual,6,High Risk,Manual Review
116804604,35000.0, 36 months,23.88,E,E2,3 years,MORTGAGE,207000.0,Verified,debt_consolidation,PA,30.71,0.0,695.0,699.0,1.0,53.7,36.0,Individual,5,High Risk,Manual Review
117857177,10000.0, 36 months,30.75,F,F5,< 1 year,RENT,50000.0,Not Verified,debt_consolidation,AR,32.65,0.0,685.0,689.0,2.0,30.6,19.0,Joint App,5,High Risk,Manual Review
118325126,35000.0, 36 months,30.84,G,G2,8 years,MORTGAGE,104220.0,Not Verified,home_improvement,CA,31.34,1.0,725.0,729.0,1.0,18.0,29.0,Individual,6,High Risk,Manual Review
116805950,14900.0, 60 months,30.99,G,G5,6 years,RENT,52000.0,Not Verified,debt_consolidation,KS,33.09,0.0,660.0,664.0,0.0,86.8,15.0,Individual,6,High Risk,Manual Review
118310188,15000.0, 60 months,25.82,E,E4,< 1 year,MORTGAGE,65000.0,Source Verified,debt_consolidation,AR,89.14,0.0,680.0,684.0,1.0,86.1,60.0,Joint App,6,High Risk,Manual Review
118223547,1750.0, 36 months,26.3,E,E5,< 1 year,RENT,41600.0,Verified,other,AZ,45.61,0.0,680.0,684.0,1.0,55.0,26.0,Joint App,5,High Risk,Manual Review
118262182,4800.0, 36 months,23.88,E,E2,2 years,RENT,20000.0,Source Verified,debt_consolidation,NC,25.51,1.0,680.0,684.0,2.0,81.5,18.0,Individual,5,High Risk,Manual Review
118193119,16000.0, 60 months,26.3,E,E5,< 1 year,RENT,41000.0,Verified,debt_consolidation,OH,34.72,0.0,670.0,674.0,1.0,13.7,21.0,Joint App,5,High Risk,Manual Review
118278645,26875.0, 60 months,25.82,E,E4,9 years,MORTGAGE,27000.0,Not Verified,debt_consolidation,MN,41.73,0.0,710.0,714.0,0.0,35.6,14.0,Joint App,5,High Risk,Manual Review
118127987,10000.0, 36 months,18.06,D,D2,10+ years,RENT,50000.0,Source Verified,debt_consolidation,TN,30.63,1.0,675.0,679.0,0.0,92.5,18.0,Individual,5,High Risk,Manual Review
118233443,40000.0, 60 months,30.75,F,F5,7 years,RENT,90000.0,Verified,debt_consolidation,CA,34.52,0.0,710.0,714.0,0.0,94.6,21.0,Individual,6,High Risk,Manual Review
118165432,5000.0, 36 months,24.85,E,E3,10+ years,MORTGAGE,24000.0,Verified,other,PA,32.0,0.0,665.0,669.0,0.0,92.4,16.0,Individual,6,High Risk,Manual Review
118236180,15000.0, 36 months,24.85,E,E3,3 years,MORTGAGE,45000.0,Verified,debt_consolidation,SC,33.97,0.0,715.0,719.0,2.0,46.3,20.0,Individual,5,High Risk,Manual Review
118069062,18375.0, 36 months,30.94,G,G4,6 years,RENT,85000.0,Source Verified,credit_card,CT,30.42,0.0,670.0,674.0,0.0,85.7,16.0,Individual,6,High Risk,Manual Review
117576015,16000.0, 60 months,26.3,E,E5,10+ years,RENT,52000.0,Source Verified,debt_consolidation,VA,17.96,1.0,690.0,694.0,0.0,84.5,18.0,Individual,5,High Risk,Manual Review
118238756,18000.0, 60 months,20.0,D,D4,< 1 year,MORTGAGE,12000.0,Not Verified,debt_consolidation,MN,143.8,2.0,665.0,669.0,0.0,84.1,22.0,Joint App,5,High Risk,Manual Review
118329568,10000.0, 60 months,26.3,E,E5,< 1 year,MORTGAGE,47500.0,Not Verified,other,NY,31.86,0.0,710.0,714.0,0.0,79.5,39.0,Individual,5,High Risk,Manual Review
118161950,16800.0, 60 months,24.85,E,E3,8 years,MORTGAGE,65000.0,Verified,credit_card,OH,43.11,0.0,680.0,684.0,1.0,43.5,27.0,Joint App,5,High Risk,Manual Review
118025711,16000.0, 60 months,26.3,E,E5,< 1 year,MORTGAGE,35360.0,Source Verified,debt_consolidation,UT,33.47,0.0,670.0,674.0,1.0,68.0,19.0,Joint App,5,High Risk,Manual Review
116612826,24000.0, 60 months,26.3,E,E5,2 years,RENT,76000.0,Not Verified,credit_card,VA,34.98,0.0,670.0,674.0,0.0,77.5,26.0,Individual,5,High Risk,Manual Review
117857592,18000.0, 60 months,26.3,E,E5,< 1 year,RENT,34000.0,Not Verified,debt_consolidation,MA,31.28,2.0,680.0,684.0,0.0,79.1,11.0,Joint App,6,High Risk,Manual Review
117892797,3000.0, 36 months,26.3,E,E5,,OWN,18000.0,Verified,debt_consolidation,PA,35.26,0.0,680.0,684.0,2.0,6.5,15.0,Joint App,5,High Risk,Manual Review
117836470,17200.0, 36 months,15.05,C,C4,< 1 year,MORTGAGE,32000.0,Verified,debt_consolidation,KS,72.69,2.0,680.0,684.0,0.0,95.9,17.0,Joint App,5,High Risk,Manual Review
118323453,14000.0, 60 months,26.3,E,E5,10+ years,OWN,111000.0,Source Verified,debt_consolidation,CA,33.41,0.0,695.0,699.0,1.0,70.2,33.0,Individual,5,High Risk,Manual Review
118045126,12300.0, 36 months,25.82,E,E4,,MORTGAGE,15000.0,Not Verified,debt_consolidation,TX,39.89,0.0,680.0,684.0,2.0,44.6,15.0,Joint App,5,High Risk,Manual Review
118195025,10000.0, 60 months,30.75,F,F5,3 years,MORTGAGE,28408.0,Verified,debt_consolidation,OH,31.94,0.0,700.0,704.0,1.0,30.2,16.0,Individual,5,High Risk,Manual Review
116811658,30000.0, 60 months,26.3,E,E5,10+ years,MORTGAGE,32000.0,Verified,debt_consolidation,PA,46.74,1.0,690.0,694.0,0.0,36.7,20.0,Joint App,6,High Risk,Manual Review
118224210,16000.0, 60 months,26.3,E,E5,2 years,RENT,56400.0,Source Verified,major_purchase,GA,30.88,1.0,685.0,689.0,0.0,59.3,28.0,Individual,6,High Risk,Manual Review
118235793,40000.0, 36 months,25.82,E,E4,6 years,MORTGAGE,85400.0,Verified,debt_consolidation,SD,31.76,0.0,690.0,694.0,0.0,85.4,55.0,Individual,6,High Risk,Manual Review
118258211,16000.0, 60 months,24.85,E,E3,8 years,OWN,70000.0,Verified,debt_consolidation,PA,32.51,1.0,680.0,684.0,0.0,48.2,25.0,Individual,6,High Risk,Manual Review
117968381,32000.0, 36 months,24.85,E,E3,4 years,RENT,120000.0,Verified,debt_consolidation,LA,22.06,1.0,660.0,664.0,1.0,91.7,30.0,Individual,5,High Risk,Manual Review
118040279,14000.0, 60 months,26.3,E,E5,,RENT,32688.0,Not Verified,debt_consolidation,OH,32.45,0.0,700.0,704.0,1.0,31.2,21.0,Individual,5,High Risk,Manual Review
118315061,17500.0, 60 months,30.17,F,F3,< 1 year,RENT,24000.0,Verified,debt_consolidation,IL,39.7,0.0,690.0,694.0,2.0,46.7,12.0,Joint App,5,High Risk,Manual Review
117288320,5250.0, 36 months,23.88,E,E2,,RENT,17532.0,Verified,debt_consolidation,MO,32.17,0.0,680.0,684.0,2.0,83.0,12.0,Individual,6,High Risk,Manual Review
118218184,8000.0, 36 months,16.02,C,C5,10+ years,MORTGAGE,24000.0,Not Verified,other,OH,52.85,3.0,660.0,664.0,3.0,88.8,14.0,Joint App,5,High Risk,Manual Review
118322152,6400.0, 36 months,26.3,E,E5,5 years,RENT,29494.0,Verified,debt_consolidation,HI,31.95,3.0,660.0,664.0,1.0,70.0,25.0,Individual,6,High Risk,Manual Review
118261236,12000.0, 60 months,30.17,F,F3,3 years,RENT,88000.0,Source Verified,credit_card,CA,30.94,2.0,675.0,679.0,1.0,89.2,30.0,Individual,7,High Risk,Manual Review
118241546,8025.0, 36 months,24.85,E,E3,4 years,MORTGAGE,34000.0,Source Verified,debt_consolidation,AZ,31.45,1.0,675.0,679.0,0.0,73.7,13.0,Individual,6,High Risk,Manual Review
118241628,18000.0, 60 months,30.65,F,F4,< 1 year,MORTGAGE,37874.0,Source Verified,home_improvement,IL,35.04,0.0,675.0,679.0,0.0,19.4,14.0,Joint App,5,High Risk,Manual Review
117947484,13100.0, 36 months,23.88,E,E2,< 1 year,RENT,32800.0,Not Verified,debt_consolidation,NC,32.05,1.0,675.0,679.0,0.0,89.5,17.0,Individual,7,High Risk,Manual Review
118154965,35000.0, 36 months,30.99,G,G5,< 1 year,RENT,25000.0,Source Verified,small_business,NY,79.5,0.0,680.0,684.0,1.0,69.4,16.0,Joint App,5,High Risk,Manual Review
117222856,20000.0, 60 months,26.3,E,E5,1 year,MORTGAGE,28000.0,Source Verified,debt_consolidation,MO,32.83,1.0,690.0,694.0,0.0,79.2,15.0,Joint App,6,High Risk,Manual Review
118192888,4200.0, 36 months,23.88,E,E2,,RENT,20000.0,Source Verified,medical,NY,40.68,0.0,680.0,684.0,2.0,81.0,23.0,Joint App,6,High Risk,Manual Review
117915680,20000.0, 60 months,30.99,G,G5,10+ years,RENT,68000.0,Verified,debt_consolidation,UT,32.44,0.0,665.0,669.0,1.0,56.0,38.0,Individual,5,High Risk,Manual Review
117280443,29000.0, 36 months,26.3,E,E5,10+ years,MORTGAGE,58000.0,Not Verified,credit_card,AZ,31.97,0.0,680.0,684.0,3.0,18.3,21.0,Individual,5,High Risk,Manual Review
117215541,13850.0, 36 months,30.65,F,F4,10+ years,RENT,33000.0,Not Verified,debt_consolidation,AL,33.82,0.0,670.0,674.0,0.0,24.6,48.0,Individual,5,High Risk,Manual Review
117840116,7000.0, 36 months,23.88,E,E2,10+ years,RENT,25000.0,Verified,debt_consolidation,PA,43.16,0.0,690.0,694.0,1.0,28.3,23.0,Joint App,5,High Risk,Manual Review
118312281,24950.0, 36 months,24.85,E,E3,10+ years,RENT,185000.0,Verified,debt_consolidation,PA,14.83,1.0,665.0,669.0,1.0,83.6,35.0,Individual,5,High Risk,Manual Review
118312193,16000.0, 60 months,25.82,E,E4,10+ years,MORTGAGE,61000.0,Source Verified,credit_card,MA,31.72,0.0,730.0,734.0,1.0,28.3,51.0,Individual,5,High Risk,Manual Review
116262401,30000.0, 60 months,30.94,G,G4,2 years,OWN,75000.0,Verified,credit_card,VA,31.69,0.0,660.0,664.0,0.0,84.6,26.0,Individual,6,High Risk,Manual Review
118234938,7000.0, 36 months,26.3,E,E5,1 year,RENT,44000.0,Source Verified,other,GA,30.99,1.0,660.0,664.0,0.0,51.3,27.0,Individual,6,High Risk,Manual Review
117895107,5000.0, 36 months,25.82,E,E4,10+ years,MORTGAGE,65000.0,Verified,home_improvement,NV,60.17,0.0,710.0,714.0,3.0,52.8,32.0,Joint App,5,High Risk,Manual Review
117280235,20000.0, 60 months,21.45,D,D5,10+ years,RENT,47000.0,Verified,debt_consolidation,NC,31.15,1.0,660.0,664.0,0.0,83.8,16.0,Individual,5,High Risk,Manual Review
117925235,35000.0, 36 months,26.3,E,E5,6 years,MORTGAGE,83700.0,Verified,debt_consolidation,TX,31.05,0.0,700.0,704.0,0.0,92.0,23.0,Individual,6,High Risk,Manual Review
117938108,6000.0, 36 months,30.17,F,F3,4 years,RENT,23700.0,Verified,other,PA,30.63,2.0,675.0,679.0,1.0,60.1,21.0,Individual,6,High Risk,Manual Review
117745193,35000.0, 60 months,26.3,E,E5,4 years,MORTGAGE,110000.0,Verified,debt_consolidation,IL,30.09,0.0,680.0,684.0,2.0,49.0,32.0,Individual,5,High Risk,Manual Review
118210313,12600.0, 60 months,30.94,G,G4,10+ years,RENT,35000.0,Verified,medical,NH,33.09,1.0,665.0,669.0,0.0,32.2,26.0,Individual,6,High Risk,Manual Review
116822708,5500.0, 36 months,24.85,E,E3,< 1 year,RENT,96000.0,Source Verified,debt_consolidation,CA,30.66,0.0,660.0,664.0,1.0,54.7,46.0,Joint App,5,High Risk,Manual Review
118281270,16000.0, 60 months,26.3,E,E5,1 year,MORTGAGE,78000.0,Not Verified,debt_consolidation,OH,32.15,1.0,665.0,669.0,1.0,66.5,24.0,Individual,6,High Risk,Manual Review
117892996,35000.0, 36 months,30.17,F,F3,< 1 year,RENT,15000.0,Verified,other,CA,100.8,0.0,660.0,664.0,0.0,100.1,12.0,Joint App,6,High Risk,Manual Review
117726179,15000.0, 36 months,16.02,C,C5,,RENT,50000.0,Verified,debt_consolidation,VA,40.82,1.0,660.0,664.0,0.0,87.3,21.0,Joint App,5,High Risk,Manual Review
118190918,18000.0, 60 months,30.17,F,F3,10+ years,RENT,52000.0,Verified,debt_consolidation,FL,33.28,0.0,660.0,664.0,0.0,59.5,19.0,Individual,5,High Risk,Manual Review
117034302,22800.0, 36 months,30.99,G,G5,7 years,MORTGAGE,60000.0,Verified,debt_consolidation,TX,32.28,0.0,670.0,674.0,2.0,47.2,46.0,Individual,5,High Risk,Manual Review
118209072,10000.0, 60 months,30.65,F,F4,2 years,RENT,90000.0,Source Verified,debt_consolidation,NJ,33.23,0.0,675.0,679.0,3.0,9.5,27.0,Individual,5,High Risk,Manual Review
116736929,15000.0, 60 months,30.79,G,G1,3 years,RENT,55000.0,Verified,debt_consolidation,IN,21.84,1.0,680.0,684.0,0.0,81.5,18.0,Individual,5,High Risk,Manual Review
118270491,29125.0, 60 months,30.75,F,F5,2 years,RENT,75365.0,Not Verified,debt_consolidation,IL,30.76,0.0,685.0,689.0,0.0,60.5,28.0,Individual,5,High Risk,Manual Review
117955195,32375.0, 36 months,26.3,E,E5,1 year,RENT,100000.0,Verified,debt_consolidation,NC,31.2,0.0,665.0,669.0,0.0,72.1,33.0,Individual,5,High Risk,Manual Review
118269586,21000.0, 60 months,30.89,G,G3,10+ years,RENT,64600.0,Not Verified,credit_card,TN,31.45,0.0,680.0,684.0,0.0,62.0,24.0,Individual,5,High Risk,Manual Review
117555989,15000.0, 60 months,30.89,G,G3,,OWN,14400.0,Not Verified,home_improvement,NY,35.89,0.0,710.0,714.0,0.0,39.1,9.0,Joint App,5,High Risk,Manual Review
118161899,5000.0, 36 months,25.82,E,E4,4 years,RENT,26844.0,Source Verified,home_improvement,NY,32.28,0.0,670.0,674.0,0.0,72.9,10.0,Individual,5,High Risk,Manual Review
118209130,12825.0, 60 months,30.17,F,F3,4 years,RENT,46500.0,Verified,debt_consolidation,PA,31.51,0.0,695.0,699.0,0.0,28.1,16.0,Individual,5,High Risk,Manual Review
117907026,6400.0, 36 months,30.89,G,G3,10+ years,RENT,20000.0,Verified,vacation,NC,34.03,0.0,665.0,669.0,0.0,56.6,5.0,Individual,5,High Risk,Manual Review
118017595,15000.0, 60 months,30.79,G,G1,6 years,RENT,38000.0,Not Verified,debt_consolidation,FL,32.69,0.0,670.0,674.0,0.0,97.0,8.0,Individual,6,High Risk,Manual Review
117226485,10000.0, 36 months,24.85,E,E3,2 years,RENT,27000.0,Source Verified,debt_consolidation,FL,34.84,1.0,670.0,674.0,0.0,91.8,9.0,Individual,7,High Risk,Manual Review
118056805,16050.0, 60 months,30.79,G,G1,< 1 year,RENT,50000.0,Source Verified,debt_consolidation,OK,32.31,0.0,685.0,689.0,0.0,47.7,52.0,Individual,5,High Risk,Manual Review
118269256,32000.0, 60 months,30.75,F,F5,10+ years,MORTGAGE,110000.0,Verified,credit_card,MD,21.95,1.0,710.0,714.0,0.0,81.0,31.0,Individual,5,High Risk,Manual Review
118151279,10000.0, 36 months,18.06,D,D2,4 years,MORTGAGE,53500.0,Source Verified,debt_consolidation,OK,30.35,2.0,675.0,679.0,1.0,84.9,12.0,Joint App,5,High Risk,Manual Review
117839472,35000.0, 36 months,24.85,E,E3,< 1 year,MORTGAGE,55000.0,Verified,debt_consolidation,IN,59.76,0.0,675.0,679.0,0.0,81.1,28.0,Joint App,6,High Risk,Manual Review
112755240,14000.0, 60 months,24.85,E,E3,< 1 year,MORTGAGE,8000.0,Verified,other,IL,127.3,0.0,735.0,739.0,1.0,15.7,18.0,Joint App,5,High Risk,Manual Review
118135271,12000.0, 60 months,19.03,D,D3,2 years,RENT,50000.0,Source Verified,debt_consolidation,CA,32.52,1.0,680.0,684.0,0.0,93.2,21.0,Individual,5,High Risk,Manual Review
116778177,21550.0, 60 months,30.65,F,F4,10+ years,RENT,65368.0,Verified,debt_consolidation,OR,32.46,1.0,660.0,664.0,0.0,41.0,49.0,Individual,6,High Risk,Manual Review
118231907,15000.0, 60 months,30.94,G,G4,8 years,MORTGAGE,52000.0,Verified,debt_consolidation,IN,34.36,0.0,690.0,694.0,1.0,78.4,18.0,Individual,5,High Risk,Manual Review
118232358,30000.0, 36 months,15.05,C,C4,10+ years,MORTGAGE,125000.0,Verified,debt_consolidation,TX,30.01,8.0,695.0,699.0,0.0,86.1,39.0,Individual,5,High Risk,Manual Review
118226187,6000.0, 36 months,25.82,E,E4,2 years,RENT,41994.0,Source Verified,credit_card,GA,32.91,0.0,680.0,684.0,1.0,37.5,15.0,Individual,5,High Risk,Manual Review
118225854,31675.0, 60 months,15.05,C,C4,10+ years,MORTGAGE,120000.0,Not Verified,debt_consolidation,CO,34.53,1.0,680.0,684.0,1.0,93.2,31.0,Individual,5,High Risk,Manual Review
118126482,27925.0, 60 months,26.3,E,E5,< 1 year,MORTGAGE,100000.0,Not Verified,debt_consolidation,CA,33.1,0.0,665.0,669.0,0.0,91.3,18.0,Individual,6,High Risk,Manual Review
117986493,10000.0, 60 months,25.82,E,E4,9 years,RENT,25000.0,Verified,debt_consolidation,CA,33.99,0.0,730.0,734.0,0.0,74.0,14.0,Individual,5,High Risk,Manual Review
114882797,23500.0, 60 months,30.79,G,G1,10+ years,MORTGAGE,90500.0,Not Verified,home_improvement,CA,31.44,0.0,695.0,699.0,0.0,77.7,17.0,Individual,5,High Risk,Manual Review
118216277,11000.0, 60 months,24.85,E,E3,10+ years,RENT,80000.0,Not Verified,debt_consolidation,NJ,34.41,0.0,690.0,694.0,0.0,45.1,26.0,Individual,5,High Risk,Manual Review
118214681,14000.0, 36 months,23.88,E,E2,10+ years,MORTGAGE,143000.0,Source Verified,credit_card,TX,23.39,1.0,660.0,664.0,0.0,93.2,24.0,Individual,5,High Risk,Manual Review
118214740,20000.0, 36 months,18.06,D,D2,1 year,MORTGAGE,70000.0,Not Verified,debt_consolidation,WI,30.38,1.0,660.0,664.0,0.0,83.7,35.0,Individual,5,High Risk,Manual Review
118158646,15250.0, 36 months,30.75,F,F5,3 years,MORTGAGE,44500.0,Verified,debt_consolidation,TN,38.97,1.0,675.0,679.0,1.0,61.6,8.0,Joint App,6,High Risk,Manual Review
118205229,20000.0, 60 months,25.82,E,E4,,RENT,1000.0,Not Verified,credit_card,PA,999.0,0.0,685.0,689.0,0.0,51.9,20.0,Joint App,5,High Risk,Manual Review
117857858,35000.0, 60 months,30.65,F,F4,< 1 year,MORTGAGE,27265.0,Source Verified,credit_card,MO,73.23,0.0,660.0,664.0,0.0,80.2,33.0,Joint App,6,High Risk,Manual Review
113851561,30000.0, 60 months,26.3,E,E5,< 1 year,OWN,51000.0,Verified,debt_consolidation,IL,42.26,0.0,695.0,699.0,0.0,82.4,35.0,Joint App,6,High Risk,Manual Review
117885700,20000.0, 60 months,25.82,E,E4,4 years,OWN,40000.0,Source Verified,debt_consolidation,NJ,32.43,0.0,680.0,684.0,0.0,38.9,41.0,Individual,5,High Risk,Manual Review
117579603,6000.0, 36 months,23.88,E,E2,10+ years,MORTGAGE,30000.0,Source Verified,home_improvement,VA,34.76,0.0,660.0,664.0,0.0,72.3,30.0,Individual,5,High Risk,Manual Review
117840248,20000.0, 60 months,26.3,E,E5,,OWN,5000.0,Not Verified,credit_card,OH,408.41,1.0,670.0,674.0,2.0,47.0,18.0,Joint App,6,High Risk,Manual Review
117696760,23100.0, 60 months,30.94,G,G4,1 year,MORTGAGE,55000.0,Source Verified,debt_consolidation,MD,31.99,0.0,675.0,679.0,2.0,76.4,40.0,Individual,5,High Risk,Manual Review
118191871,15000.0, 60 months,24.85,E,E3,10+ years,RENT,60000.0,Verified,debt_consolidation,FL,31.6,0.0,680.0,684.0,1.0,38.0,35.0,Individual,5,High Risk,Manual Review
117856832,30000.0, 60 months,15.05,C,C4,< 1 year,MORTGAGE,49000.0,Not Verified,credit_card,TX,52.66,1.0,690.0,694.0,1.0,89.5,14.0,Joint App,5,High Risk,Manual Review
118185963,30000.0, 60 months,30.94,G,G4,9 years,RENT,62000.0,Source Verified,debt_consolidation,TN,33.4,0.0,665.0,669.0,2.0,46.2,26.0,Individual,5,High Risk,Manual Review
118183856,25000.0, 60 months,26.3,E,E5,2 years,RENT,58000.0,Verified,debt_consolidation,CA,32.26,0.0,695.0,699.0,0.0,6.7,31.0,Individual,5,High Risk,Manual Review
117796327,16000.0, 60 months,30.89,G,G3,10+ years,RENT,26000.0,Verified,debt_consolidation,FL,42.8,0.0,685.0,689.0,1.0,51.9,17.0,Joint App,5,High Risk,Manual Review
118036344,4150.0, 36 months,23.88,E,E2,1 year,RENT,20000.0,Verified,debt_consolidation,FL,33.97,0.0,670.0,674.0,0.0,77.8,15.0,Individual,5,High Risk,Manual Review
118150191,27600.0, 36 months,30.75,F,F5,8 years,RENT,60000.0,Not Verified,other,CA,30.05,1.0,660.0,664.0,0.0,57.8,35.0,Individual,6,High Risk,Manual Review
117601096,5600.0, 36 months,25.82,E,E4,2 years,RENT,42000.0,Verified,debt_consolidation,AZ,31.86,0.0,695.0,699.0,3.0,35.3,9.0,Individual,5,High Risk,Manual Review
117894737,35000.0, 60 months,25.82,E,E4,< 1 year,MORTGAGE,67000.0,Verified,debt_consolidation,NJ,27.42,1.0,690.0,694.0,0.0,90.9,18.0,Joint App,5,High Risk,Manual Review
117046045,11000.0, 36 months,30.89,G,G3,< 1 year,MORTGAGE,29000.0,Verified,house,MI,30.67,0.0,680.0,684.0,2.0,45.7,22.0,Individual,5,High Risk,Manual Review
116801161,12000.0, 36 months,22.91,E,E1,< 1 year,RENT,40000.0,Verified,other,CA,32.4,0.0,695.0,699.0,0.0,70.9,16.0,Individual,5,High Risk,Manual Review
117825430,20000.0, 60 months,21.45,D,D5,< 1 year,MORTGAGE,32000.0,Source Verified,debt_consolidation,KS,50.79,2.0,665.0,669.0,1.0,83.2,20.0,Joint App,5,High Risk,Manual Review
117891567,25000.0, 60 months,21.45,D,D5,10+ years,MORTGAGE,65000.0,Verified,debt_consolidation,MA,39.48,1.0,670.0,674.0,0.0,92.9,27.0,Joint App,5,High Risk,Manual Review
118159990,17200.0, 36 months,26.3,E,E5,9 years,RENT,41000.0,Not Verified,debt_consolidation,NJ,32.78,0.0,680.0,684.0,0.0,64.4,10.0,Individual,5,High Risk,Manual Review
117269953,32000.0, 60 months,30.89,G,G3,< 1 year,MORTGAGE,68423.0,Verified,other,MN,34.41,0.0,670.0,674.0,2.0,33.3,68.0,Joint App,5,High Risk,Manual Review
117655776,20000.0, 60 months,30.79,G,G1,< 1 year,MORTGAGE,40000.0,Verified,credit_card,KY,43.08,0.0,665.0,669.0,0.0,73.7,34.0,Joint App,5,High Risk,Manual Review
118178563,30000.0, 60 months,26.3,E,E5,,OWN,20000.0,Source Verified,credit_card,TX,76.75,0.0,665.0,669.0,0.0,74.8,25.0,Joint App,5,High Risk,Manual Review
117615188,20975.0, 36 months,24.85,E,E3,10+ years,MORTGAGE,55000.0,Verified,credit_card,MO,34.96,0.0,660.0,664.0,1.0,67.0,27.0,Individual,5,High Risk,Manual Review
118157432,36525.0, 36 months,22.91,E,E1,,RENT,73056.0,Verified,credit_card,MD,33.6,0.0,700.0,704.0,1.0,90.3,19.0,Individual,6,High Risk,Manual Review
117886140,32000.0, 60 months,26.3,E,E5,4 years,OWN,80000.0,Verified,debt_consolidation,TX,30.11,0.0,675.0,679.0,1.0,67.1,39.0,Individual,5,High Risk,Manual Review
118185288,4000.0, 36 months,23.88,E,E2,3 years,MORTGAGE,75000.0,Verified,other,NY,17.38,2.0,660.0,664.0,1.0,102.2,28.0,Individual,5,High Risk,Manual Review
118165946,12000.0, 60 months,30.75,F,F5,,MORTGAGE,42000.0,Verified,debt_consolidation,NY,33.21,0.0,670.0,674.0,1.0,66.6,41.0,Individual,5,High Risk,Manual Review
117888098,18550.0, 60 months,30.99,G,G5,< 1 year,MORTGAGE,35000.0,Not Verified,debt_consolidation,TX,38.34,0.0,670.0,674.0,1.0,28.8,10.0,Joint App,5,High Risk,Manual Review
116919881,7000.0, 36 months,22.91,E,E1,< 1 year,MORTGAGE,25000.0,Source Verified,home_improvement,TX,35.0,0.0,690.0,694.0,0.0,41.8,15.0,Joint App,5,High Risk,Manual Review
117201274,6025.0, 36 months,22.91,E,E1,< 1 year,RENT,38220.0,Not Verified,credit_card,MA,30.55,0.0,715.0,719.0,2.0,12.4,29.0,Individual,5,High Risk,Manual Review
116806806,33000.0, 36 months,26.3,E,E5,,RENT,92000.0,Verified,debt_consolidation,NY,34.71,0.0,695.0,699.0,1.0,35.4,58.0,Individual,5,High Risk,Manual Review
117869670,28000.0, 60 months,15.05,C,C4,9 years,MORTGAGE,52000.0,Not Verified,debt_consolidation,WI,30.67,1.0,715.0,719.0,0.0,87.9,24.0,Joint App,5,High Risk,Manual Review
117890484,20000.0, 36 months,23.88,E,E2,4 years,OWN,110000.0,Source Verified,debt_consolidation,CA,16.22,1.0,675.0,679.0,0.0,81.5,14.0,Individual,5,High Risk,Manual Review
117528447,10000.0, 60 months,17.09,D,D1,10+ years,MORTGAGE,50000.0,Verified,debt_consolidation,GA,30.63,1.0,665.0,669.0,0.0,90.8,29.0,Individual,5,High Risk,Manual Review
117585066,15000.0, 36 months,30.17,F,F3,,OWN,20000.0,Source Verified,debt_consolidation,NC,35.17,0.0,675.0,679.0,0.0,58.8,14.0,Joint App,5,High Risk,Manual Review
117841587,8000.0, 36 months,18.06,D,D2,4 years,MORTGAGE,49000.0,Source Verified,debt_consolidation,VT,30.51,2.0,660.0,664.0,0.0,82.8,30.0,Individual,5,High Risk,Manual Review
118156236,16800.0, 60 months,24.85,E,E3,6 years,MORTGAGE,66000.0,Source Verified,debt_consolidation,MI,31.13,0.0,695.0,699.0,1.0,56.5,76.0,Individual,5,High Risk,Manual Review
117538599,14025.0, 36 months,23.88,E,E2,6 years,RENT,36960.0,Source Verified,credit_card,NJ,33.25,0.0,670.0,674.0,0.0,48.2,15.0,Individual,5,High Risk,Manual Review
117031984,15000.0, 60 months,30.17,F,F3,,RENT,61000.0,Verified,debt_consolidation,FL,31.28,0.0,680.0,684.0,1.0,33.4,21.0,Individual,5,High Risk,Manual Review
117047684,14000.0, 60 months,30.99,G,G5,10+ years,MORTGAGE,65000.0,Verified,other,UT,32.27,0.0,715.0,719.0,0.0,86.2,35.0,Individual,6,High Risk,Manual Review
117915720,10000.0, 60 months,30.94,G,G4,< 1 year,RENT,25000.0,Verified,debt_consolidation,CA,33.09,0.0,705.0,709.0,0.0,30.1,15.0,Individual,5,High Risk,Manual Review
117935837,18000.0, 60 months,26.3,E,E5,6 years,MORTGAGE,98000.0,Source Verified,debt_consolidation,GA,25.43,2.0,660.0,664.0,2.0,94.9,34.0,Individual,5,High Risk,Manual Review
117756740,22000.0, 60 months,26.3,E,E5,8 years,RENT,60000.0,Source Verified,debt_consolidation,NC,31.08,0.0,675.0,679.0,0.0,58.2,12.0,Individual,5,High Risk,Manual Review
117884052,22000.0, 60 months,26.3,E,E5,9 years,MORTGAGE,114000.0,Verified,credit_card,CA,25.2,1.0,670.0,674.0,1.0,98.1,28.0,Individual,5,High Risk,Manual Review
117889935,20000.0, 60 months,15.05,C,C4,3 years,MORTGAGE,103300.0,Verified,debt_consolidation,GA,30.25,1.0,705.0,709.0,0.0,82.2,24.0,Individual,5,High Risk,Manual Review
116576204,8000.0, 36 months,24.85,E,E3,1 year,OWN,20000.0,Verified,debt_consolidation,ND,31.39,1.0,660.0,664.0,1.0,42.1,11.0,Individual,6,High Risk,Manual Review
117915347,26000.0, 36 months,26.3,E,E5,7 years,RENT,60000.0,Verified,debt_consolidation,TX,32.98,0.0,690.0,694.0,0.0,73.8,23.0,Individual,5,High Risk,Manual Review
118168127,15000.0, 60 months,30.65,F,F4,10+ years,MORTGAGE,52000.0,Not Verified,debt_consolidation,GA,30.97,1.0,685.0,689.0,1.0,77.2,34.0,Individual,6,High Risk,Manual Review
115353679,18000.0, 60 months,26.3,E,E5,10+ years,MORTGAGE,50000.0,Verified,debt_consolidation,NC,33.39,1.0,670.0,674.0,1.0,87.1,25.0,Individual,7,High Risk,Manual Review
117872321,39075.0, 36 months,22.91,E,E1,10+ years,MORTGAGE,90000.0,Not Verified,debt_consolidation,MD,36.44,0.0,715.0,719.0,0.0,39.1,27.0,Joint App,5,High Risk,Manual Review
117685642,20000.0, 36 months,30.99,G,G5,< 1 year,RENT,29760.0,Verified,debt_consolidation,NC,39.6,0.0,660.0,664.0,1.0,51.2,18.0,Joint App,5,High Risk,Manual Review
117628947,32000.0, 60 months,26.3,E,E5,10+ years,MORTGAGE,143700.0,Verified,debt_consolidation,VA,31.32,3.0,660.0,664.0,1.0,76.4,34.0,Individual,6,High Risk,Manual Review
117656716,11200.0, 60 months,26.3,E,E5,5 years,RENT,30000.0,Verified,debt_consolidation,CA,34.6,0.0,675.0,679.0,0.0,71.1,13.0,Individual,5,High Risk,Manual Review
117554006,6700.0, 36 months,30.65,F,F4,5 years,OWN,21000.0,Verified,other,PA,32.63,0.0,705.0,709.0,0.0,58.9,11.0,Individual,5,High Risk,Manual Review
118165205,15950.0, 36 months,25.82,E,E4,,MORTGAGE,38000.0,Not Verified,debt_consolidation,NC,34.24,0.0,675.0,679.0,1.0,68.8,19.0,Individual,5,High Risk,Manual Review
117837004,16000.0, 60 months,26.3,E,E5,3 years,MORTGAGE,43150.0,Verified,debt_consolidation,FL,46.23,0.0,705.0,709.0,0.0,89.6,17.0,Joint App,6,High Risk,Manual Review
117888317,5000.0, 36 months,16.02,C,C5,< 1 year,MORTGAGE,45000.0,Source Verified,other,CA,34.24,1.0,675.0,679.0,0.0,87.4,7.0,Individual,5,High Risk,Manual Review
116844072,4000.0, 36 months,23.88,E,E2,3 years,MORTGAGE,35000.0,Verified,home_improvement,OH,31.51,1.0,670.0,674.0,2.0,96.0,27.0,Individual,7,High Risk,Manual Review
117696345,25000.0, 60 months,24.85,E,E3,2 years,MORTGAGE,62000.0,Verified,debt_consolidation,FL,32.83,0.0,660.0,664.0,2.0,75.0,14.0,Individual,5,High Risk,Manual Review
117559881,20225.0, 60 months,30.84,G,G2,10+ years,MORTGAGE,50000.0,Source Verified,credit_card,NY,33.27,0.0,665.0,669.0,0.0,71.8,21.0,Individual,5,High Risk,Manual Review
118172165,15000.0, 60 months,22.91,E,E1,5 years,MORTGAGE,41000.0,Verified,debt_consolidation,OH,33.46,0.0,665.0,669.0,0.0,60.0,16.0,Individual,5,High Risk,Manual Review
117458274,17000.0, 60 months,30.17,F,F3,3 years,RENT,47700.0,Not Verified,debt_consolidation,TX,30.51,0.0,680.0,684.0,0.0,9.0,57.0,Individual,5,High Risk,Manual Review
118158297,17000.0, 60 months,30.89,G,G3,3 years,OWN,34000.0,Not Verified,debt_consolidation,FL,30.36,1.0,665.0,669.0,1.0,20.7,28.0,Individual,6,High Risk,Manual Review
114013409,17500.0, 60 months,30.99,G,G5,1 year,RENT,35000.0,Source Verified,debt_consolidation,MS,14.4,1.0,660.0,664.0,0.0,96.8,20.0,Individual,5,High Risk,Manual Review
118162438,15000.0, 60 months,24.85,E,E3,10+ years,MORTGAGE,49162.9,Verified,debt_consolidation,NM,22.19,2.0,695.0,699.0,0.0,82.0,29.0,Individual,5,High Risk,Manual Review
117889187,36000.0, 60 months,30.94,G,G4,< 1 year,MORTGAGE,75000.0,Verified,debt_consolidation,FL,30.69,2.0,685.0,689.0,1.0,49.7,33.0,Joint App,6,High Risk,Manual Review
118153575,9000.0, 36 months,24.85,E,E3,5 years,RENT,39000.0,Not Verified,debt_consolidation,MA,31.97,1.0,665.0,669.0,1.0,45.0,19.0,Individual,6,High Risk,Manual Review
117872848,4450.0, 36 months,24.85,E,E3,3 years,RENT,26000.0,Verified,moving,NY,31.07,0.0,670.0,674.0,0.0,69.5,12.0,Individual,5,High Risk,Manual Review
117848612,35000.0, 60 months,26.3,E,E5,5 years,OWN,100000.0,Verified,credit_card,NY,14.54,1.0,695.0,699.0,0.0,83.3,14.0,Individual,5,High Risk,Manual Review
117874832,16000.0, 36 months,20.0,D,D4,10+ years,MORTGAGE,98000.0,Source Verified,debt_consolidation,FL,31.48,1.0,670.0,674.0,0.0,88.7,37.0,Individual,5,High Risk,Manual Review
117656375,30000.0, 60 months,26.3,E,E5,10+ years,MORTGAGE,50000.0,Source Verified,debt_consolidation,TN,32.91,3.0,665.0,669.0,1.0,68.7,40.0,Joint App,6,High Risk,Manual Review
117627715,35000.0, 36 months,24.85,E,E3,7 years,MORTGAGE,193000.0,Verified,credit_card,NY,30.45,0.0,670.0,674.0,0.0,86.1,18.0,Individual,6,High Risk,Manual Review
117860544,35000.0, 60 months,30.94,G,G4,10+ years,RENT,70000.0,Verified,credit_card,CO,63.24,0.0,660.0,664.0,2.0,86.3,38.0,Joint App,6,High Risk,Manual Review
117859418,3500.0, 36 months,26.3,E,E5,,RENT,20400.0,Verified,other,PA,30.29,0.0,680.0,684.0,1.0,58.1,17.0,Individual,5,High Risk,Manual Review
117891513,4800.0, 36 months,29.69,F,F2,,MORTGAGE,36000.0,Verified,debt_consolidation,NY,31.73,2.0,660.0,664.0,3.0,48.9,20.0,Individual,6,High Risk,Manual Review
115697123,30000.0, 60 months,26.3,E,E5,10+ years,MORTGAGE,70000.0,Verified,debt_consolidation,NY,31.92,0.0,670.0,674.0,1.0,43.0,52.0,Joint App,5,High Risk,Manual Review
116261911,2500.0, 36 months,26.3,E,E5,10+ years,MORTGAGE,45000.0,Verified,debt_consolidation,IL,34.45,0.0,690.0,694.0,2.0,33.2,13.0,Individual,5,High Risk,Manual Review
117875389,16000.0, 60 months,30.79,G,G1,5 years,MORTGAGE,38675.0,Verified,other,MD,30.32,0.0,675.0,679.0,0.0,57.6,21.0,Individual,5,High Risk,Manual Review
117277480,40000.0, 60 months,16.02,C,C5,< 1 year,MORTGAGE,65000.0,Verified,credit_card,MT,58.2,1.0,690.0,694.0,1.0,96.3,22.0,Joint App,5,High Risk,Manual Review
116268352,20000.0, 60 months,30.17,F,F3,,OWN,13000.0,Verified,home_improvement,MS,68.61,0.0,670.0,674.0,1.0,72.8,17.0,Joint App,5,High Risk,Manual Review
117225943,13675.0, 36 months,23.88,E,E2,2 years,OWN,38000.0,Source Verified,debt_consolidation,MO,33.64,0.0,730.0,734.0,0.0,79.1,15.0,Individual,5,High Risk,Manual Review
116828261,3550.0, 36 months,30.79,G,G1,< 1 year,RENT,43000.0,Source Verified,debt_consolidation,WA,34.3,2.0,690.0,694.0,2.0,25.9,26.0,Individual,6,High Risk,Manual Review
117528317,32000.0, 60 months,16.02,C,C5,10+ years,MORTGAGE,60475.0,Verified,debt_consolidation,TX,43.68,1.0,660.0,664.0,1.0,82.9,32.0,Joint App,5,High Risk,Manual Review
117229531,20000.0, 36 months,30.79,G,G1,2 years,RENT,48000.0,Verified,debt_consolidation,TX,34.0,0.0,680.0,684.0,0.0,40.6,38.0,Individual,5,High Risk,Manual Review
117586770,28000.0, 60 months,30.94,G,G4,9 years,OWN,94000.0,Source Verified,debt_consolidation,MN,13.53,1.0,665.0,669.0,0.0,98.8,16.0,Individual,5,High Risk,Manual Review
117686878,18000.0, 60 months,25.82,E,E4,10+ years,MORTGAGE,45000.0,Verified,home_improvement,KY,30.45,0.0,685.0,689.0,1.0,93.8,13.0,Individual,6,High Risk,Manual Review
117227372,35000.0, 36 months,25.82,E,E4,< 1 year,MORTGAGE,49920.0,Source Verified,debt_consolidation,OH,31.85,0.0,675.0,679.0,1.0,80.3,16.0,Joint App,6,High Risk,Manual Review
117696404,36000.0, 36 months,30.75,F,F5,4 years,RENT,129996.0,Verified,car,CA,33.04,0.0,735.0,739.0,0.0,32.7,29.0,Individual,5,High Risk,Manual Review
117868403,7500.0, 36 months,22.91,E,E1,10+ years,RENT,20000.0,Source Verified,debt_consolidation,CT,33.49,0.0,695.0,699.0,1.0,53.5,11.0,Individual,5,High Risk,Manual Review
116918779,2400.0, 36 months,26.3,E,E5,< 1 year,RENT,27000.0,Verified,debt_consolidation,FL,40.58,0.0,660.0,664.0,1.0,82.7,32.0,Joint App,6,High Risk,Manual Review
117858622,3200.0, 36 months,25.82,E,E4,10+ years,MORTGAGE,24400.0,Verified,other,MO,39.79,0.0,675.0,679.0,3.0,79.9,18.0,Joint App,5,High Risk,Manual Review
117138130,21100.0, 36 months,23.88,E,E2,1 year,MORTGAGE,30000.0,Verified,debt_consolidation,HI,67.16,1.0,685.0,689.0,0.0,70.0,15.0,Joint App,6,High Risk,Manual Review
114172486,16800.0, 60 months,26.3,E,E5,10+ years,MORTGAGE,40248.0,Not Verified,home_improvement,MI,30.11,0.0,710.0,714.0,3.0,50.0,19.0,Individual,5,High Risk,Manual Review
117839026,16000.0, 60 months,18.06,D,D2,< 1 year,RENT,34000.0,Verified,credit_card,NC,46.91,1.0,665.0,669.0,0.0,86.6,24.0,Joint App,5,High Risk,Manual Review
116928175,11000.0, 36 months,25.82,E,E4,< 1 year,OWN,25000.0,Verified,credit_card,ME,30.83,0.0,690.0,694.0,0.0,91.3,23.0,Individual,6,High Risk,Manual Review
117398518,20000.0, 60 months,24.85,E,E3,10+ years,MORTGAGE,55000.0,Not Verified,debt_consolidation,OK,51.95,0.0,680.0,684.0,0.0,66.2,40.0,Joint App,5,High Risk,Manual Review
117560607,35000.0, 60 months,30.99,G,G5,,MORTGAGE,300.0,Not Verified,debt_consolidation,TX,999.0,0.0,670.0,674.0,1.0,98.2,7.0,Joint App,6,High Risk,Manual Review
117418942,33000.0, 60 months,30.65,F,F4,10+ years,MORTGAGE,98000.0,Verified,debt_consolidation,VA,30.88,0.0,675.0,679.0,2.0,59.0,31.0,Individual,5,High Risk,Manual Review
117109345,26050.0, 36 months,22.91,E,E1,10+ years,MORTGAGE,72363.0,Verified,credit_card,NY,32.27,0.0,685.0,689.0,1.0,93.0,23.0,Individual,6,High Risk,Manual Review
117819133,12000.0, 36 months,30.99,G,G5,10+ years,OWN,92000.0,Not Verified,debt_consolidation,AZ,31.91,0.0,680.0,684.0,3.0,20.5,45.0,Individual,5,High Risk,Manual Review
116721332,20000.0, 36 months,23.88,E,E2,5 years,MORTGAGE,25000.0,Verified,debt_consolidation,VA,64.47,1.0,685.0,689.0,0.0,33.5,11.0,Joint App,6,High Risk,Manual Review
117806818,9000.0, 36 months,24.85,E,E3,2 years,RENT,25000.0,Not Verified,credit_card,CA,14.11,1.0,660.0,664.0,0.0,82.4,37.0,Individual,5,High Risk,Manual Review
117348274,15000.0, 36 months,23.88,E,E2,< 1 year,RENT,46000.0,Source Verified,other,TX,34.44,0.0,690.0,694.0,0.0,85.5,5.0,Joint App,6,High Risk,Manual Review
117876791,12725.0, 60 months,24.85,E,E3,6 years,MORTGAGE,80000.0,Source Verified,credit_card,MI,4.34,1.0,695.0,699.0,1.0,90.2,7.0,Individual,5,High Risk,Manual Review
116548491,35000.0, 60 months,23.88,E,E2,9 years,MORTGAGE,175000.0,Verified,house,CA,28.37,1.0,705.0,709.0,2.0,96.0,16.0,Individual,5,High Risk,Manual Review
117044372,12825.0, 36 months,30.17,F,F3,5 years,OWN,40560.0,Source Verified,credit_card,NY,34.76,0.0,695.0,699.0,2.0,30.6,35.0,Individual,5,High Risk,Manual Review
115490602,3950.0, 36 months,26.3,E,E5,,OWN,13200.0,Verified,major_purchase,PA,31.91,0.0,670.0,674.0,1.0,28.3,8.0,Individual,5,High Risk,Manual Review
117836167,10000.0, 60 months,16.02,C,C5,9 years,MORTGAGE,79000.0,Verified,debt_consolidation,VA,31.57,1.0,660.0,664.0,0.0,99.0,16.0,Individual,5,High Risk,Manual Review
117868001,20000.0, 60 months,30.99,G,G5,7 years,RENT,72000.0,Verified,debt_consolidation,ID,32.12,0.0,685.0,689.0,1.0,95.9,33.0,Individual,6,High Risk,Manual Review
117816641,2000.0, 36 months,24.85,E,E3,4 years,RENT,23232.0,Verified,debt_consolidation,VA,31.87,0.0,715.0,719.0,0.0,88.4,13.0,Individual,6,High Risk,Manual Review
116960543,15025.0, 36 months,22.91,E,E1,6 years,OWN,58000.0,Not Verified,debt_consolidation,NY,16.22,1.0,675.0,679.0,0.0,87.0,17.0,Individual,5,High Risk,Manual Review
114785234,35000.0, 36 months,30.17,F,F3,10+ years,RENT,100000.0,Verified,debt_consolidation,CA,32.76,0.0,660.0,664.0,1.0,84.1,19.0,Individual,6,High Risk,Manual Review
117277378,21000.0, 36 months,25.82,E,E4,4 years,MORTGAGE,90000.0,Verified,home_improvement,NV,31.87,0.0,675.0,679.0,1.0,37.8,14.0,Individual,5,High Risk,Manual Review
117646316,35000.0, 60 months,26.3,E,E5,4 years,MORTGAGE,250000.0,Verified,home_improvement,NY,20.81,1.0,675.0,679.0,1.0,101.8,21.0,Individual,5,High Risk,Manual Review
117554056,10000.0, 36 months,23.88,E,E2,,MORTGAGE,16000.0,Verified,debt_consolidation,CA,42.01,2.0,660.0,664.0,0.0,100.9,8.0,Joint App,7,High Risk,Manual Review
117606070,10000.0, 36 months,24.85,E,E3,10+ years,OWN,45000.0,Source Verified,debt_consolidation,FL,34.96,0.0,660.0,664.0,1.0,75.0,20.0,Individual,5,High Risk,Manual Review
117862808,15000.0, 36 months,22.91,E,E1,7 years,OWN,42000.0,Source Verified,debt_consolidation,AZ,31.09,0.0,700.0,704.0,0.0,97.0,10.0,Individual,6,High Risk,Manual Review
117226671,9000.0, 36 months,26.3,E,E5,1 year,RENT,35000.0,Verified,other,PA,31.82,0.0,665.0,669.0,0.0,70.8,12.0,Individual,5,High Risk,Manual Review
116979697,40000.0, 60 months,16.02,C,C5,< 1 year,MORTGAGE,35000.0,Verified,debt_consolidation,AL,45.61,1.0,690.0,694.0,0.0,92.3,21.0,Joint App,5,High Risk,Manual Review
117206787,16000.0, 60 months,30.17,F,F3,10+ years,RENT,33000.0,Verified,debt_consolidation,NY,30.95,0.0,685.0,689.0,0.0,96.4,8.0,Joint App,6,High Risk,Manual Review
117289093,12000.0, 60 months,26.3,E,E5,10+ years,MORTGAGE,31824.0,Verified,debt_consolidation,OH,31.03,0.0,675.0,679.0,2.0,41.9,19.0,Individual,5,High Risk,Manual Review
117586216,35000.0, 36 months,24.85,E,E3,3 years,RENT,113500.0,Source Verified,debt_consolidation,FL,30.69,0.0,660.0,664.0,0.0,65.7,50.0,Individual,5,High Risk,Manual Review
117229890,24000.0, 60 months,26.3,E,E5,< 1 year,MORTGAGE,30000.0,Source Verified,home_improvement,MI,87.28,0.0,660.0,664.0,5.0,30.6,24.0,Joint App,5,High Risk,Manual Review
114902717,18425.0, 36 months,26.3,E,E5,10+ years,RENT,70000.0,Verified,house,MD,9.43,1.0,660.0,664.0,0.0,88.0,12.0,Individual,5,High Risk,Manual Review
117715203,15000.0, 60 months,30.89,G,G3,2 years,MORTGAGE,40000.0,Verified,debt_consolidation,MO,30.75,1.0,665.0,669.0,1.0,31.2,22.0,Individual,6,High Risk,Manual Review
117626166,12000.0, 60 months,30.65,F,F4,,OWN,48000.0,Verified,debt_consolidation,MN,34.55,0.0,700.0,704.0,1.0,83.1,15.0,Individual,6,High Risk,Manual Review
117579472,35000.0, 60 months,30.17,F,F3,10+ years,MORTGAGE,122000.0,Source Verified,other,MD,34.74,0.0,700.0,704.0,1.0,57.2,60.0,Joint App,5,High Risk,Manual Review
116209016,7200.0, 36 months,25.82,E,E4,10+ years,MORTGAGE,33000.0,Source Verified,other,OH,34.04,0.0,665.0,669.0,2.0,80.7,8.0,Individual,6,High Risk,Manual Review
117695220,25000.0, 60 months,22.91,E,E1,10+ years,MORTGAGE,58000.0,Verified,credit_card,IN,32.13,0.0,670.0,674.0,1.0,64.0,38.0,Individual,5,High Risk,Manual Review
116868974,40000.0, 60 months,25.82,E,E4,< 1 year,RENT,30000.0,Verified,debt_consolidation,NC,70.96,0.0,715.0,719.0,0.0,64.0,21.0,Joint App,5,High Risk,Manual Review
117585043,35000.0, 60 months,17.09,D,D1,5 years,MORTGAGE,125000.0,Source Verified,debt_consolidation,WY,30.07,1.0,670.0,674.0,0.0,82.3,41.0,Joint App,5,High Risk,Manual Review
117844062,15000.0, 60 months,26.3,E,E5,< 1 year,MORTGAGE,39000.0,Not Verified,debt_consolidation,NV,36.27,0.0,665.0,669.0,0.0,22.5,33.0,Joint App,5,High Risk,Manual Review
117837630,3500.0, 36 months,23.88,E,E2,3 years,MORTGAGE,55000.0,Verified,medical,VA,45.89,0.0,665.0,669.0,4.0,64.9,48.0,Joint App,5,High Risk,Manual Review
117253320,35000.0, 36 months,29.69,F,F2,3 years,MORTGAGE,125000.0,Source Verified,debt_consolidation,KY,31.13,1.0,705.0,709.0,1.0,50.1,41.0,Individual,6,High Risk,Manual Review
117272110,35000.0, 36 months,23.88,E,E2,< 1 year,MORTGAGE,52000.0,Verified,debt_consolidation,ME,41.86,0.0,665.0,669.0,0.0,72.4,42.0,Joint App,5,High Risk,Manual Review
117561691,12000.0, 60 months,20.0,D,D4,< 1 year,MORTGAGE,37000.0,Not Verified,debt_consolidation,NJ,43.66,1.0,670.0,674.0,0.0,94.7,21.0,Joint App,5,High Risk,Manual Review
117815138,2000.0, 36 months,22.91,E,E1,,OWN,24000.0,Verified,other,PA,30.15,0.0,660.0,664.0,1.0,96.0,12.0,Individual,6,High Risk,Manual Review
116476242,35000.0, 60 months,30.17,F,F3,10+ years,MORTGAGE,104000.0,Source Verified,debt_consolidation,MD,27.27,1.0,680.0,684.0,0.0,82.2,33.0,Individual,5,High Risk,Manual Review
117199499,9600.0, 36 months,26.3,E,E5,9 years,MORTGAGE,41000.0,Verified,debt_consolidation,AL,31.4,0.0,660.0,664.0,2.0,65.8,30.0,Individual,5,High Risk,Manual Review
116879923,10000.0, 36 months,30.75,F,F5,3 years,MORTGAGE,40000.0,Verified,debt_consolidation,NM,37.89,1.0,660.0,664.0,0.0,68.2,14.0,Joint App,6,High Risk,Manual Review
117582918,5000.0, 36 months,23.88,E,E2,10+ years,MORTGAGE,60000.0,Source Verified,debt_consolidation,WI,33.31,0.0,660.0,664.0,1.0,58.7,46.0,Individual,5,High Risk,Manual Review
117596602,1500.0, 36 months,24.85,E,E3,5 years,OWN,45000.0,Verified,other,NC,30.36,0.0,695.0,699.0,0.0,91.9,11.0,Individual,6,High Risk,Manual Review
117785882,18000.0, 60 months,26.3,E,E5,10+ years,MORTGAGE,52000.0,Source Verified,debt_consolidation,OR,30.21,0.0,660.0,664.0,0.0,59.5,40.0,Individual,5,High Risk,Manual Review
117230768,35000.0, 60 months,26.3,E,E5,< 1 year,MORTGAGE,76000.0,Verified,debt_consolidation,PA,33.92,0.0,675.0,679.0,1.0,74.9,38.0,Individual,5,High Risk,Manual Review
117554242,28800.0, 60 months,30.65,F,F4,< 1 year,OWN,60000.0,Source Verified,debt_consolidation,IL,30.54,1.0,700.0,704.0,0.0,40.0,22.0,Individual,6,High Risk,Manual Review
117577318,21000.0, 60 months,24.85,E,E3,2 years,OWN,39520.0,Verified,debt_consolidation,FL,41.21,0.0,725.0,729.0,0.0,28.1,19.0,Joint App,5,High Risk,Manual Review
117595159,5000.0, 36 months,26.3,E,E5,2 years,OWN,165000.0,Source Verified,small_business,OH,12.83,1.0,670.0,674.0,2.0,84.5,38.0,Individual,5,High Risk,Manual Review
117863446,15975.0, 60 months,30.65,F,F4,10+ years,MORTGAGE,67593.0,Source Verified,debt_consolidation,VT,32.19,0.0,670.0,674.0,1.0,58.5,54.0,Individual,5,High Risk,Manual Review
116959067,3500.0, 36 months,23.88,E,E2,< 1 year,RENT,34148.0,Source Verified,debt_consolidation,IL,31.95,2.0,660.0,664.0,1.0,23.6,18.0,Individual,6,High Risk,Manual Review
117579192,30000.0, 36 months,23.88,E,E2,10+ years,MORTGAGE,90000.0,Verified,debt_consolidation,OH,31.36,0.0,680.0,684.0,1.0,83.7,24.0,Individual,6,High Risk,Manual Review
117685617,35000.0, 60 months,26.3,E,E5,10+ years,RENT,96000.0,Source Verified,credit_card,KS,34.23,0.0,680.0,684.0,0.0,82.1,33.0,Individual,6,High Risk,Manual Review
117735716,14000.0, 36 months,19.03,D,D3,10+ years,RENT,87000.0,Source Verified,debt_consolidation,FL,31.72,1.0,685.0,689.0,0.0,84.6,23.0,Individual,5,High Risk,Manual Review
117745580,13200.0, 60 months,30.17,F,F3,9 years,MORTGAGE,80000.0,Verified,credit_card,MD,33.0,0.0,695.0,699.0,0.0,100.0,29.0,Individual,6,High Risk,Manual Review
117785698,30000.0, 36 months,26.3,E,E5,10+ years,MORTGAGE,106000.0,Verified,debt_consolidation,NY,14.45,1.0,670.0,674.0,1.0,88.3,28.0,Individual,5,High Risk,Manual Review
117839547,28000.0, 60 months,26.3,E,E5,5 years,MORTGAGE,68000.0,Not Verified,debt_consolidation,VA,30.39,0.0,670.0,674.0,0.0,71.7,36.0,Individual,5,High Risk,Manual Review
117835212,14450.0, 36 months,23.88,E,E2,10+ years,MORTGAGE,100000.0,Source Verified,debt_consolidation,CA,32.26,0.0,675.0,679.0,0.0,87.7,32.0,Individual,6,High Risk,Manual Review
117665348,5000.0, 36 months,26.3,E,E5,2 years,RENT,38500.0,Source Verified,debt_consolidation,NJ,32.17,0.0,685.0,689.0,1.0,21.4,15.0,Individual,5,High Risk,Manual Review
117565033,27275.0, 60 months,30.99,G,G5,10+ years,RENT,81200.0,Verified,debt_consolidation,MD,34.67,0.0,695.0,699.0,0.0,93.0,21.0,Individual,6,High Risk,Manual Review
117655333,14000.0, 60 months,25.82,E,E4,9 years,MORTGAGE,69000.0,Verified,debt_consolidation,OR,34.54,0.0,705.0,709.0,1.0,75.6,30.0,Individual,5,High Risk,Manual Review
116815803,24000.0, 60 months,24.85,E,E3,10+ years,RENT,50000.0,Not Verified,debt_consolidation,CA,33.11,0.0,705.0,709.0,0.0,56.8,13.0,Individual,5,High Risk,Manual Review
117556833,33900.0, 60 months,30.99,G,G5,1 year,MORTGAGE,75000.0,Not Verified,debt_consolidation,OH,31.52,0.0,700.0,704.0,1.0,77.2,53.0,Individual,5,High Risk,Manual Review
117225045,28900.0, 60 months,24.85,E,E3,4 years,MORTGAGE,70000.0,Verified,debt_consolidation,VA,50.78,0.0,685.0,689.0,2.0,60.4,44.0,Joint App,5,High Risk,Manual Review
115418039,7000.0, 36 months,26.3,E,E5,10+ years,MORTGAGE,64771.0,Verified,debt_consolidation,WI,36.13,3.0,665.0,669.0,0.0,62.8,26.0,Joint App,6,High Risk,Manual Review
117309164,5000.0, 36 months,29.69,F,F2,4 years,MORTGAGE,18096.0,Verified,moving,NY,34.95,0.0,680.0,684.0,0.0,66.2,9.0,Individual,5,High Risk,Manual Review
117199810,20000.0, 60 months,18.06,D,D2,10+ years,MORTGAGE,50968.0,Source Verified,debt_consolidation,AL,32.68,2.0,675.0,679.0,0.0,80.4,22.0,Joint App,5,High Risk,Manual Review
117560562,5000.0, 36 months,24.85,E,E3,< 1 year,MORTGAGE,20000.0,Source Verified,major_purchase,AR,55.7,0.0,660.0,664.0,0.0,49.7,21.0,Joint App,5,High Risk,Manual Review
116925652,13200.0, 36 months,26.3,E,E5,1 year,RENT,30000.0,Verified,other,CA,34.72,0.0,695.0,699.0,1.0,29.9,13.0,Individual,5,High Risk,Manual Review
117238542,5000.0, 36 months,23.88,E,E2,4 years,RENT,65000.0,Source Verified,major_purchase,OH,31.48,0.0,670.0,674.0,2.0,75.6,20.0,Individual,5,High Risk,Manual Review
116525393,27000.0, 60 months,30.65,F,F4,10+ years,MORTGAGE,60000.0,Verified,debt_consolidation,AL,30.7,0.0,665.0,669.0,2.0,94.0,33.0,Individual,6,High Risk,Manual Review
116879830,10000.0, 60 months,26.3,E,E5,,MORTGAGE,10000.0,Verified,home_improvement,MD,40.7,1.0,660.0,664.0,0.0,84.2,4.0,Joint App,7,High Risk,Manual Review
117272642,15000.0, 36 months,23.88,E,E2,< 1 year,MORTGAGE,10000.0,Verified,debt_consolidation,NY,104.68,1.0,675.0,679.0,0.0,83.5,22.0,Joint App,7,High Risk,Manual Review
116164764,5000.0, 36 months,29.69,F,F2,1 year,RENT,25000.0,Verified,other,NY,32.31,0.0,685.0,689.0,1.0,54.3,8.0,Individual,5,High Risk,Manual Review
117398800,11475.0, 60 months,30.79,G,G1,10+ years,MORTGAGE,75000.0,Verified,debt_consolidation,MN,32.3,0.0,660.0,664.0,0.0,61.0,20.0,Individual,5,High Risk,Manual Review
117237172,30000.0, 36 months,23.88,E,E2,10+ years,MORTGAGE,90000.0,Verified,credit_card,TX,31.32,0.0,665.0,669.0,2.0,49.8,56.0,Individual,5,High Risk,Manual Review
116841734,30000.0, 60 months,30.17,F,F3,< 1 year,MORTGAGE,21000.0,Verified,credit_card,OH,28.57,1.0,660.0,664.0,1.0,80.3,23.0,Joint App,5,High Risk,Manual Review
117044625,21200.0, 36 months,25.82,E,E4,10+ years,MORTGAGE,42500.0,Verified,debt_consolidation,IL,58.09,1.0,670.0,674.0,0.0,65.9,29.0,Joint App,6,High Risk,Manual Review
116926711,8000.0, 36 months,24.85,E,E3,2 years,RENT,26000.0,Not Verified,debt_consolidation,NY,30.33,0.0,670.0,674.0,1.0,66.3,30.0,Individual,5,High Risk,Manual Review
117554868,15000.0, 36 months,23.88,E,E2,< 1 year,RENT,46000.0,Source Verified,debt_consolidation,MA,32.61,0.0,690.0,694.0,0.0,75.9,23.0,Individual,5,High Risk,Manual Review
117226082,12000.0, 60 months,25.82,E,E4,10+ years,MORTGAGE,61000.0,Source Verified,debt_consolidation,PA,34.84,0.0,685.0,689.0,0.0,93.5,17.0,Individual,6,High Risk,Manual Review
116759052,12525.0, 60 months,23.88,E,E2,,MORTGAGE,43000.0,Verified,debt_consolidation,VA,32.15,1.0,710.0,714.0,0.0,95.0,21.0,Individual,7,High Risk,Manual Review
117538368,10000.0, 60 months,26.3,E,E5,10+ years,MORTGAGE,100000.0,Source Verified,debt_consolidation,KS,22.45,2.0,660.0,664.0,4.0,94.6,40.0,Individual,5,High Risk,Manual Review
116978694,12500.0, 36 months,22.91,E,E1,10+ years,MORTGAGE,55000.0,Verified,debt_consolidation,AZ,32.27,0.0,705.0,709.0,0.0,24.3,31.0,Individual,5,High Risk,Manual Review
117043830,24200.0, 36 months,26.3,E,E5,8 years,RENT,55000.0,Source Verified,debt_consolidation,TX,31.6,0.0,670.0,674.0,0.0,49.7,24.0,Individual,5,High Risk,Manual Review
117428912,10000.0, 60 months,26.3,E,E5,< 1 year,MORTGAGE,60000.0,Source Verified,debt_consolidation,MD,14.24,1.0,660.0,664.0,1.0,101.4,13.0,Individual,5,High Risk,Manual Review
116475697,12500.0, 60 months,30.75,F,F5,10+ years,MORTGAGE,71800.0,Source Verified,debt_consolidation,TN,32.54,0.0,665.0,669.0,0.0,81.1,17.0,Individual,6,High Risk,Manual Review
115567302,11375.0, 60 months,30.75,F,F5,10+ years,RENT,66697.0,Verified,debt_consolidation,HI,30.17,0.0,660.0,664.0,3.0,88.0,18.0,Individual,6,High Risk,Manual Review
116801121,9000.0, 36 months,23.88,E,E2,,RENT,10980.0,Source Verified,other,CA,66.12,0.0,675.0,679.0,0.0,54.0,12.0,Joint App,5,High Risk,Manual Review
117204732,10800.0, 60 months,30.84,G,G2,10+ years,MORTGAGE,39210.0,Verified,debt_consolidation,CO,54.33,0.0,675.0,679.0,1.0,72.5,30.0,Joint App,5,High Risk,Manual Review
115477217,12000.0, 60 months,25.82,E,E4,10+ years,RENT,48000.0,Verified,debt_consolidation,OH,31.75,0.0,685.0,689.0,1.0,48.9,10.0,Individual,5,High Risk,Manual Review
116773731,25000.0, 60 months,30.94,G,G4,6 years,OWN,55000.0,Verified,debt_consolidation,PA,32.38,0.0,660.0,664.0,0.0,91.0,23.0,Individual,6,High Risk,Manual Review
117528727,25000.0, 60 months,26.3,E,E5,,RENT,52600.0,Not Verified,debt_consolidation,MI,32.35,0.0,680.0,684.0,0.0,30.8,19.0,Individual,5,High Risk,Manual Review
117518500,16000.0, 60 months,24.85,E,E3,1 year,RENT,40000.0,Source Verified,credit_card,CO,30.3,0.0,690.0,694.0,0.0,99.2,12.0,Individual,6,High Risk,Manual Review
117251176,12800.0, 36 months,30.94,G,G4,5 years,RENT,47500.0,Verified,debt_consolidation,HI,46.97,0.0,665.0,669.0,2.0,54.3,31.0,Joint App,5,High Risk,Manual Review
117198020,35000.0, 60 months,26.3,E,E5,10+ years,MORTGAGE,111467.41,Verified,home_improvement,CA,5.66,2.0,665.0,669.0,0.0,91.4,14.0,Individual,5,High Risk,Manual Review
116817737,13450.0, 60 months,24.85,E,E3,2 years,MORTGAGE,40000.0,Verified,home_improvement,MD,32.88,0.0,705.0,709.0,0.0,32.6,22.0,Individual,5,High Risk,Manual Review
117191716,15000.0, 60 months,30.84,G,G2,2 years,RENT,30000.0,Verified,debt_consolidation,IL,44.92,1.0,670.0,674.0,2.0,62.1,28.0,Joint App,6,High Risk,Manual Review
116894183,24500.0, 60 months,30.89,G,G3,4 years,RENT,95000.0,Verified,credit_card,CA,30.28,0.0,695.0,699.0,0.0,41.0,27.0,Individual,5,High Risk,Manual Review
116525623,12000.0, 60 months,28.72,F,F1,9 years,RENT,48000.0,Source Verified,debt_consolidation,IL,21.08,1.0,665.0,669.0,4.0,83.0,28.0,Individual,5,High Risk,Manual Review
116798752,25000.0, 60 months,30.17,F,F3,10+ years,MORTGAGE,85000.0,Verified,debt_consolidation,MT,32.05,0.0,685.0,689.0,0.0,82.1,16.0,Individual,6,High Risk,Manual Review
116778432,29250.0, 60 months,22.91,E,E1,10+ years,MORTGAGE,65000.0,Verified,major_purchase,WI,11.67,1.0,685.0,689.0,2.0,97.0,18.0,Individual,5,High Risk,Manual Review
117255134,24000.0, 60 months,23.88,E,E2,10+ years,MORTGAGE,72000.0,Verified,debt_consolidation,AL,30.13,0.0,665.0,669.0,0.0,83.0,34.0,Individual,6,High Risk,Manual Review
115378098,32000.0, 60 months,23.88,E,E2,< 1 year,MORTGAGE,43000.0,Source Verified,debt_consolidation,PA,36.6,0.0,715.0,719.0,0.0,62.3,40.0,Joint App,5,High Risk,Manual Review
117225289,12000.0, 60 months,24.85,E,E3,< 1 year,MORTGAGE,41000.0,Verified,debt_consolidation,FL,65.98,1.0,700.0,704.0,0.0,36.3,25.0,Joint App,6,High Risk,Manual Review
117068891,22425.0, 60 months,29.69,F,F2,3 years,RENT,70000.0,Verified,debt_consolidation,WA,31.25,0.0,690.0,694.0,0.0,95.0,18.0,Individual,6,High Risk,Manual Review
117119289,35000.0, 60 months,30.99,G,G5,5 years,MORTGAGE,103480.0,Verified,debt_consolidation,FL,30.07,0.0,670.0,674.0,2.0,77.9,35.0,Individual,5,High Risk,Manual Review
116473281,28550.0, 36 months,25.82,E,E4,2 years,MORTGAGE,68000.0,Source Verified,debt_consolidation,AL,15.18,1.0,660.0,664.0,0.0,96.2,15.0,Individual,5,High Risk,Manual Review
117039369,2575.0, 36 months,23.88,E,E2,,MORTGAGE,25644.0,Not Verified,debt_consolidation,AZ,33.6,1.0,670.0,674.0,2.0,66.3,26.0,Individual,6,High Risk,Manual Review
117273002,6500.0, 36 months,18.06,D,D2,10+ years,OWN,87152.0,Not Verified,other,SC,32.33,1.0,675.0,679.0,1.0,81.5,28.0,Individual,5,High Risk,Manual Review
116524680,24000.0, 60 months,26.3,E,E5,7 years,MORTGAGE,70000.0,Not Verified,debt_consolidation,PA,30.1,0.0,665.0,669.0,0.0,63.9,30.0,Individual,5,High Risk,Manual Review
116814462,35000.0, 36 months,23.88,E,E2,< 1 year,MORTGAGE,79000.0,Verified,debt_consolidation,NE,38.34,0.0,670.0,674.0,1.0,87.9,57.0,Joint App,6,High Risk,Manual Review
116878288,21000.0, 60 months,26.3,E,E5,1 year,RENT,60000.0,Verified,debt_consolidation,MO,32.18,0.0,685.0,689.0,0.0,52.0,22.0,Individual,5,High Risk,Manual Review
116960316,30000.0, 60 months,25.82,E,E4,10+ years,MORTGAGE,85000.0,Verified,debt_consolidation,OH,34.66,0.0,695.0,699.0,0.0,65.0,38.0,Individual,5,High Risk,Manual Review
117528220,21400.0, 60 months,30.75,F,F5,6 years,RENT,50000.0,Verified,debt_consolidation,FL,32.53,1.0,660.0,664.0,0.0,99.0,18.0,Individual,7,High Risk,Manual Review
116960210,18525.0, 60 months,30.75,F,F5,10+ years,RENT,48761.0,Verified,debt_consolidation,IL,34.78,0.0,675.0,679.0,3.0,18.0,27.0,Individual,5,High Risk,Manual Review
117288216,24000.0, 36 months,16.02,C,C5,8 years,RENT,70000.0,Not Verified,debt_consolidation,HI,34.65,1.0,665.0,669.0,0.0,83.9,22.0,Individual,5,High Risk,Manual Review
116877533,8700.0, 36 months,30.75,F,F5,4 years,RENT,50000.0,Verified,major_purchase,AK,34.01,0.0,660.0,664.0,1.0,77.3,14.0,Individual,5,High Risk,Manual Review
116812648,18400.0, 60 months,30.89,G,G3,6 years,RENT,40000.0,Source Verified,debt_consolidation,FL,31.47,0.0,685.0,689.0,0.0,91.3,7.0,Individual,6,High Risk,Manual Review
117328165,2575.0, 36 months,25.82,E,E4,2 years,RENT,19500.0,Source Verified,other,IL,33.66,0.0,660.0,664.0,1.0,43.6,9.0,Individual,5,High Risk,Manual Review
117233258,7000.0, 36 months,30.99,G,G5,< 1 year,MORTGAGE,42000.0,Source Verified,debt_consolidation,WA,35.66,0.0,680.0,684.0,5.0,69.4,40.0,Joint App,5,High Risk,Manual Review
117207115,5000.0, 36 months,25.82,E,E4,2 years,RENT,80000.0,Verified,debt_consolidation,MD,30.17,1.0,670.0,674.0,0.0,96.2,15.0,Individual,7,High Risk,Manual Review
116739184,4900.0, 36 months,24.85,E,E3,1 year,RENT,39000.0,Verified,debt_consolidation,NY,11.54,2.0,665.0,669.0,0.0,87.9,19.0,Individual,5,High Risk,Manual Review
117189839,15275.0, 60 months,25.82,E,E4,,MORTGAGE,45000.0,Not Verified,debt_consolidation,MS,34.56,0.0,695.0,699.0,0.0,87.7,34.0,Individual,6,High Risk,Manual Review
115549845,22925.0, 36 months,30.65,F,F4,< 1 year,MORTGAGE,104000.0,Verified,credit_card,MT,32.18,0.0,685.0,689.0,0.0,90.7,27.0,Individual,6,High Risk,Manual Review
117274401,3925.0, 36 months,24.85,E,E3,6 years,RENT,33000.0,Not Verified,debt_consolidation,TX,34.76,0.0,680.0,684.0,0.0,78.9,63.0,Individual,5,High Risk,Manual Review
117232929,15000.0, 36 months,24.85,E,E3,2 years,MORTGAGE,49000.0,Source Verified,debt_consolidation,DE,17.76,4.0,660.0,664.0,2.0,85.5,28.0,Individual,5,High Risk,Manual Review
117266301,6850.0, 36 months,29.69,F,F2,10+ years,MORTGAGE,52000.0,Verified,debt_consolidation,MN,26.22,1.0,665.0,669.0,1.0,100.7,19.0,Individual,5,High Risk,Manual Review
116474277,21000.0, 36 months,22.91,E,E1,4 years,MORTGAGE,67000.0,Verified,major_purchase,GA,32.36,0.0,695.0,699.0,0.0,49.5,15.0,Individual,5,High Risk,Manual Review
116256980,12000.0, 60 months,25.82,E,E4,9 years,MORTGAGE,52000.0,Verified,debt_consolidation,NY,34.53,0.0,715.0,719.0,0.0,100.9,15.0,Individual,6,High Risk,Manual Review
116969313,14000.0, 36 months,30.99,G,G5,1 year,OWN,33372.0,Verified,debt_consolidation,LA,33.26,0.0,660.0,664.0,2.0,71.1,20.0,Individual,5,High Risk,Manual Review
116595547,19350.0, 36 months,22.91,E,E1,10+ years,RENT,27249.0,Source Verified,other,NC,38.99,0.0,700.0,704.0,0.0,69.6,20.0,Joint App,5,High Risk,Manual Review
117237281,20000.0, 60 months,15.05,C,C4,2 years,MORTGAGE,47000.0,Not Verified,debt_consolidation,KY,36.08,1.0,665.0,669.0,1.0,93.0,20.0,Joint App,5,High Risk,Manual Review
115352973,12000.0, 60 months,25.82,E,E4,1 year,RENT,50000.0,Source Verified,debt_consolidation,FL,32.65,0.0,700.0,704.0,0.0,62.3,15.0,Individual,5,High Risk,Manual Review
117205107,28000.0, 60 months,26.3,E,E5,< 1 year,MORTGAGE,68000.0,Verified,debt_consolidation,WA,61.6,2.0,670.0,674.0,0.0,99.3,30.0,Joint App,7,High Risk,Manual Review
116827310,24000.0, 36 months,24.85,E,E3,4 years,MORTGAGE,46000.0,Verified,debt_consolidation,TX,51.87,1.0,660.0,664.0,0.0,84.7,39.0,Joint App,7,High Risk,Manual Review
117159315,24125.0, 36 months,22.91,E,E1,10+ years,RENT,67000.0,Verified,credit_card,AZ,32.96,0.0,665.0,669.0,2.0,90.0,20.0,Individual,6,High Risk,Manual Review
116927110,20000.0, 36 months,22.91,E,E1,7 years,MORTGAGE,75000.0,Source Verified,debt_consolidation,NV,31.71,0.0,695.0,699.0,0.0,79.9,24.0,Individual,5,High Risk,Manual Review
116876754,30000.0, 60 months,19.03,D,D3,< 1 year,MORTGAGE,50000.0,Verified,credit_card,CA,47.5,1.0,660.0,664.0,1.0,89.4,25.0,Joint App,5,High Risk,Manual Review
117218982,12000.0, 36 months,25.82,E,E4,10+ years,MORTGAGE,41000.0,Source Verified,debt_consolidation,AR,31.65,0.0,660.0,664.0,2.0,64.2,28.0,Individual,5,High Risk,Manual Review
117225086,5000.0, 36 months,26.3,E,E5,10+ years,MORTGAGE,24000.0,Source Verified,debt_consolidation,PA,31.35,0.0,675.0,679.0,1.0,42.3,36.0,Individual,5,High Risk,Manual Review
116879333,12000.0, 36 months,24.85,E,E3,,RENT,38889.96,Verified,debt_consolidation,GA,31.08,0.0,690.0,694.0,1.0,84.7,21.0,Individual,6,High Risk,Manual Review
116927052,15000.0, 60 months,30.65,F,F4,< 1 year,MORTGAGE,20000.0,Not Verified,home_improvement,NY,88.18,0.0,675.0,679.0,0.0,51.3,19.0,Joint App,5,High Risk,Manual Review
116475652,31250.0, 60 months,30.79,G,G1,10+ years,MORTGAGE,84000.0,Verified,debt_consolidation,IL,32.83,1.0,665.0,669.0,1.0,77.0,18.0,Individual,6,High Risk,Manual Review
115368555,12000.0, 36 months,26.3,E,E5,,OWN,15360.0,Verified,debt_consolidation,AZ,95.31,0.0,665.0,669.0,1.0,76.2,27.0,Joint App,5,High Risk,Manual Review
116882148,29000.0, 60 months,30.84,G,G2,10+ years,MORTGAGE,67661.0,Verified,debt_consolidation,NY,32.25,2.0,660.0,664.0,0.0,52.6,33.0,Individual,6,High Risk,Manual Review
116776897,18600.0, 60 months,30.84,G,G2,10+ years,RENT,49000.0,Verified,debt_consolidation,GA,33.99,0.0,670.0,674.0,1.0,86.7,18.0,Individual,6,High Risk,Manual Review
117233065,5000.0, 36 months,30.99,G,G5,10+ years,OWN,130000.0,Verified,debt_consolidation,NY,12.66,1.0,670.0,674.0,3.0,80.3,24.0,Individual,5,High Risk,Manual Review
117216659,10000.0, 36 months,26.3,E,E5,2 years,RENT,38000.0,Source Verified,debt_consolidation,OR,33.26,0.0,685.0,689.0,1.0,85.6,8.0,Individual,6,High Risk,Manual Review
117232391,35000.0, 60 months,26.3,E,E5,9 years,MORTGAGE,150000.0,Verified,credit_card,IL,33.27,0.0,680.0,684.0,0.0,92.7,47.0,Individual,6,High Risk,Manual Review
114224162,18000.0, 60 months,21.45,D,D5,< 1 year,MORTGAGE,15000.0,Not Verified,debt_consolidation,NY,88.96,1.0,665.0,669.0,0.0,99.5,29.0,Joint App,5,High Risk,Manual Review
117030805,35000.0, 60 months,30.17,F,F3,9 years,MORTGAGE,250000.0,Verified,credit_card,TX,5.88,2.0,660.0,664.0,1.0,90.2,16.0,Individual,5,High Risk,Manual Review
116525318,10850.0, 60 months,26.3,E,E5,,RENT,31000.0,Verified,debt_consolidation,OK,33.41,0.0,675.0,679.0,0.0,81.0,7.0,Individual,6,High Risk,Manual Review
117059951,35000.0, 36 months,30.99,G,G5,8 years,MORTGAGE,85722.0,Source Verified,credit_card,AR,34.41,1.0,680.0,684.0,3.0,79.9,20.0,Individual,6,High Risk,Manual Review
116927425,15000.0, 60 months,30.65,F,F4,10+ years,OWN,7000.0,Source Verified,debt_consolidation,NY,153.86,0.0,665.0,669.0,1.0,62.2,41.0,Joint App,5,High Risk,Manual Review
117078939,11200.0, 60 months,30.79,G,G1,2 years,MORTGAGE,45000.0,Source Verified,debt_consolidation,DE,30.05,0.0,665.0,669.0,1.0,68.3,19.0,Individual,5,High Risk,Manual Review
117194428,20000.0, 60 months,30.17,F,F3,10+ years,MORTGAGE,36000.0,Verified,credit_card,VA,40.83,0.0,670.0,674.0,0.0,66.8,22.0,Joint App,5,High Risk,Manual Review
116859235,25900.0, 60 months,30.75,F,F5,< 1 year,MORTGAGE,25000.0,Source Verified,debt_consolidation,CT,76.62,2.0,660.0,664.0,0.0,55.3,29.0,Joint App,6,High Risk,Manual Review
117159469,10000.0, 36 months,24.85,E,E3,5 years,RENT,40800.0,Verified,debt_consolidation,UT,31.56,1.0,690.0,694.0,0.0,10.8,20.0,Individual,6,High Risk,Manual Review
114804224,25000.0, 60 months,30.75,F,F5,5 years,RENT,56360.0,Verified,debt_consolidation,NJ,30.69,0.0,675.0,679.0,0.0,57.1,29.0,Individual,5,High Risk,Manual Review
116926811,2200.0, 36 months,24.85,E,E3,,RENT,33000.0,Verified,debt_consolidation,NE,38.87,0.0,660.0,664.0,0.0,61.8,15.0,Joint App,5,High Risk,Manual Review
117202341,37800.0, 60 months,30.84,G,G2,6 years,RENT,16000.0,Not Verified,debt_consolidation,NJ,123.02,0.0,670.0,674.0,0.0,59.2,24.0,Joint App,5,High Risk,Manual Review
116266460,5950.0, 36 months,24.85,E,E3,10+ years,RENT,45500.0,Source Verified,other,NJ,31.81,0.0,690.0,694.0,0.0,63.5,35.0,Individual,5,High Risk,Manual Review
115373912,9275.0, 36 months,22.91,E,E1,2 years,RENT,42000.0,Source Verified,debt_consolidation,NC,32.8,0.0,695.0,699.0,1.0,32.8,33.0,Individual,5,High Risk,Manual Review
117019695,12400.0, 60 months,28.72,F,F1,7 years,MORTGAGE,58000.0,Verified,home_improvement,MI,33.5,1.0,665.0,669.0,1.0,86.0,18.0,Individual,7,High Risk,Manual Review
116930221,1000.0, 36 months,23.88,E,E2,< 1 year,RENT,22100.0,Verified,other,TX,34.87,0.0,665.0,669.0,1.0,13.3,7.0,Individual,5,High Risk,Manual Review
117201655,11725.0, 60 months,30.65,F,F4,< 1 year,MORTGAGE,12000.0,Verified,debt_consolidation,PA,117.6,0.0,685.0,689.0,0.0,70.2,19.0,Joint App,5,High Risk,Manual Review
117046111,10000.0, 60 months,26.3,E,E5,10+ years,MORTGAGE,44000.0,Source Verified,debt_consolidation,MS,26.43,1.0,685.0,689.0,0.0,85.3,26.0,Individual,5,High Risk,Manual Review
114202966,32200.0, 60 months,30.99,G,G5,10+ years,MORTGAGE,70000.0,Verified,debt_consolidation,NJ,34.58,0.0,660.0,664.0,0.0,71.9,14.0,Individual,5,High Risk,Manual Review
115169857,16000.0, 60 months,30.94,G,G4,10+ years,MORTGAGE,71000.0,Verified,credit_card,PA,31.44,0.0,660.0,664.0,0.0,64.0,28.0,Individual,5,High Risk,Manual Review
117218997,21000.0, 36 months,23.88,E,E2,10+ years,MORTGAGE,575000.0,Verified,credit_card,CA,32.35,0.0,715.0,719.0,0.0,33.0,33.0,Individual,5,High Risk,Manual Review
116475807,20000.0, 60 months,26.3,E,E5,10+ years,MORTGAGE,55000.0,Source Verified,debt_consolidation,NC,34.91,0.0,680.0,684.0,0.0,73.7,23.0,Individual,5,High Risk,Manual Review
117220655,5875.0, 36 months,30.89,G,G3,6 years,MORTGAGE,116000.0,Verified,debt_consolidation,FL,32.25,0.0,660.0,664.0,0.0,39.8,47.0,Individual,5,High Risk,Manual Review
116616185,35000.0, 60 months,26.3,E,E5,,MORTGAGE,98000.0,Verified,debt_consolidation,NJ,31.17,2.0,675.0,679.0,0.0,63.3,27.0,Individual,6,High Risk,Manual Review
117220282,35000.0, 60 months,30.89,G,G3,9 years,RENT,110000.0,Source Verified,debt_consolidation,NJ,20.49,1.0,660.0,664.0,0.0,91.5,19.0,Individual,5,High Risk,Manual Review
117188454,31475.0, 60 months,30.89,G,G3,10+ years,OWN,150000.0,Verified,major_purchase,VA,33.92,0.0,700.0,704.0,0.0,57.6,23.0,Individual,5,High Risk,Manual Review
114802844,35000.0, 36 months,15.05,C,C4,< 1 year,MORTGAGE,50000.0,Verified,debt_consolidation,MN,40.97,1.0,665.0,669.0,2.0,99.9,34.0,Joint App,5,High Risk,Manual Review
116626469,20000.0, 60 months,26.3,E,E5,10+ years,OWN,75000.0,Verified,debt_consolidation,MA,24.46,1.0,675.0,679.0,1.0,82.1,23.0,Individual,5,High Risk,Manual Review
117159388,14400.0, 60 months,25.82,E,E4,5 years,RENT,49375.0,Source Verified,debt_consolidation,OH,34.71,0.0,680.0,684.0,0.0,94.7,34.0,Individual,6,High Risk,Manual Review
116711866,5000.0, 36 months,20.0,D,D4,10+ years,MORTGAGE,27000.0,Verified,major_purchase,OH,32.0,1.0,665.0,669.0,0.0,89.8,14.0,Individual,5,High Risk,Manual Review
116803514,11200.0, 60 months,30.84,G,G2,< 1 year,MORTGAGE,110000.0,Source Verified,debt_consolidation,FL,28.06,2.0,670.0,674.0,0.0,88.0,25.0,Joint App,5,High Risk,Manual Review
116925411,5000.0, 36 months,23.88,E,E2,10+ years,RENT,100000.0,Source Verified,debt_consolidation,TN,33.84,0.0,665.0,669.0,0.0,102.2,43.0,Joint App,6,High Risk,Manual Review
117191383,10000.0, 60 months,30.94,G,G4,,RENT,2500.0,Not Verified,debt_consolidation,CT,240.87,0.0,690.0,694.0,0.0,40.2,19.0,Joint App,5,High Risk,Manual Review
116877086,13600.0, 60 months,30.89,G,G3,10+ years,MORTGAGE,85000.0,Source Verified,debt_consolidation,IL,33.91,0.0,720.0,724.0,0.0,74.8,19.0,Individual,5,High Risk,Manual Review
117031172,31200.0, 36 months,24.85,E,E3,7 years,MORTGAGE,65000.0,Source Verified,debt_consolidation,FL,34.71,0.0,720.0,724.0,1.0,25.0,31.0,Individual,5,High Risk,Manual Review
116613153,13600.0, 36 months,29.69,F,F2,10+ years,RENT,60000.0,Verified,debt_consolidation,GA,30.42,0.0,675.0,679.0,1.0,46.9,22.0,Individual,5,High Risk,Manual Review
116919664,26225.0, 36 months,18.06,D,D2,4 years,RENT,20000.0,Not Verified,debt_consolidation,OR,89.68,1.0,690.0,694.0,0.0,96.0,12.0,Joint App,5,High Risk,Manual Review
116820737,6500.0, 36 months,23.88,E,E2,,OWN,30000.0,Verified,other,AR,11.0,4.0,660.0,664.0,0.0,88.7,22.0,Individual,5,High Risk,Manual Review
116884070,35000.0, 60 months,30.75,F,F5,10+ years,MORTGAGE,185000.0,Source Verified,debt_consolidation,PA,22.91,9.0,660.0,664.0,0.0,99.7,36.0,Individual,5,High Risk,Manual Review
116921340,12000.0, 60 months,19.03,D,D3,< 1 year,OWN,68000.0,Verified,debt_consolidation,TX,54.47,1.0,680.0,684.0,0.0,85.1,31.0,Joint App,5,High Risk,Manual Review
115073743,24000.0, 60 months,23.88,E,E2,< 1 year,MORTGAGE,48000.0,Verified,debt_consolidation,FL,40.83,0.0,710.0,714.0,0.0,40.7,29.0,Joint App,5,High Risk,Manual Review
117038354,21000.0, 60 months,24.85,E,E3,6 years,RENT,60000.0,Not Verified,major_purchase,TX,36.54,0.0,695.0,699.0,2.0,73.4,18.0,Joint App,5,High Risk,Manual Review
117194345,6000.0, 36 months,29.69,F,F2,3 years,RENT,24000.0,Verified,debt_consolidation,NY,30.85,0.0,685.0,689.0,0.0,25.2,25.0,Individual,5,High Risk,Manual Review
116927023,30000.0, 60 months,26.3,E,E5,4 years,MORTGAGE,120000.0,Source Verified,debt_consolidation,NY,19.63,1.0,670.0,674.0,0.0,94.2,20.0,Individual,5,High Risk,Manual Review
117078742,28000.0, 60 months,30.79,G,G1,3 years,RENT,112000.0,Verified,debt_consolidation,WA,31.54,0.0,685.0,689.0,0.0,101.0,23.0,Individual,6,High Risk,Manual Review
116577415,6800.0, 36 months,23.88,E,E2,4 years,RENT,20000.0,Verified,debt_consolidation,FL,34.15,1.0,660.0,664.0,0.0,95.3,9.0,Individual,7,High Risk,Manual Review
116926767,14500.0, 60 months,30.84,G,G2,10+ years,RENT,37377.0,Verified,debt_consolidation,SD,33.65,0.0,675.0,679.0,0.0,61.7,24.0,Individual,5,High Risk,Manual Review
116835798,32000.0, 36 months,23.88,E,E2,5 years,MORTGAGE,50000.0,Verified,debt_consolidation,TX,43.01,0.0,700.0,704.0,0.0,66.2,35.0,Joint App,5,High Risk,Manual Review
116890022,20000.0, 36 months,26.3,E,E5,10+ years,RENT,90000.0,Source Verified,debt_consolidation,NJ,33.26,0.0,675.0,679.0,1.0,21.9,30.0,Individual,5,High Risk,Manual Review
116818747,35000.0, 36 months,30.75,F,F5,2 years,RENT,125000.0,Source Verified,debt_consolidation,NJ,34.97,0.0,705.0,709.0,0.0,52.5,19.0,Individual,5,High Risk,Manual Review
117201539,36000.0, 60 months,25.82,E,E4,10+ years,MORTGAGE,140000.0,Verified,credit_card,MD,25.34,1.0,690.0,694.0,0.0,92.1,31.0,Individual,5,High Risk,Manual Review
117138780,16200.0, 36 months,26.3,E,E5,4 years,RENT,75000.0,Source Verified,debt_consolidation,NY,15.17,4.0,660.0,664.0,0.0,88.3,20.0,Individual,5,High Risk,Manual Review
117206837,5000.0, 36 months,23.88,E,E2,10+ years,RENT,48000.0,Verified,moving,CA,29.08,3.0,660.0,664.0,0.0,93.0,27.0,Individual,5,High Risk,Manual Review
116845841,25000.0, 60 months,26.3,E,E5,7 years,MORTGAGE,39500.0,Not Verified,debt_consolidation,FL,32.18,0.0,685.0,689.0,1.0,81.3,21.0,Joint App,6,High Risk,Manual Review
117029445,25300.0, 60 months,23.88,E,E2,2 years,MORTGAGE,30000.0,Not Verified,debt_consolidation,FL,34.08,0.0,715.0,719.0,0.0,65.4,16.0,Joint App,5,High Risk,Manual Review
117032731,10000.0, 36 months,23.88,E,E2,4 years,RENT,36000.0,Not Verified,other,MD,10.57,5.0,670.0,674.0,0.0,81.1,31.0,Individual,5,High Risk,Manual Review
115339648,6000.0, 36 months,22.91,E,E1,10+ years,MORTGAGE,20000.0,Verified,other,IN,34.69,1.0,680.0,684.0,1.0,56.0,17.0,Individual,6,High Risk,Manual Review
117189503,10000.0, 60 months,30.65,F,F4,1 year,MORTGAGE,40000.0,Verified,debt_consolidation,CO,31.02,0.0,715.0,719.0,2.0,29.2,8.0,Individual,5,High Risk,Manual Review
115694782,35000.0, 60 months,26.3,E,E5,10+ years,MORTGAGE,75000.0,Verified,debt_consolidation,AZ,36.24,0.0,665.0,669.0,0.0,82.8,30.0,Joint App,6,High Risk,Manual Review
116578933,25000.0, 60 months,26.3,E,E5,4 years,MORTGAGE,45000.0,Source Verified,debt_consolidation,WA,44.64,0.0,660.0,664.0,0.0,74.2,24.0,Joint App,5,High Risk,Manual Review
116525238,35000.0, 36 months,25.82,E,E4,10+ years,RENT,110000.0,Source Verified,debt_consolidation,NY,32.29,0.0,665.0,669.0,0.0,94.8,18.0,Individual,6,High Risk,Manual Review
116922373,29500.0, 60 months,26.3,E,E5,9 years,MORTGAGE,78000.0,Source Verified,debt_consolidation,PA,32.23,0.0,670.0,674.0,0.0,95.4,33.0,Joint App,6,High Risk,Manual Review
116878088,30000.0, 36 months,23.88,E,E2,10+ years,OWN,80000.0,Verified,debt_consolidation,GA,31.92,0.0,720.0,724.0,0.0,40.1,23.0,Individual,5,High Risk,Manual Review
117179414,8000.0, 36 months,19.03,D,D3,9 years,RENT,92000.0,Source Verified,vacation,CA,32.26,4.0,660.0,664.0,1.0,83.4,42.0,Individual,5,High Risk,Manual Review
116921400,3000.0, 36 months,25.82,E,E4,,RENT,9500.0,Verified,debt_consolidation,IN,30.47,1.0,675.0,679.0,2.0,28.5,12.0,Individual,6,High Risk,Manual Review
117200517,18000.0, 60 months,26.3,E,E5,10+ years,MORTGAGE,80000.0,Source Verified,debt_consolidation,KY,31.86,0.0,700.0,704.0,1.0,64.8,25.0,Individual,5,High Risk,Manual Review
116938538,35000.0, 60 months,26.3,E,E5,10+ years,MORTGAGE,30000.0,Verified,debt_consolidation,GA,93.4,0.0,680.0,684.0,0.0,45.3,31.0,Joint App,5,High Risk,Manual Review
114781351,25000.0, 60 months,24.85,E,E3,5 years,MORTGAGE,70000.0,Not Verified,debt_consolidation,NC,41.52,0.0,700.0,704.0,0.0,48.3,22.0,Joint App,5,High Risk,Manual Review
117195512,10150.0, 60 months,30.65,F,F4,1 year,MORTGAGE,54000.0,Source Verified,home_improvement,CA,31.53,0.0,680.0,684.0,0.0,82.8,41.0,Individual,6,High Risk,Manual Review
116805833,18000.0, 60 months,26.3,E,E5,< 1 year,OWN,20000.0,Verified,home_improvement,MT,65.13,0.0,685.0,689.0,1.0,31.4,25.0,Joint App,5,High Risk,Manual Review
115680374,30000.0, 60 months,30.17,F,F3,< 1 year,OWN,130000.0,Source Verified,house,MI,16.75,2.0,675.0,679.0,3.0,83.6,28.0,Individual,5,High Risk,Manual Review
116786222,18000.0, 60 months,30.17,F,F3,,OWN,20000.0,Source Verified,debt_consolidation,CA,81.51,0.0,690.0,694.0,0.0,57.6,12.0,Joint App,5,High Risk,Manual Review
117032164,21000.0, 36 months,26.3,E,E5,9 years,MORTGAGE,140000.0,Source Verified,debt_consolidation,NJ,8.52,1.0,665.0,669.0,0.0,82.1,19.0,Individual,5,High Risk,Manual Review
115358652,10500.0, 60 months,26.3,E,E5,,RENT,20089.43,Verified,debt_consolidation,NV,44.21,0.0,670.0,674.0,0.0,58.9,11.0,Joint App,5,High Risk,Manual Review
115707653,12575.0, 36 months,21.45,D,D5,9 years,MORTGAGE,49000.0,Verified,debt_consolidation,TN,31.18,1.0,670.0,674.0,0.0,88.7,20.0,Individual,5,High Risk,Manual Review
116606982,25000.0, 60 months,26.3,E,E5,3 years,OWN,175000.0,Source Verified,credit_card,TX,6.6,1.0,670.0,674.0,0.0,88.5,12.0,Individual,5,High Risk,Manual Review
116705931,28000.0, 60 months,30.99,G,G5,8 years,RENT,21000.0,Verified,debt_consolidation,KY,90.0,0.0,700.0,704.0,4.0,50.3,35.0,Joint App,5,High Risk,Manual Review
117188822,13300.0, 36 months,25.82,E,E4,,MORTGAGE,52000.0,Verified,home_improvement,MD,31.04,0.0,670.0,674.0,0.0,97.3,18.0,Individual,6,High Risk,Manual Review
117033100,14075.0, 60 months,30.65,F,F4,3 years,RENT,32000.0,Source Verified,credit_card,NY,33.27,2.0,660.0,664.0,1.0,45.0,28.0,Individual,6,High Risk,Manual Review
116557439,15000.0, 60 months,26.3,E,E5,5 years,RENT,47000.0,Source Verified,house,NY,34.96,0.0,680.0,684.0,0.0,74.6,27.0,Individual,5,High Risk,Manual Review
117207126,5500.0, 36 months,25.82,E,E4,< 1 year,RENT,45000.0,Source Verified,debt_consolidation,MO,34.62,0.0,670.0,674.0,0.0,77.6,33.0,Individual,5,High Risk,Manual Review
117179056,12000.0, 60 months,26.3,E,E5,7 years,MORTGAGE,44000.0,Not Verified,debt_consolidation,PA,30.05,0.0,665.0,669.0,2.0,44.3,61.0,Individual,5,High Risk,Manual Review
116669344,12000.0, 60 months,26.3,E,E5,,MORTGAGE,40000.0,Verified,debt_consolidation,WA,30.15,0.0,680.0,684.0,0.0,82.5,21.0,Individual,6,High Risk,Manual Review
117034198,16000.0, 36 months,26.3,E,E5,2 years,RENT,51000.0,Verified,debt_consolidation,ND,30.82,0.0,685.0,689.0,0.0,25.3,24.0,Individual,5,High Risk,Manual Review
117148838,16000.0, 60 months,30.75,F,F5,7 years,RENT,65000.0,Source Verified,debt_consolidation,TX,32.39,0.0,670.0,674.0,2.0,53.2,52.0,Individual,5,High Risk,Manual Review
116687907,12475.0, 60 months,24.85,E,E3,5 years,RENT,34000.0,Not Verified,debt_consolidation,NY,34.38,0.0,790.0,794.0,1.0,1.0,16.0,Individual,5,High Risk,Manual Review
117189747,12000.0, 60 months,30.75,F,F5,3 years,MORTGAGE,35500.0,Not Verified,debt_consolidation,MI,31.34,0.0,660.0,664.0,1.0,46.1,37.0,Individual,5,High Risk,Manual Review
117041182,1500.0, 36 months,24.85,E,E3,3 years,MORTGAGE,60000.0,Not Verified,home_improvement,KY,31.64,0.0,660.0,664.0,0.0,78.5,33.0,Individual,5,High Risk,Manual Review
117195899,17100.0, 36 months,26.3,E,E5,4 years,MORTGAGE,137000.0,Verified,debt_consolidation,TX,30.24,0.0,690.0,694.0,1.0,63.2,38.0,Individual,5,High Risk,Manual Review
116867033,27200.0, 60 months,30.65,F,F4,1 year,RENT,75000.0,Source Verified,credit_card,FL,24.03,3.0,660.0,664.0,0.0,87.4,37.0,Individual,5,High Risk,Manual Review
116808894,12000.0, 60 months,24.85,E,E3,3 years,MORTGAGE,52000.0,Not Verified,debt_consolidation,IN,33.47,1.0,685.0,689.0,2.0,44.1,38.0,Individual,6,High Risk,Manual Review
116921180,20000.0, 60 months,25.82,E,E4,< 1 year,RENT,46350.0,Source Verified,credit_card,NJ,33.38,0.0,680.0,684.0,0.0,88.9,23.0,Individual,6,High Risk,Manual Review
113689015,2400.0, 36 months,23.88,E,E2,< 1 year,RENT,50000.0,Source Verified,vacation,MD,30.2,1.0,660.0,664.0,0.0,30.8,25.0,Individual,6,High Risk,Manual Review
116885094,30950.0, 36 months,24.85,E,E3,< 1 year,RENT,32000.0,Verified,debt_consolidation,NY,63.43,0.0,695.0,699.0,0.0,33.0,26.0,Joint App,5,High Risk,Manual Review
117030801,12000.0, 60 months,30.84,G,G2,3 years,MORTGAGE,67500.0,Source Verified,debt_consolidation,SD,34.01,0.0,675.0,679.0,1.0,86.7,20.0,Individual,6,High Risk,Manual Review
116838879,20000.0, 36 months,18.06,D,D2,10+ years,MORTGAGE,62500.0,Not Verified,debt_consolidation,KS,32.51,3.0,685.0,689.0,2.0,86.5,42.0,Individual,5,High Risk,Manual Review
116788587,20000.0, 36 months,30.17,F,F3,4 years,OWN,55000.0,Source Verified,debt_consolidation,AZ,33.89,0.0,670.0,674.0,0.0,81.3,14.0,Individual,6,High Risk,Manual Review
116771084,15000.0, 36 months,23.88,E,E2,2 years,RENT,40000.0,Source Verified,debt_consolidation,TX,31.11,0.0,670.0,674.0,0.0,69.2,15.0,Individual,5,High Risk,Manual Review
116869549,20000.0, 36 months,21.45,D,D5,10+ years,MORTGAGE,120000.0,Verified,debt_consolidation,CA,30.82,3.0,660.0,664.0,1.0,85.7,24.0,Joint App,5,High Risk,Manual Review
116809064,15000.0, 36 months,23.88,E,E2,< 1 year,MORTGAGE,30000.0,Verified,debt_consolidation,ID,48.84,0.0,670.0,674.0,0.0,55.0,22.0,Joint App,5,High Risk,Manual Review
116832231,10000.0, 36 months,23.88,E,E2,< 1 year,RENT,39000.0,Source Verified,debt_consolidation,IN,18.8,1.0,665.0,669.0,0.0,81.4,21.0,Individual,5,High Risk,Manual Review
114145636,28000.0, 36 months,30.94,G,G4,9 years,RENT,110000.0,Verified,debt_consolidation,NY,32.12,0.0,690.0,694.0,0.0,57.1,31.0,Individual,5,High Risk,Manual Review
116835470,30000.0, 60 months,30.65,F,F4,3 years,MORTGAGE,50000.0,Verified,debt_consolidation,VA,45.73,0.0,680.0,684.0,0.0,68.2,26.0,Joint App,5,High Risk,Manual Review
116393274,26450.0, 60 months,26.3,E,E5,9 years,MORTGAGE,62000.0,Source Verified,debt_consolidation,MN,32.36,2.0,660.0,664.0,0.0,81.0,23.0,Individual,7,High Risk,Manual Review
116778039,12000.0, 60 months,26.3,E,E5,< 1 year,MORTGAGE,13000.0,Not Verified,debt_consolidation,MO,45.43,0.0,685.0,689.0,0.0,89.2,6.0,Joint App,6,High Risk,Manual Review
116626169,8000.0, 36 months,20.0,D,D4,,RENT,21600.0,Verified,debt_consolidation,NC,61.56,3.0,665.0,669.0,0.0,91.8,33.0,Joint App,5,High Risk,Manual Review
116885833,28000.0, 36 months,16.02,C,C5,< 1 year,MORTGAGE,25000.0,Source Verified,debt_consolidation,VA,67.88,1.0,670.0,674.0,0.0,86.9,38.0,Joint App,5,High Risk,Manual Review
116805933,20000.0, 60 months,26.3,E,E5,3 years,MORTGAGE,30000.0,Not Verified,debt_consolidation,TN,32.24,0.0,700.0,704.0,1.0,9.3,43.0,Joint App,5,High Risk,Manual Review
116555567,32000.0, 36 months,26.3,E,E5,1 year,MORTGAGE,39600.0,Verified,debt_consolidation,MN,41.81,0.0,675.0,679.0,1.0,49.5,33.0,Joint App,5,High Risk,Manual Review
116919461,28625.0, 60 months,24.85,E,E3,6 years,MORTGAGE,145000.0,Source Verified,debt_consolidation,TX,33.01,0.0,680.0,684.0,0.0,91.4,40.0,Individual,6,High Risk,Manual Review
116610327,25750.0, 36 months,26.3,E,E5,3 years,RENT,56000.0,Not Verified,major_purchase,FL,33.04,1.0,755.0,759.0,0.0,4.5,11.0,Individual,6,High Risk,Manual Review
116695610,32000.0, 60 months,16.02,C,C5,,MORTGAGE,10000.0,Verified,home_improvement,AL,44.3,2.0,665.0,669.0,0.0,92.7,14.0,Joint App,5,High Risk,Manual Review
116264706,3000.0, 36 months,30.84,G,G2,4 years,MORTGAGE,65000.0,Source Verified,major_purchase,ME,31.94,0.0,710.0,714.0,3.0,14.6,43.0,Individual,5,High Risk,Manual Review
116547713,35000.0, 36 months,30.99,G,G5,8 years,OWN,100000.0,Verified,debt_consolidation,CA,33.43,0.0,695.0,699.0,1.0,65.9,12.0,Individual,5,High Risk,Manual Review
115701845,7950.0, 36 months,29.69,F,F2,10+ years,RENT,35000.0,Verified,debt_consolidation,CA,30.38,0.0,675.0,679.0,0.0,17.7,28.0,Individual,5,High Risk,Manual Review
116688798,8150.0, 36 months,23.88,E,E2,2 years,RENT,24000.0,Verified,debt_consolidation,NV,34.55,0.0,675.0,679.0,0.0,85.7,25.0,Individual,6,High Risk,Manual Review
116867358,40000.0, 60 months,30.79,G,G1,1 year,RENT,111000.0,Verified,debt_consolidation,NY,34.3,0.0,695.0,699.0,1.0,98.5,29.0,Individual,6,High Risk,Manual Review
116683385,8000.0, 36 months,16.02,C,C5,2 years,RENT,67600.0,Source Verified,debt_consolidation,CA,31.24,2.0,675.0,679.0,1.0,85.4,14.0,Individual,5,High Risk,Manual Review
116254037,31200.0, 60 months,17.09,D,D1,10+ years,OWN,106000.0,Source Verified,debt_consolidation,SC,30.96,1.0,670.0,674.0,1.0,81.4,12.0,Individual,5,High Risk,Manual Review
116882787,7000.0, 36 months,22.91,E,E1,< 1 year,RENT,75000.0,Verified,moving,ME,32.07,0.0,725.0,729.0,0.0,63.4,18.0,Individual,5,High Risk,Manual Review
116878120,5000.0, 36 months,30.75,F,F5,10+ years,RENT,40000.0,Verified,other,FL,33.78,0.0,675.0,679.0,1.0,30.7,34.0,Individual,5,High Risk,Manual Review
114883481,32000.0, 60 months,26.3,E,E5,< 1 year,MORTGAGE,30000.0,Verified,debt_consolidation,VA,37.0,0.0,675.0,679.0,1.0,42.0,25.0,Joint App,5,High Risk,Manual Review
116737321,28000.0, 60 months,30.79,G,G1,1 year,RENT,69996.0,Verified,major_purchase,CA,31.29,0.0,675.0,679.0,1.0,95.5,18.0,Individual,6,High Risk,Manual Review
116723857,21000.0, 36 months,16.02,C,C5,8 years,MORTGAGE,150000.0,Not Verified,debt_consolidation,CA,30.61,4.0,660.0,664.0,1.0,85.7,25.0,Individual,5,High Risk,Manual Review
116812640,10000.0, 36 months,29.69,F,F2,< 1 year,MORTGAGE,29000.0,Source Verified,debt_consolidation,MI,71.9,0.0,670.0,674.0,2.0,54.6,17.0,Joint App,5,High Risk,Manual Review
116858314,6000.0, 36 months,24.85,E,E3,5 years,MORTGAGE,40000.0,Source Verified,debt_consolidation,FL,31.38,0.0,680.0,684.0,3.0,12.4,19.0,Individual,5,High Risk,Manual Review
116611997,1600.0, 36 months,23.88,E,E2,2 years,RENT,67000.0,Verified,other,CA,17.8,1.0,675.0,679.0,0.0,100.3,14.0,Individual,5,High Risk,Manual Review
116845094,30000.0, 60 months,26.3,E,E5,10+ years,MORTGAGE,85000.0,Source Verified,debt_consolidation,SC,32.21,0.0,685.0,689.0,2.0,69.1,52.0,Individual,5,High Risk,Manual Review
116812277,11200.0, 60 months,26.3,E,E5,,RENT,11496.0,Verified,debt_consolidation,MA,67.95,0.0,710.0,714.0,0.0,53.0,14.0,Joint App,5,High Risk,Manual Review
113145642,10000.0, 36 months,23.88,E,E2,3 years,RENT,46000.0,Source Verified,debt_consolidation,TX,32.12,0.0,660.0,664.0,1.0,34.2,47.0,Individual,5,High Risk,Manual Review
115172782,12000.0, 36 months,30.84,G,G2,< 1 year,RENT,45000.0,Not Verified,debt_consolidation,OR,6.45,1.0,680.0,684.0,0.0,88.8,19.0,Individual,5,High Risk,Manual Review
115054383,20000.0, 60 months,30.94,G,G4,,OWN,23244.0,Source Verified,debt_consolidation,NY,34.8,2.0,685.0,689.0,0.0,8.1,11.0,Joint App,6,High Risk,Manual Review
116863311,18000.0, 60 months,26.3,E,E5,1 year,RENT,80000.0,Source Verified,other,NJ,30.68,0.0,700.0,704.0,1.0,65.6,26.0,Individual,5,High Risk,Manual Review
116856317,26400.0, 60 months,30.94,G,G4,10+ years,RENT,55000.0,Source Verified,debt_consolidation,MA,33.52,2.0,675.0,679.0,0.0,28.1,10.0,Individual,6,High Risk,Manual Review
115715797,18475.0, 60 months,30.79,G,G1,3 years,RENT,42000.0,Verified,debt_consolidation,FL,32.85,0.0,670.0,674.0,0.0,64.9,16.0,Individual,5,High Risk,Manual Review
116683763,20000.0, 36 months,21.45,D,D5,< 1 year,MORTGAGE,35000.0,Verified,debt_consolidation,KS,45.4,1.0,670.0,674.0,0.0,80.6,22.0,Joint App,5,High Risk,Manual Review
116268141,28000.0, 60 months,30.89,G,G3,< 1 year,MORTGAGE,36000.0,Source Verified,debt_consolidation,MI,35.9,0.0,675.0,679.0,1.0,65.5,22.0,Joint App,5,High Risk,Manual Review
116772748,1000.0, 36 months,23.88,E,E2,2 years,MORTGAGE,50000.0,Verified,debt_consolidation,CA,15.94,1.0,685.0,689.0,1.0,93.9,23.0,Individual,5,High Risk,Manual Review
116697450,16000.0, 36 months,30.17,F,F3,3 years,OWN,60000.0,Source Verified,debt_consolidation,GA,31.54,0.0,695.0,699.0,1.0,52.9,29.0,Individual,5,High Risk,Manual Review
116804460,1925.0, 36 months,30.94,G,G4,10+ years,MORTGAGE,65000.0,Verified,home_improvement,CA,32.74,0.0,690.0,694.0,0.0,58.5,20.0,Individual,5,High Risk,Manual Review
116777234,10000.0, 36 months,25.82,E,E4,9 years,OWN,35000.0,Source Verified,other,AR,33.88,0.0,660.0,664.0,1.0,93.6,15.0,Individual,6,High Risk,Manual Review
116034781,15000.0, 60 months,30.17,F,F3,1 year,RENT,33000.0,Verified,debt_consolidation,VA,32.87,0.0,685.0,689.0,0.0,80.8,7.0,Individual,6,High Risk,Manual Review
116726346,13950.0, 60 months,26.3,E,E5,< 1 year,MORTGAGE,45000.0,Verified,credit_card,NY,28.56,1.0,665.0,669.0,0.0,84.3,19.0,Individual,5,High Risk,Manual Review
116523953,33000.0, 60 months,30.89,G,G3,9 years,RENT,75000.0,Source Verified,debt_consolidation,NY,31.12,0.0,665.0,669.0,1.0,64.7,22.0,Individual,5,High Risk,Manual Review
116695175,5000.0, 36 months,18.06,D,D2,10+ years,MORTGAGE,82000.0,Source Verified,other,VA,30.51,1.0,665.0,669.0,0.0,85.7,33.0,Individual,5,High Risk,Manual Review
115381872,18000.0, 60 months,30.65,F,F4,7 years,MORTGAGE,50000.0,Source Verified,debt_consolidation,NJ,36.93,2.0,670.0,674.0,5.0,37.1,31.0,Joint App,6,High Risk,Manual Review
116768169,10000.0, 36 months,20.0,D,D4,10+ years,OWN,65000.0,Source Verified,car,MA,32.46,1.0,665.0,669.0,1.0,88.6,13.0,Individual,5,High Risk,Manual Review
116612189,3600.0, 36 months,24.85,E,E3,10+ years,MORTGAGE,90000.0,Verified,moving,CA,33.63,0.0,660.0,664.0,2.0,69.0,41.0,Individual,5,High Risk,Manual Review
116775850,15000.0, 60 months,17.09,D,D1,2 years,MORTGAGE,53800.0,Verified,debt_consolidation,AZ,40.08,1.0,660.0,664.0,0.0,88.6,28.0,Joint App,5,High Risk,Manual Review
116269971,40000.0, 60 months,15.05,C,C4,< 1 year,MORTGAGE,11000.0,Not Verified,credit_card,TX,177.07,1.0,685.0,689.0,0.0,91.8,22.0,Joint App,5,High Risk,Manual Review
116683303,16325.0, 36 months,23.88,E,E2,5 years,RENT,43000.0,Source Verified,debt_consolidation,OR,33.21,0.0,670.0,674.0,0.0,72.3,34.0,Individual,5,High Risk,Manual Review
116637375,21525.0, 60 months,30.89,G,G3,2 years,OWN,75000.0,Source Verified,debt_consolidation,FL,31.02,0.0,720.0,724.0,0.0,45.5,29.0,Individual,5,High Risk,Manual Review
115254340,2700.0, 36 months,23.88,E,E2,,OWN,21585.0,Verified,other,LA,33.37,3.0,675.0,679.0,1.0,21.5,26.0,Individual,6,High Risk,Manual Review
115703155,16950.0, 60 months,26.3,E,E5,8 years,MORTGAGE,51000.0,Verified,debt_consolidation,IL,40.71,0.0,760.0,764.0,0.0,40.5,30.0,Joint App,5,High Risk,Manual Review
115221221,6000.0, 36 months,26.3,E,E5,4 years,RENT,70000.0,Source Verified,debt_consolidation,MN,34.72,0.0,660.0,664.0,1.0,71.0,16.0,Individual,5,High Risk,Manual Review
116605460,35000.0, 60 months,30.99,G,G5,< 1 year,MORTGAGE,80000.0,Source Verified,debt_consolidation,OH,31.87,2.0,690.0,694.0,1.0,47.1,27.0,Individual,6,High Risk,Manual Review
116575443,19000.0, 60 months,30.84,G,G2,4 years,RENT,50000.0,Verified,debt_consolidation,OH,31.49,0.0,670.0,674.0,0.0,70.6,14.0,Individual,5,High Risk,Manual Review
116687431,28000.0, 60 months,24.85,E,E3,1 year,MORTGAGE,71000.0,Source Verified,debt_consolidation,OK,31.3,0.0,695.0,699.0,2.0,99.0,12.0,Individual,6,High Risk,Manual Review
116862476,10000.0, 60 months,30.89,G,G3,6 years,RENT,26400.0,Verified,debt_consolidation,FL,30.36,1.0,660.0,664.0,0.0,31.9,30.0,Individual,6,High Risk,Manual Review
115692109,40000.0, 60 months,23.88,E,E2,1 year,MORTGAGE,75000.0,Source Verified,home_improvement,GA,32.83,0.0,715.0,719.0,1.0,45.7,29.0,Joint App,5,High Risk,Manual Review
115380697,35000.0, 36 months,30.79,G,G1,,OWN,56424.0,Verified,debt_consolidation,CA,44.98,0.0,670.0,674.0,3.0,49.2,53.0,Joint App,5,High Risk,Manual Review
115061652,3500.0, 36 months,30.75,F,F5,10+ years,MORTGAGE,44000.0,Verified,other,VA,30.96,0.0,675.0,679.0,0.0,37.6,12.0,Individual,5,High Risk,Manual Review
115389794,30000.0, 60 months,30.99,G,G5,< 1 year,MORTGAGE,67000.0,Not Verified,small_business,MN,35.29,2.0,660.0,664.0,1.0,57.4,20.0,Joint App,6,High Risk,Manual Review
114144431,20000.0, 60 months,25.82,E,E4,10+ years,RENT,85000.0,Source Verified,credit_card,NY,31.98,0.0,730.0,734.0,0.0,35.2,44.0,Individual,5,High Risk,Manual Review
115219589,30000.0, 60 months,26.3,E,E5,2 years,MORTGAGE,120000.0,Verified,debt_consolidation,CA,10.73,3.0,680.0,684.0,0.0,89.1,13.0,Individual,5,High Risk,Manual Review
115362421,21000.0, 60 months,30.17,F,F3,5 years,MORTGAGE,130000.0,Source Verified,debt_consolidation,LA,30.52,0.0,690.0,694.0,0.0,73.7,42.0,Individual,5,High Risk,Manual Review
116493136,30000.0, 36 months,30.89,G,G3,4 years,OWN,35000.0,Verified,small_business,NY,57.5,0.0,700.0,704.0,1.0,28.5,20.0,Joint App,5,High Risk,Manual Review
116544721,21600.0, 60 months,26.3,E,E5,6 years,RENT,50000.0,Verified,debt_consolidation,GA,32.07,0.0,705.0,709.0,0.0,43.0,20.0,Individual,5,High Risk,Manual Review
116606154,10000.0, 60 months,21.45,D,D5,10+ years,MORTGAGE,51000.0,Not Verified,debt_consolidation,NJ,33.76,3.0,665.0,669.0,2.0,88.2,26.0,Joint App,5,High Risk,Manual Review
116064921,5000.0, 36 months,24.85,E,E3,2 years,RENT,19200.0,Verified,debt_consolidation,PA,31.06,0.0,660.0,664.0,0.0,39.5,25.0,Individual,5,High Risk,Manual Review
115083331,3600.0, 36 months,30.17,F,F3,,OWN,7920.0,Verified,home_improvement,TX,32.42,0.0,675.0,679.0,0.0,54.4,14.0,Individual,5,High Risk,Manual Review
116533303,8000.0, 36 months,24.85,E,E3,10+ years,OWN,46000.0,Verified,debt_consolidation,SC,33.0,1.0,670.0,674.0,0.0,42.0,56.0,Individual,6,High Risk,Manual Review
115172250,5450.0, 36 months,25.82,E,E4,2 years,RENT,18949.0,Verified,credit_card,MN,30.84,1.0,660.0,664.0,0.0,64.1,11.0,Individual,6,High Risk,Manual Review
116474137,20000.0, 60 months,30.17,F,F3,10+ years,MORTGAGE,79000.0,Source Verified,debt_consolidation,AR,31.85,1.0,680.0,684.0,2.0,63.7,34.0,Individual,6,High Risk,Manual Review
116252083,19425.0, 36 months,29.69,F,F2,10+ years,MORTGAGE,80000.0,Verified,credit_card,MS,30.76,0.0,660.0,664.0,0.0,58.7,39.0,Individual,5,High Risk,Manual Review
116821250,7000.0, 36 months,30.17,F,F3,8 years,OWN,36000.0,Source Verified,other,TX,31.43,4.0,680.0,684.0,0.0,66.8,23.0,Individual,6,High Risk,Manual Review
115118178,28825.0, 60 months,30.99,G,G5,6 years,MORTGAGE,80000.0,Source Verified,debt_consolidation,GA,30.41,1.0,700.0,704.0,0.0,56.7,40.0,Individual,6,High Risk,Manual Review
115382536,40000.0, 60 months,26.3,E,E5,5 years,MORTGAGE,90000.0,Verified,debt_consolidation,CT,30.72,0.0,730.0,734.0,1.0,96.7,15.0,Individual,6,High Risk,Manual Review
116796426,12000.0, 60 months,30.75,F,F5,1 year,RENT,140000.0,Source Verified,debt_consolidation,CA,31.53,0.0,695.0,699.0,0.0,47.6,25.0,Individual,5,High Risk,Manual Review
116785757,20000.0, 60 months,26.3,E,E5,7 years,MORTGAGE,45000.0,Not Verified,debt_consolidation,IL,32.32,0.0,700.0,704.0,0.0,65.9,24.0,Individual,5,High Risk,Manual Review
116810862,35000.0, 60 months,30.94,G,G4,< 1 year,MORTGAGE,70000.0,Verified,debt_consolidation,OH,18.34,1.0,685.0,689.0,0.0,86.6,21.0,Individual,5,High Risk,Manual Review
116256702,35000.0, 60 months,30.75,F,F5,1 year,RENT,73400.0,Source Verified,debt_consolidation,NY,32.1,0.0,675.0,679.0,0.0,92.3,24.0,Joint App,6,High Risk,Manual Review
115705298,28000.0, 60 months,26.3,E,E5,5 years,RENT,63036.0,Verified,debt_consolidation,VA,33.77,0.0,675.0,679.0,0.0,89.6,18.0,Individual,6,High Risk,Manual Review
116523559,10000.0, 60 months,30.84,G,G2,4 years,OWN,80000.0,Source Verified,credit_card,GA,33.8,0.0,660.0,664.0,0.0,48.1,22.0,Individual,5,High Risk,Manual Review
116545823,16800.0, 60 months,30.99,G,G5,3 years,MORTGAGE,40000.0,Verified,debt_consolidation,NC,30.54,0.0,690.0,694.0,1.0,98.1,9.0,Individual,6,High Risk,Manual Review
116683533,18500.0, 60 months,24.85,E,E3,10+ years,MORTGAGE,108300.0,Not Verified,home_improvement,NY,32.37,0.0,730.0,734.0,2.0,21.8,53.0,Individual,5,High Risk,Manual Review
116725560,15000.0, 60 months,26.3,E,E5,3 years,MORTGAGE,82000.0,Source Verified,debt_consolidation,FL,18.34,1.0,660.0,664.0,0.0,89.8,29.0,Individual,5,High Risk,Manual Review
116757100,32000.0, 60 months,19.03,D,D3,,MORTGAGE,76000.0,Verified,debt_consolidation,GA,30.79,2.0,670.0,674.0,0.0,92.3,35.0,Individual,5,High Risk,Manual Review
115707933,25000.0, 36 months,24.85,E,E3,6 years,MORTGAGE,15000.0,Not Verified,credit_card,NJ,124.64,0.0,660.0,664.0,0.0,84.2,26.0,Joint App,6,High Risk,Manual Review
116523247,5875.0, 36 months,24.85,E,E3,,MORTGAGE,33080.0,Verified,debt_consolidation,AL,33.93,5.0,675.0,679.0,3.0,39.0,39.0,Individual,6,High Risk,Manual Review
116717648,12275.0, 60 months,26.3,E,E5,2 years,RENT,68640.0,Verified,credit_card,FL,30.38,1.0,670.0,674.0,0.0,59.4,32.0,Individual,6,High Risk,Manual Review
115707072,10000.0, 36 months,23.88,E,E2,9 years,RENT,30000.0,Not Verified,moving,VA,34.12,1.0,675.0,679.0,0.0,56.0,11.0,Individual,6,High Risk,Manual Review
116803042,5900.0, 36 months,29.69,F,F2,9 years,MORTGAGE,69000.0,Verified,debt_consolidation,NE,11.04,2.0,665.0,669.0,0.0,108.3,13.0,Individual,5,High Risk,Manual Review
115707344,20000.0, 60 months,26.3,E,E5,,OWN,78420.0,Not Verified,debt_consolidation,FL,33.83,1.0,690.0,694.0,2.0,57.4,31.0,Joint App,6,High Risk,Manual Review
115076468,30000.0, 36 months,29.69,F,F2,,MORTGAGE,40000.0,Verified,debt_consolidation,TN,64.93,0.0,660.0,664.0,0.0,46.0,51.0,Joint App,5,High Risk,Manual Review
116808467,20000.0, 60 months,25.82,E,E4,10+ years,MORTGAGE,84000.0,Source Verified,debt_consolidation,TX,33.41,1.0,690.0,694.0,0.0,67.0,29.0,Individual,6,High Risk,Manual Review
116803768,35000.0, 60 months,30.84,G,G2,10+ years,RENT,165756.0,Verified,credit_card,KY,33.74,0.0,665.0,669.0,0.0,77.6,50.0,Individual,5,High Risk,Manual Review
114144020,13300.0, 36 months,30.17,F,F3,,MORTGAGE,21500.0,Verified,debt_consolidation,KS,44.95,3.0,705.0,709.0,0.0,12.2,38.0,Joint App,6,High Risk,Manual Review
115423338,1925.0, 36 months,23.88,E,E2,6 years,RENT,41919.83,Source Verified,small_business,UT,34.38,0.0,690.0,694.0,0.0,47.2,20.0,Individual,5,High Risk,Manual Review
116798873,19000.0, 60 months,30.89,G,G3,7 years,MORTGAGE,80000.0,Verified,debt_consolidation,GA,34.43,0.0,695.0,699.0,0.0,92.8,15.0,Individual,6,High Risk,Manual Review
116816735,16800.0, 60 months,30.79,G,G1,9 years,RENT,42000.0,Source Verified,debt_consolidation,FL,34.71,0.0,675.0,679.0,0.0,53.3,19.0,Individual,5,High Risk,Manual Review
115697950,10000.0, 36 months,25.82,E,E4,4 years,RENT,40000.0,Source Verified,debt_consolidation,NC,34.56,1.0,670.0,674.0,1.0,43.2,14.0,Joint App,6,High Risk,Manual Review
116820380,5000.0, 36 months,15.05,C,C4,10+ years,MORTGAGE,57000.0,Verified,major_purchase,TX,30.48,1.0,670.0,674.0,0.0,89.8,33.0,Individual,5,High Risk,Manual Review
115716296,24000.0, 36 months,23.88,E,E2,10+ years,RENT,52000.0,Verified,debt_consolidation,TX,25.13,1.0,660.0,664.0,1.0,91.3,50.0,Joint App,5,High Risk,Manual Review
114201671,30000.0, 60 months,30.84,G,G2,< 1 year,MORTGAGE,75000.0,Source Verified,home_improvement,OK,33.12,0.0,660.0,664.0,0.0,68.8,74.0,Joint App,5,High Risk,Manual Review
116250198,16000.0, 60 months,26.3,E,E5,7 years,MORTGAGE,45000.0,Verified,debt_consolidation,IN,91.44,3.0,660.0,664.0,1.0,79.4,50.0,Joint App,6,High Risk,Manual Review
115689417,12000.0, 36 months,23.88,E,E2,8 years,MORTGAGE,72000.0,Verified,credit_card,CA,26.75,1.0,660.0,664.0,0.0,83.3,36.0,Individual,5,High Risk,Manual Review
115701787,20000.0, 60 months,30.94,G,G4,7 years,RENT,49608.0,Not Verified,debt_consolidation,ND,30.82,1.0,680.0,684.0,0.0,79.4,29.0,Individual,6,High Risk,Manual Review
116124697,12000.0, 36 months,24.85,E,E3,2 years,RENT,35000.0,Source Verified,debt_consolidation,CA,30.53,0.0,660.0,664.0,1.0,60.7,26.0,Individual,5,High Risk,Manual Review
115700282,2400.0, 36 months,21.45,D,D5,1 year,MORTGAGE,58000.0,Source Verified,other,AZ,31.82,1.0,680.0,684.0,1.0,81.6,12.0,Joint App,5,High Risk,Manual Review
115708226,12800.0, 36 months,24.85,E,E3,5 years,RENT,21000.0,Verified,debt_consolidation,TN,37.09,0.0,660.0,664.0,2.0,33.8,8.0,Joint App,5,High Risk,Manual Review
115695764,4000.0, 36 months,24.85,E,E3,3 years,MORTGAGE,54680.0,Source Verified,credit_card,CT,33.54,0.0,660.0,664.0,0.0,76.6,26.0,Joint App,5,High Risk,Manual Review
115401394,19075.0, 60 months,30.94,G,G4,2 years,RENT,30000.0,Verified,debt_consolidation,MN,35.4,0.0,660.0,664.0,1.0,25.4,46.0,Joint App,5,High Risk,Manual Review
114873616,35000.0, 60 months,30.17,F,F3,,RENT,25000.0,Verified,debt_consolidation,NM,96.59,0.0,660.0,664.0,1.0,74.8,59.0,Joint App,5,High Risk,Manual Review
115372526,12800.0, 60 months,16.02,C,C5,10+ years,MORTGAGE,50000.0,Verified,medical,NY,45.15,1.0,685.0,689.0,0.0,97.1,20.0,Joint App,5,High Risk,Manual Review
116786617,5875.0, 36 months,29.69,F,F2,,RENT,23000.0,Not Verified,debt_consolidation,NY,33.51,0.0,720.0,724.0,2.0,23.9,22.0,Individual,5,High Risk,Manual Review
116803302,9150.0, 36 months,29.69,F,F2,8 years,RENT,50000.0,Source Verified,debt_consolidation,IN,30.44,1.0,685.0,689.0,2.0,26.2,18.0,Individual,6,High Risk,Manual Review
115435083,12000.0, 60 months,26.3,E,E5,4 years,MORTGAGE,51533.0,Source Verified,debt_consolidation,PA,31.07,0.0,665.0,669.0,0.0,50.9,52.0,Individual,5,High Risk,Manual Review
116545689,12000.0, 36 months,23.88,E,E2,9 years,MORTGAGE,60000.0,Verified,debt_consolidation,VA,32.18,0.0,670.0,674.0,0.0,54.3,25.0,Individual,5,High Risk,Manual Review
114787521,34450.0, 60 months,30.99,G,G5,< 1 year,RENT,62400.0,Verified,debt_consolidation,CA,51.5,0.0,660.0,664.0,0.0,78.7,34.0,Joint App,5,High Risk,Manual Review
115719072,14000.0, 36 months,25.82,E,E4,10+ years,RENT,75400.0,Verified,credit_card,IN,31.35,0.0,685.0,689.0,0.0,60.8,21.0,Individual,5,High Risk,Manual Review
116044314,35000.0, 60 months,30.94,G,G4,4 years,RENT,51000.0,Verified,debt_consolidation,NM,35.65,0.0,665.0,669.0,0.0,99.3,12.0,Joint App,6,High Risk,Manual Review
116666291,40000.0, 60 months,25.82,E,E4,10+ years,RENT,90957.0,Verified,debt_consolidation,TX,34.42,0.0,715.0,719.0,1.0,56.7,20.0,Individual,5,High Risk,Manual Review
116718190,2400.0, 36 months,24.85,E,E3,3 years,RENT,40000.0,Verified,moving,TN,30.12,0.0,695.0,699.0,0.0,63.9,30.0,Individual,5,High Risk,Manual Review
115700502,18725.0, 36 months,25.82,E,E4,10+ years,RENT,65000.0,Verified,debt_consolidation,KS,30.43,1.0,695.0,699.0,0.0,56.6,54.0,Individual,6,High Risk,Manual Review
116264877,32025.0, 60 months,25.82,E,E4,3 years,MORTGAGE,120000.0,Verified,debt_consolidation,FL,32.37,0.0,700.0,704.0,0.0,92.3,29.0,Individual,6,High Risk,Manual Review
115587906,28000.0, 60 months,25.82,E,E4,,MORTGAGE,107000.0,Source Verified,debt_consolidation,MD,14.97,3.0,660.0,664.0,2.0,87.0,36.0,Individual,5,High Risk,Manual Review
116251880,12000.0, 60 months,26.3,E,E5,< 1 year,RENT,22880.0,Source Verified,debt_consolidation,FL,46.43,0.0,700.0,704.0,0.0,97.6,6.0,Joint App,6,High Risk,Manual Review
115414368,20000.0, 60 months,26.3,E,E5,3 years,MORTGAGE,45000.0,Verified,debt_consolidation,WI,59.59,0.0,690.0,694.0,2.0,51.2,41.0,Joint App,5,High Risk,Manual Review
114237405,10350.0, 36 months,30.75,F,F5,7 years,MORTGAGE,32000.0,Verified,credit_card,MI,34.28,0.0,660.0,664.0,1.0,61.3,27.0,Individual,5,High Risk,Manual Review
116545015,15000.0, 36 months,22.91,E,E1,10+ years,OWN,61200.0,Not Verified,debt_consolidation,NV,31.47,1.0,710.0,714.0,0.0,14.5,34.0,Individual,6,High Risk,Manual Review
116543953,27625.0, 36 months,24.85,E,E3,10+ years,OWN,134000.0,Source Verified,debt_consolidation,FL,32.17,0.0,725.0,729.0,1.0,22.3,26.0,Individual,5,High Risk,Manual Review
114780891,11850.0, 36 months,29.69,F,F2,7 years,MORTGAGE,52000.0,Verified,car,TX,33.63,0.0,680.0,684.0,1.0,53.8,20.0,Individual,5,High Risk,Manual Review
115695959,17100.0, 36 months,30.89,G,G3,,RENT,7764.0,Verified,debt_consolidation,CA,79.6,0.0,670.0,674.0,0.0,90.0,10.0,Joint App,6,High Risk,Manual Review
116054756,17075.0, 36 months,24.85,E,E3,< 1 year,MORTGAGE,45000.0,Verified,debt_consolidation,TX,41.09,0.0,690.0,694.0,0.0,48.0,29.0,Joint App,5,High Risk,Manual Review
115387571,35000.0, 60 months,30.94,G,G4,< 1 year,MORTGAGE,18000.0,Verified,debt_consolidation,VA,70.68,1.0,660.0,664.0,1.0,74.1,19.0,Joint App,6,High Risk,Manual Review
115729443,10000.0, 60 months,26.3,E,E5,,RENT,26000.0,Not Verified,debt_consolidation,CT,32.04,0.0,710.0,714.0,0.0,64.5,16.0,Individual,5,High Risk,Manual Review
114953750,30375.0, 36 months,30.84,G,G2,10+ years,OWN,91500.0,Source Verified,home_improvement,VA,6.1,2.0,660.0,664.0,1.0,84.9,19.0,Individual,5,High Risk,Manual Review
115729355,16000.0, 36 months,30.99,G,G5,5 years,OWN,53000.0,Verified,debt_consolidation,NJ,33.15,0.0,665.0,669.0,1.0,70.4,12.0,Individual,5,High Risk,Manual Review
116685994,28125.0, 60 months,30.84,G,G2,8 years,MORTGAGE,60000.0,Verified,debt_consolidation,TN,34.12,0.0,675.0,679.0,0.0,80.6,18.0,Individual,6,High Risk,Manual Review
116706079,19200.0, 60 months,23.88,E,E2,10+ years,RENT,40000.0,Not Verified,debt_consolidation,GA,33.13,0.0,710.0,714.0,0.0,64.4,14.0,Individual,5,High Risk,Manual Review
115696355,23550.0, 60 months,30.65,F,F4,10+ years,MORTGAGE,83000.0,Verified,credit_card,IL,42.93,0.0,670.0,674.0,0.0,80.9,31.0,Joint App,6,High Risk,Manual Review
116270925,10850.0, 36 months,23.88,E,E2,6 years,RENT,61000.0,Source Verified,debt_consolidation,TX,31.12,0.0,705.0,709.0,1.0,42.0,21.0,Individual,5,High Risk,Manual Review
116796727,25200.0, 60 months,25.82,E,E4,10+ years,MORTGAGE,53000.0,Source Verified,debt_consolidation,MO,33.99,0.0,680.0,684.0,1.0,84.7,19.0,Individual,6,High Risk,Manual Review
116261579,15000.0, 60 months,30.79,G,G1,10+ years,RENT,73000.0,Verified,debt_consolidation,NJ,30.19,0.0,665.0,669.0,0.0,54.7,46.0,Individual,5,High Risk,Manual Review
115094489,22750.0, 60 months,25.82,E,E4,< 1 year,RENT,30000.0,Not Verified,debt_consolidation,NJ,32.04,0.0,680.0,684.0,0.0,50.3,19.0,Joint App,5,High Risk,Manual Review
115687819,10000.0, 36 months,23.88,E,E2,< 1 year,MORTGAGE,30000.0,Source Verified,home_improvement,AR,53.8,1.0,660.0,664.0,1.0,73.7,18.0,Joint App,6,High Risk,Manual Review
116802497,36500.0, 60 months,30.94,G,G4,9 years,OWN,100000.0,Verified,debt_consolidation,FL,34.09,0.0,680.0,684.0,0.0,73.1,19.0,Individual,5,High Risk,Manual Review
116270341,30000.0, 36 months,26.3,E,E5,8 years,MORTGAGE,121000.0,Verified,debt_consolidation,CT,31.91,0.0,665.0,669.0,1.0,82.4,32.0,Individual,6,High Risk,Manual Review
115174281,4200.0, 36 months,30.65,F,F4,3 years,OWN,40000.0,Verified,home_improvement,ME,21.6,3.0,660.0,664.0,3.0,87.8,13.0,Individual,5,High Risk,Manual Review
116493231,23050.0, 36 months,24.85,E,E3,10+ years,OWN,78000.0,Not Verified,credit_card,TX,32.21,0.0,675.0,679.0,3.0,37.5,47.0,Individual,5,High Risk,Manual Review
116423258,4450.0, 36 months,26.3,E,E5,,OWN,13140.0,Verified,debt_consolidation,CO,34.74,0.0,660.0,664.0,0.0,52.6,18.0,Individual,5,High Risk,Manual Review
113904417,7125.0, 36 months,26.3,E,E5,< 1 year,OWN,21000.0,Verified,debt_consolidation,VA,32.8,2.0,665.0,669.0,2.0,48.3,27.0,Individual,6,High Risk,Manual Review
116065108,16000.0, 60 months,26.3,E,E5,10+ years,MORTGAGE,92754.0,Verified,debt_consolidation,DC,33.67,0.0,685.0,689.0,1.0,82.3,21.0,Individual,6,High Risk,Manual Review
116271312,12000.0, 36 months,18.06,D,D2,9 years,RENT,38000.0,Not Verified,debt_consolidation,NJ,30.29,1.0,665.0,669.0,1.0,83.8,13.0,Individual,5,High Risk,Manual Review
115682330,18950.0, 36 months,24.85,E,E3,10+ years,RENT,30720.0,Verified,debt_consolidation,OH,31.84,1.0,700.0,704.0,1.0,35.1,23.0,Joint App,6,High Risk,Manual Review
115691517,12225.0, 60 months,30.99,G,G5,10+ years,OWN,34000.0,Verified,debt_consolidation,MD,31.8,0.0,695.0,699.0,2.0,32.3,11.0,Individual,5,High Risk,Manual Review
115391621,12000.0, 60 months,26.3,E,E5,< 1 year,MORTGAGE,33000.0,Verified,credit_card,MO,37.71,0.0,705.0,709.0,0.0,41.0,40.0,Joint App,5,High Risk,Manual Review
116257850,20000.0, 36 months,15.05,C,C4,2 years,RENT,60000.0,Source Verified,debt_consolidation,TX,33.04,1.0,685.0,689.0,0.0,97.1,37.0,Individual,5,High Risk,Manual Review
116128754,32000.0, 60 months,30.99,G,G5,2 years,OWN,107000.0,Verified,debt_consolidation,FL,33.25,0.0,675.0,679.0,3.0,57.0,56.0,Individual,5,High Risk,Manual Review
115397730,2400.0, 36 months,25.82,E,E4,9 years,MORTGAGE,102000.0,Verified,debt_consolidation,OH,31.25,1.0,665.0,669.0,0.0,69.8,56.0,Individual,6,High Risk,Manual Review
116685243,14975.0, 36 months,23.88,E,E2,3 years,OWN,42000.0,Not Verified,credit_card,MS,34.8,0.0,660.0,664.0,1.0,63.0,17.0,Individual,5,High Risk,Manual Review
115389131,6200.0, 36 months,26.3,E,E5,2 years,OWN,22000.0,Verified,debt_consolidation,IL,30.82,0.0,675.0,679.0,0.0,70.2,13.0,Individual,5,High Risk,Manual Review
116184620,17450.0, 60 months,26.3,E,E5,5 years,MORTGAGE,89000.0,Source Verified,credit_card,WY,34.99,0.0,680.0,684.0,0.0,86.6,57.0,Individual,6,High Risk,Manual Review
116127579,27000.0, 36 months,26.3,E,E5,10+ years,RENT,65000.0,Source Verified,debt_consolidation,NV,32.26,0.0,685.0,689.0,2.0,25.2,20.0,Individual,5,High Risk,Manual Review
116473197,12000.0, 60 months,30.65,F,F4,1 year,RENT,40000.0,Verified,debt_consolidation,PA,31.05,1.0,690.0,694.0,0.0,58.7,19.0,Individual,6,High Risk,Manual Review
116265107,10000.0, 60 months,25.82,E,E4,,RENT,36000.0,Not Verified,debt_consolidation,NY,31.03,0.0,710.0,714.0,0.0,51.8,12.0,Individual,5,High Risk,Manual Review
116413197,7900.0, 36 months,26.3,E,E5,5 years,RENT,40000.0,Not Verified,debt_consolidation,TX,21.18,1.0,665.0,669.0,0.0,99.0,42.0,Individual,5,High Risk,Manual Review
115402073,6000.0, 36 months,30.75,F,F5,10+ years,RENT,42000.0,Verified,other,NY,13.91,1.0,660.0,664.0,1.0,81.4,21.0,Joint App,5,High Risk,Manual Review
115261811,26625.0, 60 months,30.84,G,G2,5 years,OWN,120000.0,Verified,credit_card,CA,25.72,1.0,665.0,669.0,0.0,93.9,8.0,Individual,5,High Risk,Manual Review
116207855,35000.0, 60 months,26.3,E,E5,10+ years,RENT,80000.0,Source Verified,debt_consolidation,CT,21.44,1.0,675.0,679.0,0.0,95.9,11.0,Individual,5,High Risk,Manual Review
115417519,24000.0, 60 months,26.3,E,E5,4 years,MORTGAGE,55000.0,Verified,debt_consolidation,IN,43.4,0.0,670.0,674.0,1.0,80.4,25.0,Joint App,6,High Risk,Manual Review
113837888,10000.0, 36 months,24.85,E,E3,10+ years,OWN,38500.0,Not Verified,home_improvement,DE,32.23,0.0,665.0,669.0,0.0,90.0,18.0,Individual,6,High Risk,Manual Review
115415335,17550.0, 60 months,30.65,F,F4,1 year,MORTGAGE,58000.0,Not Verified,major_purchase,CA,33.44,0.0,675.0,679.0,1.0,53.3,24.0,Individual,5,High Risk,Manual Review
115419237,4775.0, 36 months,30.84,G,G2,10+ years,RENT,63000.0,Verified,house,WA,32.41,0.0,660.0,664.0,1.0,83.4,25.0,Individual,6,High Risk,Manual Review
115090902,6400.0, 36 months,29.69,F,F2,,RENT,25000.0,Verified,other,FL,31.73,0.0,740.0,744.0,0.0,13.3,16.0,Individual,5,High Risk,Manual Review
115550065,2000.0, 36 months,24.85,E,E3,6 years,OWN,83500.0,Source Verified,home_improvement,TN,34.39,0.0,675.0,679.0,3.0,63.0,33.0,Individual,5,High Risk,Manual Review
113265881,18000.0, 36 months,30.99,G,G5,10+ years,MORTGAGE,96000.0,Verified,debt_consolidation,NV,32.88,0.0,690.0,694.0,0.0,79.4,35.0,Individual,5,High Risk,Manual Review
114063502,35000.0, 60 months,26.3,E,E5,< 1 year,MORTGAGE,44720.0,Verified,debt_consolidation,CO,56.9,0.0,675.0,679.0,2.0,48.8,33.0,Joint App,5,High Risk,Manual Review
115359023,40000.0, 60 months,26.3,E,E5,< 1 year,MORTGAGE,72000.0,Source Verified,debt_consolidation,WI,39.97,0.0,700.0,704.0,2.0,67.1,22.0,Joint App,5,High Risk,Manual Review
114299740,35000.0, 60 months,25.82,E,E4,< 1 year,MORTGAGE,80000.0,Verified,debt_consolidation,MI,33.29,0.0,760.0,764.0,1.0,21.3,33.0,Individual,5,High Risk,Manual Review
116255964,20000.0, 60 months,26.3,E,E5,10+ years,RENT,65000.0,Not Verified,debt_consolidation,AZ,34.86,0.0,680.0,684.0,0.0,67.4,17.0,Individual,5,High Risk,Manual Review
115422055,18000.0, 60 months,30.75,F,F5,< 1 year,OWN,84000.0,Verified,credit_card,FL,43.54,0.0,665.0,669.0,1.0,92.8,35.0,Joint App,6,High Risk,Manual Review
115357676,16000.0, 36 months,23.88,E,E2,,RENT,7000.0,Not Verified,debt_consolidation,CA,49.23,0.0,670.0,674.0,1.0,71.9,39.0,Joint App,5,High Risk,Manual Review
114228196,13200.0, 36 months,30.75,F,F5,1 year,RENT,66000.0,Source Verified,debt_consolidation,MA,31.76,1.0,675.0,679.0,3.0,20.5,33.0,Individual,6,High Risk,Manual Review
116254073,18000.0, 60 months,30.89,G,G3,10+ years,MORTGAGE,58000.0,Source Verified,car,OH,33.97,0.0,700.0,704.0,0.0,79.8,29.0,Individual,5,High Risk,Manual Review
114186132,15000.0, 60 months,24.85,E,E3,10+ years,MORTGAGE,50000.0,Verified,debt_consolidation,MS,34.11,3.0,695.0,699.0,2.0,92.5,27.0,Individual,7,High Risk,Manual Review
113549806,15000.0, 60 months,30.17,F,F3,4 years,MORTGAGE,80000.0,Source Verified,debt_consolidation,NV,30.63,0.0,695.0,699.0,2.0,91.5,24.0,Individual,6,High Risk,Manual Review
115100416,30000.0, 60 months,26.3,E,E5,10+ years,MORTGAGE,115000.0,Not Verified,debt_consolidation,FL,15.67,2.0,685.0,689.0,0.0,88.3,21.0,Individual,5,High Risk,Manual Review
115420613,19000.0, 36 months,26.3,E,E5,3 years,MORTGAGE,80000.0,Verified,debt_consolidation,NY,18.29,2.0,660.0,664.0,0.0,91.6,23.0,Individual,5,High Risk,Manual Review
115537875,23925.0, 36 months,26.3,E,E5,2 years,OWN,65000.0,Verified,debt_consolidation,WA,28.55,1.0,660.0,664.0,0.0,88.0,34.0,Individual,5,High Risk,Manual Review
115713481,29150.0, 36 months,24.85,E,E3,4 years,OWN,96000.0,Verified,debt_consolidation,OR,33.54,0.0,700.0,704.0,0.0,99.9,28.0,Individual,6,High Risk,Manual Review
115549910,14325.0, 60 months,23.88,E,E2,4 years,MORTGAGE,85000.0,Not Verified,credit_card,TX,33.45,0.0,730.0,734.0,0.0,36.8,46.0,Individual,5,High Risk,Manual Review
114913942,5000.0, 36 months,25.82,E,E4,5 years,RENT,55000.0,Source Verified,credit_card,SC,30.87,1.0,685.0,689.0,1.0,18.2,25.0,Individual,6,High Risk,Manual Review
115179183,11950.0, 60 months,30.94,G,G4,6 years,RENT,34000.0,Verified,credit_card,VA,32.65,0.0,675.0,679.0,0.0,55.6,22.0,Individual,5,High Risk,Manual Review
115379149,10500.0, 60 months,26.3,E,E5,10+ years,RENT,42000.0,Source Verified,debt_consolidation,CA,32.8,0.0,670.0,674.0,0.0,95.6,13.0,Individual,6,High Risk,Manual Review
115697927,20000.0, 36 months,24.85,E,E3,10+ years,MORTGAGE,89000.0,Source Verified,debt_consolidation,NJ,34.91,0.0,680.0,684.0,1.0,75.0,22.0,Individual,5,High Risk,Manual Review
115716905,23000.0, 60 months,30.75,F,F5,10+ years,OWN,53000.0,Verified,debt_consolidation,MS,34.4,0.0,745.0,749.0,0.0,61.2,15.0,Individual,5,High Risk,Manual Review
115695442,16000.0, 60 months,15.05,C,C4,< 1 year,RENT,35000.0,Source Verified,medical,TX,70.37,1.0,670.0,674.0,0.0,94.2,25.0,Joint App,5,High Risk,Manual Review
115437139,5000.0, 36 months,26.3,E,E5,10+ years,RENT,72000.0,Verified,other,FL,34.08,0.0,670.0,674.0,1.0,94.3,27.0,Individual,6,High Risk,Manual Review
115375714,32750.0, 60 months,30.94,G,G4,4 years,MORTGAGE,17000.0,Verified,debt_consolidation,NY,129.73,2.0,670.0,674.0,0.0,97.6,21.0,Joint App,7,High Risk,Manual Review
115419521,15000.0, 36 months,24.85,E,E3,8 years,MORTGAGE,69000.0,Source Verified,debt_consolidation,CT,38.4,0.0,660.0,664.0,0.0,89.3,35.0,Joint App,6,High Risk,Manual Review
115703050,5000.0, 36 months,25.82,E,E4,,RENT,9504.0,Verified,medical,NV,44.07,0.0,660.0,664.0,2.0,46.7,15.0,Joint App,5,High Risk,Manual Review
115423970,30000.0, 36 months,30.99,G,G5,1 year,MORTGAGE,85000.0,Verified,debt_consolidation,NV,32.12,0.0,660.0,664.0,1.0,73.9,34.0,Individual,5,High Risk,Manual Review
114790752,10000.0, 36 months,30.99,G,G5,10+ years,RENT,50000.0,Verified,debt_consolidation,MI,31.47,0.0,670.0,674.0,2.0,39.9,29.0,Individual,5,High Risk,Manual Review
115309651,12000.0, 60 months,30.65,F,F4,2 years,RENT,65000.0,Source Verified,debt_consolidation,ME,25.81,1.0,660.0,664.0,0.0,89.2,17.0,Individual,5,High Risk,Manual Review
115262147,20325.0, 36 months,30.99,G,G5,10+ years,MORTGAGE,80000.0,Source Verified,small_business,GA,33.42,0.0,685.0,689.0,1.0,35.3,15.0,Individual,5,High Risk,Manual Review
114946879,28000.0, 60 months,30.99,G,G5,4 years,RENT,120000.0,Verified,credit_card,AZ,30.81,0.0,715.0,719.0,1.0,40.4,30.0,Individual,5,High Risk,Manual Review
115397314,13075.0, 60 months,26.3,E,E5,< 1 year,MORTGAGE,9600.0,Verified,debt_consolidation,NV,82.0,0.0,665.0,669.0,0.0,97.0,13.0,Joint App,6,High Risk,Manual Review
113455586,18000.0, 36 months,30.99,G,G5,1 year,RENT,107000.0,Source Verified,debt_consolidation,GA,31.64,0.0,675.0,679.0,1.0,66.7,46.0,Individual,5,High Risk,Manual Review
115420968,22400.0, 60 months,30.75,F,F5,1 year,MORTGAGE,45000.0,Source Verified,debt_consolidation,GA,32.69,0.0,665.0,669.0,0.0,51.1,21.0,Individual,5,High Risk,Manual Review
115396633,35000.0, 60 months,30.94,G,G4,10+ years,MORTGAGE,75000.0,Verified,debt_consolidation,VA,41.87,0.0,680.0,684.0,0.0,81.8,53.0,Joint App,6,High Risk,Manual Review
115252707,12625.0, 60 months,26.3,E,E5,6 years,MORTGAGE,85500.0,Source Verified,debt_consolidation,MD,11.03,1.0,685.0,689.0,0.0,99.3,13.0,Individual,5,High Risk,Manual Review
115361611,35000.0, 60 months,19.03,D,D3,10+ years,MORTGAGE,47000.0,Not Verified,credit_card,TX,39.66,1.0,660.0,664.0,0.0,86.7,29.0,Joint App,5,High Risk,Manual Review
114204391,24625.0, 36 months,29.69,F,F2,5 years,OWN,56000.0,Source Verified,debt_consolidation,NJ,31.17,0.0,660.0,664.0,1.0,44.9,47.0,Individual,5,High Risk,Manual Review
115359795,14000.0, 60 months,30.94,G,G4,< 1 year,MORTGAGE,65000.0,Verified,debt_consolidation,NM,47.27,0.0,665.0,669.0,2.0,78.5,44.0,Joint App,5,High Risk,Manual Review
115457212,30000.0, 60 months,30.75,F,F5,4 years,MORTGAGE,161000.0,Not Verified,debt_consolidation,WA,14.39,1.0,660.0,664.0,1.0,88.1,51.0,Individual,5,High Risk,Manual Review
115085501,40000.0, 60 months,26.3,E,E5,< 1 year,RENT,45000.0,Verified,debt_consolidation,WA,49.92,0.0,680.0,684.0,1.0,86.5,35.0,Joint App,6,High Risk,Manual Review
115329610,10000.0, 60 months,19.03,D,D3,5 years,OWN,45000.0,Source Verified,car,CA,33.12,1.0,665.0,669.0,0.0,95.6,15.0,Individual,5,High Risk,Manual Review
114504075,14400.0, 60 months,26.3,E,E5,10+ years,MORTGAGE,60590.0,Source Verified,debt_consolidation,ID,21.65,1.0,695.0,699.0,1.0,90.3,13.0,Individual,5,High Risk,Manual Review
114515909,14000.0, 36 months,24.85,E,E3,4 years,MORTGAGE,20000.0,Verified,debt_consolidation,NC,34.11,0.0,690.0,694.0,0.0,35.2,12.0,Joint App,5,High Risk,Manual Review
115366969,16800.0, 60 months,24.85,E,E3,7 years,MORTGAGE,36000.0,Verified,debt_consolidation,TX,39.63,0.0,685.0,689.0,0.0,46.6,21.0,Joint App,5,High Risk,Manual Review
115375816,29850.0, 36 months,26.3,E,E5,10+ years,MORTGAGE,135251.0,Verified,home_improvement,GA,31.17,0.0,685.0,689.0,1.0,78.9,28.0,Individual,5,High Risk,Manual Review
115557730,27000.0, 36 months,18.06,D,D2,10+ years,MORTGAGE,155000.0,Source Verified,debt_consolidation,MD,33.34,1.0,665.0,669.0,1.0,89.8,31.0,Individual,5,High Risk,Manual Review
115361422,20000.0, 60 months,30.75,F,F5,,MORTGAGE,20000.0,Verified,debt_consolidation,MA,92.23,0.0,665.0,669.0,0.0,50.8,45.0,Joint App,5,High Risk,Manual Review
114786711,32125.0, 60 months,30.65,F,F4,< 1 year,RENT,30000.0,Verified,credit_card,ND,39.44,1.0,680.0,684.0,0.0,77.7,18.0,Joint App,6,High Risk,Manual Review
115493075,12800.0, 60 months,25.82,E,E4,7 years,MORTGAGE,130000.0,Not Verified,credit_card,IL,33.91,0.0,680.0,684.0,1.0,68.5,55.0,Individual,5,High Risk,Manual Review
115677614,24000.0, 60 months,30.17,F,F3,10+ years,MORTGAGE,70000.0,Source Verified,debt_consolidation,FL,29.4,2.0,665.0,669.0,0.0,84.4,27.0,Individual,5,High Risk,Manual Review
115102344,16825.0, 36 months,15.05,C,C4,,MORTGAGE,64500.0,Verified,credit_card,MD,30.76,1.0,660.0,664.0,0.0,91.2,34.0,Individual,5,High Risk,Manual Review
115067348,25550.0, 36 months,24.85,E,E3,< 1 year,MORTGAGE,30000.0,Verified,debt_consolidation,MD,81.32,0.0,700.0,704.0,0.0,79.1,37.0,Joint App,5,High Risk,Manual Review
115149193,35000.0, 60 months,30.84,G,G2,3 years,MORTGAGE,131502.0,Verified,debt_consolidation,VA,24.32,1.0,660.0,664.0,0.0,93.3,25.0,Individual,5,High Risk,Manual Review
115380967,36000.0, 60 months,25.82,E,E4,10+ years,MORTGAGE,75000.0,Source Verified,debt_consolidation,AZ,34.0,0.0,710.0,714.0,0.0,29.8,23.0,Joint App,5,High Risk,Manual Review
115371244,20000.0, 60 months,21.45,D,D5,< 1 year,RENT,50000.0,Source Verified,debt_consolidation,MN,34.62,1.0,680.0,684.0,0.0,83.2,21.0,Individual,5,High Risk,Manual Review
115702345,32200.0, 60 months,30.99,G,G5,10+ years,MORTGAGE,89009.0,Not Verified,debt_consolidation,OK,32.1,0.0,680.0,684.0,2.0,66.4,43.0,Individual,5,High Risk,Manual Review
114267579,35000.0, 60 months,25.82,E,E4,< 1 year,RENT,95000.0,Verified,debt_consolidation,CO,34.41,0.0,665.0,669.0,1.0,92.0,21.0,Individual,6,High Risk,Manual Review
115015142,12500.0, 36 months,16.02,C,C5,3 years,RENT,60000.0,Source Verified,debt_consolidation,CT,32.72,1.0,680.0,684.0,0.0,87.1,22.0,Individual,5,High Risk,Manual Review
115352513,30000.0, 60 months,30.94,G,G4,10+ years,MORTGAGE,58000.0,Verified,credit_card,ND,32.79,0.0,695.0,699.0,5.0,34.7,57.0,Joint App,5,High Risk,Manual Review
114973176,25875.0, 60 months,30.75,F,F5,1 year,MORTGAGE,55000.0,Verified,debt_consolidation,TX,59.59,1.0,695.0,699.0,0.0,60.2,28.0,Joint App,6,High Risk,Manual Review
115353770,34100.0, 60 months,24.85,E,E3,10+ years,MORTGAGE,148000.0,Verified,home_improvement,MA,30.55,0.0,680.0,684.0,0.0,85.6,32.0,Individual,6,High Risk,Manual Review
115416434,24000.0, 60 months,26.3,E,E5,< 1 year,OWN,30000.0,Verified,other,NY,36.24,1.0,680.0,684.0,0.0,58.4,20.0,Joint App,6,High Risk,Manual Review
115064086,4125.0, 36 months,25.82,E,E4,9 years,MORTGAGE,50000.0,Source Verified,credit_card,OH,33.51,1.0,665.0,669.0,0.0,59.9,36.0,Individual,6,High Risk,Manual Review
115380620,28000.0, 60 months,26.3,E,E5,4 years,MORTGAGE,59500.0,Verified,debt_consolidation,TN,41.25,1.0,670.0,674.0,0.0,97.3,21.0,Joint App,7,High Risk,Manual Review
113551146,30000.0, 60 months,15.05,C,C4,7 years,MORTGAGE,115000.0,Source Verified,debt_consolidation,OK,32.98,1.0,670.0,674.0,0.0,80.6,38.0,Joint App,5,High Risk,Manual Review
113494240,30000.0, 36 months,20.0,D,D4,10+ years,RENT,120000.0,Verified,debt_consolidation,MI,30.98,1.0,660.0,664.0,1.0,94.8,26.0,Individual,5,High Risk,Manual Review
115361253,16000.0, 36 months,24.85,E,E3,9 years,RENT,66000.0,Not Verified,debt_consolidation,CO,32.69,1.0,665.0,669.0,1.0,20.5,46.0,Individual,6,High Risk,Manual Review
115356199,28000.0, 60 months,25.82,E,E4,< 1 year,MORTGAGE,75000.0,Not Verified,debt_consolidation,CO,33.14,0.0,700.0,704.0,1.0,54.1,17.0,Individual,5,High Risk,Manual Review
115693081,10000.0, 36 months,22.91,E,E1,2 years,RENT,35000.0,Not Verified,debt_consolidation,FL,31.64,0.0,725.0,729.0,1.0,22.0,21.0,Individual,5,High Risk,Manual Review
115695948,16000.0, 60 months,26.3,E,E5,6 years,MORTGAGE,45000.0,Not Verified,debt_consolidation,SC,34.96,0.0,685.0,689.0,0.0,88.7,18.0,Individual,6,High Risk,Manual Review
115420449,12800.0, 60 months,26.3,E,E5,8 years,RENT,72000.0,Verified,credit_card,MA,30.4,1.0,670.0,674.0,0.0,84.1,33.0,Individual,7,High Risk,Manual Review
115378671,16000.0, 36 months,16.02,C,C5,10+ years,MORTGAGE,65000.0,Verified,home_improvement,PA,42.17,2.0,695.0,699.0,0.0,88.0,59.0,Joint App,5,High Risk,Manual Review
115349322,18000.0, 60 months,15.05,C,C4,7 years,MORTGAGE,104000.0,Source Verified,debt_consolidation,IL,30.07,1.0,685.0,689.0,0.0,89.7,31.0,Individual,5,High Risk,Manual Review
115097951,11525.0, 60 months,30.75,F,F5,5 years,MORTGAGE,40000.0,Verified,debt_consolidation,VA,71.95,0.0,710.0,714.0,0.0,49.7,25.0,Joint App,5,High Risk,Manual Review
114502858,20000.0, 60 months,30.94,G,G4,10+ years,OWN,55000.0,Source Verified,debt_consolidation,CA,36.16,1.0,660.0,664.0,3.0,72.4,18.0,Joint App,6,High Risk,Manual Review
115242998,34200.0, 60 months,26.3,E,E5,< 1 year,MORTGAGE,50000.0,Source Verified,debt_consolidation,IN,33.77,0.0,685.0,689.0,1.0,66.9,33.0,Joint App,5,High Risk,Manual Review
113517883,12000.0, 36 months,18.06,D,D2,4 years,MORTGAGE,60000.0,Source Verified,debt_consolidation,ND,30.16,1.0,690.0,694.0,0.0,84.9,27.0,Individual,5,High Risk,Manual Review
115364706,8400.0, 36 months,23.88,E,E2,,RENT,26000.0,Verified,debt_consolidation,CA,32.04,0.0,660.0,664.0,0.0,83.5,8.0,Individual,6,High Risk,Manual Review
114784901,35000.0, 36 months,23.88,E,E2,10+ years,RENT,107000.0,Source Verified,debt_consolidation,CA,35.23,0.0,675.0,679.0,0.0,67.0,39.0,Joint App,5,High Risk,Manual Review
115393159,21000.0, 60 months,30.75,F,F5,10+ years,MORTGAGE,90000.0,Verified,home_improvement,CA,30.3,1.0,665.0,669.0,2.0,45.5,42.0,Individual,6,High Risk,Manual Review
114164952,10000.0, 36 months,23.88,E,E2,10+ years,MORTGAGE,55000.0,Verified,debt_consolidation,OH,31.55,1.0,700.0,704.0,0.0,22.5,24.0,Joint App,6,High Risk,Manual Review
115385556,16000.0, 60 months,30.17,F,F3,2 years,MORTGAGE,62500.0,Verified,debt_consolidation,PA,21.79,1.0,665.0,669.0,0.0,94.3,46.0,Individual,5,High Risk,Manual Review
113496589,30000.0, 60 months,30.99,G,G5,,OWN,62000.0,Verified,debt_consolidation,PA,30.15,0.0,670.0,674.0,1.0,56.5,21.0,Individual,5,High Risk,Manual Review
113809131,20000.0, 60 months,30.75,F,F5,3 years,MORTGAGE,65000.0,Verified,credit_card,KY,32.76,0.0,695.0,699.0,1.0,81.4,34.0,Individual,6,High Risk,Manual Review
114237782,12000.0, 60 months,30.65,F,F4,< 1 year,MORTGAGE,48000.0,Verified,debt_consolidation,MO,34.25,0.0,700.0,704.0,1.0,34.0,28.0,Individual,5,High Risk,Manual Review
115087424,3500.0, 36 months,30.17,F,F3,8 years,MORTGAGE,109000.0,Source Verified,home_improvement,KY,36.05,0.0,685.0,689.0,2.0,50.2,44.0,Joint App,5,High Risk,Manual Review
115002550,4150.0, 36 months,24.85,E,E3,,OWN,13000.0,Verified,debt_consolidation,TX,34.35,0.0,670.0,674.0,1.0,43.4,10.0,Individual,5,High Risk,Manual Review
115399053,16000.0, 60 months,30.65,F,F4,6 years,RENT,80000.0,Verified,debt_consolidation,TX,32.6,0.0,660.0,664.0,0.0,45.5,25.0,Individual,5,High Risk,Manual Review
115477323,21600.0, 60 months,26.3,E,E5,< 1 year,MORTGAGE,60000.0,Not Verified,debt_consolidation,MI,34.72,0.0,665.0,669.0,1.0,96.0,20.0,Individual,6,High Risk,Manual Review
115678732,11850.0, 36 months,30.75,F,F5,10+ years,OWN,57000.0,Verified,debt_consolidation,AZ,33.96,0.0,685.0,689.0,1.0,26.1,15.0,Individual,5,High Risk,Manual Review
115093220,35000.0, 36 months,23.88,E,E2,10+ years,MORTGAGE,115000.0,Not Verified,debt_consolidation,SC,35.48,0.0,670.0,674.0,0.0,53.7,29.0,Joint App,5,High Risk,Manual Review
115077550,28000.0, 36 months,16.02,C,C5,< 1 year,OWN,110000.0,Source Verified,debt_consolidation,HI,40.73,1.0,670.0,674.0,1.0,97.8,42.0,Joint App,5,High Risk,Manual Review
114501168,40000.0, 60 months,26.3,E,E5,3 years,RENT,32000.0,Not Verified,debt_consolidation,FL,58.77,0.0,680.0,684.0,0.0,61.5,26.0,Joint App,5,High Risk,Manual Review
115367268,35000.0, 36 months,25.82,E,E4,7 years,RENT,54000.0,Verified,credit_card,CA,32.53,0.0,665.0,669.0,0.0,74.7,23.0,Joint App,5,High Risk,Manual Review
112796082,20000.0, 60 months,30.99,G,G5,2 years,RENT,50000.0,Source Verified,debt_consolidation,CA,33.39,0.0,690.0,694.0,0.0,60.3,15.0,Individual,5,High Risk,Manual Review
115362519,23200.0, 60 months,30.99,G,G5,< 1 year,MORTGAGE,24000.0,Verified,debt_consolidation,ND,134.65,0.0,700.0,704.0,0.0,91.1,10.0,Joint App,6,High Risk,Manual Review
115378810,10000.0, 60 months,25.82,E,E4,,MORTGAGE,34055.4,Verified,debt_consolidation,LA,34.26,2.0,680.0,684.0,0.0,61.3,25.0,Individual,6,High Risk,Manual Review
114224308,6650.0, 36 months,26.3,E,E5,10+ years,OWN,24000.0,Source Verified,debt_consolidation,LA,32.44,0.0,675.0,679.0,0.0,31.8,25.0,Individual,5,High Risk,Manual Review
115078552,5000.0, 36 months,24.85,E,E3,10+ years,RENT,29000.0,Verified,debt_consolidation,PA,30.23,0.0,690.0,694.0,1.0,66.8,9.0,Individual,5,High Risk,Manual Review
115677161,15000.0, 36 months,26.3,E,E5,3 years,MORTGAGE,80000.0,Verified,debt_consolidation,GA,31.43,1.0,685.0,689.0,1.0,86.1,14.0,Individual,7,High Risk,Manual Review
115097351,14000.0, 60 months,30.79,G,G1,< 1 year,MORTGAGE,53000.0,Source Verified,debt_consolidation,FL,35.39,0.0,745.0,749.0,0.0,12.3,5.0,Joint App,5,High Risk,Manual Review
115364697,6175.0, 36 months,26.3,E,E5,4 years,RENT,24000.0,Verified,debt_consolidation,CA,31.5,0.0,675.0,679.0,0.0,42.0,17.0,Individual,5,High Risk,Manual Review
115388856,13200.0, 60 months,26.3,E,E5,2 years,MORTGAGE,40000.0,Source Verified,credit_card,CO,26.37,1.0,665.0,669.0,0.0,95.3,17.0,Individual,5,High Risk,Manual Review
115387578,30000.0, 36 months,26.3,E,E5,10+ years,RENT,79000.0,Source Verified,debt_consolidation,CA,34.85,0.0,705.0,709.0,1.0,60.5,19.0,Individual,5,High Risk,Manual Review
115269704,15850.0, 36 months,23.88,E,E2,5 years,OWN,50000.0,Verified,other,AR,31.13,0.0,665.0,669.0,1.0,62.0,11.0,Individual,5,High Risk,Manual Review
115080114,7200.0, 36 months,23.88,E,E2,,MORTGAGE,51857.0,Verified,debt_consolidation,CA,32.86,0.0,660.0,664.0,1.0,76.6,15.0,Joint App,5,High Risk,Manual Review
114903148,28000.0, 60 months,30.94,G,G4,6 years,MORTGAGE,64575.0,Source Verified,debt_consolidation,FL,34.88,0.0,660.0,664.0,2.0,38.6,26.0,Individual,5,High Risk,Manual Review
114237210,15200.0, 60 months,26.3,E,E5,1 year,RENT,38000.0,Source Verified,debt_consolidation,NY,31.49,0.0,660.0,664.0,0.0,53.5,38.0,Individual,5,High Risk,Manual Review
114922044,9500.0, 36 months,24.85,E,E3,7 years,OWN,31000.0,Verified,debt_consolidation,AR,32.72,0.0,685.0,689.0,0.0,88.5,23.0,Individual,6,High Risk,Manual Review
114984192,5000.0, 36 months,30.79,G,G1,9 years,RENT,30000.0,Verified,other,WI,32.04,1.0,665.0,669.0,3.0,14.2,21.0,Individual,6,High Risk,Manual Review
113074437,30000.0, 60 months,30.79,G,G1,10+ years,MORTGAGE,114500.0,Verified,debt_consolidation,AZ,31.5,0.0,685.0,689.0,1.0,52.1,51.0,Individual,5,High Risk,Manual Review
114984350,2000.0, 36 months,26.3,E,E5,,MORTGAGE,49000.0,Source Verified,debt_consolidation,IN,25.2,7.0,660.0,664.0,0.0,97.0,28.0,Individual,5,High Risk,Manual Review
115384374,36000.0, 60 months,30.65,F,F4,10+ years,RENT,110491.0,Source Verified,major_purchase,TX,30.44,0.0,685.0,689.0,0.0,2.9,52.0,Individual,5,High Risk,Manual Review
114178684,10000.0, 36 months,26.3,E,E5,4 years,MORTGAGE,42000.0,Verified,debt_consolidation,WI,43.06,0.0,685.0,689.0,3.0,59.5,21.0,Joint App,5,High Risk,Manual Review
115035139,5000.0, 36 months,15.05,C,C4,4 years,MORTGAGE,60000.0,Not Verified,other,TX,30.8,1.0,685.0,689.0,0.0,81.8,33.0,Individual,5,High Risk,Manual Review
115198346,16000.0, 60 months,30.94,G,G4,8 years,RENT,55000.0,Not Verified,debt_consolidation,IL,30.18,0.0,675.0,679.0,0.0,87.9,18.0,Individual,6,High Risk,Manual Review
115415847,23900.0, 60 months,30.94,G,G4,4 years,RENT,52000.0,Not Verified,credit_card,TX,30.88,1.0,705.0,709.0,0.0,37.2,11.0,Individual,6,High Risk,Manual Review
114783837,13000.0, 36 months,30.99,G,G5,,RENT,12525.0,Verified,debt_consolidation,MI,95.4,0.0,675.0,679.0,0.0,63.1,17.0,Joint App,5,High Risk,Manual Review
115349959,24000.0, 60 months,26.3,E,E5,4 years,RENT,63400.0,Source Verified,debt_consolidation,KY,32.37,0.0,685.0,689.0,1.0,53.8,40.0,Individual,5,High Risk,Manual Review
115412536,19200.0, 60 months,25.82,E,E4,,RENT,40000.0,Not Verified,debt_consolidation,NY,34.41,0.0,730.0,734.0,0.0,20.3,34.0,Individual,5,High Risk,Manual Review
114833616,12000.0, 60 months,26.3,E,E5,4 years,MORTGAGE,58000.0,Not Verified,home_improvement,FL,30.08,0.0,660.0,664.0,1.0,11.7,21.0,Individual,5,High Risk,Manual Review
114973412,8225.0, 36 months,23.88,E,E2,2 years,OWN,30000.0,Source Verified,debt_consolidation,NY,23.13,2.0,675.0,679.0,0.0,83.4,14.0,Individual,5,High Risk,Manual Review
115103314,35000.0, 60 months,26.3,E,E5,< 1 year,MORTGAGE,102000.0,Source Verified,debt_consolidation,NJ,30.32,1.0,675.0,679.0,0.0,39.0,48.0,Individual,6,High Risk,Manual Review
115198222,11125.0, 36 months,23.88,E,E2,10+ years,MORTGAGE,61887.65,Source Verified,debt_consolidation,TX,33.6,0.0,665.0,669.0,0.0,49.9,30.0,Individual,5,High Risk,Manual Review
115244047,14000.0, 36 months,24.85,E,E3,10+ years,RENT,79992.0,Not Verified,credit_card,NV,34.7,0.0,700.0,704.0,1.0,22.3,31.0,Individual,5,High Risk,Manual Review
113983490,3350.0, 36 months,25.82,E,E4,< 1 year,MORTGAGE,50000.0,Source Verified,debt_consolidation,NM,32.29,0.0,690.0,694.0,0.0,62.1,18.0,Individual,5,High Risk,Manual Review
115397699,8000.0, 36 months,24.85,E,E3,1 year,RENT,28300.0,Source Verified,debt_consolidation,FL,32.82,0.0,695.0,699.0,1.0,82.8,18.0,Individual,6,High Risk,Manual Review
115102850,13000.0, 36 months,26.3,E,E5,10+ years,OWN,45000.0,Not Verified,credit_card,TX,30.27,0.0,670.0,674.0,0.0,60.1,14.0,Individual,5,High Risk,Manual Review
114072182,20000.0, 60 months,30.17,F,F3,5 years,MORTGAGE,70660.0,Source Verified,home_improvement,TN,30.2,0.0,660.0,664.0,0.0,76.7,27.0,Individual,5,High Risk,Manual Review
114882769,23850.0, 36 months,18.06,D,D2,10+ years,MORTGAGE,53000.0,Verified,debt_consolidation,IL,32.56,1.0,660.0,664.0,0.0,81.0,21.0,Individual,5,High Risk,Manual Review
114518360,5000.0, 36 months,25.82,E,E4,1 year,RENT,15000.0,Verified,other,CA,32.16,0.0,705.0,709.0,0.0,34.4,6.0,Individual,5,High Risk,Manual Review
115353665,35000.0, 36 months,24.85,E,E3,3 years,RENT,150000.0,Verified,debt_consolidation,SC,31.86,2.0,670.0,674.0,0.0,99.4,29.0,Individual,7,High Risk,Manual Review
114044957,40000.0, 60 months,30.94,G,G4,10+ years,MORTGAGE,124000.0,Verified,debt_consolidation,VT,34.12,0.0,695.0,699.0,1.0,63.8,38.0,Individual,5,High Risk,Manual Review
114781051,28000.0, 60 months,26.3,E,E5,< 1 year,RENT,50000.0,Source Verified,debt_consolidation,TX,33.17,1.0,665.0,669.0,0.0,73.7,9.0,Joint App,6,High Risk,Manual Review
114188824,24000.0, 60 months,30.75,F,F5,< 1 year,MORTGAGE,42000.0,Source Verified,debt_consolidation,IN,31.4,0.0,690.0,694.0,0.0,86.5,37.0,Joint App,6,High Risk,Manual Review
115241806,1200.0, 36 months,24.85,E,E3,10+ years,MORTGAGE,70000.0,Source Verified,other,NY,32.45,0.0,675.0,679.0,0.0,57.8,25.0,Individual,5,High Risk,Manual Review
115379140,30000.0, 60 months,30.89,G,G3,2 years,RENT,88000.0,Verified,debt_consolidation,WA,33.72,0.0,670.0,674.0,0.0,93.4,20.0,Individual,6,High Risk,Manual Review
115073858,13000.0, 60 months,26.3,E,E5,,MORTGAGE,51700.0,Verified,debt_consolidation,CO,31.62,1.0,670.0,674.0,0.0,70.5,7.0,Individual,6,High Risk,Manual Review
115252368,35000.0, 60 months,26.3,E,E5,1 year,MORTGAGE,86999.0,Verified,credit_card,NJ,21.96,1.0,665.0,669.0,0.0,101.3,9.0,Individual,5,High Risk,Manual Review
113159192,23000.0, 36 months,26.3,E,E5,,RENT,54000.0,Verified,credit_card,FL,30.53,0.0,690.0,694.0,1.0,72.7,20.0,Individual,5,High Risk,Manual Review
115109293,12625.0, 60 months,30.89,G,G3,3 years,RENT,35135.0,Verified,debt_consolidation,NC,32.9,0.0,660.0,664.0,0.0,92.7,24.0,Individual,6,High Risk,Manual Review
115096986,16000.0, 60 months,30.89,G,G3,10+ years,RENT,66000.0,Source Verified,debt_consolidation,OH,32.09,0.0,665.0,669.0,0.0,95.8,32.0,Individual,6,High Risk,Manual Review
114514455,33600.0, 60 months,26.3,E,E5,10+ years,MORTGAGE,93000.0,Verified,debt_consolidation,GA,33.25,0.0,695.0,699.0,0.0,67.5,35.0,Joint App,5,High Risk,Manual Review
115087070,18075.0, 36 months,26.3,E,E5,2 years,MORTGAGE,41080.0,Verified,debt_consolidation,WI,33.33,0.0,675.0,679.0,1.0,48.6,15.0,Individual,5,High Risk,Manual Review
115077310,30000.0, 60 months,25.82,E,E4,,RENT,12760.0,Verified,debt_consolidation,TN,38.66,0.0,785.0,789.0,1.0,15.2,13.0,Joint App,5,High Risk,Manual Review
115054723,1500.0, 36 months,24.85,E,E3,2 years,MORTGAGE,45000.0,Source Verified,other,IN,30.56,0.0,685.0,689.0,0.0,89.9,23.0,Individual,6,High Risk,Manual Review
113994558,7775.0, 36 months,26.3,E,E5,10+ years,RENT,53000.0,Verified,debt_consolidation,TX,32.04,0.0,660.0,664.0,0.0,46.6,32.0,Individual,5,High Risk,Manual Review
115045363,12000.0, 60 months,30.17,F,F3,5 years,MORTGAGE,36000.0,Verified,debt_consolidation,NY,30.4,0.0,660.0,664.0,1.0,42.6,16.0,Individual,5,High Risk,Manual Review
115363432,20000.0, 60 months,30.84,G,G2,10+ years,RENT,60000.0,Source Verified,debt_consolidation,MN,33.98,0.0,665.0,669.0,0.0,45.7,31.0,Individual,5,High Risk,Manual Review
113509716,16325.0, 36 months,24.85,E,E3,10+ years,RENT,43000.0,Source Verified,debt_consolidation,PA,21.27,3.0,665.0,669.0,0.0,81.1,20.0,Individual,5,High Risk,Manual Review
115389651,12925.0, 36 months,22.91,E,E1,8 years,RENT,31500.0,Source Verified,debt_consolidation,NJ,32.19,0.0,695.0,699.0,0.0,87.2,8.0,Individual,6,High Risk,Manual Review
114832779,34500.0, 60 months,30.79,G,G1,10+ years,MORTGAGE,104000.0,Source Verified,other,IL,33.51,0.0,700.0,704.0,3.0,70.8,57.0,Joint App,5,High Risk,Manual Review
115259062,12000.0, 60 months,21.45,D,D5,3 years,OWN,82000.0,Not Verified,other,GA,33.97,1.0,665.0,669.0,0.0,86.7,18.0,Individual,5,High Risk,Manual Review
114783662,16000.0, 60 months,30.17,F,F3,10+ years,MORTGAGE,52000.0,Verified,home_improvement,NC,42.19,0.0,675.0,679.0,0.0,84.6,14.0,Joint App,6,High Risk,Manual Review
113850673,11750.0, 36 months,30.75,F,F5,10+ years,MORTGAGE,116000.0,Verified,debt_consolidation,NJ,34.39,3.0,670.0,674.0,0.0,85.1,32.0,Individual,7,High Risk,Manual Review
115377269,12000.0, 60 months,30.17,F,F3,< 1 year,MORTGAGE,60000.0,Verified,home_improvement,NY,40.92,0.0,680.0,684.0,1.0,72.7,27.0,Joint App,5,High Risk,Manual Review
113826161,15000.0, 36 months,22.91,E,E1,5 years,RENT,45000.0,Not Verified,other,OH,33.49,0.0,705.0,709.0,1.0,49.3,18.0,Individual,5,High Risk,Manual Review
114222917,5325.0, 36 months,25.82,E,E4,4 years,MORTGAGE,37500.0,Verified,debt_consolidation,OH,26.69,2.0,685.0,689.0,0.0,84.1,10.0,Individual,5,High Risk,Manual Review
115097784,9600.0, 36 months,26.3,E,E5,< 1 year,RENT,28000.0,Source Verified,other,CA,30.43,0.0,675.0,679.0,1.0,25.4,7.0,Individual,5,High Risk,Manual Review
114779204,22450.0, 36 months,23.88,E,E2,,MORTGAGE,64640.0,Verified,debt_consolidation,CA,31.1,0.0,720.0,724.0,0.0,59.1,22.0,Individual,5,High Risk,Manual Review
115159270,12000.0, 60 months,30.94,G,G4,2 years,RENT,70000.0,Source Verified,debt_consolidation,LA,32.48,0.0,665.0,669.0,1.0,70.1,43.0,Individual,5,High Risk,Manual Review
114003104,15000.0, 60 months,30.89,G,G3,10+ years,RENT,40320.0,Verified,debt_consolidation,NV,32.41,0.0,665.0,669.0,1.0,77.1,19.0,Individual,5,High Risk,Manual Review
115366968,4000.0, 36 months,23.88,E,E2,10+ years,OWN,60000.0,Source Verified,debt_consolidation,TX,33.22,1.0,685.0,689.0,3.0,70.8,17.0,Individual,6,High Risk,Manual Review
114862302,30425.0, 36 months,23.88,E,E2,< 1 year,MORTGAGE,52000.0,Verified,debt_consolidation,FL,47.22,0.0,670.0,674.0,0.0,80.7,22.0,Joint App,6,High Risk,Manual Review
113558995,10000.0, 36 months,24.85,E,E3,9 years,RENT,25000.0,Source Verified,debt_consolidation,CA,30.72,0.0,690.0,694.0,1.0,65.5,18.0,Individual,5,High Risk,Manual Review
115057358,8925.0, 36 months,29.69,F,F2,8 years,OWN,24850.0,Source Verified,debt_consolidation,SC,33.19,0.0,670.0,674.0,0.0,48.7,19.0,Individual,5,High Risk,Manual Review
114247732,15000.0, 60 months,30.75,F,F5,10+ years,MORTGAGE,43000.0,Verified,debt_consolidation,VA,33.88,0.0,680.0,684.0,0.0,79.7,16.0,Individual,5,High Risk,Manual Review
114953633,15800.0, 60 months,30.79,G,G1,,MORTGAGE,52000.0,Verified,debt_consolidation,OH,30.42,1.0,660.0,664.0,0.0,72.0,30.0,Individual,6,High Risk,Manual Review
115023525,24700.0, 60 months,30.99,G,G5,7 years,MORTGAGE,82500.0,Verified,debt_consolidation,TX,31.53,0.0,690.0,694.0,0.0,69.4,37.0,Individual,5,High Risk,Manual Review
114065197,3625.0, 36 months,30.17,F,F3,4 years,RENT,18000.0,Verified,credit_card,NY,31.53,0.0,675.0,679.0,0.0,71.8,5.0,Individual,5,High Risk,Manual Review
115371108,4925.0, 36 months,30.89,G,G3,7 years,RENT,23000.0,Source Verified,debt_consolidation,GA,34.55,0.0,720.0,724.0,0.0,23.3,11.0,Individual,5,High Risk,Manual Review
115090606,25200.0, 60 months,16.02,C,C5,10+ years,MORTGAGE,67000.0,Not Verified,debt_consolidation,NY,32.99,1.0,665.0,669.0,0.0,87.9,21.0,Joint App,5,High Risk,Manual Review
114780884,18500.0, 60 months,24.85,E,E3,< 1 year,MORTGAGE,25000.0,Verified,debt_consolidation,NY,58.14,0.0,680.0,684.0,0.0,97.5,12.0,Joint App,6,High Risk,Manual Review
113959111,5925.0, 36 months,30.17,F,F3,7 years,RENT,53876.0,Source Verified,debt_consolidation,WI,30.79,4.0,675.0,679.0,0.0,20.2,15.0,Individual,6,High Risk,Manual Review
115074425,31000.0, 36 months,26.3,E,E5,10+ years,OWN,105000.0,Source Verified,credit_card,OH,21.35,1.0,665.0,669.0,0.0,89.7,38.0,Individual,5,High Risk,Manual Review
113551352,4000.0, 36 months,24.85,E,E3,7 years,MORTGAGE,72000.0,Source Verified,major_purchase,TX,30.57,0.0,675.0,679.0,0.0,75.6,29.0,Joint App,5,High Risk,Manual Review
113546453,30000.0, 60 months,26.3,E,E5,10+ years,MORTGAGE,85000.0,Verified,debt_consolidation,VA,34.38,0.0,685.0,689.0,0.0,83.2,42.0,Individual,6,High Risk,Manual Review
114749488,18500.0, 36 months,23.88,E,E2,< 1 year,OWN,45285.0,Verified,credit_card,LA,38.48,1.0,660.0,664.0,2.0,97.0,28.0,Joint App,7,High Risk,Manual Review
115055613,38000.0, 60 months,26.3,E,E5,< 1 year,MORTGAGE,39000.0,Source Verified,debt_consolidation,KS,56.01,0.0,685.0,689.0,0.0,36.3,34.0,Joint App,5,High Risk,Manual Review
113894460,24000.0, 60 months,23.88,E,E2,10+ years,MORTGAGE,95000.0,Source Verified,home_improvement,MN,18.29,1.0,665.0,669.0,3.0,94.0,20.0,Individual,5,High Risk,Manual Review
114873683,11600.0, 36 months,23.88,E,E2,10+ years,OWN,29000.0,Verified,debt_consolidation,AR,31.21,2.0,695.0,699.0,0.0,50.0,32.0,Individual,6,High Risk,Manual Review
113845569,30000.0, 60 months,24.85,E,E3,10+ years,MORTGAGE,54000.0,Verified,debt_consolidation,FL,31.24,0.0,685.0,689.0,1.0,87.8,23.0,Joint App,6,High Risk,Manual Review
114172987,30000.0, 36 months,25.82,E,E4,5 years,RENT,100000.0,Verified,debt_consolidation,CA,35.27,0.0,695.0,699.0,2.0,44.9,21.0,Joint App,5,High Risk,Manual Review
115078908,2000.0, 36 months,26.3,E,E5,4 years,RENT,80000.0,Verified,debt_consolidation,CA,32.21,0.0,660.0,664.0,0.0,69.4,30.0,Individual,5,High Risk,Manual Review
114223275,30000.0, 60 months,30.65,F,F4,< 1 year,RENT,25000.0,Not Verified,debt_consolidation,CA,61.21,2.0,695.0,699.0,0.0,67.9,13.0,Joint App,6,High Risk,Manual Review
114515771,25000.0, 60 months,30.99,G,G5,< 1 year,MORTGAGE,32000.0,Verified,debt_consolidation,VA,64.67,0.0,670.0,674.0,0.0,65.4,23.0,Joint App,5,High Risk,Manual Review
114863077,30000.0, 36 months,26.3,E,E5,6 years,RENT,78000.0,Source Verified,debt_consolidation,AZ,31.22,0.0,680.0,684.0,1.0,36.0,20.0,Individual,5,High Risk,Manual Review
114982151,7625.0, 36 months,22.91,E,E1,3 years,MORTGAGE,145000.0,Not Verified,debt_consolidation,MD,16.55,2.0,665.0,669.0,1.0,85.0,25.0,Individual,5,High Risk,Manual Review
114781401,10000.0, 60 months,30.84,G,G2,6 years,MORTGAGE,80000.0,Source Verified,other,FL,32.03,0.0,675.0,679.0,1.0,58.4,30.0,Joint App,5,High Risk,Manual Review
114516039,24000.0, 60 months,24.85,E,E3,< 1 year,MORTGAGE,30000.0,Verified,debt_consolidation,AL,47.68,2.0,695.0,699.0,0.0,44.3,29.0,Joint App,6,High Risk,Manual Review
114181790,12000.0, 36 months,26.3,E,E5,3 years,RENT,54000.0,Source Verified,debt_consolidation,MA,22.87,7.0,660.0,664.0,2.0,87.1,25.0,Individual,5,High Risk,Manual Review
114759951,12000.0, 60 months,26.3,E,E5,1 year,MORTGAGE,78000.0,Source Verified,debt_consolidation,IN,14.55,1.0,670.0,674.0,1.0,98.4,35.0,Individual,5,High Risk,Manual Review
113534699,30000.0, 36 months,30.75,F,F5,< 1 year,MORTGAGE,32000.0,Verified,debt_consolidation,GA,37.36,1.0,665.0,669.0,0.0,64.0,21.0,Joint App,6,High Risk,Manual Review
114779913,25000.0, 60 months,30.17,F,F3,8 years,RENT,67000.0,Verified,debt_consolidation,WA,30.63,0.0,660.0,664.0,0.0,85.0,25.0,Individual,6,High Risk,Manual Review
115268184,24000.0, 60 months,26.3,E,E5,2 years,MORTGAGE,87000.0,Not Verified,other,NE,30.39,0.0,670.0,674.0,0.0,71.8,42.0,Individual,5,High Risk,Manual Review
115086632,30000.0, 36 months,26.3,E,E5,< 1 year,MORTGAGE,73553.0,Verified,debt_consolidation,FL,32.03,1.0,675.0,679.0,0.0,78.0,30.0,Individual,6,High Risk,Manual Review
114780391,27425.0, 60 months,30.94,G,G4,4 years,MORTGAGE,40000.0,Verified,debt_consolidation,TX,31.08,1.0,670.0,674.0,0.0,85.7,18.0,Joint App,7,High Risk,Manual Review
114789361,19650.0, 36 months,25.82,E,E4,,MORTGAGE,72500.0,Not Verified,credit_card,CT,32.1,2.0,675.0,679.0,0.0,41.2,22.0,Individual,6,High Risk,Manual Review
115060322,2500.0, 36 months,23.88,E,E2,< 1 year,MORTGAGE,60000.0,Not Verified,debt_consolidation,NY,30.46,0.0,675.0,679.0,0.0,74.0,23.0,Individual,5,High Risk,Manual Review
114802185,25000.0, 36 months,22.91,E,E1,3 years,OWN,72000.0,Verified,debt_consolidation,TN,32.47,0.0,690.0,694.0,0.0,41.2,30.0,Individual,5,High Risk,Manual Review
114043579,8425.0, 36 months,23.88,E,E2,5 years,RENT,36000.0,Not Verified,other,MA,34.73,0.0,700.0,704.0,1.0,32.6,19.0,Individual,5,High Risk,Manual Review
115068282,12000.0, 60 months,30.79,G,G1,1 year,RENT,40000.0,Source Verified,debt_consolidation,AZ,31.05,0.0,705.0,709.0,0.0,40.5,7.0,Individual,5,High Risk,Manual Review
114792609,4050.0, 36 months,26.3,E,E5,,OWN,13548.0,Verified,debt_consolidation,FL,32.95,0.0,670.0,674.0,3.0,24.0,23.0,Individual,5,High Risk,Manual Review
113559098,13850.0, 36 months,22.91,E,E1,,OWN,21585.74,Verified,debt_consolidation,GA,46.66,0.0,705.0,709.0,0.0,51.2,13.0,Joint App,5,High Risk,Manual Review
112876524,31050.0, 60 months,30.94,G,G4,10+ years,MORTGAGE,93000.0,Source Verified,debt_consolidation,WA,33.69,0.0,710.0,714.0,0.0,82.4,23.0,Individual,6,High Risk,Manual Review
114719292,35775.0, 36 months,15.05,C,C4,2 years,MORTGAGE,51457.0,Source Verified,debt_consolidation,AK,41.7,1.0,685.0,689.0,0.0,87.3,32.0,Joint App,5,High Risk,Manual Review
114180375,16000.0, 60 months,26.3,E,E5,10+ years,RENT,55000.0,Source Verified,credit_card,NY,33.54,0.0,670.0,674.0,1.0,67.9,65.0,Individual,5,High Risk,Manual Review
114236463,16200.0, 60 months,30.17,F,F3,3 years,RENT,37500.0,Source Verified,debt_consolidation,ND,34.27,0.0,660.0,664.0,2.0,42.5,29.0,Individual,5,High Risk,Manual Review
115060236,5250.0, 36 months,26.3,E,E5,< 1 year,MORTGAGE,35000.0,Source Verified,car,WA,33.74,3.0,660.0,664.0,1.0,15.3,24.0,Individual,6,High Risk,Manual Review
113207048,20000.0, 60 months,24.85,E,E3,3 years,MORTGAGE,45000.0,Source Verified,home_improvement,IL,34.77,0.0,705.0,709.0,0.0,30.6,36.0,Individual,5,High Risk,Manual Review
114189000,13500.0, 36 months,30.17,F,F3,,MORTGAGE,53312.0,Verified,debt_consolidation,WA,22.33,1.0,670.0,674.0,0.0,80.2,19.0,Individual,5,High Risk,Manual Review
115056676,12000.0, 36 months,25.82,E,E4,8 years,RENT,70000.0,Verified,debt_consolidation,MD,30.02,0.0,670.0,674.0,2.0,65.2,10.0,Individual,5,High Risk,Manual Review
114185540,30000.0, 36 months,30.99,G,G5,4 years,RENT,44000.0,Verified,home_improvement,TX,35.38,0.0,670.0,674.0,0.0,98.6,7.0,Joint App,6,High Risk,Manual Review
115013890,12000.0, 60 months,26.3,E,E5,10+ years,MORTGAGE,46000.0,Verified,credit_card,PA,30.03,0.0,685.0,689.0,2.0,71.0,30.0,Individual,5,High Risk,Manual Review
114639121,7050.0, 36 months,23.88,E,E2,,RENT,40000.0,Source Verified,debt_consolidation,MT,26.55,1.0,690.0,694.0,2.0,85.7,16.0,Individual,5,High Risk,Manual Review
112666567,23550.0, 60 months,30.94,G,G4,4 years,RENT,67000.0,Source Verified,debt_consolidation,FL,30.49,0.0,675.0,679.0,1.0,79.2,23.0,Individual,5,High Risk,Manual Review
115024198,10700.0, 36 months,30.94,G,G4,3 years,MORTGAGE,110000.0,Verified,other,MD,30.26,0.0,670.0,674.0,0.0,64.9,19.0,Individual,5,High Risk,Manual Review
114183747,25000.0, 60 months,26.3,E,E5,10+ years,OWN,42000.0,Source Verified,debt_consolidation,LA,38.66,0.0,700.0,704.0,0.0,94.5,8.0,Joint App,6,High Risk,Manual Review
113863251,13025.0, 60 months,26.3,E,E5,10+ years,MORTGAGE,50000.0,Verified,debt_consolidation,RI,25.78,1.0,675.0,679.0,0.0,99.0,21.0,Individual,5,High Risk,Manual Review
115308216,17275.0, 60 months,26.3,E,E5,10+ years,RENT,48000.0,Source Verified,debt_consolidation,GA,25.6,1.0,680.0,684.0,1.0,86.1,25.0,Individual,5,High Risk,Manual Review
113759407,28000.0, 60 months,26.3,E,E5,< 1 year,MORTGAGE,18000.0,Verified,debt_consolidation,IL,122.67,2.0,660.0,664.0,0.0,102.0,26.0,Joint App,7,High Risk,Manual Review
115118424,15000.0, 60 months,30.99,G,G5,2 years,RENT,52000.0,Source Verified,debt_consolidation,IN,31.41,0.0,660.0,664.0,0.0,49.9,22.0,Individual,5,High Risk,Manual Review
115351344,6000.0, 36 months,15.05,C,C4,10+ years,MORTGAGE,55000.0,Not Verified,debt_consolidation,WI,33.56,3.0,710.0,714.0,0.0,83.7,16.0,Individual,5,High Risk,Manual Review
114162713,11075.0, 36 months,24.85,E,E3,8 years,RENT,45000.0,Verified,debt_consolidation,MA,31.95,0.0,680.0,684.0,0.0,57.1,12.0,Individual,5,High Risk,Manual Review
114224575,28500.0, 60 months,30.94,G,G4,5 years,MORTGAGE,75000.0,Verified,debt_consolidation,NV,18.14,2.0,670.0,674.0,1.0,87.7,23.0,Individual,5,High Risk,Manual Review
114962965,13125.0, 60 months,22.91,E,E1,10+ years,MORTGAGE,67000.0,Not Verified,debt_consolidation,MI,23.36,1.0,680.0,684.0,1.0,86.0,28.0,Individual,5,High Risk,Manual Review
113862490,30000.0, 60 months,26.3,E,E5,,RENT,1200.0,Not Verified,debt_consolidation,IL,999.0,0.0,665.0,669.0,0.0,60.4,14.0,Joint App,5,High Risk,Manual Review
114932833,14000.0, 60 months,18.06,D,D2,10+ years,MORTGAGE,70000.0,Source Verified,debt_consolidation,NC,33.96,1.0,670.0,674.0,0.0,89.0,21.0,Individual,5,High Risk,Manual Review
115096180,3950.0, 36 months,18.06,D,D2,8 years,MORTGAGE,50000.0,Verified,home_improvement,VA,31.64,2.0,660.0,664.0,0.0,95.2,45.0,Individual,5,High Risk,Manual Review
113924431,18100.0, 60 months,25.82,E,E4,2 years,RENT,105000.0,Verified,debt_consolidation,OH,30.55,1.0,665.0,669.0,2.0,42.0,36.0,Individual,6,High Risk,Manual Review
115087329,8925.0, 36 months,26.3,E,E5,10+ years,MORTGAGE,72000.0,Verified,other,NY,32.82,0.0,665.0,669.0,1.0,55.0,38.0,Individual,5,High Risk,Manual Review
114137967,15000.0, 60 months,24.85,E,E3,10+ years,MORTGAGE,34825.0,Verified,debt_consolidation,NJ,45.66,1.0,705.0,709.0,0.0,79.9,28.0,Joint App,6,High Risk,Manual Review
114549559,9500.0, 36 months,22.91,E,E1,10+ years,OWN,26000.0,Verified,debt_consolidation,NY,30.66,0.0,705.0,709.0,2.0,32.5,31.0,Individual,5,High Risk,Manual Review
114317134,4000.0, 36 months,23.88,E,E2,< 1 year,RENT,33085.0,Source Verified,car,NY,33.7,0.0,660.0,664.0,0.0,75.8,26.0,Individual,5,High Risk,Manual Review
113185378,35000.0, 36 months,24.85,E,E3,2 years,OWN,90000.0,Source Verified,debt_consolidation,NY,23.49,1.0,660.0,664.0,0.0,80.9,28.0,Individual,5,High Risk,Manual Review
114447778,11325.0, 60 months,30.17,F,F3,10+ years,MORTGAGE,50000.0,Verified,debt_consolidation,KY,34.06,0.0,705.0,709.0,1.0,56.0,26.0,Individual,5,High Risk,Manual Review
114114949,10000.0, 60 months,24.85,E,E3,10+ years,RENT,45000.0,Not Verified,other,OK,33.09,1.0,690.0,694.0,0.0,41.4,17.0,Individual,6,High Risk,Manual Review
114619394,15000.0, 60 months,25.82,E,E4,10+ years,MORTGAGE,62000.0,Verified,debt_consolidation,NJ,31.61,0.0,680.0,684.0,1.0,72.9,22.0,Individual,5,High Risk,Manual Review
112882470,5000.0, 36 months,26.3,E,E5,< 1 year,RENT,120000.0,Source Verified,vacation,MD,31.53,0.0,675.0,679.0,2.0,98.5,33.0,Individual,6,High Risk,Manual Review
115012844,10000.0, 36 months,23.88,E,E2,4 years,RENT,55000.0,Source Verified,other,NC,30.15,0.0,670.0,674.0,0.0,85.9,19.0,Individual,6,High Risk,Manual Review
115062476,2000.0, 36 months,24.85,E,E3,10+ years,OWN,82000.0,Verified,vacation,WY,32.17,2.0,680.0,684.0,1.0,37.8,42.0,Individual,6,High Risk,Manual Review
113881486,24000.0, 60 months,30.17,F,F3,10+ years,MORTGAGE,188000.0,Source Verified,debt_consolidation,KS,31.31,0.0,705.0,709.0,1.0,89.0,31.0,Individual,6,High Risk,Manual Review
114790132,5000.0, 36 months,24.85,E,E3,1 year,RENT,60000.0,Source Verified,other,CA,34.36,0.0,680.0,684.0,0.0,67.0,25.0,Individual,5,High Risk,Manual Review
114649255,20575.0, 36 months,26.3,E,E5,10+ years,MORTGAGE,45352.0,Not Verified,credit_card,SC,34.32,1.0,685.0,689.0,0.0,30.2,30.0,Individual,6,High Risk,Manual Review
113162292,25775.0, 60 months,30.94,G,G4,< 1 year,MORTGAGE,30000.0,Source Verified,debt_consolidation,MD,35.68,0.0,705.0,709.0,1.0,38.3,13.0,Joint App,5,High Risk,Manual Review
114437246,14375.0, 36 months,24.85,E,E3,3 years,RENT,39990.0,Verified,debt_consolidation,AR,33.33,1.0,660.0,664.0,1.0,88.0,22.0,Individual,7,High Risk,Manual Review
115082950,10000.0, 36 months,23.88,E,E2,2 years,OWN,26000.0,Not Verified,debt_consolidation,CA,32.04,0.0,700.0,704.0,0.0,50.2,19.0,Individual,5,High Risk,Manual Review
114962153,5000.0, 36 months,26.3,E,E5,8 years,OWN,51400.0,Verified,medical,NC,34.46,0.0,685.0,689.0,0.0,74.8,23.0,Individual,5,High Risk,Manual Review
113562402,10000.0, 36 months,23.88,E,E2,4 years,RENT,30000.0,Source Verified,debt_consolidation,CO,33.36,0.0,680.0,684.0,0.0,43.9,18.0,Individual,5,High Risk,Manual Review
113203969,24000.0, 60 months,30.17,F,F3,8 years,RENT,66000.0,Verified,credit_card,IL,33.0,0.0,690.0,694.0,2.0,77.3,43.0,Individual,5,High Risk,Manual Review
113847496,16000.0, 60 months,26.3,E,E5,1 year,MORTGAGE,60000.0,Source Verified,debt_consolidation,ND,37.5,0.0,675.0,679.0,1.0,95.1,26.0,Joint App,6,High Risk,Manual Review
113563313,18000.0, 36 months,16.02,C,C5,< 1 year,MORTGAGE,38000.0,Not Verified,debt_consolidation,FL,36.27,3.0,660.0,664.0,0.0,93.7,19.0,Joint App,5,High Risk,Manual Review
113517152,40000.0, 60 months,24.85,E,E3,2 years,RENT,60000.0,Not Verified,debt_consolidation,CA,30.08,0.0,695.0,699.0,0.0,62.5,18.0,Joint App,5,High Risk,Manual Review
114500118,35000.0, 36 months,30.84,G,G2,7 years,MORTGAGE,64000.0,Verified,debt_consolidation,NY,52.82,0.0,660.0,664.0,0.0,56.4,33.0,Joint App,5,High Risk,Manual Review
114501476,21425.0, 36 months,23.88,E,E2,5 years,MORTGAGE,83929.5,Source Verified,debt_consolidation,TX,31.76,0.0,685.0,689.0,0.0,82.9,47.0,Individual,6,High Risk,Manual Review
114180567,12000.0, 60 months,30.17,F,F3,3 years,RENT,26617.96,Verified,debt_consolidation,OK,56.76,0.0,690.0,694.0,0.0,67.3,22.0,Joint App,5,High Risk,Manual Review
115060521,10000.0, 36 months,23.88,E,E2,10+ years,RENT,60000.0,Source Verified,credit_card,MA,34.59,2.0,660.0,664.0,1.0,80.1,36.0,Individual,7,High Risk,Manual Review
114843866,7050.0, 36 months,30.79,G,G1,6 years,MORTGAGE,50000.0,Source Verified,debt_consolidation,CT,32.84,0.0,665.0,669.0,3.0,57.1,37.0,Individual,5,High Risk,Manual Review
114227077,15000.0, 60 months,15.05,C,C4,3 years,MORTGAGE,116000.0,Source Verified,debt_consolidation,MD,31.24,7.0,680.0,684.0,1.0,91.9,36.0,Individual,5,High Risk,Manual Review
114159874,20275.0, 60 months,26.3,E,E5,9 years,MORTGAGE,135000.0,Source Verified,credit_card,TX,32.73,0.0,690.0,694.0,0.0,74.2,69.0,Individual,5,High Risk,Manual Review
113545528,18000.0, 60 months,26.3,E,E5,,MORTGAGE,12000.0,Verified,debt_consolidation,AR,124.7,0.0,685.0,689.0,1.0,51.8,26.0,Joint App,5,High Risk,Manual Review
115034778,19525.0, 36 months,26.3,E,E5,10+ years,RENT,62000.0,Verified,debt_consolidation,NY,17.4,1.0,670.0,674.0,0.0,100.3,10.0,Individual,5,High Risk,Manual Review
114171596,18000.0, 36 months,25.82,E,E4,5 years,MORTGAGE,170000.0,Source Verified,credit_card,TX,33.51,1.0,660.0,664.0,1.0,65.2,53.0,Joint App,6,High Risk,Manual Review
114933503,35000.0, 60 months,29.69,F,F2,10+ years,MORTGAGE,150000.0,Verified,debt_consolidation,PA,30.02,0.0,665.0,669.0,1.0,84.0,41.0,Individual,6,High Risk,Manual Review
114517187,10375.0, 60 months,26.3,E,E5,10+ years,RENT,42000.0,Source Verified,debt_consolidation,NY,32.75,0.0,660.0,664.0,0.0,71.3,29.0,Individual,5,High Risk,Manual Review
114223586,24000.0, 36 months,25.82,E,E4,< 1 year,RENT,34995.21,Not Verified,debt_consolidation,PA,37.41,0.0,690.0,694.0,0.0,22.6,29.0,Joint App,5,High Risk,Manual Review
114224287,10300.0, 60 months,30.79,G,G1,10+ years,MORTGAGE,42000.0,Source Verified,debt_consolidation,SC,32.14,1.0,660.0,664.0,1.0,40.8,48.0,Individual,6,High Risk,Manual Review
114759456,12000.0, 60 months,26.3,E,E5,1 year,MORTGAGE,35000.0,Not Verified,credit_card,MO,30.23,1.0,695.0,699.0,0.0,12.8,25.0,Individual,6,High Risk,Manual Review
113199194,19550.0, 60 months,30.99,G,G5,4 years,MORTGAGE,42526.0,Verified,debt_consolidation,WI,30.71,0.0,795.0,799.0,3.0,0.6,34.0,Individual,5,High Risk,Manual Review
114783313,16000.0, 60 months,19.03,D,D3,10+ years,OWN,94800.0,Source Verified,debt_consolidation,SC,31.44,1.0,685.0,689.0,1.0,86.5,14.0,Individual,5,High Risk,Manual Review
113012590,12000.0, 60 months,24.85,E,E3,,RENT,40593.0,Not Verified,debt_consolidation,NY,31.46,0.0,705.0,709.0,0.0,13.8,16.0,Individual,5,High Risk,Manual Review
114803285,3000.0, 36 months,16.02,C,C5,9 years,RENT,42000.0,Source Verified,other,WA,33.69,1.0,660.0,664.0,1.0,88.5,23.0,Individual,5,High Risk,Manual Review
114201674,20000.0, 36 months,24.85,E,E3,2 years,RENT,55000.0,Source Verified,debt_consolidation,TX,30.2,1.0,665.0,669.0,0.0,93.8,16.0,Individual,7,High Risk,Manual Review
113854866,30000.0, 60 months,24.85,E,E3,10+ years,MORTGAGE,70000.0,Source Verified,debt_consolidation,GA,34.7,0.0,710.0,714.0,1.0,65.9,20.0,Individual,5,High Risk,Manual Review
115069924,13475.0, 60 months,26.3,E,E5,10+ years,OWN,57331.0,Source Verified,debt_consolidation,MO,31.55,0.0,670.0,674.0,0.0,82.0,25.0,Individual,6,High Risk,Manual Review
114993081,10000.0, 36 months,20.0,D,D4,10+ years,MORTGAGE,82500.0,Source Verified,debt_consolidation,MD,31.9,1.0,665.0,669.0,1.0,91.5,35.0,Individual,5,High Risk,Manual Review
114516775,5000.0, 36 months,26.3,E,E5,10+ years,MORTGAGE,70000.0,Verified,home_improvement,FL,30.45,0.0,675.0,679.0,0.0,67.0,35.0,Individual,5,High Risk,Manual Review
114218804,22500.0, 60 months,30.84,G,G2,7 years,MORTGAGE,35000.0,Verified,credit_card,AZ,56.34,0.0,675.0,679.0,0.0,83.2,19.0,Joint App,6,High Risk,Manual Review
114157775,15175.0, 36 months,23.88,E,E2,3 years,RENT,33000.0,Source Verified,credit_card,NJ,34.73,0.0,680.0,684.0,0.0,60.3,11.0,Individual,5,High Risk,Manual Review
114508329,27725.0, 36 months,23.88,E,E2,10+ years,MORTGAGE,72000.0,Source Verified,debt_consolidation,VA,33.32,2.0,680.0,684.0,1.0,53.6,25.0,Individual,6,High Risk,Manual Review
114893165,40000.0, 60 months,30.75,F,F5,10+ years,MORTGAGE,82803.0,Verified,debt_consolidation,MI,33.83,0.0,705.0,709.0,1.0,52.9,22.0,Individual,5,High Risk,Manual Review
114467412,4675.0, 36 months,16.02,C,C5,10+ years,MORTGAGE,78000.0,Verified,debt_consolidation,CA,31.43,1.0,660.0,664.0,2.0,86.5,27.0,Individual,5,High Risk,Manual Review
113953883,24000.0, 60 months,24.85,E,E3,,MORTGAGE,68000.0,Verified,debt_consolidation,AR,30.5,0.0,660.0,664.0,0.0,80.0,31.0,Individual,5,High Risk,Manual Review
114185912,4000.0, 36 months,24.85,E,E3,10+ years,MORTGAGE,43000.0,Verified,debt_consolidation,ME,31.4,1.0,670.0,674.0,1.0,61.7,31.0,Individual,6,High Risk,Manual Review
113842798,20425.0, 36 months,30.89,G,G3,10+ years,MORTGAGE,65000.0,Verified,debt_consolidation,NY,34.58,0.0,670.0,674.0,0.0,44.1,24.0,Individual,5,High Risk,Manual Review
114201848,20800.0, 36 months,30.75,F,F5,7 years,RENT,140000.0,Source Verified,debt_consolidation,MD,34.79,0.0,700.0,704.0,0.0,93.4,30.0,Individual,6,High Risk,Manual Review
114219477,12000.0, 60 months,30.84,G,G2,< 1 year,RENT,31000.0,Verified,debt_consolidation,FL,30.74,0.0,660.0,664.0,0.0,63.3,26.0,Individual,5,High Risk,Manual Review
113608328,31775.0, 60 months,30.99,G,G5,1 year,MORTGAGE,82000.0,Verified,debt_consolidation,MD,34.23,0.0,665.0,669.0,3.0,59.0,65.0,Individual,5,High Risk,Manual Review
114190484,7200.0, 36 months,23.88,E,E2,10+ years,RENT,47000.0,Source Verified,debt_consolidation,PA,30.69,1.0,660.0,664.0,0.0,98.3,20.0,Individual,7,High Risk,Manual Review
113963559,8000.0, 36 months,30.75,F,F5,10+ years,OWN,75000.0,Source Verified,home_improvement,CT,30.21,0.0,690.0,694.0,1.0,78.3,16.0,Individual,5,High Risk,Manual Review
113489314,21525.0, 60 months,24.85,E,E3,5 years,RENT,71600.0,Source Verified,debt_consolidation,AZ,32.4,0.0,680.0,684.0,1.0,77.5,38.0,Individual,5,High Risk,Manual Review
113151118,15000.0, 60 months,30.84,G,G2,9 years,MORTGAGE,63000.0,Verified,credit_card,PA,31.71,2.0,665.0,669.0,0.0,55.0,33.0,Individual,6,High Risk,Manual Review
114780228,22325.0, 60 months,30.89,G,G3,8 years,MORTGAGE,75000.0,Source Verified,debt_consolidation,MT,31.47,0.0,675.0,679.0,0.0,54.0,29.0,Individual,5,High Risk,Manual Review
114205534,20300.0, 60 months,30.89,G,G3,2 years,MORTGAGE,65000.0,Source Verified,debt_consolidation,IN,33.9,0.0,725.0,729.0,1.0,48.7,17.0,Individual,5,High Risk,Manual Review
114872124,8400.0, 36 months,23.88,E,E2,9 years,RENT,28596.0,Not Verified,debt_consolidation,NY,30.13,3.0,660.0,664.0,2.0,48.4,23.0,Individual,6,High Risk,Manual Review
114222129,11200.0, 60 months,30.17,F,F3,,MORTGAGE,102000.0,Verified,credit_card,TX,33.64,0.0,670.0,674.0,2.0,60.1,62.0,Individual,5,High Risk,Manual Review
113062616,6000.0, 36 months,20.0,D,D4,10+ years,OWN,80000.0,Verified,credit_card,OK,34.85,1.0,675.0,679.0,3.0,85.8,36.0,Individual,5,High Risk,Manual Review
114092856,13000.0, 60 months,30.75,F,F5,2 years,RENT,35000.0,Verified,debt_consolidation,MT,34.26,0.0,660.0,664.0,1.0,60.8,14.0,Individual,5,High Risk,Manual Review
113217407,15500.0, 60 months,25.82,E,E4,6 years,RENT,43000.0,Source Verified,credit_card,MI,31.06,0.0,695.0,699.0,0.0,97.2,16.0,Individual,6,High Risk,Manual Review
114787171,3000.0, 36 months,26.3,E,E5,9 years,MORTGAGE,116004.0,Source Verified,debt_consolidation,WA,31.17,0.0,665.0,669.0,1.0,63.5,53.0,Individual,5,High Risk,Manual Review
114166243,34025.0, 36 months,30.75,F,F5,8 years,MORTGAGE,56000.0,Verified,debt_consolidation,TX,64.43,0.0,670.0,674.0,0.0,76.0,39.0,Joint App,5,High Risk,Manual Review
114437570,35000.0, 60 months,30.89,G,G3,10+ years,RENT,55000.0,Verified,debt_consolidation,CA,32.95,0.0,675.0,679.0,0.0,62.1,15.0,Joint App,5,High Risk,Manual Review
113972978,9925.0, 36 months,16.02,C,C5,10+ years,MORTGAGE,40000.0,Source Verified,credit_card,AZ,31.06,1.0,690.0,694.0,0.0,90.4,27.0,Individual,5,High Risk,Manual Review
114515294,24000.0, 60 months,26.3,E,E5,5 years,MORTGAGE,50000.0,Verified,debt_consolidation,IL,37.37,1.0,660.0,664.0,0.0,70.7,29.0,Joint App,6,High Risk,Manual Review
114207586,12000.0, 60 months,24.85,E,E3,5 years,MORTGAGE,41000.0,Source Verified,vacation,AR,46.78,0.0,705.0,709.0,0.0,66.4,33.0,Joint App,5,High Risk,Manual Review
113833723,9000.0, 36 months,30.99,G,G5,10+ years,RENT,40000.0,Source Verified,debt_consolidation,MI,31.02,0.0,710.0,714.0,2.0,31.2,44.0,Individual,5,High Risk,Manual Review
114510147,21000.0, 60 months,30.84,G,G2,2 years,MORTGAGE,80000.0,Verified,debt_consolidation,AL,30.72,0.0,660.0,664.0,0.0,90.6,16.0,Individual,6,High Risk,Manual Review
113830463,22000.0, 60 months,30.94,G,G4,10+ years,RENT,50000.0,Verified,debt_consolidation,CO,33.05,0.0,660.0,664.0,1.0,54.4,20.0,Individual,5,High Risk,Manual Review
111622738,20625.0, 36 months,30.99,G,G5,,OWN,80000.0,Verified,credit_card,CA,33.23,0.0,670.0,674.0,3.0,38.3,32.0,Individual,5,High Risk,Manual Review
113720248,16000.0, 60 months,26.3,E,E5,10+ years,RENT,50400.0,Source Verified,debt_consolidation,LA,30.09,0.0,700.0,704.0,0.0,52.7,25.0,Individual,5,High Risk,Manual Review
113710007,10875.0, 60 months,29.69,F,F2,10+ years,MORTGAGE,43221.42,Verified,home_improvement,PA,24.22,1.0,665.0,669.0,0.0,89.0,10.0,Individual,5,High Risk,Manual Review
113557123,21600.0, 60 months,30.89,G,G3,1 year,MORTGAGE,43680.0,Verified,home_improvement,MI,40.88,0.0,660.0,664.0,0.0,79.5,15.0,Joint App,5,High Risk,Manual Review
113845136,10875.0, 60 months,23.88,E,E2,4 years,MORTGAGE,50000.0,Verified,debt_consolidation,PA,30.92,0.0,735.0,739.0,1.0,53.0,29.0,Individual,5,High Risk,Manual Review
113217815,5000.0, 36 months,30.99,G,G5,,RENT,17894.52,Verified,debt_consolidation,VA,32.06,0.0,660.0,664.0,0.0,66.8,16.0,Individual,5,High Risk,Manual Review
114124487,18950.0, 60 months,30.75,F,F5,10+ years,MORTGAGE,54000.0,Verified,debt_consolidation,MI,29.31,1.0,675.0,679.0,1.0,96.8,19.0,Individual,5,High Risk,Manual Review
114176094,7000.0, 36 months,29.69,F,F2,,RENT,22000.0,Verified,debt_consolidation,IL,30.68,0.0,700.0,704.0,0.0,54.0,17.0,Individual,5,High Risk,Manual Review
114154528,10000.0, 36 months,18.06,D,D2,10+ years,MORTGAGE,70000.0,Verified,credit_card,MD,33.31,3.0,660.0,664.0,0.0,96.8,27.0,Individual,5,High Risk,Manual Review
113842022,17000.0, 60 months,26.3,E,E5,,MORTGAGE,94000.0,Verified,debt_consolidation,SC,34.1,0.0,690.0,694.0,0.0,97.0,29.0,Individual,6,High Risk,Manual Review
112714084,30000.0, 36 months,23.88,E,E2,10+ years,OWN,615000.0,Verified,home_improvement,FL,18.17,1.0,675.0,679.0,0.0,95.7,22.0,Individual,5,High Risk,Manual Review
114174195,30000.0, 36 months,22.91,E,E1,10+ years,RENT,65000.0,Verified,debt_consolidation,IL,25.9,1.0,690.0,694.0,1.0,92.9,20.0,Individual,5,High Risk,Manual Review
113985085,6000.0, 36 months,24.85,E,E3,< 1 year,RENT,20000.0,Verified,home_improvement,OH,31.69,0.0,715.0,719.0,2.0,0.0,17.0,Individual,5,High Risk,Manual Review
113494144,21000.0, 60 months,26.3,E,E5,10+ years,MORTGAGE,49900.0,Verified,debt_consolidation,FL,31.84,0.0,695.0,699.0,0.0,36.4,23.0,Individual,5,High Risk,Manual Review
114188366,11200.0, 60 months,30.94,G,G4,2 years,MORTGAGE,39000.0,Verified,home_improvement,FL,30.49,0.0,685.0,689.0,0.0,61.8,20.0,Individual,5,High Risk,Manual Review
114123609,12825.0, 60 months,30.94,G,G4,5 years,MORTGAGE,30564.0,Source Verified,debt_consolidation,MN,32.16,0.0,660.0,664.0,0.0,92.3,18.0,Individual,6,High Risk,Manual Review
114134892,28000.0, 60 months,30.17,F,F3,< 1 year,MORTGAGE,75000.0,Verified,home_improvement,GA,57.76,0.0,705.0,709.0,2.0,67.0,28.0,Joint App,5,High Risk,Manual Review
114428475,28000.0, 60 months,30.17,F,F3,< 1 year,RENT,148000.0,Not Verified,debt_consolidation,CA,31.96,0.0,660.0,664.0,0.0,85.4,56.0,Individual,6,High Risk,Manual Review
113838533,27875.0, 60 months,30.17,F,F3,10+ years,RENT,60736.0,Not Verified,debt_consolidation,NY,43.44,0.0,690.0,694.0,0.0,55.5,25.0,Joint App,5,High Risk,Manual Review
113507244,3000.0, 36 months,23.88,E,E2,3 years,RENT,30000.0,Verified,car,FL,34.4,0.0,685.0,689.0,0.0,45.9,14.0,Individual,5,High Risk,Manual Review
113682021,11200.0, 60 months,30.89,G,G3,5 years,OWN,33000.0,Source Verified,vacation,PA,34.69,0.0,680.0,684.0,1.0,84.0,20.0,Individual,6,High Risk,Manual Review
114150516,30000.0, 36 months,22.91,E,E1,10+ years,MORTGAGE,78000.0,Verified,debt_consolidation,NY,33.58,1.0,695.0,699.0,0.0,37.7,47.0,Individual,6,High Risk,Manual Review
111847468,35000.0, 36 months,20.0,D,D4,4 years,MORTGAGE,90000.0,Verified,debt_consolidation,NC,33.45,1.0,690.0,694.0,0.0,88.0,20.0,Individual,5,High Risk,Manual Review
113495298,28000.0, 60 months,15.05,C,C4,< 1 year,MORTGAGE,5500.0,Verified,debt_consolidation,MD,185.81,1.0,660.0,664.0,0.0,96.7,11.0,Joint App,5,High Risk,Manual Review
114151333,8000.0, 36 months,26.3,E,E5,10+ years,MORTGAGE,110000.0,Verified,home_improvement,NJ,32.93,0.0,685.0,689.0,1.0,50.8,33.0,Individual,5,High Risk,Manual Review
113878104,24000.0, 60 months,30.99,G,G5,10+ years,RENT,72000.0,Verified,debt_consolidation,TN,34.95,2.0,680.0,684.0,1.0,40.1,53.0,Individual,6,High Risk,Manual Review
114144375,27525.0, 60 months,26.3,E,E5,4 years,MORTGAGE,117000.0,Verified,debt_consolidation,FL,32.94,0.0,675.0,679.0,0.0,63.0,31.0,Individual,5,High Risk,Manual Review
113556326,10000.0, 60 months,15.05,C,C4,< 1 year,MORTGAGE,49500.0,Source Verified,home_improvement,MN,30.91,1.0,680.0,684.0,0.0,83.4,31.0,Joint App,5,High Risk,Manual Review
113044390,1325.0, 36 months,26.3,E,E5,2 years,RENT,4200.0,Verified,debt_consolidation,NY,34.0,0.0,715.0,719.0,1.0,30.2,8.0,Individual,5,High Risk,Manual Review
114137740,35000.0, 36 months,23.88,E,E2,2 years,MORTGAGE,70008.0,Verified,debt_consolidation,IL,32.41,0.0,670.0,674.0,0.0,61.2,30.0,Joint App,5,High Risk,Manual Review
114103020,20000.0, 60 months,30.65,F,F4,2 years,RENT,55615.0,Verified,debt_consolidation,GA,30.52,2.0,665.0,669.0,1.0,47.4,16.0,Individual,6,High Risk,Manual Review
113206314,25000.0, 60 months,26.3,E,E5,,MORTGAGE,65000.0,Verified,debt_consolidation,WA,21.03,2.0,670.0,674.0,0.0,86.9,15.0,Individual,5,High Risk,Manual Review
113610782,20000.0, 36 months,24.85,E,E3,,MORTGAGE,54000.0,Verified,debt_consolidation,VA,26.95,1.0,670.0,674.0,1.0,93.1,29.0,Individual,5,High Risk,Manual Review
113617196,21600.0, 60 months,26.3,E,E5,< 1 year,MORTGAGE,40000.0,Verified,car,NY,61.87,0.0,690.0,694.0,0.0,41.2,23.0,Joint App,5,High Risk,Manual Review
113494125,10000.0, 60 months,30.75,F,F5,4 years,RENT,32000.0,Source Verified,debt_consolidation,OH,30.61,0.0,670.0,674.0,0.0,31.5,14.0,Individual,5,High Risk,Manual Review
114225117,12800.0, 60 months,30.65,F,F4,< 1 year,MORTGAGE,232000.0,Verified,debt_consolidation,SC,30.55,0.0,680.0,684.0,1.0,90.9,44.0,Individual,6,High Risk,Manual Review
114122361,29225.0, 60 months,24.85,E,E3,10+ years,MORTGAGE,33280.0,Source Verified,debt_consolidation,IL,32.13,0.0,690.0,694.0,0.0,73.4,12.0,Joint App,5,High Risk,Manual Review
112883466,35000.0, 36 months,30.94,G,G4,2 years,MORTGAGE,107000.0,Verified,debt_consolidation,IL,31.93,0.0,660.0,664.0,3.0,61.8,29.0,Individual,5,High Risk,Manual Review
113569490,24775.0, 60 months,30.99,G,G5,9 years,RENT,59000.0,Verified,debt_consolidation,CA,31.31,0.0,675.0,679.0,0.0,66.1,37.0,Individual,5,High Risk,Manual Review
113509844,11200.0, 60 months,30.84,G,G2,4 years,MORTGAGE,45000.0,Verified,house,SC,3.87,1.0,670.0,674.0,1.0,81.4,7.0,Individual,5,High Risk,Manual Review
114115068,12000.0, 60 months,30.94,G,G4,8 years,OWN,48000.0,Source Verified,debt_consolidation,CT,15.43,1.0,695.0,699.0,0.0,88.9,21.0,Individual,5,High Risk,Manual Review
113246006,24000.0, 60 months,30.89,G,G3,,MORTGAGE,25000.0,Verified,debt_consolidation,OH,53.34,1.0,670.0,674.0,1.0,45.3,24.0,Joint App,6,High Risk,Manual Review
113966489,18000.0, 60 months,30.94,G,G4,1 year,OWN,53200.0,Verified,debt_consolidation,MA,31.13,1.0,660.0,664.0,1.0,85.4,13.0,Individual,7,High Risk,Manual Review
113831851,35000.0, 60 months,19.03,D,D3,< 1 year,MORTGAGE,72000.0,Verified,debt_consolidation,NJ,43.07,1.0,670.0,674.0,0.0,82.2,19.0,Joint App,5,High Risk,Manual Review
113519390,20000.0, 36 months,24.85,E,E3,10+ years,MORTGAGE,79000.0,Source Verified,debt_consolidation,IN,25.25,5.0,675.0,679.0,2.0,90.9,48.0,Individual,5,High Risk,Manual Review
114173621,10000.0, 60 months,30.89,G,G3,,MORTGAGE,40957.8,Not Verified,debt_consolidation,AL,32.84,7.0,660.0,664.0,0.0,93.5,21.0,Individual,7,High Risk,Manual Review
113913856,15000.0, 60 months,30.17,F,F3,10+ years,MORTGAGE,60000.0,Not Verified,debt_consolidation,GA,32.72,0.0,675.0,679.0,0.0,28.8,33.0,Individual,5,High Risk,Manual Review
114176362,2200.0, 36 months,25.82,E,E4,10+ years,OWN,43854.0,Source Verified,debt_consolidation,NC,34.18,1.0,680.0,684.0,1.0,3.9,34.0,Individual,6,High Risk,Manual Review
114163005,20700.0, 36 months,22.91,E,E1,2 years,OWN,45000.0,Not Verified,debt_consolidation,MI,34.5,0.0,700.0,704.0,0.0,95.7,29.0,Individual,6,High Risk,Manual Review
113862923,22800.0, 36 months,24.85,E,E3,10+ years,MORTGAGE,52000.0,Source Verified,credit_card,NC,32.45,0.0,670.0,674.0,0.0,82.7,22.0,Individual,6,High Risk,Manual Review
113267712,5000.0, 36 months,29.69,F,F2,1 year,OWN,80000.0,Source Verified,home_improvement,TN,31.31,0.0,675.0,679.0,1.0,14.6,16.0,Individual,5,High Risk,Manual Review
111985911,8000.0, 36 months,16.02,C,C5,6 years,RENT,45000.0,Source Verified,credit_card,FL,34.03,4.0,675.0,679.0,0.0,86.1,17.0,Individual,5,High Risk,Manual Review
114181969,40000.0, 60 months,30.94,G,G4,< 1 year,RENT,120000.0,Verified,debt_consolidation,AL,31.38,0.0,690.0,694.0,0.0,87.2,36.0,Individual,6,High Risk,Manual Review
114022734,18150.0, 60 months,30.79,G,G1,4 years,RENT,84000.0,Source Verified,debt_consolidation,TX,12.53,1.0,665.0,669.0,2.0,83.0,15.0,Individual,5,High Risk,Manual Review
114137439,24000.0, 60 months,30.65,F,F4,10+ years,RENT,82000.0,Source Verified,debt_consolidation,NY,34.3,0.0,705.0,709.0,0.0,65.5,47.0,Individual,5,High Risk,Manual Review
113216541,16200.0, 60 months,25.82,E,E4,10+ years,RENT,36000.0,Verified,debt_consolidation,MI,33.5,0.0,675.0,679.0,1.0,87.0,22.0,Individual,6,High Risk,Manual Review
114184691,21800.0, 60 months,26.3,E,E5,10+ years,MORTGAGE,303000.0,Source Verified,debt_consolidation,TX,22.74,2.0,670.0,674.0,2.0,95.4,43.0,Individual,5,High Risk,Manual Review
113547119,20000.0, 36 months,23.88,E,E2,10+ years,OWN,66000.0,Source Verified,other,DC,32.82,0.0,680.0,684.0,0.0,89.4,18.0,Individual,6,High Risk,Manual Review
113126094,3000.0, 36 months,15.05,C,C4,< 1 year,RENT,102500.0,Verified,debt_consolidation,TX,31.85,1.0,660.0,664.0,0.0,96.7,35.0,Individual,5,High Risk,Manual Review
113834578,25000.0, 60 months,30.17,F,F3,9 years,MORTGAGE,45000.0,Not Verified,home_improvement,AZ,37.09,0.0,705.0,709.0,1.0,51.1,11.0,Joint App,5,High Risk,Manual Review
113686535,10325.0, 60 months,30.17,F,F3,10+ years,MORTGAGE,75000.0,Verified,credit_card,LA,31.42,0.0,695.0,699.0,0.0,87.5,32.0,Individual,6,High Risk,Manual Review
111817061,4800.0, 36 months,25.82,E,E4,,RENT,17800.0,Verified,other,WA,32.37,0.0,730.0,734.0,2.0,35.4,14.0,Individual,5,High Risk,Manual Review
113658515,13800.0, 60 months,30.89,G,G3,,MORTGAGE,12000.0,Verified,debt_consolidation,CO,228.48,0.0,680.0,684.0,0.0,75.8,35.0,Joint App,5,High Risk,Manual Review
113557220,9600.0, 36 months,24.85,E,E3,10+ years,MORTGAGE,65000.0,Verified,other,NM,37.13,3.0,690.0,694.0,1.0,58.2,33.0,Joint App,6,High Risk,Manual Review
112616685,12000.0, 60 months,30.79,G,G1,1 year,MORTGAGE,40000.0,Verified,debt_consolidation,NY,30.48,2.0,660.0,664.0,0.0,51.9,31.0,Individual,6,High Risk,Manual Review
113215512,7575.0, 36 months,23.88,E,E2,6 years,RENT,23687.0,Source Verified,debt_consolidation,WI,34.41,0.0,660.0,664.0,0.0,82.9,16.0,Individual,6,High Risk,Manual Review
113316781,35000.0, 60 months,26.3,E,E5,10+ years,MORTGAGE,65000.0,Source Verified,debt_consolidation,WI,52.95,0.0,660.0,664.0,3.0,80.6,39.0,Joint App,6,High Risk,Manual Review
114162299,14000.0, 60 months,24.85,E,E3,7 years,RENT,52000.0,Verified,moving,MA,34.1,0.0,710.0,714.0,0.0,36.5,24.0,Individual,5,High Risk,Manual Review
114163594,14200.0, 36 months,24.85,E,E3,,MORTGAGE,56000.0,Verified,debt_consolidation,CA,32.51,0.0,660.0,664.0,1.0,54.6,24.0,Individual,5,High Risk,Manual Review
114176437,9350.0, 36 months,24.85,E,E3,4 years,RENT,36000.0,Verified,debt_consolidation,WI,32.13,0.0,660.0,664.0,0.0,38.0,20.0,Individual,5,High Risk,Manual Review
114159979,26775.0, 60 months,25.82,E,E4,10+ years,OWN,66978.0,Not Verified,debt_consolidation,NY,30.4,0.0,715.0,719.0,0.0,39.2,19.0,Individual,5,High Risk,Manual Review
113839745,30000.0, 60 months,24.85,E,E3,< 1 year,MORTGAGE,46500.0,Verified,debt_consolidation,IL,33.29,0.0,705.0,709.0,1.0,81.3,13.0,Joint App,6,High Risk,Manual Review
112880145,12000.0, 60 months,26.3,E,E5,< 1 year,MORTGAGE,56000.0,Verified,other,FL,33.63,1.0,680.0,684.0,0.0,85.0,26.0,Individual,7,High Risk,Manual Review
114022168,9000.0, 36 months,16.02,C,C5,3 years,OWN,42000.0,Not Verified,credit_card,IL,30.11,2.0,665.0,669.0,1.0,82.5,18.0,Individual,5,High Risk,Manual Review
113844610,15000.0, 36 months,24.85,E,E3,< 1 year,MORTGAGE,55000.0,Not Verified,credit_card,MD,36.89,0.0,685.0,689.0,2.0,43.4,34.0,Joint App,5,High Risk,Manual Review
113830184,25000.0, 60 months,30.89,G,G3,< 1 year,MORTGAGE,9000.0,Not Verified,debt_consolidation,PA,110.93,0.0,675.0,679.0,0.0,78.8,13.0,Joint App,5,High Risk,Manual Review
114033600,35000.0, 36 months,24.85,E,E3,9 years,MORTGAGE,114000.0,Verified,home_improvement,NY,33.38,1.0,685.0,689.0,1.0,94.0,24.0,Individual,7,High Risk,Manual Review
113877175,15125.0, 36 months,30.94,G,G4,,MORTGAGE,55500.0,Not Verified,debt_consolidation,TX,34.63,0.0,670.0,674.0,2.0,66.3,28.0,Individual,5,High Risk,Manual Review
113822322,36000.0, 36 months,22.91,E,E1,3 years,MORTGAGE,110000.0,Verified,debt_consolidation,TN,34.51,0.0,705.0,709.0,0.0,69.5,45.0,Individual,5,High Risk,Manual Review
113518402,35000.0, 36 months,26.3,E,E5,5 years,MORTGAGE,80000.0,Verified,debt_consolidation,MO,29.72,2.0,660.0,664.0,1.0,82.2,20.0,Joint App,5,High Risk,Manual Review
114072127,8525.0, 36 months,24.85,E,E3,2 years,RENT,30000.0,Verified,debt_consolidation,OK,30.28,0.0,670.0,674.0,2.0,76.0,15.0,Individual,5,High Risk,Manual Review
113163796,10000.0, 60 months,24.85,E,E3,10+ years,RENT,55000.0,Source Verified,debt_consolidation,CA,30.66,0.0,715.0,719.0,0.0,46.2,14.0,Individual,5,High Risk,Manual Review
112748138,27600.0, 60 months,30.17,F,F3,4 years,RENT,60000.0,Verified,debt_consolidation,NY,31.71,0.0,725.0,729.0,1.0,51.3,36.0,Individual,5,High Risk,Manual Review
113446317,24775.0, 60 months,24.85,E,E3,10+ years,MORTGAGE,40000.0,Verified,other,LA,31.74,0.0,680.0,684.0,1.0,93.0,15.0,Joint App,6,High Risk,Manual Review
113356014,35000.0, 60 months,30.84,G,G2,4 years,MORTGAGE,103000.0,Verified,debt_consolidation,NV,25.03,2.0,665.0,669.0,1.0,86.8,18.0,Individual,5,High Risk,Manual Review
113829197,35000.0, 60 months,30.99,G,G5,6 years,MORTGAGE,86000.0,Verified,debt_consolidation,CA,42.84,0.0,700.0,704.0,2.0,47.4,32.0,Joint App,5,High Risk,Manual Review
113047007,8000.0, 36 months,22.91,E,E1,,OWN,31200.0,Not Verified,debt_consolidation,TX,34.6,1.0,715.0,719.0,1.0,27.1,26.0,Individual,6,High Risk,Manual Review
113970136,17825.0, 36 months,22.91,E,E1,4 years,RENT,49500.0,Not Verified,debt_consolidation,MN,34.59,0.0,665.0,669.0,0.0,93.0,45.0,Individual,6,High Risk,Manual Review
113831168,10000.0, 36 months,24.85,E,E3,6 years,RENT,42000.0,Verified,debt_consolidation,CA,32.63,0.0,680.0,684.0,0.0,42.5,33.0,Individual,5,High Risk,Manual Review
113851345,10000.0, 36 months,30.17,F,F3,4 years,RENT,25000.0,Verified,credit_card,AZ,30.44,0.0,685.0,689.0,1.0,49.3,8.0,Individual,5,High Risk,Manual Review
113194815,28000.0, 60 months,26.3,E,E5,6 years,MORTGAGE,8000.0,Not Verified,debt_consolidation,MA,162.76,0.0,665.0,669.0,0.0,70.3,18.0,Joint App,5,High Risk,Manual Review
113317235,5800.0, 36 months,23.88,E,E2,,MORTGAGE,37415.51,Verified,debt_consolidation,NM,30.79,0.0,670.0,674.0,0.0,69.1,19.0,Joint App,5,High Risk,Manual Review
114137559,17100.0, 36 months,23.88,E,E2,,RENT,45000.0,Not Verified,credit_card,IL,32.83,0.0,710.0,714.0,1.0,61.6,21.0,Individual,5,High Risk,Manual Review
113854756,25200.0, 60 months,26.3,E,E5,< 1 year,OWN,80000.0,Not Verified,credit_card,TX,32.7,0.0,660.0,664.0,0.0,89.4,31.0,Individual,6,High Risk,Manual Review
113396450,35000.0, 60 months,24.85,E,E3,< 1 year,MORTGAGE,55000.0,Verified,debt_consolidation,OR,31.43,0.0,690.0,694.0,0.0,88.5,26.0,Joint App,6,High Risk,Manual Review
113215625,22000.0, 60 months,22.91,E,E1,10+ years,MORTGAGE,70000.0,Verified,credit_card,KY,31.96,0.0,670.0,674.0,1.0,66.0,42.0,Individual,5,High Risk,Manual Review
113578663,3200.0, 36 months,26.3,E,E5,,RENT,23500.0,Verified,debt_consolidation,OH,33.96,0.0,670.0,674.0,0.0,89.6,18.0,Individual,6,High Risk,Manual Review
113519023,10800.0, 60 months,30.17,F,F3,10+ years,RENT,64000.0,Verified,credit_card,MI,31.9,0.0,680.0,684.0,1.0,52.1,33.0,Individual,5,High Risk,Manual Review
113913639,13250.0, 36 months,30.17,F,F3,4 years,MORTGAGE,64000.0,Source Verified,debt_consolidation,FL,34.36,0.0,695.0,699.0,0.0,72.8,21.0,Individual,5,High Risk,Manual Review
113071326,35000.0, 36 months,23.88,E,E2,< 1 year,MORTGAGE,75000.0,Verified,debt_consolidation,TX,39.98,2.0,665.0,669.0,1.0,59.4,48.0,Joint App,6,High Risk,Manual Review
113437046,25750.0, 60 months,26.3,E,E5,10+ years,RENT,56000.0,Source Verified,debt_consolidation,TX,32.23,0.0,770.0,774.0,1.0,19.1,30.0,Individual,5,High Risk,Manual Review
113569597,12775.0, 36 months,25.82,E,E4,10+ years,MORTGAGE,104000.0,Source Verified,debt_consolidation,NY,31.68,2.0,670.0,674.0,0.0,61.3,51.0,Individual,6,High Risk,Manual Review
113201382,40000.0, 36 months,22.91,E,E1,3 years,MORTGAGE,120000.0,Verified,debt_consolidation,TN,30.32,0.0,690.0,694.0,0.0,63.2,23.0,Individual,5,High Risk,Manual Review
113563079,36000.0, 36 months,23.88,E,E2,10+ years,MORTGAGE,110000.0,Verified,credit_card,KY,33.65,0.0,680.0,684.0,2.0,56.8,31.0,Individual,5,High Risk,Manual Review
113729664,16625.0, 60 months,26.3,E,E5,10+ years,MORTGAGE,75816.0,Verified,debt_consolidation,PA,34.63,12.0,680.0,684.0,1.0,61.0,39.0,Individual,6,High Risk,Manual Review
113760768,11600.0, 36 months,26.3,E,E5,4 years,MORTGAGE,57179.0,Verified,debt_consolidation,MN,30.25,0.0,690.0,694.0,0.0,82.3,30.0,Individual,6,High Risk,Manual Review
113719444,5000.0, 36 months,26.3,E,E5,6 years,RENT,65000.0,Verified,vacation,GA,32.68,0.0,660.0,664.0,3.0,36.5,19.0,Individual,5,High Risk,Manual Review
113862420,2500.0, 36 months,29.69,F,F2,10+ years,OWN,12217.0,Verified,medical,OK,30.75,0.0,715.0,719.0,1.0,71.2,10.0,Individual,5,High Risk,Manual Review
114161044,12000.0, 36 months,23.88,E,E2,10+ years,MORTGAGE,76000.0,Not Verified,debt_consolidation,MO,33.63,2.0,715.0,719.0,3.0,17.0,48.0,Individual,6,High Risk,Manual Review
113838857,12000.0, 60 months,24.85,E,E3,< 1 year,RENT,20000.0,Not Verified,debt_consolidation,NY,67.77,0.0,710.0,714.0,1.0,26.3,25.0,Joint App,5,High Risk,Manual Review
113831948,10000.0, 60 months,26.3,E,E5,6 years,MORTGAGE,50000.0,Source Verified,credit_card,MD,26.86,2.0,660.0,664.0,0.0,82.1,13.0,Individual,5,High Risk,Manual Review
113233288,24000.0, 36 months,26.3,E,E5,10+ years,OWN,70000.0,Source Verified,debt_consolidation,FL,31.05,0.0,660.0,664.0,0.0,68.0,44.0,Individual,5,High Risk,Manual Review
113408418,15000.0, 36 months,30.94,G,G4,5 years,RENT,66000.0,Verified,debt_consolidation,NV,30.78,0.0,670.0,674.0,0.0,56.6,42.0,Individual,5,High Risk,Manual Review
113689219,9425.0, 36 months,16.02,C,C5,10+ years,MORTGAGE,56888.0,Verified,debt_consolidation,NY,33.57,2.0,665.0,669.0,1.0,83.0,34.0,Individual,5,High Risk,Manual Review
114145454,12000.0, 60 months,30.75,F,F5,10+ years,OWN,70000.0,Source Verified,debt_consolidation,CO,32.33,2.0,700.0,704.0,0.0,70.5,12.0,Individual,6,High Risk,Manual Review
113557550,8000.0, 36 months,26.3,E,E5,9 years,MORTGAGE,55000.0,Verified,debt_consolidation,OH,35.96,4.0,675.0,679.0,0.0,53.7,20.0,Joint App,6,High Risk,Manual Review
113845678,19200.0, 60 months,26.3,E,E5,2 years,MORTGAGE,100000.0,Not Verified,home_improvement,MD,32.83,1.0,670.0,674.0,0.0,75.7,23.0,Individual,6,High Risk,Manual Review
112180316,13000.0, 60 months,26.3,E,E5,10+ years,MORTGAGE,55000.0,Not Verified,debt_consolidation,IN,32.01,0.0,665.0,669.0,0.0,78.8,22.0,Individual,5,High Risk,Manual Review
114139958,16075.0, 60 months,30.79,G,G1,8 years,RENT,53000.0,Verified,debt_consolidation,OH,34.76,0.0,670.0,674.0,0.0,59.6,29.0,Individual,5,High Risk,Manual Review
113837541,15000.0, 60 months,30.89,G,G3,,MORTGAGE,29640.0,Verified,debt_consolidation,CA,42.11,0.0,660.0,664.0,2.0,61.9,25.0,Joint App,5,High Risk,Manual Review
114138705,10000.0, 36 months,23.88,E,E2,8 years,MORTGAGE,36000.0,Not Verified,debt_consolidation,IL,31.9,1.0,660.0,664.0,0.0,47.7,28.0,Individual,6,High Risk,Manual Review
113673088,21375.0, 60 months,23.88,E,E2,10+ years,MORTGAGE,47500.0,Verified,debt_consolidation,IN,33.68,0.0,665.0,669.0,0.0,60.0,14.0,Individual,5,High Risk,Manual Review
112381186,17825.0, 60 months,30.99,G,G5,10+ years,RENT,40560.0,Verified,credit_card,CA,31.48,2.0,680.0,684.0,0.0,75.4,28.0,Individual,6,High Risk,Manual Review
113551878,12000.0, 60 months,30.65,F,F4,,RENT,21000.0,Not Verified,car,NY,77.09,2.0,665.0,669.0,0.0,21.1,13.0,Joint App,6,High Risk,Manual Review
113922317,7325.0, 36 months,22.91,E,E1,< 1 year,RENT,29120.0,Not Verified,debt_consolidation,TX,30.59,0.0,715.0,719.0,0.0,45.8,7.0,Individual,5,High Risk,Manual Review
113577724,13000.0, 60 months,20.0,D,D4,10+ years,MORTGAGE,28000.0,Not Verified,debt_consolidation,CO,60.05,3.0,665.0,669.0,1.0,85.7,16.0,Joint App,5,High Risk,Manual Review
113823591,15000.0, 36 months,24.85,E,E3,5 years,OWN,35000.0,Source Verified,debt_consolidation,NY,48.79,0.0,670.0,674.0,4.0,33.8,68.0,Joint App,5,High Risk,Manual Review
112962028,35000.0, 36 months,24.85,E,E3,5 years,RENT,84000.0,Verified,major_purchase,HI,33.13,1.0,710.0,714.0,0.0,57.9,20.0,Individual,6,High Risk,Manual Review
113206089,20000.0, 60 months,30.65,F,F4,6 years,MORTGAGE,80000.0,Source Verified,debt_consolidation,NY,5.55,1.0,665.0,669.0,1.0,90.0,22.0,Individual,5,High Risk,Manual Review
112759561,2550.0, 36 months,22.91,E,E1,10+ years,OWN,20000.0,Source Verified,medical,CA,34.75,0.0,805.0,809.0,0.0,4.9,11.0,Individual,5,High Risk,Manual Review
114122284,20000.0, 60 months,30.75,F,F5,5 years,RENT,80000.0,Verified,debt_consolidation,VA,33.36,0.0,675.0,679.0,0.0,66.0,19.0,Individual,5,High Risk,Manual Review
113826728,21000.0, 60 months,26.3,E,E5,< 1 year,MORTGAGE,65000.0,Verified,debt_consolidation,MD,32.32,0.0,670.0,674.0,1.0,94.9,23.0,Joint App,6,High Risk,Manual Review
113838966,24000.0, 60 months,30.17,F,F3,1 year,MORTGAGE,100000.0,Not Verified,debt_consolidation,ND,31.17,0.0,685.0,689.0,0.0,65.5,43.0,Joint App,5,High Risk,Manual Review
113836141,24000.0, 60 months,30.17,F,F3,10+ years,RENT,80000.0,Verified,debt_consolidation,CA,38.66,0.0,690.0,694.0,0.0,36.2,34.0,Joint App,5,High Risk,Manual Review
111986698,23825.0, 60 months,30.17,F,F3,10+ years,MORTGAGE,65000.0,Not Verified,debt_consolidation,MN,35.97,0.0,680.0,684.0,0.0,78.4,39.0,Joint App,5,High Risk,Manual Review
113177623,11800.0, 60 months,30.84,G,G2,3 years,MORTGAGE,120000.0,Source Verified,debt_consolidation,MD,30.27,0.0,670.0,674.0,2.0,80.1,52.0,Individual,6,High Risk,Manual Review
113417477,33600.0, 60 months,30.84,G,G2,10+ years,RENT,80000.0,Verified,debt_consolidation,OH,33.38,3.0,660.0,664.0,0.0,55.6,56.0,Individual,6,High Risk,Manual Review
113165973,20000.0, 36 months,23.88,E,E2,< 1 year,MORTGAGE,49000.0,Verified,debt_consolidation,CA,42.13,0.0,670.0,674.0,1.0,19.6,19.0,Joint App,5,High Risk,Manual Review
113842464,20400.0, 60 months,26.3,E,E5,2 years,RENT,51000.0,Source Verified,debt_consolidation,KS,30.99,0.0,695.0,699.0,1.0,60.0,41.0,Individual,5,High Risk,Manual Review
113549633,29775.0, 60 months,26.3,E,E5,1 year,MORTGAGE,132400.0,Source Verified,debt_consolidation,NY,34.09,0.0,700.0,704.0,0.0,62.8,25.0,Individual,5,High Risk,Manual Review
113809957,5250.0, 36 months,24.85,E,E3,2 years,OWN,25000.0,Not Verified,debt_consolidation,NY,31.88,0.0,680.0,684.0,0.0,93.0,15.0,Individual,6,High Risk,Manual Review
113468703,10000.0, 60 months,26.3,E,E5,5 years,MORTGAGE,69700.0,Verified,debt_consolidation,TX,32.71,1.0,660.0,664.0,0.0,47.7,19.0,Individual,6,High Risk,Manual Review
113880243,30000.0, 60 months,17.09,D,D1,2 years,MORTGAGE,90000.0,Verified,debt_consolidation,WA,33.81,1.0,660.0,664.0,0.0,89.5,29.0,Individual,5,High Risk,Manual Review
112735178,10400.0, 36 months,30.75,F,F5,6 years,MORTGAGE,35700.0,Source Verified,other,PA,32.76,0.0,660.0,664.0,3.0,54.6,29.0,Individual,5,High Risk,Manual Review
113493186,31675.0, 60 months,24.85,E,E3,< 1 year,MORTGAGE,35000.0,Verified,debt_consolidation,MO,31.52,0.0,730.0,734.0,0.0,65.0,17.0,Joint App,5,High Risk,Manual Review
113550194,24550.0, 60 months,30.79,G,G1,< 1 year,MORTGAGE,34000.0,Verified,debt_consolidation,IN,39.53,0.0,685.0,689.0,0.0,80.3,19.0,Joint App,6,High Risk,Manual Review
113739356,20800.0, 60 months,19.03,D,D3,10+ years,RENT,50000.0,Verified,debt_consolidation,CA,31.63,1.0,660.0,664.0,0.0,84.0,23.0,Individual,5,High Risk,Manual Review
113840802,20000.0, 36 months,26.3,E,E5,10+ years,RENT,52000.0,Verified,debt_consolidation,NY,33.94,0.0,675.0,679.0,0.0,49.2,33.0,Individual,5,High Risk,Manual Review
113557075,14000.0, 36 months,29.69,F,F2,4 years,MORTGAGE,62000.0,Source Verified,debt_consolidation,MA,25.47,1.0,660.0,664.0,0.0,80.4,32.0,Joint App,5,High Risk,Manual Review
113857553,10000.0, 60 months,25.82,E,E4,10+ years,OWN,82212.0,Verified,debt_consolidation,TX,32.33,0.0,680.0,684.0,1.0,79.0,26.0,Individual,5,High Risk,Manual Review
113031589,7400.0, 36 months,23.88,E,E2,,MORTGAGE,85000.0,Verified,other,NY,34.12,0.0,670.0,674.0,1.0,76.7,19.0,Individual,5,High Risk,Manual Review
113483639,40000.0, 60 months,26.3,E,E5,5 years,MORTGAGE,60000.0,Verified,credit_card,OH,87.41,0.0,670.0,674.0,0.0,82.3,36.0,Joint App,6,High Risk,Manual Review
113092246,11000.0, 60 months,30.17,F,F3,4 years,MORTGAGE,60000.0,Verified,debt_consolidation,FL,21.06,1.0,660.0,664.0,1.0,87.3,13.0,Individual,5,High Risk,Manual Review
113519816,21550.0, 36 months,23.88,E,E2,1 year,OWN,49000.0,Source Verified,debt_consolidation,OK,29.64,2.0,670.0,674.0,0.0,83.9,22.0,Individual,5,High Risk,Manual Review
113830167,30000.0, 60 months,30.65,F,F4,5 years,MORTGAGE,69000.0,Source Verified,debt_consolidation,AR,32.9,0.0,715.0,719.0,0.0,69.5,24.0,Individual,5,High Risk,Manual Review
113828567,37000.0, 60 months,15.05,C,C4,,MORTGAGE,120000.0,Verified,credit_card,IL,30.44,1.0,685.0,689.0,0.0,82.1,45.0,Individual,5,High Risk,Manual Review
113276412,35000.0, 60 months,16.02,C,C5,,MORTGAGE,20000.0,Source Verified,home_improvement,MO,118.01,3.0,670.0,674.0,0.0,89.0,20.0,Joint App,5,High Risk,Manual Review
112062157,10000.0, 36 months,25.82,E,E4,10+ years,OWN,70000.0,Not Verified,home_improvement,NH,33.93,2.0,660.0,664.0,3.0,76.6,27.0,Individual,6,High Risk,Manual Review
113848888,35000.0, 60 months,30.89,G,G3,4 years,MORTGAGE,130000.0,Source Verified,debt_consolidation,TX,19.25,1.0,660.0,664.0,1.0,93.9,74.0,Individual,5,High Risk,Manual Review
113649197,20000.0, 36 months,23.88,E,E2,10+ years,MORTGAGE,69000.0,Source Verified,debt_consolidation,MD,25.13,1.0,675.0,679.0,1.0,94.1,17.0,Individual,5,High Risk,Manual Review
113810872,15850.0, 36 months,23.88,E,E2,8 years,MORTGAGE,60000.0,Verified,debt_consolidation,IL,31.08,0.0,690.0,694.0,1.0,56.8,16.0,Individual,5,High Risk,Manual Review
113516246,24000.0, 60 months,26.3,E,E5,< 1 year,MORTGAGE,15000.0,Verified,debt_consolidation,WA,72.24,1.0,680.0,684.0,1.0,76.2,22.0,Joint App,6,High Risk,Manual Review
112780434,5000.0, 36 months,26.3,E,E5,4 years,RENT,17000.0,Source Verified,debt_consolidation,GA,33.47,0.0,670.0,674.0,1.0,46.4,20.0,Individual,5,High Risk,Manual Review
113205478,35000.0, 60 months,30.65,F,F4,1 year,RENT,110000.0,Source Verified,credit_card,TX,25.78,1.0,700.0,704.0,0.0,87.2,28.0,Individual,5,High Risk,Manual Review
113534409,35000.0, 36 months,23.88,E,E2,< 1 year,MORTGAGE,55000.0,Verified,debt_consolidation,MD,53.92,0.0,675.0,679.0,0.0,78.0,32.0,Joint App,5,High Risk,Manual Review
113075138,19600.0, 36 months,25.82,E,E4,4 years,MORTGAGE,100000.0,Verified,credit_card,FL,31.51,0.0,685.0,689.0,3.0,43.6,22.0,Individual,5,High Risk,Manual Review
113547418,21550.0, 36 months,24.85,E,E3,< 1 year,MORTGAGE,92000.0,Verified,debt_consolidation,MD,33.97,0.0,680.0,684.0,0.0,70.6,42.0,Individual,5,High Risk,Manual Review
113090901,40000.0, 60 months,15.05,C,C4,< 1 year,MORTGAGE,55000.0,Verified,credit_card,MN,42.13,1.0,715.0,719.0,0.0,83.2,19.0,Joint App,5,High Risk,Manual Review
111867113,21000.0, 60 months,30.65,F,F4,8 years,MORTGAGE,45000.0,Source Verified,debt_consolidation,TX,54.88,0.0,700.0,704.0,0.0,73.9,19.0,Joint App,5,High Risk,Manual Review
113759947,35000.0, 60 months,22.91,E,E1,10+ years,MORTGAGE,170000.0,Source Verified,debt_consolidation,LA,14.8,1.0,660.0,664.0,0.0,91.0,21.0,Individual,5,High Risk,Manual Review
113132216,13425.0, 36 months,23.88,E,E2,10+ years,RENT,32000.0,Source Verified,credit_card,CT,30.61,0.0,680.0,684.0,1.0,52.3,18.0,Individual,5,High Risk,Manual Review
113535520,25000.0, 60 months,25.82,E,E4,4 years,MORTGAGE,60000.0,Verified,major_purchase,WY,53.82,1.0,750.0,754.0,0.0,20.1,54.0,Joint App,6,High Risk,Manual Review
113863137,6725.0, 36 months,23.88,E,E2,6 years,RENT,20000.0,Not Verified,credit_card,UT,30.37,0.0,710.0,714.0,0.0,63.8,10.0,Individual,5,High Risk,Manual Review
113387950,12000.0, 36 months,23.88,E,E2,3 years,MORTGAGE,34000.0,Verified,credit_card,GA,30.99,1.0,670.0,674.0,1.0,28.0,38.0,Individual,6,High Risk,Manual Review
113669530,14000.0, 36 months,26.3,E,E5,2 years,RENT,45000.0,Source Verified,credit_card,SC,32.72,0.0,680.0,684.0,2.0,71.1,36.0,Individual,5,High Risk,Manual Review
113689690,30000.0, 36 months,24.85,E,E3,3 years,RENT,90000.0,Source Verified,credit_card,TX,30.21,0.0,680.0,684.0,0.0,34.9,43.0,Individual,5,High Risk,Manual Review
113127811,28825.0, 36 months,23.88,E,E2,3 years,MORTGAGE,75000.0,Source Verified,debt_consolidation,OR,33.73,0.0,685.0,689.0,0.0,92.1,24.0,Joint App,6,High Risk,Manual Review
113544568,4800.0, 36 months,29.69,F,F2,4 years,RENT,36000.0,Verified,other,AR,31.7,0.0,690.0,694.0,1.0,99.0,29.0,Individual,6,High Risk,Manual Review
113710494,8825.0, 36 months,23.88,E,E2,10+ years,RENT,26000.0,Verified,debt_consolidation,FL,32.23,0.0,665.0,669.0,0.0,72.6,24.0,Individual,5,High Risk,Manual Review
113548580,15000.0, 36 months,15.05,C,C4,5 years,OWN,40000.0,Verified,debt_consolidation,OK,47.4,1.0,660.0,664.0,0.0,89.3,23.0,Joint App,5,High Risk,Manual Review
113064601,4675.0, 36 months,25.82,E,E4,,RENT,14663.0,Verified,debt_consolidation,VT,33.17,0.0,670.0,674.0,1.0,71.8,22.0,Individual,5,High Risk,Manual Review
113750368,10000.0, 60 months,30.89,G,G3,10+ years,MORTGAGE,37900.0,Source Verified,other,TX,33.63,1.0,715.0,719.0,3.0,21.2,25.0,Individual,6,High Risk,Manual Review
113157797,30525.0, 60 months,30.94,G,G4,10+ years,RENT,40000.0,Verified,debt_consolidation,OR,43.44,0.0,675.0,679.0,0.0,15.5,23.0,Joint App,5,High Risk,Manual Review
113689113,25000.0, 36 months,19.03,D,D3,1 year,RENT,60000.0,Not Verified,credit_card,NY,31.48,1.0,685.0,689.0,0.0,82.0,38.0,Individual,5,High Risk,Manual Review
113549375,8000.0, 36 months,16.02,C,C5,8 years,MORTGAGE,55000.0,Verified,credit_card,PA,32.73,1.0,670.0,674.0,1.0,103.5,35.0,Individual,5,High Risk,Manual Review
113491970,31150.0, 60 months,30.89,G,G3,10+ years,MORTGAGE,28311.45,Verified,debt_consolidation,VA,38.62,0.0,685.0,689.0,0.0,82.2,25.0,Joint App,6,High Risk,Manual Review
113810186,35000.0, 36 months,30.99,G,G5,10+ years,MORTGAGE,96000.0,Verified,debt_consolidation,MS,30.72,0.0,670.0,674.0,1.0,95.6,14.0,Individual,6,High Risk,Manual Review
113670803,1200.0, 36 months,26.3,E,E5,3 years,RENT,55000.0,Verified,moving,MT,30.02,0.0,680.0,684.0,0.0,88.7,32.0,Individual,6,High Risk,Manual Review
113550770,2400.0, 36 months,23.88,E,E2,10+ years,MORTGAGE,90000.0,Verified,other,TX,30.22,7.0,675.0,679.0,1.0,77.6,52.0,Individual,6,High Risk,Manual Review
113821571,25850.0, 36 months,30.65,F,F4,9 years,MORTGAGE,85000.0,Source Verified,debt_consolidation,AZ,32.95,0.0,690.0,694.0,1.0,57.4,30.0,Individual,5,High Risk,Manual Review
112706832,17250.0, 36 months,24.85,E,E3,10+ years,MORTGAGE,65000.0,Verified,credit_card,CA,32.96,0.0,710.0,714.0,0.0,43.0,37.0,Individual,5,High Risk,Manual Review
113587157,35000.0, 60 months,20.0,D,D4,5 years,RENT,72000.0,Not Verified,debt_consolidation,HI,32.48,1.0,660.0,664.0,0.0,89.3,22.0,Joint App,5,High Risk,Manual Review
113488115,30000.0, 60 months,30.94,G,G4,10+ years,RENT,60000.0,Source Verified,small_business,NY,33.1,0.0,730.0,734.0,1.0,35.1,21.0,Individual,5,High Risk,Manual Review
113349537,10000.0, 36 months,30.75,F,F5,10+ years,RENT,54590.0,Verified,debt_consolidation,NY,31.35,0.0,680.0,684.0,0.0,53.2,64.0,Individual,5,High Risk,Manual Review
113542964,9025.0, 36 months,22.91,E,E1,8 years,OWN,36500.0,Verified,debt_consolidation,OH,33.9,0.0,695.0,699.0,1.0,52.0,30.0,Individual,5,High Risk,Manual Review
113093600,25000.0, 60 months,26.3,E,E5,4 years,OWN,75000.0,Not Verified,credit_card,GA,31.47,0.0,675.0,679.0,1.0,82.1,36.0,Individual,6,High Risk,Manual Review
113491414,10400.0, 60 months,30.84,G,G2,3 years,RENT,54000.0,Not Verified,debt_consolidation,WA,32.19,0.0,660.0,664.0,0.0,43.4,37.0,Individual,5,High Risk,Manual Review
113544034,12000.0, 36 months,30.79,G,G1,3 years,RENT,50000.0,Verified,small_business,MA,11.47,1.0,665.0,669.0,0.0,81.1,11.0,Individual,5,High Risk,Manual Review
113821138,28050.0, 36 months,24.85,E,E3,10+ years,RENT,138000.0,Source Verified,credit_card,CA,30.9,0.0,685.0,689.0,0.0,85.8,33.0,Individual,6,High Risk,Manual Review
113192566,40000.0, 60 months,26.3,E,E5,,MORTGAGE,9600.0,Verified,debt_consolidation,VA,173.5,0.0,680.0,684.0,1.0,78.3,17.0,Joint App,5,High Risk,Manual Review
113809914,10000.0, 60 months,30.75,F,F5,8 years,MORTGAGE,65000.0,Source Verified,major_purchase,MD,30.5,0.0,685.0,689.0,0.0,60.2,20.0,Individual,5,High Risk,Manual Review
113577435,7200.0, 36 months,26.3,E,E5,9 years,RENT,28000.0,Verified,credit_card,CA,33.0,0.0,680.0,684.0,1.0,88.4,13.0,Individual,6,High Risk,Manual Review
112907763,30000.0, 36 months,24.85,E,E3,10+ years,MORTGAGE,65000.0,Verified,debt_consolidation,NH,30.65,0.0,685.0,689.0,0.0,50.5,33.0,Individual,5,High Risk,Manual Review
113551918,20350.0, 60 months,30.75,F,F5,2 years,MORTGAGE,95000.0,Not Verified,credit_card,OH,33.28,0.0,680.0,684.0,1.0,79.8,32.0,Individual,5,High Risk,Manual Review
113165661,18000.0, 60 months,30.89,G,G3,,RENT,21384.0,Verified,debt_consolidation,AZ,48.99,0.0,680.0,684.0,0.0,80.2,8.0,Joint App,6,High Risk,Manual Review
113541718,8000.0, 36 months,23.88,E,E2,6 years,MORTGAGE,95000.0,Verified,credit_card,NJ,30.52,0.0,660.0,664.0,2.0,72.9,29.0,Individual,5,High Risk,Manual Review
111610094,24600.0, 36 months,24.85,E,E3,,MORTGAGE,70000.0,Verified,other,GA,29.98,1.0,680.0,684.0,1.0,89.6,20.0,Individual,5,High Risk,Manual Review
113425300,12600.0, 36 months,22.91,E,E1,10+ years,RENT,42500.0,Verified,debt_consolidation,NV,30.81,0.0,665.0,669.0,2.0,74.0,12.0,Individual,5,High Risk,Manual Review
113206170,13200.0, 36 months,29.69,F,F2,10+ years,MORTGAGE,33000.0,Source Verified,other,FL,30.73,0.0,695.0,699.0,1.0,63.3,22.0,Individual,5,High Risk,Manual Review
113026829,32000.0, 36 months,29.69,F,F2,2 years,MORTGAGE,20000.0,Not Verified,small_business,CA,54.32,0.0,680.0,684.0,0.0,47.0,9.0,Joint App,5,High Risk,Manual Review
111776236,17000.0, 60 months,25.82,E,E4,10+ years,RENT,50000.0,Not Verified,credit_card,NY,30.44,0.0,680.0,684.0,0.0,49.7,18.0,Individual,5,High Risk,Manual Review
113518961,20000.0, 60 months,23.88,E,E2,8 years,MORTGAGE,45000.0,Verified,debt_consolidation,MN,56.35,0.0,710.0,714.0,0.0,91.1,22.0,Joint App,6,High Risk,Manual Review
113502526,30000.0, 60 months,30.99,G,G5,2 years,OWN,63000.0,Verified,credit_card,FL,31.22,1.0,670.0,674.0,1.0,71.7,16.0,Individual,6,High Risk,Manual Review
113123440,4200.0, 36 months,18.06,D,D2,10+ years,MORTGAGE,68000.0,Verified,home_improvement,NC,35.81,1.0,660.0,664.0,3.0,81.0,31.0,Joint App,5,High Risk,Manual Review
112729995,19000.0, 60 months,26.3,E,E5,3 years,MORTGAGE,40000.0,Source Verified,debt_consolidation,NC,37.29,0.0,670.0,674.0,1.0,79.5,18.0,Joint App,5,High Risk,Manual Review
113295207,6100.0, 36 months,26.3,E,E5,4 years,RENT,40000.0,Verified,debt_consolidation,CA,33.84,0.0,670.0,674.0,1.0,52.1,8.0,Individual,5,High Risk,Manual Review
113078882,20000.0, 60 months,30.99,G,G5,4 years,MORTGAGE,57000.0,Source Verified,home_improvement,CO,34.48,0.0,700.0,704.0,2.0,21.8,20.0,Individual,5,High Risk,Manual Review
112931068,23000.0, 36 months,26.3,E,E5,10+ years,RENT,50000.0,Source Verified,credit_card,CA,30.15,0.0,675.0,679.0,0.0,94.8,19.0,Individual,6,High Risk,Manual Review
113821888,18000.0, 60 months,26.3,E,E5,1 year,MORTGAGE,60000.0,Not Verified,debt_consolidation,AL,34.76,0.0,685.0,689.0,0.0,90.5,26.0,Individual,6,High Risk,Manual Review
113821608,14400.0, 36 months,26.3,E,E5,1 year,RENT,32000.0,Source Verified,debt_consolidation,TX,33.01,0.0,690.0,694.0,2.0,46.0,10.0,Individual,5,High Risk,Manual Review
112119905,18000.0, 36 months,21.45,D,D5,6 years,MORTGAGE,56368.0,Source Verified,debt_consolidation,CO,35.66,1.0,660.0,664.0,2.0,82.2,52.0,Joint App,5,High Risk,Manual Review
112970314,36000.0, 60 months,30.79,G,G1,10+ years,RENT,106000.0,Source Verified,debt_consolidation,NY,33.22,0.0,705.0,709.0,0.0,52.1,77.0,Individual,5,High Risk,Manual Review
112732583,16725.0, 60 months,30.94,G,G4,9 years,MORTGAGE,97000.0,Verified,debt_consolidation,NH,33.21,0.0,715.0,719.0,0.0,54.4,25.0,Individual,5,High Risk,Manual Review
113528947,35000.0, 60 months,30.94,G,G4,10+ years,MORTGAGE,85000.0,Not Verified,debt_consolidation,TX,37.2,1.0,660.0,664.0,1.0,44.6,48.0,Joint App,6,High Risk,Manual Review
113285799,8625.0, 36 months,24.85,E,E3,10+ years,OWN,24000.0,Source Verified,debt_consolidation,CA,32.15,0.0,675.0,679.0,1.0,50.8,29.0,Individual,5,High Risk,Manual Review
113523432,14000.0, 60 months,30.89,G,G3,,MORTGAGE,40000.0,Verified,debt_consolidation,IN,30.27,1.0,665.0,669.0,1.0,8.7,55.0,Individual,6,High Risk,Manual Review
113278009,12000.0, 60 months,30.99,G,G5,3 years,MORTGAGE,45000.0,Not Verified,debt_consolidation,LA,31.49,0.0,660.0,664.0,0.0,71.6,20.0,Individual,5,High Risk,Manual Review
113203082,14000.0, 60 months,30.75,F,F5,< 1 year,MORTGAGE,32000.0,Source Verified,debt_consolidation,UT,30.83,0.0,660.0,664.0,0.0,69.3,18.0,Joint App,5,High Risk,Manual Review
112753153,16075.0, 60 months,30.99,G,G5,3 years,MORTGAGE,64000.0,Source Verified,debt_consolidation,CA,30.71,0.0,680.0,684.0,0.0,79.8,23.0,Individual,5,High Risk,Manual Review
112379230,20000.0, 60 months,23.88,E,E2,10+ years,MORTGAGE,59895.0,Verified,debt_consolidation,WI,13.48,1.0,665.0,669.0,2.0,88.0,18.0,Individual,5,High Risk,Manual Review
113436076,18450.0, 36 months,24.85,E,E3,2 years,MORTGAGE,50000.0,Verified,debt_consolidation,NV,33.15,0.0,685.0,689.0,0.0,64.0,50.0,Individual,5,High Risk,Manual Review
113503907,10000.0, 60 months,26.3,E,E5,10+ years,RENT,64000.0,Source Verified,other,NY,34.13,0.0,710.0,714.0,1.0,28.1,32.0,Individual,5,High Risk,Manual Review
113377838,28000.0, 60 months,24.85,E,E3,7 years,MORTGAGE,111000.0,Not Verified,debt_consolidation,AZ,23.99,4.0,685.0,689.0,0.0,86.0,24.0,Individual,5,High Risk,Manual Review
113489246,15000.0, 60 months,30.75,F,F5,< 1 year,MORTGAGE,50000.0,Not Verified,home_improvement,NC,39.29,0.0,675.0,679.0,2.0,57.4,21.0,Joint App,5,High Risk,Manual Review
113193895,15000.0, 36 months,23.88,E,E2,10+ years,RENT,42000.0,Verified,debt_consolidation,CA,34.4,0.0,675.0,679.0,0.0,72.6,21.0,Individual,5,High Risk,Manual Review
112851618,20000.0, 36 months,24.85,E,E3,4 years,MORTGAGE,52000.0,Verified,debt_consolidation,CO,30.37,0.0,685.0,689.0,0.0,72.0,18.0,Individual,5,High Risk,Manual Review
112837592,35000.0, 36 months,17.09,D,D1,4 years,RENT,100000.0,Verified,debt_consolidation,NC,32.83,2.0,665.0,669.0,2.0,81.0,27.0,Individual,5,High Risk,Manual Review
113237227,30000.0, 60 months,23.88,E,E2,10+ years,RENT,86000.0,Verified,credit_card,TX,33.32,0.0,690.0,694.0,0.0,82.0,40.0,Individual,6,High Risk,Manual Review
113416079,20000.0, 60 months,26.3,E,E5,,MORTGAGE,58000.0,Verified,debt_consolidation,OH,33.27,3.0,675.0,679.0,0.0,93.8,18.0,Individual,7,High Risk,Manual Review
112830513,32300.0, 36 months,30.89,G,G3,,MORTGAGE,65000.0,Verified,debt_consolidation,NM,37.92,1.0,670.0,674.0,0.0,11.3,45.0,Joint App,6,High Risk,Manual Review
113486521,36000.0, 60 months,25.82,E,E4,10+ years,RENT,104000.0,Verified,moving,CO,38.5,0.0,705.0,709.0,0.0,83.0,25.0,Joint App,6,High Risk,Manual Review
113511893,25000.0, 60 months,30.75,F,F5,6 years,MORTGAGE,74339.0,Verified,debt_consolidation,OH,23.86,3.0,680.0,684.0,1.0,83.2,48.0,Individual,5,High Risk,Manual Review
113511002,5000.0, 36 months,30.75,F,F5,< 1 year,RENT,27300.0,Verified,other,NY,34.11,3.0,670.0,674.0,3.0,19.2,23.0,Individual,6,High Risk,Manual Review
113160285,12200.0, 60 months,30.17,F,F3,,MORTGAGE,70000.0,Verified,debt_consolidation,CA,23.73,1.0,660.0,664.0,1.0,82.3,22.0,Individual,5,High Risk,Manual Review
113495401,4200.0, 36 months,26.3,E,E5,< 1 year,OWN,48000.0,Source Verified,moving,MS,30.05,1.0,720.0,724.0,0.0,26.6,9.0,Joint App,6,High Risk,Manual Review
113316177,12600.0, 36 months,24.85,E,E3,10+ years,RENT,35000.0,Verified,debt_consolidation,AL,30.14,11.0,660.0,664.0,0.0,72.1,27.0,Individual,6,High Risk,Manual Review
113193001,15000.0, 60 months,30.65,F,F4,10+ years,MORTGAGE,76700.0,Verified,debt_consolidation,VA,30.31,0.0,690.0,694.0,1.0,62.9,39.0,Individual,5,High Risk,Manual Review
113484067,14000.0, 36 months,15.05,C,C4,4 years,OWN,34000.0,Verified,debt_consolidation,CA,30.89,1.0,660.0,664.0,0.0,86.5,22.0,Individual,5,High Risk,Manual Review
113093781,4800.0, 36 months,26.3,E,E5,10+ years,MORTGAGE,28000.0,Verified,medical,AL,30.69,0.0,680.0,684.0,2.0,33.3,13.0,Individual,5,High Risk,Manual Review
112769312,11700.0, 36 months,16.02,C,C5,2 years,OWN,45000.0,Verified,debt_consolidation,MI,32.56,1.0,660.0,664.0,0.0,88.8,20.0,Individual,5,High Risk,Manual Review
112912082,32675.0, 36 months,24.85,E,E3,10+ years,OWN,95000.0,Not Verified,debt_consolidation,FL,32.88,0.0,685.0,689.0,0.0,45.1,30.0,Individual,5,High Risk,Manual Review
112990581,10000.0, 36 months,22.91,E,E1,10+ years,RENT,42000.0,Verified,debt_consolidation,NJ,32.03,0.0,695.0,699.0,0.0,92.3,7.0,Individual,6,High Risk,Manual Review
113167244,20000.0, 36 months,22.91,E,E1,2 years,RENT,36000.0,Source Verified,debt_consolidation,SD,32.1,0.0,705.0,709.0,1.0,46.5,9.0,Individual,5,High Risk,Manual Review
113234645,35000.0, 60 months,30.99,G,G5,10+ years,MORTGAGE,89000.0,Source Verified,credit_card,GA,34.53,0.0,685.0,689.0,0.0,59.0,48.0,Individual,5,High Risk,Manual Review
113541537,4000.0, 36 months,26.3,E,E5,4 years,RENT,25000.0,Source Verified,debt_consolidation,IL,30.92,0.0,660.0,664.0,1.0,51.2,8.0,Individual,5,High Risk,Manual Review
113161666,6000.0, 36 months,30.99,G,G5,,RENT,39000.0,Verified,other,FL,32.65,0.0,675.0,679.0,1.0,61.9,15.0,Individual,5,High Risk,Manual Review
113229325,14400.0, 60 months,26.3,E,E5,10+ years,MORTGAGE,60000.0,Verified,debt_consolidation,NC,30.72,2.0,675.0,679.0,0.0,49.8,38.0,Individual,6,High Risk,Manual Review
113486267,13175.0, 60 months,30.17,F,F3,5 years,MORTGAGE,61900.0,Not Verified,debt_consolidation,WI,35.34,1.0,680.0,684.0,1.0,66.9,46.0,Joint App,6,High Risk,Manual Review
112839517,6000.0, 36 months,24.85,E,E3,10+ years,RENT,62000.0,Verified,vacation,TX,31.09,0.0,680.0,684.0,1.0,73.3,29.0,Individual,5,High Risk,Manual Review
113195703,5500.0, 36 months,24.85,E,E3,10+ years,RENT,35500.0,Source Verified,debt_consolidation,GA,34.21,0.0,680.0,684.0,1.0,32.7,54.0,Individual,5,High Risk,Manual Review
113487906,35000.0, 36 months,25.82,E,E4,< 1 year,MORTGAGE,49940.0,Verified,debt_consolidation,VT,36.82,0.0,710.0,714.0,1.0,55.2,23.0,Joint App,5,High Risk,Manual Review
113490532,30000.0, 60 months,24.85,E,E3,,MORTGAGE,55764.6,Verified,debt_consolidation,MD,40.84,0.0,695.0,699.0,0.0,35.5,33.0,Joint App,5,High Risk,Manual Review
110450998,29475.0, 60 months,30.99,G,G5,10+ years,MORTGAGE,70182.0,Not Verified,debt_consolidation,FL,33.81,0.0,675.0,679.0,0.0,80.4,42.0,Individual,6,High Risk,Manual Review
113127545,8000.0, 36 months,24.85,E,E3,10+ years,MORTGAGE,80000.0,Verified,other,NC,9.69,1.0,665.0,669.0,2.0,93.4,31.0,Joint App,5,High Risk,Manual Review
113509249,3600.0, 36 months,22.91,E,E1,10+ years,RENT,84400.0,Verified,major_purchase,OH,30.41,0.0,710.0,714.0,1.0,28.5,43.0,Individual,5,High Risk,Manual Review
113425191,12275.0, 60 months,30.99,G,G5,< 1 year,MORTGAGE,56000.0,Verified,home_improvement,OR,46.99,0.0,690.0,694.0,0.0,63.5,25.0,Joint App,5,High Risk,Manual Review
113484103,4300.0, 36 months,24.85,E,E3,3 years,RENT,22000.0,Source Verified,debt_consolidation,FL,30.61,2.0,680.0,684.0,0.0,46.1,7.0,Individual,6,High Risk,Manual Review
113145178,4075.0, 36 months,16.02,C,C5,5 years,MORTGAGE,28000.0,Source Verified,home_improvement,AZ,32.96,5.0,670.0,674.0,0.0,92.1,20.0,Individual,5,High Risk,Manual Review
112915134,6950.0, 36 months,23.88,E,E2,3 years,RENT,40000.0,Verified,debt_consolidation,NJ,31.97,0.0,690.0,694.0,1.0,28.1,16.0,Individual,5,High Risk,Manual Review
113162380,32000.0, 60 months,24.85,E,E3,7 years,MORTGAGE,57000.0,Verified,debt_consolidation,OH,30.88,0.0,700.0,704.0,0.0,47.4,17.0,Joint App,5,High Risk,Manual Review
112899912,25000.0, 60 months,18.06,D,D2,10+ years,MORTGAGE,100000.0,Verified,debt_consolidation,CO,30.64,2.0,660.0,664.0,0.0,82.0,33.0,Individual,5,High Risk,Manual Review
113126341,28000.0, 36 months,18.06,D,D2,9 years,RENT,55350.0,Verified,debt_consolidation,NY,42.25,1.0,680.0,684.0,0.0,85.6,47.0,Joint App,5,High Risk,Manual Review
113088772,21550.0, 36 months,25.82,E,E4,10+ years,RENT,23267.0,Verified,debt_consolidation,OH,53.04,0.0,685.0,689.0,0.0,69.3,21.0,Joint App,5,High Risk,Manual Review
113088842,18000.0, 60 months,26.3,E,E5,< 1 year,RENT,53000.0,Verified,credit_card,MS,36.44,0.0,665.0,669.0,0.0,77.5,23.0,Joint App,5,High Risk,Manual Review
113039696,25050.0, 60 months,30.99,G,G5,9 years,MORTGAGE,32000.0,Verified,debt_consolidation,TN,54.98,1.0,670.0,674.0,1.0,66.0,29.0,Joint App,6,High Risk,Manual Review
113125742,16000.0, 60 months,26.3,E,E5,7 years,RENT,47000.0,Verified,debt_consolidation,NV,63.3,0.0,670.0,674.0,0.0,92.5,13.0,Joint App,6,High Risk,Manual Review
112116369,14975.0, 60 months,30.17,F,F3,5 years,MORTGAGE,41600.0,Verified,debt_consolidation,WY,38.78,0.0,710.0,714.0,0.0,61.2,18.0,Joint App,5,High Risk,Manual Review
113145970,30575.0, 60 months,30.99,G,G5,10+ years,MORTGAGE,98000.0,Source Verified,credit_card,MS,33.99,0.0,695.0,699.0,1.0,46.0,45.0,Individual,5,High Risk,Manual Review
112369268,10000.0, 60 months,30.17,F,F3,3 years,RENT,26000.0,Source Verified,other,FL,30.61,1.0,665.0,669.0,1.0,72.7,17.0,Individual,6,High Risk,Manual Review
113286289,1200.0, 36 months,24.85,E,E3,10+ years,MORTGAGE,33000.0,Source Verified,home_improvement,MS,31.99,0.0,660.0,664.0,4.0,32.1,23.0,Individual,5,High Risk,Manual Review
113519078,14525.0, 60 months,26.3,E,E5,10+ years,MORTGAGE,85000.0,Not Verified,debt_consolidation,MD,31.44,0.0,705.0,709.0,0.0,86.0,36.0,Individual,6,High Risk,Manual Review
113395268,37000.0, 60 months,30.99,G,G5,2 years,RENT,99125.0,Source Verified,debt_consolidation,NY,30.94,2.0,690.0,694.0,0.0,75.4,25.0,Individual,6,High Risk,Manual Review
111420996,39725.0, 36 months,23.88,E,E2,10+ years,MORTGAGE,120000.0,Verified,debt_consolidation,TX,31.39,0.0,715.0,719.0,1.0,56.5,35.0,Individual,5,High Risk,Manual Review
113356181,4000.0, 36 months,23.88,E,E2,4 years,RENT,24000.0,Not Verified,debt_consolidation,VA,33.4,0.0,660.0,664.0,0.0,55.7,9.0,Individual,5,High Risk,Manual Review
113315850,15000.0, 36 months,29.69,F,F2,10+ years,MORTGAGE,45000.0,Source Verified,home_improvement,FL,31.16,0.0,665.0,669.0,3.0,38.3,50.0,Individual,5,High Risk,Manual Review
113456255,11450.0, 60 months,30.89,G,G3,10+ years,OWN,65000.0,Source Verified,credit_card,KY,34.93,0.0,665.0,669.0,0.0,97.7,19.0,Individual,6,High Risk,Manual Review
110772446,14100.0, 60 months,30.94,G,G4,,MORTGAGE,65000.0,Not Verified,home_improvement,MD,32.85,0.0,680.0,684.0,1.0,14.1,51.0,Individual,5,High Risk,Manual Review
113496601,3950.0, 36 months,24.85,E,E3,10+ years,MORTGAGE,75000.0,Source Verified,other,TX,34.91,0.0,665.0,669.0,0.0,64.9,18.0,Individual,5,High Risk,Manual Review
113508123,24000.0, 60 months,30.79,G,G1,10+ years,MORTGAGE,110000.0,Verified,debt_consolidation,TX,32.5,0.0,670.0,674.0,0.0,66.2,33.0,Individual,5,High Risk,Manual Review
113082406,6400.0, 36 months,24.85,E,E3,1 year,RENT,45000.0,Source Verified,debt_consolidation,TX,30.73,0.0,665.0,669.0,1.0,63.0,28.0,Individual,5,High Risk,Manual Review
113233344,1000.0, 36 months,23.88,E,E2,< 1 year,MORTGAGE,29000.0,Not Verified,other,CA,24.17,1.0,660.0,664.0,0.0,81.6,5.0,Individual,5,High Risk,Manual Review
113285786,18050.0, 60 months,30.94,G,G4,< 1 year,MORTGAGE,43000.0,Source Verified,debt_consolidation,OH,30.59,0.0,705.0,709.0,0.0,62.6,23.0,Individual,5,High Risk,Manual Review
113093697,9125.0, 36 months,30.75,F,F5,< 1 year,MORTGAGE,47000.0,Verified,credit_card,FL,41.88,0.0,680.0,684.0,0.0,49.4,18.0,Joint App,5,High Risk,Manual Review
113090084,20000.0, 60 months,30.75,F,F5,< 1 year,RENT,55000.0,Verified,debt_consolidation,CO,30.53,0.0,665.0,669.0,1.0,53.7,13.0,Individual,5,High Risk,Manual Review
113132591,10075.0, 60 months,26.3,E,E5,3 years,RENT,33000.0,Source Verified,debt_consolidation,NY,30.44,2.0,700.0,704.0,0.0,22.2,34.0,Individual,6,High Risk,Manual Review
113160196,20000.0, 60 months,24.85,E,E3,4 years,MORTGAGE,80000.0,Verified,home_improvement,IN,18.51,1.0,690.0,694.0,0.0,81.4,21.0,Individual,5,High Risk,Manual Review
113483117,30000.0, 60 months,30.75,F,F5,10+ years,MORTGAGE,98000.0,Verified,debt_consolidation,MS,33.51,0.0,660.0,664.0,0.0,86.0,36.0,Individual,6,High Risk,Manual Review
113066676,14400.0, 60 months,26.3,E,E5,5 years,RENT,65000.0,Source Verified,debt_consolidation,NJ,30.49,0.0,665.0,669.0,0.0,62.7,29.0,Individual,5,High Risk,Manual Review
113050017,8000.0, 36 months,30.17,F,F3,10+ years,RENT,57000.0,Verified,debt_consolidation,NV,32.66,0.0,680.0,684.0,1.0,54.2,25.0,Individual,5,High Risk,Manual Review
113163152,16875.0, 60 months,30.17,F,F3,10+ years,MORTGAGE,79700.0,Verified,credit_card,VA,34.62,0.0,680.0,684.0,0.0,43.9,34.0,Individual,5,High Risk,Manual Review
112998683,25000.0, 36 months,26.3,E,E5,2 years,RENT,62000.0,Verified,debt_consolidation,MD,34.01,0.0,665.0,669.0,0.0,76.3,14.0,Individual,5,High Risk,Manual Review
113043604,10000.0, 36 months,24.85,E,E3,,MORTGAGE,41000.0,Verified,credit_card,TX,32.32,0.0,660.0,664.0,1.0,69.6,23.0,Individual,5,High Risk,Manual Review
113182406,2500.0, 36 months,25.82,E,E4,5 years,MORTGAGE,56500.0,Source Verified,medical,CT,32.12,0.0,695.0,699.0,1.0,90.8,24.0,Individual,6,High Risk,Manual Review
113001236,35000.0, 60 months,30.75,F,F5,3 years,MORTGAGE,186000.0,Verified,debt_consolidation,WI,20.94,1.0,670.0,674.0,0.0,81.6,26.0,Individual,5,High Risk,Manual Review
113041620,35000.0, 60 months,30.94,G,G4,9 years,MORTGAGE,60000.0,Verified,debt_consolidation,AL,31.62,0.0,665.0,669.0,1.0,88.9,24.0,Joint App,6,High Risk,Manual Review
112586986,19875.0, 60 months,23.88,E,E2,10+ years,MORTGAGE,51000.0,Verified,credit_card,OR,31.25,0.0,675.0,679.0,0.0,64.0,16.0,Individual,5,High Risk,Manual Review
113265801,25700.0, 60 months,24.85,E,E3,10+ years,RENT,111000.0,Not Verified,debt_consolidation,OK,30.8,0.0,680.0,684.0,1.0,25.5,47.0,Individual,5,High Risk,Manual Review
108512393,20000.0, 60 months,26.3,E,E5,10+ years,MORTGAGE,55000.0,Not Verified,debt_consolidation,TX,38.04,0.0,695.0,699.0,2.0,63.4,35.0,Joint App,5,High Risk,Manual Review
112890566,18000.0, 60 months,26.3,E,E5,1 year,MORTGAGE,85000.0,Verified,debt_consolidation,FL,30.78,0.0,660.0,664.0,0.0,74.3,18.0,Individual,5,High Risk,Manual Review
112988263,15000.0, 36 months,24.85,E,E3,9 years,MORTGAGE,45000.0,Source Verified,debt_consolidation,NJ,31.07,1.0,670.0,674.0,1.0,55.8,51.0,Individual,6,High Risk,Manual Review
112939916,4200.0, 36 months,25.82,E,E4,< 1 year,RENT,21120.0,Verified,other,PA,33.69,1.0,665.0,669.0,1.0,50.2,12.0,Individual,6,High Risk,Manual Review
113092680,8000.0, 36 months,30.84,G,G2,< 1 year,RENT,32069.0,Verified,debt_consolidation,NC,33.38,0.0,690.0,694.0,1.0,62.8,8.0,Individual,5,High Risk,Manual Review
113048927,7000.0, 36 months,30.79,G,G1,6 years,MORTGAGE,50000.0,Verified,debt_consolidation,TN,39.01,0.0,670.0,674.0,0.0,54.9,18.0,Joint App,5,High Risk,Manual Review
113151390,16800.0, 60 months,30.65,F,F4,< 1 year,RENT,20000.0,Verified,debt_consolidation,HI,82.05,0.0,685.0,689.0,2.0,71.6,9.0,Joint App,5,High Risk,Manual Review
113159023,24000.0, 60 months,26.3,E,E5,3 years,MORTGAGE,200000.0,Source Verified,debt_consolidation,CA,19.15,1.0,660.0,664.0,1.0,94.2,47.0,Individual,5,High Risk,Manual Review
113123318,20000.0, 60 months,26.3,E,E5,2 years,OWN,60000.0,Source Verified,small_business,CA,26.56,3.0,660.0,664.0,0.0,82.8,18.0,Individual,5,High Risk,Manual Review
113201904,4000.0, 36 months,25.82,E,E4,< 1 year,RENT,35000.0,Source Verified,debt_consolidation,MN,32.85,0.0,665.0,669.0,0.0,75.4,16.0,Individual,5,High Risk,Manual Review
113000655,15875.0, 60 months,26.3,E,E5,6 years,MORTGAGE,50000.0,Verified,debt_consolidation,GA,30.77,1.0,685.0,689.0,0.0,34.9,19.0,Individual,6,High Risk,Manual Review
112837908,3025.0, 36 months,22.91,E,E1,4 years,OWN,15000.0,Source Verified,debt_consolidation,GA,30.24,1.0,700.0,704.0,0.0,40.9,12.0,Individual,6,High Risk,Manual Review
113129675,20000.0, 60 months,30.17,F,F3,10+ years,MORTGAGE,64000.0,Source Verified,debt_consolidation,CA,24.25,2.0,665.0,669.0,0.0,92.2,28.0,Individual,5,High Risk,Manual Review
113101034,20000.0, 60 months,30.79,G,G1,,OWN,60000.0,Not Verified,debt_consolidation,NY,30.32,3.0,695.0,699.0,0.0,33.4,35.0,Individual,6,High Risk,Manual Review
113151764,32200.0, 36 months,25.82,E,E4,< 1 year,OWN,70000.0,Source Verified,debt_consolidation,PA,34.19,1.0,660.0,664.0,1.0,68.8,28.0,Individual,6,High Risk,Manual Review
113053344,2000.0, 36 months,26.3,E,E5,2 years,OWN,42000.0,Source Verified,debt_consolidation,ND,31.46,5.0,665.0,669.0,1.0,47.3,27.0,Individual,6,High Risk,Manual Review
112859942,7550.0, 36 months,15.05,C,C4,< 1 year,MORTGAGE,140000.0,Source Verified,debt_consolidation,WI,32.23,1.0,660.0,664.0,0.0,82.0,26.0,Individual,5,High Risk,Manual Review
113045286,19200.0, 60 months,25.82,E,E4,10+ years,RENT,47000.0,Verified,debt_consolidation,NY,32.43,0.0,705.0,709.0,0.0,47.6,36.0,Individual,5,High Risk,Manual Review
113068627,10000.0, 36 months,23.88,E,E2,10+ years,MORTGAGE,75000.0,Source Verified,debt_consolidation,PA,31.14,0.0,690.0,694.0,0.0,80.6,15.0,Individual,6,High Risk,Manual Review
112839048,24700.0, 36 months,30.17,F,F3,3 years,MORTGAGE,87000.0,Verified,credit_card,MI,32.55,0.0,695.0,699.0,0.0,97.2,19.0,Individual,6,High Risk,Manual Review
113129571,19950.0, 60 months,24.85,E,E3,7 years,OWN,52000.0,Verified,debt_consolidation,MD,32.54,1.0,715.0,719.0,1.0,53.6,44.0,Individual,6,High Risk,Manual Review
111630307,26625.0, 36 months,30.84,G,G2,10+ years,MORTGAGE,77000.0,Verified,credit_card,AZ,34.1,0.0,700.0,704.0,1.0,59.0,36.0,Joint App,5,High Risk,Manual Review
113087134,11225.0, 60 months,30.94,G,G4,8 years,MORTGAGE,59200.0,Verified,major_purchase,AZ,30.59,0.0,660.0,664.0,2.0,13.3,26.0,Individual,5,High Risk,Manual Review
112769141,4075.0, 36 months,29.69,F,F2,2 years,RENT,50000.0,Source Verified,debt_consolidation,NY,33.01,0.0,695.0,699.0,0.0,71.1,19.0,Individual,5,High Risk,Manual Review
113091826,20000.0, 60 months,24.85,E,E3,2 years,RENT,54000.0,Source Verified,debt_consolidation,NY,34.2,0.0,695.0,699.0,0.0,83.0,26.0,Individual,6,High Risk,Manual Review
112969240,18000.0, 60 months,30.94,G,G4,2 years,MORTGAGE,45000.0,Verified,debt_consolidation,NC,34.77,0.0,700.0,704.0,0.0,78.5,21.0,Individual,5,High Risk,Manual Review
113039054,16000.0, 36 months,24.85,E,E3,5 years,MORTGAGE,48000.0,Source Verified,home_improvement,AR,28.15,1.0,665.0,669.0,1.0,92.0,27.0,Individual,5,High Risk,Manual Review
112714218,20000.0, 36 months,22.91,E,E1,,MORTGAGE,45000.0,Verified,debt_consolidation,FL,33.04,1.0,700.0,704.0,1.0,48.7,36.0,Individual,6,High Risk,Manual Review
113087209,15200.0, 60 months,30.99,G,G5,4 years,RENT,40000.0,Source Verified,debt_consolidation,GA,30.9,0.0,670.0,674.0,0.0,44.0,22.0,Individual,5,High Risk,Manual Review
110707886,12000.0, 60 months,26.3,E,E5,10+ years,RENT,12000.0,Not Verified,debt_consolidation,CA,38.72,0.0,665.0,669.0,3.0,8.4,25.0,Joint App,5,High Risk,Manual Review
113046436,8400.0, 36 months,30.17,F,F3,,OWN,11424.0,Verified,vacation,MO,109.45,0.0,695.0,699.0,1.0,72.2,14.0,Joint App,5,High Risk,Manual Review
113051480,6475.0, 36 months,24.85,E,E3,< 1 year,RENT,18000.0,Source Verified,other,IL,31.27,0.0,715.0,719.0,0.0,98.9,4.0,Individual,6,High Risk,Manual Review
112819981,18000.0, 60 months,25.82,E,E4,5 years,MORTGAGE,38000.0,Not Verified,debt_consolidation,TN,31.96,0.0,750.0,754.0,0.0,24.2,28.0,Individual,5,High Risk,Manual Review
112079220,15500.0, 60 months,30.99,G,G5,2 years,MORTGAGE,45712.0,Source Verified,debt_consolidation,CA,30.14,0.0,715.0,719.0,0.0,67.2,18.0,Joint App,5,High Risk,Manual Review
113088975,25825.0, 36 months,30.84,G,G2,< 1 year,MORTGAGE,64000.0,Verified,debt_consolidation,FL,32.55,1.0,665.0,669.0,1.0,33.6,18.0,Joint App,6,High Risk,Manual Review
112565605,40000.0, 36 months,23.88,E,E2,2 years,OWN,39000.0,Verified,debt_consolidation,FL,65.08,0.0,705.0,709.0,0.0,50.1,31.0,Joint App,5,High Risk,Manual Review
112877638,2000.0, 36 months,25.82,E,E4,2 years,MORTGAGE,41622.0,Verified,other,ID,2.77,1.0,675.0,679.0,1.0,80.3,32.0,Individual,5,High Risk,Manual Review
113086756,35000.0, 36 months,26.3,E,E5,8 years,MORTGAGE,55000.0,Verified,debt_consolidation,MT,71.77,2.0,675.0,679.0,0.0,63.6,31.0,Joint App,6,High Risk,Manual Review
112928777,12150.0, 36 months,30.84,G,G2,9 years,OWN,38816.0,Verified,debt_consolidation,OH,30.49,0.0,685.0,689.0,0.0,86.3,6.0,Individual,6,High Risk,Manual Review
112859299,9600.0, 36 months,22.91,E,E1,4 years,MORTGAGE,32000.0,Verified,debt_consolidation,AZ,32.6,0.0,715.0,719.0,0.0,36.3,17.0,Joint App,5,High Risk,Manual Review
113130817,12000.0, 60 months,25.82,E,E4,4 years,RENT,60000.0,Verified,moving,MI,30.02,0.0,700.0,704.0,0.0,44.1,33.0,Individual,5,High Risk,Manual Review
113122389,22000.0, 60 months,26.3,E,E5,10+ years,MORTGAGE,55000.0,Verified,debt_consolidation,VA,23.5,2.0,660.0,664.0,0.0,87.6,23.0,Individual,5,High Risk,Manual Review
113086408,30300.0, 60 months,30.79,G,G1,8 years,MORTGAGE,105000.0,Source Verified,debt_consolidation,MD,18.18,1.0,680.0,684.0,0.0,80.7,19.0,Individual,5,High Risk,Manual Review
112379187,17275.0, 36 months,30.84,G,G2,,RENT,38400.0,Verified,debt_consolidation,WI,32.28,3.0,670.0,674.0,1.0,72.0,24.0,Individual,6,High Risk,Manual Review
111838898,35000.0, 60 months,24.85,E,E3,,MORTGAGE,26400.0,Verified,debt_consolidation,VA,46.27,0.0,685.0,689.0,1.0,8.4,13.0,Joint App,5,High Risk,Manual Review
113054916,5150.0, 36 months,23.88,E,E2,8 years,RENT,38000.0,Source Verified,debt_consolidation,FL,30.1,0.0,705.0,709.0,0.0,58.6,23.0,Individual,5,High Risk,Manual Review
111778095,29250.0, 36 months,22.91,E,E1,2 years,MORTGAGE,65000.0,Source Verified,debt_consolidation,TN,33.49,0.0,665.0,669.0,1.0,108.0,5.0,Individual,6,High Risk,Manual Review
112433810,8000.0, 36 months,24.85,E,E3,< 1 year,RENT,32500.0,Verified,other,NM,56.98,1.0,685.0,689.0,0.0,62.9,21.0,Joint App,6,High Risk,Manual Review
113066035,8700.0, 36 months,25.82,E,E4,9 years,RENT,39000.0,Not Verified,debt_consolidation,GA,34.28,0.0,670.0,674.0,0.0,24.3,14.0,Individual,5,High Risk,Manual Review
112380629,30725.0, 36 months,22.91,E,E1,10+ years,MORTGAGE,68000.0,Source Verified,credit_card,GA,33.66,1.0,700.0,704.0,1.0,14.3,22.0,Individual,6,High Risk,Manual Review
113040101,4900.0, 36 months,22.91,E,E1,10+ years,MORTGAGE,60000.0,Verified,debt_consolidation,FL,33.73,0.0,695.0,699.0,0.0,100.2,11.0,Individual,6,High Risk,Manual Review
113143733,19075.0, 36 months,25.82,E,E4,5 years,MORTGAGE,57600.0,Verified,credit_card,WI,33.52,0.0,675.0,679.0,0.0,98.3,14.0,Individual,6,High Risk,Manual Review
113056338,4275.0, 36 months,24.85,E,E3,10+ years,RENT,31616.0,Verified,debt_consolidation,GA,33.75,0.0,680.0,684.0,2.0,68.0,10.0,Individual,5,High Risk,Manual Review
112939074,12000.0, 60 months,26.3,E,E5,10+ years,MORTGAGE,56000.0,Verified,home_improvement,GA,30.15,0.0,665.0,669.0,0.0,48.2,30.0,Individual,5,High Risk,Manual Review
112911650,3000.0, 36 months,24.85,E,E3,10+ years,OWN,38000.0,Not Verified,other,PA,33.29,0.0,685.0,689.0,1.0,15.3,17.0,Individual,5,High Risk,Manual Review
112750446,12000.0, 36 months,24.85,E,E3,,RENT,45000.0,Verified,debt_consolidation,IL,30.23,2.0,675.0,679.0,1.0,65.6,16.0,Individual,6,High Risk,Manual Review
112819745,25000.0, 60 months,30.94,G,G4,8 years,RENT,72000.0,Verified,debt_consolidation,OH,30.73,0.0,670.0,674.0,3.0,45.0,66.0,Individual,5,High Risk,Manual Review
110730412,24000.0, 60 months,18.06,D,D2,< 1 year,RENT,125000.0,Verified,debt_consolidation,CA,33.51,1.0,670.0,674.0,0.0,92.5,17.0,Individual,5,High Risk,Manual Review
113065442,13000.0, 36 months,23.88,E,E2,4 years,RENT,36421.0,Source Verified,debt_consolidation,ID,32.06,0.0,665.0,669.0,1.0,66.2,47.0,Individual,5,High Risk,Manual Review
113044019,12000.0, 36 months,30.99,G,G5,,MORTGAGE,64187.0,Verified,debt_consolidation,TX,60.87,0.0,705.0,709.0,5.0,39.7,65.0,Joint App,5,High Risk,Manual Review
112595870,27000.0, 36 months,16.02,C,C5,2 years,RENT,70000.0,Source Verified,debt_consolidation,VA,30.64,1.0,675.0,679.0,0.0,84.2,12.0,Individual,5,High Risk,Manual Review
113152611,28000.0, 60 months,26.3,E,E5,4 years,MORTGAGE,75000.0,Verified,credit_card,MA,30.64,2.0,660.0,664.0,1.0,81.9,34.0,Individual,7,High Risk,Manual Review
112848507,32650.0, 60 months,26.3,E,E5,3 years,MORTGAGE,52000.0,Verified,debt_consolidation,ND,46.85,0.0,670.0,674.0,0.0,78.1,28.0,Joint App,5,High Risk,Manual Review
111076786,29000.0, 60 months,30.94,G,G4,,MORTGAGE,15600.0,Verified,debt_consolidation,IN,66.15,0.0,680.0,684.0,1.0,41.3,12.0,Joint App,5,High Risk,Manual Review
113068052,11200.0, 60 months,30.94,G,G4,< 1 year,MORTGAGE,40000.0,Verified,debt_consolidation,MS,32.61,0.0,675.0,679.0,1.0,58.7,20.0,Individual,5,High Risk,Manual Review
112890834,40000.0, 60 months,30.94,G,G4,10+ years,MORTGAGE,143000.0,Verified,debt_consolidation,CA,33.18,0.0,710.0,714.0,1.0,30.0,45.0,Individual,5,High Risk,Manual Review
112370904,20250.0, 60 months,30.84,G,G2,1 year,RENT,45000.0,Verified,home_improvement,TX,31.01,0.0,705.0,709.0,1.0,39.0,28.0,Individual,5,High Risk,Manual Review
110995557,12000.0, 60 months,29.69,F,F2,10+ years,MORTGAGE,90000.0,Verified,debt_consolidation,WA,31.04,0.0,670.0,674.0,1.0,78.8,26.0,Individual,5,High Risk,Manual Review
112838382,40000.0, 60 months,30.99,G,G5,< 1 year,RENT,135000.0,Verified,debt_consolidation,NJ,31.53,0.0,685.0,689.0,0.0,50.6,49.0,Individual,5,High Risk,Manual Review
113067123,33000.0, 60 months,30.75,F,F5,5 years,MORTGAGE,73000.0,Verified,debt_consolidation,WI,45.27,0.0,670.0,674.0,1.0,66.4,49.0,Joint App,5,High Risk,Manual Review
113065167,35000.0, 60 months,30.99,G,G5,< 1 year,MORTGAGE,73000.0,Verified,debt_consolidation,AZ,42.79,0.0,665.0,669.0,0.0,71.5,35.0,Joint App,5,High Risk,Manual Review
112754400,8000.0, 36 months,24.85,E,E3,6 years,RENT,28000.0,Source Verified,debt_consolidation,IL,31.76,1.0,685.0,689.0,1.0,35.0,17.0,Individual,6,High Risk,Manual Review
113065768,30000.0, 60 months,30.84,G,G2,6 years,MORTGAGE,55250.0,Source Verified,debt_consolidation,ID,36.99,1.0,660.0,664.0,1.0,79.3,34.0,Joint App,6,High Risk,Manual Review
111683630,3200.0, 36 months,24.85,E,E3,,RENT,16000.0,Verified,debt_consolidation,AZ,34.66,0.0,690.0,694.0,0.0,33.9,13.0,Individual,5,High Risk,Manual Review
113069757,30000.0, 60 months,30.75,F,F5,3 years,MORTGAGE,121000.0,Source Verified,debt_consolidation,PA,10.18,1.0,665.0,669.0,1.0,88.1,17.0,Individual,5,High Risk,Manual Review
113097781,5000.0, 36 months,26.3,E,E5,10+ years,MORTGAGE,46000.0,Source Verified,home_improvement,SC,34.62,0.0,660.0,664.0,1.0,50.8,7.0,Individual,5,High Risk,Manual Review
112940240,21000.0, 60 months,26.3,E,E5,5 years,MORTGAGE,75000.0,Verified,credit_card,CA,28.96,1.0,660.0,664.0,0.0,87.9,20.0,Individual,5,High Risk,Manual Review
112026746,25175.0, 60 months,30.75,F,F5,< 1 year,OWN,15000.0,Not Verified,home_improvement,GA,43.21,0.0,715.0,719.0,0.0,50.3,9.0,Joint App,5,High Risk,Manual Review
113096666,1375.0, 36 months,24.85,E,E3,,RENT,10080.0,Verified,debt_consolidation,NY,15.71,1.0,660.0,664.0,0.0,90.6,6.0,Individual,5,High Risk,Manual Review
113111170,18000.0, 36 months,30.89,G,G3,10+ years,MORTGAGE,108000.0,Verified,debt_consolidation,FL,30.52,0.0,660.0,664.0,1.0,86.4,34.0,Individual,6,High Risk,Manual Review
112827250,22825.0, 60 months,28.72,F,F1,10+ years,MORTGAGE,68100.0,Verified,debt_consolidation,TX,33.32,2.0,670.0,674.0,2.0,47.0,32.0,Individual,6,High Risk,Manual Review
113047823,6500.0, 36 months,19.03,D,D3,< 1 year,RENT,59000.0,Verified,other,VA,35.19,1.0,680.0,684.0,0.0,81.8,39.0,Joint App,5,High Risk,Manual Review
113012317,10000.0, 36 months,23.88,E,E2,< 1 year,MORTGAGE,42000.0,Not Verified,home_improvement,NC,41.65,0.0,665.0,669.0,0.0,85.5,14.0,Joint App,6,High Risk,Manual Review
112739399,21000.0, 60 months,30.17,F,F3,4 years,MORTGAGE,48000.0,Source Verified,credit_card,OH,31.48,0.0,685.0,689.0,0.0,67.1,15.0,Individual,5,High Risk,Manual Review
112754705,10000.0, 36 months,30.65,F,F4,< 1 year,MORTGAGE,60000.0,Verified,home_improvement,TN,31.51,0.0,660.0,664.0,3.0,81.3,30.0,Individual,6,High Risk,Manual Review
113092870,35000.0, 60 months,30.94,G,G4,7 years,RENT,82000.0,Not Verified,debt_consolidation,CO,31.74,0.0,675.0,679.0,0.0,82.6,32.0,Individual,6,High Risk,Manual Review
112755519,28000.0, 60 months,19.03,D,D3,< 1 year,RENT,35000.0,Source Verified,credit_card,AR,50.48,1.0,675.0,679.0,1.0,84.1,36.0,Joint App,5,High Risk,Manual Review
113012697,5000.0, 36 months,15.05,C,C4,10+ years,MORTGAGE,70000.0,Verified,home_improvement,GA,31.44,1.0,665.0,669.0,0.0,82.7,32.0,Joint App,5,High Risk,Manual Review
113009344,27300.0, 60 months,30.99,G,G5,4 years,RENT,65000.0,Source Verified,debt_consolidation,IL,30.3,2.0,690.0,694.0,0.0,79.4,38.0,Individual,6,High Risk,Manual Review
112917651,35000.0, 60 months,30.94,G,G4,10+ years,MORTGAGE,120000.0,Verified,debt_consolidation,TX,26.68,4.0,670.0,674.0,1.0,80.7,30.0,Individual,5,High Risk,Manual Review
112498994,18000.0, 60 months,30.89,G,G3,6 years,OWN,79560.0,Verified,credit_card,TX,30.29,0.0,685.0,689.0,3.0,37.5,46.0,Individual,5,High Risk,Manual Review
112753696,30000.0, 60 months,25.82,E,E4,2 years,MORTGAGE,40000.0,Source Verified,debt_consolidation,IN,30.51,0.0,695.0,699.0,1.0,82.1,12.0,Joint App,6,High Risk,Manual Review
112370273,35000.0, 60 months,30.89,G,G3,10+ years,MORTGAGE,107000.0,Verified,debt_consolidation,IN,24.93,1.0,675.0,679.0,1.0,85.3,23.0,Individual,5,High Risk,Manual Review
112706844,40000.0, 60 months,30.17,F,F3,< 1 year,RENT,78000.0,Verified,credit_card,CA,41.71,0.0,700.0,704.0,0.0,57.6,36.0,Joint App,5,High Risk,Manual Review
113092162,3600.0, 36 months,23.88,E,E2,3 years,OWN,36000.0,Not Verified,debt_consolidation,WA,33.7,2.0,665.0,669.0,1.0,53.8,15.0,Individual,6,High Risk,Manual Review
113053875,21000.0, 60 months,26.3,E,E5,,MORTGAGE,50424.0,Verified,debt_consolidation,PA,39.15,0.0,750.0,754.0,0.0,26.5,25.0,Joint App,5,High Risk,Manual Review
113025903,12000.0, 60 months,30.79,G,G1,8 years,MORTGAGE,62000.0,Verified,other,WA,15.12,2.0,660.0,664.0,1.0,95.1,9.0,Joint App,5,High Risk,Manual Review
112999901,5600.0, 36 months,24.85,E,E3,10+ years,RENT,41700.0,Verified,major_purchase,FL,31.88,1.0,695.0,699.0,0.0,37.7,15.0,Individual,6,High Risk,Manual Review
113066103,8325.0, 36 months,30.89,G,G3,2 years,RENT,26000.0,Not Verified,other,FL,30.29,0.0,690.0,694.0,0.0,49.1,15.0,Individual,5,High Risk,Manual Review
113023172,31200.0, 60 months,30.17,F,F3,7 years,MORTGAGE,68500.0,Verified,debt_consolidation,WI,49.51,0.0,710.0,714.0,1.0,55.8,34.0,Joint App,5,High Risk,Manual Review
111757961,15950.0, 60 months,30.89,G,G3,,RENT,10000.0,Verified,debt_consolidation,NY,79.47,0.0,675.0,679.0,0.0,60.3,11.0,Joint App,5,High Risk,Manual Review
112764880,18200.0, 60 months,30.79,G,G1,10+ years,RENT,67812.0,Verified,credit_card,CA,33.04,0.0,665.0,669.0,1.0,77.7,26.0,Individual,5,High Risk,Manual Review
112795291,5500.0, 36 months,18.06,D,D2,2 years,OWN,29000.0,Source Verified,debt_consolidation,LA,30.84,2.0,670.0,674.0,0.0,80.7,32.0,Individual,5,High Risk,Manual Review
113050791,5000.0, 36 months,23.88,E,E2,3 years,MORTGAGE,167000.0,Source Verified,debt_consolidation,PA,32.08,0.0,665.0,669.0,0.0,78.6,48.0,Joint App,5,High Risk,Manual Review
113035637,30000.0, 36 months,24.85,E,E3,1 year,RENT,97005.0,Verified,credit_card,GA,34.12,0.0,700.0,704.0,0.0,54.0,19.0,Individual,5,High Risk,Manual Review
113025911,24000.0, 60 months,26.3,E,E5,1 year,MORTGAGE,43500.0,Verified,debt_consolidation,LA,48.98,0.0,675.0,679.0,0.0,56.7,15.0,Joint App,5,High Risk,Manual Review
112927379,12900.0, 60 months,26.3,E,E5,,MORTGAGE,75000.0,Verified,debt_consolidation,WA,34.99,0.0,680.0,684.0,0.0,87.0,30.0,Individual,6,High Risk,Manual Review
112714647,10500.0, 36 months,23.88,E,E2,,RENT,21840.0,Verified,debt_consolidation,OK,30.16,0.0,680.0,684.0,1.0,27.1,10.0,Individual,5,High Risk,Manual Review
112516051,5750.0, 36 months,29.69,F,F2,8 years,RENT,60000.0,Source Verified,debt_consolidation,FL,34.96,0.0,695.0,699.0,1.0,55.7,19.0,Individual,5,High Risk,Manual Review
112829138,35000.0, 36 months,30.84,G,G2,6 years,OWN,100737.0,Verified,debt_consolidation,NY,33.36,0.0,665.0,669.0,1.0,86.6,56.0,Individual,6,High Risk,Manual Review
112121039,19600.0, 60 months,30.17,F,F3,3 years,RENT,32000.0,Verified,debt_consolidation,VA,38.41,0.0,690.0,694.0,1.0,60.0,9.0,Joint App,5,High Risk,Manual Review
113074945,8000.0, 36 months,26.3,E,E5,5 years,RENT,48000.0,Not Verified,debt_consolidation,NY,30.26,0.0,685.0,689.0,0.0,37.0,17.0,Individual,5,High Risk,Manual Review
112536628,9600.0, 36 months,23.88,E,E2,4 years,RENT,85000.0,Source Verified,debt_consolidation,LA,30.38,0.0,660.0,664.0,1.0,30.4,32.0,Individual,5,High Risk,Manual Review
112656623,19775.0, 36 months,26.3,E,E5,10+ years,MORTGAGE,110000.0,Verified,debt_consolidation,HI,12.12,1.0,660.0,664.0,0.0,92.1,33.0,Individual,5,High Risk,Manual Review
113072566,9000.0, 36 months,23.88,E,E2,10+ years,OWN,50000.0,Not Verified,debt_consolidation,IL,31.01,0.0,715.0,719.0,4.0,31.6,27.0,Individual,5,High Risk,Manual Review
112444236,20000.0, 60 months,26.3,E,E5,5 years,RENT,40000.0,Source Verified,debt_consolidation,MI,30.6,0.0,695.0,699.0,1.0,77.8,53.0,Individual,5,High Risk,Manual Review
112724203,5000.0, 36 months,24.85,E,E3,10+ years,RENT,75000.0,Source Verified,debt_consolidation,WI,11.6,1.0,660.0,664.0,0.0,87.4,9.0,Individual,5,High Risk,Manual Review
112754709,26450.0, 36 months,30.99,G,G5,< 1 year,RENT,25000.0,Not Verified,debt_consolidation,AL,40.37,0.0,660.0,664.0,1.0,81.1,39.0,Joint App,6,High Risk,Manual Review
113039814,12000.0, 60 months,16.02,C,C5,10+ years,RENT,36000.0,Source Verified,credit_card,SC,30.4,1.0,670.0,674.0,0.0,82.4,23.0,Individual,5,High Risk,Manual Review
112733478,24950.0, 60 months,26.3,E,E5,3 years,MORTGAGE,10200.0,Verified,debt_consolidation,WY,122.94,0.0,675.0,679.0,0.0,94.1,20.0,Joint App,6,High Risk,Manual Review
112456498,28000.0, 60 months,30.65,F,F4,< 1 year,MORTGAGE,38000.0,Source Verified,credit_card,OH,32.09,0.0,670.0,674.0,1.0,77.0,22.0,Joint App,5,High Risk,Manual Review
112749762,10000.0, 36 months,24.85,E,E3,1 year,MORTGAGE,38000.0,Source Verified,debt_consolidation,GA,34.15,0.0,680.0,684.0,0.0,78.3,15.0,Individual,5,High Risk,Manual Review
113065909,40000.0, 60 months,30.94,G,G4,2 years,MORTGAGE,93000.0,Verified,debt_consolidation,SC,33.24,0.0,710.0,714.0,0.0,83.0,39.0,Individual,6,High Risk,Manual Review
113071263,10000.0, 60 months,15.05,C,C4,10+ years,MORTGAGE,68060.0,Not Verified,debt_consolidation,IN,33.03,1.0,665.0,669.0,0.0,95.3,33.0,Individual,5,High Risk,Manual Review
67858902,15600.0, 60 months,30.79,G,G1,10+ years,MORTGAGE,70000.0,Not Verified,debt_consolidation,FL,31.85,0.0,675.0,679.0,1.0,14.9,45.0,Individual,5,High Risk,Manual Review
112859255,35000.0, 36 months,16.02,C,C5,10+ years,MORTGAGE,170000.0,Verified,credit_card,CA,31.77,2.0,660.0,664.0,0.0,86.9,33.0,Individual,5,High Risk,Manual Review
112729985,4700.0, 36 months,30.94,G,G4,10+ years,OWN,36000.0,Verified,home_improvement,PA,34.07,0.0,695.0,699.0,2.0,30.7,39.0,Individual,5,High Risk,Manual Review
113054518,5600.0, 36 months,26.3,E,E5,2 years,RENT,18000.0,Source Verified,credit_card,CA,31.53,0.0,660.0,664.0,1.0,91.5,17.0,Individual,6,High Risk,Manual Review
112369884,10800.0, 60 months,16.02,C,C5,10+ years,OWN,34000.0,Verified,major_purchase,TX,33.04,1.0,680.0,684.0,0.0,84.3,49.0,Individual,5,High Risk,Manual Review
112760448,13000.0, 36 months,23.88,E,E2,1 year,MORTGAGE,60000.0,Source Verified,debt_consolidation,CA,30.92,0.0,690.0,694.0,0.0,91.7,26.0,Individual,6,High Risk,Manual Review
112645907,20000.0, 60 months,24.85,E,E3,9 years,MORTGAGE,72000.0,Verified,credit_card,IL,31.03,0.0,660.0,664.0,3.0,80.0,30.0,Individual,5,High Risk,Manual Review
112159271,6400.0, 36 months,16.02,C,C5,10+ years,MORTGAGE,50000.0,Verified,debt_consolidation,NY,34.85,1.0,675.0,679.0,0.0,80.6,29.0,Individual,5,High Risk,Manual Review
112958799,10350.0, 60 months,26.3,E,E5,10+ years,RENT,52000.0,Verified,credit_card,MN,30.65,0.0,665.0,669.0,4.0,36.0,52.0,Individual,5,High Risk,Manual Review
112807624,13050.0, 60 months,26.3,E,E5,6 years,RENT,43000.0,Verified,moving,IL,34.83,0.0,685.0,689.0,1.0,47.7,24.0,Individual,5,High Risk,Manual Review
112897758,17100.0, 36 months,30.99,G,G5,4 years,MORTGAGE,45000.0,Verified,other,SC,33.79,0.0,660.0,664.0,1.0,12.1,21.0,Individual,5,High Risk,Manual Review
112858108,11200.0, 36 months,18.06,D,D2,< 1 year,RENT,75000.0,Source Verified,credit_card,VA,33.6,1.0,675.0,679.0,0.0,89.7,11.0,Individual,5,High Risk,Manual Review
112828351,2400.0, 36 months,25.82,E,E4,4 years,MORTGAGE,54500.0,Verified,debt_consolidation,OR,12.29,1.0,670.0,674.0,3.0,81.9,19.0,Individual,5,High Risk,Manual Review
112789549,1800.0, 36 months,15.05,C,C4,4 years,RENT,45000.0,Source Verified,other,FL,30.08,1.0,670.0,674.0,0.0,84.3,19.0,Individual,5,High Risk,Manual Review
112063010,28000.0, 60 months,20.0,D,D4,< 1 year,MORTGAGE,35000.0,Verified,debt_consolidation,NY,39.03,1.0,665.0,669.0,0.0,97.4,26.0,Joint App,5,High Risk,Manual Review
112133137,6800.0, 36 months,22.91,E,E1,,RENT,21204.0,Verified,debt_consolidation,NY,30.05,0.0,720.0,724.0,1.0,50.4,12.0,Individual,5,High Risk,Manual Review
112753511,18175.0, 60 months,30.99,G,G5,2 years,RENT,96000.0,Source Verified,debt_consolidation,NV,33.75,0.0,675.0,679.0,0.0,84.2,16.0,Individual,6,High Risk,Manual Review
112536298,20000.0, 60 months,30.65,F,F4,10+ years,OWN,56000.0,Source Verified,debt_consolidation,VA,34.12,0.0,690.0,694.0,0.0,77.5,36.0,Individual,5,High Risk,Manual Review
112937506,20850.0, 60 months,30.75,F,F5,10+ years,MORTGAGE,104250.0,Verified,debt_consolidation,MD,32.15,0.0,675.0,679.0,0.0,59.8,28.0,Individual,5,High Risk,Manual Review
112498527,15000.0, 60 months,30.94,G,G4,3 years,OWN,48000.0,Verified,home_improvement,NC,34.1,1.0,715.0,719.0,0.0,38.0,29.0,Individual,6,High Risk,Manual Review
112760286,20000.0, 60 months,30.89,G,G3,2 years,RENT,72800.0,Source Verified,debt_consolidation,CA,31.45,0.0,665.0,669.0,0.0,73.6,19.0,Individual,5,High Risk,Manual Review
112380569,22075.0, 36 months,22.91,E,E1,,RENT,48000.0,Not Verified,debt_consolidation,NY,31.38,0.0,725.0,729.0,0.0,58.0,12.0,Individual,5,High Risk,Manual Review
112756951,14850.0, 60 months,25.82,E,E4,2 years,RENT,31000.0,Verified,moving,VA,33.33,2.0,690.0,694.0,0.0,40.7,14.0,Individual,6,High Risk,Manual Review
111101476,5000.0, 36 months,26.3,E,E5,10+ years,MORTGAGE,75000.0,Verified,home_improvement,NJ,31.21,1.0,665.0,669.0,1.0,36.5,26.0,Individual,6,High Risk,Manual Review
112606364,14825.0, 36 months,24.85,E,E3,< 1 year,MORTGAGE,65000.0,Verified,debt_consolidation,NV,30.83,0.0,670.0,674.0,0.0,74.5,19.0,Individual,5,High Risk,Manual Review
112807951,18000.0, 36 months,23.88,E,E2,10+ years,OWN,63000.0,Source Verified,medical,CA,33.52,2.0,665.0,669.0,0.0,43.2,33.0,Individual,6,High Risk,Manual Review
112535409,23850.0, 60 months,30.84,G,G2,,OWN,12129.0,Verified,debt_consolidation,NC,111.09,0.0,660.0,664.0,0.0,76.1,22.0,Joint App,5,High Risk,Manual Review
112757800,30000.0, 60 months,26.3,E,E5,10+ years,RENT,97000.0,Verified,credit_card,NY,33.3,0.0,665.0,669.0,0.0,89.5,27.0,Individual,6,High Risk,Manual Review
110728742,5125.0, 36 months,30.79,G,G1,,MORTGAGE,28000.0,Verified,other,AL,67.64,0.0,660.0,664.0,1.0,9.6,25.0,Joint App,5,High Risk,Manual Review
112075644,6000.0, 36 months,23.88,E,E2,< 1 year,MORTGAGE,75080.0,Source Verified,home_improvement,AL,30.39,0.0,675.0,679.0,0.0,60.3,41.0,Individual,5,High Risk,Manual Review
112433234,5750.0, 36 months,30.79,G,G1,7 years,OWN,18000.0,Source Verified,debt_consolidation,CA,30.36,0.0,690.0,694.0,1.0,29.2,13.0,Individual,5,High Risk,Manual Review
112133355,20000.0, 36 months,30.79,G,G1,10+ years,MORTGAGE,80000.0,Verified,home_improvement,IL,31.61,0.0,680.0,684.0,4.0,66.7,34.0,Individual,5,High Risk,Manual Review
112575666,12000.0, 36 months,25.82,E,E4,4 years,RENT,28500.0,Source Verified,credit_card,SC,33.94,1.0,710.0,714.0,0.0,42.9,36.0,Individual,6,High Risk,Manual Review
112050735,21600.0, 36 months,29.69,F,F2,10+ years,MORTGAGE,75000.0,Source Verified,home_improvement,AL,4.88,1.0,675.0,679.0,0.0,90.9,17.0,Individual,5,High Risk,Manual Review
112526132,28000.0, 60 months,26.3,E,E5,10+ years,MORTGAGE,50000.0,Verified,debt_consolidation,KS,48.42,0.0,685.0,689.0,0.0,57.7,30.0,Joint App,5,High Risk,Manual Review
112499806,16000.0, 60 months,30.75,F,F5,4 years,OWN,40000.0,Verified,home_improvement,VA,33.15,0.0,665.0,669.0,1.0,60.7,26.0,Individual,5,High Risk,Manual Review
112977527,21600.0, 60 months,26.3,E,E5,5 years,RENT,61000.0,Verified,debt_consolidation,NY,23.08,1.0,680.0,684.0,1.0,80.8,20.0,Individual,5,High Risk,Manual Review
112022755,12000.0, 60 months,26.3,E,E5,4 years,RENT,35000.0,Source Verified,credit_card,AZ,34.26,0.0,670.0,674.0,0.0,84.5,19.0,Individual,6,High Risk,Manual Review
112697266,36000.0, 60 months,26.3,E,E5,10+ years,MORTGAGE,100000.0,Source Verified,debt_consolidation,MA,34.89,0.0,690.0,694.0,0.0,67.6,27.0,Individual,5,High Risk,Manual Review
112119408,35000.0, 60 months,30.99,G,G5,1 year,MORTGAGE,80000.0,Verified,debt_consolidation,PA,32.43,0.0,690.0,694.0,1.0,43.9,57.0,Individual,5,High Risk,Manual Review
112730045,35000.0, 60 months,30.75,F,F5,2 years,OWN,78000.0,Verified,debt_consolidation,AZ,33.54,0.0,660.0,664.0,0.0,81.0,19.0,Joint App,6,High Risk,Manual Review
112997660,34550.0, 60 months,30.79,G,G1,1 year,MORTGAGE,87000.0,Source Verified,debt_consolidation,IL,13.85,2.0,660.0,664.0,0.0,82.5,30.0,Individual,5,High Risk,Manual Review
111440763,30000.0, 60 months,26.3,E,E5,,RENT,24000.0,Source Verified,debt_consolidation,PA,35.7,1.0,670.0,674.0,0.0,20.4,17.0,Joint App,6,High Risk,Manual Review
111988650,31200.0, 60 months,30.75,F,F5,10+ years,MORTGAGE,102863.0,Verified,debt_consolidation,NJ,32.59,0.0,665.0,669.0,0.0,91.1,36.0,Individual,6,High Risk,Manual Review
113012620,12000.0, 60 months,30.65,F,F4,3 years,RENT,85000.0,Not Verified,debt_consolidation,CA,31.44,0.0,660.0,664.0,0.0,66.6,30.0,Individual,5,High Risk,Manual Review
111048926,31250.0, 60 months,30.17,F,F3,10+ years,MORTGAGE,110000.0,Verified,debt_consolidation,FL,34.61,0.0,700.0,704.0,0.0,77.0,25.0,Individual,5,High Risk,Manual Review
112083681,6000.0, 36 months,26.3,E,E5,10+ years,RENT,46000.0,Verified,credit_card,PA,30.73,0.0,660.0,664.0,1.0,90.1,15.0,Individual,6,High Risk,Manual Review
112729328,9000.0, 36 months,23.88,E,E2,5 years,OWN,25000.0,Not Verified,debt_consolidation,MD,33.41,0.0,670.0,674.0,1.0,33.4,14.0,Individual,5,High Risk,Manual Review
112731426,35000.0, 60 months,26.3,E,E5,4 years,MORTGAGE,36000.0,Verified,debt_consolidation,WA,81.84,0.0,685.0,689.0,2.0,80.9,44.0,Joint App,6,High Risk,Manual Review
111898617,13000.0, 36 months,23.88,E,E2,,MORTGAGE,37000.0,Verified,credit_card,IN,33.28,0.0,690.0,694.0,0.0,64.4,13.0,Individual,5,High Risk,Manual Review
112709357,14000.0, 60 months,26.3,E,E5,8 years,RENT,96309.0,Verified,debt_consolidation,PA,31.28,0.0,670.0,674.0,0.0,89.6,20.0,Individual,6,High Risk,Manual Review
111731950,6000.0, 36 months,24.85,E,E3,5 years,RENT,24000.0,Verified,debt_consolidation,NH,33.9,0.0,675.0,679.0,1.0,50.2,29.0,Joint App,5,High Risk,Manual Review
112250225,25000.0, 36 months,26.3,E,E5,5 years,RENT,65000.0,Verified,debt_consolidation,TX,30.34,0.0,680.0,684.0,0.0,67.0,26.0,Individual,5,High Risk,Manual Review
112731518,8000.0, 36 months,23.88,E,E2,10+ years,OWN,62000.0,Verified,credit_card,MO,42.53,0.0,665.0,669.0,2.0,70.4,44.0,Joint App,5,High Risk,Manual Review
111306847,11050.0, 36 months,26.3,E,E5,2 years,MORTGAGE,50000.0,Verified,credit_card,LA,30.34,0.0,680.0,684.0,0.0,67.8,13.0,Individual,5,High Risk,Manual Review
112525427,21000.0, 36 months,25.82,E,E4,10+ years,RENT,51500.0,Verified,debt_consolidation,MN,33.12,0.0,715.0,719.0,0.0,49.8,17.0,Individual,5,High Risk,Manual Review
111471657,6075.0, 36 months,23.88,E,E2,7 years,RENT,37400.0,Verified,debt_consolidation,NC,33.09,1.0,675.0,679.0,0.0,41.0,9.0,Individual,6,High Risk,Manual Review
111967723,12800.0, 60 months,26.3,E,E5,5 years,MORTGAGE,70000.0,Source Verified,debt_consolidation,FL,26.06,9.0,670.0,674.0,2.0,83.7,26.0,Individual,5,High Risk,Manual Review
112506015,20000.0, 36 months,19.03,D,D3,10+ years,MORTGAGE,97000.0,Source Verified,debt_consolidation,AL,33.55,3.0,690.0,694.0,0.0,93.4,26.0,Individual,5,High Risk,Manual Review
113025211,11725.0, 60 months,30.65,F,F4,4 years,RENT,35000.0,Verified,debt_consolidation,AZ,33.77,0.0,705.0,709.0,0.0,39.4,18.0,Individual,5,High Risk,Manual Review
112432038,16000.0, 60 months,30.75,F,F5,4 years,RENT,48000.0,Verified,debt_consolidation,CO,31.33,0.0,690.0,694.0,1.0,29.2,16.0,Individual,5,High Risk,Manual Review
112486703,9700.0, 36 months,23.88,E,E2,,RENT,29600.0,Verified,debt_consolidation,CT,31.47,0.0,665.0,669.0,0.0,55.1,23.0,Individual,5,High Risk,Manual Review
111669291,12000.0, 60 months,24.85,E,E3,4 years,RENT,40000.0,Source Verified,credit_card,NJ,32.35,0.0,700.0,704.0,0.0,42.3,29.0,Individual,5,High Risk,Manual Review
112240390,24000.0, 60 months,30.17,F,F3,,MORTGAGE,14400.0,Source Verified,debt_consolidation,MN,77.16,2.0,660.0,664.0,4.0,55.6,24.0,Joint App,6,High Risk,Manual Review
111671731,18000.0, 60 months,30.89,G,G3,10+ years,MORTGAGE,40000.0,Verified,debt_consolidation,WI,54.88,0.0,670.0,674.0,1.0,73.4,20.0,Joint App,5,High Risk,Manual Review
112726117,24000.0, 60 months,30.94,G,G4,3 years,MORTGAGE,65000.0,Source Verified,debt_consolidation,FL,34.77,2.0,670.0,674.0,1.0,64.3,64.0,Individual,6,High Risk,Manual Review
112657255,4250.0, 36 months,26.3,E,E5,6 years,RENT,50000.0,Verified,debt_consolidation,FL,33.34,0.0,660.0,664.0,0.0,43.4,26.0,Individual,5,High Risk,Manual Review
111698240,17500.0, 60 months,30.89,G,G3,10+ years,RENT,59991.0,Source Verified,other,NJ,31.97,0.0,695.0,699.0,0.0,43.1,13.0,Individual,5,High Risk,Manual Review
112719357,10200.0, 36 months,23.88,E,E2,5 years,MORTGAGE,37000.0,Source Verified,car,TN,31.27,0.0,700.0,704.0,0.0,33.3,20.0,Individual,5,High Risk,Manual Review
112737263,7600.0, 36 months,24.85,E,E3,,OWN,22358.0,Not Verified,debt_consolidation,CA,32.01,0.0,660.0,664.0,0.0,52.6,28.0,Individual,5,High Risk,Manual Review
112082743,20000.0, 60 months,23.88,E,E2,< 1 year,RENT,30000.0,Not Verified,other,OH,30.16,0.0,765.0,769.0,2.0,32.1,23.0,Joint App,5,High Risk,Manual Review
111539218,35000.0, 36 months,26.3,E,E5,8 years,MORTGAGE,98000.0,Source Verified,debt_consolidation,CT,31.44,0.0,690.0,694.0,1.0,80.7,17.0,Individual,6,High Risk,Manual Review
112657378,22000.0, 36 months,23.88,E,E2,3 years,OWN,52000.0,Verified,debt_consolidation,NJ,31.06,0.0,735.0,739.0,1.0,5.6,58.0,Individual,5,High Risk,Manual Review
112761295,13200.0, 60 months,30.79,G,G1,10+ years,MORTGAGE,95000.0,Source Verified,credit_card,MA,34.64,1.0,680.0,684.0,1.0,84.0,40.0,Individual,7,High Risk,Manual Review
110714453,7000.0, 36 months,30.65,F,F4,,RENT,23856.0,Verified,debt_consolidation,FL,33.65,0.0,705.0,709.0,0.0,29.5,21.0,Individual,5,High Risk,Manual Review
110969038,35000.0, 36 months,25.82,E,E4,2 years,RENT,120000.0,Source Verified,debt_consolidation,NY,33.52,1.0,705.0,709.0,1.0,108.0,12.0,Individual,7,High Risk,Manual Review
112339322,12500.0, 60 months,26.3,E,E5,10+ years,MORTGAGE,74000.0,Verified,debt_consolidation,GA,58.94,4.0,675.0,679.0,0.0,57.8,29.0,Joint App,6,High Risk,Manual Review
112079914,18000.0, 36 months,24.85,E,E3,10+ years,RENT,75000.0,Verified,debt_consolidation,AZ,15.31,1.0,660.0,664.0,0.0,83.0,17.0,Individual,5,High Risk,Manual Review
112714236,24000.0, 36 months,16.02,C,C5,< 1 year,MORTGAGE,91000.0,Verified,medical,CO,45.4,1.0,660.0,664.0,0.0,92.5,41.0,Joint App,5,High Risk,Manual Review
112566743,3525.0, 36 months,22.91,E,E1,,OWN,12900.0,Verified,credit_card,CA,34.6,0.0,715.0,719.0,0.0,29.8,8.0,Individual,5,High Risk,Manual Review
112578810,11000.0, 60 months,26.3,E,E5,10+ years,MORTGAGE,110000.0,Source Verified,home_improvement,FL,20.51,1.0,660.0,664.0,0.0,87.6,35.0,Individual,5,High Risk,Manual Review
112437992,3525.0, 36 months,24.85,E,E3,3 years,MORTGAGE,29000.0,Verified,home_improvement,MN,44.45,0.0,670.0,674.0,1.0,90.5,18.0,Joint App,6,High Risk,Manual Review
112705866,10000.0, 60 months,30.99,G,G5,1 year,RENT,40000.0,Source Verified,debt_consolidation,TX,30.06,0.0,675.0,679.0,0.0,93.9,30.0,Individual,6,High Risk,Manual Review
112867131,9600.0, 36 months,29.69,F,F2,1 year,RENT,32000.0,Not Verified,debt_consolidation,PA,13.49,1.0,680.0,684.0,0.0,100.8,17.0,Individual,5,High Risk,Manual Review
112370259,19800.0, 60 months,30.94,G,G4,1 year,RENT,45000.0,Verified,debt_consolidation,TN,32.45,0.0,690.0,694.0,0.0,45.1,39.0,Individual,5,High Risk,Manual Review
112535212,14000.0, 36 months,24.85,E,E3,10+ years,RENT,40000.0,Source Verified,debt_consolidation,NY,32.58,1.0,665.0,669.0,1.0,51.5,43.0,Individual,6,High Risk,Manual Review
112685145,16000.0, 36 months,25.82,E,E4,9 years,MORTGAGE,45739.2,Verified,credit_card,TN,32.38,0.0,690.0,694.0,0.0,95.7,26.0,Individual,6,High Risk,Manual Review
112073677,25000.0, 60 months,30.65,F,F4,2 years,RENT,45000.0,Source Verified,debt_consolidation,VA,37.76,0.0,675.0,679.0,0.0,67.8,24.0,Joint App,5,High Risk,Manual Review
112617130,16000.0, 60 months,30.99,G,G5,10+ years,OWN,65000.0,Verified,home_improvement,VA,32.07,0.0,685.0,689.0,2.0,41.7,34.0,Individual,5,High Risk,Manual Review
111674546,20000.0, 60 months,26.3,E,E5,10+ years,MORTGAGE,65000.0,Verified,debt_consolidation,GA,32.57,1.0,660.0,664.0,1.0,59.1,13.0,Individual,6,High Risk,Manual Review
112752869,12000.0, 36 months,23.88,E,E2,10+ years,RENT,40000.0,Verified,debt_consolidation,IL,32.43,0.0,710.0,714.0,2.0,32.8,50.0,Individual,5,High Risk,Manual Review
110886725,21000.0, 60 months,26.3,E,E5,4 years,MORTGAGE,90000.0,Verified,debt_consolidation,NJ,33.95,0.0,690.0,694.0,0.0,52.2,41.0,Individual,5,High Risk,Manual Review
112154132,2250.0, 36 months,24.85,E,E3,6 years,RENT,45088.0,Source Verified,other,MD,16.4,6.0,665.0,669.0,0.0,83.3,11.0,Individual,5,High Risk,Manual Review
112428675,13000.0, 60 months,30.75,F,F5,1 year,MORTGAGE,51000.0,Not Verified,home_improvement,MD,31.44,1.0,710.0,714.0,0.0,31.7,19.0,Individual,6,High Risk,Manual Review
112054139,30000.0, 36 months,24.85,E,E3,10+ years,RENT,60000.0,Source Verified,other,NC,34.88,0.0,710.0,714.0,0.0,56.9,25.0,Individual,5,High Risk,Manual Review
111977089,20000.0, 60 months,24.85,E,E3,< 1 year,MORTGAGE,34500.0,Source Verified,debt_consolidation,MO,27.1,2.0,680.0,684.0,0.0,87.1,19.0,Joint App,5,High Risk,Manual Review
112156671,20000.0, 36 months,30.99,G,G5,< 1 year,MORTGAGE,68000.0,Verified,debt_consolidation,AR,43.24,3.0,665.0,669.0,3.0,61.9,45.0,Joint App,6,High Risk,Manual Review
110437622,17600.0, 60 months,26.3,E,E5,3 years,RENT,60000.0,Source Verified,other,NC,20.22,1.0,675.0,679.0,0.0,85.7,19.0,Individual,5,High Risk,Manual Review
112249967,5000.0, 36 months,30.99,G,G5,4 years,MORTGAGE,60000.0,Verified,other,CA,30.04,0.0,660.0,664.0,4.0,68.4,17.0,Individual,5,High Risk,Manual Review
112647179,21000.0, 36 months,21.45,D,D5,10+ years,MORTGAGE,135000.0,Source Verified,debt_consolidation,GA,30.39,3.0,660.0,664.0,0.0,86.5,27.0,Individual,5,High Risk,Manual Review
112045862,35000.0, 60 months,19.03,D,D3,< 1 year,MORTGAGE,53000.0,Verified,debt_consolidation,MT,32.27,1.0,685.0,689.0,1.0,91.7,16.0,Joint App,5,High Risk,Manual Review
110759257,7350.0, 36 months,30.17,F,F3,2 years,RENT,23000.0,Verified,debt_consolidation,TX,31.93,1.0,665.0,669.0,0.0,76.9,18.0,Individual,6,High Risk,Manual Review
112409430,26325.0, 36 months,30.79,G,G1,< 1 year,RENT,100000.0,Verified,debt_consolidation,CA,32.59,0.0,690.0,694.0,1.0,85.4,15.0,Individual,6,High Risk,Manual Review
111674601,20000.0, 36 months,30.99,G,G5,10+ years,RENT,54000.0,Verified,debt_consolidation,WI,31.98,0.0,710.0,714.0,1.0,75.9,21.0,Individual,5,High Risk,Manual Review
111957168,24000.0, 36 months,25.82,E,E4,10+ years,MORTGAGE,80000.0,Source Verified,other,WI,32.39,0.0,705.0,709.0,1.0,63.5,27.0,Individual,5,High Risk,Manual Review
112466880,2450.0, 36 months,29.69,F,F2,3 years,OWN,14000.0,Verified,debt_consolidation,TX,32.85,0.0,705.0,709.0,0.0,42.7,8.0,Individual,5,High Risk,Manual Review
112725045,25000.0, 60 months,30.94,G,G4,2 years,MORTGAGE,75000.0,Source Verified,home_improvement,MD,14.66,1.0,660.0,664.0,0.0,85.8,35.0,Individual,5,High Risk,Manual Review
112736723,2000.0, 36 months,23.88,E,E2,6 years,RENT,61000.0,Not Verified,debt_consolidation,SC,30.96,1.0,665.0,669.0,0.0,41.4,34.0,Individual,6,High Risk,Manual Review
111732708,7000.0, 36 months,24.85,E,E3,,MORTGAGE,124700.0,Verified,home_improvement,TN,36.93,0.0,685.0,689.0,3.0,84.7,51.0,Joint App,6,High Risk,Manual Review
111797726,35000.0, 36 months,23.88,E,E2,10+ years,MORTGAGE,62000.0,Source Verified,debt_consolidation,ND,54.72,0.0,690.0,694.0,0.0,79.4,43.0,Joint App,5,High Risk,Manual Review
111997749,25000.0, 60 months,26.3,E,E5,,MORTGAGE,21000.0,Verified,credit_card,AL,75.71,0.0,680.0,684.0,0.0,43.4,23.0,Joint App,5,High Risk,Manual Review
112379540,30000.0, 60 months,30.65,F,F4,10+ years,MORTGAGE,65000.0,Verified,debt_consolidation,VT,32.79,1.0,665.0,669.0,0.0,75.4,22.0,Individual,6,High Risk,Manual Review
110499985,32000.0, 60 months,30.84,G,G2,6 years,MORTGAGE,72300.0,Source Verified,debt_consolidation,TX,32.25,0.0,685.0,689.0,0.0,74.8,17.0,Individual,5,High Risk,Manual Review
112145720,14000.0, 60 months,30.75,F,F5,4 years,RENT,34087.0,Source Verified,debt_consolidation,IL,31.76,0.0,685.0,689.0,0.0,46.4,22.0,Individual,5,High Risk,Manual Review
112119917,19150.0, 36 months,16.02,C,C5,7 years,MORTGAGE,60000.0,Verified,debt_consolidation,OH,30.18,1.0,680.0,684.0,0.0,90.1,42.0,Individual,5,High Risk,Manual Review
112708641,20000.0, 36 months,25.82,E,E4,2 years,MORTGAGE,75000.0,Source Verified,debt_consolidation,OH,32.72,0.0,660.0,664.0,0.0,97.7,21.0,Individual,6,High Risk,Manual Review
112062317,10000.0, 36 months,20.0,D,D4,< 1 year,MORTGAGE,50000.0,Source Verified,debt_consolidation,MA,60.58,1.0,670.0,674.0,0.0,92.4,15.0,Joint App,5,High Risk,Manual Review
112155532,8000.0, 36 months,24.85,E,E3,10+ years,OWN,90000.0,Verified,house,TX,32.27,2.0,680.0,684.0,1.0,74.2,56.0,Individual,6,High Risk,Manual Review
112116916,23000.0, 60 months,26.3,E,E5,10+ years,MORTGAGE,45000.0,Source Verified,other,PA,32.37,1.0,675.0,679.0,0.0,93.5,10.0,Joint App,7,High Risk,Manual Review
112105178,25000.0, 60 months,26.3,E,E5,10+ years,RENT,90000.0,Source Verified,debt_consolidation,FL,30.41,0.0,660.0,664.0,0.0,69.5,18.0,Individual,5,High Risk,Manual Review
111810198,18975.0, 60 months,22.91,E,E1,10+ years,MORTGAGE,70000.0,Verified,debt_consolidation,IN,30.74,0.0,660.0,664.0,1.0,66.0,13.0,Individual,5,High Risk,Manual Review
112080893,8000.0, 36 months,24.85,E,E3,10+ years,RENT,55000.0,Verified,debt_consolidation,NJ,30.07,0.0,680.0,684.0,2.0,40.0,13.0,Individual,5,High Risk,Manual Review
110826985,5000.0, 36 months,23.88,E,E2,< 1 year,OWN,58000.0,Verified,medical,VA,32.42,0.0,690.0,694.0,0.0,40.0,38.0,Individual,5,High Risk,Manual Review
111078688,3425.0, 36 months,22.91,E,E1,,RENT,42000.0,Verified,credit_card,NC,33.14,0.0,700.0,704.0,1.0,58.6,9.0,Individual,5,High Risk,Manual Review
111860727,6000.0, 36 months,23.88,E,E2,7 years,RENT,43200.0,Source Verified,debt_consolidation,HI,31.42,0.0,685.0,689.0,0.0,92.9,18.0,Individual,6,High Risk,Manual Review
111838653,18000.0, 60 months,29.69,F,F2,6 years,MORTGAGE,101000.0,Verified,debt_consolidation,OK,30.79,2.0,660.0,664.0,0.0,78.0,35.0,Individual,6,High Risk,Manual Review
112616249,12000.0, 60 months,30.17,F,F3,10+ years,RENT,60000.0,Not Verified,debt_consolidation,NC,33.64,0.0,690.0,694.0,3.0,23.0,33.0,Individual,5,High Risk,Manual Review
112057304,20000.0, 60 months,30.17,F,F3,10+ years,RENT,50000.0,Verified,debt_consolidation,NC,30.05,0.0,670.0,674.0,0.0,89.9,16.0,Individual,6,High Risk,Manual Review
111998156,32000.0, 60 months,26.3,E,E5,9 years,OWN,75000.0,Verified,debt_consolidation,MA,32.37,0.0,665.0,669.0,0.0,77.6,24.0,Individual,5,High Risk,Manual Review
112082887,5000.0, 36 months,30.17,F,F3,2 years,OWN,25000.0,Source Verified,car,AZ,33.08,0.0,695.0,699.0,3.0,55.6,22.0,Individual,5,High Risk,Manual Review
111602281,23750.0, 60 months,23.88,E,E2,9 years,RENT,66000.0,Verified,debt_consolidation,CO,30.24,0.0,690.0,694.0,1.0,67.0,21.0,Individual,5,High Risk,Manual Review
112615899,40000.0, 60 months,30.75,F,F5,9 years,MORTGAGE,120000.0,Verified,credit_card,FL,33.17,0.0,695.0,699.0,0.0,63.6,43.0,Individual,5,High Risk,Manual Review
112635745,6000.0, 36 months,23.88,E,E2,10+ years,OWN,24000.0,Source Verified,debt_consolidation,NV,30.55,0.0,680.0,684.0,1.0,53.8,13.0,Individual,5,High Risk,Manual Review
111977126,8725.0, 36 months,23.88,E,E2,< 1 year,RENT,24960.0,Verified,debt_consolidation,FL,32.31,0.0,685.0,689.0,1.0,63.0,16.0,Individual,5,High Risk,Manual Review
112074016,12000.0, 60 months,26.3,E,E5,3 years,MORTGAGE,52000.0,Not Verified,credit_card,AL,34.23,0.0,660.0,664.0,0.0,44.5,35.0,Individual,5,High Risk,Manual Review
112582831,8250.0, 36 months,25.82,E,E4,6 years,MORTGAGE,33000.0,Verified,debt_consolidation,NC,31.7,0.0,665.0,669.0,0.0,85.5,19.0,Individual,6,High Risk,Manual Review
112073872,11200.0, 60 months,30.65,F,F4,10+ years,MORTGAGE,69000.0,Verified,home_improvement,SC,33.01,0.0,670.0,674.0,2.0,64.0,11.0,Individual,5,High Risk,Manual Review
111481254,12950.0, 60 months,29.69,F,F2,10+ years,RENT,72000.0,Verified,debt_consolidation,CA,31.87,0.0,685.0,689.0,0.0,89.0,16.0,Individual,6,High Risk,Manual Review
112710414,17000.0, 60 months,26.3,E,E5,10+ years,MORTGAGE,75000.0,Not Verified,debt_consolidation,CA,30.78,0.0,670.0,674.0,0.0,53.8,16.0,Individual,5,High Risk,Manual Review
112145198,6500.0, 36 months,23.88,E,E2,2 years,RENT,21720.0,Source Verified,debt_consolidation,CA,34.75,0.0,665.0,669.0,1.0,56.1,13.0,Individual,5,High Risk,Manual Review
111857234,10000.0, 36 months,23.88,E,E2,10+ years,MORTGAGE,63000.0,Verified,debt_consolidation,OK,30.5,1.0,680.0,684.0,0.0,67.8,29.0,Individual,6,High Risk,Manual Review
112585242,23100.0, 36 months,30.99,G,G5,4 years,RENT,55000.0,Verified,debt_consolidation,FL,34.43,1.0,670.0,674.0,2.0,76.3,63.0,Individual,6,High Risk,Manual Review
112020023,12000.0, 60 months,26.3,E,E5,< 1 year,OWN,60000.0,Source Verified,other,NY,34.42,0.0,685.0,689.0,0.0,40.8,20.0,Individual,5,High Risk,Manual Review
110435189,15000.0, 60 months,25.82,E,E4,10+ years,RENT,75377.0,Source Verified,home_improvement,MD,34.61,0.0,685.0,689.0,1.0,46.7,43.0,Individual,5,High Risk,Manual Review
110357621,9000.0, 36 months,23.88,E,E2,< 1 year,RENT,35000.0,Verified,debt_consolidation,WA,42.08,1.0,680.0,684.0,3.0,45.4,14.0,Joint App,6,High Risk,Manual Review
111673452,30000.0, 60 months,24.85,E,E3,10+ years,RENT,120000.0,Verified,credit_card,NY,32.28,0.0,660.0,664.0,2.0,54.0,25.0,Individual,5,High Risk,Manual Review
112031404,15000.0, 36 months,24.85,E,E3,,MORTGAGE,33036.0,Verified,debt_consolidation,MI,33.73,0.0,670.0,674.0,0.0,21.7,49.0,Individual,5,High Risk,Manual Review
112051786,32000.0, 36 months,25.82,E,E4,4 years,MORTGAGE,72000.0,Source Verified,debt_consolidation,PA,14.49,1.0,665.0,669.0,0.0,84.9,22.0,Joint App,5,High Risk,Manual Review
111620803,21275.0, 60 months,30.94,G,G4,10+ years,MORTGAGE,109340.0,Verified,debt_consolidation,NY,28.28,1.0,660.0,664.0,1.0,100.2,12.0,Individual,5,High Risk,Manual Review
112030205,13000.0, 60 months,30.75,F,F5,10+ years,RENT,32000.0,Verified,debt_consolidation,WY,45.5,0.0,665.0,669.0,0.0,54.1,27.0,Joint App,5,High Risk,Manual Review
112057194,18525.0, 36 months,25.82,E,E4,< 1 year,RENT,62000.0,Source Verified,debt_consolidation,SD,47.41,0.0,670.0,674.0,1.0,50.2,21.0,Joint App,5,High Risk,Manual Review
112045738,4800.0, 36 months,26.3,E,E5,7 years,MORTGAGE,61000.0,Verified,vacation,OK,33.76,0.0,675.0,679.0,1.0,57.3,25.0,Individual,5,High Risk,Manual Review
111620288,20000.0, 36 months,23.88,E,E2,< 1 year,MORTGAGE,90000.0,Source Verified,debt_consolidation,CO,30.72,0.0,660.0,664.0,0.0,92.3,30.0,Joint App,6,High Risk,Manual Review
112057869,10000.0, 36 months,22.91,E,E1,2 years,OWN,33000.0,Verified,small_business,AL,33.64,0.0,700.0,704.0,1.0,39.7,15.0,Individual,5,High Risk,Manual Review
110363703,24000.0, 36 months,24.85,E,E3,7 years,MORTGAGE,80000.0,Source Verified,debt_consolidation,NJ,31.05,1.0,680.0,684.0,1.0,64.9,55.0,Individual,6,High Risk,Manual Review
111751376,3325.0, 36 months,24.85,E,E3,5 years,RENT,24480.0,Source Verified,debt_consolidation,NY,32.65,1.0,670.0,674.0,0.0,26.1,13.0,Individual,6,High Risk,Manual Review
111695445,20800.0, 36 months,25.82,E,E4,7 years,RENT,23100.0,Verified,debt_consolidation,UT,58.29,0.0,670.0,674.0,0.0,87.9,9.0,Joint App,6,High Risk,Manual Review
111431436,28000.0, 60 months,30.79,G,G1,2 years,MORTGAGE,21600.0,Source Verified,debt_consolidation,CA,135.17,0.0,675.0,679.0,2.0,41.6,35.0,Joint App,5,High Risk,Manual Review
111997128,15950.0, 60 months,30.89,G,G3,3 years,RENT,42000.0,Verified,debt_consolidation,FL,32.6,0.0,665.0,669.0,0.0,95.8,32.0,Individual,6,High Risk,Manual Review
112054845,29475.0, 36 months,24.85,E,E3,< 1 year,MORTGAGE,47000.0,Source Verified,debt_consolidation,MI,33.43,0.0,690.0,694.0,0.0,54.9,34.0,Joint App,5,High Risk,Manual Review
111862519,2000.0, 36 months,25.82,E,E4,10+ years,RENT,58000.0,Verified,vacation,NY,30.16,0.0,665.0,669.0,0.0,57.3,28.0,Individual,5,High Risk,Manual Review
111861130,20000.0, 60 months,30.79,G,G1,10+ years,OWN,92500.0,Source Verified,debt_consolidation,MN,19.63,1.0,680.0,684.0,1.0,93.2,41.0,Individual,5,High Risk,Manual Review
111912806,6000.0, 36 months,24.85,E,E3,3 years,MORTGAGE,35000.0,Verified,small_business,SD,30.93,1.0,665.0,669.0,0.0,79.4,18.0,Individual,6,High Risk,Manual Review
111965247,35000.0, 60 months,23.88,E,E2,1 year,MORTGAGE,104643.0,Verified,debt_consolidation,MD,32.53,0.0,660.0,664.0,2.0,94.0,23.0,Individual,6,High Risk,Manual Review
110793985,24000.0, 60 months,30.65,F,F4,9 years,MORTGAGE,55000.0,Source Verified,debt_consolidation,WA,30.5,0.0,680.0,684.0,2.0,68.3,16.0,Joint App,5,High Risk,Manual Review
112032185,20000.0, 60 months,30.99,G,G5,< 1 year,MORTGAGE,20400.0,Verified,debt_consolidation,WI,109.76,0.0,670.0,674.0,2.0,68.6,26.0,Joint App,5,High Risk,Manual Review
96923538,10000.0, 60 months,30.75,F,F5,,MORTGAGE,24000.0,Verified,debt_consolidation,VA,49.2,0.0,670.0,674.0,0.0,55.6,21.0,Joint App,5,High Risk,Manual Review
111659200,16375.0, 60 months,30.94,G,G4,3 years,MORTGAGE,32763.0,Source Verified,credit_card,MI,33.44,0.0,675.0,679.0,3.0,48.9,21.0,Joint App,5,High Risk,Manual Review
112313728,40000.0, 36 months,23.88,E,E2,2 years,OWN,400000.0,Source Verified,other,TX,19.17,2.0,685.0,689.0,1.0,93.4,31.0,Individual,5,High Risk,Manual Review
111845681,35000.0, 60 months,30.17,F,F3,2 years,MORTGAGE,160000.0,Source Verified,debt_consolidation,CA,35.93,0.0,690.0,694.0,0.0,86.6,34.0,Joint App,6,High Risk,Manual Review
112052025,24000.0, 60 months,30.89,G,G3,10+ years,MORTGAGE,80000.0,Source Verified,credit_card,CA,30.93,0.0,670.0,674.0,1.0,41.6,22.0,Individual,5,High Risk,Manual Review
112279224,24000.0, 60 months,16.02,C,C5,2 years,MORTGAGE,110000.0,Not Verified,credit_card,VA,33.41,4.0,680.0,684.0,0.0,89.0,52.0,Individual,5,High Risk,Manual Review
85902547,12000.0, 36 months,30.84,G,G2,10+ years,MORTGAGE,49200.0,Verified,debt_consolidation,WA,33.49,0.0,675.0,679.0,1.0,67.9,34.0,Individual,5,High Risk,Manual Review
111759519,10000.0, 36 months,18.06,D,D2,8 years,RENT,80000.0,Source Verified,debt_consolidation,NM,32.52,1.0,665.0,669.0,1.0,91.8,9.0,Individual,5,High Risk,Manual Review
111987599,23850.0, 36 months,24.85,E,E3,6 years,MORTGAGE,64000.0,Verified,home_improvement,FL,33.53,0.0,685.0,689.0,2.0,75.0,18.0,Individual,5,High Risk,Manual Review
112135999,2400.0, 36 months,23.88,E,E2,< 1 year,RENT,49000.0,Source Verified,vacation,CA,30.49,0.0,660.0,664.0,1.0,47.4,36.0,Individual,5,High Risk,Manual Review
111674572,10000.0, 60 months,30.17,F,F3,,RENT,50000.0,Verified,debt_consolidation,NV,32.86,0.0,660.0,664.0,1.0,75.8,30.0,Individual,5,High Risk,Manual Review
110827231,18475.0, 36 months,23.88,E,E2,10+ years,OWN,42000.0,Source Verified,debt_consolidation,MI,30.03,0.0,685.0,689.0,0.0,46.4,13.0,Individual,5,High Risk,Manual Review
110815119,17100.0, 36 months,23.88,E,E2,5 years,RENT,45000.0,Source Verified,home_improvement,FL,30.51,0.0,745.0,749.0,3.0,20.2,9.0,Individual,5,High Risk,Manual Review
110978035,24000.0, 60 months,30.94,G,G4,6 years,MORTGAGE,35000.0,Verified,debt_consolidation,IN,30.08,0.0,660.0,664.0,0.0,59.9,17.0,Joint App,5,High Risk,Manual Review
111107735,15000.0, 36 months,25.82,E,E4,10+ years,RENT,39000.0,Verified,debt_consolidation,OK,31.91,0.0,685.0,689.0,2.0,60.8,32.0,Individual,5,High Risk,Manual Review
112025667,35000.0, 60 months,30.75,F,F5,8 years,MORTGAGE,119000.0,Verified,debt_consolidation,CO,33.79,0.0,660.0,664.0,0.0,98.5,24.0,Individual,6,High Risk,Manual Review
111550723,16100.0, 36 months,22.91,E,E1,4 years,RENT,35000.0,Source Verified,small_business,IL,32.92,0.0,710.0,714.0,1.0,38.7,19.0,Individual,5,High Risk,Manual Review
110713168,25000.0, 60 months,26.3,E,E5,10+ years,OWN,85000.0,Verified,credit_card,MN,31.95,0.0,670.0,674.0,0.0,41.9,21.0,Individual,5,High Risk,Manual Review
111757669,16500.0, 60 months,30.84,G,G2,10+ years,MORTGAGE,64000.0,Not Verified,credit_card,MI,47.44,0.0,660.0,664.0,1.0,95.0,37.0,Joint App,6,High Risk,Manual Review
111673337,35000.0, 60 months,30.89,G,G3,5 years,RENT,80000.0,Source Verified,debt_consolidation,FL,33.35,0.0,690.0,694.0,0.0,59.9,21.0,Individual,5,High Risk,Manual Review
112037353,30000.0, 60 months,26.3,E,E5,10+ years,RENT,86000.0,Source Verified,debt_consolidation,TX,33.51,0.0,690.0,694.0,1.0,72.3,22.0,Individual,5,High Risk,Manual Review
111817858,28000.0, 36 months,16.02,C,C5,6 years,RENT,89000.0,Verified,debt_consolidation,CA,32.63,4.0,675.0,679.0,0.0,101.3,24.0,Individual,5,High Risk,Manual Review
111717310,14100.0, 36 months,22.91,E,E1,< 1 year,MORTGAGE,30000.0,Source Verified,debt_consolidation,NY,36.36,1.0,700.0,704.0,0.0,73.5,23.0,Joint App,6,High Risk,Manual Review
111669359,35000.0, 60 months,26.3,E,E5,< 1 year,RENT,38000.0,Verified,debt_consolidation,AZ,70.28,0.0,675.0,679.0,0.0,62.1,25.0,Joint App,5,High Risk,Manual Review
111752303,18000.0, 60 months,30.89,G,G3,5 years,MORTGAGE,65000.0,Not Verified,debt_consolidation,NC,31.52,1.0,705.0,709.0,0.0,77.9,37.0,Individual,6,High Risk,Manual Review
111756049,30000.0, 60 months,30.94,G,G4,1 year,MORTGAGE,60000.0,Verified,debt_consolidation,SC,38.32,8.0,675.0,679.0,1.0,86.9,41.0,Joint App,7,High Risk,Manual Review
111755908,30000.0, 60 months,30.89,G,G3,10+ years,MORTGAGE,45600.0,Verified,debt_consolidation,MT,59.03,0.0,700.0,704.0,1.0,84.8,33.0,Joint App,6,High Risk,Manual Review
111620815,19825.0, 60 months,30.99,G,G5,1 year,RENT,70000.0,Source Verified,medical,NJ,29.52,2.0,665.0,669.0,0.0,81.6,16.0,Individual,5,High Risk,Manual Review
111774702,12725.0, 60 months,30.99,G,G5,10+ years,MORTGAGE,65000.0,Verified,debt_consolidation,CA,32.29,1.0,695.0,699.0,2.0,16.9,26.0,Individual,6,High Risk,Manual Review
110671863,38000.0, 60 months,30.79,G,G1,2 years,RENT,42000.0,Verified,debt_consolidation,FL,33.91,0.0,700.0,704.0,0.0,63.5,19.0,Joint App,5,High Risk,Manual Review
110691863,35000.0, 60 months,30.75,F,F5,7 years,MORTGAGE,33500.0,Verified,debt_consolidation,FL,77.71,0.0,665.0,669.0,2.0,66.2,22.0,Joint App,5,High Risk,Manual Review
111417823,28000.0, 60 months,26.3,E,E5,< 1 year,MORTGAGE,120000.0,Source Verified,debt_consolidation,TX,35.78,0.0,675.0,679.0,1.0,62.9,25.0,Joint App,5,High Risk,Manual Review
111806523,23000.0, 36 months,23.88,E,E2,,RENT,55080.0,Verified,debt_consolidation,CA,31.96,1.0,675.0,679.0,2.0,86.0,13.0,Individual,7,High Risk,Manual Review
111835578,10500.0, 36 months,22.91,E,E1,5 years,RENT,30000.0,Verified,credit_card,FL,33.96,0.0,660.0,664.0,3.0,73.0,8.0,Individual,5,High Risk,Manual Review
111520141,18000.0, 60 months,30.65,F,F4,,MORTGAGE,49200.0,Verified,credit_card,OH,33.46,0.0,670.0,674.0,0.0,71.2,22.0,Individual,5,High Risk,Manual Review
111731288,12000.0, 36 months,26.3,E,E5,< 1 year,OWN,25000.0,Verified,debt_consolidation,TN,35.72,0.0,685.0,689.0,0.0,72.1,17.0,Joint App,5,High Risk,Manual Review
111551575,14400.0, 60 months,25.82,E,E4,4 years,RENT,45000.0,Verified,debt_consolidation,NV,31.49,0.0,670.0,674.0,1.0,72.0,13.0,Individual,5,High Risk,Manual Review
111755276,35000.0, 60 months,30.99,G,G5,< 1 year,RENT,55000.0,Source Verified,credit_card,NY,30.07,1.0,660.0,664.0,1.0,55.8,34.0,Joint App,6,High Risk,Manual Review
111430875,17000.0, 60 months,30.99,G,G5,10+ years,MORTGAGE,37000.0,Verified,debt_consolidation,CA,64.71,1.0,665.0,669.0,0.0,50.6,38.0,Joint App,6,High Risk,Manual Review
112058694,16000.0, 60 months,30.94,G,G4,6 years,RENT,45000.0,Verified,debt_consolidation,CA,30.53,0.0,680.0,684.0,0.0,67.9,21.0,Individual,5,High Risk,Manual Review
112053374,20400.0, 36 months,26.3,E,E5,3 years,RENT,47000.0,Source Verified,debt_consolidation,CA,30.57,0.0,685.0,689.0,0.0,52.5,36.0,Individual,5,High Risk,Manual Review
111082370,25000.0, 60 months,28.72,F,F1,8 years,RENT,30000.0,Verified,debt_consolidation,OR,42.16,0.0,680.0,684.0,0.0,46.9,28.0,Joint App,5,High Risk,Manual Review
111642774,20000.0, 36 months,30.89,G,G3,3 years,RENT,70000.0,Not Verified,home_improvement,CA,30.05,0.0,665.0,669.0,1.0,49.1,17.0,Individual,5,High Risk,Manual Review
111752612,30000.0, 36 months,23.88,E,E2,4 years,RENT,30000.0,Source Verified,debt_consolidation,MD,31.32,0.0,670.0,674.0,0.0,57.2,29.0,Joint App,5,High Risk,Manual Review
111752999,15000.0, 60 months,30.94,G,G4,10+ years,MORTGAGE,83000.0,Verified,debt_consolidation,CT,33.37,0.0,715.0,719.0,1.0,19.6,32.0,Individual,5,High Risk,Manual Review
112025917,20000.0, 36 months,23.88,E,E2,1 year,MORTGAGE,65000.0,Not Verified,debt_consolidation,WA,32.0,2.0,665.0,669.0,0.0,73.4,16.0,Individual,6,High Risk,Manual Review
111672477,25000.0, 60 months,30.75,F,F5,10+ years,RENT,55000.0,Source Verified,debt_consolidation,CA,30.59,0.0,685.0,689.0,0.0,58.5,41.0,Individual,5,High Risk,Manual Review
111646946,21000.0, 60 months,30.94,G,G4,,MORTGAGE,21347.04,Not Verified,debt_consolidation,IN,42.07,0.0,685.0,689.0,0.0,41.1,18.0,Joint App,5,High Risk,Manual Review
111668476,20800.0, 60 months,30.79,G,G1,,RENT,38608.0,Verified,debt_consolidation,TN,40.07,0.0,670.0,674.0,1.0,63.1,34.0,Joint App,5,High Risk,Manual Review
111682142,30000.0, 60 months,19.03,D,D3,5 years,RENT,70000.0,Source Verified,debt_consolidation,NJ,31.99,1.0,675.0,679.0,0.0,82.6,52.0,Individual,5,High Risk,Manual Review
111694722,12000.0, 60 months,30.84,G,G2,4 years,RENT,55000.0,Verified,credit_card,KY,32.45,0.0,675.0,679.0,4.0,40.8,58.0,Individual,5,High Risk,Manual Review
111673065,12175.0, 60 months,30.17,F,F3,,MORTGAGE,34800.0,Verified,credit_card,CT,31.0,2.0,685.0,689.0,3.0,57.0,35.0,Individual,6,High Risk,Manual Review
111682388,25000.0, 60 months,30.17,F,F3,,MORTGAGE,71000.0,Verified,debt_consolidation,AZ,32.29,0.0,675.0,679.0,1.0,51.0,29.0,Individual,5,High Risk,Manual Review
110827530,18500.0, 36 months,30.79,G,G1,10+ years,MORTGAGE,90000.0,Not Verified,debt_consolidation,KS,34.37,0.0,670.0,674.0,1.0,66.2,31.0,Individual,5,High Risk,Manual Review
111026521,16500.0, 60 months,23.88,E,E2,6 years,RENT,36675.0,Verified,debt_consolidation,OR,31.22,0.0,660.0,664.0,1.0,50.0,18.0,Individual,5,High Risk,Manual Review
110752586,12000.0, 60 months,30.94,G,G4,2 years,RENT,63000.0,Source Verified,debt_consolidation,LA,30.26,0.0,710.0,714.0,1.0,32.0,13.0,Individual,5,High Risk,Manual Review
111708477,10525.0, 60 months,30.89,G,G3,2 years,MORTGAGE,54000.0,Verified,debt_consolidation,SC,30.29,0.0,665.0,669.0,0.0,72.8,25.0,Individual,5,High Risk,Manual Review
111510160,27600.0, 60 months,30.99,G,G5,,MORTGAGE,60000.0,Not Verified,major_purchase,SC,32.0,0.0,715.0,719.0,2.0,30.1,30.0,Individual,5,High Risk,Manual Review
111743049,20000.0, 60 months,24.85,E,E3,1 year,RENT,60000.0,Source Verified,debt_consolidation,PA,33.6,0.0,720.0,724.0,1.0,31.5,27.0,Individual,5,High Risk,Manual Review
111580472,30800.0, 60 months,30.94,G,G4,< 1 year,RENT,67000.0,Source Verified,debt_consolidation,CO,32.64,0.0,700.0,704.0,0.0,71.4,22.0,Individual,5,High Risk,Manual Review
111715340,12650.0, 60 months,30.84,G,G2,5 years,MORTGAGE,55500.0,Verified,debt_consolidation,NC,30.05,1.0,660.0,664.0,0.0,89.8,23.0,Individual,7,High Risk,Manual Review
111417185,35000.0, 60 months,29.69,F,F2,2 years,RENT,52000.0,Source Verified,debt_consolidation,MA,35.93,0.0,690.0,694.0,0.0,38.0,24.0,Joint App,5,High Risk,Manual Review
109836713,20400.0, 60 months,24.85,E,E3,2 years,MORTGAGE,53000.0,Verified,home_improvement,TX,30.14,0.0,685.0,689.0,3.0,20.7,45.0,Joint App,5,High Risk,Manual Review
110671349,26775.0, 60 months,30.17,F,F3,10+ years,MORTGAGE,40000.0,Not Verified,debt_consolidation,VA,31.09,1.0,680.0,684.0,1.0,53.8,26.0,Joint App,6,High Risk,Manual Review
111055519,21875.0, 60 months,30.65,F,F4,10+ years,MORTGAGE,45000.0,Verified,other,TX,39.12,0.0,660.0,664.0,1.0,59.5,54.0,Joint App,5,High Risk,Manual Review
110757844,11200.0, 60 months,24.85,E,E3,10+ years,OWN,55000.0,Verified,other,TX,34.28,0.0,695.0,699.0,0.0,31.6,31.0,Individual,5,High Risk,Manual Review
111588929,24000.0, 60 months,30.94,G,G4,7 years,MORTGAGE,70000.0,Verified,debt_consolidation,SC,33.46,0.0,670.0,674.0,0.0,93.0,18.0,Individual,6,High Risk,Manual Review
110421697,24000.0, 60 months,30.99,G,G5,7 years,MORTGAGE,75000.0,Verified,other,TX,30.19,6.0,675.0,679.0,0.0,50.6,38.0,Individual,6,High Risk,Manual Review
110358128,12000.0, 60 months,30.84,G,G2,< 1 year,RENT,32000.0,Source Verified,debt_consolidation,SD,35.63,0.0,660.0,664.0,0.0,84.6,13.0,Joint App,6,High Risk,Manual Review
111560296,18000.0, 60 months,30.94,G,G4,4 years,OWN,65000.0,Not Verified,debt_consolidation,CA,30.58,0.0,690.0,694.0,0.0,48.8,55.0,Individual,5,High Risk,Manual Review
110091783,7200.0, 36 months,30.89,G,G3,5 years,OWN,39700.0,Verified,home_improvement,MO,33.46,0.0,665.0,669.0,0.0,85.3,23.0,Individual,6,High Risk,Manual Review
110419584,17200.0, 60 months,30.75,F,F5,< 1 year,RENT,50000.0,Source Verified,credit_card,TN,25.9,1.0,670.0,674.0,0.0,97.5,21.0,Individual,5,High Risk,Manual Review
109981518,35000.0, 60 months,30.17,F,F3,,MORTGAGE,1000.0,Source Verified,debt_consolidation,IL,999.0,0.0,670.0,674.0,2.0,64.7,42.0,Joint App,5,High Risk,Manual Review
111130385,19200.0, 60 months,28.72,F,F1,,MORTGAGE,41258.0,Source Verified,credit_card,CA,30.74,0.0,665.0,669.0,2.0,51.4,39.0,Joint App,5,High Risk,Manual Review
111048524,22200.0, 60 months,26.3,E,E5,5 years,MORTGAGE,15000.0,Verified,debt_consolidation,PA,114.32,1.0,695.0,699.0,1.0,53.9,42.0,Joint App,6,High Risk,Manual Review
111639800,12500.0, 36 months,30.84,G,G2,,OWN,36364.0,Verified,debt_consolidation,NC,33.73,0.0,710.0,714.0,2.0,25.8,60.0,Individual,5,High Risk,Manual Review
110749244,16000.0, 60 months,29.69,F,F2,< 1 year,MORTGAGE,63000.0,Verified,debt_consolidation,CA,47.33,0.0,670.0,674.0,2.0,69.1,75.0,Joint App,5,High Risk,Manual Review
110746934,18000.0, 60 months,29.69,F,F2,5 years,RENT,55000.0,Verified,debt_consolidation,NJ,35.3,0.0,670.0,674.0,1.0,57.0,29.0,Joint App,5,High Risk,Manual Review
111296118,22000.0, 60 months,30.84,G,G2,,RENT,10250.0,Not Verified,debt_consolidation,KY,108.55,0.0,675.0,679.0,2.0,47.6,17.0,Joint App,5,High Risk,Manual Review
111128635,24000.0, 60 months,28.72,F,F1,< 1 year,MORTGAGE,45000.0,Source Verified,home_improvement,PA,53.55,4.0,665.0,669.0,1.0,39.5,34.0,Joint App,6,High Risk,Manual Review
111082512,14000.0, 60 months,30.99,G,G5,8 years,OWN,35000.0,Verified,debt_consolidation,CT,33.03,0.0,665.0,669.0,1.0,62.3,21.0,Individual,5,High Risk,Manual Review
111579225,6000.0, 36 months,24.85,E,E3,5 years,RENT,30000.0,Not Verified,debt_consolidation,TX,31.92,0.0,685.0,689.0,1.0,19.0,7.0,Individual,5,High Risk,Manual Review
107623431,17100.0, 60 months,26.3,E,E5,10+ years,MORTGAGE,52000.0,Verified,debt_consolidation,CT,30.95,0.0,685.0,689.0,1.0,48.2,32.0,Individual,5,High Risk,Manual Review
111068348,9400.0, 36 months,30.89,G,G3,6 years,OWN,36000.0,Source Verified,debt_consolidation,LA,30.5,4.0,660.0,664.0,0.0,38.9,24.0,Individual,6,High Risk,Manual Review
110927337,35000.0, 60 months,30.99,G,G5,2 years,MORTGAGE,120000.0,Source Verified,other,AL,32.69,0.0,665.0,669.0,2.0,71.4,70.0,Individual,5,High Risk,Manual Review
110702894,12000.0, 60 months,29.69,F,F2,10+ years,MORTGAGE,65000.0,Verified,credit_card,FL,34.66,1.0,665.0,669.0,0.0,43.4,34.0,Individual,6,High Risk,Manual Review
111366178,14000.0, 36 months,23.88,E,E2,3 years,OWN,65000.0,Verified,debt_consolidation,MI,32.13,0.0,670.0,674.0,0.0,55.9,42.0,Individual,5,High Risk,Manual Review
110836604,8300.0, 36 months,24.85,E,E3,10+ years,MORTGAGE,36400.0,Verified,debt_consolidation,MI,33.96,0.0,660.0,664.0,0.0,24.1,41.0,Individual,5,High Risk,Manual Review
110989514,35000.0, 36 months,23.88,E,E2,8 years,RENT,133000.0,Verified,debt_consolidation,NV,31.07,0.0,660.0,664.0,0.0,77.0,48.0,Individual,5,High Risk,Manual Review
110926075,28000.0, 36 months,26.3,E,E5,3 years,RENT,98000.0,Verified,credit_card,MO,32.08,0.0,670.0,674.0,0.0,44.2,38.0,Individual,5,High Risk,Manual Review
110322247,5400.0, 36 months,24.85,E,E3,2 years,RENT,37000.0,Source Verified,debt_consolidation,NM,32.44,0.0,670.0,674.0,1.0,53.0,7.0,Individual,5,High Risk,Manual Review
110916068,7000.0, 36 months,30.94,G,G4,10+ years,MORTGAGE,126999.0,Verified,home_improvement,TX,32.41,0.0,670.0,674.0,1.0,59.0,62.0,Individual,5,High Risk,Manual Review
110580981,13000.0, 36 months,23.88,E,E2,2 years,RENT,39500.0,Verified,debt_consolidation,CA,30.08,0.0,680.0,684.0,0.0,74.0,15.0,Individual,5,High Risk,Manual Review
109517892,10000.0, 36 months,23.88,E,E2,,OWN,35000.0,Verified,debt_consolidation,TN,30.62,1.0,660.0,664.0,0.0,59.5,17.0,Individual,6,High Risk,Manual Review
111068978,30000.0, 60 months,30.89,G,G3,2 years,RENT,80000.0,Verified,debt_consolidation,WA,34.11,0.0,680.0,684.0,3.0,60.6,27.0,Individual,5,High Risk,Manual Review
110380307,6000.0, 36 months,23.88,E,E2,,MORTGAGE,40000.0,Verified,debt_consolidation,IL,34.29,0.0,675.0,679.0,1.0,76.6,73.0,Joint App,5,High Risk,Manual Review
84102938,35000.0, 60 months,24.99,E,E4,8 years,OWN,165000.0,Source Verified,other,CO,30.53,0.0,740.0,744.0,0.0,31.6,28.0,Individual,5,High Risk,Manual Review
84071674,16375.0, 60 months,26.99,F,F3,10+ years,OWN,39000.0,Source Verified,debt_consolidation,MD,30.92,1.0,670.0,674.0,0.0,32.4,13.0,Individual,6,High Risk,Manual Review
84021246,13975.0, 36 months,28.88,G,G2,1 year,OWN,43680.0,Verified,home_improvement,AZ,31.43,0.0,660.0,664.0,0.0,65.3,12.0,Individual,5,High Risk,Manual Review
84001487,35000.0, 60 months,25.69,F,F1,< 1 year,MORTGAGE,135000.0,Verified,debt_consolidation,NC,30.91,1.0,690.0,694.0,0.0,88.6,38.0,Individual,7,High Risk,Manual Review
83952846,25250.0, 36 months,22.39,E,E1,8 years,MORTGAGE,115000.0,Source Verified,debt_consolidation,MA,31.03,1.0,665.0,669.0,3.0,51.8,33.0,Individual,6,High Risk,Manual Review
83962075,18900.0, 36 months,26.49,F,F2,3 years,MORTGAGE,70000.0,Source Verified,credit_card,CA,30.17,0.0,675.0,679.0,1.0,88.8,17.0,Individual,6,High Risk,Manual Review
84102145,10925.0, 60 months,25.29,E,E5,10+ years,RENT,50000.0,Source Verified,other,IN,34.18,0.0,670.0,674.0,0.0,88.4,14.0,Individual,6,High Risk,Manual Review
84025226,10500.0, 60 months,28.18,G,G1,4 years,MORTGAGE,250000.0,Verified,home_improvement,NY,5.31,1.0,695.0,699.0,0.0,100.4,28.0,Individual,5,High Risk,Manual Review
83910629,19375.0, 36 months,24.99,E,E4,10+ years,MORTGAGE,43600.0,Source Verified,debt_consolidation,MT,32.54,0.0,665.0,669.0,0.0,89.9,15.0,Individual,6,High Risk,Manual Review
83912448,24200.0, 36 months,25.29,E,E5,2 years,RENT,100000.0,Source Verified,debt_consolidation,MI,30.61,2.0,680.0,684.0,3.0,37.1,41.0,Individual,6,High Risk,Manual Review
84090550,32000.0, 36 months,24.49,E,E3,2 years,RENT,110500.0,Verified,major_purchase,IN,30.22,0.0,685.0,689.0,2.0,8.9,36.0,Individual,5,High Risk,Manual Review
84052627,2000.0, 36 months,24.49,E,E3,10+ years,RENT,45000.0,Source Verified,medical,CA,30.86,0.0,685.0,689.0,0.0,96.5,21.0,Individual,6,High Risk,Manual Review
83830337,14775.0, 36 months,22.39,E,E1,1 year,RENT,33600.0,Source Verified,debt_consolidation,CA,34.07,0.0,680.0,684.0,0.0,62.5,25.0,Individual,5,High Risk,Manual Review
83867474,23025.0, 60 months,22.39,E,E1,6 years,MORTGAGE,48000.0,Source Verified,debt_consolidation,MO,32.48,0.0,700.0,704.0,0.0,45.6,46.0,Individual,5,High Risk,Manual Review
84012316,23000.0, 60 months,22.39,E,E1,10+ years,MORTGAGE,70000.0,Not Verified,debt_consolidation,CA,30.58,0.0,675.0,679.0,1.0,30.3,33.0,Individual,5,High Risk,Manual Review
84100756,22000.0, 60 months,25.29,E,E5,4 years,RENT,61074.0,Verified,debt_consolidation,CO,30.67,0.0,695.0,699.0,0.0,49.3,41.0,Individual,5,High Risk,Manual Review
84061758,35000.0, 60 months,24.99,E,E4,10+ years,RENT,92588.0,Verified,debt_consolidation,CA,15.06,1.0,675.0,679.0,0.0,98.0,19.0,Individual,5,High Risk,Manual Review
83837340,24000.0, 60 months,23.99,E,E2,10+ years,MORTGAGE,96000.0,Source Verified,debt_consolidation,MA,13.09,1.0,690.0,694.0,0.0,81.6,22.0,Individual,5,High Risk,Manual Review
83293880,21000.0, 60 months,27.49,F,F4,1 year,MORTGAGE,50000.0,Verified,credit_card,ID,33.13,4.0,670.0,674.0,0.0,88.3,29.0,Individual,7,High Risk,Manual Review
81346544,35000.0, 60 months,25.29,E,E5,3 years,MORTGAGE,107000.0,Verified,debt_consolidation,AL,33.18,0.0,675.0,679.0,0.0,92.6,27.0,Individual,6,High Risk,Manual Review
84134708,30000.0, 60 months,25.29,E,E5,6 years,RENT,85482.0,Source Verified,debt_consolidation,TX,31.21,0.0,675.0,679.0,4.0,47.9,55.0,Individual,5,High Risk,Manual Review
83942963,16000.0, 60 months,23.99,E,E2,10+ years,MORTGAGE,60000.0,Source Verified,credit_card,CA,32.14,0.0,680.0,684.0,0.0,49.2,28.0,Individual,5,High Risk,Manual Review
83807715,20000.0, 60 months,24.99,E,E4,2 years,RENT,188000.0,Verified,car,MD,30.66,1.0,665.0,669.0,0.0,75.4,46.0,Individual,6,High Risk,Manual Review
84032907,13250.0, 60 months,24.99,E,E4,10+ years,MORTGAGE,100000.0,Source Verified,credit_card,MA,32.66,0.0,680.0,684.0,1.0,47.3,56.0,Individual,5,High Risk,Manual Review
84142124,19200.0, 60 months,26.99,F,F3,10+ years,OWN,91300.0,Verified,debt_consolidation,NY,32.05,0.0,680.0,684.0,2.0,47.5,29.0,Individual,5,High Risk,Manual Review
83800173,18600.0, 60 months,30.99,G,G5,6 years,MORTGAGE,49000.0,Verified,debt_consolidation,MD,34.22,0.0,700.0,704.0,0.0,76.6,23.0,Individual,5,High Risk,Manual Review
83911130,19000.0, 60 months,27.49,F,F4,4 years,RENT,38000.0,Source Verified,debt_consolidation,NC,34.18,0.0,690.0,694.0,0.0,75.4,15.0,Individual,5,High Risk,Manual Review
83930316,12000.0, 36 months,22.39,E,E1,2 years,RENT,33600.0,Source Verified,debt_consolidation,CA,31.43,0.0,685.0,689.0,4.0,21.5,29.0,Individual,5,High Risk,Manual Review
83810322,20000.0, 60 months,22.39,E,E1,,MORTGAGE,45514.0,Verified,debt_consolidation,AL,30.46,0.0,700.0,704.0,0.0,79.4,21.0,Individual,5,High Risk,Manual Review
84122052,24725.0, 60 months,24.99,E,E4,10+ years,MORTGAGE,61000.0,Source Verified,debt_consolidation,UT,34.25,2.0,700.0,704.0,0.0,40.1,41.0,Individual,6,High Risk,Manual Review
83660559,28500.0, 36 months,22.39,E,E1,10+ years,RENT,62000.0,Verified,debt_consolidation,GA,34.07,0.0,660.0,664.0,0.0,91.8,12.0,Individual,6,High Risk,Manual Review
83660453,28000.0, 36 months,24.49,E,E3,9 years,MORTGAGE,170000.0,Source Verified,debt_consolidation,AR,33.43,0.0,675.0,679.0,1.0,68.2,40.0,Individual,5,High Risk,Manual Review
83809493,12000.0, 60 months,25.29,E,E5,1 year,OWN,42323.0,Verified,other,TN,30.8,0.0,680.0,684.0,0.0,60.0,33.0,Individual,5,High Risk,Manual Review
84070444,10000.0, 36 months,23.99,E,E2,10+ years,MORTGAGE,61014.0,Source Verified,debt_consolidation,NY,31.83,0.0,670.0,674.0,1.0,70.7,38.0,Individual,5,High Risk,Manual Review
83920719,28000.0, 60 months,27.79,F,F5,2 years,RENT,95500.0,Source Verified,debt_consolidation,NY,31.62,0.0,685.0,689.0,2.0,31.9,19.0,Individual,5,High Risk,Manual Review
83375477,4850.0, 36 months,23.99,E,E2,,MORTGAGE,22467.6,Verified,credit_card,AZ,33.39,2.0,705.0,709.0,0.0,12.7,15.0,Individual,6,High Risk,Manual Review
83869710,12000.0, 60 months,27.49,F,F4,10+ years,MORTGAGE,104000.0,Verified,home_improvement,NY,32.65,0.0,695.0,699.0,1.0,40.2,49.0,Individual,5,High Risk,Manual Review
84010466,17100.0, 60 months,23.99,E,E2,10+ years,OWN,45000.0,Source Verified,debt_consolidation,SC,30.53,0.0,690.0,694.0,0.0,40.6,35.0,Individual,5,High Risk,Manual Review
83528338,20800.0, 60 months,27.49,F,F4,8 years,RENT,41600.0,Verified,debt_consolidation,MN,30.29,1.0,680.0,684.0,1.0,61.7,21.0,Individual,6,High Risk,Manual Review
83900563,7200.0, 36 months,23.99,E,E2,10+ years,MORTGAGE,91000.0,Source Verified,debt_consolidation,KY,34.55,0.0,670.0,674.0,0.0,78.5,45.0,Individual,5,High Risk,Manual Review
83376294,25000.0, 36 months,22.39,E,E1,7 years,MORTGAGE,62000.0,Not Verified,car,IL,31.51,0.0,685.0,689.0,2.0,45.8,22.0,Individual,5,High Risk,Manual Review
84090170,35000.0, 60 months,24.99,E,E4,1 year,MORTGAGE,158100.0,Verified,debt_consolidation,GA,9.46,1.0,665.0,669.0,0.0,100.9,13.0,Individual,5,High Risk,Manual Review
84120383,10000.0, 60 months,22.39,E,E1,10+ years,RENT,85000.0,Not Verified,debt_consolidation,MD,30.61,0.0,690.0,694.0,1.0,15.9,55.0,Individual,5,High Risk,Manual Review
83749282,35000.0, 60 months,26.49,F,F2,2 years,RENT,92000.0,Verified,debt_consolidation,MN,34.79,0.0,720.0,724.0,0.0,96.2,29.0,Individual,6,High Risk,Manual Review
83659824,24000.0, 36 months,24.99,E,E4,10+ years,RENT,75000.0,Verified,debt_consolidation,NJ,32.46,0.0,660.0,664.0,2.0,43.0,33.0,Individual,5,High Risk,Manual Review
81496038,10000.0, 60 months,23.99,E,E2,6 years,RENT,55000.0,Source Verified,credit_card,NJ,30.18,0.0,665.0,669.0,0.0,33.0,37.0,Individual,5,High Risk,Manual Review
83950161,20000.0, 60 months,24.49,E,E3,2 years,OWN,72000.0,Verified,debt_consolidation,UT,31.36,0.0,670.0,674.0,1.0,37.6,35.0,Individual,5,High Risk,Manual Review
83376174,19300.0, 60 months,22.39,E,E1,2 years,RENT,42000.0,Not Verified,debt_consolidation,NM,30.6,0.0,705.0,709.0,0.0,65.1,19.0,Individual,5,High Risk,Manual Review
83839468,14725.0, 60 months,24.99,E,E4,3 years,RENT,40000.0,Source Verified,debt_consolidation,OK,30.09,0.0,680.0,684.0,0.0,34.6,15.0,Individual,5,High Risk,Manual Review
83659118,12000.0, 36 months,22.39,E,E1,3 years,MORTGAGE,65000.0,Source Verified,debt_consolidation,AL,32.92,0.0,680.0,684.0,5.0,57.7,42.0,Individual,5,High Risk,Manual Review
83668021,18000.0, 60 months,23.99,E,E2,2 years,MORTGAGE,42888.0,Verified,debt_consolidation,CA,27.31,1.0,665.0,669.0,1.0,84.0,23.0,Individual,5,High Risk,Manual Review
83737364,11200.0, 60 months,24.99,E,E4,2 years,RENT,65000.0,Source Verified,credit_card,NY,32.79,0.0,680.0,684.0,0.0,91.1,14.0,Individual,6,High Risk,Manual Review
83849774,16000.0, 60 months,24.49,E,E3,< 1 year,MORTGAGE,170000.0,Not Verified,home_improvement,PA,32.05,0.0,660.0,664.0,0.0,46.7,35.0,Individual,5,High Risk,Manual Review
81377600,6000.0, 36 months,20.99,E,E1,,OWN,60000.0,Verified,credit_card,NC,33.08,0.0,710.0,714.0,1.0,57.4,27.0,Individual,5,High Risk,Manual Review
83688862,15000.0, 36 months,24.49,E,E3,10+ years,MORTGAGE,62000.0,Verified,debt_consolidation,CA,30.57,2.0,660.0,664.0,0.0,66.5,17.0,Individual,6,High Risk,Manual Review
83847285,36000.0, 60 months,24.49,E,E3,2 years,RENT,72000.0,Verified,debt_consolidation,FL,30.25,0.0,735.0,739.0,0.0,42.1,15.0,Individual,5,High Risk,Manual Review
83709690,12000.0, 60 months,22.39,E,E1,5 years,RENT,78000.0,Verified,other,NY,6.38,1.0,660.0,664.0,0.0,91.1,10.0,Individual,5,High Risk,Manual Review
83725946,10000.0, 60 months,24.49,E,E3,,RENT,52000.0,Verified,vacation,CA,31.59,0.0,705.0,709.0,1.0,54.0,25.0,Individual,5,High Risk,Manual Review
83867197,22000.0, 60 months,26.49,F,F2,9 years,MORTGAGE,50000.0,Verified,debt_consolidation,NM,16.03,1.0,665.0,669.0,0.0,92.5,13.0,Individual,5,High Risk,Manual Review
83669020,7500.0, 36 months,16.99,D,D1,10+ years,MORTGAGE,45000.0,Source Verified,debt_consolidation,TN,30.37,1.0,685.0,689.0,0.0,84.4,29.0,Individual,5,High Risk,Manual Review
83795381,30000.0, 60 months,25.29,E,E5,2 years,MORTGAGE,110000.0,Source Verified,debt_consolidation,TX,30.51,1.0,690.0,694.0,0.0,47.9,36.0,Individual,6,High Risk,Manual Review
83727223,2500.0, 36 months,25.69,F,F1,9 years,RENT,53500.0,Not Verified,debt_consolidation,FL,33.94,0.0,680.0,684.0,0.0,29.3,19.0,Individual,5,High Risk,Manual Review
83789440,13600.0, 60 months,27.79,F,F5,10+ years,RENT,65000.0,Verified,debt_consolidation,CA,34.82,0.0,695.0,699.0,0.0,79.0,22.0,Individual,5,High Risk,Manual Review
83293145,15000.0, 60 months,22.39,E,E1,4 years,RENT,35000.0,Source Verified,medical,GA,30.97,0.0,720.0,724.0,1.0,30.6,33.0,Individual,5,High Risk,Manual Review
81404410,11200.0, 60 months,23.99,E,E4,< 1 year,RENT,32480.0,Verified,moving,TX,34.29,0.0,680.0,684.0,0.0,4.7,17.0,Individual,5,High Risk,Manual Review
83786924,11050.0, 36 months,27.79,F,F5,,RENT,43000.0,Verified,debt_consolidation,OR,31.34,0.0,685.0,689.0,2.0,63.3,20.0,Individual,5,High Risk,Manual Review
83716221,6500.0, 36 months,24.49,E,E3,10+ years,RENT,40000.0,Verified,debt_consolidation,MO,32.97,0.0,670.0,674.0,1.0,58.0,23.0,Individual,5,High Risk,Manual Review
83736645,35000.0, 36 months,24.99,E,E4,5 years,MORTGAGE,82100.0,Verified,debt_consolidation,TX,21.87,2.0,695.0,699.0,0.0,88.8,29.0,Individual,5,High Risk,Manual Review
83657339,14025.0, 60 months,23.99,E,E2,3 years,RENT,39000.0,Verified,credit_card,WI,19.69,1.0,670.0,674.0,0.0,107.5,12.0,Individual,5,High Risk,Manual Review
83828169,20275.0, 60 months,29.96,G,G4,< 1 year,MORTGAGE,86000.0,Source Verified,debt_consolidation,TX,32.78,0.0,690.0,694.0,0.0,75.4,42.0,Individual,5,High Risk,Manual Review
83408817,10450.0, 60 months,22.39,E,E1,8 years,RENT,36000.0,Source Verified,medical,GA,33.4,1.0,705.0,709.0,2.0,27.7,53.0,Individual,6,High Risk,Manual Review
81506828,6600.0, 36 months,16.29,D,D1,1 year,MORTGAGE,80000.0,Verified,major_purchase,NJ,31.5,1.0,660.0,664.0,1.0,89.7,25.0,Individual,5,High Risk,Manual Review
83685751,4800.0, 36 months,23.99,E,E2,2 years,MORTGAGE,75000.0,Verified,debt_consolidation,NJ,10.86,1.0,660.0,664.0,1.0,80.8,18.0,Individual,5,High Risk,Manual Review
80790519,26950.0, 60 months,29.67,G,G3,2 years,MORTGAGE,67000.0,Verified,debt_consolidation,NC,35.86,0.0,685.0,689.0,0.0,36.3,33.0,Individual,5,High Risk,Manual Review
83344524,12775.0, 36 months,27.49,F,F4,10+ years,RENT,50000.0,Verified,major_purchase,NJ,32.67,0.0,660.0,664.0,1.0,75.8,13.0,Individual,5,High Risk,Manual Review
83578878,27225.0, 60 months,30.99,G,G5,10+ years,RENT,93000.0,Verified,debt_consolidation,NY,32.7,1.0,680.0,684.0,0.0,50.9,29.0,Individual,6,High Risk,Manual Review
83558898,17000.0, 60 months,24.49,E,E3,1 year,OWN,50000.0,Verified,debt_consolidation,AL,31.54,1.0,695.0,699.0,0.0,42.5,29.0,Individual,6,High Risk,Manual Review
81821185,32000.0, 60 months,29.96,G,G4,7 years,MORTGAGE,100000.0,Verified,credit_card,IN,33.64,0.0,710.0,714.0,1.0,77.8,25.0,Individual,5,High Risk,Manual Review
83725659,14700.0, 60 months,26.49,F,F2,6 years,RENT,35000.0,Verified,other,VA,31.96,0.0,665.0,669.0,2.0,47.3,15.0,Individual,5,High Risk,Manual Review
83695492,17600.0, 36 months,24.99,E,E4,1 year,RENT,40000.0,Verified,debt_consolidation,CA,30.42,0.0,680.0,684.0,2.0,40.2,30.0,Individual,5,High Risk,Manual Review
83253716,30000.0, 60 months,24.49,E,E3,9 years,OWN,90000.0,Verified,debt_consolidation,LA,8.93,1.0,670.0,674.0,0.0,95.2,33.0,Individual,5,High Risk,Manual Review
83756045,22000.0, 60 months,24.49,E,E3,10+ years,MORTGAGE,107800.0,Verified,debt_consolidation,CA,32.49,0.0,700.0,704.0,0.0,70.6,12.0,Individual,5,High Risk,Manual Review
83675370,16000.0, 36 months,23.99,E,E2,7 years,MORTGAGE,68000.0,Verified,debt_consolidation,GA,32.77,6.0,680.0,684.0,1.0,79.0,38.0,Individual,6,High Risk,Manual Review
83775804,4325.0, 36 months,23.99,E,E2,1 year,MORTGAGE,31000.0,Source Verified,credit_card,MN,32.44,0.0,690.0,694.0,0.0,77.0,38.0,Individual,5,High Risk,Manual Review
83538829,35000.0, 60 months,27.79,F,F5,4 years,MORTGAGE,72773.0,Verified,credit_card,PA,30.42,0.0,670.0,674.0,0.0,58.7,17.0,Individual,5,High Risk,Manual Review
81524136,12000.0, 60 months,27.49,F,F4,< 1 year,MORTGAGE,70000.0,Source Verified,credit_card,SC,32.62,0.0,700.0,704.0,1.0,87.9,27.0,Individual,6,High Risk,Manual Review
83528163,26400.0, 60 months,22.39,E,E1,1 year,MORTGAGE,55000.0,Source Verified,credit_card,OH,34.08,0.0,750.0,754.0,1.0,54.6,19.0,Individual,5,High Risk,Manual Review
83377171,32400.0, 36 months,15.59,C,C5,1 year,MORTGAGE,94000.0,Verified,debt_consolidation,CT,30.77,1.0,675.0,679.0,0.0,87.4,38.0,Individual,5,High Risk,Manual Review
83182262,35000.0, 60 months,28.18,G,G1,10+ years,MORTGAGE,105000.0,Verified,credit_card,MO,30.34,1.0,675.0,679.0,1.0,94.8,40.0,Individual,7,High Risk,Manual Review
83183957,13675.0, 60 months,26.49,F,F2,< 1 year,MORTGAGE,38000.0,Source Verified,small_business,MS,31.62,0.0,685.0,689.0,1.0,68.0,9.0,Individual,5,High Risk,Manual Review
83746698,12200.0, 60 months,24.99,E,E4,10+ years,RENT,47000.0,Verified,debt_consolidation,PA,31.84,0.0,660.0,664.0,0.0,66.9,51.0,Individual,5,High Risk,Manual Review
83428446,23800.0, 60 months,26.99,F,F3,10+ years,RENT,110000.0,Not Verified,debt_consolidation,IL,25.27,2.0,660.0,664.0,0.0,85.1,33.0,Individual,5,High Risk,Manual Review
83428910,1000.0, 36 months,22.39,E,E1,,RENT,47964.0,Verified,other,NM,31.1,0.0,680.0,684.0,1.0,97.7,22.0,Individual,6,High Risk,Manual Review
83294740,2475.0, 36 months,24.49,E,E3,10+ years,RENT,20000.0,Source Verified,other,CA,31.99,0.0,700.0,704.0,2.0,37.3,5.0,Individual,5,High Risk,Manual Review
81476113,3000.0, 36 months,22.39,E,E1,5 years,OWN,54500.0,Verified,debt_consolidation,VA,15.59,2.0,685.0,689.0,2.0,81.6,25.0,Individual,5,High Risk,Manual Review
81464197,12000.0, 36 months,22.39,E,E1,10+ years,MORTGAGE,44000.0,Verified,debt_consolidation,MO,31.7,0.0,695.0,699.0,0.0,51.9,24.0,Individual,5,High Risk,Manual Review
83715690,11500.0, 60 months,22.39,E,E1,10+ years,MORTGAGE,164500.0,Source Verified,debt_consolidation,GA,30.7,1.0,665.0,669.0,1.0,90.2,34.0,Individual,7,High Risk,Manual Review
83579054,30625.0, 60 months,27.79,F,F5,8 years,MORTGAGE,92000.0,Source Verified,house,WA,33.55,0.0,715.0,719.0,1.0,12.7,70.0,Individual,5,High Risk,Manual Review
78429136,10800.0, 36 months,23.32,E,E3,6 years,OWN,24570.0,Verified,credit_card,LA,36.3,0.0,665.0,669.0,0.0,69.6,12.0,Individual,5,High Risk,Manual Review
81365987,29400.0, 36 months,24.99,E,E5,6 years,MORTGAGE,96000.0,Verified,debt_consolidation,TN,40.25,0.0,700.0,704.0,1.0,70.3,39.0,Individual,5,High Risk,Manual Review
81427085,23725.0, 36 months,25.11,F,F1,10+ years,RENT,75000.0,Not Verified,debt_consolidation,TN,33.81,1.0,670.0,674.0,1.0,49.7,29.0,Individual,6,High Risk,Manual Review
81385417,5000.0, 36 months,22.35,E,E2,3 years,RENT,18251.0,Verified,credit_card,WI,38.62,0.0,660.0,664.0,0.0,60.9,16.0,Individual,5,High Risk,Manual Review
83144671,14725.0, 60 months,22.39,E,E1,1 year,OWN,40000.0,Verified,debt_consolidation,VA,30.42,1.0,685.0,689.0,1.0,4.3,22.0,Individual,6,High Risk,Manual Review
83303651,12000.0, 60 months,27.49,F,F4,10+ years,MORTGAGE,48600.0,Verified,debt_consolidation,CA,33.53,0.0,665.0,669.0,0.0,14.3,15.0,Individual,5,High Risk,Manual Review
83114040,25000.0, 36 months,26.99,F,F3,10+ years,OWN,68000.0,Source Verified,house,OH,31.01,0.0,685.0,689.0,1.0,41.8,13.0,Individual,5,High Risk,Manual Review
83154833,10000.0, 36 months,22.39,E,E1,8 years,MORTGAGE,59696.0,Source Verified,home_improvement,MN,33.5,0.0,680.0,684.0,2.0,50.5,24.0,Individual,5,High Risk,Manual Review
83478736,14075.0, 36 months,22.39,E,E1,4 years,OWN,32000.0,Source Verified,debt_consolidation,NM,34.66,0.0,725.0,729.0,0.0,31.3,12.0,Individual,5,High Risk,Manual Review
79753799,9175.0, 36 months,24.99,E,E5,,RENT,27000.0,Verified,debt_consolidation,DC,33.82,0.0,670.0,674.0,0.0,72.8,22.0,Individual,5,High Risk,Manual Review
83172453,7575.0, 36 months,24.49,E,E3,,OWN,32000.0,Verified,medical,TN,27.46,1.0,675.0,679.0,0.0,94.2,20.0,Individual,5,High Risk,Manual Review
83145390,18000.0, 60 months,26.49,F,F2,10+ years,RENT,45000.0,Verified,debt_consolidation,PA,32.8,0.0,720.0,724.0,0.0,77.7,26.0,Individual,5,High Risk,Manual Review
81576898,10050.0, 60 months,25.11,F,F1,5 years,RENT,42000.0,Source Verified,debt_consolidation,FL,30.06,0.0,685.0,689.0,0.0,44.9,34.0,Individual,5,High Risk,Manual Review
82030215,14875.0, 60 months,23.99,E,E2,1 year,MORTGAGE,33850.0,Source Verified,debt_consolidation,OH,32.41,0.0,660.0,664.0,0.0,84.7,10.0,Individual,6,High Risk,Manual Review
81518139,29500.0, 60 months,29.96,G,G4,10+ years,MORTGAGE,105000.0,Verified,debt_consolidation,MD,30.25,0.0,690.0,694.0,1.0,68.6,45.0,Individual,5,High Risk,Manual Review
83438622,30000.0, 36 months,23.99,E,E2,7 years,MORTGAGE,110000.0,Source Verified,debt_consolidation,PA,34.4,0.0,700.0,704.0,0.0,69.0,25.0,Individual,5,High Risk,Manual Review
83458660,12000.0, 60 months,26.49,F,F2,5 years,RENT,40000.0,Source Verified,credit_card,KY,34.98,1.0,660.0,664.0,4.0,40.1,44.0,Individual,6,High Risk,Manual Review
81018446,9350.0, 36 months,24.99,E,E5,2 years,MORTGAGE,35000.0,Source Verified,debt_consolidation,CA,35.84,0.0,725.0,729.0,0.0,28.6,24.0,Individual,5,High Risk,Manual Review
81701147,2800.0, 36 months,23.99,E,E2,10+ years,MORTGAGE,42000.0,Verified,debt_consolidation,AL,32.14,0.0,695.0,699.0,1.0,49.0,22.0,Individual,5,High Risk,Manual Review
83099139,18675.0, 60 months,22.39,E,E1,4 years,RENT,40000.0,Verified,debt_consolidation,AZ,30.66,0.0,720.0,724.0,0.0,36.3,16.0,Individual,5,High Risk,Manual Review
83293969,17500.0, 36 months,22.39,E,E1,1 year,RENT,95000.0,Source Verified,other,NY,30.33,0.0,715.0,719.0,3.0,33.6,39.0,Individual,5,High Risk,Manual Review
81457325,24000.0, 60 months,22.39,E,E1,1 year,OWN,75000.0,Verified,debt_consolidation,MI,30.21,0.0,670.0,674.0,0.0,46.8,44.0,Individual,5,High Risk,Manual Review
83458583,13375.0, 60 months,28.18,G,G1,10+ years,MORTGAGE,77000.0,Not Verified,home_improvement,NY,33.9,0.0,710.0,714.0,1.0,57.3,47.0,Individual,5,High Risk,Manual Review
83304939,35000.0, 36 months,25.69,F,F1,10+ years,MORTGAGE,165000.0,Verified,debt_consolidation,IL,34.46,0.0,695.0,699.0,0.0,69.7,62.0,Individual,5,High Risk,Manual Review
83283619,11750.0, 60 months,25.69,F,F1,7 years,RENT,35000.0,Verified,debt_consolidation,MA,31.58,0.0,680.0,684.0,1.0,27.1,22.0,Individual,5,High Risk,Manual Review
83274033,35000.0, 60 months,25.29,E,E5,3 years,MORTGAGE,225000.0,Source Verified,debt_consolidation,MA,8.01,1.0,675.0,679.0,0.0,98.0,11.0,Individual,5,High Risk,Manual Review
81367611,13000.0, 60 months,26.99,F,F3,4 years,RENT,45000.0,Verified,debt_consolidation,CA,39.79,1.0,665.0,669.0,0.0,68.7,33.0,Individual,6,High Risk,Manual Review
83284896,16000.0, 60 months,24.99,E,E4,10+ years,MORTGAGE,110000.0,Not Verified,debt_consolidation,FL,32.88,0.0,660.0,664.0,1.0,55.2,59.0,Individual,5,High Risk,Manual Review
81566310,2500.0, 36 months,19.99,D,D5,10+ years,MORTGAGE,56000.0,Verified,moving,AR,30.45,1.0,660.0,664.0,1.0,90.0,19.0,Individual,5,High Risk,Manual Review
81445526,8000.0, 36 months,24.99,E,E5,10+ years,MORTGAGE,37000.0,Verified,home_improvement,MA,45.93,1.0,665.0,669.0,0.0,73.5,29.0,Individual,6,High Risk,Manual Review
80790594,16000.0, 60 months,23.32,E,E3,2 years,RENT,51000.0,Verified,debt_consolidation,IN,40.92,0.0,705.0,709.0,0.0,53.7,21.0,Individual,5,High Risk,Manual Review
81545715,22725.0, 60 months,24.99,E,E5,9 years,MORTGAGE,57000.0,Source Verified,debt_consolidation,MD,22.13,1.0,685.0,689.0,0.0,91.4,18.0,Individual,5,High Risk,Manual Review
83162444,10000.0, 60 months,22.39,E,E1,3 years,RENT,29000.0,Verified,credit_card,IN,30.5,1.0,675.0,679.0,1.0,38.1,31.0,Individual,6,High Risk,Manual Review
81457332,7000.0, 36 months,23.32,E,E3,2 years,RENT,35000.0,Verified,medical,MS,36.29,0.0,675.0,679.0,0.0,75.1,8.0,Individual,5,High Risk,Manual Review
83114485,24000.0, 60 months,24.49,E,E3,10+ years,MORTGAGE,80500.0,Not Verified,debt_consolidation,TX,33.21,0.0,685.0,689.0,3.0,25.8,31.0,Individual,5,High Risk,Manual Review
83133255,18750.0, 60 months,24.99,E,E4,1 year,RENT,37500.0,Source Verified,debt_consolidation,NY,30.78,0.0,680.0,684.0,1.0,56.3,28.0,Individual,5,High Risk,Manual Review
81468386,30375.0, 36 months,22.35,E,E2,10+ years,MORTGAGE,74000.0,Verified,debt_consolidation,IL,32.06,0.0,690.0,694.0,1.0,50.9,49.0,Individual,5,High Risk,Manual Review
83213614,15000.0, 60 months,22.39,E,E1,2 years,RENT,65000.0,Not Verified,debt_consolidation,VA,34.62,2.0,680.0,684.0,0.0,44.5,21.0,Individual,6,High Risk,Manual Review
83072137,10275.0, 60 months,24.49,E,E3,1 year,MORTGAGE,50000.0,Verified,home_improvement,IL,30.36,0.0,710.0,714.0,0.0,5.5,24.0,Individual,5,High Risk,Manual Review
83162510,11500.0, 36 months,23.99,E,E2,9 years,RENT,47000.0,Verified,debt_consolidation,IL,32.28,0.0,710.0,714.0,0.0,61.0,9.0,Individual,5,High Risk,Manual Review
83222409,22000.0, 60 months,24.99,E,E4,8 years,MORTGAGE,65000.0,Source Verified,debt_consolidation,MD,24.54,1.0,660.0,664.0,1.0,82.9,19.0,Individual,5,High Risk,Manual Review
82769156,35000.0, 60 months,25.69,F,F1,10+ years,MORTGAGE,130000.0,Verified,debt_consolidation,NJ,33.79,0.0,675.0,679.0,0.0,90.6,32.0,Individual,6,High Risk,Manual Review
83099537,30000.0, 36 months,22.39,E,E1,10+ years,MORTGAGE,110000.0,Verified,debt_consolidation,MA,32.81,0.0,695.0,699.0,0.0,70.6,16.0,Individual,5,High Risk,Manual Review
83153846,35000.0, 60 months,25.69,F,F1,10+ years,MORTGAGE,160000.0,Source Verified,debt_consolidation,DC,33.33,0.0,675.0,679.0,0.0,76.2,46.0,Individual,5,High Risk,Manual Review
83202379,2200.0, 36 months,16.99,D,D1,2 years,RENT,41698.0,Verified,other,SD,33.99,1.0,670.0,674.0,2.0,96.3,26.0,Individual,5,High Risk,Manual Review
82840435,14000.0, 36 months,22.39,E,E1,9 years,MORTGAGE,50000.0,Verified,debt_consolidation,MD,32.07,0.0,670.0,674.0,1.0,95.3,10.0,Individual,6,High Risk,Manual Review
82227291,4550.0, 36 months,24.99,E,E4,10+ years,MORTGAGE,37000.0,Verified,credit_card,WI,34.71,2.0,675.0,679.0,1.0,44.0,27.0,Individual,6,High Risk,Manual Review
83173406,25000.0, 36 months,22.39,E,E1,10+ years,RENT,67000.0,Verified,debt_consolidation,AZ,34.76,0.0,685.0,689.0,0.0,48.1,29.0,Individual,5,High Risk,Manual Review
81506423,29475.0, 36 months,20.99,E,E1,5 years,MORTGAGE,147600.0,Verified,debt_consolidation,CT,41.4,0.0,730.0,734.0,0.0,45.0,30.0,Individual,5,High Risk,Manual Review
82739248,8400.0, 36 months,25.29,E,E5,1 year,RENT,32000.0,Verified,other,IL,31.88,0.0,675.0,679.0,3.0,47.4,25.0,Individual,5,High Risk,Manual Review
81374276,4675.0, 36 months,20.99,E,E1,10+ years,MORTGAGE,37000.0,Verified,debt_consolidation,MI,43.79,0.0,690.0,694.0,0.0,71.4,13.0,Individual,5,High Risk,Manual Review
82110185,40000.0, 60 months,22.39,E,E1,10+ years,RENT,115000.0,Verified,debt_consolidation,CA,34.9,0.0,715.0,719.0,0.0,54.0,27.0,Individual,5,High Risk,Manual Review
80790607,11200.0, 60 months,25.11,F,F1,10+ years,MORTGAGE,48000.0,Verified,debt_consolidation,MS,35.75,0.0,665.0,669.0,0.0,59.2,36.0,Individual,5,High Risk,Manual Review
81495858,18000.0, 60 months,24.99,E,E5,10+ years,MORTGAGE,75000.0,Not Verified,debt_consolidation,OK,43.28,1.0,675.0,679.0,1.0,63.7,31.0,Individual,6,High Risk,Manual Review
81506187,35000.0, 60 months,25.69,F,F1,5 years,MORTGAGE,81000.0,Verified,home_improvement,GA,30.47,0.0,665.0,669.0,0.0,15.5,75.0,Individual,5,High Risk,Manual Review
81572772,9000.0, 36 months,24.99,E,E5,,RENT,26038.44,Verified,debt_consolidation,CT,37.34,1.0,660.0,664.0,0.0,38.5,30.0,Individual,6,High Risk,Manual Review
81416349,9850.0, 36 months,22.35,E,E2,10+ years,RENT,48000.0,Verified,debt_consolidation,FL,30.76,0.0,670.0,674.0,0.0,73.2,16.0,Individual,5,High Risk,Manual Review
81483667,35000.0, 60 months,24.99,E,E5,7 years,MORTGAGE,400000.0,Verified,debt_consolidation,CA,4.64,1.0,690.0,694.0,0.0,87.9,9.0,Individual,5,High Risk,Manual Review
81930272,11000.0, 36 months,23.99,E,E2,3 years,RENT,30000.0,Verified,debt_consolidation,NH,31.72,0.0,700.0,704.0,0.0,19.6,30.0,Individual,5,High Risk,Manual Review
83100268,10000.0, 60 months,24.49,E,E3,10+ years,RENT,61000.0,Not Verified,debt_consolidation,TN,30.83,1.0,690.0,694.0,1.0,27.3,62.0,Individual,6,High Risk,Manual Review
83202888,2500.0, 36 months,24.49,E,E3,9 years,MORTGAGE,45000.0,Source Verified,other,OH,34.56,0.0,705.0,709.0,0.0,48.2,27.0,Individual,5,High Risk,Manual Review
83162818,16000.0, 60 months,25.29,E,E5,10+ years,MORTGAGE,46000.0,Verified,debt_consolidation,GA,33.66,2.0,685.0,689.0,0.0,52.5,35.0,Individual,6,High Risk,Manual Review
83302550,12000.0, 36 months,22.39,E,E1,9 years,RENT,39000.0,Source Verified,debt_consolidation,GA,32.65,0.0,695.0,699.0,1.0,55.7,24.0,Individual,5,High Risk,Manual Review
81536712,27650.0, 60 months,24.99,E,E4,8 years,MORTGAGE,72000.0,Not Verified,debt_consolidation,PA,31.25,0.0,715.0,719.0,0.0,45.5,24.0,Individual,5,High Risk,Manual Review
81406884,32950.0, 60 months,27.49,F,F4,< 1 year,MORTGAGE,105000.0,Verified,debt_consolidation,FL,33.92,1.0,690.0,694.0,0.0,0.7,44.0,Individual,6,High Risk,Manual Review
81477220,14000.0, 60 months,16.29,D,D1,10+ years,MORTGAGE,97000.0,Verified,debt_consolidation,CA,30.27,1.0,665.0,669.0,1.0,87.0,23.0,Individual,5,High Risk,Manual Review
82799139,15600.0, 60 months,24.49,E,E3,10+ years,MORTGAGE,61000.0,Source Verified,debt_consolidation,OH,32.5,0.0,740.0,744.0,1.0,51.2,31.0,Individual,5,High Risk,Manual Review
82407126,13225.0, 60 months,23.99,E,E2,2 years,OWN,30100.0,Verified,debt_consolidation,PA,31.98,0.0,695.0,699.0,0.0,57.0,16.0,Individual,5,High Risk,Manual Review
81811137,18000.0, 60 months,26.14,F,F4,< 1 year,RENT,70500.0,Verified,debt_consolidation,GA,30.05,0.0,660.0,664.0,1.0,44.4,30.0,Individual,5,High Risk,Manual Review
80721070,24000.0, 60 months,27.34,F,F5,10+ years,RENT,70000.0,Verified,debt_consolidation,KY,31.15,0.0,705.0,709.0,0.0,29.9,22.0,Individual,5,High Risk,Manual Review
80550955,16000.0, 60 months,26.14,F,F4,10+ years,RENT,70000.0,Verified,credit_card,FL,33.75,0.0,675.0,679.0,1.0,35.3,24.0,Individual,5,High Risk,Manual Review
81415738,12250.0, 60 months,28.18,G,G1,6 years,RENT,44000.0,Verified,debt_consolidation,CA,32.9,1.0,695.0,699.0,0.0,20.0,17.0,Individual,6,High Risk,Manual Review
81507261,35000.0, 60 months,25.44,F,F2,10+ years,RENT,200000.0,Verified,debt_consolidation,FL,18.84,1.0,690.0,694.0,2.0,81.7,19.0,Individual,5,High Risk,Manual Review
81566353,32000.0, 60 months,20.99,E,E1,10+ years,MORTGAGE,128000.0,Verified,home_improvement,MO,43.67,0.0,690.0,694.0,1.0,68.1,55.0,Individual,5,High Risk,Manual Review
78921401,10000.0, 60 months,15.31,C,C5,10+ years,MORTGAGE,109000.0,Verified,debt_consolidation,NY,38.85,1.0,705.0,709.0,1.0,80.1,25.0,Individual,5,High Risk,Manual Review
79051634,35000.0, 60 months,22.35,E,E2,2 years,MORTGAGE,80000.0,Verified,home_improvement,CA,16.53,1.0,680.0,684.0,0.0,81.3,17.0,Joint App,5,High Risk,Manual Review
78448236,22000.0, 60 months,23.99,E,E4,10+ years,RENT,85000.0,Verified,debt_consolidation,CA,43.75,0.0,695.0,699.0,1.0,74.0,38.0,Individual,5,High Risk,Manual Review
81376664,16000.0, 60 months,23.32,E,E3,< 1 year,RENT,45000.0,Verified,debt_consolidation,CA,38.93,0.0,695.0,699.0,0.0,57.8,34.0,Individual,5,High Risk,Manual Review
81377335,13000.0, 60 months,20.99,E,E1,5 years,MORTGAGE,92097.0,Verified,debt_consolidation,MS,32.67,0.0,695.0,699.0,3.0,79.6,45.0,Individual,5,High Risk,Manual Review
82442153,32000.0, 60 months,27.49,F,F4,10+ years,MORTGAGE,170000.0,Not Verified,debt_consolidation,VA,31.53,0.0,680.0,684.0,0.0,73.3,48.0,Individual,5,High Risk,Manual Review
79632433,24000.0, 60 months,28.88,G,G2,2 years,RENT,68500.0,Verified,debt_consolidation,TX,33.15,0.0,675.0,679.0,0.0,83.5,30.0,Individual,6,High Risk,Manual Review
81018449,13200.0, 60 months,26.14,F,F4,3 years,RENT,33000.0,Verified,debt_consolidation,FL,31.2,0.0,695.0,699.0,1.0,40.0,23.0,Individual,5,High Risk,Manual Review
81395228,12000.0, 60 months,23.32,E,E3,9 years,RENT,38280.0,Verified,credit_card,OH,31.6,2.0,670.0,674.0,0.0,53.6,48.0,Individual,6,High Risk,Manual Review
81457364,20000.0, 60 months,20.99,E,E1,5 years,OWN,46800.0,Source Verified,credit_card,OR,30.26,0.0,715.0,719.0,0.0,85.7,23.0,Individual,6,High Risk,Manual Review
81526711,25000.0, 60 months,23.32,E,E3,1 year,RENT,65000.0,Verified,debt_consolidation,NY,42.25,0.0,685.0,689.0,0.0,52.8,36.0,Individual,5,High Risk,Manual Review
81386930,28000.0, 60 months,25.44,F,F2,< 1 year,MORTGAGE,83800.0,Not Verified,debt_consolidation,TX,31.53,0.0,700.0,704.0,0.0,69.4,23.0,Individual,5,High Risk,Manual Review
81569272,12000.0, 60 months,23.99,E,E4,5 years,MORTGAGE,62000.0,Source Verified,credit_card,NE,30.68,0.0,675.0,679.0,0.0,58.6,25.0,Individual,5,High Risk,Manual Review
81357911,18500.0, 36 months,22.35,E,E2,7 years,OWN,105000.0,Verified,credit_card,TX,33.61,0.0,660.0,664.0,1.0,47.4,39.0,Individual,5,High Risk,Manual Review
79673906,15000.0, 60 months,26.49,F,F2,10+ years,RENT,79500.0,Source Verified,other,PA,30.02,0.0,660.0,664.0,1.0,76.3,52.0,Individual,5,High Risk,Manual Review
81487463,20000.0, 60 months,28.18,G,G1,< 1 year,MORTGAGE,85000.0,Verified,debt_consolidation,NC,35.47,0.0,705.0,709.0,1.0,74.5,33.0,Individual,5,High Risk,Manual Review
81566511,20000.0, 60 months,23.99,E,E4,9 years,RENT,40000.0,Verified,debt_consolidation,IN,47.55,0.0,755.0,759.0,0.0,50.1,22.0,Individual,5,High Risk,Manual Review
42303112,16000.0, 60 months,22.35,E,E2,10+ years,MORTGAGE,45000.0,Verified,debt_consolidation,NJ,34.53,1.0,660.0,664.0,0.0,38.9,33.0,Individual,6,High Risk,Manual Review
81516295,22000.0, 60 months,20.99,E,E1,2 years,MORTGAGE,55000.0,Source Verified,credit_card,OH,33.43,0.0,660.0,664.0,0.0,66.6,14.0,Individual,5,High Risk,Manual Review
81385492,35000.0, 60 months,20.99,E,E1,10+ years,RENT,72000.0,Source Verified,credit_card,NJ,37.43,0.0,690.0,694.0,0.0,63.6,68.0,Individual,5,High Risk,Manual Review
81535731,12000.0, 36 months,15.31,C,C5,4 years,RENT,46000.0,Verified,debt_consolidation,OH,42.13,1.0,660.0,664.0,0.0,97.3,22.0,Individual,5,High Risk,Manual Review
81467145,30000.0, 60 months,28.18,G,G1,10+ years,MORTGAGE,110000.0,Verified,home_improvement,NJ,35.06,1.0,680.0,684.0,0.0,51.0,11.0,Individual,6,High Risk,Manual Review
81467679,25000.0, 60 months,25.44,F,F2,10+ years,MORTGAGE,104378.0,Verified,home_improvement,CA,30.28,0.0,695.0,699.0,1.0,66.5,37.0,Individual,5,High Risk,Manual Review
81434646,16000.0, 60 months,20.99,E,E1,3 years,RENT,97000.0,Source Verified,debt_consolidation,CA,38.91,3.0,660.0,664.0,0.0,79.1,24.0,Individual,6,High Risk,Manual Review
81354442,15000.0, 60 months,24.99,E,E5,2 years,MORTGAGE,80000.0,Source Verified,debt_consolidation,WI,34.68,0.0,720.0,724.0,0.0,50.3,45.0,Individual,5,High Risk,Manual Review
81570155,18000.0, 60 months,22.35,E,E2,7 years,RENT,59508.0,Not Verified,debt_consolidation,NY,32.86,0.0,710.0,714.0,0.0,44.3,21.0,Individual,5,High Risk,Manual Review
81433695,34000.0, 60 months,27.34,F,F5,3 years,RENT,82000.0,Source Verified,debt_consolidation,CA,32.37,1.0,710.0,714.0,1.0,10.3,19.0,Individual,6,High Risk,Manual Review
81355851,10000.0, 60 months,20.99,E,E1,5 years,OWN,35000.0,Verified,debt_consolidation,DE,30.18,0.0,765.0,769.0,0.0,5.9,21.0,Individual,5,High Risk,Manual Review
81008414,14975.0, 60 months,25.65,F,F3,1 year,RENT,43000.0,Verified,credit_card,NC,36.03,0.0,660.0,664.0,2.0,77.0,22.0,Individual,5,High Risk,Manual Review
81525663,18000.0, 60 months,29.67,G,G3,1 year,MORTGAGE,85000.0,Verified,medical,TX,30.59,1.0,660.0,664.0,0.0,87.4,43.0,Individual,7,High Risk,Manual Review
81464734,40000.0, 60 months,20.99,E,E1,8 years,RENT,86000.0,Verified,debt_consolidation,MD,31.69,0.0,680.0,684.0,1.0,40.6,51.0,Individual,5,High Risk,Manual Review
81395096,28275.0, 60 months,28.88,G,G2,8 years,MORTGAGE,93000.0,Verified,debt_consolidation,AR,38.61,0.0,715.0,719.0,0.0,85.9,20.0,Individual,6,High Risk,Manual Review
81008803,25200.0, 60 months,20.99,E,E1,9 years,RENT,56000.0,Verified,debt_consolidation,FL,39.95,0.0,695.0,699.0,0.0,74.0,31.0,Individual,5,High Risk,Manual Review
81557020,30000.0, 60 months,25.65,F,F3,< 1 year,MORTGAGE,77000.0,Verified,credit_card,UT,32.68,1.0,670.0,674.0,0.0,89.7,29.0,Individual,7,High Risk,Manual Review
81443187,14025.0, 60 months,27.34,F,F5,9 years,RENT,39000.0,Verified,debt_consolidation,OH,48.98,0.0,700.0,704.0,1.0,69.2,23.0,Individual,5,High Risk,Manual Review
81751231,17075.0, 60 months,29.67,G,G3,,MORTGAGE,45349.0,Verified,debt_consolidation,FL,32.52,7.0,680.0,684.0,1.0,61.8,18.0,Individual,6,High Risk,Manual Review
81332127,18150.0, 60 months,24.99,E,E5,10+ years,OWN,107000.0,Verified,debt_consolidation,VA,34.85,0.0,670.0,674.0,0.0,88.1,39.0,Individual,6,High Risk,Manual Review
81457072,12000.0, 60 months,25.44,F,F2,10+ years,OWN,40000.0,Source Verified,home_improvement,PA,30.39,0.0,690.0,694.0,0.0,87.9,13.0,Individual,6,High Risk,Manual Review
81415820,10000.0, 60 months,20.99,E,E1,5 years,RENT,77000.0,Not Verified,debt_consolidation,CA,23.05,4.0,665.0,669.0,3.0,84.7,22.0,Individual,5,High Risk,Manual Review
81404741,35000.0, 60 months,28.18,G,G1,10+ years,MORTGAGE,84211.0,Source Verified,debt_consolidation,SC,36.9,0.0,670.0,674.0,0.0,68.9,58.0,Individual,5,High Risk,Manual Review
80528676,22500.0, 60 months,26.14,F,F4,2 years,RENT,45000.0,Verified,debt_consolidation,TX,45.28,0.0,660.0,664.0,0.0,80.6,15.0,Individual,6,High Risk,Manual Review
80791614,10000.0, 60 months,22.35,E,E2,3 years,MORTGAGE,40000.0,Source Verified,home_improvement,AR,30.12,0.0,660.0,664.0,1.0,60.4,11.0,Individual,5,High Risk,Manual Review
78259900,21800.0, 60 months,22.35,E,E2,10+ years,MORTGAGE,65000.0,Source Verified,debt_consolidation,TX,35.27,1.0,660.0,664.0,0.0,91.9,24.0,Individual,7,High Risk,Manual Review
81468466,19525.0, 60 months,27.34,F,F5,< 1 year,MORTGAGE,75000.0,Verified,debt_consolidation,PA,37.25,3.0,705.0,709.0,0.0,25.0,60.0,Individual,6,High Risk,Manual Review
80790484,28325.0, 60 months,26.99,F,F3,1 year,RENT,185000.0,Source Verified,debt_consolidation,CA,31.83,0.0,685.0,689.0,1.0,67.7,62.0,Individual,5,High Risk,Manual Review
81394506,25000.0, 60 months,24.99,E,E5,,OWN,175000.0,Verified,debt_consolidation,SC,33.96,1.0,715.0,719.0,0.0,23.8,45.0,Individual,6,High Risk,Manual Review
81386587,8000.0, 36 months,24.99,E,E4,3 years,RENT,55000.0,Verified,debt_consolidation,NV,35.33,0.0,660.0,664.0,0.0,53.5,16.0,Individual,5,High Risk,Manual Review
81571605,26300.0, 60 months,27.34,F,F5,1 year,MORTGAGE,115000.0,Verified,debt_consolidation,TX,30.97,0.0,680.0,684.0,0.0,95.0,29.0,Individual,6,High Risk,Manual Review
81497077,21600.0, 60 months,20.99,E,E1,10+ years,MORTGAGE,50000.0,Verified,debt_consolidation,MN,36.85,0.0,680.0,684.0,0.0,72.2,32.0,Individual,5,High Risk,Manual Review
80749197,13000.0, 60 months,23.32,E,E3,2 years,OWN,26000.0,Verified,debt_consolidation,NY,40.03,0.0,680.0,684.0,1.0,24.3,77.0,Individual,5,High Risk,Manual Review
81364192,23175.0, 60 months,27.34,F,F5,5 years,MORTGAGE,70000.0,Verified,debt_consolidation,TX,30.62,0.0,670.0,674.0,1.0,92.4,26.0,Individual,6,High Risk,Manual Review
81356473,20000.0, 60 months,24.99,E,E5,10+ years,MORTGAGE,121430.0,Verified,debt_consolidation,AZ,31.67,0.0,690.0,694.0,2.0,52.4,38.0,Individual,5,High Risk,Manual Review
80791261,25150.0, 60 months,25.11,F,F1,7 years,RENT,57200.0,Verified,debt_consolidation,VA,30.28,1.0,675.0,679.0,1.0,73.7,29.0,Individual,6,High Risk,Manual Review
80621303,15000.0, 60 months,26.14,F,F4,10+ years,MORTGAGE,72000.0,Verified,debt_consolidation,KY,39.28,0.0,675.0,679.0,1.0,54.8,53.0,Individual,5,High Risk,Manual Review
81525015,15000.0, 60 months,22.35,E,E2,10+ years,RENT,40000.0,Not Verified,debt_consolidation,CT,36.81,0.0,750.0,754.0,0.0,31.1,19.0,Individual,5,High Risk,Manual Review
80598487,10200.0, 60 months,27.34,F,F5,,RENT,34000.0,Verified,vacation,TX,43.06,0.0,700.0,704.0,2.0,45.0,15.0,Individual,5,High Risk,Manual Review
81018977,8800.0, 36 months,20.99,E,E1,,RENT,53868.0,Verified,credit_card,NY,35.24,0.0,675.0,679.0,0.0,85.7,16.0,Individual,6,High Risk,Manual Review
81781125,9500.0, 36 months,28.18,G,G1,,RENT,19000.0,Verified,debt_consolidation,HI,30.89,0.0,660.0,664.0,1.0,99.5,6.0,Individual,6,High Risk,Manual Review
80740293,12000.0, 60 months,24.99,E,E5,< 1 year,RENT,30160.0,Verified,moving,CO,34.46,0.0,660.0,664.0,1.0,55.4,15.0,Individual,5,High Risk,Manual Review
81566494,14000.0, 60 months,20.99,E,E1,7 years,RENT,62000.0,Verified,debt_consolidation,CA,34.47,0.0,715.0,719.0,1.0,10.9,23.0,Individual,5,High Risk,Manual Review
79753665,24750.0, 60 months,28.88,G,G2,10+ years,RENT,55000.0,Verified,credit_card,NY,37.62,0.0,670.0,674.0,2.0,66.0,21.0,Individual,5,High Risk,Manual Review
81527189,11525.0, 36 months,23.99,E,E4,< 1 year,RENT,42600.0,Verified,debt_consolidation,SC,32.51,0.0,690.0,694.0,1.0,49.5,23.0,Individual,5,High Risk,Manual Review
81347071,35000.0, 36 months,22.35,E,E2,10+ years,MORTGAGE,92000.0,Source Verified,debt_consolidation,DE,32.42,0.0,690.0,694.0,5.0,60.4,43.0,Individual,5,High Risk,Manual Review
81526372,21200.0, 36 months,22.35,E,E2,8 years,MORTGAGE,68000.0,Verified,credit_card,IL,32.86,0.0,675.0,679.0,2.0,69.8,29.0,Individual,5,High Risk,Manual Review
81453881,18000.0, 60 months,23.99,E,E4,8 years,RENT,71000.0,Not Verified,debt_consolidation,PA,47.47,0.0,670.0,674.0,1.0,66.6,31.0,Individual,5,High Risk,Manual Review
81396672,3950.0, 36 months,22.35,E,E2,10+ years,RENT,45000.0,Source Verified,debt_consolidation,CA,31.97,0.0,680.0,684.0,2.0,59.7,13.0,Individual,5,High Risk,Manual Review
81100499,12600.0, 60 months,27.34,F,F5,10+ years,MORTGAGE,75000.0,Verified,debt_consolidation,MA,31.87,0.0,725.0,729.0,1.0,49.7,24.0,Individual,5,High Risk,Manual Review
81454678,13575.0, 36 months,20.99,E,E1,10+ years,MORTGAGE,42500.0,Source Verified,debt_consolidation,OR,30.73,0.0,725.0,729.0,1.0,14.3,22.0,Individual,5,High Risk,Manual Review
81484022,35000.0, 60 months,29.96,G,G4,4 years,MORTGAGE,89686.0,Verified,debt_consolidation,NY,40.01,1.0,670.0,674.0,1.0,64.2,37.0,Individual,6,High Risk,Manual Review
82020118,12000.0, 36 months,26.99,F,F3,3 years,RENT,52000.0,Verified,moving,MI,31.94,0.0,660.0,664.0,3.0,7.5,39.0,Individual,5,High Risk,Manual Review
80583010,10075.0, 36 months,20.99,E,E1,3 years,RENT,28000.0,Source Verified,debt_consolidation,FL,30.57,0.0,700.0,704.0,0.0,58.3,9.0,Individual,5,High Risk,Manual Review
81565117,29000.0, 60 months,28.18,G,G1,4 years,OWN,58000.0,Source Verified,major_purchase,LA,30.42,0.0,680.0,684.0,0.0,79.1,38.0,Individual,5,High Risk,Manual Review
81547203,4000.0, 36 months,23.32,E,E3,5 years,RENT,18000.0,Verified,debt_consolidation,MI,42.21,0.0,720.0,724.0,0.0,15.0,14.0,Individual,5,High Risk,Manual Review
81557276,32500.0, 36 months,30.99,G,G5,4 years,MORTGAGE,65000.0,Verified,debt_consolidation,NY,34.21,0.0,665.0,669.0,1.0,65.5,27.0,Individual,5,High Risk,Manual Review
81150237,27600.0, 60 months,23.32,E,E3,1 year,RENT,60000.0,Source Verified,credit_card,MA,30.53,1.0,660.0,664.0,0.0,90.1,23.0,Individual,7,High Risk,Manual Review
81008160,21400.0, 60 months,26.14,F,F4,,MORTGAGE,51000.0,Verified,debt_consolidation,IL,33.41,0.0,670.0,674.0,3.0,53.0,28.0,Individual,5,High Risk,Manual Review
81008382,28000.0, 60 months,20.99,E,E1,2 years,RENT,87000.0,Verified,debt_consolidation,ND,33.59,3.0,695.0,699.0,2.0,73.0,43.0,Individual,6,High Risk,Manual Review
79753661,3925.0, 36 months,22.35,E,E2,,RENT,11562.0,Verified,debt_consolidation,NY,31.36,0.0,660.0,664.0,0.0,40.7,12.0,Individual,5,High Risk,Manual Review
80590608,11575.0, 60 months,27.34,F,F5,1 year,MORTGAGE,43200.0,Verified,debt_consolidation,GA,35.06,1.0,680.0,684.0,0.0,27.9,11.0,Individual,6,High Risk,Manual Review
81609142,35000.0, 36 months,20.99,E,E1,10+ years,OWN,100000.0,Verified,credit_card,MI,34.15,0.0,695.0,699.0,1.0,42.3,37.0,Individual,5,High Risk,Manual Review
80918443,19550.0, 60 months,28.18,G,G1,10+ years,RENT,65000.0,Not Verified,debt_consolidation,AZ,31.98,0.0,660.0,664.0,0.0,92.7,24.0,Individual,6,High Risk,Manual Review
80530707,12000.0, 60 months,28.18,G,G1,4 years,MORTGAGE,75000.0,Source Verified,debt_consolidation,SC,38.61,0.0,665.0,669.0,0.0,75.9,27.0,Individual,5,High Risk,Manual Review
78975122,15000.0, 60 months,25.11,F,F1,6 years,MORTGAGE,87802.0,Not Verified,debt_consolidation,NC,37.81,0.0,680.0,684.0,0.0,53.4,52.0,Individual,5,High Risk,Manual Review
80539851,35000.0, 60 months,20.99,E,E1,3 years,MORTGAGE,123000.0,Source Verified,debt_consolidation,TX,32.4,1.0,660.0,664.0,2.0,46.0,36.0,Individual,6,High Risk,Manual Review
80559946,10000.0, 60 months,25.65,F,F3,10+ years,OWN,30000.0,Verified,home_improvement,TX,35.56,0.0,665.0,669.0,1.0,51.0,29.0,Individual,5,High Risk,Manual Review
79743421,14000.0, 60 months,18.25,D,D3,10+ years,MORTGAGE,73000.0,Verified,debt_consolidation,MD,31.35,1.0,685.0,689.0,1.0,84.0,12.0,Individual,5,High Risk,Manual Review
80808476,32000.0, 60 months,25.44,F,F2,10+ years,MORTGAGE,75000.0,Verified,debt_consolidation,MS,31.36,0.0,665.0,669.0,0.0,60.4,49.0,Individual,5,High Risk,Manual Review
79602801,14400.0, 60 months,20.99,E,E1,10+ years,MORTGAGE,80000.0,Source Verified,credit_card,NY,46.23,0.0,685.0,689.0,0.0,46.0,44.0,Individual,5,High Risk,Manual Review
81566703,23000.0, 60 months,23.99,E,E4,10+ years,MORTGAGE,105000.0,Not Verified,debt_consolidation,NJ,30.07,0.0,690.0,694.0,1.0,72.0,31.0,Individual,5,High Risk,Manual Review
81367368,12800.0, 36 months,23.32,E,E3,10+ years,MORTGAGE,71852.0,Source Verified,credit_card,OH,36.58,0.0,675.0,679.0,0.0,37.8,35.0,Individual,5,High Risk,Manual Review
80580588,23900.0, 60 months,23.99,E,E4,10+ years,RENT,52000.0,Verified,debt_consolidation,CA,43.0,0.0,700.0,704.0,0.0,55.1,33.0,Individual,5,High Risk,Manual Review
81564543,15000.0, 60 months,23.32,E,E3,8 years,MORTGAGE,62000.0,Source Verified,debt_consolidation,GA,34.17,0.0,665.0,669.0,4.0,79.9,27.0,Individual,5,High Risk,Manual Review
80640797,21600.0, 60 months,20.99,E,E1,7 years,MORTGAGE,63000.0,Verified,debt_consolidation,MI,33.78,0.0,710.0,714.0,1.0,35.3,37.0,Individual,5,High Risk,Manual Review
81008366,26400.0, 60 months,26.14,F,F4,8 years,MORTGAGE,60000.0,Source Verified,credit_card,NC,31.78,1.0,670.0,674.0,1.0,56.5,22.0,Individual,6,High Risk,Manual Review
81384398,12000.0, 60 months,20.99,E,E1,1 year,MORTGAGE,63000.0,Verified,debt_consolidation,TN,33.98,0.0,670.0,674.0,1.0,55.6,61.0,Individual,5,High Risk,Manual Review
79753683,12600.0, 60 months,30.99,G,G5,10+ years,MORTGAGE,35000.0,Verified,debt_consolidation,MI,37.04,0.0,670.0,674.0,3.0,76.3,13.0,Individual,5,High Risk,Manual Review
80770314,21600.0, 60 months,26.14,F,F4,7 years,RENT,62000.0,Verified,debt_consolidation,WY,44.25,0.0,695.0,699.0,0.0,85.8,16.0,Individual,6,High Risk,Manual Review
79613191,16450.0, 60 months,23.99,E,E4,8 years,RENT,50000.0,Not Verified,medical,MS,35.31,0.0,730.0,734.0,1.0,9.6,29.0,Individual,5,High Risk,Manual Review
80888414,24000.0, 60 months,22.35,E,E2,10+ years,MORTGAGE,87000.0,Verified,credit_card,VA,38.98,0.0,680.0,684.0,2.0,43.3,70.0,Individual,5,High Risk,Manual Review
80968227,17000.0, 60 months,25.65,F,F3,10+ years,RENT,39839.1,Verified,debt_consolidation,AZ,39.68,0.0,680.0,684.0,0.0,70.2,20.0,Individual,5,High Risk,Manual Review
81453538,25025.0, 60 months,23.99,E,E4,10+ years,MORTGAGE,68000.0,Source Verified,debt_consolidation,NY,33.54,0.0,700.0,704.0,0.0,66.2,36.0,Individual,5,High Risk,Manual Review
80590661,30000.0, 60 months,26.14,F,F4,5 years,MORTGAGE,60000.0,Source Verified,debt_consolidation,NY,30.02,0.0,720.0,724.0,2.0,71.5,22.0,Individual,5,High Risk,Manual Review
79743623,19725.0, 60 months,30.99,G,G5,2 years,RENT,47000.0,Verified,debt_consolidation,NY,46.56,0.0,680.0,684.0,1.0,53.3,38.0,Individual,5,High Risk,Manual Review
78114306,30000.0, 60 months,23.32,E,E3,< 1 year,MORTGAGE,73000.0,Source Verified,credit_card,MO,35.43,2.0,660.0,664.0,1.0,73.2,56.0,Individual,6,High Risk,Manual Review
80789284,32000.0, 60 months,24.99,E,E5,10+ years,MORTGAGE,87812.0,Source Verified,debt_consolidation,WY,34.29,0.0,695.0,699.0,0.0,50.5,43.0,Individual,5,High Risk,Manual Review
82237179,20075.0, 36 months,25.29,E,E5,3 years,MORTGAGE,74800.0,Source Verified,other,TX,33.63,0.0,680.0,684.0,0.0,45.7,27.0,Individual,5,High Risk,Manual Review
80641181,15300.0, 60 months,23.32,E,E3,< 1 year,RENT,46000.0,Not Verified,debt_consolidation,OH,32.66,0.0,675.0,679.0,1.0,57.0,38.0,Individual,5,High Risk,Manual Review
79743733,14900.0, 60 months,20.99,E,E1,,MORTGAGE,40000.0,Verified,credit_card,NC,39.92,0.0,705.0,709.0,1.0,52.2,19.0,Individual,5,High Risk,Manual Review
81566700,13000.0, 60 months,25.44,F,F2,10+ years,OWN,50000.0,Verified,other,NJ,39.56,0.0,705.0,709.0,3.0,24.1,70.0,Individual,5,High Risk,Manual Review
78779230,11825.0, 60 months,27.34,F,F5,4 years,RENT,30000.0,Verified,debt_consolidation,NY,39.4,0.0,680.0,684.0,0.0,59.6,11.0,Individual,5,High Risk,Manual Review
81331332,28400.0, 60 months,29.96,G,G4,10+ years,RENT,76000.0,Verified,debt_consolidation,TX,45.97,2.0,685.0,689.0,1.0,80.7,38.0,Individual,7,High Risk,Manual Review
81535522,5000.0, 36 months,23.99,E,E4,10+ years,MORTGAGE,85280.0,Verified,other,TX,37.5,0.0,665.0,669.0,1.0,88.1,31.0,Individual,6,High Risk,Manual Review
81413344,20000.0, 60 months,25.65,F,F3,10+ years,RENT,106000.0,Verified,debt_consolidation,CA,30.39,0.0,705.0,709.0,0.0,32.5,26.0,Individual,5,High Risk,Manual Review
81130460,11000.0, 60 months,22.35,E,E2,9 years,MORTGAGE,40000.0,Source Verified,debt_consolidation,WV,30.12,0.0,710.0,714.0,0.0,65.0,24.0,Individual,5,High Risk,Manual Review
81536212,7875.0, 36 months,20.99,E,E1,2 years,OWN,32000.0,Verified,debt_consolidation,MD,31.55,0.0,685.0,689.0,0.0,34.7,12.0,Individual,5,High Risk,Manual Review
81008326,30000.0, 60 months,20.99,E,E1,10+ years,RENT,71762.0,Verified,debt_consolidation,LA,38.76,0.0,675.0,679.0,0.0,93.5,40.0,Individual,6,High Risk,Manual Review
80788162,20000.0, 60 months,29.67,G,G3,,MORTGAGE,59208.0,Verified,debt_consolidation,GA,35.21,0.0,660.0,664.0,0.0,46.4,52.0,Individual,5,High Risk,Manual Review
80750366,30000.0, 60 months,24.99,E,E5,10+ years,MORTGAGE,136000.0,Verified,debt_consolidation,GA,22.72,1.0,675.0,679.0,0.0,95.7,27.0,Individual,5,High Risk,Manual Review
81190541,35000.0, 60 months,23.32,E,E3,3 years,RENT,92500.0,Source Verified,debt_consolidation,MD,38.62,0.0,730.0,734.0,1.0,45.5,43.0,Individual,5,High Risk,Manual Review
81487753,34500.0, 36 months,24.99,E,E5,4 years,RENT,75000.0,Verified,debt_consolidation,VA,44.02,0.0,665.0,669.0,0.0,71.5,21.0,Individual,5,High Risk,Manual Review
79753589,16825.0, 60 months,30.99,G,G5,10+ years,RENT,61000.0,Not Verified,debt_consolidation,OR,47.14,0.0,660.0,664.0,0.0,89.2,26.0,Individual,6,High Risk,Manual Review
81526785,2000.0, 36 months,23.32,E,E3,10+ years,MORTGAGE,160000.0,Verified,home_improvement,MI,30.8,0.0,705.0,709.0,0.0,77.6,28.0,Individual,5,High Risk,Manual Review
77239714,12000.0, 60 months,23.32,E,E3,10+ years,OWN,30000.0,Source Verified,debt_consolidation,NC,37.79,0.0,670.0,674.0,0.0,87.0,25.0,Individual,6,High Risk,Manual Review
79753025,35000.0, 60 months,25.65,F,F3,10+ years,MORTGAGE,103000.0,Verified,credit_card,TX,32.63,0.0,675.0,679.0,0.0,36.7,32.0,Individual,5,High Risk,Manual Review
76448307,10000.0, 60 months,16.29,D,D1,10+ years,MORTGAGE,56500.0,Source Verified,debt_consolidation,GA,36.53,2.0,670.0,674.0,1.0,80.6,43.0,Individual,5,High Risk,Manual Review
81555289,17325.0, 36 months,25.65,F,F3,10+ years,MORTGAGE,73800.0,Verified,debt_consolidation,CA,40.76,0.0,695.0,699.0,0.0,88.3,26.0,Individual,6,High Risk,Manual Review
79154898,12000.0, 60 months,20.99,E,E1,4 years,MORTGAGE,62000.0,Verified,credit_card,IL,30.57,0.0,665.0,669.0,2.0,72.0,35.0,Individual,5,High Risk,Manual Review
81467560,9425.0, 36 months,20.99,E,E1,,OWN,29800.0,Verified,debt_consolidation,FL,33.43,0.0,705.0,709.0,0.0,48.6,18.0,Individual,5,High Risk,Manual Review
81546161,2200.0, 36 months,20.99,E,E1,3 years,RENT,25000.0,Verified,other,UT,31.88,0.0,695.0,699.0,0.0,68.7,12.0,Individual,5,High Risk,Manual Review
78964290,31675.0, 60 months,25.11,F,F1,7 years,MORTGAGE,37500.0,Verified,debt_consolidation,OR,45.82,0.0,690.0,694.0,1.0,71.7,24.0,Joint App,5,High Risk,Manual Review
81570211,11525.0, 36 months,24.99,E,E5,9 years,MORTGAGE,68000.0,Source Verified,debt_consolidation,MI,35.42,0.0,670.0,674.0,2.0,65.4,21.0,Individual,5,High Risk,Manual Review
81376575,8300.0, 36 months,20.99,E,E1,,MORTGAGE,40000.0,Verified,debt_consolidation,GA,35.91,0.0,710.0,714.0,0.0,69.4,27.0,Individual,5,High Risk,Manual Review
79935536,17100.0, 60 months,29.67,G,G3,10+ years,RENT,45000.0,Verified,debt_consolidation,IN,37.84,0.0,685.0,689.0,1.0,27.2,34.0,Individual,5,High Risk,Manual Review
81384262,12000.0, 36 months,20.99,E,E1,2 years,RENT,39000.0,Verified,other,SC,30.83,0.0,700.0,704.0,1.0,72.6,9.0,Individual,5,High Risk,Manual Review
79583111,15000.0, 60 months,23.32,E,E3,< 1 year,MORTGAGE,42000.0,Verified,other,PA,35.34,0.0,720.0,724.0,1.0,31.7,27.0,Individual,5,High Risk,Manual Review
79571523,35000.0, 60 months,23.32,E,E3,,MORTGAGE,110000.0,Verified,debt_consolidation,KY,38.49,1.0,680.0,684.0,0.0,38.6,49.0,Individual,6,High Risk,Manual Review
80649202,12000.0, 60 months,27.34,F,F5,2 years,OWN,55000.0,Source Verified,home_improvement,NY,35.65,1.0,670.0,674.0,1.0,98.2,56.0,Individual,7,High Risk,Manual Review
79955622,12000.0, 60 months,25.65,F,F3,2 years,MORTGAGE,42000.0,Source Verified,debt_consolidation,NM,36.37,0.0,775.0,779.0,1.0,17.9,28.0,Individual,5,High Risk,Manual Review
80638845,22500.0, 60 months,23.99,E,E4,2 years,RENT,45000.0,Source Verified,debt_consolidation,KS,38.16,0.0,680.0,684.0,1.0,89.3,8.0,Individual,6,High Risk,Manual Review
78130232,21125.0, 60 months,22.35,E,E2,10+ years,RENT,60000.0,Source Verified,debt_consolidation,OH,33.6,0.0,665.0,669.0,1.0,89.9,27.0,Individual,6,High Risk,Manual Review
78428530,24000.0, 60 months,22.35,E,E2,6 years,MORTGAGE,88000.0,Source Verified,debt_consolidation,MO,37.06,0.0,680.0,684.0,0.0,99.4,43.0,Individual,6,High Risk,Manual Review
80088232,21500.0, 60 months,23.32,E,E3,10+ years,OWN,64000.0,Source Verified,debt_consolidation,CT,23.42,1.0,685.0,689.0,0.0,99.1,14.0,Individual,5,High Risk,Manual Review
79766116,12000.0, 60 months,24.99,E,E5,10+ years,MORTGAGE,55000.0,Source Verified,debt_consolidation,SC,31.08,0.0,670.0,674.0,1.0,51.1,22.0,Individual,5,High Risk,Manual Review
81496447,2000.0, 36 months,20.99,E,E1,10+ years,MORTGAGE,45000.0,Verified,debt_consolidation,CO,40.16,0.0,680.0,684.0,0.0,7.8,18.0,Individual,5,High Risk,Manual Review
79421195,25325.0, 60 months,23.32,E,E3,10+ years,MORTGAGE,77000.0,Not Verified,credit_card,CA,32.39,0.0,660.0,664.0,0.0,89.7,66.0,Individual,6,High Risk,Manual Review
78249707,15600.0, 60 months,23.32,E,E3,10+ years,MORTGAGE,94000.0,Verified,debt_consolidation,OH,30.75,0.0,675.0,679.0,0.0,50.9,46.0,Individual,5,High Risk,Manual Review
78921746,18200.0, 60 months,22.35,E,E2,10+ years,MORTGAGE,70000.0,Source Verified,debt_consolidation,FL,33.74,2.0,665.0,669.0,0.0,42.6,18.0,Individual,6,High Risk,Manual Review
79124812,35475.0, 60 months,25.44,F,F2,10+ years,MORTGAGE,120000.0,Verified,debt_consolidation,CA,38.62,0.0,720.0,724.0,0.0,37.7,43.0,Individual,5,High Risk,Manual Review
79683245,30000.0, 60 months,25.65,F,F3,3 years,RENT,64500.0,Verified,debt_consolidation,NJ,34.68,0.0,710.0,714.0,1.0,34.4,58.0,Individual,5,High Risk,Manual Review
78935042,16000.0, 60 months,23.32,E,E3,10+ years,MORTGAGE,65000.0,Source Verified,credit_card,OK,38.07,0.0,670.0,674.0,0.0,97.2,12.0,Individual,6,High Risk,Manual Review
79493328,13000.0, 60 months,23.32,E,E3,3 years,MORTGAGE,67000.0,Source Verified,other,IN,30.41,0.0,680.0,684.0,2.0,66.5,33.0,Individual,5,High Risk,Manual Review
79825476,28800.0, 60 months,22.35,E,E2,10+ years,OWN,72000.0,Source Verified,debt_consolidation,MN,37.19,0.0,675.0,679.0,0.0,79.4,60.0,Individual,5,High Risk,Manual Review
80508147,29150.0, 60 months,27.34,F,F5,10+ years,RENT,60735.0,Source Verified,debt_consolidation,AZ,35.31,1.0,680.0,684.0,0.0,91.4,14.0,Individual,7,High Risk,Manual Review
80611933,10400.0, 60 months,25.11,F,F1,8 years,RENT,43000.0,Not Verified,debt_consolidation,NY,32.82,0.0,720.0,724.0,3.0,5.2,32.0,Individual,5,High Risk,Manual Review
80005810,10000.0, 60 months,25.65,F,F3,3 years,MORTGAGE,42000.0,Source Verified,debt_consolidation,OH,35.71,1.0,675.0,679.0,0.0,23.4,45.0,Individual,6,High Risk,Manual Review
80590329,24000.0, 60 months,25.11,F,F1,6 years,MORTGAGE,85000.0,Verified,debt_consolidation,CA,35.89,1.0,700.0,704.0,0.0,34.3,36.0,Individual,6,High Risk,Manual Review
80628648,18000.0, 60 months,25.11,F,F1,10+ years,RENT,79000.0,Verified,debt_consolidation,MN,39.86,0.0,670.0,674.0,0.0,70.5,38.0,Individual,5,High Risk,Manual Review
79743487,17000.0, 60 months,24.99,E,E5,9 years,MORTGAGE,65000.0,Not Verified,debt_consolidation,FL,36.15,4.0,680.0,684.0,0.0,36.7,34.0,Individual,6,High Risk,Manual Review
79753232,11000.0, 60 months,23.32,E,E3,1 year,RENT,42000.0,Source Verified,debt_consolidation,CO,38.2,0.0,705.0,709.0,0.0,26.9,27.0,Individual,5,High Risk,Manual Review
77477493,30000.0, 60 months,25.65,F,F3,7 years,MORTGAGE,80000.0,Verified,debt_consolidation,ID,37.68,0.0,685.0,689.0,2.0,27.1,37.0,Individual,5,High Risk,Manual Review
79713093,12100.0, 60 months,22.35,E,E2,4 years,RENT,36067.2,Not Verified,debt_consolidation,ID,34.31,0.0,675.0,679.0,0.0,73.3,25.0,Individual,5,High Risk,Manual Review
80581022,40000.0, 60 months,24.99,E,E5,3 years,MORTGAGE,144000.0,Verified,debt_consolidation,PA,34.4,0.0,680.0,684.0,0.0,74.8,41.0,Individual,5,High Risk,Manual Review
79082271,16000.0, 60 months,23.32,E,E3,10+ years,RENT,60000.0,Verified,credit_card,MD,35.0,0.0,700.0,704.0,0.0,50.0,21.0,Individual,5,High Risk,Manual Review
79905911,17675.0, 60 months,25.44,F,F2,10+ years,MORTGAGE,95051.0,Not Verified,credit_card,OK,37.31,0.0,710.0,714.0,0.0,93.4,18.0,Individual,6,High Risk,Manual Review
80570078,25000.0, 60 months,25.44,F,F2,1 year,OWN,120000.0,Source Verified,debt_consolidation,TN,34.21,3.0,680.0,684.0,1.0,67.0,31.0,Individual,6,High Risk,Manual Review
77520398,15600.0, 60 months,24.99,E,E5,10+ years,MORTGAGE,68911.0,Verified,debt_consolidation,MT,44.12,0.0,685.0,689.0,0.0,86.6,49.0,Individual,6,High Risk,Manual Review
77330603,17675.0, 60 months,26.14,F,F4,8 years,RENT,52000.0,Verified,debt_consolidation,DE,32.93,0.0,705.0,709.0,1.0,66.9,29.0,Individual,5,High Risk,Manual Review
80729645,24000.0, 60 months,24.99,E,E5,3 years,RENT,56000.0,Not Verified,debt_consolidation,NY,33.13,0.0,680.0,684.0,0.0,43.6,21.0,Individual,5,High Risk,Manual Review
80529588,30000.0, 60 months,23.99,E,E4,4 years,RENT,90000.0,Verified,debt_consolidation,NY,7.24,1.0,675.0,679.0,0.0,89.3,30.0,Individual,5,High Risk,Manual Review
80610520,40000.0, 60 months,23.32,E,E3,9 years,RENT,120000.0,Verified,debt_consolidation,FL,30.2,0.0,740.0,744.0,0.0,3.8,26.0,Individual,5,High Risk,Manual Review
77588545,20150.0, 60 months,23.99,E,E4,9 years,MORTGAGE,48000.0,Verified,debt_consolidation,OH,32.73,0.0,665.0,669.0,0.0,41.4,32.0,Individual,5,High Risk,Manual Review
81463357,9900.0, 36 months,22.35,E,E2,10+ years,MORTGAGE,27500.0,Verified,home_improvement,MS,34.05,0.0,680.0,684.0,0.0,55.5,21.0,Individual,5,High Risk,Manual Review
79752683,10550.0, 60 months,26.14,F,F4,7 years,OWN,32000.0,Verified,debt_consolidation,MO,38.6,0.0,680.0,684.0,1.0,85.0,25.0,Individual,6,High Risk,Manual Review
79220180,26175.0, 60 months,22.35,E,E2,10+ years,OWN,39500.0,Verified,credit_card,AZ,43.92,0.0,690.0,694.0,0.0,91.2,12.0,Joint App,6,High Risk,Manual Review
81445846,13250.0, 36 months,20.99,E,E1,9 years,RENT,70000.0,Verified,debt_consolidation,MA,40.57,0.0,700.0,704.0,0.0,35.8,40.0,Individual,5,High Risk,Manual Review
81365674,32000.0, 36 months,16.29,D,D1,4 years,MORTGAGE,130000.0,Verified,credit_card,IN,34.99,1.0,680.0,684.0,1.0,88.0,42.0,Individual,5,High Risk,Manual Review
79742598,18850.0, 60 months,25.44,F,F2,9 years,MORTGAGE,47000.0,Source Verified,debt_consolidation,AL,35.42,0.0,700.0,704.0,1.0,85.1,25.0,Individual,6,High Risk,Manual Review
81423894,10075.0, 36 months,20.99,E,E1,< 1 year,MORTGAGE,35000.0,Verified,other,AR,35.36,3.0,675.0,679.0,1.0,50.1,17.0,Individual,6,High Risk,Manual Review
80720579,35000.0, 60 months,29.67,G,G3,10+ years,MORTGAGE,86000.0,Source Verified,debt_consolidation,MD,32.22,1.0,675.0,679.0,0.0,66.9,29.0,Individual,6,High Risk,Manual Review
79603084,10400.0, 60 months,23.32,E,E3,10+ years,MORTGAGE,125000.0,Verified,debt_consolidation,GA,31.41,2.0,685.0,689.0,0.0,54.6,22.0,Individual,6,High Risk,Manual Review
78739838,12150.0, 60 months,23.32,E,E3,5 years,RENT,45000.0,Verified,debt_consolidation,NY,32.11,0.0,670.0,674.0,2.0,55.0,23.0,Individual,5,High Risk,Manual Review
79552982,10350.0, 60 months,20.99,E,E1,< 1 year,RENT,55000.0,Not Verified,credit_card,WA,31.4,0.0,770.0,774.0,1.0,14.5,32.0,Individual,5,High Risk,Manual Review
81385378,15000.0, 36 months,22.35,E,E2,< 1 year,MORTGAGE,92000.0,Verified,debt_consolidation,MO,39.03,0.0,685.0,689.0,2.0,85.4,37.0,Individual,6,High Risk,Manual Review
79220845,22000.0, 60 months,26.14,F,F4,4 years,RENT,50000.0,Verified,debt_consolidation,FL,24.48,1.0,660.0,664.0,0.0,89.5,14.0,Individual,5,High Risk,Manual Review
81545985,12500.0, 36 months,23.99,E,E4,10+ years,OWN,63000.0,Verified,credit_card,MA,34.27,1.0,670.0,674.0,0.0,55.0,34.0,Individual,6,High Risk,Manual Review
81018513,9250.0, 36 months,20.99,E,E1,,MORTGAGE,26472.0,Verified,debt_consolidation,KY,37.13,0.0,710.0,714.0,0.0,95.0,21.0,Individual,6,High Risk,Manual Review
81240313,13050.0, 36 months,24.99,E,E5,10+ years,MORTGAGE,66000.0,Verified,debt_consolidation,FL,43.11,0.0,720.0,724.0,0.0,82.2,29.0,Individual,6,High Risk,Manual Review
81405218,8400.0, 36 months,25.44,F,F2,1 year,RENT,28000.0,Verified,debt_consolidation,NY,36.05,0.0,665.0,669.0,0.0,91.8,7.0,Individual,6,High Risk,Manual Review
79764142,35000.0, 60 months,26.14,F,F4,3 years,MORTGAGE,178000.0,Verified,home_improvement,MD,32.81,1.0,660.0,664.0,1.0,94.1,32.0,Individual,7,High Risk,Manual Review
81576380,25000.0, 36 months,23.32,E,E3,3 years,MORTGAGE,63000.0,Verified,debt_consolidation,NM,40.44,1.0,685.0,689.0,0.0,72.2,26.0,Individual,6,High Risk,Manual Review
80530416,28500.0, 60 months,29.67,G,G3,10+ years,MORTGAGE,57000.0,Source Verified,debt_consolidation,GA,37.79,0.0,660.0,664.0,0.0,73.0,14.0,Individual,5,High Risk,Manual Review
81365097,4175.0, 36 months,23.99,E,E4,1 year,MORTGAGE,55000.0,Verified,medical,MD,34.03,0.0,685.0,689.0,1.0,69.1,16.0,Individual,5,High Risk,Manual Review
79013158,30150.0, 60 months,23.32,E,E3,1 year,MORTGAGE,67000.0,Verified,debt_consolidation,IN,35.14,1.0,660.0,664.0,0.0,84.0,40.0,Individual,7,High Risk,Manual Review
79743679,3000.0, 36 months,24.99,E,E5,,OWN,31505.0,Verified,debt_consolidation,MD,35.66,0.0,670.0,674.0,0.0,99.0,8.0,Individual,6,High Risk,Manual Review
81394742,9775.0, 36 months,20.99,E,E1,< 1 year,RENT,52000.0,Verified,debt_consolidation,MD,32.7,0.0,755.0,759.0,0.0,15.5,13.0,Individual,5,High Risk,Manual Review
79162435,18400.0, 60 months,26.14,F,F4,9 years,RENT,40000.0,Verified,debt_consolidation,OH,42.42,0.0,705.0,709.0,0.0,69.0,26.0,Individual,5,High Risk,Manual Review
81375203,26525.0, 36 months,27.34,F,F5,10+ years,RENT,56000.0,Verified,debt_consolidation,OR,40.18,2.0,660.0,664.0,0.0,62.4,28.0,Individual,6,High Risk,Manual Review
77459171,30000.0, 60 months,22.35,E,E2,10+ years,MORTGAGE,95000.0,Source Verified,debt_consolidation,RI,31.56,0.0,720.0,724.0,0.0,47.4,31.0,Individual,5,High Risk,Manual Review
81474975,15100.0, 36 months,23.32,E,E3,3 years,RENT,36000.0,Verified,credit_card,CA,31.5,0.0,690.0,694.0,2.0,47.9,13.0,Individual,5,High Risk,Manual Review
81555604,9825.0, 36 months,24.99,E,E5,4 years,RENT,52000.0,Source Verified,debt_consolidation,TN,44.52,1.0,675.0,679.0,0.0,50.1,41.0,Individual,6,High Risk,Manual Review
81385495,11675.0, 36 months,20.99,E,E1,10+ years,MORTGAGE,40000.0,Source Verified,credit_card,TN,31.35,0.0,710.0,714.0,0.0,71.2,25.0,Individual,5,High Risk,Manual Review
80540350,30000.0, 60 months,29.96,G,G4,2 years,MORTGAGE,75000.0,Source Verified,debt_consolidation,CO,37.1,0.0,695.0,699.0,2.0,23.0,44.0,Individual,5,High Risk,Manual Review
81518210,37675.0, 36 months,24.99,E,E5,2 years,MORTGAGE,122000.0,Verified,debt_consolidation,NC,37.09,0.0,725.0,729.0,0.0,60.6,31.0,Individual,5,High Risk,Manual Review
81367332,35000.0, 36 months,23.32,E,E3,2 years,MORTGAGE,96000.0,Source Verified,credit_card,NV,30.36,0.0,710.0,714.0,1.0,40.9,26.0,Individual,5,High Risk,Manual Review
81575749,6850.0, 36 months,23.32,E,E3,10+ years,MORTGAGE,48000.0,Verified,debt_consolidation,KS,38.5,0.0,720.0,724.0,1.0,44.5,20.0,Individual,5,High Risk,Manual Review
77469997,22500.0, 60 months,25.11,F,F1,10+ years,MORTGAGE,80000.0,Not Verified,medical,IN,32.69,0.0,685.0,689.0,0.0,71.9,13.0,Individual,5,High Risk,Manual Review
77765206,21000.0, 60 months,25.44,F,F2,< 1 year,MORTGAGE,105000.0,Not Verified,debt_consolidation,CT,34.22,0.0,695.0,699.0,0.0,72.4,36.0,Individual,5,High Risk,Manual Review
79712120,35000.0, 60 months,22.35,E,E2,5 years,MORTGAGE,131000.0,Source Verified,debt_consolidation,MD,34.39,1.0,670.0,674.0,1.0,77.2,39.0,Individual,6,High Risk,Manual Review
80630662,35000.0, 60 months,28.88,G,G2,10+ years,MORTGAGE,108173.0,Verified,debt_consolidation,VA,30.71,0.0,670.0,674.0,0.0,88.9,28.0,Individual,6,High Risk,Manual Review
79662502,16800.0, 60 months,23.99,E,E4,5 years,OWN,65000.0,Not Verified,other,FL,38.61,0.0,670.0,674.0,0.0,68.3,32.0,Individual,5,High Risk,Manual Review
79542568,32000.0, 60 months,23.99,E,E4,< 1 year,MORTGAGE,133210.0,Source Verified,debt_consolidation,IL,30.75,0.0,665.0,669.0,1.0,71.7,37.0,Individual,5,High Risk,Manual Review
81476936,1350.0, 36 months,20.99,E,E1,4 years,RENT,26500.0,Source Verified,small_business,VA,37.23,0.0,660.0,664.0,1.0,70.2,33.0,Individual,5,High Risk,Manual Review
78279279,18075.0, 60 months,29.96,G,G4,10+ years,RENT,51720.0,Verified,debt_consolidation,PA,39.21,0.0,685.0,689.0,1.0,57.2,22.0,Individual,5,High Risk,Manual Review
81260574,3100.0, 36 months,24.99,E,E5,5 years,RENT,29000.0,Verified,debt_consolidation,AL,36.22,0.0,675.0,679.0,0.0,87.6,25.0,Individual,6,High Risk,Manual Review
79300178,17325.0, 60 months,26.14,F,F4,10+ years,MORTGAGE,39000.0,Verified,debt_consolidation,NC,35.38,1.0,675.0,679.0,1.0,69.0,30.0,Individual,6,High Risk,Manual Review
79601919,16050.0, 60 months,24.99,E,E5,10+ years,RENT,60000.0,Verified,credit_card,NY,39.2,0.0,675.0,679.0,0.0,69.3,46.0,Individual,5,High Risk,Manual Review
79661910,40000.0, 60 months,23.32,E,E3,10+ years,MORTGAGE,125000.0,Verified,credit_card,PA,9.1,1.0,710.0,714.0,1.0,93.2,24.0,Individual,5,High Risk,Manual Review
79591908,20000.0, 60 months,25.44,F,F2,< 1 year,MORTGAGE,71000.0,Verified,debt_consolidation,PA,39.2,0.0,690.0,694.0,1.0,69.7,26.0,Individual,5,High Risk,Manual Review
79571856,20000.0, 60 months,22.35,E,E2,1 year,MORTGAGE,162000.0,Source Verified,debt_consolidation,TN,24.0,1.0,660.0,664.0,1.0,91.1,28.0,Individual,5,High Risk,Manual Review
79014285,15400.0, 60 months,25.44,F,F2,10+ years,MORTGAGE,88000.0,Source Verified,debt_consolidation,FL,31.12,0.0,675.0,679.0,0.0,37.8,51.0,Individual,5,High Risk,Manual Review
79190779,14400.0, 60 months,24.99,E,E5,7 years,RENT,82000.0,Source Verified,debt_consolidation,NY,21.95,2.0,670.0,674.0,0.0,81.5,26.0,Individual,5,High Risk,Manual Review
81436350,11650.0, 36 months,22.35,E,E2,2 years,MORTGAGE,65000.0,Not Verified,debt_consolidation,TN,31.43,1.0,690.0,694.0,1.0,49.2,62.0,Individual,6,High Risk,Manual Review
81476277,25450.0, 36 months,23.32,E,E3,9 years,RENT,69205.0,Verified,debt_consolidation,NY,33.14,0.0,665.0,669.0,0.0,43.0,48.0,Individual,5,High Risk,Manual Review
80568597,10875.0, 60 months,29.67,G,G3,4 years,RENT,32000.0,Source Verified,other,NY,30.57,0.0,730.0,734.0,0.0,57.7,3.0,Individual,5,High Risk,Manual Review
79082960,10050.0, 60 months,20.99,E,E1,6 years,RENT,43280.0,Not Verified,debt_consolidation,FL,30.92,0.0,665.0,669.0,1.0,65.0,30.0,Individual,5,High Risk,Manual Review
79043953,10000.0, 60 months,23.99,E,E4,10+ years,MORTGAGE,72000.0,Not Verified,home_improvement,GA,37.25,2.0,660.0,664.0,0.0,98.8,27.0,Individual,7,High Risk,Manual Review
79561624,13400.0, 60 months,23.32,E,E3,3 years,MORTGAGE,77000.0,Not Verified,debt_consolidation,GA,31.75,0.0,715.0,719.0,0.0,43.3,16.0,Individual,5,High Risk,Manual Review
79631647,19500.0, 60 months,25.11,F,F1,10+ years,RENT,58000.0,Source Verified,other,NC,30.85,0.0,665.0,669.0,0.0,80.1,13.0,Individual,6,High Risk,Manual Review
79621509,27125.0, 60 months,27.34,F,F5,< 1 year,RENT,60300.0,Source Verified,debt_consolidation,CA,31.64,0.0,685.0,689.0,1.0,96.0,9.0,Individual,6,High Risk,Manual Review
77587818,19600.0, 60 months,20.99,E,E1,,MORTGAGE,69972.0,Verified,debt_consolidation,MD,30.13,1.0,675.0,679.0,0.0,65.3,40.0,Individual,6,High Risk,Manual Review
81486967,7000.0, 36 months,23.99,E,E4,2 years,RENT,45800.0,Verified,other,OH,31.29,0.0,665.0,669.0,0.0,0.0,22.0,Individual,5,High Risk,Manual Review
79143777,10000.0, 60 months,23.99,E,E4,1 year,MORTGAGE,80000.0,Source Verified,moving,TX,34.74,0.0,685.0,689.0,1.0,90.0,25.0,Individual,6,High Risk,Manual Review
79511570,35000.0, 60 months,25.65,F,F3,< 1 year,MORTGAGE,75000.0,Source Verified,home_improvement,FL,34.78,0.0,715.0,719.0,0.0,78.2,36.0,Individual,5,High Risk,Manual Review
81506225,15000.0, 36 months,20.99,E,E1,10+ years,RENT,56587.68,Verified,debt_consolidation,TX,37.99,0.0,670.0,674.0,0.0,63.1,49.0,Individual,5,High Risk,Manual Review
79721518,20000.0, 60 months,25.11,F,F1,10+ years,RENT,94600.0,Not Verified,debt_consolidation,RI,30.62,0.0,660.0,664.0,2.0,34.3,34.0,Individual,5,High Risk,Manual Review
81455503,10000.0, 36 months,16.29,D,D1,10+ years,OWN,65000.0,Source Verified,other,AL,36.45,1.0,680.0,684.0,0.0,97.5,27.0,Individual,5,High Risk,Manual Review
79581369,24000.0, 60 months,25.44,F,F2,9 years,RENT,56436.0,Source Verified,debt_consolidation,ND,31.64,0.0,665.0,669.0,2.0,83.2,20.0,Individual,6,High Risk,Manual Review
79511288,15000.0, 60 months,20.99,E,E1,4 years,OWN,46900.0,Not Verified,other,TX,37.23,0.0,715.0,719.0,1.0,18.7,31.0,Individual,5,High Risk,Manual Review
81466761,5000.0, 36 months,20.99,E,E1,10+ years,RENT,70000.0,Not Verified,credit_card,MN,42.95,0.0,700.0,704.0,0.0,92.2,18.0,Individual,6,High Risk,Manual Review
81355266,35000.0, 36 months,23.32,E,E3,8 years,MORTGAGE,73000.0,Verified,debt_consolidation,CA,30.4,0.0,715.0,719.0,1.0,69.3,27.0,Individual,5,High Risk,Manual Review
78750808,16100.0, 60 months,24.99,E,E5,7 years,MORTGAGE,35000.0,Not Verified,debt_consolidation,AL,36.42,0.0,705.0,709.0,1.0,91.7,13.0,Individual,6,High Risk,Manual Review
81486112,25000.0, 36 months,22.35,E,E2,10+ years,MORTGAGE,94000.0,Verified,debt_consolidation,CT,33.24,0.0,665.0,669.0,0.0,80.6,29.0,Individual,6,High Risk,Manual Review
79201152,29000.0, 60 months,26.14,F,F4,6 years,OWN,58000.0,Source Verified,debt_consolidation,KY,35.3,1.0,670.0,674.0,1.0,53.7,39.0,Individual,6,High Risk,Manual Review
79190817,25000.0, 60 months,27.34,F,F5,10+ years,OWN,50000.0,Verified,debt_consolidation,TX,39.53,1.0,670.0,674.0,0.0,31.9,24.0,Individual,6,High Risk,Manual Review
81345257,23225.0, 36 months,20.99,E,E1,10+ years,MORTGAGE,55000.0,Verified,debt_consolidation,IN,18.22,1.0,660.0,664.0,0.0,91.0,15.0,Individual,5,High Risk,Manual Review
80678950,17850.0, 36 months,23.32,E,E3,2 years,RENT,47000.0,Verified,other,CA,29.55,3.0,665.0,669.0,0.0,80.5,21.0,Individual,5,High Risk,Manual Review
81466058,9000.0, 36 months,25.11,F,F1,4 years,RENT,30000.0,Verified,major_purchase,NC,37.2,0.0,680.0,684.0,1.0,59.8,15.0,Individual,5,High Risk,Manual Review
81355262,9000.0, 36 months,29.67,G,G3,,RENT,30000.0,Verified,debt_consolidation,TN,35.84,0.0,675.0,679.0,1.0,33.4,15.0,Individual,5,High Risk,Manual Review
81568653,6000.0, 36 months,20.99,E,E1,< 1 year,RENT,20000.0,Verified,debt_consolidation,FL,31.51,0.0,665.0,669.0,0.0,17.7,18.0,Individual,5,High Risk,Manual Review
77487441,35000.0, 60 months,27.34,F,F5,2 years,MORTGAGE,100000.0,Verified,debt_consolidation,NY,8.22,8.0,660.0,664.0,0.0,90.7,28.0,Individual,5,High Risk,Manual Review
78780766,20525.0, 60 months,28.18,G,G1,< 1 year,MORTGAGE,48000.0,Source Verified,debt_consolidation,MN,34.43,0.0,705.0,709.0,0.0,93.2,34.0,Individual,6,High Risk,Manual Review
81555533,4025.0, 36 months,26.14,F,F4,2 years,MORTGAGE,23500.0,Verified,debt_consolidation,AZ,37.54,0.0,670.0,674.0,1.0,37.4,17.0,Individual,5,High Risk,Manual Review
79044712,12000.0, 60 months,27.34,F,F5,2 years,OWN,30000.0,Source Verified,debt_consolidation,HI,34.56,0.0,665.0,669.0,1.0,74.6,37.0,Individual,5,High Risk,Manual Review
81434848,17275.0, 36 months,23.99,E,E4,5 years,RENT,45500.0,Source Verified,credit_card,NV,32.71,0.0,695.0,699.0,5.0,44.5,37.0,Individual,5,High Risk,Manual Review
79141137,18000.0, 60 months,20.99,E,E1,8 years,RENT,87000.0,Source Verified,debt_consolidation,CT,32.52,1.0,675.0,679.0,0.0,60.8,36.0,Individual,6,High Risk,Manual Review
79643163,6300.0, 36 months,20.99,E,E1,,MORTGAGE,52000.0,Verified,debt_consolidation,CA,35.17,0.0,730.0,734.0,0.0,15.4,22.0,Individual,5,High Risk,Manual Review
80679126,19125.0, 60 months,28.88,G,G2,1 year,MORTGAGE,55500.0,Source Verified,debt_consolidation,MO,30.85,0.0,665.0,669.0,0.0,51.3,46.0,Individual,5,High Risk,Manual Review
79250642,13200.0, 60 months,20.99,E,E1,2 years,OWN,42000.0,Verified,home_improvement,TX,36.2,0.0,690.0,694.0,0.0,53.7,20.0,Individual,5,High Risk,Manual Review
79180934,17150.0, 60 months,25.65,F,F3,4 years,RENT,34300.0,Not Verified,debt_consolidation,IL,37.23,0.0,685.0,689.0,0.0,50.1,23.0,Individual,5,High Risk,Manual Review
79220758,35000.0, 60 months,23.32,E,E3,4 years,RENT,83000.0,Verified,credit_card,WY,36.47,1.0,660.0,664.0,0.0,70.0,37.0,Individual,6,High Risk,Manual Review
81465420,35000.0, 36 months,20.99,E,E1,3 years,MORTGAGE,74700.0,Source Verified,credit_card,NM,36.76,0.0,685.0,689.0,0.0,81.0,59.0,Individual,6,High Risk,Manual Review
79300269,21000.0, 60 months,23.99,E,E4,2 years,MORTGAGE,110000.0,Verified,debt_consolidation,VT,28.17,1.0,680.0,684.0,1.0,88.4,45.0,Individual,5,High Risk,Manual Review
78974992,11850.0, 60 months,25.65,F,F3,5 years,RENT,39000.0,Source Verified,credit_card,IL,34.03,0.0,660.0,664.0,0.0,68.4,26.0,Individual,5,High Risk,Manual Review
79210998,24000.0, 60 months,23.32,E,E3,2 years,RENT,65000.0,Source Verified,debt_consolidation,MI,34.09,0.0,670.0,674.0,0.0,81.1,36.0,Individual,6,High Risk,Manual Review
81563719,19525.0, 36 months,24.99,E,E5,10+ years,MORTGAGE,78000.0,Verified,debt_consolidation,NJ,49.4,0.0,665.0,669.0,1.0,29.3,26.0,Individual,5,High Risk,Manual Review
78179281,24000.0, 60 months,23.99,E,E4,10+ years,MORTGAGE,150000.0,Source Verified,debt_consolidation,CA,37.24,0.0,710.0,714.0,0.0,68.0,41.0,Individual,5,High Risk,Manual Review
79032420,35000.0, 60 months,25.11,F,F1,10+ years,MORTGAGE,75000.0,Source Verified,debt_consolidation,PA,32.22,0.0,705.0,709.0,1.0,54.4,39.0,Individual,5,High Risk,Manual Review
79330261,16550.0, 60 months,20.99,E,E1,,OWN,60000.0,Not Verified,debt_consolidation,KY,31.78,2.0,665.0,669.0,0.0,16.8,27.0,Individual,6,High Risk,Manual Review
79966178,35000.0, 60 months,28.18,G,G1,10+ years,MORTGAGE,92000.0,Verified,debt_consolidation,TX,30.36,0.0,665.0,669.0,0.0,81.8,41.0,Individual,6,High Risk,Manual Review
80598148,35000.0, 36 months,24.99,E,E5,2 years,MORTGAGE,93000.0,Verified,debt_consolidation,IN,35.24,0.0,710.0,714.0,0.0,50.0,40.0,Individual,5,High Risk,Manual Review
79300222,21000.0, 60 months,19.99,D,D5,5 years,MORTGAGE,44300.0,Source Verified,debt_consolidation,IN,34.6,1.0,670.0,674.0,0.0,89.8,17.0,Joint App,5,High Risk,Manual Review
77588926,10000.0, 60 months,20.99,E,E1,,RENT,30000.0,Verified,home_improvement,NY,39.04,0.0,680.0,684.0,0.0,67.6,20.0,Individual,5,High Risk,Manual Review
77588983,16000.0, 60 months,20.99,E,E1,10+ years,MORTGAGE,51000.0,Source Verified,debt_consolidation,IN,31.39,1.0,690.0,694.0,1.0,43.5,41.0,Individual,6,High Risk,Manual Review
79975964,19700.0, 36 months,15.31,C,C5,10+ years,MORTGAGE,62000.0,Verified,debt_consolidation,LA,35.13,1.0,670.0,674.0,0.0,89.0,26.0,Individual,5,High Risk,Manual Review
79153359,32000.0, 60 months,24.99,E,E5,7 years,MORTGAGE,75000.0,Verified,medical,AL,32.13,4.0,660.0,664.0,0.0,60.5,46.0,Individual,6,High Risk,Manual Review
81394686,7000.0, 36 months,23.99,E,E4,10+ years,MORTGAGE,55000.0,Verified,debt_consolidation,FL,38.1,0.0,680.0,684.0,0.0,71.0,37.0,Individual,5,High Risk,Manual Review
77588800,11100.0, 60 months,25.44,F,F2,10+ years,RENT,31720.0,Verified,credit_card,MI,38.48,1.0,685.0,689.0,1.0,44.0,25.0,Individual,6,High Risk,Manual Review
78985226,16000.0, 60 months,25.65,F,F3,10+ years,RENT,43000.0,Verified,credit_card,NC,42.84,0.0,680.0,684.0,0.0,84.7,44.0,Individual,6,High Risk,Manual Review
79085072,25000.0, 60 months,22.35,E,E2,7 years,MORTGAGE,74500.0,Source Verified,debt_consolidation,TX,31.19,0.0,720.0,724.0,0.0,75.5,20.0,Individual,5,High Risk,Manual Review
79085073,15000.0, 60 months,24.99,E,E5,5 years,OWN,50000.0,Source Verified,debt_consolidation,CA,33.7,1.0,690.0,694.0,2.0,15.1,50.0,Individual,6,High Risk,Manual Review
79123025,33225.0, 60 months,23.99,E,E4,10+ years,MORTGAGE,97000.0,Verified,debt_consolidation,IL,34.64,0.0,720.0,724.0,0.0,81.7,15.0,Individual,6,High Risk,Manual Review
81426106,3000.0, 36 months,22.35,E,E2,10+ years,MORTGAGE,70000.0,Verified,credit_card,LA,37.37,0.0,695.0,699.0,0.0,44.5,30.0,Individual,5,High Risk,Manual Review
77508782,27225.0, 60 months,23.32,E,E3,10+ years,MORTGAGE,78000.0,Not Verified,debt_consolidation,IL,37.71,0.0,730.0,734.0,0.0,67.4,21.0,Joint App,5,High Risk,Manual Review
79144677,19225.0, 60 months,20.99,E,E1,10+ years,RENT,40100.0,Verified,credit_card,TX,40.05,0.0,700.0,704.0,0.0,74.0,18.0,Individual,5,High Risk,Manual Review
78904482,13375.0, 60 months,23.32,E,E3,4 years,OWN,57000.0,Source Verified,debt_consolidation,SC,30.11,0.0,735.0,739.0,0.0,38.0,39.0,Individual,5,High Risk,Manual Review
79512868,35000.0, 60 months,29.67,G,G3,2 years,RENT,90000.0,Verified,debt_consolidation,NY,30.12,0.0,675.0,679.0,1.0,47.6,34.0,Individual,5,High Risk,Manual Review
79052496,30000.0, 60 months,23.99,E,E4,10+ years,RENT,60000.0,Verified,debt_consolidation,CA,35.5,0.0,720.0,724.0,0.0,87.9,23.0,Individual,6,High Risk,Manual Review
81566719,8000.0, 36 months,18.25,D,D3,10+ years,MORTGAGE,70000.0,Not Verified,debt_consolidation,TX,33.36,2.0,675.0,679.0,0.0,86.6,25.0,Individual,5,High Risk,Manual Review
77577938,21000.0, 60 months,24.99,E,E5,10+ years,MORTGAGE,78000.0,Source Verified,credit_card,FL,34.63,0.0,700.0,704.0,1.0,42.3,32.0,Individual,5,High Risk,Manual Review
79012567,25000.0, 60 months,25.65,F,F3,3 years,RENT,68600.0,Source Verified,debt_consolidation,CA,35.37,0.0,710.0,714.0,0.0,39.4,27.0,Individual,5,High Risk,Manual Review
79033530,11575.0, 60 months,23.99,E,E4,1 year,MORTGAGE,40325.0,Source Verified,credit_card,MD,33.84,0.0,670.0,674.0,1.0,80.5,39.0,Individual,6,High Risk,Manual Review
77578409,16000.0, 60 months,22.35,E,E2,1 year,RENT,53000.0,Verified,credit_card,CA,30.1,0.0,670.0,674.0,3.0,35.0,55.0,Individual,5,High Risk,Manual Review
81376030,2550.0, 36 months,25.44,F,F2,10+ years,RENT,50000.0,Verified,debt_consolidation,NV,31.2,2.0,660.0,664.0,1.0,34.8,24.0,Individual,6,High Risk,Manual Review
79065402,35000.0, 60 months,22.35,E,E2,9 years,MORTGAGE,70000.0,Verified,debt_consolidation,NC,34.63,0.0,705.0,709.0,0.0,63.3,46.0,Joint App,5,High Risk,Manual Review
79104196,22325.0, 60 months,24.99,E,E5,10+ years,MORTGAGE,147000.0,Not Verified,debt_consolidation,NC,33.23,0.0,690.0,694.0,0.0,66.0,26.0,Individual,5,High Risk,Manual Review
78119199,35000.0, 60 months,20.99,E,E1,1 year,MORTGAGE,63000.0,Verified,debt_consolidation,MN,31.35,0.0,690.0,694.0,0.0,90.1,30.0,Joint App,6,High Risk,Manual Review
79613201,22000.0, 60 months,28.18,G,G1,3 years,RENT,50000.0,Verified,debt_consolidation,IL,35.33,0.0,665.0,669.0,0.0,65.9,27.0,Individual,5,High Risk,Manual Review
79123452,21000.0, 60 months,23.32,E,E3,10+ years,MORTGAGE,120000.0,Not Verified,debt_consolidation,NY,33.89,0.0,690.0,694.0,0.0,80.5,50.0,Individual,6,High Risk,Manual Review
81008533,5575.0, 36 months,24.99,E,E5,4 years,MORTGAGE,60000.0,Verified,debt_consolidation,OK,35.02,0.0,670.0,674.0,1.0,70.2,60.0,Individual,5,High Risk,Manual Review
79523176,24000.0, 36 months,23.32,E,E3,10+ years,OWN,103000.0,Verified,small_business,IN,37.73,0.0,695.0,699.0,0.0,50.1,26.0,Individual,5,High Risk,Manual Review
78924447,10025.0, 60 months,25.65,F,F3,< 1 year,RENT,25100.0,Source Verified,other,FL,36.59,0.0,745.0,749.0,0.0,75.5,16.0,Individual,5,High Risk,Manual Review
81534405,18300.0, 36 months,19.99,D,D5,10+ years,MORTGAGE,70000.0,Source Verified,debt_consolidation,VA,36.07,2.0,700.0,704.0,0.0,85.1,22.0,Individual,5,High Risk,Manual Review
79012678,10000.0, 60 months,22.35,E,E2,1 year,MORTGAGE,34560.0,Source Verified,credit_card,CA,32.22,0.0,665.0,669.0,0.0,63.0,17.0,Individual,5,High Risk,Manual Review
79023576,18000.0, 60 months,25.65,F,F3,3 years,MORTGAGE,60000.0,Not Verified,debt_consolidation,MI,33.08,0.0,670.0,674.0,0.0,57.3,34.0,Individual,5,High Risk,Manual Review
78510023,24225.0, 60 months,20.99,E,E1,10+ years,OWN,50503.0,Source Verified,debt_consolidation,NC,34.67,0.0,695.0,699.0,0.0,85.2,21.0,Individual,6,High Risk,Manual Review
81574993,3400.0, 36 months,22.35,E,E2,4 years,RENT,10000.0,Source Verified,debt_consolidation,CA,36.97,0.0,675.0,679.0,0.0,66.3,9.0,Individual,5,High Risk,Manual Review
78953806,18000.0, 60 months,22.35,E,E2,10+ years,MORTGAGE,76000.0,Not Verified,credit_card,FL,32.26,0.0,685.0,689.0,1.0,71.7,75.0,Individual,5,High Risk,Manual Review
81332286,12375.0, 36 months,23.32,E,E3,10+ years,RENT,62000.0,Source Verified,other,UT,44.83,0.0,680.0,684.0,0.0,35.9,53.0,Individual,5,High Risk,Manual Review
79084094,12000.0, 60 months,24.99,E,E5,< 1 year,RENT,65000.0,Source Verified,debt_consolidation,FL,18.13,1.0,675.0,679.0,0.0,97.0,27.0,Individual,5,High Risk,Manual Review
79431143,5950.0, 36 months,22.35,E,E2,10+ years,RENT,48000.0,Source Verified,car,KS,33.43,0.0,690.0,694.0,1.0,47.4,25.0,Individual,5,High Risk,Manual Review
79034038,16000.0, 60 months,20.99,E,E1,10+ years,MORTGAGE,144600.0,Verified,debt_consolidation,CA,30.77,0.0,665.0,669.0,2.0,71.3,44.0,Individual,5,High Risk,Manual Review
79064639,16000.0, 60 months,20.99,E,E1,< 1 year,MORTGAGE,51000.0,Verified,debt_consolidation,MA,31.53,2.0,700.0,704.0,1.0,62.4,36.0,Individual,6,High Risk,Manual Review
79094147,17500.0, 60 months,23.99,E,E4,,MORTGAGE,35000.0,Verified,credit_card,IL,32.34,0.0,690.0,694.0,1.0,88.5,25.0,Individual,6,High Risk,Manual Review
81570632,9325.0, 36 months,22.35,E,E2,4 years,RENT,36000.0,Verified,debt_consolidation,MT,34.6,0.0,660.0,664.0,3.0,30.9,18.0,Individual,5,High Risk,Manual Review
79084085,14750.0, 60 months,25.11,F,F1,2 years,MORTGAGE,45000.0,Source Verified,debt_consolidation,AR,36.64,0.0,710.0,714.0,0.0,15.0,17.0,Individual,5,High Risk,Manual Review
79112570,16000.0, 60 months,20.99,E,E1,10+ years,MORTGAGE,75000.0,Source Verified,debt_consolidation,NY,32.21,4.0,665.0,669.0,2.0,61.3,27.0,Individual,6,High Risk,Manual Review
79163658,40000.0, 60 months,23.32,E,E3,10+ years,RENT,130000.0,Verified,debt_consolidation,CA,38.82,0.0,695.0,699.0,0.0,79.8,19.0,Individual,5,High Risk,Manual Review
79013516,25000.0, 60 months,22.35,E,E2,10+ years,MORTGAGE,63000.0,Source Verified,debt_consolidation,MN,30.67,0.0,700.0,704.0,0.0,89.9,19.0,Individual,6,High Risk,Manual Review
78209872,12000.0, 60 months,25.11,F,F1,1 year,OWN,36000.0,Verified,debt_consolidation,TN,37.03,0.0,715.0,719.0,2.0,8.1,83.0,Individual,5,High Risk,Manual Review
79064378,14000.0, 60 months,24.99,E,E5,2 years,RENT,42000.0,Verified,debt_consolidation,WA,36.32,0.0,700.0,704.0,0.0,57.6,13.0,Individual,5,High Risk,Manual Review
79043522,30000.0, 60 months,25.65,F,F3,10+ years,MORTGAGE,73000.0,Verified,debt_consolidation,OH,30.69,0.0,660.0,664.0,0.0,87.1,28.0,Individual,6,High Risk,Manual Review
77851573,13000.0, 60 months,25.44,F,F2,9 years,RENT,53675.0,Verified,other,VA,40.59,0.0,670.0,674.0,0.0,97.4,26.0,Individual,6,High Risk,Manual Review
79103214,23475.0, 60 months,27.34,F,F5,10+ years,RENT,62000.0,Verified,debt_consolidation,AK,32.42,0.0,695.0,699.0,3.0,82.0,23.0,Individual,6,High Risk,Manual Review
78932025,35000.0, 60 months,23.99,E,E4,10+ years,MORTGAGE,97500.0,Source Verified,debt_consolidation,LA,30.71,0.0,685.0,689.0,0.0,66.1,32.0,Individual,5,High Risk,Manual Review
79013161,13675.0, 60 months,27.34,F,F5,< 1 year,OWN,45000.0,Verified,debt_consolidation,LA,44.08,2.0,670.0,674.0,0.0,75.5,35.0,Individual,6,High Risk,Manual Review
81493547,21000.0, 36 months,24.99,E,E5,4 years,MORTGAGE,59000.0,Verified,debt_consolidation,MO,33.34,1.0,685.0,689.0,0.0,49.6,14.0,Individual,6,High Risk,Manual Review
81434607,27650.0, 36 months,22.35,E,E2,10+ years,OWN,108000.0,Verified,debt_consolidation,AL,15.06,1.0,660.0,664.0,0.0,84.5,28.0,Individual,5,High Risk,Manual Review
79013242,19400.0, 60 months,25.65,F,F3,8 years,RENT,46200.0,Verified,debt_consolidation,VA,32.64,0.0,680.0,684.0,0.0,90.1,25.0,Individual,6,High Risk,Manual Review
81365684,14000.0, 36 months,22.35,E,E2,9 years,MORTGAGE,67000.0,Verified,credit_card,TX,41.05,0.0,685.0,689.0,0.0,80.7,12.0,Individual,6,High Risk,Manual Review
77578054,12600.0, 60 months,25.44,F,F2,10+ years,RENT,30000.0,Verified,credit_card,FL,33.27,0.0,675.0,679.0,1.0,27.5,36.0,Individual,5,High Risk,Manual Review
79033497,31025.0, 60 months,25.11,F,F1,5 years,RENT,96100.0,Verified,credit_card,FL,29.58,1.0,675.0,679.0,0.0,95.5,22.0,Individual,5,High Risk,Manual Review
79663137,28875.0, 60 months,29.96,G,G4,2 years,RENT,82000.0,Verified,debt_consolidation,AL,34.17,0.0,685.0,689.0,1.0,60.2,22.0,Individual,5,High Risk,Manual Review
79752585,5050.0, 36 months,16.29,D,D1,1 year,RENT,33000.0,Verified,debt_consolidation,TX,38.95,1.0,665.0,669.0,0.0,97.0,26.0,Individual,5,High Risk,Manual Review
79072782,25000.0, 60 months,25.65,F,F3,6 years,OWN,60000.0,Source Verified,other,FL,32.06,0.0,690.0,694.0,0.0,63.2,26.0,Individual,5,High Risk,Manual Review
78903113,18000.0, 60 months,20.99,E,E1,10+ years,RENT,75000.0,Not Verified,home_improvement,KY,38.48,0.0,740.0,744.0,1.0,38.5,25.0,Individual,5,High Risk,Manual Review
77577953,34925.0, 60 months,25.44,F,F2,4 years,MORTGAGE,82000.0,Verified,debt_consolidation,RI,36.63,0.0,700.0,704.0,0.0,72.0,30.0,Individual,5,High Risk,Manual Review
79153174,10000.0, 60 months,23.99,E,E4,1 year,OWN,42000.0,Source Verified,other,TX,30.2,0.0,730.0,734.0,1.0,30.8,12.0,Individual,5,High Risk,Manual Review
81543898,16000.0, 36 months,23.32,E,E3,10+ years,MORTGAGE,62000.0,Source Verified,other,MI,32.54,0.0,670.0,674.0,4.0,87.2,43.0,Individual,6,High Risk,Manual Review
79033305,12000.0, 60 months,15.31,C,C5,1 year,RENT,41000.0,Not Verified,credit_card,IL,30.81,1.0,660.0,664.0,0.0,98.3,15.0,Individual,5,High Risk,Manual Review
79502771,18725.0, 60 months,28.88,G,G2,2 years,OWN,52000.0,Verified,debt_consolidation,NE,35.82,1.0,670.0,674.0,2.0,56.0,21.0,Individual,6,High Risk,Manual Review
81453545,7725.0, 36 months,23.99,E,E4,< 1 year,RENT,40000.0,Verified,credit_card,TX,44.34,0.0,690.0,694.0,0.0,94.6,16.0,Individual,6,High Risk,Manual Review
81310389,30000.0, 36 months,18.99,D,D4,10+ years,MORTGAGE,80000.0,Verified,other,GA,32.69,1.0,660.0,664.0,2.0,87.8,43.0,Individual,5,High Risk,Manual Review
79003373,13675.0, 60 months,25.65,F,F3,< 1 year,MORTGAGE,85000.0,Source Verified,credit_card,FL,38.75,0.0,680.0,684.0,1.0,93.0,45.0,Individual,6,High Risk,Manual Review
77587662,21075.0, 60 months,18.99,D,D4,7 years,MORTGAGE,54000.0,Verified,debt_consolidation,CA,30.33,1.0,660.0,664.0,0.0,87.0,23.0,Individual,5,High Risk,Manual Review
77587138,30000.0, 60 months,18.25,D,D3,,MORTGAGE,76000.0,Verified,debt_consolidation,VA,37.96,1.0,665.0,669.0,0.0,92.0,22.0,Individual,5,High Risk,Manual Review
78932977,12800.0, 60 months,26.14,F,F4,,MORTGAGE,57564.0,Verified,debt_consolidation,CA,30.27,1.0,665.0,669.0,1.0,9.1,35.0,Individual,6,High Risk,Manual Review
77577734,15600.0, 60 months,20.99,E,E1,5 years,RENT,42000.0,Source Verified,credit_card,OH,30.77,0.0,660.0,664.0,1.0,60.6,19.0,Individual,5,High Risk,Manual Review
79022793,21425.0, 60 months,23.32,E,E3,10+ years,MORTGAGE,94070.0,Verified,debt_consolidation,CO,33.65,0.0,675.0,679.0,1.0,58.0,30.0,Individual,5,High Risk,Manual Review
81433468,18100.0, 36 months,23.32,E,E3,10+ years,RENT,39351.0,Verified,credit_card,KS,39.86,0.0,710.0,714.0,1.0,63.8,14.0,Individual,5,High Risk,Manual Review
79200427,10600.0, 36 months,28.18,G,G1,8 years,RENT,62000.0,Verified,debt_consolidation,CA,44.33,0.0,685.0,689.0,0.0,30.7,45.0,Individual,5,High Risk,Manual Review
80908480,6000.0, 36 months,20.99,E,E1,8 years,MORTGAGE,40000.0,Verified,credit_card,AL,39.57,3.0,665.0,669.0,0.0,46.8,22.0,Individual,6,High Risk,Manual Review
78769583,14500.0, 60 months,25.11,F,F1,8 years,RENT,40000.0,Source Verified,debt_consolidation,NY,31.14,2.0,670.0,674.0,0.0,71.3,19.0,Individual,6,High Risk,Manual Review
79143007,18000.0, 60 months,16.29,D,D1,9 years,RENT,68000.0,Source Verified,debt_consolidation,FL,36.11,2.0,685.0,689.0,0.0,91.6,33.0,Individual,5,High Risk,Manual Review
78880434,10275.0, 60 months,25.11,F,F1,3 years,RENT,31500.0,Verified,debt_consolidation,OK,32.15,0.0,660.0,664.0,0.0,78.3,14.0,Individual,5,High Risk,Manual Review
78933015,10800.0, 60 months,25.11,F,F1,10+ years,MORTGAGE,147000.0,Not Verified,debt_consolidation,MA,31.2,1.0,680.0,684.0,4.0,67.2,75.0,Individual,6,High Risk,Manual Review
79063369,20000.0, 60 months,25.44,F,F2,1 year,MORTGAGE,125000.0,Source Verified,debt_consolidation,OH,30.49,0.0,660.0,664.0,3.0,75.2,48.0,Individual,5,High Risk,Manual Review
79022557,12000.0, 60 months,23.99,E,E4,10+ years,OWN,179000.0,Source Verified,debt_consolidation,AL,31.6,0.0,670.0,674.0,0.0,87.1,58.0,Individual,6,High Risk,Manual Review
81565648,10000.0, 36 months,20.99,E,E1,10+ years,MORTGAGE,65000.0,Verified,home_improvement,IL,39.66,0.0,660.0,664.0,2.0,64.1,30.0,Individual,5,High Risk,Manual Review
77575431,10000.0, 60 months,23.99,E,E4,,OWN,25000.0,Verified,credit_card,IL,34.81,3.0,660.0,664.0,1.0,49.5,17.0,Individual,6,High Risk,Manual Review
79082622,14000.0, 60 months,22.35,E,E2,4 years,MORTGAGE,135000.0,Source Verified,debt_consolidation,TN,18.5,1.0,660.0,664.0,0.0,93.2,16.0,Individual,5,High Risk,Manual Review
79032807,25525.0, 60 months,27.34,F,F5,3 years,MORTGAGE,80000.0,Verified,debt_consolidation,MN,37.83,0.0,660.0,664.0,1.0,79.9,40.0,Individual,5,High Risk,Manual Review
77208637,35000.0, 60 months,22.35,E,E2,< 1 year,MORTGAGE,92500.0,Verified,debt_consolidation,NY,24.02,1.0,700.0,704.0,1.0,85.0,27.0,Individual,5,High Risk,Manual Review
79042563,20000.0, 60 months,20.99,E,E1,3 years,MORTGAGE,60000.0,Source Verified,debt_consolidation,MS,32.14,0.0,665.0,669.0,1.0,45.7,38.0,Individual,5,High Risk,Manual Review
79041613,13850.0, 60 months,26.14,F,F4,10+ years,MORTGAGE,76300.0,Verified,debt_consolidation,TX,39.45,0.0,675.0,679.0,3.0,89.0,47.0,Individual,6,High Risk,Manual Review
77576940,21000.0, 60 months,27.34,F,F5,6 years,RENT,54000.0,Verified,debt_consolidation,CT,34.38,0.0,670.0,674.0,1.0,82.6,18.0,Individual,6,High Risk,Manual Review
79061831,17600.0, 60 months,25.44,F,F2,6 years,RENT,40000.0,Verified,debt_consolidation,NY,36.0,0.0,665.0,669.0,0.0,34.5,18.0,Individual,5,High Risk,Manual Review
78739356,10000.0, 60 months,25.44,F,F2,1 year,RENT,31242.0,Not Verified,debt_consolidation,ID,34.77,0.0,685.0,689.0,2.0,67.1,18.0,Individual,5,High Risk,Manual Review
79014595,35000.0, 60 months,29.96,G,G4,1 year,RENT,100000.0,Verified,debt_consolidation,IL,37.96,0.0,690.0,694.0,1.0,70.4,19.0,Individual,5,High Risk,Manual Review
81333435,4800.0, 36 months,18.25,D,D3,5 years,RENT,30000.0,Source Verified,moving,CA,31.84,3.0,670.0,674.0,0.0,95.4,22.0,Individual,5,High Risk,Manual Review
78972463,22075.0, 60 months,24.99,E,E5,10+ years,MORTGAGE,60000.0,Source Verified,debt_consolidation,MN,32.56,0.0,680.0,684.0,0.0,92.2,22.0,Individual,6,High Risk,Manual Review
79042355,22000.0, 60 months,27.34,F,F5,5 years,RENT,50000.0,Verified,debt_consolidation,UT,34.36,0.0,695.0,699.0,0.0,102.9,13.0,Individual,6,High Risk,Manual Review
79521485,14175.0, 60 months,28.88,G,G2,10+ years,MORTGAGE,61800.0,Verified,other,NY,39.55,0.0,660.0,664.0,0.0,56.2,37.0,Individual,5,High Risk,Manual Review
79042371,12000.0, 60 months,20.99,E,E1,9 years,MORTGAGE,48000.0,Not Verified,debt_consolidation,MI,31.83,1.0,685.0,689.0,3.0,50.0,21.0,Individual,6,High Risk,Manual Review
78902063,13025.0, 60 months,23.32,E,E3,4 years,RENT,37000.0,Source Verified,debt_consolidation,PA,33.49,0.0,695.0,699.0,0.0,45.7,33.0,Individual,5,High Risk,Manual Review
78408485,12800.0, 60 months,23.99,E,E4,7 years,RENT,44000.0,Not Verified,credit_card,PA,35.91,0.0,680.0,684.0,0.0,86.5,33.0,Individual,6,High Risk,Manual Review
77468794,26375.0, 60 months,25.65,F,F3,10+ years,MORTGAGE,24251.0,Verified,debt_consolidation,NM,40.79,0.0,700.0,704.0,0.0,74.0,13.0,Joint App,5,High Risk,Manual Review
79021144,34850.0, 60 months,26.14,F,F4,10+ years,MORTGAGE,88000.0,Verified,debt_consolidation,OH,38.89,0.0,720.0,724.0,0.0,74.6,33.0,Individual,5,High Risk,Manual Review
78972257,14125.0, 60 months,25.65,F,F3,10+ years,MORTGAGE,75000.0,Not Verified,credit_card,RI,37.23,0.0,715.0,719.0,0.0,51.2,40.0,Individual,5,High Risk,Manual Review
78992167,30275.0, 60 months,25.65,F,F3,10+ years,MORTGAGE,107991.0,Verified,credit_card,NY,33.99,0.0,670.0,674.0,0.0,84.0,53.0,Individual,6,High Risk,Manual Review
78548314,17950.0, 60 months,24.99,E,E5,10+ years,OWN,82500.0,Source Verified,debt_consolidation,PA,34.35,0.0,715.0,719.0,0.0,83.9,24.0,Individual,6,High Risk,Manual Review
79310547,13275.0, 60 months,29.96,G,G4,9 years,RENT,36884.0,Verified,debt_consolidation,WI,32.8,0.0,680.0,684.0,0.0,93.8,37.0,Individual,6,High Risk,Manual Review
77092190,10000.0, 60 months,25.11,F,F1,4 years,MORTGAGE,36000.0,Source Verified,credit_card,OH,34.4,0.0,660.0,664.0,0.0,74.7,17.0,Individual,5,High Risk,Manual Review
79111870,12000.0, 60 months,26.14,F,F4,1 year,MORTGAGE,40000.0,Source Verified,debt_consolidation,NY,30.57,0.0,665.0,669.0,0.0,47.8,14.0,Individual,5,High Risk,Manual Review
79131857,11025.0, 60 months,23.99,E,E4,3 years,MORTGAGE,96000.0,Verified,credit_card,KY,46.23,1.0,680.0,684.0,0.0,68.7,38.0,Individual,6,High Risk,Manual Review
77911672,18000.0, 60 months,20.99,E,E1,4 years,MORTGAGE,57600.0,Not Verified,credit_card,TX,31.6,0.0,695.0,699.0,3.0,23.0,12.0,Individual,5,High Risk,Manual Review
77577433,11350.0, 60 months,25.44,F,F2,,MORTGAGE,61788.0,Verified,debt_consolidation,AR,35.64,0.0,705.0,709.0,1.0,58.9,32.0,Individual,5,High Risk,Manual Review
79240728,20000.0, 60 months,29.96,G,G4,8 years,RENT,50000.0,Verified,other,FL,33.8,0.0,660.0,664.0,0.0,63.0,11.0,Individual,5,High Risk,Manual Review
78660337,21650.0, 60 months,23.99,E,E4,10+ years,OWN,57000.0,Source Verified,debt_consolidation,SC,21.12,1.0,680.0,684.0,0.0,91.0,30.0,Individual,5,High Risk,Manual Review
78964839,15025.0, 60 months,30.99,G,G5,5 years,MORTGAGE,121000.0,Not Verified,debt_consolidation,NE,37.79,2.0,675.0,679.0,0.0,95.6,33.0,Individual,7,High Risk,Manual Review
79151652,16000.0, 60 months,23.99,E,E4,8 years,MORTGAGE,65000.0,Verified,debt_consolidation,MN,36.01,0.0,675.0,679.0,0.0,64.4,29.0,Individual,5,High Risk,Manual Review
78579830,21000.0, 60 months,22.35,E,E2,5 years,MORTGAGE,71000.0,Not Verified,debt_consolidation,TX,19.15,1.0,685.0,689.0,0.0,97.5,29.0,Individual,5,High Risk,Manual Review
79081435,28550.0, 60 months,25.11,F,F1,10+ years,MORTGAGE,31000.0,Verified,debt_consolidation,IN,33.53,1.0,680.0,684.0,0.0,39.0,32.0,Joint App,6,High Risk,Manual Review
79161534,16000.0, 60 months,22.35,E,E2,1 year,MORTGAGE,49000.0,Verified,debt_consolidation,FL,37.96,0.0,675.0,679.0,1.0,42.2,33.0,Individual,5,High Risk,Manual Review
78549655,11500.0, 60 months,25.65,F,F3,1 year,MORTGAGE,42500.0,Source Verified,debt_consolidation,AZ,30.42,0.0,665.0,669.0,0.0,80.6,28.0,Individual,6,High Risk,Manual Review
78740644,13200.0, 60 months,20.99,E,E1,8 years,MORTGAGE,83000.0,Source Verified,debt_consolidation,TX,32.37,0.0,695.0,699.0,0.0,49.8,25.0,Individual,5,High Risk,Manual Review
79053235,18275.0, 60 months,28.88,G,G2,5 years,MORTGAGE,55537.0,Verified,debt_consolidation,AR,31.83,0.0,670.0,674.0,2.0,60.0,19.0,Individual,5,High Risk,Manual Review
79280139,27700.0, 60 months,28.18,G,G1,10+ years,MORTGAGE,81000.0,Source Verified,debt_consolidation,MD,36.46,0.0,685.0,689.0,0.0,91.7,32.0,Individual,6,High Risk,Manual Review
81515764,25325.0, 36 months,20.99,E,E1,< 1 year,RENT,130000.0,Verified,debt_consolidation,WA,33.42,0.0,685.0,689.0,0.0,82.0,36.0,Individual,6,High Risk,Manual Review
79091230,25000.0, 60 months,22.35,E,E2,10+ years,MORTGAGE,90000.0,Verified,debt_consolidation,MA,30.11,0.0,685.0,689.0,0.0,90.8,37.0,Individual,6,High Risk,Manual Review
77500967,16000.0, 60 months,23.32,E,E3,10+ years,MORTGAGE,65000.0,Not Verified,major_purchase,FL,33.07,0.0,690.0,694.0,2.0,41.3,27.0,Individual,5,High Risk,Manual Review
79081221,13200.0, 60 months,23.32,E,E3,1 year,OWN,45000.0,Not Verified,debt_consolidation,GA,32.51,0.0,715.0,719.0,4.0,41.7,19.0,Individual,5,High Risk,Manual Review
77578726,23125.0, 60 months,30.99,G,G5,8 years,RENT,60918.0,Verified,debt_consolidation,VT,35.2,0.0,660.0,664.0,0.0,83.3,19.0,Individual,6,High Risk,Manual Review
78901114,28000.0, 60 months,20.99,E,E1,10+ years,MORTGAGE,82000.0,Verified,debt_consolidation,CO,33.1,0.0,690.0,694.0,0.0,90.0,29.0,Individual,6,High Risk,Manual Review
78709241,30150.0, 60 months,27.34,F,F5,10+ years,OWN,70000.0,Source Verified,debt_consolidation,IL,31.58,0.0,665.0,669.0,1.0,60.0,40.0,Individual,5,High Risk,Manual Review
79133275,15000.0, 60 months,29.67,G,G3,3 years,RENT,48000.0,Verified,credit_card,NY,38.0,0.0,670.0,674.0,0.0,56.8,26.0,Individual,5,High Risk,Manual Review
79041248,23200.0, 60 months,25.11,F,F1,4 years,MORTGAGE,70000.0,Source Verified,debt_consolidation,WA,32.56,0.0,695.0,699.0,1.0,72.7,22.0,Individual,5,High Risk,Manual Review
78780617,16550.0, 60 months,23.99,E,E4,10+ years,RENT,41500.0,Verified,debt_consolidation,AZ,30.05,0.0,665.0,669.0,0.0,38.0,14.0,Individual,5,High Risk,Manual Review
77030740,21000.0, 60 months,23.99,E,E4,4 years,MORTGAGE,46000.0,Not Verified,credit_card,NY,38.04,0.0,660.0,664.0,0.0,48.2,18.0,Individual,5,High Risk,Manual Review
78238679,12000.0, 60 months,23.32,E,E3,< 1 year,RENT,30000.0,Source Verified,debt_consolidation,VA,35.44,0.0,695.0,699.0,0.0,95.1,12.0,Individual,6,High Risk,Manual Review
77576092,13450.0, 60 months,23.99,E,E4,,OWN,40000.0,Verified,debt_consolidation,PA,35.25,3.0,660.0,664.0,3.0,35.0,36.0,Individual,6,High Risk,Manual Review
78860443,10000.0, 60 months,24.99,E,E5,8 years,RENT,40000.0,Source Verified,debt_consolidation,OH,38.43,0.0,720.0,724.0,2.0,33.5,28.0,Individual,5,High Risk,Manual Review
77336517,28000.0, 60 months,23.32,E,E3,8 years,MORTGAGE,96040.0,Not Verified,debt_consolidation,PA,37.02,0.0,670.0,674.0,1.0,41.1,33.0,Joint App,5,High Risk,Manual Review
78849663,14575.0, 60 months,23.32,E,E3,5 years,RENT,33150.0,Not Verified,debt_consolidation,KS,33.09,0.0,680.0,684.0,0.0,76.6,28.0,Individual,5,High Risk,Manual Review
77360031,28000.0, 60 months,23.32,E,E3,9 years,MORTGAGE,98300.0,Not Verified,debt_consolidation,VA,30.69,0.0,675.0,679.0,3.0,77.3,22.0,Individual,5,High Risk,Manual Review
78279906,24000.0, 60 months,23.99,E,E4,10+ years,MORTGAGE,110000.0,Verified,debt_consolidation,GA,36.97,0.0,665.0,669.0,0.0,79.4,34.0,Individual,5,High Risk,Manual Review
78820176,33600.0, 60 months,23.99,E,E4,,RENT,150000.0,Verified,debt_consolidation,CA,35.54,0.0,710.0,714.0,0.0,61.0,19.0,Individual,5,High Risk,Manual Review
78730455,12800.0, 60 months,23.99,E,E4,2 years,MORTGAGE,38000.0,Verified,debt_consolidation,TX,36.89,0.0,660.0,664.0,2.0,17.0,42.0,Individual,5,High Risk,Manual Review
77386527,15000.0, 60 months,23.32,E,E3,5 years,MORTGAGE,28000.0,Verified,other,IL,34.72,1.0,660.0,664.0,1.0,96.7,19.0,Joint App,7,High Risk,Manual Review
78529521,30000.0, 60 months,23.99,E,E4,9 years,MORTGAGE,75000.0,Source Verified,credit_card,TX,32.21,0.0,665.0,669.0,0.0,66.9,29.0,Individual,5,High Risk,Manual Review
78730230,18000.0, 60 months,23.32,E,E3,2 years,RENT,36000.0,Source Verified,debt_consolidation,CO,34.53,2.0,680.0,684.0,3.0,41.9,17.0,Individual,6,High Risk,Manual Review
78769256,25675.0, 60 months,23.32,E,E3,10+ years,OWN,125000.0,Not Verified,debt_consolidation,NM,30.23,0.0,715.0,719.0,1.0,25.4,35.0,Individual,5,High Risk,Manual Review
79081207,14075.0, 36 months,18.99,D,D4,< 1 year,RENT,32000.0,Source Verified,debt_consolidation,HI,31.78,1.0,680.0,684.0,2.0,92.1,27.0,Individual,5,High Risk,Manual Review
78318123,26000.0, 60 months,20.99,E,E1,4 years,RENT,52000.0,Source Verified,debt_consolidation,WY,37.87,0.0,705.0,709.0,0.0,85.6,22.0,Individual,6,High Risk,Manual Review
81332519,1400.0, 36 months,20.99,E,E1,,RENT,19000.0,Verified,moving,MD,44.35,0.0,660.0,664.0,0.0,21.8,17.0,Individual,5,High Risk,Manual Review
78670047,28950.0, 60 months,23.32,E,E3,10+ years,MORTGAGE,80620.68,Verified,debt_consolidation,LA,33.67,0.0,705.0,709.0,2.0,55.0,37.0,Individual,5,High Risk,Manual Review
78860045,21000.0, 60 months,22.35,E,E2,10+ years,RENT,47900.0,Verified,debt_consolidation,FL,30.82,0.0,670.0,674.0,0.0,66.8,26.0,Individual,5,High Risk,Manual Review
79835827,8000.0, 36 months,20.99,E,E1,6 years,RENT,73200.0,Verified,debt_consolidation,AZ,30.28,0.0,670.0,674.0,0.0,74.2,35.0,Individual,5,High Risk,Manual Review
78259916,35000.0, 60 months,23.32,E,E3,6 years,MORTGAGE,75000.0,Source Verified,debt_consolidation,TX,31.33,0.0,715.0,719.0,0.0,34.3,31.0,Joint App,5,High Risk,Manual Review
78879457,11425.0, 60 months,22.35,E,E2,5 years,RENT,60000.0,Source Verified,debt_consolidation,NY,33.88,0.0,715.0,719.0,0.0,66.3,18.0,Individual,5,High Risk,Manual Review
77586894,19550.0, 60 months,20.99,E,E1,10+ years,RENT,42500.0,Verified,credit_card,NY,38.94,0.0,685.0,689.0,0.0,63.9,30.0,Individual,5,High Risk,Manual Review
78830050,24000.0, 60 months,20.99,E,E1,10+ years,RENT,110000.0,Not Verified,debt_consolidation,NY,32.04,0.0,715.0,719.0,0.0,81.0,37.0,Individual,6,High Risk,Manual Review
80740941,5000.0, 36 months,25.44,F,F2,,RENT,26420.0,Verified,credit_card,MI,46.66,0.0,665.0,669.0,3.0,54.9,21.0,Individual,5,High Risk,Manual Review
80659754,17800.0, 36 months,27.34,F,F5,10+ years,RENT,40500.0,Verified,debt_consolidation,CA,39.38,0.0,675.0,679.0,0.0,62.4,19.0,Individual,5,High Risk,Manual Review
78669139,29950.0, 60 months,28.18,G,G1,10+ years,MORTGAGE,65130.0,Source Verified,debt_consolidation,MI,35.84,3.0,685.0,689.0,0.0,66.0,25.0,Individual,6,High Risk,Manual Review
79432395,30125.0, 36 months,25.11,F,F1,5 years,OWN,90000.0,Verified,credit_card,WA,39.67,0.0,695.0,699.0,1.0,90.3,38.0,Individual,6,High Risk,Manual Review
80761269,28800.0, 36 months,25.44,F,F2,,OWN,60000.0,Verified,debt_consolidation,AL,46.86,1.0,710.0,714.0,2.0,31.5,27.0,Individual,6,High Risk,Manual Review
81483816,33000.0, 36 months,25.65,F,F3,< 1 year,MORTGAGE,66000.0,Verified,credit_card,CA,32.35,0.0,660.0,664.0,0.0,57.8,22.0,Individual,5,High Risk,Manual Review
79825682,35000.0, 36 months,25.44,F,F2,10+ years,MORTGAGE,85000.0,Source Verified,home_improvement,KS,20.85,1.0,680.0,684.0,0.0,82.9,22.0,Individual,5,High Risk,Manual Review
77577893,19300.0, 60 months,28.88,G,G2,8 years,RENT,65000.0,Source Verified,debt_consolidation,MO,17.08,2.0,660.0,664.0,1.0,80.3,18.0,Individual,5,High Risk,Manual Review
79300965,16100.0, 36 months,26.14,F,F4,10+ years,MORTGAGE,64800.0,Verified,debt_consolidation,LA,42.22,0.0,665.0,669.0,0.0,45.4,35.0,Individual,5,High Risk,Manual Review
80583297,1600.0, 36 months,25.44,F,F2,10+ years,RENT,24000.0,Verified,credit_card,WI,37.45,0.0,670.0,674.0,1.0,74.1,14.0,Individual,5,High Risk,Manual Review
80528755,8500.0, 36 months,25.44,F,F2,10+ years,MORTGAGE,58400.0,Source Verified,house,MD,34.3,0.0,680.0,684.0,1.0,83.9,35.0,Individual,6,High Risk,Manual Review
81533183,32000.0, 36 months,25.65,F,F3,4 years,MORTGAGE,108000.0,Verified,debt_consolidation,AZ,37.55,0.0,665.0,669.0,1.0,81.8,19.0,Individual,6,High Risk,Manual Review
80888290,26275.0, 36 months,25.44,F,F2,10+ years,MORTGAGE,81000.0,Verified,debt_consolidation,NY,35.21,0.0,690.0,694.0,0.0,68.4,18.0,Individual,5,High Risk,Manual Review
80808139,7100.0, 36 months,25.44,F,F2,10+ years,RENT,37000.0,Verified,debt_consolidation,TX,36.98,0.0,715.0,719.0,1.0,7.0,28.0,Individual,5,High Risk,Manual Review
81574641,35000.0, 36 months,25.44,F,F2,10+ years,MORTGAGE,110000.0,Verified,debt_consolidation,AK,34.12,2.0,665.0,669.0,0.0,90.3,29.0,Individual,7,High Risk,Manual Review
80528837,7500.0, 36 months,25.44,F,F2,,RENT,15000.0,Verified,debt_consolidation,NJ,44.24,0.0,670.0,674.0,0.0,66.4,26.0,Individual,5,High Risk,Manual Review
80621126,20825.0, 36 months,25.11,F,F1,5 years,MORTGAGE,90000.0,Not Verified,debt_consolidation,SD,38.08,0.0,705.0,709.0,2.0,73.2,71.0,Individual,5,High Risk,Manual Review
80660266,10875.0, 36 months,26.14,F,F4,10+ years,RENT,51699.0,Verified,debt_consolidation,CA,30.11,0.0,680.0,684.0,2.0,45.0,20.0,Individual,5,High Risk,Manual Review
80789117,7575.0, 36 months,25.65,F,F3,1 year,RENT,45000.0,Verified,debt_consolidation,NJ,33.15,1.0,680.0,684.0,0.0,44.6,29.0,Individual,6,High Risk,Manual Review
81363543,4000.0, 36 months,25.65,F,F3,2 years,MORTGAGE,72500.0,Verified,other,LA,36.77,6.0,660.0,664.0,0.0,85.0,54.0,Individual,7,High Risk,Manual Review
77586753,24000.0, 60 months,20.99,E,E1,,MORTGAGE,90000.0,Source Verified,other,NH,31.28,1.0,660.0,664.0,0.0,29.5,57.0,Individual,6,High Risk,Manual Review
81353139,6175.0, 36 months,25.11,F,F1,10+ years,MORTGAGE,44000.0,Verified,debt_consolidation,NV,42.58,0.0,695.0,699.0,0.0,89.0,25.0,Individual,6,High Risk,Manual Review
79013558,30800.0, 60 months,28.18,G,G1,2 years,RENT,90000.0,Verified,debt_consolidation,SC,39.6,0.0,670.0,674.0,0.0,71.5,37.0,Individual,5,High Risk,Manual Review
78840004,30000.0, 60 months,24.99,E,E5,,RENT,90000.0,Verified,credit_card,LA,12.33,1.0,660.0,664.0,2.0,96.0,6.0,Individual,5,High Risk,Manual Review
80612563,15000.0, 36 months,25.44,F,F2,4 years,RENT,47000.0,Verified,debt_consolidation,TX,33.71,1.0,660.0,664.0,0.0,48.2,11.0,Individual,6,High Risk,Manual Review
81567823,13800.0, 36 months,25.44,F,F2,10+ years,MORTGAGE,50000.0,Verified,debt_consolidation,NV,32.17,0.0,690.0,694.0,1.0,32.9,17.0,Individual,5,High Risk,Manual Review
79152849,1225.0, 36 months,25.44,F,F2,,MORTGAGE,16080.0,Verified,vacation,CA,39.63,1.0,680.0,684.0,1.0,45.1,18.0,Individual,6,High Risk,Manual Review
80549673,6850.0, 36 months,25.11,F,F1,< 1 year,RENT,20160.0,Source Verified,debt_consolidation,ID,45.77,0.0,685.0,689.0,0.0,64.2,8.0,Individual,5,High Risk,Manual Review
80760969,14250.0, 36 months,25.11,F,F1,5 years,RENT,47759.92,Verified,debt_consolidation,PA,32.09,0.0,665.0,669.0,0.0,15.6,14.0,Individual,5,High Risk,Manual Review
80771181,35000.0, 36 months,26.14,F,F4,9 years,OWN,83000.0,Verified,debt_consolidation,KY,36.38,0.0,675.0,679.0,1.0,68.5,30.0,Individual,5,High Risk,Manual Review
78709782,12000.0, 60 months,25.11,F,F1,7 years,MORTGAGE,95000.0,Verified,credit_card,AL,30.36,0.0,695.0,699.0,2.0,60.7,32.0,Individual,5,High Risk,Manual Review
79112260,28000.0, 60 months,15.31,C,C5,10+ years,MORTGAGE,150000.0,Source Verified,credit_card,MN,35.54,1.0,700.0,704.0,1.0,94.0,24.0,Individual,5,High Risk,Manual Review
79063334,25850.0, 60 months,28.18,G,G1,4 years,MORTGAGE,70000.0,Source Verified,debt_consolidation,PA,24.14,4.0,665.0,669.0,0.0,90.1,17.0,Individual,5,High Risk,Manual Review
77586901,17775.0, 60 months,27.34,F,F5,10+ years,RENT,48000.0,Verified,debt_consolidation,MS,32.73,0.0,670.0,674.0,1.0,28.9,50.0,Individual,5,High Risk,Manual Review
81484068,30000.0, 36 months,24.99,E,E5,3 years,MORTGAGE,129000.0,Verified,credit_card,IL,33.58,0.0,665.0,669.0,1.0,69.9,38.0,Individual,5,High Risk,Manual Review
78328723,6400.0, 36 months,22.35,E,E2,2 years,RENT,38500.0,Verified,debt_consolidation,FL,42.36,0.0,665.0,669.0,2.0,39.9,34.0,Individual,5,High Risk,Manual Review
81008323,6150.0, 36 months,22.35,E,E2,,RENT,42576.0,Verified,debt_consolidation,KS,34.1,0.0,665.0,669.0,0.0,99.6,15.0,Individual,6,High Risk,Manual Review
79601136,10000.0, 36 months,23.99,E,E4,4 years,RENT,36400.0,Source Verified,debt_consolidation,NY,31.29,0.0,700.0,704.0,0.0,46.1,14.0,Individual,5,High Risk,Manual Review
81523196,7550.0, 36 months,20.99,E,E1,6 years,RENT,41779.0,Verified,debt_consolidation,NJ,42.8,0.0,720.0,724.0,0.0,32.1,17.0,Individual,5,High Risk,Manual Review
80651152,35000.0, 36 months,23.99,E,E4,5 years,MORTGAGE,280000.0,Not Verified,debt_consolidation,MN,31.24,0.0,750.0,754.0,2.0,38.9,25.0,Individual,5,High Risk,Manual Review
80549074,5150.0, 36 months,24.99,E,E5,10+ years,OWN,48000.0,Verified,debt_consolidation,MN,33.94,0.0,715.0,719.0,0.0,96.2,9.0,Individual,6,High Risk,Manual Review
81564082,11500.0, 36 months,18.99,D,D4,10+ years,RENT,23000.0,Source Verified,credit_card,NJ,34.97,1.0,670.0,674.0,0.0,84.8,18.0,Individual,5,High Risk,Manual Review
78114375,12000.0, 60 months,29.96,G,G4,10+ years,RENT,43000.0,Verified,vacation,IL,35.08,0.0,675.0,679.0,2.0,68.3,15.0,Individual,5,High Risk,Manual Review
78559568,12000.0, 60 months,29.67,G,G3,9 years,RENT,32500.0,Verified,debt_consolidation,NC,36.23,0.0,680.0,684.0,0.0,45.2,29.0,Individual,5,High Risk,Manual Review
79742406,1500.0, 36 months,23.32,E,E3,,RENT,16656.0,Verified,debt_consolidation,CT,35.3,0.0,675.0,679.0,1.0,64.3,9.0,Individual,5,High Risk,Manual Review
81567877,9000.0, 36 months,23.32,E,E3,10+ years,MORTGAGE,100000.0,Not Verified,debt_consolidation,NV,31.45,1.0,665.0,669.0,2.0,95.3,35.0,Individual,7,High Risk,Manual Review
77530289,23125.0, 60 months,20.99,E,E1,< 1 year,RENT,60000.0,Verified,debt_consolidation,TX,31.51,0.0,695.0,699.0,0.0,60.8,20.0,Individual,5,High Risk,Manual Review
80731320,20675.0, 36 months,20.99,E,E1,3 years,RENT,75000.0,Source Verified,debt_consolidation,IL,35.78,1.0,680.0,684.0,0.0,76.6,45.0,Individual,6,High Risk,Manual Review
81423496,27700.0, 36 months,20.99,E,E1,9 years,RENT,66000.0,Source Verified,debt_consolidation,NJ,36.29,0.0,765.0,769.0,0.0,47.7,15.0,Individual,5,High Risk,Manual Review
80818426,14175.0, 36 months,24.99,E,E5,10+ years,RENT,39439.0,Source Verified,debt_consolidation,CA,37.51,0.0,660.0,664.0,0.0,21.6,12.0,Individual,5,High Risk,Manual Review
79101648,10700.0, 36 months,23.99,E,E4,5 years,MORTGAGE,48000.0,Verified,debt_consolidation,OH,40.29,2.0,660.0,664.0,1.0,51.3,23.0,Individual,6,High Risk,Manual Review
79411037,4800.0, 36 months,25.11,F,F1,7 years,RENT,16000.0,Verified,credit_card,CA,31.88,0.0,670.0,674.0,1.0,98.0,18.0,Individual,6,High Risk,Manual Review
80680987,11200.0, 36 months,23.32,E,E3,4 years,RENT,100000.0,Verified,small_business,NV,40.36,0.0,665.0,669.0,0.0,67.0,15.0,Individual,5,High Risk,Manual Review
81080359,28150.0, 36 months,23.32,E,E3,4 years,RENT,80000.0,Not Verified,debt_consolidation,NY,35.88,0.0,705.0,709.0,1.0,16.8,27.0,Individual,5,High Risk,Manual Review
79081525,14200.0, 60 months,28.88,G,G2,10+ years,MORTGAGE,84000.0,Verified,other,AL,48.66,0.0,715.0,719.0,1.0,87.5,21.0,Individual,6,High Risk,Manual Review
78850624,16800.0, 60 months,25.11,F,F1,10+ years,MORTGAGE,85000.0,Verified,debt_consolidation,GA,42.88,0.0,680.0,684.0,1.0,64.4,56.0,Individual,5,High Risk,Manual Review
77577092,20000.0, 60 months,25.11,F,F1,10+ years,MORTGAGE,48000.0,Verified,debt_consolidation,FL,33.58,0.0,700.0,704.0,0.0,97.7,12.0,Individual,6,High Risk,Manual Review
81566978,22500.0, 36 months,22.35,E,E2,10+ years,RENT,77550.0,Not Verified,debt_consolidation,MN,38.66,0.0,725.0,729.0,0.0,46.0,21.0,Individual,5,High Risk,Manual Review
81403431,12250.0, 36 months,22.35,E,E2,9 years,OWN,35000.0,Verified,debt_consolidation,MI,37.59,0.0,665.0,669.0,0.0,99.0,14.0,Individual,6,High Risk,Manual Review
79561642,2500.0, 36 months,17.27,D,D2,10+ years,MORTGAGE,95000.0,Not Verified,home_improvement,PA,46.12,1.0,670.0,674.0,0.0,86.0,48.0,Individual,5,High Risk,Manual Review
81523608,11600.0, 36 months,24.99,E,E5,1 year,OWN,38480.0,Verified,debt_consolidation,TX,39.33,0.0,675.0,679.0,0.0,18.0,23.0,Individual,5,High Risk,Manual Review
79462452,10250.0, 36 months,25.11,F,F1,10+ years,RENT,40000.0,Verified,debt_consolidation,CA,38.07,0.0,690.0,694.0,3.0,63.6,23.0,Individual,5,High Risk,Manual Review
77577052,10000.0, 60 months,25.65,F,F3,9 years,RENT,70000.0,Source Verified,debt_consolidation,GA,40.0,0.0,670.0,674.0,1.0,64.8,41.0,Individual,5,High Risk,Manual Review
80609619,3400.0, 36 months,22.35,E,E2,,OWN,10000.0,Verified,debt_consolidation,TN,39.14,0.0,690.0,694.0,0.0,56.1,15.0,Individual,5,High Risk,Manual Review
79753527,10375.0, 36 months,22.35,E,E2,,OWN,31000.0,Verified,home_improvement,AR,15.52,1.0,660.0,664.0,0.0,96.1,11.0,Individual,5,High Risk,Manual Review
80838222,15025.0, 36 months,20.99,E,E1,5 years,MORTGAGE,39000.0,Not Verified,debt_consolidation,SC,40.58,0.0,720.0,724.0,1.0,21.0,21.0,Individual,5,High Risk,Manual Review
78660708,15000.0, 60 months,25.65,F,F3,2 years,RENT,42000.0,Verified,debt_consolidation,SD,32.34,0.0,705.0,709.0,0.0,77.9,15.0,Individual,5,High Risk,Manual Review
78339596,18000.0, 60 months,28.88,G,G2,6 years,MORTGAGE,54000.0,Source Verified,credit_card,AZ,33.71,0.0,660.0,664.0,0.0,93.1,38.0,Individual,6,High Risk,Manual Review
78769211,31425.0, 60 months,17.27,D,D2,10+ years,MORTGAGE,33500.0,Source Verified,debt_consolidation,NH,49.62,1.0,660.0,664.0,0.0,94.0,28.0,Joint App,5,High Risk,Manual Review
80710635,35000.0, 36 months,23.32,E,E3,10+ years,RENT,102000.0,Verified,debt_consolidation,VA,33.86,0.0,670.0,674.0,1.0,65.0,38.0,Individual,5,High Risk,Manual Review
79875674,3750.0, 36 months,25.44,F,F2,10+ years,MORTGAGE,85000.0,Source Verified,debt_consolidation,CO,37.82,2.0,670.0,674.0,1.0,59.6,26.0,Individual,6,High Risk,Manual Review
77586922,14075.0, 60 months,25.11,F,F1,3 years,RENT,32000.0,Source Verified,credit_card,WI,31.92,0.0,685.0,689.0,3.0,53.9,23.0,Individual,5,High Risk,Manual Review
81300118,12000.0, 36 months,24.99,E,E5,< 1 year,RENT,52000.0,Verified,moving,NC,38.56,0.0,675.0,679.0,0.0,95.6,25.0,Individual,6,High Risk,Manual Review
81270648,8700.0, 36 months,20.99,E,E1,10+ years,MORTGAGE,48000.0,Verified,credit_card,OH,43.88,6.0,675.0,679.0,1.0,77.0,36.0,Individual,6,High Risk,Manual Review
81433204,2000.0, 36 months,18.25,D,D3,2 years,RENT,43219.0,Verified,debt_consolidation,IL,33.77,1.0,690.0,694.0,1.0,99.2,9.0,Individual,5,High Risk,Manual Review
80770974,15500.0, 36 months,22.35,E,E2,4 years,RENT,52000.0,Source Verified,credit_card,LA,31.04,0.0,700.0,704.0,0.0,51.2,24.0,Individual,5,High Risk,Manual Review
79142923,15550.0, 36 months,23.99,E,E4,7 years,MORTGAGE,35000.0,Verified,debt_consolidation,ND,35.29,0.0,675.0,679.0,0.0,78.5,37.0,Individual,5,High Risk,Manual Review
79134465,35000.0, 36 months,22.35,E,E2,10+ years,MORTGAGE,106000.0,Verified,debt_consolidation,IL,30.31,0.0,695.0,699.0,0.0,78.8,39.0,Individual,5,High Risk,Manual Review
79775114,5200.0, 36 months,27.34,F,F5,,MORTGAGE,58000.0,Verified,debt_consolidation,FL,46.34,0.0,685.0,689.0,0.0,38.3,32.0,Individual,5,High Risk,Manual Review
79935548,22650.0, 36 months,25.11,F,F1,10+ years,MORTGAGE,65000.0,Verified,debt_consolidation,FL,31.42,0.0,690.0,694.0,0.0,45.9,25.0,Individual,5,High Risk,Manual Review
78198633,15500.0, 60 months,30.99,G,G5,1 year,RENT,31000.0,Verified,credit_card,NV,43.83,0.0,680.0,684.0,0.0,68.3,19.0,Individual,5,High Risk,Manual Review
78519036,11800.0, 60 months,22.35,E,E2,10+ years,RENT,66000.0,Source Verified,debt_consolidation,TN,38.33,0.0,760.0,764.0,1.0,46.2,30.0,Individual,5,High Risk,Manual Review
79064782,11175.0, 36 months,23.99,E,E4,1 year,OWN,45000.0,Source Verified,debt_consolidation,VA,41.73,0.0,715.0,719.0,0.0,30.6,24.0,Individual,5,High Risk,Manual Review
79622226,14800.0, 36 months,25.44,F,F2,< 1 year,RENT,37000.0,Verified,debt_consolidation,HI,41.28,0.0,685.0,689.0,0.0,87.0,12.0,Individual,6,High Risk,Manual Review
51917130,21000.0, 60 months,29.67,G,G3,10+ years,MORTGAGE,140000.0,Not Verified,other,CA,35.51,0.0,705.0,709.0,1.0,74.3,28.0,Individual,5,High Risk,Manual Review
78690305,19875.0, 60 months,25.65,F,F3,5 years,RENT,80000.0,Not Verified,debt_consolidation,NJ,30.57,1.0,665.0,669.0,0.0,38.2,42.0,Individual,6,High Risk,Manual Review
81543288,12000.0, 36 months,23.32,E,E3,6 years,OWN,45000.0,Not Verified,debt_consolidation,MI,39.95,0.0,680.0,684.0,1.0,51.0,28.0,Individual,5,High Risk,Manual Review
81563480,30500.0, 36 months,23.32,E,E3,10+ years,MORTGAGE,140000.0,Not Verified,debt_consolidation,CA,34.78,0.0,670.0,674.0,0.0,82.6,40.0,Individual,6,High Risk,Manual Review
78670188,18400.0, 60 months,26.14,F,F4,10+ years,MORTGAGE,46000.0,Verified,debt_consolidation,NJ,41.14,0.0,665.0,669.0,0.0,73.3,45.0,Individual,5,High Risk,Manual Review
78529471,23800.0, 60 months,30.99,G,G5,3 years,RENT,62000.0,Not Verified,debt_consolidation,NC,34.86,0.0,680.0,684.0,0.0,43.6,19.0,Individual,5,High Risk,Manual Review
81190743,25925.0, 36 months,20.99,E,E1,10+ years,MORTGAGE,81000.0,Source Verified,debt_consolidation,KY,36.13,0.0,695.0,699.0,0.0,70.6,34.0,Individual,5,High Risk,Manual Review
78820779,15000.0, 60 months,28.88,G,G2,5 years,RENT,50000.0,Verified,debt_consolidation,NY,34.95,0.0,695.0,699.0,0.0,87.6,17.0,Individual,6,High Risk,Manual Review
78649960,16000.0, 60 months,25.11,F,F1,4 years,RENT,42000.0,Verified,other,TN,33.86,2.0,665.0,669.0,2.0,52.8,18.0,Individual,6,High Risk,Manual Review
80750857,20000.0, 36 months,22.35,E,E2,10+ years,RENT,62872.0,Verified,moving,GA,32.26,0.0,705.0,709.0,1.0,64.5,20.0,Individual,5,High Risk,Manual Review
79915240,24775.0, 36 months,22.35,E,E2,10+ years,RENT,59000.0,Verified,debt_consolidation,TX,37.29,0.0,685.0,689.0,0.0,98.3,15.0,Individual,6,High Risk,Manual Review
79582592,3000.0, 36 months,24.99,E,E5,10+ years,RENT,14400.0,Verified,credit_card,RI,42.42,1.0,700.0,704.0,0.0,7.8,25.0,Individual,6,High Risk,Manual Review
80729539,15625.0, 36 months,22.35,E,E2,3 years,RENT,34000.0,Source Verified,debt_consolidation,NC,33.75,0.0,705.0,709.0,0.0,41.1,10.0,Individual,5,High Risk,Manual Review
79512880,22200.0, 36 months,25.44,F,F2,< 1 year,RENT,95000.0,Verified,debt_consolidation,CA,38.2,0.0,675.0,679.0,3.0,85.1,40.0,Individual,6,High Risk,Manual Review
78961516,16000.0, 36 months,20.99,E,E1,5 years,OWN,80000.0,Verified,debt_consolidation,CA,38.64,0.0,695.0,699.0,0.0,60.4,26.0,Individual,5,High Risk,Manual Review
78759934,15425.0, 60 months,26.14,F,F4,,MORTGAGE,52453.0,Verified,medical,NV,42.62,0.0,700.0,704.0,2.0,39.4,24.0,Individual,5,High Risk,Manual Review
79532703,8675.0, 36 months,24.99,E,E5,,MORTGAGE,31009.0,Verified,debt_consolidation,GA,44.93,0.0,690.0,694.0,0.0,53.4,18.0,Individual,5,High Risk,Manual Review
79084167,7600.0, 36 months,25.11,F,F1,< 1 year,RENT,38000.0,Source Verified,debt_consolidation,CA,30.01,0.0,660.0,664.0,0.0,39.7,24.0,Individual,5,High Risk,Manual Review
81180175,12000.0, 36 months,20.99,E,E1,5 years,RENT,40000.0,Source Verified,debt_consolidation,OR,19.95,1.0,670.0,674.0,1.0,91.4,12.0,Individual,5,High Risk,Manual Review
81090373,17500.0, 36 months,24.99,E,E5,10+ years,MORTGAGE,121900.0,Not Verified,debt_consolidation,NC,33.63,0.0,695.0,699.0,0.0,68.4,51.0,Individual,5,High Risk,Manual Review
78289976,11875.0, 60 months,25.11,F,F1,10+ years,MORTGAGE,125000.0,Not Verified,debt_consolidation,MO,33.93,1.0,660.0,664.0,1.0,71.9,40.0,Individual,6,High Risk,Manual Review
79671483,14950.0, 36 months,25.44,F,F2,< 1 year,OWN,50000.0,Verified,debt_consolidation,MS,38.43,0.0,665.0,669.0,0.0,89.4,22.0,Individual,6,High Risk,Manual Review
79592645,3600.0, 36 months,15.31,C,C5,9 years,MORTGAGE,68000.0,Source Verified,debt_consolidation,PA,36.76,2.0,660.0,664.0,0.0,84.1,36.0,Individual,5,High Risk,Manual Review
78869324,20900.0, 60 months,24.99,E,E5,,MORTGAGE,55000.0,Verified,debt_consolidation,NY,35.7,0.0,735.0,739.0,1.0,27.7,24.0,Individual,5,High Risk,Manual Review
80601124,6275.0, 36 months,22.35,E,E2,3 years,RENT,30888.0,Source Verified,debt_consolidation,NV,40.52,0.0,685.0,689.0,0.0,50.1,17.0,Individual,5,High Risk,Manual Review
80699053,23225.0, 36 months,22.35,E,E2,,MORTGAGE,52800.0,Verified,home_improvement,NY,30.95,0.0,725.0,729.0,1.0,38.0,34.0,Individual,5,High Risk,Manual Review
79742469,3525.0, 36 months,23.32,E,E3,,OWN,26000.0,Verified,debt_consolidation,TN,33.78,0.0,670.0,674.0,0.0,76.6,27.0,Individual,5,High Risk,Manual Review
78810309,29400.0, 60 months,28.88,G,G2,10+ years,RENT,70000.0,Verified,debt_consolidation,GA,31.02,0.0,665.0,669.0,0.0,38.8,20.0,Individual,5,High Risk,Manual Review
79622573,4600.0, 36 months,20.99,E,E1,7 years,RENT,32000.0,Verified,debt_consolidation,KY,32.07,0.0,675.0,679.0,0.0,81.4,14.0,Individual,6,High Risk,Manual Review
78859818,16000.0, 60 months,25.65,F,F3,5 years,RENT,44000.0,Verified,credit_card,CA,43.7,0.0,685.0,689.0,2.0,59.5,31.0,Individual,5,High Risk,Manual Review
79004748,9500.0, 36 months,23.32,E,E3,10+ years,OWN,49894.0,Source Verified,debt_consolidation,TX,31.3,0.0,690.0,694.0,1.0,37.3,42.0,Individual,5,High Risk,Manual Review
79562826,2300.0, 36 months,23.99,E,E4,< 1 year,RENT,12000.0,Source Verified,debt_consolidation,MI,32.3,0.0,665.0,669.0,1.0,32.7,20.0,Individual,5,High Risk,Manual Review
77971416,15000.0, 60 months,20.99,E,E1,2 years,RENT,42034.0,Source Verified,credit_card,TX,38.66,0.0,660.0,664.0,0.0,80.5,26.0,Individual,6,High Risk,Manual Review
80631245,5350.0, 36 months,28.18,G,G1,,OWN,33000.0,Verified,other,MI,39.67,1.0,660.0,664.0,1.0,35.1,18.0,Individual,6,High Risk,Manual Review
80582665,10050.0, 36 months,23.32,E,E3,10+ years,MORTGAGE,38000.0,Source Verified,debt_consolidation,NJ,32.54,1.0,675.0,679.0,2.0,2.9,71.0,Individual,6,High Risk,Manual Review
78972684,12000.0, 36 months,26.14,F,F4,10+ years,RENT,60000.0,Source Verified,debt_consolidation,MN,37.76,0.0,705.0,709.0,0.0,98.5,17.0,Individual,6,High Risk,Manual Review
78419530,35000.0, 60 months,24.99,E,E5,10+ years,RENT,120000.0,Source Verified,debt_consolidation,CA,32.4,0.0,685.0,689.0,0.0,76.6,25.0,Individual,5,High Risk,Manual Review
78760138,15000.0, 60 months,28.18,G,G1,10+ years,MORTGAGE,49000.0,Not Verified,debt_consolidation,IL,31.67,0.0,690.0,694.0,2.0,33.8,30.0,Individual,5,High Risk,Manual Review
80808222,20000.0, 36 months,20.99,E,E1,9 years,MORTGAGE,80000.0,Not Verified,debt_consolidation,OH,36.27,0.0,675.0,679.0,0.0,51.7,24.0,Individual,5,High Risk,Manual Review
77795250,10000.0, 36 months,22.35,E,E2,4 years,OWN,35553.0,Verified,debt_consolidation,AR,38.28,0.0,670.0,674.0,2.0,53.6,21.0,Individual,5,High Risk,Manual Review
81038142,10200.0, 36 months,22.35,E,E2,10+ years,OWN,57000.0,Verified,medical,IL,39.45,0.0,660.0,664.0,1.0,83.9,25.0,Individual,6,High Risk,Manual Review
80868144,18000.0, 36 months,17.27,D,D2,5 years,MORTGAGE,50000.0,Not Verified,credit_card,NJ,35.5,1.0,660.0,664.0,1.0,88.1,32.0,Individual,5,High Risk,Manual Review
80691074,16450.0, 36 months,23.99,E,E4,10+ years,OWN,49000.0,Verified,debt_consolidation,FL,34.48,0.0,665.0,669.0,0.0,59.7,23.0,Individual,5,High Risk,Manual Review
79915341,11200.0, 36 months,20.99,E,E1,10+ years,MORTGAGE,61000.0,Not Verified,debt_consolidation,TN,42.99,4.0,665.0,669.0,0.0,56.3,30.0,Individual,6,High Risk,Manual Review
79260946,19375.0, 36 months,20.99,E,E1,3 years,RENT,51000.0,Not Verified,debt_consolidation,WI,34.78,0.0,660.0,664.0,1.0,79.5,33.0,Individual,5,High Risk,Manual Review
80610867,10000.0, 36 months,23.32,E,E3,10+ years,RENT,27000.0,Verified,debt_consolidation,NY,40.49,0.0,670.0,674.0,1.0,46.2,19.0,Individual,5,High Risk,Manual Review
80719686,5000.0, 36 months,23.32,E,E3,10+ years,RENT,32000.0,Source Verified,other,FL,49.62,0.0,690.0,694.0,0.0,66.4,22.0,Individual,5,High Risk,Manual Review
80640019,17500.0, 36 months,23.32,E,E3,10+ years,RENT,35000.0,Verified,debt_consolidation,FL,32.34,0.0,680.0,684.0,1.0,91.8,13.0,Individual,6,High Risk,Manual Review
80689673,15000.0, 36 months,20.99,E,E1,1 year,MORTGAGE,50000.0,Verified,debt_consolidation,MS,40.13,0.0,670.0,674.0,0.0,64.3,12.0,Individual,5,High Risk,Manual Review
78670277,21275.0, 60 months,29.67,G,G3,10+ years,RENT,56000.0,Verified,credit_card,IL,31.83,0.0,665.0,669.0,0.0,75.3,11.0,Individual,5,High Risk,Manual Review
79231107,14800.0, 36 months,22.35,E,E2,7 years,OWN,80000.0,Source Verified,debt_consolidation,TX,37.11,0.0,705.0,709.0,0.0,62.3,43.0,Individual,5,High Risk,Manual Review
77071729,11550.0, 36 months,29.96,G,G4,< 1 year,RENT,40000.0,Verified,other,PA,35.37,1.0,675.0,679.0,0.0,23.6,9.0,Individual,6,High Risk,Manual Review
80709642,4950.0, 36 months,20.99,E,E1,,OWN,14604.0,Verified,other,IN,37.55,0.0,690.0,694.0,1.0,51.8,15.0,Individual,5,High Risk,Manual Review
79562654,3625.0, 36 months,22.35,E,E2,3 years,OWN,11900.0,Source Verified,debt_consolidation,GA,31.18,0.0,680.0,684.0,1.0,21.8,32.0,Individual,5,High Risk,Manual Review
77479253,9675.0, 36 months,28.88,G,G2,4 years,OWN,28500.0,Source Verified,other,MD,42.15,0.0,710.0,714.0,1.0,81.4,15.0,Individual,6,High Risk,Manual Review
78780137,10000.0, 60 months,29.67,G,G3,10+ years,RENT,36240.3,Verified,other,NY,30.63,0.0,685.0,689.0,0.0,55.0,7.0,Individual,5,High Risk,Manual Review
79113110,10575.0, 36 months,23.32,E,E3,,MORTGAGE,21180.0,Verified,debt_consolidation,GA,47.14,0.0,695.0,699.0,0.0,71.6,20.0,Individual,5,High Risk,Manual Review
80188218,10000.0, 36 months,23.32,E,E3,3 years,RENT,32000.0,Source Verified,other,CA,41.75,0.0,665.0,669.0,1.0,42.2,29.0,Individual,5,High Risk,Manual Review
80731264,3500.0, 36 months,22.35,E,E2,10+ years,MORTGAGE,52000.0,Source Verified,other,AZ,35.5,0.0,685.0,689.0,0.0,72.9,18.0,Individual,5,High Risk,Manual Review
80528761,3000.0, 36 months,23.99,E,E4,10+ years,RENT,23040.0,Source Verified,debt_consolidation,FL,32.6,0.0,670.0,674.0,0.0,90.0,8.0,Individual,6,High Risk,Manual Review
78719978,35000.0, 60 months,29.96,G,G4,6 years,OWN,84527.0,Source Verified,debt_consolidation,AL,34.16,0.0,670.0,674.0,1.0,40.8,30.0,Individual,5,High Risk,Manual Review
78729780,24000.0, 60 months,25.11,F,F1,10+ years,RENT,50000.0,Verified,debt_consolidation,NC,40.99,0.0,710.0,714.0,0.0,57.9,50.0,Individual,5,High Risk,Manual Review
79662132,35000.0, 36 months,25.65,F,F3,1 year,MORTGAGE,86700.0,Verified,debt_consolidation,TN,34.1,0.0,705.0,709.0,3.0,101.0,17.0,Individual,6,High Risk,Manual Review
80660402,5000.0, 36 months,20.99,E,E1,< 1 year,MORTGAGE,51600.0,Not Verified,major_purchase,AR,37.02,7.0,665.0,669.0,1.0,77.7,33.0,Individual,6,High Risk,Manual Review
80588813,36000.0, 36 months,23.99,E,E4,10+ years,MORTGAGE,110000.0,Verified,home_improvement,GA,39.9,0.0,715.0,719.0,0.0,39.9,12.0,Individual,5,High Risk,Manual Review
77586967,15425.0, 60 months,28.88,G,G2,10+ years,MORTGAGE,43000.0,Verified,debt_consolidation,AZ,38.07,0.0,685.0,689.0,1.0,86.3,15.0,Individual,6,High Risk,Manual Review
78749517,3850.0, 36 months,22.35,E,E2,1 year,MORTGAGE,65000.0,Verified,debt_consolidation,MN,39.6,0.0,690.0,694.0,3.0,86.0,23.0,Individual,6,High Risk,Manual Review
79483119,8975.0, 36 months,23.32,E,E3,1 year,RENT,26448.0,Source Verified,debt_consolidation,TX,35.75,0.0,710.0,714.0,2.0,38.1,13.0,Individual,5,High Risk,Manual Review
78789748,13000.0, 60 months,25.44,F,F2,10+ years,MORTGAGE,120000.0,Source Verified,credit_card,IL,13.45,1.0,660.0,664.0,2.0,92.8,13.0,Individual,5,High Risk,Manual Review
80560586,6650.0, 36 months,22.35,E,E2,4 years,MORTGAGE,35000.0,Verified,debt_consolidation,OK,37.69,5.0,660.0,664.0,1.0,65.0,25.0,Individual,6,High Risk,Manual Review
79742256,15200.0, 36 months,26.14,F,F4,10+ years,MORTGAGE,40000.0,Verified,debt_consolidation,MI,35.04,0.0,685.0,689.0,2.0,54.7,27.0,Individual,5,High Risk,Manual Review
80601013,9000.0, 36 months,24.99,E,E5,3 years,RENT,48000.0,Source Verified,other,MS,33.0,0.0,680.0,684.0,0.0,35.5,16.0,Individual,5,High Risk,Manual Review
79762370,6500.0, 36 months,20.99,E,E1,10+ years,MORTGAGE,35000.0,Source Verified,home_improvement,NC,37.17,0.0,695.0,699.0,0.0,38.2,22.0,Individual,5,High Risk,Manual Review
77586410,6975.0, 36 months,24.99,E,E5,7 years,MORTGAGE,40000.0,Source Verified,debt_consolidation,PA,48.18,0.0,665.0,669.0,1.0,75.4,35.0,Individual,5,High Risk,Manual Review
77381636,10300.0, 36 months,22.35,E,E2,,OWN,52000.0,Verified,small_business,CA,47.27,0.0,685.0,689.0,1.0,55.1,36.0,Individual,5,High Risk,Manual Review
80612067,14075.0, 36 months,22.35,E,E2,5 years,OWN,78000.0,Source Verified,debt_consolidation,CA,33.38,0.0,670.0,674.0,1.0,80.0,43.0,Individual,5,High Risk,Manual Review
79741119,28125.0, 36 months,26.14,F,F4,10+ years,RENT,127000.0,Not Verified,debt_consolidation,NY,37.42,0.0,680.0,684.0,0.0,60.4,26.0,Individual,5,High Risk,Manual Review
80760486,7575.0, 36 months,20.99,E,E1,< 1 year,RENT,40000.0,Source Verified,debt_consolidation,NY,36.01,0.0,710.0,714.0,0.0,68.7,21.0,Individual,5,High Risk,Manual Review
79084296,6450.0, 36 months,22.35,E,E2,5 years,RENT,22000.0,Source Verified,medical,TX,47.41,0.0,680.0,684.0,1.0,6.0,11.0,Joint App,5,High Risk,Manual Review
80688881,16500.0, 36 months,22.35,E,E2,10+ years,RENT,60000.0,Verified,moving,ME,32.56,0.0,665.0,669.0,1.0,92.1,19.0,Individual,6,High Risk,Manual Review
77577067,24000.0, 36 months,18.25,D,D3,1 year,RENT,60000.0,Not Verified,debt_consolidation,MT,32.13,1.0,670.0,674.0,0.0,86.4,31.0,Individual,5,High Risk,Manual Review
79785785,12325.0, 36 months,24.99,E,E5,,RENT,35000.0,Verified,debt_consolidation,AL,43.83,0.0,690.0,694.0,0.0,56.7,22.0,Individual,5,High Risk,Manual Review
80719294,35000.0, 36 months,17.27,D,D2,10+ years,MORTGAGE,87174.0,Verified,debt_consolidation,AL,32.33,1.0,685.0,689.0,0.0,90.1,39.0,Individual,5,High Risk,Manual Review
80582576,13675.0, 36 months,23.32,E,E3,10+ years,RENT,38000.0,Verified,home_improvement,WA,33.72,0.0,680.0,684.0,0.0,24.0,13.0,Individual,5,High Risk,Manual Review
80700619,35000.0, 36 months,23.99,E,E4,10+ years,MORTGAGE,112000.0,Source Verified,debt_consolidation,GA,32.0,0.0,685.0,689.0,1.0,64.0,45.0,Individual,5,High Risk,Manual Review
80620608,4500.0, 36 months,20.99,E,E1,4 years,RENT,27500.0,Not Verified,debt_consolidation,NE,36.53,0.0,685.0,689.0,1.0,27.0,21.0,Individual,5,High Risk,Manual Review
79701266,2775.0, 36 months,27.34,F,F5,,RENT,8700.0,Verified,debt_consolidation,NY,37.29,0.0,680.0,684.0,1.0,16.6,14.0,Individual,5,High Risk,Manual Review
78229254,17550.0, 60 months,30.99,G,G5,< 1 year,MORTGAGE,41800.0,Verified,debt_consolidation,TX,33.71,0.0,690.0,694.0,3.0,37.9,24.0,Individual,5,High Risk,Manual Review
79551319,8150.0, 36 months,23.32,E,E3,8 years,OWN,30000.0,Source Verified,debt_consolidation,WV,31.4,2.0,660.0,664.0,1.0,26.1,28.0,Individual,6,High Risk,Manual Review
78559834,10000.0, 36 months,22.35,E,E2,< 1 year,OWN,21840.0,Verified,debt_consolidation,MA,40.33,4.0,660.0,664.0,0.0,53.6,21.0,Individual,6,High Risk,Manual Review
79521341,5000.0, 36 months,20.99,E,E1,2 years,MORTGAGE,16550.0,Verified,debt_consolidation,TX,38.29,0.0,660.0,664.0,1.0,43.1,10.0,Individual,5,High Risk,Manual Review
80560004,5000.0, 36 months,22.35,E,E2,7 years,MORTGAGE,45000.0,Source Verified,house,NY,31.01,0.0,670.0,674.0,3.0,29.3,29.0,Individual,5,High Risk,Manual Review
80589842,8000.0, 36 months,20.99,E,E1,2 years,RENT,37000.0,Source Verified,debt_consolidation,NJ,39.38,0.0,675.0,679.0,0.0,58.4,35.0,Individual,5,High Risk,Manual Review
79915230,3600.0, 36 months,23.99,E,E4,5 years,MORTGAGE,120000.0,Source Verified,home_improvement,TN,36.78,0.0,680.0,684.0,3.0,54.6,33.0,Individual,5,High Risk,Manual Review
79846071,9100.0, 36 months,23.99,E,E4,2 years,OWN,25308.0,Source Verified,debt_consolidation,FL,30.63,0.0,700.0,704.0,2.0,26.7,24.0,Individual,5,High Risk,Manual Review
78879797,33225.0, 60 months,30.99,G,G5,10+ years,MORTGAGE,70000.0,Verified,debt_consolidation,CA,49.56,0.0,695.0,699.0,0.0,68.9,21.0,Individual,5,High Risk,Manual Review
80668779,5000.0, 36 months,18.99,D,D4,9 years,MORTGAGE,57000.0,Verified,credit_card,FL,48.6,1.0,670.0,674.0,0.0,81.6,25.0,Individual,5,High Risk,Manual Review
79623083,15500.0, 36 months,23.32,E,E3,3 years,RENT,56000.0,Verified,debt_consolidation,CA,34.16,1.0,700.0,704.0,0.0,26.1,34.0,Individual,6,High Risk,Manual Review
77585213,21225.0, 36 months,20.99,E,E1,10+ years,MORTGAGE,54682.0,Source Verified,home_improvement,MA,33.06,1.0,670.0,674.0,0.0,73.1,6.0,Individual,6,High Risk,Manual Review
78649752,13525.0, 60 months,28.88,G,G2,10+ years,MORTGAGE,33000.0,Verified,debt_consolidation,PA,31.75,0.0,680.0,684.0,2.0,57.2,19.0,Individual,5,High Risk,Manual Review
80599594,35000.0, 36 months,23.99,E,E4,,MORTGAGE,85000.0,Verified,debt_consolidation,CA,32.34,0.0,680.0,684.0,2.0,25.1,36.0,Individual,5,High Risk,Manual Review
78953673,1000.0, 36 months,25.11,F,F1,2 years,OWN,26550.0,Source Verified,other,MS,43.81,0.0,660.0,664.0,3.0,79.2,28.0,Individual,5,High Risk,Manual Review
80248234,7500.0, 36 months,24.99,E,E5,10+ years,RENT,47000.0,Source Verified,debt_consolidation,NY,40.22,0.0,660.0,664.0,1.0,76.5,26.0,Individual,5,High Risk,Manual Review
78639500,35000.0, 60 months,25.11,F,F1,7 years,MORTGAGE,240000.0,Source Verified,debt_consolidation,CA,8.66,1.0,675.0,679.0,1.0,81.6,17.0,Individual,5,High Risk,Manual Review
79032717,13300.0, 36 months,28.88,G,G2,2 years,RENT,35000.0,Source Verified,credit_card,MD,38.28,0.0,675.0,679.0,2.0,55.4,9.0,Individual,5,High Risk,Manual Review
77576579,17200.0, 60 months,28.18,G,G1,7 years,RENT,41000.0,Verified,debt_consolidation,MD,45.76,0.0,690.0,694.0,0.0,78.0,12.0,Individual,5,High Risk,Manual Review
78429895,11000.0, 60 months,23.99,E,E4,2 years,RENT,45000.0,Not Verified,debt_consolidation,NH,36.26,0.0,660.0,664.0,1.0,67.2,34.0,Individual,5,High Risk,Manual Review
79390972,12000.0, 36 months,25.11,F,F1,10+ years,RENT,60000.0,Verified,debt_consolidation,WA,32.04,0.0,675.0,679.0,0.0,56.6,24.0,Individual,5,High Risk,Manual Review
78699674,15000.0, 60 months,26.14,F,F4,7 years,RENT,80000.0,Source Verified,debt_consolidation,MD,31.55,1.0,675.0,679.0,1.0,65.1,21.0,Individual,6,High Risk,Manual Review
80609982,8250.0, 36 months,22.35,E,E2,8 years,RENT,108000.0,Source Verified,debt_consolidation,CA,14.92,1.0,680.0,684.0,0.0,92.1,16.0,Individual,5,High Risk,Manual Review
79210851,10000.0, 36 months,25.65,F,F3,4 years,OWN,42000.0,Verified,debt_consolidation,NY,30.09,2.0,660.0,664.0,2.0,83.1,34.0,Individual,7,High Risk,Manual Review
78779194,35000.0, 36 months,25.65,F,F3,7 years,MORTGAGE,225000.0,Not Verified,credit_card,GA,33.64,0.0,675.0,679.0,1.0,76.8,45.0,Individual,5,High Risk,Manual Review
78799554,10000.0, 60 months,25.11,F,F1,2 years,MORTGAGE,93000.0,Verified,debt_consolidation,AL,37.77,0.0,710.0,714.0,1.0,99.3,30.0,Individual,6,High Risk,Manual Review
78639509,12000.0, 60 months,29.67,G,G3,1 year,RENT,50000.0,Verified,other,GA,34.3,0.0,720.0,724.0,0.0,8.2,18.0,Individual,5,High Risk,Manual Review
79420329,14250.0, 36 months,25.11,F,F1,4 years,RENT,31000.0,Verified,credit_card,GA,40.34,0.0,720.0,724.0,0.0,84.0,49.0,Individual,6,High Risk,Manual Review
79001770,1500.0, 36 months,23.99,E,E4,2 years,OWN,25000.0,Source Verified,debt_consolidation,TX,30.48,0.0,670.0,674.0,0.0,100.8,10.0,Individual,6,High Risk,Manual Review
77735139,12625.0, 60 months,28.18,G,G1,10+ years,RENT,49800.0,Verified,home_improvement,FL,30.54,0.0,660.0,664.0,2.0,48.7,42.0,Individual,5,High Risk,Manual Review
78289938,10800.0, 60 months,27.34,F,F5,10+ years,RENT,40000.0,Source Verified,debt_consolidation,NJ,30.78,0.0,710.0,714.0,1.0,93.0,17.0,Individual,6,High Risk,Manual Review
78180065,18400.0, 60 months,27.34,F,F5,2 years,RENT,40000.0,Source Verified,debt_consolidation,CO,31.44,0.0,685.0,689.0,0.0,88.5,14.0,Individual,6,High Risk,Manual Review
80581808,7125.0, 36 months,20.99,E,E1,8 years,RENT,34000.0,Source Verified,other,PA,38.19,0.0,690.0,694.0,1.0,59.0,20.0,Individual,5,High Risk,Manual Review
79370125,20000.0, 36 months,25.44,F,F2,1 year,RENT,40000.0,Verified,other,OR,48.12,0.0,680.0,684.0,1.0,86.9,16.0,Individual,6,High Risk,Manual Review
78438613,18525.0, 60 months,28.18,G,G1,3 years,MORTGAGE,55000.0,Source Verified,debt_consolidation,NC,30.36,0.0,705.0,709.0,1.0,46.4,18.0,Individual,5,High Risk,Manual Review
80719684,2100.0, 36 months,24.99,E,E5,,MORTGAGE,84000.0,Verified,medical,TX,38.75,0.0,675.0,679.0,2.0,41.6,26.0,Individual,5,High Risk,Manual Review
80580617,9600.0, 36 months,20.99,E,E1,10+ years,RENT,55000.0,Source Verified,debt_consolidation,CA,39.36,0.0,665.0,669.0,2.0,59.0,35.0,Individual,5,High Risk,Manual Review
80529184,9525.0, 36 months,23.99,E,E4,10+ years,RENT,26515.0,Source Verified,debt_consolidation,MO,35.99,3.0,665.0,669.0,2.0,49.3,41.0,Individual,6,High Risk,Manual Review
79573595,7500.0, 36 months,22.35,E,E2,10+ years,MORTGAGE,62000.0,Source Verified,debt_consolidation,IN,32.33,0.0,680.0,684.0,1.0,78.5,30.0,Individual,5,High Risk,Manual Review
80609248,5000.0, 36 months,22.35,E,E2,2 years,RENT,29976.0,Source Verified,debt_consolidation,IN,31.39,0.0,660.0,664.0,1.0,59.0,14.0,Individual,5,High Risk,Manual Review
78130580,17625.0, 60 months,29.67,G,G3,10+ years,RENT,42012.0,Verified,debt_consolidation,NM,38.65,0.0,665.0,669.0,1.0,70.9,21.0,Individual,5,High Risk,Manual Review
80758933,8150.0, 36 months,22.35,E,E2,,RENT,24000.0,Verified,debt_consolidation,FL,33.21,1.0,670.0,674.0,1.0,41.9,23.0,Individual,6,High Risk,Manual Review
80739078,7675.0, 36 months,24.99,E,E5,10+ years,MORTGAGE,49000.0,Source Verified,debt_consolidation,NH,35.98,0.0,675.0,679.0,0.0,29.8,39.0,Individual,5,High Risk,Manual Review
80739067,12000.0, 36 months,20.99,E,E1,3 years,RENT,60000.0,Verified,debt_consolidation,CA,40.2,0.0,660.0,664.0,4.0,52.7,30.0,Individual,5,High Risk,Manual Review
80698496,28000.0, 36 months,23.32,E,E3,10+ years,MORTGAGE,102000.0,Source Verified,credit_card,MI,35.75,0.0,670.0,674.0,0.0,77.2,41.0,Individual,5,High Risk,Manual Review
78588722,27650.0, 36 months,23.32,E,E3,4 years,MORTGAGE,74000.0,Source Verified,debt_consolidation,CA,31.24,0.0,680.0,684.0,0.0,48.9,37.0,Individual,5,High Risk,Manual Review
79210666,3050.0, 36 months,22.35,E,E2,10+ years,RENT,53500.0,Source Verified,debt_consolidation,OH,30.55,1.0,700.0,704.0,1.0,47.9,25.0,Individual,6,High Risk,Manual Review
78779484,3025.0, 36 months,22.35,E,E2,10+ years,MORTGAGE,40000.0,Not Verified,debt_consolidation,GA,30.99,0.0,685.0,689.0,0.0,50.7,36.0,Individual,5,High Risk,Manual Review
78952620,4000.0, 36 months,20.99,E,E1,,RENT,19000.0,Verified,credit_card,FL,44.03,0.0,705.0,709.0,2.0,36.2,19.0,Individual,5,High Risk,Manual Review
79742383,6450.0, 36 months,23.32,E,E3,,OWN,19000.0,Verified,debt_consolidation,PA,38.53,0.0,665.0,669.0,0.0,59.5,14.0,Individual,5,High Risk,Manual Review
77431297,12000.0, 36 months,25.44,F,F2,10+ years,MORTGAGE,89000.0,Not Verified,debt_consolidation,NY,45.35,0.0,695.0,699.0,0.0,75.7,34.0,Individual,5,High Risk,Manual Review
79742548,9500.0, 36 months,23.32,E,E3,10+ years,MORTGAGE,28000.0,Source Verified,debt_consolidation,AR,31.33,0.0,660.0,664.0,3.0,50.9,27.0,Individual,5,High Risk,Manual Review
79211240,10550.0, 36 months,22.35,E,E2,10+ years,RENT,40000.0,Verified,debt_consolidation,MO,39.49,0.0,665.0,669.0,1.0,32.2,42.0,Individual,5,High Risk,Manual Review
80188176,7325.0, 36 months,22.35,E,E2,3 years,MORTGAGE,28662.0,Verified,debt_consolidation,AZ,39.11,0.0,695.0,699.0,1.0,25.6,16.0,Individual,5,High Risk,Manual Review
78350289,7475.0, 36 months,24.99,E,E5,< 1 year,MORTGAGE,46000.0,Verified,debt_consolidation,IN,33.97,0.0,675.0,679.0,3.0,58.0,27.0,Individual,5,High Risk,Manual Review
79572469,16425.0, 36 months,16.29,D,D1,9 years,MORTGAGE,90000.0,Not Verified,vacation,TX,33.93,1.0,660.0,664.0,0.0,87.9,22.0,Individual,5,High Risk,Manual Review
79956010,8000.0, 36 months,20.99,E,E1,2 years,RENT,24000.0,Source Verified,debt_consolidation,AR,36.6,1.0,660.0,664.0,1.0,37.6,38.0,Individual,6,High Risk,Manual Review
78610099,12000.0, 60 months,28.18,G,G1,10+ years,MORTGAGE,45500.0,Verified,debt_consolidation,OK,32.6,1.0,670.0,674.0,0.0,60.3,25.0,Individual,6,High Risk,Manual Review
80728534,27125.0, 36 months,20.99,E,E1,10+ years,MORTGAGE,54258.28,Source Verified,credit_card,VA,31.18,0.0,700.0,704.0,0.0,68.8,19.0,Individual,5,High Risk,Manual Review
78520046,10375.0, 60 months,27.34,F,F5,2 years,RENT,17000.0,Source Verified,debt_consolidation,FL,34.89,0.0,700.0,704.0,0.0,62.4,9.0,Joint App,5,High Risk,Manual Review
78378640,19175.0, 60 months,23.99,E,E4,1 year,MORTGAGE,60000.0,Not Verified,debt_consolidation,CT,31.54,2.0,670.0,674.0,0.0,64.1,29.0,Individual,6,High Risk,Manual Review
79693472,8800.0, 36 months,24.99,E,E5,10+ years,MORTGAGE,47442.0,Not Verified,other,SC,38.93,0.0,710.0,714.0,0.0,59.3,34.0,Individual,5,High Risk,Manual Review
80638426,3600.0, 36 months,22.35,E,E2,5 years,MORTGAGE,78000.0,Source Verified,debt_consolidation,AZ,33.85,0.0,685.0,689.0,0.0,96.4,24.0,Individual,6,High Risk,Manual Review
79693260,8400.0, 36 months,23.32,E,E3,6 years,RENT,55000.0,Source Verified,debt_consolidation,CA,33.6,0.0,680.0,684.0,0.0,70.3,26.0,Individual,5,High Risk,Manual Review
78568973,28175.0, 60 months,28.18,G,G1,3 years,MORTGAGE,78000.0,Verified,credit_card,OH,35.23,0.0,665.0,669.0,1.0,40.2,28.0,Individual,5,High Risk,Manual Review
80108148,6100.0, 36 months,22.35,E,E2,,RENT,17974.8,Verified,debt_consolidation,NE,38.54,0.0,665.0,669.0,0.0,62.1,7.0,Individual,5,High Risk,Manual Review
79875588,5000.0, 36 months,20.99,E,E1,10+ years,RENT,100000.0,Source Verified,small_business,FL,30.37,0.0,660.0,664.0,1.0,100.3,31.0,Individual,6,High Risk,Manual Review
79885426,12000.0, 36 months,23.99,E,E4,8 years,MORTGAGE,50000.0,Verified,debt_consolidation,OH,33.15,0.0,675.0,679.0,1.0,54.5,28.0,Individual,5,High Risk,Manual Review
78588749,6000.0, 36 months,23.32,E,E3,1 year,MORTGAGE,52000.0,Source Verified,credit_card,NY,35.51,0.0,695.0,699.0,0.0,71.5,20.0,Individual,5,High Risk,Manual Review
79752840,7125.0, 36 months,20.99,E,E1,,RENT,22000.0,Verified,debt_consolidation,CA,38.24,0.0,700.0,704.0,2.0,55.5,22.0,Individual,5,High Risk,Manual Review
79032940,7000.0, 36 months,23.99,E,E4,2 years,RENT,21000.0,Source Verified,debt_consolidation,WA,31.0,0.0,685.0,689.0,4.0,20.8,44.0,Individual,5,High Risk,Manual Review
80188199,7700.0, 36 months,24.99,E,E5,< 1 year,MORTGAGE,76000.0,Source Verified,debt_consolidation,TX,47.62,1.0,660.0,664.0,1.0,48.4,42.0,Individual,6,High Risk,Manual Review
80258118,6000.0, 36 months,22.35,E,E2,8 years,MORTGAGE,60000.0,Source Verified,debt_consolidation,WI,40.79,0.0,680.0,684.0,0.0,76.0,26.0,Individual,5,High Risk,Manual Review
78378682,30900.0, 36 months,23.32,E,E3,10+ years,MORTGAGE,72000.0,Source Verified,debt_consolidation,FL,37.58,0.0,680.0,684.0,0.0,66.4,31.0,Individual,5,High Risk,Manual Review
77805799,30000.0, 60 months,19.99,D,D5,10+ years,MORTGAGE,65000.0,Verified,debt_consolidation,MN,34.56,2.0,680.0,684.0,0.0,87.1,23.0,Individual,5,High Risk,Manual Review
78982417,15200.0, 36 months,23.99,E,E4,10+ years,RENT,45000.0,Verified,debt_consolidation,CA,37.76,1.0,670.0,674.0,2.0,47.0,29.0,Individual,6,High Risk,Manual Review
79085137,25000.0, 36 months,18.99,D,D4,2 years,MORTGAGE,27000.0,Source Verified,debt_consolidation,WI,60.8,3.0,665.0,669.0,0.0,87.8,35.0,Joint App,5,High Risk,Manual Review
79681298,5950.0, 36 months,28.18,G,G1,,RENT,17500.0,Source Verified,debt_consolidation,OR,33.74,0.0,690.0,694.0,0.0,61.9,10.0,Individual,5,High Risk,Manual Review
78418897,12425.0, 60 months,28.88,G,G2,1 year,RENT,36500.0,Verified,other,CA,37.55,1.0,660.0,664.0,1.0,50.1,25.0,Individual,6,High Risk,Manual Review
78610260,6900.0, 36 months,20.99,E,E1,9 years,OWN,45000.0,Source Verified,home_improvement,MO,9.44,1.0,660.0,664.0,0.0,93.2,12.0,Individual,5,High Risk,Manual Review
78922794,18975.0, 36 months,17.27,D,D2,10+ years,RENT,39300.0,Source Verified,major_purchase,MT,33.13,1.0,675.0,679.0,0.0,81.7,20.0,Individual,5,High Risk,Manual Review
79673205,16725.0, 36 months,23.99,E,E4,3 years,OWN,81000.0,Not Verified,debt_consolidation,NJ,46.88,0.0,685.0,689.0,2.0,70.8,23.0,Individual,5,High Risk,Manual Review
78709256,20000.0, 60 months,25.44,F,F2,10+ years,MORTGAGE,55000.0,Not Verified,credit_card,TX,30.81,2.0,675.0,679.0,1.0,58.8,15.0,Individual,6,High Risk,Manual Review
79775763,4800.0, 36 months,24.99,E,E5,1 year,RENT,15000.0,Source Verified,other,UT,33.04,0.0,660.0,664.0,2.0,65.2,4.0,Individual,5,High Risk,Manual Review
78548525,12600.0, 60 months,29.67,G,G3,4 years,RENT,46500.0,Verified,debt_consolidation,CA,38.39,0.0,660.0,664.0,0.0,67.6,16.0,Individual,5,High Risk,Manual Review
79621768,14250.0, 36 months,20.99,E,E1,2 years,RENT,28500.0,Verified,moving,MN,33.6,4.0,660.0,664.0,2.0,37.0,25.0,Individual,6,High Risk,Manual Review
79815151,11925.0, 36 months,20.99,E,E1,,MORTGAGE,33156.0,Verified,debt_consolidation,FL,31.77,0.0,675.0,679.0,0.0,75.4,24.0,Individual,5,High Risk,Manual Review
79835513,6900.0, 36 months,22.35,E,E2,,OWN,23000.0,Verified,debt_consolidation,FL,38.26,0.0,665.0,669.0,0.0,79.0,13.0,Individual,5,High Risk,Manual Review
79975948,30000.0, 36 months,22.35,E,E2,3 years,RENT,89900.0,Source Verified,debt_consolidation,NY,33.07,0.0,670.0,674.0,0.0,49.5,21.0,Individual,5,High Risk,Manual Review
79885359,7475.0, 36 months,20.99,E,E1,10+ years,MORTGAGE,70000.0,Source Verified,debt_consolidation,SC,32.18,0.0,670.0,674.0,0.0,57.0,36.0,Individual,5,High Risk,Manual Review
78449924,35000.0, 36 months,22.35,E,E2,9 years,MORTGAGE,80000.0,Verified,debt_consolidation,CA,34.45,1.0,675.0,679.0,0.0,35.9,36.0,Joint App,6,High Risk,Manual Review
79785847,2000.0, 36 months,23.32,E,E3,10+ years,RENT,80000.0,Source Verified,vacation,NE,42.33,0.0,695.0,699.0,0.0,63.7,21.0,Individual,5,High Risk,Manual Review
79835426,12600.0, 36 months,23.99,E,E4,5 years,RENT,30000.0,Source Verified,debt_consolidation,CA,36.92,2.0,660.0,664.0,0.0,57.7,18.0,Individual,6,High Risk,Manual Review
79995723,5000.0, 36 months,20.99,E,E1,10+ years,MORTGAGE,94000.0,Source Verified,other,OH,30.59,0.0,665.0,669.0,3.0,60.0,26.0,Individual,5,High Risk,Manual Review
80658163,10000.0, 36 months,17.27,D,D2,9 years,MORTGAGE,42000.0,Not Verified,debt_consolidation,NY,38.89,1.0,685.0,689.0,0.0,85.0,23.0,Individual,5,High Risk,Manual Review
79543308,14150.0, 36 months,23.32,E,E3,3 years,OWN,55000.0,Source Verified,other,TN,31.14,0.0,680.0,684.0,1.0,19.9,60.0,Individual,5,High Risk,Manual Review
79622853,35000.0, 36 months,24.99,E,E5,,MORTGAGE,103400.0,Source Verified,debt_consolidation,NV,22.61,1.0,705.0,709.0,3.0,81.8,41.0,Individual,5,High Risk,Manual Review
79543662,18225.0, 36 months,22.35,E,E2,7 years,RENT,48000.0,Verified,debt_consolidation,VA,35.87,1.0,665.0,669.0,0.0,99.0,25.0,Individual,7,High Risk,Manual Review
79875203,15800.0, 36 months,23.99,E,E4,10+ years,MORTGAGE,52000.0,Verified,debt_consolidation,OH,34.13,0.0,685.0,689.0,1.0,34.4,26.0,Individual,5,High Risk,Manual Review
79542196,1800.0, 36 months,22.35,E,E2,< 1 year,RENT,6000.0,Verified,debt_consolidation,CA,35.8,0.0,720.0,724.0,1.0,42.7,16.0,Individual,5,High Risk,Manual Review
79543433,20500.0, 36 months,20.99,E,E1,10+ years,MORTGAGE,72000.0,Source Verified,debt_consolidation,CT,37.65,0.0,730.0,734.0,2.0,59.4,39.0,Individual,5,High Risk,Manual Review
76438748,17475.0, 60 months,21.97,E,E4,10+ years,RENT,39735.0,Verified,credit_card,NY,31.26,0.0,710.0,714.0,2.0,28.5,40.0,Individual,5,High Risk,Manual Review
79491488,3500.0, 36 months,28.88,G,G2,< 1 year,RENT,10320.0,Verified,credit_card,GA,30.58,0.0,660.0,664.0,0.0,42.1,17.0,Individual,5,High Risk,Manual Review
78579049,29900.0, 60 months,28.88,G,G2,10+ years,MORTGAGE,65000.0,Source Verified,debt_consolidation,TX,34.08,0.0,670.0,674.0,0.0,64.8,13.0,Individual,5,High Risk,Manual Review
77381562,9000.0, 36 months,23.32,E,E3,2 years,RENT,25000.0,Verified,vacation,TX,37.78,0.0,695.0,699.0,1.0,42.4,13.0,Individual,5,High Risk,Manual Review
79573278,5000.0, 36 months,20.99,E,E1,,OWN,25000.0,Verified,credit_card,TX,41.05,0.0,670.0,674.0,2.0,38.2,17.0,Individual,5,High Risk,Manual Review
79671790,3000.0, 36 months,23.99,E,E4,2 years,RENT,37380.0,Source Verified,debt_consolidation,CA,38.46,3.0,660.0,664.0,1.0,56.5,23.0,Individual,6,High Risk,Manual Review
77901687,4500.0, 36 months,20.99,E,E1,1 year,MORTGAGE,36000.0,Verified,debt_consolidation,WV,34.97,0.0,720.0,724.0,1.0,28.6,34.0,Individual,5,High Risk,Manual Review
80005234,15200.0, 36 months,17.27,D,D2,1 year,RENT,40000.0,Source Verified,debt_consolidation,WI,31.17,2.0,665.0,669.0,0.0,80.3,17.0,Individual,5,High Risk,Manual Review
78879137,20800.0, 60 months,25.44,F,F2,10+ years,MORTGAGE,83000.0,Source Verified,home_improvement,AL,33.52,0.0,700.0,704.0,0.0,72.6,24.0,Individual,5,High Risk,Manual Review
79491526,2500.0, 36 months,23.99,E,E4,,RENT,26000.0,Verified,credit_card,CA,37.06,1.0,660.0,664.0,2.0,83.0,27.0,Individual,7,High Risk,Manual Review
79692778,4200.0, 36 months,20.99,E,E1,2 years,OWN,29000.0,Verified,other,TX,16.93,5.0,660.0,664.0,0.0,89.1,52.0,Individual,5,High Risk,Manual Review
78398821,18900.0, 60 months,28.18,G,G1,5 years,MORTGAGE,42000.0,Verified,debt_consolidation,PA,38.37,0.0,675.0,679.0,1.0,71.0,35.0,Individual,5,High Risk,Manual Review
77349236,21000.0, 60 months,21.18,E,E3,10+ years,MORTGAGE,65000.0,Verified,debt_consolidation,PA,32.11,0.0,690.0,694.0,0.0,33.2,23.0,Individual,5,High Risk,Manual Review
77061348,21000.0, 60 months,28.18,G,G1,3 years,RENT,130000.0,Source Verified,debt_consolidation,TX,34.44,0.0,700.0,704.0,1.0,90.5,18.0,Individual,6,High Risk,Manual Review
79200391,9000.0, 36 months,22.35,E,E2,2 years,RENT,26500.0,Verified,debt_consolidation,GA,42.8,0.0,675.0,679.0,0.0,71.4,13.0,Individual,5,High Risk,Manual Review
79632537,24000.0, 36 months,23.32,E,E3,4 years,RENT,65000.0,Verified,debt_consolidation,MN,45.51,0.0,695.0,699.0,0.0,42.9,37.0,Individual,5,High Risk,Manual Review
77981419,14000.0, 60 months,20.99,E,E1,2 years,MORTGAGE,68000.0,Verified,debt_consolidation,MO,42.98,0.0,695.0,699.0,0.0,81.2,29.0,Individual,6,High Risk,Manual Review
78129538,15700.0, 36 months,20.99,E,E1,6 years,OWN,60000.0,Not Verified,credit_card,PA,33.14,0.0,660.0,664.0,3.0,49.1,72.0,Individual,5,High Risk,Manual Review
79532592,23175.0, 36 months,20.99,E,E1,10+ years,MORTGAGE,61000.0,Verified,debt_consolidation,FL,30.73,0.0,680.0,684.0,1.0,73.1,28.0,Individual,5,High Risk,Manual Review
79210988,4000.0, 36 months,22.35,E,E2,2 years,OWN,23000.0,Source Verified,medical,OK,38.26,0.0,690.0,694.0,0.0,59.9,17.0,Individual,5,High Risk,Manual Review
79054511,32275.0, 36 months,23.32,E,E3,9 years,RENT,70200.0,Verified,debt_consolidation,NY,30.22,0.0,680.0,684.0,0.0,80.3,46.0,Individual,6,High Risk,Manual Review
79180926,25000.0, 36 months,22.35,E,E2,6 years,MORTGAGE,75000.0,Verified,debt_consolidation,NV,39.84,0.0,685.0,689.0,0.0,67.5,23.0,Individual,5,High Risk,Manual Review
79005402,7875.0, 36 months,22.35,E,E2,,RENT,23196.0,Verified,debt_consolidation,GA,45.58,0.0,665.0,669.0,0.0,68.0,32.0,Individual,5,High Risk,Manual Review
77941196,15700.0, 60 months,28.18,G,G1,10+ years,RENT,58000.0,Not Verified,debt_consolidation,NY,41.79,0.0,675.0,679.0,1.0,58.9,37.0,Individual,5,High Risk,Manual Review
78991435,8575.0, 36 months,18.99,D,D4,8 years,MORTGAGE,48000.0,Source Verified,debt_consolidation,MN,32.85,1.0,685.0,689.0,0.0,100.6,18.0,Individual,5,High Risk,Manual Review
78011302,34175.0, 60 months,20.99,E,E1,1 year,RENT,52000.0,Source Verified,debt_consolidation,CA,23.66,1.0,675.0,679.0,0.0,85.3,10.0,Joint App,5,High Risk,Manual Review
77529231,30675.0, 60 months,23.13,F,F1,9 years,MORTGAGE,53000.0,Verified,debt_consolidation,TX,39.06,2.0,665.0,669.0,1.0,92.3,10.0,Joint App,7,High Risk,Manual Review
79290932,20400.0, 36 months,22.35,E,E2,< 1 year,MORTGAGE,35000.0,Verified,debt_consolidation,TX,52.13,0.0,665.0,669.0,0.0,57.8,13.0,Joint App,5,High Risk,Manual Review
79681830,8100.0, 36 months,23.32,E,E3,1 year,RENT,22560.0,Verified,debt_consolidation,CA,35.13,0.0,685.0,689.0,1.0,20.8,13.0,Individual,5,High Risk,Manual Review
79054741,6000.0, 36 months,23.32,E,E3,10+ years,RENT,96000.0,Verified,other,CA,38.93,0.0,690.0,694.0,0.0,89.7,20.0,Individual,6,High Risk,Manual Review
79632069,35000.0, 36 months,22.35,E,E2,9 years,MORTGAGE,105000.0,Source Verified,home_improvement,AZ,36.1,1.0,675.0,679.0,0.0,74.9,32.0,Individual,6,High Risk,Manual Review
79004135,20250.0, 36 months,22.35,E,E2,,OWN,26400.0,Verified,debt_consolidation,MI,34.75,1.0,680.0,684.0,1.0,35.7,18.0,Joint App,6,High Risk,Manual Review
79024876,12900.0, 36 months,16.29,D,D1,2 years,MORTGAGE,50000.0,Verified,debt_consolidation,AR,35.36,1.0,690.0,694.0,1.0,85.0,19.0,Individual,5,High Risk,Manual Review
79641883,9975.0, 36 months,22.35,E,E2,10+ years,MORTGAGE,54000.0,Source Verified,debt_consolidation,CT,38.04,0.0,660.0,664.0,2.0,56.2,31.0,Individual,5,High Risk,Manual Review
79082927,8100.0, 36 months,23.99,E,E4,9 years,RENT,27000.0,Source Verified,debt_consolidation,CA,31.7,0.0,665.0,669.0,0.0,26.1,14.0,Individual,5,High Risk,Manual Review
79341093,10000.0, 36 months,20.99,E,E1,9 years,RENT,92000.0,Source Verified,debt_consolidation,OH,34.7,0.0,670.0,674.0,1.0,54.2,20.0,Individual,5,High Risk,Manual Review
78116361,6400.0, 36 months,20.99,E,E1,,OWN,16000.0,Verified,credit_card,ID,41.34,0.0,690.0,694.0,0.0,70.0,18.0,Individual,5,High Risk,Manual Review
79611929,2000.0, 36 months,23.32,E,E3,10+ years,MORTGAGE,38000.0,Source Verified,debt_consolidation,MD,38.0,0.0,660.0,664.0,1.0,50.1,29.0,Individual,5,High Risk,Manual Review
76437403,18475.0, 60 months,25.88,F,F4,10+ years,MORTGAGE,44000.0,Verified,debt_consolidation,VA,47.9,0.0,665.0,669.0,1.0,57.4,29.0,Individual,5,High Risk,Manual Review
78449997,12050.0, 60 months,22.35,E,E2,9 years,MORTGAGE,70000.0,Verified,debt_consolidation,TN,39.23,1.0,675.0,679.0,0.0,80.9,30.0,Individual,7,High Risk,Manual Review
78114289,4175.0, 36 months,26.14,F,F4,,OWN,12300.0,Verified,debt_consolidation,KY,36.59,6.0,685.0,689.0,1.0,10.8,52.0,Individual,6,High Risk,Manual Review
79573239,8575.0, 36 months,20.99,E,E1,8 years,MORTGAGE,45000.0,Not Verified,small_business,OH,37.65,2.0,720.0,724.0,0.0,28.5,27.0,Individual,6,High Risk,Manual Review
78399761,16000.0, 60 months,22.35,E,E2,10+ years,MORTGAGE,54000.0,Not Verified,debt_consolidation,MI,33.56,0.0,715.0,719.0,0.0,89.2,29.0,Individual,6,High Risk,Manual Review
79573173,24750.0, 36 months,20.99,E,E1,10+ years,MORTGAGE,227000.0,Not Verified,debt_consolidation,CA,30.16,0.0,690.0,694.0,0.0,85.5,23.0,Individual,6,High Risk,Manual Review
79693023,3000.0, 36 months,22.35,E,E2,10+ years,RENT,50000.0,Not Verified,debt_consolidation,PA,33.77,0.0,670.0,674.0,1.0,68.7,33.0,Individual,5,High Risk,Manual Review
79492886,3600.0, 36 months,22.35,E,E2,6 years,MORTGAGE,57137.6,Source Verified,medical,CA,37.64,0.0,670.0,674.0,2.0,73.9,46.0,Individual,5,High Risk,Manual Review
79144180,30000.0, 36 months,23.32,E,E3,,MORTGAGE,72000.0,Verified,debt_consolidation,NC,36.82,0.0,680.0,684.0,0.0,61.5,47.0,Individual,5,High Risk,Manual Review
77330177,35000.0, 60 months,26.57,F,F5,2 years,RENT,70000.0,Verified,debt_consolidation,AK,30.64,0.0,695.0,699.0,0.0,93.5,21.0,Individual,6,High Risk,Manual Review
79511467,4200.0, 36 months,22.35,E,E2,8 years,MORTGAGE,65645.0,Verified,credit_card,NV,39.74,0.0,675.0,679.0,4.0,100.0,17.0,Individual,6,High Risk,Manual Review
78488870,35000.0, 36 months,23.99,E,E4,5 years,MORTGAGE,80000.0,Verified,credit_card,SC,32.13,0.0,700.0,704.0,0.0,37.0,46.0,Individual,5,High Risk,Manual Review
79711320,31175.0, 36 months,22.35,E,E2,5 years,MORTGAGE,97500.0,Not Verified,car,TX,33.46,0.0,745.0,749.0,1.0,43.0,30.0,Individual,5,High Risk,Manual Review
78449885,4375.0, 36 months,25.65,F,F3,< 1 year,RENT,8784.0,Verified,debt_consolidation,NJ,49.45,0.0,660.0,664.0,0.0,69.6,9.0,Individual,5,High Risk,Manual Review
79045336,13875.0, 36 months,23.32,E,E3,7 years,RENT,67110.0,Verified,debt_consolidation,GA,30.42,0.0,660.0,664.0,1.0,71.0,22.0,Individual,5,High Risk,Manual Review
78518431,10000.0, 60 months,24.99,E,E5,3 years,RENT,90000.0,Not Verified,credit_card,MO,32.01,0.0,665.0,669.0,0.0,97.9,48.0,Individual,6,High Risk,Manual Review
79742186,3025.0, 36 months,29.96,G,G4,4 years,RENT,23000.0,Source Verified,debt_consolidation,GA,35.7,0.0,700.0,704.0,0.0,41.7,8.0,Individual,5,High Risk,Manual Review
79601138,12750.0, 36 months,20.99,E,E1,10+ years,OWN,35429.0,Verified,debt_consolidation,PA,45.83,0.0,695.0,699.0,0.0,68.1,29.0,Individual,5,High Risk,Manual Review
76448829,15000.0, 36 months,19.99,E,E1,10+ years,MORTGAGE,42000.0,Verified,debt_consolidation,CO,36.57,0.0,705.0,709.0,1.0,59.0,25.0,Individual,5,High Risk,Manual Review
79073449,4700.0, 36 months,20.99,E,E1,10+ years,MORTGAGE,32000.0,Source Verified,debt_consolidation,AL,38.18,0.0,710.0,714.0,0.0,40.4,29.0,Individual,5,High Risk,Manual Review
79420840,10500.0, 36 months,20.99,E,E1,2 years,MORTGAGE,40000.0,Verified,credit_card,FL,37.07,0.0,690.0,694.0,1.0,77.1,15.0,Individual,5,High Risk,Manual Review
78378378,3500.0, 36 months,26.14,F,F4,3 years,OWN,39276.0,Verified,debt_consolidation,FL,42.59,0.0,675.0,679.0,1.0,92.9,19.0,Individual,6,High Risk,Manual Review
78051988,20025.0, 36 months,23.32,E,E3,10+ years,RENT,43563.0,Verified,debt_consolidation,NV,35.41,0.0,700.0,704.0,0.0,49.5,20.0,Individual,5,High Risk,Manual Review
78440054,35000.0, 36 months,23.99,E,E4,3 years,RENT,74900.0,Verified,debt_consolidation,NJ,40.02,1.0,720.0,724.0,2.0,68.1,17.0,Individual,6,High Risk,Manual Review
77379807,7500.0, 36 months,19.99,E,E1,< 1 year,RENT,21000.0,Verified,debt_consolidation,MO,35.26,0.0,690.0,694.0,0.0,40.2,12.0,Individual,5,High Risk,Manual Review
79240927,9000.0, 36 months,20.99,E,E1,2 years,RENT,25000.0,Source Verified,debt_consolidation,SC,37.83,0.0,670.0,674.0,1.0,68.2,19.0,Individual,5,High Risk,Manual Review
78460150,29000.0, 60 months,25.11,F,F1,1 year,MORTGAGE,51100.0,Not Verified,debt_consolidation,TX,37.36,0.0,670.0,674.0,0.0,76.1,33.0,Joint App,5,High Risk,Manual Review
78249910,28000.0, 60 months,29.96,G,G4,10+ years,RENT,62000.0,Verified,debt_consolidation,CA,35.6,0.0,695.0,699.0,0.0,30.7,28.0,Individual,5,High Risk,Manual Review
79051416,18400.0, 36 months,25.65,F,F3,10+ years,MORTGAGE,55000.0,Source Verified,debt_consolidation,MA,37.49,2.0,750.0,754.0,0.0,0.7,22.0,Individual,6,High Risk,Manual Review
79572687,23100.0, 36 months,22.35,E,E2,10+ years,MORTGAGE,47840.0,Not Verified,credit_card,FL,37.71,0.0,725.0,729.0,0.0,71.6,15.0,Individual,5,High Risk,Manual Review
77586126,10500.0, 60 months,26.14,F,F4,3 years,RENT,45000.0,Verified,debt_consolidation,TX,32.0,0.0,695.0,699.0,0.0,65.8,19.0,Individual,5,High Risk,Manual Review
78119849,27050.0, 60 months,28.18,G,G1,10+ years,MORTGAGE,92000.0,Verified,debt_consolidation,OR,34.19,0.0,675.0,679.0,1.0,29.5,34.0,Individual,5,High Risk,Manual Review
78579676,12000.0, 60 months,23.99,E,E4,10+ years,MORTGAGE,88566.96,Verified,other,UT,19.19,1.0,675.0,679.0,0.0,82.5,21.0,Individual,5,High Risk,Manual Review
79054552,12150.0, 36 months,25.11,F,F1,2 years,MORTGAGE,40000.0,Verified,debt_consolidation,CA,36.93,0.0,680.0,684.0,0.0,90.1,17.0,Individual,6,High Risk,Manual Review
77588560,6925.0, 36 months,26.14,F,F4,5 years,RENT,20437.0,Source Verified,debt_consolidation,FL,47.86,0.0,680.0,684.0,0.0,41.3,18.0,Individual,5,High Risk,Manual Review
78290146,10000.0, 60 months,23.32,E,E3,2 years,RENT,43000.0,Source Verified,debt_consolidation,GA,37.79,0.0,705.0,709.0,2.0,18.1,19.0,Individual,5,High Risk,Manual Review
76449278,13150.0, 60 months,28.18,G,G1,10+ years,RENT,26306.0,Source Verified,debt_consolidation,IL,31.02,0.0,660.0,664.0,1.0,90.6,15.0,Individual,6,High Risk,Manual Review
78119784,18625.0, 60 months,29.96,G,G4,10+ years,MORTGAGE,50000.0,Source Verified,home_improvement,GA,37.9,0.0,705.0,709.0,3.0,68.0,40.0,Individual,5,High Risk,Manual Review
78489380,30000.0, 60 months,22.35,E,E2,10+ years,RENT,80000.0,Source Verified,debt_consolidation,WA,22.84,1.0,685.0,689.0,0.0,84.6,24.0,Individual,5,High Risk,Manual Review
79101196,5600.0, 36 months,25.11,F,F1,,RENT,15576.0,Verified,credit_card,FL,39.21,0.0,680.0,684.0,0.0,87.4,10.0,Individual,6,High Risk,Manual Review
77588401,6400.0, 36 months,25.65,F,F3,,RENT,20000.0,Verified,debt_consolidation,NC,35.71,0.0,665.0,669.0,0.0,58.5,14.0,Individual,5,High Risk,Manual Review
78419168,27000.0, 60 months,23.32,E,E3,10+ years,MORTGAGE,140000.0,Not Verified,credit_card,OH,17.22,1.0,685.0,689.0,2.0,83.5,21.0,Individual,5,High Risk,Manual Review
79114855,1800.0, 36 months,22.35,E,E2,10+ years,MORTGAGE,97000.0,Source Verified,home_improvement,TX,30.85,0.0,680.0,684.0,0.0,70.0,40.0,Individual,5,High Risk,Manual Review
79043563,9000.0, 36 months,22.35,E,E2,10+ years,OWN,60000.0,Source Verified,debt_consolidation,OH,48.22,0.0,725.0,729.0,0.0,72.7,27.0,Individual,5,High Risk,Manual Review
78329261,35000.0, 60 months,27.34,F,F5,3 years,MORTGAGE,77000.0,Source Verified,debt_consolidation,IL,30.33,0.0,660.0,664.0,0.0,66.6,42.0,Individual,5,High Risk,Manual Review
77588323,2875.0, 36 months,25.11,F,F1,,RENT,9036.0,Verified,debt_consolidation,NM,36.65,0.0,670.0,674.0,1.0,78.1,45.0,Individual,5,High Risk,Manual Review
79390822,10000.0, 36 months,16.29,D,D1,2 years,MORTGAGE,55000.0,Source Verified,debt_consolidation,VA,30.66,1.0,660.0,664.0,0.0,89.1,23.0,Individual,5,High Risk,Manual Review
79765366,32675.0, 36 months,23.32,E,E3,10+ years,MORTGAGE,90000.0,Not Verified,debt_consolidation,CA,30.81,0.0,665.0,669.0,0.0,53.6,33.0,Individual,5,High Risk,Manual Review
77399901,33600.0, 60 months,29.96,G,G4,10+ years,OWN,76500.0,Verified,debt_consolidation,TX,33.48,4.0,665.0,669.0,0.0,58.7,37.0,Individual,6,High Risk,Manual Review
78559164,18900.0, 60 months,20.99,E,E1,10+ years,MORTGAGE,43000.0,Not Verified,debt_consolidation,IN,37.15,0.0,705.0,709.0,0.0,62.4,32.0,Individual,5,High Risk,Manual Review
77585883,12325.0, 60 months,23.99,E,E4,2 years,RENT,35000.0,Verified,debt_consolidation,NY,31.1,0.0,680.0,684.0,0.0,68.3,9.0,Individual,5,High Risk,Manual Review
77577588,13800.0, 36 months,27.34,F,F5,,OWN,39148.0,Verified,debt_consolidation,RI,38.11,0.0,660.0,664.0,0.0,91.4,19.0,Individual,6,High Risk,Manual Review
79621566,15000.0, 36 months,20.99,E,E1,9 years,RENT,94200.0,Not Verified,debt_consolidation,FL,32.1,0.0,670.0,674.0,2.0,83.4,39.0,Individual,6,High Risk,Manual Review
79370934,5600.0, 36 months,22.35,E,E2,10+ years,MORTGAGE,59000.0,Source Verified,other,IN,39.67,0.0,685.0,689.0,4.0,64.4,62.0,Individual,5,High Risk,Manual Review
79380689,10000.0, 36 months,20.99,E,E1,4 years,MORTGAGE,85000.0,Source Verified,small_business,TX,39.42,0.0,670.0,674.0,1.0,43.8,41.0,Individual,5,High Risk,Manual Review
78690594,12000.0, 60 months,15.31,C,C5,9 years,MORTGAGE,70000.0,Verified,debt_consolidation,IL,30.48,1.0,690.0,694.0,0.0,84.3,45.0,Individual,5,High Risk,Manual Review
77441366,12000.0, 36 months,19.99,E,E1,< 1 year,OWN,45000.0,Source Verified,debt_consolidation,PA,34.61,0.0,665.0,669.0,2.0,68.9,32.0,Individual,5,High Risk,Manual Review
79250447,1500.0, 36 months,23.99,E,E4,,OWN,12360.0,Verified,debt_consolidation,ID,37.92,0.0,665.0,669.0,0.0,29.1,9.0,Individual,5,High Risk,Manual Review
78469642,15625.0, 60 months,27.34,F,F5,10+ years,MORTGAGE,57000.0,Source Verified,debt_consolidation,OH,45.24,0.0,660.0,664.0,2.0,74.0,43.0,Individual,5,High Risk,Manual Review
79210448,11075.0, 36 months,24.99,E,E5,2 years,RENT,31680.0,Verified,debt_consolidation,AK,33.83,0.0,690.0,694.0,1.0,100.0,13.0,Individual,6,High Risk,Manual Review
78139638,16000.0, 60 months,20.99,E,E1,10+ years,MORTGAGE,75000.0,Source Verified,home_improvement,LA,33.55,0.0,700.0,704.0,2.0,53.6,55.0,Individual,5,High Risk,Manual Review
77429717,32500.0, 36 months,27.34,F,F5,10+ years,RENT,65000.0,Verified,debt_consolidation,WI,36.98,0.0,675.0,679.0,1.0,49.3,26.0,Individual,5,High Risk,Manual Review
79260518,9025.0, 36 months,30.99,G,G5,10+ years,OWN,45000.0,Source Verified,debt_consolidation,IL,42.51,0.0,670.0,674.0,1.0,78.8,36.0,Individual,5,High Risk,Manual Review
79190398,6125.0, 36 months,23.32,E,E3,6 years,RENT,36000.0,Verified,debt_consolidation,MI,34.13,0.0,695.0,699.0,1.0,32.0,13.0,Individual,5,High Risk,Manual Review
77575986,19200.0, 60 months,16.29,D,D1,8 years,RENT,48000.0,Verified,debt_consolidation,VT,31.6,1.0,670.0,674.0,0.0,100.2,9.0,Individual,5,High Risk,Manual Review
79043580,1825.0, 36 months,22.35,E,E2,,OWN,22800.0,Verified,credit_card,MS,31.42,0.0,705.0,709.0,0.0,22.0,19.0,Individual,5,High Risk,Manual Review
78954587,29025.0, 36 months,24.99,E,E5,< 1 year,RENT,69156.0,Verified,debt_consolidation,VA,32.34,1.0,680.0,684.0,0.0,79.1,43.0,Individual,6,High Risk,Manual Review
78478998,24575.0, 60 months,22.35,E,E2,1 year,MORTGAGE,27000.0,Source Verified,debt_consolidation,PA,34.98,0.0,665.0,669.0,0.0,87.1,14.0,Joint App,6,High Risk,Manual Review
79041827,10550.0, 36 months,20.99,E,E1,< 1 year,MORTGAGE,19056.0,Verified,debt_consolidation,MO,35.52,0.0,685.0,689.0,0.0,31.8,25.0,Joint App,5,High Risk,Manual Review
78298587,7500.0, 36 months,25.11,F,F1,9 years,RENT,28000.0,Source Verified,debt_consolidation,TN,39.61,0.0,660.0,664.0,1.0,60.2,34.0,Individual,5,High Risk,Manual Review
78618260,10000.0, 36 months,23.32,E,E3,8 years,RENT,35000.0,Source Verified,major_purchase,VA,34.19,0.0,670.0,674.0,0.0,91.8,25.0,Individual,6,High Risk,Manual Review
79400234,12000.0, 36 months,22.35,E,E2,1 year,RENT,30000.0,Verified,debt_consolidation,NY,33.8,0.0,675.0,679.0,0.0,65.0,29.0,Individual,5,High Risk,Manual Review
79034085,25175.0, 36 months,23.32,E,E3,< 1 year,OWN,63591.0,Verified,debt_consolidation,AL,38.74,2.0,680.0,684.0,0.0,46.9,23.0,Individual,6,High Risk,Manual Review
78469062,5000.0, 36 months,16.29,D,D1,2 years,MORTGAGE,35000.0,Not Verified,debt_consolidation,FL,33.15,1.0,660.0,664.0,3.0,87.8,17.0,Individual,5,High Risk,Manual Review
78288815,17025.0, 60 months,28.18,G,G1,5 years,MORTGAGE,55000.0,Source Verified,home_improvement,OR,34.1,0.0,695.0,699.0,0.0,48.0,40.0,Individual,5,High Risk,Manual Review
79022274,4100.0, 36 months,23.99,E,E4,6 years,RENT,45000.0,Verified,vacation,NC,34.51,0.0,665.0,669.0,2.0,86.7,13.0,Individual,6,High Risk,Manual Review
79133904,14700.0, 36 months,23.99,E,E4,2 years,MORTGAGE,67000.0,Source Verified,debt_consolidation,TN,38.99,0.0,680.0,684.0,1.0,65.0,42.0,Individual,5,High Risk,Manual Review
78118784,35000.0, 60 months,28.88,G,G2,10+ years,MORTGAGE,90000.0,Verified,debt_consolidation,AZ,36.55,0.0,690.0,694.0,0.0,92.5,18.0,Individual,6,High Risk,Manual Review
79053176,18975.0, 36 months,24.99,E,E5,10+ years,RENT,56000.0,Not Verified,debt_consolidation,SC,37.93,0.0,695.0,699.0,0.0,89.7,33.0,Individual,6,High Risk,Manual Review
79290119,4000.0, 36 months,23.32,E,E3,10+ years,RENT,48000.0,Source Verified,credit_card,FL,36.78,0.0,660.0,664.0,0.0,88.6,12.0,Individual,6,High Risk,Manual Review
78359766,30000.0, 60 months,22.35,E,E2,10+ years,MORTGAGE,85000.0,Source Verified,home_improvement,WI,38.3,0.0,715.0,719.0,1.0,23.3,56.0,Individual,5,High Risk,Manual Review
79025038,18000.0, 36 months,20.99,E,E1,8 years,RENT,60500.0,Source Verified,debt_consolidation,NV,30.67,0.0,680.0,684.0,3.0,57.0,27.0,Individual,5,High Risk,Manual Review
77517455,20700.0, 36 months,23.13,F,F1,4 years,OWN,46000.0,Verified,home_improvement,NJ,39.36,0.0,685.0,689.0,1.0,81.2,37.0,Individual,6,High Risk,Manual Review
79095027,22000.0, 36 months,18.25,D,D3,10+ years,RENT,89000.0,Verified,debt_consolidation,RI,39.86,3.0,670.0,674.0,1.0,87.6,29.0,Individual,5,High Risk,Manual Review
79420252,8000.0, 36 months,20.99,E,E1,10+ years,MORTGAGE,65000.0,Verified,debt_consolidation,OH,31.19,8.0,710.0,714.0,0.0,49.2,51.0,Individual,6,High Risk,Manual Review
77577396,4875.0, 36 months,22.35,E,E2,,RENT,14400.0,Verified,debt_consolidation,OH,36.33,0.0,675.0,679.0,3.0,35.7,12.0,Individual,5,High Risk,Manual Review
79024016,15000.0, 36 months,20.99,E,E1,2 years,RENT,45000.0,Source Verified,debt_consolidation,ID,38.93,0.0,660.0,664.0,0.0,58.2,30.0,Individual,5,High Risk,Manual Review
78319232,17325.0, 36 months,20.99,E,E1,1 year,OWN,41600.0,Verified,debt_consolidation,FL,46.05,0.0,680.0,684.0,1.0,56.4,35.0,Individual,5,High Risk,Manual Review
79044183,11000.0, 36 months,23.32,E,E3,10+ years,MORTGAGE,62914.0,Not Verified,home_improvement,NY,48.2,0.0,670.0,674.0,0.0,58.6,24.0,Individual,5,High Risk,Manual Review
79145001,30000.0, 36 months,22.35,E,E2,1 year,MORTGAGE,85000.0,Verified,debt_consolidation,MN,35.82,0.0,680.0,684.0,0.0,59.4,40.0,Individual,5,High Risk,Manual Review
78149781,6075.0, 36 months,26.14,F,F4,3 years,RENT,19000.0,Source Verified,debt_consolidation,AR,30.51,0.0,680.0,684.0,0.0,43.0,27.0,Individual,5,High Risk,Manual Review
79101884,13300.0, 36 months,20.99,E,E1,10+ years,MORTGAGE,53000.0,Source Verified,credit_card,OH,39.52,1.0,680.0,684.0,0.0,90.4,16.0,Individual,7,High Risk,Manual Review
79023655,8500.0, 36 months,20.99,E,E1,< 1 year,RENT,25000.0,Source Verified,credit_card,MA,34.81,0.0,665.0,669.0,0.0,39.8,10.0,Individual,5,High Risk,Manual Review
77466946,22375.0, 60 months,21.18,E,E3,10+ years,OWN,44756.0,Verified,debt_consolidation,ID,40.63,0.0,720.0,724.0,0.0,33.2,10.0,Individual,5,High Risk,Manual Review
78468839,10000.0, 60 months,24.99,E,E5,3 years,OWN,24264.0,Verified,credit_card,TX,30.46,0.0,660.0,664.0,2.0,41.9,28.0,Individual,5,High Risk,Manual Review
79014718,17125.0, 36 months,20.99,E,E1,6 years,OWN,90000.0,Not Verified,debt_consolidation,TX,26.0,1.0,660.0,664.0,1.0,89.0,17.0,Individual,5,High Risk,Manual Review
79034322,13000.0, 36 months,22.35,E,E2,4 years,OWN,33000.0,Verified,debt_consolidation,TX,35.85,1.0,660.0,664.0,0.0,56.9,24.0,Individual,6,High Risk,Manual Review
79071511,4475.0, 36 months,25.11,F,F1,2 years,MORTGAGE,42000.0,Source Verified,debt_consolidation,CT,36.63,0.0,760.0,764.0,2.0,3.1,55.0,Individual,5,High Risk,Manual Review
78459107,23350.0, 60 months,26.14,F,F4,8 years,MORTGAGE,93000.0,Source Verified,home_improvement,CA,35.87,0.0,695.0,699.0,0.0,19.1,22.0,Individual,5,High Risk,Manual Review
79034110,16550.0, 36 months,16.29,D,D1,10+ years,OWN,36000.0,Source Verified,debt_consolidation,MS,33.97,1.0,695.0,699.0,0.0,81.2,23.0,Individual,5,High Risk,Manual Review
78130487,4800.0, 36 months,23.99,E,E4,10+ years,RENT,58000.0,Verified,debt_consolidation,WA,49.23,0.0,675.0,679.0,1.0,67.4,25.0,Individual,5,High Risk,Manual Review
79024708,20000.0, 36 months,20.99,E,E1,1 year,RENT,70000.0,Source Verified,debt_consolidation,IL,35.76,0.0,670.0,674.0,4.0,46.4,41.0,Individual,5,High Risk,Manual Review
77891775,31800.0, 36 months,20.99,E,E1,5 years,RENT,123000.0,Verified,credit_card,MI,45.84,0.0,720.0,724.0,1.0,70.0,23.0,Individual,5,High Risk,Manual Review
78508828,10000.0, 60 months,23.32,E,E3,3 years,RENT,35678.4,Source Verified,debt_consolidation,FL,33.13,0.0,680.0,684.0,0.0,82.6,11.0,Individual,6,High Risk,Manual Review
77439259,33800.0, 60 months,28.67,G,G4,10+ years,MORTGAGE,85000.0,Source Verified,debt_consolidation,PA,9.35,1.0,660.0,664.0,1.0,85.7,21.0,Individual,5,High Risk,Manual Review
78130434,17100.0, 36 months,18.25,D,D3,,RENT,45000.0,Verified,debt_consolidation,FL,36.67,1.0,665.0,669.0,0.0,85.2,16.0,Individual,5,High Risk,Manual Review
78408275,17925.0, 60 months,20.99,E,E1,1 year,RENT,45000.0,Source Verified,debt_consolidation,AZ,31.97,1.0,665.0,669.0,1.0,79.3,29.0,Individual,6,High Risk,Manual Review
78578856,10000.0, 60 months,23.32,E,E3,5 years,RENT,42500.0,Verified,debt_consolidation,CA,28.78,1.0,665.0,669.0,0.0,81.0,12.0,Individual,5,High Risk,Manual Review
77507011,11850.0, 60 months,28.99,G,G5,10+ years,OWN,45000.0,Verified,credit_card,WY,47.68,0.0,670.0,674.0,0.0,91.1,13.0,Individual,6,High Risk,Manual Review
79042383,7500.0, 36 months,25.65,F,F3,,RENT,23496.0,Verified,debt_consolidation,KS,30.75,0.0,665.0,669.0,0.0,59.9,18.0,Individual,5,High Risk,Manual Review
77576516,5625.0, 36 months,25.11,F,F1,9 years,RENT,23000.0,Verified,debt_consolidation,NY,38.62,2.0,675.0,679.0,1.0,87.0,28.0,Individual,7,High Risk,Manual Review
79154330,3825.0, 36 months,23.32,E,E3,2 years,RENT,12000.0,Source Verified,debt_consolidation,CT,32.25,0.0,675.0,679.0,1.0,65.0,25.0,Individual,5,High Risk,Manual Review
78479794,6100.0, 36 months,25.11,F,F1,10+ years,OWN,50000.0,Verified,other,WI,20.53,1.0,665.0,669.0,5.0,90.5,22.0,Individual,5,High Risk,Manual Review
77576278,6000.0, 36 months,26.14,F,F4,2 years,RENT,40000.0,Source Verified,debt_consolidation,CA,35.34,0.0,670.0,674.0,1.0,75.3,34.0,Individual,5,High Risk,Manual Review
78408381,15000.0, 36 months,25.11,F,F1,4 years,RENT,43000.0,Source Verified,credit_card,IL,37.93,1.0,660.0,664.0,0.0,73.6,14.0,Individual,6,High Risk,Manual Review
79144053,5675.0, 36 months,20.99,E,E1,,RENT,15800.0,Verified,debt_consolidation,IL,37.39,0.0,695.0,699.0,0.0,64.0,36.0,Individual,5,High Risk,Manual Review
78954229,9925.0, 36 months,20.99,E,E1,4 years,RENT,25000.0,Source Verified,home_improvement,OK,32.31,0.0,690.0,694.0,2.0,52.5,15.0,Individual,5,High Risk,Manual Review
78963773,16000.0, 36 months,20.99,E,E1,10+ years,RENT,55000.0,Source Verified,other,NY,37.48,4.0,665.0,669.0,0.0,48.7,36.0,Individual,6,High Risk,Manual Review
79003638,18000.0, 36 months,27.34,F,F5,10+ years,RENT,40000.0,Verified,debt_consolidation,OK,37.05,0.0,665.0,669.0,2.0,80.0,27.0,Individual,5,High Risk,Manual Review
79142455,29550.0, 36 months,20.99,E,E1,,RENT,126000.0,Source Verified,debt_consolidation,OR,32.4,0.0,685.0,689.0,2.0,52.0,32.0,Individual,5,High Risk,Manual Review
78924869,16375.0, 36 months,18.25,D,D3,10+ years,MORTGAGE,90000.0,Source Verified,debt_consolidation,HI,37.08,2.0,680.0,684.0,0.0,80.7,39.0,Individual,5,High Risk,Manual Review
79021249,11400.0, 36 months,25.44,F,F2,10+ years,RENT,50000.0,Verified,major_purchase,FL,31.54,0.0,660.0,664.0,1.0,81.6,14.0,Individual,6,High Risk,Manual Review
79132920,17775.0, 36 months,23.99,E,E4,5 years,RENT,40800.0,Verified,debt_consolidation,FL,39.32,1.0,665.0,669.0,0.0,72.2,29.0,Individual,6,High Risk,Manual Review
78830499,27000.0, 36 months,25.44,F,F2,1 year,RENT,60000.0,Verified,debt_consolidation,NY,30.04,0.0,670.0,674.0,0.0,67.0,10.0,Individual,5,High Risk,Manual Review
79153725,8000.0, 36 months,20.99,E,E1,6 years,MORTGAGE,53000.0,Source Verified,moving,DC,16.39,3.0,665.0,669.0,3.0,156.3,18.0,Individual,5,High Risk,Manual Review
79004511,12800.0, 36 months,25.11,F,F1,8 years,RENT,57000.0,Verified,debt_consolidation,TX,44.63,0.0,660.0,664.0,1.0,68.3,15.0,Individual,5,High Risk,Manual Review
78983489,1600.0, 36 months,23.32,E,E3,10+ years,MORTGAGE,85000.0,Source Verified,other,TX,33.05,0.0,670.0,674.0,0.0,64.3,27.0,Individual,5,High Risk,Manual Review
77585394,35000.0, 60 months,22.35,E,E2,10+ years,MORTGAGE,104000.0,Source Verified,debt_consolidation,FL,25.96,1.0,685.0,689.0,1.0,84.3,19.0,Individual,5,High Risk,Manual Review
79011468,18200.0, 36 months,23.32,E,E3,4 years,MORTGAGE,88000.0,Source Verified,debt_consolidation,FL,36.02,0.0,665.0,669.0,1.0,70.0,36.0,Individual,5,High Risk,Manual Review
78984967,9325.0, 36 months,22.35,E,E2,7 years,RENT,27433.2,Source Verified,debt_consolidation,FL,31.23,1.0,660.0,664.0,0.0,77.9,19.0,Individual,6,High Risk,Manual Review
78953849,14000.0, 36 months,20.99,E,E1,10+ years,MORTGAGE,92000.0,Verified,debt_consolidation,MI,30.81,0.0,665.0,669.0,5.0,53.7,38.0,Individual,5,High Risk,Manual Review
78953631,9600.0, 36 months,27.34,F,F5,< 1 year,RENT,30000.0,Source Verified,credit_card,TX,34.96,0.0,660.0,664.0,0.0,81.6,35.0,Individual,6,High Risk,Manual Review
78983336,35000.0, 36 months,26.14,F,F4,10+ years,OWN,85000.0,Verified,debt_consolidation,CA,34.95,0.0,760.0,764.0,1.0,23.0,22.0,Individual,5,High Risk,Manual Review
78985340,12000.0, 36 months,22.35,E,E2,10+ years,RENT,52000.0,Not Verified,debt_consolidation,TN,33.42,0.0,680.0,684.0,0.0,55.4,18.0,Individual,5,High Risk,Manual Review
78934265,4000.0, 36 months,20.99,E,E1,10+ years,MORTGAGE,76086.0,Not Verified,other,AR,31.51,2.0,675.0,679.0,1.0,76.8,34.0,Individual,6,High Risk,Manual Review
79102023,25300.0, 36 months,25.44,F,F2,1 year,OWN,55000.0,Source Verified,debt_consolidation,TX,36.37,2.0,710.0,714.0,0.0,27.4,25.0,Individual,6,High Risk,Manual Review
78952978,3575.0, 36 months,25.11,F,F1,,RENT,11953.0,Verified,debt_consolidation,NC,32.13,0.0,675.0,679.0,1.0,54.4,5.0,Individual,5,High Risk,Manual Review
77468447,6000.0, 36 months,22.35,E,E2,10+ years,RENT,52000.0,Not Verified,house,CA,33.09,0.0,670.0,674.0,4.0,41.4,29.0,Individual,5,High Risk,Manual Review
79111729,12400.0, 36 months,25.44,F,F2,< 1 year,RENT,31000.0,Source Verified,debt_consolidation,GA,34.07,0.0,665.0,669.0,0.0,50.8,17.0,Individual,5,High Risk,Manual Review
78689289,3200.0, 36 months,25.65,F,F3,,RENT,9456.0,Verified,debt_consolidation,CA,32.11,0.0,680.0,684.0,0.0,80.6,12.0,Individual,6,High Risk,Manual Review
78248299,17400.0, 60 months,28.88,G,G2,9 years,MORTGAGE,65000.0,Verified,debt_consolidation,AK,30.35,0.0,695.0,699.0,1.0,97.6,25.0,Individual,6,High Risk,Manual Review
78158899,6000.0, 36 months,20.99,E,E1,2 years,RENT,22000.0,Source Verified,debt_consolidation,IL,36.5,0.0,665.0,669.0,2.0,47.3,15.0,Individual,5,High Risk,Manual Review
79022358,9125.0, 36 months,23.32,E,E3,3 years,RENT,26880.0,Source Verified,house,FL,32.1,0.0,665.0,669.0,0.0,35.3,15.0,Individual,5,High Risk,Manual Review
78549334,17600.0, 60 months,23.32,E,E3,4 years,RENT,82000.0,Source Verified,debt_consolidation,MA,28.57,2.0,680.0,684.0,1.0,86.2,17.0,Individual,5,High Risk,Manual Review
78923489,2000.0, 36 months,20.99,E,E1,4 years,RENT,25977.0,Source Verified,vacation,OH,32.58,0.0,675.0,679.0,1.0,19.5,14.0,Individual,5,High Risk,Manual Review
78739749,9350.0, 36 months,22.35,E,E2,1 year,MORTGAGE,65726.0,Source Verified,small_business,CO,33.58,0.0,720.0,724.0,3.0,17.2,24.0,Individual,5,High Risk,Manual Review
77294998,13950.0, 60 months,19.99,E,E1,10+ years,MORTGAGE,65000.0,Source Verified,credit_card,MS,33.33,0.0,700.0,704.0,0.0,43.4,43.0,Individual,5,High Risk,Manual Review
79072570,3200.0, 36 months,19.99,D,D5,7 years,RENT,54000.0,Source Verified,medical,NE,33.91,1.0,660.0,664.0,0.0,90.0,27.0,Individual,5,High Risk,Manual Review
78973503,4525.0, 36 months,22.35,E,E2,3 years,RENT,27300.0,Source Verified,debt_consolidation,AZ,32.92,0.0,665.0,669.0,0.0,20.8,21.0,Individual,5,High Risk,Manual Review
78923265,4875.0, 36 months,22.35,E,E2,8 years,MORTGAGE,42316.0,Source Verified,debt_consolidation,HI,35.71,0.0,730.0,734.0,0.0,91.0,17.0,Individual,6,High Risk,Manual Review
79081118,19400.0, 36 months,20.99,E,E1,2 years,RENT,50000.0,Verified,other,FL,38.45,0.0,680.0,684.0,2.0,65.9,14.0,Individual,5,High Risk,Manual Review
78398159,10950.0, 36 months,23.99,E,E4,3 years,RENT,70000.0,Source Verified,debt_consolidation,CA,38.87,0.0,725.0,729.0,0.0,28.6,26.0,Individual,5,High Risk,Manual Review
78104767,9600.0, 36 months,22.35,E,E2,3 years,RENT,24000.0,Source Verified,credit_card,CT,38.55,0.0,680.0,684.0,0.0,62.9,31.0,Individual,5,High Risk,Manual Review
79113660,5000.0, 36 months,20.99,E,E1,< 1 year,RENT,60000.0,Source Verified,medical,TX,34.86,0.0,680.0,684.0,0.0,82.7,25.0,Individual,6,High Risk,Manual Review
78368887,2225.0, 36 months,25.65,F,F3,2 years,RENT,26556.0,Source Verified,debt_consolidation,NC,30.38,0.0,685.0,689.0,0.0,41.5,23.0,Individual,5,High Risk,Manual Review
78149536,6000.0, 36 months,22.35,E,E2,10+ years,MORTGAGE,38000.0,Verified,debt_consolidation,FL,36.94,1.0,660.0,664.0,0.0,24.5,40.0,Individual,6,High Risk,Manual Review
78860477,5175.0, 36 months,24.99,E,E5,,MORTGAGE,17300.0,Verified,debt_consolidation,PA,36.92,0.0,700.0,704.0,0.0,32.4,23.0,Individual,5,High Risk,Manual Review
78468616,10200.0, 60 months,23.32,E,E3,10+ years,MORTGAGE,50000.0,Source Verified,credit_card,MO,39.37,1.0,690.0,694.0,1.0,26.6,34.0,Individual,6,High Risk,Manual Review
78992193,2825.0, 36 months,24.99,E,E5,4 years,MORTGAGE,45500.0,Source Verified,debt_consolidation,NC,32.16,1.0,665.0,669.0,0.0,23.9,52.0,Individual,6,High Risk,Manual Review
79063931,4700.0, 36 months,23.99,E,E4,< 1 year,RENT,35000.0,Source Verified,debt_consolidation,GA,19.72,1.0,660.0,664.0,1.0,99.7,29.0,Individual,5,High Risk,Manual Review
77387413,21600.0, 60 months,22.45,E,E5,6 years,OWN,75000.0,Verified,other,GA,46.55,4.0,670.0,674.0,0.0,94.1,22.0,Individual,7,High Risk,Manual Review
78922112,3000.0, 36 months,20.99,E,E1,,OWN,28000.0,Verified,major_purchase,TX,38.36,0.0,670.0,674.0,1.0,55.7,31.0,Individual,5,High Risk,Manual Review
77587414,7000.0, 36 months,28.18,G,G1,5 years,RENT,19500.0,Verified,credit_card,TX,45.6,0.0,680.0,684.0,0.0,47.5,15.0,Individual,5,High Risk,Manual Review
78981966,11925.0, 36 months,22.35,E,E2,10+ years,MORTGAGE,68000.0,Source Verified,debt_consolidation,GA,38.19,3.0,665.0,669.0,1.0,65.2,47.0,Individual,6,High Risk,Manual Review
77346278,26850.0, 60 months,28.34,G,G3,10+ years,MORTGAGE,80000.0,Source Verified,debt_consolidation,OH,30.2,1.0,735.0,739.0,0.0,23.0,29.0,Individual,6,High Risk,Manual Review
79082639,16000.0, 36 months,22.35,E,E2,9 years,OWN,46000.0,Source Verified,debt_consolidation,TN,33.76,1.0,665.0,669.0,1.0,78.5,76.0,Individual,6,High Risk,Manual Review
76448158,4450.0, 36 months,24.11,F,F2,10+ years,OWN,47470.0,Source Verified,debt_consolidation,CA,49.41,0.0,670.0,674.0,0.0,65.6,33.0,Individual,5,High Risk,Manual Review
77574595,35000.0, 60 months,24.99,E,E5,9 years,MORTGAGE,222000.0,Verified,debt_consolidation,VA,6.86,1.0,685.0,689.0,1.0,85.9,22.0,Individual,5,High Risk,Manual Review
77048173,6075.0, 36 months,21.97,E,E4,5 years,RENT,43000.0,Source Verified,credit_card,TX,46.61,0.0,675.0,679.0,0.0,65.1,23.0,Individual,5,High Risk,Manual Review
78419573,7000.0, 36 months,20.99,E,E1,< 1 year,RENT,20000.0,Source Verified,debt_consolidation,MA,30.21,1.0,660.0,664.0,2.0,11.2,30.0,Individual,6,High Risk,Manual Review
77574369,12600.0, 60 months,29.96,G,G4,10+ years,MORTGAGE,43920.0,Verified,debt_consolidation,VA,49.18,0.0,665.0,669.0,0.0,68.8,31.0,Individual,5,High Risk,Manual Review
77585283,5225.0, 36 months,26.14,F,F4,,RENT,22000.0,Verified,debt_consolidation,SC,32.87,0.0,665.0,669.0,0.0,72.4,14.0,Individual,5,High Risk,Manual Review
78410145,14075.0, 36 months,23.99,E,E4,,MORTGAGE,32000.0,Verified,debt_consolidation,IL,45.05,0.0,685.0,689.0,0.0,47.3,37.0,Individual,5,High Risk,Manual Review
78348135,2625.0, 36 months,23.99,E,E4,10+ years,MORTGAGE,40000.0,Source Verified,debt_consolidation,PA,30.09,2.0,675.0,679.0,1.0,47.1,28.0,Individual,6,High Risk,Manual Review
79002060,32200.0, 36 months,22.35,E,E2,10+ years,RENT,70000.0,Source Verified,debt_consolidation,CA,30.24,0.0,720.0,724.0,1.0,59.4,30.0,Individual,5,High Risk,Manual Review
78981726,9600.0, 36 months,23.32,E,E3,10+ years,MORTGAGE,70000.0,Verified,major_purchase,OH,35.98,0.0,725.0,729.0,1.0,3.4,23.0,Individual,5,High Risk,Manual Review
78518290,17250.0, 60 months,23.99,E,E4,3 years,RENT,52000.0,Verified,debt_consolidation,UT,31.25,0.0,660.0,664.0,0.0,82.3,25.0,Individual,6,High Risk,Manual Review
78469033,20000.0, 60 months,25.44,F,F2,10+ years,RENT,72000.0,Source Verified,debt_consolidation,CA,31.72,0.0,680.0,684.0,2.0,93.2,31.0,Individual,6,High Risk,Manual Review
78931262,7000.0, 36 months,22.35,E,E2,10+ years,MORTGAGE,77400.0,Verified,other,NY,30.42,1.0,670.0,674.0,0.0,69.5,23.0,Individual,6,High Risk,Manual Review
77041242,29000.0, 36 months,21.18,E,E3,10+ years,MORTGAGE,72000.0,Source Verified,debt_consolidation,NC,30.78,0.0,670.0,674.0,0.0,90.8,35.0,Individual,6,High Risk,Manual Review
77015340,18500.0, 60 months,25.44,F,F2,1 year,RENT,48000.0,Source Verified,debt_consolidation,VT,35.29,0.0,695.0,699.0,0.0,42.7,42.0,Individual,5,High Risk,Manual Review
77428571,14000.0, 60 months,20.75,E,E2,3 years,RENT,35000.0,Source Verified,debt_consolidation,FL,38.97,0.0,675.0,679.0,0.0,54.3,15.0,Individual,5,High Risk,Manual Review
77441324,20000.0, 36 months,22.45,E,E5,8 years,MORTGAGE,140000.0,Verified,debt_consolidation,NY,36.78,0.0,680.0,684.0,0.0,74.1,47.0,Individual,5,High Risk,Manual Review
78478218,20000.0, 60 months,23.99,E,E4,10+ years,MORTGAGE,70000.0,Source Verified,debt_consolidation,IN,30.43,0.0,665.0,669.0,0.0,69.3,24.0,Individual,5,High Risk,Manual Review
79011613,12725.0, 36 months,24.99,E,E5,10+ years,MORTGAGE,40000.0,Verified,debt_consolidation,IN,37.77,0.0,675.0,679.0,0.0,48.9,18.0,Individual,5,High Risk,Manual Review
79121691,15000.0, 36 months,24.99,E,E5,10+ years,MORTGAGE,55285.44,Verified,other,NV,37.29,0.0,710.0,714.0,0.0,83.8,28.0,Individual,6,High Risk,Manual Review
78468151,17000.0, 60 months,20.99,E,E1,3 years,RENT,37000.0,Not Verified,debt_consolidation,WA,31.85,0.0,710.0,714.0,0.0,48.4,22.0,Individual,5,High Risk,Manual Review
78981661,7000.0, 36 months,23.99,E,E4,8 years,RENT,32000.0,Source Verified,debt_consolidation,FL,35.18,0.0,665.0,669.0,0.0,51.0,12.0,Individual,5,High Risk,Manual Review
78250293,28000.0, 60 months,22.35,E,E2,9 years,MORTGAGE,80000.0,Source Verified,credit_card,LA,20.28,2.0,670.0,674.0,0.0,82.0,26.0,Individual,5,High Risk,Manual Review
78368882,22400.0, 60 months,25.65,F,F3,10+ years,MORTGAGE,85000.0,Not Verified,debt_consolidation,IN,31.48,0.0,675.0,679.0,4.0,67.8,23.0,Individual,5,High Risk,Manual Review
78830145,5475.0, 36 months,20.99,E,E1,< 1 year,RENT,36000.0,Source Verified,other,CO,19.87,2.0,675.0,679.0,1.0,84.2,25.0,Individual,5,High Risk,Manual Review
78931637,6525.0, 36 months,23.99,E,E4,4 years,RENT,39990.0,Verified,debt_consolidation,IL,36.43,0.0,665.0,669.0,0.0,79.4,18.0,Individual,5,High Risk,Manual Review
77376812,33575.0, 36 months,25.88,F,F4,2 years,OWN,73000.0,Verified,debt_consolidation,TX,30.61,0.0,660.0,664.0,2.0,46.2,44.0,Individual,5,High Risk,Manual Review
78209401,21000.0, 60 months,23.32,E,E3,10+ years,MORTGAGE,53000.0,Verified,debt_consolidation,FL,31.73,6.0,665.0,669.0,0.0,87.5,27.0,Individual,7,High Risk,Manual Review
78659262,18000.0, 36 months,19.99,D,D5,2 years,MORTGAGE,50000.0,Verified,debt_consolidation,IN,31.42,1.0,660.0,664.0,2.0,95.4,19.0,Joint App,5,High Risk,Manual Review
77538511,17125.0, 36 months,21.97,E,E4,2 years,RENT,60000.0,Source Verified,debt_consolidation,CA,31.63,0.0,665.0,669.0,0.0,53.0,41.0,Individual,5,High Risk,Manual Review
77574993,5000.0, 36 months,20.99,E,E1,1 year,RENT,18000.0,Source Verified,credit_card,TX,31.87,0.0,675.0,679.0,0.0,58.8,9.0,Individual,5,High Risk,Manual Review
78012076,8900.0, 36 months,23.32,E,E3,6 years,OWN,32000.0,Source Verified,home_improvement,GA,47.64,0.0,660.0,664.0,0.0,64.8,25.0,Individual,5,High Risk,Manual Review
78188211,10000.0, 36 months,22.35,E,E2,< 1 year,MORTGAGE,72000.0,Source Verified,debt_consolidation,OK,37.2,0.0,705.0,709.0,0.0,41.7,41.0,Individual,5,High Risk,Manual Review
78188297,5000.0, 36 months,20.99,E,E1,8 years,RENT,36000.0,Source Verified,vacation,FL,39.1,0.0,690.0,694.0,0.0,58.7,29.0,Individual,5,High Risk,Manual Review
76123135,17150.0, 60 months,22.45,E,E5,< 1 year,MORTGAGE,60000.0,Source Verified,debt_consolidation,SC,23.32,3.0,660.0,664.0,0.0,98.2,27.0,Individual,5,High Risk,Manual Review
78140177,10500.0, 60 months,24.99,E,E5,7 years,MORTGAGE,197000.0,Source Verified,other,NJ,30.18,0.0,695.0,699.0,1.0,49.9,36.0,Individual,5,High Risk,Manual Review
78779911,11975.0, 36 months,28.18,G,G1,< 1 year,RENT,33280.0,Verified,debt_consolidation,NV,48.21,0.0,680.0,684.0,0.0,75.0,13.0,Individual,5,High Risk,Manual Review
78479403,8000.0, 36 months,23.99,E,E4,7 years,RENT,47500.0,Source Verified,debt_consolidation,OR,43.05,0.0,680.0,684.0,0.0,102.2,11.0,Individual,6,High Risk,Manual Review
77479704,20000.0, 36 months,19.99,E,E1,9 years,MORTGAGE,90000.0,Source Verified,debt_consolidation,SC,37.33,1.0,695.0,699.0,1.0,30.1,58.0,Individual,6,High Risk,Manual Review
78528630,12000.0, 60 months,25.11,F,F1,6 years,MORTGAGE,64000.0,Verified,home_improvement,FL,39.88,0.0,670.0,674.0,0.0,65.6,29.0,Individual,5,High Risk,Manual Review
76446121,9100.0, 36 months,23.13,F,F1,6 years,MORTGAGE,40000.0,Source Verified,debt_consolidation,OH,41.4,0.0,695.0,699.0,0.0,46.6,15.0,Individual,5,High Risk,Manual Review
78840086,14675.0, 36 months,23.32,E,E3,8 years,MORTGAGE,70699.0,Source Verified,debt_consolidation,OH,37.29,0.0,665.0,669.0,3.0,85.7,44.0,Joint App,6,High Risk,Manual Review
77585524,18000.0, 60 months,16.29,D,D1,6 years,RENT,47000.0,Source Verified,credit_card,PA,35.9,4.0,670.0,674.0,0.0,80.1,19.0,Individual,5,High Risk,Manual Review
78770799,6000.0, 36 months,23.32,E,E3,9 years,MORTGAGE,45000.0,Source Verified,other,IL,32.71,0.0,670.0,674.0,4.0,88.9,33.0,Individual,6,High Risk,Manual Review
78528684,11200.0, 60 months,25.11,F,F1,2 years,MORTGAGE,62000.0,Verified,debt_consolidation,SC,42.92,0.0,665.0,669.0,0.0,47.4,44.0,Individual,5,High Risk,Manual Review
76437722,10200.0, 60 months,28.99,G,G5,4 years,MORTGAGE,55000.0,Not Verified,debt_consolidation,CT,30.59,1.0,670.0,674.0,1.0,62.9,39.0,Individual,6,High Risk,Manual Review
78319183,7000.0, 36 months,22.35,E,E2,4 years,MORTGAGE,45000.0,Source Verified,debt_consolidation,NC,34.53,0.0,685.0,689.0,1.0,49.6,26.0,Individual,5,High Risk,Manual Review
75360063,5000.0, 36 months,19.99,E,E1,10+ years,MORTGAGE,30000.0,Source Verified,credit_card,VA,36.32,1.0,675.0,679.0,1.0,85.0,20.0,Individual,7,High Risk,Manual Review
77359812,17275.0, 60 months,22.45,E,E5,10+ years,MORTGAGE,45000.0,Verified,credit_card,KS,33.57,2.0,690.0,694.0,0.0,67.2,26.0,Individual,6,High Risk,Manual Review
77576519,9200.0, 36 months,20.99,E,E1,,RENT,23000.0,Verified,credit_card,FL,42.35,0.0,690.0,694.0,0.0,45.4,23.0,Individual,5,High Risk,Manual Review
78001583,11000.0, 60 months,25.11,F,F1,9 years,RENT,55000.0,Source Verified,other,CA,34.08,0.0,680.0,684.0,0.0,30.0,11.0,Individual,5,High Risk,Manual Review
78208548,33800.0, 60 months,25.65,F,F3,10+ years,RENT,85000.0,Source Verified,debt_consolidation,MI,20.09,1.0,675.0,679.0,1.0,96.7,28.0,Joint App,5,High Risk,Manual Review
77477219,10000.0, 36 months,19.99,E,E1,< 1 year,RENT,30000.0,Verified,credit_card,PA,47.77,0.0,690.0,694.0,0.0,29.7,17.0,Individual,5,High Risk,Manual Review
78719489,2200.0, 36 months,22.35,E,E2,2 years,MORTGAGE,42000.0,Source Verified,other,DE,42.94,0.0,665.0,669.0,1.0,80.2,26.0,Individual,6,High Risk,Manual Review
77675460,11200.0, 60 months,22.35,E,E2,10+ years,MORTGAGE,84000.0,Source Verified,debt_consolidation,GA,30.41,0.0,660.0,664.0,2.0,95.1,39.0,Individual,6,High Risk,Manual Review
78598429,6000.0, 36 months,20.99,E,E1,10+ years,RENT,39000.0,Source Verified,medical,CO,30.68,0.0,720.0,724.0,1.0,64.0,10.0,Individual,5,High Risk,Manual Review
78169926,14400.0, 60 months,22.35,E,E2,8 years,MORTGAGE,55000.0,Source Verified,debt_consolidation,VA,37.51,0.0,720.0,724.0,2.0,20.5,36.0,Individual,5,High Risk,Manual Review
77378861,18600.0, 60 months,28.67,G,G4,4 years,MORTGAGE,49000.0,Source Verified,debt_consolidation,NC,31.4,0.0,665.0,669.0,1.0,50.7,37.0,Individual,5,High Risk,Manual Review
78299871,24475.0, 60 months,23.99,E,E4,10+ years,MORTGAGE,61200.0,Verified,debt_consolidation,VA,41.78,0.0,750.0,754.0,0.0,27.7,28.0,Individual,5,High Risk,Manual Review
76216775,25400.0, 60 months,23.99,E,E4,10+ years,RENT,55000.0,Not Verified,credit_card,SC,33.01,0.0,730.0,734.0,1.0,71.6,24.0,Individual,5,High Risk,Manual Review
77574679,11200.0, 60 months,24.99,E,E5,,MORTGAGE,25500.0,Verified,credit_card,CT,42.68,0.0,695.0,699.0,2.0,44.5,17.0,Individual,5,High Risk,Manual Review
78709193,4275.0, 36 months,23.32,E,E3,10+ years,MORTGAGE,74000.0,Source Verified,debt_consolidation,AZ,38.6,0.0,675.0,679.0,0.0,74.0,29.0,Individual,5,High Risk,Manual Review
76884508,35000.0, 60 months,28.34,G,G3,10+ years,MORTGAGE,100000.0,Verified,credit_card,NJ,32.41,0.0,685.0,689.0,2.0,40.1,44.0,Individual,5,High Risk,Manual Review
77871791,35000.0, 60 months,23.32,E,E3,< 1 year,MORTGAGE,152593.0,Source Verified,debt_consolidation,OH,17.1,2.0,665.0,669.0,1.0,83.8,18.0,Individual,5,High Risk,Manual Review
78139162,23775.0, 60 months,20.99,E,E1,10+ years,MORTGAGE,87000.0,Verified,credit_card,TN,40.28,0.0,680.0,684.0,0.0,87.1,40.0,Joint App,6,High Risk,Manual Review
77725557,16000.0, 60 months,24.99,E,E5,10+ years,RENT,56405.0,Source Verified,debt_consolidation,SC,39.03,0.0,675.0,679.0,1.0,59.3,33.0,Individual,5,High Risk,Manual Review
78209381,24000.0, 60 months,26.14,F,F4,9 years,MORTGAGE,96000.0,Not Verified,credit_card,IL,30.21,0.0,690.0,694.0,2.0,52.2,29.0,Individual,5,High Risk,Manual Review
78139372,16000.0, 60 months,23.32,E,E3,10+ years,MORTGAGE,65000.0,Source Verified,debt_consolidation,MD,35.1,0.0,725.0,729.0,0.0,39.0,24.0,Individual,5,High Risk,Manual Review
77655615,30000.0, 60 months,24.99,E,E5,10+ years,MORTGAGE,70000.0,Source Verified,debt_consolidation,VA,37.27,0.0,680.0,684.0,0.0,54.4,25.0,Individual,5,High Risk,Manual Review
77350830,20700.0, 60 months,24.99,E,E5,6 years,MORTGAGE,75000.0,Verified,debt_consolidation,MO,31.04,0.0,715.0,719.0,0.0,106.9,37.0,Individual,6,High Risk,Manual Review
77585335,31925.0, 60 months,18.99,D,D4,10+ years,RENT,86000.0,Verified,debt_consolidation,FL,37.18,1.0,680.0,684.0,1.0,84.0,27.0,Individual,5,High Risk,Manual Review
77400264,13000.0, 60 months,24.99,E,E5,2 years,MORTGAGE,40000.0,Not Verified,debt_consolidation,MN,35.55,0.0,720.0,724.0,1.0,35.9,18.0,Individual,5,High Risk,Manual Review
78339414,15000.0, 60 months,23.99,E,E4,2 years,RENT,50000.0,Source Verified,debt_consolidation,OH,30.1,0.0,695.0,699.0,0.0,90.2,41.0,Individual,6,High Risk,Manual Review
77411047,13275.0, 60 months,28.18,G,G1,10+ years,RENT,45000.0,Source Verified,credit_card,MI,42.37,0.0,720.0,724.0,0.0,77.3,43.0,Individual,5,High Risk,Manual Review
77775677,17475.0, 60 months,23.32,E,E3,5 years,RENT,38000.0,Not Verified,credit_card,MA,33.58,0.0,690.0,694.0,0.0,73.8,19.0,Individual,5,High Risk,Manual Review
78130547,6350.0, 60 months,18.25,D,D3,10+ years,MORTGAGE,73000.0,Source Verified,home_improvement,FL,34.67,3.0,665.0,669.0,1.0,82.0,27.0,Individual,5,High Risk,Manual Review
78289195,20175.0, 60 months,20.99,E,E1,10+ years,MORTGAGE,63500.0,Not Verified,debt_consolidation,CT,33.76,3.0,700.0,704.0,1.0,43.8,36.0,Individual,6,High Risk,Manual Review
77297412,32975.0, 60 months,23.32,E,E3,6 years,RENT,92800.0,Not Verified,debt_consolidation,WA,34.78,0.0,760.0,764.0,0.0,8.3,63.0,Individual,5,High Risk,Manual Review
77480744,32200.0, 60 months,25.44,F,F2,10+ years,RENT,70000.0,Source Verified,credit_card,NY,33.26,0.0,690.0,694.0,0.0,49.0,42.0,Individual,5,High Risk,Manual Review
78159177,20000.0, 60 months,20.99,E,E1,10+ years,RENT,80000.0,Not Verified,other,AZ,39.06,0.0,680.0,684.0,0.0,93.9,45.0,Individual,6,High Risk,Manual Review
77952059,17200.0, 60 months,30.99,G,G5,1 year,RENT,41000.0,Verified,debt_consolidation,MO,35.25,0.0,705.0,709.0,0.0,58.2,42.0,Individual,5,High Risk,Manual Review
79162144,16500.0, 36 months,20.99,E,E1,5 years,RENT,33000.0,Source Verified,debt_consolidation,FL,34.58,6.0,660.0,664.0,0.0,67.6,21.0,Individual,6,High Risk,Manual Review
78269078,20000.0, 60 months,23.99,E,E4,4 years,MORTGAGE,72000.0,Verified,credit_card,CA,33.75,1.0,670.0,674.0,3.0,69.8,17.0,Joint App,6,High Risk,Manual Review
78359485,29850.0, 60 months,27.34,F,F5,4 years,MORTGAGE,59722.0,Verified,debt_consolidation,MO,48.11,0.0,715.0,719.0,0.0,42.9,57.0,Individual,5,High Risk,Manual Review
78199037,24000.0, 60 months,22.35,E,E2,8 years,MORTGAGE,50000.0,Not Verified,debt_consolidation,NC,30.56,0.0,730.0,734.0,1.0,39.5,32.0,Individual,5,High Risk,Manual Review
78218982,17500.0, 60 months,23.32,E,E3,10+ years,MORTGAGE,78000.0,Verified,debt_consolidation,TX,32.73,0.0,705.0,709.0,0.0,87.3,21.0,Individual,6,High Risk,Manual Review
78178931,29000.0, 60 months,23.99,E,E4,4 years,MORTGAGE,45000.0,Verified,debt_consolidation,AZ,56.85,0.0,705.0,709.0,0.0,52.0,42.0,Joint App,5,High Risk,Manual Review
78579757,22825.0, 36 months,17.27,D,D2,10+ years,MORTGAGE,103000.0,Source Verified,credit_card,IL,34.55,1.0,670.0,674.0,0.0,81.3,26.0,Individual,5,High Risk,Manual Review
78011699,22450.0, 60 months,29.67,G,G3,10+ years,MORTGAGE,50000.0,Verified,debt_consolidation,AL,30.34,0.0,665.0,669.0,0.0,68.4,30.0,Joint App,5,High Risk,Manual Review
77695731,25000.0, 60 months,23.99,E,E4,10+ years,RENT,104000.0,Not Verified,debt_consolidation,MO,30.47,0.0,700.0,704.0,1.0,63.1,59.0,Individual,5,High Risk,Manual Review
77480765,14950.0, 60 months,20.99,E,E1,10+ years,MORTGAGE,34000.0,Source Verified,debt_consolidation,AL,31.56,0.0,685.0,689.0,0.0,64.1,23.0,Individual,5,High Risk,Manual Review
77921977,14925.0, 60 months,20.99,E,E1,10+ years,MORTGAGE,46000.0,Source Verified,home_improvement,VA,37.05,1.0,660.0,664.0,0.0,49.1,36.0,Joint App,6,High Risk,Manual Review
77138469,10500.0, 60 months,26.14,F,F4,5 years,MORTGAGE,30000.0,Verified,debt_consolidation,VA,31.16,7.0,710.0,714.0,1.0,99.0,10.0,Individual,7,High Risk,Manual Review
78188923,21000.0, 60 months,23.99,E,E4,2 years,OWN,85000.0,Verified,debt_consolidation,IL,35.4,0.0,690.0,694.0,1.0,83.9,52.0,Individual,6,High Risk,Manual Review
77587407,4800.0, 36 months,18.99,D,D4,8 years,RENT,31000.0,Source Verified,debt_consolidation,SC,38.87,1.0,665.0,669.0,0.0,82.0,39.0,Individual,5,High Risk,Manual Review
78360978,30000.0, 60 months,25.65,F,F3,10+ years,RENT,95000.0,Not Verified,credit_card,NY,31.44,0.0,690.0,694.0,0.0,51.1,29.0,Individual,5,High Risk,Manual Review
77499639,29150.0, 36 months,22.45,E,E5,3 years,MORTGAGE,105000.0,Verified,debt_consolidation,NJ,33.25,0.0,705.0,709.0,0.0,80.2,21.0,Individual,6,High Risk,Manual Review
78719140,10000.0, 36 months,24.99,E,E5,8 years,RENT,39500.0,Verified,credit_card,FL,30.69,4.0,660.0,664.0,3.0,22.5,22.0,Individual,6,High Risk,Manual Review
79001395,8000.0, 36 months,23.99,E,E4,5 years,RENT,35000.0,Source Verified,moving,NC,35.08,0.0,680.0,684.0,0.0,76.2,36.0,Individual,5,High Risk,Manual Review
78139228,14475.0, 60 months,27.34,F,F5,8 years,MORTGAGE,52500.0,Not Verified,credit_card,KS,32.46,0.0,665.0,669.0,0.0,77.4,36.0,Joint App,5,High Risk,Manual Review
78218159,24000.0, 60 months,23.99,E,E4,3 years,MORTGAGE,52000.0,Verified,debt_consolidation,AR,30.12,0.0,720.0,724.0,0.0,47.9,18.0,Joint App,5,High Risk,Manual Review
77921880,14825.0, 60 months,24.99,E,E5,9 years,MORTGAGE,62000.0,Verified,debt_consolidation,IL,39.1,0.0,715.0,719.0,2.0,50.1,25.0,Individual,5,High Risk,Manual Review
77306385,9200.0, 36 months,20.75,E,E2,6 years,OWN,42000.0,Verified,debt_consolidation,SC,35.72,0.0,660.0,664.0,2.0,32.9,20.0,Individual,5,High Risk,Manual Review
78780024,9850.0, 36 months,17.27,D,D2,6 years,MORTGAGE,90000.0,Not Verified,debt_consolidation,NJ,30.14,8.0,660.0,664.0,0.0,90.8,27.0,Individual,5,High Risk,Manual Review
75387841,10000.0, 60 months,20.99,E,E1,< 1 year,OWN,95000.0,Source Verified,major_purchase,MN,32.5,0.0,710.0,714.0,0.0,60.0,21.0,Individual,5,High Risk,Manual Review
79161527,9650.0, 36 months,20.99,E,E1,< 1 year,OWN,30000.0,Verified,home_improvement,OK,38.36,0.0,660.0,664.0,1.0,75.5,31.0,Individual,5,High Risk,Manual Review
78159469,21000.0, 60 months,25.65,F,F3,1 year,MORTGAGE,42000.0,Source Verified,debt_consolidation,VA,37.8,0.0,685.0,689.0,0.0,54.0,21.0,Individual,5,High Risk,Manual Review
78239265,16000.0, 60 months,25.44,F,F2,6 years,RENT,61500.0,Source Verified,debt_consolidation,IL,41.25,0.0,685.0,689.0,1.0,59.2,29.0,Individual,5,High Risk,Manual Review
77585867,4600.0, 36 months,25.44,F,F2,2 years,RENT,32000.0,Source Verified,debt_consolidation,CT,35.03,0.0,665.0,669.0,0.0,61.1,10.0,Individual,5,High Risk,Manual Review
78951412,6000.0, 36 months,20.99,E,E1,10+ years,MORTGAGE,86000.0,Not Verified,credit_card,PA,35.38,1.0,680.0,684.0,0.0,91.0,51.0,Individual,7,High Risk,Manual Review
77861745,10000.0, 60 months,20.99,E,E1,8 years,MORTGAGE,60000.0,Not Verified,debt_consolidation,NJ,32.08,1.0,670.0,674.0,1.0,13.9,50.0,Individual,6,High Risk,Manual Review
77561365,33000.0, 60 months,15.31,C,C5,8 years,RENT,118000.0,Verified,debt_consolidation,NC,30.18,1.0,670.0,674.0,0.0,95.8,35.0,Individual,5,High Risk,Manual Review
77584685,24000.0, 60 months,22.35,E,E2,1 year,MORTGAGE,60000.0,Source Verified,debt_consolidation,AL,38.78,0.0,670.0,674.0,0.0,67.6,48.0,Individual,5,High Risk,Manual Review
77584619,15000.0, 60 months,22.35,E,E2,,RENT,39500.0,Verified,credit_card,MN,35.28,0.0,670.0,674.0,0.0,63.6,19.0,Individual,5,High Risk,Manual Review
77584627,5000.0, 36 months,22.35,E,E2,,RENT,17052.0,Verified,debt_consolidation,MN,38.71,0.0,665.0,669.0,1.0,83.4,26.0,Individual,6,High Risk,Manual Review
77456655,18225.0, 60 months,21.18,E,E3,10+ years,MORTGAGE,40518.0,Verified,credit_card,SC,35.34,0.0,700.0,704.0,0.0,95.0,15.0,Individual,6,High Risk,Manual Review
78229385,8650.0, 36 months,20.99,E,E1,3 years,MORTGAGE,25500.0,Source Verified,debt_consolidation,TX,42.54,2.0,675.0,679.0,1.0,59.1,40.0,Individual,6,High Risk,Manual Review
78680654,5000.0, 36 months,20.99,E,E1,2 years,OWN,25000.0,Verified,credit_card,SC,37.4,0.0,665.0,669.0,1.0,33.0,37.0,Individual,5,High Risk,Manual Review
76915867,16850.0, 60 months,28.99,G,G5,10+ years,RENT,40155.0,Source Verified,debt_consolidation,TN,37.52,0.0,700.0,704.0,1.0,59.9,43.0,Individual,5,High Risk,Manual Review
76365203,18500.0, 60 months,23.32,E,E3,7 years,OWN,61000.0,Source Verified,home_improvement,FL,32.64,0.0,735.0,739.0,0.0,47.0,18.0,Individual,5,High Risk,Manual Review
78498772,10150.0, 36 months,22.35,E,E2,7 years,MORTGAGE,31000.0,Not Verified,credit_card,ID,32.87,0.0,660.0,664.0,1.0,73.0,35.0,Individual,5,High Risk,Manual Review
78479517,23575.0, 36 months,17.27,D,D2,10+ years,MORTGAGE,180000.0,Source Verified,debt_consolidation,NJ,38.56,1.0,665.0,669.0,0.0,92.0,36.0,Individual,5,High Risk,Manual Review
78149069,18000.0, 60 months,25.65,F,F3,10+ years,MORTGAGE,91000.0,Source Verified,credit_card,CT,32.07,0.0,675.0,679.0,2.0,69.8,53.0,Individual,5,High Risk,Manual Review
77931433,8500.0, 36 months,23.99,E,E4,1 year,OWN,25000.0,Source Verified,debt_consolidation,PA,33.61,0.0,710.0,714.0,1.0,38.0,14.0,Individual,5,High Risk,Manual Review
78809205,5050.0, 36 months,24.99,E,E5,< 1 year,MORTGAGE,26624.0,Source Verified,debt_consolidation,MI,38.51,0.0,705.0,709.0,1.0,88.3,49.0,Individual,6,High Risk,Manual Review
78700180,3900.0, 36 months,24.99,E,E5,< 1 year,RENT,11500.0,Source Verified,debt_consolidation,TX,36.53,0.0,680.0,684.0,0.0,81.4,27.0,Individual,6,High Risk,Manual Review
78800717,3325.0, 36 months,29.67,G,G3,5 years,MORTGAGE,32000.0,Source Verified,home_improvement,NV,38.14,1.0,670.0,674.0,0.0,45.8,15.0,Individual,6,High Risk,Manual Review
77881277,33300.0, 60 months,23.32,E,E3,3 years,MORTGAGE,74000.0,Verified,debt_consolidation,SC,37.85,0.0,705.0,709.0,1.0,50.0,38.0,Individual,5,High Risk,Manual Review
78408843,14950.0, 36 months,25.11,F,F1,10+ years,MORTGAGE,105000.0,Source Verified,home_improvement,NY,49.76,0.0,690.0,694.0,0.0,81.3,28.0,Individual,6,High Risk,Manual Review
78218669,10000.0, 60 months,27.34,F,F5,1 year,RENT,30000.0,Source Verified,debt_consolidation,PA,43.96,0.0,690.0,694.0,0.0,69.2,20.0,Individual,5,High Risk,Manual Review
77725568,28000.0, 60 months,24.99,E,E5,7 years,OWN,75000.0,Source Verified,debt_consolidation,TX,33.9,0.0,690.0,694.0,0.0,89.6,14.0,Individual,6,High Risk,Manual Review
78298703,23575.0, 60 months,26.14,F,F4,5 years,OWN,73400.0,Not Verified,debt_consolidation,MD,31.61,0.0,695.0,699.0,1.0,39.7,37.0,Individual,5,High Risk,Manual Review
76447712,10000.0, 60 months,24.99,F,F3,1 year,RENT,33000.0,Verified,debt_consolidation,IL,43.89,0.0,715.0,719.0,1.0,53.7,23.0,Individual,5,High Risk,Manual Review
78179550,6050.0, 36 months,23.99,E,E4,5 years,RENT,47610.94,Not Verified,debt_consolidation,PA,42.8,0.0,660.0,664.0,0.0,85.2,24.0,Individual,6,High Risk,Manual Review
78759833,14300.0, 36 months,23.32,E,E3,3 years,OWN,32500.0,Verified,debt_consolidation,FL,48.13,0.0,665.0,669.0,1.0,80.6,13.0,Individual,6,High Risk,Manual Review
77401434,3600.0, 36 months,25.65,F,F3,4 years,MORTGAGE,72000.0,Not Verified,car,CO,35.15,0.0,705.0,709.0,0.0,92.6,30.0,Individual,6,High Risk,Manual Review
77429038,4000.0, 36 months,20.99,E,E1,,RENT,44655.0,Verified,debt_consolidation,MI,47.03,0.0,670.0,674.0,2.0,24.8,25.0,Individual,5,High Risk,Manual Review
77326148,19500.0, 60 months,28.14,G,G2,< 1 year,RENT,58000.0,Verified,debt_consolidation,MI,31.49,0.0,695.0,699.0,0.0,86.2,22.0,Individual,6,High Risk,Manual Review
78328458,12225.0, 60 months,18.25,D,D3,3 years,MORTGAGE,95000.0,Not Verified,credit_card,WA,33.35,1.0,660.0,664.0,1.0,81.5,15.0,Individual,5,High Risk,Manual Review
78770386,7000.0, 36 months,22.35,E,E2,2 years,RENT,45000.0,Source Verified,small_business,NY,30.27,0.0,665.0,669.0,1.0,64.8,17.0,Individual,5,High Risk,Manual Review
78870407,6000.0, 36 months,23.32,E,E3,4 years,RENT,54000.0,Source Verified,credit_card,TX,36.6,0.0,665.0,669.0,0.0,68.7,32.0,Individual,5,High Risk,Manual Review
78690545,8000.0, 36 months,26.14,F,F4,5 years,OWN,42000.0,Source Verified,home_improvement,UT,36.94,1.0,665.0,669.0,0.0,71.8,43.0,Individual,6,High Risk,Manual Review
78710209,5000.0, 36 months,22.35,E,E2,2 years,RENT,31000.0,Source Verified,credit_card,NJ,39.41,0.0,715.0,719.0,3.0,15.7,38.0,Individual,5,High Risk,Manual Review
78720169,3600.0, 36 months,25.11,F,F1,2 years,RENT,30000.0,Source Verified,house,PA,36.76,0.0,700.0,704.0,1.0,20.1,21.0,Individual,5,High Risk,Manual Review
78840368,30000.0, 36 months,23.32,E,E3,1 year,OWN,115000.0,Source Verified,debt_consolidation,CA,38.55,0.0,720.0,724.0,1.0,50.9,27.0,Individual,5,High Risk,Manual Review
76518249,28000.0, 60 months,20.99,E,E1,3 years,RENT,30000.0,Verified,home_improvement,NY,31.92,0.0,680.0,684.0,0.0,69.8,19.0,Joint App,5,High Risk,Manual Review
78278670,20000.0, 60 months,25.44,F,F2,4 years,MORTGAGE,48000.0,Verified,debt_consolidation,VA,31.4,0.0,705.0,709.0,1.0,31.5,23.0,Individual,5,High Risk,Manual Review
78640188,8000.0, 36 months,23.32,E,E3,8 years,MORTGAGE,56000.0,Verified,home_improvement,AL,36.84,0.0,700.0,704.0,0.0,40.1,24.0,Individual,5,High Risk,Manual Review
78779863,15100.0, 36 months,23.32,E,E3,10+ years,RENT,85000.0,Verified,small_business,FL,34.34,0.0,695.0,699.0,1.0,69.0,21.0,Individual,5,High Risk,Manual Review
78208465,24000.0, 60 months,27.34,F,F5,10+ years,MORTGAGE,48000.0,Source Verified,debt_consolidation,GA,36.45,0.0,700.0,704.0,1.0,73.1,23.0,Individual,5,High Risk,Manual Review
77381850,25000.0, 60 months,19.99,E,E1,10+ years,OWN,62000.0,Verified,debt_consolidation,FL,39.72,0.0,690.0,694.0,0.0,37.3,18.0,Individual,5,High Risk,Manual Review
77835203,30000.0, 60 months,22.35,E,E2,5 years,RENT,130000.0,Verified,credit_card,PA,31.5,0.0,665.0,669.0,1.0,89.1,45.0,Individual,6,High Risk,Manual Review
78710129,3025.0, 36 months,20.99,E,E1,10+ years,OWN,25804.8,Source Verified,major_purchase,GA,37.35,0.0,685.0,689.0,1.0,44.9,31.0,Individual,5,High Risk,Manual Review
78288452,25000.0, 60 months,26.14,F,F4,6 years,MORTGAGE,72000.0,Not Verified,home_improvement,FL,30.7,0.0,695.0,699.0,0.0,73.9,32.0,Individual,5,High Risk,Manual Review
78238131,35000.0, 60 months,26.14,F,F4,< 1 year,MORTGAGE,161000.0,Verified,debt_consolidation,MN,42.31,2.0,660.0,664.0,0.0,97.4,17.0,Individual,7,High Risk,Manual Review
77381523,10325.0, 60 months,21.18,E,E3,3 years,MORTGAGE,50000.0,Verified,medical,FL,32.62,3.0,670.0,674.0,0.0,91.3,33.0,Individual,7,High Risk,Manual Review
78115232,4800.0, 36 months,24.99,E,E5,10+ years,OWN,68000.0,Verified,home_improvement,PA,41.4,1.0,670.0,674.0,2.0,83.7,45.0,Individual,7,High Risk,Manual Review
77029322,9350.0, 36 months,23.32,E,E3,4 years,RENT,26000.0,Verified,debt_consolidation,MO,44.74,0.0,670.0,674.0,1.0,70.7,33.0,Individual,5,High Risk,Manual Review
77320316,6300.0, 36 months,25.65,F,F3,2 years,OWN,21000.0,Source Verified,debt_consolidation,CT,49.52,1.0,675.0,679.0,0.0,46.6,16.0,Individual,6,High Risk,Manual Review
76446211,14700.0, 36 months,25.88,F,F4,10+ years,RENT,46000.0,Verified,debt_consolidation,IL,37.67,0.0,660.0,664.0,0.0,50.1,16.0,Individual,5,High Risk,Manual Review
76448189,3175.0, 36 months,21.97,E,E4,,RENT,13920.0,Verified,debt_consolidation,NV,36.21,0.0,695.0,699.0,0.0,47.7,11.0,Individual,5,High Risk,Manual Review
78679887,7600.0, 36 months,20.99,E,E1,,RENT,20000.0,Verified,debt_consolidation,IL,39.08,0.0,705.0,709.0,0.0,57.0,13.0,Individual,5,High Risk,Manual Review
76343344,12225.0, 60 months,25.44,F,F2,6 years,RENT,34000.0,Verified,other,NE,39.82,1.0,660.0,664.0,0.0,32.5,18.0,Individual,6,High Risk,Manual Review
78578246,32000.0, 36 months,25.44,F,F2,4 years,RENT,105000.0,Verified,credit_card,MA,39.31,0.0,670.0,674.0,1.0,50.0,32.0,Individual,5,High Risk,Manual Review
77563791,13475.0, 60 months,28.14,G,G2,6 years,RENT,39185.0,Source Verified,debt_consolidation,OH,37.52,0.0,690.0,694.0,1.0,68.3,25.0,Individual,5,High Risk,Manual Review
78679748,5000.0, 36 months,20.99,E,E1,< 1 year,RENT,40000.0,Source Verified,debt_consolidation,TX,42.16,2.0,660.0,664.0,0.0,33.2,17.0,Individual,6,High Risk,Manual Review
78560124,3500.0, 36 months,20.99,E,E1,6 years,RENT,55000.0,Source Verified,debt_consolidation,AZ,36.68,4.0,665.0,669.0,2.0,48.3,15.0,Individual,6,High Risk,Manual Review
78779184,9000.0, 36 months,25.11,F,F1,9 years,RENT,30000.0,Source Verified,debt_consolidation,NY,33.92,1.0,665.0,669.0,3.0,51.1,18.0,Individual,6,High Risk,Manual Review
78410262,19000.0, 36 months,23.99,E,E4,10+ years,RENT,50000.0,Verified,debt_consolidation,LA,39.89,0.0,660.0,664.0,0.0,79.4,35.0,Individual,5,High Risk,Manual Review
77901443,10500.0, 36 months,25.11,F,F1,< 1 year,MORTGAGE,35000.0,Verified,debt_consolidation,AL,17.73,1.0,660.0,664.0,0.0,88.0,18.0,Individual,5,High Risk,Manual Review
77531308,16225.0, 60 months,27.34,F,F5,,MORTGAGE,50724.36,Verified,debt_consolidation,VA,35.37,0.0,665.0,669.0,0.0,92.4,19.0,Individual,6,High Risk,Manual Review
78679172,4000.0, 36 months,20.99,E,E1,8 years,RENT,40000.0,Not Verified,credit_card,CA,30.26,0.0,670.0,674.0,0.0,100.7,8.0,Individual,6,High Risk,Manual Review
77912005,40000.0, 60 months,28.18,G,G1,10+ years,MORTGAGE,89900.0,Verified,debt_consolidation,NC,34.15,0.0,720.0,724.0,0.0,49.8,21.0,Individual,5,High Risk,Manual Review
78238154,27100.0, 60 months,25.11,F,F1,4 years,RENT,56500.0,Not Verified,credit_card,WI,38.59,0.0,725.0,729.0,0.0,41.8,42.0,Individual,5,High Risk,Manual Review
78031475,20000.0, 60 months,25.11,F,F1,10+ years,RENT,50000.0,Verified,credit_card,FL,31.52,0.0,670.0,674.0,0.0,41.5,17.0,Individual,5,High Risk,Manual Review
78011996,16000.0, 60 months,26.14,F,F4,10+ years,MORTGAGE,72000.0,Verified,debt_consolidation,KY,39.68,0.0,695.0,699.0,1.0,57.5,41.0,Individual,5,High Risk,Manual Review
76253834,16925.0, 60 months,28.99,G,G5,8 years,MORTGAGE,80000.0,Not Verified,debt_consolidation,OH,39.17,0.0,700.0,704.0,0.0,71.4,27.0,Individual,5,High Risk,Manual Review
78041285,18000.0, 60 months,23.99,E,E4,10+ years,MORTGAGE,60000.0,Verified,debt_consolidation,WI,32.74,0.0,685.0,689.0,4.0,36.7,42.0,Individual,5,High Risk,Manual Review
78051629,36000.0, 60 months,24.99,E,E5,9 years,RENT,72000.0,Source Verified,debt_consolidation,GA,31.89,1.0,715.0,719.0,0.0,32.6,20.0,Individual,6,High Risk,Manual Review
78539280,12000.0, 36 months,20.99,E,E1,10+ years,RENT,72000.0,Verified,debt_consolidation,MA,31.65,5.0,665.0,669.0,3.0,79.0,24.0,Individual,6,High Risk,Manual Review
78520020,14725.0, 36 months,23.32,E,E3,10+ years,OWN,72000.0,Source Verified,debt_consolidation,MT,35.33,0.0,660.0,664.0,0.0,78.0,43.0,Individual,5,High Risk,Manual Review
77511516,24525.0, 60 months,20.75,E,E2,9 years,MORTGAGE,110000.0,Source Verified,credit_card,OH,10.79,5.0,660.0,664.0,2.0,87.4,38.0,Individual,5,High Risk,Manual Review
77412292,22400.0, 60 months,21.18,E,E3,3 years,MORTGAGE,100000.0,Source Verified,debt_consolidation,LA,37.07,0.0,685.0,689.0,0.0,64.2,28.0,Individual,5,High Risk,Manual Review
77552201,40000.0, 60 months,20.99,E,E1,10+ years,MORTGAGE,115000.0,Not Verified,debt_consolidation,VA,32.86,0.0,700.0,704.0,0.0,61.7,41.0,Joint App,5,High Risk,Manual Review
76182547,31225.0, 60 months,28.88,G,G2,9 years,MORTGAGE,62462.0,Source Verified,debt_consolidation,VA,36.29,0.0,710.0,714.0,0.0,45.6,23.0,Individual,5,High Risk,Manual Review
77695285,2500.0, 36 months,26.14,F,F4,< 1 year,RENT,16838.0,Source Verified,other,NY,35.99,0.0,690.0,694.0,1.0,53.7,5.0,Individual,5,High Risk,Manual Review
77306941,6000.0, 36 months,20.99,E,E1,10+ years,MORTGAGE,42000.0,Source Verified,debt_consolidation,WI,31.09,0.0,660.0,664.0,0.0,97.8,37.0,Individual,6,High Risk,Manual Review
77109415,19200.0, 60 months,22.45,E,E5,< 1 year,MORTGAGE,55000.0,Source Verified,debt_consolidation,WI,32.71,0.0,680.0,684.0,1.0,43.7,18.0,Joint App,5,High Risk,Manual Review
78178190,12225.0, 36 months,18.25,D,D3,4 years,RENT,34000.0,Verified,debt_consolidation,KS,38.02,1.0,665.0,669.0,1.0,92.4,21.0,Individual,5,High Risk,Manual Review
78238285,16000.0, 60 months,19.99,D,D5,8 years,RENT,62000.0,Not Verified,debt_consolidation,OH,31.15,1.0,660.0,664.0,1.0,81.5,55.0,Individual,5,High Risk,Manual Review
77381810,18475.0, 60 months,26.14,F,F4,5 years,OWN,52000.0,Verified,debt_consolidation,AL,32.28,2.0,665.0,669.0,2.0,4.0,56.0,Individual,6,High Risk,Manual Review
78051954,29975.0, 60 months,23.99,E,E4,10+ years,MORTGAGE,94900.0,Verified,debt_consolidation,FL,34.95,1.0,680.0,684.0,0.0,74.6,26.0,Individual,6,High Risk,Manual Review
77901530,24000.0, 60 months,23.32,E,E3,10+ years,MORTGAGE,60000.0,Not Verified,credit_card,CA,30.32,3.0,660.0,664.0,2.0,90.0,21.0,Individual,7,High Risk,Manual Review
77239736,21000.0, 60 months,28.14,G,G2,2 years,RENT,50000.0,Source Verified,debt_consolidation,ME,30.7,0.0,690.0,694.0,3.0,66.3,25.0,Individual,5,High Risk,Manual Review
77570718,11450.0, 60 months,25.65,F,F3,3 years,RENT,23000.0,Source Verified,other,NY,31.99,0.0,680.0,684.0,0.0,25.7,5.0,Individual,5,High Risk,Manual Review
78809314,3025.0, 36 months,23.99,E,E4,6 years,RENT,41200.0,Source Verified,other,GA,36.95,0.0,660.0,664.0,0.0,70.7,13.0,Individual,5,High Risk,Manual Review
77351297,15600.0, 60 months,19.99,E,E1,,OWN,65000.0,Verified,debt_consolidation,IL,42.17,0.0,705.0,709.0,2.0,44.8,35.0,Individual,5,High Risk,Manual Review
78269579,2000.0, 36 months,22.35,E,E2,5 years,OWN,47000.0,Source Verified,debt_consolidation,TX,30.98,0.0,680.0,684.0,0.0,74.1,22.0,Individual,5,High Risk,Manual Review
77501092,20000.0, 60 months,21.18,E,E3,10+ years,MORTGAGE,95000.0,Source Verified,debt_consolidation,FL,37.77,0.0,690.0,694.0,0.0,92.9,30.0,Individual,6,High Risk,Manual Review
78450105,22500.0, 36 months,25.44,F,F2,5 years,RENT,45000.0,Verified,debt_consolidation,NJ,44.87,0.0,665.0,669.0,0.0,70.1,25.0,Individual,5,High Risk,Manual Review
77584440,18000.0, 60 months,23.32,E,E3,10+ years,MORTGAGE,48600.0,Verified,credit_card,TN,32.32,0.0,665.0,669.0,2.0,41.0,71.0,Individual,5,High Risk,Manual Review
77459788,12425.0, 60 months,29.96,G,G4,10+ years,MORTGAGE,45000.0,Source Verified,debt_consolidation,NY,33.47,1.0,690.0,694.0,0.0,47.8,22.0,Individual,6,High Risk,Manual Review
77560621,35000.0, 60 months,21.97,E,E4,10+ years,MORTGAGE,75000.0,Source Verified,debt_consolidation,PA,24.99,6.0,685.0,689.0,0.0,80.6,27.0,Individual,5,High Risk,Manual Review
77901364,12725.0, 60 months,24.99,E,E5,10+ years,MORTGAGE,99000.0,Source Verified,debt_consolidation,NJ,7.77,1.0,680.0,684.0,0.0,84.7,25.0,Individual,5,High Risk,Manual Review
77360932,10000.0, 60 months,19.99,E,E1,,MORTGAGE,52300.0,Verified,other,FL,34.26,0.0,675.0,679.0,1.0,59.5,25.0,Individual,5,High Risk,Manual Review
77572209,35000.0, 60 months,29.67,G,G3,10+ years,MORTGAGE,84143.6,Source Verified,debt_consolidation,SC,32.24,0.0,675.0,679.0,0.0,66.1,38.0,Individual,5,High Risk,Manual Review
78061324,21450.0, 60 months,26.14,F,F4,8 years,MORTGAGE,59000.0,Not Verified,debt_consolidation,NC,32.53,0.0,700.0,704.0,0.0,91.1,35.0,Individual,6,High Risk,Manual Review
78051789,40000.0, 60 months,23.99,E,E4,10+ years,OWN,115000.0,Verified,debt_consolidation,FL,32.08,0.0,715.0,719.0,1.0,48.5,18.0,Individual,5,High Risk,Manual Review
77982047,10875.0, 60 months,27.34,F,F5,9 years,RENT,40000.0,Source Verified,debt_consolidation,WV,32.4,0.0,665.0,669.0,2.0,25.4,45.0,Individual,5,High Risk,Manual Review
78480034,25000.0, 36 months,22.35,E,E2,8 years,OWN,75000.0,Not Verified,credit_card,TX,38.0,0.0,670.0,674.0,1.0,78.5,15.0,Individual,5,High Risk,Manual Review
78380245,14775.0, 36 months,20.99,E,E1,10+ years,OWN,50000.0,Source Verified,debt_consolidation,HI,37.06,0.0,690.0,694.0,0.0,49.7,22.0,Individual,5,High Risk,Manual Review
78288624,8325.0, 36 months,23.32,E,E3,10+ years,MORTGAGE,26000.0,Source Verified,debt_consolidation,OR,34.95,0.0,685.0,689.0,1.0,59.8,19.0,Individual,5,High Risk,Manual Review
78459077,3600.0, 36 months,24.99,E,E5,10+ years,OWN,25000.0,Source Verified,home_improvement,TX,38.55,0.0,660.0,664.0,0.0,86.5,57.0,Individual,6,High Risk,Manual Review
77309752,29925.0, 60 months,20.75,E,E2,8 years,OWN,65616.0,Source Verified,credit_card,IL,36.32,1.0,660.0,664.0,0.0,92.1,28.0,Individual,7,High Risk,Manual Review
77851171,19325.0, 60 months,27.34,F,F5,10+ years,RENT,65000.0,Source Verified,debt_consolidation,AZ,30.41,0.0,700.0,704.0,1.0,57.5,25.0,Individual,5,High Risk,Manual Review
78329518,12925.0, 36 months,24.99,E,E5,10+ years,MORTGAGE,65000.0,Verified,major_purchase,NY,36.8,3.0,675.0,679.0,0.0,57.5,34.0,Individual,6,High Risk,Manual Review
77500731,22525.0, 60 months,27.34,G,G1,10+ years,MORTGAGE,61200.0,Source Verified,debt_consolidation,OH,36.45,0.0,680.0,684.0,1.0,67.5,22.0,Individual,5,High Risk,Manual Review
77541084,25200.0, 36 months,25.44,F,F2,4 years,RENT,60000.0,Verified,debt_consolidation,AZ,31.06,0.0,670.0,674.0,0.0,62.2,8.0,Individual,5,High Risk,Manual Review
78180351,4950.0, 36 months,25.65,F,F3,,OWN,15501.0,Verified,debt_consolidation,LA,36.64,0.0,670.0,674.0,0.0,38.2,25.0,Individual,5,High Risk,Manual Review
77755303,6175.0, 36 months,23.32,E,E3,3 years,MORTGAGE,40000.0,Verified,debt_consolidation,NC,34.62,0.0,680.0,684.0,2.0,74.3,13.0,Joint App,5,High Risk,Manual Review
78368877,5350.0, 36 months,23.32,E,E3,10+ years,OWN,52000.0,Source Verified,debt_consolidation,GA,31.94,0.0,715.0,719.0,1.0,29.1,22.0,Individual,5,High Risk,Manual Review
77448152,29925.0, 60 months,20.75,E,E2,10+ years,MORTGAGE,115000.0,Verified,debt_consolidation,TX,33.0,0.0,690.0,694.0,0.0,74.8,16.0,Individual,5,High Risk,Manual Review
78399230,17125.0, 36 months,19.99,D,D5,5 years,MORTGAGE,75000.0,Source Verified,debt_consolidation,MI,37.87,1.0,695.0,699.0,0.0,87.4,32.0,Individual,5,High Risk,Manual Review
77292131,18275.0, 60 months,24.11,F,F2,2 years,RENT,37440.0,Source Verified,debt_consolidation,MN,56.47,0.0,675.0,679.0,0.0,51.8,23.0,Joint App,5,High Risk,Manual Review
77307230,20000.0, 36 months,23.13,F,F1,,MORTGAGE,45000.0,Verified,debt_consolidation,GA,35.01,0.0,670.0,674.0,2.0,55.7,20.0,Individual,5,High Risk,Manual Review
76438105,6900.0, 36 months,28.14,G,G2,2 years,RENT,21600.0,Source Verified,debt_consolidation,WA,39.44,0.0,680.0,684.0,1.0,49.6,6.0,Individual,5,High Risk,Manual Review
78389430,2000.0, 36 months,20.99,E,E1,10+ years,RENT,56000.0,Verified,debt_consolidation,FL,49.29,0.0,705.0,709.0,0.0,50.9,29.0,Individual,5,High Risk,Manual Review
77458832,12000.0, 60 months,19.99,E,E1,2 years,RENT,45000.0,Not Verified,debt_consolidation,TX,32.59,0.0,690.0,694.0,0.0,64.6,21.0,Individual,5,High Risk,Manual Review
77399378,28000.0, 60 months,21.97,E,E4,2 years,MORTGAGE,80000.0,Not Verified,debt_consolidation,TX,33.57,0.0,680.0,684.0,0.0,74.2,24.0,Individual,5,High Risk,Manual Review
78168431,3600.0, 36 months,22.35,E,E2,3 years,RENT,27000.0,Source Verified,credit_card,OH,44.26,0.0,665.0,669.0,0.0,96.5,29.0,Individual,6,High Risk,Manual Review
77489830,3800.0, 36 months,19.99,E,E1,< 1 year,MORTGAGE,30000.0,Source Verified,credit_card,PA,36.36,0.0,700.0,704.0,2.0,69.2,24.0,Individual,5,High Risk,Manual Review
78578487,2200.0, 36 months,22.35,E,E2,2 years,MORTGAGE,21000.0,Source Verified,debt_consolidation,MO,35.94,0.0,675.0,679.0,2.0,68.4,10.0,Individual,5,High Risk,Manual Review
76437717,25200.0, 60 months,19.99,E,E1,10+ years,MORTGAGE,60000.0,Source Verified,credit_card,FL,32.68,0.0,660.0,664.0,1.0,92.7,24.0,Individual,6,High Risk,Manual Review
76558734,14700.0, 36 months,19.99,E,E1,10+ years,RENT,35000.0,Not Verified,car,IL,34.16,0.0,735.0,739.0,1.0,54.8,5.0,Individual,5,High Risk,Manual Review
77409057,26175.0, 36 months,26.57,F,F5,2 years,MORTGAGE,22000.0,Source Verified,debt_consolidation,CO,45.72,0.0,660.0,664.0,0.0,55.7,12.0,Joint App,5,High Risk,Manual Review
77005927,20000.0, 60 months,15.31,C,C5,10+ years,MORTGAGE,80000.0,Source Verified,debt_consolidation,IN,30.12,1.0,695.0,699.0,0.0,98.0,38.0,Individual,5,High Risk,Manual Review
77785897,5325.0, 36 months,23.99,E,E4,,RENT,16668.0,Verified,debt_consolidation,KY,39.31,0.0,660.0,664.0,2.0,50.5,23.0,Individual,5,High Risk,Manual Review
76437800,10675.0, 60 months,21.18,E,E3,,RENT,25460.0,Verified,debt_consolidation,FL,38.33,0.0,695.0,699.0,0.0,68.9,13.0,Individual,5,High Risk,Manual Review
77645564,10000.0, 60 months,27.34,F,F5,10+ years,RENT,52000.0,Source Verified,debt_consolidation,MA,40.11,0.0,670.0,674.0,1.0,28.4,31.0,Individual,5,High Risk,Manual Review
77538103,30575.0, 60 months,28.14,G,G2,8 years,RENT,32000.0,Verified,debt_consolidation,FL,43.24,0.0,685.0,689.0,0.0,57.6,20.0,Joint App,5,High Risk,Manual Review
77530658,7000.0, 36 months,28.18,G,G1,< 1 year,MORTGAGE,14000.0,Source Verified,debt_consolidation,NJ,46.31,0.0,670.0,674.0,0.0,42.2,37.0,Individual,5,High Risk,Manual Review
77553834,20000.0, 60 months,21.97,E,E4,6 years,RENT,50278.0,Verified,debt_consolidation,OH,48.2,0.0,710.0,714.0,0.0,81.6,37.0,Individual,6,High Risk,Manual Review
77359381,26050.0, 60 months,20.75,E,E2,10+ years,RENT,119000.0,Source Verified,debt_consolidation,MD,19.69,3.0,680.0,684.0,0.0,88.5,27.0,Individual,5,High Risk,Manual Review
78428707,9350.0, 36 months,26.14,F,F4,3 years,RENT,41000.0,Source Verified,debt_consolidation,NE,40.55,0.0,685.0,689.0,1.0,37.6,22.0,Individual,5,High Risk,Manual Review
77467798,10000.0, 36 months,19.99,E,E1,10+ years,RENT,25000.0,Verified,debt_consolidation,VA,45.51,0.0,680.0,684.0,0.0,55.7,25.0,Individual,5,High Risk,Manual Review
77379823,5650.0, 36 months,25.65,F,F3,1 year,RENT,45000.0,Source Verified,debt_consolidation,MD,47.88,0.0,675.0,679.0,1.0,36.5,35.0,Individual,5,High Risk,Manual Review
77300244,16750.0, 36 months,22.35,E,E2,,MORTGAGE,50000.0,Verified,debt_consolidation,SC,36.53,0.0,710.0,714.0,0.0,84.3,19.0,Individual,6,High Risk,Manual Review
77560475,24000.0, 60 months,22.45,E,E5,1 year,MORTGAGE,77280.0,Verified,debt_consolidation,GA,36.47,0.0,695.0,699.0,1.0,31.3,32.0,Individual,5,High Risk,Manual Review
78529807,35000.0, 36 months,25.44,F,F2,10+ years,MORTGAGE,188000.0,Not Verified,debt_consolidation,OH,37.16,0.0,675.0,679.0,1.0,91.6,46.0,Individual,6,High Risk,Manual Review
77192319,13975.0, 60 months,22.45,E,E5,2 years,MORTGAGE,40000.0,Source Verified,debt_consolidation,GA,32.43,0.0,690.0,694.0,0.0,51.6,20.0,Individual,5,High Risk,Manual Review
78139677,21000.0, 36 months,23.32,E,E3,8 years,MORTGAGE,45000.0,Verified,debt_consolidation,PA,50.11,0.0,670.0,674.0,0.0,68.8,25.0,Joint App,5,High Risk,Manual Review
77500604,7525.0, 36 months,25.44,F,F2,8 years,RENT,50000.0,Source Verified,other,MA,42.34,0.0,695.0,699.0,0.0,88.8,9.0,Individual,6,High Risk,Manual Review
78418500,16950.0, 36 months,20.99,E,E1,7 years,MORTGAGE,55000.0,Not Verified,debt_consolidation,PA,32.73,2.0,665.0,669.0,0.0,64.9,31.0,Individual,6,High Risk,Manual Review
77519696,15000.0, 60 months,21.97,E,E4,10+ years,MORTGAGE,40500.0,Verified,debt_consolidation,VT,44.33,0.0,735.0,739.0,1.0,26.0,31.0,Individual,5,High Risk,Manual Review
77349315,19200.0, 60 months,27.34,G,G1,10+ years,MORTGAGE,72000.0,Verified,other,UT,47.25,0.0,710.0,714.0,0.0,59.0,47.0,Individual,5,High Risk,Manual Review
78418399,5000.0, 36 months,20.99,E,E1,10+ years,RENT,40500.0,Source Verified,debt_consolidation,GA,32.92,0.0,705.0,709.0,1.0,46.7,17.0,Individual,5,High Risk,Manual Review
78479680,7425.0, 36 months,20.99,E,E1,10+ years,MORTGAGE,45000.0,Source Verified,debt_consolidation,AZ,30.85,0.0,675.0,679.0,1.0,45.3,36.0,Individual,5,High Risk,Manual Review
78609666,25000.0, 36 months,22.35,E,E2,4 years,OWN,66000.0,Not Verified,credit_card,SC,35.65,0.0,690.0,694.0,0.0,44.2,42.0,Individual,5,High Risk,Manual Review
78498208,8000.0, 36 months,20.99,E,E1,7 years,RENT,30000.0,Source Verified,debt_consolidation,MI,34.64,0.0,675.0,679.0,1.0,53.6,18.0,Individual,5,High Risk,Manual Review
78278541,8200.0, 36 months,26.14,F,F4,,RENT,16416.0,Verified,debt_consolidation,AL,48.68,1.0,660.0,664.0,1.0,60.4,23.0,Individual,6,High Risk,Manual Review
78199579,5000.0, 36 months,18.99,D,D4,10+ years,RENT,75000.0,Source Verified,debt_consolidation,CA,30.06,3.0,685.0,689.0,1.0,81.5,16.0,Individual,5,High Risk,Manual Review
77300411,20700.0, 60 months,19.99,E,E1,3 years,RENT,45000.0,Not Verified,credit_card,FL,37.44,0.0,660.0,664.0,1.0,69.1,37.0,Individual,5,High Risk,Manual Review
77391370,35000.0, 60 months,21.18,E,E3,3 years,MORTGAGE,171950.0,Verified,debt_consolidation,GA,30.33,0.0,675.0,679.0,0.0,58.6,37.0,Individual,5,High Risk,Manual Review
77352644,35000.0, 60 months,21.97,E,E4,10+ years,OWN,110000.0,Source Verified,debt_consolidation,FL,21.54,1.0,670.0,674.0,0.0,84.3,40.0,Individual,5,High Risk,Manual Review
77539400,22075.0, 60 months,19.99,E,E1,6 years,MORTGAGE,60000.0,Source Verified,debt_consolidation,SC,37.1,1.0,695.0,699.0,0.0,65.1,21.0,Individual,6,High Risk,Manual Review
77239480,36000.0, 60 months,28.34,G,G3,1 year,RENT,100000.0,Verified,debt_consolidation,CA,30.89,0.0,690.0,694.0,2.0,60.4,24.0,Individual,5,High Risk,Manual Review
77330141,16800.0, 60 months,21.18,E,E3,10+ years,RENT,67000.0,Verified,debt_consolidation,NC,30.2,2.0,660.0,664.0,0.0,40.5,29.0,Individual,6,High Risk,Manual Review
76438055,10000.0, 60 months,19.53,D,D5,,OWN,42000.0,Verified,debt_consolidation,MD,31.91,1.0,675.0,679.0,0.0,97.0,36.0,Individual,5,High Risk,Manual Review
77795321,23325.0, 60 months,23.32,E,E3,10+ years,OWN,60000.0,Not Verified,debt_consolidation,TX,35.54,0.0,680.0,684.0,0.0,55.2,29.0,Individual,5,High Risk,Manual Review
77477153,21000.0, 60 months,19.99,E,E1,5 years,RENT,77000.0,Not Verified,debt_consolidation,CA,33.2,0.0,720.0,724.0,1.0,42.2,32.0,Individual,5,High Risk,Manual Review
77441615,22025.0, 60 months,24.11,F,F2,4 years,OWN,47918.98,Verified,debt_consolidation,SC,30.63,0.0,685.0,689.0,0.0,51.3,26.0,Individual,5,High Risk,Manual Review
78130626,33600.0, 36 months,25.44,F,F2,10+ years,MORTGAGE,80000.0,Verified,debt_consolidation,MS,31.7,1.0,690.0,694.0,1.0,53.1,34.0,Individual,6,High Risk,Manual Review
77522526,13200.0, 60 months,21.97,E,E4,10+ years,OWN,30000.0,Verified,debt_consolidation,VA,32.96,0.0,680.0,684.0,1.0,37.5,37.0,Individual,5,High Risk,Manual Review
77309248,30000.0, 60 months,19.99,E,E1,2 years,RENT,70000.0,Source Verified,home_improvement,IL,38.42,2.0,660.0,664.0,0.0,77.3,22.0,Individual,6,High Risk,Manual Review
78468462,27600.0, 36 months,28.88,G,G2,,RENT,60000.0,Verified,debt_consolidation,FL,46.02,0.0,665.0,669.0,0.0,9.4,27.0,Individual,5,High Risk,Manual Review
78250244,3000.0, 36 months,23.99,E,E4,10+ years,MORTGAGE,52000.0,Source Verified,debt_consolidation,PA,36.12,0.0,670.0,674.0,1.0,66.5,19.0,Individual,5,High Risk,Manual Review
77519186,30000.0, 60 months,20.75,E,E2,10+ years,MORTGAGE,85500.0,Verified,debt_consolidation,PA,26.54,1.0,660.0,664.0,0.0,85.5,23.0,Individual,5,High Risk,Manual Review
77111489,10000.0, 60 months,21.18,E,E3,3 years,RENT,80000.0,Not Verified,house,NJ,29.72,3.0,670.0,674.0,1.0,89.4,38.0,Individual,5,High Risk,Manual Review
77330833,18200.0, 60 months,20.75,E,E2,4 years,MORTGAGE,76000.0,Verified,other,VA,40.01,0.0,670.0,674.0,0.0,38.0,53.0,Individual,5,High Risk,Manual Review
77521744,19200.0, 60 months,21.18,E,E3,7 years,MORTGAGE,59631.0,Source Verified,debt_consolidation,NY,34.35,0.0,675.0,679.0,2.0,66.9,33.0,Individual,5,High Risk,Manual Review
77379123,30000.0, 60 months,21.97,E,E4,3 years,RENT,75000.0,Verified,debt_consolidation,HI,43.74,0.0,690.0,694.0,1.0,75.7,32.0,Individual,5,High Risk,Manual Review
77340250,10000.0, 60 months,19.99,E,E1,,RENT,52500.0,Not Verified,medical,PA,30.38,0.0,690.0,694.0,0.0,72.0,20.0,Individual,5,High Risk,Manual Review
78290229,8300.0, 36 months,23.99,E,E4,1 year,OWN,26000.0,Source Verified,other,FL,35.96,0.0,660.0,664.0,0.0,81.9,32.0,Individual,6,High Risk,Manual Review
78130575,4700.0, 36 months,23.99,E,E4,< 1 year,RENT,23000.0,Verified,debt_consolidation,FL,34.24,0.0,670.0,674.0,2.0,70.8,12.0,Individual,5,High Risk,Manual Review
77527989,18000.0, 60 months,20.75,E,E2,10+ years,OWN,120000.0,Source Verified,debt_consolidation,WI,5.19,1.0,670.0,674.0,0.0,87.0,22.0,Individual,5,High Risk,Manual Review
77412420,25200.0, 60 months,21.18,E,E3,10+ years,RENT,73000.0,Verified,debt_consolidation,MO,39.26,1.0,710.0,714.0,0.0,38.6,37.0,Individual,6,High Risk,Manual Review
78180243,5000.0, 36 months,20.99,E,E1,10+ years,RENT,100000.0,Source Verified,debt_consolidation,FL,33.03,0.0,660.0,664.0,3.0,66.1,46.0,Individual,5,High Risk,Manual Review
77437038,7000.0, 36 months,21.18,E,E3,10+ years,RENT,25000.0,Verified,major_purchase,CA,33.22,0.0,665.0,669.0,1.0,71.2,7.0,Individual,5,High Risk,Manual Review
78548243,5000.0, 36 months,25.11,F,F1,4 years,MORTGAGE,40000.0,Verified,medical,FL,36.65,1.0,675.0,679.0,2.0,39.5,28.0,Individual,6,High Risk,Manual Review
75244560,24000.0, 60 months,21.97,E,E4,4 years,MORTGAGE,124400.0,Source Verified,debt_consolidation,VA,37.97,0.0,700.0,704.0,2.0,71.2,47.0,Individual,5,High Risk,Manual Review
77530815,30000.0, 60 months,21.18,E,E3,4 years,MORTGAGE,114000.0,Source Verified,credit_card,NV,31.45,0.0,730.0,734.0,2.0,55.8,52.0,Individual,5,High Risk,Manual Review
77369264,10800.0, 60 months,21.18,E,E3,,RENT,27000.0,Not Verified,debt_consolidation,HI,31.33,0.0,680.0,684.0,0.0,78.5,23.0,Individual,5,High Risk,Manual Review
76362920,24000.0, 60 months,20.75,E,E2,3 years,MORTGAGE,70000.0,Not Verified,debt_consolidation,TN,39.43,1.0,660.0,664.0,1.0,62.6,35.0,Individual,6,High Risk,Manual Review
77471558,14000.0, 60 months,21.97,E,E4,5 years,RENT,56000.0,Source Verified,credit_card,GA,33.63,0.0,680.0,684.0,0.0,30.4,53.0,Individual,5,High Risk,Manual Review
76003335,10850.0, 36 months,21.18,E,E3,< 1 year,OWN,32000.0,Source Verified,debt_consolidation,OH,34.73,0.0,665.0,669.0,0.0,68.2,13.0,Individual,5,High Risk,Manual Review
77361176,14000.0, 60 months,21.97,E,E4,2 years,MORTGAGE,82500.0,Source Verified,debt_consolidation,MI,37.32,0.0,675.0,679.0,1.0,75.7,44.0,Individual,5,High Risk,Manual Review
77327214,14375.0, 60 months,22.45,E,E5,4 years,OWN,77000.0,Verified,debt_consolidation,TX,34.29,0.0,705.0,709.0,2.0,28.0,25.0,Individual,5,High Risk,Manual Review
77299954,10675.0, 60 months,19.99,E,E1,5 years,RENT,45000.0,Not Verified,credit_card,CA,38.37,0.0,750.0,754.0,0.0,5.7,30.0,Individual,5,High Risk,Manual Review
77080796,35000.0, 36 months,15.31,C,C5,3 years,RENT,151000.0,Verified,debt_consolidation,TX,30.19,1.0,680.0,684.0,0.0,87.8,24.0,Individual,5,High Risk,Manual Review
77339885,4000.0, 36 months,21.18,E,E3,< 1 year,RENT,25000.0,Source Verified,debt_consolidation,TN,40.37,0.0,700.0,704.0,1.0,37.6,11.0,Individual,5,High Risk,Manual Review
76448882,5175.0, 36 months,19.99,E,E1,,RENT,15240.0,Verified,debt_consolidation,NY,30.55,0.0,670.0,674.0,0.0,84.9,8.0,Individual,6,High Risk,Manual Review
78209240,6100.0, 36 months,23.32,E,E3,< 1 year,OWN,18000.0,Source Verified,debt_consolidation,MI,44.53,0.0,665.0,669.0,0.0,48.6,33.0,Individual,5,High Risk,Manual Review
78239876,3000.0, 36 months,23.99,E,E4,7 years,MORTGAGE,34300.0,Source Verified,credit_card,SC,44.38,0.0,675.0,679.0,2.0,42.1,26.0,Individual,5,High Risk,Manual Review
77357691,6000.0, 36 months,22.45,E,E5,,MORTGAGE,22488.0,Verified,other,PA,9.71,1.0,670.0,674.0,1.0,97.0,7.0,Individual,5,High Risk,Manual Review
76438256,24750.0, 60 months,24.11,F,F2,10+ years,MORTGAGE,83000.0,Verified,debt_consolidation,TN,31.03,0.0,705.0,709.0,0.0,75.4,20.0,Individual,5,High Risk,Manual Review
76438346,10125.0, 36 months,20.75,E,E2,5 years,MORTGAGE,85000.0,Verified,medical,CA,10.66,4.0,665.0,669.0,1.0,103.0,16.0,Individual,5,High Risk,Manual Review
77491355,10000.0, 60 months,24.11,F,F2,8 years,OWN,24000.0,Not Verified,debt_consolidation,MI,36.6,0.0,705.0,709.0,0.0,30.7,30.0,Individual,5,High Risk,Manual Review
77585345,17100.0, 36 months,28.88,G,G2,10+ years,OWN,45000.0,Verified,other,NC,35.15,0.0,695.0,699.0,0.0,98.6,5.0,Individual,6,High Risk,Manual Review
77440758,17600.0, 60 months,18.25,D,D3,< 1 year,MORTGAGE,75000.0,Not Verified,credit_card,CO,37.3,1.0,660.0,664.0,0.0,80.7,51.0,Individual,5,High Risk,Manual Review
77349022,15000.0, 60 months,21.18,E,E3,10+ years,MORTGAGE,69500.0,Verified,debt_consolidation,MN,31.5,1.0,685.0,689.0,2.0,51.8,30.0,Individual,6,High Risk,Manual Review
77755256,24000.0, 36 months,22.35,E,E2,10+ years,MORTGAGE,57162.0,Verified,debt_consolidation,VA,22.42,1.0,670.0,674.0,1.0,81.5,20.0,Individual,5,High Risk,Manual Review
76002071,10000.0, 36 months,21.18,E,E3,7 years,RENT,39000.0,Source Verified,credit_card,NY,33.48,0.0,665.0,669.0,2.0,74.3,56.0,Individual,5,High Risk,Manual Review
75869854,19000.0, 36 months,22.45,E,E5,1 year,RENT,50000.0,Verified,debt_consolidation,TX,31.88,0.0,715.0,719.0,1.0,39.8,41.0,Individual,5,High Risk,Manual Review
77412123,30000.0, 60 months,24.11,F,F2,7 years,RENT,60000.0,Source Verified,debt_consolidation,HI,30.01,0.0,670.0,674.0,1.0,68.7,27.0,Individual,5,High Risk,Manual Review
77388302,20825.0, 60 months,20.75,E,E2,8 years,MORTGAGE,37000.0,Verified,debt_consolidation,MO,45.18,0.0,675.0,679.0,0.0,46.3,24.0,Joint App,5,High Risk,Manual Review
78568599,24000.0, 36 months,23.99,E,E4,3 years,MORTGAGE,150150.0,Not Verified,debt_consolidation,TX,36.4,0.0,675.0,679.0,0.0,69.9,41.0,Individual,5,High Risk,Manual Review
77318200,2500.0, 36 months,17.27,D,D2,10+ years,OWN,55000.0,Not Verified,other,CT,33.83,1.0,670.0,674.0,1.0,87.0,22.0,Individual,5,High Risk,Manual Review
77447329,17225.0, 36 months,22.45,E,E5,10+ years,RENT,42000.0,Source Verified,debt_consolidation,WA,30.86,0.0,700.0,704.0,1.0,23.8,14.0,Individual,5,High Risk,Manual Review
78488615,17700.0, 36 months,20.99,E,E1,10+ years,MORTGAGE,66338.0,Not Verified,debt_consolidation,WI,36.18,0.0,710.0,714.0,3.0,78.4,23.0,Individual,5,High Risk,Manual Review
77566480,22250.0, 60 months,26.57,F,F5,,OWN,46560.0,Not Verified,debt_consolidation,AL,31.13,0.0,715.0,719.0,0.0,62.1,13.0,Individual,5,High Risk,Manual Review
78558519,19800.0, 36 months,22.35,E,E2,8 years,RENT,45000.0,Not Verified,debt_consolidation,AZ,36.37,0.0,675.0,679.0,2.0,36.7,35.0,Individual,5,High Risk,Manual Review
78329892,7600.0, 36 months,22.35,E,E2,< 1 year,RENT,28000.0,Source Verified,debt_consolidation,MI,31.25,0.0,685.0,689.0,0.0,63.2,14.0,Individual,5,High Risk,Manual Review
78578623,18900.0, 36 months,26.14,F,F4,10+ years,OWN,43000.0,Verified,debt_consolidation,FL,38.65,0.0,665.0,669.0,0.0,67.2,15.0,Individual,5,High Risk,Manual Review
77339309,27075.0, 60 months,28.14,G,G2,5 years,OWN,58877.0,Source Verified,debt_consolidation,MO,32.47,0.0,695.0,699.0,0.0,75.0,33.0,Individual,5,High Risk,Manual Review
78608343,10000.0, 36 months,25.11,F,F1,3 years,MORTGAGE,44000.0,Source Verified,debt_consolidation,WA,37.1,0.0,670.0,674.0,1.0,72.5,34.0,Individual,5,High Risk,Manual Review
77541475,8825.0, 36 months,23.99,E,E4,4 years,RENT,41953.6,Source Verified,credit_card,CA,30.58,0.0,695.0,699.0,0.0,51.8,37.0,Individual,5,High Risk,Manual Review
78230406,25650.0, 36 months,20.99,E,E1,10+ years,MORTGAGE,64000.0,Source Verified,small_business,VA,34.55,0.0,680.0,684.0,1.0,86.9,26.0,Individual,6,High Risk,Manual Review
77775658,22500.0, 36 months,23.99,E,E4,8 years,MORTGAGE,45000.0,Verified,debt_consolidation,FL,30.69,0.0,680.0,684.0,1.0,45.2,33.0,Individual,5,High Risk,Manual Review
77318542,15000.0, 60 months,21.18,E,E3,3 years,OWN,50000.0,Source Verified,debt_consolidation,MA,14.31,1.0,665.0,669.0,0.0,94.0,30.0,Individual,5,High Risk,Manual Review
77231587,11075.0, 60 months,19.99,E,E1,1 year,RENT,37000.0,Source Verified,credit_card,WA,32.61,0.0,660.0,664.0,1.0,55.0,49.0,Individual,5,High Risk,Manual Review
76449628,15000.0, 60 months,24.99,F,F3,7 years,RENT,40000.0,Verified,credit_card,CA,40.89,0.0,685.0,689.0,0.0,50.8,14.0,Individual,5,High Risk,Manual Review
77318864,21325.0, 60 months,20.75,E,E2,10+ years,MORTGAGE,67000.0,Source Verified,debt_consolidation,MD,25.36,3.0,670.0,674.0,0.0,84.6,35.0,Individual,5,High Risk,Manual Review
76438255,25000.0, 60 months,19.99,E,E1,10+ years,RENT,59000.0,Source Verified,debt_consolidation,FL,33.46,1.0,700.0,704.0,0.0,67.5,40.0,Individual,6,High Risk,Manual Review
77516867,28000.0, 60 months,22.45,E,E5,7 years,RENT,105000.0,Verified,debt_consolidation,CA,35.53,0.0,735.0,739.0,1.0,1.5,35.0,Individual,5,High Risk,Manual Review
77468721,35000.0, 60 months,21.97,E,E4,10+ years,MORTGAGE,82000.0,Source Verified,debt_consolidation,TX,38.95,0.0,720.0,724.0,1.0,72.1,20.0,Individual,5,High Risk,Manual Review
76447891,9000.0, 36 months,22.45,E,E5,,RENT,45000.0,Verified,debt_consolidation,OH,31.95,0.0,660.0,664.0,2.0,66.2,35.0,Individual,5,High Risk,Manual Review
77911503,13550.0, 36 months,26.14,F,F4,10+ years,RENT,50000.0,Source Verified,debt_consolidation,MD,37.93,2.0,660.0,664.0,1.0,92.9,17.0,Individual,7,High Risk,Manual Review
76966134,28000.0, 36 months,23.32,E,E3,3 years,MORTGAGE,160000.0,Source Verified,debt_consolidation,VA,31.32,0.0,665.0,669.0,0.0,85.9,13.0,Individual,6,High Risk,Manual Review
76945269,14000.0, 60 months,20.75,E,E2,2 years,MORTGAGE,55000.0,Source Verified,debt_consolidation,TX,35.13,0.0,675.0,679.0,2.0,55.1,51.0,Individual,5,High Risk,Manual Review
77458181,12675.0, 60 months,21.97,E,E4,2 years,RENT,25350.0,Source Verified,debt_consolidation,CO,32.15,1.0,680.0,684.0,0.0,84.6,20.0,Individual,7,High Risk,Manual Review
78199148,7275.0, 36 months,20.99,E,E1,10+ years,OWN,54900.0,Verified,debt_consolidation,KS,16.33,3.0,670.0,674.0,0.0,93.6,10.0,Individual,5,High Risk,Manual Review
77388754,12800.0, 60 months,20.75,E,E2,4 years,RENT,48000.0,Verified,other,IN,37.4,0.0,685.0,689.0,0.0,77.3,23.0,Individual,5,High Risk,Manual Review
77408673,16000.0, 60 months,21.18,E,E3,3 years,MORTGAGE,48000.0,Source Verified,credit_card,CA,32.38,0.0,720.0,724.0,2.0,44.3,8.0,Individual,5,High Risk,Manual Review
78159264,10000.0, 36 months,23.32,E,E3,8 years,RENT,53904.0,Verified,debt_consolidation,AZ,39.09,0.0,680.0,684.0,1.0,97.4,22.0,Individual,6,High Risk,Manual Review
78339264,6900.0, 36 months,25.44,F,F2,2 years,OWN,32000.0,Source Verified,debt_consolidation,NC,37.58,0.0,725.0,729.0,0.0,28.2,11.0,Individual,5,High Risk,Manual Review
76332037,3050.0, 36 months,23.99,E,E4,3 years,MORTGAGE,38000.0,Source Verified,debt_consolidation,NC,46.72,1.0,715.0,719.0,0.0,26.7,19.0,Individual,6,High Risk,Manual Review
76895898,21000.0, 60 months,21.18,E,E3,10+ years,RENT,85000.0,Not Verified,medical,TX,37.22,0.0,675.0,679.0,1.0,45.2,33.0,Individual,5,High Risk,Manual Review
77297809,14600.0, 36 months,23.99,E,E4,7 years,RENT,43000.0,Not Verified,debt_consolidation,VA,45.88,0.0,775.0,779.0,1.0,9.7,39.0,Individual,5,High Risk,Manual Review
77368114,35000.0, 60 months,22.45,E,E5,6 years,RENT,90000.0,Verified,debt_consolidation,FL,30.12,0.0,685.0,689.0,2.0,70.0,30.0,Individual,5,High Risk,Manual Review
77282607,18900.0, 60 months,28.14,G,G2,10+ years,RENT,45000.0,Verified,credit_card,FL,36.8,0.0,660.0,664.0,1.0,53.9,15.0,Individual,5,High Risk,Manual Review
77665235,3300.0, 36 months,23.32,E,E3,,RENT,22300.0,Verified,major_purchase,LA,34.55,0.0,700.0,704.0,0.0,73.4,8.0,Individual,5,High Risk,Manual Review
77388445,24000.0, 60 months,21.97,E,E4,8 years,RENT,75000.0,Verified,credit_card,NC,43.92,0.0,690.0,694.0,0.0,60.7,26.0,Individual,5,High Risk,Manual Review
77398484,15500.0, 60 months,21.18,E,E3,3 years,RENT,47000.0,Verified,debt_consolidation,NY,47.06,0.0,760.0,764.0,1.0,25.1,48.0,Individual,5,High Risk,Manual Review
77369350,30000.0, 60 months,27.34,G,G1,10+ years,RENT,80000.0,Verified,debt_consolidation,MD,30.75,0.0,675.0,679.0,0.0,75.7,16.0,Individual,5,High Risk,Manual Review
77298316,15825.0, 60 months,23.13,F,F1,7 years,RENT,36000.0,Source Verified,debt_consolidation,CA,30.67,0.0,705.0,709.0,2.0,44.2,13.0,Individual,5,High Risk,Manual Review
78448180,17100.0, 36 months,25.44,F,F2,1 year,OWN,96000.0,Not Verified,debt_consolidation,MN,34.23,0.0,725.0,729.0,0.0,63.4,20.0,Individual,5,High Risk,Manual Review
77498505,28000.0, 60 months,19.99,E,E1,8 years,MORTGAGE,86000.0,Not Verified,small_business,VA,34.6,0.0,705.0,709.0,0.0,41.6,31.0,Individual,5,High Risk,Manual Review
77327761,27400.0, 60 months,19.99,E,E1,10+ years,MORTGAGE,130666.0,Not Verified,debt_consolidation,MD,36.64,0.0,755.0,759.0,0.0,34.4,25.0,Individual,5,High Risk,Manual Review
76498774,12075.0, 36 months,19.99,E,E1,10+ years,OWN,36400.0,Not Verified,debt_consolidation,NY,38.54,0.0,670.0,674.0,1.0,85.7,12.0,Individual,6,High Risk,Manual Review
77530710,14000.0, 60 months,23.13,F,F1,10+ years,RENT,38000.0,Source Verified,debt_consolidation,TX,38.9,1.0,700.0,704.0,0.0,27.7,33.0,Individual,6,High Risk,Manual Review
76391868,4000.0, 36 months,20.99,E,E1,,RENT,24000.0,Verified,renewable_energy,OH,36.75,0.0,660.0,664.0,1.0,89.5,12.0,Individual,6,High Risk,Manual Review
77665367,10000.0, 36 months,20.99,E,E1,2 years,RENT,38000.0,Source Verified,credit_card,NY,34.77,0.0,670.0,674.0,0.0,52.5,9.0,Individual,5,High Risk,Manual Review
76436394,5000.0, 36 months,24.11,F,F2,9 years,MORTGAGE,50000.0,Source Verified,debt_consolidation,CO,35.09,2.0,670.0,674.0,1.0,68.3,25.0,Individual,6,High Risk,Manual Review
77396914,4000.0, 36 months,19.99,E,E1,< 1 year,RENT,27000.0,Source Verified,moving,SC,35.78,3.0,665.0,669.0,0.0,0.7,12.0,Individual,6,High Risk,Manual Review
76361158,34600.0, 60 months,23.13,F,F1,4 years,MORTGAGE,105000.0,Source Verified,debt_consolidation,TX,30.48,0.0,690.0,694.0,0.0,71.1,31.0,Individual,5,High Risk,Manual Review
77048171,21725.0, 60 months,25.88,F,F4,5 years,RENT,49380.0,Source Verified,debt_consolidation,AL,35.41,0.0,715.0,719.0,2.0,22.9,24.0,Joint App,5,High Risk,Manual Review
77317785,2875.0, 36 months,22.35,E,E2,2 years,MORTGAGE,25584.0,Source Verified,debt_consolidation,WI,38.56,0.0,670.0,674.0,3.0,57.0,19.0,Individual,5,High Risk,Manual Review
78188640,9000.0, 36 months,26.14,F,F4,10+ years,MORTGAGE,30000.0,Source Verified,debt_consolidation,PA,34.4,2.0,660.0,664.0,1.0,49.4,27.0,Individual,6,High Risk,Manual Review
77595668,2050.0, 36 months,23.32,E,E3,5 years,RENT,40000.0,Source Verified,small_business,MD,19.23,1.0,670.0,674.0,0.0,93.0,3.0,Individual,5,High Risk,Manual Review
78249955,3025.0, 36 months,29.67,G,G3,3 years,MORTGAGE,28800.0,Source Verified,debt_consolidation,ID,31.38,0.0,680.0,684.0,1.0,62.5,11.0,Individual,5,High Risk,Manual Review
76539234,35000.0, 36 months,22.35,E,E2,3 years,OWN,115000.0,Source Verified,debt_consolidation,CA,22.11,3.0,690.0,694.0,0.0,82.9,25.0,Individual,5,High Risk,Manual Review
78359273,14300.0, 36 months,24.99,E,E5,3 years,MORTGAGE,50360.0,Not Verified,credit_card,OR,30.6,0.0,675.0,679.0,0.0,43.6,44.0,Individual,5,High Risk,Manual Review
78359552,28150.0, 36 months,22.35,E,E2,10+ years,MORTGAGE,70000.0,Verified,debt_consolidation,OH,31.01,0.0,670.0,674.0,1.0,71.0,17.0,Individual,5,High Risk,Manual Review
76448781,17475.0, 60 months,21.18,E,E3,7 years,RENT,47000.0,Source Verified,debt_consolidation,CA,30.72,0.0,660.0,664.0,0.0,53.6,35.0,Individual,5,High Risk,Manual Review
77327311,16000.0, 36 months,16.29,D,D1,10+ years,MORTGAGE,47000.0,Source Verified,home_improvement,TN,31.36,2.0,670.0,674.0,2.0,89.4,24.0,Individual,5,High Risk,Manual Review
78269697,35000.0, 36 months,24.99,E,E5,10+ years,MORTGAGE,138100.0,Verified,debt_consolidation,TX,39.04,0.0,685.0,689.0,1.0,86.8,44.0,Individual,6,High Risk,Manual Review
77851296,23500.0, 36 months,23.32,E,E3,6 years,RENT,47000.0,Verified,debt_consolidation,NY,43.08,0.0,680.0,684.0,1.0,73.8,39.0,Individual,5,High Risk,Manual Review
77318043,10400.0, 36 months,24.99,E,E5,5 years,RENT,26000.0,Not Verified,credit_card,NY,34.81,0.0,680.0,684.0,0.0,41.0,31.0,Individual,5,High Risk,Manual Review
77785381,4650.0, 36 months,24.99,E,E5,,RENT,14000.0,Source Verified,debt_consolidation,RI,33.7,0.0,665.0,669.0,0.0,37.3,21.0,Individual,5,High Risk,Manual Review
76925143,20725.0, 60 months,18.25,D,D3,8 years,RENT,37000.0,Verified,debt_consolidation,IL,37.24,1.0,670.0,674.0,0.0,86.6,14.0,Joint App,5,High Risk,Manual Review
78158649,7000.0, 36 months,20.99,E,E1,< 1 year,MORTGAGE,68000.0,Source Verified,home_improvement,TX,35.46,0.0,660.0,664.0,1.0,67.0,47.0,Individual,5,High Risk,Manual Review
76588769,40000.0, 60 months,28.14,G,G2,9 years,RENT,92000.0,Verified,debt_consolidation,CA,30.52,0.0,705.0,709.0,1.0,66.3,24.0,Individual,5,High Risk,Manual Review
77538536,12000.0, 60 months,24.99,F,F3,10+ years,RENT,40000.0,Not Verified,debt_consolidation,CA,36.19,0.0,735.0,739.0,0.0,50.1,9.0,Individual,5,High Risk,Manual Review
77795405,10125.0, 36 months,25.65,F,F3,< 1 year,RENT,32000.0,Verified,debt_consolidation,MD,39.87,0.0,685.0,689.0,0.0,85.7,22.0,Individual,6,High Risk,Manual Review
77361129,12300.0, 36 months,16.29,D,D1,2 years,MORTGAGE,37000.0,Verified,debt_consolidation,KY,30.04,1.0,675.0,679.0,0.0,85.9,26.0,Joint App,5,High Risk,Manual Review
77170781,16000.0, 60 months,20.75,E,E2,3 years,RENT,50000.0,Verified,debt_consolidation,CA,30.99,0.0,680.0,684.0,1.0,50.6,17.0,Individual,5,High Risk,Manual Review
76447299,28075.0, 60 months,21.97,E,E4,10+ years,MORTGAGE,75000.0,Source Verified,debt_consolidation,NC,30.88,0.0,665.0,669.0,2.0,69.2,35.0,Individual,5,High Risk,Manual Review
78299398,4200.0, 36 months,16.29,D,D1,10+ years,MORTGAGE,81000.0,Not Verified,credit_card,FL,35.45,1.0,705.0,709.0,0.0,93.1,24.0,Individual,5,High Risk,Manual Review
76262746,10000.0, 60 months,24.99,F,F3,2 years,RENT,29120.0,Source Verified,other,GA,32.56,1.0,670.0,674.0,3.0,45.5,30.0,Individual,6,High Risk,Manual Review
77539283,20000.0, 60 months,24.99,F,F3,10+ years,MORTGAGE,100000.0,Not Verified,credit_card,OH,33.53,0.0,700.0,704.0,0.0,72.9,33.0,Individual,5,High Risk,Manual Review
77330613,35000.0, 60 months,24.11,F,F2,8 years,MORTGAGE,110000.0,Source Verified,debt_consolidation,TX,35.36,1.0,685.0,689.0,0.0,83.9,55.0,Individual,7,High Risk,Manual Review
77538299,30000.0, 60 months,22.45,E,E5,10+ years,OWN,155000.0,Verified,debt_consolidation,NY,33.44,0.0,695.0,699.0,1.0,95.0,20.0,Individual,6,High Risk,Manual Review
77478989,30700.0, 60 months,28.99,G,G5,8 years,MORTGAGE,61420.0,Verified,debt_consolidation,NM,45.97,0.0,660.0,664.0,0.0,75.6,30.0,Individual,5,High Risk,Manual Review
78299490,26400.0, 36 months,18.99,D,D4,5 years,MORTGAGE,90000.0,Not Verified,credit_card,IN,31.57,1.0,680.0,684.0,0.0,94.4,25.0,Individual,5,High Risk,Manual Review
77298889,26300.0, 60 months,27.34,G,G1,10+ years,OWN,60000.0,Not Verified,debt_consolidation,NV,38.54,0.0,710.0,714.0,0.0,65.9,29.0,Individual,5,High Risk,Manual Review
77399923,29000.0, 60 months,24.99,F,F3,10+ years,RENT,64500.0,Source Verified,debt_consolidation,IL,34.07,0.0,675.0,679.0,0.0,69.1,23.0,Individual,5,High Risk,Manual Review
77497868,16000.0, 60 months,24.11,F,F2,1 year,OWN,56300.0,Source Verified,debt_consolidation,OK,36.52,0.0,675.0,679.0,1.0,59.6,46.0,Individual,5,High Risk,Manual Review
77329828,24000.0, 60 months,17.27,D,D2,< 1 year,MORTGAGE,72040.0,Not Verified,debt_consolidation,TX,31.69,3.0,700.0,704.0,0.0,85.9,40.0,Individual,5,High Risk,Manual Review
76437973,12800.0, 60 months,19.99,E,E1,8 years,RENT,32000.0,Source Verified,debt_consolidation,MI,37.13,0.0,660.0,664.0,0.0,61.6,12.0,Individual,5,High Risk,Manual Review
77309788,30700.0, 60 months,26.57,F,F5,2 years,OWN,80000.0,Source Verified,debt_consolidation,WY,30.08,0.0,695.0,699.0,0.0,50.3,24.0,Individual,5,High Risk,Manual Review
77488568,24400.0, 60 months,27.34,G,G1,2 years,OWN,61000.0,Verified,debt_consolidation,TX,34.88,0.0,700.0,704.0,1.0,100.0,41.0,Individual,6,High Risk,Manual Review
77320079,22775.0, 60 months,24.99,F,F3,10+ years,MORTGAGE,63000.0,Not Verified,debt_consolidation,MI,31.83,0.0,700.0,704.0,1.0,66.0,27.0,Individual,5,High Risk,Manual Review
77563805,20000.0, 60 months,24.11,F,F2,8 years,MORTGAGE,61000.0,Source Verified,debt_consolidation,VA,35.59,0.0,710.0,714.0,1.0,30.0,27.0,Individual,5,High Risk,Manual Review
78228318,5000.0, 36 months,23.99,E,E4,10+ years,RENT,42000.0,Not Verified,debt_consolidation,IL,36.0,0.0,700.0,704.0,2.0,39.3,17.0,Individual,5,High Risk,Manual Review
76925325,28350.0, 60 months,23.13,F,F1,10+ years,OWN,90000.0,Verified,debt_consolidation,NJ,37.69,0.0,685.0,689.0,0.0,82.5,37.0,Individual,6,High Risk,Manual Review
78329016,10000.0, 36 months,23.32,E,E3,10+ years,RENT,60000.0,Not Verified,other,FL,33.04,0.0,660.0,664.0,1.0,40.5,56.0,Individual,5,High Risk,Manual Review
77429676,10000.0, 60 months,25.88,F,F4,2 years,MORTGAGE,71500.0,Source Verified,home_improvement,VA,30.16,0.0,700.0,704.0,0.0,80.2,33.0,Individual,6,High Risk,Manual Review
75225014,27325.0, 60 months,24.99,F,F3,10+ years,RENT,80000.0,Not Verified,debt_consolidation,NC,34.22,0.0,705.0,709.0,0.0,78.3,20.0,Individual,5,High Risk,Manual Review
76437944,23925.0, 60 months,21.18,E,E3,2 years,MORTGAGE,57000.0,Verified,debt_consolidation,CT,49.54,0.0,675.0,679.0,1.0,86.8,17.0,Individual,6,High Risk,Manual Review
77309732,19200.0, 60 months,24.99,F,F3,10+ years,MORTGAGE,111000.0,Verified,home_improvement,TX,36.44,0.0,660.0,664.0,1.0,59.6,34.0,Individual,5,High Risk,Manual Review
77498148,30000.0, 60 months,28.34,G,G3,,OWN,101000.0,Verified,debt_consolidation,NY,36.88,0.0,695.0,699.0,2.0,54.2,51.0,Individual,5,High Risk,Manual Review
77326748,33975.0, 60 months,20.75,E,E2,10+ years,MORTGAGE,70000.0,Verified,home_improvement,MO,34.66,0.0,720.0,724.0,0.0,54.3,17.0,Joint App,5,High Risk,Manual Review
77419736,11200.0, 60 months,23.13,F,F1,10+ years,MORTGAGE,67000.0,Not Verified,home_improvement,NC,33.53,0.0,660.0,664.0,0.0,51.8,37.0,Individual,5,High Risk,Manual Review
77931552,9600.0, 36 months,25.44,F,F2,4 years,OWN,30000.0,Source Verified,credit_card,TX,34.52,0.0,670.0,674.0,0.0,48.4,20.0,Individual,5,High Risk,Manual Review
76754023,22000.0, 60 months,19.99,E,E1,,MORTGAGE,64800.0,Verified,credit_card,MI,34.02,0.0,690.0,694.0,0.0,88.9,34.0,Individual,6,High Risk,Manual Review
77128811,11775.0, 60 months,20.75,E,E2,< 1 year,RENT,31000.0,Verified,credit_card,PA,32.11,0.0,665.0,669.0,0.0,73.4,35.0,Individual,5,High Risk,Manual Review
76548331,15500.0, 60 months,22.45,E,E5,10+ years,RENT,31000.0,Not Verified,debt_consolidation,TN,34.5,0.0,680.0,684.0,0.0,66.1,12.0,Individual,5,High Risk,Manual Review
77562629,16000.0, 60 months,24.11,F,F2,,MORTGAGE,73000.0,Verified,house,MA,31.25,0.0,710.0,714.0,0.0,93.3,17.0,Individual,6,High Risk,Manual Review
77553350,12000.0, 60 months,20.75,E,E2,2 years,OWN,230000.0,Source Verified,debt_consolidation,CA,11.35,1.0,670.0,674.0,1.0,95.8,20.0,Individual,5,High Risk,Manual Review
77041361,25075.0, 36 months,26.57,F,F5,10+ years,RENT,60000.0,Verified,debt_consolidation,WA,31.02,0.0,675.0,679.0,1.0,43.9,22.0,Individual,5,High Risk,Manual Review
77297548,19800.0, 60 months,20.75,E,E2,10+ years,MORTGAGE,45000.0,Source Verified,debt_consolidation,SC,36.75,0.0,690.0,694.0,0.0,64.0,32.0,Individual,5,High Risk,Manual Review
77307596,11000.0, 60 months,21.18,E,E3,,RENT,32000.0,Verified,other,AZ,37.28,0.0,665.0,669.0,1.0,72.7,26.0,Individual,5,High Risk,Manual Review
77479184,16000.0, 60 months,26.57,F,F5,10+ years,RENT,41000.0,Verified,debt_consolidation,CA,47.31,0.0,670.0,674.0,0.0,55.1,31.0,Individual,5,High Risk,Manual Review
76438261,22250.0, 60 months,26.57,F,F5,,MORTGAGE,58608.0,Verified,debt_consolidation,SC,31.0,0.0,675.0,679.0,0.0,72.8,22.0,Individual,5,High Risk,Manual Review
77080035,19350.0, 60 months,17.27,D,D2,10+ years,MORTGAGE,87000.0,Verified,debt_consolidation,MO,35.21,1.0,665.0,669.0,0.0,82.2,26.0,Joint App,5,High Risk,Manual Review
77408553,27275.0, 60 months,26.57,F,F5,3 years,MORTGAGE,68500.0,Verified,home_improvement,TX,37.48,0.0,665.0,669.0,2.0,51.9,25.0,Individual,5,High Risk,Manual Review
77297289,35000.0, 60 months,21.97,E,E4,,MORTGAGE,50000.0,Source Verified,debt_consolidation,TX,40.25,0.0,685.0,689.0,1.0,50.8,27.0,Joint App,5,High Risk,Manual Review
78268595,18775.0, 36 months,22.35,E,E2,10+ years,RENT,46000.0,Not Verified,debt_consolidation,IN,37.44,0.0,665.0,669.0,1.0,49.7,39.0,Individual,5,High Risk,Manual Review
78208373,40000.0, 36 months,22.35,E,E2,10+ years,RENT,108000.0,Verified,debt_consolidation,MO,31.12,0.0,725.0,729.0,2.0,29.6,44.0,Individual,5,High Risk,Manual Review
77260263,22875.0, 60 months,21.97,E,E4,6 years,RENT,65000.0,Source Verified,other,GA,31.79,0.0,665.0,669.0,0.0,55.1,12.0,Individual,5,High Risk,Manual Review
77409663,16600.0, 60 months,24.99,F,F3,2 years,MORTGAGE,135800.0,Source Verified,credit_card,GA,19.4,1.0,660.0,664.0,1.0,82.9,34.0,Individual,5,High Risk,Manual Review
77437610,18000.0, 60 months,26.57,F,F5,10+ years,RENT,67000.0,Source Verified,credit_card,NC,36.45,0.0,680.0,684.0,2.0,51.9,23.0,Individual,5,High Risk,Manual Review
77309074,34050.0, 60 months,25.88,F,F4,10+ years,MORTGAGE,102000.0,Not Verified,debt_consolidation,WV,32.8,1.0,690.0,694.0,0.0,61.1,34.0,Individual,6,High Risk,Manual Review
77528762,17000.0, 60 months,24.99,F,F3,10+ years,MORTGAGE,62000.0,Verified,debt_consolidation,MI,37.3,1.0,665.0,669.0,0.0,95.9,25.0,Individual,7,High Risk,Manual Review
77358884,31200.0, 60 months,23.13,F,F1,10+ years,MORTGAGE,105000.0,Verified,credit_card,PA,35.11,0.0,685.0,689.0,0.0,76.1,42.0,Individual,5,High Risk,Manual Review
77020687,20250.0, 60 months,20.75,E,E2,5 years,RENT,45000.0,Verified,debt_consolidation,MN,37.49,0.0,690.0,694.0,0.0,78.0,14.0,Individual,5,High Risk,Manual Review
77509471,34200.0, 60 months,23.13,F,F1,10+ years,MORTGAGE,90000.0,Verified,credit_card,VA,30.23,0.0,675.0,679.0,0.0,42.1,38.0,Individual,5,High Risk,Manual Review
77240309,16000.0, 60 months,21.97,E,E4,3 years,OWN,63564.8,Verified,major_purchase,NM,36.7,0.0,665.0,669.0,0.0,70.0,34.0,Individual,5,High Risk,Manual Review
77327410,11700.0, 60 months,28.67,G,G4,7 years,RENT,29285.0,Verified,other,MI,31.35,0.0,690.0,694.0,0.0,8.4,23.0,Individual,5,High Risk,Manual Review
77368662,33750.0, 60 months,24.99,F,F3,8 years,MORTGAGE,75000.0,Verified,credit_card,OH,32.72,0.0,670.0,674.0,1.0,92.0,35.0,Individual,6,High Risk,Manual Review
77468691,23500.0, 60 months,24.99,F,F3,10+ years,RENT,47000.0,Verified,debt_consolidation,FL,37.64,0.0,695.0,699.0,0.0,36.3,30.0,Individual,5,High Risk,Manual Review
77190829,30000.0, 60 months,19.99,E,E1,4 years,RENT,70000.0,Source Verified,debt_consolidation,MI,35.27,13.0,660.0,664.0,0.0,45.2,38.0,Individual,6,High Risk,Manual Review
77551133,22125.0, 60 months,19.99,E,E1,10+ years,MORTGAGE,65000.0,Source Verified,credit_card,IL,30.5,0.0,665.0,669.0,0.0,76.6,21.0,Individual,5,High Risk,Manual Review
77358682,10000.0, 60 months,24.11,F,F2,10+ years,MORTGAGE,43000.0,Source Verified,other,AL,34.47,0.0,665.0,669.0,0.0,97.2,23.0,Individual,6,High Risk,Manual Review
77102063,18200.0, 60 months,28.34,G,G3,6 years,MORTGAGE,36400.0,Source Verified,debt_consolidation,VA,37.49,0.0,665.0,669.0,0.0,76.4,25.0,Individual,5,High Risk,Manual Review
77851302,10425.0, 36 months,19.99,D,D5,3 years,RENT,29000.0,Verified,debt_consolidation,WY,33.4,1.0,660.0,664.0,1.0,83.7,13.0,Individual,5,High Risk,Manual Review
76438214,30000.0, 60 months,24.11,F,F2,10+ years,MORTGAGE,110000.0,Verified,debt_consolidation,NY,37.55,1.0,665.0,669.0,3.0,79.0,40.0,Individual,6,High Risk,Manual Review
78051865,7000.0, 36 months,20.99,E,E1,< 1 year,RENT,23000.0,Verified,debt_consolidation,TX,33.35,0.0,690.0,694.0,0.0,83.8,11.0,Individual,6,High Risk,Manual Review
77911527,6500.0, 36 months,24.99,E,E5,2 years,RENT,35360.0,Source Verified,debt_consolidation,OH,31.6,1.0,675.0,679.0,1.0,30.8,19.0,Individual,6,High Risk,Manual Review
77436597,12450.0, 60 months,24.11,F,F2,4 years,RENT,45000.0,Source Verified,debt_consolidation,TX,30.83,0.0,665.0,669.0,1.0,49.4,16.0,Individual,5,High Risk,Manual Review
77715770,2000.0, 36 months,20.99,E,E1,10+ years,RENT,38000.0,Source Verified,debt_consolidation,NV,31.49,1.0,665.0,669.0,0.0,34.9,24.0,Individual,6,High Risk,Manual Review
76447470,15575.0, 60 months,21.97,E,E4,,MORTGAGE,33890.28,Verified,major_purchase,OH,33.18,0.0,680.0,684.0,2.0,68.8,30.0,Individual,5,High Risk,Manual Review
77530765,11225.0, 36 months,20.75,E,E2,10+ years,MORTGAGE,67000.0,Verified,credit_card,MN,40.28,0.0,670.0,674.0,0.0,88.9,39.0,Individual,6,High Risk,Manual Review
77346139,20000.0, 60 months,27.34,G,G1,1 year,RENT,68400.0,Source Verified,debt_consolidation,TX,44.75,0.0,675.0,679.0,2.0,47.6,56.0,Individual,5,High Risk,Manual Review
77019415,7000.0, 36 months,19.99,E,E1,2 years,RENT,39000.0,Source Verified,debt_consolidation,NC,42.09,3.0,685.0,689.0,1.0,48.7,21.0,Individual,6,High Risk,Manual Review
77527492,6000.0, 36 months,23.13,F,F1,5 years,RENT,35000.0,Source Verified,debt_consolidation,TX,44.99,0.0,660.0,664.0,0.0,38.3,23.0,Individual,5,High Risk,Manual Review
77529048,40000.0, 36 months,21.97,E,E4,5 years,RENT,180000.0,Verified,debt_consolidation,CA,42.15,0.0,710.0,714.0,0.0,57.2,20.0,Individual,5,High Risk,Manual Review
77300871,35000.0, 36 months,22.45,E,E5,4 years,MORTGAGE,75000.0,Source Verified,debt_consolidation,PA,32.78,0.0,735.0,739.0,1.0,30.2,23.0,Individual,5,High Risk,Manual Review
77378474,30000.0, 60 months,25.88,F,F4,10+ years,RENT,68000.0,Verified,debt_consolidation,MA,39.75,0.0,680.0,684.0,3.0,68.0,26.0,Individual,5,High Risk,Manual Review
77573186,10000.0, 36 months,22.35,E,E2,10+ years,MORTGAGE,37000.0,Source Verified,debt_consolidation,ID,44.5,1.0,690.0,694.0,0.0,49.6,21.0,Individual,6,High Risk,Manual Review
77991214,2800.0, 36 months,20.99,E,E1,6 years,RENT,55000.0,Verified,renewable_energy,MI,30.98,1.0,670.0,674.0,0.0,93.9,18.0,Individual,7,High Risk,Manual Review
77346271,11200.0, 60 months,20.75,E,E2,10+ years,OWN,41000.0,Verified,debt_consolidation,AL,31.34,1.0,685.0,689.0,0.0,68.2,17.0,Individual,6,High Risk,Manual Review
77294230,18000.0, 60 months,19.99,E,E1,5 years,RENT,50000.0,Verified,debt_consolidation,AZ,35.43,0.0,685.0,689.0,0.0,72.0,24.0,Individual,5,High Risk,Manual Review
77371464,7200.0, 36 months,20.75,E,E2,1 year,RENT,28500.0,Source Verified,other,TX,42.32,1.0,695.0,699.0,1.0,35.8,25.0,Individual,6,High Risk,Manual Review
76063177,33925.0, 36 months,19.99,E,E1,10+ years,RENT,80000.0,Not Verified,debt_consolidation,CA,30.89,0.0,730.0,734.0,0.0,19.9,23.0,Individual,5,High Risk,Manual Review
76448395,28100.0, 60 months,21.18,E,E3,10+ years,MORTGAGE,98000.0,Verified,debt_consolidation,MS,31.42,0.0,695.0,699.0,2.0,37.0,42.0,Individual,5,High Risk,Manual Review
75911245,19200.0, 60 months,23.13,F,F1,10+ years,MORTGAGE,60000.0,Verified,credit_card,OK,41.06,0.0,675.0,679.0,0.0,69.1,54.0,Individual,5,High Risk,Manual Review
76314695,28375.0, 36 months,18.99,D,D4,3 years,MORTGAGE,150000.0,Verified,credit_card,NY,35.93,1.0,665.0,669.0,0.0,90.1,24.0,Individual,5,High Risk,Manual Review
77060621,19000.0, 60 months,21.18,E,E3,4 years,MORTGAGE,78000.0,Source Verified,debt_consolidation,SC,20.14,7.0,665.0,669.0,0.0,86.7,20.0,Individual,5,High Risk,Manual Review
77457300,20475.0, 60 months,19.53,D,D5,10+ years,MORTGAGE,96000.0,Not Verified,home_improvement,PA,36.81,1.0,690.0,694.0,1.0,84.0,32.0,Individual,5,High Risk,Manual Review
77517708,20000.0, 60 months,26.57,F,F5,,RENT,44998.0,Verified,debt_consolidation,TX,49.03,0.0,685.0,689.0,0.0,78.4,22.0,Individual,5,High Risk,Manual Review
76955896,12000.0, 60 months,21.18,E,E3,10+ years,MORTGAGE,84000.0,Verified,home_improvement,OK,36.07,0.0,695.0,699.0,0.0,96.6,22.0,Individual,6,High Risk,Manual Review
77481378,9350.0, 36 months,23.99,E,E4,5 years,OWN,41000.0,Source Verified,debt_consolidation,NC,33.58,0.0,675.0,679.0,0.0,54.0,25.0,Individual,5,High Risk,Manual Review
77825298,12000.0, 36 months,23.32,E,E3,3 years,RENT,30000.0,Verified,debt_consolidation,CA,37.28,0.0,680.0,684.0,0.0,64.4,15.0,Individual,5,High Risk,Manual Review
77529823,35000.0, 36 months,21.18,E,E3,10+ years,OWN,76000.0,Not Verified,debt_consolidation,CT,49.76,0.0,695.0,699.0,0.0,71.4,24.0,Individual,5,High Risk,Manual Review
77406398,7500.0, 36 months,25.88,F,F4,,RENT,32625.0,Verified,debt_consolidation,WA,43.89,0.0,700.0,704.0,0.0,72.0,22.0,Individual,5,High Risk,Manual Review
77685243,5225.0, 36 months,22.35,E,E2,,RENT,22689.8,Verified,debt_consolidation,CA,33.86,0.0,670.0,674.0,0.0,71.9,13.0,Individual,5,High Risk,Manual Review
77795246,10000.0, 36 months,23.32,E,E3,1 year,RENT,32000.0,Source Verified,debt_consolidation,CO,45.31,0.0,660.0,664.0,0.0,55.7,19.0,Individual,5,High Risk,Manual Review
77330345,12000.0, 36 months,22.45,E,E5,9 years,MORTGAGE,60000.0,Verified,debt_consolidation,TX,37.36,2.0,665.0,669.0,0.0,60.5,24.0,Individual,6,High Risk,Manual Review
75355189,22000.0, 60 months,24.99,F,F3,,RENT,50000.0,Verified,debt_consolidation,MN,28.92,1.0,665.0,669.0,0.0,83.9,21.0,Individual,5,High Risk,Manual Review
77169881,14400.0, 60 months,21.97,E,E4,10+ years,RENT,67000.0,Verified,debt_consolidation,VA,38.89,0.0,670.0,674.0,2.0,0.0,39.0,Individual,5,High Risk,Manual Review
77337621,24000.0, 60 months,22.45,E,E5,1 year,RENT,65000.0,Source Verified,debt_consolidation,VA,27.96,2.0,680.0,684.0,0.0,98.3,13.0,Individual,5,High Risk,Manual Review
76191458,34000.0, 60 months,16.29,D,D1,2 years,MORTGAGE,104000.0,Verified,debt_consolidation,WA,34.99,1.0,670.0,674.0,0.0,88.1,31.0,Individual,5,High Risk,Manual Review
76437404,30000.0, 60 months,21.97,E,E4,10+ years,RENT,71500.0,Verified,debt_consolidation,TX,33.99,0.0,660.0,664.0,0.0,61.5,64.0,Individual,5,High Risk,Manual Review
77507271,24000.0, 60 months,21.18,E,E3,10+ years,MORTGAGE,105000.0,Source Verified,debt_consolidation,WA,30.34,0.0,700.0,704.0,1.0,35.0,32.0,Individual,5,High Risk,Manual Review
76448946,21600.0, 60 months,25.88,F,F4,6 years,MORTGAGE,70000.0,Verified,debt_consolidation,VA,30.57,0.0,695.0,699.0,1.0,99.1,27.0,Individual,6,High Risk,Manual Review
77051285,16000.0, 60 months,19.99,E,E1,7 years,MORTGAGE,45000.0,Source Verified,credit_card,TX,35.17,0.0,670.0,674.0,0.0,70.7,45.0,Individual,5,High Risk,Manual Review
77467240,10400.0, 60 months,20.75,E,E2,1 year,MORTGAGE,72000.0,Source Verified,debt_consolidation,OR,31.25,0.0,670.0,674.0,1.0,90.3,15.0,Individual,6,High Risk,Manual Review
77387666,10075.0, 60 months,26.57,F,F5,10+ years,RENT,35000.0,Source Verified,home_improvement,FL,30.01,0.0,680.0,684.0,2.0,40.8,24.0,Individual,5,High Risk,Manual Review
77765612,4800.0, 36 months,23.99,E,E4,2 years,RENT,24000.0,Verified,debt_consolidation,TN,48.7,0.0,675.0,679.0,0.0,70.2,8.0,Individual,5,High Risk,Manual Review
77446381,12375.0, 60 months,28.14,G,G2,10+ years,OWN,103658.0,Verified,debt_consolidation,FL,43.11,1.0,680.0,684.0,1.0,60.6,38.0,Individual,6,High Risk,Manual Review
77508516,12025.0, 36 months,19.99,E,E1,,RENT,26400.0,Verified,credit_card,CA,32.0,0.0,665.0,669.0,0.0,59.5,9.0,Joint App,5,High Risk,Manual Review
77507651,26000.0, 60 months,20.75,E,E2,< 1 year,MORTGAGE,62000.0,Not Verified,debt_consolidation,OH,38.52,0.0,705.0,709.0,0.0,37.9,20.0,Individual,5,High Risk,Manual Review
77554281,12000.0, 60 months,20.75,E,E2,2 years,OWN,44000.0,Source Verified,debt_consolidation,TX,38.3,0.0,665.0,669.0,0.0,89.0,34.0,Individual,6,High Risk,Manual Review
77142410,18000.0, 60 months,19.99,E,E1,10+ years,MORTGAGE,58500.0,Source Verified,debt_consolidation,GA,30.03,0.0,665.0,669.0,0.0,88.7,32.0,Individual,6,High Risk,Manual Review
75808207,15000.0, 60 months,19.99,E,E1,10+ years,MORTGAGE,52000.0,Not Verified,debt_consolidation,FL,34.83,0.0,755.0,759.0,0.0,26.2,13.0,Individual,5,High Risk,Manual Review
77317357,20000.0, 60 months,15.31,C,C5,4 years,MORTGAGE,72000.0,Verified,debt_consolidation,NE,30.23,2.0,660.0,664.0,0.0,98.2,35.0,Individual,5,High Risk,Manual Review
77468052,26600.0, 60 months,28.67,G,G4,8 years,RENT,70000.0,Source Verified,debt_consolidation,CA,32.4,0.0,660.0,664.0,1.0,53.5,25.0,Individual,5,High Risk,Manual Review
77099908,9900.0, 36 months,21.97,E,E4,10+ years,RENT,33000.0,Verified,debt_consolidation,MI,34.04,0.0,670.0,674.0,0.0,71.6,21.0,Individual,5,High Risk,Manual Review
77250877,20000.0, 60 months,21.97,E,E4,2 years,RENT,56000.0,Source Verified,debt_consolidation,FL,35.47,1.0,685.0,689.0,2.0,35.4,52.0,Individual,6,High Risk,Manual Review
78001154,4000.0, 36 months,22.35,E,E2,< 1 year,RENT,14400.0,Source Verified,car,VA,35.75,2.0,675.0,679.0,0.0,0.0,12.0,Individual,6,High Risk,Manual Review
77060672,25000.0, 60 months,28.99,G,G5,8 years,RENT,80000.0,Not Verified,debt_consolidation,CA,45.39,1.0,670.0,674.0,0.0,54.1,23.0,Individual,6,High Risk,Manual Review
77171432,12000.0, 60 months,21.97,E,E4,10+ years,OWN,72000.0,Verified,home_improvement,FL,38.18,0.0,680.0,684.0,1.0,94.3,27.0,Individual,6,High Risk,Manual Review
77318192,35000.0, 60 months,25.88,F,F4,9 years,OWN,95000.0,Source Verified,home_improvement,MD,31.62,1.0,685.0,689.0,0.0,82.2,28.0,Individual,7,High Risk,Manual Review
77376783,18900.0, 60 months,28.34,G,G3,10+ years,RENT,45000.0,Verified,debt_consolidation,CA,30.08,2.0,660.0,664.0,1.0,49.1,19.0,Individual,6,High Risk,Manual Review
77188707,21425.0, 60 months,22.45,E,E5,,MORTGAGE,56385.0,Not Verified,debt_consolidation,VA,33.05,0.0,680.0,684.0,0.0,15.6,45.0,Individual,5,High Risk,Manual Review
77487808,30000.0, 60 months,21.97,E,E4,< 1 year,MORTGAGE,72000.0,Source Verified,debt_consolidation,ID,18.85,1.0,670.0,674.0,0.0,83.4,22.0,Individual,5,High Risk,Manual Review
77297495,20000.0, 60 months,23.13,F,F1,10+ years,MORTGAGE,90000.0,Source Verified,debt_consolidation,NC,33.48,0.0,725.0,729.0,0.0,70.5,33.0,Individual,5,High Risk,Manual Review
77179503,6500.0, 36 months,20.99,E,E1,5 years,RENT,26500.0,Source Verified,credit_card,NY,38.18,0.0,680.0,684.0,2.0,72.5,19.0,Individual,5,High Risk,Manual Review
77574139,6900.0, 36 months,25.88,F,F4,3 years,RENT,38000.0,Source Verified,debt_consolidation,OR,43.59,0.0,685.0,689.0,0.0,82.2,22.0,Individual,6,High Risk,Manual Review
76181224,30000.0, 36 months,21.18,E,E3,1 year,MORTGAGE,84000.0,Verified,debt_consolidation,IN,21.31,3.0,665.0,669.0,0.0,93.1,23.0,Individual,5,High Risk,Manual Review
77376629,25000.0, 60 months,20.75,E,E2,10+ years,RENT,70000.0,Source Verified,debt_consolidation,LA,35.56,1.0,685.0,689.0,2.0,35.1,53.0,Individual,6,High Risk,Manual Review
77061588,15425.0, 60 months,20.75,E,E2,1 year,MORTGAGE,40000.0,Source Verified,debt_consolidation,AZ,31.38,0.0,695.0,699.0,0.0,93.1,17.0,Individual,6,High Risk,Manual Review
77476938,28000.0, 60 months,19.99,E,E1,10+ years,MORTGAGE,81000.0,Source Verified,debt_consolidation,TX,30.33,0.0,740.0,744.0,0.0,86.8,15.0,Individual,6,High Risk,Manual Review
77358137,23950.0, 60 months,22.45,E,E5,10+ years,MORTGAGE,90000.0,Not Verified,debt_consolidation,PA,39.97,0.0,695.0,699.0,0.0,53.3,48.0,Individual,5,High Risk,Manual Review
77386258,20350.0, 60 months,21.18,E,E3,10+ years,MORTGAGE,67000.0,Source Verified,debt_consolidation,FL,32.59,0.0,670.0,674.0,0.0,76.2,54.0,Individual,5,High Risk,Manual Review
77406152,40000.0, 60 months,20.75,E,E2,10+ years,MORTGAGE,103300.0,Verified,debt_consolidation,VA,35.95,0.0,710.0,714.0,0.0,73.9,40.0,Individual,5,High Risk,Manual Review
77477640,28000.0, 60 months,21.18,E,E3,10+ years,MORTGAGE,84000.0,Source Verified,debt_consolidation,ME,31.3,0.0,675.0,679.0,0.0,74.3,19.0,Individual,5,High Risk,Manual Review
77488286,4800.0, 36 months,26.57,F,F5,< 1 year,RENT,16000.0,Verified,debt_consolidation,FL,36.23,0.0,660.0,664.0,1.0,53.9,11.0,Individual,5,High Risk,Manual Review
75645342,23900.0, 60 months,24.99,F,F3,,RENT,52000.0,Verified,debt_consolidation,NY,43.07,0.0,725.0,729.0,0.0,41.4,20.0,Individual,5,High Risk,Manual Review
77506324,30000.0, 60 months,21.18,E,E3,5 years,OWN,95999.0,Source Verified,credit_card,TX,30.5,0.0,670.0,674.0,0.0,56.1,42.0,Individual,5,High Risk,Manual Review
77171433,35000.0, 60 months,21.18,E,E3,10+ years,MORTGAGE,125000.0,Source Verified,debt_consolidation,FL,32.36,0.0,665.0,669.0,0.0,81.6,37.0,Individual,6,High Risk,Manual Review
77130686,14000.0, 60 months,21.97,E,E4,< 1 year,RENT,35000.0,Verified,other,MA,30.16,0.0,685.0,689.0,0.0,30.5,22.0,Individual,5,High Risk,Manual Review
75974122,30000.0, 60 months,24.11,F,F2,10+ years,MORTGAGE,114000.0,Source Verified,debt_consolidation,WI,35.07,0.0,680.0,684.0,0.0,78.8,29.0,Individual,5,High Risk,Manual Review
76448422,23300.0, 60 months,20.75,E,E2,10+ years,MORTGAGE,69500.0,Source Verified,debt_consolidation,AZ,38.09,0.0,670.0,674.0,0.0,65.9,35.0,Individual,5,High Risk,Manual Review
77346485,25000.0, 60 months,28.34,G,G3,10+ years,MORTGAGE,50000.0,Source Verified,debt_consolidation,GA,37.33,1.0,670.0,674.0,1.0,71.7,32.0,Individual,6,High Risk,Manual Review
77079587,20000.0, 60 months,19.99,E,E1,10+ years,RENT,50000.0,Source Verified,debt_consolidation,KY,33.89,0.0,665.0,669.0,0.0,85.7,20.0,Individual,6,High Risk,Manual Review
77219268,7000.0, 36 months,22.45,E,E5,10+ years,MORTGAGE,48500.0,Source Verified,home_improvement,TX,37.64,0.0,695.0,699.0,1.0,53.7,34.0,Individual,5,High Risk,Manual Review
77140575,15000.0, 36 months,15.31,C,C5,6 years,MORTGAGE,93000.0,Source Verified,credit_card,IL,33.61,2.0,670.0,674.0,4.0,83.0,33.0,Individual,5,High Risk,Manual Review
76447614,28050.0, 60 months,27.34,G,G1,10+ years,RENT,61000.0,Verified,debt_consolidation,CA,32.21,0.0,715.0,719.0,0.0,61.9,17.0,Individual,5,High Risk,Manual Review
77555457,6400.0, 36 months,19.99,E,E1,,RENT,31848.0,Verified,debt_consolidation,NY,48.83,0.0,690.0,694.0,0.0,41.9,34.0,Individual,5,High Risk,Manual Review
77508706,35000.0, 36 months,23.32,E,E3,10+ years,MORTGAGE,98000.0,Source Verified,debt_consolidation,NE,36.07,0.0,685.0,689.0,1.0,39.4,37.0,Individual,5,High Risk,Manual Review
76437767,24000.0, 60 months,23.13,F,F1,9 years,MORTGAGE,59000.0,Verified,credit_card,MO,39.18,0.0,670.0,674.0,2.0,83.7,23.0,Individual,6,High Risk,Manual Review
77091005,11200.0, 60 months,19.99,E,E1,10+ years,OWN,39000.0,Verified,debt_consolidation,OK,39.88,0.0,700.0,704.0,1.0,80.0,25.0,Individual,5,High Risk,Manual Review
76194060,7550.0, 36 months,20.75,E,E2,10+ years,RENT,21000.0,Source Verified,debt_consolidation,NJ,42.0,0.0,690.0,694.0,0.0,51.6,15.0,Individual,5,High Risk,Manual Review
77337188,19200.0, 60 months,23.13,F,F1,10+ years,MORTGAGE,169000.0,Not Verified,credit_card,OH,30.99,0.0,665.0,669.0,1.0,87.2,55.0,Individual,6,High Risk,Manual Review
77377444,15000.0, 60 months,24.99,F,F3,8 years,RENT,45000.0,Source Verified,debt_consolidation,AZ,36.37,0.0,675.0,679.0,0.0,98.3,42.0,Individual,6,High Risk,Manual Review
75360464,23000.0, 60 months,20.75,E,E2,8 years,MORTGAGE,50000.0,Verified,debt_consolidation,NC,37.8,0.0,715.0,719.0,0.0,56.9,24.0,Individual,5,High Risk,Manual Review
77030374,10000.0, 60 months,21.18,E,E3,,MORTGAGE,10500.0,Verified,credit_card,GA,33.17,0.0,665.0,669.0,1.0,41.5,28.0,Joint App,5,High Risk,Manual Review
77258409,14250.0, 60 months,26.57,F,F5,9 years,RENT,31000.0,Verified,debt_consolidation,FL,40.11,0.0,715.0,719.0,0.0,37.4,26.0,Individual,5,High Risk,Manual Review
76436695,15225.0, 60 months,19.99,E,E1,10+ years,MORTGAGE,45000.0,Source Verified,debt_consolidation,DE,35.63,3.0,660.0,664.0,0.0,79.0,25.0,Individual,6,High Risk,Manual Review
76864971,12400.0, 60 months,21.97,E,E4,10+ years,MORTGAGE,42000.0,Verified,debt_consolidation,WA,36.63,0.0,715.0,719.0,0.0,56.4,20.0,Individual,5,High Risk,Manual Review
77527062,28600.0, 60 months,25.88,F,F4,10+ years,OWN,65000.0,Verified,debt_consolidation,OH,41.01,0.0,695.0,699.0,1.0,74.9,38.0,Individual,5,High Risk,Manual Review
75123597,26875.0, 60 months,24.99,F,F3,< 1 year,MORTGAGE,108000.0,Verified,debt_consolidation,VA,33.98,1.0,680.0,684.0,0.0,55.9,33.0,Individual,6,High Risk,Manual Review
77250935,16550.0, 60 months,23.13,F,F1,7 years,RENT,45000.0,Verified,debt_consolidation,CA,46.4,0.0,710.0,714.0,0.0,44.2,40.0,Individual,5,High Risk,Manual Review
77050524,31675.0, 36 months,19.99,E,E1,10+ years,RENT,66000.0,Verified,debt_consolidation,MA,42.11,1.0,710.0,714.0,0.0,37.2,9.0,Individual,6,High Risk,Manual Review
77805154,12175.0, 36 months,24.99,E,E5,3 years,RENT,34828.0,Verified,vacation,HI,33.8,0.0,690.0,694.0,2.0,59.0,10.0,Individual,5,High Risk,Manual Review
77271298,20725.0, 60 months,22.45,E,E5,10+ years,RENT,57127.0,Verified,debt_consolidation,AL,17.49,1.0,665.0,669.0,0.0,87.1,12.0,Individual,5,High Risk,Manual Review
77311240,35000.0, 36 months,25.11,F,F1,10+ years,RENT,96000.0,Not Verified,debt_consolidation,AZ,38.09,0.0,705.0,709.0,0.0,90.9,12.0,Individual,6,High Risk,Manual Review
77386874,8400.0, 36 months,23.13,F,F1,8 years,OWN,35000.0,Verified,debt_consolidation,TX,36.25,0.0,700.0,704.0,1.0,48.9,32.0,Individual,5,High Risk,Manual Review
77149518,32500.0, 60 months,27.34,G,G1,10+ years,MORTGAGE,65000.0,Source Verified,house,GA,30.39,0.0,725.0,729.0,0.0,27.7,17.0,Individual,5,High Risk,Manual Review
76437082,26400.0, 36 months,20.75,E,E2,,OWN,60000.0,Verified,debt_consolidation,WA,31.96,0.0,670.0,674.0,0.0,87.8,24.0,Individual,6,High Risk,Manual Review
77190483,33575.0, 60 months,19.99,E,E1,10+ years,RENT,125000.0,Verified,debt_consolidation,CA,34.1,0.0,670.0,674.0,0.0,58.0,43.0,Individual,5,High Risk,Manual Review
76448937,6250.0, 36 months,28.67,G,G4,6 years,RENT,26000.0,Verified,house,MI,30.19,0.0,665.0,669.0,1.0,86.9,19.0,Individual,6,High Risk,Manual Review
77320452,24000.0, 36 months,20.75,E,E2,1 year,MORTGAGE,110000.0,Verified,credit_card,MN,45.37,2.0,670.0,674.0,0.0,107.4,35.0,Individual,7,High Risk,Manual Review
77261311,10000.0, 36 months,20.75,E,E2,,OWN,39000.0,Verified,debt_consolidation,NY,48.46,1.0,660.0,664.0,1.0,49.2,40.0,Individual,6,High Risk,Manual Review
76718913,35000.0, 36 months,21.97,E,E4,10+ years,RENT,120000.0,Verified,credit_card,CA,45.65,1.0,665.0,669.0,0.0,53.2,44.0,Individual,6,High Risk,Manual Review
77300000,4000.0, 36 months,20.75,E,E2,10+ years,MORTGAGE,90000.0,Verified,moving,WA,36.51,0.0,670.0,674.0,0.0,81.1,38.0,Individual,6,High Risk,Manual Review
77379922,11000.0, 36 months,19.99,E,E1,,RENT,22000.0,Verified,debt_consolidation,FL,34.48,0.0,680.0,684.0,0.0,71.4,12.0,Individual,5,High Risk,Manual Review
77457102,5000.0, 36 months,20.75,E,E2,3 years,RENT,115500.0,Source Verified,major_purchase,TX,36.29,0.0,720.0,724.0,1.0,44.6,16.0,Individual,5,High Risk,Manual Review
77376724,16000.0, 36 months,19.99,E,E1,10+ years,RENT,138000.0,Source Verified,debt_consolidation,GA,30.22,3.0,660.0,664.0,1.0,48.0,38.0,Individual,6,High Risk,Manual Review
77478879,16000.0, 36 months,21.18,E,E3,4 years,OWN,47000.0,Verified,debt_consolidation,AL,48.14,0.0,680.0,684.0,1.0,43.4,31.0,Individual,5,High Risk,Manual Review
77539174,3600.0, 36 months,23.13,F,F1,3 years,RENT,30000.0,Source Verified,debt_consolidation,NM,33.51,0.0,670.0,674.0,1.0,59.8,20.0,Individual,5,High Risk,Manual Review
77168804,6700.0, 36 months,23.13,F,F1,6 years,RENT,21000.0,Source Verified,debt_consolidation,TX,34.57,0.0,705.0,709.0,1.0,49.6,10.0,Individual,5,High Risk,Manual Review
77271246,15750.0, 60 months,22.45,E,E5,10+ years,MORTGAGE,42000.0,Source Verified,credit_card,PA,37.77,0.0,705.0,709.0,0.0,98.7,25.0,Joint App,6,High Risk,Manual Review
76448698,12000.0, 36 months,17.27,D,D2,2 years,RENT,55000.0,Verified,debt_consolidation,NC,34.61,1.0,675.0,679.0,1.0,86.3,17.0,Individual,5,High Risk,Manual Review
77564357,6200.0, 36 months,20.75,E,E2,3 years,RENT,40000.0,Source Verified,debt_consolidation,IL,43.02,0.0,665.0,669.0,3.0,66.3,19.0,Individual,5,High Risk,Manual Review
77470112,6525.0, 36 months,24.99,F,F3,< 1 year,MORTGAGE,24000.0,Source Verified,debt_consolidation,NC,35.75,0.0,705.0,709.0,1.0,44.2,16.0,Individual,5,High Risk,Manual Review
77199337,35000.0, 60 months,24.11,F,F2,8 years,MORTGAGE,92000.0,Verified,debt_consolidation,NC,37.1,0.0,700.0,704.0,0.0,38.4,44.0,Individual,5,High Risk,Manual Review
77079753,13625.0, 60 months,22.45,E,E5,10+ years,MORTGAGE,46000.0,Verified,debt_consolidation,GA,39.16,1.0,665.0,669.0,0.0,53.0,35.0,Individual,6,High Risk,Manual Review
77337886,5350.0, 36 months,23.13,F,F1,10+ years,OWN,42500.0,Source Verified,credit_card,MN,37.36,0.0,680.0,684.0,1.0,39.9,19.0,Individual,5,High Risk,Manual Review
77249750,12000.0, 60 months,21.18,E,E3,5 years,RENT,38000.0,Source Verified,debt_consolidation,MI,30.16,1.0,670.0,674.0,1.0,47.8,28.0,Individual,6,High Risk,Manual Review
77321295,23050.0, 36 months,19.99,E,E1,7 years,RENT,60000.0,Not Verified,debt_consolidation,PA,37.44,0.0,685.0,689.0,2.0,59.3,30.0,Individual,5,High Risk,Manual Review
77411722,8150.0, 36 months,21.97,E,E4,9 years,RENT,42000.0,Source Verified,credit_card,NE,30.2,0.0,690.0,694.0,0.0,54.1,35.0,Individual,5,High Risk,Manual Review
77419941,12000.0, 36 months,21.97,E,E4,7 years,MORTGAGE,55000.0,Source Verified,debt_consolidation,KS,30.53,0.0,660.0,664.0,2.0,53.1,24.0,Individual,5,High Risk,Manual Review
76698889,12000.0, 36 months,20.75,E,E2,3 years,RENT,35000.0,Verified,debt_consolidation,CA,33.3,1.0,660.0,664.0,0.0,64.5,12.0,Individual,6,High Risk,Manual Review
77441110,22500.0, 36 months,23.13,F,F1,9 years,OWN,70000.0,Not Verified,debt_consolidation,GA,38.8,0.0,670.0,674.0,0.0,62.1,23.0,Individual,5,High Risk,Manual Review
77430874,1750.0, 36 months,21.97,E,E4,10+ years,MORTGAGE,46000.0,Not Verified,medical,NC,38.12,0.0,690.0,694.0,1.0,90.2,16.0,Individual,6,High Risk,Manual Review
77419536,18100.0, 36 months,20.75,E,E2,< 1 year,MORTGAGE,65000.0,Not Verified,credit_card,TX,35.39,0.0,695.0,699.0,0.0,44.9,41.0,Individual,5,High Risk,Manual Review
76003133,35000.0, 60 months,25.88,F,F4,10+ years,MORTGAGE,89104.0,Source Verified,credit_card,MD,38.41,0.0,715.0,719.0,1.0,53.1,34.0,Individual,5,High Risk,Manual Review
77069175,35000.0, 60 months,22.45,E,E5,10+ years,RENT,101000.0,Source Verified,credit_card,MD,30.79,0.0,710.0,714.0,0.0,54.9,23.0,Individual,5,High Risk,Manual Review
77471324,28475.0, 36 months,18.99,D,D4,10+ years,MORTGAGE,109000.0,Not Verified,credit_card,MN,31.16,2.0,680.0,684.0,0.0,108.0,34.0,Individual,5,High Risk,Manual Review
77028257,20000.0, 60 months,19.99,E,E1,3 years,RENT,63000.0,Verified,other,PA,23.01,2.0,675.0,679.0,1.0,82.3,15.0,Individual,5,High Risk,Manual Review
76253437,12000.0, 36 months,19.99,E,E1,< 1 year,MORTGAGE,70000.0,Verified,debt_consolidation,TX,34.75,0.0,685.0,689.0,3.0,45.7,29.0,Individual,5,High Risk,Manual Review
77198234,15175.0, 60 months,23.13,F,F1,,MORTGAGE,41436.0,Verified,debt_consolidation,FL,37.74,0.0,705.0,709.0,0.0,45.8,34.0,Individual,5,High Risk,Manual Review
77292886,20275.0, 60 months,24.11,F,F2,2 years,OWN,50000.0,Source Verified,other,CT,31.45,0.0,725.0,729.0,1.0,34.1,19.0,Individual,5,High Risk,Manual Review
76333734,21000.0, 36 months,21.97,E,E4,< 1 year,RENT,98000.0,Verified,major_purchase,LA,36.77,0.0,675.0,679.0,1.0,56.7,27.0,Individual,5,High Risk,Manual Review
77118402,23200.0, 60 months,20.75,E,E2,7 years,MORTGAGE,64476.64,Source Verified,debt_consolidation,OH,32.85,0.0,680.0,684.0,0.0,51.3,29.0,Individual,5,High Risk,Manual Review
76354620,18425.0, 60 months,28.99,G,G5,5 years,OWN,46000.0,Not Verified,debt_consolidation,IL,34.96,0.0,715.0,719.0,1.0,22.8,22.0,Individual,5,High Risk,Manual Review
77259049,15500.0, 60 months,24.11,F,F2,10+ years,MORTGAGE,31000.0,Not Verified,debt_consolidation,NV,31.59,0.0,660.0,664.0,0.0,48.2,12.0,Individual,5,High Risk,Manual Review
77250319,35000.0, 60 months,22.45,E,E5,9 years,MORTGAGE,116000.0,Verified,debt_consolidation,MT,35.69,0.0,685.0,689.0,1.0,85.5,43.0,Joint App,6,High Risk,Manual Review
77150255,20000.0, 60 months,21.18,E,E3,10+ years,MORTGAGE,54000.0,Verified,debt_consolidation,VA,37.56,0.0,670.0,674.0,1.0,65.4,17.0,Individual,5,High Risk,Manual Review
77506447,27000.0, 60 months,20.75,E,E2,10+ years,OWN,95000.0,Source Verified,debt_consolidation,MI,30.33,0.0,660.0,664.0,3.0,72.7,47.0,Individual,5,High Risk,Manual Review
77159484,35000.0, 60 months,19.99,E,E1,5 years,RENT,86000.0,Verified,debt_consolidation,FL,17.61,1.0,675.0,679.0,0.0,97.1,12.0,Individual,5,High Risk,Manual Review
77071774,35000.0, 60 months,19.99,E,E1,10+ years,MORTGAGE,250000.0,Verified,home_improvement,LA,7.5,1.0,685.0,689.0,0.0,97.3,22.0,Individual,5,High Risk,Manual Review
77090278,14000.0, 60 months,21.18,E,E3,10+ years,MORTGAGE,60000.0,Source Verified,credit_card,ID,26.14,1.0,660.0,664.0,0.0,101.1,45.0,Individual,5,High Risk,Manual Review
77099364,13000.0, 60 months,28.14,G,G2,< 1 year,RENT,29120.0,Source Verified,debt_consolidation,MN,34.74,0.0,660.0,664.0,2.0,60.5,25.0,Individual,5,High Risk,Manual Review
77240376,11575.0, 60 months,21.18,E,E3,10+ years,MORTGAGE,41000.0,Source Verified,home_improvement,CT,35.39,0.0,665.0,669.0,1.0,27.4,44.0,Individual,5,High Risk,Manual Review
77070841,16000.0, 60 months,20.75,E,E2,9 years,RENT,59000.0,Verified,debt_consolidation,MI,30.11,1.0,680.0,684.0,0.0,39.7,33.0,Individual,6,High Risk,Manual Review
77419932,6600.0, 36 months,21.18,E,E3,,MORTGAGE,33000.0,Verified,other,NV,32.29,1.0,680.0,684.0,2.0,40.3,15.0,Individual,6,High Risk,Manual Review
77129739,35000.0, 60 months,28.67,G,G4,9 years,MORTGAGE,92000.0,Source Verified,debt_consolidation,VA,30.03,0.0,685.0,689.0,1.0,48.8,23.0,Individual,5,High Risk,Manual Review
77138359,27625.0, 60 months,21.97,E,E4,10+ years,MORTGAGE,83000.0,Source Verified,home_improvement,NY,38.92,0.0,675.0,679.0,0.0,31.5,74.0,Joint App,5,High Risk,Manual Review
77070071,12000.0, 60 months,21.18,E,E3,10+ years,RENT,38000.0,Verified,debt_consolidation,NV,45.7,0.0,675.0,679.0,0.0,89.5,31.0,Individual,6,High Risk,Manual Review
75133677,1600.0, 36 months,20.75,E,E2,6 years,RENT,67500.0,Verified,credit_card,WA,40.39,0.0,685.0,689.0,1.0,71.2,54.0,Individual,5,High Risk,Manual Review
76436730,23500.0, 60 months,20.75,E,E2,10+ years,MORTGAGE,72000.0,Verified,credit_card,WI,34.28,0.0,675.0,679.0,0.0,75.6,24.0,Individual,5,High Risk,Manual Review
77049175,19725.0, 60 months,19.99,E,E1,< 1 year,RENT,47000.0,Verified,debt_consolidation,NV,39.61,0.0,660.0,664.0,0.0,70.0,21.0,Joint App,5,High Risk,Manual Review
77102226,35000.0, 60 months,25.88,F,F4,10+ years,MORTGAGE,33000.0,Verified,debt_consolidation,CA,71.96,3.0,685.0,689.0,0.0,11.7,20.0,Joint App,6,High Risk,Manual Review
77149271,24075.0, 60 months,22.45,E,E5,10+ years,MORTGAGE,52000.0,Source Verified,debt_consolidation,TX,38.03,0.0,705.0,709.0,0.0,61.6,17.0,Individual,5,High Risk,Manual Review
77169248,26450.0, 60 months,28.99,G,G5,4 years,RENT,63000.0,Verified,debt_consolidation,PA,31.3,0.0,680.0,684.0,0.0,73.2,28.0,Individual,5,High Risk,Manual Review
75321664,24000.0, 60 months,19.99,E,E1,10+ years,MORTGAGE,85000.0,Source Verified,debt_consolidation,PA,30.42,0.0,700.0,704.0,0.0,45.2,45.0,Individual,5,High Risk,Manual Review
76437207,18200.0, 60 months,19.99,E,E1,10+ years,RENT,49500.0,Not Verified,debt_consolidation,CT,31.05,0.0,705.0,709.0,0.0,62.9,23.0,Individual,5,High Risk,Manual Review
76405069,20000.0, 60 months,27.34,G,G1,2 years,RENT,60000.0,Source Verified,debt_consolidation,GA,33.84,1.0,700.0,704.0,0.0,27.4,13.0,Individual,6,High Risk,Manual Review
76764520,15950.0, 36 months,23.13,F,F1,3 years,RENT,42000.0,Verified,small_business,IL,31.26,0.0,660.0,664.0,0.0,88.4,24.0,Individual,6,High Risk,Manual Review
77561783,5375.0, 36 months,20.75,E,E2,,OWN,16842.0,Verified,credit_card,FL,42.05,0.0,660.0,664.0,0.0,77.1,25.0,Individual,5,High Risk,Manual Review
77519842,8625.0, 36 months,24.11,F,F2,,RENT,24000.0,Verified,debt_consolidation,OR,34.95,0.0,680.0,684.0,0.0,87.4,7.0,Individual,6,High Risk,Manual Review
77148301,16150.0, 60 months,28.34,G,G3,< 1 year,RENT,40000.0,Verified,debt_consolidation,CA,35.8,0.0,685.0,689.0,1.0,82.5,11.0,Individual,6,High Risk,Manual Review
76194720,14000.0, 60 months,24.99,F,F3,4 years,MORTGAGE,90000.0,Verified,credit_card,OH,32.69,0.0,670.0,674.0,1.0,70.5,29.0,Individual,5,High Risk,Manual Review
76436944,2250.0, 36 months,23.13,F,F1,,RENT,9660.0,Verified,credit_card,NY,36.63,0.0,695.0,699.0,0.0,31.5,11.0,Individual,5,High Risk,Manual Review
77370566,6300.0, 36 months,20.75,E,E2,2 years,RENT,21000.0,Verified,credit_card,CA,30.34,0.0,675.0,679.0,0.0,64.5,8.0,Individual,5,High Risk,Manual Review
77308766,8150.0, 36 months,19.99,E,E1,3 years,MORTGAGE,37000.0,Source Verified,debt_consolidation,AR,41.52,0.0,680.0,684.0,0.0,55.1,17.0,Individual,5,High Risk,Manual Review
76449321,9650.0, 36 months,28.34,G,G3,4 years,MORTGAGE,39841.0,Source Verified,credit_card,IL,47.29,0.0,660.0,664.0,1.0,41.5,33.0,Individual,5,High Risk,Manual Review
76708959,9000.0, 36 months,24.11,F,F2,7 years,OWN,30000.0,Source Verified,debt_consolidation,VA,34.32,0.0,675.0,679.0,0.0,57.4,26.0,Individual,5,High Risk,Manual Review
77299682,8650.0, 36 months,28.14,G,G2,10+ years,OWN,29000.0,Source Verified,debt_consolidation,OH,30.88,2.0,660.0,664.0,1.0,57.1,17.0,Individual,6,High Risk,Manual Review
76448000,5000.0, 36 months,22.45,E,E5,,OWN,13188.0,Verified,debt_consolidation,SC,36.49,0.0,705.0,709.0,0.0,32.0,10.0,Individual,5,High Risk,Manual Review
75588252,15475.0, 60 months,23.13,F,F1,3 years,MORTGAGE,41000.0,Verified,debt_consolidation,MN,37.12,0.0,680.0,684.0,0.0,78.8,22.0,Joint App,5,High Risk,Manual Review
77469562,5500.0, 36 months,19.99,E,E1,1 year,RENT,41200.0,Source Verified,debt_consolidation,MD,44.86,0.0,680.0,684.0,0.0,30.0,31.0,Individual,5,High Risk,Manual Review
77248990,15750.0, 60 months,24.99,F,F3,,RENT,25000.0,Verified,debt_consolidation,RI,31.59,0.0,685.0,689.0,0.0,64.8,20.0,Joint App,5,High Risk,Manual Review
76804191,35000.0, 60 months,22.45,E,E5,10+ years,MORTGAGE,72000.0,Verified,home_improvement,PA,20.42,6.0,680.0,684.0,2.0,91.4,25.0,Individual,5,High Risk,Manual Review
76935160,35000.0, 36 months,22.45,E,E5,9 years,RENT,90000.0,Verified,credit_card,CA,32.29,0.0,675.0,679.0,1.0,94.7,24.0,Individual,6,High Risk,Manual Review
77138667,17100.0, 36 months,21.97,E,E4,3 years,RENT,45000.0,Verified,debt_consolidation,AL,33.63,0.0,665.0,669.0,0.0,25.3,10.0,Individual,5,High Risk,Manual Review
77295685,6900.0, 36 months,22.45,E,E5,5 years,OWN,63000.0,Source Verified,debt_consolidation,NJ,32.55,0.0,665.0,669.0,4.0,71.9,16.0,Individual,5,High Risk,Manual Review
77336274,11325.0, 36 months,21.18,E,E3,4 years,RENT,27000.0,Verified,credit_card,AZ,34.67,0.0,685.0,689.0,0.0,87.0,12.0,Individual,6,High Risk,Manual Review
77560371,14400.0, 36 months,20.75,E,E2,3 years,MORTGAGE,40000.0,Verified,debt_consolidation,OK,37.17,0.0,660.0,664.0,1.0,91.6,33.0,Individual,6,High Risk,Manual Review
77031660,19900.0, 36 months,21.97,E,E4,,MORTGAGE,56500.0,Source Verified,debt_consolidation,NY,39.1,1.0,685.0,689.0,0.0,51.9,35.0,Individual,6,High Risk,Manual Review
77293666,35000.0, 60 months,23.13,F,F1,10+ years,RENT,3600.0,Not Verified,debt_consolidation,OK,553.33,0.0,705.0,709.0,2.0,79.5,25.0,Joint App,5,High Risk,Manual Review
76081453,1000.0, 36 months,20.75,E,E2,8 years,MORTGAGE,48000.0,Source Verified,house,FL,35.93,0.0,660.0,664.0,0.0,88.5,29.0,Individual,6,High Risk,Manual Review
74511698,25275.0, 60 months,26.57,F,F5,6 years,MORTGAGE,106000.0,Verified,debt_consolidation,KY,36.91,0.0,675.0,679.0,0.0,72.2,31.0,Individual,5,High Risk,Manual Review
77208418,10000.0, 60 months,22.45,E,E5,10+ years,RENT,20000.0,Not Verified,major_purchase,TX,35.41,0.0,660.0,664.0,2.0,32.5,41.0,Individual,5,High Risk,Manual Review
77248428,3975.0, 36 months,21.18,E,E3,8 years,MORTGAGE,25000.0,Verified,debt_consolidation,IL,39.08,2.0,675.0,679.0,1.0,43.0,21.0,Individual,6,High Risk,Manual Review
77061400,35000.0, 60 months,24.99,F,F3,1 year,MORTGAGE,24000.0,Verified,debt_consolidation,MD,89.8,0.0,690.0,694.0,0.0,98.1,13.0,Joint App,6,High Risk,Manual Review
77251140,15000.0, 60 months,23.13,F,F1,10+ years,MORTGAGE,61000.0,Source Verified,home_improvement,VA,37.77,0.0,695.0,699.0,0.0,41.8,28.0,Individual,5,High Risk,Manual Review
77005450,16000.0, 60 months,19.99,E,E1,10+ years,MORTGAGE,114000.0,Not Verified,credit_card,WA,11.42,1.0,685.0,689.0,1.0,84.4,14.0,Individual,5,High Risk,Manual Review
77060485,31400.0, 36 months,24.99,F,F3,,MORTGAGE,74000.0,Verified,debt_consolidation,CA,34.85,0.0,700.0,704.0,1.0,95.0,26.0,Individual,6,High Risk,Manual Review
77059174,31125.0, 60 months,19.99,E,E1,9 years,MORTGAGE,169000.0,Verified,debt_consolidation,CO,35.4,0.0,670.0,674.0,2.0,63.0,39.0,Individual,5,High Risk,Manual Review
77180214,24000.0, 60 months,22.45,E,E5,10+ years,MORTGAGE,85000.0,Verified,debt_consolidation,TX,33.31,0.0,690.0,694.0,0.0,83.8,33.0,Individual,6,High Risk,Manual Review
77418385,2000.0, 36 months,25.88,F,F4,< 1 year,RENT,16000.0,Source Verified,moving,OH,38.03,0.0,690.0,694.0,1.0,92.2,15.0,Individual,6,High Risk,Manual Review
77059368,12000.0, 60 months,21.18,E,E3,,RENT,44000.0,Verified,debt_consolidation,CA,41.98,0.0,705.0,709.0,0.0,86.6,8.0,Individual,6,High Risk,Manual Review
76875152,12000.0, 60 months,24.11,F,F2,2 years,RENT,37000.0,Verified,moving,TX,36.36,0.0,680.0,684.0,0.0,34.5,20.0,Individual,5,High Risk,Manual Review
77060475,16000.0, 60 months,21.18,E,E3,4 years,RENT,40000.0,Verified,debt_consolidation,TX,38.94,0.0,665.0,669.0,0.0,52.7,14.0,Individual,5,High Risk,Manual Review
76648999,34500.0, 60 months,21.18,E,E3,10+ years,OWN,75000.0,Source Verified,debt_consolidation,SC,30.4,0.0,675.0,679.0,0.0,67.5,22.0,Individual,5,High Risk,Manual Review
77020711,16000.0, 60 months,19.99,E,E1,2 years,MORTGAGE,84386.0,Source Verified,credit_card,NY,38.21,0.0,705.0,709.0,0.0,42.0,57.0,Individual,5,High Risk,Manual Review
77050089,10000.0, 60 months,21.97,E,E4,3 years,RENT,34500.0,Verified,debt_consolidation,CO,33.95,0.0,690.0,694.0,0.0,25.1,19.0,Individual,5,High Risk,Manual Review
77250729,18900.0, 60 months,19.99,E,E1,10+ years,RENT,43000.0,Not Verified,debt_consolidation,CT,32.96,0.0,670.0,674.0,1.0,61.3,33.0,Individual,5,High Risk,Manual Review
77220472,21000.0, 60 months,21.97,E,E4,8 years,MORTGAGE,102960.0,Source Verified,debt_consolidation,GA,30.22,1.0,675.0,679.0,0.0,84.5,51.0,Individual,7,High Risk,Manual Review
77270322,13250.0, 60 months,27.34,G,G1,2 years,MORTGAGE,37000.0,Verified,home_improvement,WI,34.41,0.0,700.0,704.0,0.0,45.3,26.0,Individual,5,High Risk,Manual Review
77292454,21000.0, 60 months,21.97,E,E4,10+ years,MORTGAGE,110000.0,Source Verified,debt_consolidation,NY,23.51,1.0,685.0,689.0,0.0,92.7,18.0,Individual,5,High Risk,Manual Review
77160454,12000.0, 60 months,19.99,E,E1,6 years,OWN,58000.0,Source Verified,debt_consolidation,NY,34.1,0.0,680.0,684.0,2.0,65.4,28.0,Individual,5,High Risk,Manual Review
77258348,11200.0, 60 months,19.99,E,E1,10+ years,RENT,50000.0,Verified,credit_card,PA,30.89,1.0,660.0,664.0,3.0,41.1,21.0,Individual,6,High Risk,Manual Review
77218793,30000.0, 60 months,19.99,E,E1,10+ years,MORTGAGE,151000.0,Source Verified,major_purchase,PA,24.55,1.0,680.0,684.0,0.0,83.6,34.0,Individual,5,High Risk,Manual Review
77369026,16950.0, 36 months,24.11,F,F2,8 years,RENT,58000.0,Verified,debt_consolidation,CA,40.64,0.0,690.0,694.0,0.0,94.1,28.0,Individual,6,High Risk,Manual Review
77188444,24000.0, 60 months,22.45,E,E5,10+ years,MORTGAGE,95000.0,Source Verified,credit_card,PA,35.61,1.0,670.0,674.0,3.0,69.8,48.0,Joint App,6,High Risk,Manual Review
77159408,10000.0, 60 months,16.29,D,D1,2 years,RENT,40000.0,Source Verified,debt_consolidation,NY,36.65,1.0,675.0,679.0,0.0,88.2,17.0,Individual,5,High Risk,Manual Review
77208971,35000.0, 60 months,21.97,E,E4,10+ years,MORTGAGE,55000.0,Verified,debt_consolidation,OH,31.29,0.0,695.0,699.0,0.0,62.2,30.0,Joint App,5,High Risk,Manual Review
77449010,10000.0, 36 months,19.99,E,E1,3 years,OWN,27000.0,Source Verified,debt_consolidation,FL,35.29,1.0,685.0,689.0,2.0,27.3,11.0,Individual,6,High Risk,Manual Review
77051728,20400.0, 60 months,23.13,F,F1,10+ years,MORTGAGE,63000.0,Source Verified,debt_consolidation,SC,35.58,0.0,725.0,729.0,1.0,37.0,22.0,Individual,5,High Risk,Manual Review
77099152,34650.0, 60 months,21.97,E,E4,10+ years,MORTGAGE,60000.0,Verified,debt_consolidation,PA,35.28,0.0,680.0,684.0,0.0,59.6,52.0,Joint App,5,High Risk,Manual Review
76447726,16500.0, 60 months,27.34,G,G1,10+ years,MORTGAGE,45600.0,Not Verified,debt_consolidation,NM,33.84,0.0,675.0,679.0,3.0,86.8,17.0,Individual,6,High Risk,Manual Review
75577875,26875.0, 60 months,21.18,E,E3,7 years,RENT,70000.0,Source Verified,debt_consolidation,PA,31.0,0.0,680.0,684.0,0.0,67.1,57.0,Individual,5,High Risk,Manual Review
75597115,35000.0, 60 months,20.75,E,E2,1 year,MORTGAGE,90000.0,Source Verified,debt_consolidation,TX,30.61,0.0,715.0,719.0,0.0,59.0,23.0,Individual,5,High Risk,Manual Review
76884650,22225.0, 60 months,19.99,E,E1,,OWN,46332.0,Verified,debt_consolidation,OH,39.83,0.0,690.0,694.0,0.0,46.3,11.0,Individual,5,High Risk,Manual Review
77229738,25000.0, 60 months,19.99,E,E1,4 years,RENT,111000.0,Not Verified,debt_consolidation,TX,32.25,0.0,690.0,694.0,2.0,49.4,22.0,Individual,5,High Risk,Manual Review
76436468,16000.0, 60 months,20.75,E,E2,,MORTGAGE,53000.0,Not Verified,debt_consolidation,MD,33.27,0.0,675.0,679.0,1.0,21.2,37.0,Individual,5,High Risk,Manual Review
77210263,22700.0, 60 months,20.75,E,E2,7 years,RENT,125000.0,Source Verified,credit_card,AZ,36.37,0.0,660.0,664.0,0.0,76.8,37.0,Individual,5,High Risk,Manual Review
76448159,25000.0, 60 months,22.45,E,E5,10+ years,OWN,80000.0,Not Verified,debt_consolidation,OK,32.34,0.0,700.0,704.0,0.0,83.5,14.0,Individual,6,High Risk,Manual Review
77218557,16375.0, 60 months,21.97,E,E4,10+ years,MORTGAGE,39000.0,Source Verified,debt_consolidation,WI,30.62,1.0,665.0,669.0,0.0,33.2,15.0,Individual,6,High Risk,Manual Review
77377847,6025.0, 36 months,28.14,G,G2,2 years,RENT,40000.0,Source Verified,car,FL,30.51,0.0,675.0,679.0,0.0,70.7,7.0,Individual,5,High Risk,Manual Review
76352554,18000.0, 60 months,22.45,E,E5,10+ years,MORTGAGE,46046.0,Source Verified,debt_consolidation,CA,30.88,1.0,660.0,664.0,0.0,39.9,31.0,Individual,6,High Risk,Manual Review
77169234,35000.0, 60 months,19.99,E,E1,10+ years,RENT,100000.0,Source Verified,debt_consolidation,CA,18.53,3.0,670.0,674.0,1.0,83.6,35.0,Individual,5,High Risk,Manual Review
77038373,15000.0, 60 months,19.99,E,E1,10+ years,OWN,40000.0,Not Verified,credit_card,MD,37.29,0.0,675.0,679.0,0.0,72.1,23.0,Individual,5,High Risk,Manual Review
76447918,10000.0, 60 months,28.99,G,G5,5 years,RENT,34000.0,Source Verified,debt_consolidation,MN,41.62,0.0,670.0,674.0,1.0,82.5,17.0,Individual,6,High Risk,Manual Review
74595233,16000.0, 60 months,19.99,E,E1,10+ years,MORTGAGE,65000.0,Not Verified,home_improvement,KY,30.65,0.0,725.0,729.0,0.0,20.7,17.0,Individual,5,High Risk,Manual Review
76618497,35000.0, 60 months,21.97,E,E4,10+ years,RENT,71000.0,Source Verified,debt_consolidation,OH,32.25,0.0,715.0,719.0,0.0,74.7,17.0,Individual,5,High Risk,Manual Review
76906011,18475.0, 60 months,28.67,G,G4,8 years,RENT,44000.0,Verified,debt_consolidation,NY,46.56,0.0,675.0,679.0,0.0,64.6,34.0,Individual,5,High Risk,Manual Review
77089781,24000.0, 60 months,21.18,E,E3,10+ years,RENT,91000.0,Source Verified,debt_consolidation,TX,38.24,0.0,695.0,699.0,0.0,84.2,34.0,Individual,6,High Risk,Manual Review
77199188,12800.0, 60 months,20.75,E,E2,< 1 year,RENT,40000.0,Verified,debt_consolidation,PA,32.94,0.0,660.0,664.0,0.0,38.4,20.0,Individual,5,High Risk,Manual Review
77298401,35000.0, 36 months,20.75,E,E2,7 years,MORTGAGE,85000.0,Verified,debt_consolidation,TX,30.72,1.0,660.0,664.0,0.0,59.3,39.0,Individual,6,High Risk,Manual Review
77088486,12000.0, 60 months,21.18,E,E3,1 year,RENT,37440.0,Verified,debt_consolidation,FL,39.52,0.0,685.0,689.0,0.0,44.2,21.0,Individual,5,High Risk,Manual Review
77048404,35000.0, 60 months,22.45,E,E5,,RENT,77200.0,Verified,other,MN,35.77,0.0,695.0,699.0,0.0,92.6,32.0,Individual,6,High Risk,Manual Review
75903682,9800.0, 36 months,21.18,E,E3,10+ years,OWN,28000.0,Verified,credit_card,CA,38.36,0.0,685.0,689.0,1.0,45.0,15.0,Individual,5,High Risk,Manual Review
77260036,35000.0, 36 months,21.97,E,E4,< 1 year,MORTGAGE,104000.0,Verified,medical,MI,33.73,0.0,675.0,679.0,0.0,28.9,16.0,Individual,5,High Risk,Manual Review
76315445,26650.0, 60 months,24.99,F,F3,10+ years,RENT,36905.0,Not Verified,debt_consolidation,NY,39.47,0.0,680.0,684.0,0.0,87.8,32.0,Joint App,6,High Risk,Manual Review
77387021,8400.0, 36 months,20.75,E,E2,,MORTGAGE,28000.0,Verified,other,MI,32.88,0.0,660.0,664.0,1.0,52.2,16.0,Individual,5,High Risk,Manual Review
77158161,15000.0, 60 months,21.18,E,E3,7 years,RENT,40000.0,Source Verified,debt_consolidation,SD,37.2,0.0,700.0,704.0,1.0,58.7,42.0,Individual,5,High Risk,Manual Review
77487052,1400.0, 36 months,22.45,E,E5,6 years,MORTGAGE,52000.0,Source Verified,home_improvement,MN,38.65,1.0,670.0,674.0,0.0,87.5,15.0,Individual,7,High Risk,Manual Review
75830042,36500.0, 36 months,20.75,E,E2,10+ years,OWN,73000.0,Source Verified,debt_consolidation,CA,34.46,0.0,705.0,709.0,2.0,53.1,29.0,Individual,5,High Risk,Manual Review
77240863,35000.0, 36 months,18.25,D,D3,10+ years,OWN,103000.0,Verified,debt_consolidation,MD,30.37,1.0,675.0,679.0,0.0,82.0,17.0,Individual,5,High Risk,Manual Review
76437707,8225.0, 36 months,28.34,G,G3,,MORTGAGE,40890.0,Verified,debt_consolidation,AL,41.83,0.0,670.0,674.0,1.0,71.2,24.0,Individual,5,High Risk,Manual Review
77091945,17550.0, 60 months,23.13,F,F1,9 years,MORTGAGE,77000.0,Not Verified,debt_consolidation,TX,37.43,0.0,730.0,734.0,0.0,36.1,45.0,Individual,5,High Risk,Manual Review
76648448,12050.0, 60 months,24.11,F,F2,5 years,MORTGAGE,35000.0,Source Verified,debt_consolidation,FL,34.98,0.0,695.0,699.0,0.0,36.3,24.0,Individual,5,High Risk,Manual Review
77198632,15350.0, 60 months,26.57,F,F5,10+ years,RENT,48000.0,Verified,debt_consolidation,WA,16.4,1.0,675.0,679.0,0.0,87.4,25.0,Individual,5,High Risk,Manual Review
76253473,35000.0, 36 months,21.18,E,E3,10+ years,MORTGAGE,200000.0,Source Verified,other,NY,24.26,2.0,690.0,694.0,0.0,83.5,45.0,Individual,5,High Risk,Manual Review
73690086,16000.0, 60 months,22.45,E,E5,10+ years,MORTGAGE,91000.0,Verified,debt_consolidation,IN,46.25,0.0,690.0,694.0,0.0,83.9,57.0,Joint App,6,High Risk,Manual Review
77168351,23650.0, 60 months,26.57,F,F5,10+ years,MORTGAGE,66000.0,Verified,debt_consolidation,MD,30.84,0.0,670.0,674.0,2.0,52.0,48.0,Individual,5,High Risk,Manual Review
77476828,5000.0, 36 months,22.45,E,E5,8 years,RENT,19000.0,Source Verified,other,NC,33.48,0.0,675.0,679.0,0.0,69.1,5.0,Individual,5,High Risk,Manual Review
77070046,12650.0, 36 months,19.99,E,E1,10+ years,MORTGAGE,42000.0,Verified,debt_consolidation,SC,38.77,0.0,710.0,714.0,0.0,91.0,21.0,Individual,6,High Risk,Manual Review
75749889,32100.0, 60 months,21.97,E,E4,2 years,MORTGAGE,65000.0,Source Verified,credit_card,VA,33.4,3.0,665.0,669.0,1.0,90.7,22.0,Individual,7,High Risk,Manual Review
77038142,20000.0, 60 months,21.18,E,E3,4 years,MORTGAGE,50000.0,Verified,debt_consolidation,TX,37.85,2.0,670.0,674.0,2.0,71.4,17.0,Joint App,6,High Risk,Manual Review
77448147,7800.0, 36 months,21.18,E,E3,10+ years,OWN,130000.0,Source Verified,home_improvement,IL,30.71,0.0,685.0,689.0,1.0,49.6,45.0,Individual,5,High Risk,Manual Review
76282722,5500.0, 36 months,21.18,E,E3,3 years,RENT,11000.0,Verified,debt_consolidation,FL,48.25,0.0,695.0,699.0,0.0,29.5,18.0,Individual,5,High Risk,Manual Review
76598572,33875.0, 36 months,19.99,E,E1,10+ years,MORTGAGE,75302.71,Verified,debt_consolidation,FL,34.88,0.0,690.0,694.0,0.0,98.0,22.0,Individual,6,High Risk,Manual Review
76436220,16100.0, 60 months,20.75,E,E2,4 years,RENT,35000.0,Source Verified,debt_consolidation,CO,37.96,0.0,710.0,714.0,0.0,72.6,17.0,Individual,5,High Risk,Manual Review
76985856,35000.0, 60 months,19.99,E,E1,8 years,RENT,43000.0,Verified,debt_consolidation,IL,31.65,0.0,670.0,674.0,3.0,66.0,43.0,Joint App,5,High Risk,Manual Review
76844677,35000.0, 60 months,21.18,E,E3,3 years,RENT,106000.0,Verified,major_purchase,TX,32.24,0.0,685.0,689.0,1.0,28.3,40.0,Individual,5,High Risk,Manual Review
76205541,23925.0, 60 months,28.34,G,G3,8 years,MORTGAGE,63000.0,Verified,other,MD,39.18,0.0,670.0,674.0,0.0,53.2,27.0,Individual,5,High Risk,Manual Review
76518839,20000.0, 60 months,21.18,E,E3,10+ years,OWN,55000.0,Source Verified,debt_consolidation,NY,35.24,0.0,695.0,699.0,0.0,72.6,23.0,Individual,5,High Risk,Manual Review
77230906,16000.0, 60 months,24.99,F,F3,< 1 year,RENT,47000.0,Source Verified,debt_consolidation,CA,38.28,0.0,690.0,694.0,2.0,32.2,29.0,Individual,5,High Risk,Manual Review
75537782,10000.0, 60 months,23.13,F,F1,10+ years,OWN,25000.0,Source Verified,debt_consolidation,AZ,32.89,0.0,670.0,674.0,0.0,88.5,23.0,Individual,6,High Risk,Manual Review
76774730,16000.0, 60 months,22.45,E,E5,5 years,OWN,51564.0,Verified,debt_consolidation,CA,42.4,1.0,675.0,679.0,1.0,78.4,46.0,Individual,6,High Risk,Manual Review
75740391,14000.0, 60 months,20.75,E,E2,3 years,RENT,93000.0,Not Verified,debt_consolidation,FL,41.75,0.0,770.0,774.0,0.0,26.0,32.0,Individual,5,High Risk,Manual Review
76395551,23975.0, 60 months,28.14,G,G2,10+ years,MORTGAGE,57000.0,Source Verified,debt_consolidation,MI,38.85,0.0,695.0,699.0,1.0,82.5,25.0,Individual,6,High Risk,Manual Review
77388962,26500.0, 36 months,20.75,E,E2,4 years,MORTGAGE,53000.0,Verified,debt_consolidation,IL,17.48,1.0,680.0,684.0,1.0,82.5,22.0,Individual,5,High Risk,Manual Review
76435802,14000.0, 60 months,21.97,E,E4,1 year,RENT,50000.0,Source Verified,debt_consolidation,CA,32.29,0.0,670.0,674.0,0.0,98.1,18.0,Individual,6,High Risk,Manual Review
77190776,35000.0, 60 months,24.99,F,F3,10+ years,OWN,149000.0,Verified,debt_consolidation,CA,11.66,3.0,660.0,664.0,1.0,91.6,14.0,Individual,5,High Risk,Manual Review
76618660,18000.0, 60 months,21.18,E,E3,3 years,MORTGAGE,50000.0,Not Verified,other,KY,35.67,4.0,700.0,704.0,3.0,44.6,40.0,Individual,6,High Risk,Manual Review
76834539,27500.0, 60 months,21.97,E,E4,2 years,MORTGAGE,55000.0,Not Verified,credit_card,UT,36.05,0.0,700.0,704.0,0.0,84.4,14.0,Individual,6,High Risk,Manual Review
75779408,12000.0, 60 months,21.97,E,E4,6 years,MORTGAGE,30000.0,Source Verified,home_improvement,OH,38.68,0.0,665.0,669.0,2.0,29.4,18.0,Joint App,5,High Risk,Manual Review
77240270,19125.0, 60 months,24.99,F,F3,7 years,MORTGAGE,39000.0,Verified,debt_consolidation,CA,35.69,1.0,675.0,679.0,0.0,62.6,11.0,Joint App,6,High Risk,Manual Review
77200086,15000.0, 60 months,23.13,F,F1,5 years,OWN,30000.0,Verified,debt_consolidation,OH,35.88,1.0,660.0,664.0,2.0,73.1,24.0,Individual,6,High Risk,Manual Review
75303833,20225.0, 60 months,23.13,F,F1,4 years,RENT,46000.0,Not Verified,debt_consolidation,TX,35.01,0.0,675.0,679.0,0.0,57.3,22.0,Individual,5,High Risk,Manual Review
76619083,35000.0, 60 months,27.34,G,G1,5 years,RENT,189000.0,Source Verified,debt_consolidation,MN,2.48,1.0,700.0,704.0,0.0,87.5,8.0,Individual,5,High Risk,Manual Review
77457588,35000.0, 36 months,20.75,E,E2,9 years,MORTGAGE,175000.0,Source Verified,debt_consolidation,GA,33.36,0.0,695.0,699.0,0.0,78.6,35.0,Individual,5,High Risk,Manual Review
76152326,4000.0, 36 months,21.97,E,E4,2 years,RENT,42500.0,Verified,credit_card,TX,33.75,1.0,670.0,674.0,0.0,81.0,31.0,Individual,7,High Risk,Manual Review
77518964,1500.0, 36 months,19.99,E,E1,10+ years,RENT,50000.0,Verified,other,CA,36.73,0.0,670.0,674.0,1.0,88.0,26.0,Individual,6,High Risk,Manual Review
77070835,19275.0, 36 months,23.13,F,F1,10+ years,RENT,72000.0,Not Verified,debt_consolidation,MA,34.1,1.0,710.0,714.0,0.0,59.8,34.0,Individual,6,High Risk,Manual Review
77229698,24000.0, 60 months,23.13,F,F1,10+ years,RENT,132000.0,Verified,debt_consolidation,TX,33.32,1.0,700.0,704.0,0.0,17.0,38.0,Individual,6,High Risk,Manual Review
75289244,28000.0, 60 months,19.99,E,E1,1 year,OWN,83000.0,Source Verified,credit_card,CO,35.93,0.0,675.0,679.0,1.0,69.0,39.0,Individual,5,High Risk,Manual Review
75840643,2000.0, 36 months,18.25,D,D3,10+ years,RENT,40000.0,Source Verified,vacation,HI,35.29,2.0,665.0,669.0,0.0,93.8,17.0,Individual,5,High Risk,Manual Review
77148561,16000.0, 60 months,23.13,F,F1,10+ years,RENT,87981.97,Verified,debt_consolidation,OK,35.37,0.0,670.0,674.0,2.0,65.0,38.0,Individual,5,High Risk,Manual Review
75839928,7600.0, 36 months,21.18,E,E3,,RENT,19000.0,Verified,credit_card,TX,46.34,0.0,685.0,689.0,0.0,89.2,14.0,Individual,6,High Risk,Manual Review
75255017,10000.0, 60 months,23.13,F,F1,2 years,RENT,70000.0,Source Verified,debt_consolidation,MD,36.24,0.0,705.0,709.0,1.0,41.3,38.0,Individual,5,High Risk,Manual Review
76718308,11275.0, 60 months,22.45,E,E5,8 years,RENT,60000.0,Verified,debt_consolidation,NY,17.82,1.0,670.0,674.0,1.0,104.0,16.0,Individual,5,High Risk,Manual Review
76618598,26650.0, 60 months,22.45,E,E5,10+ years,MORTGAGE,53332.0,Not Verified,home_improvement,IN,32.09,0.0,720.0,724.0,0.0,49.0,9.0,Individual,5,High Risk,Manual Review
76415462,18250.0, 60 months,21.18,E,E3,5 years,OWN,62000.0,Verified,debt_consolidation,AL,47.27,0.0,690.0,694.0,0.0,88.5,34.0,Individual,6,High Risk,Manual Review
75360358,15500.0, 60 months,28.34,G,G3,3 years,RENT,40800.0,Verified,debt_consolidation,OR,30.97,0.0,675.0,679.0,2.0,55.9,19.0,Individual,5,High Risk,Manual Review
77168693,22925.0, 60 months,24.99,F,F3,,MORTGAGE,66000.0,Verified,debt_consolidation,CA,32.4,0.0,665.0,669.0,3.0,94.0,42.0,Individual,6,High Risk,Manual Review
77179276,12950.0, 60 months,24.11,F,F2,,RENT,30000.0,Verified,debt_consolidation,RI,34.88,0.0,700.0,704.0,0.0,43.3,20.0,Joint App,5,High Risk,Manual Review
75645491,20000.0, 60 months,21.18,E,E3,10+ years,MORTGAGE,80000.0,Source Verified,debt_consolidation,LA,31.56,0.0,660.0,664.0,0.0,78.5,26.0,Individual,5,High Risk,Manual Review
76204549,15875.0, 60 months,22.45,E,E5,8 years,MORTGAGE,45000.0,Verified,credit_card,NY,41.04,0.0,725.0,729.0,0.0,67.2,21.0,Individual,5,High Risk,Manual Review
77169219,10075.0, 60 months,19.53,D,D5,< 1 year,RENT,40000.0,Source Verified,debt_consolidation,CA,30.42,1.0,670.0,674.0,0.0,89.2,16.0,Individual,5,High Risk,Manual Review
77553010,2800.0, 36 months,22.45,E,E5,< 1 year,RENT,31000.0,Source Verified,vacation,MN,39.3,0.0,675.0,679.0,0.0,70.3,15.0,Individual,5,High Risk,Manual Review
77120320,17050.0, 36 months,22.45,E,E5,10+ years,RENT,47000.0,Source Verified,debt_consolidation,FL,30.06,0.0,665.0,669.0,1.0,62.8,16.0,Individual,5,High Risk,Manual Review
76314734,17000.0, 60 months,22.45,E,E5,10+ years,MORTGAGE,47000.0,Verified,credit_card,IL,47.8,0.0,680.0,684.0,1.0,88.0,29.0,Individual,6,High Risk,Manual Review
77317994,20150.0, 36 months,19.99,E,E1,8 years,OWN,42000.0,Verified,credit_card,CT,40.29,0.0,740.0,744.0,0.0,45.1,20.0,Individual,5,High Risk,Manual Review
76264503,18000.0, 60 months,19.99,E,E1,2 years,RENT,37149.0,Verified,debt_consolidation,NE,33.09,0.0,700.0,704.0,2.0,51.4,17.0,Individual,5,High Risk,Manual Review
77436158,23125.0, 36 months,19.99,E,E1,10+ years,MORTGAGE,65000.0,Verified,debt_consolidation,CA,29.49,2.0,680.0,684.0,0.0,83.7,39.0,Individual,5,High Risk,Manual Review
76864569,35000.0, 36 months,21.97,E,E4,3 years,RENT,145000.0,Source Verified,debt_consolidation,CA,33.35,0.0,665.0,669.0,3.0,82.0,36.0,Individual,6,High Risk,Manual Review
76935678,9800.0, 36 months,20.75,E,E2,8 years,MORTGAGE,50181.21,Source Verified,debt_consolidation,TX,31.09,0.0,670.0,674.0,0.0,76.9,18.0,Individual,5,High Risk,Manual Review
77209281,27700.0, 36 months,21.97,E,E4,< 1 year,MORTGAGE,63000.0,Not Verified,credit_card,AZ,38.03,0.0,670.0,674.0,0.0,64.9,32.0,Individual,5,High Risk,Manual Review
77028186,15000.0, 60 months,21.18,E,E3,10+ years,RENT,74000.0,Not Verified,debt_consolidation,MD,35.66,0.0,660.0,664.0,0.0,57.6,37.0,Individual,5,High Risk,Manual Review
76002947,24000.0, 60 months,21.97,E,E4,3 years,MORTGAGE,135000.0,Not Verified,debt_consolidation,CA,35.02,0.0,660.0,664.0,0.0,79.2,50.0,Individual,5,High Risk,Manual Review
76403538,32000.0, 60 months,21.97,E,E4,10+ years,MORTGAGE,142000.0,Verified,debt_consolidation,AK,40.69,0.0,690.0,694.0,1.0,94.8,28.0,Individual,6,High Risk,Manual Review
76618213,36000.0, 60 months,21.97,E,E4,10+ years,MORTGAGE,80000.0,Source Verified,debt_consolidation,VA,31.09,0.0,705.0,709.0,0.0,56.2,73.0,Individual,5,High Risk,Manual Review
76764341,13975.0, 60 months,22.45,E,E5,5 years,OWN,60000.0,Source Verified,debt_consolidation,TX,38.76,0.0,690.0,694.0,0.0,58.5,47.0,Individual,5,High Risk,Manual Review
76314260,26875.0, 60 months,28.34,G,G3,10+ years,RENT,70000.0,Source Verified,debt_consolidation,MA,32.14,0.0,680.0,684.0,1.0,76.2,36.0,Individual,5,High Risk,Manual Review
76446760,25000.0, 60 months,19.99,E,E1,10+ years,MORTGAGE,68000.0,Verified,credit_card,NC,24.46,1.0,675.0,679.0,1.0,86.6,42.0,Individual,5,High Risk,Manual Review
77537791,2375.0, 36 months,20.75,E,E2,2 years,RENT,13600.0,Source Verified,debt_consolidation,FL,34.77,2.0,665.0,669.0,1.0,100.5,31.0,Individual,7,High Risk,Manual Review
76302193,32500.0, 60 months,19.99,E,E1,10+ years,MORTGAGE,29700.0,Verified,debt_consolidation,NY,37.01,0.0,715.0,719.0,0.0,95.8,15.0,Joint App,6,High Risk,Manual Review
76264392,25000.0, 60 months,27.34,G,G1,10+ years,MORTGAGE,60871.0,Not Verified,debt_consolidation,NC,36.77,0.0,660.0,664.0,0.0,90.8,29.0,Individual,6,High Risk,Manual Review
76383877,20000.0, 60 months,21.18,E,E3,10+ years,MORTGAGE,108000.0,Verified,debt_consolidation,MD,32.97,0.0,680.0,684.0,1.0,47.6,37.0,Individual,5,High Risk,Manual Review
76435177,11200.0, 60 months,21.18,E,E3,5 years,RENT,45000.0,Verified,credit_card,TX,32.08,0.0,675.0,679.0,2.0,35.2,19.0,Individual,5,High Risk,Manual Review
75370414,20000.0, 60 months,19.99,E,E1,4 years,MORTGAGE,62400.0,Not Verified,credit_card,IL,31.0,0.0,700.0,704.0,2.0,60.8,29.0,Individual,5,High Risk,Manual Review
77078663,22075.0, 60 months,19.99,E,E1,4 years,RENT,48000.0,Not Verified,debt_consolidation,CA,35.9,2.0,680.0,684.0,0.0,59.2,37.0,Individual,6,High Risk,Manual Review
76225058,27850.0, 60 months,28.34,G,G3,10+ years,RENT,70000.0,Not Verified,debt_consolidation,NC,34.01,0.0,675.0,679.0,0.0,64.0,22.0,Individual,5,High Risk,Manual Review
77436532,16400.0, 36 months,24.11,F,F2,1 year,RENT,43200.0,Source Verified,debt_consolidation,CA,38.56,0.0,685.0,689.0,0.0,93.5,14.0,Individual,6,High Risk,Manual Review
77089392,25000.0, 60 months,19.99,E,E1,10+ years,RENT,90000.0,Not Verified,debt_consolidation,TX,30.53,0.0,710.0,714.0,1.0,80.3,32.0,Individual,6,High Risk,Manual Review
77189388,29175.0, 60 months,19.99,E,E1,1 year,MORTGAGE,65000.0,Not Verified,debt_consolidation,TN,33.05,0.0,705.0,709.0,1.0,81.2,34.0,Individual,6,High Risk,Manual Review
76698828,14275.0, 60 months,21.18,E,E3,3 years,RENT,34000.0,Not Verified,major_purchase,CT,33.57,3.0,700.0,704.0,1.0,49.5,42.0,Individual,6,High Risk,Manual Review
76253604,19450.0, 60 months,22.45,E,E5,10+ years,MORTGAGE,185000.0,Not Verified,debt_consolidation,CA,19.17,1.0,665.0,669.0,0.0,94.7,30.0,Individual,5,High Risk,Manual Review
76294651,24000.0, 60 months,22.45,E,E5,< 1 year,MORTGAGE,96200.0,Verified,credit_card,TX,30.79,0.0,675.0,679.0,3.0,74.1,32.0,Individual,5,High Risk,Manual Review
76965842,24000.0, 60 months,19.99,E,E1,5 years,MORTGAGE,48000.0,Not Verified,debt_consolidation,CO,16.55,2.0,665.0,669.0,0.0,80.4,17.0,Individual,5,High Risk,Manual Review
76205313,30000.0, 60 months,21.18,E,E3,10+ years,MORTGAGE,84000.0,Source Verified,debt_consolidation,CA,23.44,1.0,695.0,699.0,2.0,84.4,20.0,Individual,5,High Risk,Manual Review
74854691,24000.0, 60 months,21.97,E,E4,10+ years,MORTGAGE,150000.0,Not Verified,credit_card,MA,35.93,0.0,680.0,684.0,2.0,86.1,32.0,Individual,6,High Risk,Manual Review
76414450,20250.0, 60 months,28.99,G,G5,8 years,MORTGAGE,65000.0,Verified,debt_consolidation,CA,34.07,0.0,700.0,704.0,2.0,77.1,35.0,Joint App,5,High Risk,Manual Review
76223357,18475.0, 60 months,21.97,E,E4,,RENT,42000.0,Verified,debt_consolidation,NV,31.86,2.0,680.0,684.0,0.0,32.7,29.0,Individual,6,High Risk,Manual Review
76965532,19800.0, 60 months,21.18,E,E3,2 years,RENT,75000.0,Source Verified,debt_consolidation,TX,31.04,2.0,665.0,669.0,0.0,82.0,28.0,Individual,7,High Risk,Manual Review
74864507,24825.0, 60 months,21.97,E,E4,10+ years,RENT,68000.0,Not Verified,debt_consolidation,CT,31.06,2.0,660.0,664.0,0.0,68.7,37.0,Individual,6,High Risk,Manual Review
76945510,25000.0, 60 months,21.97,E,E4,,RENT,21000.0,Verified,debt_consolidation,KY,88.0,0.0,660.0,664.0,0.0,68.7,43.0,Joint App,5,High Risk,Manual Review
76304419,16350.0, 60 months,28.14,G,G2,10+ years,RENT,55000.0,Not Verified,debt_consolidation,NJ,39.43,0.0,680.0,684.0,0.0,86.5,14.0,Individual,6,High Risk,Manual Review
76334462,12000.0, 60 months,21.18,E,E3,10+ years,MORTGAGE,63000.0,Not Verified,home_improvement,PA,33.98,0.0,660.0,664.0,1.0,70.6,27.0,Individual,5,High Risk,Manual Review
75660980,18000.0, 60 months,22.45,E,E5,< 1 year,MORTGAGE,85000.0,Verified,debt_consolidation,GA,41.67,0.0,710.0,714.0,0.0,62.8,44.0,Individual,5,High Risk,Manual Review
77138431,22000.0, 60 months,21.18,E,E3,10+ years,MORTGAGE,50000.0,Source Verified,debt_consolidation,TN,30.27,0.0,675.0,679.0,0.0,65.4,36.0,Individual,5,High Risk,Manual Review
77248740,18200.0, 60 months,24.99,F,F3,10+ years,MORTGAGE,57000.0,Verified,home_improvement,IN,43.45,1.0,670.0,674.0,0.0,55.8,18.0,Joint App,6,High Risk,Manual Review
76549085,21600.0, 60 months,21.18,E,E3,10+ years,RENT,52000.0,Source Verified,debt_consolidation,WA,35.4,0.0,680.0,684.0,0.0,84.3,46.0,Individual,6,High Risk,Manual Review
75778464,14500.0, 60 months,21.18,E,E3,10+ years,MORTGAGE,45000.0,Source Verified,debt_consolidation,TX,38.59,1.0,665.0,669.0,0.0,87.1,18.0,Individual,7,High Risk,Manual Review
75136008,29925.0, 60 months,20.75,E,E2,3 years,RENT,248000.0,Verified,credit_card,PA,18.77,1.0,660.0,664.0,0.0,88.7,27.0,Individual,5,High Risk,Manual Review
75192035,27000.0, 60 months,19.99,E,E1,7 years,RENT,60000.0,Not Verified,debt_consolidation,CA,33.62,0.0,710.0,714.0,1.0,49.7,26.0,Individual,5,High Risk,Manual Review
76588476,35000.0, 60 months,28.34,G,G3,10+ years,OWN,130000.0,Verified,debt_consolidation,GA,27.92,1.0,665.0,669.0,0.0,81.2,51.0,Individual,5,High Risk,Manual Review
76293212,40000.0, 60 months,22.45,E,E5,10+ years,MORTGAGE,90000.0,Verified,debt_consolidation,IL,38.99,1.0,685.0,689.0,1.0,70.4,33.0,Individual,6,High Risk,Manual Review
74814360,16000.0, 60 months,28.34,G,G3,6 years,RENT,60000.0,Verified,credit_card,CO,43.9,0.0,670.0,674.0,0.0,59.7,13.0,Individual,5,High Risk,Manual Review
75358568,18000.0, 60 months,21.97,E,E4,10+ years,RENT,65000.0,Verified,credit_card,CA,34.84,1.0,685.0,689.0,3.0,24.0,38.0,Individual,6,High Risk,Manual Review
76373604,10875.0, 60 months,21.97,E,E4,10+ years,MORTGAGE,34000.0,Not Verified,debt_consolidation,CA,34.45,1.0,675.0,679.0,2.0,44.9,23.0,Individual,6,High Risk,Manual Review
76824155,30625.0, 60 months,19.99,E,E1,10+ years,RENT,97500.0,Verified,debt_consolidation,NY,37.81,1.0,675.0,679.0,0.0,76.0,30.0,Individual,6,High Risk,Manual Review
77141166,8000.0, 36 months,20.75,E,E2,,MORTGAGE,72000.0,Verified,debt_consolidation,MI,46.27,0.0,735.0,739.0,1.0,41.6,27.0,Individual,5,High Risk,Manual Review
76698902,25000.0, 60 months,21.97,E,E4,10+ years,MORTGAGE,64324.0,Verified,debt_consolidation,FL,41.25,0.0,685.0,689.0,0.0,50.7,34.0,Individual,5,High Risk,Manual Review
76373795,18500.0, 60 months,22.45,E,E5,10+ years,MORTGAGE,101000.0,Not Verified,debt_consolidation,NC,36.26,0.0,720.0,724.0,0.0,70.9,27.0,Individual,5,High Risk,Manual Review
76668606,14850.0, 60 months,20.75,E,E2,2 years,RENT,48100.0,Source Verified,debt_consolidation,AZ,36.68,2.0,660.0,664.0,0.0,46.2,34.0,Individual,6,High Risk,Manual Review
75568423,33850.0, 60 months,20.75,E,E2,,MORTGAGE,24500.0,Not Verified,home_improvement,TX,46.17,1.0,690.0,694.0,4.0,47.1,38.0,Joint App,6,High Risk,Manual Review
76608481,21175.0, 60 months,21.97,E,E4,,MORTGAGE,48000.0,Not Verified,credit_card,TX,30.68,0.0,720.0,724.0,0.0,63.3,23.0,Individual,5,High Risk,Manual Review
76395476,15000.0, 60 months,20.75,E,E2,6 years,MORTGAGE,40000.0,Verified,debt_consolidation,IL,20.88,5.0,670.0,674.0,0.0,81.7,33.0,Individual,5,High Risk,Manual Review
76844760,14000.0, 60 months,21.97,E,E4,10+ years,MORTGAGE,50000.0,Verified,debt_consolidation,CA,33.32,2.0,710.0,714.0,0.0,49.0,27.0,Individual,6,High Risk,Manual Review
76216282,20000.0, 60 months,21.18,E,E3,8 years,RENT,40000.0,Source Verified,credit_card,TN,37.32,0.0,690.0,694.0,1.0,60.8,28.0,Individual,5,High Risk,Manual Review
77078377,24000.0, 60 months,21.18,E,E3,10+ years,RENT,48480.0,Verified,debt_consolidation,PA,47.7,0.0,670.0,674.0,1.0,74.1,36.0,Individual,5,High Risk,Manual Review
74955201,20000.0, 60 months,21.97,E,E4,10+ years,RENT,66500.0,Not Verified,credit_card,MA,44.99,0.0,730.0,734.0,0.0,36.2,25.0,Individual,5,High Risk,Manual Review
76153685,10000.0, 60 months,20.75,E,E2,10+ years,RENT,48000.0,Source Verified,credit_card,KY,35.3,0.0,700.0,704.0,1.0,63.4,34.0,Individual,5,High Risk,Manual Review
75334797,24000.0, 60 months,19.99,E,E1,1 year,MORTGAGE,50128.0,Source Verified,credit_card,TX,34.43,0.0,680.0,684.0,0.0,40.5,29.0,Individual,5,High Risk,Manual Review
77487189,5025.0, 36 months,24.99,F,F3,8 years,RENT,14000.0,Source Verified,other,NY,41.34,0.0,700.0,704.0,0.0,46.1,19.0,Individual,5,High Risk,Manual Review
76334449,16100.0, 60 months,28.99,G,G5,4 years,MORTGAGE,54000.0,Verified,debt_consolidation,IN,42.42,1.0,660.0,664.0,1.0,63.8,28.0,Individual,6,High Risk,Manual Review
76558973,10000.0, 60 months,21.97,E,E4,10+ years,MORTGAGE,70000.0,Source Verified,major_purchase,TX,35.88,1.0,685.0,689.0,0.0,8.2,16.0,Individual,6,High Risk,Manual Review
76435773,35000.0, 60 months,21.97,E,E4,10+ years,MORTGAGE,80000.0,Source Verified,credit_card,MI,30.32,0.0,660.0,664.0,0.0,74.1,25.0,Individual,5,High Risk,Manual Review
76384406,23000.0, 60 months,20.75,E,E2,9 years,MORTGAGE,50000.0,Source Verified,other,FL,35.84,0.0,670.0,674.0,0.0,59.2,28.0,Individual,5,High Risk,Manual Review
76619006,10825.0, 60 months,22.45,E,E5,2 years,MORTGAGE,33840.0,Verified,debt_consolidation,WA,39.86,0.0,670.0,674.0,3.0,27.0,19.0,Individual,5,High Risk,Manual Review
76393263,10200.0, 60 months,25.88,F,F4,2 years,MORTGAGE,44000.0,Not Verified,credit_card,NJ,43.75,0.0,680.0,684.0,1.0,68.7,29.0,Individual,5,High Risk,Manual Review
75699238,21700.0, 60 months,27.34,G,G1,3 years,OWN,64480.0,Not Verified,debt_consolidation,CA,32.94,0.0,735.0,739.0,2.0,2.8,28.0,Individual,5,High Risk,Manual Review
74617095,15775.0, 60 months,20.75,E,E2,,MORTGAGE,50587.92,Verified,debt_consolidation,GA,39.82,0.0,665.0,669.0,1.0,69.4,40.0,Individual,5,High Risk,Manual Review
76395037,24000.0, 60 months,21.18,E,E3,2 years,MORTGAGE,52500.0,Verified,debt_consolidation,KS,30.7,0.0,675.0,679.0,0.0,76.0,34.0,Individual,5,High Risk,Manual Review
76323938,20800.0, 60 months,21.97,E,E4,4 years,MORTGAGE,85000.0,Source Verified,home_improvement,FL,32.69,0.0,705.0,709.0,1.0,37.8,53.0,Individual,5,High Risk,Manual Review
76679139,20000.0, 60 months,21.97,E,E4,9 years,MORTGAGE,60000.0,Verified,debt_consolidation,IN,37.38,1.0,670.0,674.0,0.0,76.0,30.0,Individual,6,High Risk,Manual Review
76688510,18000.0, 60 months,20.75,E,E2,10+ years,RENT,36000.0,Source Verified,debt_consolidation,NC,35.9,0.0,660.0,664.0,0.0,56.3,24.0,Individual,5,High Risk,Manual Review
77210488,35000.0, 36 months,17.27,D,D2,2 years,MORTGAGE,75000.0,Not Verified,debt_consolidation,LA,36.18,1.0,670.0,674.0,2.0,89.4,31.0,Joint App,5,High Risk,Manual Review
76233951,25000.0, 60 months,21.97,E,E4,10+ years,MORTGAGE,81500.0,Source Verified,debt_consolidation,NC,35.56,0.0,665.0,669.0,0.0,77.3,34.0,Individual,5,High Risk,Manual Review
75428293,10450.0, 60 months,20.75,E,E2,10+ years,RENT,54525.0,Source Verified,credit_card,LA,30.86,0.0,735.0,739.0,1.0,24.4,32.0,Individual,5,High Risk,Manual Review
76293601,20325.0, 60 months,22.45,E,E5,10+ years,RENT,45200.0,Verified,debt_consolidation,MN,35.87,0.0,705.0,709.0,1.0,45.0,21.0,Individual,5,High Risk,Manual Review
76334752,15000.0, 60 months,27.34,G,G1,10+ years,RENT,30000.0,Verified,debt_consolidation,CA,34.02,0.0,670.0,674.0,0.0,64.2,27.0,Individual,5,High Risk,Manual Review
75360566,11775.0, 60 months,27.34,G,G1,10+ years,OWN,36000.0,Verified,debt_consolidation,FL,35.7,0.0,665.0,669.0,1.0,50.8,14.0,Individual,5,High Risk,Manual Review
76264084,2000.0, 36 months,20.75,E,E2,10+ years,OWN,62000.0,Verified,other,IL,32.94,0.0,660.0,664.0,3.0,66.9,64.0,Individual,5,High Risk,Manual Review
76254181,12800.0, 60 months,21.97,E,E4,< 1 year,OWN,40000.0,Verified,debt_consolidation,AZ,48.3,2.0,665.0,669.0,1.0,78.0,35.0,Individual,6,High Risk,Manual Review
76242811,14000.0, 60 months,21.18,E,E3,2 years,MORTGAGE,225000.0,Verified,medical,CA,16.87,1.0,660.0,664.0,0.0,93.7,51.0,Individual,5,High Risk,Manual Review
856573,20275.0, 60 months,22.45,E,E5,1 year,OWN,50600.0,Not Verified,debt_consolidation,GA,32.99,1.0,685.0,689.0,0.0,47.5,25.0,Individual,6,High Risk,Manual Review
77367395,3025.0, 36 months,20.75,E,E2,10+ years,OWN,60000.0,Source Verified,medical,GA,32.82,0.0,660.0,664.0,1.0,72.8,35.0,Individual,5,High Risk,Manual Review
76313600,25000.0, 60 months,21.97,E,E4,,MORTGAGE,83292.0,Verified,debt_consolidation,MD,34.3,0.0,670.0,674.0,0.0,67.3,38.0,Individual,5,High Risk,Manual Review
76435646,13350.0, 60 months,19.99,E,E1,1 year,MORTGAGE,74472.0,Source Verified,debt_consolidation,PA,34.45,0.0,670.0,674.0,0.0,37.5,37.0,Individual,5,High Risk,Manual Review
76528423,18000.0, 60 months,21.97,E,E4,10+ years,MORTGAGE,70000.0,Verified,debt_consolidation,CO,39.35,0.0,665.0,669.0,2.0,50.0,40.0,Individual,5,High Risk,Manual Review
76184441,20400.0, 60 months,21.97,E,E4,6 years,RENT,66000.0,Not Verified,debt_consolidation,PA,30.27,1.0,660.0,664.0,4.0,73.9,19.0,Individual,6,High Risk,Manual Review
76244261,28000.0, 60 months,19.99,E,E1,9 years,RENT,64500.0,Source Verified,credit_card,MD,32.16,0.0,695.0,699.0,0.0,90.9,42.0,Individual,6,High Risk,Manual Review
76678937,11525.0, 60 months,28.99,G,G5,< 1 year,RENT,28800.0,Source Verified,debt_consolidation,CA,40.08,0.0,660.0,664.0,0.0,53.7,17.0,Individual,5,High Risk,Manual Review
76835345,15125.0, 60 months,21.97,E,E4,10+ years,MORTGAGE,45000.0,Source Verified,home_improvement,CA,35.95,0.0,675.0,679.0,0.0,80.9,14.0,Individual,6,High Risk,Manual Review
76194274,16300.0, 60 months,28.99,G,G5,10+ years,MORTGAGE,88000.0,Verified,debt_consolidation,FL,31.19,0.0,700.0,704.0,3.0,75.9,24.0,Individual,5,High Risk,Manual Review
76313228,19675.0, 60 months,19.99,E,E1,< 1 year,MORTGAGE,80000.0,Not Verified,debt_consolidation,GA,38.27,0.0,700.0,704.0,0.0,78.3,23.0,Individual,5,High Risk,Manual Review
76415177,21000.0, 60 months,19.99,E,E1,10+ years,MORTGAGE,75000.0,Source Verified,debt_consolidation,VA,31.02,0.0,700.0,704.0,0.0,77.6,28.0,Individual,5,High Risk,Manual Review
77039141,16000.0, 60 months,21.18,E,E3,10+ years,OWN,82000.0,Not Verified,credit_card,NJ,36.69,0.0,690.0,694.0,0.0,30.1,46.0,Individual,5,High Risk,Manual Review
76104031,12800.0, 60 months,24.99,F,F3,2 years,RENT,53000.0,Verified,debt_consolidation,MD,48.57,0.0,665.0,669.0,1.0,61.6,36.0,Individual,5,High Risk,Manual Review
76374065,19300.0, 60 months,21.18,E,E3,10+ years,OWN,42000.0,Verified,debt_consolidation,MO,49.51,0.0,705.0,709.0,1.0,45.8,26.0,Individual,5,High Risk,Manual Review
76498629,20000.0, 60 months,21.18,E,E3,2 years,RENT,50000.0,Source Verified,debt_consolidation,CA,33.89,0.0,665.0,669.0,0.0,33.2,47.0,Individual,5,High Risk,Manual Review
76354277,25000.0, 60 months,21.97,E,E4,10+ years,RENT,76000.0,Not Verified,debt_consolidation,MO,30.4,0.0,705.0,709.0,1.0,24.1,33.0,Individual,5,High Risk,Manual Review
76371728,35000.0, 60 months,20.75,E,E2,6 years,MORTGAGE,111000.0,Source Verified,debt_consolidation,TX,30.65,0.0,685.0,689.0,1.0,82.2,21.0,Individual,6,High Risk,Manual Review
76528352,28000.0, 60 months,20.75,E,E2,5 years,RENT,70000.0,Not Verified,debt_consolidation,IN,35.73,0.0,710.0,714.0,0.0,83.4,27.0,Individual,6,High Risk,Manual Review
76394289,12225.0, 60 months,28.99,G,G5,3 years,RENT,34000.0,Verified,major_purchase,IN,30.04,0.0,680.0,684.0,2.0,91.2,8.0,Individual,6,High Risk,Manual Review
76355165,16350.0, 60 months,19.99,E,E1,10+ years,OWN,38000.0,Source Verified,debt_consolidation,NY,37.52,0.0,705.0,709.0,0.0,49.1,31.0,Individual,5,High Risk,Manual Review
76313445,16800.0, 60 months,19.99,E,E1,2 years,RENT,55000.0,Not Verified,credit_card,CO,37.57,0.0,715.0,719.0,2.0,35.1,34.0,Individual,5,High Risk,Manual Review
77190001,35000.0, 36 months,22.45,E,E5,10+ years,RENT,120000.0,Verified,debt_consolidation,NY,31.93,0.0,665.0,669.0,1.0,81.6,74.0,Individual,6,High Risk,Manual Review
77407632,21000.0, 36 months,21.18,E,E3,10+ years,RENT,42000.0,Source Verified,debt_consolidation,TX,37.74,1.0,660.0,664.0,0.0,64.3,52.0,Individual,6,High Risk,Manual Review
77337274,5000.0, 36 months,19.99,E,E1,4 years,OWN,35000.0,Source Verified,renewable_energy,FL,38.85,0.0,660.0,664.0,1.0,37.3,18.0,Individual,5,High Risk,Manual Review
75718752,32275.0, 60 months,20.75,E,E2,,MORTGAGE,71600.0,Verified,debt_consolidation,CA,33.37,0.0,690.0,694.0,1.0,52.5,30.0,Individual,5,High Risk,Manual Review
77071414,7800.0, 36 months,19.99,E,E1,10+ years,RENT,23000.0,Source Verified,debt_consolidation,TN,30.01,0.0,710.0,714.0,0.0,59.2,48.0,Individual,5,High Risk,Manual Review
77170166,18900.0, 36 months,20.75,E,E2,6 years,MORTGAGE,45000.0,Source Verified,credit_card,MI,31.95,0.0,675.0,679.0,3.0,73.3,23.0,Individual,5,High Risk,Manual Review
77367263,7800.0, 36 months,28.34,G,G3,10+ years,MORTGAGE,30000.0,Source Verified,debt_consolidation,WY,37.16,0.0,665.0,669.0,1.0,81.6,29.0,Individual,6,High Risk,Manual Review
75192640,20000.0, 60 months,19.99,E,E1,2 years,MORTGAGE,65000.0,Not Verified,debt_consolidation,NJ,36.61,0.0,700.0,704.0,0.0,31.2,24.0,Individual,5,High Risk,Manual Review
77128507,30000.0, 60 months,25.88,F,F4,3 years,RENT,96000.0,Source Verified,debt_consolidation,TX,36.3,0.0,675.0,679.0,0.0,64.2,28.0,Individual,5,High Risk,Manual Review
76243394,24000.0, 60 months,28.67,G,G4,10+ years,RENT,80000.0,Verified,debt_consolidation,CA,35.0,0.0,675.0,679.0,0.0,98.0,22.0,Individual,6,High Risk,Manual Review
77447673,12150.0, 36 months,26.57,F,F5,10+ years,RENT,40000.0,Not Verified,debt_consolidation,CO,36.96,0.0,670.0,674.0,0.0,62.4,25.0,Individual,5,High Risk,Manual Review
77297416,25750.0, 36 months,21.97,E,E4,10+ years,RENT,56000.0,Not Verified,debt_consolidation,CA,36.58,0.0,715.0,719.0,0.0,62.3,24.0,Individual,5,High Risk,Manual Review
77231324,4000.0, 36 months,19.99,E,E1,1 year,RENT,35000.0,Source Verified,debt_consolidation,TN,30.97,0.0,685.0,689.0,2.0,4.3,21.0,Individual,5,High Risk,Manual Review
77121899,6500.0, 36 months,21.97,E,E4,< 1 year,RENT,23000.0,Source Verified,debt_consolidation,NC,37.21,0.0,665.0,669.0,2.0,55.9,14.0,Individual,5,High Risk,Manual Review
76233965,30000.0, 60 months,27.34,G,G1,< 1 year,RENT,110000.0,Verified,other,NY,16.3,2.0,665.0,669.0,1.0,85.1,13.0,Individual,5,High Risk,Manual Review
76436123,12000.0, 60 months,25.88,F,F4,1 year,MORTGAGE,30000.0,Source Verified,debt_consolidation,KY,30.12,0.0,685.0,689.0,1.0,77.8,15.0,Individual,5,High Risk,Manual Review
77476874,7075.0, 36 months,20.75,E,E2,,RENT,23652.0,Verified,debt_consolidation,CA,31.0,1.0,675.0,679.0,1.0,102.6,13.0,Individual,7,High Risk,Manual Review
77526760,2800.0, 36 months,19.99,E,E1,5 years,RENT,31000.0,Source Verified,other,LA,36.2,0.0,690.0,694.0,0.0,19.7,11.0,Individual,5,High Risk,Manual Review
77376647,22775.0, 36 months,24.99,F,F3,10+ years,MORTGAGE,63000.0,Verified,debt_consolidation,FL,36.12,0.0,660.0,664.0,0.0,59.8,26.0,Individual,5,High Risk,Manual Review
76437042,7800.0, 36 months,19.99,E,E1,,RENT,48180.0,Verified,credit_card,NY,47.07,0.0,695.0,699.0,0.0,77.6,18.0,Individual,5,High Risk,Manual Review
76764929,18000.0, 36 months,19.99,E,E1,10+ years,MORTGAGE,55000.0,Verified,debt_consolidation,TX,37.73,0.0,680.0,684.0,3.0,97.2,13.0,Individual,6,High Risk,Manual Review
76985787,20000.0, 60 months,25.88,F,F4,< 1 year,RENT,63000.0,Verified,other,CA,34.51,0.0,670.0,674.0,1.0,37.1,29.0,Individual,5,High Risk,Manual Review
77005671,10875.0, 36 months,19.99,E,E1,10+ years,RENT,34000.0,Source Verified,debt_consolidation,CO,33.04,0.0,690.0,694.0,1.0,88.6,27.0,Individual,6,High Risk,Manual Review
77178365,25300.0, 60 months,23.13,F,F1,10+ years,MORTGAGE,55000.0,Source Verified,debt_consolidation,TX,32.57,3.0,680.0,684.0,0.0,66.8,23.0,Individual,6,High Risk,Manual Review
77231805,19350.0, 36 months,21.97,E,E4,6 years,OWN,55000.0,Source Verified,debt_consolidation,TX,36.09,0.0,695.0,699.0,1.0,44.5,15.0,Individual,5,High Risk,Manual Review
77336419,7000.0, 36 months,19.99,E,E1,1 year,RENT,44000.0,Source Verified,debt_consolidation,AK,40.83,0.0,670.0,674.0,0.0,94.1,45.0,Individual,6,High Risk,Manual Review
76402893,24075.0, 60 months,20.75,E,E2,10+ years,MORTGAGE,100000.0,Not Verified,debt_consolidation,PA,35.87,0.0,665.0,669.0,1.0,80.2,34.0,Individual,6,High Risk,Manual Review
77110120,11500.0, 36 months,22.45,E,E5,,OWN,23000.0,Verified,credit_card,CA,37.84,0.0,675.0,679.0,1.0,47.5,16.0,Individual,5,High Risk,Manual Review
75869578,17925.0, 60 months,25.88,F,F4,10+ years,OWN,65000.0,Verified,debt_consolidation,HI,31.34,2.0,685.0,689.0,0.0,33.5,21.0,Joint App,6,High Risk,Manual Review
76201451,1200.0, 36 months,21.97,E,E4,5 years,MORTGAGE,33000.0,Source Verified,other,NC,12.8,3.0,680.0,684.0,0.0,80.2,28.0,Individual,5,High Risk,Manual Review
77058962,9275.0, 36 months,24.11,F,F2,2 years,RENT,41600.0,Source Verified,debt_consolidation,AZ,41.32,0.0,660.0,664.0,2.0,47.2,17.0,Individual,5,High Risk,Manual Review
75951281,17175.0, 60 months,22.45,E,E5,10+ years,MORTGAGE,81500.0,Verified,credit_card,IL,30.75,0.0,670.0,674.0,2.0,79.8,21.0,Individual,5,High Risk,Manual Review
77149882,18900.0, 36 months,20.75,E,E2,10+ years,MORTGAGE,45000.0,Verified,debt_consolidation,GA,38.24,0.0,670.0,674.0,2.0,51.7,29.0,Individual,5,High Risk,Manual Review
76223474,16000.0, 60 months,19.99,E,E1,10+ years,RENT,100000.0,Not Verified,debt_consolidation,CA,38.14,0.0,745.0,749.0,0.0,29.3,35.0,Individual,5,High Risk,Manual Review
77180335,26300.0, 36 months,22.45,E,E5,6 years,MORTGAGE,36800.0,Verified,debt_consolidation,UT,37.25,0.0,675.0,679.0,3.0,48.7,47.0,Joint App,5,High Risk,Manual Review
76353246,19250.0, 60 months,28.34,G,G3,5 years,MORTGAGE,68000.0,Verified,debt_consolidation,NY,36.04,0.0,685.0,689.0,1.0,45.1,36.0,Individual,5,High Risk,Manual Review
76385675,20000.0, 36 months,21.18,E,E3,10+ years,MORTGAGE,56000.0,Source Verified,debt_consolidation,NC,5.45,1.0,670.0,674.0,0.0,83.6,13.0,Individual,5,High Risk,Manual Review
76926039,32000.0, 60 months,24.11,F,F2,4 years,RENT,67000.0,Verified,debt_consolidation,TX,36.56,0.0,670.0,674.0,5.0,38.0,26.0,Joint App,5,High Risk,Manual Review
73843459,12600.0, 60 months,21.97,E,E4,8 years,MORTGAGE,55000.0,Verified,home_improvement,TX,44.69,0.0,725.0,729.0,1.0,37.0,21.0,Individual,5,High Risk,Manual Review
76437146,18275.0, 36 months,28.99,G,G5,5 years,RENT,65000.0,Source Verified,debt_consolidation,MA,33.67,0.0,665.0,669.0,1.0,88.0,28.0,Individual,6,High Risk,Manual Review
77426304,13350.0, 36 months,20.75,E,E2,,MORTGAGE,46462.8,Verified,debt_consolidation,CA,37.7,0.0,690.0,694.0,1.0,55.3,30.0,Individual,5,High Risk,Manual Review
76401482,17000.0, 60 months,24.11,F,F2,10+ years,RENT,68000.0,Source Verified,credit_card,OR,21.37,1.0,705.0,709.0,0.0,94.5,14.0,Individual,5,High Risk,Manual Review
76303130,18225.0, 60 months,28.99,G,G5,1 year,MORTGAGE,48000.0,Verified,credit_card,TX,49.05,1.0,665.0,669.0,0.0,82.3,15.0,Individual,7,High Risk,Manual Review
77078168,35000.0, 60 months,23.13,F,F1,8 years,RENT,126000.0,Verified,debt_consolidation,CA,18.02,1.0,675.0,679.0,2.0,83.0,19.0,Individual,5,High Risk,Manual Review
75144841,15950.0, 60 months,24.11,F,F2,,OWN,38000.0,Verified,debt_consolidation,MS,33.58,0.0,700.0,704.0,0.0,59.0,17.0,Individual,5,High Risk,Manual Review
77536485,2500.0, 36 months,21.97,E,E4,2 years,MORTGAGE,34000.0,Source Verified,medical,ID,30.6,1.0,685.0,689.0,2.0,56.6,28.0,Individual,6,High Risk,Manual Review
76241879,28000.0, 36 months,23.13,F,F1,< 1 year,MORTGAGE,88000.0,Source Verified,debt_consolidation,PA,34.52,0.0,680.0,684.0,0.0,62.6,35.0,Individual,5,High Risk,Manual Review
76618966,16000.0, 36 months,20.75,E,E2,10+ years,MORTGAGE,55647.36,Source Verified,debt_consolidation,MO,33.94,0.0,660.0,664.0,0.0,45.4,36.0,Individual,5,High Risk,Manual Review
65737626,16275.0, 60 months,19.99,E,E1,10+ years,MORTGAGE,37000.0,Not Verified,home_improvement,PA,32.31,2.0,680.0,684.0,0.0,49.3,13.0,Individual,6,High Risk,Manual Review
77221709,8625.0, 36 months,22.45,E,E5,1 year,MORTGAGE,63000.0,Source Verified,debt_consolidation,TX,32.74,0.0,660.0,664.0,0.0,73.2,8.0,Individual,5,High Risk,Manual Review
77436785,14050.0, 36 months,25.88,F,F4,5 years,MORTGAGE,62500.0,Verified,debt_consolidation,TN,30.41,0.0,675.0,679.0,2.0,36.3,26.0,Individual,5,High Risk,Manual Review
77189188,1600.0, 36 months,15.31,C,C5,,MORTGAGE,83000.0,Verified,other,NY,34.53,1.0,680.0,684.0,0.0,84.8,26.0,Individual,5,High Risk,Manual Review
75798765,15575.0, 60 months,24.99,F,F3,1 year,OWN,60000.0,Not Verified,moving,MI,35.0,0.0,720.0,724.0,0.0,38.8,32.0,Individual,5,High Risk,Manual Review
76303294,13500.0, 60 months,21.97,E,E4,5 years,RENT,73800.0,Verified,debt_consolidation,MD,34.34,1.0,670.0,674.0,2.0,37.0,20.0,Individual,6,High Risk,Manual Review
77139611,19350.0, 36 months,15.31,C,C5,10+ years,MORTGAGE,43000.0,Verified,debt_consolidation,ID,37.34,1.0,660.0,664.0,0.0,93.0,26.0,Individual,5,High Risk,Manual Review
76273248,15000.0, 60 months,22.45,E,E5,3 years,MORTGAGE,65000.0,Not Verified,credit_card,NC,30.26,0.0,675.0,679.0,1.0,83.4,33.0,Individual,6,High Risk,Manual Review
76245037,23725.0, 60 months,24.11,F,F2,10+ years,MORTGAGE,51600.0,Source Verified,small_business,TX,32.67,0.0,700.0,704.0,1.0,60.5,13.0,Individual,5,High Risk,Manual Review
77040587,13825.0, 36 months,23.13,F,F1,3 years,RENT,43000.0,Verified,debt_consolidation,LA,35.92,0.0,705.0,709.0,0.0,21.0,18.0,Individual,5,High Risk,Manual Review
77130054,11825.0, 36 months,20.75,E,E2,6 years,OWN,26880.0,Source Verified,credit_card,MI,36.56,0.0,685.0,689.0,0.0,76.0,13.0,Individual,5,High Risk,Manual Review
77050342,1400.0, 36 months,24.99,F,F3,8 years,RENT,24615.96,Verified,debt_consolidation,VA,31.2,0.0,670.0,674.0,0.0,61.6,7.0,Individual,5,High Risk,Manual Review
75049946,21975.0, 60 months,25.88,F,F4,,MORTGAGE,51000.0,Verified,debt_consolidation,GA,37.6,0.0,680.0,684.0,3.0,29.0,18.0,Individual,5,High Risk,Manual Review
75645374,6000.0, 36 months,24.99,F,F3,,RENT,20000.0,Verified,debt_consolidation,CT,25.87,1.0,660.0,664.0,0.0,90.8,16.0,Individual,5,High Risk,Manual Review
76371864,19450.0, 36 months,21.18,E,E3,10+ years,OWN,60000.0,Not Verified,debt_consolidation,NY,37.84,0.0,700.0,704.0,0.0,76.3,26.0,Individual,5,High Risk,Manual Review
77161575,10775.0, 36 months,20.75,E,E2,< 1 year,RENT,50000.0,Source Verified,debt_consolidation,GA,36.15,0.0,680.0,684.0,0.0,55.2,25.0,Individual,5,High Risk,Manual Review
75091613,18275.0, 36 months,20.75,E,E2,1 year,MORTGAGE,60000.0,Source Verified,debt_consolidation,TX,38.53,0.0,700.0,704.0,0.0,62.5,24.0,Individual,5,High Risk,Manual Review
76141539,35000.0, 60 months,24.11,F,F2,10+ years,RENT,92700.0,Verified,credit_card,FL,43.02,1.0,670.0,674.0,2.0,59.4,51.0,Individual,6,High Risk,Manual Review
77238812,5825.0, 36 months,23.13,F,F1,10+ years,MORTGAGE,42000.0,Source Verified,credit_card,OH,38.34,0.0,700.0,704.0,1.0,75.5,27.0,Individual,5,High Risk,Manual Review
75369793,30000.0, 60 months,21.97,E,E4,10+ years,RENT,60000.0,Source Verified,debt_consolidation,NY,31.32,1.0,690.0,694.0,0.0,57.6,18.0,Individual,6,High Risk,Manual Review
76184650,5000.0, 36 months,24.11,F,F2,10+ years,OWN,64000.0,Source Verified,debt_consolidation,GA,49.88,0.0,675.0,679.0,0.0,95.5,24.0,Individual,6,High Risk,Manual Review
77005933,9000.0, 36 months,28.99,G,G5,5 years,RENT,30000.0,Source Verified,debt_consolidation,OH,45.6,0.0,665.0,669.0,2.0,53.4,27.0,Individual,5,High Risk,Manual Review
77016759,10000.0, 36 months,21.18,E,E3,10+ years,MORTGAGE,34000.0,Source Verified,credit_card,OH,32.12,1.0,690.0,694.0,1.0,33.0,25.0,Individual,6,High Risk,Manual Review
76312325,22800.0, 60 months,28.67,G,G4,5 years,RENT,75000.0,Source Verified,debt_consolidation,MS,30.84,0.0,680.0,684.0,0.0,79.1,25.0,Individual,5,High Risk,Manual Review
76658158,3350.0, 36 months,21.97,E,E4,2 years,RENT,34000.0,Verified,debt_consolidation,TN,39.08,0.0,665.0,669.0,2.0,69.0,12.0,Individual,5,High Risk,Manual Review
77294446,6400.0, 36 months,19.99,E,E1,4 years,OWN,40000.0,Source Verified,debt_consolidation,MN,34.29,0.0,685.0,689.0,0.0,39.0,38.0,Individual,5,High Risk,Manual Review
76794595,10000.0, 60 months,23.13,F,F1,10+ years,OWN,37000.0,Source Verified,debt_consolidation,MD,35.81,0.0,680.0,684.0,3.0,56.2,28.0,Individual,5,High Risk,Manual Review
76425675,20475.0, 36 months,19.99,E,E1,10+ years,MORTGAGE,61000.0,Verified,debt_consolidation,CA,46.8,0.0,665.0,669.0,0.0,89.5,22.0,Individual,6,High Risk,Manual Review
76436038,4850.0, 36 months,22.45,E,E5,,OWN,15226.0,Verified,debt_consolidation,OR,37.78,0.0,660.0,664.0,1.0,60.1,15.0,Individual,5,High Risk,Manual Review
77210339,5775.0, 36 months,22.45,E,E5,2 years,OWN,16052.0,Source Verified,debt_consolidation,LA,35.31,0.0,690.0,694.0,1.0,76.9,19.0,Individual,5,High Risk,Manual Review
77192112,6900.0, 36 months,25.88,F,F4,10+ years,OWN,23000.0,Source Verified,debt_consolidation,VA,33.46,0.0,690.0,694.0,0.0,104.1,11.0,Individual,6,High Risk,Manual Review
77238368,14000.0, 36 months,21.18,E,E3,10+ years,MORTGAGE,35000.0,Verified,debt_consolidation,OH,34.77,0.0,670.0,674.0,2.0,55.0,14.0,Individual,5,High Risk,Manual Review
77456276,21000.0, 36 months,28.67,G,G4,10+ years,MORTGAGE,97000.0,Source Verified,debt_consolidation,VA,36.78,0.0,680.0,684.0,0.0,83.9,35.0,Individual,6,High Risk,Manual Review
76194143,4800.0, 36 months,22.45,E,E5,3 years,MORTGAGE,65300.0,Verified,debt_consolidation,MO,42.33,3.0,660.0,664.0,0.0,86.9,47.0,Individual,7,High Risk,Manual Review
76956028,18000.0, 36 months,21.18,E,E3,5 years,RENT,53000.0,Verified,debt_consolidation,CA,41.54,0.0,675.0,679.0,1.0,61.4,39.0,Individual,5,High Risk,Manual Review
76728977,14000.0, 60 months,16.29,D,D1,10+ years,RENT,120000.0,Not Verified,debt_consolidation,VA,31.65,1.0,665.0,669.0,0.0,97.4,33.0,Individual,5,High Risk,Manual Review
77271440,3000.0, 36 months,19.99,E,E1,10+ years,MORTGAGE,170000.0,Source Verified,debt_consolidation,TX,16.2,1.0,695.0,699.0,1.0,99.9,19.0,Individual,5,High Risk,Manual Review
77241169,8650.0, 36 months,24.11,F,F2,9 years,RENT,30000.0,Source Verified,debt_consolidation,TX,34.92,0.0,695.0,699.0,0.0,79.3,9.0,Individual,5,High Risk,Manual Review
76905580,32000.0, 36 months,20.75,E,E2,1 year,MORTGAGE,135000.0,Not Verified,other,FL,30.21,0.0,675.0,679.0,0.0,58.4,48.0,Individual,5,High Risk,Manual Review
76293112,14000.0, 60 months,21.18,E,E3,4 years,MORTGAGE,96000.0,Source Verified,debt_consolidation,CT,37.11,0.0,660.0,664.0,2.0,80.8,40.0,Individual,6,High Risk,Manual Review
76508866,15200.0, 36 months,20.75,E,E2,10+ years,RENT,50000.0,Source Verified,debt_consolidation,NY,30.88,5.0,670.0,674.0,1.0,82.2,28.0,Individual,7,High Risk,Manual Review
76668492,31125.0, 36 months,19.99,E,E1,< 1 year,MORTGAGE,86875.0,Not Verified,other,KY,33.94,0.0,705.0,709.0,0.0,91.0,30.0,Individual,6,High Risk,Manual Review
77029076,18125.0, 36 months,21.18,E,E3,,RENT,38000.0,Source Verified,debt_consolidation,NY,35.03,0.0,660.0,664.0,2.0,42.3,24.0,Individual,5,High Risk,Manual Review
75647429,2950.0, 36 months,22.45,E,E5,,RENT,13524.0,Verified,debt_consolidation,WI,40.24,0.0,720.0,724.0,0.0,44.1,14.0,Individual,5,High Risk,Manual Review
76824580,14425.0, 60 months,26.57,F,F5,3 years,RENT,41000.0,Source Verified,credit_card,TX,35.71,1.0,665.0,669.0,1.0,93.4,39.0,Individual,7,High Risk,Manual Review
76446767,4800.0, 36 months,19.99,E,E1,,RENT,14580.0,Verified,debt_consolidation,MI,35.39,0.0,675.0,679.0,0.0,73.3,13.0,Individual,5,High Risk,Manual Review
76242394,13800.0, 60 months,25.88,F,F4,2 years,MORTGAGE,138000.0,Verified,debt_consolidation,TX,44.69,0.0,720.0,724.0,0.0,58.6,61.0,Individual,5,High Risk,Manual Review
76774346,9725.0, 36 months,21.18,E,E3,6 years,OWN,35000.0,Source Verified,credit_card,DE,32.34,0.0,665.0,669.0,1.0,62.4,25.0,Individual,5,High Risk,Manual Review
77090920,7300.0, 36 months,22.45,E,E5,6 years,RENT,22848.0,Verified,debt_consolidation,CA,30.83,0.0,675.0,679.0,1.0,43.1,15.0,Individual,5,High Risk,Manual Review
76804466,9700.0, 36 months,19.99,E,E1,1 year,RENT,24000.0,Source Verified,debt_consolidation,FL,35.0,0.0,690.0,694.0,0.0,43.5,12.0,Individual,5,High Risk,Manual Review
77190496,8775.0, 36 months,21.97,E,E4,6 years,MORTGAGE,68000.0,Source Verified,debt_consolidation,MS,32.7,0.0,690.0,694.0,1.0,69.1,43.0,Individual,5,High Risk,Manual Review
76824620,27000.0, 60 months,17.27,D,D2,8 years,MORTGAGE,54000.0,Verified,credit_card,MI,32.29,1.0,670.0,674.0,0.0,89.7,20.0,Individual,5,High Risk,Manual Review
76447851,15000.0, 36 months,20.75,E,E2,10+ years,RENT,51000.0,Verified,debt_consolidation,TN,45.46,0.0,690.0,694.0,0.0,64.7,45.0,Individual,5,High Risk,Manual Review
75060615,16000.0, 60 months,20.75,E,E2,10+ years,MORTGAGE,43000.0,Verified,debt_consolidation,TX,37.82,0.0,675.0,679.0,1.0,33.0,29.0,Individual,5,High Risk,Manual Review
77230550,14975.0, 36 months,21.18,E,E3,8 years,MORTGAGE,40000.0,Verified,debt_consolidation,TX,35.7,0.0,675.0,679.0,3.0,44.0,44.0,Individual,5,High Risk,Manual Review
76975415,15000.0, 60 months,24.11,F,F2,10+ years,MORTGAGE,53000.0,Not Verified,debt_consolidation,IN,34.35,0.0,730.0,734.0,0.0,45.2,31.0,Individual,5,High Risk,Manual Review
77158586,8000.0, 36 months,20.75,E,E2,5 years,RENT,80000.0,Verified,debt_consolidation,RI,8.7,1.0,665.0,669.0,2.0,86.4,8.0,Individual,5,High Risk,Manual Review
77199327,13200.0, 36 months,24.11,F,F2,< 1 year,RENT,30000.0,Source Verified,debt_consolidation,MT,42.72,0.0,710.0,714.0,1.0,13.1,10.0,Individual,5,High Risk,Manual Review
77179143,5025.0, 36 months,21.97,E,E4,,RENT,14000.0,Verified,other,NH,45.2,0.0,690.0,694.0,0.0,44.5,16.0,Individual,5,High Risk,Manual Review
77058120,17975.0, 36 months,21.18,E,E3,2 years,RENT,60000.0,Source Verified,small_business,TN,34.34,1.0,680.0,684.0,1.0,52.0,18.0,Individual,6,High Risk,Manual Review
75941278,10400.0, 60 months,24.11,F,F2,10+ years,OWN,26000.0,Not Verified,debt_consolidation,OH,33.74,0.0,730.0,734.0,0.0,56.2,35.0,Individual,5,High Risk,Manual Review
77016053,14375.0, 36 months,27.34,G,G1,8 years,MORTGAGE,45000.0,Verified,debt_consolidation,CA,34.77,0.0,730.0,734.0,0.0,19.9,15.0,Individual,5,High Risk,Manual Review
77080010,11000.0, 36 months,20.75,E,E2,8 years,OWN,76000.0,Verified,credit_card,TX,49.36,0.0,680.0,684.0,1.0,96.8,26.0,Individual,6,High Risk,Manual Review
77069899,16500.0, 36 months,21.18,E,E3,10+ years,RENT,54000.0,Verified,debt_consolidation,AR,30.18,0.0,660.0,664.0,3.0,30.6,24.0,Individual,5,High Risk,Manual Review
76985196,17000.0, 60 months,23.13,F,F1,10+ years,MORTGAGE,34000.0,Source Verified,debt_consolidation,NV,35.35,0.0,685.0,689.0,0.0,70.0,28.0,Individual,5,High Risk,Manual Review
76275301,7200.0, 36 months,21.18,E,E3,,MORTGAGE,22500.0,Verified,debt_consolidation,OH,42.19,0.0,680.0,684.0,0.0,31.7,22.0,Individual,5,High Risk,Manual Review
77068881,17975.0, 36 months,19.99,E,E1,5 years,MORTGAGE,58240.0,Verified,debt_consolidation,MI,31.63,0.0,660.0,664.0,1.0,66.0,24.0,Individual,5,High Risk,Manual Review
77271181,9400.0, 36 months,20.75,E,E2,10+ years,RENT,32000.0,Source Verified,debt_consolidation,AR,33.05,0.0,670.0,674.0,0.0,22.7,15.0,Individual,5,High Risk,Manual Review
76303030,7000.0, 36 months,20.75,E,E2,9 years,RENT,46200.0,Not Verified,debt_consolidation,WA,34.1,0.0,665.0,669.0,2.0,94.0,18.0,Individual,6,High Risk,Manual Review
76402537,32000.0, 60 months,22.45,E,E5,6 years,RENT,93000.0,Verified,debt_consolidation,NC,48.47,0.0,685.0,689.0,0.0,75.2,35.0,Individual,5,High Risk,Manual Review
77109538,3475.0, 36 months,16.29,D,D1,10+ years,MORTGAGE,40000.0,Source Verified,debt_consolidation,CA,33.03,1.0,665.0,669.0,0.0,90.2,14.0,Individual,5,High Risk,Manual Review
77110051,5400.0, 36 months,24.99,F,F3,< 1 year,OWN,15000.0,Verified,credit_card,NY,42.0,0.0,660.0,664.0,0.0,60.5,14.0,Individual,5,High Risk,Manual Review
76322964,22500.0, 60 months,21.18,E,E3,10+ years,MORTGAGE,56258.0,Source Verified,debt_consolidation,NM,33.77,1.0,670.0,674.0,0.0,29.6,30.0,Individual,6,High Risk,Manual Review
75264408,13725.0, 36 months,23.13,F,F1,8 years,MORTGAGE,37192.0,Verified,debt_consolidation,MO,36.11,0.0,700.0,704.0,0.0,21.6,32.0,Individual,5,High Risk,Manual Review
76344122,2525.0, 36 months,26.57,F,F5,4 years,MORTGAGE,35000.0,Source Verified,debt_consolidation,NC,37.52,0.0,700.0,704.0,0.0,66.3,22.0,Individual,5,High Risk,Manual Review
77258393,35000.0, 36 months,22.45,E,E5,,MORTGAGE,93000.0,Verified,debt_consolidation,MN,31.69,0.0,665.0,669.0,0.0,86.0,56.0,Individual,6,High Risk,Manual Review
75850396,10800.0, 60 months,23.13,F,F1,10+ years,MORTGAGE,60000.0,Source Verified,major_purchase,GA,31.3,1.0,670.0,674.0,0.0,94.2,13.0,Individual,7,High Risk,Manual Review
75507263,24000.0, 60 months,23.13,F,F1,6 years,RENT,78000.0,Verified,debt_consolidation,CA,35.71,3.0,660.0,664.0,0.0,82.6,73.0,Individual,7,High Risk,Manual Review
76221697,12800.0, 60 months,25.88,F,F4,2 years,RENT,56000.0,Source Verified,debt_consolidation,NY,38.82,0.0,725.0,729.0,0.0,1.4,9.0,Individual,5,High Risk,Manual Review
76728935,15700.0, 36 months,21.18,E,E3,3 years,RENT,27040.0,Source Verified,debt_consolidation,FL,30.05,0.0,690.0,694.0,3.0,83.5,14.0,Joint App,6,High Risk,Manual Review
76435648,7125.0, 36 months,21.97,E,E4,5 years,MORTGAGE,32000.0,Source Verified,credit_card,OH,42.46,0.0,705.0,709.0,0.0,55.8,17.0,Individual,5,High Risk,Manual Review
75660280,6400.0, 36 months,21.18,E,E3,2 years,RENT,34000.0,Source Verified,debt_consolidation,CT,39.15,0.0,665.0,669.0,1.0,40.2,25.0,Individual,5,High Risk,Manual Review
75060541,17600.0, 60 months,25.88,F,F4,10+ years,RENT,60000.0,Source Verified,debt_consolidation,CA,40.58,0.0,670.0,674.0,1.0,63.0,24.0,Individual,5,High Risk,Manual Review
75369953,3000.0, 36 months,21.97,E,E4,,MORTGAGE,22000.0,Verified,debt_consolidation,AL,31.97,0.0,680.0,684.0,2.0,87.3,20.0,Individual,6,High Risk,Manual Review
77039446,7475.0, 36 months,23.13,F,F1,7 years,RENT,22000.0,Source Verified,debt_consolidation,FL,39.88,0.0,675.0,679.0,0.0,54.4,28.0,Individual,5,High Risk,Manual Review
75181464,17700.0, 60 months,27.34,G,G1,10+ years,MORTGAGE,58000.0,Verified,debt_consolidation,NC,48.88,0.0,685.0,689.0,1.0,41.3,44.0,Individual,5,High Risk,Manual Review
77089894,6950.0, 36 months,19.99,E,E1,< 1 year,MORTGAGE,70000.0,Source Verified,other,IN,46.09,0.0,690.0,694.0,0.0,88.0,32.0,Individual,6,High Risk,Manual Review
75219292,13500.0, 60 months,25.88,F,F4,7 years,RENT,50000.0,Source Verified,major_purchase,PA,32.91,0.0,765.0,769.0,1.0,0.0,13.0,Individual,5,High Risk,Manual Review
75963962,28000.0, 36 months,15.31,C,C5,3 years,OWN,40000.0,Verified,debt_consolidation,TX,32.4,3.0,670.0,674.0,0.0,85.0,36.0,Joint App,5,High Risk,Manual Review
75944252,12000.0, 60 months,25.88,F,F4,,MORTGAGE,43000.0,Verified,credit_card,MI,38.07,0.0,680.0,684.0,0.0,72.6,31.0,Individual,5,High Risk,Manual Review
76003980,31900.0, 60 months,24.11,F,F2,10+ years,MORTGAGE,76000.0,Source Verified,other,NC,34.52,0.0,665.0,669.0,1.0,31.6,48.0,Individual,5,High Risk,Manual Review
76446710,20000.0, 60 months,26.57,F,F5,5 years,RENT,65500.0,Verified,debt_consolidation,GA,35.14,1.0,700.0,704.0,0.0,60.3,12.0,Individual,6,High Risk,Manual Review
76618253,3050.0, 36 months,21.18,E,E3,,MORTGAGE,14000.0,Verified,home_improvement,NY,31.99,0.0,690.0,694.0,2.0,24.0,15.0,Individual,5,High Risk,Manual Review
77130110,2500.0, 36 months,20.75,E,E2,2 years,RENT,71000.0,Verified,other,TX,30.97,2.0,665.0,669.0,1.0,66.1,39.0,Individual,6,High Risk,Manual Review
77039507,9325.0, 36 months,21.18,E,E3,1 year,RENT,45005.04,Source Verified,debt_consolidation,NC,35.52,0.0,665.0,669.0,0.0,59.9,29.0,Individual,5,High Risk,Manual Review
77190439,8925.0, 36 months,25.88,F,F4,1 year,MORTGAGE,48000.0,Source Verified,debt_consolidation,MO,35.78,0.0,700.0,704.0,0.0,48.3,36.0,Individual,5,High Risk,Manual Review
76559016,10000.0, 60 months,24.11,F,F2,3 years,RENT,32000.0,Source Verified,medical,GA,37.36,1.0,665.0,669.0,1.0,64.4,13.0,Individual,6,High Risk,Manual Review
77219593,6925.0, 36 months,18.25,D,D3,5 years,RENT,42000.0,Verified,debt_consolidation,IL,34.23,1.0,660.0,664.0,1.0,82.0,20.0,Individual,5,High Risk,Manual Review
76282284,18000.0, 60 months,19.99,E,E1,4 years,OWN,41787.0,Not Verified,debt_consolidation,OH,33.92,0.0,690.0,694.0,0.0,72.5,19.0,Individual,5,High Risk,Manual Review
76559241,12000.0, 60 months,16.29,D,D1,3 years,RENT,31000.0,Source Verified,debt_consolidation,KY,32.71,1.0,680.0,684.0,1.0,90.0,19.0,Individual,5,High Risk,Manual Review
76223924,29300.0, 60 months,25.88,F,F4,2 years,MORTGAGE,56160.0,Verified,debt_consolidation,WA,36.3,0.0,670.0,674.0,0.0,92.7,15.0,Joint App,6,High Risk,Manual Review
76242949,12600.0, 60 months,28.14,G,G2,9 years,MORTGAGE,50000.0,Verified,debt_consolidation,MN,30.96,0.0,690.0,694.0,0.0,36.2,21.0,Individual,5,High Risk,Manual Review
77229935,6500.0, 36 months,19.99,E,E1,2 years,RENT,56000.0,Source Verified,debt_consolidation,TX,25.16,1.0,670.0,674.0,1.0,81.6,34.0,Individual,5,High Risk,Manual Review
76738989,20700.0, 36 months,21.18,E,E3,10+ years,RENT,45000.0,Source Verified,debt_consolidation,OH,38.24,0.0,685.0,689.0,0.0,61.7,20.0,Individual,5,High Risk,Manual Review
76292465,10000.0, 60 months,20.75,E,E2,1 year,RENT,35000.0,Source Verified,debt_consolidation,CA,34.64,0.0,665.0,669.0,2.0,11.7,16.0,Individual,5,High Risk,Manual Review
76341215,20200.0, 60 months,21.18,E,E3,1 year,MORTGAGE,60000.0,Source Verified,debt_consolidation,WA,32.71,0.0,670.0,674.0,0.0,78.2,27.0,Individual,5,High Risk,Manual Review
77110391,20525.0, 36 months,20.75,E,E2,2 years,RENT,128000.0,Not Verified,debt_consolidation,CT,30.31,0.0,675.0,679.0,1.0,78.5,66.0,Individual,5,High Risk,Manual Review
76232280,15200.0, 60 months,21.97,E,E4,5 years,RENT,40000.0,Source Verified,debt_consolidation,TX,28.95,8.0,665.0,669.0,0.0,92.7,13.0,Individual,5,High Risk,Manual Review
75289148,35000.0, 36 months,19.99,E,E1,10+ years,MORTGAGE,105000.0,Verified,debt_consolidation,AR,43.46,0.0,670.0,674.0,0.0,63.3,39.0,Individual,5,High Risk,Manual Review
77238676,4075.0, 36 months,24.99,F,F3,,RENT,12000.0,Verified,car,NC,40.2,0.0,660.0,664.0,1.0,75.8,17.0,Individual,5,High Risk,Manual Review
77139116,5000.0, 36 months,19.99,E,E1,3 years,RENT,18000.0,Source Verified,debt_consolidation,MI,39.87,0.0,660.0,664.0,0.0,90.2,5.0,Individual,6,High Risk,Manual Review
76518464,25200.0, 36 months,28.34,G,G3,10+ years,MORTGAGE,60000.0,Verified,debt_consolidation,NJ,44.14,0.0,680.0,684.0,0.0,83.4,24.0,Individual,6,High Risk,Manual Review
75369646,6350.0, 36 months,20.75,E,E2,,RENT,19884.0,Verified,debt_consolidation,KS,36.33,0.0,675.0,679.0,1.0,42.2,22.0,Individual,5,High Risk,Manual Review
77088216,6900.0, 36 months,26.57,F,F5,3 years,RENT,24000.0,Source Verified,other,NM,44.0,0.0,675.0,679.0,2.0,99.3,13.0,Individual,6,High Risk,Manual Review
75358967,4675.0, 36 months,22.45,E,E5,,RENT,13000.0,Verified,credit_card,AZ,42.57,0.0,660.0,664.0,0.0,51.5,7.0,Individual,5,High Risk,Manual Review
75879818,35000.0, 36 months,19.99,E,E1,10+ years,MORTGAGE,110000.0,Verified,debt_consolidation,CA,30.38,0.0,670.0,674.0,2.0,90.8,42.0,Individual,6,High Risk,Manual Review
77059314,9350.0, 36 months,21.18,E,E3,10+ years,MORTGAGE,26000.0,Source Verified,major_purchase,GA,39.28,0.0,670.0,674.0,0.0,61.3,28.0,Individual,5,High Risk,Manual Review
76012063,22850.0, 60 months,21.97,E,E4,,RENT,68000.0,Verified,moving,NV,29.77,1.0,670.0,674.0,0.0,82.0,26.0,Individual,5,High Risk,Manual Review
77028943,2700.0, 36 months,19.99,E,E1,,RENT,8000.0,Verified,other,OH,35.74,0.0,720.0,724.0,0.0,64.6,13.0,Individual,5,High Risk,Manual Review
76362590,20000.0, 60 months,24.11,F,F2,5 years,MORTGAGE,96000.0,Not Verified,debt_consolidation,AZ,37.16,0.0,680.0,684.0,0.0,69.4,27.0,Individual,5,High Risk,Manual Review
76011673,27950.0, 36 months,23.13,F,F1,10+ years,MORTGAGE,78000.0,Source Verified,debt_consolidation,FL,33.89,7.0,665.0,669.0,0.0,73.7,39.0,Individual,6,High Risk,Manual Review
75660923,35000.0, 60 months,20.75,E,E2,5 years,MORTGAGE,85000.0,Source Verified,debt_consolidation,TX,34.91,0.0,695.0,699.0,0.0,66.2,27.0,Individual,5,High Risk,Manual Review
75768756,3500.0, 36 months,20.75,E,E2,10+ years,MORTGAGE,48000.0,Source Verified,debt_consolidation,NC,45.83,1.0,670.0,674.0,3.0,40.5,23.0,Individual,6,High Risk,Manual Review
76738652,5000.0, 36 months,19.99,E,E1,10+ years,MORTGAGE,46000.0,Source Verified,home_improvement,FL,33.55,0.0,665.0,669.0,1.0,43.4,22.0,Individual,5,High Risk,Manual Review
76618510,25000.0, 60 months,25.88,F,F4,5 years,MORTGAGE,55000.0,Not Verified,debt_consolidation,FL,31.86,0.0,700.0,704.0,1.0,48.2,56.0,Individual,5,High Risk,Manual Review
76295157,5400.0, 36 months,21.18,E,E3,,RENT,18000.0,Verified,other,NY,36.4,0.0,660.0,664.0,0.0,0.0,24.0,Individual,5,High Risk,Manual Review
76794803,25000.0, 36 months,21.18,E,E3,1 year,MORTGAGE,85650.0,Source Verified,other,AR,31.33,0.0,705.0,709.0,2.0,87.3,20.0,Individual,6,High Risk,Manual Review
77188524,2900.0, 36 months,24.11,F,F2,10+ years,RENT,28900.0,Source Verified,debt_consolidation,MO,39.99,0.0,675.0,679.0,0.0,101.4,9.0,Individual,6,High Risk,Manual Review
76985902,18050.0, 36 months,21.18,E,E3,10+ years,MORTGAGE,55000.0,Verified,debt_consolidation,FL,31.38,0.0,680.0,684.0,1.0,91.3,30.0,Individual,6,High Risk,Manual Review
76302579,18900.0, 36 months,28.99,G,G5,9 years,OWN,43000.0,Verified,small_business,MI,30.92,0.0,665.0,669.0,0.0,34.0,22.0,Individual,5,High Risk,Manual Review
76284838,23000.0, 36 months,19.99,E,E1,10+ years,RENT,50000.0,Verified,debt_consolidation,FL,39.26,1.0,690.0,694.0,0.0,55.2,37.0,Individual,6,High Risk,Manual Review
76374292,3000.0, 36 months,20.75,E,E2,1 year,MORTGAGE,102000.0,Verified,medical,TX,36.28,0.0,675.0,679.0,0.0,70.1,40.0,Individual,5,High Risk,Manual Review
76905594,10600.0, 36 months,25.88,F,F4,1 year,RENT,53004.0,Verified,debt_consolidation,TX,39.69,0.0,675.0,679.0,1.0,81.7,40.0,Individual,6,High Risk,Manual Review
76498205,35000.0, 36 months,20.75,E,E2,10+ years,RENT,96500.0,Verified,debt_consolidation,CA,30.29,0.0,665.0,669.0,1.0,89.5,27.0,Joint App,6,High Risk,Manual Review
75944001,25000.0, 60 months,21.97,E,E4,4 years,MORTGAGE,67000.0,Source Verified,credit_card,NJ,25.62,2.0,665.0,669.0,1.0,91.5,19.0,Individual,5,High Risk,Manual Review
76021376,22000.0, 60 months,21.97,E,E4,6 years,MORTGAGE,63000.0,Verified,debt_consolidation,AR,33.01,0.0,680.0,684.0,2.0,64.7,26.0,Individual,5,High Risk,Manual Review
76435279,35000.0, 60 months,24.99,F,F3,3 years,RENT,83000.0,Source Verified,debt_consolidation,KS,36.3,0.0,725.0,729.0,2.0,48.5,20.0,Individual,5,High Risk,Manual Review
76151630,7875.0, 36 months,23.13,F,F1,10+ years,MORTGAGE,37500.0,Verified,home_improvement,IN,34.88,1.0,665.0,669.0,0.0,92.0,13.0,Individual,7,High Risk,Manual Review
77098544,6500.0, 36 months,21.97,E,E4,3 years,RENT,23040.0,Source Verified,debt_consolidation,VA,47.78,0.0,705.0,709.0,1.0,47.4,10.0,Individual,5,High Risk,Manual Review
76053431,4800.0, 36 months,18.99,D,D4,< 1 year,RENT,23600.0,Source Verified,debt_consolidation,IL,49.03,7.0,680.0,684.0,0.0,80.5,28.0,Individual,5,High Risk,Manual Review
75305016,35000.0, 36 months,22.45,E,E5,5 years,RENT,83250.0,Verified,debt_consolidation,NY,33.5,0.0,705.0,709.0,1.0,21.4,5.0,Individual,5,High Risk,Manual Review
75103683,32125.0, 60 months,26.57,F,F5,10+ years,MORTGAGE,98000.0,Verified,debt_consolidation,WY,44.78,0.0,665.0,669.0,1.0,70.6,45.0,Individual,5,High Risk,Manual Review
75983763,23100.0, 60 months,23.13,F,F1,10+ years,MORTGAGE,60000.0,Verified,debt_consolidation,MN,36.88,0.0,690.0,694.0,0.0,61.0,28.0,Individual,5,High Risk,Manual Review
75889731,23175.0, 60 months,24.99,F,F3,7 years,OWN,310000.0,Verified,credit_card,NJ,25.82,1.0,705.0,709.0,0.0,89.6,33.0,Individual,5,High Risk,Manual Review
76824871,14025.0, 36 months,19.99,E,E1,1 year,MORTGAGE,50000.0,Source Verified,debt_consolidation,MA,31.93,0.0,705.0,709.0,0.0,45.2,27.0,Individual,5,High Risk,Manual Review
76363794,14400.0, 36 months,26.57,F,F5,10+ years,RENT,57200.0,Verified,credit_card,VT,38.25,0.0,665.0,669.0,0.0,66.0,16.0,Individual,5,High Risk,Manual Review
76302900,20825.0, 60 months,28.34,G,G3,10+ years,MORTGAGE,85000.0,Verified,debt_consolidation,TN,37.03,0.0,690.0,694.0,3.0,32.9,48.0,Individual,5,High Risk,Manual Review
75234333,12000.0, 60 months,22.45,E,E5,10+ years,RENT,50000.0,Source Verified,debt_consolidation,AZ,40.09,0.0,695.0,699.0,0.0,25.2,36.0,Individual,5,High Risk,Manual Review
76214881,4100.0, 36 months,22.45,E,E5,6 years,RENT,35000.0,Source Verified,debt_consolidation,TN,39.85,0.0,715.0,719.0,0.0,42.1,11.0,Individual,5,High Risk,Manual Review
76265569,25475.0, 60 months,24.11,F,F2,10+ years,MORTGAGE,55000.0,Verified,other,IN,35.06,0.0,660.0,664.0,2.0,86.6,28.0,Joint App,6,High Risk,Manual Review
76381888,34500.0, 60 months,22.45,E,E5,1 year,RENT,69000.0,Source Verified,credit_card,UT,37.39,0.0,700.0,704.0,0.0,80.1,34.0,Individual,6,High Risk,Manual Review
76415516,13000.0, 60 months,23.13,F,F1,2 years,RENT,40000.0,Source Verified,debt_consolidation,VA,36.69,0.0,695.0,699.0,1.0,20.6,29.0,Individual,5,High Risk,Manual Review
76266786,18200.0, 60 months,25.88,F,F4,10+ years,RENT,47500.0,Verified,debt_consolidation,MO,36.56,0.0,710.0,714.0,0.0,51.6,43.0,Individual,5,High Risk,Manual Review
76233386,10000.0, 60 months,27.34,G,G1,3 years,RENT,34000.0,Source Verified,debt_consolidation,NJ,41.4,0.0,670.0,674.0,0.0,72.1,16.0,Individual,5,High Risk,Manual Review
76265242,22775.0, 60 months,26.57,F,F5,10+ years,MORTGAGE,65000.0,Source Verified,debt_consolidation,MO,41.75,0.0,700.0,704.0,0.0,66.7,44.0,Individual,5,High Risk,Manual Review
76063790,16000.0, 60 months,21.97,E,E4,3 years,RENT,49861.0,Verified,moving,MI,32.52,0.0,715.0,719.0,0.0,17.8,19.0,Individual,5,High Risk,Manual Review
75647362,16025.0, 60 months,19.99,E,E1,10+ years,MORTGAGE,70000.0,Verified,debt_consolidation,GA,38.49,0.0,690.0,694.0,0.0,62.7,35.0,Individual,5,High Risk,Manual Review
76426208,10000.0, 60 months,23.13,F,F1,4 years,RENT,48000.0,Source Verified,debt_consolidation,WA,38.11,0.0,675.0,679.0,0.0,52.9,36.0,Individual,5,High Risk,Manual Review
76314736,16000.0, 36 months,20.75,E,E2,1 year,MORTGAGE,60000.0,Source Verified,other,SC,37.48,0.0,660.0,664.0,1.0,54.5,28.0,Individual,5,High Risk,Manual Review
76426128,28000.0, 60 months,17.27,D,D2,10+ years,OWN,100000.0,Not Verified,debt_consolidation,AR,35.75,4.0,695.0,699.0,0.0,86.0,28.0,Individual,5,High Risk,Manual Review
76284574,10000.0, 60 months,23.13,F,F1,< 1 year,MORTGAGE,20800.0,Source Verified,debt_consolidation,GA,38.14,0.0,660.0,664.0,0.0,92.0,19.0,Individual,6,High Risk,Manual Review
76022973,20000.0, 60 months,21.97,E,E4,10+ years,MORTGAGE,58999.0,Source Verified,debt_consolidation,IL,30.47,0.0,690.0,694.0,1.0,30.9,45.0,Individual,5,High Risk,Manual Review
76294732,14400.0, 60 months,23.13,F,F1,4 years,RENT,31200.0,Verified,debt_consolidation,FL,31.27,0.0,665.0,669.0,0.0,95.9,8.0,Individual,6,High Risk,Manual Review
74705891,24350.0, 60 months,21.97,E,E4,10+ years,MORTGAGE,58000.0,Verified,debt_consolidation,PA,48.77,0.0,675.0,679.0,1.0,72.0,36.0,Individual,5,High Risk,Manual Review
76204566,35000.0, 60 months,24.11,F,F2,8 years,OWN,80000.0,Verified,debt_consolidation,WI,33.09,0.0,705.0,709.0,1.0,19.4,66.0,Individual,5,High Risk,Manual Review
75370382,22000.0, 60 months,23.13,F,F1,10+ years,MORTGAGE,54000.0,Verified,debt_consolidation,AR,34.47,0.0,700.0,704.0,0.0,102.0,13.0,Individual,6,High Risk,Manual Review
76426399,16000.0, 60 months,16.29,D,D1,1 year,MORTGAGE,60000.0,Verified,debt_consolidation,IN,39.14,1.0,670.0,674.0,0.0,83.0,37.0,Individual,5,High Risk,Manual Review
76261374,12000.0, 60 months,22.45,E,E5,10+ years,RENT,32000.0,Source Verified,debt_consolidation,MT,42.14,0.0,690.0,694.0,0.0,86.1,15.0,Individual,6,High Risk,Manual Review
76401316,14000.0, 60 months,21.18,E,E3,10+ years,MORTGAGE,38000.0,Not Verified,credit_card,CA,48.74,0.0,720.0,724.0,2.0,65.6,29.0,Individual,5,High Risk,Manual Review
75932603,16625.0, 60 months,25.88,F,F4,6 years,MORTGAGE,85000.0,Source Verified,debt_consolidation,CA,37.65,0.0,665.0,669.0,0.0,69.6,25.0,Individual,5,High Risk,Manual Review
76372806,14225.0, 60 months,28.99,G,G5,9 years,OWN,39520.0,Source Verified,other,NY,34.92,0.0,675.0,679.0,0.0,17.8,14.0,Individual,5,High Risk,Manual Review
76073717,30000.0, 60 months,20.75,E,E2,8 years,RENT,67000.0,Verified,debt_consolidation,FL,49.4,0.0,690.0,694.0,1.0,77.9,24.0,Individual,5,High Risk,Manual Review
75973104,21000.0, 60 months,21.97,E,E4,10+ years,MORTGAGE,61000.0,Verified,debt_consolidation,CA,47.04,0.0,680.0,684.0,2.0,70.7,26.0,Individual,5,High Risk,Manual Review
76053981,15800.0, 60 months,25.88,F,F4,10+ years,MORTGAGE,52038.0,Verified,debt_consolidation,MS,32.93,1.0,680.0,684.0,0.0,62.0,39.0,Individual,6,High Risk,Manual Review
76243341,3000.0, 36 months,24.11,F,F2,,RENT,35000.0,Verified,vacation,CA,42.97,0.0,670.0,674.0,0.0,86.1,13.0,Individual,6,High Risk,Manual Review
76354158,10250.0, 60 months,26.57,F,F5,10+ years,RENT,52000.0,Source Verified,credit_card,CA,36.14,0.0,695.0,699.0,0.0,71.9,20.0,Individual,5,High Risk,Manual Review
76304839,18000.0, 36 months,20.75,E,E2,1 year,RENT,77250.0,Not Verified,credit_card,NJ,38.79,0.0,660.0,664.0,1.0,89.0,42.0,Individual,6,High Risk,Manual Review
76254187,19200.0, 60 months,23.13,F,F1,10+ years,MORTGAGE,80000.0,Verified,credit_card,NC,38.9,0.0,670.0,674.0,1.0,68.2,22.0,Individual,5,High Risk,Manual Review
76242397,19200.0, 36 months,21.97,E,E4,1 year,RENT,55000.0,Verified,credit_card,TX,39.47,0.0,670.0,674.0,2.0,60.9,28.0,Individual,5,High Risk,Manual Review
76323902,19000.0, 60 months,24.99,F,F3,10+ years,MORTGAGE,77000.0,Verified,debt_consolidation,AZ,7.01,1.0,660.0,664.0,1.0,92.5,23.0,Individual,5,High Risk,Manual Review
76102601,14425.0, 60 months,20.75,E,E2,10+ years,OWN,38000.0,Not Verified,credit_card,MI,38.65,0.0,690.0,694.0,1.0,63.3,36.0,Individual,5,High Risk,Manual Review
77038301,9825.0, 36 months,24.11,F,F2,7 years,OWN,28958.0,Source Verified,debt_consolidation,TX,30.29,0.0,660.0,664.0,0.0,37.9,34.0,Individual,5,High Risk,Manual Review
75910427,14425.0, 60 months,26.57,F,F5,< 1 year,MORTGAGE,60000.0,Verified,debt_consolidation,GA,32.17,0.0,680.0,684.0,0.0,53.6,22.0,Individual,5,High Risk,Manual Review
76193686,16000.0, 60 months,24.99,F,F3,10+ years,MORTGAGE,96800.0,Source Verified,other,TX,35.76,0.0,695.0,699.0,0.0,101.6,25.0,Individual,6,High Risk,Manual Review
75992115,31325.0, 60 months,28.14,G,G2,3 years,MORTGAGE,70000.0,Source Verified,credit_card,OH,33.31,0.0,665.0,669.0,0.0,79.1,20.0,Individual,5,High Risk,Manual Review
75749256,18000.0, 60 months,19.99,E,E1,10+ years,MORTGAGE,57000.0,Verified,debt_consolidation,GA,15.2,2.0,665.0,669.0,1.0,81.3,41.0,Individual,5,High Risk,Manual Review
76955538,6775.0, 36 months,25.88,F,F4,2 years,MORTGAGE,40000.0,Source Verified,debt_consolidation,AL,34.26,0.0,670.0,674.0,1.0,86.9,17.0,Individual,6,High Risk,Manual Review
76231912,31525.0, 60 months,28.14,G,G2,10+ years,MORTGAGE,68558.0,Verified,debt_consolidation,CO,32.65,5.0,675.0,679.0,0.0,81.5,41.0,Individual,7,High Risk,Manual Review
77068319,35000.0, 36 months,19.99,E,E1,5 years,OWN,90000.0,Source Verified,debt_consolidation,ID,30.15,0.0,670.0,674.0,0.0,81.9,32.0,Individual,6,High Risk,Manual Review
76608378,8075.0, 36 months,23.13,F,F1,10+ years,OWN,31500.0,Source Verified,home_improvement,NY,43.89,0.0,710.0,714.0,1.0,48.6,22.0,Individual,5,High Risk,Manual Review
75215366,29100.0, 60 months,24.99,F,F3,6 years,RENT,90000.0,Verified,debt_consolidation,GA,38.11,1.0,690.0,694.0,1.0,35.6,26.0,Individual,6,High Risk,Manual Review
76708271,14850.0, 36 months,19.99,E,E1,10+ years,OWN,40000.0,Not Verified,debt_consolidation,GA,37.77,3.0,680.0,684.0,0.0,31.0,24.0,Individual,6,High Risk,Manual Review
76834926,9375.0, 36 months,20.75,E,E2,1 year,RENT,40000.0,Source Verified,debt_consolidation,OR,38.28,0.0,665.0,669.0,0.0,73.8,33.0,Individual,5,High Risk,Manual Review
76344020,3500.0, 36 months,19.99,E,E1,5 years,RENT,55100.0,Verified,debt_consolidation,NY,44.44,0.0,690.0,694.0,0.0,88.2,21.0,Individual,6,High Risk,Manual Review
76435731,15000.0, 36 months,19.53,D,D5,6 years,OWN,75000.0,Not Verified,credit_card,NY,37.7,1.0,670.0,674.0,2.0,80.4,21.0,Individual,5,High Risk,Manual Review
75290501,2350.0, 36 months,21.97,E,E4,4 years,MORTGAGE,36816.0,Source Verified,debt_consolidation,KY,36.91,0.0,685.0,689.0,0.0,93.9,34.0,Individual,6,High Risk,Manual Review
76402395,15950.0, 60 months,24.99,F,F3,10+ years,OWN,38000.0,Verified,debt_consolidation,NY,36.18,0.0,690.0,694.0,4.0,64.5,43.0,Individual,5,High Risk,Manual Review
76241969,7000.0, 36 months,20.75,E,E2,1 year,RENT,22000.0,Source Verified,debt_consolidation,GA,37.53,2.0,665.0,669.0,0.0,88.6,16.0,Individual,7,High Risk,Manual Review
76925464,1200.0, 36 months,22.45,E,E5,9 years,MORTGAGE,32000.0,Source Verified,debt_consolidation,NC,42.5,0.0,665.0,669.0,0.0,68.3,17.0,Individual,5,High Risk,Manual Review
76784528,5750.0, 36 months,20.75,E,E2,3 years,MORTGAGE,51000.0,Source Verified,debt_consolidation,UT,46.33,4.0,690.0,694.0,0.0,59.8,26.0,Individual,6,High Risk,Manual Review
76935366,12400.0, 36 months,21.97,E,E4,4 years,RENT,38000.0,Source Verified,credit_card,OR,30.54,0.0,665.0,669.0,0.0,68.5,21.0,Individual,5,High Risk,Manual Review
76578806,35000.0, 36 months,19.99,E,E1,10+ years,MORTGAGE,110000.0,Source Verified,debt_consolidation,NY,30.9,12.0,665.0,669.0,0.0,80.7,57.0,Individual,7,High Risk,Manual Review
76618779,12050.0, 36 months,24.11,F,F2,9 years,MORTGAGE,70000.0,Not Verified,debt_consolidation,PA,33.84,1.0,680.0,684.0,2.0,67.9,21.0,Joint App,6,High Risk,Manual Review
76498923,9600.0, 36 months,19.99,E,E1,2 years,RENT,87700.0,Not Verified,debt_consolidation,NJ,38.51,0.0,680.0,684.0,0.0,86.0,33.0,Individual,6,High Risk,Manual Review
76558679,5225.0, 36 months,17.27,D,D2,10+ years,RENT,58000.0,Verified,credit_card,NH,35.05,1.0,680.0,684.0,1.0,85.0,37.0,Individual,5,High Risk,Manual Review
76975457,3025.0, 36 months,21.18,E,E3,10+ years,MORTGAGE,42490.0,Source Verified,home_improvement,FL,39.97,0.0,660.0,664.0,0.0,78.7,23.0,Individual,5,High Risk,Manual Review
76915663,9500.0, 36 months,21.97,E,E4,4 years,RENT,28000.0,Source Verified,debt_consolidation,MA,39.69,0.0,685.0,689.0,1.0,68.5,15.0,Individual,5,High Risk,Manual Review
74936048,12500.0, 36 months,23.13,F,F1,5 years,MORTGAGE,25000.0,Verified,debt_consolidation,GA,39.41,0.0,660.0,664.0,0.0,77.4,31.0,Individual,5,High Risk,Manual Review
76708565,2100.0, 36 months,19.99,E,E1,,OWN,31000.0,Verified,debt_consolidation,AL,30.39,1.0,660.0,664.0,1.0,39.1,70.0,Individual,6,High Risk,Manual Review
75358626,10000.0, 60 months,23.13,F,F1,10+ years,RENT,40000.0,Source Verified,debt_consolidation,TX,36.21,0.0,660.0,664.0,1.0,55.8,23.0,Individual,5,High Risk,Manual Review
76375444,5775.0, 36 months,19.99,E,E1,,RENT,17000.0,Verified,debt_consolidation,NC,33.14,1.0,675.0,679.0,0.0,15.9,17.0,Individual,6,High Risk,Manual Review
75357921,25000.0, 60 months,22.45,E,E5,,MORTGAGE,68000.0,Verified,debt_consolidation,MS,43.42,0.0,720.0,724.0,2.0,50.3,39.0,Individual,5,High Risk,Manual Review
75457165,10625.0, 36 months,19.99,E,E1,,MORTGAGE,34000.0,Verified,credit_card,OH,48.61,0.0,660.0,664.0,0.0,61.1,17.0,Individual,5,High Risk,Manual Review
76678891,9575.0, 36 months,23.13,F,F1,6 years,RENT,35000.0,Source Verified,debt_consolidation,KY,39.71,1.0,680.0,684.0,0.0,58.8,20.0,Individual,6,High Risk,Manual Review
76123198,14050.0, 60 months,24.11,F,F2,10+ years,MORTGAGE,69000.0,Not Verified,debt_consolidation,AL,39.58,1.0,670.0,674.0,0.0,83.4,32.0,Individual,7,High Risk,Manual Review
75284132,16050.0, 36 months,21.18,E,E3,4 years,RENT,65000.0,Not Verified,debt_consolidation,CT,33.07,1.0,670.0,674.0,1.0,91.5,30.0,Individual,7,High Risk,Manual Review
76539046,2000.0, 36 months,21.18,E,E3,10+ years,MORTGAGE,65000.0,Source Verified,home_improvement,WA,42.05,0.0,700.0,704.0,0.0,88.2,28.0,Individual,6,High Risk,Manual Review
76764239,8075.0, 36 months,20.75,E,E2,9 years,RENT,48132.0,Source Verified,debt_consolidation,CA,32.37,0.0,660.0,664.0,0.0,77.3,24.0,Individual,5,High Risk,Manual Review
76955594,12600.0, 36 months,19.99,E,E1,< 1 year,RENT,42000.0,Source Verified,credit_card,CO,30.77,0.0,680.0,684.0,0.0,49.2,23.0,Individual,5,High Risk,Manual Review
76945323,6550.0, 36 months,22.45,E,E5,8 years,RENT,72000.0,Source Verified,debt_consolidation,NY,31.64,0.0,690.0,694.0,1.0,88.9,18.0,Individual,6,High Risk,Manual Review
76915372,15000.0, 36 months,19.99,E,E1,10+ years,MORTGAGE,39000.0,Verified,debt_consolidation,TN,36.56,0.0,715.0,719.0,0.0,46.3,33.0,Individual,5,High Risk,Manual Review
76375106,25575.0, 36 months,24.11,F,F2,2 years,RENT,58180.0,Source Verified,debt_consolidation,GA,36.82,0.0,680.0,684.0,0.0,93.3,28.0,Individual,6,High Risk,Manual Review
76588930,22275.0, 36 months,24.11,F,F2,10+ years,MORTGAGE,80000.0,Verified,debt_consolidation,WA,36.41,0.0,660.0,664.0,0.0,84.0,30.0,Individual,6,High Risk,Manual Review
76282634,2700.0, 36 months,20.75,E,E2,< 1 year,OWN,16000.0,Source Verified,debt_consolidation,NC,36.68,0.0,685.0,689.0,0.0,41.9,7.0,Individual,5,High Risk,Manual Review
76679075,10000.0, 36 months,18.25,D,D3,< 1 year,RENT,32000.0,Source Verified,debt_consolidation,FL,31.32,1.0,660.0,664.0,0.0,81.1,10.0,Individual,5,High Risk,Manual Review
75808169,24000.0, 36 months,19.99,E,E1,5 years,RENT,85000.0,Verified,debt_consolidation,CA,38.75,0.0,685.0,689.0,4.0,24.1,47.0,Individual,5,High Risk,Manual Review
76394650,5600.0, 36 months,21.18,E,E3,,RENT,18924.0,Verified,debt_consolidation,CA,37.35,0.0,700.0,704.0,1.0,79.0,15.0,Individual,5,High Risk,Manual Review
74731235,35000.0, 60 months,22.45,E,E5,,MORTGAGE,76093.08,Verified,debt_consolidation,MO,29.88,1.0,690.0,694.0,1.0,80.9,31.0,Individual,5,High Risk,Manual Review
76548141,26950.0, 36 months,24.11,F,F2,6 years,MORTGAGE,76800.0,Source Verified,major_purchase,NC,30.93,0.0,675.0,679.0,0.0,97.9,29.0,Individual,6,High Risk,Manual Review
76321455,30000.0, 60 months,24.11,F,F2,10+ years,MORTGAGE,71500.0,Verified,debt_consolidation,IL,39.9,0.0,690.0,694.0,2.0,72.0,59.0,Individual,5,High Risk,Manual Review
76294424,4925.0, 36 months,21.18,E,E3,3 years,MORTGAGE,42000.0,Source Verified,debt_consolidation,CO,49.6,1.0,670.0,674.0,0.0,75.2,36.0,Individual,6,High Risk,Manual Review
76718575,20000.0, 36 months,16.29,D,D1,10+ years,MORTGAGE,53000.0,Not Verified,debt_consolidation,ID,32.97,2.0,670.0,674.0,0.0,83.0,18.0,Individual,5,High Risk,Manual Review
76373800,17500.0, 36 months,16.29,D,D1,1 year,RENT,35000.0,Verified,debt_consolidation,CA,31.58,1.0,665.0,669.0,0.0,80.3,20.0,Individual,5,High Risk,Manual Review
76508540,16000.0, 36 months,16.29,D,D1,10+ years,MORTGAGE,78000.0,Not Verified,credit_card,PA,33.38,1.0,675.0,679.0,0.0,81.8,35.0,Individual,5,High Risk,Manual Review
76224341,7725.0, 36 months,21.97,E,E4,,RENT,15456.0,Verified,debt_consolidation,FL,35.48,0.0,700.0,704.0,0.0,76.8,5.0,Individual,5,High Risk,Manual Review
76295339,15625.0, 36 months,28.67,G,G4,4 years,MORTGAGE,68589.0,Source Verified,debt_consolidation,MN,32.46,0.0,660.0,664.0,1.0,77.1,27.0,Individual,5,High Risk,Manual Review
76266286,3600.0, 36 months,19.99,E,E1,,RENT,13248.0,Verified,debt_consolidation,VA,34.33,0.0,720.0,724.0,2.0,30.5,23.0,Individual,5,High Risk,Manual Review
76415473,3000.0, 36 months,19.99,E,E1,6 years,RENT,24000.0,Verified,debt_consolidation,NV,48.75,0.0,680.0,684.0,0.0,32.3,27.0,Individual,5,High Risk,Manual Review
76304901,21000.0, 36 months,19.99,E,E1,2 years,RENT,60000.0,Source Verified,debt_consolidation,CA,31.56,0.0,660.0,664.0,0.0,56.3,19.0,Individual,5,High Risk,Manual Review
76343045,2125.0, 36 months,27.34,G,G1,,RENT,12828.0,Verified,debt_consolidation,NY,34.52,0.0,670.0,674.0,0.0,94.0,11.0,Individual,6,High Risk,Manual Review
74701765,6800.0, 36 months,18.99,D,D4,4 years,MORTGAGE,72000.0,Verified,debt_consolidation,AL,38.5,1.0,660.0,664.0,0.0,83.5,48.0,Individual,5,High Risk,Manual Review
76404354,21575.0, 36 months,17.27,D,D2,8 years,MORTGAGE,53000.0,Source Verified,debt_consolidation,NY,33.45,1.0,705.0,709.0,2.0,90.8,36.0,Individual,5,High Risk,Manual Review
76153992,27600.0, 36 months,21.97,E,E4,,RENT,60000.0,Not Verified,debt_consolidation,MS,33.92,0.0,700.0,704.0,2.0,69.9,18.0,Individual,5,High Risk,Manual Review
76304856,2400.0, 36 months,22.45,E,E5,2 years,RENT,8500.0,Verified,debt_consolidation,MO,32.34,0.0,680.0,684.0,0.0,52.6,7.0,Individual,5,High Risk,Manual Review
76151432,2375.0, 36 months,21.97,E,E4,7 years,RENT,40000.0,Source Verified,vacation,HI,40.89,0.0,675.0,679.0,0.0,21.1,24.0,Individual,5,High Risk,Manual Review
76508560,18250.0, 36 months,20.75,E,E2,10+ years,MORTGAGE,41500.0,Source Verified,debt_consolidation,FL,35.95,1.0,675.0,679.0,1.0,75.5,24.0,Individual,6,High Risk,Manual Review
75660698,11525.0, 36 months,20.75,E,E2,10+ years,MORTGAGE,52000.0,Verified,debt_consolidation,CA,37.09,1.0,685.0,689.0,0.0,66.7,40.0,Individual,6,High Risk,Manual Review
76071196,29200.0, 60 months,26.57,F,F5,4 years,MORTGAGE,89500.0,Verified,debt_consolidation,NC,39.85,0.0,715.0,719.0,0.0,75.5,30.0,Individual,5,High Risk,Manual Review
74765207,34000.0, 60 months,28.34,G,G3,7 years,MORTGAGE,94000.0,Not Verified,debt_consolidation,PA,38.71,0.0,705.0,709.0,0.0,47.9,38.0,Individual,5,High Risk,Manual Review
76121965,19300.0, 36 months,28.34,G,G3,10+ years,RENT,54181.0,Verified,credit_card,NY,38.1,0.0,685.0,689.0,1.0,99.3,12.0,Individual,6,High Risk,Manual Review
76301594,24000.0, 36 months,18.99,D,D4,8 years,MORTGAGE,151000.0,Source Verified,home_improvement,VA,44.63,1.0,665.0,669.0,0.0,81.7,62.0,Individual,5,High Risk,Manual Review
76508374,22875.0, 36 months,19.99,E,E1,4 years,RENT,52000.0,Source Verified,debt_consolidation,CA,38.93,0.0,695.0,699.0,0.0,62.4,51.0,Individual,5,High Risk,Manual Review
76421347,2000.0, 36 months,16.29,D,D1,1 year,MORTGAGE,35000.0,Source Verified,other,NY,34.22,1.0,675.0,679.0,0.0,84.1,28.0,Individual,5,High Risk,Manual Review
76221166,15350.0, 60 months,23.13,F,F1,3 years,RENT,40000.0,Source Verified,debt_consolidation,CO,30.57,0.0,760.0,764.0,0.0,15.6,13.0,Individual,5,High Risk,Manual Review
76394101,3000.0, 36 months,21.18,E,E3,1 year,RENT,50000.0,Source Verified,credit_card,FL,37.27,0.0,675.0,679.0,0.0,49.2,33.0,Individual,5,High Risk,Manual Review
76618171,2500.0, 36 months,19.99,E,E1,< 1 year,RENT,28000.0,Source Verified,moving,MN,32.58,4.0,680.0,684.0,1.0,43.5,29.0,Individual,6,High Risk,Manual Review
76213319,20000.0, 60 months,24.99,F,F3,4 years,MORTGAGE,98000.0,Verified,debt_consolidation,NC,33.92,1.0,670.0,674.0,1.0,64.7,46.0,Individual,6,High Risk,Manual Review
76214839,5600.0, 36 months,19.99,E,E1,10+ years,OWN,80000.0,Source Verified,other,FL,3.78,1.0,675.0,679.0,0.0,91.6,11.0,Individual,5,High Risk,Manual Review
76424936,4200.0, 36 months,19.99,E,E1,10+ years,MORTGAGE,28895.0,Source Verified,major_purchase,NC,41.96,0.0,720.0,724.0,2.0,47.1,29.0,Individual,5,High Risk,Manual Review
76508509,9000.0, 36 months,19.99,E,E1,1 year,RENT,32000.0,Source Verified,debt_consolidation,SD,35.22,0.0,695.0,699.0,2.0,19.2,19.0,Individual,5,High Risk,Manual Review
76225251,7200.0, 36 months,24.99,F,F3,1 year,RENT,28000.0,Source Verified,debt_consolidation,MD,36.86,0.0,715.0,719.0,0.0,26.8,9.0,Individual,5,High Risk,Manual Review
74874655,3125.0, 36 months,24.99,F,F3,1 year,MORTGAGE,82000.0,Source Verified,debt_consolidation,VA,37.55,0.0,680.0,684.0,0.0,74.9,24.0,Individual,5,High Risk,Manual Review
76425912,6000.0, 36 months,24.11,F,F2,3 years,RENT,70000.0,Source Verified,other,PA,35.64,0.0,675.0,679.0,1.0,21.8,11.0,Individual,5,High Risk,Manual Review
76216308,6000.0, 36 months,21.97,E,E4,10+ years,MORTGAGE,80500.0,Verified,small_business,OH,14.45,1.0,700.0,704.0,0.0,100.3,12.0,Individual,5,High Risk,Manual Review
75982714,7200.0, 36 months,19.99,E,E1,9 years,MORTGAGE,80000.0,Source Verified,credit_card,MO,30.2,0.0,665.0,669.0,2.0,67.2,24.0,Individual,5,High Risk,Manual Review
76244887,4000.0, 36 months,21.97,E,E4,< 1 year,RENT,43000.0,Verified,other,PA,37.18,0.0,675.0,679.0,0.0,99.1,18.0,Individual,6,High Risk,Manual Review
76333585,15400.0, 36 months,20.75,E,E2,< 1 year,RENT,35000.0,Verified,debt_consolidation,VT,39.99,0.0,695.0,699.0,0.0,79.9,25.0,Individual,5,High Risk,Manual Review
76205590,5000.0, 36 months,19.99,E,E1,4 years,RENT,104000.0,Source Verified,small_business,CA,32.53,2.0,695.0,699.0,0.0,79.7,22.0,Individual,6,High Risk,Manual Review
76225498,8000.0, 36 months,19.99,E,E1,10+ years,RENT,52000.0,Not Verified,other,CA,30.58,0.0,665.0,669.0,2.0,52.5,24.0,Individual,5,High Risk,Manual Review
76224360,19150.0, 36 months,19.99,E,E1,10+ years,MORTGAGE,100000.0,Source Verified,debt_consolidation,CA,16.69,1.0,665.0,669.0,1.0,81.7,18.0,Individual,5,High Risk,Manual Review
76325744,10000.0, 36 months,21.97,E,E4,10+ years,MORTGAGE,110000.0,Source Verified,debt_consolidation,FL,38.94,0.0,685.0,689.0,0.0,79.0,38.0,Individual,5,High Risk,Manual Review
75880332,9750.0, 36 months,24.99,F,F3,7 years,RENT,55000.0,Source Verified,debt_consolidation,GA,38.93,0.0,670.0,674.0,1.0,73.2,22.0,Individual,5,High Risk,Manual Review
76265858,5750.0, 36 months,26.57,F,F5,5 years,RENT,40000.0,Source Verified,debt_consolidation,WA,42.25,0.0,675.0,679.0,0.0,57.3,12.0,Individual,5,High Risk,Manual Review
76422203,3600.0, 36 months,21.18,E,E3,,MORTGAGE,43000.0,Verified,other,MO,45.84,0.0,680.0,684.0,0.0,74.4,35.0,Individual,5,High Risk,Manual Review
76194270,18850.0, 36 months,25.88,F,F4,10+ years,MORTGAGE,65000.0,Verified,debt_consolidation,LA,37.81,0.0,660.0,664.0,0.0,96.4,38.0,Individual,6,High Risk,Manual Review
76222889,6325.0, 36 months,19.99,E,E1,8 years,OWN,41000.0,Not Verified,credit_card,MS,38.09,0.0,695.0,699.0,0.0,49.2,29.0,Individual,5,High Risk,Manual Review
76394871,4900.0, 36 months,28.14,G,G2,4 years,OWN,16380.0,Source Verified,medical,KS,38.97,1.0,660.0,664.0,1.0,12.5,12.0,Individual,6,High Risk,Manual Review
76303312,21925.0, 36 months,16.29,D,D1,10+ years,MORTGAGE,110000.0,Verified,debt_consolidation,IL,38.54,1.0,675.0,679.0,1.0,96.0,25.0,Individual,5,High Risk,Manual Review
76394982,4000.0, 36 months,28.67,G,G4,,RENT,15800.0,Source Verified,other,ME,32.67,4.0,670.0,674.0,1.0,38.7,44.0,Individual,6,High Risk,Manual Review
76335252,15675.0, 36 months,20.75,E,E2,< 1 year,MORTGAGE,49000.0,Verified,debt_consolidation,WA,19.56,4.0,680.0,684.0,0.0,95.8,24.0,Individual,5,High Risk,Manual Review
76265732,9550.0, 36 months,19.99,E,E1,6 years,RENT,32000.0,Verified,debt_consolidation,NY,38.22,2.0,670.0,674.0,1.0,43.0,38.0,Individual,6,High Risk,Manual Review
76265606,16800.0, 36 months,19.99,E,E1,10+ years,MORTGAGE,42500.0,Verified,debt_consolidation,TN,48.77,0.0,725.0,729.0,1.0,65.0,10.0,Individual,5,High Risk,Manual Review
76023909,7200.0, 36 months,21.18,E,E3,1 year,OWN,24000.0,Source Verified,debt_consolidation,TN,32.45,0.0,695.0,699.0,2.0,43.1,10.0,Individual,5,High Risk,Manual Review
75911593,18000.0, 60 months,18.99,D,D4,< 1 year,MORTGAGE,32000.0,Verified,debt_consolidation,ND,35.22,2.0,660.0,664.0,0.0,81.1,29.0,Joint App,5,High Risk,Manual Review
75367240,21000.0, 36 months,21.97,E,E4,8 years,RENT,50000.0,Verified,credit_card,HI,41.02,0.0,675.0,679.0,1.0,60.1,30.0,Individual,5,High Risk,Manual Review
76324712,7500.0, 36 months,20.75,E,E2,10+ years,RENT,30000.0,Source Verified,debt_consolidation,ND,36.68,0.0,685.0,689.0,0.0,81.1,18.0,Individual,6,High Risk,Manual Review
76361723,14000.0, 36 months,18.25,D,D3,10+ years,RENT,45000.0,Source Verified,debt_consolidation,PA,36.18,1.0,665.0,669.0,1.0,81.4,35.0,Individual,5,High Risk,Manual Review
76192267,5200.0, 36 months,19.99,E,E1,,RENT,14496.0,Verified,debt_consolidation,CA,48.43,0.0,680.0,684.0,0.0,79.0,16.0,Individual,5,High Risk,Manual Review
76264651,4275.0, 36 months,25.88,F,F4,3 years,MORTGAGE,20060.0,Source Verified,home_improvement,AL,47.64,0.0,705.0,709.0,0.0,40.7,29.0,Individual,5,High Risk,Manual Review
76201459,3900.0, 36 months,28.67,G,G4,,OWN,14000.0,Source Verified,debt_consolidation,IL,32.16,0.0,660.0,664.0,3.0,101.2,13.0,Individual,6,High Risk,Manual Review
76293915,33250.0, 36 months,22.45,E,E5,2 years,MORTGAGE,80000.0,Source Verified,debt_consolidation,UT,32.08,0.0,675.0,679.0,2.0,78.5,35.0,Individual,5,High Risk,Manual Review
75199582,11900.0, 60 months,23.13,F,F1,3 years,MORTGAGE,64000.0,Source Verified,medical,CO,38.36,1.0,685.0,689.0,0.0,65.1,42.0,Individual,6,High Risk,Manual Review
76413698,4500.0, 36 months,28.14,G,G2,1 year,RENT,30272.0,Source Verified,moving,CA,47.26,0.0,675.0,679.0,2.0,68.2,17.0,Individual,5,High Risk,Manual Review
76404235,35000.0, 36 months,21.97,E,E4,2 years,RENT,200000.0,Verified,debt_consolidation,CA,14.49,1.0,680.0,684.0,2.0,85.2,23.0,Individual,5,High Risk,Manual Review
76405011,3500.0, 36 months,19.99,E,E1,10+ years,OWN,87000.0,Not Verified,car,CT,35.49,1.0,670.0,674.0,1.0,82.9,26.0,Individual,7,High Risk,Manual Review
75963967,8000.0, 36 months,21.97,E,E4,2 years,RENT,50000.0,Verified,debt_consolidation,RI,44.86,0.0,690.0,694.0,1.0,79.3,11.0,Individual,5,High Risk,Manual Review
76182264,3600.0, 36 months,21.18,E,E3,10+ years,OWN,45000.0,Source Verified,medical,NY,33.8,2.0,665.0,669.0,1.0,67.2,46.0,Individual,6,High Risk,Manual Review
76383827,32000.0, 36 months,21.18,E,E3,10+ years,MORTGAGE,67000.0,Verified,debt_consolidation,FL,30.19,0.0,675.0,679.0,0.0,54.7,20.0,Individual,5,High Risk,Manual Review
76424735,10000.0, 36 months,20.75,E,E2,6 years,MORTGAGE,123000.0,Source Verified,home_improvement,CA,35.87,0.0,660.0,664.0,1.0,49.4,28.0,Individual,5,High Risk,Manual Review
76364365,25000.0, 36 months,22.45,E,E5,5 years,MORTGAGE,102000.0,Source Verified,debt_consolidation,TX,38.0,0.0,675.0,679.0,1.0,52.7,30.0,Individual,5,High Risk,Manual Review
76222635,12000.0, 60 months,24.11,F,F2,< 1 year,RENT,29161.0,Verified,debt_consolidation,VA,33.7,0.0,660.0,664.0,1.0,90.3,19.0,Individual,6,High Risk,Manual Review
76201801,28075.0, 36 months,19.99,E,E1,10+ years,OWN,69000.0,Not Verified,debt_consolidation,NJ,26.3,1.0,660.0,664.0,0.0,97.5,20.0,Individual,5,High Risk,Manual Review
76194095,10425.0, 36 months,20.75,E,E2,10+ years,MORTGAGE,54000.0,Not Verified,debt_consolidation,GA,35.58,0.0,675.0,679.0,1.0,52.0,33.0,Individual,5,High Risk,Manual Review
76314020,10700.0, 36 months,20.75,E,E2,1 year,MORTGAGE,49000.0,Source Verified,debt_consolidation,CO,30.64,0.0,685.0,689.0,1.0,21.9,26.0,Individual,5,High Risk,Manual Review
76284272,19900.0, 36 months,21.97,E,E4,,MORTGAGE,54000.0,Not Verified,debt_consolidation,TN,37.42,0.0,690.0,694.0,1.0,45.3,41.0,Individual,5,High Risk,Manual Review
76343727,3875.0, 36 months,24.11,F,F2,1 year,MORTGAGE,34600.0,Source Verified,credit_card,WI,38.22,0.0,710.0,714.0,1.0,42.5,27.0,Individual,5,High Risk,Manual Review
75104807,10400.0, 36 months,20.75,E,E2,10+ years,RENT,22500.0,Verified,debt_consolidation,ID,32.75,0.0,660.0,664.0,2.0,76.4,24.0,Individual,5,High Risk,Manual Review
76372445,35000.0, 36 months,21.97,E,E4,10+ years,MORTGAGE,120000.0,Verified,debt_consolidation,AR,40.36,0.0,685.0,689.0,0.0,81.0,41.0,Individual,6,High Risk,Manual Review
76343370,15000.0, 36 months,19.99,E,E1,3 years,RENT,40000.0,Source Verified,credit_card,CA,34.86,0.0,665.0,669.0,2.0,72.4,12.0,Individual,5,High Risk,Manual Review
75973579,33600.0, 60 months,26.57,F,F5,7 years,OWN,70000.0,Source Verified,medical,TX,37.62,0.0,700.0,704.0,1.0,67.2,34.0,Individual,5,High Risk,Manual Review
76313588,18250.0, 36 months,19.99,E,E1,1 year,RENT,43500.0,Verified,credit_card,IL,31.75,0.0,670.0,674.0,1.0,62.5,19.0,Individual,5,High Risk,Manual Review
76373436,12000.0, 36 months,19.99,E,E1,3 years,OWN,80000.0,Verified,debt_consolidation,IL,34.53,0.0,680.0,684.0,1.0,33.1,48.0,Individual,5,High Risk,Manual Review
75578274,9975.0, 36 months,18.25,D,D3,1 year,RENT,38000.0,Source Verified,debt_consolidation,MO,35.44,2.0,665.0,669.0,0.0,96.3,48.0,Individual,5,High Risk,Manual Review
76383581,30150.0, 36 months,19.99,E,E1,5 years,MORTGAGE,25000.0,Not Verified,debt_consolidation,AK,141.94,1.0,660.0,664.0,2.0,82.5,26.0,Joint App,7,High Risk,Manual Review
76263806,31700.0, 36 months,22.45,E,E5,2 years,MORTGAGE,185000.0,Not Verified,debt_consolidation,PA,31.62,0.0,670.0,674.0,2.0,80.8,43.0,Individual,6,High Risk,Manual Review
76373591,10000.0, 36 months,19.99,E,E1,2 years,MORTGAGE,53690.0,Source Verified,home_improvement,TX,35.95,0.0,675.0,679.0,0.0,83.5,31.0,Individual,6,High Risk,Manual Review
74954540,8925.0, 60 months,18.25,D,D3,,RENT,30000.0,Source Verified,debt_consolidation,KY,30.97,1.0,680.0,684.0,0.0,80.7,51.0,Individual,5,High Risk,Manual Review
76252293,13800.0, 36 months,20.75,E,E2,10+ years,MORTGAGE,34500.0,Source Verified,debt_consolidation,FL,49.6,0.0,680.0,684.0,1.0,77.9,25.0,Individual,5,High Risk,Manual Review
76223226,12000.0, 36 months,19.99,E,E1,4 years,OWN,65000.0,Verified,debt_consolidation,GA,31.91,0.0,685.0,689.0,1.0,79.2,31.0,Individual,5,High Risk,Manual Review
76122140,3000.0, 36 months,19.99,E,E1,5 years,MORTGAGE,34000.0,Source Verified,other,OH,49.56,0.0,685.0,689.0,0.0,42.9,32.0,Individual,5,High Risk,Manual Review
75369551,5000.0, 36 months,21.18,E,E3,10+ years,RENT,25000.0,Source Verified,credit_card,IL,45.75,0.0,670.0,674.0,0.0,59.2,20.0,Individual,5,High Risk,Manual Review
76392915,3500.0, 36 months,21.18,E,E3,< 1 year,RENT,20256.0,Source Verified,debt_consolidation,NJ,41.88,1.0,665.0,669.0,0.0,44.1,40.0,Individual,6,High Risk,Manual Review
76022796,2200.0, 36 months,19.99,E,E1,10+ years,MORTGAGE,54000.0,Source Verified,debt_consolidation,MN,41.71,0.0,665.0,669.0,2.0,68.0,54.0,Individual,5,High Risk,Manual Review
76093136,30000.0, 36 months,22.45,E,E5,3 years,MORTGAGE,125000.0,Verified,debt_consolidation,MS,32.32,0.0,685.0,689.0,0.0,62.7,21.0,Individual,5,High Risk,Manual Review
76423645,2000.0, 36 months,24.99,F,F3,< 1 year,RENT,38000.0,Source Verified,vacation,OK,35.38,1.0,680.0,684.0,0.0,34.8,15.0,Individual,6,High Risk,Manual Review
76203204,8650.0, 36 months,20.75,E,E2,10+ years,RENT,50000.0,Source Verified,debt_consolidation,NJ,42.85,0.0,670.0,674.0,0.0,64.6,14.0,Individual,5,High Risk,Manual Review
76312608,9000.0, 36 months,24.99,F,F3,10+ years,RENT,56000.0,Source Verified,debt_consolidation,NE,33.35,3.0,665.0,669.0,0.0,45.3,33.0,Individual,6,High Risk,Manual Review
76133867,5000.0, 36 months,21.18,E,E3,< 1 year,RENT,96000.0,Source Verified,credit_card,FL,39.55,0.0,705.0,709.0,1.0,71.3,36.0,Individual,5,High Risk,Manual Review
76311182,40000.0, 60 months,22.45,E,E5,10+ years,MORTGAGE,106700.0,Verified,debt_consolidation,RI,30.6,0.0,695.0,699.0,2.0,89.0,24.0,Individual,6,High Risk,Manual Review
76144122,25200.0, 36 months,24.11,F,F2,10+ years,MORTGAGE,140000.0,Source Verified,home_improvement,CA,14.19,1.0,660.0,664.0,0.0,84.9,25.0,Individual,5,High Risk,Manual Review
76192671,9000.0, 36 months,21.18,E,E3,1 year,RENT,30000.0,Source Verified,debt_consolidation,IN,31.28,0.0,705.0,709.0,1.0,32.7,9.0,Individual,5,High Risk,Manual Review
76311184,12800.0, 60 months,24.99,F,F3,5 years,MORTGAGE,59000.0,Verified,debt_consolidation,KS,42.84,1.0,685.0,689.0,0.0,81.7,39.0,Individual,7,High Risk,Manual Review
76202357,25000.0, 60 months,23.13,F,F1,10+ years,RENT,64501.0,Source Verified,debt_consolidation,TX,30.77,0.0,660.0,664.0,1.0,61.6,43.0,Individual,5,High Risk,Manual Review
76013655,18000.0, 60 months,22.45,E,E5,10+ years,RENT,180000.0,Verified,other,UT,35.18,0.0,680.0,684.0,0.0,76.0,44.0,Individual,5,High Risk,Manual Review
75377950,12625.0, 60 months,22.45,E,E5,,MORTGAGE,59740.0,Source Verified,debt_consolidation,OK,31.3,0.0,695.0,699.0,2.0,59.9,23.0,Individual,5,High Risk,Manual Review
76402158,22850.0, 36 months,24.99,F,F3,1 year,MORTGAGE,51940.0,Verified,debt_consolidation,IL,32.39,0.0,700.0,704.0,1.0,44.1,19.0,Individual,5,High Risk,Manual Review
76213178,33750.0, 36 months,21.97,E,E4,10+ years,MORTGAGE,75000.0,Verified,debt_consolidation,ND,38.29,0.0,710.0,714.0,0.0,86.0,49.0,Individual,6,High Risk,Manual Review
75922867,35000.0, 36 months,27.34,G,G1,1 year,RENT,92000.0,Verified,debt_consolidation,WA,41.3,0.0,700.0,704.0,2.0,80.2,27.0,Individual,6,High Risk,Manual Review
76222303,15850.0, 36 months,21.97,E,E4,5 years,MORTGAGE,39000.0,Verified,debt_consolidation,GA,39.51,0.0,715.0,719.0,0.0,72.4,18.0,Individual,5,High Risk,Manual Review
76422980,6325.0, 36 months,20.75,E,E2,4 years,MORTGAGE,43500.0,Source Verified,debt_consolidation,VT,36.91,0.0,695.0,699.0,1.0,66.8,19.0,Individual,5,High Risk,Manual Review
75748438,13800.0, 36 months,23.13,F,F1,3 years,MORTGAGE,47000.0,Not Verified,home_improvement,NC,34.6,0.0,675.0,679.0,1.0,16.0,48.0,Individual,5,High Risk,Manual Review
76312722,9500.0, 36 months,20.75,E,E2,5 years,OWN,28000.0,Not Verified,debt_consolidation,DE,37.85,0.0,770.0,774.0,4.0,18.1,32.0,Individual,5,High Risk,Manual Review
75944456,13200.0, 60 months,21.97,E,E4,2 years,MORTGAGE,75000.0,Verified,major_purchase,AL,39.2,5.0,710.0,714.0,3.0,39.2,30.0,Individual,6,High Risk,Manual Review
76372993,10000.0, 36 months,18.25,D,D3,2 years,MORTGAGE,40000.0,Source Verified,credit_card,VA,33.99,1.0,675.0,679.0,0.0,84.0,16.0,Individual,5,High Risk,Manual Review
76272537,21000.0, 36 months,20.75,E,E2,4 years,MORTGAGE,78500.0,Verified,home_improvement,KY,36.29,1.0,680.0,684.0,1.0,56.5,41.0,Individual,6,High Risk,Manual Review
76182736,20150.0, 36 months,20.75,E,E2,10+ years,OWN,70000.0,Not Verified,home_improvement,AR,33.81,0.0,700.0,704.0,2.0,38.4,46.0,Individual,5,High Risk,Manual Review
76362383,21225.0, 60 months,23.13,F,F1,10+ years,RENT,104000.0,Verified,debt_consolidation,WA,32.41,0.0,680.0,684.0,2.0,61.0,34.0,Individual,5,High Risk,Manual Review
76222770,35000.0, 36 months,20.75,E,E2,3 years,RENT,70000.0,Verified,debt_consolidation,PA,40.52,0.0,730.0,734.0,0.0,58.9,28.0,Individual,5,High Risk,Manual Review
76382295,16000.0, 60 months,24.11,F,F2,10+ years,RENT,125000.0,Not Verified,debt_consolidation,CA,23.5,1.0,670.0,674.0,0.0,83.5,28.0,Individual,5,High Risk,Manual Review
76292608,27600.0, 60 months,24.99,F,F3,< 1 year,MORTGAGE,60000.0,Verified,credit_card,CA,49.13,0.0,690.0,694.0,2.0,84.5,43.0,Individual,6,High Risk,Manual Review
76103822,1500.0, 36 months,22.45,E,E5,,RENT,44000.0,Verified,moving,CA,33.17,0.0,665.0,669.0,2.0,70.3,29.0,Individual,5,High Risk,Manual Review
76412282,3000.0, 36 months,19.99,E,E1,< 1 year,RENT,34000.0,Verified,credit_card,UT,38.57,0.0,690.0,694.0,0.0,92.9,38.0,Individual,6,High Risk,Manual Review
76084305,19450.0, 60 months,24.99,F,F3,6 years,MORTGAGE,65000.0,Source Verified,credit_card,FL,37.59,0.0,710.0,714.0,0.0,58.5,36.0,Individual,5,High Risk,Manual Review
76262478,6000.0, 36 months,22.45,E,E5,1 year,RENT,20000.0,Source Verified,debt_consolidation,CA,39.26,0.0,675.0,679.0,1.0,92.5,9.0,Individual,6,High Risk,Manual Review
76262120,9700.0, 36 months,24.99,F,F3,10+ years,MORTGAGE,55500.0,Source Verified,debt_consolidation,VA,26.62,1.0,680.0,684.0,0.0,87.3,31.0,Individual,5,High Risk,Manual Review
75780107,14000.0, 60 months,22.45,E,E5,< 1 year,RENT,45000.0,Verified,debt_consolidation,NV,39.63,0.0,705.0,709.0,1.0,61.0,21.0,Individual,5,High Risk,Manual Review
76122137,10000.0, 36 months,21.97,E,E4,10+ years,RENT,45000.0,Verified,debt_consolidation,CA,32.88,0.0,660.0,664.0,0.0,50.3,25.0,Individual,5,High Risk,Manual Review
75359447,12150.0, 36 months,19.99,E,E1,,RENT,33000.0,Verified,debt_consolidation,FL,38.87,0.0,730.0,734.0,0.0,98.3,17.0,Individual,6,High Risk,Manual Review
76221558,8625.0, 36 months,15.31,C,C5,3 years,RENT,27000.0,Source Verified,debt_consolidation,VT,34.98,2.0,660.0,664.0,0.0,84.5,41.0,Individual,5,High Risk,Manual Review
76251997,19200.0, 60 months,24.99,F,F3,9 years,RENT,48000.0,Not Verified,credit_card,CA,32.88,0.0,705.0,709.0,0.0,90.6,8.0,Individual,6,High Risk,Manual Review
76362113,16000.0, 36 months,26.57,F,F5,1 year,RENT,40000.0,Verified,debt_consolidation,WA,37.2,0.0,660.0,664.0,0.0,30.5,38.0,Individual,5,High Risk,Manual Review
76144093,17275.0, 36 months,22.45,E,E5,< 1 year,MORTGAGE,70000.0,Source Verified,house,MI,34.73,1.0,710.0,714.0,0.0,23.2,36.0,Individual,6,High Risk,Manual Review
75369576,7350.0, 36 months,26.57,F,F5,3 years,OWN,26000.0,Source Verified,debt_consolidation,LA,36.89,0.0,665.0,669.0,3.0,59.1,19.0,Individual,5,High Risk,Manual Review
75680868,29300.0, 60 months,28.67,G,G4,10+ years,MORTGAGE,106000.0,Source Verified,debt_consolidation,CA,33.02,0.0,700.0,704.0,1.0,26.6,34.0,Individual,5,High Risk,Manual Review
75498121,23450.0, 60 months,22.45,E,E5,2 years,MORTGAGE,51000.0,Not Verified,credit_card,OK,36.56,0.0,700.0,704.0,0.0,90.3,32.0,Individual,6,High Risk,Manual Review
76033397,22325.0, 60 months,23.13,F,F1,3 years,MORTGAGE,73400.0,Verified,debt_consolidation,AL,39.05,0.0,665.0,669.0,0.0,96.6,38.0,Individual,6,High Risk,Manual Review
76013082,8775.0, 36 months,22.45,E,E5,< 1 year,OWN,50500.0,Source Verified,debt_consolidation,TX,34.41,1.0,670.0,674.0,1.0,78.2,43.0,Individual,6,High Risk,Manual Review
75049855,7200.0, 36 months,20.75,E,E2,5 years,OWN,30000.0,Source Verified,major_purchase,GA,33.58,0.0,700.0,704.0,1.0,24.5,26.0,Individual,5,High Risk,Manual Review
74554031,25550.0, 60 months,19.99,E,E1,3 years,RENT,50000.0,Source Verified,debt_consolidation,AL,33.2,0.0,705.0,709.0,0.0,29.4,19.0,Joint App,5,High Risk,Manual Review
76261752,6000.0, 36 months,21.97,E,E4,6 years,MORTGAGE,45000.0,Source Verified,debt_consolidation,AZ,33.17,0.0,685.0,689.0,1.0,35.2,26.0,Individual,5,High Risk,Manual Review
76421269,1500.0, 36 months,20.75,E,E2,< 1 year,RENT,45000.0,Verified,other,CO,31.39,0.0,665.0,669.0,0.0,77.8,30.0,Individual,5,High Risk,Manual Review
75325461,6400.0, 36 months,19.99,E,E1,,MORTGAGE,40788.0,Verified,home_improvement,MS,37.22,0.0,700.0,704.0,0.0,24.3,27.0,Individual,5,High Risk,Manual Review
75181014,5575.0, 36 months,21.18,E,E3,3 years,RENT,27872.0,Source Verified,debt_consolidation,GA,36.22,0.0,710.0,714.0,1.0,71.9,13.0,Individual,5,High Risk,Manual Review
76043610,10000.0, 60 months,20.75,E,E2,4 years,RENT,85000.0,Not Verified,debt_consolidation,NY,38.54,0.0,700.0,704.0,1.0,87.3,44.0,Individual,6,High Risk,Manual Review
76042690,8400.0, 36 months,19.99,E,E1,,RENT,54000.0,Verified,other,IN,49.61,0.0,675.0,679.0,2.0,17.0,64.0,Individual,5,High Risk,Manual Review
75909438,4350.0, 36 months,22.45,E,E5,9 years,RENT,34000.0,Source Verified,debt_consolidation,CA,34.03,1.0,690.0,694.0,0.0,38.8,11.0,Individual,6,High Risk,Manual Review
76243181,16000.0, 60 months,23.13,F,F1,7 years,MORTGAGE,79000.0,Not Verified,debt_consolidation,WA,31.64,1.0,660.0,664.0,3.0,31.4,69.0,Individual,6,High Risk,Manual Review
75901287,2650.0, 36 months,26.57,F,F5,4 years,MORTGAGE,53000.0,Source Verified,credit_card,TX,35.14,1.0,660.0,664.0,1.0,58.3,20.0,Individual,6,High Risk,Manual Review
76271843,4100.0, 36 months,19.99,E,E1,4 years,RENT,28800.0,Source Verified,credit_card,NY,33.0,0.0,660.0,664.0,0.0,98.5,5.0,Individual,6,High Risk,Manual Review
76281806,18000.0, 60 months,23.13,F,F1,4 years,MORTGAGE,40000.0,Not Verified,debt_consolidation,IL,38.37,1.0,740.0,744.0,0.0,3.7,20.0,Individual,6,High Risk,Manual Review
75369724,3800.0, 36 months,28.67,G,G4,9 years,OWN,32000.0,Source Verified,debt_consolidation,NC,38.63,2.0,665.0,669.0,1.0,34.0,22.0,Individual,6,High Risk,Manual Review
76351201,1850.0, 36 months,23.13,F,F1,5 years,MORTGAGE,47499.65,Source Verified,debt_consolidation,LA,31.15,0.0,695.0,699.0,0.0,104.1,18.0,Individual,6,High Risk,Manual Review
76331812,5500.0, 36 months,23.13,F,F1,2 years,RENT,26000.0,Source Verified,debt_consolidation,OH,32.23,0.0,675.0,679.0,1.0,61.7,9.0,Individual,5,High Risk,Manual Review
75911538,1950.0, 36 months,21.18,E,E3,,MORTGAGE,39500.0,Verified,debt_consolidation,SC,32.06,0.0,710.0,714.0,1.0,69.2,27.0,Individual,5,High Risk,Manual Review
75944352,27400.0, 60 months,23.13,F,F1,10+ years,RENT,106400.0,Verified,debt_consolidation,TX,31.82,0.0,680.0,684.0,0.0,71.3,27.0,Individual,5,High Risk,Manual Review
76272972,20000.0, 60 months,20.75,E,E2,3 years,MORTGAGE,55000.0,Not Verified,debt_consolidation,MA,30.66,2.0,670.0,674.0,1.0,76.0,28.0,Individual,6,High Risk,Manual Review
76001161,22525.0, 60 months,27.34,G,G1,2 years,RENT,80000.0,Source Verified,debt_consolidation,IL,30.42,1.0,660.0,664.0,2.0,67.8,29.0,Individual,6,High Risk,Manual Review
76242977,20000.0, 60 months,28.14,G,G2,10+ years,MORTGAGE,70000.0,Verified,debt_consolidation,OH,35.37,0.0,660.0,664.0,0.0,85.8,34.0,Individual,6,High Risk,Manual Review
76302790,19425.0, 60 months,21.18,E,E3,10+ years,MORTGAGE,77000.0,Not Verified,major_purchase,WY,31.37,4.0,660.0,664.0,0.0,61.0,36.0,Individual,6,High Risk,Manual Review
76182897,11100.0, 36 months,16.29,D,D1,10+ years,MORTGAGE,45000.0,Not Verified,debt_consolidation,MS,35.05,5.0,670.0,674.0,0.0,90.9,16.0,Individual,5,High Risk,Manual Review
75820446,12000.0, 60 months,21.18,E,E3,10+ years,MORTGAGE,68000.0,Not Verified,debt_consolidation,AL,32.4,1.0,685.0,689.0,0.0,66.1,32.0,Individual,6,High Risk,Manual Review
76222633,10000.0, 36 months,19.99,E,E1,10+ years,MORTGAGE,62000.0,Not Verified,debt_consolidation,AL,35.64,0.0,695.0,699.0,0.0,84.2,18.0,Individual,6,High Risk,Manual Review
76272494,12800.0, 60 months,25.88,F,F4,5 years,MORTGAGE,50000.0,Not Verified,debt_consolidation,NH,17.13,1.0,665.0,669.0,1.0,83.0,18.0,Individual,5,High Risk,Manual Review
76071191,7275.0, 36 months,26.57,F,F5,10+ years,RENT,26000.0,Verified,debt_consolidation,CA,37.3,1.0,680.0,684.0,1.0,49.8,14.0,Joint App,6,High Risk,Manual Review
75952503,35000.0, 36 months,19.99,E,E1,,RENT,91533.0,Verified,debt_consolidation,MI,12.88,1.0,695.0,699.0,0.0,88.6,15.0,Joint App,5,High Risk,Manual Review
75315369,7600.0, 36 months,24.99,F,F3,< 1 year,RENT,20000.0,Verified,debt_consolidation,MD,41.54,0.0,705.0,709.0,1.0,87.1,13.0,Individual,6,High Risk,Manual Review
75359188,1500.0, 36 months,27.34,G,G1,2 years,RENT,25000.0,Source Verified,debt_consolidation,HI,39.17,0.0,700.0,704.0,1.0,49.0,16.0,Individual,5,High Risk,Manual Review
74835979,12725.0, 60 months,19.99,E,E1,,MORTGAGE,50000.0,Not Verified,debt_consolidation,NY,37.28,0.0,705.0,709.0,0.0,45.4,35.0,Individual,5,High Risk,Manual Review
76053097,19625.0, 36 months,17.27,D,D2,,RENT,43647.48,Verified,debt_consolidation,GA,30.3,1.0,670.0,674.0,0.0,82.0,32.0,Individual,5,High Risk,Manual Review
76113304,12000.0, 36 months,19.99,E,E1,< 1 year,OWN,30000.0,Verified,debt_consolidation,TX,40.22,0.0,715.0,719.0,1.0,51.7,13.0,Individual,5,High Risk,Manual Review
75359155,18475.0, 36 months,21.97,E,E4,,RENT,42000.0,Verified,credit_card,GA,40.83,0.0,665.0,669.0,0.0,69.8,17.0,Individual,5,High Risk,Manual Review
76033144,29400.0, 36 months,23.13,F,F1,10+ years,RENT,37000.0,Not Verified,debt_consolidation,WI,52.77,1.0,665.0,669.0,2.0,48.4,28.0,Joint App,6,High Risk,Manual Review
75911444,8625.0, 36 months,23.13,F,F1,8 years,RENT,20000.0,Source Verified,credit_card,FL,31.51,0.0,675.0,679.0,1.0,76.8,10.0,Individual,5,High Risk,Manual Review
76242374,8000.0, 36 months,15.31,C,C5,2 years,MORTGAGE,63600.0,Not Verified,debt_consolidation,TX,33.13,1.0,695.0,699.0,1.0,81.0,30.0,Individual,5,High Risk,Manual Review
76053532,6000.0, 36 months,19.53,D,D5,10+ years,OWN,68406.0,Source Verified,debt_consolidation,AZ,40.95,1.0,665.0,669.0,0.0,93.2,32.0,Individual,5,High Risk,Manual Review
75858908,11000.0, 36 months,16.29,D,D1,1 year,RENT,29000.0,Source Verified,debt_consolidation,AL,30.3,1.0,680.0,684.0,0.0,92.7,30.0,Individual,5,High Risk,Manual Review
76302398,29725.0, 60 months,20.75,E,E2,2 years,RENT,82500.0,Not Verified,debt_consolidation,WI,33.32,0.0,700.0,704.0,0.0,58.9,23.0,Individual,5,High Risk,Manual Review
75923260,25000.0, 60 months,20.75,E,E2,10+ years,MORTGAGE,96000.0,Not Verified,credit_card,MI,30.06,1.0,670.0,674.0,0.0,82.0,36.0,Individual,7,High Risk,Manual Review
76312440,15000.0, 60 months,19.99,E,E1,8 years,RENT,60000.0,Not Verified,credit_card,GA,35.96,0.0,710.0,714.0,1.0,76.7,13.0,Individual,5,High Risk,Manual Review
76043263,6325.0, 36 months,21.97,E,E4,5 years,RENT,50000.0,Verified,home_improvement,FL,36.97,0.0,660.0,664.0,0.0,93.1,17.0,Individual,6,High Risk,Manual Review
75859831,7275.0, 36 months,20.75,E,E2,,MORTGAGE,32300.0,Verified,debt_consolidation,OK,31.33,0.0,710.0,714.0,2.0,15.8,32.0,Individual,5,High Risk,Manual Review
75428269,8000.0, 36 months,19.99,E,E1,5 years,MORTGAGE,55000.0,Verified,credit_card,TX,36.18,0.0,680.0,684.0,1.0,66.9,16.0,Individual,5,High Risk,Manual Review
76032032,10825.0, 36 months,21.97,E,E4,10+ years,RENT,33000.0,Source Verified,other,CA,31.42,0.0,670.0,674.0,1.0,55.2,13.0,Individual,5,High Risk,Manual Review
76232530,24000.0, 60 months,21.97,E,E4,10+ years,MORTGAGE,67500.0,Verified,debt_consolidation,IN,36.12,0.0,675.0,679.0,4.0,31.5,72.0,Individual,5,High Risk,Manual Review
76182342,24625.0, 60 months,24.11,F,F2,3 years,MORTGAGE,56000.0,Verified,debt_consolidation,AZ,32.28,0.0,680.0,684.0,0.0,76.6,26.0,Individual,5,High Risk,Manual Review
76101535,35000.0, 36 months,17.27,D,D2,6 years,MORTGAGE,200000.0,Verified,debt_consolidation,KY,32.15,1.0,670.0,674.0,2.0,96.0,24.0,Individual,5,High Risk,Manual Review
75779447,35000.0, 36 months,18.99,D,D4,10+ years,OWN,110000.0,Source Verified,debt_consolidation,IN,35.16,1.0,660.0,664.0,2.0,80.6,70.0,Individual,5,High Risk,Manual Review
75962005,14950.0, 36 months,21.18,E,E3,,RENT,34000.0,Verified,credit_card,FL,46.67,0.0,725.0,729.0,0.0,77.3,14.0,Individual,5,High Risk,Manual Review
76102149,2000.0, 36 months,24.99,F,F3,10+ years,OWN,28323.0,Source Verified,vacation,FL,32.6,0.0,660.0,664.0,5.0,23.1,48.0,Individual,5,High Risk,Manual Review
76001880,2500.0, 36 months,25.88,F,F4,10+ years,OWN,21600.0,Source Verified,medical,TX,39.56,0.0,685.0,689.0,0.0,80.3,18.0,Individual,6,High Risk,Manual Review
75941301,9325.0, 36 months,22.45,E,E5,2 years,MORTGAGE,33000.0,Verified,home_improvement,NV,36.84,0.0,690.0,694.0,4.0,25.0,17.0,Individual,5,High Risk,Manual Review
75659487,23000.0, 36 months,19.99,E,E1,10+ years,OWN,46000.0,Verified,debt_consolidation,ND,32.46,0.0,695.0,699.0,0.0,108.2,28.0,Individual,6,High Risk,Manual Review
75720341,6000.0, 36 months,19.99,E,E1,,OWN,32000.0,Verified,home_improvement,FL,33.76,0.0,665.0,669.0,3.0,39.2,10.0,Individual,5,High Risk,Manual Review
73601069,20000.0, 60 months,19.99,E,E1,8 years,RENT,86000.0,Not Verified,debt_consolidation,PA,30.61,0.0,700.0,704.0,0.0,63.4,23.0,Individual,5,High Risk,Manual Review
75061842,8850.0, 36 months,28.14,G,G2,,MORTGAGE,29576.0,Verified,debt_consolidation,NC,36.19,1.0,665.0,669.0,0.0,76.8,18.0,Individual,6,High Risk,Manual Review
75800145,5000.0, 36 months,19.99,E,E1,< 1 year,OWN,21000.0,Source Verified,credit_card,TX,47.2,0.0,730.0,734.0,1.0,12.8,17.0,Individual,5,High Risk,Manual Review
75851053,29200.0, 60 months,25.88,F,F4,1 year,MORTGAGE,85000.0,Verified,debt_consolidation,PA,30.33,0.0,710.0,714.0,0.0,83.2,13.0,Individual,6,High Risk,Manual Review
75368608,13675.0, 36 months,26.57,F,F5,9 years,MORTGAGE,53000.0,Verified,debt_consolidation,GA,32.45,0.0,675.0,679.0,0.0,91.1,19.0,Individual,6,High Risk,Manual Review
75358576,6625.0, 36 months,25.88,F,F4,4 years,MORTGAGE,41000.0,Not Verified,debt_consolidation,MN,49.15,0.0,710.0,714.0,0.0,59.9,30.0,Individual,5,High Risk,Manual Review
75778161,21100.0, 36 months,19.99,E,E1,3 years,RENT,48000.0,Verified,debt_consolidation,CO,32.36,0.0,690.0,694.0,2.0,79.0,19.0,Individual,5,High Risk,Manual Review
75368108,6075.0, 36 months,21.18,E,E3,,RENT,17904.0,Verified,debt_consolidation,WI,46.51,0.0,670.0,674.0,0.0,96.9,13.0,Individual,6,High Risk,Manual Review
75203241,9375.0, 36 months,24.11,F,F2,10+ years,MORTGAGE,48000.0,Verified,debt_consolidation,GA,35.23,0.0,670.0,674.0,0.0,94.2,10.0,Individual,6,High Risk,Manual Review
75820298,30000.0, 60 months,25.88,F,F4,10+ years,RENT,72000.0,Not Verified,debt_consolidation,GA,36.55,0.0,695.0,699.0,0.0,82.6,22.0,Individual,6,High Risk,Manual Review
75788630,9850.0, 36 months,22.45,E,E5,3 years,MORTGAGE,40000.0,Source Verified,debt_consolidation,GA,30.78,0.0,690.0,694.0,0.0,72.0,15.0,Individual,5,High Risk,Manual Review
74566124,16000.0, 36 months,19.99,E,E1,10+ years,OWN,32000.0,Verified,debt_consolidation,PA,39.99,2.0,660.0,664.0,1.0,64.9,23.0,Individual,6,High Risk,Manual Review
71817482,11925.0, 60 months,28.14,G,G2,3 years,RENT,32175.0,Not Verified,major_purchase,AR,35.02,0.0,670.0,674.0,1.0,75.8,11.0,Individual,5,High Risk,Manual Review
76142170,16025.0, 36 months,20.75,E,E2,10+ years,OWN,85000.0,Not Verified,debt_consolidation,CA,32.25,0.0,665.0,669.0,0.0,87.4,17.0,Individual,6,High Risk,Manual Review
75953900,18000.0, 60 months,23.13,F,F1,1 year,MORTGAGE,45000.0,Source Verified,debt_consolidation,NC,34.08,0.0,660.0,664.0,0.0,52.1,23.0,Individual,5,High Risk,Manual Review
75407429,16000.0, 36 months,23.13,F,F1,10+ years,RENT,56000.0,Verified,debt_consolidation,NY,32.94,0.0,700.0,704.0,0.0,58.4,26.0,Individual,5,High Risk,Manual Review
76331589,18950.0, 36 months,23.13,F,F1,,MORTGAGE,43110.0,Not Verified,debt_consolidation,MI,38.36,0.0,705.0,709.0,3.0,42.9,43.0,Individual,5,High Risk,Manual Review
75102889,12925.0, 36 months,22.45,E,E5,3 years,OWN,48000.0,Not Verified,debt_consolidation,CA,35.63,0.0,715.0,719.0,0.0,67.7,7.0,Individual,5,High Risk,Manual Review
76281722,2700.0, 36 months,20.75,E,E2,10+ years,RENT,88400.0,Source Verified,credit_card,FL,32.39,0.0,660.0,664.0,0.0,94.7,39.0,Individual,6,High Risk,Manual Review
76241729,28000.0, 60 months,19.99,E,E1,10+ years,MORTGAGE,102000.0,Not Verified,credit_card,NC,25.15,1.0,660.0,664.0,0.0,82.0,24.0,Individual,5,High Risk,Manual Review
75051768,6925.0, 36 months,24.99,F,F3,,MORTGAGE,24120.0,Verified,debt_consolidation,GA,38.86,0.0,675.0,679.0,1.0,35.6,24.0,Individual,5,High Risk,Manual Review
76421670,14000.0, 60 months,23.13,F,F1,10+ years,RENT,82000.0,Not Verified,debt_consolidation,OH,37.65,0.0,660.0,664.0,3.0,53.4,54.0,Individual,5,High Risk,Manual Review
76411998,30000.0, 60 months,24.11,F,F2,10+ years,RENT,71000.0,Verified,debt_consolidation,SC,33.77,0.0,695.0,699.0,2.0,45.3,40.0,Individual,5,High Risk,Manual Review
76301717,19200.0, 60 months,21.97,E,E4,3 years,MORTGAGE,110000.0,Not Verified,home_improvement,CA,34.8,0.0,670.0,674.0,0.0,87.0,39.0,Individual,6,High Risk,Manual Review
75933794,7000.0, 36 months,19.99,E,E1,9 years,RENT,24000.0,Source Verified,other,CA,33.48,0.0,680.0,684.0,1.0,83.1,11.0,Individual,6,High Risk,Manual Review
75203180,7000.0, 36 months,16.29,D,D1,1 year,RENT,16000.0,Verified,debt_consolidation,TN,33.68,1.0,665.0,669.0,1.0,93.1,21.0,Individual,5,High Risk,Manual Review
76201336,10000.0, 36 months,24.11,F,F2,2 years,RENT,20000.0,Source Verified,debt_consolidation,NV,30.97,0.0,675.0,679.0,0.0,42.1,9.0,Individual,5,High Risk,Manual Review
75507947,12050.0, 60 months,28.67,G,G4,10+ years,RENT,30180.0,Source Verified,house,ME,31.04,1.0,665.0,669.0,0.0,57.7,30.0,Individual,6,High Risk,Manual Review
75427355,14400.0, 36 months,21.18,E,E3,10+ years,OWN,50000.0,Verified,debt_consolidation,TX,41.43,0.0,700.0,704.0,1.0,89.2,26.0,Individual,6,High Risk,Manual Review
76142096,26350.0, 60 months,24.11,F,F2,9 years,RENT,73800.0,Source Verified,debt_consolidation,OR,30.47,1.0,660.0,664.0,0.0,39.9,43.0,Individual,6,High Risk,Manual Review
76331638,21000.0, 36 months,16.29,D,D1,10+ years,MORTGAGE,93000.0,Source Verified,debt_consolidation,LA,31.2,1.0,670.0,674.0,0.0,94.4,26.0,Individual,5,High Risk,Manual Review
76041960,20000.0, 60 months,23.13,F,F1,5 years,RENT,60000.0,Source Verified,credit_card,CA,37.34,0.0,695.0,699.0,0.0,58.2,32.0,Individual,5,High Risk,Manual Review
75567691,2725.0, 36 months,24.11,F,F2,10+ years,MORTGAGE,32000.0,Source Verified,debt_consolidation,PA,36.72,0.0,700.0,704.0,2.0,28.8,18.0,Individual,5,High Risk,Manual Review
75369328,10000.0, 36 months,19.99,E,E1,2 years,RENT,48000.0,Source Verified,debt_consolidation,AR,39.28,1.0,665.0,669.0,1.0,25.3,30.0,Individual,6,High Risk,Manual Review
76251222,2875.0, 36 months,20.75,E,E2,< 1 year,RENT,23670.0,Verified,credit_card,VA,46.94,0.0,690.0,694.0,3.0,30.5,17.0,Individual,5,High Risk,Manual Review
76211275,7350.0, 36 months,21.97,E,E4,10+ years,RENT,27000.0,Source Verified,debt_consolidation,HI,35.07,0.0,670.0,674.0,1.0,68.5,26.0,Individual,5,High Risk,Manual Review
75708966,12000.0, 60 months,19.99,E,E1,6 years,OWN,30000.0,Verified,home_improvement,CA,35.72,0.0,675.0,679.0,0.0,67.9,12.0,Individual,5,High Risk,Manual Review
75962918,40000.0, 60 months,26.57,F,F5,5 years,MORTGAGE,118000.0,Verified,debt_consolidation,LA,37.54,0.0,705.0,709.0,1.0,66.9,47.0,Individual,5,High Risk,Manual Review
76144133,6950.0, 36 months,23.13,F,F1,< 1 year,OWN,20500.0,Source Verified,debt_consolidation,MO,33.9,1.0,670.0,674.0,0.0,44.2,20.0,Individual,6,High Risk,Manual Review
75924034,12000.0, 60 months,28.99,G,G5,4 years,RENT,45000.0,Verified,debt_consolidation,SC,36.11,4.0,660.0,664.0,2.0,39.2,65.0,Individual,6,High Risk,Manual Review
75587970,3300.0, 36 months,21.18,E,E3,10+ years,RENT,68000.0,Not Verified,credit_card,CA,32.8,7.0,700.0,704.0,1.0,41.7,31.0,Individual,6,High Risk,Manual Review
75132427,35000.0, 36 months,19.99,E,E1,10+ years,RENT,150000.0,Verified,debt_consolidation,VA,43.6,2.0,670.0,674.0,1.0,50.5,74.0,Individual,6,High Risk,Manual Review
75060354,11175.0, 60 months,20.75,E,E2,6 years,MORTGAGE,42000.0,Source Verified,debt_consolidation,AR,28.43,1.0,660.0,664.0,0.0,92.2,16.0,Individual,5,High Risk,Manual Review
75276838,35000.0, 60 months,25.88,F,F4,10+ years,MORTGAGE,100000.0,Source Verified,debt_consolidation,NY,32.3,0.0,690.0,694.0,1.0,70.7,50.0,Individual,5,High Risk,Manual Review
75269444,10600.0, 60 months,23.13,F,F1,10+ years,MORTGAGE,39654.0,Source Verified,debt_consolidation,NC,36.65,0.0,700.0,704.0,1.0,54.5,22.0,Individual,5,High Risk,Manual Review
75220683,31675.0, 36 months,22.45,E,E5,,MORTGAGE,95000.0,Verified,debt_consolidation,IL,36.05,0.0,700.0,704.0,1.0,57.3,37.0,Individual,5,High Risk,Manual Review
75332162,5425.0, 36 months,20.75,E,E2,3 years,MORTGAGE,40000.0,Source Verified,debt_consolidation,MI,34.47,0.0,675.0,679.0,1.0,37.8,7.0,Individual,5,High Risk,Manual Review
76044146,2500.0, 36 months,21.18,E,E3,10+ years,OWN,38000.0,Not Verified,vacation,TX,36.67,0.0,665.0,669.0,1.0,75.5,38.0,Individual,5,High Risk,Manual Review
76111299,15000.0, 60 months,22.45,E,E5,4 years,RENT,37230.0,Verified,debt_consolidation,NY,45.52,0.0,700.0,704.0,1.0,81.4,24.0,Individual,6,High Risk,Manual Review
76113371,10000.0, 36 months,24.11,F,F2,4 years,MORTGAGE,35000.0,Source Verified,small_business,CO,37.59,0.0,695.0,699.0,1.0,80.8,21.0,Individual,6,High Risk,Manual Review
75789865,26375.0, 60 months,24.99,F,F3,6 years,MORTGAGE,80000.0,Not Verified,debt_consolidation,CT,35.82,0.0,670.0,674.0,1.0,66.8,28.0,Individual,5,High Risk,Manual Review
74966147,1700.0, 36 months,22.45,E,E5,10+ years,MORTGAGE,39879.0,Not Verified,debt_consolidation,CA,33.58,0.0,675.0,679.0,0.0,58.0,20.0,Individual,5,High Risk,Manual Review
76181445,14400.0, 60 months,20.75,E,E2,2 years,RENT,40000.0,Not Verified,medical,ME,31.65,0.0,695.0,699.0,1.0,67.7,13.0,Individual,5,High Risk,Manual Review
76281381,12550.0, 60 months,26.57,F,F5,10+ years,RENT,44500.0,Source Verified,debt_consolidation,FL,38.21,0.0,670.0,674.0,0.0,78.3,29.0,Individual,5,High Risk,Manual Review
75924325,31900.0, 60 months,24.11,F,F2,10+ years,RENT,72500.0,Verified,debt_consolidation,MO,22.12,1.0,675.0,679.0,1.0,81.6,23.0,Individual,5,High Risk,Manual Review
75060485,3800.0, 36 months,23.13,F,F1,,MORTGAGE,12024.0,Verified,debt_consolidation,FL,37.86,0.0,680.0,684.0,0.0,92.0,11.0,Individual,6,High Risk,Manual Review
76301300,20825.0, 60 months,23.13,F,F1,10+ years,RENT,45000.0,Source Verified,debt_consolidation,NY,30.24,2.0,660.0,664.0,2.0,41.9,39.0,Individual,6,High Risk,Manual Review
75931913,19850.0, 36 months,24.11,F,F2,10+ years,RENT,52250.0,Verified,debt_consolidation,WA,30.57,0.0,705.0,709.0,0.0,99.7,15.0,Individual,6,High Risk,Manual Review
75300403,1200.0, 36 months,19.99,E,E1,8 years,OWN,25000.0,Verified,debt_consolidation,WI,48.06,0.0,710.0,714.0,1.0,44.0,20.0,Individual,5,High Risk,Manual Review
76201468,15200.0, 60 months,21.18,E,E3,10+ years,MORTGAGE,105000.0,Not Verified,debt_consolidation,CA,38.59,0.0,680.0,684.0,0.0,90.4,35.0,Individual,6,High Risk,Manual Review
75358992,11800.0, 60 months,25.88,F,F4,10+ years,MORTGAGE,35000.0,Verified,debt_consolidation,NC,39.16,0.0,750.0,754.0,0.0,17.3,25.0,Individual,5,High Risk,Manual Review
75222491,23100.0, 36 months,21.97,E,E4,1 year,MORTGAGE,90000.0,Verified,debt_consolidation,NE,38.52,0.0,705.0,709.0,1.0,76.4,32.0,Individual,5,High Risk,Manual Review
75311665,6600.0, 36 months,20.75,E,E2,,MORTGAGE,30044.0,Verified,credit_card,TX,33.8,0.0,700.0,704.0,0.0,36.1,17.0,Individual,5,High Risk,Manual Review
75060519,6075.0, 36 months,20.75,E,E2,1 year,RENT,30000.0,Verified,debt_consolidation,AZ,34.24,2.0,675.0,679.0,0.0,88.3,20.0,Individual,7,High Risk,Manual Review
76241476,3025.0, 36 months,24.11,F,F2,5 years,MORTGAGE,41000.0,Source Verified,debt_consolidation,TX,33.55,1.0,665.0,669.0,0.0,85.0,29.0,Individual,7,High Risk,Manual Review
76093364,9600.0, 36 months,20.75,E,E2,6 years,MORTGAGE,33076.0,Verified,debt_consolidation,FL,41.51,0.0,690.0,694.0,3.0,52.6,15.0,Individual,5,High Risk,Manual Review
76063051,22800.0, 60 months,21.18,E,E3,2 years,MORTGAGE,57000.0,Not Verified,credit_card,IN,33.56,0.0,685.0,689.0,2.0,80.0,35.0,Individual,5,High Risk,Manual Review
75185075,20375.0, 60 months,20.75,E,E2,8 years,MORTGAGE,65000.0,Not Verified,home_improvement,TX,37.38,1.0,670.0,674.0,0.0,61.6,32.0,Individual,6,High Risk,Manual Review
76103881,5000.0, 36 months,21.97,E,E4,10+ years,OWN,25000.0,Source Verified,other,NM,35.19,0.0,690.0,694.0,1.0,66.1,48.0,Individual,5,High Risk,Manual Review
76041747,26400.0, 60 months,19.99,E,E1,1 year,OWN,55000.0,Not Verified,debt_consolidation,MD,36.12,0.0,680.0,684.0,0.0,30.9,56.0,Individual,5,High Risk,Manual Review
76401517,19200.0, 60 months,19.99,E,E1,10+ years,RENT,65000.0,Not Verified,other,CA,34.98,0.0,735.0,739.0,0.0,81.1,10.0,Individual,6,High Risk,Manual Review
75119305,2500.0, 36 months,19.99,E,E1,,RENT,27000.0,Verified,other,CA,40.54,0.0,675.0,679.0,0.0,51.3,21.0,Individual,5,High Risk,Manual Review
75944447,10000.0, 60 months,24.99,F,F3,6 years,RENT,40016.0,Verified,credit_card,MN,35.18,0.0,670.0,674.0,0.0,71.3,29.0,Individual,5,High Risk,Manual Review
75230999,7150.0, 36 months,24.99,F,F3,,RENT,28000.0,Verified,debt_consolidation,CA,34.72,0.0,700.0,704.0,0.0,65.6,15.0,Individual,5,High Risk,Manual Review
76084417,10000.0, 36 months,15.31,C,C5,8 years,MORTGAGE,70583.0,Source Verified,other,WV,35.57,1.0,695.0,699.0,0.0,92.5,34.0,Individual,5,High Risk,Manual Review
76154051,1600.0, 36 months,20.75,E,E2,10+ years,RENT,38000.0,Source Verified,other,PA,37.14,1.0,680.0,684.0,0.0,80.1,19.0,Individual,7,High Risk,Manual Review
75739041,22100.0, 36 months,19.99,E,E1,3 years,RENT,50000.0,Verified,debt_consolidation,NY,39.04,0.0,775.0,779.0,1.0,18.0,79.0,Individual,5,High Risk,Manual Review
76023826,9850.0, 36 months,24.11,F,F2,3 years,RENT,29000.0,Source Verified,debt_consolidation,ME,32.7,0.0,670.0,674.0,1.0,83.1,8.0,Individual,6,High Risk,Manual Review
75924220,5000.0, 36 months,21.97,E,E4,10+ years,MORTGAGE,51000.0,Source Verified,home_improvement,VA,35.72,0.0,705.0,709.0,3.0,0.0,18.0,Individual,5,High Risk,Manual Review
76094001,32000.0, 60 months,27.34,G,G1,3 years,OWN,170000.0,Verified,debt_consolidation,OH,36.35,0.0,665.0,669.0,1.0,97.6,33.0,Individual,6,High Risk,Manual Review
75993465,19925.0, 60 months,24.99,F,F3,10+ years,MORTGAGE,110000.0,Verified,credit_card,CA,43.06,0.0,690.0,694.0,0.0,39.9,41.0,Individual,5,High Risk,Manual Review
73924217,35000.0, 36 months,20.75,E,E2,10+ years,MORTGAGE,32000.0,Verified,debt_consolidation,TN,35.37,2.0,680.0,684.0,2.0,73.6,31.0,Joint App,6,High Risk,Manual Review
75200053,19450.0, 60 months,26.57,F,F5,3 years,RENT,40000.0,Source Verified,small_business,TX,35.55,0.0,660.0,664.0,1.0,72.8,25.0,Individual,5,High Risk,Manual Review
73579535,16975.0, 60 months,19.99,E,E1,1 year,RENT,55000.0,Verified,debt_consolidation,PA,35.77,0.0,690.0,694.0,2.0,38.2,15.0,Individual,5,High Risk,Manual Review
75618115,10025.0, 60 months,21.97,E,E4,10+ years,RENT,30000.0,Source Verified,debt_consolidation,NY,31.72,0.0,675.0,679.0,0.0,70.4,27.0,Individual,5,High Risk,Manual Review
75359701,8500.0, 36 months,23.13,F,F1,1 year,RENT,27000.0,Source Verified,credit_card,FL,37.02,0.0,690.0,694.0,1.0,37.8,14.0,Individual,5,High Risk,Manual Review
75691121,20000.0, 60 months,24.99,F,F3,6 years,RENT,76000.0,Not Verified,debt_consolidation,OK,34.2,0.0,675.0,679.0,2.0,75.3,67.0,Individual,5,High Risk,Manual Review
75994008,8000.0, 36 months,23.13,F,F1,1 year,RENT,41000.0,Source Verified,medical,FL,31.0,0.0,730.0,734.0,2.0,9.5,13.0,Individual,5,High Risk,Manual Review
74656776,11200.0, 60 months,24.99,F,F3,< 1 year,RENT,32593.0,Verified,debt_consolidation,OH,33.76,0.0,665.0,669.0,1.0,41.8,10.0,Individual,5,High Risk,Manual Review
76023844,12000.0, 60 months,23.13,F,F1,2 years,MORTGAGE,130000.0,Not Verified,home_improvement,AR,31.7,1.0,685.0,689.0,0.0,42.3,24.0,Individual,6,High Risk,Manual Review
76371377,20250.0, 60 months,25.88,F,F4,10+ years,MORTGAGE,165000.0,Not Verified,debt_consolidation,WI,33.08,0.0,675.0,679.0,0.0,78.5,37.0,Individual,5,High Risk,Manual Review
74491680,3600.0, 36 months,22.45,E,E5,< 1 year,OWN,24000.0,Verified,other,WY,46.7,0.0,690.0,694.0,0.0,39.5,31.0,Individual,5,High Risk,Manual Review
76014391,17525.0, 60 months,28.34,G,G3,8 years,RENT,52000.0,Not Verified,debt_consolidation,CA,31.01,0.0,685.0,689.0,1.0,40.3,43.0,Individual,5,High Risk,Manual Review
76031149,16975.0, 60 months,19.99,E,E1,10+ years,MORTGAGE,71000.0,Not Verified,home_improvement,FL,36.68,0.0,675.0,679.0,1.0,86.0,25.0,Individual,6,High Risk,Manual Review
73845802,25000.0, 36 months,19.99,E,E1,5 years,RENT,65000.0,Verified,debt_consolidation,GA,33.03,0.0,660.0,664.0,1.0,89.2,41.0,Individual,6,High Risk,Manual Review
74121582,15000.0, 36 months,21.97,E,E4,10+ years,MORTGAGE,64000.0,Verified,debt_consolidation,CA,40.58,0.0,675.0,679.0,2.0,42.3,24.0,Individual,5,High Risk,Manual Review
74643905,19425.0, 36 months,20.75,E,E2,9 years,OWN,45000.0,Not Verified,credit_card,FL,48.27,0.0,690.0,694.0,0.0,30.7,23.0,Individual,5,High Risk,Manual Review
75051119,20000.0, 60 months,21.97,E,E4,,RENT,65000.0,Verified,debt_consolidation,CO,37.44,0.0,705.0,709.0,0.0,37.6,21.0,Individual,5,High Risk,Manual Review
75738868,3000.0, 36 months,21.18,E,E3,10+ years,RENT,50000.0,Not Verified,vacation,NC,31.61,0.0,660.0,664.0,0.0,61.1,28.0,Individual,5,High Risk,Manual Review
76092506,17400.0, 60 months,25.88,F,F4,10+ years,MORTGAGE,95000.0,Not Verified,credit_card,TN,37.57,0.0,715.0,719.0,1.0,54.7,19.0,Individual,5,High Risk,Manual Review
75051352,4900.0, 36 months,22.45,E,E5,10+ years,OWN,13672.0,Verified,debt_consolidation,MS,36.61,0.0,680.0,684.0,2.0,57.0,15.0,Individual,5,High Risk,Manual Review
76152984,9600.0, 36 months,21.18,E,E3,5 years,RENT,40000.0,Verified,debt_consolidation,WI,45.6,0.0,690.0,694.0,1.0,82.0,24.0,Individual,6,High Risk,Manual Review
76072445,14900.0, 60 months,22.45,E,E5,,MORTGAGE,53000.0,Verified,debt_consolidation,MT,30.64,0.0,680.0,684.0,3.0,30.3,36.0,Individual,5,High Risk,Manual Review
76132877,35000.0, 36 months,21.97,E,E4,4 years,MORTGAGE,204000.0,Source Verified,home_improvement,CA,32.1,2.0,740.0,744.0,4.0,2.3,35.0,Individual,6,High Risk,Manual Review
76102906,5000.0, 36 months,22.45,E,E5,,OWN,70000.0,Source Verified,debt_consolidation,IN,17.13,1.0,670.0,674.0,0.0,93.2,25.0,Individual,5,High Risk,Manual Review
75923756,24000.0, 60 months,21.18,E,E3,1 year,RENT,75000.0,Verified,debt_consolidation,NV,31.58,0.0,680.0,684.0,0.0,37.8,18.0,Individual,5,High Risk,Manual Review
75972805,32000.0, 60 months,23.13,F,F1,2 years,MORTGAGE,104000.0,Verified,debt_consolidation,TX,30.97,0.0,695.0,699.0,0.0,47.0,37.0,Individual,5,High Risk,Manual Review
76094034,23000.0, 60 months,19.99,E,E1,10+ years,RENT,56000.0,Not Verified,debt_consolidation,OR,32.0,0.0,720.0,724.0,1.0,61.7,31.0,Individual,5,High Risk,Manual Review
75427453,28000.0, 60 months,27.34,G,G1,10+ years,RENT,100000.0,Verified,debt_consolidation,CA,32.11,0.0,680.0,684.0,0.0,38.7,40.0,Individual,5,High Risk,Manual Review
76093407,12000.0, 36 months,19.99,E,E1,5 years,MORTGAGE,50000.0,Verified,debt_consolidation,MI,38.17,0.0,695.0,699.0,3.0,66.3,20.0,Individual,5,High Risk,Manual Review
76133740,23825.0, 60 months,24.11,F,F2,3 years,RENT,38000.0,Source Verified,debt_consolidation,VA,34.84,0.0,700.0,704.0,0.0,82.8,15.0,Joint App,6,High Risk,Manual Review
76011791,9150.0, 36 months,21.18,E,E3,5 years,RENT,28600.0,Source Verified,debt_consolidation,VA,39.28,0.0,680.0,684.0,0.0,30.5,22.0,Individual,5,High Risk,Manual Review
76072723,20000.0, 60 months,24.99,F,F3,3 years,RENT,75000.0,Verified,credit_card,CA,43.08,0.0,665.0,669.0,0.0,92.5,24.0,Individual,6,High Risk,Manual Review
74555056,3850.0, 36 months,20.75,E,E2,1 year,OWN,17500.0,Verified,debt_consolidation,NY,37.72,1.0,670.0,674.0,1.0,42.1,21.0,Individual,6,High Risk,Manual Review
75648635,18900.0, 36 months,24.99,F,F3,1 year,RENT,45000.0,Verified,debt_consolidation,MI,31.04,0.0,700.0,704.0,0.0,74.8,36.0,Individual,5,High Risk,Manual Review
76151133,14750.0, 60 months,24.11,F,F2,2 years,RENT,55843.0,Source Verified,debt_consolidation,CA,31.01,0.0,715.0,719.0,0.0,38.1,22.0,Individual,5,High Risk,Manual Review
76152338,6500.0, 36 months,28.99,G,G5,5 years,RENT,50880.0,Source Verified,other,NV,38.96,0.0,670.0,674.0,1.0,47.1,12.0,Individual,5,High Risk,Manual Review
76144090,9775.0, 36 months,22.45,E,E5,2 years,RENT,27200.0,Source Verified,credit_card,TN,36.91,0.0,665.0,669.0,0.0,69.3,24.0,Individual,5,High Risk,Manual Review
75748617,24700.0, 60 months,20.75,E,E2,10+ years,MORTGAGE,68000.0,Source Verified,debt_consolidation,HI,30.25,1.0,670.0,674.0,0.0,91.0,16.0,Individual,7,High Risk,Manual Review
75315909,9900.0, 36 months,22.45,E,E5,10+ years,MORTGAGE,53200.0,Source Verified,debt_consolidation,MA,35.55,0.0,680.0,684.0,0.0,98.0,15.0,Individual,6,High Risk,Manual Review
76062554,9600.0, 36 months,25.88,F,F4,10+ years,OWN,40040.0,Not Verified,major_purchase,MD,45.59,2.0,675.0,679.0,0.0,56.5,25.0,Individual,6,High Risk,Manual Review
75982014,9600.0, 36 months,22.45,E,E5,,OWN,50000.0,Verified,home_improvement,PA,46.25,1.0,675.0,679.0,1.0,58.6,23.0,Individual,6,High Risk,Manual Review
74596176,12800.0, 36 months,23.13,F,F1,,RENT,40000.0,Verified,debt_consolidation,VA,31.82,0.0,690.0,694.0,1.0,50.9,37.0,Individual,5,High Risk,Manual Review
75329580,9000.0, 36 months,21.18,E,E3,4 years,RENT,31000.0,Source Verified,debt_consolidation,MN,47.5,1.0,680.0,684.0,0.0,87.5,18.0,Individual,7,High Risk,Manual Review
76083019,12800.0, 60 months,25.88,F,F4,,OWN,35000.0,Verified,home_improvement,TN,37.14,0.0,680.0,684.0,2.0,40.5,48.0,Individual,5,High Risk,Manual Review
76122057,9600.0, 36 months,19.99,E,E1,10+ years,RENT,24000.0,Source Verified,other,CA,37.7,1.0,720.0,724.0,0.0,23.7,12.0,Individual,6,High Risk,Manual Review
75944327,32000.0, 60 months,21.97,E,E4,9 years,RENT,157000.0,Verified,debt_consolidation,TX,33.13,0.0,695.0,699.0,0.0,83.4,17.0,Individual,6,High Risk,Manual Review
75983887,14175.0, 60 months,19.99,E,E1,10+ years,MORTGAGE,35000.0,Not Verified,credit_card,FL,37.55,1.0,670.0,674.0,0.0,41.5,22.0,Individual,6,High Risk,Manual Review
74522679,4025.0, 36 months,24.11,F,F2,< 1 year,RENT,19000.0,Source Verified,other,NC,32.47,0.0,660.0,664.0,1.0,70.8,9.0,Individual,5,High Risk,Manual Review
75273709,2750.0, 36 months,24.11,F,F2,< 1 year,RENT,31200.0,Verified,debt_consolidation,TX,30.35,2.0,670.0,674.0,3.0,9.2,31.0,Individual,6,High Risk,Manual Review
75358040,33100.0, 60 months,21.97,E,E4,10+ years,MORTGAGE,72000.0,Source Verified,debt_consolidation,IL,32.88,1.0,695.0,699.0,0.0,83.0,27.0,Individual,7,High Risk,Manual Review
76031238,20925.0, 60 months,28.34,G,G3,8 years,RENT,45498.0,Verified,debt_consolidation,VA,43.74,0.0,695.0,699.0,0.0,60.0,23.0,Individual,5,High Risk,Manual Review
75993531,32000.0, 60 months,22.45,E,E5,10+ years,MORTGAGE,135000.0,Source Verified,credit_card,MS,32.94,0.0,685.0,689.0,0.0,64.4,47.0,Individual,5,High Risk,Manual Review
74764432,10000.0, 60 months,19.99,E,E1,8 years,RENT,30000.0,Source Verified,debt_consolidation,CA,32.82,0.0,750.0,754.0,2.0,12.1,26.0,Individual,5,High Risk,Manual Review
75709972,7500.0, 36 months,19.99,E,E1,1 year,MORTGAGE,55000.0,Source Verified,home_improvement,WV,31.88,0.0,660.0,664.0,0.0,92.9,14.0,Individual,6,High Risk,Manual Review
75352128,13200.0, 36 months,19.53,D,D5,10+ years,MORTGAGE,30000.0,Verified,credit_card,FL,48.96,1.0,700.0,704.0,0.0,85.4,19.0,Individual,5,High Risk,Manual Review
75944313,23475.0, 60 months,21.18,E,E3,10+ years,MORTGAGE,76000.0,Source Verified,debt_consolidation,MS,32.12,0.0,680.0,684.0,0.0,55.3,36.0,Individual,5,High Risk,Manual Review
75771698,15250.0, 60 months,28.99,G,G5,10+ years,MORTGAGE,92000.0,Not Verified,debt_consolidation,FL,37.8,0.0,665.0,669.0,0.0,83.4,20.0,Individual,6,High Risk,Manual Review
73408476,12000.0, 60 months,24.11,F,F2,10+ years,MORTGAGE,51000.0,Source Verified,debt_consolidation,AL,35.46,0.0,665.0,669.0,1.0,57.2,35.0,Individual,5,High Risk,Manual Review
74795619,20000.0, 60 months,20.75,E,E2,10+ years,MORTGAGE,90000.0,Verified,debt_consolidation,TX,27.91,1.0,660.0,664.0,3.0,81.6,55.0,Individual,5,High Risk,Manual Review
75578394,19350.0, 60 months,24.99,F,F3,10+ years,RENT,42119.0,Verified,debt_consolidation,AL,45.31,0.0,700.0,704.0,3.0,72.2,30.0,Individual,5,High Risk,Manual Review
75113159,10200.0, 60 months,21.97,E,E4,< 1 year,RENT,24000.0,Source Verified,major_purchase,CA,34.95,0.0,680.0,684.0,1.0,70.5,8.0,Individual,5,High Risk,Manual Review
75154644,1300.0, 36 months,20.75,E,E2,4 years,OWN,16000.0,Verified,medical,AL,45.76,0.0,690.0,694.0,0.0,73.4,14.0,Individual,5,High Risk,Manual Review
75983722,25000.0, 60 months,20.75,E,E2,3 years,MORTGAGE,75000.0,Source Verified,debt_consolidation,TX,30.8,0.0,710.0,714.0,0.0,28.8,35.0,Individual,5,High Risk,Manual Review
73836277,9600.0, 36 months,24.11,F,F2,3 years,MORTGAGE,50000.0,Source Verified,small_business,LA,38.33,0.0,670.0,674.0,1.0,67.8,18.0,Individual,5,High Risk,Manual Review
76003721,16800.0, 60 months,19.99,E,E1,10+ years,RENT,50000.0,Not Verified,debt_consolidation,CA,31.93,0.0,700.0,704.0,0.0,64.1,9.0,Individual,5,High Risk,Manual Review
76081371,3925.0, 36 months,23.13,F,F1,9 years,MORTGAGE,28000.0,Source Verified,debt_consolidation,OK,38.79,0.0,690.0,694.0,0.0,61.1,25.0,Individual,5,High Risk,Manual Review
76003336,4800.0, 36 months,20.75,E,E2,4 years,MORTGAGE,30000.0,Source Verified,other,OK,32.23,0.0,670.0,674.0,2.0,25.4,27.0,Individual,5,High Risk,Manual Review
75123227,10000.0, 60 months,21.97,E,E4,< 1 year,OWN,67000.0,Verified,other,TX,41.12,0.0,685.0,689.0,0.0,71.1,46.0,Individual,5,High Risk,Manual Review
73271927,5000.0, 36 months,19.99,E,E1,< 1 year,MORTGAGE,45000.0,Source Verified,credit_card,PA,43.52,1.0,660.0,664.0,1.0,45.7,36.0,Individual,6,High Risk,Manual Review
75314826,6000.0, 36 months,21.97,E,E4,10+ years,OWN,60000.0,Source Verified,other,TX,35.22,0.0,670.0,674.0,1.0,51.7,26.0,Individual,5,High Risk,Manual Review
75921870,27600.0, 60 months,21.97,E,E4,< 1 year,MORTGAGE,60000.0,Not Verified,debt_consolidation,VA,30.98,0.0,670.0,674.0,0.0,88.5,20.0,Individual,6,High Risk,Manual Review
76012160,13200.0, 60 months,23.13,F,F1,10+ years,OWN,42500.0,Verified,debt_consolidation,PA,36.52,0.0,660.0,664.0,2.0,49.9,40.0,Individual,5,High Risk,Manual Review
76153317,24625.0, 36 months,21.18,E,E3,10+ years,MORTGAGE,58000.0,Not Verified,debt_consolidation,GA,37.27,3.0,665.0,669.0,0.0,84.6,18.0,Individual,7,High Risk,Manual Review
76003163,35000.0, 36 months,21.18,E,E3,3 years,RENT,98500.0,Verified,debt_consolidation,DC,20.44,1.0,670.0,674.0,0.0,99.5,10.0,Individual,5,High Risk,Manual Review
75357939,26400.0, 60 months,21.18,E,E3,10+ years,OWN,60000.0,Source Verified,credit_card,KS,34.96,0.0,690.0,694.0,0.0,94.5,18.0,Individual,6,High Risk,Manual Review
75304102,16000.0, 36 months,21.18,E,E3,< 1 year,RENT,24000.0,Source Verified,other,TX,65.6,0.0,660.0,664.0,0.0,84.5,7.0,Joint App,6,High Risk,Manual Review
76152187,24000.0, 60 months,21.97,E,E4,3 years,RENT,70000.0,Not Verified,debt_consolidation,NE,37.91,0.0,670.0,674.0,1.0,81.9,41.0,Individual,6,High Risk,Manual Review
75943664,2100.0, 36 months,21.97,E,E4,10+ years,MORTGAGE,37670.0,Source Verified,debt_consolidation,CT,39.08,0.0,685.0,689.0,1.0,73.6,19.0,Individual,5,High Risk,Manual Review
75878151,16725.0, 36 months,24.11,F,F2,10+ years,MORTGAGE,59000.0,Verified,debt_consolidation,IL,39.73,0.0,690.0,694.0,2.0,58.0,18.0,Individual,5,High Risk,Manual Review
75859454,5000.0, 36 months,24.11,F,F2,8 years,MORTGAGE,37000.0,Source Verified,renewable_energy,CA,36.1,4.0,660.0,664.0,0.0,55.3,11.0,Individual,6,High Risk,Manual Review
76092374,24000.0, 60 months,26.57,F,F5,< 1 year,MORTGAGE,107000.0,Verified,debt_consolidation,TX,33.03,0.0,665.0,669.0,1.0,89.7,17.0,Individual,6,High Risk,Manual Review
75367343,19000.0, 60 months,23.13,F,F1,10+ years,MORTGAGE,50000.0,Source Verified,debt_consolidation,TX,37.5,5.0,665.0,669.0,0.0,61.5,24.0,Individual,6,High Risk,Manual Review
76022119,10500.0, 60 months,21.97,E,E4,2 years,RENT,38600.0,Verified,other,CA,45.18,1.0,665.0,669.0,1.0,63.5,24.0,Joint App,6,High Risk,Manual Review
76092268,31500.0, 60 months,21.97,E,E4,,RENT,70000.0,Verified,debt_consolidation,AK,32.38,0.0,710.0,714.0,0.0,68.0,23.0,Individual,5,High Risk,Manual Review
75759829,6500.0, 36 months,25.88,F,F4,4 years,OWN,32476.22,Source Verified,other,FL,35.56,1.0,685.0,689.0,0.0,55.1,35.0,Individual,6,High Risk,Manual Review
75264180,6050.0, 36 months,21.18,E,E3,< 1 year,RENT,30100.0,Source Verified,other,NJ,30.22,0.0,670.0,674.0,1.0,40.4,7.0,Individual,5,High Risk,Manual Review
75149566,10000.0, 60 months,21.97,E,E4,10+ years,RENT,33214.0,Source Verified,debt_consolidation,LA,32.31,0.0,720.0,724.0,0.0,17.7,24.0,Individual,5,High Risk,Manual Review
76131268,13425.0, 60 months,28.99,G,G5,3 years,RENT,30000.0,Verified,debt_consolidation,CA,36.15,0.0,660.0,664.0,1.0,78.5,10.0,Individual,5,High Risk,Manual Review
75779378,35000.0, 36 months,19.99,E,E1,9 years,MORTGAGE,38500.0,Verified,debt_consolidation,NM,61.81,1.0,665.0,669.0,0.0,99.9,35.0,Joint App,7,High Risk,Manual Review
75962035,13525.0, 36 months,20.75,E,E2,< 1 year,OWN,37600.0,Verified,debt_consolidation,LA,34.41,0.0,700.0,704.0,0.0,53.2,29.0,Individual,5,High Risk,Manual Review
75103283,8725.0, 36 months,24.99,F,F3,6 years,MORTGAGE,50000.0,Source Verified,home_improvement,SC,33.73,1.0,665.0,669.0,2.0,57.5,24.0,Individual,6,High Risk,Manual Review
75548375,7625.0, 36 months,23.13,F,F1,1 year,MORTGAGE,65980.0,Source Verified,credit_card,NM,36.96,0.0,660.0,664.0,3.0,63.4,48.0,Individual,5,High Risk,Manual Review
75357234,10950.0, 60 months,27.34,G,G1,10+ years,RENT,38000.0,Not Verified,debt_consolidation,NY,30.48,4.0,670.0,674.0,0.0,75.8,32.0,Individual,6,High Risk,Manual Review
75438231,12000.0, 36 months,21.97,E,E4,10+ years,RENT,46000.0,Source Verified,debt_consolidation,TX,31.72,0.0,675.0,679.0,2.0,82.2,54.0,Individual,6,High Risk,Manual Review
75607345,16000.0, 60 months,23.13,F,F1,6 years,RENT,36000.0,Verified,debt_consolidation,NJ,38.27,0.0,665.0,669.0,1.0,70.0,13.0,Individual,5,High Risk,Manual Review
76083266,14100.0, 36 months,25.88,F,F4,2 years,RENT,44515.01,Source Verified,debt_consolidation,CO,38.74,0.0,660.0,664.0,1.0,75.0,38.0,Individual,5,High Risk,Manual Review
76041767,19075.0, 60 months,21.18,E,E3,10+ years,MORTGAGE,52000.0,Source Verified,debt_consolidation,OH,35.82,0.0,665.0,669.0,1.0,50.6,30.0,Individual,5,High Risk,Manual Review
76152884,8000.0, 36 months,21.97,E,E4,10+ years,RENT,37000.0,Source Verified,medical,UT,44.59,0.0,680.0,684.0,0.0,80.2,20.0,Individual,6,High Risk,Manual Review
75992440,36000.0, 60 months,21.97,E,E4,8 years,MORTGAGE,114000.0,Source Verified,debt_consolidation,NC,33.22,1.0,685.0,689.0,1.0,61.0,73.0,Individual,6,High Risk,Manual Review
76092000,15000.0, 36 months,23.13,F,F1,< 1 year,RENT,53500.0,Verified,debt_consolidation,CO,33.61,0.0,680.0,684.0,1.0,77.7,20.0,Individual,5,High Risk,Manual Review
74575586,9650.0, 36 months,21.97,E,E4,6 years,RENT,63000.0,Source Verified,other,OR,36.47,0.0,665.0,669.0,1.0,55.7,19.0,Individual,5,High Risk,Manual Review
75962968,21600.0, 36 months,19.99,E,E1,10+ years,MORTGAGE,54000.0,Not Verified,credit_card,IL,36.38,0.0,715.0,719.0,0.0,63.9,28.0,Individual,5,High Risk,Manual Review
75295572,23300.0, 60 months,22.45,E,E5,2 years,MORTGAGE,53000.0,Source Verified,debt_consolidation,AK,32.38,0.0,730.0,734.0,2.0,39.4,32.0,Individual,5,High Risk,Manual Review
74633631,5600.0, 36 months,23.13,F,F1,,RENT,11232.0,Verified,credit_card,MO,43.48,0.0,675.0,679.0,0.0,87.4,57.0,Individual,6,High Risk,Manual Review
75972079,12800.0, 60 months,23.13,F,F1,6 years,RENT,65000.0,Source Verified,debt_consolidation,TX,34.02,0.0,685.0,689.0,2.0,64.8,29.0,Individual,5,High Risk,Manual Review
75868756,16200.0, 60 months,24.99,F,F3,,RENT,36000.0,Verified,credit_card,FL,36.13,0.0,725.0,729.0,2.0,54.0,24.0,Individual,5,High Risk,Manual Review
76112485,22400.0, 36 months,19.99,E,E1,< 1 year,OWN,49000.0,Source Verified,debt_consolidation,NY,33.82,0.0,685.0,689.0,0.0,82.6,38.0,Individual,6,High Risk,Manual Review
75910449,25075.0, 36 months,20.75,E,E2,< 1 year,OWN,110000.0,Verified,debt_consolidation,OH,35.73,0.0,690.0,694.0,1.0,51.0,50.0,Individual,5,High Risk,Manual Review
75952161,11350.0, 60 months,28.14,G,G2,3 years,MORTGAGE,42000.0,Verified,debt_consolidation,OH,33.43,0.0,700.0,704.0,0.0,106.0,15.0,Individual,6,High Risk,Manual Review
75358941,14950.0, 60 months,19.99,E,E1,1 year,RENT,34000.0,Source Verified,debt_consolidation,TX,38.58,0.0,685.0,689.0,0.0,58.4,27.0,Individual,5,High Risk,Manual Review
75378477,18000.0, 60 months,22.45,E,E5,1 year,RENT,54600.0,Verified,debt_consolidation,SC,39.74,0.0,675.0,679.0,0.0,73.4,26.0,Individual,5,High Risk,Manual Review
75111453,12000.0, 60 months,26.57,F,F5,2 years,RENT,25000.0,Not Verified,debt_consolidation,SD,30.2,0.0,700.0,704.0,1.0,29.8,18.0,Individual,5,High Risk,Manual Review
75368349,20700.0, 60 months,21.18,E,E3,,OWN,45000.0,Verified,debt_consolidation,PA,39.57,0.0,680.0,684.0,0.0,85.6,13.0,Individual,6,High Risk,Manual Review
75368442,14775.0, 60 months,24.99,F,F3,10+ years,RENT,50000.0,Source Verified,debt_consolidation,TN,35.65,0.0,685.0,689.0,0.0,75.5,19.0,Individual,5,High Risk,Manual Review
75942411,35000.0, 60 months,20.75,E,E2,3 years,MORTGAGE,110000.0,Source Verified,debt_consolidation,TX,30.74,0.0,700.0,704.0,0.0,6.3,38.0,Individual,5,High Risk,Manual Review
75869761,12000.0, 36 months,21.18,E,E3,4 years,RENT,38000.0,Source Verified,debt_consolidation,MD,43.43,0.0,660.0,664.0,0.0,74.1,22.0,Individual,5,High Risk,Manual Review
75199501,15000.0, 36 months,23.13,F,F1,10+ years,MORTGAGE,65000.0,Verified,debt_consolidation,CA,37.22,0.0,665.0,669.0,2.0,48.0,28.0,Individual,5,High Risk,Manual Review
75235332,16000.0, 60 months,22.45,E,E5,5 years,RENT,35000.0,Source Verified,debt_consolidation,TX,36.06,0.0,665.0,669.0,2.0,53.8,25.0,Individual,5,High Risk,Manual Review
76081126,18700.0, 36 months,19.99,E,E1,3 years,RENT,37400.0,Source Verified,debt_consolidation,NC,36.78,1.0,680.0,684.0,0.0,73.9,29.0,Individual,6,High Risk,Manual Review
76101731,18000.0, 60 months,21.97,E,E4,10+ years,MORTGAGE,65000.0,Source Verified,home_improvement,NY,32.33,0.0,720.0,724.0,2.0,27.0,31.0,Individual,5,High Risk,Manual Review
75838544,10000.0, 60 months,19.99,E,E1,,MORTGAGE,57360.0,Verified,debt_consolidation,SC,31.19,0.0,660.0,664.0,2.0,77.4,34.0,Individual,5,High Risk,Manual Review
75202916,23100.0, 36 months,21.97,E,E4,2 years,OWN,55000.0,Not Verified,debt_consolidation,CA,37.14,0.0,680.0,684.0,1.0,62.7,24.0,Individual,5,High Risk,Manual Review
76121751,12575.0, 36 months,22.45,E,E5,10+ years,MORTGAGE,35000.0,Source Verified,debt_consolidation,SD,32.0,5.0,665.0,669.0,1.0,86.1,27.0,Individual,7,High Risk,Manual Review
75818567,12000.0, 60 months,27.34,G,G1,5 years,RENT,55000.0,Source Verified,other,TX,32.53,0.0,670.0,674.0,2.0,71.8,20.0,Individual,5,High Risk,Manual Review
75285114,25200.0, 60 months,28.14,G,G2,8 years,RENT,60000.0,Verified,debt_consolidation,TX,36.6,0.0,680.0,684.0,1.0,97.9,18.0,Individual,6,High Risk,Manual Review
75498115,31500.0, 60 months,27.34,G,G1,8 years,OWN,70000.0,Verified,debt_consolidation,LA,33.6,0.0,680.0,684.0,3.0,32.0,45.0,Individual,5,High Risk,Manual Review
75061293,10075.0, 60 months,28.99,G,G5,4 years,MORTGAGE,33600.0,Verified,debt_consolidation,LA,45.93,0.0,670.0,674.0,1.0,75.1,17.0,Individual,5,High Risk,Manual Review
75709851,20000.0, 60 months,21.18,E,E3,,MORTGAGE,35024.0,Verified,debt_consolidation,TN,36.76,0.0,675.0,679.0,1.0,28.3,25.0,Joint App,5,High Risk,Manual Review
76001639,28525.0, 60 months,22.45,E,E5,5 years,RENT,80000.0,Not Verified,debt_consolidation,RI,37.16,0.0,700.0,704.0,1.0,56.9,15.0,Individual,5,High Risk,Manual Review
75607925,22175.0, 60 months,22.45,E,E5,4 years,MORTGAGE,66500.0,Verified,debt_consolidation,TN,37.41,0.0,710.0,714.0,1.0,42.0,33.0,Individual,5,High Risk,Manual Review
75750969,12800.0, 60 months,24.99,F,F3,< 1 year,RENT,32000.0,Source Verified,debt_consolidation,MA,41.37,0.0,690.0,694.0,1.0,63.1,19.0,Individual,5,High Risk,Manual Review
75941208,25000.0, 60 months,20.75,E,E2,1 year,MORTGAGE,68000.0,Not Verified,debt_consolidation,IL,38.22,1.0,715.0,719.0,0.0,46.8,47.0,Individual,6,High Risk,Manual Review
76021356,18000.0, 60 months,26.57,F,F5,9 years,MORTGAGE,60000.0,Source Verified,debt_consolidation,OH,31.94,1.0,670.0,674.0,1.0,53.0,48.0,Individual,6,High Risk,Manual Review
75114677,13325.0, 36 months,25.88,F,F4,10+ years,RENT,55000.0,Verified,debt_consolidation,TX,37.64,0.0,695.0,699.0,2.0,70.8,12.0,Individual,5,High Risk,Manual Review
75190681,10525.0, 60 months,28.34,G,G3,,OWN,32077.0,Verified,debt_consolidation,AR,33.11,0.0,660.0,664.0,0.0,54.2,26.0,Individual,5,High Risk,Manual Review
75143837,25775.0, 60 months,21.97,E,E4,9 years,MORTGAGE,68000.0,Source Verified,debt_consolidation,OK,32.26,0.0,710.0,714.0,1.0,35.1,23.0,Individual,5,High Risk,Manual Review
75577327,30350.0, 36 months,25.88,F,F4,10+ years,RENT,66000.0,Source Verified,major_purchase,CA,37.44,0.0,675.0,679.0,1.0,81.0,19.0,Individual,6,High Risk,Manual Review
75164983,31725.0, 60 months,21.97,E,E4,10+ years,MORTGAGE,100000.0,Source Verified,debt_consolidation,SC,38.21,1.0,720.0,724.0,0.0,46.0,27.0,Individual,6,High Risk,Manual Review
75142781,12000.0, 60 months,24.11,F,F2,2 years,MORTGAGE,36000.0,Verified,debt_consolidation,OH,45.8,0.0,680.0,684.0,0.0,94.8,34.0,Individual,6,High Risk,Manual Review
75750013,19100.0, 60 months,24.99,F,F3,4 years,RENT,78000.0,Verified,other,VA,34.91,0.0,670.0,674.0,3.0,50.0,33.0,Individual,5,High Risk,Manual Review
75203740,10850.0, 60 months,28.67,G,G4,,MORTGAGE,22744.0,Source Verified,debt_consolidation,NC,32.19,1.0,670.0,674.0,0.0,53.9,23.0,Individual,6,High Risk,Manual Review
75397712,13500.0, 60 months,27.34,G,G1,4 years,RENT,31000.0,Verified,debt_consolidation,IN,31.2,0.0,665.0,669.0,2.0,46.4,17.0,Individual,5,High Risk,Manual Review
75285944,16000.0, 36 months,23.13,F,F1,,RENT,50000.0,Verified,debt_consolidation,AZ,32.21,0.0,665.0,669.0,0.0,40.7,31.0,Individual,5,High Risk,Manual Review
75518127,15200.0, 60 months,28.67,G,G4,10+ years,OWN,30432.0,Not Verified,debt_consolidation,TX,35.61,0.0,710.0,714.0,0.0,46.7,20.0,Individual,5,High Risk,Manual Review
75878753,8150.0, 36 months,25.88,F,F4,,RENT,24000.0,Verified,debt_consolidation,WY,39.63,0.0,660.0,664.0,1.0,62.0,14.0,Individual,5,High Risk,Manual Review
75789756,35000.0, 36 months,23.13,F,F1,5 years,MORTGAGE,95000.0,Not Verified,other,CO,30.29,2.0,670.0,674.0,1.0,11.0,30.0,Individual,6,High Risk,Manual Review
75367879,24350.0, 60 months,28.34,G,G3,10+ years,MORTGAGE,58000.0,Verified,credit_card,TX,33.02,0.0,685.0,689.0,4.0,88.0,30.0,Individual,6,High Risk,Manual Review
75153299,13175.0, 60 months,28.99,G,G5,3 years,RENT,26353.0,Verified,debt_consolidation,ID,45.67,0.0,675.0,679.0,0.0,99.8,19.0,Individual,6,High Risk,Manual Review
75770212,15825.0, 36 months,25.88,F,F4,10+ years,RENT,49500.0,Not Verified,debt_consolidation,CA,39.81,0.0,670.0,674.0,1.0,41.7,16.0,Individual,5,High Risk,Manual Review
75417924,24000.0, 60 months,27.34,G,G1,9 years,RENT,69940.0,Not Verified,debt_consolidation,NV,35.6,0.0,660.0,664.0,0.0,64.2,36.0,Individual,5,High Risk,Manual Review
75061839,15000.0, 60 months,28.67,G,G4,,MORTGAGE,41112.0,Verified,debt_consolidation,TX,31.05,0.0,730.0,734.0,0.0,30.5,23.0,Individual,5,High Risk,Manual Review
75468005,26000.0, 36 months,25.88,F,F4,9 years,MORTGAGE,52000.0,Verified,debt_consolidation,FL,34.13,0.0,665.0,669.0,0.0,96.9,14.0,Individual,6,High Risk,Manual Review
75093455,35000.0, 60 months,28.99,G,G5,10+ years,RENT,125000.0,Verified,debt_consolidation,TX,30.16,1.0,660.0,664.0,4.0,34.5,54.0,Individual,6,High Risk,Manual Review
75050761,13200.0, 60 months,28.14,G,G2,10+ years,RENT,33000.0,Verified,debt_consolidation,OH,45.45,0.0,675.0,679.0,0.0,54.3,25.0,Individual,5,High Risk,Manual Review
75868840,34325.0, 60 months,23.13,F,F1,1 year,MORTGAGE,15000.0,Verified,credit_card,TX,68.56,0.0,680.0,684.0,0.0,92.7,26.0,Joint App,6,High Risk,Manual Review
75301082,10625.0, 60 months,24.99,F,F3,< 1 year,OWN,31284.0,Verified,debt_consolidation,TX,34.18,0.0,745.0,749.0,2.0,7.9,91.0,Individual,5,High Risk,Manual Review
75115254,15000.0, 60 months,24.99,F,F3,10+ years,MORTGAGE,64000.0,Verified,debt_consolidation,NY,34.22,0.0,665.0,669.0,3.0,50.2,34.0,Individual,5,High Risk,Manual Review
75202583,21825.0, 60 months,27.34,G,G1,5 years,MORTGAGE,31200.0,Verified,debt_consolidation,WI,46.77,0.0,700.0,704.0,1.0,94.7,24.0,Joint App,6,High Risk,Manual Review
75222645,28000.0, 60 months,28.14,G,G2,5 years,MORTGAGE,104800.0,Verified,debt_consolidation,TX,33.13,0.0,665.0,669.0,3.0,74.2,38.0,Individual,5,High Risk,Manual Review
74635708,20000.0, 60 months,27.34,G,G1,10+ years,OWN,50000.0,Source Verified,credit_card,GA,35.91,0.0,660.0,664.0,1.0,61.0,17.0,Individual,5,High Risk,Manual Review
75859643,15000.0, 60 months,23.13,F,F1,5 years,OWN,40000.0,Verified,debt_consolidation,MA,35.52,3.0,665.0,669.0,0.0,59.8,34.0,Individual,6,High Risk,Manual Review
75162560,12900.0, 60 months,27.34,G,G1,7 years,OWN,38000.0,Verified,debt_consolidation,AZ,38.31,0.0,665.0,669.0,0.0,77.9,16.0,Individual,5,High Risk,Manual Review
75860040,13850.0, 60 months,26.57,F,F5,10+ years,MORTGAGE,35949.0,Not Verified,credit_card,NY,38.63,0.0,660.0,664.0,0.0,78.3,22.0,Individual,5,High Risk,Manual Review
75819283,20000.0, 60 months,19.99,E,E1,6 years,RENT,44000.0,Verified,debt_consolidation,UT,44.29,0.0,680.0,684.0,1.0,51.7,27.0,Individual,5,High Risk,Manual Review
75699502,29750.0, 60 months,20.75,E,E2,10+ years,MORTGAGE,35000.0,Verified,credit_card,MS,54.94,0.0,665.0,669.0,0.0,90.6,32.0,Joint App,6,High Risk,Manual Review
75357957,35000.0, 60 months,21.97,E,E4,10+ years,OWN,82000.0,Source Verified,debt_consolidation,TX,35.09,1.0,705.0,709.0,1.0,51.4,44.0,Individual,6,High Risk,Manual Review
75839157,30000.0, 60 months,21.97,E,E4,10+ years,RENT,80000.0,Verified,debt_consolidation,AR,39.8,1.0,660.0,664.0,2.0,65.0,29.0,Individual,6,High Risk,Manual Review
75688264,19925.0, 60 months,19.99,E,E1,5 years,MORTGAGE,44300.0,Verified,debt_consolidation,SC,30.83,5.0,660.0,664.0,2.0,68.0,16.0,Individual,6,High Risk,Manual Review
74684602,11950.0, 60 months,28.34,G,G3,,RENT,26000.0,Verified,credit_card,CT,43.03,0.0,690.0,694.0,0.0,62.0,19.0,Individual,5,High Risk,Manual Review
75142377,26950.0, 60 months,27.34,G,G1,10+ years,MORTGAGE,100000.0,Not Verified,debt_consolidation,NY,30.72,1.0,685.0,689.0,1.0,70.4,28.0,Individual,6,High Risk,Manual Review
75417829,21000.0, 60 months,21.18,E,E3,< 1 year,RENT,41000.0,Verified,debt_consolidation,MI,48.78,0.0,660.0,664.0,1.0,67.5,59.0,Joint App,5,High Risk,Manual Review
75739141,10800.0, 60 months,25.88,F,F4,4 years,MORTGAGE,43000.0,Not Verified,debt_consolidation,NJ,30.39,0.0,690.0,694.0,5.0,52.1,29.0,Individual,5,High Risk,Manual Review
75869200,13200.0, 60 months,24.99,F,F3,2 years,RENT,30000.0,Source Verified,debt_consolidation,CA,36.48,0.0,665.0,669.0,2.0,57.9,23.0,Individual,5,High Risk,Manual Review
75578221,20000.0, 60 months,21.18,E,E3,5 years,RENT,45500.0,Verified,debt_consolidation,TN,38.83,0.0,685.0,689.0,1.0,91.0,18.0,Individual,6,High Risk,Manual Review
75190978,11000.0, 60 months,28.99,G,G5,,RENT,38985.0,Verified,debt_consolidation,CA,40.21,0.0,665.0,669.0,0.0,42.5,34.0,Individual,5,High Risk,Manual Review
75368277,25000.0, 60 months,24.99,F,F3,4 years,RENT,62000.0,Not Verified,debt_consolidation,CT,33.55,0.0,675.0,679.0,2.0,84.8,23.0,Individual,6,High Risk,Manual Review
73834390,10800.0, 60 months,28.34,G,G3,4 years,OWN,30000.0,Source Verified,debt_consolidation,TX,36.88,0.0,670.0,674.0,0.0,78.2,18.0,Individual,5,High Risk,Manual Review
75315996,35000.0, 60 months,24.99,F,F3,,MORTGAGE,74000.0,Verified,debt_consolidation,TX,49.51,0.0,660.0,664.0,1.0,85.3,32.0,Individual,6,High Risk,Manual Review
75868216,20000.0, 60 months,25.88,F,F4,10+ years,RENT,60923.0,Source Verified,other,CA,37.06,0.0,665.0,669.0,0.0,73.5,26.0,Individual,5,High Risk,Manual Review
75397797,34000.0, 60 months,24.11,F,F2,2 years,RENT,75000.0,Not Verified,debt_consolidation,TX,38.26,0.0,720.0,724.0,1.0,18.2,38.0,Individual,5,High Risk,Manual Review
75186218,15600.0, 60 months,24.11,F,F2,7 years,RENT,48596.0,Verified,debt_consolidation,NY,32.95,0.0,685.0,689.0,2.0,44.2,13.0,Individual,5,High Risk,Manual Review
75304166,31500.0, 60 months,21.97,E,E4,10+ years,MORTGAGE,30000.0,Verified,debt_consolidation,OH,41.4,0.0,695.0,699.0,2.0,58.6,30.0,Joint App,5,High Risk,Manual Review
75457847,20000.0, 60 months,25.88,F,F4,5 years,MORTGAGE,56300.0,Verified,debt_consolidation,TX,38.56,1.0,665.0,669.0,1.0,66.6,34.0,Individual,6,High Risk,Manual Review
74592359,18000.0, 60 months,28.67,G,G4,3 years,MORTGAGE,41600.0,Verified,credit_card,UT,47.11,0.0,675.0,679.0,0.0,60.0,30.0,Individual,5,High Risk,Manual Review
74696738,14000.0, 60 months,23.13,F,F1,1 year,RENT,37444.0,Verified,debt_consolidation,CO,32.48,0.0,705.0,709.0,1.0,31.1,13.0,Individual,5,High Risk,Manual Review
75467434,24950.0, 60 months,24.99,F,F3,1 year,MORTGAGE,70000.0,Verified,debt_consolidation,CT,26.08,1.0,660.0,664.0,3.0,92.0,31.0,Individual,5,High Risk,Manual Review
75270075,35000.0, 60 months,28.99,G,G5,10+ years,MORTGAGE,132000.0,Source Verified,debt_consolidation,WV,32.83,0.0,680.0,684.0,1.0,73.5,55.0,Individual,5,High Risk,Manual Review
74764691,24000.0, 60 months,24.99,F,F3,8 years,OWN,70000.0,Source Verified,debt_consolidation,TX,36.93,0.0,670.0,674.0,2.0,43.0,30.0,Individual,5,High Risk,Manual Review
75165089,12000.0, 60 months,25.88,F,F4,3 years,OWN,35000.0,Verified,other,NY,39.13,0.0,675.0,679.0,2.0,94.1,26.0,Individual,6,High Risk,Manual Review
75139916,15850.0, 60 months,28.34,G,G3,9 years,MORTGAGE,37000.0,Verified,debt_consolidation,IL,44.24,0.0,690.0,694.0,3.0,69.1,42.0,Individual,5,High Risk,Manual Review
74597560,15000.0, 60 months,23.13,F,F1,5 years,RENT,55500.0,Verified,debt_consolidation,CA,31.55,0.0,685.0,689.0,2.0,44.1,52.0,Individual,5,High Risk,Manual Review
74584277,29075.0, 60 months,25.88,F,F4,5 years,OWN,60000.0,Source Verified,debt_consolidation,LA,32.94,0.0,665.0,669.0,3.0,32.2,20.0,Joint App,5,High Risk,Manual Review
73638723,22750.0, 60 months,24.99,F,F3,6 years,RENT,54000.0,Source Verified,credit_card,PA,34.11,0.0,700.0,704.0,1.0,67.1,34.0,Individual,5,High Risk,Manual Review
74591735,35000.0, 60 months,23.13,F,F1,1 year,MORTGAGE,72500.0,Verified,debt_consolidation,CT,31.7,0.0,660.0,664.0,1.0,70.7,56.0,Joint App,5,High Risk,Manual Review
75159843,15000.0, 60 months,24.99,F,F3,8 years,MORTGAGE,77200.0,Verified,debt_consolidation,TX,39.16,0.0,685.0,689.0,2.0,81.3,23.0,Individual,6,High Risk,Manual Review
75091736,30000.0, 60 months,23.13,F,F1,10+ years,MORTGAGE,60000.0,Verified,credit_card,GA,47.24,0.0,715.0,719.0,0.0,80.7,26.0,Individual,6,High Risk,Manual Review
74563378,22400.0, 60 months,28.34,G,G3,9 years,RENT,59000.0,Source Verified,debt_consolidation,VA,37.96,0.0,705.0,709.0,2.0,71.1,40.0,Individual,5,High Risk,Manual Review
141044244,20000.0, 60 months,29.69,F,F2,10+ years,OWN,43000.0,Not Verified,debt_consolidation,HI,32.15,0.0,685.0,689.0,0.0,76.2,19.0,Individual,5,High Risk,Manual Review
140985320,12000.0, 60 months,28.72,F,F1,1 year,RENT,34840.0,Verified,debt_consolidation,NV,32.28,0.0,685.0,689.0,1.0,81.3,14.0,Individual,6,High Risk,Manual Review
140241719,24825.0, 60 months,29.69,F,F2,3 years,MORTGAGE,150000.0,Not Verified,debt_consolidation,TX,30.55,1.0,680.0,684.0,1.0,53.0,25.0,Individual,6,High Risk,Manual Review
140892407,20000.0, 36 months,15.02,C,C3,10+ years,MORTGAGE,30000.0,Verified,credit_card,PA,48.56,1.0,660.0,664.0,1.0,93.8,24.0,Joint App,5,High Risk,Manual Review
141052611,20000.0, 60 months,30.79,G,G1,< 1 year,OWN,60000.0,Verified,debt_consolidation,VT,33.74,0.0,725.0,729.0,0.0,87.4,29.0,Individual,6,High Risk,Manual Review
140436135,28600.0, 60 months,27.27,E,E5,10+ years,OWN,40000.0,Not Verified,debt_consolidation,TN,52.57,0.0,675.0,679.0,1.0,57.0,24.0,Joint App,5,High Risk,Manual Review
141074929,30000.0, 60 months,26.31,E,E4,3 years,MORTGAGE,300000.0,Verified,home_improvement,CA,25.59,1.0,665.0,669.0,0.0,98.3,24.0,Individual,5,High Risk,Manual Review
141070448,25000.0, 36 months,26.31,E,E4,10+ years,MORTGAGE,90000.0,Verified,other,MD,34.76,0.0,685.0,689.0,0.0,64.1,32.0,Individual,5,High Risk,Manual Review
141053456,30000.0, 60 months,23.4,E,E1,5 years,MORTGAGE,90000.0,Verified,credit_card,MI,31.32,1.0,685.0,689.0,0.0,87.6,39.0,Individual,7,High Risk,Manual Review
140967995,20000.0, 60 months,27.27,E,E5,10+ years,RENT,52000.0,Verified,debt_consolidation,NJ,36.9,0.0,680.0,684.0,0.0,69.1,26.0,Individual,5,High Risk,Manual Review
141064350,31300.0, 60 months,27.27,E,E5,10+ years,MORTGAGE,122000.0,Not Verified,debt_consolidation,GA,50.55,0.0,720.0,724.0,1.0,45.9,50.0,Joint App,5,High Risk,Manual Review
140971114,19000.0, 60 months,30.99,G,G5,10+ years,OWN,100000.0,Not Verified,debt_consolidation,NY,30.15,3.0,660.0,664.0,3.0,53.0,24.0,Individual,6,High Risk,Manual Review
140679031,16000.0, 60 months,30.79,G,G1,10+ years,RENT,72000.0,Source Verified,debt_consolidation,NY,32.28,1.0,670.0,674.0,0.0,46.7,32.0,Individual,6,High Risk,Manual Review
140976405,35000.0, 60 months,30.79,G,G1,6 years,MORTGAGE,40000.0,Not Verified,debt_consolidation,IL,30.09,0.0,705.0,709.0,0.0,70.1,20.0,Joint App,5,High Risk,Manual Review
141049542,4400.0, 36 months,24.37,E,E2,,RENT,10320.0,Not Verified,credit_card,WA,30.81,0.0,695.0,699.0,0.0,48.7,5.0,Individual,5,High Risk,Manual Review
140231255,5275.0, 36 months,24.37,E,E2,,MORTGAGE,26000.0,Not Verified,debt_consolidation,NY,32.32,0.0,725.0,729.0,0.0,28.1,23.0,Individual,5,High Risk,Manual Review
140939527,1000.0, 36 months,23.4,E,E1,6 years,MORTGAGE,36000.0,Source Verified,other,TX,33.13,0.0,800.0,804.0,0.0,22.7,9.0,Individual,5,High Risk,Manual Review
140812366,20000.0, 60 months,19.92,D,D3,10+ years,RENT,65000.0,Source Verified,debt_consolidation,CO,40.31,1.0,680.0,684.0,0.0,87.6,19.0,Joint App,5,High Risk,Manual Review
139931183,12000.0, 60 months,30.75,F,F5,,RENT,40554.0,Verified,debt_consolidation,IL,32.32,0.0,735.0,739.0,0.0,41.5,36.0,Individual,5,High Risk,Manual Review
140983114,11000.0, 60 months,30.17,F,F3,10+ years,RENT,67200.0,Verified,other,MN,31.75,0.0,690.0,694.0,1.0,73.2,23.0,Individual,5,High Risk,Manual Review
140385594,20900.0, 60 months,16.91,C,C5,< 1 year,MORTGAGE,34000.0,Verified,debt_consolidation,TN,59.62,1.0,720.0,724.0,0.0,85.2,34.0,Joint App,5,High Risk,Manual Review
140460958,20000.0, 60 months,27.27,E,E5,< 1 year,RENT,52000.0,Source Verified,debt_consolidation,GA,34.32,0.0,660.0,664.0,0.0,82.4,14.0,Joint App,6,High Risk,Manual Review
140617855,18000.0, 36 months,18.94,D,D2,10+ years,MORTGAGE,205000.0,Source Verified,credit_card,VA,31.35,2.0,665.0,669.0,1.0,81.5,29.0,Individual,5,High Risk,Manual Review
140322415,32000.0, 60 months,24.37,E,E2,8 years,MORTGAGE,51623.52,Source Verified,debt_consolidation,OH,41.41,0.0,705.0,709.0,0.0,77.5,25.0,Joint App,5,High Risk,Manual Review
139939238,35000.0, 36 months,23.4,E,E1,10+ years,RENT,35000.0,Source Verified,debt_consolidation,AZ,72.46,0.0,660.0,664.0,0.0,86.9,17.0,Joint App,6,High Risk,Manual Review
140891093,16900.0, 60 months,27.27,E,E5,,RENT,35604.0,Verified,credit_card,SC,37.28,0.0,700.0,704.0,0.0,98.2,16.0,Individual,6,High Risk,Manual Review
140894125,25000.0, 60 months,19.92,D,D3,,MORTGAGE,41200.0,Verified,debt_consolidation,TX,75.33,1.0,660.0,664.0,0.0,94.8,50.0,Joint App,5,High Risk,Manual Review
140754698,35000.0, 60 months,27.27,E,E5,< 1 year,MORTGAGE,60000.0,Source Verified,home_improvement,CA,37.62,0.0,715.0,719.0,1.0,84.6,31.0,Joint App,6,High Risk,Manual Review
141024442,9600.0, 36 months,18.94,D,D2,5 years,MORTGAGE,75000.0,Source Verified,credit_card,WI,32.11,2.0,680.0,684.0,0.0,82.3,31.0,Individual,5,High Risk,Manual Review
140705520,10000.0, 60 months,25.34,E,E3,,MORTGAGE,68400.0,Not Verified,moving,FL,36.18,0.0,660.0,664.0,0.0,2.6,29.0,Individual,5,High Risk,Manual Review
140324566,25000.0, 36 months,23.4,E,E1,10+ years,MORTGAGE,100000.0,Verified,debt_consolidation,FL,37.31,0.0,700.0,704.0,0.0,96.1,20.0,Individual,6,High Risk,Manual Review
141023246,1000.0, 36 months,25.34,E,E3,2 years,RENT,50000.0,Source Verified,other,IL,30.51,0.0,690.0,694.0,0.0,31.4,13.0,Individual,5,High Risk,Manual Review
140872652,21000.0, 60 months,26.31,E,E4,10+ years,MORTGAGE,88319.0,Verified,credit_card,OH,36.05,0.0,700.0,704.0,0.0,76.4,21.0,Individual,5,High Risk,Manual Review
140666627,20000.0, 60 months,27.27,E,E5,5 years,RENT,60000.0,Verified,debt_consolidation,NY,38.78,0.0,680.0,684.0,0.0,64.9,23.0,Individual,5,High Risk,Manual Review
140735461,7000.0, 36 months,24.37,E,E2,< 1 year,RENT,43000.0,Verified,debt_consolidation,WY,49.09,0.0,670.0,674.0,2.0,81.0,13.0,Joint App,6,High Risk,Manual Review
140538457,10000.0, 60 months,25.34,E,E3,10+ years,MORTGAGE,38000.0,Verified,debt_consolidation,TN,30.43,0.0,675.0,679.0,0.0,25.0,49.0,Individual,5,High Risk,Manual Review
140899354,19375.0, 36 months,27.27,E,E5,4 years,MORTGAGE,85000.0,Not Verified,debt_consolidation,TX,32.19,0.0,700.0,704.0,0.0,67.8,34.0,Individual,5,High Risk,Manual Review
140327568,38625.0, 60 months,28.72,F,F1,2 years,MORTGAGE,95000.0,Source Verified,debt_consolidation,CT,30.15,3.0,690.0,694.0,1.0,20.1,29.0,Joint App,6,High Risk,Manual Review
140983268,15000.0, 60 months,28.72,F,F1,4 years,RENT,71000.0,Source Verified,debt_consolidation,IL,35.9,1.0,700.0,704.0,1.0,30.2,22.0,Individual,6,High Risk,Manual Review
139827785,16000.0, 60 months,27.27,E,E5,10+ years,OWN,87000.0,Verified,debt_consolidation,SD,31.93,0.0,710.0,714.0,0.0,63.7,42.0,Individual,5,High Risk,Manual Review
140965174,20500.0, 60 months,30.65,F,F4,7 years,RENT,110000.0,Source Verified,debt_consolidation,GA,28.29,1.0,660.0,664.0,0.0,94.3,14.0,Individual,5,High Risk,Manual Review
140772391,12000.0, 60 months,30.17,F,F3,6 years,MORTGAGE,55000.0,Verified,other,MA,30.24,0.0,690.0,694.0,1.0,59.9,23.0,Joint App,5,High Risk,Manual Review
140765225,20000.0, 60 months,27.27,E,E5,< 1 year,MORTGAGE,25000.0,Verified,debt_consolidation,MI,55.54,0.0,660.0,664.0,1.0,59.7,23.0,Joint App,5,High Risk,Manual Review
140614729,19125.0, 60 months,25.34,E,E3,10+ years,MORTGAGE,52000.0,Verified,debt_consolidation,VA,31.66,0.0,695.0,699.0,0.0,97.0,15.0,Individual,6,High Risk,Manual Review
140964239,15000.0, 36 months,20.89,D,D4,10+ years,MORTGAGE,56510.0,Not Verified,debt_consolidation,TX,39.94,1.0,670.0,674.0,0.0,86.3,24.0,Individual,5,High Risk,Manual Review
140224738,16000.0, 60 months,30.65,F,F4,7 years,RENT,36500.0,Verified,other,MA,40.94,0.0,665.0,669.0,0.0,93.6,14.0,Joint App,6,High Risk,Manual Review
140792013,21500.0, 60 months,26.31,E,E4,10+ years,MORTGAGE,65000.0,Not Verified,debt_consolidation,MD,31.5,0.0,705.0,709.0,0.0,62.0,19.0,Individual,5,High Risk,Manual Review
139889600,15750.0, 60 months,28.72,F,F1,10+ years,OWN,23000.0,Verified,debt_consolidation,NY,53.81,0.0,670.0,674.0,0.0,40.6,11.0,Joint App,5,High Risk,Manual Review
140827721,16000.0, 60 months,28.72,F,F1,< 1 year,RENT,32500.0,Source Verified,credit_card,NY,36.04,0.0,675.0,679.0,0.0,81.0,10.0,Joint App,6,High Risk,Manual Review
140922397,16875.0, 60 months,30.75,F,F5,10+ years,MORTGAGE,70000.0,Verified,debt_consolidation,FL,39.71,0.0,705.0,709.0,0.0,52.8,27.0,Individual,5,High Risk,Manual Review
140004126,30000.0, 60 months,27.27,E,E5,< 1 year,RENT,350000.0,Verified,debt_consolidation,NY,12.65,4.0,665.0,669.0,0.0,91.7,17.0,Individual,5,High Risk,Manual Review
140940156,36000.0, 60 months,27.27,E,E5,5 years,RENT,15000.0,Source Verified,debt_consolidation,CA,35.36,0.0,735.0,739.0,0.0,34.0,9.0,Joint App,5,High Risk,Manual Review
140844528,35000.0, 60 months,27.27,E,E5,10+ years,MORTGAGE,70000.0,Verified,debt_consolidation,HI,50.08,0.0,675.0,679.0,0.0,74.7,24.0,Joint App,5,High Risk,Manual Review
140376238,35000.0, 36 months,25.34,E,E3,10+ years,MORTGAGE,45000.0,Source Verified,home_improvement,CA,41.07,0.0,690.0,694.0,0.0,70.1,26.0,Joint App,5,High Risk,Manual Review
139930622,30000.0, 60 months,26.31,E,E4,,MORTGAGE,91100.0,Verified,credit_card,MO,37.24,0.0,675.0,679.0,0.0,85.0,51.0,Individual,6,High Risk,Manual Review
140942757,1200.0, 36 months,25.34,E,E3,7 years,RENT,35000.0,Not Verified,other,TN,32.44,0.0,755.0,759.0,0.0,17.9,12.0,Individual,5,High Risk,Manual Review
140941072,22400.0, 60 months,27.27,E,E5,4 years,MORTGAGE,68000.0,Verified,debt_consolidation,VT,32.51,0.0,710.0,714.0,0.0,57.2,11.0,Individual,5,High Risk,Manual Review
140769687,15000.0, 60 months,27.27,E,E5,,OWN,35550.0,Verified,debt_consolidation,NC,38.56,0.0,660.0,664.0,0.0,69.5,26.0,Individual,5,High Risk,Manual Review
140421099,20000.0, 36 months,30.75,F,F5,4 years,RENT,70000.0,Verified,major_purchase,HI,36.93,0.0,720.0,724.0,0.0,63.2,20.0,Individual,5,High Risk,Manual Review
139507578,19825.0, 60 months,27.27,E,E5,< 1 year,OWN,85084.0,Verified,debt_consolidation,WI,39.42,0.0,690.0,694.0,0.0,13.6,70.0,Individual,5,High Risk,Manual Review
140753969,19375.0, 60 months,27.27,E,E5,,RENT,32766.0,Not Verified,debt_consolidation,SC,32.09,0.0,715.0,719.0,0.0,33.6,29.0,Individual,5,High Risk,Manual Review
140733123,32375.0, 36 months,27.27,E,E5,10+ years,MORTGAGE,85000.0,Verified,debt_consolidation,CA,31.02,0.0,700.0,704.0,0.0,62.5,19.0,Joint App,5,High Risk,Manual Review
139708733,36000.0, 60 months,28.72,F,F1,,MORTGAGE,97500.0,Source Verified,debt_consolidation,AZ,43.36,0.0,690.0,694.0,0.0,69.6,35.0,Joint App,5,High Risk,Manual Review
140744943,35000.0, 36 months,24.37,E,E2,5 years,RENT,71000.0,Source Verified,debt_consolidation,TX,38.08,0.0,675.0,679.0,0.0,76.1,26.0,Joint App,5,High Risk,Manual Review
140732040,15900.0, 36 months,30.75,F,F5,10+ years,MORTGAGE,88000.0,Verified,other,IL,30.26,0.0,685.0,689.0,0.0,47.4,17.0,Individual,5,High Risk,Manual Review
140458406,30000.0, 60 months,24.37,E,E2,6 years,MORTGAGE,85000.0,Not Verified,debt_consolidation,LA,33.79,0.0,675.0,679.0,1.0,53.1,26.0,Joint App,5,High Risk,Manual Review
140020540,10000.0, 36 months,25.34,E,E3,,RENT,10752.0,Verified,debt_consolidation,IN,76.23,0.0,700.0,704.0,0.0,57.0,7.0,Joint App,5,High Risk,Manual Review
140748670,16000.0, 60 months,26.31,E,E4,< 1 year,OWN,43000.0,Verified,other,AZ,37.26,0.0,695.0,699.0,0.0,77.0,49.0,Individual,5,High Risk,Manual Review
140687397,20000.0, 60 months,30.65,F,F4,,OWN,13833.0,Verified,debt_consolidation,IL,77.86,0.0,665.0,669.0,0.0,79.4,26.0,Joint App,5,High Risk,Manual Review
140701330,14000.0, 60 months,28.72,F,F1,10+ years,RENT,55000.0,Verified,debt_consolidation,NC,39.62,1.0,695.0,699.0,0.0,98.0,13.0,Individual,7,High Risk,Manual Review
139643015,15000.0, 36 months,25.34,E,E3,10+ years,MORTGAGE,180299.0,Source Verified,home_improvement,PA,15.44,4.0,670.0,674.0,1.0,93.2,20.0,Individual,5,High Risk,Manual Review
140862376,10000.0, 60 months,24.37,E,E2,10+ years,RENT,89000.0,Verified,credit_card,NY,33.12,2.0,690.0,694.0,1.0,31.0,25.0,Individual,6,High Risk,Manual Review
140676275,28000.0, 60 months,27.27,E,E5,10+ years,MORTGAGE,92000.0,Verified,debt_consolidation,MD,31.23,0.0,670.0,674.0,0.0,51.3,25.0,Individual,5,High Risk,Manual Review
140459363,20000.0, 36 months,17.97,D,D1,1 year,MORTGAGE,84000.0,Verified,debt_consolidation,NC,36.94,2.0,675.0,679.0,0.0,88.0,19.0,Individual,5,High Risk,Manual Review
140897745,24200.0, 60 months,30.79,G,G1,10+ years,RENT,69093.0,Source Verified,debt_consolidation,VA,30.07,0.0,700.0,704.0,1.0,98.7,16.0,Individual,6,High Risk,Manual Review
140680327,15000.0, 36 months,24.37,E,E2,10+ years,RENT,124540.0,Verified,other,DC,22.63,1.0,660.0,664.0,0.0,92.6,15.0,Individual,5,High Risk,Manual Review
140406345,40000.0, 60 months,27.27,E,E5,2 years,RENT,32716.0,Verified,debt_consolidation,CA,38.63,0.0,750.0,754.0,0.0,30.9,15.0,Joint App,5,High Risk,Manual Review
140798971,12000.0, 60 months,28.72,F,F1,4 years,RENT,40000.0,Verified,other,NC,41.01,1.0,665.0,669.0,0.0,81.7,14.0,Joint App,7,High Risk,Manual Review
140859815,31000.0, 36 months,30.99,G,G5,7 years,RENT,43000.0,Verified,debt_consolidation,NJ,42.14,0.0,670.0,674.0,0.0,72.9,22.0,Joint App,5,High Risk,Manual Review
140862375,12000.0, 60 months,27.27,E,E5,2 years,RENT,42000.0,Verified,debt_consolidation,TX,32.94,0.0,675.0,679.0,1.0,39.2,19.0,Individual,5,High Risk,Manual Review
140580752,5000.0, 36 months,24.37,E,E2,7 years,MORTGAGE,40000.0,Not Verified,debt_consolidation,GA,31.11,0.0,660.0,664.0,1.0,55.6,35.0,Individual,5,High Risk,Manual Review
140810004,23400.0, 60 months,25.34,E,E3,3 years,MORTGAGE,52000.0,Verified,debt_consolidation,PA,33.19,0.0,680.0,684.0,1.0,62.0,30.0,Individual,5,High Risk,Manual Review
140744172,25000.0, 60 months,28.72,F,F1,3 years,RENT,50000.0,Not Verified,debt_consolidation,PA,41.91,0.0,680.0,684.0,0.0,45.9,20.0,Joint App,5,High Risk,Manual Review
140628152,31950.0, 60 months,29.69,F,F2,7 years,MORTGAGE,66000.0,Not Verified,debt_consolidation,LA,44.24,0.0,710.0,714.0,0.0,47.1,21.0,Joint App,5,High Risk,Manual Review
140841481,20000.0, 60 months,24.37,E,E2,,MORTGAGE,14124.0,Verified,debt_consolidation,VA,115.12,0.0,695.0,699.0,0.0,56.4,12.0,Joint App,5,High Risk,Manual Review
140494281,15000.0, 60 months,30.65,F,F4,2 years,MORTGAGE,51500.0,Source Verified,debt_consolidation,KS,36.35,0.0,665.0,669.0,1.0,74.8,17.0,Joint App,5,High Risk,Manual Review
140841339,8800.0, 36 months,27.27,E,E5,< 1 year,MORTGAGE,65000.0,Not Verified,debt_consolidation,FL,30.45,1.0,680.0,684.0,1.0,61.0,21.0,Individual,6,High Risk,Manual Review
140814727,20000.0, 60 months,26.31,E,E4,,MORTGAGE,5000.0,Not Verified,credit_card,TX,243.51,0.0,685.0,689.0,0.0,59.5,26.0,Joint App,5,High Risk,Manual Review
140834156,22000.0, 60 months,26.31,E,E4,5 years,OWN,60000.0,Source Verified,debt_consolidation,CO,35.72,0.0,670.0,674.0,0.0,74.6,34.0,Individual,5,High Risk,Manual Review
140004503,22000.0, 60 months,29.69,F,F2,8 years,RENT,45619.0,Source Verified,debt_consolidation,OH,36.62,0.0,675.0,679.0,0.0,77.5,14.0,Joint App,5,High Risk,Manual Review
140837619,35000.0, 60 months,24.37,E,E2,10+ years,MORTGAGE,100000.0,Not Verified,debt_consolidation,SC,33.4,0.0,695.0,699.0,0.0,78.0,49.0,Individual,5,High Risk,Manual Review
140562239,18000.0, 36 months,22.35,D,D5,10+ years,OWN,40000.0,Source Verified,debt_consolidation,WI,37.32,1.0,660.0,664.0,1.0,88.7,26.0,Joint App,5,High Risk,Manual Review
140809268,34275.0, 60 months,30.79,G,G1,10+ years,MORTGAGE,49000.0,Source Verified,credit_card,FL,38.01,1.0,660.0,664.0,1.0,71.6,29.0,Joint App,6,High Risk,Manual Review
139837608,3500.0, 36 months,27.27,E,E5,10+ years,RENT,25000.0,Source Verified,debt_consolidation,PA,81.9,0.0,700.0,704.0,2.0,19.3,45.0,Joint App,5,High Risk,Manual Review
140743576,35000.0, 60 months,30.65,F,F4,,OWN,4800.0,Source Verified,debt_consolidation,OH,258.75,0.0,690.0,694.0,0.0,70.9,16.0,Joint App,5,High Risk,Manual Review
140569577,16000.0, 60 months,28.72,F,F1,,MORTGAGE,10000.0,Not Verified,credit_card,OK,83.55,0.0,670.0,674.0,0.0,68.2,51.0,Joint App,5,High Risk,Manual Review
140708278,24050.0, 60 months,29.69,F,F2,10+ years,MORTGAGE,90000.0,Source Verified,debt_consolidation,OH,30.69,0.0,680.0,684.0,1.0,48.4,23.0,Individual,5,High Risk,Manual Review
140760431,24000.0, 60 months,25.34,E,E3,6 years,RENT,55000.0,Not Verified,debt_consolidation,MN,31.64,0.0,675.0,679.0,1.0,55.7,26.0,Individual,5,High Risk,Manual Review
140810190,28000.0, 60 months,16.91,C,C5,7 years,MORTGAGE,140000.0,Not Verified,debt_consolidation,VT,33.64,4.0,695.0,699.0,1.0,91.9,24.0,Individual,5,High Risk,Manual Review
139967055,11000.0, 36 months,24.37,E,E2,1 year,MORTGAGE,61000.0,Verified,credit_card,LA,37.26,0.0,665.0,669.0,0.0,85.0,12.0,Individual,6,High Risk,Manual Review
140566177,10800.0, 60 months,26.31,E,E4,1 year,OWN,60000.0,Source Verified,debt_consolidation,WA,31.48,0.0,765.0,769.0,2.0,21.9,35.0,Individual,5,High Risk,Manual Review
139850156,12000.0, 60 months,30.17,F,F3,,RENT,18000.0,Not Verified,car,KY,39.73,0.0,700.0,704.0,0.0,98.9,3.0,Joint App,6,High Risk,Manual Review
140800128,16000.0, 36 months,27.27,E,E5,,RENT,47000.0,Not Verified,debt_consolidation,FL,37.95,0.0,715.0,719.0,0.0,96.7,19.0,Individual,6,High Risk,Manual Review
140343445,28100.0, 60 months,28.72,F,F1,4 years,MORTGAGE,54000.0,Verified,debt_consolidation,WA,40.53,0.0,685.0,689.0,0.0,40.4,25.0,Joint App,5,High Risk,Manual Review
140754998,10700.0, 36 months,23.4,E,E1,5 years,MORTGAGE,53000.0,Verified,debt_consolidation,MS,37.64,0.0,685.0,689.0,0.0,40.1,80.0,Individual,5,High Risk,Manual Review
140796895,30000.0, 60 months,25.34,E,E3,10+ years,MORTGAGE,119600.0,Not Verified,debt_consolidation,MD,38.39,0.0,665.0,669.0,0.0,75.1,35.0,Individual,5,High Risk,Manual Review
140687138,20000.0, 60 months,27.27,E,E5,1 year,MORTGAGE,53000.0,Verified,debt_consolidation,AZ,31.14,0.0,755.0,759.0,2.0,12.4,29.0,Individual,5,High Risk,Manual Review
140766300,20000.0, 60 months,23.4,E,E1,1 year,OWN,65000.0,Verified,debt_consolidation,OH,36.71,0.0,705.0,709.0,1.0,42.5,43.0,Individual,5,High Risk,Manual Review
140466557,24000.0, 36 months,23.4,E,E1,,MORTGAGE,10000.0,Verified,debt_consolidation,NV,195.2,0.0,740.0,744.0,0.0,98.4,12.0,Joint App,6,High Risk,Manual Review
138493067,1200.0, 36 months,26.31,E,E4,10+ years,RENT,42000.0,Source Verified,other,LA,39.74,1.0,700.0,704.0,0.0,44.2,19.0,Individual,6,High Risk,Manual Review
140610879,25000.0, 60 months,26.31,E,E4,10+ years,MORTGAGE,210000.0,Source Verified,debt_consolidation,TX,35.43,0.0,730.0,734.0,1.0,37.2,81.0,Joint App,5,High Risk,Manual Review
140609148,24575.0, 60 months,24.37,E,E2,10+ years,RENT,54620.0,Verified,debt_consolidation,NC,39.55,0.0,755.0,759.0,0.0,39.0,14.0,Individual,5,High Risk,Manual Review
140543365,10000.0, 60 months,25.34,E,E3,10+ years,RENT,57000.0,Not Verified,debt_consolidation,NY,48.88,0.0,695.0,699.0,0.0,93.4,23.0,Joint App,6,High Risk,Manual Review
140740109,26975.0, 60 months,27.27,E,E5,10+ years,RENT,47580.0,Source Verified,other,NY,30.49,0.0,735.0,739.0,0.0,83.4,13.0,Individual,6,High Risk,Manual Review
140576146,19000.0, 60 months,24.37,E,E2,4 years,RENT,63000.0,Verified,debt_consolidation,NJ,33.87,0.0,700.0,704.0,1.0,66.8,31.0,Individual,5,High Risk,Manual Review
140762890,25000.0, 60 months,25.34,E,E3,2 years,MORTGAGE,90000.0,Verified,home_improvement,NJ,10.72,1.0,675.0,679.0,0.0,94.2,27.0,Individual,5,High Risk,Manual Review
140638650,25000.0, 60 months,30.17,F,F3,,MORTGAGE,69000.0,Verified,credit_card,TX,32.19,0.0,690.0,694.0,0.0,52.3,20.0,Individual,5,High Risk,Manual Review
140152999,20000.0, 60 months,26.31,E,E4,6 years,OWN,75000.0,Verified,major_purchase,TX,34.14,0.0,715.0,719.0,0.0,32.8,16.0,Individual,5,High Risk,Manual Review
140756038,20000.0, 60 months,27.27,E,E5,< 1 year,MORTGAGE,41294.73,Not Verified,credit_card,MI,36.47,1.0,680.0,684.0,2.0,48.0,26.0,Joint App,6,High Risk,Manual Review
140638143,25000.0, 36 months,25.34,E,E3,10+ years,MORTGAGE,85000.0,Verified,debt_consolidation,NJ,37.52,1.0,675.0,679.0,1.0,72.1,40.0,Individual,6,High Risk,Manual Review
140371812,18000.0, 60 months,23.4,E,E1,< 1 year,RENT,35000.0,Verified,debt_consolidation,NC,33.54,0.0,670.0,674.0,0.0,40.3,20.0,Individual,5,High Risk,Manual Review
140679702,20000.0, 60 months,24.37,E,E2,,MORTGAGE,48000.0,Verified,credit_card,MI,32.53,0.0,665.0,669.0,0.0,66.1,22.0,Individual,5,High Risk,Manual Review
140668047,16000.0, 60 months,16.91,C,C5,10+ years,MORTGAGE,108000.0,Verified,debt_consolidation,MN,32.52,1.0,680.0,684.0,1.0,99.0,33.0,Individual,5,High Risk,Manual Review
139436921,7500.0, 36 months,23.4,E,E1,10+ years,RENT,33000.0,Verified,debt_consolidation,CA,30.15,0.0,690.0,694.0,1.0,40.1,16.0,Individual,5,High Risk,Manual Review
140735709,12000.0, 60 months,26.31,E,E4,,MORTGAGE,37500.0,Not Verified,credit_card,CO,32.67,0.0,700.0,704.0,2.0,37.0,23.0,Individual,5,High Risk,Manual Review
140730552,30000.0, 60 months,25.34,E,E3,8 years,MORTGAGE,113000.0,Verified,debt_consolidation,CA,5.02,1.0,660.0,664.0,0.0,84.3,18.0,Individual,5,High Risk,Manual Review
140678024,25000.0, 60 months,29.69,F,F2,10+ years,MORTGAGE,80000.0,Verified,debt_consolidation,OK,30.65,0.0,685.0,689.0,0.0,59.4,31.0,Individual,5,High Risk,Manual Review
140667041,6700.0, 36 months,24.37,E,E2,7 years,MORTGAGE,58000.0,Source Verified,debt_consolidation,PA,34.95,0.0,665.0,669.0,1.0,16.8,26.0,Individual,5,High Risk,Manual Review
140233283,27200.0, 60 months,28.72,F,F1,,MORTGAGE,95000.0,Verified,debt_consolidation,IL,31.8,0.0,710.0,714.0,0.0,57.0,21.0,Individual,5,High Risk,Manual Review
140065726,10000.0, 36 months,23.4,E,E1,10+ years,MORTGAGE,28000.0,Verified,debt_consolidation,WI,40.68,0.0,675.0,679.0,1.0,72.0,19.0,Joint App,5,High Risk,Manual Review
140100995,14500.0, 60 months,26.31,E,E4,3 years,OWN,49000.0,Verified,credit_card,MI,38.31,0.0,710.0,714.0,1.0,20.8,40.0,Individual,5,High Risk,Manual Review
139650167,30000.0, 60 months,26.31,E,E4,< 1 year,MORTGAGE,130000.0,Verified,debt_consolidation,NH,37.5,2.0,670.0,674.0,0.0,62.6,32.0,Individual,6,High Risk,Manual Review
140646460,30000.0, 60 months,24.37,E,E2,10+ years,MORTGAGE,84000.0,Verified,debt_consolidation,TX,37.41,0.0,705.0,709.0,0.0,66.8,25.0,Individual,5,High Risk,Manual Review
140631922,14000.0, 60 months,26.31,E,E4,,RENT,27000.0,Verified,debt_consolidation,NY,33.96,0.0,680.0,684.0,0.0,57.0,12.0,Individual,5,High Risk,Manual Review
140726321,10500.0, 60 months,26.31,E,E4,10+ years,MORTGAGE,81000.0,Source Verified,medical,TX,38.98,0.0,670.0,674.0,0.0,52.6,38.0,Individual,5,High Risk,Manual Review
140377201,25000.0, 36 months,26.31,E,E4,9 years,MORTGAGE,50000.0,Not Verified,debt_consolidation,TX,36.89,0.0,705.0,709.0,0.0,44.3,16.0,Individual,5,High Risk,Manual Review
140577509,5600.0, 36 months,23.4,E,E1,1 year,RENT,35000.0,Verified,credit_card,CT,30.97,0.0,660.0,664.0,1.0,93.0,15.0,Individual,6,High Risk,Manual Review
140671785,24000.0, 60 months,18.94,D,D2,3 years,RENT,108000.0,Verified,credit_card,TX,34.72,3.0,665.0,669.0,2.0,97.2,57.0,Individual,5,High Risk,Manual Review
139410886,21400.0, 36 months,25.34,E,E3,< 1 year,RENT,55000.0,Not Verified,debt_consolidation,NY,30.85,0.0,680.0,684.0,0.0,47.3,17.0,Individual,5,High Risk,Manual Review
140742122,10000.0, 60 months,28.72,F,F1,3 years,MORTGAGE,40000.0,Not Verified,home_improvement,FL,33.06,0.0,660.0,664.0,1.0,64.8,24.0,Joint App,5,High Risk,Manual Review
140703269,2100.0, 36 months,25.34,E,E3,3 years,MORTGAGE,70000.0,Not Verified,house,TX,34.65,0.0,660.0,664.0,1.0,4.0,14.0,Individual,5,High Risk,Manual Review
138950136,16000.0, 60 months,27.27,E,E5,10+ years,MORTGAGE,115000.0,Not Verified,credit_card,MA,38.85,0.0,690.0,694.0,0.0,74.8,31.0,Individual,5,High Risk,Manual Review
140708980,8800.0, 36 months,23.4,E,E1,10+ years,MORTGAGE,65000.0,Not Verified,car,MI,30.8,0.0,690.0,694.0,1.0,80.4,29.0,Joint App,6,High Risk,Manual Review
138528340,20525.0, 60 months,25.34,E,E3,9 years,MORTGAGE,78000.0,Source Verified,debt_consolidation,NV,34.94,0.0,715.0,719.0,1.0,61.4,27.0,Joint App,5,High Risk,Manual Review
140638821,15000.0, 60 months,27.27,E,E5,7 years,RENT,65000.0,Not Verified,credit_card,CA,33.55,0.0,715.0,719.0,0.0,32.4,40.0,Individual,5,High Risk,Manual Review
140563579,4000.0, 36 months,25.34,E,E3,10+ years,OWN,60000.0,Source Verified,major_purchase,IL,18.9,1.0,710.0,714.0,0.0,88.0,13.0,Individual,5,High Risk,Manual Review
140034115,5000.0, 36 months,24.37,E,E2,10+ years,MORTGAGE,161400.0,Verified,debt_consolidation,IL,0.57,1.0,705.0,709.0,0.0,99.8,12.0,Individual,5,High Risk,Manual Review
140245024,20000.0, 60 months,25.34,E,E3,6 years,MORTGAGE,68000.0,Not Verified,debt_consolidation,WA,35.25,1.0,680.0,684.0,0.0,75.6,21.0,Joint App,6,High Risk,Manual Review
140250022,17825.0, 60 months,27.27,E,E5,3 years,MORTGAGE,42952.0,Not Verified,credit_card,CT,38.99,0.0,685.0,689.0,0.0,34.7,21.0,Individual,5,High Risk,Manual Review
140229899,16000.0, 60 months,15.02,C,C3,10+ years,MORTGAGE,55000.0,Not Verified,debt_consolidation,AL,38.03,2.0,690.0,694.0,0.0,94.1,20.0,Joint App,5,High Risk,Manual Review
139726956,11000.0, 60 months,24.37,E,E2,10+ years,RENT,64000.0,Verified,debt_consolidation,CA,30.96,0.0,660.0,664.0,0.0,86.3,21.0,Individual,6,High Risk,Manual Review
140571299,10000.0, 36 months,23.4,E,E1,3 years,RENT,40000.0,Not Verified,debt_consolidation,VA,35.61,0.0,710.0,714.0,0.0,63.9,26.0,Joint App,5,High Risk,Manual Review
139694634,13650.0, 36 months,26.31,E,E4,10+ years,OWN,24000.0,Not Verified,home_improvement,FL,57.6,0.0,715.0,719.0,0.0,61.6,9.0,Joint App,5,High Risk,Manual Review
140688144,3025.0, 36 months,24.37,E,E2,10+ years,MORTGAGE,97000.0,Not Verified,other,GA,35.36,2.0,710.0,714.0,0.0,20.7,32.0,Joint App,6,High Risk,Manual Review
140678594,20650.0, 60 months,28.72,F,F1,,ANY,36000.0,Source Verified,debt_consolidation,MA,31.33,0.0,705.0,709.0,1.0,30.1,18.0,Individual,5,High Risk,Manual Review
140380546,7500.0, 36 months,27.27,E,E5,10+ years,OWN,47100.0,Verified,other,NJ,32.38,0.0,695.0,699.0,0.0,43.2,10.0,Individual,5,High Risk,Manual Review
140409836,10000.0, 60 months,26.31,E,E4,,MORTGAGE,62000.0,Source Verified,debt_consolidation,ME,16.03,1.0,665.0,669.0,2.0,90.7,28.0,Individual,5,High Risk,Manual Review
140559239,20000.0, 60 months,28.72,F,F1,< 1 year,MORTGAGE,130000.0,Verified,debt_consolidation,CA,31.91,0.0,705.0,709.0,0.0,83.6,26.0,Individual,6,High Risk,Manual Review
140638409,10725.0, 36 months,26.31,E,E4,,MORTGAGE,14700.0,Not Verified,debt_consolidation,MI,32.82,0.0,670.0,674.0,0.0,33.8,21.0,Individual,5,High Risk,Manual Review
140596773,12000.0, 36 months,25.34,E,E3,10+ years,RENT,85000.0,Source Verified,debt_consolidation,CA,25.05,3.0,670.0,674.0,4.0,81.0,19.0,Individual,5,High Risk,Manual Review
139872294,3700.0, 36 months,24.37,E,E2,10+ years,RENT,69753.0,Source Verified,credit_card,OR,14.9,3.0,660.0,664.0,0.0,85.2,21.0,Individual,5,High Risk,Manual Review
140425686,30000.0, 60 months,27.27,E,E5,5 years,MORTGAGE,97575.0,Not Verified,debt_consolidation,CO,32.35,0.0,660.0,664.0,1.0,62.4,38.0,Individual,5,High Risk,Manual Review
140659072,8300.0, 36 months,26.31,E,E4,1 year,RENT,60000.0,Source Verified,debt_consolidation,NY,33.32,0.0,675.0,679.0,1.0,59.4,11.0,Individual,5,High Risk,Manual Review
140667619,33225.0, 60 months,27.27,E,E5,5 years,MORTGAGE,74000.0,Source Verified,debt_consolidation,FL,42.51,0.0,690.0,694.0,0.0,64.4,22.0,Joint App,5,High Risk,Manual Review
140341270,8400.0, 36 months,16.14,C,C4,5 years,MORTGAGE,94000.0,Not Verified,debt_consolidation,MN,44.1,1.0,670.0,674.0,0.0,99.9,25.0,Joint App,5,High Risk,Manual Review
140674370,12000.0, 60 months,27.27,E,E5,2 years,RENT,35000.0,Not Verified,debt_consolidation,CA,32.48,0.0,695.0,699.0,0.0,76.4,12.0,Individual,5,High Risk,Manual Review
140673134,12000.0, 36 months,23.4,E,E1,7 years,OWN,49000.0,Verified,debt_consolidation,GA,35.51,1.0,665.0,669.0,0.0,67.3,20.0,Individual,6,High Risk,Manual Review
139602714,12000.0, 60 months,27.27,E,E5,10+ years,MORTGAGE,40000.0,Verified,debt_consolidation,FL,44.46,0.0,660.0,664.0,1.0,31.5,20.0,Joint App,5,High Risk,Manual Review
140650418,30000.0, 36 months,22.35,D,D5,10+ years,RENT,71000.0,Verified,debt_consolidation,KS,33.19,1.0,665.0,669.0,0.0,88.3,21.0,Individual,5,High Risk,Manual Review
140609813,15000.0, 60 months,26.31,E,E4,3 years,MORTGAGE,85000.0,Not Verified,home_improvement,NC,33.79,0.0,720.0,724.0,0.0,73.9,14.0,Individual,5,High Risk,Manual Review
140377971,20000.0, 60 months,27.27,E,E5,,OWN,15600.0,Source Verified,debt_consolidation,LA,52.31,0.0,660.0,664.0,0.0,34.4,10.0,Joint App,5,High Risk,Manual Review
140566873,10000.0, 60 months,27.27,E,E5,,OWN,105000.0,Not Verified,debt_consolidation,ID,31.78,0.0,705.0,709.0,0.0,70.9,42.0,Individual,5,High Risk,Manual Review
140106764,2000.0, 36 months,16.91,C,C5,10+ years,MORTGAGE,58000.0,Verified,other,TX,30.79,1.0,675.0,679.0,1.0,90.5,24.0,Joint App,5,High Risk,Manual Review
139335419,18975.0, 60 months,27.27,E,E5,,MORTGAGE,30000.0,Verified,debt_consolidation,IN,33.92,3.0,700.0,704.0,0.0,46.2,33.0,Joint App,6,High Risk,Manual Review
139996934,12500.0, 60 months,23.4,E,E1,10+ years,OWN,72800.0,Source Verified,credit_card,AR,14.18,1.0,680.0,684.0,0.0,84.1,47.0,Individual,5,High Risk,Manual Review
140567066,10000.0, 60 months,24.37,E,E2,4 years,OWN,30000.0,Not Verified,debt_consolidation,MO,31.36,0.0,675.0,679.0,0.0,52.0,14.0,Individual,5,High Risk,Manual Review
140013017,28000.0, 60 months,30.79,G,G1,4 years,MORTGAGE,15000.0,Verified,other,AR,87.52,0.0,705.0,709.0,0.0,37.7,12.0,Joint App,5,High Risk,Manual Review
139309622,11175.0, 60 months,30.79,G,G1,10+ years,MORTGAGE,125000.0,Source Verified,home_improvement,NY,30.33,1.0,710.0,714.0,0.0,65.3,48.0,Individual,6,High Risk,Manual Review
140346689,25000.0, 60 months,25.34,E,E3,10+ years,RENT,46944.0,Verified,debt_consolidation,OR,33.74,0.0,685.0,689.0,0.0,66.2,26.0,Individual,5,High Risk,Manual Review
140486620,19200.0, 36 months,30.79,G,G1,1 year,RENT,66000.0,Source Verified,other,VA,38.42,0.0,740.0,744.0,2.0,41.0,24.0,Individual,5,High Risk,Manual Review
140429180,12600.0, 36 months,16.91,C,C5,6 years,RENT,45000.0,Source Verified,credit_card,NV,35.57,1.0,675.0,679.0,0.0,80.4,27.0,Individual,5,High Risk,Manual Review
140461990,26500.0, 60 months,26.31,E,E4,2 years,MORTGAGE,90000.0,Source Verified,debt_consolidation,NY,33.61,0.0,715.0,719.0,1.0,29.2,24.0,Individual,5,High Risk,Manual Review
140491919,24000.0, 60 months,24.37,E,E2,3 years,RENT,75000.0,Verified,debt_consolidation,MO,31.04,0.0,705.0,709.0,0.0,68.0,26.0,Individual,5,High Risk,Manual Review
139701019,15000.0, 60 months,29.69,F,F2,,MORTGAGE,20000.0,Verified,debt_consolidation,FL,43.7,0.0,665.0,669.0,0.0,73.5,15.0,Joint App,5,High Risk,Manual Review
140427674,35000.0, 60 months,23.4,E,E1,7 years,MORTGAGE,137000.0,Verified,debt_consolidation,TX,30.97,2.0,665.0,669.0,2.0,76.0,25.0,Individual,6,High Risk,Manual Review
140612580,20000.0, 60 months,28.72,F,F1,10+ years,MORTGAGE,100000.0,Verified,debt_consolidation,WA,44.68,0.0,720.0,724.0,1.0,30.9,35.0,Joint App,5,High Risk,Manual Review
140462568,30000.0, 36 months,18.94,D,D2,10+ years,MORTGAGE,110000.0,Verified,debt_consolidation,NJ,38.67,1.0,680.0,684.0,0.0,89.9,28.0,Individual,5,High Risk,Manual Review
140323966,21400.0, 60 months,29.69,F,F2,,RENT,80000.0,Verified,debt_consolidation,NY,18.96,2.0,660.0,664.0,0.0,84.9,18.0,Individual,5,High Risk,Manual Review
140616426,20000.0, 60 months,25.34,E,E3,10+ years,MORTGAGE,60000.0,Not Verified,debt_consolidation,OH,33.26,0.0,680.0,684.0,0.0,50.4,20.0,Individual,5,High Risk,Manual Review
140617815,10000.0, 60 months,27.27,E,E5,10+ years,MORTGAGE,72800.0,Not Verified,medical,NY,30.71,0.0,700.0,704.0,1.0,63.5,23.0,Individual,5,High Risk,Manual Review
140614990,23575.0, 60 months,27.27,E,E5,10+ years,RENT,116062.92,Verified,credit_card,RI,31.48,0.0,700.0,704.0,0.0,70.0,28.0,Individual,5,High Risk,Manual Review
140422845,3500.0, 36 months,16.14,C,C4,2 years,OWN,72000.0,Source Verified,home_improvement,AL,38.68,2.0,660.0,664.0,0.0,85.0,29.0,Joint App,5,High Risk,Manual Review
140327481,13000.0, 60 months,29.69,F,F2,10+ years,RENT,42000.0,Verified,debt_consolidation,FL,37.71,0.0,790.0,794.0,1.0,7.0,18.0,Individual,5,High Risk,Manual Review
140478139,20000.0, 36 months,19.92,D,D3,4 years,OWN,54000.0,Source Verified,debt_consolidation,FL,30.13,1.0,670.0,674.0,0.0,81.9,16.0,Individual,5,High Risk,Manual Review
140346673,21175.0, 60 months,28.72,F,F1,9 years,OWN,130000.0,Source Verified,debt_consolidation,MD,31.48,0.0,675.0,679.0,1.0,65.0,33.0,Individual,5,High Risk,Manual Review
140370991,35950.0, 36 months,16.91,C,C5,10+ years,OWN,60000.0,Source Verified,debt_consolidation,CA,57.3,1.0,685.0,689.0,0.0,95.9,18.0,Joint App,5,High Risk,Manual Review
140620742,20000.0, 60 months,24.37,E,E2,10+ years,MORTGAGE,59000.0,Verified,debt_consolidation,TX,59.72,0.0,690.0,694.0,0.0,47.6,52.0,Joint App,5,High Risk,Manual Review
140631333,5000.0, 36 months,23.4,E,E1,10+ years,MORTGAGE,51000.0,Not Verified,debt_consolidation,GA,19.08,1.0,660.0,664.0,0.0,86.9,7.0,Joint App,5,High Risk,Manual Review
139969103,32000.0, 36 months,16.91,C,C5,1 year,MORTGAGE,135000.0,Verified,debt_consolidation,OH,30.41,1.0,665.0,669.0,0.0,83.6,46.0,Individual,5,High Risk,Manual Review
140598650,10000.0, 60 months,26.31,E,E4,,OWN,25000.0,Not Verified,debt_consolidation,NJ,37.01,0.0,710.0,714.0,0.0,39.1,9.0,Individual,5,High Risk,Manual Review
139970161,30000.0, 60 months,28.72,F,F1,10+ years,RENT,51000.0,Verified,debt_consolidation,AZ,30.28,0.0,685.0,689.0,0.0,55.3,12.0,Individual,5,High Risk,Manual Review
139976109,29000.0, 60 months,30.17,F,F3,< 1 year,MORTGAGE,70000.0,Source Verified,credit_card,FL,34.8,0.0,670.0,674.0,2.0,40.7,56.0,Individual,5,High Risk,Manual Review
139040269,12900.0, 36 months,19.92,D,D3,< 1 year,MORTGAGE,30000.0,Verified,debt_consolidation,NJ,84.04,1.0,690.0,694.0,0.0,82.9,20.0,Joint App,5,High Risk,Manual Review
140620177,16800.0, 36 months,24.37,E,E2,5 years,MORTGAGE,65000.0,Source Verified,debt_consolidation,TX,32.13,0.0,670.0,674.0,0.0,94.4,26.0,Joint App,6,High Risk,Manual Review
139961003,16425.0, 60 months,26.31,E,E4,< 1 year,RENT,32000.0,Verified,debt_consolidation,AL,35.93,0.0,755.0,759.0,2.0,17.0,19.0,Individual,5,High Risk,Manual Review
140287428,12600.0, 60 months,26.31,E,E4,5 years,MORTGAGE,50000.0,Source Verified,debt_consolidation,WA,44.29,0.0,660.0,664.0,0.0,91.7,18.0,Joint App,6,High Risk,Manual Review
140412156,14400.0, 60 months,27.27,E,E5,7 years,RENT,36000.0,Not Verified,debt_consolidation,TX,36.0,0.0,665.0,669.0,1.0,50.0,16.0,Individual,5,High Risk,Manual Review
140329104,35000.0, 36 months,30.65,F,F4,10+ years,MORTGAGE,40000.0,Not Verified,debt_consolidation,IL,39.84,0.0,685.0,689.0,1.0,79.1,10.0,Joint App,5,High Risk,Manual Review
140575023,20000.0, 60 months,28.72,F,F1,,MORTGAGE,90000.0,Not Verified,home_improvement,AL,31.93,0.0,705.0,709.0,3.0,27.8,35.0,Individual,5,High Risk,Manual Review
140407997,4000.0, 36 months,24.37,E,E2,10+ years,RENT,108000.0,Not Verified,credit_card,PA,23.94,1.0,660.0,664.0,0.0,90.7,26.0,Individual,5,High Risk,Manual Review
140410031,30000.0, 60 months,30.79,G,G1,4 years,MORTGAGE,56000.0,Verified,home_improvement,GA,31.03,0.0,675.0,679.0,1.0,87.9,14.0,Joint App,6,High Risk,Manual Review
140117642,8800.0, 36 months,25.34,E,E3,4 years,MORTGAGE,28750.0,Not Verified,debt_consolidation,NJ,23.67,4.0,660.0,664.0,0.0,99.1,29.0,Joint App,5,High Risk,Manual Review
140252998,8750.0, 36 months,24.37,E,E2,7 years,RENT,25000.0,Verified,debt_consolidation,UT,30.87,0.0,685.0,689.0,1.0,88.0,18.0,Individual,6,High Risk,Manual Review
140214711,18450.0, 60 months,26.31,E,E4,< 1 year,RENT,83500.0,Source Verified,debt_consolidation,NH,30.76,0.0,705.0,709.0,0.0,43.5,19.0,Individual,5,High Risk,Manual Review
140462188,27600.0, 36 months,23.4,E,E1,5 years,RENT,30000.0,Not Verified,debt_consolidation,GA,44.76,1.0,690.0,694.0,1.0,28.7,16.0,Joint App,6,High Risk,Manual Review
140280130,10000.0, 60 months,27.27,E,E5,7 years,OWN,4000.0,Verified,major_purchase,CA,201.5,0.0,685.0,689.0,1.0,59.8,8.0,Joint App,5,High Risk,Manual Review
140437117,18000.0, 60 months,16.91,C,C5,10+ years,MORTGAGE,72000.0,Verified,debt_consolidation,UT,31.85,2.0,675.0,679.0,0.0,88.0,27.0,Individual,5,High Risk,Manual Review
140447472,6675.0, 36 months,24.37,E,E2,3 years,RENT,70000.0,Source Verified,debt_consolidation,OR,35.65,1.0,675.0,679.0,1.0,74.6,45.0,Joint App,6,High Risk,Manual Review
140353271,35000.0, 60 months,26.31,E,E4,2 years,MORTGAGE,65000.0,Verified,debt_consolidation,GA,55.11,0.0,690.0,694.0,0.0,98.1,40.0,Joint App,6,High Risk,Manual Review
140236698,25000.0, 60 months,24.37,E,E2,10+ years,MORTGAGE,75000.0,Verified,debt_consolidation,WI,32.45,1.0,700.0,704.0,0.0,80.0,23.0,Individual,6,High Risk,Manual Review
140000516,15200.0, 60 months,25.34,E,E3,3 years,OWN,33000.0,Verified,credit_card,FL,38.33,0.0,720.0,724.0,0.0,94.1,10.0,Individual,6,High Risk,Manual Review
139833555,20000.0, 60 months,27.27,E,E5,10+ years,RENT,42000.0,Verified,debt_consolidation,OH,39.86,0.0,680.0,684.0,0.0,54.7,20.0,Individual,5,High Risk,Manual Review
140414499,28000.0, 60 months,25.34,E,E3,3 years,RENT,101000.0,Verified,debt_consolidation,CO,36.01,0.0,675.0,679.0,0.0,45.1,39.0,Individual,5,High Risk,Manual Review
140291618,10000.0, 60 months,30.17,F,F3,3 years,RENT,51470.0,Source Verified,credit_card,CA,34.74,0.0,710.0,714.0,0.0,86.2,12.0,Individual,6,High Risk,Manual Review
139930332,12000.0, 60 months,29.69,F,F2,5 years,RENT,55000.0,Source Verified,home_improvement,CT,38.01,0.0,670.0,674.0,1.0,69.4,26.0,Individual,5,High Risk,Manual Review
140380151,1600.0, 36 months,23.4,E,E1,3 years,MORTGAGE,100000.0,Verified,debt_consolidation,ND,31.37,0.0,660.0,664.0,0.0,94.2,17.0,Individual,6,High Risk,Manual Review
139147054,7000.0, 36 months,16.91,C,C5,10+ years,RENT,31000.0,Verified,debt_consolidation,PA,38.56,1.0,660.0,664.0,0.0,84.2,19.0,Individual,5,High Risk,Manual Review
140352851,8000.0, 36 months,23.4,E,E1,6 years,RENT,70000.0,Verified,debt_consolidation,AL,37.99,0.0,675.0,679.0,0.0,47.1,23.0,Individual,5,High Risk,Manual Review
140557163,15000.0, 60 months,27.27,E,E5,10+ years,MORTGAGE,53000.0,Verified,debt_consolidation,FL,38.95,0.0,680.0,684.0,1.0,44.3,27.0,Individual,5,High Risk,Manual Review
138924313,12825.0, 60 months,30.79,G,G1,5 years,OWN,100000.0,Source Verified,debt_consolidation,KY,30.49,0.0,710.0,714.0,1.0,45.9,27.0,Individual,5,High Risk,Manual Review
140540886,29725.0, 60 months,26.31,E,E4,10+ years,RENT,66083.0,Not Verified,debt_consolidation,MO,36.41,2.0,670.0,674.0,1.0,59.0,34.0,Individual,6,High Risk,Manual Review
140218401,5450.0, 36 months,16.91,C,C5,10+ years,MORTGAGE,206000.0,Source Verified,debt_consolidation,NJ,32.31,1.0,685.0,689.0,0.0,93.4,32.0,Individual,5,High Risk,Manual Review
138620539,7000.0, 36 months,19.92,D,D3,,RENT,43000.0,Verified,debt_consolidation,TX,33.85,1.0,665.0,669.0,0.0,87.6,13.0,Individual,5,High Risk,Manual Review
140459860,23400.0, 36 months,27.27,E,E5,5 years,RENT,40372.0,Verified,debt_consolidation,TX,31.78,0.0,675.0,679.0,0.0,84.1,29.0,Individual,6,High Risk,Manual Review
140113785,35575.0, 60 months,26.31,E,E4,10+ years,MORTGAGE,72000.0,Not Verified,debt_consolidation,VA,47.6,0.0,725.0,729.0,0.0,52.2,22.0,Joint App,5,High Risk,Manual Review
140405971,12450.0, 60 months,24.37,E,E2,6 years,MORTGAGE,30000.0,Verified,debt_consolidation,IN,30.04,0.0,660.0,664.0,0.0,79.2,18.0,Individual,5,High Risk,Manual Review
140483244,21000.0, 60 months,28.72,F,F1,7 years,MORTGAGE,66560.0,Verified,debt_consolidation,OH,46.38,1.0,660.0,664.0,1.0,90.9,38.0,Joint App,7,High Risk,Manual Review
139660772,19400.0, 60 months,29.69,F,F2,3 years,RENT,67000.0,Not Verified,debt_consolidation,TX,36.58,0.0,660.0,664.0,1.0,62.6,33.0,Individual,5,High Risk,Manual Review
140460527,17500.0, 60 months,24.37,E,E2,8 years,RENT,65000.0,Verified,debt_consolidation,TX,39.01,0.0,690.0,694.0,0.0,70.3,36.0,Individual,5,High Risk,Manual Review
139347662,24100.0, 60 months,30.65,F,F4,10+ years,OWN,35000.0,Verified,debt_consolidation,DE,33.26,0.0,710.0,714.0,1.0,16.6,18.0,Joint App,5,High Risk,Manual Review
140113738,12000.0, 36 months,25.34,E,E3,5 years,MORTGAGE,97000.0,Verified,debt_consolidation,NC,35.83,0.0,675.0,679.0,1.0,46.6,36.0,Individual,5,High Risk,Manual Review
138995564,35000.0, 60 months,30.65,F,F4,10+ years,OWN,198000.0,Not Verified,debt_consolidation,VA,33.32,0.0,665.0,669.0,0.0,60.0,53.0,Individual,5,High Risk,Manual Review
140501980,16000.0, 60 months,27.27,E,E5,10+ years,MORTGAGE,87000.0,Verified,credit_card,NE,12.06,1.0,660.0,664.0,1.0,89.0,35.0,Individual,5,High Risk,Manual Review
140427869,18000.0, 60 months,26.31,E,E4,8 years,OWN,40000.0,Source Verified,debt_consolidation,PA,35.43,0.0,740.0,744.0,1.0,10.6,51.0,Individual,5,High Risk,Manual Review
140283198,30000.0, 60 months,26.31,E,E4,2 years,RENT,70000.0,Source Verified,debt_consolidation,MD,36.4,0.0,695.0,699.0,0.0,37.0,32.0,Joint App,5,High Risk,Manual Review
140368319,18800.0, 36 months,30.99,G,G5,< 1 year,RENT,60000.0,Not Verified,other,HI,35.3,0.0,665.0,669.0,0.0,78.7,15.0,Individual,5,High Risk,Manual Review
140424759,20000.0, 36 months,24.37,E,E2,,MORTGAGE,98000.0,Not Verified,debt_consolidation,GA,25.84,1.0,670.0,674.0,0.0,91.4,16.0,Individual,5,High Risk,Manual Review
139326854,7100.0, 36 months,24.37,E,E2,1 year,OWN,80000.0,Source Verified,debt_consolidation,CA,32.35,0.0,725.0,729.0,1.0,11.1,20.0,Individual,5,High Risk,Manual Review
140408020,30000.0, 60 months,26.31,E,E4,6 years,MORTGAGE,105000.0,Not Verified,debt_consolidation,CA,30.31,0.0,685.0,689.0,0.0,39.3,63.0,Individual,5,High Risk,Manual Review
139920706,24325.0, 36 months,24.37,E,E2,5 years,RENT,100000.0,Source Verified,debt_consolidation,VA,35.24,0.0,670.0,674.0,0.0,93.7,21.0,Individual,6,High Risk,Manual Review
140375731,18000.0, 60 months,25.34,E,E3,10+ years,MORTGAGE,52000.0,Verified,debt_consolidation,FL,48.07,0.0,695.0,699.0,1.0,53.7,15.0,Joint App,5,High Risk,Manual Review
140310055,30000.0, 60 months,29.69,F,F2,10+ years,MORTGAGE,60000.0,Verified,debt_consolidation,WV,32.42,0.0,695.0,699.0,1.0,49.7,32.0,Individual,5,High Risk,Manual Review
139657022,12000.0, 36 months,25.34,E,E3,< 1 year,RENT,40000.0,Not Verified,debt_consolidation,CA,37.98,2.0,660.0,664.0,2.0,56.7,33.0,Joint App,6,High Risk,Manual Review
140381723,10750.0, 60 months,27.27,E,E5,10+ years,MORTGAGE,41000.0,Verified,debt_consolidation,KY,35.33,0.0,705.0,709.0,0.0,64.9,13.0,Individual,5,High Risk,Manual Review
139380292,13000.0, 36 months,24.37,E,E2,1 year,OWN,35000.0,Source Verified,credit_card,CT,30.18,0.0,695.0,699.0,1.0,71.7,9.0,Individual,5,High Risk,Manual Review
140387616,16000.0, 60 months,27.27,E,E5,2 years,MORTGAGE,49000.0,Verified,debt_consolidation,MN,16.08,2.0,665.0,669.0,0.0,93.0,19.0,Individual,5,High Risk,Manual Review
140408671,32500.0, 60 months,30.79,G,G1,2 years,RENT,40000.0,Verified,debt_consolidation,NV,39.6,0.0,720.0,724.0,0.0,32.1,18.0,Joint App,5,High Risk,Manual Review
140402344,1500.0, 36 months,17.97,D,D1,< 1 year,MORTGAGE,30000.0,Source Verified,major_purchase,NH,38.15,1.0,670.0,674.0,0.0,82.7,19.0,Individual,5,High Risk,Manual Review
139890209,5000.0, 36 months,29.69,F,F2,10+ years,MORTGAGE,75000.0,Verified,vacation,KS,30.19,0.0,725.0,729.0,0.0,86.9,14.0,Individual,6,High Risk,Manual Review
140387138,13000.0, 60 months,26.31,E,E4,5 years,RENT,63000.0,Not Verified,debt_consolidation,CA,31.85,0.0,685.0,689.0,0.0,72.9,37.0,Individual,5,High Risk,Manual Review
140111599,7000.0, 36 months,24.37,E,E2,10+ years,MORTGAGE,45000.0,Verified,other,AL,51.47,0.0,700.0,704.0,0.0,74.9,23.0,Joint App,5,High Risk,Manual Review
140403590,20000.0, 36 months,16.14,C,C4,10+ years,MORTGAGE,85000.0,Not Verified,debt_consolidation,MO,32.15,1.0,685.0,689.0,0.0,84.7,32.0,Joint App,5,High Risk,Manual Review
140321289,20000.0, 60 months,27.27,E,E5,10+ years,MORTGAGE,43000.0,Not Verified,debt_consolidation,OR,42.81,0.0,665.0,669.0,0.0,53.6,32.0,Joint App,5,High Risk,Manual Review
140340385,5225.0, 36 months,25.34,E,E3,10+ years,OWN,55000.0,Verified,debt_consolidation,MS,35.94,1.0,695.0,699.0,0.0,40.3,12.0,Individual,6,High Risk,Manual Review
138443048,25500.0, 60 months,27.27,E,E5,,OWN,60000.0,Source Verified,debt_consolidation,MI,33.34,0.0,685.0,689.0,0.0,53.2,28.0,Individual,5,High Risk,Manual Review
140098073,24000.0, 60 months,27.27,E,E5,6 years,RENT,120000.0,Verified,small_business,CA,36.75,0.0,670.0,674.0,0.0,36.7,25.0,Individual,5,High Risk,Manual Review
140202505,20000.0, 60 months,25.34,E,E3,< 1 year,RENT,35000.0,Verified,debt_consolidation,NJ,35.19,0.0,700.0,704.0,0.0,48.8,14.0,Individual,5,High Risk,Manual Review
140220725,15000.0, 60 months,27.27,E,E5,7 years,RENT,30000.0,Verified,debt_consolidation,NY,42.84,0.0,705.0,709.0,0.0,30.2,13.0,Joint App,5,High Risk,Manual Review
140381113,36025.0, 60 months,29.69,F,F2,10+ years,MORTGAGE,68000.0,Not Verified,debt_consolidation,OH,52.56,0.0,710.0,714.0,0.0,52.1,62.0,Joint App,5,High Risk,Manual Review
140266751,19600.0, 60 months,27.27,E,E5,10+ years,MORTGAGE,98996.0,Verified,debt_consolidation,VA,38.13,0.0,675.0,679.0,0.0,71.1,43.0,Individual,5,High Risk,Manual Review
140106180,20000.0, 60 months,30.84,G,G2,4 years,MORTGAGE,100000.0,Not Verified,home_improvement,AZ,30.21,0.0,710.0,714.0,0.0,81.5,26.0,Individual,6,High Risk,Manual Review
140324107,15000.0, 60 months,28.72,F,F1,8 years,MORTGAGE,36000.0,Not Verified,debt_consolidation,PA,38.53,0.0,695.0,699.0,0.0,39.1,20.0,Joint App,5,High Risk,Manual Review
140344992,10000.0, 60 months,25.34,E,E3,10+ years,MORTGAGE,85000.0,Verified,debt_consolidation,OH,35.83,0.0,660.0,664.0,0.0,99.0,29.0,Individual,6,High Risk,Manual Review
140218484,20000.0, 36 months,30.75,F,F5,6 years,MORTGAGE,90000.0,Verified,debt_consolidation,FL,31.6,0.0,690.0,694.0,1.0,66.4,20.0,Individual,5,High Risk,Manual Review
140340412,6450.0, 36 months,26.31,E,E4,10+ years,MORTGAGE,33000.0,Verified,debt_consolidation,CA,32.33,0.0,705.0,709.0,0.0,56.9,15.0,Individual,5,High Risk,Manual Review
140345723,12175.0, 60 months,23.4,E,E1,10+ years,RENT,90000.0,Verified,debt_consolidation,RI,31.73,0.0,675.0,679.0,3.0,50.0,17.0,Individual,5,High Risk,Manual Review
139832341,18325.0, 60 months,30.84,G,G2,10+ years,MORTGAGE,67000.0,Verified,debt_consolidation,LA,38.69,1.0,670.0,674.0,0.0,89.2,20.0,Joint App,7,High Risk,Manual Review
140318500,25000.0, 60 months,29.69,F,F2,3 years,RENT,48000.0,Source Verified,debt_consolidation,IL,30.55,0.0,705.0,709.0,0.0,67.7,23.0,Individual,5,High Risk,Manual Review
140330058,24300.0, 60 months,30.99,G,G5,5 years,MORTGAGE,54000.0,Verified,debt_consolidation,TX,39.07,0.0,675.0,679.0,1.0,89.0,24.0,Individual,6,High Risk,Manual Review
140369422,3500.0, 36 months,26.31,E,E4,4 years,RENT,30000.0,Not Verified,major_purchase,CO,45.8,1.0,685.0,689.0,0.0,25.9,14.0,Joint App,6,High Risk,Manual Review
140346318,16000.0, 60 months,24.37,E,E2,10+ years,RENT,56000.0,Verified,credit_card,CA,30.54,1.0,685.0,689.0,0.0,52.0,13.0,Individual,6,High Risk,Manual Review
140063630,30000.0, 60 months,27.27,E,E5,3 years,MORTGAGE,50000.0,Verified,debt_consolidation,FL,65.72,0.0,680.0,684.0,0.0,68.5,29.0,Joint App,5,High Risk,Manual Review
140373128,2000.0, 36 months,25.34,E,E3,2 years,RENT,37000.0,Not Verified,debt_consolidation,NY,31.72,4.0,670.0,674.0,1.0,23.4,15.0,Individual,6,High Risk,Manual Review
140348887,19775.0, 60 months,23.4,E,E1,10+ years,RENT,59100.0,Verified,debt_consolidation,FL,38.46,0.0,710.0,714.0,0.0,90.0,15.0,Individual,6,High Risk,Manual Review
139056401,25000.0, 60 months,30.75,F,F5,2 years,MORTGAGE,72000.0,Verified,debt_consolidation,OH,35.07,0.0,710.0,714.0,2.0,81.8,26.0,Individual,6,High Risk,Manual Review
140203549,21275.0, 36 months,24.37,E,E2,,MORTGAGE,4600.0,Verified,home_improvement,IL,501.57,2.0,675.0,679.0,0.0,82.7,24.0,Joint App,7,High Risk,Manual Review
140346144,20000.0, 60 months,27.27,E,E5,,MORTGAGE,28800.0,Not Verified,debt_consolidation,CA,33.71,0.0,680.0,684.0,0.0,72.1,12.0,Individual,5,High Risk,Manual Review
139179931,35000.0, 60 months,23.4,E,E1,10+ years,MORTGAGE,89000.0,Verified,debt_consolidation,CT,31.8,0.0,670.0,674.0,1.0,84.2,20.0,Individual,6,High Risk,Manual Review
140322938,24000.0, 60 months,26.31,E,E4,4 years,MORTGAGE,38000.0,Not Verified,debt_consolidation,OH,33.2,0.0,675.0,679.0,0.0,44.2,19.0,Joint App,5,High Risk,Manual Review
138623503,20000.0, 60 months,25.34,E,E3,,OWN,60000.0,Source Verified,debt_consolidation,NH,30.34,1.0,675.0,679.0,0.0,87.0,12.0,Individual,7,High Risk,Manual Review
139717570,12000.0, 60 months,28.72,F,F1,,OWN,19000.0,Source Verified,debt_consolidation,KS,46.37,0.0,720.0,724.0,1.0,32.3,9.0,Joint App,5,High Risk,Manual Review
138892169,10000.0, 60 months,26.31,E,E4,10+ years,OWN,70000.0,Source Verified,debt_consolidation,WV,13.63,2.0,665.0,669.0,0.0,81.7,11.0,Individual,5,High Risk,Manual Review
140283603,15000.0, 60 months,30.75,F,F5,4 years,RENT,37230.0,Source Verified,debt_consolidation,CT,37.72,1.0,670.0,674.0,0.0,37.9,31.0,Individual,6,High Risk,Manual Review
140329166,22525.0, 36 months,23.4,E,E1,,RENT,38000.0,Not Verified,debt_consolidation,AR,31.02,0.0,710.0,714.0,0.0,39.1,17.0,Individual,5,High Risk,Manual Review
139698670,4725.0, 36 months,25.34,E,E3,3 years,MORTGAGE,25000.0,Verified,debt_consolidation,VA,31.4,2.0,675.0,679.0,1.0,79.5,11.0,Individual,6,High Risk,Manual Review
140225710,26600.0, 60 months,25.34,E,E3,3 years,MORTGAGE,86400.0,Source Verified,debt_consolidation,PA,37.74,0.0,660.0,664.0,0.0,65.8,29.0,Joint App,5,High Risk,Manual Review
138886778,12000.0, 60 months,27.27,E,E5,10+ years,RENT,20000.0,Not Verified,debt_consolidation,AZ,56.96,0.0,665.0,669.0,0.0,53.0,12.0,Joint App,5,High Risk,Manual Review
140156008,21600.0, 60 months,30.65,F,F4,10+ years,OWN,51000.0,Verified,credit_card,SC,30.35,0.0,675.0,679.0,2.0,62.4,33.0,Individual,5,High Risk,Manual Review
140239759,24000.0, 60 months,27.27,E,E5,10+ years,MORTGAGE,85500.0,Source Verified,debt_consolidation,TX,31.35,0.0,740.0,744.0,1.0,29.8,32.0,Individual,5,High Risk,Manual Review
140328675,9800.0, 36 months,23.4,E,E1,< 1 year,RENT,28000.0,Not Verified,debt_consolidation,OH,33.35,0.0,665.0,669.0,0.0,84.0,15.0,Individual,6,High Risk,Manual Review
140058518,25000.0, 60 months,27.27,E,E5,,OWN,62124.0,Verified,credit_card,OR,31.45,0.0,685.0,689.0,0.0,74.8,31.0,Individual,5,High Risk,Manual Review
139754709,4200.0, 36 months,24.37,E,E2,2 years,OWN,31000.0,Source Verified,medical,FL,30.35,0.0,685.0,689.0,0.0,40.0,15.0,Joint App,5,High Risk,Manual Review
140307440,20000.0, 36 months,23.4,E,E1,3 years,MORTGAGE,60000.0,Not Verified,credit_card,WV,34.46,1.0,680.0,684.0,0.0,34.2,28.0,Joint App,6,High Risk,Manual Review
139869185,19075.0, 36 months,23.4,E,E1,7 years,MORTGAGE,45000.0,Source Verified,debt_consolidation,IN,38.91,0.0,725.0,729.0,1.0,29.1,27.0,Individual,5,High Risk,Manual Review
139843777,18000.0, 60 months,25.34,E,E3,10+ years,RENT,60000.0,Not Verified,debt_consolidation,HI,38.96,0.0,695.0,699.0,0.0,66.8,23.0,Individual,5,High Risk,Manual Review
140252991,30000.0, 60 months,28.72,F,F1,2 years,OWN,42000.0,Not Verified,debt_consolidation,NM,42.03,0.0,715.0,719.0,0.0,9.8,10.0,Joint App,5,High Risk,Manual Review
140250835,20000.0, 36 months,23.4,E,E1,< 1 year,RENT,25000.0,Not Verified,debt_consolidation,OH,33.37,0.0,685.0,689.0,0.0,38.7,34.0,Joint App,5,High Risk,Manual Review
140290713,10550.0, 60 months,26.31,E,E4,5 years,RENT,6572.0,Not Verified,debt_consolidation,CA,53.02,0.0,675.0,679.0,0.0,54.0,8.0,Joint App,5,High Risk,Manual Review
140290418,12225.0, 36 months,27.27,E,E5,6 years,MORTGAGE,17000.0,Not Verified,debt_consolidation,AZ,60.66,0.0,695.0,699.0,0.0,56.9,8.0,Joint App,5,High Risk,Manual Review
140265941,17000.0, 60 months,24.37,E,E2,1 year,MORTGAGE,31000.0,Verified,credit_card,NY,56.6,0.0,670.0,674.0,1.0,36.3,49.0,Joint App,5,High Risk,Manual Review
140286161,12700.0, 36 months,24.37,E,E2,4 years,OWN,52500.0,Verified,debt_consolidation,TX,32.69,0.0,660.0,664.0,0.0,54.6,13.0,Individual,5,High Risk,Manual Review
140016279,2400.0, 36 months,26.31,E,E4,5 years,OWN,27700.0,Source Verified,other,TX,30.94,0.0,685.0,689.0,0.0,41.3,24.0,Individual,5,High Risk,Manual Review
140121625,1200.0, 36 months,23.4,E,E1,,RENT,20000.0,Verified,vacation,TX,30.19,0.0,680.0,684.0,0.0,8.2,35.0,Individual,5,High Risk,Manual Review
139286250,15000.0, 60 months,25.34,E,E3,< 1 year,MORTGAGE,18000.0,Not Verified,major_purchase,OK,101.27,3.0,675.0,679.0,1.0,71.4,18.0,Joint App,6,High Risk,Manual Review
139805066,12000.0, 60 months,27.27,E,E5,3 years,OWN,21300.0,Verified,debt_consolidation,MI,33.58,0.0,690.0,694.0,1.0,25.4,13.0,Individual,5,High Risk,Manual Review
140314150,10000.0, 60 months,30.65,F,F4,3 years,MORTGAGE,48000.0,Not Verified,credit_card,MT,37.28,0.0,700.0,704.0,1.0,41.3,21.0,Individual,5,High Risk,Manual Review
138657125,14550.0, 36 months,24.37,E,E2,10+ years,MORTGAGE,85000.0,Verified,other,AK,39.08,0.0,750.0,754.0,1.0,23.0,31.0,Individual,5,High Risk,Manual Review
139443798,25000.0, 60 months,30.75,F,F5,10+ years,RENT,80000.0,Verified,credit_card,NJ,37.84,1.0,680.0,684.0,1.0,39.4,40.0,Individual,6,High Risk,Manual Review
140239184,10000.0, 60 months,28.72,F,F1,,OWN,30000.0,Verified,debt_consolidation,NV,31.48,0.0,690.0,694.0,0.0,78.7,6.0,Individual,5,High Risk,Manual Review
140279608,14550.0, 36 months,24.37,E,E2,< 1 year,RENT,45600.0,Verified,debt_consolidation,IL,31.84,0.0,660.0,664.0,2.0,87.0,20.0,Individual,6,High Risk,Manual Review
139668121,16000.0, 60 months,25.34,E,E3,4 years,RENT,29610.0,Verified,debt_consolidation,NJ,37.9,0.0,690.0,694.0,1.0,29.7,19.0,Individual,5,High Risk,Manual Review
139633298,12000.0, 60 months,24.37,E,E2,10+ years,RENT,48000.0,Not Verified,credit_card,MA,37.58,0.0,685.0,689.0,1.0,67.1,23.0,Individual,5,High Risk,Manual Review
139342756,10925.0, 60 months,30.99,G,G5,8 years,OWN,45000.0,Source Verified,debt_consolidation,NJ,31.76,0.0,660.0,664.0,1.0,97.0,13.0,Individual,6,High Risk,Manual Review
139831567,20000.0, 60 months,26.31,E,E4,,RENT,38400.0,Not Verified,credit_card,CA,31.91,0.0,670.0,674.0,0.0,44.8,25.0,Individual,5,High Risk,Manual Review
139915546,32100.0, 60 months,17.97,D,D1,10+ years,MORTGAGE,60000.0,Not Verified,debt_consolidation,LA,39.88,1.0,680.0,684.0,0.0,90.8,13.0,Joint App,5,High Risk,Manual Review
140058186,20000.0, 60 months,30.75,F,F5,10+ years,OWN,76658.0,Verified,debt_consolidation,IL,33.52,3.0,685.0,689.0,0.0,79.3,37.0,Individual,6,High Risk,Manual Review
138914905,26400.0, 60 months,26.31,E,E4,3 years,MORTGAGE,39000.0,Verified,debt_consolidation,NC,55.94,0.0,675.0,679.0,0.0,79.5,20.0,Joint App,5,High Risk,Manual Review
140264427,4800.0, 36 months,24.37,E,E2,7 years,MORTGAGE,90000.0,Verified,debt_consolidation,GA,16.64,1.0,660.0,664.0,0.0,98.3,8.0,Individual,5,High Risk,Manual Review
139552517,12000.0, 60 months,30.65,F,F4,,MORTGAGE,43212.0,Verified,moving,IL,30.85,0.0,665.0,669.0,0.0,77.9,11.0,Joint App,5,High Risk,Manual Review
139350963,19225.0, 60 months,30.65,F,F4,10+ years,MORTGAGE,47000.0,Verified,debt_consolidation,PA,38.69,0.0,715.0,719.0,2.0,32.4,25.0,Joint App,5,High Risk,Manual Review
139662456,16000.0, 60 months,25.34,E,E3,3 years,MORTGAGE,110000.0,Verified,house,NC,39.93,2.0,700.0,704.0,1.0,53.8,28.0,Joint App,6,High Risk,Manual Review
138986373,30000.0, 60 months,25.34,E,E3,< 1 year,OWN,40000.0,Source Verified,credit_card,NY,32.36,0.0,710.0,714.0,1.0,86.4,13.0,Joint App,6,High Risk,Manual Review
140166140,25000.0, 60 months,27.27,E,E5,,MORTGAGE,17000.0,Verified,debt_consolidation,MS,63.7,0.0,690.0,694.0,0.0,78.9,20.0,Joint App,5,High Risk,Manual Review
140109689,25000.0, 60 months,15.02,C,C3,6 years,MORTGAGE,150000.0,Source Verified,debt_consolidation,WA,31.27,1.0,660.0,664.0,0.0,83.0,23.0,Individual,5,High Risk,Manual Review
140237275,27000.0, 60 months,24.37,E,E2,10+ years,RENT,60000.0,Not Verified,debt_consolidation,NE,38.48,0.0,685.0,689.0,0.0,25.0,52.0,Individual,5,High Risk,Manual Review
139486713,20000.0, 60 months,30.65,F,F4,10+ years,MORTGAGE,90000.0,Verified,home_improvement,WV,34.25,0.0,675.0,679.0,0.0,39.9,39.0,Individual,5,High Risk,Manual Review
139972988,14925.0, 60 months,27.27,E,E5,5 years,MORTGAGE,34000.0,Verified,debt_consolidation,TX,46.17,1.0,700.0,704.0,1.0,27.6,30.0,Joint App,6,High Risk,Manual Review
139031314,10800.0, 36 months,20.89,D,D4,10+ years,MORTGAGE,110000.0,Not Verified,home_improvement,IN,32.24,1.0,680.0,684.0,1.0,80.4,47.0,Joint App,5,High Risk,Manual Review
140110060,2500.0, 36 months,27.27,E,E5,4 years,MORTGAGE,75000.0,Verified,other,FL,18.02,1.0,680.0,684.0,3.0,85.4,21.0,Individual,5,High Risk,Manual Review
139837122,21150.0, 60 months,29.69,F,F2,,RENT,9900.0,Verified,debt_consolidation,AZ,145.09,0.0,700.0,704.0,0.0,73.2,15.0,Joint App,5,High Risk,Manual Review
140114849,8100.0, 36 months,26.31,E,E4,< 1 year,RENT,50000.0,Verified,debt_consolidation,PA,25.73,1.0,675.0,679.0,0.0,80.6,40.0,Individual,5,High Risk,Manual Review
139846777,24000.0, 60 months,27.27,E,E5,2 years,RENT,47000.0,Verified,debt_consolidation,VA,13.2,2.0,670.0,674.0,1.0,81.0,18.0,Individual,5,High Risk,Manual Review
140152228,3000.0, 36 months,30.65,F,F4,5 years,RENT,47500.0,Verified,medical,LA,31.83,0.0,700.0,704.0,0.0,52.6,13.0,Individual,5,High Risk,Manual Review
139880274,28000.0, 60 months,26.31,E,E4,9 years,MORTGAGE,151000.0,Not Verified,home_improvement,CO,33.06,0.0,690.0,694.0,0.0,88.3,31.0,Individual,6,High Risk,Manual Review
139499013,3500.0, 36 months,24.37,E,E2,10+ years,MORTGAGE,55000.0,Verified,medical,TX,40.41,1.0,675.0,679.0,0.0,82.4,20.0,Joint App,7,High Risk,Manual Review
139653349,9000.0, 36 months,25.34,E,E3,10+ years,RENT,47000.0,Verified,debt_consolidation,MA,36.72,0.0,705.0,709.0,0.0,98.1,9.0,Individual,6,High Risk,Manual Review
140060602,10000.0, 60 months,28.72,F,F1,,OWN,40800.0,Not Verified,debt_consolidation,LA,38.03,0.0,660.0,664.0,0.0,72.3,22.0,Individual,5,High Risk,Manual Review
138487607,25000.0, 60 months,30.75,F,F5,7 years,RENT,104000.0,Source Verified,credit_card,FL,30.94,0.0,680.0,684.0,0.0,81.3,27.0,Individual,6,High Risk,Manual Review
139938798,10000.0, 60 months,28.72,F,F1,2 years,RENT,30000.0,Verified,debt_consolidation,TX,47.36,0.0,710.0,714.0,0.0,63.9,7.0,Joint App,5,High Risk,Manual Review
139875791,15000.0, 36 months,25.34,E,E3,< 1 year,RENT,48000.0,Verified,debt_consolidation,OR,60.98,0.0,670.0,674.0,2.0,73.3,32.0,Joint App,5,High Risk,Manual Review
140121667,21050.0, 60 months,27.27,E,E5,7 years,RENT,46800.0,Not Verified,debt_consolidation,GA,30.33,0.0,705.0,709.0,1.0,92.0,11.0,Individual,6,High Risk,Manual Review
139923777,20575.0, 60 months,30.17,F,F3,,MORTGAGE,50000.0,Not Verified,debt_consolidation,SC,35.38,0.0,700.0,704.0,0.0,34.4,28.0,Individual,5,High Risk,Manual Review
139890469,20000.0, 60 months,27.27,E,E5,8 years,RENT,30000.0,Source Verified,small_business,NJ,35.88,0.0,670.0,674.0,0.0,50.6,23.0,Joint App,5,High Risk,Manual Review
139152368,4000.0, 36 months,28.72,F,F1,1 year,RENT,60000.0,Source Verified,house,VT,31.4,0.0,670.0,674.0,2.0,2.5,24.0,Individual,5,High Risk,Manual Review
140118403,30000.0, 60 months,26.31,E,E4,2 years,MORTGAGE,15000.0,Verified,debt_consolidation,TX,79.68,0.0,680.0,684.0,0.0,77.4,23.0,Joint App,5,High Risk,Manual Review
139196373,20000.0, 60 months,24.37,E,E2,10+ years,MORTGAGE,80000.0,Source Verified,debt_consolidation,MN,46.17,1.0,700.0,704.0,1.0,55.4,42.0,Joint App,6,High Risk,Manual Review
139647322,35000.0, 60 months,30.79,G,G1,5 years,RENT,37440.0,Source Verified,debt_consolidation,FL,41.79,0.0,735.0,739.0,1.0,32.3,10.0,Joint App,5,High Risk,Manual Review
138909646,6950.0, 36 months,25.34,E,E3,10+ years,RENT,25000.0,Verified,debt_consolidation,VA,35.05,0.0,665.0,669.0,1.0,85.0,18.0,Individual,6,High Risk,Manual Review
139884923,14000.0, 60 months,30.75,F,F5,10+ years,MORTGAGE,50000.0,Verified,debt_consolidation,CA,31.37,0.0,695.0,699.0,0.0,76.6,20.0,Joint App,5,High Risk,Manual Review
138438668,28000.0, 60 months,26.31,E,E4,< 1 year,MORTGAGE,70000.0,Not Verified,debt_consolidation,NY,34.05,0.0,710.0,714.0,0.0,28.2,10.0,Individual,5,High Risk,Manual Review
139920366,5000.0, 36 months,20.89,D,D4,10+ years,MORTGAGE,13000.0,Verified,debt_consolidation,MS,105.08,1.0,690.0,694.0,0.0,84.5,19.0,Joint App,5,High Risk,Manual Review
140112803,4000.0, 36 months,23.4,E,E1,8 years,OWN,35000.0,Not Verified,credit_card,FL,36.45,0.0,665.0,669.0,0.0,25.8,21.0,Individual,5,High Risk,Manual Review
139923803,23000.0, 60 months,28.72,F,F1,< 1 year,MORTGAGE,41236.0,Source Verified,other,CT,33.59,0.0,695.0,699.0,1.0,70.8,16.0,Joint App,5,High Risk,Manual Review
139661642,23175.0, 60 months,27.27,E,E5,< 1 year,OWN,20432.0,Source Verified,debt_consolidation,SC,82.14,0.0,730.0,734.0,0.0,63.7,26.0,Joint App,5,High Risk,Manual Review
139834040,6050.0, 36 months,27.27,E,E5,,RENT,10939.0,Not Verified,debt_consolidation,MI,35.68,0.0,665.0,669.0,1.0,55.3,23.0,Individual,5,High Risk,Manual Review
140103634,35000.0, 60 months,28.72,F,F1,< 1 year,RENT,60000.0,Source Verified,credit_card,FL,31.38,1.0,705.0,709.0,1.0,81.5,28.0,Joint App,7,High Risk,Manual Review
139855827,20000.0, 60 months,29.69,F,F2,3 years,RENT,40000.0,Source Verified,debt_consolidation,CA,48.93,0.0,680.0,684.0,0.0,31.7,17.0,Joint App,5,High Risk,Manual Review
140062175,35000.0, 36 months,27.27,E,E5,,MORTGAGE,74400.0,Verified,debt_consolidation,AZ,53.0,0.0,700.0,704.0,0.0,76.7,26.0,Joint App,5,High Risk,Manual Review
138927834,10025.0, 36 months,26.31,E,E4,8 years,MORTGAGE,107000.0,Not Verified,debt_consolidation,AZ,32.72,3.0,710.0,714.0,0.0,84.6,27.0,Individual,7,High Risk,Manual Review
139964287,22400.0, 60 months,20.89,D,D4,6 years,MORTGAGE,150000.0,Not Verified,debt_consolidation,VA,36.02,1.0,685.0,689.0,1.0,80.9,46.0,Individual,5,High Risk,Manual Review
139577845,12500.0, 36 months,24.37,E,E2,7 years,MORTGAGE,35350.0,Source Verified,debt_consolidation,SD,38.34,0.0,675.0,679.0,0.0,68.3,27.0,Individual,5,High Risk,Manual Review
139411733,15000.0, 60 months,26.31,E,E4,4 years,RENT,49920.0,Verified,debt_consolidation,MI,36.49,0.0,665.0,669.0,0.0,71.0,33.0,Individual,5,High Risk,Manual Review
138966253,6900.0, 36 months,25.34,E,E3,10+ years,OWN,48000.0,Not Verified,major_purchase,WY,30.35,0.0,700.0,704.0,2.0,27.7,19.0,Individual,5,High Risk,Manual Review
139892053,20375.0, 60 months,29.69,F,F2,10+ years,MORTGAGE,55000.0,Not Verified,other,OK,43.14,0.0,675.0,679.0,0.0,75.7,18.0,Joint App,5,High Risk,Manual Review
139814331,16000.0, 60 months,24.37,E,E2,10+ years,MORTGAGE,55000.0,Verified,credit_card,AR,36.9,0.0,695.0,699.0,2.0,88.2,28.0,Individual,6,High Risk,Manual Review
139338720,32000.0, 60 months,30.65,F,F4,1 year,RENT,42000.0,Verified,debt_consolidation,OR,35.54,0.0,680.0,684.0,0.0,79.5,19.0,Joint App,5,High Risk,Manual Review
139429128,12000.0, 36 months,26.31,E,E4,< 1 year,RENT,42600.0,Source Verified,debt_consolidation,NY,31.21,0.0,665.0,669.0,1.0,70.0,13.0,Individual,5,High Risk,Manual Review
138892629,35000.0, 60 months,29.69,F,F2,10+ years,RENT,102000.0,Verified,home_improvement,NY,31.09,1.0,670.0,674.0,0.0,50.7,31.0,Joint App,6,High Risk,Manual Review
139852397,15000.0, 60 months,30.17,F,F3,10+ years,MORTGAGE,40000.0,Verified,debt_consolidation,GA,71.59,0.0,710.0,714.0,0.0,83.3,43.0,Joint App,6,High Risk,Manual Review
140016580,30000.0, 60 months,30.65,F,F4,2 years,MORTGAGE,650000.0,Not Verified,home_improvement,TX,5.62,1.0,660.0,664.0,0.0,82.4,26.0,Joint App,5,High Risk,Manual Review
139552379,35000.0, 36 months,27.27,E,E5,10+ years,OWN,30000.0,Verified,debt_consolidation,TX,39.12,0.0,700.0,704.0,0.0,22.8,7.0,Joint App,5,High Risk,Manual Review
139699746,24000.0, 60 months,27.27,E,E5,4 years,MORTGAGE,100000.0,Source Verified,small_business,OH,32.82,1.0,670.0,674.0,0.0,94.2,26.0,Joint App,7,High Risk,Manual Review
139808332,25000.0, 60 months,24.37,E,E2,< 1 year,RENT,60000.0,Not Verified,debt_consolidation,TX,37.18,0.0,705.0,709.0,2.0,28.4,35.0,Joint App,5,High Risk,Manual Review
139654908,18000.0, 60 months,24.37,E,E2,4 years,MORTGAGE,73500.0,Verified,debt_consolidation,WV,34.61,2.0,690.0,694.0,3.0,43.0,15.0,Individual,6,High Risk,Manual Review
139915333,15000.0, 60 months,25.34,E,E3,3 years,MORTGAGE,34320.0,Not Verified,debt_consolidation,OH,30.03,1.0,685.0,689.0,1.0,75.7,14.0,Joint App,6,High Risk,Manual Review
139890544,10000.0, 60 months,17.97,D,D1,,MORTGAGE,30000.0,Not Verified,credit_card,GA,43.8,3.0,675.0,679.0,0.0,97.7,22.0,Joint App,5,High Risk,Manual Review
139846499,31625.0, 36 months,25.34,E,E3,2 years,MORTGAGE,20000.0,Verified,debt_consolidation,GA,83.67,0.0,665.0,669.0,0.0,77.5,20.0,Joint App,5,High Risk,Manual Review
140000424,35000.0, 60 months,30.75,F,F5,7 years,MORTGAGE,100000.0,Verified,debt_consolidation,AL,15.26,1.0,660.0,664.0,0.0,98.8,17.0,Joint App,5,High Risk,Manual Review
139077807,16000.0, 60 months,26.31,E,E4,10+ years,RENT,59000.0,Not Verified,credit_card,NJ,28.13,1.0,670.0,674.0,0.0,87.9,16.0,Individual,5,High Risk,Manual Review
139692770,3600.0, 36 months,26.31,E,E4,,RENT,2896.0,Verified,other,NY,478.42,1.0,660.0,664.0,0.0,82.8,19.0,Joint App,7,High Risk,Manual Review
139807094,17000.0, 36 months,26.31,E,E4,4 years,RENT,59000.0,Source Verified,debt_consolidation,MI,40.64,0.0,675.0,679.0,1.0,51.9,30.0,Joint App,5,High Risk,Manual Review
139382771,10525.0, 36 months,23.4,E,E1,,MORTGAGE,27096.0,Verified,credit_card,MT,31.67,0.0,670.0,674.0,0.0,86.0,12.0,Individual,6,High Risk,Manual Review
139245453,4000.0, 36 months,27.27,E,E5,8 years,RENT,30000.0,Verified,debt_consolidation,KY,45.48,0.0,660.0,664.0,2.0,71.7,17.0,Joint App,5,High Risk,Manual Review
138920774,10375.0, 60 months,27.27,E,E5,,MORTGAGE,21120.0,Not Verified,debt_consolidation,ME,34.26,0.0,785.0,789.0,2.0,20.8,19.0,Joint App,5,High Risk,Manual Review
139804655,30000.0, 60 months,27.27,E,E5,10+ years,MORTGAGE,137800.0,Verified,debt_consolidation,OH,30.39,1.0,690.0,694.0,1.0,85.8,37.0,Individual,7,High Risk,Manual Review
139962314,17700.0, 36 months,26.31,E,E4,10+ years,MORTGAGE,95316.0,Not Verified,home_improvement,OK,36.6,7.0,675.0,679.0,0.0,96.2,38.0,Individual,7,High Risk,Manual Review
139807228,25000.0, 36 months,27.27,E,E5,10+ years,RENT,90000.0,Source Verified,debt_consolidation,HI,39.03,0.0,710.0,714.0,0.0,89.8,16.0,Individual,6,High Risk,Manual Review
139785527,25000.0, 36 months,24.37,E,E2,2 years,RENT,70000.0,Verified,debt_consolidation,TX,33.45,0.0,705.0,709.0,0.0,52.5,40.0,Individual,5,High Risk,Manual Review
139943849,25000.0, 36 months,25.34,E,E3,10+ years,MORTGAGE,60320.0,Not Verified,debt_consolidation,TX,35.75,0.0,700.0,704.0,1.0,45.0,15.0,Individual,5,High Risk,Manual Review
139977999,18000.0, 60 months,27.27,E,E5,10+ years,MORTGAGE,95000.0,Source Verified,debt_consolidation,DE,30.33,0.0,685.0,689.0,0.0,66.5,34.0,Individual,5,High Risk,Manual Review
139962019,15000.0, 60 months,23.4,E,E1,5 years,MORTGAGE,67000.0,Not Verified,debt_consolidation,CA,35.97,0.0,715.0,719.0,2.0,18.0,39.0,Individual,5,High Risk,Manual Review
139978539,15000.0, 36 months,17.97,D,D1,10+ years,MORTGAGE,135000.0,Not Verified,debt_consolidation,OR,32.58,1.0,670.0,674.0,0.0,81.5,25.0,Individual,5,High Risk,Manual Review
139561296,9175.0, 36 months,23.4,E,E1,2 years,MORTGAGE,57996.0,Not Verified,other,PA,30.13,3.0,665.0,669.0,0.0,53.8,28.0,Individual,6,High Risk,Manual Review
139960654,12000.0, 60 months,27.27,E,E5,5 years,MORTGAGE,31254.0,Not Verified,debt_consolidation,NY,31.99,0.0,685.0,689.0,0.0,65.3,15.0,Individual,5,High Risk,Manual Review
139945225,16000.0, 60 months,16.14,C,C4,< 1 year,MORTGAGE,54000.0,Not Verified,debt_consolidation,HI,30.93,1.0,660.0,664.0,0.0,93.4,22.0,Individual,5,High Risk,Manual Review
139368584,24475.0, 60 months,25.34,E,E3,,MORTGAGE,41000.0,Verified,debt_consolidation,NY,36.94,0.0,675.0,679.0,0.0,54.5,22.0,Individual,5,High Risk,Manual Review
139919222,25875.0, 36 months,19.92,D,D3,5 years,MORTGAGE,151400.0,Verified,credit_card,MD,30.79,1.0,660.0,664.0,2.0,88.0,26.0,Individual,5,High Risk,Manual Review
138967381,5000.0, 36 months,19.92,D,D3,10+ years,RENT,56000.0,Not Verified,debt_consolidation,WI,31.16,1.0,685.0,689.0,1.0,93.5,17.0,Individual,5,High Risk,Manual Review
139774503,25000.0, 60 months,29.69,F,F2,6 years,MORTGAGE,99000.0,Verified,debt_consolidation,TX,32.95,0.0,685.0,689.0,1.0,69.7,36.0,Individual,5,High Risk,Manual Review
139223156,12000.0, 60 months,28.72,F,F1,3 years,MORTGAGE,8500.0,Source Verified,debt_consolidation,CA,64.55,2.0,665.0,669.0,1.0,84.3,20.0,Joint App,7,High Risk,Manual Review
139641838,18000.0, 60 months,28.72,F,F1,8 years,RENT,103000.0,Verified,debt_consolidation,UT,31.0,0.0,705.0,709.0,0.0,80.7,38.0,Individual,6,High Risk,Manual Review
139437925,35000.0, 60 months,27.27,E,E5,3 years,MORTGAGE,40000.0,Verified,credit_card,KS,73.13,1.0,670.0,674.0,3.0,78.1,21.0,Joint App,6,High Risk,Manual Review
139823240,12000.0, 36 months,15.02,C,C3,,MORTGAGE,53329.0,Verified,credit_card,FL,35.63,4.0,670.0,674.0,0.0,83.0,43.0,Individual,5,High Risk,Manual Review
139259661,30775.0, 36 months,27.27,E,E5,3 years,MORTGAGE,28000.0,Verified,debt_consolidation,CA,52.99,2.0,725.0,729.0,1.0,5.4,28.0,Joint App,6,High Risk,Manual Review
139648468,13325.0, 36 months,27.27,E,E5,,RENT,14208.0,Verified,credit_card,MA,33.45,1.0,680.0,684.0,2.0,82.7,13.0,Joint App,7,High Risk,Manual Review
139795738,12000.0, 60 months,27.27,E,E5,10+ years,OWN,36000.0,Verified,debt_consolidation,MS,37.87,0.0,765.0,769.0,0.0,10.7,52.0,Individual,5,High Risk,Manual Review
139487754,24000.0, 60 months,15.02,C,C3,10+ years,MORTGAGE,100000.0,Verified,debt_consolidation,GA,48.58,3.0,660.0,664.0,1.0,89.1,61.0,Joint App,5,High Risk,Manual Review
139762002,30000.0, 36 months,23.4,E,E1,2 years,RENT,185000.0,Not Verified,debt_consolidation,CA,19.38,1.0,675.0,679.0,0.0,96.6,16.0,Individual,5,High Risk,Manual Review
138422331,14225.0, 60 months,27.27,E,E5,10+ years,MORTGAGE,45000.0,Verified,debt_consolidation,OH,33.95,0.0,705.0,709.0,0.0,40.5,14.0,Individual,5,High Risk,Manual Review
139472848,15000.0, 60 months,26.31,E,E4,10+ years,OWN,40000.0,Source Verified,debt_consolidation,WA,34.26,2.0,670.0,674.0,1.0,58.5,25.0,Individual,6,High Risk,Manual Review
139700475,35000.0, 36 months,16.91,C,C5,2 years,MORTGAGE,105000.0,Source Verified,credit_card,KS,32.14,1.0,665.0,669.0,0.0,82.3,52.0,Joint App,5,High Risk,Manual Review
139640900,15500.0, 60 months,27.27,E,E5,10+ years,MORTGAGE,65000.0,Source Verified,home_improvement,NY,31.85,0.0,700.0,704.0,1.0,76.6,20.0,Individual,5,High Risk,Manual Review
139856207,1000.0, 36 months,25.34,E,E3,6 years,MORTGAGE,60000.0,Verified,other,FL,38.26,0.0,700.0,704.0,0.0,12.7,25.0,Individual,5,High Risk,Manual Review
138417252,6975.0, 36 months,27.27,E,E5,2 years,MORTGAGE,75000.0,Verified,vacation,NJ,39.02,0.0,705.0,709.0,2.0,29.0,31.0,Individual,5,High Risk,Manual Review
139243432,10000.0, 60 months,28.72,F,F1,,RENT,27600.0,Not Verified,debt_consolidation,FL,37.83,0.0,685.0,689.0,0.0,29.6,32.0,Individual,5,High Risk,Manual Review
138306579,25800.0, 60 months,27.27,E,E5,10+ years,MORTGAGE,55400.0,Not Verified,credit_card,OH,34.45,0.0,700.0,704.0,0.0,81.0,18.0,Joint App,6,High Risk,Manual Review
138913989,21300.0, 60 months,30.75,F,F5,7 years,MORTGAGE,110000.0,Verified,debt_consolidation,MO,31.96,0.0,710.0,714.0,0.0,63.3,15.0,Individual,5,High Risk,Manual Review
139727353,10000.0, 60 months,30.84,G,G2,,MORTGAGE,20000.0,Verified,debt_consolidation,CT,31.57,0.0,685.0,689.0,1.0,52.5,16.0,Individual,5,High Risk,Manual Review
139310219,20000.0, 36 months,24.37,E,E2,2 years,RENT,210000.0,Source Verified,other,NY,12.54,1.0,680.0,684.0,0.0,80.7,27.0,Individual,5,High Risk,Manual Review
139052232,6800.0, 36 months,24.37,E,E2,< 1 year,RENT,20000.0,Verified,debt_consolidation,SD,52.7,0.0,670.0,674.0,0.0,53.5,14.0,Joint App,5,High Risk,Manual Review
138727949,30000.0, 60 months,25.34,E,E3,7 years,MORTGAGE,95000.0,Verified,debt_consolidation,TX,36.04,0.0,690.0,694.0,1.0,55.9,63.0,Individual,5,High Risk,Manual Review
139796056,28800.0, 60 months,27.27,E,E5,1 year,MORTGAGE,45000.0,Source Verified,debt_consolidation,VA,74.08,1.0,680.0,684.0,0.0,68.4,15.0,Joint App,6,High Risk,Manual Review
139799511,35000.0, 36 months,24.37,E,E2,2 years,MORTGAGE,54000.0,Verified,debt_consolidation,FL,43.87,0.0,665.0,669.0,0.0,59.5,46.0,Joint App,5,High Risk,Manual Review
139555487,6300.0, 36 months,25.34,E,E3,10+ years,RENT,56000.0,Not Verified,debt_consolidation,FL,38.32,1.0,715.0,719.0,1.0,2.6,29.0,Individual,6,High Risk,Manual Review
139403893,17000.0, 60 months,23.4,E,E1,3 years,MORTGAGE,30000.0,Verified,debt_consolidation,FL,35.84,0.0,670.0,674.0,0.0,18.8,35.0,Joint App,5,High Risk,Manual Review
139500579,1600.0, 36 months,26.31,E,E4,4 years,OWN,90000.0,Not Verified,home_improvement,DE,12.72,1.0,660.0,664.0,1.0,94.9,13.0,Individual,5,High Risk,Manual Review
138276382,16000.0, 60 months,29.69,F,F2,10+ years,MORTGAGE,120000.0,Not Verified,credit_card,KY,27.99,2.0,700.0,704.0,1.0,80.5,30.0,Joint App,5,High Risk,Manual Review
139609596,20000.0, 36 months,24.37,E,E2,10+ years,MORTGAGE,60000.0,Verified,other,MI,24.98,3.0,675.0,679.0,0.0,81.8,16.0,Individual,5,High Risk,Manual Review
139302104,35000.0, 60 months,30.75,F,F5,10+ years,MORTGAGE,45000.0,Verified,debt_consolidation,OH,39.52,0.0,700.0,704.0,0.0,75.0,29.0,Joint App,5,High Risk,Manual Review
139216489,1000.0, 36 months,24.37,E,E2,9 years,RENT,18000.0,Verified,other,FL,34.87,0.0,680.0,684.0,0.0,76.4,14.0,Individual,5,High Risk,Manual Review
139346890,12000.0, 36 months,24.37,E,E2,1 year,MORTGAGE,71040.0,Source Verified,debt_consolidation,TX,30.35,0.0,710.0,714.0,1.0,46.3,34.0,Individual,5,High Risk,Manual Review
139811600,5000.0, 36 months,27.27,E,E5,8 years,MORTGAGE,51000.0,Not Verified,debt_consolidation,AZ,46.73,0.0,670.0,674.0,0.0,76.4,10.0,Joint App,5,High Risk,Manual Review
138435683,15875.0, 60 months,30.17,F,F3,2 years,RENT,30000.0,Verified,debt_consolidation,WI,36.84,0.0,705.0,709.0,0.0,59.2,33.0,Individual,5,High Risk,Manual Review
139361916,15000.0, 60 months,28.72,F,F1,7 years,RENT,100000.0,Source Verified,debt_consolidation,AZ,30.04,0.0,660.0,664.0,0.0,54.1,14.0,Individual,5,High Risk,Manual Review
139645031,26250.0, 60 months,25.34,E,E3,10+ years,MORTGAGE,72800.0,Verified,debt_consolidation,CO,39.83,0.0,680.0,684.0,0.0,86.7,22.0,Joint App,6,High Risk,Manual Review
139342337,5125.0, 36 months,26.31,E,E4,,MORTGAGE,32000.0,Verified,debt_consolidation,TX,30.68,0.0,660.0,664.0,1.0,55.1,17.0,Individual,5,High Risk,Manual Review
138870721,25000.0, 60 months,27.27,E,E5,,OWN,67000.0,Verified,debt_consolidation,IL,33.39,0.0,705.0,709.0,2.0,97.9,29.0,Individual,6,High Risk,Manual Review
139380753,25000.0, 60 months,27.27,E,E5,10+ years,RENT,70000.0,Verified,debt_consolidation,NJ,40.73,1.0,735.0,739.0,3.0,20.8,18.0,Joint App,6,High Risk,Manual Review
139539868,22175.0, 36 months,26.31,E,E4,10+ years,RENT,36000.0,Not Verified,debt_consolidation,IL,40.5,0.0,675.0,679.0,1.0,11.4,21.0,Joint App,5,High Risk,Manual Review
139624168,14625.0, 36 months,27.27,E,E5,7 years,MORTGAGE,50000.0,Verified,debt_consolidation,MA,68.48,0.0,720.0,724.0,0.0,99.9,12.0,Joint App,6,High Risk,Manual Review
139611284,12000.0, 60 months,25.34,E,E3,,OWN,44000.0,Verified,home_improvement,TX,37.21,0.0,675.0,679.0,0.0,47.0,26.0,Individual,5,High Risk,Manual Review
139473577,29000.0, 60 months,25.34,E,E3,6 years,MORTGAGE,30000.0,Not Verified,house,TX,62.88,0.0,665.0,669.0,0.0,55.0,23.0,Joint App,5,High Risk,Manual Review
139759013,8500.0, 36 months,16.91,C,C5,10+ years,MORTGAGE,96980.0,Verified,debt_consolidation,IL,33.71,1.0,670.0,674.0,0.0,93.1,21.0,Individual,5,High Risk,Manual Review
139727204,16000.0, 60 months,28.72,F,F1,,MORTGAGE,75000.0,Not Verified,debt_consolidation,TN,38.12,1.0,670.0,674.0,1.0,56.3,40.0,Individual,6,High Risk,Manual Review
139753847,35000.0, 60 months,25.34,E,E3,9 years,RENT,93472.0,Verified,debt_consolidation,WA,39.72,0.0,695.0,699.0,2.0,74.0,34.0,Individual,5,High Risk,Manual Review
139660546,11200.0, 60 months,28.72,F,F1,10+ years,MORTGAGE,73500.0,Not Verified,debt_consolidation,OK,43.35,0.0,705.0,709.0,0.0,97.9,31.0,Joint App,6,High Risk,Manual Review
139429620,5400.0, 36 months,27.27,E,E5,10+ years,RENT,25000.0,Verified,debt_consolidation,MN,38.17,1.0,700.0,704.0,0.0,32.4,15.0,Individual,6,High Risk,Manual Review
139478126,40000.0, 60 months,24.37,E,E2,10+ years,MORTGAGE,40000.0,Verified,debt_consolidation,MI,33.48,0.0,715.0,719.0,0.0,81.7,20.0,Joint App,6,High Risk,Manual Review
139653464,10000.0, 60 months,27.27,E,E5,2 years,RENT,40000.0,Source Verified,debt_consolidation,CA,32.91,0.0,695.0,699.0,0.0,32.5,10.0,Individual,5,High Risk,Manual Review
138622489,15000.0, 60 months,26.31,E,E4,4 years,RENT,54000.0,Source Verified,debt_consolidation,CT,31.02,0.0,795.0,799.0,0.0,13.6,25.0,Individual,5,High Risk,Manual Review
139719837,5000.0, 36 months,15.02,C,C3,1 year,RENT,55000.0,Not Verified,credit_card,GA,31.92,2.0,690.0,694.0,0.0,100.2,32.0,Individual,5,High Risk,Manual Review
139679417,26125.0, 60 months,30.75,F,F5,10+ years,MORTGAGE,65664.0,Verified,other,MN,31.85,0.0,725.0,729.0,0.0,62.4,21.0,Joint App,5,High Risk,Manual Review
139714728,10000.0, 36 months,24.37,E,E2,10+ years,RENT,75000.0,Not Verified,other,CA,33.12,0.0,670.0,674.0,0.0,74.5,18.0,Joint App,5,High Risk,Manual Review
139118939,12000.0, 60 months,26.31,E,E4,10+ years,MORTGAGE,65000.0,Source Verified,home_improvement,TN,24.85,1.0,685.0,689.0,1.0,86.2,23.0,Joint App,5,High Risk,Manual Review
139506552,14400.0, 60 months,28.72,F,F1,10+ years,MORTGAGE,52500.0,Verified,debt_consolidation,TX,32.07,0.0,665.0,669.0,0.0,48.0,37.0,Individual,5,High Risk,Manual Review
138531115,19725.0, 60 months,28.72,F,F1,,RENT,33400.0,Not Verified,credit_card,FL,36.08,0.0,680.0,684.0,0.0,34.2,14.0,Individual,5,High Risk,Manual Review
139305371,15000.0, 60 months,26.31,E,E4,,MORTGAGE,21000.0,Verified,debt_consolidation,MD,40.84,0.0,670.0,674.0,1.0,75.6,21.0,Joint App,5,High Risk,Manual Review
139474247,5000.0, 36 months,24.37,E,E2,6 years,RENT,60000.0,Source Verified,debt_consolidation,CA,34.5,0.0,660.0,664.0,0.0,72.2,19.0,Individual,5,High Risk,Manual Review
138791927,11200.0, 60 months,30.65,F,F4,< 1 year,RENT,35000.0,Verified,debt_consolidation,MA,33.13,0.0,710.0,714.0,0.0,57.5,9.0,Individual,5,High Risk,Manual Review
139250864,10000.0, 60 months,30.17,F,F3,,RENT,12624.0,Verified,other,CT,47.53,0.0,700.0,704.0,0.0,41.4,12.0,Joint App,5,High Risk,Manual Review
139030610,15000.0, 60 months,25.34,E,E3,7 years,MORTGAGE,48000.0,Verified,debt_consolidation,ID,58.7,0.0,685.0,689.0,1.0,74.2,40.0,Joint App,5,High Risk,Manual Review
139369653,25000.0, 60 months,26.31,E,E4,,MORTGAGE,67000.0,Verified,debt_consolidation,NY,33.82,0.0,680.0,684.0,0.0,86.7,23.0,Individual,6,High Risk,Manual Review
139429131,35000.0, 60 months,30.79,G,G1,10+ years,RENT,35000.0,Not Verified,debt_consolidation,FL,50.21,0.0,660.0,664.0,0.0,70.5,13.0,Joint App,5,High Risk,Manual Review
139703671,10000.0, 36 months,24.37,E,E2,2 years,MORTGAGE,90000.0,Source Verified,debt_consolidation,VA,30.08,1.0,660.0,664.0,0.0,74.6,8.0,Joint App,6,High Risk,Manual Review
139106663,3000.0, 36 months,23.4,E,E1,,MORTGAGE,80000.0,Verified,debt_consolidation,IL,32.19,0.0,690.0,694.0,1.0,93.7,26.0,Individual,6,High Risk,Manual Review
139505578,8900.0, 36 months,26.31,E,E4,,OWN,38000.0,Verified,debt_consolidation,WI,38.44,0.0,685.0,689.0,0.0,93.5,10.0,Individual,6,High Risk,Manual Review
139036423,20000.0, 60 months,27.27,E,E5,2 years,OWN,41000.0,Verified,debt_consolidation,VT,76.23,0.0,690.0,694.0,1.0,98.5,20.0,Joint App,6,High Risk,Manual Review
139506955,4300.0, 36 months,27.27,E,E5,10+ years,MORTGAGE,45000.0,Not Verified,debt_consolidation,VA,31.31,0.0,705.0,709.0,0.0,17.1,44.0,Individual,5,High Risk,Manual Review
139507313,4600.0, 36 months,24.37,E,E2,< 1 year,RENT,20176.0,Not Verified,debt_consolidation,NY,39.86,0.0,670.0,674.0,0.0,39.1,14.0,Individual,5,High Risk,Manual Review
138098213,12000.0, 60 months,27.27,E,E5,< 1 year,RENT,24230.4,Verified,debt_consolidation,OH,33.88,0.0,680.0,684.0,0.0,58.1,7.0,Individual,5,High Risk,Manual Review
139478502,35000.0, 60 months,29.69,F,F2,10+ years,MORTGAGE,83000.0,Verified,debt_consolidation,OK,33.05,0.0,700.0,704.0,0.0,87.0,44.0,Individual,6,High Risk,Manual Review
139649670,13225.0, 36 months,26.31,E,E4,4 years,MORTGAGE,125000.0,Not Verified,debt_consolidation,WA,37.25,0.0,675.0,679.0,1.0,98.0,39.0,Individual,6,High Risk,Manual Review
139426094,2000.0, 36 months,24.37,E,E2,< 1 year,RENT,30000.0,Verified,credit_card,IL,30.28,0.0,715.0,719.0,0.0,83.9,4.0,Individual,6,High Risk,Manual Review
138352873,25000.0, 60 months,27.27,E,E5,10+ years,RENT,45400.0,Source Verified,debt_consolidation,CO,35.45,0.0,680.0,684.0,0.0,65.5,19.0,Individual,5,High Risk,Manual Review
139074169,20000.0, 60 months,28.72,F,F1,1 year,MORTGAGE,80000.0,Verified,credit_card,TX,16.92,1.0,660.0,664.0,0.0,86.0,18.0,Individual,5,High Risk,Manual Review
139256988,11200.0, 36 months,30.84,G,G2,4 years,MORTGAGE,28000.0,Not Verified,small_business,WV,36.13,0.0,725.0,729.0,0.0,74.2,28.0,Individual,5,High Risk,Manual Review
139663340,6275.0, 36 months,25.34,E,E3,6 years,MORTGAGE,55000.0,Verified,debt_consolidation,MN,53.72,0.0,710.0,714.0,2.0,54.3,28.0,Joint App,5,High Risk,Manual Review
139631293,17000.0, 60 months,26.31,E,E4,9 years,RENT,54000.0,Source Verified,credit_card,OR,32.02,0.0,700.0,704.0,0.0,75.8,34.0,Individual,5,High Risk,Manual Review
139655034,20000.0, 36 months,23.4,E,E1,< 1 year,MORTGAGE,81849.0,Not Verified,debt_consolidation,MO,31.19,0.0,735.0,739.0,0.0,38.0,19.0,Individual,5,High Risk,Manual Review
139657984,30600.0, 36 months,26.31,E,E4,< 1 year,MORTGAGE,68000.0,Verified,debt_consolidation,GA,34.12,0.0,670.0,674.0,2.0,91.0,13.0,Individual,6,High Risk,Manual Review
139703977,12000.0, 60 months,26.31,E,E4,10+ years,OWN,29000.0,Source Verified,debt_consolidation,IL,32.16,0.0,735.0,739.0,0.0,28.3,14.0,Individual,5,High Risk,Manual Review
138173678,12600.0, 60 months,26.31,E,E4,10+ years,MORTGAGE,110614.0,Not Verified,debt_consolidation,MD,20.86,2.0,685.0,689.0,0.0,85.9,30.0,Individual,5,High Risk,Manual Review
139312795,5700.0, 36 months,23.4,E,E1,4 years,MORTGAGE,55000.0,Source Verified,debt_consolidation,GA,19.2,2.0,670.0,674.0,0.0,91.7,15.0,Individual,5,High Risk,Manual Review
139506781,12000.0, 60 months,29.69,F,F2,10+ years,MORTGAGE,55000.0,Not Verified,debt_consolidation,NJ,35.57,0.0,675.0,679.0,1.0,50.0,35.0,Individual,5,High Risk,Manual Review
139353129,30000.0, 60 months,30.65,F,F4,,MORTGAGE,72000.0,Verified,debt_consolidation,GA,52.15,0.0,710.0,714.0,1.0,66.2,25.0,Joint App,5,High Risk,Manual Review
138434108,20000.0, 60 months,27.27,E,E5,3 years,MORTGAGE,35000.0,Not Verified,major_purchase,IN,34.36,0.0,665.0,669.0,0.0,80.7,10.0,Joint App,6,High Risk,Manual Review
139480774,6000.0, 36 months,27.27,E,E5,10+ years,MORTGAGE,80000.0,Verified,other,MI,32.14,1.0,700.0,704.0,1.0,89.0,28.0,Individual,7,High Risk,Manual Review
139502880,20000.0, 60 months,27.27,E,E5,< 1 year,MORTGAGE,62000.0,Source Verified,home_improvement,OR,33.18,0.0,690.0,694.0,0.0,96.0,46.0,Individual,6,High Risk,Manual Review
139430619,1000.0, 36 months,27.27,E,E5,,RENT,77256.0,Verified,home_improvement,PA,34.03,0.0,680.0,684.0,0.0,98.0,15.0,Individual,6,High Risk,Manual Review
139319823,24000.0, 60 months,26.31,E,E4,10+ years,MORTGAGE,30000.0,Not Verified,credit_card,AL,42.48,0.0,665.0,669.0,2.0,66.6,15.0,Joint App,5,High Risk,Manual Review
139153116,6000.0, 36 months,26.31,E,E4,4 years,OWN,40000.0,Verified,debt_consolidation,TN,31.83,0.0,725.0,729.0,1.0,62.6,16.0,Individual,5,High Risk,Manual Review
139329821,1525.0, 36 months,27.27,E,E5,< 1 year,OWN,45000.0,Verified,credit_card,AL,35.57,0.0,700.0,704.0,0.0,49.9,24.0,Individual,5,High Risk,Manual Review
137446498,11850.0, 60 months,27.27,E,E5,10+ years,MORTGAGE,82000.0,Verified,debt_consolidation,CA,32.81,0.0,695.0,699.0,0.0,49.1,32.0,Individual,5,High Risk,Manual Review
139604033,14000.0, 60 months,25.34,E,E3,10+ years,MORTGAGE,108000.0,Not Verified,debt_consolidation,AR,16.34,2.0,660.0,664.0,0.0,87.4,17.0,Joint App,5,High Risk,Manual Review
139629563,30000.0, 60 months,27.27,E,E5,2 years,MORTGAGE,87600.0,Verified,debt_consolidation,CO,32.41,2.0,675.0,679.0,1.0,41.5,20.0,Individual,6,High Risk,Manual Review
138835472,30000.0, 60 months,27.27,E,E5,10+ years,MORTGAGE,60000.0,Verified,debt_consolidation,IL,50.02,0.0,700.0,704.0,1.0,48.5,30.0,Joint App,5,High Risk,Manual Review
138448460,18000.0, 36 months,20.89,D,D4,4 years,MORTGAGE,12500.0,Verified,debt_consolidation,MI,72.81,2.0,685.0,689.0,2.0,80.5,33.0,Joint App,5,High Risk,Manual Review
139447012,14400.0, 36 months,23.4,E,E1,10+ years,RENT,68000.0,Verified,debt_consolidation,NJ,32.7,0.0,670.0,674.0,0.0,74.3,18.0,Individual,5,High Risk,Manual Review
138789141,20000.0, 60 months,25.34,E,E3,1 year,MORTGAGE,10000.0,Not Verified,debt_consolidation,LA,260.57,0.0,660.0,664.0,0.0,60.7,21.0,Joint App,5,High Risk,Manual Review
139624225,1000.0, 36 months,26.31,E,E4,3 years,RENT,65000.0,Not Verified,other,MN,8.9,1.0,660.0,664.0,0.0,80.4,8.0,Individual,5,High Risk,Manual Review
139441856,40000.0, 60 months,26.31,E,E4,10+ years,MORTGAGE,54000.0,Verified,debt_consolidation,CT,37.29,3.0,690.0,694.0,1.0,33.0,30.0,Joint App,6,High Risk,Manual Review
139179937,4800.0, 36 months,27.27,E,E5,3 years,MORTGAGE,25000.0,Not Verified,small_business,NV,61.11,0.0,720.0,724.0,1.0,36.6,17.0,Joint App,5,High Risk,Manual Review
139472694,25000.0, 36 months,23.4,E,E1,10+ years,MORTGAGE,210000.0,Verified,debt_consolidation,FL,39.17,0.0,690.0,694.0,0.0,69.1,51.0,Individual,5,High Risk,Manual Review
139556849,17450.0, 60 months,30.17,F,F3,10+ years,MORTGAGE,86400.0,Verified,debt_consolidation,OR,30.94,0.0,675.0,679.0,0.0,82.0,23.0,Individual,6,High Risk,Manual Review
139313342,25000.0, 60 months,30.79,G,G1,9 years,OWN,64000.0,Source Verified,debt_consolidation,WI,32.76,0.0,730.0,734.0,1.0,74.2,46.0,Individual,5,High Risk,Manual Review
139343357,23000.0, 60 months,27.27,E,E5,,MORTGAGE,45000.0,Verified,debt_consolidation,CA,32.35,0.0,675.0,679.0,0.0,91.3,21.0,Individual,6,High Risk,Manual Review
139577710,10800.0, 60 months,23.4,E,E1,7 years,MORTGAGE,43500.0,Verified,debt_consolidation,ID,36.88,0.0,660.0,664.0,0.0,70.0,25.0,Individual,5,High Risk,Manual Review
139473154,40000.0, 60 months,30.79,G,G1,6 years,RENT,60000.0,Verified,debt_consolidation,FL,37.18,0.0,725.0,729.0,0.0,57.9,29.0,Joint App,5,High Risk,Manual Review
139386725,10000.0, 36 months,23.4,E,E1,< 1 year,RENT,25000.0,Verified,debt_consolidation,DC,35.29,0.0,680.0,684.0,2.0,53.8,30.0,Individual,5,High Risk,Manual Review
139500797,35000.0, 60 months,29.69,F,F2,< 1 year,RENT,130000.0,Source Verified,debt_consolidation,CA,18.29,1.0,665.0,669.0,3.0,87.0,29.0,Individual,5,High Risk,Manual Review
139559568,20000.0, 60 months,26.31,E,E4,10+ years,MORTGAGE,70000.0,Source Verified,debt_consolidation,MD,37.17,0.0,695.0,699.0,2.0,50.3,38.0,Individual,5,High Risk,Manual Review
139477872,3800.0, 36 months,27.27,E,E5,2 years,MORTGAGE,33000.0,Verified,debt_consolidation,CA,38.0,0.0,720.0,724.0,0.0,57.1,13.0,Joint App,5,High Risk,Manual Review
139294280,20000.0, 36 months,30.89,G,G3,,MORTGAGE,86000.0,Verified,debt_consolidation,SC,30.06,0.0,670.0,674.0,0.0,96.6,31.0,Individual,6,High Risk,Manual Review
139439735,15000.0, 60 months,27.27,E,E5,10+ years,RENT,87500.0,Verified,credit_card,CA,30.3,0.0,700.0,704.0,0.0,93.0,14.0,Individual,6,High Risk,Manual Review
139648322,1000.0, 36 months,28.72,F,F1,,OWN,25000.0,Not Verified,other,NJ,38.74,0.0,720.0,724.0,2.0,57.0,15.0,Individual,5,High Risk,Manual Review
139640055,1200.0, 36 months,24.37,E,E2,3 years,RENT,55000.0,Source Verified,other,TX,32.1,0.0,680.0,684.0,3.0,25.7,23.0,Individual,5,High Risk,Manual Review
139602558,14000.0, 60 months,23.4,E,E1,10+ years,RENT,78000.0,Not Verified,debt_consolidation,PA,36.95,1.0,660.0,664.0,0.0,63.1,43.0,Individual,6,High Risk,Manual Review
139612986,25000.0, 36 months,23.4,E,E1,10+ years,RENT,101542.0,Source Verified,credit_card,MA,21.39,1.0,680.0,684.0,0.0,99.1,11.0,Individual,5,High Risk,Manual Review
139052183,18000.0, 60 months,27.27,E,E5,5 years,MORTGAGE,75000.0,Not Verified,credit_card,AZ,26.98,1.0,675.0,679.0,3.0,90.0,42.0,Individual,5,High Risk,Manual Review
139608467,6000.0, 36 months,16.91,C,C5,10+ years,MORTGAGE,65000.0,Source Verified,credit_card,CA,37.72,1.0,680.0,684.0,0.0,82.1,15.0,Individual,5,High Risk,Manual Review
139444102,25700.0, 60 months,23.4,E,E1,10+ years,MORTGAGE,120000.0,Verified,debt_consolidation,TX,28.41,1.0,665.0,669.0,2.0,82.0,32.0,Individual,5,High Risk,Manual Review
139375471,1800.0, 36 months,23.4,E,E1,,RENT,11000.0,Verified,moving,NY,33.62,0.0,725.0,729.0,0.0,65.7,9.0,Individual,5,High Risk,Manual Review
139555572,20000.0, 60 months,17.97,D,D1,10+ years,OWN,86000.0,Not Verified,debt_consolidation,NM,32.44,1.0,705.0,709.0,0.0,87.9,35.0,Joint App,5,High Risk,Manual Review
139514600,16000.0, 60 months,26.31,E,E4,10+ years,OWN,58000.0,Verified,debt_consolidation,TX,31.55,0.0,680.0,684.0,0.0,50.5,20.0,Individual,5,High Risk,Manual Review
139241134,21125.0, 36 months,26.31,E,E4,7 years,MORTGAGE,100000.0,Verified,credit_card,PA,39.89,0.0,690.0,694.0,1.0,70.3,39.0,Joint App,5,High Risk,Manual Review
139514560,10000.0, 36 months,24.37,E,E2,10+ years,MORTGAGE,101859.0,Verified,other,VA,34.47,0.0,670.0,674.0,1.0,40.2,42.0,Individual,5,High Risk,Manual Review
139370540,5025.0, 36 months,27.27,E,E5,7 years,MORTGAGE,37000.0,Verified,home_improvement,TX,30.17,0.0,680.0,684.0,3.0,61.9,18.0,Individual,5,High Risk,Manual Review
139472900,25000.0, 60 months,27.27,E,E5,3 years,RENT,80000.0,Source Verified,credit_card,TX,34.73,0.0,675.0,679.0,1.0,61.4,33.0,Individual,5,High Risk,Manual Review
139310746,19775.0, 60 months,30.17,F,F3,10+ years,MORTGAGE,90000.0,Not Verified,debt_consolidation,CA,48.01,0.0,675.0,679.0,0.0,67.4,29.0,Joint App,5,High Risk,Manual Review
139406331,35000.0, 60 months,30.79,G,G1,10+ years,MORTGAGE,62971.68,Verified,debt_consolidation,TX,47.11,0.0,660.0,664.0,2.0,75.5,49.0,Joint App,5,High Risk,Manual Review
139427526,12000.0, 60 months,27.27,E,E5,10+ years,RENT,34000.0,Source Verified,other,VA,34.1,0.0,765.0,769.0,0.0,37.8,27.0,Joint App,5,High Risk,Manual Review
139384956,20000.0, 60 months,26.31,E,E4,< 1 year,MORTGAGE,34000.0,Not Verified,debt_consolidation,IL,59.2,0.0,690.0,694.0,0.0,58.0,15.0,Joint App,5,High Risk,Manual Review
139382958,30000.0, 36 months,25.34,E,E3,,RENT,40104.0,Verified,debt_consolidation,TX,56.59,5.0,660.0,664.0,0.0,56.6,25.0,Joint App,6,High Risk,Manual Review
138954842,25000.0, 60 months,30.75,F,F5,,MORTGAGE,86928.0,Verified,debt_consolidation,CO,38.78,0.0,715.0,719.0,1.0,57.1,55.0,Individual,5,High Risk,Manual Review
139149214,24000.0, 60 months,26.31,E,E4,10+ years,MORTGAGE,51000.0,Source Verified,debt_consolidation,AR,35.27,4.0,695.0,699.0,0.0,70.9,33.0,Joint App,6,High Risk,Manual Review
139486378,10000.0, 60 months,27.27,E,E5,,MORTGAGE,14256.0,Verified,debt_consolidation,NC,108.33,0.0,670.0,674.0,0.0,54.0,22.0,Joint App,5,High Risk,Manual Review
139428431,4000.0, 36 months,25.34,E,E3,10+ years,MORTGAGE,90000.0,Source Verified,other,FL,17.27,3.0,660.0,664.0,0.0,86.8,20.0,Individual,5,High Risk,Manual Review
139117453,35000.0, 36 months,24.37,E,E2,10+ years,MORTGAGE,40000.0,Not Verified,home_improvement,CA,128.65,0.0,680.0,684.0,0.0,78.2,31.0,Joint App,5,High Risk,Manual Review
139390525,10000.0, 60 months,30.79,G,G1,3 years,RENT,35000.0,Verified,debt_consolidation,AL,39.03,0.0,685.0,689.0,0.0,75.7,13.0,Individual,5,High Risk,Manual Review
139440836,20000.0, 60 months,29.69,F,F2,2 years,RENT,43000.0,Verified,debt_consolidation,FL,37.15,0.0,695.0,699.0,0.0,101.0,7.0,Individual,6,High Risk,Manual Review
139374411,3025.0, 36 months,23.4,E,E1,4 years,RENT,40000.0,Source Verified,other,GA,34.47,0.0,690.0,694.0,0.0,33.0,11.0,Joint App,5,High Risk,Manual Review
139118429,32325.0, 60 months,30.79,G,G1,8 years,MORTGAGE,24563.0,Verified,other,FL,45.26,1.0,700.0,704.0,1.0,57.9,14.0,Joint App,6,High Risk,Manual Review
139259699,26625.0, 60 months,28.72,F,F1,< 1 year,MORTGAGE,75000.0,Source Verified,debt_consolidation,CO,32.26,0.0,660.0,664.0,1.0,63.9,33.0,Joint App,5,High Risk,Manual Review
139445292,14000.0, 60 months,25.34,E,E3,,RENT,30000.0,Not Verified,debt_consolidation,TX,33.8,0.0,685.0,689.0,0.0,67.6,15.0,Individual,5,High Risk,Manual Review
138772233,12000.0, 60 months,27.27,E,E5,5 years,RENT,50000.0,Source Verified,debt_consolidation,NJ,34.28,0.0,660.0,664.0,1.0,78.9,41.0,Individual,5,High Risk,Manual Review
139381567,12000.0, 36 months,20.89,D,D4,10+ years,RENT,70000.0,Not Verified,credit_card,MO,34.58,1.0,680.0,684.0,0.0,85.9,19.0,Individual,5,High Risk,Manual Review
138733510,28275.0, 60 months,30.75,F,F5,10+ years,MORTGAGE,73260.0,Verified,home_improvement,GA,34.33,0.0,665.0,669.0,3.0,20.5,16.0,Joint App,5,High Risk,Manual Review
139146252,12000.0, 60 months,28.72,F,F1,1 year,MORTGAGE,30888.0,Verified,credit_card,FL,32.52,1.0,670.0,674.0,0.0,67.5,15.0,Individual,6,High Risk,Manual Review
138391312,34450.0, 60 months,30.65,F,F4,5 years,MORTGAGE,60000.0,Verified,debt_consolidation,AZ,51.88,0.0,690.0,694.0,0.0,59.0,24.0,Joint App,5,High Risk,Manual Review
139441158,14000.0, 60 months,27.27,E,E5,10+ years,RENT,73000.0,Source Verified,debt_consolidation,TX,33.27,0.0,675.0,679.0,0.0,73.2,42.0,Individual,5,High Risk,Manual Review
139324620,35000.0, 60 months,30.79,G,G1,3 years,MORTGAGE,18000.0,Verified,credit_card,IL,75.87,0.0,725.0,729.0,0.0,90.5,16.0,Joint App,6,High Risk,Manual Review
139076553,40000.0, 60 months,30.17,F,F3,4 years,MORTGAGE,45000.0,Verified,debt_consolidation,NJ,31.39,1.0,695.0,699.0,0.0,73.1,12.0,Joint App,6,High Risk,Manual Review
139433926,1200.0, 36 months,19.92,D,D3,10+ years,RENT,36608.0,Verified,other,TX,39.25,1.0,670.0,674.0,0.0,85.0,10.0,Individual,5,High Risk,Manual Review
139372878,4000.0, 36 months,23.4,E,E1,10+ years,MORTGAGE,40000.0,Source Verified,debt_consolidation,VA,31.95,0.0,660.0,664.0,0.0,99.4,12.0,Joint App,6,High Risk,Manual Review
139363399,30000.0, 60 months,23.4,E,E1,,MORTGAGE,5000.0,Verified,debt_consolidation,UT,227.88,0.0,660.0,664.0,0.0,62.4,9.0,Joint App,5,High Risk,Manual Review
139349218,23500.0, 36 months,15.02,C,C3,,MORTGAGE,72000.0,Verified,debt_consolidation,IL,33.42,1.0,665.0,669.0,1.0,96.0,16.0,Individual,5,High Risk,Manual Review
139338011,20000.0, 60 months,23.4,E,E1,5 years,MORTGAGE,52000.0,Verified,debt_consolidation,TX,53.3,0.0,675.0,679.0,2.0,75.6,29.0,Joint App,5,High Risk,Manual Review
138957302,10000.0, 36 months,26.31,E,E4,4 years,RENT,31000.0,Not Verified,medical,NJ,41.97,1.0,680.0,684.0,0.0,3.1,10.0,Joint App,6,High Risk,Manual Review
138240748,20000.0, 60 months,30.79,G,G1,4 years,MORTGAGE,49200.0,Source Verified,debt_consolidation,CA,38.17,0.0,705.0,709.0,1.0,59.1,34.0,Individual,5,High Risk,Manual Review
139433195,13300.0, 36 months,16.14,C,C4,10+ years,MORTGAGE,101500.0,Not Verified,credit_card,SC,38.13,1.0,675.0,679.0,0.0,82.5,35.0,Individual,5,High Risk,Manual Review
139121077,15600.0, 60 months,25.34,E,E3,10+ years,MORTGAGE,40000.0,Verified,other,FL,42.6,2.0,675.0,679.0,0.0,11.8,19.0,Joint App,6,High Risk,Manual Review
139405909,17600.0, 36 months,26.31,E,E4,< 1 year,RENT,48000.0,Not Verified,debt_consolidation,OR,37.33,0.0,715.0,719.0,0.0,33.9,30.0,Individual,5,High Risk,Manual Review
139328916,25000.0, 60 months,27.27,E,E5,10+ years,RENT,75000.0,Verified,debt_consolidation,AL,38.22,0.0,690.0,694.0,0.0,52.3,20.0,Individual,5,High Risk,Manual Review
139339811,10800.0, 60 months,29.69,F,F2,< 1 year,MORTGAGE,24300.0,Not Verified,debt_consolidation,KS,37.88,0.0,695.0,699.0,0.0,90.2,20.0,Individual,6,High Risk,Manual Review
137973468,24375.0, 60 months,16.14,C,C4,10+ years,MORTGAGE,36000.0,Verified,debt_consolidation,VA,58.87,2.0,690.0,694.0,0.0,82.6,30.0,Joint App,5,High Risk,Manual Review
139290340,18000.0, 36 months,16.14,C,C4,9 years,MORTGAGE,120000.0,Not Verified,home_improvement,IL,34.78,1.0,705.0,709.0,0.0,83.3,38.0,Individual,5,High Risk,Manual Review
139340453,30000.0, 60 months,30.79,G,G1,4 years,RENT,54000.0,Verified,debt_consolidation,TN,47.44,0.0,720.0,724.0,3.0,41.5,34.0,Joint App,5,High Risk,Manual Review
139368323,30150.0, 60 months,29.69,F,F2,2 years,MORTGAGE,67000.0,Verified,debt_consolidation,MI,34.48,0.0,660.0,664.0,1.0,62.0,36.0,Individual,5,High Risk,Manual Review
139272956,15000.0, 60 months,27.27,E,E5,6 years,MORTGAGE,50000.0,Source Verified,home_improvement,KS,35.86,3.0,675.0,679.0,0.0,40.6,13.0,Joint App,6,High Risk,Manual Review
139058442,18725.0, 60 months,30.17,F,F3,10+ years,MORTGAGE,94198.0,Source Verified,debt_consolidation,NY,35.81,0.0,675.0,679.0,0.0,68.9,49.0,Joint App,5,High Risk,Manual Review
139292941,25500.0, 60 months,26.31,E,E4,10+ years,RENT,73000.0,Source Verified,debt_consolidation,NY,30.23,0.0,720.0,724.0,1.0,26.4,27.0,Individual,5,High Risk,Manual Review
138702610,16000.0, 36 months,23.4,E,E1,,MORTGAGE,55000.0,Not Verified,other,GA,22.13,1.0,670.0,674.0,0.0,90.8,16.0,Individual,5,High Risk,Manual Review
139346894,4725.0, 36 months,27.27,E,E5,10+ years,MORTGAGE,86000.0,Verified,other,TX,35.42,0.0,710.0,714.0,2.0,78.0,19.0,Individual,5,High Risk,Manual Review
139225665,20000.0, 60 months,20.89,D,D4,2 years,MORTGAGE,64000.0,Source Verified,debt_consolidation,VA,30.66,2.0,680.0,684.0,1.0,85.4,23.0,Individual,5,High Risk,Manual Review
139206761,25000.0, 60 months,30.17,F,F3,2 years,MORTGAGE,156000.0,Source Verified,other,WV,32.68,0.0,680.0,684.0,1.0,91.0,39.0,Individual,6,High Risk,Manual Review
138076573,32000.0, 60 months,19.92,D,D3,7 years,MORTGAGE,60000.0,Not Verified,credit_card,IN,33.8,4.0,680.0,684.0,0.0,82.5,16.0,Individual,5,High Risk,Manual Review
139314847,40000.0, 60 months,30.79,G,G1,5 years,MORTGAGE,106006.0,Verified,debt_consolidation,PA,40.51,0.0,715.0,719.0,2.0,32.7,34.0,Joint App,5,High Risk,Manual Review
138623933,10500.0, 36 months,23.4,E,E1,10+ years,MORTGAGE,51000.0,Source Verified,debt_consolidation,IN,56.02,1.0,670.0,674.0,0.0,75.5,31.0,Joint App,6,High Risk,Manual Review
138958776,35000.0, 60 months,30.75,F,F5,4 years,MORTGAGE,90000.0,Source Verified,debt_consolidation,MD,33.6,0.0,685.0,689.0,0.0,74.7,21.0,Joint App,5,High Risk,Manual Review
138934303,5500.0, 36 months,25.34,E,E3,2 years,MORTGAGE,48000.0,Source Verified,debt_consolidation,AZ,43.68,0.0,660.0,664.0,1.0,71.8,29.0,Joint App,5,High Risk,Manual Review
138793472,20000.0, 60 months,27.27,E,E5,10+ years,MORTGAGE,46000.0,Verified,debt_consolidation,NY,40.8,2.0,660.0,664.0,0.0,38.1,20.0,Joint App,6,High Risk,Manual Review
139278453,16750.0, 60 months,25.34,E,E3,3 years,MORTGAGE,120000.0,Not Verified,debt_consolidation,NC,36.83,1.0,700.0,704.0,0.0,31.9,47.0,Individual,6,High Risk,Manual Review
139184697,5275.0, 36 months,24.37,E,E2,,OWN,17928.0,Verified,debt_consolidation,PA,30.25,0.0,740.0,744.0,0.0,39.1,20.0,Individual,5,High Risk,Manual Review
138273369,12400.0, 60 months,27.27,E,E5,< 1 year,RENT,12000.0,Verified,house,FL,40.9,0.0,700.0,704.0,0.0,24.2,9.0,Joint App,5,High Risk,Manual Review
139352944,12000.0, 36 months,20.89,D,D4,10+ years,MORTGAGE,81000.0,Not Verified,debt_consolidation,VA,47.21,1.0,665.0,669.0,0.0,81.5,28.0,Joint App,5,High Risk,Manual Review
138827603,15000.0, 60 months,27.27,E,E5,2 years,RENT,25000.0,Source Verified,credit_card,CA,35.33,0.0,690.0,694.0,0.0,96.7,12.0,Joint App,6,High Risk,Manual Review
139271482,25000.0, 60 months,24.37,E,E2,10+ years,RENT,211000.0,Verified,credit_card,PA,10.36,4.0,660.0,664.0,0.0,87.8,16.0,Individual,5,High Risk,Manual Review
138876091,40000.0, 60 months,28.72,F,F1,,MORTGAGE,19500.0,Verified,credit_card,IN,95.94,0.0,665.0,669.0,0.0,90.3,25.0,Joint App,6,High Risk,Manual Review
139293739,25000.0, 60 months,26.31,E,E4,1 year,RENT,81000.0,Source Verified,debt_consolidation,CA,30.8,1.0,680.0,684.0,0.0,51.0,38.0,Individual,6,High Risk,Manual Review
139247441,10000.0, 36 months,23.4,E,E1,10+ years,MORTGAGE,120000.0,Verified,debt_consolidation,MA,33.54,2.0,675.0,679.0,1.0,71.0,29.0,Individual,6,High Risk,Manual Review
138864924,10000.0, 60 months,27.27,E,E5,,OWN,17340.0,Verified,car,AL,32.18,1.0,705.0,709.0,0.0,36.6,20.0,Individual,6,High Risk,Manual Review
138952301,36000.0, 60 months,30.75,F,F5,3 years,MORTGAGE,67000.0,Source Verified,home_improvement,FL,37.62,0.0,700.0,704.0,0.0,44.2,30.0,Joint App,5,High Risk,Manual Review
139283049,20400.0, 36 months,25.34,E,E3,5 years,RENT,70000.0,Source Verified,debt_consolidation,CA,31.39,0.0,710.0,714.0,0.0,74.1,12.0,Individual,5,High Risk,Manual Review
139317801,21000.0, 60 months,27.27,E,E5,< 1 year,MORTGAGE,40000.0,Source Verified,major_purchase,UT,35.16,0.0,715.0,719.0,0.0,75.0,17.0,Joint App,5,High Risk,Manual Review
137734664,25000.0, 36 months,23.4,E,E1,7 years,MORTGAGE,85000.0,Source Verified,debt_consolidation,WY,31.46,1.0,665.0,669.0,0.0,68.0,22.0,Individual,6,High Risk,Manual Review
139308606,25600.0, 36 months,23.4,E,E1,,OWN,19576.43,Verified,debt_consolidation,AZ,110.06,0.0,715.0,719.0,0.0,28.6,25.0,Joint App,5,High Risk,Manual Review
138962074,30800.0, 60 months,30.75,F,F5,10+ years,RENT,40000.0,Not Verified,debt_consolidation,HI,59.47,0.0,705.0,709.0,0.0,0.0,14.0,Joint App,5,High Risk,Manual Review
139303757,8100.0, 36 months,23.4,E,E1,9 years,RENT,85000.0,Not Verified,debt_consolidation,TN,14.12,1.0,675.0,679.0,0.0,80.4,22.0,Individual,5,High Risk,Manual Review
138209626,28075.0, 60 months,27.27,E,E5,4 years,MORTGAGE,50000.0,Verified,debt_consolidation,VA,30.05,0.0,710.0,714.0,0.0,51.9,17.0,Individual,5,High Risk,Manual Review
139145388,10000.0, 36 months,23.4,E,E1,1 year,MORTGAGE,80000.0,Source Verified,debt_consolidation,CA,54.53,0.0,670.0,674.0,0.0,91.6,33.0,Joint App,6,High Risk,Manual Review
139209708,8000.0, 36 months,24.37,E,E2,10+ years,MORTGAGE,50000.0,Verified,home_improvement,WA,32.96,0.0,665.0,669.0,3.0,59.2,22.0,Joint App,5,High Risk,Manual Review
137813349,13300.0, 60 months,30.65,F,F4,3 years,RENT,40000.0,Source Verified,other,NJ,30.06,4.0,660.0,664.0,0.0,49.8,31.0,Individual,6,High Risk,Manual Review
138221380,15000.0, 60 months,27.27,E,E5,3 years,RENT,15000.0,Not Verified,debt_consolidation,WI,92.88,0.0,735.0,739.0,0.0,46.2,21.0,Joint App,5,High Risk,Manual Review
138320878,20000.0, 36 months,25.34,E,E3,10+ years,MORTGAGE,55000.0,Not Verified,credit_card,ND,38.53,0.0,670.0,674.0,0.0,84.2,12.0,Joint App,6,High Risk,Manual Review
139121161,15725.0, 60 months,30.17,F,F3,2 years,RENT,39000.0,Source Verified,debt_consolidation,SC,32.92,0.0,745.0,749.0,1.0,19.2,24.0,Individual,5,High Risk,Manual Review
139249605,13500.0, 60 months,27.27,E,E5,2 years,RENT,29500.0,Source Verified,debt_consolidation,FL,31.98,0.0,750.0,754.0,1.0,29.7,8.0,Individual,5,High Risk,Manual Review
139325434,32000.0, 60 months,20.89,D,D4,5 years,MORTGAGE,40000.0,Not Verified,debt_consolidation,KY,32.01,1.0,660.0,664.0,0.0,89.5,18.0,Joint App,5,High Risk,Manual Review
138910013,17000.0, 60 months,24.37,E,E2,7 years,MORTGAGE,45000.0,Source Verified,debt_consolidation,VT,43.57,2.0,665.0,669.0,1.0,79.9,23.0,Joint App,6,High Risk,Manual Review
138414783,15000.0, 36 months,24.37,E,E2,5 years,RENT,70000.0,Verified,debt_consolidation,UT,36.65,0.0,665.0,669.0,0.0,73.6,28.0,Individual,5,High Risk,Manual Review
139255857,18600.0, 60 months,30.89,G,G3,,MORTGAGE,36804.0,Not Verified,debt_consolidation,MI,38.28,0.0,700.0,704.0,1.0,81.3,11.0,Joint App,6,High Risk,Manual Review
137883314,30000.0, 60 months,27.27,E,E5,,RENT,69000.0,Verified,debt_consolidation,CO,39.17,0.0,675.0,679.0,2.0,56.3,24.0,Individual,5,High Risk,Manual Review
139301877,7000.0, 36 months,16.91,C,C5,< 1 year,RENT,33280.0,Verified,debt_consolidation,TX,30.47,1.0,660.0,664.0,2.0,92.0,15.0,Individual,5,High Risk,Manual Review
138237715,15000.0, 60 months,30.75,F,F5,9 years,MORTGAGE,39000.0,Source Verified,credit_card,MA,44.37,0.0,675.0,679.0,0.0,55.6,19.0,Joint App,5,High Risk,Manual Review
138950756,4275.0, 36 months,25.34,E,E3,,MORTGAGE,29700.0,Verified,debt_consolidation,WI,50.79,0.0,695.0,699.0,2.0,82.2,12.0,Joint App,6,High Risk,Manual Review
139278280,18650.0, 36 months,25.34,E,E3,4 years,MORTGAGE,44000.0,Source Verified,debt_consolidation,OH,49.95,0.0,695.0,699.0,0.0,81.2,13.0,Joint App,6,High Risk,Manual Review
137561512,25000.0, 60 months,30.79,G,G1,< 1 year,MORTGAGE,75000.0,Source Verified,credit_card,FL,33.7,0.0,705.0,709.0,1.0,96.1,17.0,Individual,6,High Risk,Manual Review
139061420,12000.0, 60 months,29.69,F,F2,10+ years,RENT,65700.0,Verified,debt_consolidation,NJ,38.3,0.0,660.0,664.0,0.0,73.4,24.0,Individual,5,High Risk,Manual Review
139244278,10500.0, 60 months,25.34,E,E3,9 years,MORTGAGE,67000.0,Not Verified,credit_card,LA,30.29,0.0,685.0,689.0,0.0,67.2,28.0,Individual,5,High Risk,Manual Review
138956696,3700.0, 36 months,30.84,G,G2,10+ years,RENT,14283.0,Source Verified,other,OH,34.87,0.0,700.0,704.0,0.0,89.6,3.0,Individual,6,High Risk,Manual Review
139234566,13600.0, 36 months,24.37,E,E2,9 years,RENT,75000.0,Source Verified,debt_consolidation,TX,35.41,0.0,695.0,699.0,0.0,72.5,24.0,Individual,5,High Risk,Manual Review
137467441,20425.0, 60 months,27.27,E,E5,10+ years,MORTGAGE,57000.0,Verified,debt_consolidation,PA,38.11,1.0,675.0,679.0,1.0,78.0,16.0,Individual,6,High Risk,Manual Review
138956189,13400.0, 60 months,28.72,F,F1,2 years,MORTGAGE,160360.0,Source Verified,home_improvement,AL,37.22,0.0,730.0,734.0,0.0,57.0,40.0,Individual,5,High Risk,Manual Review
139086946,22000.0, 60 months,23.4,E,E1,10+ years,MORTGAGE,101000.0,Verified,debt_consolidation,FL,18.01,1.0,665.0,669.0,1.0,89.9,16.0,Individual,5,High Risk,Manual Review
139238648,4800.0, 36 months,24.37,E,E2,4 years,RENT,37000.0,Verified,home_improvement,FL,40.09,0.0,670.0,674.0,1.0,49.1,7.0,Joint App,5,High Risk,Manual Review
139016085,5400.0, 36 months,24.37,E,E2,,MORTGAGE,15000.0,Verified,debt_consolidation,IL,34.0,0.0,705.0,709.0,2.0,83.4,7.0,Individual,6,High Risk,Manual Review
139014760,5875.0, 36 months,23.4,E,E1,,RENT,16200.0,Verified,debt_consolidation,KS,32.74,0.0,690.0,694.0,0.0,45.1,7.0,Individual,5,High Risk,Manual Review
138701429,24000.0, 36 months,23.4,E,E1,3 years,MORTGAGE,43000.0,Verified,debt_consolidation,KS,32.24,2.0,680.0,684.0,0.0,55.2,31.0,Joint App,6,High Risk,Manual Review
138925423,3500.0, 36 months,23.4,E,E1,8 years,RENT,42000.0,Verified,other,CA,48.83,0.0,720.0,724.0,0.0,97.5,9.0,Joint App,6,High Risk,Manual Review
139245959,12000.0, 60 months,26.31,E,E4,10+ years,MORTGAGE,62830.0,Verified,debt_consolidation,UT,35.49,0.0,680.0,684.0,2.0,46.9,44.0,Joint App,5,High Risk,Manual Review
138861063,35000.0, 60 months,30.84,G,G2,6 years,MORTGAGE,50000.0,Not Verified,debt_consolidation,FL,61.19,1.0,670.0,674.0,0.0,79.1,13.0,Joint App,6,High Risk,Manual Review
138378437,19900.0, 36 months,30.75,F,F5,10+ years,RENT,95000.0,Verified,debt_consolidation,NY,38.25,0.0,680.0,684.0,0.0,81.0,19.0,Individual,6,High Risk,Manual Review
139219414,6000.0, 36 months,24.37,E,E2,4 years,RENT,125000.0,Not Verified,other,VA,31.56,0.0,675.0,679.0,1.0,87.7,48.0,Individual,6,High Risk,Manual Review
139056945,20000.0, 60 months,30.99,G,G5,< 1 year,MORTGAGE,125000.0,Not Verified,home_improvement,IL,32.75,0.0,695.0,699.0,3.0,80.3,41.0,Individual,6,High Risk,Manual Review
138868696,17775.0, 60 months,26.31,E,E4,,MORTGAGE,45000.0,Not Verified,debt_consolidation,AL,34.88,0.0,720.0,724.0,0.0,53.9,51.0,Individual,5,High Risk,Manual Review
139257327,1000.0, 36 months,29.69,F,F2,1 year,RENT,22000.0,Verified,medical,IL,39.33,0.0,720.0,724.0,1.0,27.8,16.0,Individual,5,High Risk,Manual Review
138265468,30000.0, 60 months,26.31,E,E4,10+ years,MORTGAGE,83000.0,Verified,debt_consolidation,MD,37.13,0.0,705.0,709.0,0.0,73.1,28.0,Individual,5,High Risk,Manual Review
138893307,3600.0, 36 months,27.27,E,E5,,MORTGAGE,42000.0,Verified,other,PA,49.54,0.0,665.0,669.0,0.0,96.0,21.0,Joint App,6,High Risk,Manual Review
139035982,30000.0, 36 months,23.4,E,E1,2 years,MORTGAGE,211000.0,Source Verified,credit_card,TX,20.62,1.0,680.0,684.0,0.0,83.6,26.0,Joint App,5,High Risk,Manual Review
139218819,10000.0, 36 months,16.14,C,C4,10+ years,MORTGAGE,106000.0,Source Verified,debt_consolidation,GA,30.52,2.0,700.0,704.0,0.0,86.0,22.0,Individual,5,High Risk,Manual Review
138273371,2500.0, 36 months,30.75,F,F5,10+ years,MORTGAGE,45000.0,Verified,other,FL,32.51,0.0,700.0,704.0,0.0,37.1,13.0,Individual,5,High Risk,Manual Review
139104908,29500.0, 60 months,25.34,E,E3,7 years,MORTGAGE,62500.0,Verified,debt_consolidation,AZ,32.33,1.0,670.0,674.0,0.0,78.6,19.0,Individual,6,High Risk,Manual Review
138757196,35000.0, 60 months,26.31,E,E4,2 years,MORTGAGE,40000.0,Verified,credit_card,TX,45.15,0.0,660.0,664.0,0.0,59.4,40.0,Joint App,5,High Risk,Manual Review
139206066,16975.0, 36 months,16.91,C,C5,,MORTGAGE,35000.0,Source Verified,debt_consolidation,MD,96.54,1.0,730.0,734.0,1.0,97.7,27.0,Joint App,5,High Risk,Manual Review
138997707,18000.0, 60 months,27.27,E,E5,10+ years,OWN,65000.0,Source Verified,other,CA,30.5,0.0,700.0,704.0,1.0,54.3,28.0,Individual,5,High Risk,Manual Review
138444868,10000.0, 60 months,30.79,G,G1,10+ years,MORTGAGE,91420.0,Verified,debt_consolidation,MA,31.45,0.0,735.0,739.0,0.0,43.2,33.0,Individual,5,High Risk,Manual Review
139195308,28000.0, 60 months,18.94,D,D2,3 years,MORTGAGE,65000.0,Verified,credit_card,ID,53.42,1.0,665.0,669.0,0.0,83.5,23.0,Joint App,5,High Risk,Manual Review
138151154,20000.0, 60 months,27.27,E,E5,10+ years,MORTGAGE,54000.0,Not Verified,debt_consolidation,SC,31.93,0.0,665.0,669.0,0.0,53.0,27.0,Individual,5,High Risk,Manual Review
137932281,12000.0, 60 months,28.72,F,F1,3 years,RENT,100000.0,Verified,moving,NM,35.47,0.0,695.0,699.0,0.0,35.4,21.0,Individual,5,High Risk,Manual Review
139201318,20600.0, 36 months,25.34,E,E3,10+ years,MORTGAGE,75000.0,Source Verified,credit_card,NY,30.22,0.0,695.0,699.0,1.0,61.8,21.0,Individual,5,High Risk,Manual Review
139202403,30000.0, 60 months,27.27,E,E5,10+ years,MORTGAGE,50547.6,Verified,debt_consolidation,NC,30.11,0.0,700.0,704.0,0.0,41.5,12.0,Individual,5,High Risk,Manual Review
139227590,12000.0, 36 months,17.97,D,D1,4 years,MORTGAGE,55000.0,Not Verified,credit_card,NY,37.22,1.0,660.0,664.0,0.0,82.1,28.0,Individual,5,High Risk,Manual Review
139073895,10000.0, 60 months,27.27,E,E5,10+ years,MORTGAGE,80000.0,Verified,home_improvement,MD,36.47,0.0,710.0,714.0,2.0,17.8,33.0,Individual,5,High Risk,Manual Review
139203519,20000.0, 36 months,24.37,E,E2,6 years,RENT,45000.0,Source Verified,debt_consolidation,NY,34.53,0.0,680.0,684.0,1.0,58.3,27.0,Individual,5,High Risk,Manual Review
139211325,18500.0, 60 months,25.34,E,E3,6 years,MORTGAGE,126049.0,Not Verified,credit_card,MD,32.66,0.0,695.0,699.0,0.0,61.5,47.0,Individual,5,High Risk,Manual Review
139182836,12000.0, 60 months,24.37,E,E2,4 years,OWN,54000.0,Not Verified,house,TX,14.24,1.0,670.0,674.0,0.0,82.4,13.0,Individual,5,High Risk,Manual Review
139157385,20000.0, 60 months,28.72,F,F1,10+ years,MORTGAGE,64212.0,Verified,debt_consolidation,KY,31.58,0.0,695.0,699.0,0.0,69.7,27.0,Individual,5,High Risk,Manual Review
139121193,10000.0, 36 months,17.97,D,D1,5 years,MORTGAGE,49000.0,Verified,debt_consolidation,TN,36.49,4.0,660.0,664.0,0.0,93.2,15.0,Individual,5,High Risk,Manual Review
139016076,18000.0, 60 months,27.27,E,E5,3 years,RENT,35000.0,Source Verified,debt_consolidation,MO,32.82,0.0,735.0,739.0,1.0,9.5,22.0,Individual,5,High Risk,Manual Review
138862897,7875.0, 36 months,27.27,E,E5,10+ years,MORTGAGE,47000.0,Verified,debt_consolidation,SC,39.96,0.0,670.0,674.0,0.0,33.4,40.0,Individual,5,High Risk,Manual Review
139120184,1600.0, 36 months,24.37,E,E2,9 years,OWN,40000.0,Source Verified,vacation,TX,57.28,0.0,670.0,674.0,0.0,35.3,15.0,Joint App,5,High Risk,Manual Review
139029393,32175.0, 60 months,23.4,E,E1,,MORTGAGE,34032.0,Source Verified,credit_card,AR,42.38,0.0,685.0,689.0,1.0,81.2,14.0,Joint App,6,High Risk,Manual Review
138705164,8000.0, 36 months,24.37,E,E2,10+ years,MORTGAGE,70000.0,Source Verified,home_improvement,PA,15.45,1.0,685.0,689.0,1.0,88.2,20.0,Individual,5,High Risk,Manual Review
138820137,20000.0, 60 months,27.27,E,E5,10+ years,RENT,103000.0,Source Verified,credit_card,FL,33.97,0.0,680.0,684.0,0.0,71.8,42.0,Individual,5,High Risk,Manual Review
138086338,24000.0, 60 months,26.31,E,E4,6 years,MORTGAGE,110000.0,Not Verified,debt_consolidation,NY,34.94,0.0,705.0,709.0,0.0,53.3,33.0,Individual,5,High Risk,Manual Review
138893127,25300.0, 60 months,30.75,F,F5,4 years,MORTGAGE,40000.0,Verified,home_improvement,TX,38.4,0.0,675.0,679.0,0.0,38.2,17.0,Joint App,5,High Risk,Manual Review
138933106,14000.0, 60 months,30.17,F,F3,10+ years,MORTGAGE,70000.0,Source Verified,credit_card,VA,34.58,0.0,660.0,664.0,1.0,51.8,28.0,Individual,5,High Risk,Manual Review
138963606,35525.0, 36 months,25.34,E,E3,10+ years,MORTGAGE,185000.0,Not Verified,debt_consolidation,IN,36.97,0.0,695.0,699.0,1.0,62.3,45.0,Joint App,5,High Risk,Manual Review
138425063,15000.0, 60 months,27.27,E,E5,2 years,RENT,60000.0,Not Verified,debt_consolidation,CA,32.58,0.0,700.0,704.0,0.0,95.2,18.0,Individual,6,High Risk,Manual Review
138733887,36525.0, 60 months,26.31,E,E4,3 years,RENT,25000.0,Source Verified,debt_consolidation,HI,38.26,0.0,680.0,684.0,0.0,54.5,12.0,Joint App,5,High Risk,Manual Review
138961724,15000.0, 60 months,30.65,F,F4,< 1 year,MORTGAGE,83650.0,Not Verified,major_purchase,ID,34.02,0.0,665.0,669.0,1.0,55.9,52.0,Individual,5,High Risk,Manual Review
138938197,7150.0, 36 months,24.37,E,E2,,MORTGAGE,28400.0,Verified,debt_consolidation,FL,48.77,0.0,665.0,669.0,1.0,86.0,16.0,Joint App,6,High Risk,Manual Review
138621243,22825.0, 60 months,24.37,E,E2,2 years,OWN,95000.0,Not Verified,credit_card,PA,39.14,0.0,740.0,744.0,1.0,36.1,38.0,Individual,5,High Risk,Manual Review
138544618,20400.0, 60 months,28.72,F,F1,5 years,MORTGAGE,36000.0,Verified,debt_consolidation,GA,48.57,0.0,685.0,689.0,0.0,56.0,13.0,Joint App,5,High Risk,Manual Review
138993666,25000.0, 60 months,26.31,E,E4,7 years,RENT,61000.0,Not Verified,debt_consolidation,CA,30.81,0.0,695.0,699.0,0.0,47.7,22.0,Joint App,5,High Risk,Manual Review
138864428,10000.0, 60 months,27.27,E,E5,,OWN,14532.0,Not Verified,credit_card,FL,38.27,1.0,715.0,719.0,0.0,23.5,23.0,Individual,6,High Risk,Manual Review
139051899,20000.0, 60 months,24.37,E,E2,9 years,MORTGAGE,75000.0,Verified,credit_card,SC,37.29,0.0,665.0,669.0,0.0,79.1,23.0,Individual,5,High Risk,Manual Review
139036300,24000.0, 60 months,26.31,E,E4,2 years,MORTGAGE,85000.0,Not Verified,home_improvement,CT,33.57,1.0,715.0,719.0,2.0,25.8,26.0,Joint App,6,High Risk,Manual Review
138871055,25000.0, 36 months,23.4,E,E1,6 years,RENT,56000.0,Source Verified,credit_card,FL,34.98,0.0,680.0,684.0,0.0,65.2,59.0,Individual,5,High Risk,Manual Review
138886292,3500.0, 36 months,26.31,E,E4,10+ years,MORTGAGE,73000.0,Verified,moving,AZ,40.39,0.0,680.0,684.0,1.0,63.7,41.0,Joint App,5,High Risk,Manual Review
138438420,20000.0, 60 months,27.27,E,E5,,MORTGAGE,75000.0,Verified,credit_card,CA,30.21,0.0,665.0,669.0,0.0,88.6,24.0,Individual,6,High Risk,Manual Review
139011352,4800.0, 36 months,24.37,E,E2,2 years,MORTGAGE,35984.0,Verified,credit_card,OH,33.76,0.0,665.0,669.0,0.0,59.5,14.0,Joint App,5,High Risk,Manual Review
138728523,5000.0, 36 months,23.4,E,E1,10+ years,OWN,109000.0,Source Verified,debt_consolidation,TX,36.52,0.0,715.0,719.0,0.0,39.0,16.0,Joint App,5,High Risk,Manual Review
138867451,27500.0, 60 months,19.92,D,D3,10+ years,RENT,105000.0,Verified,debt_consolidation,AZ,41.23,11.0,665.0,669.0,2.0,90.0,56.0,Joint App,5,High Risk,Manual Review
138890192,25000.0, 60 months,30.79,G,G1,5 years,MORTGAGE,72000.0,Source Verified,debt_consolidation,NJ,33.72,0.0,685.0,689.0,0.0,46.9,29.0,Joint App,5,High Risk,Manual Review
138633710,25000.0, 36 months,24.37,E,E2,6 years,RENT,66552.0,Verified,debt_consolidation,CA,32.69,0.0,700.0,704.0,0.0,68.0,37.0,Individual,5,High Risk,Manual Review
138284502,31275.0, 36 months,22.35,D,D5,,MORTGAGE,3000.0,Not Verified,home_improvement,FL,382.8,1.0,675.0,679.0,0.0,81.1,26.0,Joint App,5,High Risk,Manual Review
138863037,25000.0, 36 months,27.27,E,E5,10+ years,MORTGAGE,102000.0,Verified,debt_consolidation,WV,39.28,0.0,705.0,709.0,1.0,94.6,25.0,Individual,6,High Risk,Manual Review
138831775,16000.0, 60 months,26.31,E,E4,10+ years,MORTGAGE,40000.0,Not Verified,debt_consolidation,KY,36.09,0.0,680.0,684.0,1.0,82.8,10.0,Joint App,6,High Risk,Manual Review
139061169,12300.0, 60 months,26.31,E,E4,8 years,RENT,30000.0,Not Verified,credit_card,NY,38.84,1.0,700.0,704.0,0.0,32.2,22.0,Individual,6,High Risk,Manual Review
138936954,7950.0, 36 months,25.34,E,E3,3 years,MORTGAGE,59000.0,Not Verified,home_improvement,NJ,24.84,3.0,660.0,664.0,0.0,95.5,32.0,Individual,5,High Risk,Manual Review
138992362,8000.0, 36 months,24.37,E,E2,3 years,MORTGAGE,94000.0,Verified,debt_consolidation,WA,54.29,0.0,665.0,669.0,0.0,86.6,64.0,Joint App,6,High Risk,Manual Review
138918227,6000.0, 36 months,27.27,E,E5,10+ years,MORTGAGE,60000.0,Verified,home_improvement,FL,38.6,0.0,715.0,719.0,1.0,59.1,54.0,Individual,5,High Risk,Manual Review
138979768,29450.0, 36 months,27.27,E,E5,2 years,RENT,100000.0,Not Verified,debt_consolidation,NC,36.24,0.0,695.0,699.0,0.0,82.0,37.0,Individual,6,High Risk,Manual Review
138971873,40000.0, 60 months,25.34,E,E3,3 years,MORTGAGE,104000.0,Not Verified,debt_consolidation,OH,30.39,0.0,705.0,709.0,1.0,33.2,48.0,Joint App,5,High Risk,Manual Review
139051838,15000.0, 60 months,28.72,F,F1,10+ years,RENT,55000.0,Source Verified,debt_consolidation,FL,31.44,1.0,660.0,664.0,0.0,84.8,17.0,Individual,7,High Risk,Manual Review
139048117,2000.0, 36 months,25.34,E,E3,10+ years,MORTGAGE,72000.0,Not Verified,debt_consolidation,TN,38.05,0.0,725.0,729.0,0.0,75.1,10.0,Individual,5,High Risk,Manual Review
138758997,17900.0, 60 months,23.4,E,E1,10+ years,RENT,39820.0,Verified,debt_consolidation,GA,33.97,0.0,715.0,719.0,0.0,72.0,16.0,Individual,5,High Risk,Manual Review
138085773,1000.0, 36 months,27.27,E,E5,10+ years,MORTGAGE,45000.0,Verified,debt_consolidation,MI,37.59,0.0,660.0,664.0,1.0,7.3,25.0,Individual,5,High Risk,Manual Review
137528715,28900.0, 60 months,30.17,F,F3,2 years,RENT,60000.0,Verified,debt_consolidation,TN,47.4,0.0,705.0,709.0,0.0,61.2,33.0,Joint App,5,High Risk,Manual Review
139033579,19950.0, 60 months,27.27,E,E5,1 year,MORTGAGE,61000.0,Not Verified,credit_card,MO,36.75,0.0,700.0,704.0,0.0,56.4,26.0,Individual,5,High Risk,Manual Review
139036404,25000.0, 36 months,25.34,E,E3,3 years,MORTGAGE,115000.0,Not Verified,debt_consolidation,MA,20.71,1.0,670.0,674.0,1.0,96.5,24.0,Individual,5,High Risk,Manual Review
138938236,28800.0, 60 months,26.31,E,E4,3 years,RENT,70000.0,Not Verified,debt_consolidation,AZ,30.66,0.0,675.0,679.0,0.0,81.4,19.0,Individual,6,High Risk,Manual Review
138946738,20000.0, 60 months,24.37,E,E2,2 years,RENT,110000.0,Not Verified,credit_card,NY,37.27,0.0,675.0,679.0,1.0,69.6,25.0,Individual,5,High Risk,Manual Review
138846257,30000.0, 60 months,24.37,E,E2,10+ years,MORTGAGE,75000.0,Verified,debt_consolidation,WV,30.94,2.0,660.0,664.0,1.0,70.0,37.0,Individual,6,High Risk,Manual Review
139037299,10500.0, 60 months,28.72,F,F1,10+ years,RENT,58000.0,Source Verified,debt_consolidation,PA,30.89,0.0,765.0,769.0,1.0,2.5,30.0,Individual,5,High Risk,Manual Review
138962146,15000.0, 60 months,25.34,E,E3,10+ years,MORTGAGE,60000.0,Verified,debt_consolidation,TN,38.42,0.0,690.0,694.0,2.0,41.1,40.0,Individual,5,High Risk,Manual Review
139002687,12000.0, 36 months,23.4,E,E1,5 years,OWN,44000.0,Not Verified,debt_consolidation,CA,39.77,0.0,700.0,704.0,0.0,19.1,31.0,Individual,5,High Risk,Manual Review
138991259,30000.0, 60 months,27.27,E,E5,2 years,MORTGAGE,68500.0,Source Verified,credit_card,CA,31.87,0.0,680.0,684.0,2.0,63.5,25.0,Joint App,5,High Risk,Manual Review
137562877,16800.0, 60 months,28.72,F,F1,10+ years,OWN,57300.0,Source Verified,debt_consolidation,PA,32.31,0.0,720.0,724.0,0.0,76.9,14.0,Individual,5,High Risk,Manual Review
138956339,24000.0, 60 months,27.27,E,E5,4 years,MORTGAGE,55000.0,Not Verified,other,MD,34.48,0.0,710.0,714.0,0.0,39.3,36.0,Joint App,5,High Risk,Manual Review
138929134,26400.0, 60 months,27.27,E,E5,10+ years,RENT,70000.0,Verified,debt_consolidation,VA,31.65,0.0,765.0,769.0,3.0,19.0,29.0,Individual,5,High Risk,Manual Review
139012309,20000.0, 36 months,26.31,E,E4,2 years,MORTGAGE,57000.0,Verified,debt_consolidation,LA,14.36,1.0,660.0,664.0,0.0,88.9,13.0,Individual,5,High Risk,Manual Review
138929584,26475.0, 36 months,23.4,E,E1,< 1 year,MORTGAGE,75000.0,Not Verified,home_improvement,TX,35.39,1.0,675.0,679.0,0.0,91.8,24.0,Joint App,7,High Risk,Manual Review
138753532,5000.0, 36 months,23.4,E,E1,10+ years,MORTGAGE,33000.0,Verified,debt_consolidation,NE,32.47,1.0,660.0,664.0,0.0,86.9,28.0,Individual,7,High Risk,Manual Review
138989164,16000.0, 60 months,27.27,E,E5,4 years,RENT,35000.0,Verified,debt_consolidation,KS,34.57,0.0,700.0,704.0,0.0,29.4,13.0,Individual,5,High Risk,Manual Review
138992744,10000.0, 60 months,28.72,F,F1,,MORTGAGE,93000.0,Verified,credit_card,CA,17.43,3.0,665.0,669.0,0.0,93.8,18.0,Individual,5,High Risk,Manual Review
138979725,28300.0, 60 months,26.31,E,E4,10+ years,RENT,105000.0,Verified,credit_card,NY,35.37,0.0,690.0,694.0,0.0,65.3,23.0,Individual,5,High Risk,Manual Review
139008131,10000.0, 36 months,24.37,E,E2,6 years,RENT,52000.0,Not Verified,debt_consolidation,WA,37.71,0.0,725.0,729.0,1.0,31.3,20.0,Individual,5,High Risk,Manual Review
138993644,10000.0, 60 months,27.27,E,E5,10+ years,MORTGAGE,29000.0,Verified,debt_consolidation,MO,44.5,0.0,715.0,719.0,2.0,0.0,25.0,Joint App,5,High Risk,Manual Review
138953561,10000.0, 60 months,25.34,E,E3,10+ years,MORTGAGE,150000.0,Not Verified,other,CT,30.01,0.0,680.0,684.0,3.0,75.9,59.0,Joint App,5,High Risk,Manual Review
138895791,16000.0, 36 months,24.37,E,E2,2 years,MORTGAGE,82500.0,Source Verified,debt_consolidation,TX,42.56,0.0,665.0,669.0,0.0,53.5,32.0,Joint App,5,High Risk,Manual Review
136914842,23200.0, 60 months,16.14,C,C4,10+ years,MORTGAGE,70000.0,Verified,debt_consolidation,MD,30.21,5.0,680.0,684.0,0.0,94.0,28.0,Individual,5,High Risk,Manual Review
139002266,1000.0, 36 months,24.37,E,E2,< 1 year,OWN,45000.0,Not Verified,debt_consolidation,NE,38.37,0.0,710.0,714.0,0.0,49.0,17.0,Individual,5,High Risk,Manual Review
137738627,26000.0, 60 months,20.89,D,D4,9 years,MORTGAGE,55000.0,Verified,debt_consolidation,OR,42.48,1.0,675.0,679.0,0.0,93.1,36.0,Joint App,5,High Risk,Manual Review
138616021,32775.0, 60 months,26.31,E,E4,5 years,RENT,20683.0,Source Verified,debt_consolidation,OR,62.33,0.0,705.0,709.0,0.0,84.2,15.0,Joint App,6,High Risk,Manual Review
138133593,12000.0, 60 months,24.37,E,E2,3 years,OWN,50000.0,Source Verified,credit_card,CA,32.69,0.0,670.0,674.0,0.0,61.9,29.0,Individual,5,High Risk,Manual Review
138418556,8000.0, 36 months,25.34,E,E3,,MORTGAGE,24370.0,Source Verified,other,NY,33.2,0.0,685.0,689.0,1.0,80.4,12.0,Joint App,6,High Risk,Manual Review
138964493,20000.0, 36 months,30.75,F,F5,2 years,OWN,40000.0,Source Verified,debt_consolidation,CA,35.04,0.0,685.0,689.0,0.0,59.6,20.0,Individual,5,High Risk,Manual Review
138446364,18000.0, 60 months,28.72,F,F1,,RENT,36000.0,Verified,debt_consolidation,AL,35.13,0.0,665.0,669.0,0.0,87.2,26.0,Individual,6,High Risk,Manual Review
138767626,5000.0, 36 months,23.4,E,E1,10+ years,RENT,22000.0,Verified,debt_consolidation,WA,32.24,1.0,700.0,704.0,0.0,50.5,5.0,Joint App,6,High Risk,Manual Review
138941967,15000.0, 60 months,25.34,E,E3,10+ years,MORTGAGE,60000.0,Verified,debt_consolidation,MD,30.88,0.0,675.0,679.0,1.0,90.2,26.0,Individual,6,High Risk,Manual Review
138975656,15000.0, 60 months,27.27,E,E5,2 years,RENT,41000.0,Source Verified,debt_consolidation,MA,31.35,0.0,665.0,669.0,2.0,48.3,24.0,Individual,5,High Risk,Manual Review
138426587,19000.0, 36 months,25.34,E,E3,2 years,RENT,30000.0,Not Verified,debt_consolidation,CA,51.23,0.0,710.0,714.0,3.0,7.0,27.0,Joint App,5,High Risk,Manual Review
138983204,12500.0, 60 months,27.27,E,E5,,MORTGAGE,5500.0,Not Verified,debt_consolidation,NC,202.84,1.0,660.0,664.0,0.0,66.1,53.0,Joint App,6,High Risk,Manual Review
138486128,10500.0, 36 months,24.37,E,E2,3 years,RENT,60000.0,Source Verified,debt_consolidation,MO,31.02,0.0,675.0,679.0,0.0,63.4,23.0,Individual,5,High Risk,Manual Review
138704886,2425.0, 36 months,27.27,E,E5,,MORTGAGE,34661.0,Verified,debt_consolidation,VA,34.11,0.0,665.0,669.0,0.0,85.9,15.0,Individual,6,High Risk,Manual Review
138577656,12000.0, 60 months,30.65,F,F4,10+ years,RENT,52960.0,Source Verified,debt_consolidation,WA,35.3,0.0,690.0,694.0,0.0,96.6,36.0,Individual,6,High Risk,Manual Review
138697234,20000.0, 60 months,29.69,F,F2,10+ years,MORTGAGE,72000.0,Source Verified,debt_consolidation,IL,32.02,1.0,680.0,684.0,0.0,88.9,55.0,Joint App,7,High Risk,Manual Review
138833620,10000.0, 60 months,25.34,E,E3,9 years,MORTGAGE,42987.0,Not Verified,car,NC,33.7,0.0,680.0,684.0,3.0,37.8,28.0,Individual,5,High Risk,Manual Review
138211968,20000.0, 60 months,27.27,E,E5,10+ years,RENT,58000.0,Verified,debt_consolidation,NJ,37.53,0.0,700.0,704.0,0.0,30.9,22.0,Individual,5,High Risk,Manual Review
138881361,20000.0, 60 months,26.31,E,E4,5 years,MORTGAGE,46350.0,Verified,debt_consolidation,OK,39.31,0.0,705.0,709.0,0.0,80.7,20.0,Joint App,6,High Risk,Manual Review
137818130,14000.0, 60 months,28.72,F,F1,10+ years,RENT,57699.0,Not Verified,debt_consolidation,NJ,33.34,3.0,685.0,689.0,0.0,42.9,19.0,Joint App,6,High Risk,Manual Review
138524573,7625.0, 36 months,24.37,E,E2,,MORTGAGE,18000.0,Not Verified,debt_consolidation,IN,21.87,1.0,665.0,669.0,0.0,90.5,20.0,Individual,5,High Risk,Manual Review
137790351,25000.0, 60 months,23.4,E,E1,10+ years,RENT,75000.0,Source Verified,credit_card,NJ,36.99,1.0,660.0,664.0,0.0,56.8,51.0,Individual,6,High Risk,Manual Review
138234674,12000.0, 60 months,25.34,E,E3,1 year,RENT,120000.0,Source Verified,debt_consolidation,FL,30.03,0.0,675.0,679.0,0.0,86.5,27.0,Individual,6,High Risk,Manual Review
138546891,20000.0, 60 months,26.31,E,E4,10+ years,MORTGAGE,62000.0,Verified,debt_consolidation,PA,37.19,0.0,690.0,694.0,1.0,24.0,40.0,Individual,5,High Risk,Manual Review
138538215,16000.0, 60 months,29.69,F,F2,1 year,MORTGAGE,23000.0,Verified,debt_consolidation,MO,45.93,0.0,660.0,664.0,0.0,77.2,36.0,Joint App,5,High Risk,Manual Review
138869685,15300.0, 60 months,27.27,E,E5,10+ years,MORTGAGE,63000.0,Verified,home_improvement,CA,39.03,0.0,720.0,724.0,0.0,84.1,29.0,Individual,6,High Risk,Manual Review
138936318,21000.0, 60 months,27.27,E,E5,5 years,MORTGAGE,85000.0,Not Verified,debt_consolidation,PA,33.08,0.0,730.0,734.0,0.0,49.9,23.0,Individual,5,High Risk,Manual Review
138612587,4000.0, 36 months,30.65,F,F4,5 years,RENT,37632.0,Verified,other,NY,33.34,0.0,690.0,694.0,0.0,26.3,6.0,Individual,5,High Risk,Manual Review
138767153,16000.0, 60 months,30.65,F,F4,< 1 year,OWN,38465.0,Verified,debt_consolidation,CO,38.19,0.0,690.0,694.0,0.0,36.1,30.0,Individual,5,High Risk,Manual Review
138183521,10000.0, 60 months,24.37,E,E2,< 1 year,RENT,55000.0,Verified,debt_consolidation,PA,38.34,0.0,720.0,724.0,2.0,31.0,33.0,Individual,5,High Risk,Manual Review
138933003,10000.0, 36 months,24.37,E,E2,,MORTGAGE,19000.0,Verified,debt_consolidation,OH,37.4,0.0,705.0,709.0,1.0,74.7,6.0,Individual,5,High Risk,Manual Review
138928015,16000.0, 36 months,23.4,E,E1,10+ years,RENT,98000.0,Not Verified,debt_consolidation,NY,37.28,1.0,710.0,714.0,0.0,66.7,27.0,Joint App,6,High Risk,Manual Review
138876938,20000.0, 60 months,30.79,G,G1,10+ years,MORTGAGE,41000.0,Verified,debt_consolidation,AZ,38.85,0.0,735.0,739.0,0.0,65.4,10.0,Joint App,5,High Risk,Manual Review
138426205,13000.0, 60 months,26.31,E,E4,5 years,OWN,24000.0,Verified,debt_consolidation,UT,49.21,0.0,710.0,714.0,0.0,37.2,10.0,Joint App,5,High Risk,Manual Review
138908445,5000.0, 36 months,24.37,E,E2,10+ years,MORTGAGE,50000.0,Verified,debt_consolidation,TX,37.42,0.0,710.0,714.0,0.0,50.9,29.0,Individual,5,High Risk,Manual Review
138926390,20000.0, 60 months,28.72,F,F1,1 year,MORTGAGE,65000.0,Source Verified,home_improvement,CO,31.19,0.0,690.0,694.0,0.0,64.3,25.0,Individual,5,High Risk,Manual Review
138928607,8000.0, 36 months,16.91,C,C5,4 years,OWN,139600.0,Not Verified,debt_consolidation,MO,33.93,3.0,675.0,679.0,1.0,83.8,43.0,Joint App,5,High Risk,Manual Review
138414981,3900.0, 36 months,25.34,E,E3,10+ years,MORTGAGE,46700.0,Verified,debt_consolidation,LA,23.52,2.0,660.0,664.0,1.0,83.2,31.0,Individual,5,High Risk,Manual Review
137716543,15000.0, 60 months,26.31,E,E4,5 years,MORTGAGE,60000.0,Source Verified,credit_card,MI,37.4,0.0,700.0,704.0,0.0,86.9,27.0,Individual,6,High Risk,Manual Review
138705634,9450.0, 36 months,27.27,E,E5,< 1 year,MORTGAGE,52500.0,Verified,debt_consolidation,MS,61.9,0.0,710.0,714.0,1.0,69.3,29.0,Joint App,5,High Risk,Manual Review
137974890,12000.0, 60 months,30.79,G,G1,4 years,MORTGAGE,30000.0,Verified,debt_consolidation,NJ,36.24,0.0,670.0,674.0,2.0,30.2,55.0,Joint App,5,High Risk,Manual Review
138878508,1000.0, 36 months,23.4,E,E1,< 1 year,RENT,48000.0,Not Verified,other,CT,19.85,6.0,660.0,664.0,1.0,81.1,16.0,Individual,5,High Risk,Manual Review
138830556,16450.0, 60 months,27.27,E,E5,5 years,RENT,50000.0,Verified,debt_consolidation,TX,52.52,0.0,675.0,679.0,0.0,51.6,20.0,Joint App,5,High Risk,Manual Review
138811955,23800.0, 60 months,20.89,D,D4,,OWN,34500.0,Verified,credit_card,VA,41.31,1.0,660.0,664.0,0.0,87.3,16.0,Joint App,5,High Risk,Manual Review
138853503,30000.0, 36 months,16.14,C,C4,2 years,RENT,80000.0,Not Verified,debt_consolidation,MD,34.55,1.0,675.0,679.0,0.0,88.8,36.0,Individual,5,High Risk,Manual Review
138827529,30000.0, 60 months,25.34,E,E3,10+ years,MORTGAGE,60000.0,Verified,small_business,PA,72.34,0.0,670.0,674.0,2.0,69.7,32.0,Joint App,5,High Risk,Manual Review
138517827,30000.0, 60 months,24.37,E,E2,7 years,MORTGAGE,80000.0,Verified,debt_consolidation,IL,35.64,0.0,695.0,699.0,0.0,71.3,27.0,Individual,5,High Risk,Manual Review
138757355,21000.0, 60 months,27.27,E,E5,10+ years,MORTGAGE,40000.0,Verified,debt_consolidation,CT,33.84,0.0,700.0,704.0,2.0,38.7,29.0,Individual,5,High Risk,Manual Review
138711808,8000.0, 36 months,27.27,E,E5,2 years,RENT,28000.0,Source Verified,debt_consolidation,FL,30.39,0.0,710.0,714.0,1.0,37.4,14.0,Joint App,5,High Risk,Manual Review
138311719,7600.0, 36 months,24.37,E,E2,10+ years,MORTGAGE,58000.0,Verified,other,FL,33.35,1.0,675.0,679.0,1.0,72.0,15.0,Joint App,6,High Risk,Manual Review
138735112,1200.0, 36 months,24.37,E,E2,10+ years,MORTGAGE,94000.0,Source Verified,other,NJ,10.32,4.0,660.0,664.0,0.0,85.1,29.0,Individual,5,High Risk,Manual Review
138883710,30000.0, 60 months,25.34,E,E3,3 years,RENT,50358.0,Not Verified,debt_consolidation,MO,41.23,0.0,660.0,664.0,0.0,62.9,34.0,Joint App,5,High Risk,Manual Review
138878376,35000.0, 60 months,29.69,F,F2,2 years,RENT,61200.0,Verified,debt_consolidation,IL,50.14,0.0,680.0,684.0,2.0,74.7,48.0,Joint App,5,High Risk,Manual Review
138621132,25000.0, 36 months,27.27,E,E5,10+ years,OWN,60000.0,Source Verified,credit_card,VA,35.36,0.0,665.0,669.0,0.0,88.1,28.0,Individual,6,High Risk,Manual Review
138437134,5200.0, 36 months,26.31,E,E4,,MORTGAGE,33000.0,Not Verified,other,NC,33.96,0.0,715.0,719.0,0.0,18.4,25.0,Individual,5,High Risk,Manual Review
138243264,20000.0, 60 months,27.27,E,E5,10+ years,MORTGAGE,40000.0,Source Verified,small_business,TN,36.0,4.0,665.0,669.0,0.0,56.3,18.0,Joint App,6,High Risk,Manual Review
138493100,32225.0, 36 months,22.35,D,D5,,MORTGAGE,30000.0,Not Verified,credit_card,NC,82.24,1.0,680.0,684.0,0.0,84.3,20.0,Joint App,5,High Risk,Manual Review
138349908,7575.0, 36 months,27.27,E,E5,,RENT,7020.0,Verified,debt_consolidation,CA,155.38,0.0,735.0,739.0,0.0,17.1,8.0,Joint App,5,High Risk,Manual Review
138850826,16000.0, 60 months,26.31,E,E4,2 years,MORTGAGE,46000.0,Verified,debt_consolidation,SC,33.47,0.0,680.0,684.0,0.0,58.3,34.0,Individual,5,High Risk,Manual Review
138580124,22000.0, 60 months,25.34,E,E3,10+ years,RENT,48000.0,Verified,debt_consolidation,CA,38.18,0.0,690.0,694.0,0.0,40.3,25.0,Individual,5,High Risk,Manual Review
138655154,4925.0, 36 months,27.27,E,E5,,OWN,8796.0,Verified,debt_consolidation,PA,32.2,0.0,680.0,684.0,0.0,98.9,14.0,Individual,6,High Risk,Manual Review
137566089,13725.0, 60 months,30.79,G,G1,7 years,MORTGAGE,15629.0,Verified,debt_consolidation,MT,55.07,0.0,665.0,669.0,0.0,55.3,28.0,Joint App,5,High Risk,Manual Review
138723475,4000.0, 36 months,24.37,E,E2,< 1 year,RENT,35000.0,Source Verified,medical,CT,32.41,0.0,680.0,684.0,0.0,65.3,15.0,Individual,5,High Risk,Manual Review
138830558,20000.0, 60 months,30.79,G,G1,7 years,RENT,35000.0,Not Verified,debt_consolidation,AL,44.89,0.0,700.0,704.0,0.0,89.3,20.0,Joint App,6,High Risk,Manual Review
138872146,5400.0, 36 months,27.27,E,E5,< 1 year,MORTGAGE,68000.0,Source Verified,debt_consolidation,FL,31.22,0.0,765.0,769.0,1.0,9.1,13.0,Individual,5,High Risk,Manual Review
138777074,1000.0, 36 months,26.31,E,E4,10+ years,RENT,31000.0,Source Verified,other,CA,31.51,0.0,715.0,719.0,0.0,48.9,16.0,Individual,5,High Risk,Manual Review
138623434,31200.0, 60 months,28.72,F,F1,10+ years,MORTGAGE,48000.0,Verified,debt_consolidation,GA,49.79,1.0,695.0,699.0,0.0,11.8,40.0,Joint App,6,High Risk,Manual Review
137791317,10000.0, 36 months,23.4,E,E1,6 years,MORTGAGE,75000.0,Source Verified,car,KY,33.86,0.0,660.0,664.0,1.0,48.2,30.0,Individual,5,High Risk,Manual Review
138402459,1300.0, 36 months,26.31,E,E4,10+ years,RENT,30000.0,Verified,debt_consolidation,NC,32.08,0.0,695.0,699.0,0.0,28.9,21.0,Individual,5,High Risk,Manual Review
138709732,20000.0, 60 months,28.72,F,F1,< 1 year,MORTGAGE,35000.0,Source Verified,debt_consolidation,OH,59.57,0.0,670.0,674.0,1.0,70.4,14.0,Joint App,5,High Risk,Manual Review
137804092,4750.0, 36 months,27.27,E,E5,,OWN,43253.0,Verified,medical,MI,38.85,2.0,675.0,679.0,1.0,75.0,19.0,Joint App,6,High Risk,Manual Review
138826996,10000.0, 36 months,24.37,E,E2,10+ years,RENT,96000.0,Source Verified,debt_consolidation,VA,36.64,0.0,710.0,714.0,1.0,89.1,24.0,Individual,6,High Risk,Manual Review
138086499,20000.0, 60 months,30.17,F,F3,2 years,RENT,60000.0,Source Verified,other,MO,33.63,0.0,660.0,664.0,0.0,68.3,23.0,Individual,5,High Risk,Manual Review
138776624,25000.0, 60 months,26.31,E,E4,2 years,MORTGAGE,65000.0,Source Verified,debt_consolidation,AR,41.34,4.0,675.0,679.0,0.0,94.9,25.0,Joint App,7,High Risk,Manual Review
138814163,5775.0, 36 months,30.89,G,G3,< 1 year,RENT,16000.0,Not Verified,other,NY,30.91,0.0,690.0,694.0,0.0,18.0,21.0,Individual,5,High Risk,Manual Review
138811405,33975.0, 60 months,26.31,E,E4,10+ years,MORTGAGE,65000.0,Not Verified,debt_consolidation,NY,40.51,0.0,685.0,689.0,0.0,57.6,25.0,Joint App,5,High Risk,Manual Review
137818082,11775.0, 36 months,24.37,E,E2,< 1 year,MORTGAGE,240000.0,Verified,debt_consolidation,NY,36.1,0.0,690.0,694.0,2.0,96.0,26.0,Individual,6,High Risk,Manual Review
138444790,10000.0, 60 months,25.34,E,E3,6 years,RENT,61500.0,Verified,other,GA,36.62,0.0,685.0,689.0,0.0,72.8,17.0,Individual,5,High Risk,Manual Review
138365988,16000.0, 60 months,30.17,F,F3,3 years,RENT,45000.0,Source Verified,debt_consolidation,AZ,33.2,0.0,670.0,674.0,1.0,25.1,27.0,Individual,5,High Risk,Manual Review
138499145,20000.0, 36 months,23.4,E,E1,10+ years,MORTGAGE,26500.0,Source Verified,home_improvement,CO,34.69,0.0,685.0,689.0,0.0,57.4,11.0,Joint App,5,High Risk,Manual Review
138818455,19450.0, 36 months,27.27,E,E5,7 years,MORTGAGE,7500.0,Not Verified,debt_consolidation,VA,198.0,0.0,700.0,704.0,0.0,53.7,33.0,Joint App,5,High Risk,Manual Review
138344633,1500.0, 36 months,25.34,E,E3,,OWN,12000.0,Verified,other,KY,84.3,1.0,675.0,679.0,0.0,0.0,18.0,Joint App,6,High Risk,Manual Review
138840236,10000.0, 60 months,23.4,E,E1,6 years,RENT,33716.8,Verified,debt_consolidation,FL,37.84,0.0,715.0,719.0,0.0,68.4,7.0,Individual,5,High Risk,Manual Review
138780679,2500.0, 36 months,26.31,E,E4,4 years,MORTGAGE,135000.0,Not Verified,other,FL,20.25,1.0,680.0,684.0,1.0,87.0,18.0,Individual,5,High Risk,Manual Review
138504970,25000.0, 36 months,23.4,E,E1,10+ years,MORTGAGE,91755.0,Verified,debt_consolidation,FL,38.08,0.0,680.0,684.0,0.0,65.4,25.0,Individual,5,High Risk,Manual Review
138762020,35000.0, 36 months,27.27,E,E5,3 years,RENT,89000.0,Source Verified,credit_card,CA,35.76,0.0,700.0,704.0,2.0,61.2,49.0,Joint App,5,High Risk,Manual Review
138818748,7500.0, 36 months,23.4,E,E1,3 years,MORTGAGE,72500.0,Source Verified,debt_consolidation,GA,20.86,1.0,690.0,694.0,0.0,87.8,27.0,Individual,5,High Risk,Manual Review
138544975,12800.0, 60 months,30.65,F,F4,< 1 year,RENT,29190.0,Source Verified,credit_card,IN,32.81,0.0,715.0,719.0,1.0,98.5,31.0,Individual,6,High Risk,Manual Review
138764251,19125.0, 60 months,29.69,F,F2,3 years,MORTGAGE,15154.0,Verified,debt_consolidation,GA,88.35,0.0,710.0,714.0,1.0,52.9,14.0,Joint App,5,High Risk,Manual Review
138655656,10000.0, 60 months,25.34,E,E3,4 years,RENT,44000.0,Source Verified,debt_consolidation,FL,32.13,0.0,675.0,679.0,0.0,79.5,24.0,Individual,5,High Risk,Manual Review
138758837,13875.0, 60 months,28.72,F,F1,10+ years,RENT,113000.0,Source Verified,debt_consolidation,OK,33.6,0.0,690.0,694.0,1.0,21.3,50.0,Individual,5,High Risk,Manual Review
138778802,21000.0, 60 months,28.72,F,F1,10+ years,OWN,66184.0,Source Verified,credit_card,FL,33.58,0.0,695.0,699.0,0.0,77.6,22.0,Individual,5,High Risk,Manual Review
137492186,20000.0, 60 months,28.72,F,F1,3 years,OWN,125000.0,Not Verified,house,NY,32.3,0.0,700.0,704.0,0.0,71.9,23.0,Individual,5,High Risk,Manual Review
138492896,35000.0, 36 months,23.4,E,E1,1 year,RENT,65000.0,Verified,vacation,CA,51.11,0.0,665.0,669.0,0.0,97.9,85.0,Joint App,6,High Risk,Manual Review
138410548,30000.0, 60 months,24.37,E,E2,7 years,RENT,61780.0,Source Verified,credit_card,FL,38.89,0.0,680.0,684.0,0.0,85.8,25.0,Joint App,6,High Risk,Manual Review
138545100,19000.0, 60 months,25.34,E,E3,10+ years,RENT,120000.0,Source Verified,debt_consolidation,CA,32.2,0.0,690.0,694.0,0.0,56.5,13.0,Individual,5,High Risk,Manual Review
138690195,7550.0, 36 months,25.34,E,E3,10+ years,MORTGAGE,39448.0,Verified,credit_card,TX,38.82,0.0,715.0,719.0,0.0,39.8,25.0,Individual,5,High Risk,Manual Review
138632736,20000.0, 60 months,27.27,E,E5,6 years,MORTGAGE,96000.0,Verified,debt_consolidation,KY,21.76,1.0,665.0,669.0,1.0,91.7,14.0,Individual,5,High Risk,Manual Review
138496479,23900.0, 60 months,22.35,D,D5,2 years,MORTGAGE,58000.0,Not Verified,credit_card,TN,36.4,1.0,700.0,704.0,2.0,81.6,40.0,Individual,5,High Risk,Manual Review
138228001,5400.0, 36 months,23.4,E,E1,2 years,RENT,56312.0,Source Verified,other,FL,36.55,6.0,680.0,684.0,0.0,85.7,19.0,Individual,7,High Risk,Manual Review
137892344,16000.0, 60 months,27.27,E,E5,3 years,RENT,25000.0,Verified,other,NJ,45.9,0.0,690.0,694.0,0.0,69.9,15.0,Joint App,5,High Risk,Manual Review
138752295,8500.0, 36 months,26.31,E,E4,3 years,RENT,53000.0,Not Verified,moving,CA,34.38,0.0,675.0,679.0,1.0,61.3,16.0,Joint App,5,High Risk,Manual Review
136904606,27200.0, 60 months,27.27,E,E5,2 years,OWN,45760.0,Verified,credit_card,MI,31.16,0.0,665.0,669.0,0.0,79.0,25.0,Joint App,5,High Risk,Manual Review
137511187,12400.0, 36 months,25.34,E,E3,,MORTGAGE,11600.0,Verified,debt_consolidation,MI,53.62,0.0,660.0,664.0,1.0,72.7,18.0,Joint App,5,High Risk,Manual Review
138212016,10000.0, 60 months,28.72,F,F1,,RENT,32160.0,Source Verified,debt_consolidation,NV,33.4,0.0,670.0,674.0,0.0,56.8,17.0,Individual,5,High Risk,Manual Review
138695328,12000.0, 60 months,24.37,E,E2,10+ years,MORTGAGE,87500.0,Source Verified,home_improvement,IL,33.51,0.0,705.0,709.0,1.0,33.3,38.0,Individual,5,High Risk,Manual Review
137729181,20000.0, 60 months,25.34,E,E3,5 years,RENT,45000.0,Not Verified,other,CA,31.71,0.0,715.0,719.0,0.0,20.9,19.0,Individual,5,High Risk,Manual Review
138504280,9800.0, 36 months,23.4,E,E1,10+ years,OWN,52000.0,Verified,debt_consolidation,TN,35.4,0.0,705.0,709.0,0.0,83.7,22.0,Individual,6,High Risk,Manual Review
138705561,15000.0, 60 months,27.27,E,E5,1 year,RENT,28000.0,Source Verified,debt_consolidation,MO,31.03,0.0,680.0,684.0,2.0,24.9,46.0,Individual,5,High Risk,Manual Review
138298304,10000.0, 36 months,23.4,E,E1,10+ years,OWN,36364.0,Source Verified,debt_consolidation,OR,39.54,0.0,670.0,674.0,0.0,55.3,25.0,Individual,5,High Risk,Manual Review
138734595,10000.0, 60 months,24.37,E,E2,5 years,MORTGAGE,67000.0,Verified,other,CO,38.21,0.0,690.0,694.0,0.0,52.7,29.0,Individual,5,High Risk,Manual Review
138443322,18675.0, 60 months,27.27,E,E5,,MORTGAGE,40000.0,Not Verified,debt_consolidation,PA,37.78,0.0,700.0,704.0,0.0,74.5,15.0,Joint App,5,High Risk,Manual Review
138507192,15000.0, 60 months,28.72,F,F1,2 years,RENT,48000.0,Verified,debt_consolidation,NY,31.05,0.0,665.0,669.0,0.0,93.5,19.0,Individual,6,High Risk,Manual Review
137159582,20000.0, 60 months,25.34,E,E3,1 year,MORTGAGE,79476.0,Source Verified,debt_consolidation,MI,15.93,2.0,660.0,664.0,0.0,89.2,17.0,Individual,5,High Risk,Manual Review
138375190,11250.0, 60 months,30.65,F,F4,3 years,RENT,95000.0,Verified,debt_consolidation,TX,34.9,0.0,690.0,694.0,0.0,66.2,39.0,Joint App,5,High Risk,Manual Review
138526064,15000.0, 60 months,25.34,E,E3,10+ years,MORTGAGE,63000.0,Verified,debt_consolidation,MS,32.65,1.0,685.0,689.0,1.0,25.8,22.0,Individual,6,High Risk,Manual Review
138668380,25000.0, 60 months,28.72,F,F1,2 years,RENT,56000.0,Verified,debt_consolidation,GA,32.75,1.0,680.0,684.0,0.0,46.8,21.0,Individual,6,High Risk,Manual Review
137974872,12800.0, 36 months,24.37,E,E2,4 years,OWN,46000.0,Source Verified,credit_card,CA,30.86,0.0,700.0,704.0,0.0,87.2,18.0,Joint App,6,High Risk,Manual Review
138454202,10000.0, 60 months,25.34,E,E3,,OWN,19200.0,Source Verified,debt_consolidation,SC,30.63,0.0,720.0,724.0,1.0,52.1,10.0,Individual,5,High Risk,Manual Review
138493196,13000.0, 36 months,24.37,E,E2,10+ years,MORTGAGE,75000.0,Not Verified,debt_consolidation,MO,33.86,3.0,665.0,669.0,0.0,70.7,22.0,Joint App,6,High Risk,Manual Review
138514452,32000.0, 60 months,27.27,E,E5,6 years,OWN,82000.0,Not Verified,debt_consolidation,CA,33.85,0.0,670.0,674.0,0.0,51.7,34.0,Joint App,5,High Risk,Manual Review
138620506,10000.0, 60 months,25.34,E,E3,10+ years,MORTGAGE,56000.0,Verified,major_purchase,GA,33.5,2.0,660.0,664.0,0.0,49.3,37.0,Individual,6,High Risk,Manual Review
138531270,32325.0, 60 months,30.75,F,F5,10+ years,RENT,81000.0,Verified,debt_consolidation,MD,48.25,0.0,700.0,704.0,0.0,85.8,23.0,Joint App,6,High Risk,Manual Review
138424253,14000.0, 60 months,27.27,E,E5,10+ years,RENT,126000.0,Source Verified,other,ME,21.54,1.0,675.0,679.0,0.0,98.9,9.0,Individual,5,High Risk,Manual Review
138161951,10000.0, 60 months,28.72,F,F1,10+ years,MORTGAGE,84580.0,Verified,debt_consolidation,TX,35.47,1.0,690.0,694.0,0.0,58.3,72.0,Individual,6,High Risk,Manual Review
138411229,15000.0, 36 months,24.37,E,E2,10+ years,RENT,31000.0,Verified,other,IL,33.6,0.0,715.0,719.0,0.0,49.6,17.0,Individual,5,High Risk,Manual Review
138657268,6400.0, 36 months,23.4,E,E1,9 years,RENT,40000.0,Not Verified,debt_consolidation,CT,32.19,0.0,690.0,694.0,0.0,21.0,23.0,Individual,5,High Risk,Manual Review
138262177,12000.0, 36 months,27.27,E,E5,2 years,RENT,30000.0,Source Verified,debt_consolidation,PA,35.52,0.0,670.0,674.0,2.0,80.9,8.0,Joint App,6,High Risk,Manual Review
137544792,12000.0, 60 months,29.69,F,F2,10+ years,MORTGAGE,60000.0,Not Verified,debt_consolidation,TX,13.35,1.0,675.0,679.0,0.0,87.6,17.0,Joint App,5,High Risk,Manual Review
137480019,19550.0, 60 months,30.65,F,F4,10+ years,MORTGAGE,50000.0,Not Verified,credit_card,FL,37.3,0.0,680.0,684.0,0.0,60.6,38.0,Joint App,5,High Risk,Manual Review
138541340,30000.0, 60 months,28.72,F,F1,5 years,MORTGAGE,89000.0,Verified,debt_consolidation,MI,30.88,1.0,675.0,679.0,0.0,78.7,20.0,Individual,6,High Risk,Manual Review
138426476,20000.0, 60 months,24.37,E,E2,7 years,RENT,50000.0,Verified,debt_consolidation,NY,38.0,0.0,710.0,714.0,1.0,47.6,24.0,Individual,5,High Risk,Manual Review
138212773,35000.0, 60 months,26.31,E,E4,10+ years,MORTGAGE,77109.0,Verified,debt_consolidation,MD,37.62,0.0,705.0,709.0,1.0,66.0,35.0,Individual,5,High Risk,Manual Review
138531054,25000.0, 60 months,27.27,E,E5,10+ years,MORTGAGE,100000.0,Source Verified,debt_consolidation,TX,14.87,1.0,670.0,674.0,0.0,95.0,12.0,Joint App,5,High Risk,Manual Review
135805902,22400.0, 60 months,26.31,E,E4,5 years,MORTGAGE,48000.0,Source Verified,debt_consolidation,FL,31.3,0.0,715.0,719.0,0.0,32.2,28.0,Joint App,5,High Risk,Manual Review
138338859,20000.0, 60 months,27.27,E,E5,6 years,MORTGAGE,89000.0,Source Verified,home_improvement,OH,38.0,0.0,680.0,684.0,1.0,92.2,11.0,Individual,6,High Risk,Manual Review
137864665,1000.0, 36 months,25.34,E,E3,7 years,RENT,32640.0,Verified,moving,CA,35.04,1.0,700.0,704.0,0.0,11.6,12.0,Individual,6,High Risk,Manual Review
138359604,4400.0, 36 months,23.4,E,E1,9 years,OWN,40000.0,Source Verified,home_improvement,CA,32.58,1.0,730.0,734.0,1.0,32.7,25.0,Individual,6,High Risk,Manual Review
138619670,10000.0, 36 months,24.37,E,E2,5 years,RENT,70000.0,Source Verified,debt_consolidation,NY,17.06,1.0,660.0,664.0,0.0,97.1,31.0,Individual,5,High Risk,Manual Review
138626214,15000.0, 60 months,27.27,E,E5,5 years,MORTGAGE,54000.0,Verified,debt_consolidation,CO,36.96,0.0,675.0,679.0,1.0,33.2,34.0,Individual,5,High Risk,Manual Review
137928755,13000.0, 60 months,27.27,E,E5,9 years,RENT,40000.0,Verified,debt_consolidation,FL,32.43,0.0,665.0,669.0,1.0,29.3,31.0,Individual,5,High Risk,Manual Review
138633150,20000.0, 60 months,25.34,E,E3,,RENT,31200.0,Not Verified,debt_consolidation,NJ,36.69,0.0,675.0,679.0,0.0,56.5,15.0,Joint App,5,High Risk,Manual Review
138259551,37050.0, 60 months,29.69,F,F2,10+ years,MORTGAGE,89000.0,Verified,debt_consolidation,IL,43.59,0.0,705.0,709.0,1.0,66.6,31.0,Joint App,5,High Risk,Manual Review
138485125,16000.0, 60 months,27.27,E,E5,< 1 year,RENT,24960.0,Verified,debt_consolidation,KY,47.88,0.0,685.0,689.0,0.0,72.8,16.0,Joint App,5,High Risk,Manual Review
138072499,12675.0, 36 months,24.37,E,E2,,RENT,4200.0,Verified,debt_consolidation,SC,32.57,0.0,675.0,679.0,0.0,68.5,8.0,Joint App,5,High Risk,Manual Review
138423086,23625.0, 60 months,30.75,F,F5,10+ years,MORTGAGE,75000.0,Verified,debt_consolidation,FL,34.69,0.0,670.0,674.0,1.0,62.0,34.0,Individual,5,High Risk,Manual Review
137746517,5000.0, 36 months,26.31,E,E4,8 years,RENT,19268.0,Verified,debt_consolidation,TX,33.4,0.0,705.0,709.0,0.0,75.3,5.0,Individual,5,High Risk,Manual Review
138493169,6400.0, 36 months,26.31,E,E4,< 1 year,RENT,34000.0,Verified,other,AZ,40.52,0.0,700.0,704.0,0.0,68.5,12.0,Joint App,5,High Risk,Manual Review
137501438,22000.0, 60 months,27.27,E,E5,10+ years,MORTGAGE,12000.0,Source Verified,debt_consolidation,FL,130.6,0.0,680.0,684.0,1.0,44.3,17.0,Joint App,5,High Risk,Manual Review
138354960,15000.0, 60 months,27.27,E,E5,10+ years,MORTGAGE,130000.0,Verified,debt_consolidation,TX,32.11,0.0,685.0,689.0,0.0,77.9,28.0,Individual,5,High Risk,Manual Review
138574387,5000.0, 36 months,23.4,E,E1,< 1 year,OWN,25000.0,Verified,debt_consolidation,TX,32.21,0.0,665.0,669.0,0.0,77.4,9.0,Individual,5,High Risk,Manual Review
138377017,25000.0, 36 months,24.37,E,E2,4 years,RENT,70000.0,Source Verified,debt_consolidation,CA,30.34,0.0,705.0,709.0,0.0,67.3,18.0,Individual,5,High Risk,Manual Review
138398948,14000.0, 60 months,27.27,E,E5,,OWN,33000.0,Not Verified,credit_card,PA,38.55,0.0,660.0,664.0,0.0,58.3,21.0,Individual,5,High Risk,Manual Review
138212701,20000.0, 60 months,30.65,F,F4,10+ years,OWN,62790.0,Source Verified,debt_consolidation,DC,38.63,1.0,680.0,684.0,0.0,79.1,18.0,Individual,6,High Risk,Manual Review
138415542,9100.0, 36 months,26.31,E,E4,1 year,OWN,48000.0,Verified,major_purchase,TX,32.25,0.0,665.0,669.0,0.0,27.3,25.0,Individual,5,High Risk,Manual Review
138526770,10000.0, 36 months,23.4,E,E1,4 years,MORTGAGE,95000.0,Verified,debt_consolidation,TX,22.73,5.0,660.0,664.0,1.0,81.0,29.0,Individual,5,High Risk,Manual Review
138183468,9950.0, 36 months,23.4,E,E1,,MORTGAGE,50000.0,Verified,debt_consolidation,VA,36.53,1.0,710.0,714.0,0.0,37.2,28.0,Joint App,6,High Risk,Manual Review
137500999,15000.0, 36 months,24.37,E,E2,,MORTGAGE,48500.0,Verified,debt_consolidation,MN,36.97,0.0,690.0,694.0,0.0,84.8,31.0,Individual,6,High Risk,Manual Review
136805729,10000.0, 60 months,27.27,E,E5,2 years,MORTGAGE,75000.0,Not Verified,credit_card,WV,33.12,4.0,670.0,674.0,0.0,66.1,17.0,Individual,6,High Risk,Manual Review
138158118,28000.0, 60 months,27.27,E,E5,10+ years,MORTGAGE,71000.0,Not Verified,debt_consolidation,IL,48.78,0.0,685.0,689.0,1.0,80.3,20.0,Joint App,6,High Risk,Manual Review
138532241,10000.0, 60 months,25.34,E,E3,,OWN,36000.0,Not Verified,debt_consolidation,AL,33.13,0.0,660.0,664.0,0.0,68.1,12.0,Individual,5,High Risk,Manual Review
138533182,12000.0, 60 months,24.37,E,E2,7 years,RENT,37000.0,Verified,debt_consolidation,WV,53.91,0.0,700.0,704.0,1.0,73.7,16.0,Joint App,5,High Risk,Manual Review
138200351,15000.0, 60 months,26.31,E,E4,8 years,MORTGAGE,36000.0,Verified,debt_consolidation,PA,82.17,0.0,660.0,664.0,0.0,76.4,13.0,Joint App,5,High Risk,Manual Review
138371785,3800.0, 36 months,23.4,E,E1,2 years,RENT,35000.0,Verified,credit_card,MN,33.74,0.0,665.0,669.0,0.0,56.4,13.0,Individual,5,High Risk,Manual Review
138282945,4000.0, 36 months,27.27,E,E5,,RENT,14000.0,Verified,debt_consolidation,OH,45.88,0.0,715.0,719.0,1.0,32.0,10.0,Joint App,5,High Risk,Manual Review
138508852,19000.0, 60 months,15.02,C,C3,10+ years,MORTGAGE,70000.0,Verified,debt_consolidation,MO,31.51,2.0,675.0,679.0,0.0,82.3,28.0,Individual,5,High Risk,Manual Review
138452157,25000.0, 36 months,24.37,E,E2,< 1 year,MORTGAGE,84000.0,Not Verified,other,OK,37.86,1.0,675.0,679.0,0.0,91.9,21.0,Individual,7,High Risk,Manual Review
138452717,2500.0, 36 months,15.02,C,C3,,RENT,24466.68,Verified,medical,ID,38.57,2.0,660.0,664.0,0.0,94.0,8.0,Joint App,5,High Risk,Manual Review
138513777,1000.0, 36 months,24.37,E,E2,10+ years,RENT,27000.0,Not Verified,home_improvement,RI,15.11,1.0,670.0,674.0,0.0,88.4,8.0,Individual,5,High Risk,Manual Review
138448838,30000.0, 60 months,25.34,E,E3,1 year,RENT,252000.0,Source Verified,debt_consolidation,CO,4.78,1.0,665.0,669.0,0.0,81.3,14.0,Individual,5,High Risk,Manual Review
138450877,9500.0, 36 months,23.4,E,E1,1 year,MORTGAGE,38800.0,Not Verified,debt_consolidation,WI,61.68,0.0,665.0,669.0,2.0,76.3,42.0,Joint App,5,High Risk,Manual Review
138434169,12000.0, 60 months,27.27,E,E5,9 years,RENT,56000.0,Not Verified,debt_consolidation,CA,33.18,0.0,670.0,674.0,0.0,31.0,25.0,Individual,5,High Risk,Manual Review
138170390,25200.0, 36 months,26.31,E,E4,8 years,RENT,62050.0,Verified,debt_consolidation,MI,50.37,0.0,710.0,714.0,3.0,33.5,32.0,Joint App,5,High Risk,Manual Review
137436179,12000.0, 60 months,27.27,E,E5,3 years,RENT,43000.0,Source Verified,debt_consolidation,CT,35.42,0.0,685.0,689.0,1.0,61.4,25.0,Individual,5,High Risk,Manual Review
138034652,8800.0, 36 months,30.94,G,G4,10+ years,OWN,33000.0,Verified,debt_consolidation,TN,45.38,0.0,665.0,669.0,0.0,69.2,53.0,Joint App,5,High Risk,Manual Review
138437046,20000.0, 60 months,30.75,F,F5,10+ years,OWN,72000.0,Verified,credit_card,WI,33.45,0.0,660.0,664.0,1.0,67.2,29.0,Individual,5,High Risk,Manual Review
138208262,11700.0, 36 months,24.37,E,E2,< 1 year,RENT,100000.0,Source Verified,debt_consolidation,CA,32.05,0.0,695.0,699.0,2.0,51.3,15.0,Individual,5,High Risk,Manual Review
138379506,6500.0, 36 months,23.4,E,E1,10+ years,OWN,50000.0,Source Verified,debt_consolidation,FL,31.57,0.0,725.0,729.0,0.0,28.2,25.0,Individual,5,High Risk,Manual Review
137811953,26450.0, 60 months,30.75,F,F5,8 years,MORTGAGE,45000.0,Source Verified,debt_consolidation,CA,32.27,0.0,700.0,704.0,0.0,91.8,10.0,Joint App,6,High Risk,Manual Review
138429842,16000.0, 60 months,27.27,E,E5,7 years,RENT,75000.0,Source Verified,debt_consolidation,VA,39.54,0.0,675.0,679.0,0.0,44.4,35.0,Individual,5,High Risk,Manual Review
137062392,1600.0, 36 months,24.37,E,E2,10+ years,RENT,61000.0,Source Verified,major_purchase,TX,31.5,0.0,690.0,694.0,1.0,77.2,29.0,Joint App,5,High Risk,Manual Review
138279982,35000.0, 60 months,27.27,E,E5,1 year,RENT,45000.0,Not Verified,debt_consolidation,MA,49.95,0.0,695.0,699.0,2.0,63.4,21.0,Joint App,5,High Risk,Manual Review
138423880,18400.0, 36 months,26.31,E,E4,6 years,MORTGAGE,72000.0,Not Verified,debt_consolidation,VA,33.72,0.0,695.0,699.0,1.0,53.7,26.0,Joint App,5,High Risk,Manual Review
138212985,3000.0, 36 months,23.4,E,E1,5 years,RENT,42000.0,Source Verified,other,FL,32.54,0.0,690.0,694.0,0.0,48.8,12.0,Individual,5,High Risk,Manual Review
138117237,20000.0, 60 months,25.34,E,E3,10+ years,MORTGAGE,80000.0,Verified,debt_consolidation,FL,32.18,0.0,685.0,689.0,2.0,42.8,32.0,Individual,5,High Risk,Manual Review
137992937,12000.0, 60 months,25.34,E,E3,10+ years,RENT,45000.0,Source Verified,debt_consolidation,CA,30.45,0.0,665.0,669.0,1.0,68.5,18.0,Joint App,5,High Risk,Manual Review
138273144,20000.0, 60 months,25.34,E,E3,10+ years,RENT,43271.0,Source Verified,debt_consolidation,TX,37.81,0.0,660.0,664.0,0.0,52.7,25.0,Joint App,5,High Risk,Manual Review
138350399,30625.0, 60 months,30.79,G,G1,10+ years,MORTGAGE,200000.0,Not Verified,debt_consolidation,TX,32.35,0.0,710.0,714.0,0.0,52.8,79.0,Joint App,5,High Risk,Manual Review
137708006,1200.0, 36 months,24.37,E,E2,10+ years,RENT,48000.0,Source Verified,debt_consolidation,CA,31.65,0.0,690.0,694.0,0.0,60.8,19.0,Individual,5,High Risk,Manual Review
138359317,12000.0, 60 months,23.4,E,E1,2 years,RENT,36812.0,Verified,debt_consolidation,NV,31.27,0.0,660.0,664.0,0.0,66.8,23.0,Individual,5,High Risk,Manual Review
138417943,25000.0, 36 months,26.31,E,E4,6 years,OWN,85000.0,Not Verified,debt_consolidation,NY,35.73,0.0,720.0,724.0,2.0,41.3,35.0,Individual,5,High Risk,Manual Review
136904684,25000.0, 60 months,29.69,F,F2,3 years,RENT,50000.0,Verified,vacation,NY,56.25,2.0,705.0,709.0,0.0,41.5,22.0,Joint App,6,High Risk,Manual Review
138420036,25000.0, 36 months,23.4,E,E1,10+ years,MORTGAGE,65000.0,Not Verified,debt_consolidation,MI,26.83,1.0,665.0,669.0,0.0,99.7,16.0,Joint App,5,High Risk,Manual Review
137723977,26000.0, 60 months,26.31,E,E4,10+ years,OWN,40000.0,Verified,debt_consolidation,AL,58.99,0.0,660.0,664.0,0.0,71.5,31.0,Joint App,5,High Risk,Manual Review
137925009,15000.0, 60 months,17.97,D,D1,10+ years,MORTGAGE,66000.0,Not Verified,home_improvement,VA,41.84,4.0,665.0,669.0,0.0,98.6,36.0,Joint App,5,High Risk,Manual Review
137614864,17000.0, 60 months,25.34,E,E3,,RENT,500.0,Not Verified,debt_consolidation,NC,146.34,0.0,665.0,669.0,1.0,9.9,7.0,Joint App,5,High Risk,Manual Review
138266919,16000.0, 60 months,27.27,E,E5,10+ years,RENT,88000.0,Source Verified,debt_consolidation,TX,30.82,0.0,690.0,694.0,0.0,62.2,28.0,Individual,5,High Risk,Manual Review
136581921,10000.0, 36 months,24.37,E,E2,< 1 year,OWN,60000.0,Source Verified,vacation,CA,30.04,0.0,690.0,694.0,0.0,59.0,33.0,Individual,5,High Risk,Manual Review
138419308,15000.0, 60 months,27.27,E,E5,4 years,RENT,55000.0,Verified,debt_consolidation,NJ,34.28,0.0,680.0,684.0,0.0,42.7,16.0,Individual,5,High Risk,Manual Review
137499531,28000.0, 60 months,30.65,F,F4,< 1 year,MORTGAGE,123251.0,Not Verified,debt_consolidation,GA,30.12,0.0,670.0,674.0,0.0,61.1,28.0,Joint App,5,High Risk,Manual Review
138238556,18000.0, 60 months,26.31,E,E4,5 years,RENT,87000.0,Source Verified,debt_consolidation,CA,37.9,1.0,710.0,714.0,0.0,31.2,49.0,Individual,6,High Risk,Manual Review
138266826,25000.0, 60 months,23.4,E,E1,< 1 year,MORTGAGE,76000.0,Verified,credit_card,KS,37.23,0.0,685.0,689.0,1.0,54.1,36.0,Individual,5,High Risk,Manual Review
138379606,12800.0, 36 months,26.31,E,E4,10+ years,MORTGAGE,60000.0,Verified,home_improvement,OH,46.0,0.0,745.0,749.0,3.0,19.3,20.0,Joint App,5,High Risk,Manual Review
137901233,8000.0, 36 months,30.94,G,G4,5 years,MORTGAGE,38000.0,Verified,debt_consolidation,MN,30.29,0.0,675.0,679.0,0.0,66.2,9.0,Individual,5,High Risk,Manual Review
138349804,40000.0, 60 months,29.69,F,F2,3 years,RENT,60000.0,Verified,debt_consolidation,CA,38.06,1.0,690.0,694.0,0.0,40.0,27.0,Joint App,6,High Risk,Manual Review
138366256,21000.0, 60 months,29.69,F,F2,2 years,MORTGAGE,30000.0,Source Verified,debt_consolidation,OH,33.14,0.0,665.0,669.0,1.0,55.7,15.0,Joint App,5,High Risk,Manual Review
138271744,31500.0, 60 months,27.27,E,E5,4 years,MORTGAGE,73000.0,Verified,debt_consolidation,KY,56.9,0.0,680.0,684.0,0.0,76.2,31.0,Joint App,5,High Risk,Manual Review
138362210,10000.0, 60 months,28.72,F,F1,< 1 year,RENT,75000.0,Not Verified,debt_consolidation,TN,35.81,0.0,700.0,704.0,1.0,27.4,26.0,Individual,5,High Risk,Manual Review
138000231,12000.0, 60 months,26.31,E,E4,< 1 year,MORTGAGE,45600.0,Not Verified,debt_consolidation,KY,36.08,1.0,675.0,679.0,1.0,46.2,10.0,Joint App,6,High Risk,Manual Review
136791980,22975.0, 60 months,30.75,F,F5,3 years,OWN,24960.0,Verified,debt_consolidation,PA,40.14,0.0,690.0,694.0,0.0,50.0,16.0,Joint App,5,High Risk,Manual Review
137560659,19225.0, 60 months,30.79,G,G1,2 years,MORTGAGE,108000.0,Source Verified,debt_consolidation,NJ,37.34,1.0,700.0,704.0,1.0,66.3,32.0,Joint App,6,High Risk,Manual Review
138326416,14000.0, 60 months,24.37,E,E2,4 years,MORTGAGE,42000.0,Source Verified,credit_card,ID,34.54,0.0,685.0,689.0,1.0,38.2,23.0,Individual,5,High Risk,Manual Review
138384775,35000.0, 60 months,28.72,F,F1,8 years,MORTGAGE,62186.0,Verified,debt_consolidation,NC,40.0,0.0,665.0,669.0,0.0,97.2,24.0,Joint App,6,High Risk,Manual Review
138391989,10800.0, 60 months,20.89,D,D4,5 years,RENT,39000.0,Not Verified,debt_consolidation,KS,32.52,1.0,665.0,669.0,1.0,83.5,20.0,Joint App,5,High Risk,Manual Review
138362282,11000.0, 60 months,25.34,E,E3,4 years,MORTGAGE,87000.0,Verified,vacation,AK,67.52,0.0,690.0,694.0,0.0,89.1,34.0,Joint App,6,High Risk,Manual Review
138215440,3000.0, 36 months,24.37,E,E2,8 years,OWN,39000.0,Verified,moving,WY,42.68,2.0,670.0,674.0,0.0,87.9,14.0,Joint App,7,High Risk,Manual Review
138266666,13200.0, 60 months,28.72,F,F1,5 years,MORTGAGE,90000.0,Source Verified,debt_consolidation,OR,33.72,0.0,670.0,674.0,1.0,72.1,41.0,Individual,5,High Risk,Manual Review
136649296,10000.0, 36 months,24.37,E,E2,10+ years,OWN,65000.0,Verified,other,MN,43.76,0.0,730.0,734.0,1.0,87.6,29.0,Joint App,6,High Risk,Manual Review
137933402,10000.0, 60 months,28.72,F,F1,10+ years,RENT,60000.0,Not Verified,debt_consolidation,SD,31.2,6.0,700.0,704.0,0.0,27.6,31.0,Individual,6,High Risk,Manual Review
137299450,23000.0, 60 months,30.17,F,F3,10+ years,MORTGAGE,54000.0,Verified,debt_consolidation,AZ,45.6,1.0,685.0,689.0,1.0,79.3,18.0,Joint App,6,High Risk,Manual Review
138090029,15000.0, 36 months,23.4,E,E1,10+ years,MORTGAGE,55000.0,Verified,debt_consolidation,MI,53.63,1.0,680.0,684.0,0.0,59.1,40.0,Joint App,6,High Risk,Manual Review
138335326,26800.0, 36 months,27.27,E,E5,3 years,MORTGAGE,90000.0,Verified,debt_consolidation,TX,38.91,0.0,705.0,709.0,0.0,88.9,20.0,Joint App,6,High Risk,Manual Review
138341107,6000.0, 36 months,24.37,E,E2,5 years,MORTGAGE,55000.0,Verified,other,GA,31.11,0.0,695.0,699.0,1.0,69.4,24.0,Individual,5,High Risk,Manual Review
137982672,20000.0, 60 months,28.72,F,F1,,RENT,52260.0,Verified,debt_consolidation,VA,30.29,1.0,685.0,689.0,0.0,23.4,30.0,Individual,6,High Risk,Manual Review
138236617,26000.0, 60 months,25.34,E,E3,10+ years,MORTGAGE,24000.0,Source Verified,debt_consolidation,GA,44.45,0.0,700.0,704.0,1.0,0.2,21.0,Joint App,5,High Risk,Manual Review
138284810,15000.0, 60 months,26.31,E,E4,,MORTGAGE,63180.0,Verified,debt_consolidation,AL,33.52,0.0,665.0,669.0,2.0,60.8,42.0,Joint App,5,High Risk,Manual Review
138289405,10000.0, 60 months,24.37,E,E2,10+ years,MORTGAGE,20000.0,Not Verified,credit_card,TX,59.24,0.0,675.0,679.0,0.0,25.0,35.0,Joint App,5,High Risk,Manual Review
138318791,12025.0, 36 months,27.27,E,E5,10+ years,MORTGAGE,48996.0,Verified,debt_consolidation,MN,39.06,0.0,720.0,724.0,0.0,59.3,21.0,Individual,5,High Risk,Manual Review
138349832,22500.0, 60 months,25.34,E,E3,6 years,RENT,85000.0,Source Verified,debt_consolidation,PA,22.15,2.0,660.0,664.0,0.0,87.7,26.0,Individual,5,High Risk,Manual Review
138338461,10000.0, 60 months,24.37,E,E2,10+ years,MORTGAGE,110000.0,Source Verified,debt_consolidation,TX,30.71,0.0,685.0,689.0,0.0,87.7,24.0,Individual,6,High Risk,Manual Review
138317187,1300.0, 36 months,30.75,F,F5,2 years,RENT,42000.0,Verified,other,MO,38.49,0.0,685.0,689.0,1.0,88.0,20.0,Individual,6,High Risk,Manual Review
138308214,6400.0, 36 months,26.31,E,E4,10+ years,OWN,38000.0,Verified,other,NY,37.46,0.0,690.0,694.0,0.0,77.4,10.0,Individual,5,High Risk,Manual Review
138297044,18000.0, 60 months,26.31,E,E4,8 years,MORTGAGE,56000.0,Not Verified,credit_card,NC,33.43,1.0,695.0,699.0,0.0,31.3,41.0,Individual,6,High Risk,Manual Review
138190286,14000.0, 36 months,29.69,F,F2,2 years,MORTGAGE,20304.0,Verified,debt_consolidation,MD,51.3,0.0,670.0,674.0,1.0,89.3,9.0,Joint App,6,High Risk,Manual Review
138208417,17000.0, 60 months,30.79,G,G1,10+ years,MORTGAGE,39640.0,Verified,credit_card,VA,38.63,0.0,670.0,674.0,1.0,76.0,36.0,Individual,5,High Risk,Manual Review
138278614,20000.0, 36 months,28.72,F,F1,10+ years,RENT,100000.0,Verified,other,CA,33.73,0.0,680.0,684.0,0.0,83.9,26.0,Individual,6,High Risk,Manual Review
138187124,35000.0, 60 months,28.72,F,F1,10+ years,MORTGAGE,45383.0,Verified,debt_consolidation,IN,36.18,0.0,675.0,679.0,0.0,72.6,15.0,Joint App,5,High Risk,Manual Review
138159678,3200.0, 36 months,25.34,E,E3,< 1 year,MORTGAGE,40000.0,Not Verified,moving,MN,22.65,1.0,670.0,674.0,0.0,96.9,14.0,Individual,5,High Risk,Manual Review
137660377,30000.0, 36 months,23.4,E,E1,< 1 year,RENT,110000.0,Source Verified,debt_consolidation,AZ,37.03,2.0,715.0,719.0,0.0,66.4,20.0,Individual,6,High Risk,Manual Review
137208380,15000.0, 60 months,29.69,F,F2,2 years,RENT,25000.0,Verified,debt_consolidation,FL,60.2,0.0,695.0,699.0,1.0,91.3,9.0,Joint App,6,High Risk,Manual Review
138270427,35000.0, 36 months,26.31,E,E4,10+ years,RENT,25000.0,Not Verified,debt_consolidation,CA,112.87,0.0,685.0,689.0,0.0,69.7,11.0,Joint App,5,High Risk,Manual Review
138282486,29150.0, 60 months,29.69,F,F2,10+ years,RENT,57000.0,Source Verified,debt_consolidation,ND,36.17,0.0,740.0,744.0,3.0,32.1,38.0,Individual,5,High Risk,Manual Review
138284826,12800.0, 60 months,27.27,E,E5,3 years,RENT,28000.0,Not Verified,debt_consolidation,NJ,52.38,0.0,680.0,684.0,1.0,31.8,26.0,Joint App,5,High Risk,Manual Review
138266962,17350.0, 60 months,30.79,G,G1,10+ years,RENT,62500.0,Source Verified,debt_consolidation,CA,30.24,0.0,715.0,719.0,0.0,75.1,32.0,Individual,5,High Risk,Manual Review
137595662,11000.0, 60 months,25.34,E,E3,10+ years,MORTGAGE,60000.0,Source Verified,home_improvement,NY,2.24,1.0,670.0,674.0,0.0,93.7,10.0,Individual,5,High Risk,Manual Review
137958122,17600.0, 60 months,27.27,E,E5,< 1 year,OWN,23000.0,Verified,other,CA,32.57,0.0,665.0,669.0,0.0,88.7,8.0,Joint App,6,High Risk,Manual Review
136907041,35000.0, 60 months,26.31,E,E4,7 years,MORTGAGE,50000.0,Source Verified,debt_consolidation,TX,30.32,1.0,680.0,684.0,0.0,40.2,17.0,Joint App,6,High Risk,Manual Review
138229879,19200.0, 36 months,27.27,E,E5,10+ years,MORTGAGE,54000.0,Source Verified,debt_consolidation,IL,33.8,0.0,710.0,714.0,0.0,37.1,16.0,Individual,5,High Risk,Manual Review
138246819,3300.0, 36 months,28.72,F,F1,10+ years,MORTGAGE,30000.0,Verified,home_improvement,LA,30.38,2.0,700.0,704.0,1.0,15.3,21.0,Individual,6,High Risk,Manual Review
138241685,25000.0, 60 months,30.79,G,G1,10+ years,MORTGAGE,85000.0,Not Verified,debt_consolidation,CA,29.49,2.0,680.0,684.0,0.0,80.8,46.0,Individual,5,High Risk,Manual Review
138184900,1775.0, 36 months,29.69,F,F2,3 years,MORTGAGE,90000.0,Verified,debt_consolidation,TX,37.53,0.0,660.0,664.0,1.0,96.0,13.0,Individual,6,High Risk,Manual Review
138096378,28000.0, 60 months,27.27,E,E5,10+ years,MORTGAGE,80000.0,Source Verified,debt_consolidation,PA,35.37,0.0,685.0,689.0,0.0,80.0,35.0,Joint App,5,High Risk,Manual Review
138243603,30000.0, 36 months,16.91,C,C5,1 year,MORTGAGE,67000.0,Not Verified,debt_consolidation,TN,50.1,3.0,680.0,684.0,0.0,90.4,41.0,Joint App,5,High Risk,Manual Review
137554412,35000.0, 60 months,30.84,G,G2,4 years,MORTGAGE,60000.0,Source Verified,debt_consolidation,OH,30.5,1.0,660.0,664.0,0.0,75.9,30.0,Joint App,6,High Risk,Manual Review
138119460,16000.0, 60 months,30.75,F,F5,10+ years,OWN,40000.0,Verified,other,LA,39.66,0.0,675.0,679.0,0.0,87.6,18.0,Individual,6,High Risk,Manual Review
137933355,25000.0, 60 months,30.65,F,F4,10+ years,RENT,96000.0,Verified,debt_consolidation,OK,38.95,0.0,720.0,724.0,0.0,92.1,32.0,Individual,6,High Risk,Manual Review
138023804,24650.0, 60 months,30.17,F,F3,7 years,RENT,45000.0,Source Verified,debt_consolidation,OH,34.64,0.0,660.0,664.0,2.0,59.4,16.0,Joint App,5,High Risk,Manual Review
138236407,30000.0, 60 months,28.72,F,F1,10+ years,MORTGAGE,46000.0,Source Verified,debt_consolidation,MN,35.72,0.0,725.0,729.0,0.0,68.9,27.0,Individual,5,High Risk,Manual Review
138188222,8000.0, 36 months,23.4,E,E1,< 1 year,RENT,25000.0,Not Verified,medical,CA,49.5,0.0,665.0,669.0,0.0,65.1,7.0,Joint App,5,High Risk,Manual Review
137941112,25000.0, 60 months,30.79,G,G1,4 years,RENT,60000.0,Verified,debt_consolidation,CA,45.0,0.0,675.0,679.0,0.0,59.2,19.0,Joint App,5,High Risk,Manual Review
137982959,9650.0, 36 months,25.34,E,E3,4 years,RENT,48000.0,Verified,debt_consolidation,GA,36.85,0.0,675.0,679.0,2.0,83.0,22.0,Individual,6,High Risk,Manual Review
137983021,20000.0, 60 months,25.34,E,E3,,MORTGAGE,56000.0,Not Verified,credit_card,FL,22.16,1.0,675.0,679.0,0.0,83.4,15.0,Individual,5,High Risk,Manual Review
138055685,20000.0, 60 months,30.65,F,F4,5 years,MORTGAGE,58979.0,Verified,debt_consolidation,TN,54.01,0.0,675.0,679.0,1.0,51.2,45.0,Joint App,5,High Risk,Manual Review
138218955,32000.0, 60 months,15.02,C,C3,4 years,MORTGAGE,20000.0,Not Verified,credit_card,IN,65.13,2.0,700.0,704.0,0.0,82.1,13.0,Joint App,5,High Risk,Manual Review
137595815,35000.0, 60 months,25.34,E,E3,10+ years,RENT,25000.0,Not Verified,debt_consolidation,PA,44.22,0.0,700.0,704.0,2.0,75.0,18.0,Joint App,5,High Risk,Manual Review
138086225,25000.0, 36 months,27.27,E,E5,6 years,OWN,68675.0,Source Verified,debt_consolidation,AL,38.52,0.0,695.0,699.0,0.0,84.2,32.0,Individual,6,High Risk,Manual Review
137426366,35000.0, 60 months,30.84,G,G2,,MORTGAGE,56832.0,Source Verified,debt_consolidation,OR,48.82,1.0,690.0,694.0,0.0,63.3,32.0,Joint App,6,High Risk,Manual Review
138233326,8500.0, 36 months,23.4,E,E1,10+ years,MORTGAGE,141000.0,Source Verified,credit_card,NJ,32.69,1.0,660.0,664.0,0.0,93.2,38.0,Joint App,7,High Risk,Manual Review
138041898,28000.0, 60 months,30.17,F,F3,10+ years,RENT,40000.0,Not Verified,credit_card,NY,45.63,3.0,665.0,669.0,0.0,64.1,47.0,Joint App,6,High Risk,Manual Review
138135877,25000.0, 60 months,27.27,E,E5,1 year,MORTGAGE,65324.0,Verified,debt_consolidation,AZ,38.54,0.0,690.0,694.0,0.0,70.6,33.0,Joint App,5,High Risk,Manual Review
138228983,30000.0, 60 months,28.72,F,F1,10+ years,MORTGAGE,55000.0,Not Verified,debt_consolidation,TX,73.06,0.0,665.0,669.0,1.0,70.8,43.0,Joint App,5,High Risk,Manual Review
138230516,25000.0, 60 months,25.34,E,E3,10+ years,MORTGAGE,82000.0,Not Verified,debt_consolidation,CA,30.31,0.0,685.0,689.0,0.0,54.0,26.0,Individual,5,High Risk,Manual Review
138139457,16000.0, 60 months,30.79,G,G1,< 1 year,MORTGAGE,180000.0,Verified,home_improvement,NY,26.02,4.0,670.0,674.0,2.0,90.6,41.0,Individual,5,High Risk,Manual Review
138125040,2900.0, 36 months,30.84,G,G2,,MORTGAGE,29286.0,Verified,other,IL,36.68,0.0,730.0,734.0,0.0,50.1,8.0,Individual,5,High Risk,Manual Review
138220049,11975.0, 60 months,28.72,F,F1,5 years,RENT,58000.0,Not Verified,other,TX,16.39,2.0,660.0,664.0,1.0,81.0,42.0,Individual,5,High Risk,Manual Review
137803334,20000.0, 60 months,30.75,F,F5,10+ years,MORTGAGE,65000.0,Source Verified,debt_consolidation,NY,45.77,0.0,675.0,679.0,1.0,43.5,26.0,Joint App,5,High Risk,Manual Review
137705163,19200.0, 60 months,28.72,F,F1,10+ years,RENT,40000.0,Verified,debt_consolidation,AZ,37.5,0.0,710.0,714.0,0.0,47.8,14.0,Individual,5,High Risk,Manual Review
137727881,3800.0, 36 months,23.4,E,E1,,MORTGAGE,44100.0,Verified,debt_consolidation,NY,34.2,0.0,680.0,684.0,2.0,95.3,25.0,Individual,6,High Risk,Manual Review
137948529,10000.0, 36 months,23.4,E,E1,10+ years,RENT,71807.0,Verified,debt_consolidation,AK,34.58,0.0,720.0,724.0,2.0,89.0,30.0,Individual,6,High Risk,Manual Review
138078806,20000.0, 60 months,27.27,E,E5,,MORTGAGE,12000.0,Verified,debt_consolidation,MI,155.9,0.0,665.0,669.0,1.0,93.8,22.0,Joint App,6,High Risk,Manual Review
138147195,8000.0, 36 months,23.4,E,E1,10+ years,RENT,40000.0,Verified,debt_consolidation,MI,32.97,0.0,690.0,694.0,0.0,85.1,9.0,Individual,6,High Risk,Manual Review
137698015,27325.0, 60 months,27.27,E,E5,8 years,MORTGAGE,35000.0,Verified,credit_card,IN,60.78,0.0,705.0,709.0,0.0,61.6,31.0,Joint App,5,High Risk,Manual Review
137634303,32000.0, 60 months,27.27,E,E5,< 1 year,MORTGAGE,60000.0,Not Verified,debt_consolidation,VA,50.88,1.0,705.0,709.0,0.0,58.6,36.0,Joint App,6,High Risk,Manual Review
137428688,35000.0, 36 months,25.34,E,E3,2 years,OWN,35000.0,Not Verified,debt_consolidation,TX,93.55,0.0,660.0,664.0,0.0,81.5,24.0,Joint App,6,High Risk,Manual Review
137945654,16000.0, 60 months,24.37,E,E2,10+ years,MORTGAGE,52000.0,Verified,credit_card,OK,40.18,1.0,685.0,689.0,0.0,64.7,22.0,Joint App,6,High Risk,Manual Review
138065813,4000.0, 36 months,25.34,E,E3,2 years,RENT,50000.0,Not Verified,medical,TX,30.12,0.0,675.0,679.0,0.0,25.7,12.0,Joint App,5,High Risk,Manual Review
138159267,30000.0, 36 months,22.35,D,D5,3 years,MORTGAGE,136000.0,Verified,debt_consolidation,CA,39.63,1.0,680.0,684.0,0.0,89.1,23.0,Individual,5,High Risk,Manual Review
137989911,20050.0, 60 months,27.27,E,E5,9 years,MORTGAGE,107000.0,Source Verified,debt_consolidation,FL,32.75,0.0,730.0,734.0,0.0,40.6,35.0,Individual,5,High Risk,Manual Review
138172726,20400.0, 36 months,22.35,D,D5,10+ years,MORTGAGE,44321.0,Verified,debt_consolidation,TX,86.87,2.0,665.0,669.0,0.0,101.5,16.0,Joint App,5,High Risk,Manual Review
137952557,9500.0, 36 months,23.4,E,E1,10+ years,MORTGAGE,65000.0,Not Verified,debt_consolidation,OH,51.81,0.0,680.0,684.0,1.0,49.4,41.0,Joint App,5,High Risk,Manual Review
136753801,13050.0, 60 months,30.75,F,F5,,RENT,20184.0,Verified,other,CA,91.33,0.0,705.0,709.0,1.0,94.8,18.0,Joint App,6,High Risk,Manual Review
137692148,21525.0, 60 months,27.27,E,E5,6 years,MORTGAGE,32000.0,Verified,debt_consolidation,CA,48.5,0.0,675.0,679.0,0.0,93.9,14.0,Joint App,6,High Risk,Manual Review
138049557,5000.0, 36 months,23.4,E,E1,10+ years,MORTGAGE,46000.0,Verified,debt_consolidation,WI,57.71,0.0,665.0,669.0,1.0,93.1,34.0,Joint App,6,High Risk,Manual Review
138044496,20000.0, 60 months,25.34,E,E3,,RENT,25000.0,Verified,house,NV,30.29,0.0,665.0,669.0,0.0,51.5,8.0,Joint App,5,High Risk,Manual Review
138142789,30000.0, 60 months,23.4,E,E1,10+ years,RENT,65000.0,Verified,debt_consolidation,CA,36.15,1.0,695.0,699.0,0.0,40.1,48.0,Individual,6,High Risk,Manual Review
137985666,10000.0, 60 months,26.31,E,E4,,RENT,40700.0,Not Verified,debt_consolidation,NY,38.19,0.0,675.0,679.0,0.0,66.9,14.0,Individual,5,High Risk,Manual Review
137972135,2000.0, 36 months,26.31,E,E4,7 years,MORTGAGE,27000.0,Verified,renewable_energy,CA,32.54,1.0,710.0,714.0,1.0,15.9,13.0,Joint App,6,High Risk,Manual Review
138142693,6000.0, 36 months,25.34,E,E3,,OWN,24000.0,Not Verified,debt_consolidation,SC,30.45,1.0,715.0,719.0,0.0,35.7,19.0,Individual,6,High Risk,Manual Review
138117419,25000.0, 60 months,30.79,G,G1,10+ years,MORTGAGE,212000.0,Source Verified,debt_consolidation,MA,16.53,1.0,670.0,674.0,0.0,90.7,50.0,Individual,5,High Risk,Manual Review
138159975,6000.0, 36 months,24.37,E,E2,1 year,MORTGAGE,40000.0,Source Verified,debt_consolidation,CO,121.94,0.0,660.0,664.0,1.0,93.8,30.0,Joint App,6,High Risk,Manual Review
138080416,15000.0, 60 months,29.69,F,F2,4 years,MORTGAGE,40155.0,Verified,debt_consolidation,WA,37.3,0.0,665.0,669.0,0.0,70.5,19.0,Individual,5,High Risk,Manual Review
138152279,20000.0, 60 months,25.34,E,E3,10+ years,MORTGAGE,58000.0,Verified,debt_consolidation,SC,39.89,0.0,690.0,694.0,0.0,48.5,41.0,Individual,5,High Risk,Manual Review
137942246,14025.0, 36 months,27.27,E,E5,2 years,RENT,147000.0,Source Verified,debt_consolidation,TN,34.33,0.0,700.0,704.0,1.0,41.2,53.0,Individual,5,High Risk,Manual Review
138136754,16000.0, 60 months,26.31,E,E4,< 1 year,MORTGAGE,39000.0,Verified,debt_consolidation,IN,30.68,0.0,680.0,684.0,1.0,61.3,21.0,Individual,5,High Risk,Manual Review
138163395,4550.0, 36 months,24.37,E,E2,4 years,RENT,42000.0,Verified,debt_consolidation,VA,36.31,0.0,670.0,674.0,0.0,79.0,27.0,Individual,5,High Risk,Manual Review
138125847,8000.0, 36 months,27.27,E,E5,1 year,MORTGAGE,77100.0,Verified,debt_consolidation,TX,31.43,0.0,720.0,724.0,0.0,96.0,19.0,Individual,6,High Risk,Manual Review
137190191,5000.0, 36 months,30.17,F,F3,,OWN,16705.56,Verified,debt_consolidation,MI,32.97,0.0,685.0,689.0,2.0,102.0,7.0,Individual,6,High Risk,Manual Review
137494030,12000.0, 60 months,27.27,E,E5,,RENT,45000.0,Not Verified,debt_consolidation,TX,32.43,0.0,685.0,689.0,0.0,49.2,15.0,Individual,5,High Risk,Manual Review
138131831,35000.0, 60 months,24.37,E,E2,1 year,MORTGAGE,130000.0,Verified,debt_consolidation,OR,35.51,0.0,720.0,724.0,0.0,92.0,26.0,Individual,6,High Risk,Manual Review
138157872,20000.0, 60 months,23.4,E,E1,10+ years,MORTGAGE,130000.0,Source Verified,debt_consolidation,MD,23.35,1.0,685.0,689.0,0.0,88.4,20.0,Individual,5,High Risk,Manual Review
137632036,25000.0, 60 months,24.37,E,E2,10+ years,MORTGAGE,108000.0,Source Verified,debt_consolidation,VA,30.08,2.0,675.0,679.0,1.0,95.7,43.0,Individual,7,High Risk,Manual Review
138076445,3300.0, 36 months,23.4,E,E1,10+ years,OWN,55000.0,Source Verified,other,OR,38.23,4.0,695.0,699.0,0.0,48.1,24.0,Individual,6,High Risk,Manual Review
138153174,7000.0, 36 months,24.37,E,E2,5 years,RENT,28000.0,Not Verified,credit_card,SC,35.92,0.0,690.0,694.0,1.0,20.8,16.0,Individual,5,High Risk,Manual Review
137989172,26725.0, 60 months,30.79,G,G1,10+ years,MORTGAGE,60200.0,Not Verified,debt_consolidation,FL,47.47,1.0,710.0,714.0,0.0,44.8,19.0,Joint App,6,High Risk,Manual Review
137930641,35000.0, 36 months,24.37,E,E2,3 years,RENT,90000.0,Verified,debt_consolidation,TX,48.68,0.0,670.0,674.0,0.0,85.1,50.0,Joint App,6,High Risk,Manual Review
137881430,15000.0, 60 months,27.27,E,E5,,OWN,33000.0,Verified,debt_consolidation,KY,39.45,0.0,700.0,704.0,0.0,52.5,24.0,Individual,5,High Risk,Manual Review
137924930,35000.0, 60 months,23.4,E,E1,3 years,MORTGAGE,108000.0,Source Verified,debt_consolidation,MD,31.33,0.0,745.0,749.0,0.0,97.0,19.0,Joint App,6,High Risk,Manual Review
137943486,28850.0, 60 months,30.79,G,G1,10+ years,MORTGAGE,67000.0,Source Verified,debt_consolidation,CA,34.39,0.0,705.0,709.0,1.0,27.3,19.0,Joint App,5,High Risk,Manual Review
138013778,30000.0, 60 months,28.72,F,F1,1 year,RENT,53000.0,Verified,debt_consolidation,CA,31.11,0.0,690.0,694.0,1.0,32.2,29.0,Individual,5,High Risk,Manual Review
137951702,19875.0, 60 months,30.75,F,F5,4 years,MORTGAGE,75000.0,Verified,debt_consolidation,AL,30.19,0.0,685.0,689.0,0.0,73.0,23.0,Individual,5,High Risk,Manual Review
135989560,15225.0, 60 months,30.79,G,G1,4 years,OWN,102000.0,Source Verified,debt_consolidation,TX,31.21,0.0,730.0,734.0,1.0,37.1,31.0,Individual,5,High Risk,Manual Review
138137654,20000.0, 60 months,27.27,E,E5,3 years,OWN,75000.0,Not Verified,home_improvement,MS,34.98,0.0,680.0,684.0,0.0,51.0,33.0,Individual,5,High Risk,Manual Review
138004252,30000.0, 60 months,27.27,E,E5,7 years,RENT,68500.0,Verified,debt_consolidation,HI,38.98,0.0,720.0,724.0,0.0,81.4,20.0,Individual,6,High Risk,Manual Review
138114888,5000.0, 36 months,23.4,E,E1,,RENT,9800.0,Not Verified,debt_consolidation,AZ,35.05,0.0,680.0,684.0,0.0,37.9,25.0,Individual,5,High Risk,Manual Review
137945050,3300.0, 36 months,24.37,E,E2,< 1 year,MORTGAGE,145000.0,Source Verified,debt_consolidation,OH,33.53,0.0,710.0,714.0,2.0,82.6,24.0,Individual,6,High Risk,Manual Review
138122151,4600.0, 36 months,25.34,E,E3,10+ years,MORTGAGE,140000.0,Not Verified,medical,MN,10.17,3.0,670.0,674.0,0.0,91.7,32.0,Individual,5,High Risk,Manual Review
137982520,10000.0, 60 months,27.27,E,E5,5 years,RENT,29000.0,Verified,debt_consolidation,GA,33.44,0.0,680.0,684.0,1.0,29.6,9.0,Individual,5,High Risk,Manual Review
137921439,16000.0, 60 months,25.34,E,E3,8 years,RENT,60000.0,Not Verified,debt_consolidation,CA,30.48,0.0,695.0,699.0,0.0,66.1,16.0,Individual,5,High Risk,Manual Review
137979313,7000.0, 36 months,26.31,E,E4,10+ years,RENT,46000.0,Verified,other,MA,31.78,0.0,670.0,674.0,1.0,61.3,24.0,Individual,5,High Risk,Manual Review
137750404,15000.0, 60 months,28.72,F,F1,3 years,OWN,55000.0,Source Verified,debt_consolidation,OH,38.42,0.0,660.0,664.0,1.0,83.8,14.0,Joint App,6,High Risk,Manual Review
138078803,9100.0, 36 months,27.27,E,E5,10+ years,RENT,50000.0,Not Verified,debt_consolidation,CA,38.84,1.0,710.0,714.0,0.0,41.9,20.0,Individual,6,High Risk,Manual Review
137943015,24750.0, 60 months,28.72,F,F1,8 years,MORTGAGE,40000.0,Verified,credit_card,PA,100.6,1.0,685.0,689.0,0.0,58.7,50.0,Joint App,6,High Risk,Manual Review
138111405,30000.0, 60 months,30.17,F,F3,10+ years,RENT,80000.0,Verified,credit_card,NJ,39.03,0.0,695.0,699.0,0.0,85.9,19.0,Individual,6,High Risk,Manual Review
138118832,28000.0, 60 months,29.69,F,F2,10+ years,RENT,105000.0,Source Verified,debt_consolidation,MD,16.67,1.0,670.0,674.0,1.0,95.4,23.0,Individual,5,High Risk,Manual Review
137798717,20000.0, 60 months,28.72,F,F1,,OWN,35820.0,Not Verified,credit_card,NY,34.61,0.0,660.0,664.0,1.0,49.7,26.0,Individual,5,High Risk,Manual Review
137573772,12875.0, 60 months,30.79,G,G1,,RENT,17000.0,Not Verified,debt_consolidation,OH,30.93,0.0,705.0,709.0,0.0,51.2,10.0,Individual,5,High Risk,Manual Review
138103761,12000.0, 60 months,29.69,F,F2,3 years,RENT,80650.0,Source Verified,credit_card,NY,32.38,0.0,665.0,669.0,0.0,85.7,21.0,Individual,6,High Risk,Manual Review
138107919,28750.0, 60 months,27.27,E,E5,10+ years,RENT,65000.0,Verified,debt_consolidation,CA,36.43,0.0,770.0,774.0,0.0,28.9,18.0,Individual,5,High Risk,Manual Review
136531673,30000.0, 60 months,25.34,E,E3,10+ years,RENT,79000.0,Verified,debt_consolidation,AK,30.88,0.0,710.0,714.0,0.0,38.4,31.0,Individual,5,High Risk,Manual Review
138054881,35000.0, 60 months,30.79,G,G1,7 years,MORTGAGE,29000.0,Verified,debt_consolidation,VA,84.48,0.0,710.0,714.0,0.0,75.3,25.0,Joint App,5,High Risk,Manual Review
137746670,30000.0, 36 months,17.97,D,D1,10+ years,RENT,105000.0,Verified,debt_consolidation,FL,30.56,1.0,670.0,674.0,2.0,86.0,21.0,Individual,5,High Risk,Manual Review
137978184,16200.0, 60 months,30.89,G,G3,1 year,MORTGAGE,48000.0,Verified,credit_card,IL,36.3,0.0,670.0,674.0,0.0,90.0,19.0,Individual,6,High Risk,Manual Review
137987812,25000.0, 36 months,26.31,E,E4,10+ years,MORTGAGE,65000.0,Not Verified,debt_consolidation,WA,33.59,1.0,685.0,689.0,0.0,71.5,27.0,Individual,6,High Risk,Manual Review
136912647,10600.0, 36 months,27.27,E,E5,< 1 year,RENT,90000.0,Source Verified,debt_consolidation,NY,7.51,1.0,660.0,664.0,0.0,97.5,7.0,Individual,5,High Risk,Manual Review
138083294,5500.0, 36 months,24.37,E,E2,< 1 year,OWN,60000.0,Source Verified,debt_consolidation,OH,32.1,0.0,670.0,674.0,1.0,64.5,22.0,Individual,5,High Risk,Manual Review
138047414,30000.0, 60 months,26.31,E,E4,8 years,MORTGAGE,142200.0,Source Verified,other,VA,18.68,2.0,670.0,674.0,0.0,88.2,37.0,Individual,5,High Risk,Manual Review
137956104,10000.0, 36 months,25.34,E,E3,7 years,MORTGAGE,60000.0,Verified,other,WV,33.0,0.0,700.0,704.0,1.0,35.2,19.0,Individual,5,High Risk,Manual Review
137660764,15000.0, 36 months,17.97,D,D1,,MORTGAGE,62500.0,Verified,debt_consolidation,MA,32.16,1.0,680.0,684.0,1.0,80.3,26.0,Joint App,5,High Risk,Manual Review
137949907,18000.0, 60 months,30.75,F,F5,,OWN,29211.08,Verified,debt_consolidation,TX,32.5,0.0,660.0,664.0,0.0,57.8,20.0,Individual,5,High Risk,Manual Review
137896149,12300.0, 60 months,27.27,E,E5,10+ years,MORTGAGE,90000.0,Verified,debt_consolidation,CA,31.0,0.0,715.0,719.0,1.0,6.9,35.0,Individual,5,High Risk,Manual Review
138076701,12100.0, 60 months,25.34,E,E3,,MORTGAGE,50300.0,Verified,debt_consolidation,MD,36.01,0.0,695.0,699.0,0.0,39.4,40.0,Individual,5,High Risk,Manual Review
137926851,10000.0, 60 months,27.27,E,E5,3 years,MORTGAGE,40000.0,Verified,debt_consolidation,OH,21.06,5.0,675.0,679.0,0.0,84.4,23.0,Individual,5,High Risk,Manual Review
137814021,10000.0, 60 months,30.75,F,F5,,MORTGAGE,15000.0,Verified,debt_consolidation,OK,31.04,1.0,685.0,689.0,0.0,79.3,7.0,Joint App,6,High Risk,Manual Review
137789147,30125.0, 60 months,28.72,F,F1,,OWN,1100.0,Verified,credit_card,NM,261.54,0.0,690.0,694.0,1.0,84.2,10.0,Joint App,6,High Risk,Manual Review
137570521,20000.0, 60 months,30.75,F,F5,5 years,RENT,59400.0,Source Verified,debt_consolidation,DE,34.12,0.0,720.0,724.0,0.0,47.9,22.0,Individual,5,High Risk,Manual Review
137952656,25000.0, 60 months,30.75,F,F5,8 years,MORTGAGE,63000.0,Source Verified,credit_card,OH,33.37,0.0,695.0,699.0,0.0,46.2,20.0,Individual,5,High Risk,Manual Review
138068599,21250.0, 60 months,28.72,F,F1,6 years,MORTGAGE,70000.0,Not Verified,debt_consolidation,PA,38.52,1.0,715.0,719.0,0.0,51.9,22.0,Individual,6,High Risk,Manual Review
138046701,7000.0, 36 months,16.91,C,C5,10+ years,RENT,100800.0,Not Verified,moving,FL,39.52,5.0,665.0,669.0,2.0,84.0,32.0,Individual,5,High Risk,Manual Review
138021857,12975.0, 60 months,27.27,E,E5,< 1 year,MORTGAGE,116000.0,Source Verified,debt_consolidation,VA,25.69,1.0,700.0,704.0,0.0,89.3,19.0,Individual,5,High Risk,Manual Review
138012937,7000.0, 36 months,19.92,D,D3,2 years,RENT,48000.0,Not Verified,credit_card,NY,32.78,1.0,665.0,669.0,0.0,83.0,14.0,Individual,5,High Risk,Manual Review
138017313,13875.0, 60 months,26.31,E,E4,10+ years,MORTGAGE,96860.0,Verified,credit_card,OH,32.99,0.0,700.0,704.0,1.0,32.9,61.0,Individual,5,High Risk,Manual Review
137985238,20000.0, 60 months,26.31,E,E4,1 year,RENT,40000.0,Not Verified,debt_consolidation,GA,34.89,0.0,680.0,684.0,0.0,81.0,13.0,Individual,6,High Risk,Manual Review
137530603,4200.0, 36 months,26.31,E,E4,,RENT,14071.0,Verified,credit_card,AZ,31.74,1.0,660.0,664.0,1.0,98.0,9.0,Individual,7,High Risk,Manual Review
137311828,25000.0, 36 months,27.27,E,E5,10+ years,RENT,70000.0,Source Verified,debt_consolidation,SC,32.02,0.0,700.0,704.0,0.0,87.7,24.0,Individual,6,High Risk,Manual Review
137576342,12000.0, 36 months,24.37,E,E2,10+ years,MORTGAGE,65000.0,Verified,debt_consolidation,FL,43.46,1.0,675.0,679.0,1.0,97.6,23.0,Joint App,7,High Risk,Manual Review
137996502,10000.0, 60 months,26.31,E,E4,10+ years,MORTGAGE,48921.6,Source Verified,other,TX,37.17,0.0,695.0,699.0,0.0,51.5,29.0,Individual,5,High Risk,Manual Review
137431605,25000.0, 60 months,29.69,F,F2,2 years,MORTGAGE,112500.0,Not Verified,debt_consolidation,TN,36.9,0.0,685.0,689.0,0.0,62.3,31.0,Individual,5,High Risk,Manual Review
137583182,20000.0, 60 months,27.27,E,E5,2 years,MORTGAGE,68000.0,Verified,credit_card,TX,33.37,0.0,710.0,714.0,0.0,87.1,17.0,Individual,6,High Risk,Manual Review
137914823,11525.0, 60 months,27.27,E,E5,,MORTGAGE,49644.0,Verified,debt_consolidation,GA,36.74,0.0,700.0,704.0,0.0,71.9,28.0,Individual,5,High Risk,Manual Review
137801705,21200.0, 60 months,27.27,E,E5,1 year,MORTGAGE,85200.0,Not Verified,home_improvement,NY,32.46,0.0,710.0,714.0,0.0,20.1,72.0,Joint App,5,High Risk,Manual Review
137988532,28900.0, 60 months,27.27,E,E5,4 years,MORTGAGE,142000.0,Source Verified,debt_consolidation,CO,32.21,0.0,705.0,709.0,0.0,54.4,36.0,Individual,5,High Risk,Manual Review
137992522,4500.0, 36 months,23.4,E,E1,10+ years,MORTGAGE,90000.0,Verified,home_improvement,FL,35.72,0.0,700.0,704.0,0.0,52.8,29.0,Individual,5,High Risk,Manual Review
137977875,16000.0, 60 months,27.27,E,E5,5 years,RENT,36300.0,Not Verified,home_improvement,OH,32.4,0.0,670.0,674.0,1.0,71.6,13.0,Individual,5,High Risk,Manual Review
137883535,5000.0, 36 months,22.35,D,D5,,RENT,19000.0,Verified,debt_consolidation,NY,106.7,2.0,660.0,664.0,0.0,85.6,16.0,Joint App,5,High Risk,Manual Review
137839063,21100.0, 36 months,25.34,E,E3,10+ years,MORTGAGE,48000.0,Verified,debt_consolidation,TX,34.08,0.0,715.0,719.0,0.0,93.9,8.0,Individual,6,High Risk,Manual Review
137990523,19000.0, 60 months,24.37,E,E2,5 years,RENT,80000.0,Source Verified,debt_consolidation,FL,22.06,5.0,680.0,684.0,0.0,83.8,38.0,Individual,5,High Risk,Manual Review
137896981,26500.0, 60 months,25.34,E,E3,,OWN,13000.0,Not Verified,home_improvement,WY,87.61,0.0,670.0,674.0,2.0,46.1,42.0,Joint App,5,High Risk,Manual Review
137940239,3000.0, 36 months,25.34,E,E3,3 years,MORTGAGE,93000.0,Not Verified,debt_consolidation,MS,32.29,0.0,715.0,719.0,0.0,1.1,22.0,Individual,5,High Risk,Manual Review
137946439,12000.0, 60 months,27.27,E,E5,,MORTGAGE,49082.0,Verified,debt_consolidation,MI,35.79,0.0,675.0,679.0,0.0,73.2,17.0,Individual,5,High Risk,Manual Review
137697348,16000.0, 60 months,30.17,F,F3,10+ years,MORTGAGE,73200.0,Source Verified,other,TX,35.31,0.0,725.0,729.0,0.0,101.5,30.0,Individual,6,High Risk,Manual Review
137402162,35150.0, 60 months,25.34,E,E3,5 years,MORTGAGE,51000.0,Source Verified,other,OK,37.72,0.0,710.0,714.0,2.0,48.1,12.0,Joint App,5,High Risk,Manual Review
137379623,15000.0, 36 months,23.4,E,E1,5 years,MORTGAGE,33696.0,Source Verified,debt_consolidation,NJ,33.23,0.0,660.0,664.0,0.0,45.2,27.0,Individual,5,High Risk,Manual Review
137631414,35000.0, 60 months,30.75,F,F5,1 year,MORTGAGE,80000.0,Verified,debt_consolidation,MD,14.73,2.0,670.0,674.0,0.0,90.8,16.0,Joint App,5,High Risk,Manual Review
137698642,32000.0, 60 months,27.27,E,E5,< 1 year,RENT,40000.0,Source Verified,debt_consolidation,NJ,43.02,0.0,660.0,664.0,1.0,60.7,39.0,Joint App,5,High Risk,Manual Review
137943057,10000.0, 60 months,25.34,E,E3,10+ years,MORTGAGE,36000.0,Verified,debt_consolidation,FL,35.1,0.0,660.0,664.0,0.0,11.5,14.0,Individual,5,High Risk,Manual Review
137498624,24000.0, 60 months,25.34,E,E3,10+ years,MORTGAGE,33000.0,Not Verified,debt_consolidation,MI,32.98,0.0,725.0,729.0,0.0,78.9,21.0,Joint App,5,High Risk,Manual Review
137748656,11000.0, 60 months,28.72,F,F1,10+ years,MORTGAGE,50000.0,Source Verified,debt_consolidation,MS,32.36,0.0,675.0,679.0,3.0,86.0,26.0,Individual,6,High Risk,Manual Review
137878881,15000.0, 60 months,27.27,E,E5,,OWN,23000.0,Not Verified,debt_consolidation,DE,35.02,0.0,680.0,684.0,0.0,78.3,7.0,Individual,5,High Risk,Manual Review
136907128,3400.0, 36 months,27.27,E,E5,8 years,MORTGAGE,75000.0,Verified,debt_consolidation,MI,35.97,0.0,740.0,744.0,2.0,14.7,25.0,Individual,5,High Risk,Manual Review
137423378,10000.0, 60 months,29.69,F,F2,< 1 year,RENT,35100.0,Source Verified,debt_consolidation,FL,31.73,0.0,690.0,694.0,2.0,82.4,30.0,Joint App,6,High Risk,Manual Review
137873142,4000.0, 36 months,23.4,E,E1,1 year,MORTGAGE,135000.0,Source Verified,other,OR,9.8,2.0,680.0,684.0,2.0,88.1,29.0,Joint App,5,High Risk,Manual Review
137893647,20000.0, 60 months,23.4,E,E1,7 years,MORTGAGE,67000.0,Verified,debt_consolidation,IL,33.4,0.0,690.0,694.0,2.0,90.5,21.0,Individual,6,High Risk,Manual Review
137788330,35000.0, 36 months,30.79,G,G1,8 years,RENT,82368.0,Verified,debt_consolidation,GA,34.4,0.0,695.0,699.0,0.0,98.0,18.0,Individual,6,High Risk,Manual Review
134079708,22000.0, 60 months,17.97,D,D1,2 years,MORTGAGE,25000.0,Source Verified,debt_consolidation,OH,63.99,1.0,695.0,699.0,0.0,86.1,17.0,Joint App,5,High Risk,Manual Review
137843549,11475.0, 60 months,30.79,G,G1,,MORTGAGE,54000.0,Verified,debt_consolidation,FL,39.62,0.0,700.0,704.0,1.0,54.8,19.0,Individual,5,High Risk,Manual Review
137859405,25000.0, 36 months,24.37,E,E2,9 years,RENT,73000.0,Verified,debt_consolidation,DE,33.44,0.0,680.0,684.0,1.0,69.6,10.0,Individual,5,High Risk,Manual Review
137856488,18000.0, 36 months,22.35,D,D5,10+ years,MORTGAGE,75000.0,Verified,other,FL,33.86,1.0,675.0,679.0,0.0,90.6,17.0,Joint App,5,High Risk,Manual Review
137581760,12950.0, 60 months,30.65,F,F4,< 1 year,RENT,60400.0,Verified,debt_consolidation,MO,39.16,6.0,670.0,674.0,2.0,69.0,29.0,Individual,6,High Risk,Manual Review
137862667,14400.0, 36 months,23.4,E,E1,10+ years,MORTGAGE,72000.0,Source Verified,debt_consolidation,WI,34.77,1.0,665.0,669.0,3.0,86.8,31.0,Joint App,7,High Risk,Manual Review
137888253,11700.0, 60 months,29.69,F,F2,10+ years,RENT,115000.0,Source Verified,debt_consolidation,NJ,17.88,2.0,675.0,679.0,0.0,86.2,14.0,Individual,5,High Risk,Manual Review
137809349,15000.0, 60 months,27.27,E,E5,10+ years,MORTGAGE,58000.0,Source Verified,debt_consolidation,NJ,43.68,0.0,680.0,684.0,0.0,61.5,23.0,Joint App,5,High Risk,Manual Review
137856329,12000.0, 36 months,15.02,C,C3,10+ years,RENT,34000.0,Verified,debt_consolidation,MD,33.15,1.0,660.0,664.0,0.0,85.0,11.0,Individual,5,High Risk,Manual Review
136591512,8000.0, 36 months,23.4,E,E1,1 year,RENT,95000.0,Not Verified,credit_card,IN,33.89,0.0,665.0,669.0,2.0,78.7,19.0,Individual,5,High Risk,Manual Review
137558865,10000.0, 60 months,27.27,E,E5,5 years,RENT,46000.0,Not Verified,credit_card,ID,34.15,0.0,700.0,704.0,0.0,34.9,20.0,Individual,5,High Risk,Manual Review
137731339,13000.0, 36 months,23.4,E,E1,5 years,MORTGAGE,50000.0,Verified,debt_consolidation,MA,34.73,1.0,675.0,679.0,2.0,71.2,10.0,Individual,6,High Risk,Manual Review
137101824,35000.0, 60 months,30.79,G,G1,10+ years,OWN,15000.0,Verified,debt_consolidation,IL,33.36,0.0,680.0,684.0,0.0,78.0,16.0,Joint App,5,High Risk,Manual Review
137891166,14400.0, 60 months,27.27,E,E5,10+ years,RENT,65000.0,Not Verified,debt_consolidation,LA,38.55,0.0,705.0,709.0,2.0,58.1,33.0,Joint App,5,High Risk,Manual Review
136911896,25000.0, 60 months,29.69,F,F2,7 years,MORTGAGE,66000.0,Not Verified,debt_consolidation,MD,50.73,0.0,685.0,689.0,1.0,84.7,56.0,Joint App,6,High Risk,Manual Review
137495443,19000.0, 60 months,24.37,E,E2,2 years,RENT,64150.0,Verified,debt_consolidation,AL,35.32,0.0,690.0,694.0,0.0,76.7,27.0,Individual,5,High Risk,Manual Review
137406258,28800.0, 60 months,27.27,E,E5,10+ years,MORTGAGE,85000.0,Source Verified,debt_consolidation,OH,32.9,1.0,680.0,684.0,0.0,52.7,46.0,Individual,6,High Risk,Manual Review
136918225,15000.0, 60 months,27.27,E,E5,3 years,MORTGAGE,116000.0,Not Verified,home_improvement,VA,30.63,0.0,700.0,704.0,1.0,86.0,29.0,Individual,6,High Risk,Manual Review
137917169,17000.0, 60 months,24.37,E,E2,< 1 year,MORTGAGE,105000.0,Source Verified,credit_card,TX,38.4,0.0,745.0,749.0,1.0,30.2,30.0,Individual,5,High Risk,Manual Review
137465931,13000.0, 60 months,26.31,E,E4,10+ years,RENT,56000.0,Source Verified,credit_card,MN,32.43,0.0,695.0,699.0,2.0,81.7,24.0,Individual,6,High Risk,Manual Review
137232853,15000.0, 60 months,27.27,E,E5,3 years,MORTGAGE,32000.0,Verified,debt_consolidation,LA,45.01,0.0,690.0,694.0,0.0,96.5,10.0,Joint App,6,High Risk,Manual Review
137720080,13500.0, 60 months,24.37,E,E2,10+ years,RENT,43000.0,Verified,debt_consolidation,NY,39.24,0.0,670.0,674.0,0.0,80.0,18.0,Individual,5,High Risk,Manual Review
137194659,10000.0, 36 months,24.37,E,E2,5 years,RENT,50000.0,Source Verified,credit_card,MA,39.75,0.0,670.0,674.0,1.0,84.0,13.0,Individual,6,High Risk,Manual Review
137436838,30000.0, 60 months,27.27,E,E5,6 years,MORTGAGE,65000.0,Verified,credit_card,AL,44.28,0.0,715.0,719.0,0.0,39.3,40.0,Joint App,5,High Risk,Manual Review
137130327,14150.0, 36 months,25.34,E,E3,10+ years,MORTGAGE,44000.0,Verified,debt_consolidation,NV,30.48,0.0,690.0,694.0,1.0,30.8,14.0,Individual,5,High Risk,Manual Review
137857291,30000.0, 60 months,27.27,E,E5,8 years,MORTGAGE,55000.0,Verified,credit_card,KS,39.17,0.0,675.0,679.0,0.0,93.4,27.0,Joint App,6,High Risk,Manual Review
137854522,11200.0, 36 months,17.97,D,D1,10+ years,MORTGAGE,111000.0,Verified,debt_consolidation,OH,34.1,1.0,670.0,674.0,1.0,91.8,49.0,Individual,5,High Risk,Manual Review
137891588,12000.0, 60 months,20.89,D,D4,10+ years,MORTGAGE,53000.0,Not Verified,debt_consolidation,VA,36.55,1.0,675.0,679.0,0.0,89.5,22.0,Individual,5,High Risk,Manual Review
136880566,26000.0, 60 months,28.72,F,F1,9 years,RENT,48000.0,Verified,debt_consolidation,NJ,33.15,0.0,685.0,689.0,0.0,53.2,32.0,Individual,5,High Risk,Manual Review
137648534,22150.0, 36 months,30.17,F,F3,10+ years,RENT,75000.0,Verified,debt_consolidation,TX,13.7,2.0,670.0,674.0,0.0,85.0,20.0,Individual,5,High Risk,Manual Review
137861654,12000.0, 36 months,26.31,E,E4,10+ years,RENT,68000.0,Verified,other,NJ,35.7,0.0,665.0,669.0,0.0,77.1,27.0,Joint App,5,High Risk,Manual Review
137813937,30000.0, 60 months,26.31,E,E4,7 years,RENT,52000.0,Verified,debt_consolidation,FL,34.92,0.0,670.0,674.0,0.0,65.8,20.0,Individual,5,High Risk,Manual Review
137665970,16000.0, 60 months,25.34,E,E3,10+ years,MORTGAGE,60000.0,Source Verified,home_improvement,TX,56.1,1.0,690.0,694.0,0.0,28.3,41.0,Joint App,6,High Risk,Manual Review
136502095,10650.0, 60 months,29.69,F,F2,10+ years,MORTGAGE,43680.0,Verified,debt_consolidation,MN,56.43,0.0,665.0,669.0,0.0,89.7,21.0,Joint App,6,High Risk,Manual Review
137887357,25000.0, 60 months,27.27,E,E5,6 years,MORTGAGE,174000.0,Source Verified,debt_consolidation,AZ,46.67,0.0,665.0,669.0,3.0,57.0,81.0,Joint App,5,High Risk,Manual Review
137842295,23500.0, 60 months,27.27,E,E5,5 years,RENT,70000.0,Source Verified,debt_consolidation,PA,30.29,3.0,660.0,664.0,0.0,73.8,26.0,Individual,6,High Risk,Manual Review
137879547,24000.0, 60 months,30.65,F,F4,10+ years,MORTGAGE,60000.0,Not Verified,debt_consolidation,CA,31.5,1.0,680.0,684.0,0.0,75.5,22.0,Joint App,6,High Risk,Manual Review
137723385,30000.0, 60 months,27.27,E,E5,3 years,MORTGAGE,90000.0,Not Verified,home_improvement,TX,38.06,0.0,710.0,714.0,0.0,45.2,40.0,Individual,5,High Risk,Manual Review
137475036,15000.0, 36 months,30.79,G,G1,10+ years,OWN,90000.0,Source Verified,other,CT,34.2,0.0,715.0,719.0,0.0,94.6,22.0,Individual,6,High Risk,Manual Review
137720890,40000.0, 60 months,29.69,F,F2,10+ years,MORTGAGE,118000.0,Verified,debt_consolidation,NJ,31.51,1.0,685.0,689.0,0.0,86.1,41.0,Joint App,7,High Risk,Manual Review
137881638,1600.0, 36 months,23.4,E,E1,5 years,RENT,46000.0,Not Verified,debt_consolidation,TX,15.13,1.0,665.0,669.0,1.0,86.5,13.0,Individual,5,High Risk,Manual Review
137615202,5000.0, 36 months,27.27,E,E5,1 year,RENT,37000.0,Verified,other,CA,38.57,0.0,680.0,684.0,2.0,30.9,32.0,Individual,5,High Risk,Manual Review
137838124,6600.0, 36 months,23.4,E,E1,5 years,MORTGAGE,30000.0,Not Verified,debt_consolidation,TX,47.72,0.0,720.0,724.0,1.0,30.7,21.0,Joint App,5,High Risk,Manual Review
137062144,35000.0, 36 months,25.34,E,E3,5 years,RENT,53000.0,Not Verified,debt_consolidation,GA,35.19,0.0,695.0,699.0,0.0,65.0,24.0,Joint App,5,High Risk,Manual Review
137736181,10000.0, 36 months,22.35,D,D5,3 years,MORTGAGE,34800.0,Not Verified,debt_consolidation,TX,51.38,3.0,675.0,679.0,0.0,84.8,8.0,Joint App,5,High Risk,Manual Review
137837076,22400.0, 60 months,29.69,F,F2,4 years,MORTGAGE,50000.0,Source Verified,debt_consolidation,CA,39.63,0.0,690.0,694.0,0.0,79.4,20.0,Joint App,5,High Risk,Manual Review
137743526,26500.0, 36 months,24.37,E,E2,1 year,MORTGAGE,6500.0,Not Verified,debt_consolidation,IN,288.91,0.0,680.0,684.0,0.0,89.7,15.0,Joint App,6,High Risk,Manual Review
137777277,15000.0, 36 months,27.27,E,E5,6 years,MORTGAGE,108000.0,Source Verified,debt_consolidation,IL,33.3,0.0,705.0,709.0,0.0,72.8,15.0,Individual,5,High Risk,Manual Review
137646688,15950.0, 36 months,27.27,E,E5,10+ years,OWN,80000.0,Verified,debt_consolidation,GA,31.25,5.0,700.0,704.0,1.0,71.5,23.0,Individual,6,High Risk,Manual Review
136805100,6200.0, 36 months,25.34,E,E3,9 years,MORTGAGE,40000.0,Verified,credit_card,IL,39.84,0.0,760.0,764.0,1.0,56.0,7.0,Individual,5,High Risk,Manual Review
137838925,12000.0, 60 months,27.27,E,E5,1 year,MORTGAGE,160000.0,Verified,debt_consolidation,CA,16.45,3.0,670.0,674.0,0.0,87.8,42.0,Individual,5,High Risk,Manual Review
136946954,12000.0, 60 months,26.31,E,E4,6 years,MORTGAGE,32000.0,Source Verified,credit_card,GA,37.77,1.0,695.0,699.0,1.0,65.7,19.0,Joint App,6,High Risk,Manual Review
137321033,35000.0, 60 months,27.27,E,E5,10+ years,RENT,90000.0,Verified,debt_consolidation,CA,30.49,0.0,710.0,714.0,1.0,72.0,33.0,Individual,5,High Risk,Manual Review
137817598,20000.0, 60 months,16.14,C,C4,,MORTGAGE,20000.0,Source Verified,debt_consolidation,NY,36.85,2.0,670.0,674.0,1.0,80.9,25.0,Joint App,5,High Risk,Manual Review
136628203,12500.0, 36 months,16.14,C,C4,8 years,MORTGAGE,62000.0,Verified,credit_card,MN,32.4,1.0,670.0,674.0,0.0,94.0,12.0,Individual,5,High Risk,Manual Review
137529807,30000.0, 36 months,25.34,E,E3,1 year,RENT,67000.0,Verified,debt_consolidation,VA,39.62,0.0,680.0,684.0,0.0,93.0,23.0,Individual,6,High Risk,Manual Review
137812566,24500.0, 36 months,26.31,E,E4,1 year,RENT,52850.0,Source Verified,credit_card,MO,30.81,0.0,670.0,674.0,0.0,75.9,32.0,Individual,5,High Risk,Manual Review
137679109,8400.0, 36 months,16.91,C,C5,4 years,RENT,48000.0,Verified,debt_consolidation,CA,36.03,1.0,660.0,664.0,0.0,89.0,14.0,Individual,5,High Risk,Manual Review
137800508,24000.0, 60 months,29.69,F,F2,6 years,MORTGAGE,35000.0,Verified,home_improvement,NY,34.57,0.0,695.0,699.0,1.0,36.1,23.0,Joint App,5,High Risk,Manual Review
137747737,24000.0, 60 months,26.31,E,E4,10+ years,MORTGAGE,102000.0,Verified,credit_card,NY,46.22,0.0,710.0,714.0,2.0,48.0,49.0,Joint App,5,High Risk,Manual Review
137598450,35000.0, 36 months,27.27,E,E5,7 years,MORTGAGE,70000.0,Not Verified,home_improvement,LA,51.53,0.0,705.0,709.0,0.0,32.8,20.0,Joint App,5,High Risk,Manual Review
136945104,30000.0, 60 months,30.75,F,F5,10+ years,MORTGAGE,31396.0,Verified,credit_card,MO,38.57,0.0,705.0,709.0,1.0,89.8,15.0,Joint App,6,High Risk,Manual Review
137749764,11200.0, 60 months,27.27,E,E5,9 years,RENT,45000.0,Not Verified,debt_consolidation,NJ,30.64,0.0,710.0,714.0,1.0,35.0,37.0,Individual,5,High Risk,Manual Review
137542641,20000.0, 60 months,26.31,E,E4,3 years,MORTGAGE,86500.0,Verified,credit_card,IL,34.36,0.0,690.0,694.0,1.0,92.4,13.0,Individual,6,High Risk,Manual Review
137842771,16000.0, 60 months,22.35,D,D5,10+ years,MORTGAGE,98000.0,Verified,debt_consolidation,WI,38.91,1.0,670.0,674.0,2.0,81.9,29.0,Individual,5,High Risk,Manual Review
137722610,30000.0, 60 months,27.27,E,E5,3 years,RENT,65000.0,Source Verified,debt_consolidation,MI,35.56,1.0,695.0,699.0,1.0,63.5,25.0,Individual,6,High Risk,Manual Review
137775149,6000.0, 36 months,16.91,C,C5,10+ years,RENT,80000.0,Source Verified,debt_consolidation,IL,31.59,1.0,690.0,694.0,0.0,90.8,22.0,Individual,5,High Risk,Manual Review
137738995,1500.0, 36 months,27.27,E,E5,< 1 year,RENT,45000.0,Source Verified,other,CA,36.0,0.0,715.0,719.0,1.0,32.6,20.0,Individual,5,High Risk,Manual Review
137705299,20000.0, 60 months,27.27,E,E5,9 years,MORTGAGE,62000.0,Not Verified,credit_card,LA,43.46,0.0,665.0,669.0,0.0,90.4,28.0,Joint App,6,High Risk,Manual Review
137371524,12000.0, 60 months,27.27,E,E5,10+ years,MORTGAGE,52000.0,Verified,debt_consolidation,FL,41.24,1.0,660.0,664.0,0.0,59.5,41.0,Joint App,6,High Risk,Manual Review
137746740,10000.0, 60 months,27.27,E,E5,,RENT,18252.0,Verified,credit_card,NV,30.64,1.0,670.0,674.0,0.0,29.4,17.0,Individual,6,High Risk,Manual Review
137594756,25000.0, 60 months,30.79,G,G1,< 1 year,RENT,68000.0,Verified,medical,CA,39.09,0.0,705.0,709.0,0.0,82.8,16.0,Joint App,6,High Risk,Manual Review
137740868,11000.0, 60 months,29.69,F,F2,2 years,RENT,40000.0,Source Verified,debt_consolidation,CA,40.83,0.0,705.0,709.0,0.0,57.8,8.0,Joint App,5,High Risk,Manual Review
137813917,12000.0, 60 months,26.31,E,E4,4 years,RENT,92500.0,Not Verified,debt_consolidation,IN,36.33,1.0,680.0,684.0,1.0,68.1,14.0,Joint App,6,High Risk,Manual Review
136541765,23200.0, 60 months,30.75,F,F5,9 years,MORTGAGE,25000.0,Verified,other,OH,89.34,0.0,690.0,694.0,1.0,81.7,29.0,Joint App,6,High Risk,Manual Review
137736320,6000.0, 36 months,23.4,E,E1,6 years,RENT,42000.0,Verified,debt_consolidation,NV,40.0,0.0,700.0,704.0,1.0,90.9,12.0,Joint App,6,High Risk,Manual Review
137113262,20000.0, 60 months,27.27,E,E5,8 years,OWN,32000.0,Not Verified,debt_consolidation,NV,35.15,1.0,675.0,679.0,0.0,18.9,42.0,Joint App,6,High Risk,Manual Review
137810097,10000.0, 36 months,23.4,E,E1,4 years,MORTGAGE,60000.0,Verified,debt_consolidation,OR,62.4,0.0,700.0,704.0,2.0,67.5,26.0,Joint App,5,High Risk,Manual Review
137582011,35000.0, 60 months,30.75,F,F5,10+ years,MORTGAGE,76000.0,Verified,debt_consolidation,PA,48.26,3.0,675.0,679.0,1.0,74.9,48.0,Joint App,6,High Risk,Manual Review
137811549,27000.0, 60 months,26.31,E,E4,2 years,MORTGAGE,27000.0,Not Verified,debt_consolidation,FL,32.0,0.0,720.0,724.0,0.0,74.6,14.0,Joint App,5,High Risk,Manual Review
137562107,25975.0, 60 months,25.34,E,E3,3 years,MORTGAGE,40000.0,Verified,debt_consolidation,SC,48.78,0.0,700.0,704.0,0.0,79.3,18.0,Joint App,5,High Risk,Manual Review
137816644,35000.0, 60 months,24.37,E,E2,10+ years,MORTGAGE,17000.0,Not Verified,credit_card,NC,95.06,0.0,665.0,669.0,0.0,62.0,43.0,Joint App,5,High Risk,Manual Review
137667558,15000.0, 60 months,29.69,F,F2,3 years,RENT,28000.0,Verified,credit_card,LA,32.45,1.0,680.0,684.0,1.0,51.2,30.0,Individual,6,High Risk,Manual Review
137810477,1600.0, 36 months,30.84,G,G2,5 years,MORTGAGE,40000.0,Not Verified,other,OH,30.45,0.0,700.0,704.0,2.0,83.1,12.0,Individual,6,High Risk,Manual Review
137664413,20400.0, 60 months,25.34,E,E3,2 years,RENT,54000.0,Source Verified,debt_consolidation,TX,58.58,0.0,695.0,699.0,2.0,61.5,12.0,Joint App,5,High Risk,Manual Review
137672949,28900.0, 36 months,26.31,E,E4,10+ years,MORTGAGE,100000.0,Verified,other,AK,38.73,1.0,660.0,664.0,0.0,97.0,21.0,Individual,7,High Risk,Manual Review
137800671,13150.0, 60 months,26.31,E,E4,4 years,RENT,175000.0,Not Verified,credit_card,FL,26.25,1.0,665.0,669.0,0.0,81.4,39.0,Individual,5,High Risk,Manual Review
137524171,10000.0, 36 months,23.4,E,E1,2 years,MORTGAGE,30000.0,Source Verified,debt_consolidation,SD,43.16,0.0,670.0,674.0,1.0,93.5,11.0,Joint App,6,High Risk,Manual Review
137475917,15000.0, 60 months,26.31,E,E4,10+ years,RENT,26000.0,Verified,credit_card,GA,34.58,0.0,670.0,674.0,1.0,37.5,31.0,Individual,5,High Risk,Manual Review
137126305,17100.0, 36 months,30.75,F,F5,,OWN,31200.0,Verified,debt_consolidation,OH,36.81,0.0,695.0,699.0,0.0,76.5,17.0,Individual,5,High Risk,Manual Review
137288107,15800.0, 36 months,23.4,E,E1,4 years,RENT,100000.0,Source Verified,credit_card,CA,35.25,0.0,680.0,684.0,1.0,46.4,33.0,Individual,5,High Risk,Manual Review
137436007,14550.0, 60 months,29.69,F,F2,8 years,MORTGAGE,73200.0,Verified,debt_consolidation,GA,35.13,1.0,665.0,669.0,0.0,75.6,29.0,Individual,6,High Risk,Manual Review
137723403,11700.0, 60 months,30.17,F,F3,4 years,RENT,24000.0,Verified,vacation,GA,53.8,0.0,660.0,664.0,1.0,71.9,12.0,Joint App,5,High Risk,Manual Review
137805660,10400.0, 60 months,28.72,F,F1,10+ years,MORTGAGE,45000.0,Not Verified,home_improvement,TX,43.79,0.0,705.0,709.0,0.0,39.1,31.0,Joint App,5,High Risk,Manual Review
137749868,28700.0, 60 months,30.79,G,G1,6 years,MORTGAGE,29367.0,Verified,credit_card,UT,66.57,0.0,710.0,714.0,0.0,89.8,19.0,Joint App,6,High Risk,Manual Review
137806501,10500.0, 60 months,27.27,E,E5,7 years,MORTGAGE,225000.0,Source Verified,debt_consolidation,TN,31.83,0.0,690.0,694.0,1.0,47.9,84.0,Individual,5,High Risk,Manual Review
137799000,32400.0, 36 months,30.84,G,G2,3 years,MORTGAGE,72000.0,Verified,credit_card,IN,32.9,0.0,700.0,704.0,0.0,79.0,32.0,Individual,5,High Risk,Manual Review
137459519,24700.0, 60 months,30.17,F,F3,10+ years,MORTGAGE,87762.0,Verified,debt_consolidation,GA,35.63,0.0,660.0,664.0,1.0,70.0,45.0,Individual,5,High Risk,Manual Review
137441757,20000.0, 36 months,23.4,E,E1,5 years,RENT,209000.0,Source Verified,debt_consolidation,TX,35.93,0.0,700.0,704.0,1.0,92.2,28.0,Individual,6,High Risk,Manual Review
137747137,15225.0, 60 months,30.17,F,F3,4 years,MORTGAGE,39000.0,Verified,credit_card,SC,30.12,0.0,715.0,719.0,1.0,74.5,18.0,Individual,5,High Risk,Manual Review
137547948,8000.0, 36 months,15.02,C,C3,1 year,MORTGAGE,60000.0,Verified,debt_consolidation,AZ,62.64,1.0,665.0,669.0,0.0,86.5,23.0,Joint App,5,High Risk,Manual Review
137441357,30000.0, 60 months,29.69,F,F2,3 years,RENT,102970.0,Source Verified,debt_consolidation,CA,34.83,0.0,675.0,679.0,0.0,82.5,29.0,Individual,6,High Risk,Manual Review
137752786,15000.0, 60 months,25.34,E,E3,3 years,MORTGAGE,46000.0,Not Verified,debt_consolidation,FL,36.84,0.0,710.0,714.0,0.0,60.1,20.0,Individual,5,High Risk,Manual Review
137213444,12000.0, 60 months,28.72,F,F1,10+ years,MORTGAGE,55000.0,Verified,other,TX,43.42,0.0,785.0,789.0,3.0,2.3,27.0,Joint App,5,High Risk,Manual Review
137745095,16000.0, 60 months,29.69,F,F2,3 years,RENT,45000.0,Verified,debt_consolidation,KS,38.51,0.0,660.0,664.0,2.0,86.0,17.0,Individual,6,High Risk,Manual Review
136847675,15800.0, 36 months,26.31,E,E4,10+ years,OWN,65000.0,Verified,debt_consolidation,TX,38.98,2.0,670.0,674.0,0.0,48.7,59.0,Individual,6,High Risk,Manual Review
137472816,14400.0, 60 months,27.27,E,E5,6 years,RENT,65000.0,Source Verified,credit_card,CA,32.18,0.0,695.0,699.0,1.0,83.2,9.0,Individual,6,High Risk,Manual Review
136389566,25600.0, 60 months,28.72,F,F1,3 years,RENT,80000.0,Verified,other,MT,39.6,0.0,690.0,694.0,0.0,36.7,26.0,Individual,5,High Risk,Manual Review
137543134,11000.0, 36 months,24.37,E,E2,2 years,RENT,56100.0,Source Verified,debt_consolidation,MI,17.71,1.0,665.0,669.0,0.0,93.3,39.0,Individual,5,High Risk,Manual Review
137740362,16500.0, 60 months,25.34,E,E3,< 1 year,RENT,42500.0,Not Verified,car,VA,32.05,1.0,670.0,674.0,0.0,66.2,23.0,Individual,6,High Risk,Manual Review
137734563,4000.0, 36 months,27.27,E,E5,5 years,RENT,61000.0,Source Verified,medical,NY,29.82,1.0,660.0,664.0,0.0,96.7,12.0,Individual,5,High Risk,Manual Review
137504092,35000.0, 36 months,23.4,E,E1,4 years,RENT,40000.0,Verified,debt_consolidation,NY,64.78,0.0,675.0,679.0,1.0,51.8,23.0,Joint App,5,High Risk,Manual Review
137705877,19200.0, 60 months,27.27,E,E5,7 years,RENT,48755.0,Verified,debt_consolidation,CA,31.88,0.0,660.0,664.0,0.0,80.8,22.0,Individual,6,High Risk,Manual Review
137503680,16000.0, 60 months,28.72,F,F1,,MORTGAGE,27600.0,Not Verified,debt_consolidation,WA,31.83,4.0,670.0,674.0,0.0,56.2,17.0,Joint App,6,High Risk,Manual Review
137587531,16300.0, 36 months,24.37,E,E2,3 years,MORTGAGE,110000.0,Not Verified,debt_consolidation,CA,31.36,1.0,740.0,744.0,0.0,32.0,23.0,Individual,6,High Risk,Manual Review
137615522,6000.0, 36 months,23.4,E,E1,8 years,RENT,39900.0,Source Verified,debt_consolidation,FL,36.0,0.0,660.0,664.0,1.0,80.2,18.0,Individual,6,High Risk,Manual Review
137628673,6000.0, 36 months,23.4,E,E1,10+ years,MORTGAGE,65000.0,Not Verified,debt_consolidation,MS,32.4,0.0,740.0,744.0,1.0,25.9,26.0,Individual,5,High Risk,Manual Review
137713910,14450.0, 60 months,27.27,E,E5,10+ years,RENT,53000.0,Source Verified,debt_consolidation,NY,27.63,1.0,685.0,689.0,0.0,91.2,8.0,Individual,5,High Risk,Manual Review
137508914,12000.0, 60 months,27.27,E,E5,10+ years,MORTGAGE,61963.0,Not Verified,debt_consolidation,AR,27.48,1.0,690.0,694.0,0.0,92.5,12.0,Individual,5,High Risk,Manual Review
137357309,3200.0, 36 months,18.94,D,D2,3 years,RENT,50000.0,Source Verified,major_purchase,GA,37.01,1.0,690.0,694.0,0.0,84.0,19.0,Individual,5,High Risk,Manual Review
137594402,2000.0, 36 months,26.31,E,E4,10+ years,RENT,52000.0,Not Verified,car,CT,33.21,2.0,680.0,684.0,0.0,75.6,18.0,Joint App,6,High Risk,Manual Review
137680534,20000.0, 36 months,17.97,D,D1,10+ years,RENT,75000.0,Verified,debt_consolidation,MA,47.95,1.0,670.0,674.0,2.0,85.8,13.0,Joint App,5,High Risk,Manual Review
137665872,15000.0, 60 months,28.72,F,F1,5 years,OWN,39939.57,Source Verified,credit_card,FL,32.06,0.0,690.0,694.0,0.0,51.9,28.0,Individual,5,High Risk,Manual Review
137655216,35000.0, 60 months,23.4,E,E1,10+ years,MORTGAGE,84500.0,Verified,debt_consolidation,CO,30.05,0.0,715.0,719.0,0.0,55.0,37.0,Individual,5,High Risk,Manual Review
137650564,24000.0, 60 months,16.14,C,C4,10+ years,MORTGAGE,37000.0,Verified,debt_consolidation,VA,36.46,1.0,665.0,669.0,0.0,98.1,18.0,Joint App,5,High Risk,Manual Review
137663526,10000.0, 60 months,25.34,E,E3,,OWN,20000.0,Source Verified,debt_consolidation,FL,44.6,0.0,665.0,669.0,0.0,39.5,10.0,Joint App,5,High Risk,Manual Review
137487659,21500.0, 60 months,30.79,G,G1,10+ years,RENT,51689.0,Not Verified,debt_consolidation,CO,33.09,0.0,700.0,704.0,0.0,99.7,16.0,Individual,6,High Risk,Manual Review
137159493,25000.0, 36 months,24.37,E,E2,3 years,RENT,52000.0,Verified,debt_consolidation,CO,31.87,0.0,675.0,679.0,0.0,90.0,21.0,Individual,6,High Risk,Manual Review
137369861,30000.0, 60 months,25.34,E,E3,10+ years,MORTGAGE,103748.0,Verified,credit_card,CA,33.08,0.0,690.0,694.0,2.0,80.0,37.0,Individual,5,High Risk,Manual Review
137695241,5000.0, 36 months,24.37,E,E2,,MORTGAGE,20400.0,Verified,debt_consolidation,MI,42.12,0.0,660.0,664.0,0.0,75.8,14.0,Joint App,5,High Risk,Manual Review
137695782,20000.0, 60 months,27.27,E,E5,2 years,OWN,49500.0,Verified,debt_consolidation,TX,50.08,1.0,680.0,684.0,0.0,63.5,51.0,Joint App,6,High Risk,Manual Review
136681546,12900.0, 36 months,27.27,E,E5,10+ years,OWN,156000.0,Not Verified,debt_consolidation,CO,38.76,0.0,715.0,719.0,1.0,91.6,15.0,Individual,6,High Risk,Manual Review
137403869,15000.0, 60 months,27.27,E,E5,10+ years,MORTGAGE,93000.0,Verified,debt_consolidation,NE,34.18,0.0,675.0,679.0,0.0,68.0,38.0,Individual,5,High Risk,Manual Review
137659068,15350.0, 60 months,26.31,E,E4,2 years,MORTGAGE,60000.0,Verified,other,FL,33.98,0.0,700.0,704.0,1.0,41.6,14.0,Individual,5,High Risk,Manual Review
137679993,14750.0, 36 months,24.37,E,E2,4 years,MORTGAGE,35000.0,Not Verified,debt_consolidation,MN,32.61,0.0,740.0,744.0,1.0,32.0,29.0,Individual,5,High Risk,Manual Review
137488336,20000.0, 60 months,25.34,E,E3,9 years,RENT,80000.0,Verified,medical,SC,28.92,1.0,675.0,679.0,0.0,90.3,13.0,Individual,5,High Risk,Manual Review
136813961,15500.0, 36 months,30.75,F,F5,6 years,MORTGAGE,50000.0,Not Verified,home_improvement,TX,30.77,0.0,700.0,704.0,1.0,61.0,13.0,Individual,5,High Risk,Manual Review
137655645,13000.0, 60 months,23.4,E,E1,3 years,RENT,35000.0,Source Verified,credit_card,NH,30.01,2.0,670.0,674.0,0.0,27.3,33.0,Individual,6,High Risk,Manual Review
137654632,28650.0, 60 months,27.27,E,E5,10+ years,MORTGAGE,54000.0,Source Verified,debt_consolidation,FL,32.13,0.0,705.0,709.0,0.0,45.3,29.0,Joint App,5,High Risk,Manual Review
136826563,9100.0, 36 months,26.31,E,E4,,RENT,31548.0,Not Verified,debt_consolidation,IN,35.72,0.0,665.0,669.0,2.0,55.9,15.0,Individual,5,High Risk,Manual Review
137629016,33000.0, 60 months,26.31,E,E4,10+ years,MORTGAGE,280000.0,Verified,debt_consolidation,IL,35.46,1.0,675.0,679.0,0.0,99.0,36.0,Individual,7,High Risk,Manual Review
137356063,25850.0, 60 months,30.79,G,G1,3 years,MORTGAGE,75000.0,Source Verified,debt_consolidation,MA,31.06,0.0,665.0,669.0,0.0,95.6,29.0,Joint App,6,High Risk,Manual Review
137599620,31000.0, 60 months,17.97,D,D1,,MORTGAGE,30125.0,Verified,other,CA,36.37,2.0,665.0,669.0,0.0,90.3,13.0,Joint App,5,High Risk,Manual Review
137496593,9600.0, 36 months,27.27,E,E5,1 year,RENT,59000.0,Source Verified,debt_consolidation,CA,14.32,1.0,675.0,679.0,0.0,96.6,8.0,Individual,5,High Risk,Manual Review
136813644,4000.0, 36 months,23.4,E,E1,,OWN,28000.0,Not Verified,debt_consolidation,NY,37.98,0.0,685.0,689.0,0.0,66.0,13.0,Individual,5,High Risk,Manual Review
137166935,35000.0, 60 months,30.17,F,F3,2 years,RENT,40800.0,Verified,debt_consolidation,CA,37.35,1.0,675.0,679.0,0.0,31.4,27.0,Joint App,6,High Risk,Manual Review
137421418,20000.0, 60 months,25.34,E,E3,2 years,MORTGAGE,52000.0,Source Verified,debt_consolidation,LA,37.23,0.0,700.0,704.0,0.0,64.8,13.0,Joint App,5,High Risk,Manual Review
137651559,35000.0, 60 months,23.4,E,E1,4 years,OWN,120000.0,Not Verified,debt_consolidation,CA,14.96,2.0,660.0,664.0,0.0,98.4,13.0,Individual,5,High Risk,Manual Review
137212189,19075.0, 60 months,26.31,E,E4,< 1 year,OWN,45800.0,Verified,debt_consolidation,IL,30.51,1.0,690.0,694.0,0.0,73.2,18.0,Individual,6,High Risk,Manual Review
137543262,12000.0, 60 months,27.27,E,E5,10+ years,MORTGAGE,36000.0,Not Verified,debt_consolidation,PA,40.9,2.0,685.0,689.0,3.0,22.1,16.0,Joint App,6,High Risk,Manual Review
137523824,5000.0, 36 months,24.37,E,E2,10+ years,RENT,40000.0,Verified,other,AZ,33.0,0.0,700.0,704.0,1.0,94.3,12.0,Individual,6,High Risk,Manual Review
137594208,10000.0, 60 months,25.34,E,E3,,OWN,12500.0,Verified,debt_consolidation,NY,44.67,0.0,675.0,679.0,0.0,53.9,7.0,Joint App,5,High Risk,Manual Review
137544273,14975.0, 36 months,24.37,E,E2,10+ years,MORTGAGE,42000.0,Not Verified,debt_consolidation,NY,58.97,1.0,670.0,674.0,0.0,63.4,20.0,Joint App,6,High Risk,Manual Review
137576499,24075.0, 36 months,24.37,E,E2,,RENT,55000.0,Not Verified,debt_consolidation,NY,36.22,0.0,705.0,709.0,2.0,58.7,40.0,Individual,5,High Risk,Manual Review
137187533,7975.0, 36 months,28.72,F,F1,8 years,RENT,26500.0,Verified,debt_consolidation,WI,31.16,0.0,665.0,669.0,2.0,64.0,16.0,Individual,5,High Risk,Manual Review
136482102,17000.0, 60 months,30.75,F,F5,< 1 year,RENT,25000.0,Source Verified,debt_consolidation,PA,59.91,0.0,685.0,689.0,0.0,46.0,24.0,Joint App,5,High Risk,Manual Review
137359789,25625.0, 60 months,30.75,F,F5,9 years,MORTGAGE,55000.0,Not Verified,debt_consolidation,WI,73.05,0.0,690.0,694.0,1.0,73.6,31.0,Joint App,5,High Risk,Manual Review
137305959,10000.0, 36 months,23.4,E,E1,10+ years,MORTGAGE,57000.0,Verified,debt_consolidation,MD,30.11,2.0,665.0,669.0,0.0,75.3,14.0,Individual,6,High Risk,Manual Review
137526313,22025.0, 36 months,23.4,E,E1,10+ years,OWN,110000.0,Verified,debt_consolidation,NY,37.93,0.0,705.0,709.0,0.0,30.5,30.0,Joint App,5,High Risk,Manual Review
137571541,24000.0, 60 months,20.89,D,D4,4 years,RENT,33280.0,Verified,other,MA,98.02,1.0,700.0,704.0,0.0,89.9,40.0,Joint App,5,High Risk,Manual Review
136525250,20000.0, 60 months,27.27,E,E5,,RENT,6000.0,Not Verified,debt_consolidation,GA,180.0,0.0,680.0,684.0,0.0,66.9,23.0,Joint App,5,High Risk,Manual Review
136922195,35000.0, 36 months,20.89,D,D4,2 years,MORTGAGE,13000.0,Verified,debt_consolidation,OH,247.0,2.0,665.0,669.0,1.0,81.3,36.0,Joint App,5,High Risk,Manual Review
137168580,23775.0, 60 months,30.79,G,G1,2 years,RENT,50000.0,Source Verified,debt_consolidation,MD,33.15,0.0,735.0,739.0,0.0,79.8,5.0,Joint App,5,High Risk,Manual Review
137600764,20000.0, 60 months,26.31,E,E4,< 1 year,RENT,45000.0,Source Verified,moving,OR,34.93,0.0,690.0,694.0,1.0,36.3,13.0,Joint App,5,High Risk,Manual Review
136962594,12225.0, 60 months,30.79,G,G1,10+ years,RENT,80000.0,Source Verified,other,NY,34.68,0.0,725.0,729.0,2.0,25.9,53.0,Individual,5,High Risk,Manual Review
137082909,4000.0, 36 months,23.4,E,E1,2 years,RENT,17667.0,Verified,moving,CA,81.52,2.0,680.0,684.0,0.0,57.2,8.0,Joint App,6,High Risk,Manual Review
137548117,15000.0, 60 months,25.34,E,E3,10+ years,MORTGAGE,47000.0,Verified,debt_consolidation,FL,37.35,0.0,680.0,684.0,0.0,30.3,37.0,Individual,5,High Risk,Manual Review
137548226,15650.0, 36 months,26.31,E,E4,< 1 year,MORTGAGE,58240.0,Verified,credit_card,FL,30.13,1.0,675.0,679.0,0.0,77.3,22.0,Individual,6,High Risk,Manual Review
137326925,35000.0, 60 months,24.37,E,E2,,MORTGAGE,30000.0,Source Verified,debt_consolidation,CA,78.92,1.0,665.0,669.0,0.0,84.4,18.0,Joint App,7,High Risk,Manual Review
137579643,16000.0, 36 months,25.34,E,E3,,MORTGAGE,56000.0,Verified,debt_consolidation,GA,38.31,0.0,695.0,699.0,1.0,55.4,28.0,Individual,5,High Risk,Manual Review
137161707,7750.0, 36 months,27.27,E,E5,10+ years,RENT,75000.0,Source Verified,debt_consolidation,NY,33.74,0.0,700.0,704.0,1.0,36.5,18.0,Individual,5,High Risk,Manual Review
136901616,30000.0, 36 months,20.89,D,D4,9 years,MORTGAGE,275000.0,Verified,debt_consolidation,GA,33.72,2.0,710.0,714.0,0.0,94.2,31.0,Joint App,5,High Risk,Manual Review
136631427,15875.0, 36 months,25.34,E,E3,< 1 year,RENT,35406.67,Source Verified,other,NJ,52.44,0.0,675.0,679.0,1.0,71.6,20.0,Joint App,5,High Risk,Manual Review
137238984,10000.0, 60 months,26.31,E,E4,4 years,MORTGAGE,119000.0,Verified,debt_consolidation,CA,18.43,1.0,660.0,664.0,0.0,82.0,26.0,Individual,5,High Risk,Manual Review
137497437,32000.0, 60 months,28.72,F,F1,10+ years,OWN,59000.0,Verified,debt_consolidation,NY,25.79,1.0,675.0,679.0,0.0,87.3,13.0,Joint App,5,High Risk,Manual Review
137621248,17500.0, 36 months,23.4,E,E1,10+ years,MORTGAGE,52000.0,Verified,debt_consolidation,NE,31.83,1.0,675.0,679.0,0.0,35.2,20.0,Individual,6,High Risk,Manual Review
136354991,1000.0, 36 months,26.31,E,E4,,RENT,38000.0,Verified,other,NJ,32.28,1.0,680.0,684.0,0.0,33.3,11.0,Individual,6,High Risk,Manual Review
137485310,32000.0, 60 months,26.31,E,E4,10+ years,MORTGAGE,38000.0,Verified,credit_card,LA,60.14,0.0,660.0,664.0,0.0,65.4,30.0,Joint App,5,High Risk,Manual Review
137126338,10500.0, 60 months,26.31,E,E4,9 years,RENT,37000.0,Verified,debt_consolidation,TX,39.12,0.0,690.0,694.0,0.0,51.2,14.0,Individual,5,High Risk,Manual Review
137436930,25000.0, 60 months,26.31,E,E4,< 1 year,OWN,65000.0,Source Verified,other,NY,34.19,0.0,715.0,719.0,0.0,86.3,16.0,Individual,6,High Risk,Manual Review
137505278,35000.0, 60 months,29.69,F,F2,10+ years,MORTGAGE,44000.0,Verified,debt_consolidation,CT,56.57,1.0,665.0,669.0,1.0,58.7,41.0,Joint App,6,High Risk,Manual Review
137130246,28000.0, 60 months,23.4,E,E1,< 1 year,OWN,25000.0,Source Verified,debt_consolidation,SC,83.05,0.0,670.0,674.0,0.0,50.3,37.0,Joint App,5,High Risk,Manual Review
137588180,18000.0, 60 months,27.27,E,E5,10+ years,MORTGAGE,90000.0,Not Verified,debt_consolidation,NV,31.96,1.0,675.0,679.0,0.0,92.9,25.0,Individual,7,High Risk,Manual Review
137570895,12000.0, 60 months,27.27,E,E5,5 years,RENT,97000.0,Verified,debt_consolidation,FL,34.7,0.0,710.0,714.0,3.0,16.0,29.0,Individual,5,High Risk,Manual Review
137586469,28175.0, 60 months,28.72,F,F1,< 1 year,MORTGAGE,48500.0,Source Verified,debt_consolidation,TX,34.32,0.0,725.0,729.0,0.0,46.4,57.0,Individual,5,High Risk,Manual Review
137571580,10000.0, 60 months,30.75,F,F5,4 years,MORTGAGE,67500.0,Verified,debt_consolidation,LA,27.54,1.0,675.0,679.0,1.0,88.2,18.0,Joint App,5,High Risk,Manual Review
136820887,10000.0, 60 months,25.34,E,E3,1 year,RENT,38636.0,Source Verified,debt_consolidation,MD,33.99,1.0,715.0,719.0,0.0,0.0,27.0,Joint App,6,High Risk,Manual Review
137467365,18375.0, 60 months,29.69,F,F2,10+ years,MORTGAGE,69200.0,Verified,debt_consolidation,FL,31.63,0.0,660.0,664.0,0.0,62.7,39.0,Individual,5,High Risk,Manual Review
137508550,3775.0, 36 months,25.34,E,E3,5 years,MORTGAGE,52000.0,Verified,debt_consolidation,AL,37.69,0.0,680.0,684.0,0.0,97.0,27.0,Individual,6,High Risk,Manual Review
137422249,17975.0, 60 months,25.34,E,E3,10+ years,OWN,70000.0,Verified,debt_consolidation,VA,35.42,1.0,680.0,684.0,0.0,50.0,20.0,Individual,6,High Risk,Manual Review
137491193,5000.0, 36 months,24.37,E,E2,10+ years,RENT,37000.0,Verified,moving,FL,37.27,0.0,685.0,689.0,0.0,61.1,31.0,Individual,5,High Risk,Manual Review
137544196,20000.0, 60 months,27.27,E,E5,7 years,MORTGAGE,80000.0,Not Verified,debt_consolidation,TN,30.63,0.0,680.0,684.0,0.0,97.3,27.0,Joint App,6,High Risk,Manual Review
137527634,39725.0, 60 months,16.14,C,C4,10+ years,MORTGAGE,75000.0,Verified,debt_consolidation,NY,30.22,1.0,680.0,684.0,0.0,91.4,32.0,Joint App,5,High Risk,Manual Review
137294716,1000.0, 36 months,25.34,E,E3,,MORTGAGE,40000.0,Verified,vacation,PA,45.75,0.0,660.0,664.0,1.0,97.3,29.0,Joint App,6,High Risk,Manual Review
137520489,23250.0, 36 months,27.27,E,E5,< 1 year,MORTGAGE,132000.0,Verified,debt_consolidation,CO,36.33,0.0,705.0,709.0,2.0,44.2,35.0,Individual,5,High Risk,Manual Review
137541709,20000.0, 60 months,26.31,E,E4,,RENT,62695.0,Verified,debt_consolidation,NY,30.09,0.0,670.0,674.0,0.0,69.9,15.0,Individual,5,High Risk,Manual Review
137498252,25000.0, 36 months,26.31,E,E4,10+ years,OWN,149000.0,Source Verified,credit_card,GA,32.68,0.0,720.0,724.0,2.0,41.6,55.0,Individual,5,High Risk,Manual Review
137563275,1200.0, 36 months,23.4,E,E1,2 years,RENT,30000.0,Source Verified,major_purchase,TX,11.04,1.0,690.0,694.0,0.0,98.1,35.0,Individual,5,High Risk,Manual Review
137572245,29800.0, 36 months,24.37,E,E2,10+ years,MORTGAGE,150000.0,Not Verified,debt_consolidation,NJ,34.57,0.0,685.0,689.0,1.0,54.7,38.0,Joint App,5,High Risk,Manual Review
137546983,21050.0, 36 months,26.31,E,E4,10+ years,RENT,21550.0,Not Verified,debt_consolidation,MN,35.15,0.0,700.0,704.0,0.0,57.2,8.0,Joint App,5,High Risk,Manual Review
137464680,30000.0, 60 months,27.27,E,E5,10+ years,RENT,132000.0,Verified,credit_card,UT,30.87,0.0,740.0,744.0,0.0,64.2,12.0,Individual,5,High Risk,Manual Review
137520043,10000.0, 60 months,23.4,E,E1,10+ years,MORTGAGE,56000.0,Verified,house,PA,30.3,0.0,680.0,684.0,0.0,58.8,8.0,Individual,5,High Risk,Manual Review
137518441,15000.0, 60 months,27.27,E,E5,10+ years,MORTGAGE,72356.0,Not Verified,debt_consolidation,NJ,37.43,0.0,705.0,709.0,0.0,97.7,27.0,Joint App,6,High Risk,Manual Review
136903706,30000.0, 60 months,25.34,E,E3,1 year,MORTGAGE,30000.0,Source Verified,debt_consolidation,TN,42.48,0.0,690.0,694.0,0.0,39.0,18.0,Joint App,5,High Risk,Manual Review
137441655,15000.0, 36 months,24.37,E,E2,6 years,RENT,70000.0,Verified,credit_card,TX,37.06,0.0,665.0,669.0,1.0,57.4,38.0,Individual,5,High Risk,Manual Review
137154814,26475.0, 60 months,27.27,E,E5,,MORTGAGE,7200.0,Verified,debt_consolidation,FL,145.17,0.0,695.0,699.0,0.0,65.6,17.0,Joint App,5,High Risk,Manual Review
137219856,35000.0, 60 months,26.31,E,E4,3 years,OWN,35300.0,Not Verified,debt_consolidation,NM,101.16,0.0,700.0,704.0,0.0,96.7,27.0,Joint App,6,High Risk,Manual Review
136905340,2400.0, 36 months,25.34,E,E3,1 year,MORTGAGE,102433.0,Not Verified,home_improvement,CA,31.31,2.0,735.0,739.0,2.0,38.7,47.0,Individual,6,High Risk,Manual Review
137367373,6100.0, 36 months,25.34,E,E3,1 year,RENT,22000.0,Source Verified,debt_consolidation,FL,35.24,0.0,685.0,689.0,0.0,71.2,10.0,Individual,5,High Risk,Manual Review
137503501,20000.0, 60 months,26.31,E,E4,2 years,MORTGAGE,43160.0,Verified,debt_consolidation,MN,12.63,2.0,660.0,664.0,0.0,92.9,11.0,Individual,5,High Risk,Manual Review
137461913,20000.0, 36 months,22.35,D,D5,< 1 year,RENT,31200.0,Verified,debt_consolidation,MT,106.81,1.0,670.0,674.0,0.0,82.0,26.0,Joint App,5,High Risk,Manual Review
137157881,14000.0, 60 months,25.34,E,E3,4 years,MORTGAGE,100000.0,Verified,debt_consolidation,TX,31.75,0.0,695.0,699.0,0.0,43.7,26.0,Individual,5,High Risk,Manual Review
137432044,25000.0, 36 months,26.31,E,E4,10+ years,RENT,80000.0,Verified,debt_consolidation,CT,30.53,0.0,680.0,684.0,0.0,81.1,24.0,Individual,6,High Risk,Manual Review
136855864,35000.0, 60 months,27.27,E,E5,10+ years,MORTGAGE,75000.0,Source Verified,debt_consolidation,OH,31.94,1.0,685.0,689.0,1.0,59.9,20.0,Joint App,6,High Risk,Manual Review
136949273,3000.0, 36 months,23.4,E,E1,4 years,RENT,27000.0,Verified,other,LA,31.96,0.0,675.0,679.0,0.0,33.7,19.0,Individual,5,High Risk,Manual Review
137519153,10000.0, 36 months,25.34,E,E3,10+ years,MORTGAGE,92000.0,Source Verified,debt_consolidation,TX,32.73,0.0,660.0,664.0,0.0,95.4,24.0,Joint App,6,High Risk,Manual Review
137257241,16775.0, 36 months,24.37,E,E2,10+ years,MORTGAGE,110000.0,Verified,home_improvement,OH,31.8,0.0,705.0,709.0,2.0,26.7,26.0,Joint App,5,High Risk,Manual Review
137463881,10175.0, 36 months,20.89,D,D4,5 years,RENT,43077.0,Verified,debt_consolidation,CA,30.18,2.0,660.0,664.0,0.0,83.0,21.0,Individual,5,High Risk,Manual Review
136928612,10600.0, 36 months,23.4,E,E1,5 years,RENT,34000.0,Verified,debt_consolidation,FL,39.57,1.0,660.0,664.0,0.0,41.2,21.0,Individual,6,High Risk,Manual Review
135970126,17500.0, 60 months,29.69,F,F2,7 years,MORTGAGE,65000.0,Source Verified,credit_card,OH,37.92,0.0,670.0,674.0,0.0,30.2,25.0,Individual,5,High Risk,Manual Review
137501068,35000.0, 60 months,25.34,E,E3,2 years,RENT,56000.0,Source Verified,debt_consolidation,WA,31.38,0.0,700.0,704.0,2.0,38.4,21.0,Joint App,5,High Risk,Manual Review
137154830,6450.0, 36 months,25.34,E,E3,3 years,MORTGAGE,35000.0,Verified,debt_consolidation,FL,30.76,0.0,690.0,694.0,0.0,59.2,16.0,Individual,5,High Risk,Manual Review
137113516,8700.0, 36 months,24.37,E,E2,,MORTGAGE,36000.0,Verified,debt_consolidation,MD,30.6,0.0,670.0,674.0,1.0,45.8,51.0,Individual,5,High Risk,Manual Review
137412122,35000.0, 36 months,23.4,E,E1,< 1 year,RENT,95000.0,Verified,debt_consolidation,NY,32.16,0.0,675.0,679.0,0.0,99.0,23.0,Individual,6,High Risk,Manual Review
136732557,2500.0, 36 months,25.34,E,E3,,OWN,17000.0,Not Verified,other,NY,31.07,2.0,700.0,704.0,1.0,48.8,31.0,Joint App,6,High Risk,Manual Review
136379526,40000.0, 36 months,28.72,F,F1,2 years,MORTGAGE,30000.0,Source Verified,debt_consolidation,MD,78.16,0.0,715.0,719.0,1.0,20.1,17.0,Joint App,5,High Risk,Manual Review
137203507,30000.0, 60 months,25.34,E,E3,10+ years,RENT,68000.0,Verified,credit_card,TX,31.92,0.0,675.0,679.0,2.0,58.8,60.0,Individual,5,High Risk,Manual Review
137092734,30000.0, 60 months,25.34,E,E3,,ANY,180000.0,Verified,debt_consolidation,AZ,7.48,8.0,660.0,664.0,0.0,87.4,38.0,Individual,5,High Risk,Manual Review
137466398,3000.0, 36 months,18.94,D,D2,< 1 year,MORTGAGE,60000.0,Verified,debt_consolidation,FL,34.08,1.0,660.0,664.0,0.0,92.0,21.0,Joint App,5,High Risk,Manual Review
137324909,26000.0, 60 months,27.27,E,E5,10+ years,MORTGAGE,52000.0,Source Verified,debt_consolidation,PA,30.14,0.0,690.0,694.0,0.0,36.4,27.0,Individual,5,High Risk,Manual Review
137429833,16000.0, 36 months,23.4,E,E1,7 years,MORTGAGE,95000.0,Not Verified,debt_consolidation,NV,32.53,0.0,685.0,689.0,1.0,78.1,27.0,Individual,5,High Risk,Manual Review
137288836,35000.0, 60 months,22.35,D,D5,1 year,MORTGAGE,50000.0,Verified,debt_consolidation,NC,46.16,1.0,700.0,704.0,0.0,80.4,27.0,Joint App,5,High Risk,Manual Review
137437641,35000.0, 60 months,20.89,D,D4,6 years,MORTGAGE,104000.0,Verified,debt_consolidation,WI,34.35,1.0,660.0,664.0,0.0,80.7,30.0,Individual,5,High Risk,Manual Review
137066628,30000.0, 60 months,27.27,E,E5,10+ years,MORTGAGE,65000.0,Verified,debt_consolidation,IL,39.38,0.0,715.0,719.0,0.0,15.2,35.0,Individual,5,High Risk,Manual Review
137470428,10000.0, 36 months,23.4,E,E1,< 1 year,RENT,82000.0,Source Verified,credit_card,ND,36.0,1.0,665.0,669.0,0.0,87.5,38.0,Individual,7,High Risk,Manual Review
137482742,3000.0, 36 months,26.31,E,E4,,RENT,23000.0,Verified,debt_consolidation,VA,53.18,0.0,675.0,679.0,0.0,68.7,25.0,Joint App,5,High Risk,Manual Review
137021754,20000.0, 60 months,30.79,G,G1,10+ years,RENT,126000.0,Verified,debt_consolidation,NH,33.99,0.0,705.0,709.0,0.0,76.6,26.0,Individual,5,High Risk,Manual Review
137195470,16450.0, 36 months,27.27,E,E5,,RENT,18000.0,Verified,debt_consolidation,PA,55.93,1.0,685.0,689.0,0.0,40.1,19.0,Joint App,6,High Risk,Manual Review
137439616,28900.0, 60 months,28.72,F,F1,10+ years,MORTGAGE,74000.0,Not Verified,other,TX,36.91,8.0,670.0,674.0,1.0,32.2,24.0,Individual,6,High Risk,Manual Review
137240802,20000.0, 60 months,28.72,F,F1,3 years,RENT,36000.0,Not Verified,debt_consolidation,WA,60.53,0.0,670.0,674.0,0.0,99.8,25.0,Joint App,6,High Risk,Manual Review
137462999,27175.0, 36 months,30.79,G,G1,10+ years,RENT,48000.0,Not Verified,credit_card,HI,31.33,0.0,695.0,699.0,0.0,96.5,10.0,Joint App,6,High Risk,Manual Review
137471561,29075.0, 60 months,26.31,E,E4,1 year,MORTGAGE,140000.0,Not Verified,home_improvement,OR,23.38,3.0,700.0,704.0,0.0,90.4,40.0,Joint App,5,High Risk,Manual Review
137433898,20000.0, 60 months,27.27,E,E5,10+ years,MORTGAGE,76000.0,Not Verified,debt_consolidation,GA,36.25,1.0,685.0,689.0,1.0,35.6,44.0,Individual,6,High Risk,Manual Review
136943076,11000.0, 36 months,24.37,E,E2,3 years,MORTGAGE,75000.0,Source Verified,debt_consolidation,RI,30.13,0.0,710.0,714.0,0.0,48.0,38.0,Individual,5,High Risk,Manual Review
137435092,25000.0, 60 months,27.27,E,E5,4 years,RENT,61818.0,Verified,debt_consolidation,TX,35.35,0.0,680.0,684.0,2.0,47.5,30.0,Individual,5,High Risk,Manual Review
137252010,12000.0, 60 months,25.34,E,E3,10+ years,MORTGAGE,98000.0,Verified,debt_consolidation,DE,34.39,1.0,670.0,674.0,2.0,23.0,33.0,Individual,6,High Risk,Manual Review
137080943,10000.0, 60 months,25.34,E,E3,7 years,MORTGAGE,55000.0,Not Verified,debt_consolidation,OH,41.72,0.0,705.0,709.0,0.0,83.6,14.0,Joint App,6,High Risk,Manual Review
137419935,21000.0, 60 months,25.34,E,E3,2 years,RENT,50000.0,Verified,debt_consolidation,GA,42.68,0.0,670.0,674.0,1.0,43.1,30.0,Joint App,5,High Risk,Manual Review
137443439,21000.0, 60 months,29.69,F,F2,9 years,RENT,90000.0,Source Verified,debt_consolidation,IN,36.91,0.0,720.0,724.0,1.0,29.0,34.0,Individual,5,High Risk,Manual Review
137040030,7025.0, 36 months,27.27,E,E5,7 years,OWN,10800.0,Verified,credit_card,WI,37.56,0.0,700.0,704.0,1.0,76.3,16.0,Individual,5,High Risk,Manual Review
137322710,30000.0, 60 months,23.4,E,E1,6 years,MORTGAGE,135000.0,Source Verified,debt_consolidation,NH,32.41,0.0,715.0,719.0,1.0,46.3,34.0,Individual,5,High Risk,Manual Review
136854816,20000.0, 60 months,27.27,E,E5,10+ years,RENT,43414.0,Verified,other,LA,35.91,0.0,710.0,714.0,1.0,10.3,52.0,Individual,5,High Risk,Manual Review
137391027,35000.0, 60 months,27.27,E,E5,10+ years,MORTGAGE,46500.0,Source Verified,credit_card,NC,35.1,0.0,660.0,664.0,1.0,68.7,20.0,Joint App,5,High Risk,Manual Review
137328617,20000.0, 60 months,25.34,E,E3,10+ years,RENT,41912.0,Verified,debt_consolidation,MN,31.44,0.0,660.0,664.0,0.0,98.0,16.0,Individual,6,High Risk,Manual Review
136891718,35000.0, 36 months,28.72,F,F1,10+ years,MORTGAGE,85000.0,Verified,debt_consolidation,TN,36.98,0.0,695.0,699.0,1.0,59.0,33.0,Individual,5,High Risk,Manual Review
137353821,12000.0, 60 months,25.34,E,E3,10+ years,OWN,42000.0,Verified,debt_consolidation,NJ,31.2,0.0,710.0,714.0,0.0,24.5,23.0,Individual,5,High Risk,Manual Review
137270840,10500.0, 60 months,27.27,E,E5,10+ years,MORTGAGE,44000.0,Verified,other,PA,34.4,0.0,695.0,699.0,2.0,52.0,41.0,Individual,5,High Risk,Manual Review
137383680,11000.0, 60 months,27.27,E,E5,10+ years,RENT,65000.0,Not Verified,credit_card,SC,35.06,0.0,695.0,699.0,0.0,95.2,15.0,Joint App,6,High Risk,Manual Review
137405461,30000.0, 36 months,23.4,E,E1,10+ years,OWN,179000.0,Verified,credit_card,VA,10.08,1.0,660.0,664.0,0.0,82.4,23.0,Individual,5,High Risk,Manual Review
136962846,10000.0, 36 months,26.31,E,E4,6 years,RENT,45000.0,Source Verified,debt_consolidation,TN,34.77,0.0,660.0,664.0,0.0,75.8,30.0,Joint App,5,High Risk,Manual Review
137429615,35000.0, 60 months,27.27,E,E5,6 years,MORTGAGE,200000.0,Verified,debt_consolidation,TX,29.25,1.0,675.0,679.0,1.0,81.0,44.0,Individual,5,High Risk,Manual Review
137222878,25000.0, 60 months,29.69,F,F2,< 1 year,MORTGAGE,30000.0,Source Verified,debt_consolidation,MS,58.16,0.0,740.0,744.0,0.0,30.5,19.0,Joint App,5,High Risk,Manual Review
137151924,10000.0, 60 months,27.27,E,E5,3 years,RENT,45000.0,Source Verified,debt_consolidation,PA,33.07,0.0,675.0,679.0,4.0,84.0,31.0,Individual,6,High Risk,Manual Review
137419880,32000.0, 60 months,25.34,E,E3,4 years,MORTGAGE,75000.0,Verified,debt_consolidation,TX,30.74,0.0,660.0,664.0,1.0,87.2,34.0,Joint App,6,High Risk,Manual Review
137150656,35000.0, 60 months,29.69,F,F2,10+ years,MORTGAGE,100000.0,Verified,small_business,FL,13.79,2.0,670.0,674.0,0.0,98.0,12.0,Joint App,5,High Risk,Manual Review
137324353,29575.0, 60 months,30.75,F,F5,2 years,RENT,35000.0,Not Verified,credit_card,NY,60.63,1.0,685.0,689.0,0.0,37.3,21.0,Joint App,6,High Risk,Manual Review
137368544,15000.0, 60 months,25.34,E,E3,10+ years,OWN,39000.0,Verified,debt_consolidation,SC,32.09,1.0,675.0,679.0,0.0,15.6,46.0,Individual,6,High Risk,Manual Review
137380229,16000.0, 60 months,20.89,D,D4,6 years,RENT,83000.0,Not Verified,home_improvement,CA,43.22,1.0,670.0,674.0,2.0,84.0,30.0,Joint App,5,High Risk,Manual Review
137229202,24000.0, 60 months,30.65,F,F4,10+ years,MORTGAGE,32000.0,Verified,debt_consolidation,CA,48.57,0.0,690.0,694.0,0.0,94.5,11.0,Joint App,6,High Risk,Manual Review
137365978,35000.0, 60 months,30.65,F,F4,3 years,RENT,39000.0,Source Verified,debt_consolidation,NV,34.15,0.0,685.0,689.0,0.0,74.9,23.0,Joint App,5,High Risk,Manual Review
137350425,24000.0, 60 months,27.27,E,E5,1 year,RENT,90000.0,Verified,credit_card,NJ,15.16,1.0,670.0,674.0,0.0,86.0,14.0,Individual,5,High Risk,Manual Review
137377790,23000.0, 60 months,26.31,E,E4,10+ years,MORTGAGE,20800.0,Verified,debt_consolidation,GA,181.88,0.0,705.0,709.0,0.0,46.9,24.0,Joint App,5,High Risk,Manual Review
136896110,1200.0, 36 months,25.34,E,E3,10+ years,MORTGAGE,58000.0,Verified,car,IL,31.8,0.0,660.0,664.0,1.0,76.6,19.0,Individual,5,High Risk,Manual Review
136683233,10450.0, 36 months,23.4,E,E1,3 years,RENT,56000.0,Verified,debt_consolidation,VA,30.9,0.0,675.0,679.0,1.0,42.0,76.0,Individual,5,High Risk,Manual Review
137156273,16000.0, 60 months,16.91,C,C5,8 years,RENT,65000.0,Verified,debt_consolidation,NY,34.95,2.0,665.0,669.0,2.0,91.0,13.0,Individual,5,High Risk,Manual Review
136498627,40000.0, 60 months,29.69,F,F2,10+ years,RENT,99219.0,Verified,debt_consolidation,TX,57.11,1.0,690.0,694.0,2.0,43.2,56.0,Joint App,6,High Risk,Manual Review
137413213,15000.0, 60 months,29.69,F,F2,10+ years,MORTGAGE,50000.0,Verified,debt_consolidation,NY,38.14,0.0,690.0,694.0,1.0,40.3,31.0,Individual,5,High Risk,Manual Review
137416287,12000.0, 60 months,28.72,F,F1,10+ years,MORTGAGE,48000.0,Not Verified,debt_consolidation,IL,45.35,1.0,690.0,694.0,0.0,95.0,10.0,Joint App,7,High Risk,Manual Review
137361730,24025.0, 60 months,30.75,F,F5,8 years,MORTGAGE,78352.0,Verified,debt_consolidation,TX,39.73,0.0,675.0,679.0,1.0,84.0,26.0,Individual,6,High Risk,Manual Review
136761844,20000.0, 60 months,25.34,E,E3,< 1 year,RENT,55000.0,Verified,debt_consolidation,NY,33.91,1.0,690.0,694.0,1.0,56.7,18.0,Individual,6,High Risk,Manual Review
137359051,8000.0, 36 months,26.31,E,E4,10+ years,RENT,81547.0,Source Verified,small_business,MD,32.64,0.0,680.0,684.0,0.0,81.1,30.0,Individual,6,High Risk,Manual Review
136486143,8000.0, 36 months,27.27,E,E5,,MORTGAGE,72000.0,Verified,moving,IL,45.85,0.0,720.0,724.0,2.0,26.1,32.0,Joint App,5,High Risk,Manual Review
136694361,4500.0, 36 months,26.31,E,E4,10+ years,MORTGAGE,25000.0,Not Verified,debt_consolidation,NY,82.29,1.0,660.0,664.0,1.0,94.8,39.0,Joint App,7,High Risk,Manual Review
137371076,5000.0, 36 months,23.4,E,E1,8 years,RENT,60000.0,Source Verified,debt_consolidation,AL,31.54,0.0,710.0,714.0,1.0,94.6,20.0,Individual,6,High Risk,Manual Review
137161303,16725.0, 60 months,27.27,E,E5,7 years,MORTGAGE,135000.0,Source Verified,credit_card,OH,30.45,0.0,700.0,704.0,0.0,66.8,56.0,Individual,5,High Risk,Manual Review
137328808,25000.0, 60 months,28.72,F,F1,10+ years,MORTGAGE,70000.0,Verified,debt_consolidation,MN,18.93,1.0,675.0,679.0,0.0,97.7,13.0,Individual,5,High Risk,Manual Review
137346050,23425.0, 60 months,30.79,G,G1,,MORTGAGE,24000.0,Verified,credit_card,NJ,149.65,0.0,695.0,699.0,1.0,22.4,66.0,Joint App,5,High Risk,Manual Review
137367112,20000.0, 60 months,26.31,E,E4,,OWN,37161.0,Verified,debt_consolidation,IN,35.56,0.0,720.0,724.0,0.0,93.9,14.0,Individual,6,High Risk,Manual Review
136636794,9025.0, 36 months,25.34,E,E3,,OWN,14400.0,Verified,debt_consolidation,SC,37.67,0.0,695.0,699.0,0.0,71.2,20.0,Individual,5,High Risk,Manual Review
137347965,25000.0, 60 months,25.34,E,E3,2 years,RENT,78000.0,Verified,debt_consolidation,GA,30.02,1.0,665.0,669.0,0.0,59.3,32.0,Individual,6,High Risk,Manual Review
137239150,20000.0, 60 months,27.27,E,E5,4 years,RENT,62500.0,Verified,debt_consolidation,OH,38.25,0.0,700.0,704.0,1.0,78.5,17.0,Individual,5,High Risk,Manual Review
137356429,5000.0, 36 months,23.4,E,E1,10+ years,MORTGAGE,151411.0,Not Verified,debt_consolidation,CO,10.52,1.0,670.0,674.0,0.0,90.7,24.0,Individual,5,High Risk,Manual Review
137004281,10000.0, 36 months,27.27,E,E5,3 years,MORTGAGE,64000.0,Verified,other,AZ,32.71,3.0,660.0,664.0,3.0,78.3,85.0,Individual,6,High Risk,Manual Review
137319947,22400.0, 60 months,28.72,F,F1,10+ years,RENT,42000.0,Source Verified,debt_consolidation,WA,37.57,0.0,690.0,694.0,0.0,39.3,17.0,Individual,5,High Risk,Manual Review
137149994,20000.0, 60 months,25.34,E,E3,10+ years,RENT,42000.0,Verified,debt_consolidation,KY,38.14,0.0,680.0,684.0,0.0,58.9,26.0,Individual,5,High Risk,Manual Review
137006922,14725.0, 60 months,28.72,F,F1,3 years,MORTGAGE,20000.0,Verified,debt_consolidation,NY,66.87,1.0,665.0,669.0,0.0,18.3,16.0,Joint App,6,High Risk,Manual Review
137131392,35000.0, 60 months,27.27,E,E5,10+ years,MORTGAGE,52000.0,Not Verified,debt_consolidation,NC,40.5,1.0,680.0,684.0,0.0,51.3,21.0,Joint App,6,High Risk,Manual Review
137326373,36000.0, 60 months,23.4,E,E1,3 years,RENT,45000.0,Source Verified,credit_card,AZ,35.39,1.0,705.0,709.0,0.0,65.2,43.0,Joint App,6,High Risk,Manual Review
137369868,20000.0, 60 months,28.72,F,F1,10+ years,RENT,83000.0,Source Verified,debt_consolidation,MD,31.1,1.0,705.0,709.0,1.0,84.0,17.0,Individual,7,High Risk,Manual Review
136832516,33625.0, 60 months,17.97,D,D1,10+ years,MORTGAGE,45000.0,Verified,credit_card,ME,46.29,1.0,665.0,669.0,0.0,82.1,19.0,Joint App,5,High Risk,Manual Review
137328485,8600.0, 36 months,27.27,E,E5,4 years,RENT,27000.0,Not Verified,other,FL,35.11,0.0,715.0,719.0,0.0,94.7,9.0,Individual,6,High Risk,Manual Review
137351683,6000.0, 36 months,24.37,E,E2,1 year,RENT,45000.0,Verified,debt_consolidation,CA,31.23,0.0,685.0,689.0,0.0,40.7,13.0,Individual,5,High Risk,Manual Review
137213184,38700.0, 60 months,30.84,G,G2,2 years,MORTGAGE,35800.0,Verified,debt_consolidation,IN,66.51,0.0,680.0,684.0,2.0,74.7,15.0,Joint App,5,High Risk,Manual Review
137197743,24400.0, 60 months,27.27,E,E5,10+ years,MORTGAGE,29701.0,Verified,debt_consolidation,AZ,99.6,0.0,680.0,684.0,0.0,84.9,16.0,Joint App,6,High Risk,Manual Review
137126895,32200.0, 36 months,26.31,E,E4,10+ years,OWN,120000.0,Source Verified,credit_card,CA,31.52,1.0,660.0,664.0,1.0,69.0,18.0,Individual,6,High Risk,Manual Review
136539052,23000.0, 36 months,26.31,E,E4,6 years,RENT,90000.0,Verified,credit_card,VA,30.01,0.0,665.0,669.0,1.0,62.9,14.0,Individual,5,High Risk,Manual Review
137256258,18000.0, 60 months,27.27,E,E5,2 years,RENT,60000.0,Source Verified,debt_consolidation,CA,34.68,1.0,675.0,679.0,0.0,77.9,10.0,Individual,6,High Risk,Manual Review
137289067,20000.0, 60 months,23.4,E,E1,6 years,RENT,35000.0,Verified,debt_consolidation,OH,30.56,0.0,675.0,679.0,0.0,81.3,18.0,Individual,6,High Risk,Manual Review
137237471,12000.0, 60 months,25.34,E,E3,10+ years,MORTGAGE,134000.0,Verified,credit_card,NC,36.39,0.0,680.0,684.0,1.0,95.0,27.0,Individual,6,High Risk,Manual Review
135841166,16000.0, 60 months,28.72,F,F1,2 years,RENT,63500.0,Not Verified,home_improvement,NY,32.56,0.0,700.0,704.0,0.0,34.5,11.0,Individual,5,High Risk,Manual Review
135807082,5600.0, 36 months,23.87,E,E2,10+ years,MORTGAGE,26000.0,Verified,vacation,CA,34.9,0.0,665.0,669.0,0.0,63.1,25.0,Individual,5,High Risk,Manual Review
137151858,7000.0, 36 months,23.4,E,E1,3 years,MORTGAGE,37000.0,Verified,debt_consolidation,KS,33.64,2.0,660.0,664.0,0.0,60.5,13.0,Joint App,6,High Risk,Manual Review
137299410,35000.0, 60 months,30.65,F,F4,4 years,MORTGAGE,18000.0,Not Verified,debt_consolidation,CA,86.13,0.0,690.0,694.0,0.0,80.6,16.0,Joint App,6,High Risk,Manual Review
136822621,7000.0, 36 months,23.4,E,E1,< 1 year,MORTGAGE,80000.0,Source Verified,credit_card,NY,23.34,1.0,660.0,664.0,0.0,80.7,38.0,Individual,5,High Risk,Manual Review
137270703,16000.0, 60 months,25.34,E,E3,10+ years,MORTGAGE,52500.0,Verified,debt_consolidation,MO,33.12,0.0,685.0,689.0,0.0,64.4,50.0,Individual,5,High Risk,Manual Review
137347194,15000.0, 60 months,27.27,E,E5,6 years,RENT,32000.0,Not Verified,debt_consolidation,CA,39.01,1.0,670.0,674.0,0.0,55.5,15.0,Individual,6,High Risk,Manual Review
137344208,15000.0, 60 months,24.37,E,E2,10+ years,MORTGAGE,80000.0,Not Verified,debt_consolidation,MI,34.7,0.0,670.0,674.0,0.0,60.9,33.0,Individual,5,High Risk,Manual Review
137315957,24000.0, 60 months,26.31,E,E4,10+ years,MORTGAGE,84000.0,Not Verified,debt_consolidation,NV,33.16,0.0,700.0,704.0,0.0,61.0,17.0,Individual,5,High Risk,Manual Review
137284825,16000.0, 60 months,26.31,E,E4,4 years,RENT,40000.0,Source Verified,debt_consolidation,FL,30.69,0.0,680.0,684.0,1.0,7.9,17.0,Individual,5,High Risk,Manual Review
137189548,24000.0, 60 months,30.17,F,F3,8 years,MORTGAGE,78000.0,Source Verified,debt_consolidation,AL,31.18,0.0,690.0,694.0,1.0,61.0,29.0,Individual,5,High Risk,Manual Review
135732689,26025.0, 60 months,28.72,F,F1,10+ years,MORTGAGE,96000.0,Verified,home_improvement,MI,35.06,0.0,710.0,714.0,0.0,29.9,23.0,Individual,5,High Risk,Manual Review
137239723,20000.0, 60 months,25.34,E,E3,10+ years,MORTGAGE,67000.0,Verified,debt_consolidation,IN,35.64,0.0,675.0,679.0,2.0,10.1,28.0,Individual,5,High Risk,Manual Review
136755662,12000.0, 60 months,22.35,D,D5,2 years,MORTGAGE,24000.0,Verified,home_improvement,OH,52.78,1.0,665.0,669.0,1.0,93.2,43.0,Joint App,5,High Risk,Manual Review
136741416,30000.0, 36 months,23.4,E,E1,,MORTGAGE,19000.0,Source Verified,other,NV,88.82,0.0,660.0,664.0,0.0,84.8,17.0,Joint App,6,High Risk,Manual Review
136961894,28875.0, 60 months,23.4,E,E1,3 years,OWN,68135.0,Verified,credit_card,AR,36.64,0.0,685.0,689.0,2.0,45.0,30.0,Individual,5,High Risk,Manual Review
136910250,5700.0, 36 months,23.4,E,E1,4 years,MORTGAGE,41000.0,Verified,debt_consolidation,SC,32.7,0.0,700.0,704.0,0.0,51.7,24.0,Individual,5,High Risk,Manual Review
136595483,20000.0, 60 months,27.27,E,E5,10+ years,MORTGAGE,134000.0,Not Verified,credit_card,NH,28.23,1.0,670.0,674.0,0.0,100.6,25.0,Individual,5,High Risk,Manual Review
136825776,20125.0, 60 months,30.79,G,G1,5 years,RENT,41000.0,Verified,debt_consolidation,NM,39.49,2.0,685.0,689.0,0.0,73.1,15.0,Individual,6,High Risk,Manual Review
135257496,17900.0, 60 months,30.75,F,F5,< 1 year,MORTGAGE,40000.0,Source Verified,debt_consolidation,FL,30.69,0.0,690.0,694.0,0.0,73.4,18.0,Joint App,5,High Risk,Manual Review
137230750,10000.0, 36 months,24.37,E,E2,10+ years,RENT,68000.0,Source Verified,debt_consolidation,TX,33.15,1.0,710.0,714.0,0.0,26.8,53.0,Individual,6,High Risk,Manual Review
137090288,11200.0, 36 months,23.4,E,E1,1 year,OWN,32000.0,Source Verified,debt_consolidation,GA,33.53,0.0,690.0,694.0,0.0,96.0,11.0,Individual,6,High Risk,Manual Review
137039413,15450.0, 60 months,30.65,F,F4,9 years,MORTGAGE,45000.0,Verified,debt_consolidation,TN,37.15,0.0,710.0,714.0,0.0,45.4,24.0,Individual,5,High Risk,Manual Review
136541833,18000.0, 60 months,28.72,F,F1,2 years,RENT,45573.0,Verified,credit_card,PA,33.18,0.0,670.0,674.0,0.0,81.3,11.0,Individual,6,High Risk,Manual Review
136195814,35000.0, 60 months,30.79,G,G1,5 years,MORTGAGE,4800.0,Not Verified,debt_consolidation,OK,164.5,0.0,660.0,664.0,0.0,83.0,6.0,Joint App,6,High Risk,Manual Review
136927019,10000.0, 36 months,29.69,F,F2,7 years,MORTGAGE,90000.0,Source Verified,home_improvement,FL,36.31,0.0,720.0,724.0,3.0,56.5,37.0,Individual,5,High Risk,Manual Review
136911264,12000.0, 60 months,27.27,E,E5,10+ years,MORTGAGE,69000.0,Verified,debt_consolidation,GA,38.99,0.0,695.0,699.0,0.0,55.0,42.0,Individual,5,High Risk,Manual Review
137217039,5500.0, 36 months,24.37,E,E2,< 1 year,MORTGAGE,1200.0,Not Verified,home_improvement,VA,430.0,0.0,665.0,669.0,0.0,61.1,14.0,Joint App,5,High Risk,Manual Review
137132192,25000.0, 60 months,30.17,F,F3,4 years,MORTGAGE,54000.0,Verified,debt_consolidation,PA,44.44,0.0,690.0,694.0,0.0,60.5,27.0,Joint App,5,High Risk,Manual Review
137170630,21000.0, 60 months,27.27,E,E5,10+ years,RENT,126000.0,Source Verified,debt_consolidation,AZ,32.3,0.0,680.0,684.0,0.0,95.8,31.0,Joint App,6,High Risk,Manual Review
136822835,20000.0, 60 months,30.79,G,G1,6 years,RENT,80000.0,Source Verified,debt_consolidation,FL,35.15,0.0,700.0,704.0,1.0,47.7,16.0,Individual,5,High Risk,Manual Review
136852383,35000.0, 36 months,25.34,E,E3,10+ years,MORTGAGE,127704.0,Source Verified,debt_consolidation,NY,34.45,0.0,690.0,694.0,0.0,60.1,26.0,Joint App,5,High Risk,Manual Review
137183965,20000.0, 36 months,24.37,E,E2,10+ years,OWN,65000.0,Not Verified,debt_consolidation,AZ,37.74,0.0,675.0,679.0,2.0,61.0,34.0,Individual,5,High Risk,Manual Review
137093914,15000.0, 60 months,27.27,E,E5,10+ years,RENT,54000.0,Not Verified,debt_consolidation,NC,31.33,0.0,705.0,709.0,0.0,93.0,25.0,Individual,6,High Risk,Manual Review
136896806,20000.0, 60 months,30.79,G,G1,2 years,RENT,65000.0,Not Verified,other,OH,36.15,1.0,705.0,709.0,0.0,45.1,18.0,Individual,6,High Risk,Manual Review
136263241,15000.0, 60 months,26.31,E,E4,9 years,MORTGAGE,45000.0,Verified,debt_consolidation,VA,36.88,0.0,690.0,694.0,0.0,60.7,18.0,Individual,5,High Risk,Manual Review
136920516,23000.0, 60 months,26.31,E,E4,10+ years,RENT,58084.0,Source Verified,debt_consolidation,CA,31.88,0.0,695.0,699.0,0.0,59.3,33.0,Individual,5,High Risk,Manual Review
137130665,10000.0, 60 months,30.17,F,F3,10+ years,MORTGAGE,68000.0,Source Verified,debt_consolidation,IL,36.29,0.0,685.0,689.0,1.0,53.6,48.0,Individual,5,High Risk,Manual Review
137125158,11775.0, 60 months,30.79,G,G1,2 years,MORTGAGE,46090.0,Source Verified,debt_consolidation,MN,45.08,0.0,700.0,704.0,0.0,89.0,18.0,Joint App,6,High Risk,Manual Review
135912479,12875.0, 60 months,29.69,F,F2,3 years,RENT,21612.0,Not Verified,credit_card,ME,36.15,0.0,710.0,714.0,0.0,59.8,19.0,Individual,5,High Risk,Manual Review
137217670,20000.0, 60 months,27.27,E,E5,10+ years,OWN,50000.0,Verified,debt_consolidation,MI,30.6,0.0,670.0,674.0,1.0,21.0,24.0,Individual,5,High Risk,Manual Review
137204441,10000.0, 36 months,23.4,E,E1,8 years,MORTGAGE,32760.0,Not Verified,other,SC,41.9,0.0,665.0,669.0,1.0,73.2,27.0,Joint App,5,High Risk,Manual Review
136598349,1000.0, 36 months,26.31,E,E4,10+ years,RENT,50000.0,Not Verified,major_purchase,CA,39.2,3.0,660.0,664.0,0.0,90.1,27.0,Individual,7,High Risk,Manual Review
137200463,20400.0, 60 months,27.27,E,E5,5 years,RENT,133000.0,Not Verified,debt_consolidation,WA,22.17,1.0,670.0,674.0,0.0,85.4,18.0,Individual,5,High Risk,Manual Review
136855403,20000.0, 60 months,30.79,G,G1,10+ years,RENT,59700.0,Source Verified,credit_card,CA,37.23,1.0,670.0,674.0,0.0,90.7,23.0,Individual,7,High Risk,Manual Review
137035852,17600.0, 60 months,27.27,E,E5,,MORTGAGE,55000.0,Verified,debt_consolidation,KY,31.66,0.0,660.0,664.0,1.0,78.3,59.0,Joint App,5,High Risk,Manual Review
137046775,30000.0, 36 months,28.72,F,F1,2 years,MORTGAGE,102000.0,Verified,debt_consolidation,CA,45.92,2.0,665.0,669.0,1.0,39.0,36.0,Joint App,6,High Risk,Manual Review
137193310,19350.0, 60 months,30.75,F,F5,4 years,RENT,43000.0,Not Verified,debt_consolidation,OH,30.51,0.0,685.0,689.0,0.0,95.0,17.0,Individual,6,High Risk,Manual Review
137160719,25000.0, 60 months,30.79,G,G1,10+ years,OWN,62000.0,Verified,debt_consolidation,NC,33.95,0.0,690.0,694.0,0.0,64.0,23.0,Individual,5,High Risk,Manual Review
137163910,12000.0, 60 months,29.69,F,F2,,MORTGAGE,15000.0,Not Verified,debt_consolidation,TX,92.87,1.0,670.0,674.0,0.0,52.6,31.0,Joint App,6,High Risk,Manual Review
136450406,10000.0, 36 months,23.4,E,E1,< 1 year,MORTGAGE,38500.0,Verified,credit_card,IL,30.83,2.0,675.0,679.0,0.0,22.8,33.0,Individual,6,High Risk,Manual Review
136637566,30000.0, 60 months,28.72,F,F1,,MORTGAGE,90106.08,Verified,debt_consolidation,AZ,39.67,0.0,710.0,714.0,0.0,69.6,26.0,Individual,5,High Risk,Manual Review
137190649,24000.0, 60 months,29.69,F,F2,5 years,MORTGAGE,63000.0,Not Verified,debt_consolidation,WY,34.21,0.0,690.0,694.0,0.0,48.8,17.0,Joint App,5,High Risk,Manual Review
137043088,30000.0, 60 months,30.17,F,F3,10+ years,MORTGAGE,65000.0,Source Verified,debt_consolidation,AR,40.81,0.0,670.0,674.0,0.0,70.5,34.0,Joint App,5,High Risk,Manual Review
136385354,20000.0, 60 months,27.27,E,E5,5 years,RENT,76000.0,Verified,debt_consolidation,CA,34.99,0.0,675.0,679.0,1.0,60.1,41.0,Individual,5,High Risk,Manual Review
137169064,11125.0, 36 months,24.37,E,E2,4 years,MORTGAGE,34000.0,Verified,debt_consolidation,AZ,31.7,0.0,695.0,699.0,0.0,66.9,18.0,Individual,5,High Risk,Manual Review
136909224,10000.0, 36 months,25.34,E,E3,,RENT,10000.0,Verified,debt_consolidation,NY,80.91,0.0,740.0,744.0,0.0,53.6,5.0,Joint App,5,High Risk,Manual Review
137101853,4000.0, 36 months,23.4,E,E1,10+ years,MORTGAGE,46560.0,Verified,home_improvement,OH,39.48,4.0,660.0,664.0,1.0,9.4,38.0,Individual,6,High Risk,Manual Review
136488899,15000.0, 36 months,25.34,E,E3,,MORTGAGE,21000.0,Verified,debt_consolidation,TX,120.22,5.0,665.0,669.0,0.0,56.8,48.0,Joint App,6,High Risk,Manual Review
136939927,15000.0, 60 months,30.17,F,F3,2 years,OWN,101117.0,Source Verified,debt_consolidation,TX,29.01,2.0,690.0,694.0,0.0,85.2,34.0,Individual,5,High Risk,Manual Review
136847362,10000.0, 36 months,20.89,D,D4,10+ years,MORTGAGE,52800.0,Source Verified,home_improvement,TX,32.27,1.0,705.0,709.0,1.0,82.6,20.0,Individual,5,High Risk,Manual Review
137097335,12000.0, 60 months,27.27,E,E5,3 years,RENT,24000.0,Verified,debt_consolidation,HI,38.4,0.0,685.0,689.0,0.0,67.3,7.0,Individual,5,High Risk,Manual Review
137190168,16750.0, 36 months,24.37,E,E2,3 years,RENT,55000.0,Source Verified,debt_consolidation,FL,30.53,0.0,670.0,674.0,0.0,71.4,19.0,Individual,5,High Risk,Manual Review
136969014,32000.0, 36 months,23.4,E,E1,4 years,OWN,120000.0,Verified,debt_consolidation,FL,38.27,1.0,660.0,664.0,1.0,92.0,29.0,Individual,7,High Risk,Manual Review
137061398,1000.0, 36 months,23.4,E,E1,2 years,OWN,24000.0,Verified,other,OH,32.55,0.0,750.0,754.0,0.0,26.7,12.0,Individual,5,High Risk,Manual Review
136962928,12000.0, 60 months,22.35,D,D5,1 year,MORTGAGE,51500.0,Source Verified,home_improvement,GA,33.09,1.0,665.0,669.0,0.0,90.3,9.0,Individual,5,High Risk,Manual Review
136624117,24000.0, 60 months,27.27,E,E5,10+ years,MORTGAGE,42500.0,Verified,home_improvement,OH,57.05,0.0,665.0,669.0,0.0,80.3,37.0,Joint App,6,High Risk,Manual Review
136637218,17775.0, 60 months,30.79,G,G1,3 years,RENT,35000.0,Verified,debt_consolidation,CA,39.71,0.0,660.0,664.0,0.0,50.9,26.0,Individual,5,High Risk,Manual Review
136499597,35000.0, 36 months,30.17,F,F3,10+ years,MORTGAGE,106028.0,Verified,other,WV,35.63,0.0,660.0,664.0,0.0,86.0,28.0,Individual,6,High Risk,Manual Review
137128697,12000.0, 60 months,28.72,F,F1,10+ years,RENT,38200.0,Not Verified,debt_consolidation,PA,37.04,0.0,685.0,689.0,2.0,70.5,13.0,Individual,5,High Risk,Manual Review
137130233,31725.0, 36 months,26.31,E,E4,8 years,MORTGAGE,90000.0,Not Verified,debt_consolidation,CA,30.2,0.0,685.0,689.0,0.0,97.0,10.0,Individual,6,High Risk,Manual Review
137006424,10000.0, 60 months,30.17,F,F3,5 years,RENT,35400.0,Not Verified,other,GA,37.66,0.0,740.0,744.0,1.0,75.3,22.0,Individual,5,High Risk,Manual Review
137148204,7675.0, 36 months,27.27,E,E5,10+ years,MORTGAGE,100000.0,Not Verified,other,NJ,34.3,0.0,705.0,709.0,1.0,77.9,26.0,Individual,5,High Risk,Manual Review
137100264,14400.0, 60 months,28.72,F,F1,6 years,RENT,85000.0,Not Verified,debt_consolidation,OR,35.82,0.0,725.0,729.0,0.0,65.1,34.0,Individual,5,High Risk,Manual Review
136685970,17575.0, 60 months,30.75,F,F5,10+ years,MORTGAGE,17000.0,Verified,debt_consolidation,AL,102.43,0.0,670.0,674.0,0.0,88.1,14.0,Joint App,6,High Risk,Manual Review
136605439,10000.0, 36 months,20.89,D,D4,10+ years,MORTGAGE,130000.0,Not Verified,debt_consolidation,CA,35.57,2.0,670.0,674.0,0.0,95.7,26.0,Individual,5,High Risk,Manual Review
136496294,10500.0, 60 months,26.31,E,E4,< 1 year,MORTGAGE,40000.0,Not Verified,debt_consolidation,OH,45.66,0.0,690.0,694.0,1.0,5.9,27.0,Joint App,5,High Risk,Manual Review
136887614,30000.0, 36 months,16.14,C,C4,10+ years,MORTGAGE,161000.0,Verified,debt_consolidation,KY,30.57,1.0,695.0,699.0,0.0,86.1,25.0,Individual,5,High Risk,Manual Review
136880110,9600.0, 36 months,26.31,E,E4,6 years,MORTGAGE,30000.0,Verified,debt_consolidation,VA,30.4,1.0,680.0,684.0,0.0,45.9,26.0,Individual,6,High Risk,Manual Review
135581489,2000.0, 36 months,23.87,E,E2,10+ years,MORTGAGE,60000.0,Verified,other,NC,31.24,0.0,670.0,674.0,2.0,47.5,24.0,Individual,5,High Risk,Manual Review
136539117,20000.0, 60 months,17.97,D,D1,,RENT,22500.0,Verified,credit_card,SC,95.89,1.0,680.0,684.0,1.0,92.6,19.0,Joint App,5,High Risk,Manual Review
137037081,5000.0, 36 months,19.92,D,D3,2 years,RENT,28000.0,Verified,credit_card,NY,37.46,1.0,665.0,669.0,2.0,82.0,14.0,Individual,5,High Risk,Manual Review
137042937,9500.0, 36 months,23.4,E,E1,10+ years,OWN,60000.0,Verified,debt_consolidation,OK,37.0,0.0,715.0,719.0,0.0,41.3,35.0,Individual,5,High Risk,Manual Review
136969883,3500.0, 36 months,20.89,D,D4,7 years,RENT,60000.0,Verified,credit_card,TN,30.58,1.0,660.0,664.0,1.0,101.0,14.0,Individual,5,High Risk,Manual Review
136752165,24000.0, 60 months,27.27,E,E5,4 years,MORTGAGE,30000.0,Verified,credit_card,NY,54.6,0.0,675.0,679.0,2.0,51.9,37.0,Joint App,5,High Risk,Manual Review
136012028,20000.0, 60 months,30.75,F,F5,10+ years,MORTGAGE,36000.0,Verified,debt_consolidation,IN,42.56,0.0,675.0,679.0,1.0,50.9,19.0,Joint App,5,High Risk,Manual Review
136922040,25000.0, 36 months,25.34,E,E3,2 years,MORTGAGE,105000.0,Source Verified,debt_consolidation,CA,30.48,0.0,710.0,714.0,2.0,35.2,64.0,Individual,5,High Risk,Manual Review
137062565,17900.0, 36 months,25.34,E,E3,3 years,OWN,54000.0,Source Verified,debt_consolidation,SC,35.04,0.0,720.0,724.0,0.0,53.0,34.0,Individual,5,High Risk,Manual Review
137060784,5500.0, 36 months,24.37,E,E2,2 years,RENT,21000.0,Not Verified,credit_card,CA,54.8,0.0,680.0,684.0,0.0,43.6,22.0,Joint App,5,High Risk,Manual Review
136907362,16000.0, 60 months,27.27,E,E5,4 years,RENT,102000.0,Not Verified,debt_consolidation,FL,51.82,0.0,675.0,679.0,2.0,63.9,51.0,Joint App,5,High Risk,Manual Review
136781091,20000.0, 60 months,26.31,E,E4,2 years,RENT,63000.0,Verified,debt_consolidation,MA,15.94,1.0,665.0,669.0,2.0,90.0,23.0,Individual,5,High Risk,Manual Review
137024536,35000.0, 36 months,24.37,E,E2,1 year,RENT,130000.0,Not Verified,debt_consolidation,TN,36.97,0.0,660.0,664.0,2.0,79.0,44.0,Individual,5,High Risk,Manual Review
137024849,35000.0, 60 months,26.31,E,E4,10+ years,MORTGAGE,140000.0,Not Verified,debt_consolidation,CA,37.36,0.0,695.0,699.0,3.0,71.0,59.0,Individual,5,High Risk,Manual Review
136941426,30000.0, 60 months,27.27,E,E5,7 years,MORTGAGE,40000.0,Not Verified,debt_consolidation,CO,47.97,0.0,675.0,679.0,0.0,93.0,23.0,Joint App,6,High Risk,Manual Review
134702539,30550.0, 36 months,27.27,E,E5,,OWN,25000.0,Source Verified,credit_card,CA,71.1,0.0,715.0,719.0,0.0,98.9,18.0,Joint App,6,High Risk,Manual Review
136942055,18725.0, 60 months,30.75,F,F5,10+ years,MORTGAGE,66000.0,Verified,debt_consolidation,SC,39.91,0.0,680.0,684.0,0.0,56.0,56.0,Individual,5,High Risk,Manual Review
136614409,16000.0, 36 months,23.4,E,E1,< 1 year,RENT,30000.0,Verified,debt_consolidation,TX,42.32,0.0,670.0,674.0,0.0,57.2,22.0,Joint App,5,High Risk,Manual Review
136964984,12250.0, 36 months,17.97,D,D1,5 years,MORTGAGE,35000.0,Verified,debt_consolidation,MN,31.93,1.0,670.0,674.0,0.0,90.0,18.0,Individual,5,High Risk,Manual Review
136962415,12000.0, 36 months,25.34,E,E3,3 years,RENT,24000.0,Verified,debt_consolidation,MN,31.15,0.0,725.0,729.0,0.0,24.1,15.0,Individual,5,High Risk,Manual Review
137004394,17000.0, 36 months,23.4,E,E1,3 years,RENT,76400.0,Verified,debt_consolidation,CA,34.51,0.0,665.0,669.0,1.0,87.2,25.0,Joint App,6,High Risk,Manual Review
136493036,7200.0, 36 months,23.4,E,E1,6 years,MORTGAGE,50000.0,Source Verified,debt_consolidation,MA,30.58,0.0,685.0,689.0,0.0,34.3,15.0,Individual,5,High Risk,Manual Review
136402511,17100.0, 60 months,30.79,G,G1,6 years,RENT,38000.0,Verified,debt_consolidation,UT,31.68,0.0,695.0,699.0,0.0,56.0,22.0,Individual,5,High Risk,Manual Review
136816409,30000.0, 60 months,28.72,F,F1,< 1 year,MORTGAGE,29120.0,Verified,debt_consolidation,OK,157.42,0.0,705.0,709.0,0.0,61.2,60.0,Joint App,5,High Risk,Manual Review
136881525,10000.0, 60 months,25.34,E,E3,< 1 year,RENT,40000.0,Verified,other,NC,41.07,0.0,660.0,664.0,0.0,67.5,30.0,Joint App,5,High Risk,Manual Review
136578150,2000.0, 36 months,26.31,E,E4,,MORTGAGE,35600.0,Verified,debt_consolidation,OH,38.57,0.0,675.0,679.0,0.0,38.9,15.0,Individual,5,High Risk,Manual Review
136904805,12000.0, 60 months,28.72,F,F1,2 years,MORTGAGE,143000.0,Verified,debt_consolidation,TX,38.19,0.0,695.0,699.0,0.0,86.4,45.0,Individual,6,High Risk,Manual Review
136945997,25000.0, 60 months,27.27,E,E5,10+ years,OWN,110000.0,Source Verified,debt_consolidation,VA,33.2,0.0,675.0,679.0,0.0,88.2,40.0,Individual,6,High Risk,Manual Review
136744650,9000.0, 36 months,25.34,E,E3,,MORTGAGE,42345.0,Verified,debt_consolidation,OH,34.61,0.0,675.0,679.0,0.0,85.3,13.0,Individual,6,High Risk,Manual Review
136916473,10000.0, 60 months,25.34,E,E3,10+ years,MORTGAGE,35000.0,Verified,debt_consolidation,OH,32.61,0.0,715.0,719.0,0.0,41.0,45.0,Individual,5,High Risk,Manual Review
136919590,10000.0, 60 months,25.34,E,E3,3 years,RENT,30000.0,Not Verified,debt_consolidation,FL,30.88,0.0,685.0,689.0,0.0,60.2,6.0,Individual,5,High Risk,Manual Review
136803173,20000.0, 60 months,28.72,F,F1,,OWN,39788.0,Verified,debt_consolidation,NC,34.99,0.0,710.0,714.0,0.0,61.7,26.0,Individual,5,High Risk,Manual Review
136923323,12000.0, 36 months,24.37,E,E2,10+ years,OWN,72241.0,Verified,debt_consolidation,WV,35.1,0.0,665.0,669.0,0.0,80.0,39.0,Individual,5,High Risk,Manual Review
136502453,10000.0, 36 months,23.4,E,E1,10+ years,MORTGAGE,45000.0,Verified,debt_consolidation,OH,42.64,0.0,675.0,679.0,1.0,28.2,19.0,Joint App,5,High Risk,Manual Review
136740410,39250.0, 36 months,27.27,E,E5,9 years,RENT,78624.0,Not Verified,house,NY,51.19,0.0,705.0,709.0,0.0,105.1,51.0,Joint App,6,High Risk,Manual Review
136507829,10000.0, 36 months,24.37,E,E2,4 years,MORTGAGE,16979.0,Verified,debt_consolidation,PA,66.2,0.0,665.0,669.0,2.0,74.0,8.0,Joint App,5,High Risk,Manual Review
136847226,35000.0, 60 months,26.31,E,E4,5 years,MORTGAGE,89000.0,Source Verified,debt_consolidation,NC,30.49,0.0,675.0,679.0,1.0,56.2,38.0,Joint App,5,High Risk,Manual Review
136926933,25000.0, 60 months,30.79,G,G1,10+ years,MORTGAGE,62000.0,Verified,debt_consolidation,NM,33.14,0.0,700.0,704.0,1.0,63.8,43.0,Individual,5,High Risk,Manual Review
136575465,14225.0, 36 months,27.27,E,E5,< 1 year,MORTGAGE,42000.0,Verified,debt_consolidation,IN,52.63,0.0,715.0,719.0,1.0,89.0,23.0,Joint App,6,High Risk,Manual Review
135868413,16050.0, 36 months,30.75,F,F5,4 years,RENT,30000.0,Verified,debt_consolidation,MD,35.4,0.0,680.0,684.0,0.0,87.2,14.0,Individual,6,High Risk,Manual Review
136735506,12000.0, 60 months,26.31,E,E4,7 years,MORTGAGE,55000.0,Source Verified,debt_consolidation,KY,33.86,0.0,705.0,709.0,0.0,48.2,56.0,Individual,5,High Risk,Manual Review
136886966,9600.0, 36 months,26.31,E,E4,3 years,OWN,25000.0,Source Verified,debt_consolidation,NJ,30.92,0.0,665.0,669.0,0.0,56.8,19.0,Individual,5,High Risk,Manual Review
136879352,20000.0, 60 months,24.37,E,E2,4 years,RENT,100000.0,Not Verified,credit_card,WA,31.67,1.0,685.0,689.0,1.0,61.9,29.0,Individual,6,High Risk,Manual Review
136341817,35000.0, 60 months,24.37,E,E2,6 years,MORTGAGE,45999.0,Source Verified,debt_consolidation,NV,36.58,0.0,670.0,674.0,0.0,71.2,31.0,Joint App,5,High Risk,Manual Review
136891174,16375.0, 60 months,30.79,G,G1,,RENT,17000.0,Not Verified,credit_card,MA,38.98,0.0,715.0,719.0,0.0,80.8,9.0,Joint App,6,High Risk,Manual Review
136895096,20675.0, 36 months,26.31,E,E4,10+ years,MORTGAGE,130000.0,Source Verified,debt_consolidation,RI,30.4,0.0,670.0,674.0,0.0,85.6,21.0,Individual,6,High Risk,Manual Review
136897686,15000.0, 60 months,25.34,E,E3,10+ years,MORTGAGE,56000.0,Verified,credit_card,TX,68.35,1.0,680.0,684.0,0.0,65.1,27.0,Joint App,6,High Risk,Manual Review
136617279,22000.0, 36 months,24.37,E,E2,10+ years,RENT,55000.0,Source Verified,debt_consolidation,NY,35.09,0.0,675.0,679.0,0.0,87.0,12.0,Joint App,6,High Risk,Manual Review
136889329,7100.0, 36 months,23.4,E,E1,10+ years,MORTGAGE,75000.0,Not Verified,debt_consolidation,NY,35.86,0.0,685.0,689.0,2.0,58.0,38.0,Individual,5,High Risk,Manual Review
136607983,13000.0, 36 months,25.34,E,E3,4 years,OWN,42450.0,Not Verified,debt_consolidation,IL,32.49,0.0,670.0,674.0,1.0,81.0,19.0,Individual,6,High Risk,Manual Review
136717902,30000.0, 36 months,26.31,E,E4,10+ years,MORTGAGE,65000.0,Verified,debt_consolidation,MA,41.8,0.0,675.0,679.0,2.0,45.6,44.0,Joint App,5,High Risk,Manual Review
136821928,1200.0, 36 months,27.27,E,E5,10+ years,RENT,42000.0,Source Verified,other,CA,36.79,0.0,680.0,684.0,0.0,82.9,13.0,Individual,6,High Risk,Manual Review
136516942,20000.0, 60 months,24.37,E,E2,7 years,RENT,52000.0,Source Verified,credit_card,WA,26.79,1.0,670.0,674.0,0.0,87.3,19.0,Individual,5,High Risk,Manual Review
136577691,9725.0, 36 months,27.27,E,E5,10+ years,MORTGAGE,45000.0,Verified,debt_consolidation,MO,30.29,0.0,715.0,719.0,0.0,53.7,21.0,Individual,5,High Risk,Manual Review
136821610,19275.0, 36 months,25.34,E,E3,10+ years,MORTGAGE,101800.0,Verified,credit_card,NC,34.24,0.0,680.0,684.0,1.0,74.4,21.0,Joint App,5,High Risk,Manual Review
136744541,1800.0, 36 months,25.34,E,E3,,RENT,70500.0,Not Verified,other,NY,31.76,0.0,670.0,674.0,1.0,69.0,26.0,Individual,5,High Risk,Manual Review
136824576,2500.0, 36 months,24.37,E,E2,,MORTGAGE,5786.0,Verified,vacation,CA,378.84,0.0,660.0,664.0,1.0,95.6,19.0,Joint App,6,High Risk,Manual Review
136594681,10050.0, 36 months,27.27,E,E5,10+ years,MORTGAGE,90000.0,Source Verified,debt_consolidation,RI,34.39,0.0,710.0,714.0,0.0,16.7,47.0,Individual,5,High Risk,Manual Review
136686806,20800.0, 60 months,25.34,E,E3,4 years,MORTGAGE,13000.0,Source Verified,debt_consolidation,CA,55.12,1.0,660.0,664.0,0.0,44.1,19.0,Joint App,6,High Risk,Manual Review
136649804,30000.0, 60 months,28.72,F,F1,10+ years,RENT,109200.0,Source Verified,debt_consolidation,CA,32.43,0.0,685.0,689.0,0.0,78.0,25.0,Individual,5,High Risk,Manual Review
136721866,40000.0, 60 months,25.34,E,E3,10+ years,OWN,20000.0,Not Verified,debt_consolidation,FL,47.0,0.0,705.0,709.0,0.0,37.1,28.0,Joint App,5,High Risk,Manual Review
135752841,20000.0, 60 months,25.81,E,E4,2 years,MORTGAGE,45000.0,Source Verified,debt_consolidation,WY,42.53,1.0,690.0,694.0,0.0,80.8,33.0,Joint App,7,High Risk,Manual Review
136569138,18000.0, 60 months,27.27,E,E5,10+ years,MORTGAGE,40000.0,Verified,debt_consolidation,MI,34.95,0.0,685.0,689.0,0.0,83.0,24.0,Individual,6,High Risk,Manual Review
136594211,30000.0, 60 months,28.72,F,F1,1 year,MORTGAGE,20000.0,Not Verified,debt_consolidation,NC,66.49,0.0,695.0,699.0,0.0,69.7,11.0,Joint App,5,High Risk,Manual Review
136552187,16000.0, 36 months,18.94,D,D2,8 years,MORTGAGE,65000.0,Source Verified,debt_consolidation,MN,50.54,2.0,675.0,679.0,1.0,82.0,39.0,Joint App,5,High Risk,Manual Review
136814215,14000.0, 36 months,26.31,E,E4,,RENT,3900.0,Not Verified,debt_consolidation,GA,654.77,2.0,675.0,679.0,0.0,54.9,32.0,Joint App,6,High Risk,Manual Review
136851551,20000.0, 36 months,16.14,C,C4,10+ years,MORTGAGE,85000.0,Not Verified,debt_consolidation,AL,36.76,1.0,705.0,709.0,0.0,85.0,17.0,Individual,5,High Risk,Manual Review
136600555,15000.0, 36 months,25.34,E,E3,10+ years,MORTGAGE,76960.0,Verified,debt_consolidation,MA,33.74,0.0,670.0,674.0,0.0,70.2,25.0,Individual,5,High Risk,Manual Review
136788496,24900.0, 36 months,24.37,E,E2,5 years,OWN,65000.0,Verified,debt_consolidation,CA,33.81,0.0,665.0,669.0,2.0,64.0,27.0,Individual,5,High Risk,Manual Review
136750335,11000.0, 36 months,24.37,E,E2,10+ years,MORTGAGE,30000.0,Not Verified,debt_consolidation,OH,34.76,1.0,680.0,684.0,0.0,87.3,13.0,Joint App,7,High Risk,Manual Review
136719016,1000.0, 36 months,24.37,E,E2,,RENT,72000.0,Source Verified,car,CA,13.67,1.0,660.0,664.0,0.0,96.0,9.0,Individual,5,High Risk,Manual Review
136519347,25000.0, 60 months,26.31,E,E4,10+ years,MORTGAGE,39000.0,Not Verified,debt_consolidation,AL,38.98,0.0,675.0,679.0,0.0,56.9,49.0,Joint App,5,High Risk,Manual Review
136632502,18000.0, 60 months,30.75,F,F5,10+ years,MORTGAGE,55000.0,Verified,debt_consolidation,WI,30.15,0.0,700.0,704.0,0.0,38.3,38.0,Individual,5,High Risk,Manual Review
136738605,10000.0, 36 months,26.31,E,E4,10+ years,RENT,70000.0,Source Verified,debt_consolidation,TX,27.88,1.0,675.0,679.0,1.0,82.9,32.0,Individual,5,High Risk,Manual Review
136574162,30000.0, 60 months,27.27,E,E5,2 years,MORTGAGE,111481.0,Verified,debt_consolidation,TX,35.23,0.0,690.0,694.0,0.0,72.1,31.0,Individual,5,High Risk,Manual Review
136416819,24000.0, 36 months,18.94,D,D2,10+ years,MORTGAGE,65000.0,Source Verified,debt_consolidation,TX,33.36,2.0,670.0,674.0,0.0,95.5,18.0,Joint App,5,High Risk,Manual Review
136785455,2500.0, 36 months,25.34,E,E3,8 years,RENT,65000.0,Source Verified,medical,OR,27.53,1.0,660.0,664.0,0.0,87.1,17.0,Individual,5,High Risk,Manual Review
136747510,20000.0, 36 months,25.34,E,E3,3 years,MORTGAGE,87000.0,Verified,credit_card,RI,38.81,0.0,690.0,694.0,1.0,95.8,33.0,Individual,6,High Risk,Manual Review
136813886,10000.0, 36 months,23.4,E,E1,2 years,MORTGAGE,78000.0,Not Verified,debt_consolidation,NC,35.82,0.0,665.0,669.0,1.0,68.8,54.0,Individual,5,High Risk,Manual Review
136743907,16000.0, 60 months,27.27,E,E5,10+ years,MORTGAGE,55000.0,Not Verified,debt_consolidation,TX,37.68,0.0,715.0,719.0,0.0,79.1,21.0,Individual,5,High Risk,Manual Review
136744254,9450.0, 36 months,27.27,E,E5,10+ years,RENT,98500.0,Source Verified,debt_consolidation,MA,31.08,0.0,745.0,749.0,1.0,16.2,25.0,Individual,5,High Risk,Manual Review
136722628,28000.0, 60 months,27.27,E,E5,10+ years,MORTGAGE,51085.0,Source Verified,debt_consolidation,MS,46.21,0.0,685.0,689.0,0.0,98.1,31.0,Joint App,6,High Risk,Manual Review
136411632,32900.0, 60 months,15.02,C,C3,1 year,MORTGAGE,30000.0,Source Verified,debt_consolidation,TX,89.48,2.0,685.0,689.0,1.0,86.4,30.0,Joint App,5,High Risk,Manual Review
136523002,20000.0, 60 months,30.79,G,G1,5 years,RENT,33000.0,Verified,debt_consolidation,CO,31.49,0.0,675.0,679.0,1.0,44.7,22.0,Individual,5,High Risk,Manual Review
136610808,19100.0, 60 months,28.72,F,F1,10+ years,MORTGAGE,120000.0,Source Verified,home_improvement,MA,34.67,0.0,735.0,739.0,1.0,42.6,36.0,Individual,5,High Risk,Manual Review
136718969,25000.0, 60 months,28.72,F,F1,7 years,MORTGAGE,52000.0,Verified,debt_consolidation,AZ,38.89,0.0,705.0,709.0,0.0,40.0,34.0,Individual,5,High Risk,Manual Review
136455804,20000.0, 60 months,27.27,E,E5,10+ years,MORTGAGE,72000.0,Verified,debt_consolidation,TX,39.59,1.0,690.0,694.0,1.0,42.9,22.0,Individual,6,High Risk,Manual Review
136589171,30000.0, 60 months,27.27,E,E5,10+ years,OWN,56000.0,Source Verified,major_purchase,NJ,39.11,1.0,665.0,669.0,0.0,63.8,33.0,Joint App,6,High Risk,Manual Review
136690646,20000.0, 36 months,24.37,E,E2,4 years,OWN,100000.0,Verified,debt_consolidation,GA,39.16,0.0,665.0,669.0,2.0,57.0,38.0,Individual,5,High Risk,Manual Review
136595508,9225.0, 36 months,26.31,E,E4,6 years,RENT,50000.0,Verified,debt_consolidation,IL,36.56,0.0,730.0,734.0,1.0,13.0,18.0,Individual,5,High Risk,Manual Review
135441179,30000.0, 60 months,25.81,E,E4,< 1 year,OWN,75000.0,Verified,debt_consolidation,MA,35.7,0.0,680.0,684.0,1.0,31.2,42.0,Individual,5,High Risk,Manual Review
136418667,3000.0, 36 months,25.34,E,E3,1 year,MORTGAGE,40000.0,Verified,credit_card,IN,39.63,0.0,675.0,679.0,0.0,86.3,29.0,Individual,6,High Risk,Manual Review
136620166,20000.0, 60 months,27.27,E,E5,10+ years,MORTGAGE,36000.0,Source Verified,debt_consolidation,FL,31.7,0.0,690.0,694.0,2.0,85.3,16.0,Joint App,6,High Risk,Manual Review
136634994,24600.0, 36 months,22.35,D,D5,4 years,MORTGAGE,35143.0,Verified,debt_consolidation,OK,67.35,1.0,675.0,679.0,0.0,94.8,28.0,Joint App,5,High Risk,Manual Review
136125061,12000.0, 60 months,28.72,F,F1,10+ years,MORTGAGE,86000.0,Source Verified,home_improvement,WI,33.14,0.0,715.0,719.0,1.0,46.0,69.0,Individual,5,High Risk,Manual Review
136601043,24000.0, 60 months,28.72,F,F1,10+ years,RENT,102000.0,Verified,other,NJ,31.01,0.0,660.0,664.0,0.0,59.4,21.0,Joint App,5,High Risk,Manual Review
135963300,5000.0, 36 months,25.81,E,E4,,OWN,37380.0,Verified,debt_consolidation,NY,33.26,0.0,715.0,719.0,0.0,39.7,13.0,Individual,5,High Risk,Manual Review
136593932,20575.0, 36 months,26.31,E,E4,2 years,MORTGAGE,160000.0,Source Verified,debt_consolidation,FL,30.23,0.0,705.0,709.0,0.0,99.4,34.0,Individual,6,High Risk,Manual Review
136637392,15000.0, 60 months,30.17,F,F3,4 years,RENT,29952.0,Not Verified,credit_card,TX,30.93,0.0,660.0,664.0,2.0,52.0,18.0,Individual,5,High Risk,Manual Review
136595952,10000.0, 60 months,29.69,F,F2,1 year,MORTGAGE,138000.0,Source Verified,small_business,MD,7.49,2.0,685.0,689.0,0.0,84.4,11.0,Individual,5,High Risk,Manual Review
136607083,12000.0, 60 months,24.37,E,E2,,OWN,42383.88,Verified,debt_consolidation,NY,31.69,0.0,695.0,699.0,0.0,79.7,16.0,Individual,5,High Risk,Manual Review
136682641,20000.0, 60 months,30.79,G,G1,10+ years,MORTGAGE,136000.0,Verified,debt_consolidation,FL,30.52,0.0,675.0,679.0,0.0,63.6,43.0,Individual,5,High Risk,Manual Review
136649824,8000.0, 36 months,23.4,E,E1,10+ years,RENT,100000.0,Source Verified,credit_card,AL,32.86,0.0,695.0,699.0,0.0,96.1,22.0,Individual,6,High Risk,Manual Review
136611352,40000.0, 60 months,30.17,F,F3,,RENT,13000.0,Not Verified,debt_consolidation,CA,35.36,0.0,695.0,699.0,0.0,87.2,7.0,Joint App,6,High Risk,Manual Review
136644650,14400.0, 60 months,24.37,E,E2,8 years,RENT,31000.0,Source Verified,debt_consolidation,CO,66.36,0.0,675.0,679.0,1.0,76.5,18.0,Joint App,5,High Risk,Manual Review
136646436,12000.0, 60 months,25.34,E,E3,10+ years,MORTGAGE,96500.0,Not Verified,debt_consolidation,OH,30.22,2.0,670.0,674.0,1.0,84.2,32.0,Individual,7,High Risk,Manual Review
136684412,16800.0, 60 months,19.92,D,D3,4 years,MORTGAGE,100000.0,Verified,credit_card,TX,35.01,1.0,680.0,684.0,0.0,86.1,40.0,Individual,5,High Risk,Manual Review
136610706,15000.0, 60 months,26.31,E,E4,10+ years,RENT,84900.0,Not Verified,debt_consolidation,FL,31.58,0.0,660.0,664.0,2.0,74.2,32.0,Individual,5,High Risk,Manual Review
136456163,16000.0, 36 months,18.94,D,D2,4 years,MORTGAGE,68000.0,Not Verified,debt_consolidation,AR,32.39,1.0,695.0,699.0,0.0,89.2,23.0,Joint App,5,High Risk,Manual Review
136192307,35000.0, 60 months,28.72,F,F1,< 1 year,MORTGAGE,32000.0,Source Verified,home_improvement,MT,35.07,0.0,660.0,664.0,1.0,30.7,30.0,Joint App,5,High Risk,Manual Review
136600051,20000.0, 60 months,26.31,E,E4,10+ years,MORTGAGE,60000.0,Verified,debt_consolidation,IN,18.42,1.0,670.0,674.0,1.0,84.7,8.0,Individual,5,High Risk,Manual Review
135798944,5000.0, 36 months,25.81,E,E4,< 1 year,RENT,24000.0,Verified,debt_consolidation,CO,35.8,0.0,670.0,674.0,0.0,84.0,18.0,Individual,6,High Risk,Manual Review
136594358,14600.0, 36 months,24.37,E,E2,10+ years,RENT,30000.0,Not Verified,credit_card,NY,38.56,0.0,775.0,779.0,2.0,23.3,35.0,Individual,5,High Risk,Manual Review
136635141,21100.0, 60 months,30.79,G,G1,3 years,MORTGAGE,70000.0,Source Verified,debt_consolidation,FL,35.11,0.0,675.0,679.0,1.0,56.5,22.0,Individual,5,High Risk,Manual Review
135541308,7400.0, 36 months,26.77,E,E5,10+ years,MORTGAGE,38700.0,Source Verified,home_improvement,NC,30.08,0.0,725.0,729.0,0.0,24.6,17.0,Individual,5,High Risk,Manual Review
136570346,6225.0, 36 months,27.27,E,E5,,MORTGAGE,56604.0,Verified,debt_consolidation,NM,38.46,1.0,665.0,669.0,1.0,41.7,31.0,Joint App,6,High Risk,Manual Review
136379026,35000.0, 60 months,30.17,F,F3,3 years,RENT,15000.0,Verified,debt_consolidation,NY,76.48,0.0,670.0,674.0,0.0,60.5,10.0,Joint App,5,High Risk,Manual Review
136422015,10000.0, 60 months,28.72,F,F1,4 years,RENT,26143.93,Verified,debt_consolidation,OK,46.65,0.0,710.0,714.0,1.0,58.5,19.0,Joint App,5,High Risk,Manual Review
135606118,8550.0, 36 months,24.84,E,E3,4 years,MORTGAGE,30000.0,Verified,debt_consolidation,IL,45.44,0.0,715.0,719.0,0.0,44.7,22.0,Joint App,5,High Risk,Manual Review
136625169,17000.0, 60 months,27.27,E,E5,10+ years,OWN,58000.0,Source Verified,debt_consolidation,LA,32.09,1.0,690.0,694.0,0.0,63.5,19.0,Individual,6,High Risk,Manual Review
136457010,30000.0, 60 months,27.27,E,E5,1 year,MORTGAGE,75000.0,Verified,debt_consolidation,MN,18.2,1.0,675.0,679.0,0.0,91.6,41.0,Joint App,5,High Risk,Manual Review
136578665,20000.0, 36 months,23.4,E,E1,4 years,RENT,58000.0,Source Verified,debt_consolidation,MD,32.34,0.0,705.0,709.0,0.0,50.4,22.0,Individual,5,High Risk,Manual Review
136575194,19800.0, 36 months,25.34,E,E3,2 years,RENT,85000.0,Source Verified,debt_consolidation,TX,38.28,2.0,705.0,709.0,1.0,27.8,39.0,Individual,6,High Risk,Manual Review
136580491,9900.0, 36 months,24.37,E,E2,< 1 year,RENT,50000.0,Not Verified,other,CA,34.88,0.0,665.0,669.0,0.0,79.2,12.0,Individual,5,High Risk,Manual Review
136511221,20000.0, 36 months,23.4,E,E1,,RENT,48000.0,Not Verified,debt_consolidation,IN,38.05,0.0,680.0,684.0,0.0,68.3,27.0,Individual,5,High Risk,Manual Review
136571159,13000.0, 36 months,30.75,F,F5,10+ years,OWN,77000.0,Verified,other,GA,30.17,1.0,670.0,674.0,1.0,84.0,56.0,Individual,7,High Risk,Manual Review
136547044,20000.0, 60 months,27.27,E,E5,,RENT,47000.0,Verified,debt_consolidation,NY,31.84,0.0,710.0,714.0,1.0,24.9,23.0,Individual,5,High Risk,Manual Review
136595021,28800.0, 36 months,23.4,E,E1,7 years,RENT,56000.0,Not Verified,credit_card,CA,39.54,0.0,695.0,699.0,0.0,100.7,6.0,Joint App,6,High Risk,Manual Review
136306822,25000.0, 36 months,27.27,E,E5,5 years,MORTGAGE,105000.0,Verified,debt_consolidation,LA,30.69,0.0,695.0,699.0,1.0,46.5,53.0,Individual,5,High Risk,Manual Review
136567051,20200.0, 60 months,27.27,E,E5,5 years,MORTGAGE,63000.0,Verified,credit_card,VT,37.54,0.0,695.0,699.0,0.0,50.8,49.0,Individual,5,High Risk,Manual Review
135448867,14625.0, 60 months,30.17,F,F3,10+ years,RENT,30000.0,Verified,debt_consolidation,CA,35.28,1.0,690.0,694.0,0.0,56.1,14.0,Individual,6,High Risk,Manual Review
136574879,32000.0, 36 months,24.37,E,E2,2 years,RENT,24000.0,Not Verified,other,CA,57.4,1.0,680.0,684.0,0.0,30.3,15.0,Joint App,6,High Risk,Manual Review
136563660,9825.0, 36 months,24.37,E,E2,10+ years,OWN,52000.0,Not Verified,credit_card,GA,39.79,0.0,700.0,704.0,0.0,91.6,21.0,Individual,6,High Risk,Manual Review
136552079,24000.0, 60 months,25.34,E,E3,6 years,RENT,60000.0,Source Verified,debt_consolidation,CA,20.02,1.0,675.0,679.0,0.0,81.8,6.0,Individual,5,High Risk,Manual Review
136569097,1500.0, 36 months,15.02,C,C3,,MORTGAGE,73000.0,Not Verified,home_improvement,SC,31.31,2.0,670.0,674.0,0.0,88.8,34.0,Individual,5,High Risk,Manual Review
136357840,10000.0, 60 months,28.72,F,F1,10+ years,MORTGAGE,39665.0,Not Verified,debt_consolidation,AZ,73.77,1.0,665.0,669.0,0.0,76.1,15.0,Joint App,6,High Risk,Manual Review
136247587,15100.0, 60 months,30.75,F,F5,1 year,RENT,50000.0,Verified,credit_card,NJ,32.14,1.0,690.0,694.0,0.0,48.1,16.0,Individual,6,High Risk,Manual Review
136500297,28000.0, 60 months,23.4,E,E1,10+ years,MORTGAGE,88800.0,Source Verified,major_purchase,PA,6.78,1.0,695.0,699.0,0.0,86.6,10.0,Individual,5,High Risk,Manual Review
135973539,12000.0, 36 months,22.9,E,E1,,MORTGAGE,27221.0,Verified,debt_consolidation,MI,40.48,0.0,665.0,669.0,0.0,76.4,15.0,Joint App,5,High Risk,Manual Review
136573170,7925.0, 36 months,23.4,E,E1,5 years,MORTGAGE,54200.0,Not Verified,credit_card,NY,51.51,0.0,720.0,724.0,1.0,25.7,27.0,Joint App,5,High Risk,Manual Review
136364226,14150.0, 60 months,27.27,E,E5,,OWN,12000.0,Verified,debt_consolidation,MO,98.3,0.0,670.0,674.0,2.0,58.0,13.0,Joint App,5,High Risk,Manual Review
135369451,25000.0, 60 months,28.72,F,F1,10+ years,MORTGAGE,137000.0,Verified,debt_consolidation,KY,34.92,0.0,705.0,709.0,0.0,90.7,33.0,Individual,6,High Risk,Manual Review
136550475,10000.0, 60 months,28.72,F,F1,10+ years,RENT,60000.0,Not Verified,credit_card,IL,35.68,0.0,670.0,674.0,0.0,78.1,31.0,Individual,5,High Risk,Manual Review
136484069,19125.0, 36 months,30.75,F,F5,,RENT,49512.0,Verified,credit_card,OR,34.68,0.0,690.0,694.0,0.0,84.0,47.0,Joint App,6,High Risk,Manual Review
135773343,21100.0, 60 months,24.84,E,E3,3 years,MORTGAGE,110000.0,Source Verified,credit_card,TX,58.05,0.0,705.0,709.0,1.0,62.6,57.0,Joint App,5,High Risk,Manual Review
136547706,25000.0, 60 months,25.34,E,E3,10+ years,MORTGAGE,115000.0,Not Verified,debt_consolidation,NH,38.03,0.0,680.0,684.0,0.0,65.7,40.0,Individual,5,High Risk,Manual Review
136552478,11000.0, 36 months,23.4,E,E1,10+ years,RENT,40000.0,Source Verified,debt_consolidation,VA,32.85,2.0,660.0,664.0,0.0,36.5,24.0,Individual,6,High Risk,Manual Review
136358028,10000.0, 36 months,24.37,E,E2,2 years,RENT,32000.0,Verified,debt_consolidation,MD,35.11,0.0,695.0,699.0,0.0,49.5,19.0,Individual,5,High Risk,Manual Review
136533226,7400.0, 36 months,27.27,E,E5,2 years,OWN,51000.0,Verified,credit_card,IL,30.85,0.0,695.0,699.0,1.0,10.9,18.0,Individual,5,High Risk,Manual Review
136455650,20000.0, 60 months,26.31,E,E4,5 years,MORTGAGE,60000.0,Verified,credit_card,MN,30.16,1.0,675.0,679.0,3.0,68.4,12.0,Individual,6,High Risk,Manual Review
134753915,20000.0, 36 months,23.4,E,E1,10+ years,OWN,85000.0,Verified,credit_card,VT,35.93,1.0,660.0,664.0,0.0,74.4,44.0,Joint App,6,High Risk,Manual Review
136544424,20000.0, 60 months,26.31,E,E4,10+ years,MORTGAGE,55150.4,Verified,debt_consolidation,CO,38.45,0.0,665.0,669.0,0.0,62.6,23.0,Individual,5,High Risk,Manual Review
135993513,20000.0, 60 months,24.84,E,E3,5 years,OWN,40000.0,Source Verified,debt_consolidation,NY,32.97,0.0,685.0,689.0,0.0,32.0,16.0,Joint App,5,High Risk,Manual Review
136344940,2500.0, 36 months,26.31,E,E4,4 years,MORTGAGE,70000.0,Source Verified,other,NV,5.09,5.0,660.0,664.0,0.0,89.8,12.0,Joint App,5,High Risk,Manual Review
134776036,8775.0, 36 months,25.81,E,E4,10+ years,RENT,58000.0,Not Verified,credit_card,CA,36.79,0.0,750.0,754.0,0.0,21.6,24.0,Individual,5,High Risk,Manual Review
136434322,15000.0, 36 months,23.4,E,E1,5 years,MORTGAGE,152000.0,Verified,debt_consolidation,TX,11.95,1.0,665.0,669.0,1.0,88.6,20.0,Individual,5,High Risk,Manual Review
135904191,5475.0, 36 months,25.81,E,E4,3 years,MORTGAGE,4535.0,Source Verified,credit_card,NH,293.9,0.0,705.0,709.0,0.0,89.8,21.0,Joint App,6,High Risk,Manual Review
134728916,6000.0, 36 months,16.14,C,C4,2 years,MORTGAGE,43000.0,Verified,home_improvement,PA,55.07,2.0,695.0,699.0,1.0,80.7,44.0,Joint App,5,High Risk,Manual Review
136495379,5500.0, 36 months,27.27,E,E5,3 years,MORTGAGE,90000.0,Source Verified,debt_consolidation,NC,33.81,0.0,705.0,709.0,1.0,6.8,48.0,Individual,5,High Risk,Manual Review
136443287,25000.0, 36 months,27.27,E,E5,< 1 year,MORTGAGE,100000.0,Source Verified,debt_consolidation,MO,12.44,1.0,670.0,674.0,1.0,86.1,16.0,Individual,5,High Risk,Manual Review
136479764,16000.0, 60 months,26.31,E,E4,10+ years,MORTGAGE,119880.0,Source Verified,debt_consolidation,SC,30.86,0.0,755.0,759.0,1.0,17.7,40.0,Individual,5,High Risk,Manual Review
135964836,19675.0, 60 months,30.17,F,F3,10+ years,MORTGAGE,90000.0,Verified,debt_consolidation,FL,34.19,0.0,660.0,664.0,0.0,85.3,27.0,Individual,6,High Risk,Manual Review
136379029,25000.0, 60 months,28.72,F,F1,10+ years,MORTGAGE,90000.0,Verified,debt_consolidation,NY,38.85,0.0,695.0,699.0,1.0,27.3,35.0,Joint App,5,High Risk,Manual Review
136504570,10000.0, 60 months,26.31,E,E4,,MORTGAGE,54618.96,Not Verified,debt_consolidation,KY,33.11,1.0,690.0,694.0,0.0,45.6,32.0,Individual,6,High Risk,Manual Review
136392473,7700.0, 36 months,30.65,F,F4,9 years,RENT,50000.0,Not Verified,other,CA,31.6,0.0,700.0,704.0,2.0,47.8,27.0,Individual,5,High Risk,Manual Review
136494476,18000.0, 36 months,25.34,E,E3,5 years,RENT,39000.0,Source Verified,debt_consolidation,VA,32.77,0.0,710.0,714.0,0.0,95.1,20.0,Individual,6,High Risk,Manual Review
136445894,28775.0, 60 months,23.4,E,E1,5 years,MORTGAGE,38000.0,Not Verified,debt_consolidation,OK,38.69,0.0,705.0,709.0,0.0,47.7,17.0,Joint App,5,High Risk,Manual Review
136499869,30900.0, 36 months,25.34,E,E3,10+ years,MORTGAGE,162000.0,Source Verified,debt_consolidation,CA,31.23,0.0,685.0,689.0,0.0,75.7,30.0,Joint App,5,High Risk,Manual Review
136401804,18000.0, 60 months,30.65,F,F4,< 1 year,RENT,32500.0,Verified,debt_consolidation,FL,38.33,0.0,700.0,704.0,0.0,45.4,9.0,Joint App,5,High Risk,Manual Review
136473049,35000.0, 60 months,30.79,G,G1,10+ years,MORTGAGE,72000.0,Verified,debt_consolidation,OK,37.63,0.0,685.0,689.0,0.0,73.3,43.0,Joint App,5,High Risk,Manual Review
135908690,10700.0, 36 months,30.75,F,F5,10+ years,MORTGAGE,32000.0,Source Verified,debt_consolidation,ME,30.2,0.0,685.0,689.0,0.0,60.9,10.0,Individual,5,High Risk,Manual Review
135726230,3500.0, 36 months,16.46,C,C5,10+ years,MORTGAGE,52800.0,Verified,home_improvement,AZ,34.95,2.0,665.0,669.0,0.0,87.3,18.0,Individual,5,High Risk,Manual Review
135686573,25000.0, 60 months,30.79,G,G1,10+ years,RENT,49000.0,Source Verified,debt_consolidation,WA,35.37,1.0,675.0,679.0,0.0,74.3,31.0,Individual,6,High Risk,Manual Review
136338897,3000.0, 36 months,29.69,F,F2,2 years,RENT,44000.0,Source Verified,debt_consolidation,TX,31.45,1.0,685.0,689.0,0.0,50.4,24.0,Joint App,6,High Risk,Manual Review
136477998,16000.0, 60 months,30.75,F,F5,3 years,MORTGAGE,38000.0,Source Verified,credit_card,NY,33.45,0.0,700.0,704.0,0.0,37.7,48.0,Individual,5,High Risk,Manual Review
135474466,12000.0, 60 months,30.84,G,G2,,MORTGAGE,22654.0,Verified,credit_card,MS,91.36,0.0,670.0,674.0,0.0,48.1,27.0,Joint App,5,High Risk,Manual Review
135943711,24000.0, 60 months,26.77,E,E5,8 years,MORTGAGE,39500.0,Source Verified,debt_consolidation,TX,35.92,0.0,700.0,704.0,0.0,51.3,16.0,Joint App,5,High Risk,Manual Review
136444383,15000.0, 36 months,24.37,E,E2,4 years,RENT,65000.0,Verified,debt_consolidation,FL,37.33,0.0,700.0,704.0,0.0,56.4,29.0,Individual,5,High Risk,Manual Review
136397978,25500.0, 60 months,27.27,E,E5,7 years,RENT,42000.0,Not Verified,debt_consolidation,TX,39.76,0.0,665.0,669.0,0.0,42.6,21.0,Joint App,5,High Risk,Manual Review
136205063,35000.0, 60 months,29.69,F,F2,10+ years,MORTGAGE,91637.0,Source Verified,debt_consolidation,OH,23.01,1.0,675.0,679.0,2.0,89.0,34.0,Individual,5,High Risk,Manual Review
136204486,10000.0, 60 months,27.27,E,E5,5 years,MORTGAGE,62000.0,Verified,debt_consolidation,MS,34.28,1.0,665.0,669.0,0.0,49.9,20.0,Individual,6,High Risk,Manual Review
136361078,5000.0, 36 months,23.4,E,E1,< 1 year,MORTGAGE,40000.0,Verified,debt_consolidation,FL,33.57,0.0,685.0,689.0,1.0,83.0,18.0,Individual,6,High Risk,Manual Review
135026987,29000.0, 60 months,26.31,E,E4,7 years,MORTGAGE,60000.0,Not Verified,debt_consolidation,TX,31.14,0.0,690.0,694.0,2.0,97.2,19.0,Joint App,6,High Risk,Manual Review
136417469,15000.0, 36 months,26.31,E,E4,10+ years,RENT,71000.0,Source Verified,debt_consolidation,CA,34.65,0.0,660.0,664.0,0.0,85.4,52.0,Individual,6,High Risk,Manual Review
136350588,33600.0, 60 months,30.65,F,F4,2 years,RENT,56000.0,Verified,debt_consolidation,CA,62.6,0.0,665.0,669.0,2.0,66.2,47.0,Joint App,5,High Risk,Manual Review
136308850,19200.0, 60 months,30.65,F,F4,3 years,MORTGAGE,80000.0,Verified,debt_consolidation,SC,40.16,0.0,670.0,674.0,0.0,56.3,39.0,Joint App,5,High Risk,Manual Review
136200658,17500.0, 36 months,25.34,E,E3,< 1 year,MORTGAGE,35360.0,Verified,credit_card,OH,34.89,0.0,685.0,689.0,0.0,56.7,17.0,Individual,5,High Risk,Manual Review
136467469,25000.0, 60 months,25.34,E,E3,4 years,MORTGAGE,100000.0,Not Verified,debt_consolidation,TN,35.12,1.0,660.0,664.0,0.0,31.8,37.0,Joint App,6,High Risk,Manual Review
136484610,10000.0, 60 months,26.31,E,E4,< 1 year,RENT,45000.0,Source Verified,debt_consolidation,FL,16.16,1.0,690.0,694.0,0.0,87.7,10.0,Individual,5,High Risk,Manual Review
136484377,13600.0, 60 months,29.69,F,F2,,MORTGAGE,111432.0,Source Verified,debt_consolidation,PA,22.0,1.0,660.0,664.0,0.0,105.0,55.0,Individual,5,High Risk,Manual Review
136399715,20000.0, 60 months,27.27,E,E5,7 years,RENT,68000.0,Verified,debt_consolidation,OH,35.02,0.0,695.0,699.0,3.0,96.1,23.0,Joint App,6,High Risk,Manual Review
136481208,12000.0, 60 months,27.27,E,E5,5 years,RENT,35000.0,Source Verified,debt_consolidation,CO,32.24,0.0,660.0,664.0,0.0,67.1,11.0,Individual,5,High Risk,Manual Review
136366820,21000.0, 60 months,27.27,E,E5,10+ years,RENT,98000.0,Verified,credit_card,CA,30.15,0.0,690.0,694.0,1.0,42.2,36.0,Individual,5,High Risk,Manual Review
136473509,8500.0, 36 months,15.02,C,C3,7 years,MORTGAGE,60600.0,Verified,credit_card,NC,30.22,1.0,690.0,694.0,0.0,90.8,36.0,Individual,5,High Risk,Manual Review
135350433,21000.0, 60 months,19.42,D,D3,10+ years,MORTGAGE,49200.0,Source Verified,home_improvement,NY,31.49,1.0,665.0,669.0,0.0,85.8,25.0,Individual,5,High Risk,Manual Review
136469165,16000.0, 36 months,24.37,E,E2,6 years,MORTGAGE,46500.0,Source Verified,credit_card,OK,21.14,1.0,665.0,669.0,0.0,90.1,17.0,Individual,5,High Risk,Manual Review
135993716,18000.0, 60 months,25.81,E,E4,,RENT,16000.0,Verified,debt_consolidation,WA,50.04,0.0,665.0,669.0,0.0,56.5,16.0,Joint App,5,High Risk,Manual Review
136449534,20000.0, 36 months,24.37,E,E2,2 years,RENT,80000.0,Verified,debt_consolidation,CA,38.28,0.0,705.0,709.0,0.0,72.2,25.0,Individual,5,High Risk,Manual Review
136066349,28000.0, 60 months,24.84,E,E3,6 years,OWN,124850.0,Verified,credit_card,TX,32.69,0.0,690.0,694.0,0.0,69.0,28.0,Individual,5,High Risk,Manual Review
135081896,14675.0, 60 months,30.79,G,G1,10+ years,MORTGAGE,57000.0,Not Verified,debt_consolidation,RI,32.69,0.0,710.0,714.0,2.0,44.6,22.0,Individual,5,High Risk,Manual Review
135784001,26400.0, 60 months,25.81,E,E4,9 years,RENT,43000.0,Verified,debt_consolidation,HI,32.77,0.0,685.0,689.0,1.0,60.8,12.0,Individual,5,High Risk,Manual Review
136240197,35775.0, 60 months,29.69,F,F2,10+ years,RENT,50000.0,Not Verified,other,CA,46.62,0.0,740.0,744.0,0.0,21.4,29.0,Joint App,5,High Risk,Manual Review
136245301,28000.0, 60 months,26.31,E,E4,8 years,MORTGAGE,152000.0,Source Verified,small_business,NM,30.13,0.0,680.0,684.0,0.0,53.0,22.0,Individual,5,High Risk,Manual Review
136328948,20000.0, 60 months,29.69,F,F2,3 years,MORTGAGE,25235.0,Verified,major_purchase,NY,63.99,1.0,680.0,684.0,0.0,12.5,34.0,Joint App,6,High Risk,Manual Review
136442511,28000.0, 60 months,27.27,E,E5,7 years,MORTGAGE,70000.0,Verified,debt_consolidation,MA,18.88,3.0,660.0,664.0,1.0,81.3,20.0,Individual,5,High Risk,Manual Review
135193667,16950.0, 60 months,25.81,E,E4,3 years,RENT,52000.0,Source Verified,debt_consolidation,MD,38.47,0.0,705.0,709.0,1.0,52.7,33.0,Individual,5,High Risk,Manual Review
136071912,2000.0, 36 months,23.4,E,E1,3 years,MORTGAGE,50960.0,Verified,medical,CO,35.77,0.0,660.0,664.0,3.0,64.8,36.0,Joint App,5,High Risk,Manual Review
136390408,25000.0, 36 months,24.37,E,E2,5 years,MORTGAGE,95000.0,Verified,credit_card,NJ,30.79,0.0,685.0,689.0,0.0,82.9,27.0,Individual,6,High Risk,Manual Review
136259475,9000.0, 36 months,27.27,E,E5,10+ years,MORTGAGE,60000.0,Verified,other,CO,15.88,1.0,665.0,669.0,0.0,95.7,12.0,Individual,5,High Risk,Manual Review
136307551,25000.0, 60 months,26.31,E,E4,3 years,MORTGAGE,58500.0,Verified,small_business,FL,45.25,1.0,705.0,709.0,1.0,51.1,38.0,Joint App,6,High Risk,Manual Review
136336898,32200.0, 36 months,25.34,E,E3,2 years,RENT,40980.0,Not Verified,debt_consolidation,CA,38.92,0.0,690.0,694.0,0.0,72.9,11.0,Joint App,5,High Risk,Manual Review
136131597,17525.0, 60 months,30.65,F,F4,3 years,RENT,65000.0,Source Verified,debt_consolidation,CA,33.09,0.0,690.0,694.0,1.0,45.5,40.0,Individual,5,High Risk,Manual Review
136214385,20000.0, 60 months,27.27,E,E5,3 years,MORTGAGE,100000.0,Not Verified,home_improvement,OH,67.84,0.0,680.0,684.0,0.0,97.3,32.0,Joint App,6,High Risk,Manual Review
136367145,25000.0, 60 months,27.27,E,E5,2 years,MORTGAGE,49000.0,Verified,debt_consolidation,WI,31.64,1.0,690.0,694.0,0.0,38.3,23.0,Individual,6,High Risk,Manual Review
136398141,16800.0, 60 months,30.79,G,G1,9 years,MORTGAGE,44000.0,Verified,debt_consolidation,WA,54.88,0.0,665.0,669.0,0.0,86.5,26.0,Joint App,6,High Risk,Manual Review
136416871,20000.0, 60 months,27.27,E,E5,10+ years,MORTGAGE,40500.0,Not Verified,debt_consolidation,IL,31.2,0.0,670.0,674.0,0.0,61.2,27.0,Individual,5,High Risk,Manual Review
135153013,2400.0, 36 months,24.84,E,E3,7 years,OWN,68000.0,Not Verified,credit_card,FL,25.91,2.0,665.0,669.0,1.0,88.5,32.0,Individual,5,High Risk,Manual Review
136363120,3000.0, 36 months,23.4,E,E1,< 1 year,OWN,25000.0,Verified,debt_consolidation,CA,33.75,0.0,705.0,709.0,0.0,33.8,7.0,Individual,5,High Risk,Manual Review
136323699,20000.0, 60 months,29.69,F,F2,10+ years,OWN,94000.0,Verified,debt_consolidation,CA,35.52,0.0,670.0,674.0,0.0,60.9,16.0,Individual,5,High Risk,Manual Review
136310460,7225.0, 36 months,27.27,E,E5,10+ years,MORTGAGE,126062.0,Source Verified,debt_consolidation,MD,37.08,0.0,725.0,729.0,0.0,73.1,25.0,Individual,5,High Risk,Manual Review
136246169,8000.0, 36 months,30.75,F,F5,10+ years,OWN,68000.0,Verified,medical,NV,33.94,0.0,725.0,729.0,1.0,27.8,30.0,Individual,5,High Risk,Manual Review
136245328,32675.0, 60 months,27.27,E,E5,6 years,MORTGAGE,76000.0,Verified,debt_consolidation,VA,30.66,0.0,680.0,684.0,0.0,63.0,32.0,Joint App,5,High Risk,Manual Review
136311189,32300.0, 36 months,22.35,D,D5,1 year,OWN,76000.0,Verified,credit_card,NY,41.12,1.0,695.0,699.0,1.0,84.8,15.0,Joint App,5,High Risk,Manual Review
136179382,20000.0, 60 months,27.27,E,E5,1 year,RENT,17500.0,Source Verified,renewable_energy,NY,60.01,0.0,705.0,709.0,0.0,68.1,8.0,Joint App,5,High Risk,Manual Review
136352979,28000.0, 60 months,27.27,E,E5,5 years,MORTGAGE,170000.0,Not Verified,debt_consolidation,TN,32.57,0.0,675.0,679.0,1.0,67.0,87.0,Individual,5,High Risk,Manual Review
136348504,21000.0, 60 months,26.31,E,E4,5 years,MORTGAGE,50000.0,Verified,debt_consolidation,PA,38.14,0.0,675.0,679.0,2.0,3.1,38.0,Individual,5,High Risk,Manual Review
136170599,15000.0, 60 months,30.75,F,F5,10+ years,MORTGAGE,65000.0,Verified,major_purchase,PA,45.79,0.0,710.0,714.0,0.0,75.2,26.0,Joint App,5,High Risk,Manual Review
136323455,16000.0, 60 months,26.31,E,E4,1 year,RENT,110000.0,Verified,moving,OH,69.66,0.0,725.0,729.0,1.0,65.8,44.0,Joint App,5,High Risk,Manual Review
135963196,12000.0, 36 months,22.9,E,E1,,MORTGAGE,34000.0,Source Verified,credit_card,WI,50.16,0.0,665.0,669.0,0.0,55.3,33.0,Joint App,5,High Risk,Manual Review
136245411,30000.0, 60 months,29.69,F,F2,10+ years,MORTGAGE,71000.0,Verified,debt_consolidation,VT,59.25,0.0,665.0,669.0,2.0,91.1,47.0,Joint App,6,High Risk,Manual Review
135799326,12025.0, 36 months,22.9,E,E1,9 years,MORTGAGE,40000.0,Source Verified,house,IL,35.33,0.0,705.0,709.0,0.0,30.3,18.0,Individual,5,High Risk,Manual Review
136266183,16000.0, 60 months,16.91,C,C5,2 years,MORTGAGE,65000.0,Source Verified,credit_card,LA,31.81,3.0,685.0,689.0,0.0,83.4,22.0,Individual,5,High Risk,Manual Review
135964705,9275.0, 36 months,25.34,E,E3,,MORTGAGE,33924.0,Verified,debt_consolidation,WA,34.35,2.0,660.0,664.0,0.0,92.0,19.0,Individual,7,High Risk,Manual Review
136323075,12000.0, 60 months,30.65,F,F4,10+ years,MORTGAGE,79000.0,Not Verified,debt_consolidation,IL,31.02,1.0,710.0,714.0,1.0,39.4,18.0,Individual,6,High Risk,Manual Review
136327813,1000.0, 36 months,16.91,C,C5,10+ years,MORTGAGE,77300.0,Source Verified,vacation,WA,33.92,1.0,685.0,689.0,0.0,88.0,35.0,Individual,5,High Risk,Manual Review
136042354,12500.0, 60 months,28.72,F,F1,10+ years,RENT,31138.0,Verified,other,NY,57.32,0.0,695.0,699.0,0.0,85.3,25.0,Joint App,6,High Risk,Manual Review
135975467,17200.0, 36 months,23.87,E,E2,2 years,RENT,35000.0,Verified,debt_consolidation,HI,56.04,2.0,660.0,664.0,1.0,33.8,11.0,Joint App,6,High Risk,Manual Review
136247498,33950.0, 60 months,27.27,E,E5,5 years,MORTGAGE,51788.0,Source Verified,credit_card,CA,30.3,0.0,670.0,674.0,1.0,40.1,55.0,Joint App,5,High Risk,Manual Review
135704838,22000.0, 60 months,28.72,F,F1,10+ years,MORTGAGE,32800.0,Source Verified,debt_consolidation,IL,34.25,0.0,670.0,674.0,0.0,68.3,17.0,Joint App,5,High Risk,Manual Review
136245828,6200.0, 36 months,27.27,E,E5,2 years,MORTGAGE,32000.0,Verified,debt_consolidation,WI,34.7,0.0,725.0,729.0,1.0,36.3,21.0,Individual,5,High Risk,Manual Review
136248098,14500.0, 36 months,23.4,E,E1,,MORTGAGE,8580.0,Verified,debt_consolidation,IL,136.78,0.0,680.0,684.0,1.0,99.8,27.0,Joint App,6,High Risk,Manual Review
136240115,20000.0, 60 months,28.72,F,F1,4 years,MORTGAGE,48000.0,Source Verified,debt_consolidation,PA,32.85,0.0,670.0,674.0,0.0,45.2,26.0,Joint App,5,High Risk,Manual Review
136254053,13800.0, 60 months,28.72,F,F1,3 years,RENT,58000.0,Not Verified,debt_consolidation,TX,30.13,0.0,670.0,674.0,0.0,53.4,23.0,Individual,5,High Risk,Manual Review
136215569,10000.0, 60 months,25.34,E,E3,< 1 year,RENT,32947.2,Not Verified,credit_card,TX,43.83,0.0,670.0,674.0,3.0,53.7,14.0,Joint App,5,High Risk,Manual Review
136316155,3600.0, 36 months,23.4,E,E1,2 years,RENT,27000.0,Not Verified,moving,PA,31.78,3.0,660.0,664.0,0.0,70.4,22.0,Joint App,6,High Risk,Manual Review
135915370,10800.0, 60 months,30.65,F,F4,5 years,OWN,47700.0,Verified,major_purchase,OH,33.16,0.0,695.0,699.0,2.0,45.6,34.0,Individual,5,High Risk,Manual Review
134062891,25000.0, 36 months,25.81,E,E4,3 years,RENT,100000.0,Not Verified,debt_consolidation,FL,30.66,1.0,665.0,669.0,1.0,43.0,34.0,Individual,6,High Risk,Manual Review
136242880,10000.0, 36 months,23.4,E,E1,< 1 year,MORTGAGE,145000.0,Not Verified,home_improvement,MI,8.57,2.0,665.0,669.0,0.0,82.4,16.0,Individual,5,High Risk,Manual Review
136152687,30000.0, 60 months,27.27,E,E5,10+ years,MORTGAGE,82000.0,Verified,debt_consolidation,TN,35.42,0.0,690.0,694.0,0.0,82.5,43.0,Individual,6,High Risk,Manual Review
136079881,12000.0, 36 months,25.34,E,E3,,OWN,115224.0,Not Verified,other,CA,3.26,1.0,665.0,669.0,0.0,84.0,15.0,Individual,5,High Risk,Manual Review
136244074,12000.0, 60 months,27.27,E,E5,10+ years,OWN,35000.0,Source Verified,debt_consolidation,NV,31.79,0.0,685.0,689.0,0.0,76.5,14.0,Individual,5,High Risk,Manual Review
135906004,4950.0, 36 months,25.81,E,E4,6 years,RENT,33700.0,Verified,debt_consolidation,VA,37.86,0.0,660.0,664.0,1.0,71.7,12.0,Joint App,5,High Risk,Manual Review
136295846,40000.0, 60 months,25.34,E,E3,4 years,RENT,85000.0,Verified,other,FL,57.8,0.0,770.0,774.0,0.0,24.2,17.0,Joint App,5,High Risk,Manual Review
136017925,9000.0, 36 months,29.69,F,F2,10+ years,RENT,32000.0,Verified,credit_card,PA,39.68,0.0,685.0,689.0,0.0,44.9,19.0,Individual,5,High Risk,Manual Review
135450107,15000.0, 60 months,23.87,E,E2,4 years,MORTGAGE,24000.0,Verified,debt_consolidation,SC,63.15,0.0,670.0,674.0,0.0,52.9,28.0,Joint App,5,High Risk,Manual Review
135747708,35000.0, 60 months,25.81,E,E4,< 1 year,MORTGAGE,72000.0,Source Verified,debt_consolidation,CA,34.88,0.0,710.0,714.0,0.0,83.6,25.0,Joint App,6,High Risk,Manual Review
135976675,14200.0, 60 months,30.75,F,F5,10+ years,MORTGAGE,52000.0,Verified,credit_card,GA,36.16,0.0,675.0,679.0,1.0,51.6,22.0,Joint App,5,High Risk,Manual Review
135600774,25000.0, 36 months,23.87,E,E2,9 years,OWN,82000.0,Source Verified,credit_card,MA,31.08,0.0,700.0,704.0,2.0,52.6,33.0,Individual,5,High Risk,Manual Review
136161897,15000.0, 36 months,24.37,E,E2,3 years,MORTGAGE,32000.0,Source Verified,debt_consolidation,FL,30.08,0.0,685.0,689.0,0.0,61.9,11.0,Individual,5,High Risk,Manual Review
136134886,15000.0, 60 months,28.72,F,F1,10+ years,MORTGAGE,61335.0,Source Verified,debt_consolidation,ND,33.79,0.0,685.0,689.0,0.0,75.3,39.0,Individual,5,High Risk,Manual Review
136017961,30000.0, 60 months,26.77,E,E5,6 years,MORTGAGE,188000.0,Verified,debt_consolidation,CO,31.84,0.0,675.0,679.0,1.0,72.1,44.0,Individual,5,High Risk,Manual Review
135579562,24000.0, 60 months,25.81,E,E4,4 years,MORTGAGE,16000.0,Verified,debt_consolidation,UT,43.81,0.0,700.0,704.0,1.0,58.4,21.0,Joint App,5,High Risk,Manual Review
136174035,16000.0, 60 months,28.72,F,F1,10+ years,RENT,103000.0,Source Verified,debt_consolidation,IL,30.13,0.0,675.0,679.0,0.0,1.2,19.0,Individual,5,High Risk,Manual Review
135865938,16800.0, 60 months,24.37,E,E2,6 years,RENT,59556.0,Source Verified,credit_card,CA,39.41,0.0,670.0,674.0,0.0,86.2,17.0,Individual,6,High Risk,Manual Review
136270439,12600.0, 60 months,28.72,F,F1,4 years,MORTGAGE,73000.0,Not Verified,debt_consolidation,NY,30.74,1.0,680.0,684.0,0.0,75.2,44.0,Individual,6,High Risk,Manual Review
136166728,20000.0, 36 months,27.27,E,E5,7 years,RENT,80000.0,Not Verified,credit_card,CA,36.0,0.0,710.0,714.0,2.0,29.7,27.0,Individual,5,High Risk,Manual Review
136252584,10400.0, 60 months,24.37,E,E2,4 years,RENT,36000.0,Source Verified,debt_consolidation,TX,35.43,0.0,670.0,674.0,0.0,64.7,44.0,Individual,5,High Risk,Manual Review
136035193,16275.0, 36 months,26.77,E,E5,9 years,MORTGAGE,47000.0,Not Verified,other,GA,34.86,0.0,710.0,714.0,0.0,49.5,23.0,Individual,5,High Risk,Manual Review
136220608,18000.0, 60 months,30.65,F,F4,10+ years,RENT,55000.0,Verified,credit_card,IN,36.46,0.0,665.0,669.0,0.0,56.7,20.0,Individual,5,High Risk,Manual Review
136019069,22000.0, 60 months,30.75,F,F5,4 years,MORTGAGE,42000.0,Not Verified,debt_consolidation,NJ,35.83,0.0,700.0,704.0,0.0,45.4,18.0,Joint App,5,High Risk,Manual Review
135206803,13050.0, 60 months,30.79,G,G1,8 years,MORTGAGE,80000.0,Not Verified,debt_consolidation,TX,50.29,0.0,680.0,684.0,0.0,26.6,37.0,Joint App,5,High Risk,Manual Review
136204353,16000.0, 60 months,27.27,E,E5,10+ years,MORTGAGE,31000.0,Not Verified,debt_consolidation,PA,39.69,2.0,660.0,664.0,1.0,17.1,32.0,Individual,6,High Risk,Manual Review
135353207,40000.0, 60 months,30.79,G,G1,9 years,MORTGAGE,100000.0,Source Verified,debt_consolidation,OR,33.27,0.0,705.0,709.0,0.0,83.9,21.0,Joint App,6,High Risk,Manual Review
136061541,12000.0, 36 months,22.9,E,E1,10+ years,RENT,86000.0,Verified,other,PA,52.36,1.0,670.0,674.0,0.0,72.4,35.0,Joint App,6,High Risk,Manual Review
136119050,16200.0, 36 months,27.27,E,E5,,RENT,9396.0,Verified,credit_card,MT,74.58,1.0,660.0,664.0,0.0,62.8,29.0,Joint App,6,High Risk,Manual Review
136219502,8000.0, 36 months,23.4,E,E1,10+ years,MORTGAGE,52000.0,Not Verified,debt_consolidation,NV,28.62,1.0,660.0,664.0,0.0,89.1,17.0,Joint App,5,High Risk,Manual Review
135952156,10000.0, 60 months,25.81,E,E4,,RENT,30000.0,Source Verified,debt_consolidation,CA,31.36,0.0,695.0,699.0,0.0,75.4,10.0,Joint App,5,High Risk,Manual Review
135924338,10000.0, 36 months,25.81,E,E4,3 years,RENT,29000.0,Source Verified,other,NY,31.08,0.0,670.0,674.0,0.0,1.0,12.0,Joint App,5,High Risk,Manual Review
135902024,35000.0, 60 months,30.17,F,F3,,MORTGAGE,28900.0,Verified,debt_consolidation,NY,53.38,0.0,665.0,669.0,0.0,53.4,36.0,Joint App,5,High Risk,Manual Review
136196469,2400.0, 36 months,23.4,E,E1,4 years,OWN,41000.0,Source Verified,debt_consolidation,FL,33.14,2.0,675.0,679.0,0.0,20.2,29.0,Individual,6,High Risk,Manual Review
134858752,6000.0, 36 months,22.9,E,E1,10+ years,RENT,85000.0,Verified,debt_consolidation,OH,32.71,0.0,685.0,689.0,0.0,70.1,35.0,Individual,5,High Risk,Manual Review
134865672,5000.0, 36 months,23.87,E,E2,10+ years,RENT,147000.0,Verified,other,WA,16.07,1.0,685.0,689.0,0.0,99.8,22.0,Individual,5,High Risk,Manual Review
136141948,14000.0, 60 months,30.65,F,F4,10+ years,MORTGAGE,61000.0,Verified,debt_consolidation,IL,35.51,1.0,670.0,674.0,0.0,51.0,22.0,Joint App,6,High Risk,Manual Review
135646473,30000.0, 36 months,20.39,D,D4,10+ years,MORTGAGE,130000.0,Verified,credit_card,TX,31.37,3.0,665.0,669.0,2.0,83.7,38.0,Individual,5,High Risk,Manual Review
136176580,25000.0, 60 months,30.65,F,F4,10+ years,OWN,71545.0,Not Verified,credit_card,CA,32.05,0.0,705.0,709.0,0.0,37.9,45.0,Individual,5,High Risk,Manual Review
136144795,35000.0, 36 months,23.4,E,E1,2 years,MORTGAGE,60000.0,Verified,credit_card,OH,45.42,0.0,715.0,719.0,2.0,78.9,34.0,Joint App,5,High Risk,Manual Review
135995368,15000.0, 60 months,22.9,E,E1,8 years,RENT,32000.0,Verified,credit_card,WA,33.35,0.0,685.0,689.0,0.0,36.3,27.0,Individual,5,High Risk,Manual Review
136142994,25000.0, 36 months,23.4,E,E1,10+ years,MORTGAGE,120000.0,Verified,debt_consolidation,FL,36.54,0.0,690.0,694.0,0.0,79.0,26.0,Individual,5,High Risk,Manual Review
136179679,24000.0, 60 months,28.72,F,F1,6 years,MORTGAGE,42000.0,Source Verified,debt_consolidation,AR,77.6,0.0,685.0,689.0,3.0,63.4,29.0,Joint App,5,High Risk,Manual Review
136221714,12800.0, 60 months,27.27,E,E5,,RENT,1200.0,Not Verified,debt_consolidation,ID,999.0,0.0,660.0,664.0,3.0,63.2,43.0,Joint App,5,High Risk,Manual Review
135572399,10000.0, 36 months,15.49,C,C4,10+ years,OWN,36400.0,Verified,credit_card,FL,39.11,1.0,670.0,674.0,0.0,91.0,18.0,Individual,5,High Risk,Manual Review
135541382,28000.0, 60 months,26.77,E,E5,6 years,OWN,93000.0,Verified,debt_consolidation,NY,34.86,0.0,725.0,729.0,0.0,52.2,21.0,Individual,5,High Risk,Manual Review
135842272,35000.0, 60 months,25.81,E,E4,,RENT,12500.0,Source Verified,debt_consolidation,OK,105.19,0.0,685.0,689.0,3.0,51.7,21.0,Joint App,5,High Risk,Manual Review
136219699,2000.0, 36 months,23.4,E,E1,3 years,OWN,46000.0,Not Verified,vacation,FL,37.54,2.0,680.0,684.0,1.0,76.8,36.0,Joint App,6,High Risk,Manual Review
136137731,7075.0, 36 months,23.4,E,E1,,RENT,12000.0,Not Verified,other,CT,31.5,0.0,740.0,744.0,0.0,18.6,21.0,Individual,5,High Risk,Manual Review
135897572,24000.0, 60 months,26.77,E,E5,2 years,MORTGAGE,49000.0,Verified,debt_consolidation,PA,42.68,0.0,660.0,664.0,0.0,81.9,34.0,Joint App,6,High Risk,Manual Review
135965023,20000.0, 60 months,20.89,D,D4,2 years,MORTGAGE,52000.0,Verified,debt_consolidation,HI,32.67,5.0,675.0,679.0,0.0,85.8,19.0,Individual,5,High Risk,Manual Review
135764404,15000.0, 60 months,30.17,F,F3,10+ years,MORTGAGE,50000.0,Not Verified,debt_consolidation,MD,39.34,0.0,675.0,679.0,0.0,91.7,18.0,Joint App,6,High Risk,Manual Review
135051199,26675.0, 60 months,24.84,E,E3,10+ years,MORTGAGE,32000.0,Verified,debt_consolidation,SC,70.37,0.0,720.0,724.0,0.0,51.3,31.0,Joint App,5,High Risk,Manual Review
135922820,7000.0, 36 months,23.87,E,E2,,MORTGAGE,12000.0,Source Verified,debt_consolidation,NC,127.49,1.0,660.0,664.0,0.0,19.0,41.0,Joint App,6,High Risk,Manual Review
135933085,25000.0, 60 months,30.65,F,F4,10+ years,MORTGAGE,109535.0,Verified,debt_consolidation,NY,34.24,0.0,715.0,719.0,0.0,74.6,16.0,Individual,5,High Risk,Manual Review
135545798,7825.0, 36 months,26.77,E,E5,,RENT,16680.48,Verified,debt_consolidation,NM,34.24,0.0,675.0,679.0,1.0,38.7,10.0,Joint App,5,High Risk,Manual Review
135814895,25000.0, 36 months,24.84,E,E3,1 year,RENT,35000.0,Verified,credit_card,OR,30.08,0.0,660.0,664.0,1.0,73.2,20.0,Joint App,5,High Risk,Manual Review
135596085,26600.0, 60 months,30.75,F,F5,10+ years,MORTGAGE,64000.0,Source Verified,debt_consolidation,MI,66.44,0.0,660.0,664.0,0.0,78.4,35.0,Joint App,5,High Risk,Manual Review
135685233,5000.0, 36 months,22.9,E,E1,2 years,RENT,16000.0,Verified,other,PA,30.01,0.0,660.0,664.0,0.0,71.0,14.0,Joint App,5,High Risk,Manual Review
136127998,11800.0, 36 months,24.37,E,E2,10+ years,RENT,40000.0,Verified,debt_consolidation,OH,32.52,2.0,695.0,699.0,2.0,33.9,20.0,Individual,6,High Risk,Manual Review
136032769,16000.0, 60 months,24.84,E,E3,2 years,RENT,35000.0,Verified,credit_card,CA,41.56,1.0,660.0,664.0,0.0,83.3,16.0,Joint App,7,High Risk,Manual Review
136147492,20000.0, 60 months,26.31,E,E4,10+ years,MORTGAGE,63000.0,Verified,debt_consolidation,IN,32.55,0.0,690.0,694.0,0.0,76.1,23.0,Individual,5,High Risk,Manual Review
136131447,24200.0, 36 months,27.27,E,E5,2 years,RENT,49440.0,Verified,credit_card,NV,37.43,0.0,705.0,709.0,0.0,71.9,12.0,Individual,5,High Risk,Manual Review
135753964,25000.0, 36 months,24.37,E,E2,10+ years,MORTGAGE,106750.0,Verified,credit_card,TX,32.09,1.0,670.0,674.0,1.0,75.9,38.0,Individual,6,High Risk,Manual Review
135486454,6000.0, 36 months,24.37,E,E2,10+ years,RENT,40000.0,Not Verified,credit_card,NY,38.13,0.0,690.0,694.0,0.0,83.0,18.0,Individual,6,High Risk,Manual Review
135879285,24000.0, 60 months,25.81,E,E4,4 years,RENT,43056.0,Verified,debt_consolidation,CA,45.15,0.0,675.0,679.0,1.0,86.2,23.0,Joint App,6,High Risk,Manual Review
135440088,8100.0, 36 months,25.81,E,E4,10+ years,OWN,52000.0,Verified,debt_consolidation,HI,36.6,1.0,690.0,694.0,1.0,12.8,46.0,Individual,6,High Risk,Manual Review
136078638,28000.0, 60 months,30.84,G,G2,10+ years,OWN,97000.0,Verified,debt_consolidation,NM,31.35,1.0,660.0,664.0,1.0,6.9,20.0,Joint App,6,High Risk,Manual Review
136099787,9100.0, 36 months,24.37,E,E2,10+ years,RENT,49600.0,Verified,other,FL,41.37,0.0,695.0,699.0,1.0,57.8,27.0,Joint App,5,High Risk,Manual Review
136073783,3000.0, 36 months,23.4,E,E1,10+ years,MORTGAGE,93000.0,Not Verified,car,IN,35.03,0.0,735.0,739.0,0.0,82.9,23.0,Individual,6,High Risk,Manual Review
135876129,10075.0, 36 months,23.87,E,E2,10+ years,MORTGAGE,35000.0,Verified,debt_consolidation,KS,30.59,0.0,670.0,674.0,0.0,70.5,23.0,Individual,5,High Risk,Manual Review
136119567,14300.0, 36 months,27.27,E,E5,5 years,RENT,40320.0,Source Verified,debt_consolidation,OR,34.49,0.0,695.0,699.0,0.0,77.5,17.0,Individual,5,High Risk,Manual Review
134731244,26725.0, 60 months,30.65,F,F4,4 years,RENT,24000.0,Verified,debt_consolidation,CA,51.55,0.0,685.0,689.0,0.0,58.6,29.0,Joint App,5,High Risk,Manual Review
135910289,15100.0, 36 months,26.77,E,E5,10+ years,RENT,48000.0,Not Verified,credit_card,CA,33.9,0.0,680.0,684.0,1.0,33.3,15.0,Individual,5,High Risk,Manual Review
135311524,32000.0, 60 months,24.84,E,E3,2 years,MORTGAGE,60000.0,Verified,debt_consolidation,WI,32.3,0.0,685.0,689.0,0.0,78.4,43.0,Joint App,5,High Risk,Manual Review
135934586,12000.0, 60 months,26.77,E,E5,10+ years,MORTGAGE,52000.0,Not Verified,debt_consolidation,OH,32.98,0.0,665.0,669.0,0.0,71.5,20.0,Individual,5,High Risk,Manual Review
136080775,15000.0, 60 months,27.27,E,E5,9 years,MORTGAGE,112000.0,Verified,debt_consolidation,NE,30.94,0.0,670.0,674.0,1.0,51.5,29.0,Individual,5,High Risk,Manual Review
136122412,12000.0, 60 months,25.34,E,E3,1 year,RENT,26500.0,Not Verified,debt_consolidation,OK,36.96,0.0,735.0,739.0,0.0,27.9,10.0,Individual,5,High Risk,Manual Review
136015654,24000.0, 60 months,25.81,E,E4,,RENT,25000.0,Verified,debt_consolidation,CA,54.39,0.0,660.0,664.0,0.0,51.3,19.0,Joint App,5,High Risk,Manual Review
136054619,24000.0, 60 months,24.84,E,E3,10+ years,MORTGAGE,300000.0,Source Verified,debt_consolidation,MO,14.56,2.0,675.0,679.0,0.0,82.8,39.0,Individual,5,High Risk,Manual Review
135450390,35000.0, 36 months,24.84,E,E3,4 years,MORTGAGE,153000.0,Verified,debt_consolidation,TX,33.51,0.0,700.0,704.0,1.0,46.0,40.0,Individual,5,High Risk,Manual Review
136036667,21000.0, 60 months,28.72,F,F1,2 years,RENT,73000.0,Not Verified,debt_consolidation,FL,38.06,0.0,675.0,679.0,0.0,92.0,25.0,Individual,6,High Risk,Manual Review
136078849,4800.0, 36 months,26.31,E,E4,< 1 year,RENT,65000.0,Source Verified,debt_consolidation,RI,36.04,0.0,740.0,744.0,1.0,7.6,20.0,Individual,5,High Risk,Manual Review
136080761,16000.0, 60 months,27.27,E,E5,10+ years,RENT,85000.0,Source Verified,credit_card,MI,33.33,2.0,675.0,679.0,1.0,31.9,41.0,Individual,6,High Risk,Manual Review
136042508,15500.0, 60 months,25.81,E,E4,3 years,MORTGAGE,60000.0,Not Verified,debt_consolidation,NY,33.42,0.0,685.0,689.0,0.0,96.8,19.0,Individual,6,High Risk,Manual Review
135963138,27225.0, 60 months,26.77,E,E5,1 year,RENT,60000.0,Verified,debt_consolidation,MA,35.34,0.0,670.0,674.0,0.0,50.9,41.0,Individual,5,High Risk,Manual Review
135938517,5000.0, 36 months,22.9,E,E1,,RENT,32350.0,Verified,debt_consolidation,MD,35.03,0.0,680.0,684.0,0.0,54.0,15.0,Individual,5,High Risk,Manual Review
135427179,16000.0, 60 months,26.77,E,E5,3 years,RENT,30160.0,Verified,credit_card,TX,48.39,0.0,685.0,689.0,1.0,77.8,28.0,Joint App,5,High Risk,Manual Review
135853683,12500.0, 60 months,20.39,D,D4,10+ years,RENT,120000.0,Verified,debt_consolidation,NJ,31.25,1.0,665.0,669.0,1.0,85.0,26.0,Individual,5,High Risk,Manual Review
136041549,18000.0, 60 months,25.81,E,E4,4 years,RENT,26000.0,Source Verified,credit_card,CA,49.91,0.0,675.0,679.0,0.0,97.1,29.0,Joint App,6,High Risk,Manual Review
134556928,15000.0, 60 months,25.81,E,E4,6 years,RENT,84000.0,Verified,debt_consolidation,AL,32.96,0.0,670.0,674.0,1.0,47.6,19.0,Individual,5,High Risk,Manual Review
135987357,10000.0, 60 months,28.72,F,F1,1 year,RENT,45000.0,Verified,other,MA,38.13,0.0,710.0,714.0,0.0,82.7,20.0,Individual,6,High Risk,Manual Review
136012965,20000.0, 60 months,23.87,E,E2,3 years,RENT,24000.0,Source Verified,debt_consolidation,LA,61.1,0.0,695.0,699.0,0.0,68.2,19.0,Joint App,5,High Risk,Manual Review
136072383,26000.0, 60 months,26.77,E,E5,10+ years,RENT,51000.0,Not Verified,debt_consolidation,NY,31.74,0.0,715.0,719.0,1.0,63.0,16.0,Individual,5,High Risk,Manual Review
135777100,35000.0, 60 months,26.77,E,E5,< 1 year,RENT,44720.0,Source Verified,debt_consolidation,FL,37.47,0.0,660.0,664.0,0.0,78.6,13.0,Joint App,5,High Risk,Manual Review
135728157,4000.0, 36 months,25.81,E,E4,10+ years,MORTGAGE,50000.0,Verified,other,PA,18.36,1.0,660.0,664.0,0.0,93.4,10.0,Joint App,5,High Risk,Manual Review
135963569,30000.0, 36 months,18.45,D,D2,10+ years,MORTGAGE,97000.0,Verified,credit_card,NE,39.95,1.0,675.0,679.0,1.0,86.0,29.0,Individual,5,High Risk,Manual Review
135803766,17000.0, 36 months,22.9,E,E1,4 years,RENT,39000.0,Source Verified,credit_card,TN,31.17,0.0,710.0,714.0,0.0,62.2,25.0,Individual,5,High Risk,Manual Review
135820422,25000.0, 60 months,24.84,E,E3,5 years,MORTGAGE,42000.0,Verified,debt_consolidation,FL,59.31,1.0,680.0,684.0,0.0,53.7,38.0,Joint App,6,High Risk,Manual Review
135965430,35000.0, 60 months,26.77,E,E5,,MORTGAGE,13896.0,Verified,debt_consolidation,IL,109.67,0.0,700.0,704.0,1.0,43.5,29.0,Joint App,5,High Risk,Manual Review
135991753,25000.0, 36 months,24.84,E,E3,10+ years,MORTGAGE,90000.0,Verified,debt_consolidation,NJ,27.79,1.0,695.0,699.0,0.0,90.8,32.0,Individual,5,High Risk,Manual Review
134699845,20000.0, 60 months,22.9,E,E1,8 years,RENT,50000.0,Not Verified,credit_card,NC,37.3,0.0,675.0,679.0,1.0,70.6,61.0,Individual,5,High Risk,Manual Review
135909602,30000.0, 36 months,23.87,E,E2,10+ years,MORTGAGE,84000.0,Verified,debt_consolidation,CT,7.93,3.0,660.0,664.0,1.0,94.4,24.0,Individual,5,High Risk,Manual Review
135874358,17600.0, 36 months,26.77,E,E5,6 years,MORTGAGE,38950.0,Not Verified,debt_consolidation,KS,61.02,0.0,700.0,704.0,1.0,77.0,23.0,Joint App,5,High Risk,Manual Review
135899526,17000.0, 36 months,24.84,E,E3,2 years,OWN,41000.0,Not Verified,debt_consolidation,FL,35.8,0.0,695.0,699.0,1.0,48.3,25.0,Joint App,5,High Risk,Manual Review
135774038,8700.0, 36 months,25.81,E,E4,3 years,RENT,48960.0,Source Verified,debt_consolidation,FL,41.08,0.0,670.0,674.0,0.0,51.0,28.0,Joint App,5,High Risk,Manual Review
135925138,25000.0, 36 months,22.9,E,E1,< 1 year,OWN,70000.0,Source Verified,credit_card,FL,38.27,0.0,660.0,664.0,0.0,79.1,24.0,Individual,5,High Risk,Manual Review
135903884,17000.0, 36 months,23.87,E,E2,10+ years,OWN,35360.0,Source Verified,debt_consolidation,OK,33.94,0.0,680.0,684.0,0.0,74.6,16.0,Individual,5,High Risk,Manual Review
135403287,35000.0, 36 months,26.77,E,E5,< 1 year,MORTGAGE,81600.0,Verified,debt_consolidation,AZ,40.69,0.0,700.0,704.0,1.0,76.6,33.0,Joint App,5,High Risk,Manual Review
135720016,20000.0, 36 months,25.81,E,E4,< 1 year,RENT,72000.0,Not Verified,other,MS,30.02,0.0,700.0,704.0,0.0,69.6,24.0,Individual,5,High Risk,Manual Review
135599157,10000.0, 60 months,24.84,E,E3,10+ years,RENT,60000.0,Not Verified,home_improvement,VT,40.68,0.0,670.0,674.0,1.0,63.2,18.0,Joint App,5,High Risk,Manual Review
134683987,15000.0, 36 months,23.87,E,E2,4 years,RENT,42000.0,Verified,other,CA,35.4,0.0,675.0,679.0,1.0,41.7,19.0,Individual,5,High Risk,Manual Review
134819709,15000.0, 36 months,23.87,E,E2,10+ years,MORTGAGE,50000.0,Source Verified,debt_consolidation,OH,32.77,0.0,675.0,679.0,0.0,63.1,40.0,Individual,5,High Risk,Manual Review
135459852,17375.0, 60 months,24.84,E,E3,,MORTGAGE,32000.0,Not Verified,credit_card,CA,36.83,0.0,715.0,719.0,0.0,37.9,24.0,Individual,5,High Risk,Manual Review
112031386,12000.0, 60 months,26.3,E,E5,3 years,OWN,36200.0,Source Verified,debt_consolidation,CA,32.99,0.0,700.0,704.0,0.0,42.9,21.0,Individual,5,High Risk,Manual Review
111826070,22750.0, 36 months,25.82,E,E4,7 years,RENT,315000.0,Source Verified,debt_consolidation,WA,17.94,1.0,665.0,669.0,0.0,101.5,38.0,Joint App,5,High Risk,Manual Review
111818030,9025.0, 36 months,25.82,E,E4,< 1 year,OWN,51000.0,Verified,home_improvement,NY,18.33,1.0,660.0,664.0,0.0,89.4,29.0,Individual,5,High Risk,Manual Review
111828051,14950.0, 36 months,25.82,E,E4,2 years,RENT,34000.0,Source Verified,debt_consolidation,MT,34.31,0.0,700.0,704.0,0.0,59.8,20.0,Individual,5,High Risk,Manual Review
112043549,20000.0, 60 months,23.88,E,E2,10+ years,MORTGAGE,55000.0,Source Verified,credit_card,WI,34.1,0.0,710.0,714.0,0.0,60.0,45.0,Individual,5,High Risk,Manual Review
112039543,5500.0, 36 months,30.89,G,G3,1 year,RENT,25480.0,Source Verified,debt_consolidation,MO,33.91,0.0,690.0,694.0,0.0,82.6,17.0,Individual,6,High Risk,Manual Review
110610283,11450.0, 36 months,25.82,E,E4,10+ years,RENT,65000.0,Verified,debt_consolidation,HI,33.64,0.0,700.0,704.0,0.0,84.7,18.0,Individual,6,High Risk,Manual Review
111915612,21850.0, 60 months,26.3,E,E5,< 1 year,MORTGAGE,40000.0,Verified,debt_consolidation,SC,41.43,0.0,670.0,674.0,0.0,66.1,13.0,Joint App,5,High Risk,Manual Review
111501690,25000.0, 36 months,23.88,E,E2,< 1 year,MORTGAGE,28000.0,Verified,debt_consolidation,FL,50.41,0.0,690.0,694.0,1.0,50.8,24.0,Joint App,5,High Risk,Manual Review
111418286,7000.0, 36 months,26.3,E,E5,1 year,MORTGAGE,156000.0,Verified,debt_consolidation,NY,31.51,0.0,700.0,704.0,1.0,99.1,27.0,Individual,6,High Risk,Manual Review
111966621,28000.0, 60 months,26.3,E,E5,10+ years,MORTGAGE,124000.0,Verified,debt_consolidation,IN,32.87,0.0,675.0,679.0,0.0,100.0,33.0,Individual,6,High Risk,Manual Review
111683885,4650.0, 36 months,30.65,F,F4,3 years,RENT,23000.0,Verified,debt_consolidation,NJ,31.84,0.0,680.0,684.0,0.0,49.8,11.0,Individual,5,High Risk,Manual Review
112083485,14000.0, 60 months,25.82,E,E4,3 years,RENT,97000.0,Source Verified,debt_consolidation,CA,7.81,1.0,680.0,684.0,0.0,89.5,34.0,Individual,5,High Risk,Manual Review
111836717,19325.0, 60 months,30.75,F,F5,10+ years,MORTGAGE,47000.0,Verified,debt_consolidation,LA,30.9,0.0,685.0,689.0,1.0,68.0,26.0,Individual,5,High Risk,Manual Review
112051806,28000.0, 60 months,24.85,E,E3,< 1 year,MORTGAGE,52000.0,Verified,debt_consolidation,TX,33.51,0.0,690.0,694.0,1.0,44.1,27.0,Joint App,5,High Risk,Manual Review
111939074,11700.0, 36 months,30.17,F,F3,1 year,RENT,41000.0,Source Verified,debt_consolidation,FL,32.86,0.0,685.0,689.0,1.0,71.2,22.0,Individual,5,High Risk,Manual Review
110410255,7000.0, 36 months,25.82,E,E4,1 year,MORTGAGE,145000.0,Source Verified,credit_card,AR,32.27,0.0,680.0,684.0,2.0,55.7,50.0,Individual,5,High Risk,Manual Review
112025201,17825.0, 60 months,26.3,E,E5,10+ years,MORTGAGE,48500.0,Verified,other,WA,33.8,1.0,670.0,674.0,0.0,100.3,14.0,Individual,7,High Risk,Manual Review
111640443,19200.0, 36 months,23.88,E,E2,5 years,MORTGAGE,68000.0,Verified,major_purchase,OH,30.42,0.0,665.0,669.0,1.0,60.7,26.0,Individual,5,High Risk,Manual Review
112117339,13200.0, 36 months,25.82,E,E4,< 1 year,RENT,30005.0,Not Verified,debt_consolidation,TX,30.8,0.0,700.0,704.0,0.0,85.2,12.0,Individual,6,High Risk,Manual Review
111861787,17600.0, 36 months,25.82,E,E4,10+ years,RENT,40000.0,Source Verified,debt_consolidation,NY,32.37,0.0,700.0,704.0,0.0,61.3,14.0,Individual,5,High Risk,Manual Review
109606569,4000.0, 36 months,25.82,E,E4,,RENT,20000.0,Verified,debt_consolidation,LA,31.57,0.0,665.0,669.0,0.0,70.2,21.0,Individual,5,High Risk,Manual Review
112040381,35000.0, 36 months,26.3,E,E5,10+ years,MORTGAGE,100000.0,Source Verified,debt_consolidation,TX,31.92,0.0,695.0,699.0,0.0,57.6,50.0,Individual,5,High Risk,Manual Review
112032861,1850.0, 36 months,26.3,E,E5,< 1 year,RENT,54912.0,Verified,debt_consolidation,OH,40.8,0.0,665.0,669.0,1.0,0.0,14.0,Joint App,5,High Risk,Manual Review
111927337,22000.0, 60 months,26.3,E,E5,3 years,RENT,63261.74,Verified,credit_card,NV,32.59,0.0,680.0,684.0,0.0,67.2,12.0,Individual,5,High Risk,Manual Review
112084650,4000.0, 36 months,22.91,E,E1,10+ years,MORTGAGE,155000.0,Not Verified,vacation,GA,33.42,0.0,695.0,699.0,0.0,94.4,38.0,Individual,6,High Risk,Manual Review
111876302,24000.0, 60 months,30.75,F,F5,< 1 year,RENT,65000.0,Not Verified,debt_consolidation,CA,20.27,2.0,670.0,674.0,0.0,90.9,9.0,Individual,5,High Risk,Manual Review
112005562,6000.0, 36 months,30.17,F,F3,3 years,RENT,30000.0,Verified,other,PA,33.08,0.0,660.0,664.0,0.0,38.8,20.0,Individual,5,High Risk,Manual Review
112027047,10200.0, 36 months,23.88,E,E2,5 years,MORTGAGE,85000.0,Verified,debt_consolidation,NC,32.75,1.0,665.0,669.0,2.0,85.0,22.0,Individual,7,High Risk,Manual Review
111699651,10000.0, 60 months,30.94,G,G4,1 year,MORTGAGE,33000.0,Verified,debt_consolidation,TX,31.42,0.0,660.0,664.0,2.0,36.7,11.0,Individual,5,High Risk,Manual Review
111825647,20000.0, 60 months,26.3,E,E5,10+ years,MORTGAGE,60000.0,Source Verified,debt_consolidation,TX,27.22,1.0,670.0,674.0,0.0,90.3,19.0,Individual,5,High Risk,Manual Review
111683239,35000.0, 36 months,25.82,E,E4,10+ years,MORTGAGE,100000.0,Verified,debt_consolidation,CA,31.62,1.0,660.0,664.0,0.0,63.4,20.0,Individual,6,High Risk,Manual Review
111521119,40000.0, 60 months,24.85,E,E3,,MORTGAGE,45006.0,Verified,debt_consolidation,NV,54.19,0.0,720.0,724.0,0.0,62.6,19.0,Joint App,5,High Risk,Manual Review
111795971,15000.0, 60 months,26.3,E,E5,< 1 year,MORTGAGE,45000.0,Source Verified,debt_consolidation,PA,33.55,0.0,680.0,684.0,1.0,67.6,18.0,Individual,5,High Risk,Manual Review
111805442,6425.0, 36 months,23.88,E,E2,10+ years,RENT,30000.0,Source Verified,debt_consolidation,VA,32.16,0.0,680.0,684.0,0.0,73.8,18.0,Individual,5,High Risk,Manual Review
112030275,12400.0, 60 months,21.45,D,D5,10+ years,RENT,35000.0,Source Verified,debt_consolidation,DE,33.85,1.0,700.0,704.0,0.0,80.4,20.0,Individual,5,High Risk,Manual Review
111441587,8000.0, 36 months,22.91,E,E1,2 years,RENT,24000.0,Source Verified,debt_consolidation,OH,31.5,0.0,700.0,704.0,1.0,38.1,8.0,Individual,5,High Risk,Manual Review
111875386,7500.0, 36 months,18.06,D,D2,1 year,OWN,26000.0,Source Verified,debt_consolidation,PA,30.15,5.0,675.0,679.0,0.0,83.2,20.0,Individual,5,High Risk,Manual Review
112031660,23925.0, 60 months,30.79,G,G1,10+ years,MORTGAGE,65000.0,Not Verified,debt_consolidation,WI,31.54,1.0,665.0,669.0,0.0,81.6,30.0,Individual,7,High Risk,Manual Review
111786810,24675.0, 60 months,26.3,E,E5,10+ years,MORTGAGE,72000.0,Not Verified,credit_card,CT,34.03,0.0,675.0,679.0,0.0,66.9,42.0,Individual,5,High Risk,Manual Review
111660692,30000.0, 36 months,23.88,E,E2,7 years,MORTGAGE,100000.0,Source Verified,debt_consolidation,CA,30.28,0.0,680.0,684.0,2.0,55.0,25.0,Individual,5,High Risk,Manual Review
112056630,21000.0, 36 months,30.84,G,G2,4 years,RENT,42000.0,Source Verified,debt_consolidation,GA,34.37,0.0,720.0,724.0,0.0,43.6,14.0,Individual,5,High Risk,Manual Review
111671607,4000.0, 36 months,25.82,E,E4,3 years,RENT,27000.0,Source Verified,debt_consolidation,FL,31.04,1.0,675.0,679.0,0.0,56.9,34.0,Individual,6,High Risk,Manual Review
112062985,17300.0, 36 months,30.89,G,G3,10+ years,OWN,85000.0,Source Verified,debt_consolidation,NE,31.18,0.0,670.0,674.0,0.0,67.7,28.0,Individual,5,High Risk,Manual Review
111737704,10000.0, 60 months,30.94,G,G4,2 years,MORTGAGE,60000.0,Verified,other,MD,31.12,0.0,680.0,684.0,2.0,92.0,23.0,Individual,6,High Risk,Manual Review
112042197,2000.0, 36 months,24.85,E,E3,3 years,RENT,36000.0,Verified,vacation,OH,33.37,0.0,690.0,694.0,1.0,2.7,14.0,Individual,5,High Risk,Manual Review
111751667,17000.0, 60 months,30.17,F,F3,3 years,RENT,50000.0,Source Verified,debt_consolidation,FL,32.57,0.0,700.0,704.0,0.0,63.3,21.0,Individual,5,High Risk,Manual Review
111571418,22000.0, 60 months,26.3,E,E5,3 years,MORTGAGE,85000.0,Not Verified,debt_consolidation,NC,34.25,0.0,775.0,779.0,2.0,24.4,31.0,Individual,5,High Risk,Manual Review
111052166,15000.0, 60 months,28.72,F,F1,3 years,RENT,43000.0,Verified,other,VA,47.14,0.0,700.0,704.0,1.0,71.6,47.0,Joint App,5,High Risk,Manual Review
111695912,6000.0, 36 months,25.82,E,E4,< 1 year,OWN,5000.0,Not Verified,car,AR,50.2,0.0,660.0,664.0,1.0,89.6,11.0,Joint App,6,High Risk,Manual Review
111449583,8050.0, 36 months,22.91,E,E1,6 years,OWN,32000.0,Verified,debt_consolidation,TX,34.85,1.0,665.0,669.0,3.0,50.0,20.0,Individual,6,High Risk,Manual Review
111101020,32000.0, 36 months,24.85,E,E3,10+ years,MORTGAGE,69800.0,Source Verified,credit_card,OK,19.38,1.0,660.0,664.0,1.0,84.9,21.0,Individual,5,High Risk,Manual Review
111947079,25700.0, 60 months,30.75,F,F5,10+ years,MORTGAGE,75000.0,Not Verified,debt_consolidation,NV,33.04,0.0,685.0,689.0,0.0,88.7,24.0,Individual,6,High Risk,Manual Review
111479212,10075.0, 60 months,25.82,E,E4,< 1 year,MORTGAGE,28000.0,Verified,debt_consolidation,VA,31.93,0.0,710.0,714.0,1.0,24.3,53.0,Individual,5,High Risk,Manual Review
111751506,4800.0, 36 months,16.02,C,C5,6 years,RENT,76343.0,Source Verified,debt_consolidation,AL,34.94,1.0,675.0,679.0,0.0,97.3,21.0,Individual,5,High Risk,Manual Review
111256808,16800.0, 60 months,29.69,F,F2,4 years,RENT,52000.0,Source Verified,debt_consolidation,FL,32.92,0.0,660.0,664.0,1.0,50.8,17.0,Individual,5,High Risk,Manual Review
111479159,12000.0, 60 months,26.3,E,E5,< 1 year,MORTGAGE,35000.0,Verified,debt_consolidation,IN,59.12,0.0,675.0,679.0,0.0,50.5,26.0,Joint App,5,High Risk,Manual Review
111409101,10000.0, 36 months,29.69,F,F2,< 1 year,RENT,8000.0,Not Verified,debt_consolidation,CA,44.14,0.0,690.0,694.0,0.0,76.5,10.0,Joint App,5,High Risk,Manual Review
110385182,31675.0, 60 months,29.69,F,F2,2 years,RENT,72000.0,Verified,credit_card,CA,33.07,1.0,660.0,664.0,1.0,93.0,48.0,Individual,7,High Risk,Manual Review
111816008,16000.0, 60 months,15.05,C,C4,6 years,MORTGAGE,163000.0,Not Verified,debt_consolidation,WA,33.89,1.0,665.0,669.0,1.0,90.9,53.0,Individual,5,High Risk,Manual Review
112032068,35000.0, 60 months,30.79,G,G1,10+ years,MORTGAGE,150000.0,Source Verified,debt_consolidation,OH,31.82,0.0,675.0,679.0,0.0,80.5,44.0,Individual,6,High Risk,Manual Review
111695200,21000.0, 60 months,25.82,E,E4,10+ years,OWN,73000.0,Source Verified,debt_consolidation,OH,31.48,1.0,685.0,689.0,1.0,51.0,25.0,Individual,6,High Risk,Manual Review
111669335,26000.0, 36 months,30.17,F,F3,< 1 year,RENT,46000.0,Not Verified,debt_consolidation,MO,54.45,0.0,660.0,664.0,0.0,49.9,37.0,Joint App,5,High Risk,Manual Review
111660583,8000.0, 36 months,23.88,E,E2,1 year,RENT,33000.0,Verified,debt_consolidation,NY,33.53,0.0,705.0,709.0,3.0,36.1,20.0,Individual,5,High Risk,Manual Review
111672474,27000.0, 60 months,30.17,F,F3,1 year,RENT,72000.0,Source Verified,debt_consolidation,FL,31.9,0.0,660.0,664.0,0.0,60.3,17.0,Individual,5,High Risk,Manual Review
111738165,15000.0, 36 months,24.85,E,E3,,MORTGAGE,49500.0,Verified,debt_consolidation,NC,31.55,2.0,675.0,679.0,3.0,55.8,57.0,Individual,6,High Risk,Manual Review
110384886,20000.0, 60 months,28.72,F,F1,3 years,MORTGAGE,53583.0,Source Verified,credit_card,RI,30.73,0.0,670.0,674.0,0.0,93.6,21.0,Individual,6,High Risk,Manual Review
111530179,35000.0, 36 months,22.91,E,E1,4 years,MORTGAGE,180000.0,Verified,debt_consolidation,FL,33.09,0.0,710.0,714.0,1.0,64.0,21.0,Individual,5,High Risk,Manual Review
111683706,24000.0, 36 months,20.0,D,D4,10+ years,OWN,108000.0,Verified,credit_card,MI,32.73,2.0,670.0,674.0,0.0,95.7,22.0,Individual,5,High Risk,Manual Review
111114147,15200.0, 36 months,30.84,G,G2,4 years,RENT,50000.0,Verified,debt_consolidation,CA,30.65,0.0,665.0,669.0,2.0,51.3,19.0,Individual,5,High Risk,Manual Review
111440905,22875.0, 36 months,29.69,F,F2,3 years,RENT,52000.0,Verified,debt_consolidation,CA,30.69,0.0,690.0,694.0,0.0,58.2,20.0,Individual,5,High Risk,Manual Review
110709845,12000.0, 60 months,30.17,F,F3,4 years,RENT,30000.0,Verified,medical,AZ,49.28,0.0,665.0,669.0,0.0,67.3,14.0,Joint App,5,High Risk,Manual Review
111731579,10450.0, 36 months,24.85,E,E3,10+ years,MORTGAGE,48888.0,Source Verified,home_improvement,OK,33.28,3.0,660.0,664.0,0.0,76.1,18.0,Individual,6,High Risk,Manual Review
111050159,35000.0, 60 months,30.17,F,F3,10+ years,MORTGAGE,46000.0,Verified,credit_card,NY,36.66,0.0,700.0,704.0,0.0,95.3,25.0,Joint App,6,High Risk,Manual Review
111695381,11000.0, 36 months,26.3,E,E5,< 1 year,MORTGAGE,35400.0,Verified,debt_consolidation,TX,40.64,0.0,660.0,664.0,2.0,101.7,25.0,Joint App,6,High Risk,Manual Review
112026896,9600.0, 36 months,30.99,G,G5,10+ years,MORTGAGE,47840.0,Verified,other,TN,33.07,0.0,675.0,679.0,0.0,52.1,17.0,Individual,5,High Risk,Manual Review
111416605,35000.0, 36 months,26.3,E,E5,< 1 year,MORTGAGE,18240.0,Verified,debt_consolidation,TX,91.91,1.0,680.0,684.0,0.0,47.9,24.0,Joint App,6,High Risk,Manual Review
111703836,15000.0, 60 months,25.82,E,E4,7 years,MORTGAGE,29250.0,Verified,debt_consolidation,OH,49.23,0.0,690.0,694.0,0.0,46.6,17.0,Joint App,5,High Risk,Manual Review
111906696,12000.0, 60 months,30.79,G,G1,1 year,OWN,34000.0,Verified,credit_card,TN,31.84,0.0,695.0,699.0,0.0,62.1,14.0,Individual,5,High Risk,Manual Review
111468979,1600.0, 36 months,18.06,D,D2,10+ years,MORTGAGE,60000.0,Source Verified,other,TX,34.46,1.0,660.0,664.0,0.0,84.4,36.0,Individual,5,High Risk,Manual Review
111599252,14525.0, 36 months,22.91,E,E1,10+ years,OWN,33000.0,Verified,debt_consolidation,NY,66.44,0.0,715.0,719.0,3.0,44.8,16.0,Joint App,5,High Risk,Manual Review
111246757,7550.0, 36 months,23.88,E,E2,9 years,RENT,31460.0,Verified,house,MO,31.36,0.0,690.0,694.0,0.0,42.1,28.0,Individual,5,High Risk,Manual Review
111083241,24000.0, 36 months,16.02,C,C5,< 1 year,MORTGAGE,42000.0,Verified,debt_consolidation,IL,47.49,2.0,665.0,669.0,0.0,94.8,29.0,Joint App,5,High Risk,Manual Review
111751284,17325.0, 60 months,23.88,E,E2,10+ years,RENT,50000.0,Source Verified,debt_consolidation,PA,32.26,0.0,720.0,724.0,0.0,83.6,18.0,Individual,6,High Risk,Manual Review
109339567,24200.0, 60 months,26.3,E,E5,10+ years,RENT,55000.0,Source Verified,debt_consolidation,CA,31.98,0.0,675.0,679.0,0.0,79.0,20.0,Individual,5,High Risk,Manual Review
110420817,28000.0, 36 months,24.85,E,E3,3 years,MORTGAGE,65000.0,Verified,debt_consolidation,IN,30.11,0.0,660.0,664.0,3.0,48.5,38.0,Individual,5,High Risk,Manual Review
111071730,22125.0, 36 months,22.91,E,E1,10+ years,MORTGAGE,75500.0,Not Verified,debt_consolidation,CA,33.13,2.0,690.0,694.0,2.0,75.0,29.0,Individual,6,High Risk,Manual Review
111646046,2000.0, 36 months,24.85,E,E3,10+ years,MORTGAGE,63000.0,Verified,other,NC,30.48,0.0,700.0,704.0,0.0,54.0,25.0,Individual,5,High Risk,Manual Review
110528185,17675.0, 60 months,30.65,F,F4,< 1 year,OWN,54000.0,Verified,debt_consolidation,MD,32.31,0.0,665.0,669.0,0.0,68.2,29.0,Individual,5,High Risk,Manual Review
111646571,10000.0, 60 months,26.3,E,E5,1 year,RENT,50000.0,Not Verified,debt_consolidation,FL,31.63,0.0,670.0,674.0,0.0,45.1,23.0,Individual,5,High Risk,Manual Review
111644721,3625.0, 36 months,22.91,E,E1,10+ years,RENT,30000.0,Not Verified,vacation,GA,34.04,0.0,695.0,699.0,0.0,27.4,24.0,Individual,5,High Risk,Manual Review
111411068,24000.0, 60 months,16.02,C,C5,< 1 year,MORTGAGE,95000.0,Verified,debt_consolidation,WI,41.23,1.0,680.0,684.0,0.0,93.6,31.0,Joint App,5,High Risk,Manual Review
111682437,7250.0, 36 months,22.91,E,E1,10+ years,MORTGAGE,55000.0,Verified,debt_consolidation,NV,26.51,3.0,660.0,664.0,1.0,101.0,32.0,Individual,5,High Risk,Manual Review
111075956,7200.0, 36 months,23.88,E,E2,3 years,RENT,20000.0,Verified,credit_card,NY,34.33,0.0,680.0,684.0,1.0,43.6,14.0,Individual,5,High Risk,Manual Review
111772270,18000.0, 36 months,30.89,G,G3,10+ years,MORTGAGE,68323.0,Verified,other,NY,30.18,0.0,675.0,679.0,0.0,72.7,25.0,Individual,5,High Risk,Manual Review
111758472,2275.0, 36 months,26.3,E,E5,10+ years,OWN,153000.0,Not Verified,debt_consolidation,NY,7.25,3.0,695.0,699.0,2.0,80.4,35.0,Individual,5,High Risk,Manual Review
111695189,35000.0, 36 months,16.02,C,C5,4 years,OWN,77000.0,Verified,credit_card,CO,32.67,1.0,665.0,669.0,0.0,86.1,33.0,Individual,5,High Risk,Manual Review
111707265,20125.0, 36 months,30.75,F,F5,< 1 year,MORTGAGE,53000.0,Verified,moving,TN,25.61,1.0,680.0,684.0,0.0,88.7,29.0,Individual,5,High Risk,Manual Review
110907911,1400.0, 36 months,23.88,E,E2,4 years,MORTGAGE,131000.0,Source Verified,other,IL,30.73,0.0,680.0,684.0,1.0,94.2,35.0,Individual,6,High Risk,Manual Review
111644145,6500.0, 36 months,24.85,E,E3,,OWN,37644.0,Verified,major_purchase,GA,30.54,0.0,665.0,669.0,0.0,60.3,12.0,Individual,5,High Risk,Manual Review
111774821,2825.0, 36 months,26.3,E,E5,9 years,RENT,43000.0,Verified,major_purchase,NC,30.03,0.0,670.0,674.0,1.0,28.3,7.0,Individual,5,High Risk,Manual Review
111671538,25000.0, 60 months,25.82,E,E4,< 1 year,OWN,28543.0,Verified,debt_consolidation,PA,41.4,0.0,680.0,684.0,2.0,43.1,19.0,Joint App,5,High Risk,Manual Review
111326212,16000.0, 36 months,30.94,G,G4,2 years,RENT,37440.0,Verified,other,NJ,31.79,0.0,715.0,719.0,0.0,2.1,33.0,Individual,5,High Risk,Manual Review
111638718,24175.0, 60 months,30.99,G,G5,3 years,MORTGAGE,78000.0,Verified,debt_consolidation,IL,30.06,0.0,670.0,674.0,2.0,91.0,30.0,Individual,6,High Risk,Manual Review
111670645,10000.0, 60 months,25.82,E,E4,6 years,MORTGAGE,45000.0,Verified,debt_consolidation,MI,39.55,0.0,680.0,684.0,1.0,39.6,25.0,Joint App,5,High Risk,Manual Review
111718176,24350.0, 60 months,26.3,E,E5,2 years,RENT,58000.0,Source Verified,credit_card,MA,34.39,0.0,680.0,684.0,0.0,97.8,12.0,Individual,6,High Risk,Manual Review
111414413,21550.0, 36 months,19.03,D,D3,10+ years,MORTGAGE,54200.0,Verified,debt_consolidation,MS,34.77,2.0,665.0,669.0,0.0,99.0,10.0,Individual,5,High Risk,Manual Review
111700368,14000.0, 36 months,30.17,F,F3,10+ years,RENT,40000.0,Verified,debt_consolidation,PA,30.92,0.0,695.0,699.0,0.0,48.4,27.0,Individual,5,High Risk,Manual Review
111411832,35000.0, 36 months,29.69,F,F2,7 years,RENT,34688.0,Verified,debt_consolidation,CA,49.03,0.0,675.0,679.0,1.0,78.0,28.0,Joint App,5,High Risk,Manual Review
111705121,11000.0, 36 months,23.88,E,E2,4 years,OWN,48000.0,Not Verified,credit_card,MI,33.03,0.0,695.0,699.0,4.0,27.5,19.0,Individual,5,High Risk,Manual Review
109660643,25600.0, 60 months,19.03,D,D3,10+ years,MORTGAGE,83200.0,Verified,debt_consolidation,PA,35.51,2.0,670.0,674.0,0.0,84.4,22.0,Joint App,5,High Risk,Manual Review
111459304,13425.0, 36 months,29.69,F,F2,10+ years,RENT,42000.0,Verified,debt_consolidation,KS,30.43,0.0,665.0,669.0,0.0,97.1,11.0,Individual,6,High Risk,Manual Review
111491430,12000.0, 36 months,29.69,F,F2,6 years,RENT,35000.0,Source Verified,credit_card,NJ,30.35,0.0,660.0,664.0,0.0,75.7,14.0,Individual,5,High Risk,Manual Review
111696865,31200.0, 36 months,25.82,E,E4,10+ years,RENT,132000.0,Verified,debt_consolidation,VA,32.19,0.0,680.0,684.0,0.0,67.0,51.0,Individual,5,High Risk,Manual Review
111754561,20000.0, 36 months,23.88,E,E2,< 1 year,RENT,96000.0,Not Verified,debt_consolidation,CA,32.79,0.0,705.0,709.0,0.0,70.8,24.0,Individual,5,High Risk,Manual Review
111491138,32825.0, 36 months,30.17,F,F3,5 years,MORTGAGE,130000.0,Verified,credit_card,MA,32.85,0.0,695.0,699.0,0.0,72.4,33.0,Individual,5,High Risk,Manual Review
111754341,40000.0, 36 months,24.85,E,E3,< 1 year,MORTGAGE,171000.0,Source Verified,home_improvement,VA,21.53,1.0,680.0,684.0,0.0,89.9,31.0,Individual,5,High Risk,Manual Review
111670878,35000.0, 36 months,24.85,E,E3,10+ years,MORTGAGE,105000.0,Source Verified,credit_card,NV,31.31,0.0,700.0,704.0,0.0,82.1,25.0,Individual,6,High Risk,Manual Review
110686234,20000.0, 36 months,25.82,E,E4,4 years,RENT,42000.0,Not Verified,credit_card,NC,31.46,0.0,665.0,669.0,1.0,68.9,65.0,Joint App,5,High Risk,Manual Review
111731843,12000.0, 60 months,26.3,E,E5,10+ years,MORTGAGE,120000.0,Source Verified,debt_consolidation,TX,34.96,0.0,665.0,669.0,0.0,93.3,29.0,Individual,6,High Risk,Manual Review
111658453,28000.0, 60 months,26.3,E,E5,3 years,MORTGAGE,135000.0,Source Verified,credit_card,GA,31.63,0.0,665.0,669.0,1.0,84.7,17.0,Individual,6,High Risk,Manual Review
110907452,15000.0, 36 months,16.02,C,C5,10+ years,OWN,55000.0,Not Verified,debt_consolidation,IN,31.7,1.0,660.0,664.0,1.0,81.5,27.0,Individual,5,High Risk,Manual Review
111112656,20000.0, 60 months,25.82,E,E4,10+ years,MORTGAGE,45000.0,Source Verified,debt_consolidation,TX,31.52,1.0,705.0,709.0,1.0,59.9,42.0,Individual,6,High Risk,Manual Review
111429459,11100.0, 36 months,25.82,E,E4,7 years,MORTGAGE,52000.0,Source Verified,debt_consolidation,LA,30.77,0.0,680.0,684.0,2.0,74.3,22.0,Individual,5,High Risk,Manual Review
110571051,2800.0, 36 months,30.17,F,F3,10+ years,MORTGAGE,101440.0,Source Verified,other,TX,31.09,0.0,690.0,694.0,0.0,81.1,48.0,Individual,6,High Risk,Manual Review
111716903,12800.0, 60 months,26.3,E,E5,,RENT,5000.0,Not Verified,credit_card,IL,114.18,0.0,660.0,664.0,1.0,52.3,21.0,Joint App,5,High Risk,Manual Review
109811949,5550.0, 36 months,22.91,E,E1,10+ years,RENT,38000.0,Source Verified,other,CA,34.4,0.0,700.0,704.0,2.0,47.9,15.0,Individual,5,High Risk,Manual Review
111548501,16375.0, 36 months,19.03,D,D3,4 years,RENT,103000.0,Source Verified,debt_consolidation,TX,33.28,1.0,675.0,679.0,0.0,83.0,42.0,Individual,5,High Risk,Manual Review
111672892,20000.0, 60 months,30.17,F,F3,10+ years,MORTGAGE,48000.0,Source Verified,credit_card,OH,30.48,0.0,675.0,679.0,0.0,79.6,22.0,Individual,5,High Risk,Manual Review
110709805,9000.0, 36 months,23.88,E,E2,3 years,RENT,30000.0,Source Verified,debt_consolidation,TX,34.8,0.0,660.0,664.0,1.0,69.6,22.0,Individual,5,High Risk,Manual Review
111125612,12100.0, 60 months,24.85,E,E3,10+ years,OWN,35800.0,Verified,debt_consolidation,NC,32.48,0.0,715.0,719.0,2.0,21.9,20.0,Individual,5,High Risk,Manual Review
110753901,16800.0, 60 months,24.85,E,E3,4 years,RENT,40000.0,Verified,debt_consolidation,WI,32.58,0.0,680.0,684.0,3.0,12.1,32.0,Joint App,5,High Risk,Manual Review
111696381,15000.0, 60 months,28.72,F,F1,4 years,RENT,42500.0,Verified,debt_consolidation,CA,31.8,0.0,710.0,714.0,0.0,70.7,9.0,Individual,5,High Risk,Manual Review
110662134,5175.0, 36 months,24.85,E,E3,,RENT,15264.0,Verified,debt_consolidation,AR,30.11,0.0,725.0,729.0,0.0,23.2,24.0,Individual,5,High Risk,Manual Review
111729758,2000.0, 36 months,29.69,F,F2,,MORTGAGE,45448.0,Verified,medical,MI,30.5,0.0,665.0,669.0,1.0,76.2,17.0,Individual,5,High Risk,Manual Review
111568354,15000.0, 36 months,25.82,E,E4,1 year,OWN,59700.0,Not Verified,home_improvement,FL,31.56,0.0,705.0,709.0,0.0,25.3,47.0,Individual,5,High Risk,Manual Review
109517221,10000.0, 60 months,23.88,E,E2,,MORTGAGE,31756.0,Verified,home_improvement,FL,17.57,2.0,660.0,664.0,0.0,100.0,13.0,Individual,5,High Risk,Manual Review
110385206,10000.0, 36 months,24.85,E,E3,5 years,RENT,44000.0,Source Verified,credit_card,FL,31.21,2.0,665.0,669.0,0.0,59.7,38.0,Individual,6,High Risk,Manual Review
111620445,17325.0, 36 months,30.17,F,F3,10+ years,OWN,41250.0,Verified,debt_consolidation,GA,33.6,2.0,660.0,664.0,0.0,70.9,20.0,Individual,6,High Risk,Manual Review
111609785,35000.0, 60 months,30.94,G,G4,10+ years,MORTGAGE,110000.0,Verified,debt_consolidation,KS,30.39,0.0,670.0,674.0,1.0,76.2,40.0,Individual,5,High Risk,Manual Review
111296302,16100.0, 60 months,30.89,G,G3,,MORTGAGE,42396.0,Verified,debt_consolidation,WA,32.38,0.0,660.0,664.0,1.0,93.9,21.0,Individual,6,High Risk,Manual Review
111246477,15100.0, 36 months,30.75,F,F5,10+ years,MORTGAGE,85000.0,Source Verified,debt_consolidation,NY,31.65,0.0,700.0,704.0,0.0,69.1,32.0,Individual,5,High Risk,Manual Review
111051831,10400.0, 36 months,30.99,G,G5,4 years,RENT,44000.0,Verified,credit_card,NY,34.36,0.0,670.0,674.0,2.0,76.6,19.0,Individual,5,High Risk,Manual Review
111599610,7500.0, 36 months,24.85,E,E3,10+ years,MORTGAGE,165000.0,Verified,home_improvement,PA,27.88,1.0,665.0,669.0,1.0,95.8,23.0,Individual,5,High Risk,Manual Review
110978069,20800.0, 60 months,18.06,D,D2,10+ years,MORTGAGE,82000.0,Not Verified,credit_card,OH,30.07,1.0,670.0,674.0,0.0,90.3,27.0,Individual,5,High Risk,Manual Review
110731920,35000.0, 36 months,20.0,D,D4,10+ years,RENT,83100.0,Verified,debt_consolidation,CA,31.23,1.0,670.0,674.0,0.0,102.1,22.0,Joint App,5,High Risk,Manual Review
111509752,30350.0, 60 months,26.3,E,E5,4 years,MORTGAGE,66000.0,Verified,debt_consolidation,OH,14.27,1.0,675.0,679.0,0.0,85.5,22.0,Individual,5,High Risk,Manual Review
111408571,10000.0, 36 months,15.05,C,C4,9 years,MORTGAGE,110000.0,Source Verified,vacation,PA,32.73,2.0,680.0,684.0,1.0,83.0,47.0,Individual,5,High Risk,Manual Review
111639269,1800.0, 36 months,30.89,G,G3,7 years,RENT,45000.0,Verified,major_purchase,TX,33.44,1.0,675.0,679.0,1.0,0.0,9.0,Individual,6,High Risk,Manual Review
110581509,13650.0, 36 months,22.91,E,E1,8 years,MORTGAGE,125000.0,Source Verified,credit_card,NY,33.75,0.0,695.0,699.0,0.0,68.0,30.0,Individual,5,High Risk,Manual Review
111717377,15000.0, 60 months,19.03,D,D3,10+ years,MORTGAGE,92000.0,Source Verified,home_improvement,TX,31.89,1.0,680.0,684.0,2.0,85.5,48.0,Individual,5,High Risk,Manual Review
110708876,30000.0, 60 months,29.69,F,F2,10+ years,MORTGAGE,41000.0,Verified,debt_consolidation,VA,38.47,1.0,685.0,689.0,0.0,71.0,13.0,Joint App,6,High Risk,Manual Review
110755256,28800.0, 60 months,23.88,E,E2,< 1 year,MORTGAGE,44500.0,Source Verified,debt_consolidation,GA,37.27,0.0,730.0,734.0,0.0,29.1,21.0,Joint App,5,High Risk,Manual Review
107350603,30000.0, 60 months,26.3,E,E5,10+ years,OWN,65000.0,Source Verified,debt_consolidation,MO,34.4,0.0,740.0,744.0,1.0,40.4,32.0,Individual,5,High Risk,Manual Review
111470643,15775.0, 36 months,26.3,E,E5,10+ years,MORTGAGE,41973.0,Not Verified,other,TX,32.54,1.0,680.0,684.0,0.0,52.7,25.0,Individual,6,High Risk,Manual Review
110726241,6075.0, 36 months,24.85,E,E3,2 years,RENT,19000.0,Verified,debt_consolidation,NY,30.86,0.0,685.0,689.0,0.0,46.5,12.0,Individual,5,High Risk,Manual Review
111090106,3500.0, 36 months,21.45,D,D5,2 years,MORTGAGE,42000.0,Not Verified,other,OH,30.09,1.0,665.0,669.0,0.0,99.0,12.0,Individual,5,High Risk,Manual Review
111048459,7200.0, 36 months,26.3,E,E5,10+ years,RENT,32000.0,Source Verified,debt_consolidation,OH,30.72,1.0,680.0,684.0,1.0,94.6,14.0,Individual,7,High Risk,Manual Review
110013787,20000.0, 60 months,26.3,E,E5,10+ years,RENT,75000.0,Verified,debt_consolidation,FL,6.96,2.0,665.0,669.0,1.0,83.9,6.0,Individual,5,High Risk,Manual Review
111702455,5000.0, 36 months,24.85,E,E3,4 years,RENT,40000.0,Not Verified,other,FL,33.69,0.0,685.0,689.0,0.0,70.4,14.0,Individual,5,High Risk,Manual Review
110754490,19200.0, 36 months,24.85,E,E3,4 years,MORTGAGE,56000.0,Not Verified,credit_card,TN,32.64,0.0,665.0,669.0,2.0,66.9,21.0,Individual,5,High Risk,Manual Review
111053611,2200.0, 36 months,30.79,G,G1,10+ years,MORTGAGE,47000.0,Verified,home_improvement,NY,30.64,0.0,670.0,674.0,3.0,20.7,41.0,Individual,5,High Risk,Manual Review
111106915,20000.0, 60 months,26.3,E,E5,10+ years,MORTGAGE,83000.0,Source Verified,debt_consolidation,VA,32.39,0.0,675.0,679.0,0.0,81.0,28.0,Individual,6,High Risk,Manual Review
110075811,4500.0, 36 months,23.88,E,E2,10+ years,MORTGAGE,43000.0,Source Verified,other,VA,33.94,1.0,690.0,694.0,1.0,59.0,18.0,Individual,6,High Risk,Manual Review
111077075,2000.0, 36 months,26.3,E,E5,1 year,RENT,36000.0,Source Verified,other,AR,34.07,1.0,660.0,664.0,2.0,93.8,52.0,Individual,7,High Risk,Manual Review
109517745,15325.0, 36 months,26.3,E,E5,4 years,MORTGAGE,38328.0,Verified,home_improvement,FL,33.5,0.0,670.0,674.0,0.0,45.9,25.0,Individual,5,High Risk,Manual Review
110793178,16525.0, 36 months,26.3,E,E5,,OWN,25500.0,Verified,debt_consolidation,TX,32.33,0.0,700.0,704.0,1.0,66.7,18.0,Joint App,5,High Risk,Manual Review
110702411,35000.0, 60 months,26.3,E,E5,< 1 year,MORTGAGE,42000.0,Source Verified,debt_consolidation,VA,38.66,2.0,700.0,704.0,0.0,61.8,29.0,Joint App,6,High Risk,Manual Review
110101835,17675.0, 36 months,30.84,G,G2,,MORTGAGE,56000.0,Verified,debt_consolidation,CA,30.56,0.0,685.0,689.0,0.0,57.3,13.0,Individual,5,High Risk,Manual Review
111671760,16025.0, 60 months,30.65,F,F4,4 years,OWN,60000.0,Source Verified,credit_card,PA,32.84,2.0,685.0,689.0,0.0,56.7,36.0,Individual,6,High Risk,Manual Review
111078620,6000.0, 36 months,22.91,E,E1,10+ years,OWN,73000.0,Source Verified,small_business,TX,34.49,2.0,695.0,699.0,4.0,43.4,45.0,Individual,6,High Risk,Manual Review
110759633,27850.0, 36 months,30.75,F,F5,< 1 year,MORTGAGE,82000.0,Source Verified,debt_consolidation,IL,34.36,0.0,680.0,684.0,0.0,51.3,68.0,Joint App,5,High Risk,Manual Review
110500766,17450.0, 36 months,24.85,E,E3,,MORTGAGE,14000.0,Verified,debt_consolidation,FL,43.83,1.0,670.0,674.0,1.0,32.9,17.0,Joint App,6,High Risk,Manual Review
111413010,12450.0, 60 months,29.69,F,F2,9 years,MORTGAGE,33800.0,Source Verified,debt_consolidation,TN,31.68,0.0,710.0,714.0,0.0,98.4,42.0,Individual,6,High Risk,Manual Review
110085737,19250.0, 36 months,30.99,G,G5,< 1 year,RENT,5000.0,Source Verified,medical,MO,287.26,0.0,670.0,674.0,1.0,41.2,36.0,Joint App,5,High Risk,Manual Review
110817392,30000.0, 60 months,30.75,F,F5,10+ years,MORTGAGE,67000.0,Source Verified,debt_consolidation,OH,23.16,2.0,660.0,664.0,1.0,82.4,32.0,Individual,5,High Risk,Manual Review
110349753,1400.0, 36 months,23.88,E,E2,5 years,RENT,78000.0,Not Verified,medical,CA,19.83,1.0,660.0,664.0,1.0,80.2,47.0,Individual,5,High Risk,Manual Review
111105110,19625.0, 60 months,26.3,E,E5,< 1 year,RENT,28500.0,Verified,debt_consolidation,GA,79.26,0.0,700.0,704.0,0.0,35.3,31.0,Joint App,5,High Risk,Manual Review
111098867,13500.0, 36 months,30.84,G,G2,< 1 year,RENT,29000.0,Verified,debt_consolidation,CA,46.11,0.0,705.0,709.0,3.0,32.0,13.0,Joint App,5,High Risk,Manual Review
111074275,6000.0, 36 months,22.91,E,E1,10+ years,MORTGAGE,75000.0,Verified,moving,FL,38.2,0.0,695.0,699.0,1.0,80.3,39.0,Joint App,6,High Risk,Manual Review
110817113,2400.0, 36 months,22.91,E,E1,10+ years,MORTGAGE,48426.0,Source Verified,major_purchase,NC,32.37,0.0,690.0,694.0,2.0,69.3,24.0,Individual,5,High Risk,Manual Review
111104207,17500.0, 60 months,26.3,E,E5,10+ years,MORTGAGE,153000.0,Source Verified,debt_consolidation,VA,33.91,0.0,690.0,694.0,0.0,72.2,67.0,Individual,5,High Risk,Manual Review
111528206,20000.0, 36 months,23.88,E,E2,10+ years,RENT,40000.0,Source Verified,debt_consolidation,CA,33.48,0.0,670.0,674.0,0.0,43.2,11.0,Individual,5,High Risk,Manual Review
109739131,14000.0, 36 months,22.91,E,E1,10+ years,MORTGAGE,103000.0,Verified,debt_consolidation,PA,31.64,0.0,705.0,709.0,2.0,52.1,30.0,Individual,5,High Risk,Manual Review
110887237,8375.0, 36 months,26.3,E,E5,2 years,OWN,47610.0,Source Verified,debt_consolidation,TN,32.52,0.0,680.0,684.0,0.0,87.0,7.0,Individual,6,High Risk,Manual Review
110835145,17600.0, 60 months,26.3,E,E5,2 years,MORTGAGE,45000.0,Not Verified,debt_consolidation,VA,30.19,0.0,750.0,754.0,1.0,17.8,37.0,Individual,5,High Risk,Manual Review
111417980,1500.0, 36 months,23.88,E,E2,7 years,RENT,50000.0,Not Verified,debt_consolidation,CA,30.86,0.0,700.0,704.0,1.0,31.1,21.0,Individual,5,High Risk,Manual Review
109607353,20700.0, 36 months,28.72,F,F1,,MORTGAGE,46000.0,Verified,debt_consolidation,MI,33.68,0.0,670.0,674.0,3.0,78.0,24.0,Individual,5,High Risk,Manual Review
110712411,15000.0, 60 months,26.3,E,E5,10+ years,MORTGAGE,90000.0,Source Verified,debt_consolidation,CA,28.21,1.0,660.0,664.0,1.0,80.7,43.0,Individual,5,High Risk,Manual Review
111080992,2200.0, 36 months,23.88,E,E2,8 years,RENT,42000.0,Verified,other,WA,32.14,0.0,665.0,669.0,1.0,29.5,15.0,Individual,5,High Risk,Manual Review
111067638,20000.0, 60 months,26.3,E,E5,10+ years,RENT,150000.0,Source Verified,debt_consolidation,MD,7.64,2.0,660.0,664.0,0.0,87.1,15.0,Individual,5,High Risk,Manual Review
111016681,11300.0, 36 months,30.75,F,F5,2 years,RENT,58000.0,Verified,debt_consolidation,MI,34.02,0.0,675.0,679.0,3.0,29.4,47.0,Individual,5,High Risk,Manual Review
110001726,24000.0, 60 months,26.3,E,E5,10+ years,MORTGAGE,48000.0,Source Verified,debt_consolidation,WA,32.45,1.0,725.0,729.0,2.0,48.0,16.0,Joint App,6,High Risk,Manual Review
110856450,16000.0, 60 months,25.82,E,E4,10+ years,MORTGAGE,70000.0,Verified,debt_consolidation,NY,32.71,0.0,730.0,734.0,0.0,28.5,33.0,Individual,5,High Risk,Manual Review
110381079,16425.0, 60 months,30.17,F,F3,10+ years,MORTGAGE,90000.0,Verified,debt_consolidation,KY,27.52,1.0,670.0,674.0,0.0,100.2,18.0,Joint App,5,High Risk,Manual Review
110758738,30000.0, 60 months,30.89,G,G3,9 years,MORTGAGE,80000.0,Verified,credit_card,IN,38.96,0.0,660.0,664.0,0.0,97.0,23.0,Joint App,6,High Risk,Manual Review
110792422,22450.0, 60 months,26.3,E,E5,,RENT,13272.0,Verified,debt_consolidation,GA,51.45,0.0,660.0,664.0,0.0,76.9,11.0,Joint App,5,High Risk,Manual Review
111276618,18000.0, 60 months,30.79,G,G1,5 years,MORTGAGE,186000.0,Verified,moving,LA,33.87,0.0,710.0,714.0,1.0,55.3,39.0,Individual,5,High Risk,Manual Review
109740079,30000.0, 60 months,19.03,D,D3,10+ years,RENT,91224.0,Verified,debt_consolidation,CO,30.79,1.0,680.0,684.0,0.0,93.2,32.0,Individual,5,High Risk,Manual Review
110578922,9600.0, 36 months,24.85,E,E3,10+ years,OWN,72000.0,Verified,debt_consolidation,NH,33.9,0.0,690.0,694.0,0.0,83.7,23.0,Individual,6,High Risk,Manual Review
110985447,16000.0, 60 months,23.88,E,E2,10+ years,OWN,62000.0,Not Verified,debt_consolidation,TX,34.82,1.0,735.0,739.0,1.0,30.8,26.0,Individual,6,High Risk,Manual Review
110683155,23000.0, 60 months,30.17,F,F3,3 years,RENT,48000.0,Verified,debt_consolidation,TN,48.45,0.0,695.0,699.0,1.0,7.9,13.0,Joint App,5,High Risk,Manual Review
110417763,13175.0, 36 months,19.03,D,D3,10+ years,MORTGAGE,62000.0,Verified,debt_consolidation,WY,30.93,2.0,660.0,664.0,1.0,93.0,28.0,Individual,5,High Risk,Manual Review
110578213,6000.0, 36 months,24.85,E,E3,< 1 year,RENT,20000.0,Verified,debt_consolidation,NC,31.75,0.0,670.0,674.0,0.0,76.0,13.0,Individual,5,High Risk,Manual Review
110690375,2000.0, 36 months,24.85,E,E3,< 1 year,MORTGAGE,45000.0,Source Verified,debt_consolidation,IN,28.83,3.0,665.0,669.0,0.0,81.5,26.0,Joint App,5,High Risk,Manual Review
111129502,7000.0, 36 months,23.88,E,E2,1 year,MORTGAGE,59500.0,Source Verified,debt_consolidation,IL,32.45,0.0,665.0,669.0,1.0,87.3,21.0,Individual,6,High Risk,Manual Review
111112600,18600.0, 60 months,26.3,E,E5,10+ years,MORTGAGE,55000.0,Not Verified,debt_consolidation,KY,32.97,0.0,675.0,679.0,2.0,40.2,39.0,Individual,5,High Risk,Manual Review
109515541,12500.0, 60 months,30.79,G,G1,2 years,OWN,39000.0,Verified,debt_consolidation,NY,33.66,0.0,700.0,704.0,3.0,36.0,18.0,Individual,5,High Risk,Manual Review
109348638,16800.0, 36 months,18.06,D,D2,9 years,RENT,45000.0,Not Verified,debt_consolidation,MN,30.32,7.0,675.0,679.0,0.0,97.8,49.0,Individual,5,High Risk,Manual Review
111077559,24950.0, 60 months,30.79,G,G1,5 years,RENT,52000.0,Source Verified,debt_consolidation,OR,33.39,0.0,680.0,684.0,0.0,68.7,17.0,Individual,5,High Risk,Manual Review
110750000,25000.0, 60 months,26.3,E,E5,,MORTGAGE,4738.8,Verified,debt_consolidation,OK,415.74,0.0,695.0,699.0,0.0,85.1,17.0,Joint App,6,High Risk,Manual Review
110663202,10000.0, 60 months,30.75,F,F5,< 1 year,MORTGAGE,80000.0,Not Verified,home_improvement,KY,25.84,1.0,675.0,679.0,3.0,84.6,26.0,Joint App,5,High Risk,Manual Review
110687232,14000.0, 60 months,30.17,F,F3,,MORTGAGE,56630.0,Not Verified,home_improvement,CA,31.1,0.0,690.0,694.0,1.0,31.4,16.0,Individual,5,High Risk,Manual Review
110347525,35000.0, 60 months,30.94,G,G4,4 years,RENT,100000.0,Verified,credit_card,CA,34.24,0.0,680.0,684.0,0.0,83.8,20.0,Individual,6,High Risk,Manual Review
109843543,3200.0, 36 months,26.3,E,E5,10+ years,RENT,42000.0,Verified,credit_card,TX,11.89,1.0,665.0,669.0,0.0,93.1,4.0,Individual,5,High Risk,Manual Review
110033763,20000.0, 60 months,26.3,E,E5,6 years,MORTGAGE,127522.0,Source Verified,home_improvement,NJ,31.16,0.0,670.0,674.0,0.0,88.6,19.0,Individual,6,High Risk,Manual Review
110895220,34025.0, 60 months,26.3,E,E5,10+ years,MORTGAGE,74000.0,Source Verified,debt_consolidation,MS,31.79,0.0,685.0,689.0,1.0,70.3,18.0,Individual,5,High Risk,Manual Review
110569704,16475.0, 60 months,22.91,E,E1,10+ years,RENT,61000.0,Verified,credit_card,TX,31.89,0.0,675.0,679.0,0.0,92.0,13.0,Individual,6,High Risk,Manual Review
110465806,15400.0, 60 months,26.3,E,E5,10+ years,MORTGAGE,35000.0,Source Verified,credit_card,GA,34.88,1.0,660.0,664.0,0.0,75.3,8.0,Individual,6,High Risk,Manual Review
110754297,13000.0, 36 months,25.82,E,E4,< 1 year,RENT,39000.0,Source Verified,debt_consolidation,CO,31.94,1.0,665.0,669.0,1.0,88.3,19.0,Joint App,7,High Risk,Manual Review
110955203,35000.0, 60 months,23.88,E,E2,9 years,MORTGAGE,125000.0,Verified,debt_consolidation,MS,20.46,1.0,670.0,674.0,0.0,90.0,37.0,Individual,5,High Risk,Manual Review
110420465,16000.0, 60 months,30.79,G,G1,10+ years,OWN,65000.0,Source Verified,home_improvement,TX,31.26,0.0,660.0,664.0,0.0,49.3,31.0,Individual,5,High Risk,Manual Review
110364545,30000.0, 60 months,28.72,F,F1,9 years,MORTGAGE,60000.0,Not Verified,debt_consolidation,FL,31.39,0.0,665.0,669.0,0.0,65.7,39.0,Joint App,5,High Risk,Manual Review
110875925,8400.0, 36 months,26.3,E,E5,2 years,RENT,50000.0,Verified,debt_consolidation,CA,32.98,0.0,695.0,699.0,1.0,44.0,17.0,Individual,5,High Risk,Manual Review
110666892,12000.0, 60 months,30.65,F,F4,1 year,RENT,14000.0,Source Verified,credit_card,OR,94.77,0.0,665.0,669.0,1.0,77.0,22.0,Joint App,5,High Risk,Manual Review
110520800,14400.0, 36 months,15.05,C,C4,9 years,MORTGAGE,38480.0,Verified,debt_consolidation,MI,32.35,1.0,660.0,664.0,0.0,88.0,25.0,Individual,5,High Risk,Manual Review
110580878,30000.0, 36 months,24.85,E,E3,6 years,OWN,72000.0,Source Verified,debt_consolidation,MS,33.35,1.0,670.0,674.0,0.0,52.9,28.0,Individual,6,High Risk,Manual Review
111054312,7675.0, 36 months,30.84,G,G2,10+ years,OWN,24000.0,Verified,debt_consolidation,NY,33.65,0.0,715.0,719.0,2.0,54.1,25.0,Individual,5,High Risk,Manual Review
110674635,3000.0, 36 months,25.82,E,E4,1 year,RENT,27000.0,Source Verified,debt_consolidation,TX,34.31,0.0,715.0,719.0,2.0,8.4,12.0,Individual,5,High Risk,Manual Review
110749707,21000.0, 60 months,30.17,F,F3,4 years,RENT,54000.0,Verified,debt_consolidation,GA,30.62,0.0,705.0,709.0,1.0,67.7,9.0,Individual,5,High Risk,Manual Review
111108313,15850.0, 60 months,26.3,E,E5,3 years,MORTGAGE,100000.0,Not Verified,debt_consolidation,NC,33.04,0.0,705.0,709.0,0.0,89.3,27.0,Individual,6,High Risk,Manual Review
111037618,24000.0, 60 months,26.3,E,E5,10+ years,MORTGAGE,110000.0,Not Verified,debt_consolidation,GA,33.93,0.0,705.0,709.0,0.0,65.2,43.0,Individual,5,High Risk,Manual Review
110846266,35000.0, 60 months,30.99,G,G5,2 years,OWN,88620.0,Source Verified,debt_consolidation,NC,32.9,1.0,700.0,704.0,0.0,39.6,32.0,Individual,6,High Risk,Manual Review
110368048,14000.0, 36 months,23.88,E,E2,6 years,RENT,99000.0,Source Verified,debt_consolidation,TX,32.02,0.0,720.0,724.0,1.0,16.4,35.0,Individual,5,High Risk,Manual Review
110716360,30000.0, 60 months,30.17,F,F3,3 years,MORTGAGE,60000.0,Source Verified,home_improvement,FL,32.4,1.0,715.0,719.0,1.0,27.7,40.0,Individual,6,High Risk,Manual Review
111105344,15000.0, 36 months,22.91,E,E1,9 years,RENT,47675.0,Verified,debt_consolidation,FL,34.86,0.0,700.0,704.0,2.0,38.3,25.0,Individual,5,High Risk,Manual Review
110733672,1025.0, 36 months,20.0,D,D4,< 1 year,RENT,39000.0,Verified,debt_consolidation,ND,30.43,2.0,660.0,664.0,0.0,81.9,13.0,Individual,5,High Risk,Manual Review
110429954,8000.0, 36 months,23.88,E,E2,,MORTGAGE,35000.0,Verified,house,AZ,32.21,0.0,660.0,664.0,2.0,18.0,37.0,Individual,5,High Risk,Manual Review
111060063,16000.0, 60 months,30.79,G,G1,< 1 year,MORTGAGE,68000.0,Verified,debt_consolidation,TX,32.45,0.0,660.0,664.0,0.0,67.8,15.0,Individual,5,High Risk,Manual Review
109923785,14325.0, 60 months,26.3,E,E5,8 years,MORTGAGE,125000.0,Source Verified,debt_consolidation,VA,34.38,0.0,675.0,679.0,0.0,94.5,32.0,Individual,6,High Risk,Manual Review
110707814,26300.0, 36 months,29.69,F,F2,,MORTGAGE,62628.0,Verified,debt_consolidation,FL,31.58,0.0,705.0,709.0,0.0,98.9,11.0,Individual,6,High Risk,Manual Review
110481119,6000.0, 36 months,25.82,E,E4,10+ years,MORTGAGE,57028.0,Verified,debt_consolidation,WI,32.76,0.0,680.0,684.0,3.0,49.1,37.0,Individual,5,High Risk,Manual Review
110619893,15125.0, 60 months,29.69,F,F2,5 years,RENT,56000.0,Verified,debt_consolidation,FL,31.87,0.0,680.0,684.0,2.0,99.0,17.0,Individual,6,High Risk,Manual Review
110704159,15950.0, 36 months,25.82,E,E4,10+ years,OWN,38000.0,Verified,debt_consolidation,NY,32.98,0.0,660.0,664.0,1.0,47.0,26.0,Individual,5,High Risk,Manual Review
110637679,14000.0, 60 months,22.91,E,E1,< 1 year,RENT,36000.0,Verified,credit_card,SC,30.13,0.0,680.0,684.0,0.0,99.0,18.0,Individual,6,High Risk,Manual Review
110735482,9800.0, 36 months,30.17,F,F3,10+ years,MORTGAGE,26000.0,Verified,credit_card,OH,33.61,0.0,675.0,679.0,1.0,48.0,46.0,Individual,5,High Risk,Manual Review
110479459,13125.0, 60 months,23.88,E,E2,7 years,MORTGAGE,36800.0,Verified,debt_consolidation,FL,33.7,0.0,715.0,719.0,0.0,46.0,19.0,Individual,5,High Risk,Manual Review
110610076,35000.0, 60 months,30.79,G,G1,1 year,MORTGAGE,130000.0,Source Verified,debt_consolidation,RI,30.07,0.0,685.0,689.0,0.0,74.7,24.0,Individual,5,High Risk,Manual Review
110418036,40000.0, 60 months,30.65,F,F4,8 years,RENT,90000.0,Verified,debt_consolidation,NJ,30.15,0.0,680.0,684.0,0.0,65.5,12.0,Individual,5,High Risk,Manual Review
110733976,16275.0, 36 months,29.69,F,F2,2 years,OWN,52000.0,Source Verified,debt_consolidation,KY,30.91,1.0,660.0,664.0,2.0,18.3,34.0,Individual,6,High Risk,Manual Review
109980739,30000.0, 60 months,26.3,E,E5,5 years,OWN,121000.0,Source Verified,debt_consolidation,FL,32.39,1.0,665.0,669.0,0.0,72.9,28.0,Individual,6,High Risk,Manual Review
110708659,35000.0, 60 months,30.79,G,G1,7 years,MORTGAGE,90000.0,Verified,credit_card,FL,13.16,1.0,660.0,664.0,0.0,83.7,19.0,Individual,5,High Risk,Manual Review
110420251,6850.0, 36 months,30.75,F,F5,8 years,MORTGAGE,81625.0,Verified,debt_consolidation,NE,31.3,0.0,675.0,679.0,2.0,91.0,28.0,Individual,6,High Risk,Manual Review
110383128,7000.0, 36 months,24.85,E,E3,10+ years,RENT,21200.0,Source Verified,debt_consolidation,FL,32.0,0.0,680.0,684.0,1.0,35.6,11.0,Individual,5,High Risk,Manual Review
110675000,20000.0, 60 months,26.3,E,E5,10+ years,MORTGAGE,24800.0,Verified,debt_consolidation,OH,71.01,0.0,675.0,679.0,0.0,78.5,17.0,Joint App,5,High Risk,Manual Review
110000766,17950.0, 60 months,30.89,G,G3,6 years,RENT,65000.0,Not Verified,debt_consolidation,CA,32.4,0.0,675.0,679.0,0.0,38.0,28.0,Individual,5,High Risk,Manual Review
110530823,3500.0, 36 months,24.85,E,E3,10+ years,MORTGAGE,54000.0,Source Verified,other,NC,30.27,0.0,660.0,664.0,2.0,13.5,25.0,Individual,5,High Risk,Manual Review
111097435,10425.0, 60 months,24.85,E,E3,< 1 year,RENT,29000.0,Not Verified,debt_consolidation,NC,33.11,0.0,710.0,714.0,0.0,50.5,13.0,Individual,5,High Risk,Manual Review
111050615,10000.0, 36 months,25.82,E,E4,10+ years,MORTGAGE,99000.0,Source Verified,other,CO,32.48,0.0,685.0,689.0,2.0,68.5,35.0,Individual,5,High Risk,Manual Review
110499627,10000.0, 60 months,29.69,F,F2,2 years,RENT,57000.0,Not Verified,debt_consolidation,OH,31.17,0.0,660.0,664.0,3.0,,11.0,Individual,5,High Risk,Manual Review
110710684,16150.0, 36 months,26.3,E,E5,< 1 year,MORTGAGE,45000.0,Source Verified,credit_card,SC,31.81,0.0,690.0,694.0,0.0,56.4,31.0,Individual,5,High Risk,Manual Review
109202900,19025.0, 60 months,30.84,G,G2,< 1 year,RENT,54088.0,Source Verified,debt_consolidation,WA,34.38,0.0,675.0,679.0,0.0,65.2,42.0,Individual,5,High Risk,Manual Review
110579215,16000.0, 60 months,26.3,E,E5,,MORTGAGE,7884.0,Not Verified,debt_consolidation,FL,157.07,2.0,660.0,664.0,1.0,67.5,20.0,Joint App,6,High Risk,Manual Review
110529530,7025.0, 36 months,30.65,F,F4,10+ years,MORTGAGE,50000.0,Source Verified,debt_consolidation,NJ,34.79,3.0,690.0,694.0,1.0,39.3,28.0,Individual,6,High Risk,Manual Review
110282663,25850.0, 60 months,26.3,E,E5,< 1 year,RENT,105000.0,Verified,debt_consolidation,GA,20.3,1.0,675.0,679.0,1.0,83.0,20.0,Individual,5,High Risk,Manual Review
110708184,15200.0, 36 months,25.82,E,E4,3 years,MORTGAGE,50000.0,Source Verified,debt_consolidation,IL,31.42,1.0,705.0,709.0,1.0,37.4,43.0,Individual,6,High Risk,Manual Review
110410173,2025.0, 36 months,16.02,C,C5,10+ years,MORTGAGE,45000.0,Verified,debt_consolidation,VA,33.89,2.0,685.0,689.0,0.0,80.6,13.0,Individual,5,High Risk,Manual Review
110355008,20000.0, 60 months,25.82,E,E4,2 years,MORTGAGE,15000.0,Verified,credit_card,LA,76.8,0.0,690.0,694.0,1.0,76.5,20.0,Joint App,5,High Risk,Manual Review
110509629,30000.0, 60 months,24.85,E,E3,10+ years,OWN,140000.0,Verified,debt_consolidation,AR,30.18,1.0,665.0,669.0,0.0,89.0,39.0,Individual,7,High Risk,Manual Review
110111779,17100.0, 60 months,30.75,F,F5,10+ years,MORTGAGE,45000.0,Verified,debt_consolidation,OH,30.69,0.0,660.0,664.0,0.0,79.6,16.0,Individual,5,High Risk,Manual Review
111052479,5725.0, 36 months,24.85,E,E3,,MORTGAGE,12815.0,Verified,debt_consolidation,SC,43.67,0.0,685.0,689.0,2.0,22.7,22.0,Joint App,5,High Risk,Manual Review
109607677,28800.0, 60 months,29.69,F,F2,,RENT,60000.0,Not Verified,credit_card,FL,34.5,0.0,685.0,689.0,0.0,62.9,21.0,Individual,5,High Risk,Manual Review
110668495,15000.0, 60 months,24.85,E,E3,< 1 year,MORTGAGE,38000.0,Verified,debt_consolidation,MO,43.21,0.0,680.0,684.0,0.0,54.8,22.0,Joint App,5,High Risk,Manual Review
110111226,20000.0, 60 months,23.88,E,E2,4 years,RENT,60000.0,Verified,debt_consolidation,CO,32.98,0.0,670.0,674.0,1.0,69.0,33.0,Individual,5,High Risk,Manual Review
111066961,9600.0, 36 months,19.03,D,D3,10+ years,OWN,97524.0,Not Verified,home_improvement,CA,32.94,3.0,675.0,679.0,0.0,84.9,11.0,Individual,5,High Risk,Manual Review
110727798,7200.0, 36 months,24.85,E,E3,10+ years,RENT,39000.0,Not Verified,debt_consolidation,OH,33.39,0.0,680.0,684.0,1.0,61.2,32.0,Individual,5,High Risk,Manual Review
110639057,24000.0, 60 months,26.3,E,E5,< 1 year,RENT,50000.0,Not Verified,debt_consolidation,AL,43.61,0.0,690.0,694.0,0.0,43.4,33.0,Joint App,5,High Risk,Manual Review
110090161,36000.0, 60 months,26.3,E,E5,9 years,RENT,41000.0,Verified,debt_consolidation,CA,35.98,1.0,690.0,694.0,0.0,60.4,28.0,Joint App,6,High Risk,Manual Review
110346017,16000.0, 60 months,30.89,G,G3,3 years,MORTGAGE,110000.0,Source Verified,credit_card,VA,36.76,1.0,660.0,664.0,0.0,76.5,37.0,Joint App,6,High Risk,Manual Review
110945789,5050.0, 36 months,24.85,E,E3,10+ years,MORTGAGE,75000.0,Source Verified,debt_consolidation,FL,32.45,0.0,710.0,714.0,0.0,99.7,16.0,Individual,6,High Risk,Manual Review
110687817,7800.0, 36 months,23.88,E,E2,10+ years,OWN,23000.0,Not Verified,debt_consolidation,PA,34.86,0.0,710.0,714.0,0.0,29.4,30.0,Individual,5,High Risk,Manual Review
109851517,30225.0, 60 months,24.85,E,E3,5 years,MORTGAGE,85000.0,Verified,debt_consolidation,FL,19.07,1.0,680.0,684.0,2.0,85.0,27.0,Individual,5,High Risk,Manual Review
111015913,8000.0, 36 months,30.84,G,G2,4 years,OWN,62000.0,Source Verified,car,TX,31.22,0.0,675.0,679.0,2.0,16.4,21.0,Individual,5,High Risk,Manual Review
110528072,35000.0, 36 months,30.75,F,F5,2 years,RENT,105000.0,Source Verified,debt_consolidation,NJ,30.7,0.0,660.0,664.0,0.0,77.6,32.0,Individual,5,High Risk,Manual Review
111047967,8500.0, 36 months,22.91,E,E1,5 years,MORTGAGE,28000.0,Verified,debt_consolidation,IL,34.38,0.0,705.0,709.0,2.0,49.9,17.0,Individual,5,High Risk,Manual Review
110710055,12000.0, 36 months,30.79,G,G1,,RENT,36396.0,Verified,debt_consolidation,PA,33.73,0.0,670.0,674.0,1.0,52.5,17.0,Individual,5,High Risk,Manual Review
110032083,8875.0, 36 months,29.69,F,F2,1 year,MORTGAGE,22880.0,Verified,debt_consolidation,PA,40.29,0.0,660.0,664.0,3.0,71.4,17.0,Joint App,5,High Risk,Manual Review
111076536,25000.0, 36 months,23.88,E,E2,10+ years,MORTGAGE,65000.0,Not Verified,debt_consolidation,MO,32.4,0.0,680.0,684.0,0.0,46.4,45.0,Individual,5,High Risk,Manual Review
110521624,35000.0, 60 months,26.3,E,E5,10+ years,RENT,650000.0,Verified,other,MI,7.36,1.0,665.0,669.0,2.0,85.0,32.0,Individual,5,High Risk,Manual Review
110089929,12650.0, 60 months,30.65,F,F4,10+ years,MORTGAGE,36000.0,Verified,debt_consolidation,TN,32.47,0.0,695.0,699.0,0.0,71.4,36.0,Individual,5,High Risk,Manual Review
110796375,11425.0, 60 months,28.72,F,F1,,OWN,36000.0,Not Verified,debt_consolidation,TX,34.5,0.0,715.0,719.0,0.0,61.8,24.0,Individual,5,High Risk,Manual Review
111070632,26675.0, 60 months,30.89,G,G3,10+ years,RENT,58000.0,Verified,debt_consolidation,TX,31.6,0.0,680.0,684.0,0.0,72.3,26.0,Individual,5,High Risk,Manual Review
110491355,33000.0, 60 months,24.85,E,E3,9 years,RENT,130000.0,Not Verified,debt_consolidation,CA,34.99,0.0,690.0,694.0,0.0,83.8,36.0,Individual,6,High Risk,Manual Review
111058997,35000.0, 36 months,21.45,D,D5,9 years,MORTGAGE,150000.0,Not Verified,home_improvement,CT,30.36,1.0,665.0,669.0,0.0,81.3,57.0,Individual,5,High Risk,Manual Review
111051442,7200.0, 36 months,26.3,E,E5,10+ years,MORTGAGE,102500.0,Source Verified,debt_consolidation,OH,5.61,2.0,660.0,664.0,0.0,90.9,22.0,Individual,5,High Risk,Manual Review
111050638,8000.0, 36 months,22.91,E,E1,2 years,RENT,50000.0,Source Verified,credit_card,AZ,34.3,1.0,690.0,694.0,0.0,69.3,27.0,Individual,6,High Risk,Manual Review
109972084,24425.0, 60 months,30.79,G,G1,10+ years,MORTGAGE,110000.0,Verified,debt_consolidation,FL,32.9,0.0,680.0,684.0,0.0,80.6,30.0,Individual,6,High Risk,Manual Review
110666040,35000.0, 36 months,26.3,E,E5,10+ years,RENT,154000.0,Source Verified,debt_consolidation,CA,33.06,0.0,665.0,669.0,1.0,72.8,36.0,Individual,5,High Risk,Manual Review
110667506,26425.0, 60 months,30.89,G,G3,9 years,MORTGAGE,96471.0,Source Verified,debt_consolidation,GA,31.72,0.0,715.0,719.0,0.0,48.6,34.0,Individual,5,High Risk,Manual Review
110681600,12000.0, 60 months,28.72,F,F1,10+ years,RENT,45000.0,Not Verified,credit_card,CA,31.73,0.0,670.0,674.0,2.0,47.3,34.0,Individual,5,High Risk,Manual Review
109881210,12000.0, 36 months,30.17,F,F3,4 years,RENT,50000.0,Source Verified,debt_consolidation,PA,33.39,0.0,670.0,674.0,0.0,79.9,10.0,Individual,5,High Risk,Manual Review
110348991,35000.0, 36 months,19.03,D,D3,< 1 year,MORTGAGE,119000.0,Verified,debt_consolidation,MN,30.01,1.0,680.0,684.0,0.0,82.0,23.0,Joint App,5,High Risk,Manual Review
110658440,3700.0, 36 months,29.69,F,F2,10+ years,MORTGAGE,42556.0,Verified,home_improvement,NV,34.4,2.0,665.0,669.0,0.0,44.9,7.0,Joint App,6,High Risk,Manual Review
110231809,28000.0, 60 months,29.69,F,F2,3 years,OWN,80000.0,Verified,debt_consolidation,NY,14.7,1.0,660.0,664.0,0.0,90.1,16.0,Individual,5,High Risk,Manual Review
110577861,15950.0, 60 months,23.88,E,E2,1 year,MORTGAGE,70000.0,Verified,debt_consolidation,NV,31.12,0.0,730.0,734.0,0.0,22.0,16.0,Individual,5,High Risk,Manual Review
110660160,6000.0, 36 months,25.82,E,E4,8 years,MORTGAGE,43000.0,Verified,debt_consolidation,VA,53.75,0.0,665.0,669.0,1.0,83.2,19.0,Joint App,6,High Risk,Manual Review
110016295,35000.0, 36 months,30.79,G,G1,< 1 year,MORTGAGE,90000.0,Verified,debt_consolidation,MD,30.01,0.0,675.0,679.0,1.0,90.5,20.0,Joint App,6,High Risk,Manual Review
110538407,10000.0, 36 months,23.88,E,E2,1 year,RENT,25000.0,Source Verified,vacation,TX,34.23,0.0,710.0,714.0,0.0,57.1,19.0,Individual,5,High Risk,Manual Review
109370671,26125.0, 36 months,29.69,F,F2,,MORTGAGE,10000.0,Verified,debt_consolidation,FL,183.19,0.0,665.0,669.0,0.0,65.4,32.0,Joint App,5,High Risk,Manual Review
109544307,36000.0, 60 months,30.65,F,F4,10+ years,OWN,125000.0,Verified,debt_consolidation,LA,30.37,1.0,685.0,689.0,0.0,61.3,42.0,Individual,6,High Risk,Manual Review
109301407,10000.0, 60 months,26.3,E,E5,3 years,RENT,50000.0,Source Verified,debt_consolidation,IL,22.9,1.0,660.0,664.0,1.0,80.8,41.0,Individual,5,High Risk,Manual Review
110162415,35000.0, 60 months,26.3,E,E5,< 1 year,MORTGAGE,35000.0,Verified,debt_consolidation,IL,64.61,0.0,690.0,694.0,1.0,81.5,19.0,Joint App,6,High Risk,Manual Review
109939598,7225.0, 36 months,20.0,D,D4,< 1 year,MORTGAGE,37500.0,Source Verified,credit_card,MA,32.51,1.0,675.0,679.0,0.0,86.1,46.0,Individual,5,High Risk,Manual Review
110687859,33500.0, 60 months,24.85,E,E3,2 years,MORTGAGE,131040.0,Not Verified,debt_consolidation,NJ,31.42,0.0,695.0,699.0,4.0,34.2,64.0,Individual,5,High Risk,Manual Review
110001522,11200.0, 60 months,15.05,C,C4,10+ years,RENT,81000.0,Not Verified,other,CA,34.59,2.0,665.0,669.0,0.0,81.4,41.0,Individual,5,High Risk,Manual Review
110529630,35000.0, 60 months,30.65,F,F4,1 year,MORTGAGE,100000.0,Verified,debt_consolidation,MN,30.49,0.0,670.0,674.0,0.0,83.3,15.0,Individual,6,High Risk,Manual Review
110548428,28000.0, 60 months,26.3,E,E5,10+ years,MORTGAGE,101000.0,Verified,debt_consolidation,NE,31.32,0.0,705.0,709.0,0.0,53.0,27.0,Individual,5,High Risk,Manual Review
110368420,8275.0, 36 months,25.82,E,E4,2 years,RENT,23000.0,Source Verified,credit_card,MA,31.58,0.0,710.0,714.0,0.0,21.8,18.0,Individual,5,High Risk,Manual Review
110357012,10000.0, 36 months,30.65,F,F4,3 years,RENT,19000.0,Verified,debt_consolidation,CA,75.87,0.0,660.0,664.0,3.0,66.2,11.0,Joint App,5,High Risk,Manual Review
110049021,16000.0, 60 months,28.72,F,F1,< 1 year,MORTGAGE,48000.0,Source Verified,debt_consolidation,AR,47.48,1.0,680.0,684.0,3.0,42.1,24.0,Joint App,6,High Risk,Manual Review
110002048,18000.0, 60 months,30.65,F,F4,< 1 year,MORTGAGE,55000.0,Verified,debt_consolidation,MO,43.97,1.0,680.0,684.0,1.0,94.7,40.0,Joint App,7,High Risk,Manual Review
110885424,25000.0, 60 months,29.69,F,F2,10+ years,MORTGAGE,60000.0,Verified,other,IL,27.7,1.0,660.0,664.0,0.0,90.8,16.0,Individual,5,High Risk,Manual Review
110732427,4000.0, 36 months,30.89,G,G3,10+ years,MORTGAGE,67000.0,Verified,other,NY,32.04,0.0,670.0,674.0,1.0,42.4,23.0,Individual,5,High Risk,Manual Review
109319640,35000.0, 36 months,25.82,E,E4,< 1 year,MORTGAGE,8000.0,Verified,debt_consolidation,CA,586.79,0.0,665.0,669.0,2.0,70.8,22.0,Joint App,5,High Risk,Manual Review
110491573,12000.0, 60 months,30.79,G,G1,10+ years,OWN,48000.0,Not Verified,credit_card,MI,40.08,1.0,670.0,674.0,3.0,64.4,28.0,Joint App,6,High Risk,Manual Review
109661231,16250.0, 60 months,30.65,F,F4,3 years,OWN,42000.0,Verified,debt_consolidation,NY,30.34,0.0,685.0,689.0,2.0,57.0,33.0,Individual,5,High Risk,Manual Review
110517673,2300.0, 36 months,25.82,E,E4,9 years,RENT,33000.0,Verified,other,MO,30.47,0.0,660.0,664.0,0.0,93.0,10.0,Individual,6,High Risk,Manual Review
110436595,25000.0, 60 months,26.3,E,E5,10+ years,MORTGAGE,84000.0,Verified,debt_consolidation,NV,21.97,1.0,660.0,664.0,0.0,87.2,27.0,Individual,5,High Risk,Manual Review
110087396,7000.0, 36 months,26.3,E,E5,10+ years,RENT,75000.0,Source Verified,debt_consolidation,NJ,30.58,0.0,685.0,689.0,1.0,78.4,28.0,Individual,5,High Risk,Manual Review
110411345,30000.0, 60 months,25.82,E,E4,7 years,MORTGAGE,68000.0,Verified,debt_consolidation,NJ,33.09,0.0,670.0,674.0,1.0,67.0,28.0,Individual,5,High Risk,Manual Review
110331792,29650.0, 36 months,24.85,E,E3,,RENT,70626.0,Verified,debt_consolidation,NY,33.24,0.0,665.0,669.0,0.0,81.3,36.0,Individual,6,High Risk,Manual Review
109671275,16000.0, 36 months,30.17,F,F3,< 1 year,RENT,45600.0,Source Verified,debt_consolidation,NC,33.21,0.0,670.0,674.0,1.0,69.5,28.0,Joint App,5,High Risk,Manual Review
110471487,25600.0, 36 months,30.79,G,G1,,RENT,61000.0,Verified,debt_consolidation,GA,32.97,0.0,690.0,694.0,0.0,52.6,37.0,Individual,5,High Risk,Manual Review
109649796,28800.0, 60 months,26.3,E,E5,3 years,RENT,27300.0,Source Verified,debt_consolidation,CA,68.95,0.0,685.0,689.0,1.0,40.2,18.0,Joint App,5,High Risk,Manual Review
110261325,3700.0, 36 months,30.75,F,F5,5 years,OWN,32000.0,Source Verified,other,VT,30.16,0.0,745.0,749.0,0.0,37.8,23.0,Individual,5,High Risk,Manual Review
109831603,10500.0, 60 months,23.88,E,E2,< 1 year,MORTGAGE,30000.0,Verified,debt_consolidation,MI,30.04,1.0,665.0,669.0,0.0,79.0,8.0,Individual,6,High Risk,Manual Review
110380592,19200.0, 60 months,29.69,F,F2,3 years,MORTGAGE,80000.0,Source Verified,debt_consolidation,CA,30.05,1.0,665.0,669.0,0.0,61.5,23.0,Individual,6,High Risk,Manual Review
109172656,10800.0, 36 months,30.89,G,G3,1 year,RENT,30000.0,Verified,debt_consolidation,CO,34.4,1.0,685.0,689.0,0.0,64.1,18.0,Individual,6,High Risk,Manual Review
110409257,20000.0, 36 months,23.88,E,E2,5 years,RENT,50000.0,Source Verified,credit_card,CA,34.59,0.0,670.0,674.0,1.0,43.8,29.0,Individual,5,High Risk,Manual Review
109366261,25000.0, 60 months,26.3,E,E5,10+ years,MORTGAGE,72686.0,Source Verified,credit_card,AL,34.5,1.0,675.0,679.0,2.0,70.6,32.0,Individual,6,High Risk,Manual Review
110383099,6400.0, 36 months,25.82,E,E4,7 years,RENT,38000.0,Verified,other,NM,30.01,0.0,675.0,679.0,0.0,45.9,11.0,Individual,5,High Risk,Manual Review
110487219,15400.0, 60 months,30.17,F,F3,10+ years,OWN,53000.0,Verified,debt_consolidation,TX,30.46,0.0,675.0,679.0,0.0,44.9,31.0,Individual,5,High Risk,Manual Review
109845475,35000.0, 36 months,24.85,E,E3,10+ years,OWN,100000.0,Verified,credit_card,WA,31.35,0.0,700.0,704.0,0.0,68.3,18.0,Individual,5,High Risk,Manual Review
109837902,10075.0, 36 months,30.84,G,G2,6 years,RENT,40000.0,Verified,renewable_energy,TX,22.95,1.0,660.0,664.0,0.0,80.1,42.0,Individual,5,High Risk,Manual Review
110786130,4800.0, 36 months,22.91,E,E1,5 years,MORTGAGE,65000.0,Source Verified,debt_consolidation,AZ,33.12,0.0,715.0,719.0,2.0,4.3,37.0,Individual,5,High Risk,Manual Review
110560078,30000.0, 60 months,30.17,F,F3,10+ years,MORTGAGE,90000.0,Verified,debt_consolidation,GA,34.67,0.0,680.0,684.0,0.0,59.5,29.0,Individual,5,High Risk,Manual Review
110364413,33600.0, 36 months,22.91,E,E1,10+ years,MORTGAGE,70000.0,Source Verified,debt_consolidation,GA,31.91,0.0,700.0,704.0,0.0,60.0,20.0,Individual,5,High Risk,Manual Review
110659491,35000.0, 36 months,26.3,E,E5,8 years,MORTGAGE,140000.0,Verified,debt_consolidation,IN,34.03,0.0,675.0,679.0,2.0,73.7,61.0,Individual,5,High Risk,Manual Review
110561555,8000.0, 36 months,22.91,E,E1,,RENT,32000.0,Not Verified,debt_consolidation,MO,30.46,0.0,700.0,704.0,1.0,18.0,16.0,Individual,5,High Risk,Manual Review
109898051,8700.0, 36 months,25.82,E,E4,1 year,RENT,32000.0,Verified,debt_consolidation,NY,30.95,0.0,665.0,669.0,0.0,43.7,59.0,Individual,5,High Risk,Manual Review
110162851,7500.0, 36 months,23.88,E,E2,1 year,OWN,23700.0,Source Verified,debt_consolidation,TX,33.87,0.0,695.0,699.0,1.0,37.6,29.0,Individual,5,High Risk,Manual Review
110430372,24000.0, 60 months,22.91,E,E1,5 years,RENT,95000.0,Verified,debt_consolidation,AR,30.1,0.0,665.0,669.0,1.0,75.0,18.0,Individual,5,High Risk,Manual Review
110344557,29900.0, 36 months,23.88,E,E2,10+ years,RENT,65000.0,Not Verified,other,NJ,31.82,0.0,665.0,669.0,0.0,24.8,28.0,Individual,5,High Risk,Manual Review
109711077,16850.0, 36 months,24.85,E,E3,10+ years,MORTGAGE,51000.0,Verified,debt_consolidation,NH,34.33,0.0,680.0,684.0,0.0,66.4,23.0,Individual,5,High Risk,Manual Review
108784195,20225.0, 60 months,30.79,G,G1,4 years,RENT,46000.0,Not Verified,debt_consolidation,TN,33.91,0.0,675.0,679.0,0.0,80.4,19.0,Individual,6,High Risk,Manual Review
110222877,7450.0, 36 months,24.85,E,E3,,MORTGAGE,48000.0,Verified,debt_consolidation,IN,31.08,0.0,685.0,689.0,0.0,76.3,18.0,Individual,5,High Risk,Manual Review
110076855,32000.0, 60 months,30.89,G,G3,10+ years,MORTGAGE,125000.0,Verified,debt_consolidation,IL,33.05,0.0,680.0,684.0,1.0,63.8,48.0,Individual,5,High Risk,Manual Review
109963871,10075.0, 60 months,30.17,F,F3,2 years,RENT,40000.0,Not Verified,credit_card,CA,30.75,0.0,700.0,704.0,0.0,37.4,9.0,Individual,5,High Risk,Manual Review
109605390,20000.0, 60 months,26.3,E,E5,1 year,MORTGAGE,87000.0,Source Verified,debt_consolidation,GA,31.85,0.0,705.0,709.0,0.0,78.3,19.0,Individual,5,High Risk,Manual Review
109878751,21600.0, 36 months,24.85,E,E3,< 1 year,RENT,50000.0,Verified,debt_consolidation,MI,46.11,0.0,660.0,664.0,1.0,53.9,31.0,Joint App,5,High Risk,Manual Review
110241557,14925.0, 36 months,18.06,D,D2,10+ years,MORTGAGE,58000.0,Source Verified,debt_consolidation,MA,31.88,1.0,700.0,704.0,0.0,87.0,19.0,Individual,5,High Risk,Manual Review
108935381,12600.0, 60 months,30.79,G,G1,< 1 year,MORTGAGE,81000.0,Source Verified,debt_consolidation,IL,32.71,0.0,670.0,674.0,2.0,41.5,43.0,Individual,5,High Risk,Manual Review
110083276,24000.0, 60 months,25.82,E,E4,< 1 year,MORTGAGE,126872.0,Not Verified,home_improvement,VA,36.13,1.0,695.0,699.0,1.0,55.7,58.0,Joint App,6,High Risk,Manual Review
109732772,19175.0, 60 months,23.88,E,E2,< 1 year,RENT,71000.0,Verified,credit_card,AZ,31.61,0.0,675.0,679.0,0.0,62.0,13.0,Individual,5,High Risk,Manual Review
109881296,24000.0, 60 months,23.88,E,E2,3 years,RENT,64250.0,Verified,debt_consolidation,CA,34.39,0.0,675.0,679.0,4.0,60.0,35.0,Individual,5,High Risk,Manual Review
110464029,20900.0, 60 months,30.94,G,G4,10+ years,OWN,55000.0,Source Verified,credit_card,PA,31.14,2.0,660.0,664.0,0.0,83.5,27.0,Individual,7,High Risk,Manual Review
108262822,1000.0, 36 months,22.91,E,E1,10+ years,OWN,147000.0,Not Verified,medical,AL,29.42,1.0,705.0,709.0,2.0,92.2,43.0,Individual,5,High Risk,Manual Review
110192640,16000.0, 60 months,26.3,E,E5,2 years,MORTGAGE,88000.0,Source Verified,debt_consolidation,TX,32.81,2.0,660.0,664.0,1.0,73.1,32.0,Individual,6,High Risk,Manual Review
110091518,6625.0, 36 months,24.85,E,E3,< 1 year,RENT,20724.0,Verified,debt_consolidation,CA,34.45,1.0,660.0,664.0,1.0,37.4,18.0,Individual,6,High Risk,Manual Review
109670738,9450.0, 36 months,22.91,E,E1,10+ years,MORTGAGE,50000.0,Verified,debt_consolidation,OK,34.13,0.0,690.0,694.0,3.0,54.0,15.0,Individual,5,High Risk,Manual Review
109881785,20150.0, 60 months,26.3,E,E5,10+ years,RENT,51756.0,Verified,debt_consolidation,RI,34.06,0.0,675.0,679.0,1.0,65.0,12.0,Individual,5,High Risk,Manual Review
110221241,28000.0, 60 months,30.65,F,F4,< 1 year,MORTGAGE,73000.0,Source Verified,home_improvement,AZ,34.56,0.0,705.0,709.0,1.0,89.4,29.0,Individual,6,High Risk,Manual Review
109686970,19475.0, 60 months,30.75,F,F5,5 years,MORTGAGE,33000.0,Source Verified,debt_consolidation,FL,25.6,1.0,665.0,669.0,0.0,98.9,23.0,Joint App,5,High Risk,Manual Review
108014597,13200.0, 60 months,24.85,E,E3,3 years,RENT,37000.0,Not Verified,debt_consolidation,FL,32.18,0.0,685.0,689.0,0.0,62.9,21.0,Individual,5,High Risk,Manual Review
110672103,20000.0, 36 months,23.88,E,E2,< 1 year,RENT,28000.0,Not Verified,debt_consolidation,TX,64.73,0.0,665.0,669.0,1.0,90.0,10.0,Joint App,6,High Risk,Manual Review
109607332,18000.0, 60 months,30.75,F,F5,1 year,MORTGAGE,46000.0,Source Verified,debt_consolidation,NY,30.89,2.0,675.0,679.0,0.0,45.2,33.0,Individual,6,High Risk,Manual Review
110703846,3200.0, 36 months,26.3,E,E5,,RENT,16656.0,Verified,moving,CO,12.9,1.0,660.0,664.0,0.0,95.7,11.0,Joint App,5,High Risk,Manual Review
109703835,35000.0, 60 months,30.75,F,F5,< 1 year,RENT,92000.0,Verified,debt_consolidation,CA,31.88,0.0,670.0,674.0,0.0,77.2,12.0,Individual,5,High Risk,Manual Review
110362568,11250.0, 36 months,15.05,C,C4,10+ years,MORTGAGE,103486.0,Source Verified,other,GA,34.95,3.0,670.0,674.0,0.0,86.2,30.0,Joint App,5,High Risk,Manual Review
109902073,7800.0, 36 months,23.88,E,E2,2 years,RENT,34000.0,Verified,debt_consolidation,OH,32.97,0.0,660.0,664.0,2.0,69.8,20.0,Individual,5,High Risk,Manual Review
109606736,29250.0, 60 months,26.3,E,E5,10+ years,OWN,65000.0,Verified,debt_consolidation,TX,33.4,2.0,690.0,694.0,3.0,40.0,26.0,Individual,6,High Risk,Manual Review
109686583,17775.0, 60 months,30.99,G,G5,10+ years,MORTGAGE,27300.0,Verified,credit_card,TN,64.99,0.0,665.0,669.0,1.0,85.7,41.0,Joint App,6,High Risk,Manual Review
109734494,4675.0, 36 months,22.91,E,E1,1 year,RENT,18399.0,Source Verified,debt_consolidation,RI,32.88,0.0,690.0,694.0,1.0,46.1,9.0,Individual,5,High Risk,Manual Review
109690040,16000.0, 36 months,23.88,E,E2,1 year,MORTGAGE,165000.0,Source Verified,debt_consolidation,MI,32.43,0.0,690.0,694.0,4.0,50.6,59.0,Individual,5,High Risk,Manual Review
109809335,32975.0, 60 months,22.91,E,E1,< 1 year,MORTGAGE,205000.0,Verified,debt_consolidation,CT,31.74,0.0,690.0,694.0,2.0,47.0,78.0,Individual,5,High Risk,Manual Review
110272827,23000.0, 60 months,30.89,G,G3,2 years,RENT,65000.0,Verified,debt_consolidation,AL,30.41,0.0,680.0,684.0,0.0,90.3,16.0,Individual,6,High Risk,Manual Review
109721297,25000.0, 36 months,16.02,C,C5,< 1 year,MORTGAGE,75000.0,Source Verified,debt_consolidation,KS,32.77,1.0,685.0,689.0,0.0,88.6,32.0,Individual,5,High Risk,Manual Review
110714687,30000.0, 60 months,25.82,E,E4,10+ years,MORTGAGE,160556.0,Source Verified,debt_consolidation,MD,30.32,0.0,685.0,689.0,0.0,73.7,38.0,Individual,5,High Risk,Manual Review
109752917,14075.0, 36 months,22.91,E,E1,1 year,RENT,32000.0,Verified,debt_consolidation,WI,34.55,0.0,700.0,704.0,0.0,69.5,33.0,Individual,5,High Risk,Manual Review
110726872,5550.0, 36 months,26.3,E,E5,10+ years,RENT,65000.0,Verified,small_business,TX,15.55,1.0,685.0,689.0,0.0,103.0,33.0,Individual,5,High Risk,Manual Review
108238712,6000.0, 36 months,15.05,C,C4,7 years,RENT,27000.0,Source Verified,debt_consolidation,WA,32.22,7.0,665.0,669.0,0.0,83.2,42.0,Joint App,5,High Risk,Manual Review
110649642,16000.0, 60 months,28.72,F,F1,10+ years,MORTGAGE,175000.0,Source Verified,car,FL,31.79,2.0,670.0,674.0,2.0,81.7,51.0,Individual,7,High Risk,Manual Review
110075979,19450.0, 36 months,30.79,G,G1,10+ years,RENT,85000.0,Not Verified,credit_card,FL,33.89,0.0,700.0,704.0,0.0,36.8,22.0,Individual,5,High Risk,Manual Review
107657489,24000.0, 60 months,26.3,E,E5,3 years,RENT,68000.0,Verified,debt_consolidation,NV,32.07,1.0,705.0,709.0,2.0,24.1,58.0,Individual,6,High Risk,Manual Review
110343443,35000.0, 36 months,24.85,E,E3,7 years,RENT,84000.0,Source Verified,debt_consolidation,CA,33.23,0.0,695.0,699.0,1.0,82.0,26.0,Individual,6,High Risk,Manual Review
109751315,10000.0, 36 months,30.84,G,G2,9 years,MORTGAGE,70000.0,Not Verified,other,TX,31.24,0.0,665.0,669.0,2.0,56.9,40.0,Individual,5,High Risk,Manual Review
110712072,26300.0, 60 months,26.3,E,E5,4 years,MORTGAGE,100000.0,Source Verified,debt_consolidation,VA,30.33,0.0,660.0,664.0,1.0,58.9,23.0,Individual,5,High Risk,Manual Review
110608643,28000.0, 60 months,30.84,G,G2,10+ years,OWN,70425.0,Source Verified,debt_consolidation,TX,33.67,0.0,685.0,689.0,0.0,97.3,23.0,Individual,6,High Risk,Manual Review
109871849,25650.0, 36 months,25.82,E,E4,10+ years,RENT,75000.0,Source Verified,debt_consolidation,AK,33.34,1.0,695.0,699.0,0.0,57.7,28.0,Individual,6,High Risk,Manual Review
109331723,35000.0, 36 months,30.17,F,F3,4 years,MORTGAGE,116000.0,Not Verified,credit_card,AL,17.3,2.0,675.0,679.0,2.0,80.8,26.0,Individual,5,High Risk,Manual Review
110588582,18000.0, 36 months,23.88,E,E2,< 1 year,OWN,45000.0,Verified,debt_consolidation,NC,32.93,0.0,700.0,704.0,2.0,32.0,21.0,Individual,5,High Risk,Manual Review
109850399,27200.0, 60 months,22.91,E,E1,5 years,RENT,70000.0,Verified,other,NY,34.0,2.0,685.0,689.0,0.0,28.0,33.0,Individual,6,High Risk,Manual Review
110347950,16525.0, 60 months,26.3,E,E5,7 years,MORTGAGE,7500.0,Source Verified,small_business,WA,163.68,0.0,675.0,679.0,0.0,69.6,24.0,Joint App,5,High Risk,Manual Review
110121362,30000.0, 36 months,30.99,G,G5,3 years,RENT,88000.0,Not Verified,debt_consolidation,UT,30.14,0.0,670.0,674.0,3.0,46.2,29.0,Individual,5,High Risk,Manual Review
109691719,35000.0, 36 months,24.85,E,E3,7 years,RENT,75000.0,Source Verified,debt_consolidation,CA,33.42,1.0,720.0,724.0,0.0,32.7,29.0,Individual,6,High Risk,Manual Review
110088487,11900.0, 60 months,25.82,E,E4,10+ years,RENT,35000.0,Verified,debt_consolidation,CA,33.3,0.0,680.0,684.0,1.0,63.7,28.0,Individual,5,High Risk,Manual Review
110361119,20400.0, 60 months,30.99,G,G5,2 years,MORTGAGE,68000.0,Source Verified,debt_consolidation,TN,33.64,0.0,710.0,714.0,0.0,46.5,18.0,Individual,5,High Risk,Manual Review
110352602,7000.0, 36 months,23.88,E,E2,10+ years,OWN,21000.0,Verified,debt_consolidation,NY,34.4,0.0,685.0,689.0,0.0,57.6,16.0,Individual,5,High Risk,Manual Review
110162466,8000.0, 36 months,30.75,F,F5,3 years,RENT,35000.0,Not Verified,major_purchase,CO,33.37,0.0,660.0,664.0,0.0,31.6,17.0,Individual,5,High Risk,Manual Review
109995504,6700.0, 36 months,24.85,E,E3,,MORTGAGE,28872.0,Verified,debt_consolidation,FL,31.8,0.0,695.0,699.0,2.0,58.8,20.0,Individual,5,High Risk,Manual Review
109871377,9600.0, 36 months,26.3,E,E5,,OWN,26700.0,Verified,debt_consolidation,PA,32.09,3.0,660.0,664.0,0.0,80.7,15.0,Individual,7,High Risk,Manual Review
109871467,8000.0, 36 months,26.3,E,E5,10+ years,OWN,43000.0,Verified,car,TX,33.69,0.0,685.0,689.0,2.0,88.2,10.0,Individual,6,High Risk,Manual Review
110023887,5000.0, 36 months,29.69,F,F2,< 1 year,RENT,19200.0,Verified,other,NJ,33.38,1.0,660.0,664.0,2.0,71.9,8.0,Individual,6,High Risk,Manual Review
109932589,4750.0, 36 months,25.82,E,E4,10+ years,RENT,60000.0,Verified,credit_card,TN,31.74,0.0,700.0,704.0,1.0,57.4,11.0,Individual,5,High Risk,Manual Review
110341411,32000.0, 60 months,26.3,E,E5,8 years,MORTGAGE,160000.0,Verified,debt_consolidation,FL,30.03,0.0,690.0,694.0,1.0,68.7,45.0,Individual,5,High Risk,Manual Review
109848832,6000.0, 36 months,16.02,C,C5,10+ years,MORTGAGE,59400.0,Not Verified,credit_card,MN,32.82,2.0,675.0,679.0,0.0,93.4,31.0,Individual,5,High Risk,Manual Review
110033455,30000.0, 60 months,30.65,F,F4,2 years,MORTGAGE,32000.0,Verified,debt_consolidation,TN,46.21,1.0,660.0,664.0,0.0,50.4,16.0,Joint App,6,High Risk,Manual Review
110648776,20000.0, 60 months,29.69,F,F2,10+ years,MORTGAGE,72000.0,Not Verified,debt_consolidation,NC,34.23,0.0,695.0,699.0,0.0,65.3,25.0,Individual,5,High Risk,Manual Review
108213319,10000.0, 60 months,26.3,E,E5,10+ years,RENT,52000.0,Not Verified,car,MI,34.96,0.0,670.0,674.0,0.0,86.8,17.0,Individual,6,High Risk,Manual Review
110498452,10000.0, 60 months,25.82,E,E4,6 years,MORTGAGE,44000.0,Verified,home_improvement,AZ,32.11,1.0,685.0,689.0,1.0,40.6,28.0,Individual,6,High Risk,Manual Review
110588062,27600.0, 36 months,26.3,E,E5,2 years,MORTGAGE,60000.0,Not Verified,debt_consolidation,GA,31.22,1.0,675.0,679.0,1.0,41.2,57.0,Individual,6,High Risk,Manual Review
110360482,40000.0, 60 months,28.72,F,F1,2 years,RENT,40000.0,Verified,small_business,CO,62.68,0.0,680.0,684.0,2.0,8.3,54.0,Joint App,5,High Risk,Manual Review
110664852,4250.0, 36 months,23.88,E,E2,7 years,RENT,115000.0,Source Verified,debt_consolidation,CA,16.95,1.0,660.0,664.0,1.0,97.2,15.0,Individual,5,High Risk,Manual Review
109821057,20000.0, 36 months,26.3,E,E5,10+ years,MORTGAGE,50000.0,Source Verified,debt_consolidation,NV,30.42,0.0,675.0,679.0,1.0,68.5,27.0,Individual,5,High Risk,Manual Review
110037929,26850.0, 36 months,30.89,G,G3,10+ years,RENT,73000.0,Verified,debt_consolidation,TX,34.6,0.0,690.0,694.0,0.0,64.2,26.0,Individual,5,High Risk,Manual Review
109829688,18375.0, 60 months,30.17,F,F3,10+ years,RENT,41777.69,Verified,credit_card,CA,31.05,0.0,695.0,699.0,1.0,63.3,14.0,Individual,5,High Risk,Manual Review
109998680,27825.0, 60 months,29.69,F,F2,6 years,RENT,38000.0,Source Verified,debt_consolidation,GA,32.41,0.0,720.0,724.0,0.0,55.1,29.0,Joint App,5,High Risk,Manual Review
110358473,7350.0, 36 months,23.88,E,E2,2 years,RENT,23000.0,Not Verified,credit_card,MA,33.19,1.0,695.0,699.0,0.0,33.8,17.0,Individual,6,High Risk,Manual Review
109605883,15325.0, 60 months,23.88,E,E2,7 years,MORTGAGE,50000.0,Verified,debt_consolidation,VA,34.3,1.0,680.0,684.0,0.0,39.0,28.0,Individual,6,High Risk,Manual Review
110663477,9300.0, 36 months,24.85,E,E3,3 years,MORTGAGE,31500.0,Source Verified,credit_card,IL,31.01,0.0,665.0,669.0,0.0,77.0,17.0,Individual,5,High Risk,Manual Review
110254735,2200.0, 36 months,25.82,E,E4,,RENT,12000.0,Verified,vacation,CO,31.7,0.0,700.0,704.0,0.0,25.5,9.0,Individual,5,High Risk,Manual Review
110557722,16800.0, 60 months,23.88,E,E2,10+ years,OWN,70000.0,Not Verified,credit_card,NC,34.51,0.0,715.0,719.0,0.0,26.0,18.0,Individual,5,High Risk,Manual Review
109668652,11975.0, 60 months,23.88,E,E2,4 years,RENT,39360.0,Verified,debt_consolidation,CA,32.74,0.0,715.0,719.0,0.0,23.6,19.0,Individual,5,High Risk,Manual Review
110022819,7725.0, 36 months,23.88,E,E2,3 years,OWN,30000.0,Source Verified,debt_consolidation,NC,30.04,0.0,670.0,674.0,0.0,32.3,16.0,Individual,5,High Risk,Manual Review
110048378,30000.0, 60 months,16.02,C,C5,< 1 year,MORTGAGE,75000.0,Verified,credit_card,NY,31.41,1.0,690.0,694.0,0.0,91.4,28.0,Joint App,5,High Risk,Manual Review
110019084,10000.0, 60 months,25.82,E,E4,3 years,RENT,34000.0,Verified,debt_consolidation,AL,31.94,0.0,695.0,699.0,0.0,40.0,12.0,Individual,5,High Risk,Manual Review
109796484,10000.0, 60 months,28.72,F,F1,2 years,MORTGAGE,46000.0,Not Verified,debt_consolidation,WI,33.32,0.0,690.0,694.0,3.0,39.7,36.0,Individual,5,High Risk,Manual Review
110019427,3600.0, 36 months,23.88,E,E2,< 1 year,OWN,50000.0,Verified,debt_consolidation,OR,39.27,0.0,675.0,679.0,1.0,44.5,53.0,Joint App,5,High Risk,Manual Review
109983254,4025.0, 36 months,30.65,F,F4,4 years,OWN,43721.0,Source Verified,debt_consolidation,FL,30.96,0.0,695.0,699.0,0.0,46.7,14.0,Individual,5,High Risk,Manual Review
110089268,10550.0, 36 months,30.79,G,G1,6 years,MORTGAGE,54000.0,Verified,credit_card,OH,32.0,0.0,660.0,664.0,1.0,56.2,18.0,Individual,5,High Risk,Manual Review
109678085,18400.0, 60 months,24.85,E,E3,10+ years,MORTGAGE,75000.0,Source Verified,debt_consolidation,NC,30.21,1.0,685.0,689.0,2.0,65.4,22.0,Individual,6,High Risk,Manual Review
110192229,30650.0, 36 months,30.89,G,G3,10+ years,RENT,73000.0,Verified,debt_consolidation,CA,31.94,0.0,670.0,674.0,0.0,97.7,29.0,Individual,6,High Risk,Manual Review
110069583,6000.0, 36 months,25.82,E,E4,6 years,RENT,31440.0,Source Verified,debt_consolidation,AK,33.32,1.0,670.0,674.0,1.0,76.3,17.0,Individual,6,High Risk,Manual Review
109653227,35000.0, 60 months,30.75,F,F5,4 years,RENT,46000.0,Verified,credit_card,NJ,52.18,0.0,665.0,669.0,4.0,46.8,53.0,Joint App,5,High Risk,Manual Review
110023571,35000.0, 60 months,28.72,F,F1,10+ years,MORTGAGE,216000.0,Source Verified,debt_consolidation,CA,14.37,2.0,660.0,664.0,1.0,85.4,43.0,Individual,5,High Risk,Manual Review
110001412,35000.0, 36 months,23.88,E,E2,< 1 year,OWN,45000.0,Verified,debt_consolidation,GA,33.57,0.0,675.0,679.0,0.0,80.9,15.0,Joint App,6,High Risk,Manual Review
109991144,35000.0, 60 months,30.65,F,F4,,MORTGAGE,43000.0,Verified,debt_consolidation,NC,73.85,0.0,675.0,679.0,0.0,95.6,22.0,Joint App,6,High Risk,Manual Review
109989778,18000.0, 60 months,26.3,E,E5,2 years,MORTGAGE,76000.0,Source Verified,credit_card,TX,33.28,2.0,690.0,694.0,1.0,42.8,26.0,Individual,6,High Risk,Manual Review
109985846,21000.0, 60 months,24.85,E,E3,< 1 year,OWN,82000.0,Source Verified,debt_consolidation,AR,23.78,1.0,685.0,689.0,0.0,85.2,20.0,Joint App,5,High Risk,Manual Review
109689615,40000.0, 60 months,24.85,E,E3,< 1 year,MORTGAGE,140000.0,Verified,debt_consolidation,TX,30.96,0.0,765.0,769.0,3.0,37.8,47.0,Joint App,5,High Risk,Manual Review
109076164,6800.0, 36 months,18.06,D,D2,10+ years,MORTGAGE,55000.0,Source Verified,debt_consolidation,NC,30.09,1.0,690.0,694.0,0.0,92.0,29.0,Individual,5,High Risk,Manual Review
109907002,35000.0, 60 months,25.82,E,E4,10+ years,MORTGAGE,95000.0,Verified,debt_consolidation,VA,31.27,0.0,690.0,694.0,0.0,58.4,47.0,Individual,5,High Risk,Manual Review
109941881,10000.0, 60 months,30.89,G,G3,,MORTGAGE,14208.0,Verified,debt_consolidation,MI,65.12,0.0,660.0,664.0,1.0,74.8,11.0,Joint App,5,High Risk,Manual Review
110002086,32500.0, 60 months,24.85,E,E3,9 years,MORTGAGE,65000.0,Source Verified,debt_consolidation,TN,31.26,0.0,695.0,699.0,0.0,45.9,28.0,Individual,5,High Risk,Manual Review
109914092,30000.0, 36 months,30.75,F,F5,4 years,RENT,80000.0,Verified,small_business,IL,31.07,0.0,675.0,679.0,0.0,76.6,12.0,Individual,5,High Risk,Manual Review
110364737,24000.0, 60 months,26.3,E,E5,< 1 year,MORTGAGE,105000.0,Verified,home_improvement,TX,21.22,6.0,665.0,669.0,2.0,96.8,19.0,Individual,5,High Risk,Manual Review
110015749,15900.0, 60 months,30.84,G,G2,10+ years,OWN,47000.0,Verified,debt_consolidation,IN,31.41,1.0,670.0,674.0,0.0,38.4,21.0,Individual,6,High Risk,Manual Review
108271605,18000.0, 36 months,23.88,E,E2,3 years,RENT,40000.0,Verified,debt_consolidation,CT,32.28,1.0,675.0,679.0,3.0,32.0,57.0,Individual,6,High Risk,Manual Review
109900244,11200.0, 60 months,29.69,F,F2,5 years,MORTGAGE,36000.0,Verified,other,TX,30.53,0.0,680.0,684.0,0.0,59.5,19.0,Individual,5,High Risk,Manual Review
109517289,8525.0, 36 months,23.88,E,E2,4 years,RENT,85000.0,Verified,debt_consolidation,NJ,16.38,1.0,660.0,664.0,0.0,100.0,14.0,Individual,5,High Risk,Manual Review
109606065,10250.0, 36 months,18.06,D,D2,10+ years,RENT,51000.0,Verified,debt_consolidation,MD,34.89,1.0,660.0,664.0,3.0,83.0,28.0,Individual,5,High Risk,Manual Review
109718163,16275.0, 36 months,30.17,F,F3,3 years,RENT,45000.0,Verified,debt_consolidation,CA,34.22,0.0,660.0,664.0,1.0,52.9,22.0,Individual,5,High Risk,Manual Review
109660179,12700.0, 36 months,15.05,C,C4,10+ years,MORTGAGE,53000.0,Verified,debt_consolidation,MS,34.74,3.0,660.0,664.0,2.0,81.0,16.0,Individual,5,High Risk,Manual Review
109654855,13050.0, 60 months,28.72,F,F1,< 1 year,MORTGAGE,62000.0,Source Verified,debt_consolidation,VT,32.25,0.0,785.0,789.0,1.0,11.9,42.0,Individual,5,High Risk,Manual Review
109605814,14650.0, 60 months,30.89,G,G3,10+ years,MORTGAGE,55000.0,Verified,debt_consolidation,MA,30.71,1.0,670.0,674.0,0.0,28.7,23.0,Individual,6,High Risk,Manual Review
110087964,20000.0, 36 months,24.85,E,E3,10+ years,MORTGAGE,46000.0,Source Verified,debt_consolidation,PA,30.68,0.0,695.0,699.0,0.0,45.4,25.0,Individual,5,High Risk,Manual Review
109645808,4800.0, 36 months,30.99,G,G5,3 years,RENT,26000.0,Verified,car,CA,32.46,0.0,705.0,709.0,0.0,24.7,12.0,Individual,5,High Risk,Manual Review
107969096,7000.0, 36 months,24.85,E,E3,2 years,RENT,105000.0,Source Verified,debt_consolidation,OK,34.33,0.0,665.0,669.0,1.0,61.8,38.0,Individual,5,High Risk,Manual Review
110355845,26450.0, 60 months,28.72,F,F1,,MORTGAGE,60123.0,Verified,debt_consolidation,OK,32.5,2.0,665.0,669.0,1.0,28.8,36.0,Individual,6,High Risk,Manual Review
109870290,21175.0, 36 months,23.88,E,E2,,MORTGAGE,65000.0,Verified,debt_consolidation,TX,32.98,2.0,675.0,679.0,1.0,61.9,38.0,Individual,6,High Risk,Manual Review
109964565,6000.0, 36 months,30.99,G,G5,3 years,OWN,24216.0,Verified,debt_consolidation,VT,33.79,0.0,665.0,669.0,2.0,48.5,20.0,Individual,5,High Risk,Manual Review
110254891,24000.0, 60 months,24.85,E,E3,10+ years,OWN,96641.0,Not Verified,credit_card,NV,30.62,0.0,710.0,714.0,0.0,89.3,30.0,Individual,6,High Risk,Manual Review
109404211,14000.0, 60 months,26.3,E,E5,,RENT,54500.0,Verified,debt_consolidation,CA,31.29,0.0,685.0,689.0,0.0,33.4,18.0,Individual,5,High Risk,Manual Review
109995252,13175.0, 60 months,26.3,E,E5,10+ years,MORTGAGE,47300.0,Verified,debt_consolidation,FL,30.2,0.0,685.0,689.0,1.0,57.2,29.0,Individual,5,High Risk,Manual Review
109682889,30000.0, 60 months,16.02,C,C5,10+ years,OWN,109000.0,Verified,credit_card,VA,34.87,1.0,680.0,684.0,0.0,87.6,16.0,Individual,5,High Risk,Manual Review
108512395,26100.0, 36 months,23.88,E,E2,10+ years,MORTGAGE,90000.0,Verified,debt_consolidation,GA,31.61,0.0,690.0,694.0,0.0,51.3,34.0,Individual,5,High Risk,Manual Review
109944036,28000.0, 60 months,26.3,E,E5,< 1 year,MORTGAGE,55000.0,Source Verified,debt_consolidation,WY,41.24,0.0,675.0,679.0,0.0,87.5,21.0,Joint App,6,High Risk,Manual Review
110031877,18200.0, 60 months,26.3,E,E5,< 1 year,RENT,49000.0,Verified,debt_consolidation,CA,44.99,0.0,705.0,709.0,0.0,55.3,22.0,Joint App,5,High Risk,Manual Review
109819886,22050.0, 36 months,30.75,F,F5,10+ years,RENT,66000.0,Verified,debt_consolidation,MN,31.12,0.0,670.0,674.0,0.0,75.7,17.0,Individual,5,High Risk,Manual Review
108782505,19500.0, 36 months,23.88,E,E2,< 1 year,MORTGAGE,120000.0,Verified,debt_consolidation,WA,31.54,0.0,685.0,689.0,0.0,86.5,26.0,Joint App,6,High Risk,Manual Review
109963719,28800.0, 60 months,30.94,G,G4,5 years,RENT,65000.0,Source Verified,credit_card,CO,34.69,0.0,680.0,684.0,1.0,70.9,24.0,Individual,5,High Risk,Manual Review
109869244,15150.0, 36 months,22.91,E,E1,10+ years,RENT,48000.0,Verified,debt_consolidation,CT,31.35,0.0,675.0,679.0,1.0,38.0,33.0,Individual,5,High Risk,Manual Review
106827193,14500.0, 60 months,30.75,F,F5,9 years,MORTGAGE,80000.0,Verified,debt_consolidation,FL,34.26,0.0,660.0,664.0,1.0,85.8,33.0,Individual,6,High Risk,Manual Review
109881183,10150.0, 36 months,25.82,E,E4,8 years,MORTGAGE,40000.0,Verified,debt_consolidation,KS,33.69,1.0,700.0,704.0,2.0,49.0,16.0,Individual,6,High Risk,Manual Review
109678512,15000.0, 60 months,25.82,E,E4,10+ years,OWN,30000.0,Verified,debt_consolidation,MA,30.36,0.0,705.0,709.0,1.0,46.4,12.0,Individual,5,High Risk,Manual Review
109050094,20000.0, 60 months,26.3,E,E5,6 years,MORTGAGE,29000.0,Verified,other,CT,61.3,1.0,665.0,669.0,2.0,58.8,39.0,Joint App,6,High Risk,Manual Review
109371748,30000.0, 60 months,16.02,C,C5,10+ years,MORTGAGE,75000.0,Verified,debt_consolidation,LA,41.31,2.0,665.0,669.0,0.0,91.1,30.0,Joint App,5,High Risk,Manual Review
109750754,5000.0, 36 months,30.17,F,F3,1 year,OWN,23700.0,Source Verified,debt_consolidation,ME,34.08,1.0,670.0,674.0,2.0,34.7,30.0,Individual,6,High Risk,Manual Review
109751142,35000.0, 60 months,28.72,F,F1,10+ years,MORTGAGE,140000.0,Verified,debt_consolidation,NJ,10.46,1.0,665.0,669.0,0.0,82.4,11.0,Individual,5,High Risk,Manual Review
109969245,35000.0, 60 months,30.94,G,G4,2 years,MORTGAGE,153000.0,Verified,debt_consolidation,VA,42.71,0.0,670.0,674.0,5.0,91.3,57.0,Joint App,6,High Risk,Manual Review
107969011,15000.0, 60 months,24.74,E,E3,,MORTGAGE,10642.0,Verified,debt_consolidation,OH,63.32,0.0,700.0,704.0,0.0,66.7,13.0,Joint App,5,High Risk,Manual Review
109678746,21650.0, 60 months,30.99,G,G5,8 years,RENT,57000.0,Source Verified,debt_consolidation,CO,34.65,0.0,675.0,679.0,2.0,57.1,25.0,Individual,5,High Risk,Manual Review
109784518,1200.0, 36 months,23.88,E,E2,10+ years,MORTGAGE,65000.0,Not Verified,home_improvement,TN,32.99,0.0,660.0,664.0,0.0,89.7,40.0,Individual,6,High Risk,Manual Review
110029408,16000.0, 60 months,30.75,F,F5,10+ years,RENT,48000.0,Not Verified,debt_consolidation,TX,34.05,0.0,665.0,669.0,2.0,52.8,24.0,Individual,5,High Risk,Manual Review
109969575,32000.0, 60 months,26.3,E,E5,3 years,MORTGAGE,25000.0,Verified,debt_consolidation,WI,42.77,1.0,675.0,679.0,0.0,66.7,35.0,Joint App,6,High Risk,Manual Review
109516721,10000.0, 60 months,25.82,E,E4,10+ years,RENT,55000.0,Verified,other,IL,34.43,0.0,700.0,704.0,3.0,27.0,36.0,Individual,5,High Risk,Manual Review
110039225,12000.0, 60 months,26.3,E,E5,10+ years,OWN,43000.0,Not Verified,debt_consolidation,AL,33.63,0.0,695.0,699.0,1.0,40.0,25.0,Individual,5,High Risk,Manual Review
109516111,27300.0, 36 months,25.82,E,E4,,RENT,59382.0,Verified,debt_consolidation,MS,33.1,0.0,715.0,719.0,0.0,55.1,36.0,Individual,5,High Risk,Manual Review
109990540,8000.0, 36 months,19.03,D,D3,10+ years,MORTGAGE,72000.0,Verified,debt_consolidation,NJ,36.0,3.0,660.0,664.0,1.0,94.7,24.0,Joint App,5,High Risk,Manual Review
109969472,15000.0, 36 months,25.82,E,E4,7 years,OWN,135000.0,Not Verified,debt_consolidation,AZ,30.54,0.0,680.0,684.0,3.0,75.8,21.0,Individual,5,High Risk,Manual Review
109994583,40000.0, 36 months,22.91,E,E1,3 years,RENT,48600.0,Verified,debt_consolidation,AZ,43.56,0.0,690.0,694.0,1.0,45.2,23.0,Joint App,5,High Risk,Manual Review
110038996,11875.0, 60 months,26.3,E,E5,10+ years,RENT,33000.0,Verified,debt_consolidation,NM,30.08,0.0,680.0,684.0,1.0,74.1,28.0,Individual,5,High Risk,Manual Review
107973291,14050.0, 60 months,28.72,F,F1,10+ years,MORTGAGE,46000.0,Source Verified,debt_consolidation,FL,32.95,1.0,685.0,689.0,0.0,58.6,15.0,Individual,6,High Risk,Manual Review
109976114,5000.0, 36 months,23.88,E,E2,4 years,RENT,53500.0,Verified,moving,PA,32.88,0.0,675.0,679.0,3.0,85.4,20.0,Individual,6,High Risk,Manual Review
109970421,27200.0, 60 months,16.02,C,C5,< 1 year,MORTGAGE,12000.0,Verified,debt_consolidation,CO,135.8,1.0,675.0,679.0,1.0,83.2,8.0,Joint App,5,High Risk,Manual Review
110034415,27500.0, 60 months,30.89,G,G3,10+ years,RENT,69000.0,Verified,debt_consolidation,VA,22.09,1.0,660.0,664.0,0.0,83.4,19.0,Individual,5,High Risk,Manual Review
109982456,10000.0, 60 months,24.85,E,E3,10+ years,MORTGAGE,30000.0,Not Verified,home_improvement,MI,33.36,0.0,715.0,719.0,0.0,33.1,12.0,Individual,5,High Risk,Manual Review
109444288,12000.0, 60 months,30.84,G,G2,10+ years,RENT,30000.0,Verified,debt_consolidation,NY,34.88,0.0,690.0,694.0,0.0,82.5,11.0,Individual,6,High Risk,Manual Review
109301389,20000.0, 60 months,23.88,E,E2,4 years,RENT,45000.0,Verified,debt_consolidation,NC,32.16,0.0,660.0,664.0,1.0,79.0,14.0,Individual,5,High Risk,Manual Review
109042734,19300.0, 36 months,23.88,E,E2,10+ years,RENT,42000.0,Verified,debt_consolidation,MO,34.37,0.0,700.0,704.0,0.0,93.5,7.0,Individual,6,High Risk,Manual Review
107685912,35000.0, 60 months,24.85,E,E3,1 year,MORTGAGE,143000.0,Verified,debt_consolidation,NY,16.1,1.0,680.0,684.0,0.0,90.2,21.0,Individual,5,High Risk,Manual Review
109899285,19650.0, 60 months,30.89,G,G3,3 years,RENT,46800.0,Source Verified,debt_consolidation,FL,31.97,0.0,670.0,674.0,1.0,55.9,72.0,Individual,5,High Risk,Manual Review
109981888,24000.0, 36 months,30.79,G,G1,2 years,MORTGAGE,50000.0,Not Verified,small_business,PA,31.54,0.0,715.0,719.0,3.0,22.4,50.0,Individual,5,High Risk,Manual Review
109791983,25050.0, 36 months,25.82,E,E4,10+ years,MORTGAGE,86002.0,Not Verified,debt_consolidation,CO,32.12,0.0,665.0,669.0,0.0,52.5,60.0,Individual,5,High Risk,Manual Review
109657643,2200.0, 36 months,26.3,E,E5,2 years,RENT,60000.0,Source Verified,other,CA,33.56,0.0,660.0,664.0,1.0,72.6,18.0,Individual,5,High Risk,Manual Review
110065213,5000.0, 36 months,19.03,D,D3,10+ years,OWN,88000.0,Not Verified,debt_consolidation,IL,30.87,1.0,665.0,669.0,1.0,80.9,31.0,Individual,5,High Risk,Manual Review
109901092,12500.0, 36 months,23.88,E,E2,10+ years,RENT,25000.0,Source Verified,debt_consolidation,FL,31.83,1.0,670.0,674.0,0.0,67.1,20.0,Individual,6,High Risk,Manual Review
110012627,15000.0, 36 months,24.85,E,E3,10+ years,RENT,80000.0,Verified,debt_consolidation,CA,31.58,0.0,680.0,684.0,2.0,74.6,21.0,Individual,5,High Risk,Manual Review
108331430,24000.0, 36 months,23.88,E,E2,5 years,MORTGAGE,102000.0,Source Verified,debt_consolidation,NY,32.34,1.0,690.0,694.0,0.0,72.3,35.0,Individual,6,High Risk,Manual Review
110015429,6300.0, 36 months,26.3,E,E5,4 years,RENT,21000.0,Verified,debt_consolidation,PA,34.06,0.0,660.0,664.0,0.0,69.3,10.0,Individual,5,High Risk,Manual Review
109868440,2275.0, 36 months,30.84,G,G2,9 years,MORTGAGE,40000.0,Verified,debt_consolidation,FL,34.95,0.0,680.0,684.0,2.0,59.1,16.0,Individual,5,High Risk,Manual Review
109710867,10825.0, 60 months,24.85,E,E3,2 years,RENT,70000.0,Source Verified,debt_consolidation,TX,21.09,1.0,675.0,679.0,0.0,83.0,24.0,Individual,5,High Risk,Manual Review
108258721,10725.0, 36 months,23.88,E,E2,5 years,MORTGAGE,87610.0,Verified,debt_consolidation,TX,32.12,0.0,680.0,684.0,1.0,44.7,26.0,Individual,5,High Risk,Manual Review
110035580,18625.0, 60 months,30.75,F,F5,7 years,MORTGAGE,50100.0,Verified,debt_consolidation,MS,33.39,0.0,665.0,669.0,1.0,71.3,33.0,Individual,5,High Risk,Manual Review
109789808,14000.0, 60 months,30.65,F,F4,10+ years,MORTGAGE,84346.0,Not Verified,debt_consolidation,CA,34.95,1.0,695.0,699.0,0.0,62.0,44.0,Individual,6,High Risk,Manual Review
109868079,35000.0, 60 months,30.75,F,F5,9 years,MORTGAGE,50000.0,Verified,debt_consolidation,TX,62.72,0.0,660.0,664.0,1.0,71.8,27.0,Joint App,5,High Risk,Manual Review
109965796,35000.0, 36 months,23.88,E,E2,10+ years,MORTGAGE,72095.88,Verified,debt_consolidation,VA,39.09,0.0,670.0,674.0,1.0,94.1,44.0,Joint App,6,High Risk,Manual Review
109890218,13500.0, 36 months,30.75,F,F5,8 years,MORTGAGE,49000.0,Verified,debt_consolidation,OK,33.38,0.0,660.0,664.0,0.0,64.3,18.0,Individual,5,High Risk,Manual Review
109079315,30000.0, 36 months,30.99,G,G5,10+ years,MORTGAGE,76000.0,Verified,debt_consolidation,TX,31.5,0.0,680.0,684.0,1.0,79.2,17.0,Individual,5,High Risk,Manual Review
109668177,35000.0, 60 months,30.79,G,G1,10+ years,MORTGAGE,118742.0,Verified,debt_consolidation,VA,30.63,1.0,680.0,684.0,1.0,41.8,49.0,Individual,6,High Risk,Manual Review
110009389,15000.0, 36 months,21.45,D,D5,10+ years,RENT,65000.0,Not Verified,debt_consolidation,CO,30.24,1.0,665.0,669.0,0.0,90.2,21.0,Individual,5,High Risk,Manual Review
109667095,15600.0, 60 months,30.17,F,F3,8 years,MORTGAGE,50000.0,Source Verified,credit_card,IN,34.59,0.0,665.0,669.0,0.0,87.0,16.0,Individual,6,High Risk,Manual Review
110000878,24000.0, 60 months,28.72,F,F1,9 years,MORTGAGE,50000.0,Source Verified,debt_consolidation,TX,34.95,0.0,690.0,694.0,0.0,51.0,23.0,Individual,5,High Risk,Manual Review
109923463,35000.0, 60 months,28.72,F,F1,8 years,RENT,60000.0,Verified,debt_consolidation,IL,42.0,2.0,665.0,669.0,4.0,34.0,41.0,Joint App,6,High Risk,Manual Review
109365207,3850.0, 36 months,30.94,G,G4,,RENT,15012.0,Verified,moving,CT,20.06,1.0,670.0,674.0,0.0,96.2,10.0,Individual,5,High Risk,Manual Review
108153924,30575.0, 60 months,30.17,F,F3,3 years,MORTGAGE,80000.0,Verified,home_improvement,AZ,34.17,0.0,675.0,679.0,1.0,87.0,24.0,Individual,6,High Risk,Manual Review
109916730,23050.0, 36 months,26.3,E,E5,,MORTGAGE,18180.0,Verified,debt_consolidation,IL,38.42,0.0,710.0,714.0,3.0,42.7,21.0,Joint App,5,High Risk,Manual Review
109817630,18350.0, 36 months,26.3,E,E5,3 years,OWN,44763.0,Source Verified,debt_consolidation,AZ,31.53,0.0,675.0,679.0,0.0,84.8,19.0,Individual,6,High Risk,Manual Review
109336651,20000.0, 36 months,30.89,G,G3,< 1 year,RENT,45000.0,Verified,other,TX,32.83,0.0,680.0,684.0,0.0,81.2,13.0,Individual,6,High Risk,Manual Review
109914297,18900.0, 36 months,30.75,F,F5,,MORTGAGE,38180.0,Verified,credit_card,GA,46.56,0.0,685.0,689.0,0.0,74.8,28.0,Joint App,5,High Risk,Manual Review
109356332,12000.0, 60 months,30.79,G,G1,4 years,MORTGAGE,72000.0,Source Verified,debt_consolidation,PA,31.73,0.0,690.0,694.0,4.0,37.4,39.0,Individual,5,High Risk,Manual Review
109938461,20100.0, 60 months,26.3,E,E5,,MORTGAGE,14500.0,Verified,debt_consolidation,SC,55.42,0.0,680.0,684.0,1.0,36.8,28.0,Joint App,5,High Risk,Manual Review
109092559,12000.0, 60 months,30.99,G,G5,7 years,RENT,111000.0,Verified,debt_consolidation,NY,33.7,0.0,680.0,684.0,3.0,86.2,21.0,Individual,6,High Risk,Manual Review
109820309,15000.0, 60 months,25.82,E,E4,7 years,RENT,56000.0,Not Verified,debt_consolidation,MD,31.53,0.0,705.0,709.0,0.0,20.7,24.0,Individual,5,High Risk,Manual Review
109655960,12000.0, 60 months,29.69,F,F2,1 year,MORTGAGE,28000.0,Verified,debt_consolidation,AZ,51.22,0.0,680.0,684.0,1.0,44.4,15.0,Joint App,5,High Risk,Manual Review
109668882,32225.0, 60 months,26.3,E,E5,10+ years,MORTGAGE,110000.0,Verified,debt_consolidation,NE,34.22,0.0,660.0,664.0,1.0,74.3,40.0,Individual,5,High Risk,Manual Review
109886916,16000.0, 36 months,30.99,G,G5,< 1 year,MORTGAGE,45000.0,Verified,home_improvement,TX,30.67,0.0,685.0,689.0,0.0,47.6,20.0,Individual,5,High Risk,Manual Review
109934128,14700.0, 36 months,24.85,E,E3,1 year,OWN,35000.0,Verified,debt_consolidation,CA,30.01,0.0,680.0,684.0,1.0,61.4,28.0,Individual,5,High Risk,Manual Review
107145183,14950.0, 36 months,30.79,G,G1,6 years,RENT,76000.0,Source Verified,debt_consolidation,NV,23.75,1.0,675.0,679.0,2.0,83.9,23.0,Individual,5,High Risk,Manual Review
109685527,18300.0, 60 months,26.3,E,E5,10+ years,MORTGAGE,60000.0,Verified,credit_card,CA,32.1,2.0,665.0,669.0,1.0,69.8,31.0,Individual,6,High Risk,Manual Review
109736742,23500.0, 60 months,30.75,F,F5,4 years,RENT,47000.0,Source Verified,debt_consolidation,ID,30.26,1.0,660.0,664.0,1.0,68.0,32.0,Individual,6,High Risk,Manual Review
109887097,9000.0, 36 months,30.79,G,G1,3 years,RENT,35000.0,Source Verified,debt_consolidation,CO,33.74,0.0,670.0,674.0,1.0,53.6,14.0,Individual,5,High Risk,Manual Review
109936763,24000.0, 36 months,24.85,E,E3,< 1 year,MORTGAGE,70000.0,Source Verified,home_improvement,MD,19.61,1.0,680.0,684.0,2.0,82.5,16.0,Individual,5,High Risk,Manual Review
109983716,21000.0, 60 months,26.3,E,E5,10+ years,MORTGAGE,43000.0,Source Verified,debt_consolidation,VA,31.26,0.0,665.0,669.0,0.0,37.4,41.0,Individual,5,High Risk,Manual Review
110006157,12000.0, 60 months,26.3,E,E5,5 years,RENT,40000.0,Source Verified,credit_card,NC,32.76,0.0,680.0,684.0,1.0,76.1,21.0,Individual,5,High Risk,Manual Review
107047711,30000.0, 60 months,28.69,F,F1,< 1 year,MORTGAGE,82000.0,Source Verified,debt_consolidation,MD,40.7,2.0,675.0,679.0,1.0,100.2,33.0,Joint App,7,High Risk,Manual Review
109320921,12000.0, 60 months,25.82,E,E4,,RENT,15600.0,Not Verified,debt_consolidation,GA,126.38,0.0,680.0,684.0,0.0,40.9,21.0,Joint App,5,High Risk,Manual Review
109819999,24000.0, 36 months,26.3,E,E5,2 years,RENT,99470.0,Verified,debt_consolidation,HI,33.86,0.0,665.0,669.0,0.0,85.4,39.0,Individual,6,High Risk,Manual Review
109367087,30000.0, 36 months,30.75,F,F5,10+ years,MORTGAGE,45000.0,Verified,debt_consolidation,TN,45.15,1.0,660.0,664.0,0.0,70.1,21.0,Joint App,6,High Risk,Manual Review
110002525,12000.0, 60 months,30.17,F,F3,1 year,RENT,40000.0,Source Verified,debt_consolidation,NY,33.75,0.0,680.0,684.0,0.0,78.7,15.0,Individual,5,High Risk,Manual Review
108973969,14000.0, 36 months,23.88,E,E2,2 years,OWN,39312.0,Not Verified,credit_card,FL,34.71,0.0,660.0,664.0,0.0,40.2,18.0,Individual,5,High Risk,Manual Review
109325817,29500.0, 60 months,30.94,G,G4,5 years,MORTGAGE,40000.0,Source Verified,debt_consolidation,NM,66.1,0.0,690.0,694.0,0.0,85.0,14.0,Joint App,6,High Risk,Manual Review
107678788,5375.0, 36 months,26.24,E,E5,,RENT,14000.0,Verified,debt_consolidation,WI,33.02,0.0,725.0,729.0,2.0,14.2,45.0,Joint App,5,High Risk,Manual Review
109025476,20000.0, 36 months,15.05,C,C4,< 1 year,MORTGAGE,92000.0,Source Verified,debt_consolidation,WY,31.78,1.0,685.0,689.0,0.0,86.3,31.0,Individual,5,High Risk,Manual Review
109232366,27600.0, 60 months,30.94,G,G4,3 years,RENT,60000.0,Source Verified,other,CA,34.23,1.0,680.0,684.0,1.0,56.3,16.0,Individual,6,High Risk,Manual Review
109574536,15000.0, 60 months,29.69,F,F2,,OWN,50.0,Not Verified,major_purchase,OR,999.0,0.0,690.0,694.0,0.0,18.3,21.0,Joint App,5,High Risk,Manual Review
109847533,6000.0, 36 months,30.17,F,F3,10+ years,RENT,63000.0,Verified,debt_consolidation,MD,31.73,0.0,680.0,684.0,2.0,73.8,27.0,Individual,5,High Risk,Manual Review
109655480,35000.0, 60 months,28.72,F,F1,10+ years,MORTGAGE,55000.0,Source Verified,debt_consolidation,IN,33.22,1.0,680.0,684.0,1.0,73.4,22.0,Joint App,6,High Risk,Manual Review
109331922,11200.0, 60 months,30.99,G,G5,7 years,OWN,63500.0,Verified,debt_consolidation,IL,34.38,0.0,660.0,664.0,0.0,56.2,34.0,Individual,5,High Risk,Manual Review
109906590,20000.0, 36 months,26.3,E,E5,10+ years,MORTGAGE,55000.0,Verified,home_improvement,MI,32.05,0.0,685.0,689.0,1.0,48.9,11.0,Individual,5,High Risk,Manual Review
109015286,3000.0, 36 months,29.69,F,F2,1 year,OWN,50000.0,Verified,other,MN,32.53,0.0,670.0,674.0,0.0,47.5,14.0,Individual,5,High Risk,Manual Review
109947002,18075.0, 60 months,30.89,G,G3,3 years,RENT,100000.0,Verified,debt_consolidation,NY,31.14,0.0,695.0,699.0,0.0,47.5,33.0,Individual,5,High Risk,Manual Review
109698626,20775.0, 60 months,28.72,F,F1,10+ years,MORTGAGE,75000.0,Source Verified,debt_consolidation,PA,33.38,1.0,690.0,694.0,0.0,87.9,33.0,Individual,7,High Risk,Manual Review
109355936,14400.0, 36 months,25.82,E,E4,1 year,OWN,63000.0,Source Verified,debt_consolidation,CO,32.29,0.0,700.0,704.0,0.0,54.4,25.0,Individual,5,High Risk,Manual Review
109655836,28000.0, 60 months,23.88,E,E2,2 years,MORTGAGE,22000.0,Source Verified,debt_consolidation,MO,96.13,0.0,745.0,749.0,1.0,49.6,32.0,Joint App,5,High Risk,Manual Review
108770594,35000.0, 60 months,30.17,F,F3,2 years,MORTGAGE,110000.0,Verified,debt_consolidation,KS,19.63,1.0,675.0,679.0,0.0,93.0,28.0,Individual,5,High Risk,Manual Review
109946381,6025.0, 36 months,24.85,E,E3,,MORTGAGE,66000.0,Verified,debt_consolidation,MD,34.23,0.0,680.0,684.0,3.0,30.0,48.0,Individual,5,High Risk,Manual Review
107286422,3700.0, 36 months,30.65,F,F4,5 years,MORTGAGE,48000.0,Source Verified,debt_consolidation,PA,34.32,0.0,670.0,674.0,3.0,28.3,20.0,Individual,5,High Risk,Manual Review
109842621,1200.0, 36 months,30.75,F,F5,4 years,RENT,15000.0,Verified,moving,TX,33.61,1.0,665.0,669.0,1.0,70.1,21.0,Individual,6,High Risk,Manual Review
109990964,27800.0, 36 months,30.99,G,G5,8 years,MORTGAGE,109000.0,Verified,debt_consolidation,GA,31.72,0.0,710.0,714.0,2.0,67.5,22.0,Individual,5,High Risk,Manual Review
105607249,4325.0, 36 months,25.82,E,E4,10+ years,MORTGAGE,42000.0,Verified,home_improvement,OH,31.91,0.0,665.0,669.0,3.0,65.0,16.0,Individual,5,High Risk,Manual Review
109262364,36000.0, 60 months,29.69,F,F2,6 years,RENT,80000.0,Source Verified,debt_consolidation,OH,32.43,0.0,740.0,744.0,1.0,62.3,17.0,Individual,5,High Risk,Manual Review
109776641,25000.0, 60 months,28.72,F,F1,10+ years,OWN,70000.0,Not Verified,home_improvement,VA,34.2,1.0,725.0,729.0,1.0,1.5,36.0,Individual,6,High Risk,Manual Review
107353659,28000.0, 60 months,25.82,E,E4,< 1 year,MORTGAGE,59000.0,Verified,debt_consolidation,KS,48.95,0.0,695.0,699.0,0.0,94.0,26.0,Joint App,6,High Risk,Manual Review
109931861,13350.0, 36 months,26.3,E,E5,10+ years,MORTGAGE,55000.0,Verified,debt_consolidation,TX,31.39,2.0,660.0,664.0,2.0,19.3,31.0,Individual,6,High Risk,Manual Review
109048737,3200.0, 36 months,26.3,E,E5,4 years,RENT,32000.0,Verified,home_improvement,NC,32.71,1.0,670.0,674.0,2.0,44.8,15.0,Individual,6,High Risk,Manual Review
109946762,7000.0, 36 months,24.85,E,E3,,OWN,30000.0,Not Verified,debt_consolidation,CT,30.68,0.0,690.0,694.0,0.0,4.2,21.0,Individual,5,High Risk,Manual Review
108895753,12000.0, 60 months,30.84,G,G2,< 1 year,OWN,54000.0,Verified,debt_consolidation,PA,30.56,2.0,670.0,674.0,1.0,32.3,40.0,Individual,6,High Risk,Manual Review
109974860,16000.0, 36 months,23.88,E,E2,9 years,RENT,51575.0,Source Verified,debt_consolidation,NJ,32.16,0.0,690.0,694.0,1.0,95.0,35.0,Individual,6,High Risk,Manual Review
109681182,6000.0, 36 months,30.17,F,F3,2 years,MORTGAGE,20000.0,Verified,debt_consolidation,IN,33.61,0.0,685.0,689.0,1.0,47.4,6.0,Individual,5,High Risk,Manual Review
109348593,35000.0, 60 months,25.82,E,E4,4 years,MORTGAGE,41000.0,Source Verified,debt_consolidation,OH,37.48,0.0,700.0,704.0,0.0,84.4,28.0,Joint App,6,High Risk,Manual Review
107709790,6000.0, 36 months,16.02,C,C5,10+ years,RENT,50000.0,Source Verified,debt_consolidation,WA,31.93,1.0,675.0,679.0,0.0,86.8,21.0,Individual,5,High Risk,Manual Review
109373618,36000.0, 60 months,16.02,C,C5,< 1 year,MORTGAGE,70000.0,Source Verified,home_improvement,TX,34.25,1.0,685.0,689.0,0.0,81.9,40.0,Joint App,5,High Risk,Manual Review
109931315,32000.0, 60 months,30.75,F,F5,< 1 year,MORTGAGE,106000.0,Verified,debt_consolidation,OH,31.29,0.0,665.0,669.0,0.0,83.3,21.0,Joint App,6,High Risk,Manual Review
109957291,20000.0, 60 months,24.85,E,E3,9 years,MORTGAGE,96300.0,Verified,debt_consolidation,NY,20.59,1.0,725.0,729.0,0.0,82.9,16.0,Individual,5,High Risk,Manual Review
109916096,28200.0, 60 months,30.94,G,G4,,MORTGAGE,56400.0,Verified,small_business,MO,30.74,0.0,690.0,694.0,1.0,27.3,44.0,Individual,5,High Risk,Manual Review
109931744,9000.0, 36 months,22.91,E,E1,10+ years,MORTGAGE,150000.0,Not Verified,debt_consolidation,TN,33.33,0.0,690.0,694.0,3.0,66.5,54.0,Individual,5,High Risk,Manual Review
109827722,1800.0, 36 months,20.0,D,D4,10+ years,RENT,91746.0,Source Verified,other,CA,32.97,2.0,660.0,664.0,1.0,90.4,39.0,Individual,5,High Risk,Manual Review
109797812,12000.0, 60 months,26.3,E,E5,10+ years,MORTGAGE,32000.0,Verified,debt_consolidation,MI,33.46,0.0,685.0,689.0,0.0,62.2,15.0,Individual,5,High Risk,Manual Review
109652036,35000.0, 60 months,30.65,F,F4,3 years,RENT,156000.0,Source Verified,debt_consolidation,TX,30.29,1.0,675.0,679.0,0.0,70.8,35.0,Individual,6,High Risk,Manual Review
109747506,10800.0, 36 months,23.88,E,E2,2 years,RENT,40000.0,Source Verified,debt_consolidation,NE,31.34,0.0,670.0,674.0,2.0,61.0,55.0,Individual,5,High Risk,Manual Review
109807005,35000.0, 60 months,24.85,E,E3,4 years,RENT,138000.0,Verified,debt_consolidation,NY,32.08,1.0,660.0,664.0,1.0,73.0,29.0,Individual,6,High Risk,Manual Review
109366338,30000.0, 36 months,30.17,F,F3,10+ years,RENT,40000.0,Source Verified,debt_consolidation,CA,80.77,0.0,665.0,669.0,1.0,92.9,19.0,Joint App,6,High Risk,Manual Review
109974077,10000.0, 36 months,24.85,E,E3,6 years,RENT,38261.0,Not Verified,debt_consolidation,NJ,33.21,0.0,660.0,664.0,2.0,61.4,26.0,Individual,5,High Risk,Manual Review
109868067,28000.0, 60 months,20.0,D,D4,3 years,RENT,115000.0,Source Verified,debt_consolidation,NY,32.82,3.0,660.0,664.0,0.0,98.4,39.0,Individual,5,High Risk,Manual Review
109365697,3000.0, 36 months,15.05,C,C4,10+ years,MORTGAGE,90000.0,Verified,other,OK,32.61,2.0,660.0,664.0,0.0,88.3,25.0,Individual,5,High Risk,Manual Review
109343600,36000.0, 60 months,30.17,F,F3,< 1 year,OWN,48000.0,Verified,other,TX,47.3,0.0,765.0,769.0,0.0,4.2,24.0,Joint App,5,High Risk,Manual Review
109366752,11200.0, 60 months,28.72,F,F1,< 1 year,MORTGAGE,57400.0,Verified,debt_consolidation,TX,42.59,0.0,665.0,669.0,1.0,86.3,23.0,Joint App,6,High Risk,Manual Review
107499899,15375.0, 36 months,26.24,E,E5,3 years,RENT,40000.0,Verified,other,CA,33.48,0.0,690.0,694.0,0.0,94.0,4.0,Individual,6,High Risk,Manual Review
109666640,24350.0, 36 months,25.82,E,E4,3 years,RENT,58000.0,Source Verified,debt_consolidation,FL,33.69,0.0,675.0,679.0,0.0,57.9,31.0,Individual,5,High Risk,Manual Review
109737652,12000.0, 60 months,24.85,E,E3,8 years,MORTGAGE,45000.0,Not Verified,debt_consolidation,TX,32.51,0.0,685.0,689.0,0.0,77.8,20.0,Individual,5,High Risk,Manual Review
109848320,24000.0, 36 months,22.91,E,E1,6 years,MORTGAGE,70000.0,Not Verified,home_improvement,IN,32.2,0.0,700.0,704.0,0.0,44.6,35.0,Individual,5,High Risk,Manual Review
109041804,35000.0, 36 months,21.45,D,D5,,MORTGAGE,10000.0,Source Verified,debt_consolidation,AK,179.41,2.0,660.0,664.0,0.0,83.7,23.0,Joint App,5,High Risk,Manual Review
109687605,15400.0, 36 months,25.82,E,E4,10+ years,MORTGAGE,35000.0,Source Verified,major_purchase,AL,30.87,0.0,690.0,694.0,0.0,44.9,29.0,Individual,5,High Risk,Manual Review
109353909,16025.0, 60 months,30.17,F,F3,2 years,MORTGAGE,90000.0,Not Verified,debt_consolidation,TX,31.61,0.0,685.0,689.0,2.0,36.8,34.0,Individual,5,High Risk,Manual Review
109974199,24375.0, 60 months,30.17,F,F3,9 years,MORTGAGE,53000.0,Not Verified,debt_consolidation,AR,32.36,0.0,690.0,694.0,1.0,28.2,22.0,Individual,5,High Risk,Manual Review
107712921,16550.0, 60 months,30.84,G,G2,10+ years,MORTGAGE,62300.0,Not Verified,debt_consolidation,NY,14.33,1.0,665.0,669.0,1.0,87.9,15.0,Individual,5,High Risk,Manual Review
109353731,32000.0, 60 months,25.82,E,E4,< 1 year,MORTGAGE,85000.0,Verified,debt_consolidation,AL,31.37,0.0,710.0,714.0,2.0,56.3,61.0,Joint App,5,High Risk,Manual Review
109970475,19200.0, 60 months,26.3,E,E5,3 years,RENT,52000.0,Not Verified,credit_card,CA,31.34,0.0,675.0,679.0,1.0,41.7,20.0,Individual,5,High Risk,Manual Review
109325483,25000.0, 36 months,24.85,E,E3,< 1 year,MORTGAGE,54476.0,Verified,credit_card,TX,49.33,2.0,710.0,714.0,0.0,43.3,36.0,Joint App,6,High Risk,Manual Review
109564888,24000.0, 60 months,30.84,G,G2,9 years,RENT,53300.0,Verified,debt_consolidation,NC,33.82,0.0,670.0,674.0,0.0,39.0,28.0,Individual,5,High Risk,Manual Review
109804275,13050.0, 60 months,26.3,E,E5,6 years,OWN,38000.0,Source Verified,credit_card,LA,31.24,0.0,700.0,704.0,0.0,82.3,10.0,Individual,6,High Risk,Manual Review
109955871,14500.0, 60 months,16.02,C,C5,1 year,MORTGAGE,106250.0,Not Verified,car,GA,30.22,2.0,680.0,684.0,0.0,98.3,27.0,Individual,5,High Risk,Manual Review
109235606,10000.0, 60 months,30.89,G,G3,3 years,OWN,31200.0,Verified,credit_card,CO,32.31,0.0,660.0,664.0,1.0,69.0,20.0,Individual,5,High Risk,Manual Review
109928635,28000.0, 36 months,26.3,E,E5,10+ years,MORTGAGE,70000.0,Source Verified,other,TX,31.02,1.0,680.0,684.0,0.0,55.3,25.0,Individual,6,High Risk,Manual Review
109202600,12800.0, 60 months,26.3,E,E5,< 1 year,MORTGAGE,40000.0,Source Verified,debt_consolidation,MI,35.34,0.0,675.0,679.0,2.0,62.9,17.0,Joint App,5,High Risk,Manual Review
108782487,35000.0, 60 months,24.85,E,E3,< 1 year,MORTGAGE,85000.0,Verified,debt_consolidation,IL,49.85,0.0,695.0,699.0,0.0,87.6,24.0,Joint App,6,High Risk,Manual Review
109716458,12750.0, 60 months,30.89,G,G3,< 1 year,RENT,42000.0,Source Verified,home_improvement,CT,33.34,0.0,660.0,664.0,0.0,91.0,9.0,Individual,6,High Risk,Manual Review
109514731,21000.0, 60 months,30.79,G,G1,3 years,MORTGAGE,66000.0,Not Verified,debt_consolidation,IL,31.51,0.0,695.0,699.0,1.0,51.7,16.0,Individual,5,High Risk,Manual Review
109346701,15000.0, 60 months,26.3,E,E5,< 1 year,RENT,22000.0,Verified,debt_consolidation,KY,30.33,0.0,665.0,669.0,0.0,31.8,30.0,Joint App,5,High Risk,Manual Review
109252708,18000.0, 60 months,30.99,G,G5,10+ years,MORTGAGE,62900.0,Verified,debt_consolidation,FL,32.92,0.0,670.0,674.0,0.0,55.1,17.0,Individual,5,High Risk,Manual Review
109913505,19925.0, 36 months,30.84,G,G2,10+ years,MORTGAGE,87400.0,Source Verified,debt_consolidation,IL,33.48,0.0,660.0,664.0,1.0,92.4,37.0,Individual,6,High Risk,Manual Review
109766421,31275.0, 36 months,21.45,D,D5,10+ years,RENT,68000.0,Source Verified,debt_consolidation,OH,34.17,1.0,685.0,689.0,1.0,81.5,47.0,Individual,5,High Risk,Manual Review
61521651,14000.0, 60 months,30.65,F,F4,1 year,RENT,40000.0,Not Verified,debt_consolidation,NY,33.57,1.0,665.0,669.0,0.0,53.5,36.0,Individual,6,High Risk,Manual Review
107685960,15175.0, 60 months,26.3,E,E5,6 years,RENT,33000.0,Source Verified,major_purchase,HI,31.27,0.0,720.0,724.0,0.0,87.2,24.0,Individual,6,High Risk,Manual Review
108609283,8275.0, 36 months,25.82,E,E4,10+ years,RENT,23000.0,Source Verified,debt_consolidation,MD,33.61,2.0,670.0,674.0,1.0,36.3,15.0,Individual,6,High Risk,Manual Review
109604558,20000.0, 36 months,24.85,E,E3,10+ years,RENT,57000.0,Source Verified,debt_consolidation,TN,32.65,0.0,665.0,669.0,0.0,72.0,10.0,Individual,5,High Risk,Manual Review
109333307,15000.0, 36 months,23.88,E,E2,10+ years,RENT,66000.0,Source Verified,house,OH,32.55,0.0,660.0,664.0,0.0,22.3,17.0,Individual,5,High Risk,Manual Review
108238538,24000.0, 60 months,24.85,E,E3,7 years,MORTGAGE,52790.0,Verified,debt_consolidation,PA,61.56,0.0,710.0,714.0,3.0,60.1,33.0,Joint App,5,High Risk,Manual Review
109371000,24050.0, 60 months,30.79,G,G1,10+ years,MORTGAGE,68238.0,Verified,debt_consolidation,NC,51.1,0.0,680.0,684.0,0.0,72.3,27.0,Joint App,5,High Risk,Manual Review
109504595,14000.0, 36 months,30.17,F,F3,10+ years,RENT,72000.0,Not Verified,other,NJ,32.05,0.0,715.0,719.0,2.0,30.0,39.0,Individual,5,High Risk,Manual Review
109323950,30000.0, 36 months,25.82,E,E4,10+ years,MORTGAGE,40000.0,Source Verified,home_improvement,PA,36.51,0.0,680.0,684.0,1.0,56.4,18.0,Joint App,5,High Risk,Manual Review
109372145,9600.0, 36 months,30.79,G,G1,2 years,OWN,30000.0,Verified,debt_consolidation,UT,30.96,1.0,665.0,669.0,0.0,69.7,28.0,Individual,6,High Risk,Manual Review
109766640,4625.0, 36 months,24.85,E,E3,7 years,RENT,36000.0,Source Verified,other,NY,30.1,2.0,680.0,684.0,0.0,62.5,11.0,Individual,6,High Risk,Manual Review
107491518,30000.0, 36 months,24.85,E,E3,4 years,RENT,78499.0,Source Verified,debt_consolidation,NY,31.49,0.0,695.0,699.0,0.0,83.5,44.0,Individual,6,High Risk,Manual Review
108240621,19200.0, 60 months,26.3,E,E5,1 year,RENT,85000.0,Source Verified,debt_consolidation,CA,11.68,1.0,665.0,669.0,0.0,81.9,15.0,Individual,5,High Risk,Manual Review
109898028,15000.0, 36 months,22.91,E,E1,10+ years,RENT,82000.0,Not Verified,debt_consolidation,FL,33.54,0.0,700.0,704.0,0.0,34.4,15.0,Individual,5,High Risk,Manual Review
109939592,9000.0, 36 months,26.3,E,E5,< 1 year,RENT,25000.0,Not Verified,major_purchase,OR,33.76,0.0,680.0,684.0,0.0,96.4,20.0,Individual,6,High Risk,Manual Review
109737243,20000.0, 60 months,30.65,F,F4,10+ years,RENT,68548.0,Not Verified,debt_consolidation,IN,34.3,0.0,660.0,664.0,2.0,79.9,32.0,Individual,5,High Risk,Manual Review
109687572,1075.0, 36 months,16.02,C,C5,8 years,MORTGAGE,58500.0,Verified,vacation,NJ,32.04,2.0,660.0,664.0,1.0,91.5,30.0,Individual,5,High Risk,Manual Review
109937851,24000.0, 60 months,26.3,E,E5,10+ years,RENT,60000.0,Not Verified,debt_consolidation,WA,30.62,0.0,675.0,679.0,0.0,70.4,49.0,Individual,5,High Risk,Manual Review
109924936,35000.0, 36 months,24.85,E,E3,2 years,RENT,153000.0,Not Verified,debt_consolidation,NJ,32.78,0.0,665.0,669.0,0.0,93.9,28.0,Individual,6,High Risk,Manual Review
109877101,15600.0, 36 months,26.3,E,E5,1 year,MORTGAGE,42000.0,Verified,debt_consolidation,IL,30.66,1.0,685.0,689.0,0.0,66.5,21.0,Individual,6,High Risk,Manual Review
109777072,24000.0, 60 months,20.0,D,D4,10+ years,MORTGAGE,77000.0,Not Verified,debt_consolidation,NJ,31.28,1.0,660.0,664.0,0.0,85.5,27.0,Individual,5,High Risk,Manual Review
108113679,24000.0, 60 months,30.94,G,G4,4 years,RENT,63000.0,Source Verified,debt_consolidation,CA,30.76,0.0,670.0,674.0,0.0,68.1,21.0,Individual,5,High Risk,Manual Review
108461567,34500.0, 36 months,30.65,F,F4,7 years,RENT,75000.0,Verified,credit_card,TX,32.63,0.0,665.0,669.0,0.0,66.2,11.0,Individual,5,High Risk,Manual Review
109331576,16200.0, 60 months,30.65,F,F4,10+ years,MORTGAGE,105000.0,Not Verified,debt_consolidation,IL,31.2,0.0,710.0,714.0,0.0,70.9,35.0,Individual,5,High Risk,Manual Review
109372369,15400.0, 60 months,29.69,F,F2,9 years,MORTGAGE,44000.0,Verified,other,OH,31.12,0.0,670.0,674.0,0.0,79.6,16.0,Individual,5,High Risk,Manual Review
107974647,21000.0, 60 months,26.3,E,E5,5 years,MORTGAGE,75000.0,Not Verified,debt_consolidation,GA,31.55,0.0,675.0,679.0,0.0,40.0,25.0,Individual,5,High Risk,Manual Review
107362192,13425.0, 36 months,22.74,E,E1,4 years,RENT,37310.0,Verified,credit_card,CA,31.94,0.0,675.0,679.0,1.0,67.8,21.0,Individual,5,High Risk,Manual Review
109332684,17000.0, 60 months,30.84,G,G2,10+ years,OWN,62000.0,Source Verified,home_improvement,NM,32.71,0.0,715.0,719.0,2.0,41.7,42.0,Individual,5,High Risk,Manual Review
109318686,12000.0, 60 months,30.65,F,F4,10+ years,MORTGAGE,52000.0,Verified,other,MN,50.82,0.0,665.0,669.0,1.0,99.7,30.0,Joint App,6,High Risk,Manual Review
109367885,17500.0, 36 months,24.85,E,E3,,OWN,35000.0,Not Verified,debt_consolidation,WI,33.57,0.0,700.0,704.0,0.0,62.2,17.0,Individual,5,High Risk,Manual Review
107687253,12000.0, 60 months,26.3,E,E5,10+ years,RENT,60000.0,Not Verified,credit_card,CA,30.44,0.0,675.0,679.0,0.0,44.9,25.0,Individual,5,High Risk,Manual Review
109318823,26650.0, 60 months,30.99,G,G5,,MORTGAGE,57985.0,Verified,other,ME,34.85,0.0,685.0,689.0,0.0,56.6,16.0,Individual,5,High Risk,Manual Review
109914247,32000.0, 60 months,24.85,E,E3,3 years,MORTGAGE,99300.0,Verified,debt_consolidation,VA,32.84,0.0,690.0,694.0,0.0,88.0,34.0,Individual,6,High Risk,Manual Review
109338353,27875.0, 36 months,26.3,E,E5,< 1 year,MORTGAGE,25000.0,Verified,credit_card,AZ,43.98,1.0,660.0,664.0,0.0,37.8,20.0,Joint App,6,High Risk,Manual Review
109799153,30000.0, 36 months,30.65,F,F4,10+ years,RENT,72000.0,Verified,credit_card,CA,32.67,0.0,665.0,669.0,0.0,74.6,39.0,Individual,5,High Risk,Manual Review
108236522,28000.0, 60 months,28.72,F,F1,< 1 year,MORTGAGE,30000.0,Verified,debt_consolidation,MI,62.1,1.0,695.0,699.0,0.0,50.9,28.0,Joint App,6,High Risk,Manual Review
109372399,18925.0, 36 months,29.69,F,F2,10+ years,MORTGAGE,125000.0,Verified,debt_consolidation,VA,34.15,0.0,670.0,674.0,1.0,43.8,68.0,Individual,5,High Risk,Manual Review
109906506,24000.0, 36 months,18.06,D,D2,1 year,RENT,60000.0,Source Verified,debt_consolidation,LA,34.48,1.0,690.0,694.0,0.0,89.7,32.0,Individual,5,High Risk,Manual Review
107510258,35000.0, 36 months,22.74,E,E1,4 years,RENT,92000.0,Verified,debt_consolidation,GA,31.87,0.0,660.0,664.0,1.0,59.2,16.0,Individual,5,High Risk,Manual Review
108559660,34725.0, 36 months,24.85,E,E3,10+ years,MORTGAGE,97500.0,Verified,credit_card,NY,32.82,2.0,670.0,674.0,0.0,49.6,46.0,Individual,6,High Risk,Manual Review
109143098,16000.0, 36 months,30.89,G,G3,2 years,RENT,45000.0,Verified,debt_consolidation,NC,31.6,0.0,660.0,664.0,3.0,57.9,53.0,Individual,5,High Risk,Manual Review
109338147,25450.0, 60 months,28.72,F,F1,< 1 year,MORTGAGE,36400.0,Verified,credit_card,WI,71.74,2.0,695.0,699.0,0.0,52.0,39.0,Joint App,6,High Risk,Manual Review
109908587,18000.0, 36 months,22.91,E,E1,10+ years,MORTGAGE,78000.0,Not Verified,debt_consolidation,NY,34.0,0.0,700.0,704.0,0.0,71.0,34.0,Individual,5,High Risk,Manual Review
107679163,16000.0, 60 months,26.24,E,E5,< 1 year,MORTGAGE,36400.0,Not Verified,debt_consolidation,FL,40.78,1.0,675.0,679.0,0.0,99.6,18.0,Joint App,7,High Risk,Manual Review
109221995,33750.0, 36 months,24.85,E,E3,10+ years,MORTGAGE,75000.0,Verified,debt_consolidation,NM,32.96,0.0,685.0,689.0,0.0,56.0,21.0,Individual,5,High Risk,Manual Review
109317241,30000.0, 60 months,30.89,G,G3,< 1 year,MORTGAGE,25000.0,Verified,house,FL,50.36,0.0,700.0,704.0,1.0,45.7,24.0,Joint App,5,High Risk,Manual Review
107355926,19500.0, 60 months,26.3,E,E5,6 years,MORTGAGE,39000.0,Source Verified,debt_consolidation,NY,31.75,0.0,690.0,694.0,3.0,40.8,30.0,Individual,5,High Risk,Manual Review
108783400,35000.0, 36 months,21.45,D,D5,,MORTGAGE,59346.24,Verified,debt_consolidation,TX,40.34,1.0,675.0,679.0,0.0,99.7,13.0,Joint App,5,High Risk,Manual Review
108381150,23000.0, 60 months,25.82,E,E4,9 years,MORTGAGE,30000.0,Not Verified,debt_consolidation,NY,33.76,0.0,680.0,684.0,1.0,27.6,27.0,Joint App,5,High Risk,Manual Review
109051590,24000.0, 60 months,30.65,F,F4,2 years,MORTGAGE,110000.0,Source Verified,debt_consolidation,MD,18.89,1.0,700.0,704.0,0.0,84.1,15.0,Individual,5,High Risk,Manual Review
109335889,3200.0, 36 months,29.69,F,F2,5 years,OWN,43000.0,Source Verified,home_improvement,PA,34.44,0.0,715.0,719.0,3.0,0.9,41.0,Individual,5,High Risk,Manual Review
109484934,7475.0, 36 months,26.3,E,E5,2 years,MORTGAGE,43000.0,Not Verified,debt_consolidation,IL,31.04,0.0,690.0,694.0,1.0,44.7,14.0,Individual,5,High Risk,Manual Review
109442056,18000.0, 60 months,30.17,F,F3,9 years,RENT,69000.0,Not Verified,debt_consolidation,FL,32.5,1.0,660.0,664.0,3.0,69.0,35.0,Individual,6,High Risk,Manual Review
109365725,10500.0, 60 months,30.17,F,F3,5 years,RENT,38000.0,Not Verified,debt_consolidation,FL,32.38,0.0,660.0,664.0,0.0,47.4,16.0,Individual,5,High Risk,Manual Review
109666259,18000.0, 60 months,26.3,E,E5,10+ years,OWN,42000.0,Source Verified,debt_consolidation,VA,34.16,0.0,700.0,704.0,1.0,7.5,17.0,Individual,5,High Risk,Manual Review
109696847,12500.0, 60 months,28.72,F,F1,3 years,RENT,47112.0,Source Verified,debt_consolidation,TX,34.79,0.0,725.0,729.0,0.0,58.4,13.0,Individual,5,High Risk,Manual Review
109320735,18900.0, 60 months,30.17,F,F3,2 years,RENT,45000.0,Verified,credit_card,UT,33.2,0.0,680.0,684.0,0.0,48.2,11.0,Individual,5,High Risk,Manual Review
109039977,30000.0, 60 months,30.89,G,G3,10+ years,MORTGAGE,55000.0,Verified,debt_consolidation,PA,45.47,0.0,685.0,689.0,0.0,76.1,35.0,Joint App,5,High Risk,Manual Review
108110330,21700.0, 60 months,30.89,G,G3,1 year,OWN,59000.0,Not Verified,credit_card,NY,30.19,0.0,685.0,689.0,0.0,51.9,34.0,Individual,5,High Risk,Manual Review
109301656,35000.0, 36 months,26.3,E,E5,10+ years,MORTGAGE,75000.0,Source Verified,debt_consolidation,IN,30.37,3.0,680.0,684.0,2.0,68.1,22.0,Individual,6,High Risk,Manual Review
109221450,35000.0, 60 months,23.88,E,E2,1 year,RENT,75000.0,Verified,credit_card,CA,56.98,0.0,710.0,714.0,0.0,58.9,33.0,Joint App,5,High Risk,Manual Review
109394640,35000.0, 60 months,16.02,C,C5,10+ years,MORTGAGE,125000.0,Source Verified,debt_consolidation,WA,30.7,1.0,690.0,694.0,0.0,89.7,19.0,Individual,5,High Risk,Manual Review
109614463,35000.0, 36 months,30.17,F,F3,10+ years,RENT,80000.0,Verified,debt_consolidation,CA,32.03,3.0,665.0,669.0,0.0,94.9,19.0,Individual,7,High Risk,Manual Review
109272605,6000.0, 36 months,22.91,E,E1,< 1 year,RENT,21000.0,Source Verified,other,MI,34.51,0.0,695.0,699.0,0.0,62.2,5.0,Individual,5,High Risk,Manual Review
109647275,2200.0, 36 months,30.17,F,F3,< 1 year,RENT,48000.0,Verified,other,HI,34.23,0.0,670.0,674.0,2.0,27.6,21.0,Individual,5,High Risk,Manual Review
108771143,12750.0, 60 months,30.99,G,G5,10+ years,MORTGAGE,125000.0,Verified,debt_consolidation,CA,30.32,0.0,680.0,684.0,2.0,35.9,32.0,Individual,5,High Risk,Manual Review
108660360,12600.0, 60 months,25.82,E,E4,3 years,MORTGAGE,39900.0,Verified,debt_consolidation,KY,31.44,0.0,695.0,699.0,0.0,79.9,11.0,Individual,5,High Risk,Manual Review
107634280,35000.0, 60 months,25.49,E,E4,10+ years,MORTGAGE,185000.0,Verified,debt_consolidation,TX,30.19,0.0,660.0,664.0,1.0,75.5,37.0,Individual,5,High Risk,Manual Review
109365647,29400.0, 60 months,30.75,F,F5,4 years,OWN,70000.0,Not Verified,debt_consolidation,TX,8.66,2.0,665.0,669.0,0.0,82.2,20.0,Individual,5,High Risk,Manual Review
107421763,24000.0, 60 months,16.02,C,C5,< 1 year,MORTGAGE,31000.0,Verified,debt_consolidation,FL,49.17,1.0,680.0,684.0,0.0,83.0,20.0,Joint App,5,High Risk,Manual Review
109494181,31725.0, 60 months,26.3,E,E5,10+ years,MORTGAGE,72147.0,Source Verified,debt_consolidation,IL,32.12,2.0,660.0,664.0,0.0,62.9,37.0,Individual,6,High Risk,Manual Review
108043782,13000.0, 60 months,23.88,E,E2,6 years,MORTGAGE,46000.0,Source Verified,debt_consolidation,OH,31.72,0.0,715.0,719.0,0.0,82.3,17.0,Individual,6,High Risk,Manual Review
109075627,4800.0, 36 months,23.88,E,E2,2 years,RENT,99000.0,Verified,debt_consolidation,CA,31.02,0.0,660.0,664.0,1.0,15.4,60.0,Individual,5,High Risk,Manual Review
109311214,30000.0, 36 months,24.85,E,E3,2 years,MORTGAGE,103000.0,Verified,debt_consolidation,NJ,21.42,1.0,675.0,679.0,0.0,94.1,40.0,Individual,5,High Risk,Manual Review
109301293,30000.0, 36 months,24.85,E,E3,6 years,OWN,115000.0,Verified,debt_consolidation,CA,23.7,1.0,690.0,694.0,1.0,87.3,28.0,Individual,5,High Risk,Manual Review
107612107,9550.0, 36 months,26.3,E,E5,3 years,MORTGAGE,80000.0,Verified,debt_consolidation,IN,34.05,0.0,685.0,689.0,4.0,30.0,36.0,Individual,5,High Risk,Manual Review
109272020,10375.0, 36 months,23.88,E,E2,,OWN,25966.0,Verified,debt_consolidation,PA,33.03,0.0,685.0,689.0,0.0,69.3,12.0,Individual,5,High Risk,Manual Review
109474363,9000.0, 36 months,25.82,E,E4,5 years,MORTGAGE,34000.0,Verified,debt_consolidation,NM,33.67,0.0,665.0,669.0,1.0,61.4,13.0,Individual,5,High Risk,Manual Review
107933703,4825.0, 36 months,25.82,E,E4,7 years,MORTGAGE,45000.0,Source Verified,credit_card,NJ,33.73,0.0,685.0,689.0,1.0,39.9,28.0,Individual,5,High Risk,Manual Review
108845616,12500.0, 36 months,23.88,E,E2,1 year,OWN,25000.0,Source Verified,credit_card,TX,33.75,0.0,710.0,714.0,0.0,33.9,18.0,Individual,5,High Risk,Manual Review
109082913,6000.0, 36 months,30.75,F,F5,< 1 year,RENT,52000.0,Verified,debt_consolidation,GA,30.81,0.0,665.0,669.0,0.0,52.0,27.0,Individual,5,High Risk,Manual Review
107712066,35000.0, 60 months,30.74,F,F5,6 years,MORTGAGE,95000.0,Verified,debt_consolidation,LA,14.55,1.0,675.0,679.0,0.0,93.8,33.0,Individual,5,High Risk,Manual Review
105243419,21500.0, 36 months,26.24,E,E5,10+ years,RENT,43000.0,Source Verified,debt_consolidation,NY,34.08,0.0,670.0,674.0,0.0,39.7,48.0,Individual,5,High Risk,Manual Review
108896001,18500.0, 60 months,26.3,E,E5,3 years,MORTGAGE,71000.0,Source Verified,other,GA,31.38,0.0,695.0,699.0,0.0,88.0,17.0,Individual,6,High Risk,Manual Review
108183444,2425.0, 36 months,26.3,E,E5,5 years,RENT,31992.0,Verified,credit_card,MD,29.29,1.0,670.0,674.0,0.0,88.2,24.0,Individual,5,High Risk,Manual Review
108511132,22025.0, 60 months,28.72,F,F1,10+ years,MORTGAGE,58000.0,Source Verified,debt_consolidation,NC,32.88,2.0,670.0,674.0,1.0,54.3,28.0,Individual,6,High Risk,Manual Review
108975877,35000.0, 36 months,23.88,E,E2,10+ years,RENT,120000.0,Verified,debt_consolidation,MD,34.5,0.0,690.0,694.0,0.0,78.4,31.0,Individual,5,High Risk,Manual Review
108835213,15000.0, 60 months,17.09,D,D1,10+ years,MORTGAGE,75000.0,Source Verified,home_improvement,NJ,30.46,6.0,660.0,664.0,0.0,89.7,20.0,Individual,5,High Risk,Manual Review
109343664,9450.0, 36 months,25.82,E,E4,4 years,RENT,26300.0,Source Verified,debt_consolidation,TX,34.69,0.0,715.0,719.0,3.0,38.9,16.0,Individual,5,High Risk,Manual Review
108772004,16000.0, 60 months,26.3,E,E5,< 1 year,MORTGAGE,32000.0,Verified,debt_consolidation,AZ,41.94,0.0,665.0,669.0,1.0,33.3,23.0,Joint App,5,High Risk,Manual Review
109043750,12000.0, 60 months,26.3,E,E5,2 years,OWN,31900.0,Verified,debt_consolidation,FL,30.81,0.0,680.0,684.0,1.0,54.9,16.0,Individual,5,High Risk,Manual Review
108134107,22875.0, 60 months,26.3,E,E5,2 years,RENT,52000.0,Source Verified,debt_consolidation,CA,30.23,0.0,660.0,664.0,2.0,73.5,20.0,Individual,5,High Risk,Manual Review
108259041,35000.0, 60 months,29.69,F,F2,5 years,MORTGAGE,32000.0,Verified,debt_consolidation,ID,66.58,2.0,695.0,699.0,2.0,71.7,33.0,Joint App,6,High Risk,Manual Review
109325629,21600.0, 60 months,26.3,E,E5,2 years,OWN,57800.0,Source Verified,debt_consolidation,FL,21.97,1.0,665.0,669.0,1.0,82.8,31.0,Individual,5,High Risk,Manual Review
109319841,9000.0, 36 months,30.84,G,G2,4 years,RENT,22991.5,Source Verified,other,CO,23.34,1.0,665.0,669.0,0.0,83.8,13.0,Individual,5,High Risk,Manual Review
109077997,12000.0, 60 months,26.3,E,E5,6 years,OWN,77000.0,Verified,credit_card,VA,12.47,1.0,660.0,664.0,0.0,83.5,15.0,Individual,5,High Risk,Manual Review
107973039,26275.0, 60 months,29.69,F,F2,< 1 year,MORTGAGE,24500.0,Verified,debt_consolidation,NY,73.44,0.0,695.0,699.0,0.0,30.4,26.0,Joint App,5,High Risk,Manual Review
109092039,25125.0, 60 months,22.91,E,E1,9 years,MORTGAGE,76500.0,Verified,debt_consolidation,FL,30.54,0.0,665.0,669.0,1.0,81.0,32.0,Individual,6,High Risk,Manual Review
109081129,12000.0, 60 months,30.65,F,F4,10+ years,MORTGAGE,60000.0,Source Verified,debt_consolidation,PA,32.4,1.0,660.0,664.0,1.0,88.7,18.0,Individual,7,High Risk,Manual Review
107893155,35000.0, 60 months,28.69,F,F1,10+ years,MORTGAGE,90000.0,Verified,debt_consolidation,HI,33.39,1.0,670.0,674.0,3.0,41.0,27.0,Individual,6,High Risk,Manual Review
109221537,14000.0, 60 months,26.3,E,E5,4 years,MORTGAGE,28000.0,Source Verified,debt_consolidation,TN,30.78,0.0,670.0,674.0,0.0,79.4,18.0,Individual,5,High Risk,Manual Review
109142562,24000.0, 60 months,30.84,G,G2,5 years,RENT,83200.0,Verified,debt_consolidation,FL,33.2,0.0,670.0,674.0,1.0,35.8,30.0,Individual,5,High Risk,Manual Review
108512484,14000.0, 36 months,23.88,E,E2,9 years,RENT,45000.0,Verified,credit_card,GA,34.72,0.0,695.0,699.0,2.0,26.3,42.0,Individual,5,High Risk,Manual Review
107037081,19000.0, 60 months,26.3,E,E5,6 years,MORTGAGE,36000.0,Verified,debt_consolidation,AZ,53.87,0.0,660.0,664.0,1.0,72.2,16.0,Joint App,5,High Risk,Manual Review
109036563,20000.0, 36 months,23.88,E,E2,< 1 year,OWN,28000.0,Verified,debt_consolidation,FL,56.37,0.0,685.0,689.0,0.0,69.5,20.0,Joint App,5,High Risk,Manual Review
106776085,20000.0, 36 months,25.49,E,E4,2 years,RENT,54000.0,Verified,debt_consolidation,TX,18.78,2.0,670.0,674.0,0.0,82.4,19.0,Individual,5,High Risk,Manual Review
109037725,8575.0, 36 months,29.69,F,F2,,MORTGAGE,42500.0,Verified,debt_consolidation,VA,30.05,1.0,665.0,669.0,1.0,88.1,19.0,Individual,7,High Risk,Manual Review
107306410,21625.0, 60 months,30.75,F,F5,10+ years,MORTGAGE,80000.0,Source Verified,debt_consolidation,HI,22.5,1.0,660.0,664.0,2.0,97.9,24.0,Individual,5,High Risk,Manual Review
109318178,13000.0, 36 months,23.88,E,E2,9 years,RENT,45500.0,Source Verified,debt_consolidation,OH,31.07,0.0,670.0,674.0,1.0,79.5,32.0,Individual,5,High Risk,Manual Review
108784313,14275.0, 36 months,23.88,E,E2,2 years,MORTGAGE,34000.0,Source Verified,debt_consolidation,MO,33.46,1.0,680.0,684.0,0.0,54.7,24.0,Individual,6,High Risk,Manual Review
109368460,20800.0, 60 months,30.65,F,F4,3 years,MORTGAGE,58000.0,Not Verified,debt_consolidation,IL,30.83,0.0,675.0,679.0,1.0,61.5,37.0,Individual,5,High Risk,Manual Review
109301650,17775.0, 60 months,30.17,F,F3,1 year,MORTGAGE,70000.0,Source Verified,debt_consolidation,CO,21.64,1.0,680.0,684.0,0.0,94.6,23.0,Individual,5,High Risk,Manual Review
108815610,16000.0, 60 months,30.94,G,G4,5 years,MORTGAGE,69120.0,Verified,moving,MA,30.68,0.0,680.0,684.0,2.0,56.0,28.0,Individual,5,High Risk,Manual Review
108970352,4000.0, 36 months,29.69,F,F2,< 1 year,MORTGAGE,18000.0,Source Verified,other,NC,30.27,0.0,660.0,664.0,1.0,36.9,11.0,Individual,5,High Risk,Manual Review
109091757,10000.0, 60 months,26.3,E,E5,3 years,RENT,72813.0,Source Verified,credit_card,PA,12.08,1.0,670.0,674.0,0.0,95.0,20.0,Individual,5,High Risk,Manual Review
108549282,6275.0, 36 months,25.82,E,E4,4 years,OWN,18500.0,Verified,debt_consolidation,TX,32.32,0.0,675.0,679.0,0.0,65.7,16.0,Individual,5,High Risk,Manual Review
109335121,22400.0, 60 months,26.3,E,E5,3 years,RENT,71720.0,Source Verified,debt_consolidation,TX,31.44,0.0,700.0,704.0,1.0,71.2,27.0,Individual,5,High Risk,Manual Review
107696275,8400.0, 36 months,22.91,E,E1,,RENT,21060.0,Verified,credit_card,OH,30.43,0.0,695.0,699.0,0.0,67.0,12.0,Individual,5,High Risk,Manual Review
109201263,3200.0, 36 months,16.02,C,C5,9 years,MORTGAGE,43729.0,Source Verified,debt_consolidation,WI,33.83,1.0,665.0,669.0,1.0,86.0,24.0,Individual,5,High Risk,Manual Review
107984422,21000.0, 60 months,20.0,D,D4,8 years,RENT,150000.0,Verified,debt_consolidation,OK,32.04,1.0,665.0,669.0,1.0,92.0,35.0,Individual,5,High Risk,Manual Review
107641717,13675.0, 36 months,24.74,E,E3,10+ years,RENT,38000.0,Verified,debt_consolidation,FL,32.55,0.0,660.0,664.0,1.0,47.6,20.0,Individual,5,High Risk,Manual Review
109313351,12000.0, 36 months,15.05,C,C4,3 years,MORTGAGE,64000.0,Verified,debt_consolidation,TX,32.57,2.0,665.0,669.0,2.0,87.9,35.0,Individual,5,High Risk,Manual Review
108257422,16800.0, 60 months,28.72,F,F1,10+ years,OWN,26000.0,Verified,credit_card,MO,47.39,0.0,665.0,669.0,0.0,40.2,16.0,Joint App,5,High Risk,Manual Review
107625983,29625.0, 60 months,23.99,E,E2,< 1 year,MORTGAGE,39000.0,Verified,debt_consolidation,KS,43.23,2.0,735.0,739.0,1.0,20.3,27.0,Joint App,6,High Risk,Manual Review
109171186,18400.0, 60 months,30.17,F,F3,1 year,RENT,40000.0,Source Verified,debt_consolidation,CT,34.95,0.0,710.0,714.0,0.0,46.1,31.0,Individual,5,High Risk,Manual Review
108875521,35000.0, 60 months,30.89,G,G3,2 years,MORTGAGE,130000.0,Verified,credit_card,TX,32.76,1.0,680.0,684.0,2.0,62.0,46.0,Individual,6,High Risk,Manual Review
109039912,13325.0, 60 months,30.84,G,G2,7 years,RENT,51605.0,Verified,debt_consolidation,NY,31.23,0.0,660.0,664.0,2.0,49.6,26.0,Individual,5,High Risk,Manual Review
108925874,11875.0, 36 months,26.3,E,E5,10+ years,MORTGAGE,45000.0,Source Verified,debt_consolidation,FL,33.31,1.0,670.0,674.0,1.0,36.5,25.0,Individual,6,High Risk,Manual Review
108967120,35000.0, 60 months,30.84,G,G2,6 years,RENT,85000.0,Verified,debt_consolidation,HI,32.77,0.0,670.0,674.0,1.0,96.7,56.0,Individual,6,High Risk,Manual Review
109101879,15725.0, 60 months,30.79,G,G1,8 years,MORTGAGE,55000.0,Not Verified,debt_consolidation,NC,32.12,0.0,660.0,664.0,0.0,52.0,29.0,Individual,5,High Risk,Manual Review
108255978,24000.0, 60 months,29.69,F,F2,2 years,OWN,55000.0,Source Verified,debt_consolidation,MD,33.38,1.0,685.0,689.0,0.0,57.4,22.0,Individual,6,High Risk,Manual Review
107412362,28000.0, 60 months,21.49,D,D5,10+ years,RENT,96900.0,Verified,debt_consolidation,VA,33.83,2.0,660.0,664.0,0.0,98.0,28.0,Individual,5,High Risk,Manual Review
107581255,19200.0, 36 months,24.85,E,E3,10+ years,MORTGAGE,69000.0,Verified,debt_consolidation,TX,31.84,0.0,680.0,684.0,0.0,64.8,65.0,Individual,5,High Risk,Manual Review
109081885,10000.0, 36 months,23.88,E,E2,,RENT,42000.0,Verified,other,NY,32.66,0.0,660.0,664.0,0.0,52.7,15.0,Individual,5,High Risk,Manual Review
107510925,20000.0, 60 months,23.99,E,E2,< 1 year,MORTGAGE,37000.0,Source Verified,debt_consolidation,NH,31.01,1.0,685.0,689.0,1.0,31.2,24.0,Joint App,6,High Risk,Manual Review
108784029,30800.0, 60 months,23.88,E,E2,2 years,RENT,72000.0,Verified,debt_consolidation,VA,30.52,0.0,715.0,719.0,0.0,66.9,27.0,Individual,5,High Risk,Manual Review
108519245,21000.0, 60 months,26.3,E,E5,10+ years,MORTGAGE,37000.0,Verified,debt_consolidation,FL,37.11,1.0,665.0,669.0,0.0,77.7,23.0,Joint App,6,High Risk,Manual Review
108260347,35000.0, 36 months,23.88,E,E2,,MORTGAGE,11038.8,Verified,debt_consolidation,VA,63.55,0.0,670.0,674.0,0.0,92.7,14.0,Joint App,6,High Risk,Manual Review
108361654,17200.0, 60 months,26.3,E,E5,5 years,MORTGAGE,43000.0,Verified,medical,IN,32.74,0.0,665.0,669.0,1.0,97.0,17.0,Individual,6,High Risk,Manual Review
108254937,24000.0, 36 months,24.85,E,E3,< 1 year,RENT,20000.0,Verified,credit_card,FL,85.35,0.0,670.0,674.0,2.0,52.1,22.0,Joint App,5,High Risk,Manual Review
107560863,24000.0, 60 months,23.88,E,E2,10+ years,MORTGAGE,100000.0,Verified,home_improvement,IL,34.35,4.0,670.0,674.0,0.0,11.7,35.0,Individual,6,High Risk,Manual Review
109282406,11200.0, 36 months,22.91,E,E1,7 years,RENT,50000.0,Verified,credit_card,CO,30.27,0.0,695.0,699.0,0.0,34.4,23.0,Individual,5,High Risk,Manual Review
108517102,19350.0, 60 months,28.72,F,F1,,RENT,74000.0,Verified,moving,CA,32.35,0.0,690.0,694.0,2.0,72.9,18.0,Individual,5,High Risk,Manual Review
108236382,20000.0, 60 months,26.3,E,E5,10+ years,RENT,65000.0,Not Verified,debt_consolidation,CA,31.87,0.0,690.0,694.0,0.0,73.5,21.0,Individual,5,High Risk,Manual Review
109292315,3000.0, 36 months,16.02,C,C5,9 years,MORTGAGE,68000.0,Not Verified,debt_consolidation,CT,30.44,1.0,660.0,664.0,0.0,100.0,24.0,Individual,5,High Risk,Manual Review
107624881,8975.0, 36 months,23.99,E,E2,< 1 year,RENT,31200.0,Verified,debt_consolidation,TX,33.13,0.0,670.0,674.0,2.0,60.0,29.0,Individual,5,High Risk,Manual Review
108609664,16000.0, 60 months,29.69,F,F2,10+ years,OWN,55000.0,Verified,debt_consolidation,MI,34.63,0.0,665.0,669.0,1.0,77.6,15.0,Individual,5,High Risk,Manual Review
106952352,11150.0, 60 months,30.17,F,F3,10+ years,RENT,31000.0,Verified,debt_consolidation,CO,30.08,0.0,670.0,674.0,0.0,71.6,18.0,Individual,5,High Risk,Manual Review
109043665,16000.0, 60 months,30.99,G,G5,2 years,RENT,46000.0,Source Verified,other,CA,30.05,0.0,665.0,669.0,2.0,36.6,23.0,Individual,5,High Risk,Manual Review
107696220,27000.0, 60 months,23.88,E,E2,10+ years,MORTGAGE,60000.0,Verified,debt_consolidation,IL,30.5,0.0,690.0,694.0,0.0,95.0,38.0,Individual,6,High Risk,Manual Review
108679296,7250.0, 36 months,25.82,E,E4,10+ years,MORTGAGE,52000.0,Verified,credit_card,NM,32.68,0.0,685.0,689.0,1.0,35.5,37.0,Individual,5,High Risk,Manual Review
108259869,18675.0, 36 months,29.69,F,F2,9 years,MORTGAGE,57200.0,Verified,debt_consolidation,NV,33.36,1.0,695.0,699.0,0.0,43.2,34.0,Individual,6,High Risk,Manual Review
107653255,9600.0, 36 months,25.49,E,E4,9 years,MORTGAGE,45000.0,Verified,debt_consolidation,SD,44.13,0.0,670.0,674.0,0.0,43.7,43.0,Joint App,5,High Risk,Manual Review
109043966,16000.0, 60 months,28.72,F,F1,10+ years,RENT,58000.0,Source Verified,car,IL,32.82,0.0,710.0,714.0,1.0,54.4,28.0,Individual,5,High Risk,Manual Review
107993331,12000.0, 60 months,30.17,F,F3,2 years,MORTGAGE,40000.0,Verified,major_purchase,MA,31.32,0.0,705.0,709.0,0.0,58.2,13.0,Individual,5,High Risk,Manual Review
109316411,35000.0, 60 months,26.3,E,E5,2 years,MORTGAGE,32550.07,Verified,debt_consolidation,OR,45.1,1.0,685.0,689.0,0.0,46.9,31.0,Joint App,6,High Risk,Manual Review
107973771,9600.0, 36 months,23.88,E,E2,9 years,MORTGAGE,65000.0,Source Verified,debt_consolidation,CA,31.35,1.0,675.0,679.0,0.0,66.3,28.0,Individual,6,High Risk,Manual Review
106773394,15000.0, 60 months,26.3,E,E5,< 1 year,RENT,38352.0,Source Verified,debt_consolidation,AL,23.56,1.0,660.0,664.0,1.0,86.6,21.0,Individual,5,High Risk,Manual Review
108260498,32975.0, 60 months,30.65,F,F4,9 years,MORTGAGE,54000.0,Verified,debt_consolidation,WI,35.29,0.0,660.0,664.0,1.0,94.9,17.0,Joint App,6,High Risk,Manual Review
108907021,3350.0, 36 months,30.75,F,F5,10+ years,MORTGAGE,63000.0,Verified,car,TX,32.59,0.0,670.0,674.0,2.0,92.7,24.0,Individual,6,High Risk,Manual Review
107639350,20000.0, 60 months,28.69,F,F1,10+ years,RENT,78000.0,Verified,other,WA,23.58,1.0,670.0,674.0,0.0,87.3,22.0,Individual,5,High Risk,Manual Review
109047299,24000.0, 60 months,26.3,E,E5,10+ years,MORTGAGE,100000.0,Verified,debt_consolidation,CA,55.52,0.0,685.0,689.0,1.0,91.2,38.0,Joint App,6,High Risk,Manual Review
107055438,11000.0, 60 months,23.99,E,E2,10+ years,OWN,27885.0,Source Verified,credit_card,LA,33.06,0.0,670.0,674.0,2.0,47.8,32.0,Joint App,5,High Risk,Manual Review
108064197,24000.0, 60 months,29.69,F,F2,4 years,MORTGAGE,100000.0,Source Verified,debt_consolidation,PA,20.38,3.0,670.0,674.0,1.0,94.1,43.0,Individual,5,High Risk,Manual Review
109231960,15000.0, 36 months,29.69,F,F2,10+ years,OWN,85000.0,Not Verified,credit_card,PA,34.75,0.0,675.0,679.0,3.0,33.7,72.0,Individual,5,High Risk,Manual Review
107421136,35000.0, 60 months,25.49,E,E4,10+ years,RENT,126000.0,Source Verified,debt_consolidation,NJ,7.42,1.0,705.0,709.0,1.0,92.8,9.0,Individual,5,High Risk,Manual Review
107714888,20900.0, 36 months,29.99,F,F3,10+ years,OWN,55000.0,Source Verified,debt_consolidation,NV,33.73,0.0,665.0,669.0,2.0,71.2,24.0,Individual,5,High Risk,Manual Review
107984632,12500.0, 60 months,26.3,E,E5,10+ years,OWN,90000.0,Source Verified,small_business,NC,30.69,0.0,665.0,669.0,1.0,59.5,20.0,Individual,5,High Risk,Manual Review
106306356,23000.0, 60 months,28.69,F,F1,10+ years,RENT,50000.0,Verified,debt_consolidation,NY,32.33,0.0,700.0,704.0,1.0,45.7,17.0,Individual,5,High Risk,Manual Review
107695546,15250.0, 36 months,24.85,E,E3,10+ years,OWN,39700.0,Verified,debt_consolidation,MS,33.95,3.0,670.0,674.0,2.0,43.0,49.0,Individual,6,High Risk,Manual Review
108972150,10125.0, 60 months,26.3,E,E5,< 1 year,MORTGAGE,65500.0,Not Verified,debt_consolidation,TX,31.15,1.0,695.0,699.0,0.0,19.5,31.0,Individual,6,High Risk,Manual Review
109121700,20000.0, 36 months,30.84,G,G2,,MORTGAGE,58524.0,Not Verified,other,FL,33.81,0.0,680.0,684.0,0.0,67.0,30.0,Individual,5,High Risk,Manual Review
109161748,14400.0, 60 months,30.99,G,G5,9 years,RENT,100000.0,Source Verified,other,CA,32.54,0.0,680.0,684.0,2.0,56.5,25.0,Individual,5,High Risk,Manual Review
109161522,30000.0, 60 months,29.69,F,F2,8 years,RENT,63500.0,Source Verified,debt_consolidation,TX,34.68,0.0,680.0,684.0,0.0,56.3,35.0,Individual,5,High Risk,Manual Review
107580891,23000.0, 60 months,26.24,E,E5,9 years,RENT,70000.0,Verified,debt_consolidation,FL,32.14,0.0,690.0,694.0,0.0,39.8,19.0,Individual,5,High Risk,Manual Review
109317114,12500.0, 60 months,25.82,E,E4,5 years,RENT,41000.0,Not Verified,credit_card,FL,30.86,0.0,715.0,719.0,0.0,23.2,29.0,Individual,5,High Risk,Manual Review
108245910,32650.0, 60 months,26.3,E,E5,10+ years,OWN,71000.0,Verified,credit_card,NY,21.59,2.0,660.0,664.0,0.0,94.8,23.0,Individual,5,High Risk,Manual Review
109314715,7875.0, 36 months,26.3,E,E5,10+ years,MORTGAGE,85000.0,Source Verified,debt_consolidation,NY,33.43,0.0,670.0,674.0,0.0,82.7,27.0,Individual,6,High Risk,Manual Review
108074501,35000.0, 36 months,18.06,D,D2,6 years,MORTGAGE,110000.0,Not Verified,credit_card,IL,33.95,1.0,675.0,679.0,0.0,83.0,35.0,Individual,5,High Risk,Manual Review
108523227,22000.0, 60 months,26.3,E,E5,< 1 year,RENT,87600.0,Source Verified,debt_consolidation,OH,23.63,1.0,665.0,669.0,0.0,86.8,14.0,Individual,5,High Risk,Manual Review
107743167,20000.0, 60 months,30.89,G,G3,8 years,RENT,52000.0,Source Verified,debt_consolidation,WA,30.93,0.0,690.0,694.0,0.0,62.2,23.0,Individual,5,High Risk,Manual Review
108053745,35000.0, 36 months,22.91,E,E1,4 years,RENT,110000.0,Verified,debt_consolidation,VA,33.71,0.0,675.0,679.0,2.0,83.0,22.0,Individual,6,High Risk,Manual Review
108649552,32000.0, 60 months,24.85,E,E3,3 years,MORTGAGE,80000.0,Source Verified,debt_consolidation,TX,31.49,0.0,680.0,684.0,0.0,55.1,42.0,Individual,5,High Risk,Manual Review
107005855,25000.0, 36 months,30.99,G,G5,2 years,OWN,50000.0,Verified,credit_card,AZ,34.33,0.0,690.0,694.0,1.0,52.1,30.0,Individual,5,High Risk,Manual Review
107743276,25000.0, 60 months,29.69,F,F2,3 years,RENT,54996.0,Source Verified,debt_consolidation,NJ,33.18,0.0,690.0,694.0,1.0,38.3,36.0,Individual,5,High Risk,Manual Review
108112771,25075.0, 36 months,24.85,E,E3,5 years,OWN,57000.0,Not Verified,debt_consolidation,NY,33.87,0.0,675.0,679.0,0.0,67.6,17.0,Individual,5,High Risk,Manual Review
109311354,23300.0, 36 months,24.85,E,E3,7 years,MORTGAGE,76800.0,Verified,debt_consolidation,NJ,34.11,0.0,660.0,664.0,1.0,93.1,19.0,Individual,6,High Risk,Manual Review
106895818,16225.0, 60 months,25.49,E,E4,< 1 year,MORTGAGE,74000.0,Verified,home_improvement,OH,39.2,0.0,700.0,704.0,0.0,63.1,21.0,Joint App,5,High Risk,Manual Review
108124378,18000.0, 60 months,24.85,E,E3,2 years,RENT,45000.0,Verified,debt_consolidation,NY,31.57,0.0,665.0,669.0,0.0,71.0,14.0,Individual,5,High Risk,Manual Review
108234302,27150.0, 60 months,30.84,G,G2,1 year,MORTGAGE,26000.0,Not Verified,home_improvement,FL,75.48,0.0,700.0,704.0,0.0,49.1,23.0,Joint App,5,High Risk,Manual Review
106763874,21600.0, 60 months,30.79,G,G1,,MORTGAGE,48000.0,Verified,debt_consolidation,TN,31.48,0.0,695.0,699.0,0.0,37.0,16.0,Individual,5,High Risk,Manual Review
107656238,32000.0, 60 months,30.49,F,F4,2 years,MORTGAGE,115000.0,Source Verified,home_improvement,MD,32.19,0.0,740.0,744.0,0.0,46.6,30.0,Individual,5,High Risk,Manual Review
109049346,24000.0, 60 months,26.3,E,E5,3 years,MORTGAGE,73000.0,Source Verified,debt_consolidation,NC,9.4,1.0,665.0,669.0,1.0,84.4,9.0,Individual,5,High Risk,Manual Review
108237363,15000.0, 36 months,30.75,F,F5,< 1 year,MORTGAGE,25000.0,Verified,debt_consolidation,TX,36.49,0.0,665.0,669.0,2.0,21.4,23.0,Joint App,5,High Risk,Manual Review
108520360,30900.0, 36 months,25.82,E,E4,10+ years,RENT,60000.0,Source Verified,debt_consolidation,CA,34.4,0.0,660.0,664.0,1.0,73.1,34.0,Joint App,5,High Risk,Manual Review
108110586,2425.0, 36 months,22.91,E,E1,< 1 year,MORTGAGE,33280.0,Source Verified,debt_consolidation,NJ,31.27,0.0,705.0,709.0,0.0,81.5,22.0,Individual,6,High Risk,Manual Review
108174160,35000.0, 60 months,26.3,E,E5,10+ years,MORTGAGE,123000.0,Verified,debt_consolidation,PA,16.12,2.0,660.0,664.0,0.0,95.8,31.0,Individual,5,High Risk,Manual Review
108231902,20000.0, 60 months,26.3,E,E5,5 years,OWN,60000.0,Not Verified,debt_consolidation,MD,31.92,0.0,690.0,694.0,0.0,38.7,15.0,Individual,5,High Risk,Manual Review
107591505,10000.0, 60 months,23.99,E,E2,1 year,RENT,74000.0,Verified,debt_consolidation,HI,25.88,1.0,680.0,684.0,1.0,83.6,13.0,Individual,5,High Risk,Manual Review
107058488,4000.0, 36 months,23.99,E,E2,< 1 year,MORTGAGE,28800.0,Source Verified,debt_consolidation,NV,33.71,0.0,660.0,664.0,0.0,83.5,22.0,Joint App,6,High Risk,Manual Review
107560885,19200.0, 60 months,22.74,E,E1,5 years,MORTGAGE,72000.0,Source Verified,home_improvement,OH,30.62,0.0,695.0,699.0,1.0,93.2,12.0,Individual,6,High Risk,Manual Review
108063776,16000.0, 60 months,26.3,E,E5,3 years,OWN,81120.0,Source Verified,home_improvement,AK,33.74,0.0,670.0,674.0,0.0,52.3,24.0,Individual,5,High Risk,Manual Review
107047478,10225.0, 36 months,24.74,E,E3,2 years,MORTGAGE,49500.0,Source Verified,debt_consolidation,TX,30.88,0.0,675.0,679.0,0.0,69.6,16.0,Individual,5,High Risk,Manual Review
105675389,30000.0, 36 months,25.49,E,E4,1 year,MORTGAGE,88000.0,Source Verified,house,CT,31.46,0.0,725.0,729.0,0.0,30.7,31.0,Individual,5,High Risk,Manual Review
108875867,14000.0, 60 months,30.65,F,F4,3 years,MORTGAGE,90000.0,Verified,debt_consolidation,IL,30.83,0.0,685.0,689.0,1.0,50.9,28.0,Individual,5,High Risk,Manual Review
107680072,35000.0, 60 months,26.24,E,E5,10+ years,OWN,90000.0,Source Verified,debt_consolidation,TX,30.91,5.0,665.0,669.0,0.0,55.4,40.0,Individual,6,High Risk,Manual Review
108044079,32325.0, 36 months,30.79,G,G1,10+ years,OWN,77000.0,Verified,debt_consolidation,IL,34.57,0.0,700.0,704.0,1.0,73.5,20.0,Individual,5,High Risk,Manual Review
107370446,16150.0, 60 months,30.74,F,F5,10+ years,RENT,38500.0,Verified,debt_consolidation,GA,33.73,0.0,660.0,664.0,1.0,55.8,17.0,Individual,5,High Risk,Manual Review
108778554,12650.0, 36 months,23.88,E,E2,4 years,RENT,48000.0,Not Verified,debt_consolidation,WA,31.1,0.0,710.0,714.0,0.0,50.4,43.0,Individual,5,High Risk,Manual Review
109015351,9000.0, 36 months,23.88,E,E2,10+ years,RENT,50000.0,Not Verified,debt_consolidation,CA,30.34,0.0,670.0,674.0,0.0,52.7,17.0,Individual,5,High Risk,Manual Review
106426910,6000.0, 36 months,23.88,E,E2,10+ years,MORTGAGE,78000.0,Verified,debt_consolidation,NV,33.0,1.0,670.0,674.0,0.0,54.6,25.0,Individual,6,High Risk,Manual Review
108223715,10800.0, 36 months,23.88,E,E2,2 years,RENT,30000.0,Not Verified,debt_consolidation,MT,32.2,0.0,680.0,684.0,0.0,55.5,19.0,Individual,5,High Risk,Manual Review
108143666,25000.0, 36 months,26.3,E,E5,5 years,OWN,79500.0,Source Verified,credit_card,SC,32.11,0.0,675.0,679.0,1.0,62.9,42.0,Individual,5,High Risk,Manual Review
107813451,24000.0, 60 months,30.49,F,F4,10+ years,RENT,125000.0,Verified,credit_card,MO,31.94,0.0,665.0,669.0,2.0,59.3,50.0,Individual,5,High Risk,Manual Review
108985492,20000.0, 60 months,26.3,E,E5,2 years,MORTGAGE,61000.0,Not Verified,debt_consolidation,VA,23.18,1.0,665.0,669.0,0.0,96.9,20.0,Individual,5,High Risk,Manual Review
107410450,12000.0, 36 months,15.99,C,C5,7 years,RENT,65000.0,Verified,small_business,CA,34.47,6.0,660.0,664.0,0.0,89.8,23.0,Individual,5,High Risk,Manual Review
107421015,28000.0, 60 months,25.49,E,E4,2 years,MORTGAGE,107000.0,Source Verified,debt_consolidation,TX,19.17,1.0,670.0,674.0,0.0,91.9,15.0,Individual,5,High Risk,Manual Review
109036026,11850.0, 36 months,22.91,E,E1,2 years,RENT,33000.0,Not Verified,credit_card,FL,30.76,0.0,710.0,714.0,0.0,29.6,19.0,Individual,5,High Risk,Manual Review
107649188,35000.0, 60 months,22.74,E,E1,< 1 year,MORTGAGE,82000.0,Verified,credit_card,TN,41.42,1.0,665.0,669.0,0.0,68.4,68.0,Joint App,6,High Risk,Manual Review
108114245,15000.0, 36 months,18.06,D,D2,9 years,MORTGAGE,65000.0,Source Verified,credit_card,GA,30.24,1.0,660.0,664.0,0.0,84.4,25.0,Individual,5,High Risk,Manual Review
107709145,34425.0, 36 months,26.24,E,E5,2 years,RENT,35520.0,Verified,debt_consolidation,CA,34.56,0.0,695.0,699.0,0.0,58.8,16.0,Joint App,5,High Risk,Manual Review
107983137,16000.0, 60 months,26.3,E,E5,10+ years,MORTGAGE,85000.0,Verified,debt_consolidation,TX,32.46,1.0,660.0,664.0,2.0,35.3,56.0,Individual,6,High Risk,Manual Review
107206393,40000.0, 60 months,25.49,E,E4,,MORTGAGE,124332.0,Verified,debt_consolidation,VA,31.7,0.0,725.0,729.0,1.0,38.8,51.0,Individual,5,High Risk,Manual Review
108223387,10000.0, 60 months,24.85,E,E3,2 years,RENT,27744.0,Verified,debt_consolidation,MO,33.02,0.0,710.0,714.0,1.0,14.0,33.0,Joint App,5,High Risk,Manual Review
107715587,16000.0, 60 months,28.72,F,F1,10+ years,OWN,80000.0,Source Verified,other,MD,30.89,1.0,680.0,684.0,0.0,72.6,24.0,Individual,6,High Risk,Manual Review
107452185,12000.0, 36 months,24.74,E,E3,1 year,MORTGAGE,63000.0,Source Verified,debt_consolidation,TX,32.88,0.0,715.0,719.0,1.0,24.1,50.0,Individual,5,High Risk,Manual Review
109037644,20000.0, 36 months,22.91,E,E1,10+ years,RENT,135000.0,Verified,debt_consolidation,MI,32.52,1.0,700.0,704.0,3.0,56.2,48.0,Individual,6,High Risk,Manual Review
107093111,32000.0, 60 months,22.74,E,E1,10+ years,MORTGAGE,80000.0,Verified,debt_consolidation,SC,37.91,0.0,695.0,699.0,1.0,56.2,37.0,Joint App,5,High Risk,Manual Review
107645414,35000.0, 60 months,22.74,E,E1,10+ years,RENT,75398.0,Source Verified,debt_consolidation,OR,30.24,0.0,690.0,694.0,0.0,72.6,40.0,Individual,5,High Risk,Manual Review
107336769,24000.0, 60 months,26.24,E,E5,2 years,MORTGAGE,99910.0,Verified,debt_consolidation,NC,34.14,0.0,690.0,694.0,1.0,78.7,26.0,Individual,5,High Risk,Manual Review
107569593,33600.0, 36 months,23.99,E,E2,3 years,MORTGAGE,125000.0,Verified,debt_consolidation,MO,33.59,0.0,700.0,704.0,0.0,55.6,24.0,Individual,5,High Risk,Manual Review
108966241,3000.0, 36 months,25.82,E,E4,8 years,MORTGAGE,72000.0,Source Verified,other,NV,30.68,1.0,680.0,684.0,1.0,68.9,47.0,Individual,6,High Risk,Manual Review
107655626,35000.0, 36 months,18.99,D,D3,,MORTGAGE,1000.0,Not Verified,debt_consolidation,AZ,999.0,2.0,670.0,674.0,0.0,85.8,24.0,Joint App,5,High Risk,Manual Review
107421883,21725.0, 36 months,25.49,E,E4,10+ years,MORTGAGE,76000.0,Verified,debt_consolidation,IL,33.13,0.0,665.0,669.0,0.0,70.0,31.0,Individual,5,High Risk,Manual Review
107710597,20800.0, 36 months,24.74,E,E3,8 years,MORTGAGE,50000.0,Not Verified,home_improvement,CA,30.94,0.0,675.0,679.0,2.0,37.9,26.0,Individual,5,High Risk,Manual Review
107659436,21800.0, 60 months,30.49,F,F4,< 1 year,MORTGAGE,25000.0,Verified,other,MI,36.15,0.0,700.0,704.0,0.0,33.9,17.0,Joint App,5,High Risk,Manual Review
107521460,29300.0, 60 months,29.49,F,F2,< 1 year,OWN,72000.0,Verified,debt_consolidation,NC,33.42,1.0,670.0,674.0,2.0,95.0,21.0,Individual,7,High Risk,Manual Review
107680888,15000.0, 60 months,26.24,E,E5,6 years,RENT,35000.0,Source Verified,debt_consolidation,KS,35.09,1.0,670.0,674.0,0.0,43.5,16.0,Joint App,6,High Risk,Manual Review
107863461,4750.0, 36 months,30.49,F,F4,3 years,RENT,50000.0,Verified,other,VA,32.14,11.0,660.0,664.0,0.0,6.1,30.0,Individual,6,High Risk,Manual Review
108679694,19200.0, 60 months,26.3,E,E5,< 1 year,OWN,40000.0,Not Verified,debt_consolidation,MA,32.7,1.0,695.0,699.0,0.0,69.0,21.0,Individual,6,High Risk,Manual Review
107392929,15400.0, 60 months,28.69,F,F1,2 years,RENT,56000.0,Verified,debt_consolidation,CA,30.03,0.0,665.0,669.0,0.0,52.7,32.0,Individual,5,High Risk,Manual Review
107659733,12000.0, 36 months,22.74,E,E1,2 years,RENT,36000.0,Verified,debt_consolidation,AZ,30.73,0.0,675.0,679.0,2.0,61.0,13.0,Individual,5,High Risk,Manual Review
107622846,20000.0, 60 months,29.49,F,F2,5 years,RENT,70000.0,Source Verified,debt_consolidation,GA,34.05,1.0,660.0,664.0,0.0,66.9,18.0,Individual,6,High Risk,Manual Review
107381471,1550.0, 36 months,25.49,E,E4,10+ years,MORTGAGE,61250.0,Verified,debt_consolidation,CA,34.48,0.0,685.0,689.0,1.0,64.1,44.0,Individual,5,High Risk,Manual Review
107686569,10000.0, 60 months,25.82,E,E4,,MORTGAGE,35000.0,Not Verified,credit_card,FL,30.76,0.0,705.0,709.0,0.0,51.7,17.0,Individual,5,High Risk,Manual Review
107482074,20000.0, 36 months,22.74,E,E1,10+ years,MORTGAGE,62000.0,Source Verified,other,CT,32.91,0.0,700.0,704.0,2.0,66.0,22.0,Individual,5,High Risk,Manual Review
108281656,21425.0, 60 months,24.85,E,E3,10+ years,MORTGAGE,80000.0,Not Verified,credit_card,CA,34.1,0.0,690.0,694.0,0.0,57.7,23.0,Individual,5,High Risk,Manual Review
104062722,15000.0, 60 months,26.24,E,E5,1 year,MORTGAGE,110000.0,Verified,debt_consolidation,NM,31.64,0.0,670.0,674.0,2.0,69.2,59.0,Individual,5,High Risk,Manual Review
108629584,20000.0, 60 months,30.65,F,F4,7 years,RENT,55000.0,Source Verified,debt_consolidation,MO,32.34,0.0,685.0,689.0,0.0,32.8,32.0,Individual,5,High Risk,Manual Review
107346918,20000.0, 60 months,25.49,E,E4,3 years,MORTGAGE,29000.0,Verified,debt_consolidation,CO,35.18,0.0,665.0,669.0,0.0,60.8,20.0,Joint App,5,High Risk,Manual Review
107391898,8000.0, 36 months,23.99,E,E2,2 years,MORTGAGE,91500.0,Not Verified,debt_consolidation,MD,31.84,0.0,665.0,669.0,0.0,56.2,40.0,Individual,5,High Risk,Manual Review
107511756,5450.0, 36 months,30.84,G,G2,,OWN,16080.0,Verified,other,TX,32.24,0.0,715.0,719.0,0.0,22.5,23.0,Individual,5,High Risk,Manual Review
108341535,35000.0, 60 months,30.65,F,F4,10+ years,MORTGAGE,161000.0,Verified,debt_consolidation,WA,31.37,0.0,690.0,694.0,1.0,71.4,45.0,Individual,5,High Risk,Manual Review
107967441,4325.0, 36 months,29.49,F,F2,,RENT,16908.0,Verified,debt_consolidation,ID,33.75,0.0,700.0,704.0,0.0,39.6,17.0,Individual,5,High Risk,Manual Review
108481367,27175.0, 60 months,30.75,F,F5,10+ years,RENT,87885.48,Verified,debt_consolidation,TX,30.7,0.0,660.0,664.0,1.0,84.6,24.0,Individual,6,High Risk,Manual Review
107652844,30000.0, 36 months,28.69,F,F1,3 years,MORTGAGE,105000.0,Source Verified,home_improvement,KS,12.11,1.0,685.0,689.0,1.0,80.4,48.0,Individual,5,High Risk,Manual Review
107064230,30000.0, 36 months,16.99,D,D1,3 years,MORTGAGE,120000.0,Source Verified,credit_card,TX,32.88,1.0,670.0,674.0,0.0,80.4,41.0,Individual,5,High Risk,Manual Review
108619443,30000.0, 60 months,26.3,E,E5,10+ years,MORTGAGE,74800.0,Verified,debt_consolidation,OH,32.78,0.0,700.0,704.0,2.0,94.8,29.0,Individual,6,High Risk,Manual Review
108240023,21000.0, 36 months,30.94,G,G4,< 1 year,RENT,52785.0,Verified,debt_consolidation,MD,41.65,1.0,670.0,674.0,3.0,39.6,36.0,Joint App,6,High Risk,Manual Review
108034586,28000.0, 60 months,26.3,E,E5,1 year,MORTGAGE,115000.0,Not Verified,debt_consolidation,CA,21.95,1.0,665.0,669.0,0.0,86.4,22.0,Individual,5,High Risk,Manual Review
107035215,17500.0, 36 months,24.74,E,E3,10+ years,MORTGAGE,35000.0,Not Verified,debt_consolidation,GA,32.0,0.0,675.0,679.0,0.0,79.8,21.0,Individual,5,High Risk,Manual Review
107079997,28000.0, 60 months,30.17,F,F3,10+ years,RENT,77500.0,Not Verified,credit_card,CA,34.35,0.0,685.0,689.0,0.0,77.5,30.0,Individual,5,High Risk,Manual Review
107460868,16000.0, 60 months,22.74,E,E1,2 years,MORTGAGE,51000.0,Source Verified,debt_consolidation,WY,32.38,0.0,660.0,664.0,1.0,69.4,17.0,Individual,5,High Risk,Manual Review
107652878,20000.0, 60 months,30.49,F,F4,8 years,OWN,60000.0,Source Verified,debt_consolidation,IN,31.36,0.0,685.0,689.0,4.0,39.8,30.0,Individual,5,High Risk,Manual Review
108154057,35000.0, 60 months,26.3,E,E5,10+ years,RENT,90000.0,Source Verified,debt_consolidation,GA,34.03,0.0,665.0,669.0,1.0,51.8,51.0,Individual,5,High Risk,Manual Review
107481053,24000.0, 60 months,30.74,F,F5,< 1 year,MORTGAGE,79000.0,Source Verified,credit_card,OH,33.05,0.0,660.0,664.0,1.0,83.1,55.0,Individual,6,High Risk,Manual Review
107660608,15000.0, 36 months,18.99,D,D3,6 years,MORTGAGE,57144.0,Source Verified,debt_consolidation,TX,33.37,1.0,685.0,689.0,0.0,84.3,9.0,Individual,5,High Risk,Manual Review
107520043,28000.0, 60 months,30.99,G,G5,6 years,MORTGAGE,100000.0,Verified,debt_consolidation,MS,30.96,1.0,685.0,689.0,0.0,53.5,27.0,Individual,6,High Risk,Manual Review
107833161,16300.0, 36 months,23.88,E,E2,,OWN,38820.0,Verified,debt_consolidation,NJ,30.77,1.0,660.0,664.0,0.0,46.4,31.0,Individual,6,High Risk,Manual Review
107561349,16000.0, 60 months,30.99,G,G5,2 years,RENT,51000.0,Verified,debt_consolidation,FL,32.38,0.0,680.0,684.0,1.0,59.8,23.0,Individual,5,High Risk,Manual Review
107635557,24975.0, 60 months,28.69,F,F1,10+ years,MORTGAGE,154400.0,Verified,debt_consolidation,AK,31.51,0.0,675.0,679.0,3.0,57.5,63.0,Individual,5,High Risk,Manual Review
107658654,15200.0, 60 months,30.79,G,G1,2 years,RENT,40000.0,Source Verified,debt_consolidation,NY,31.93,0.0,670.0,674.0,0.0,59.9,13.0,Individual,5,High Risk,Manual Review
107619787,13475.0, 60 months,29.49,F,F2,10+ years,OWN,32100.0,Source Verified,debt_consolidation,MN,33.98,0.0,675.0,679.0,0.0,51.7,28.0,Individual,5,High Risk,Manual Review
108331634,5000.0, 36 months,26.3,E,E5,< 1 year,MORTGAGE,53000.0,Not Verified,debt_consolidation,NY,31.59,0.0,670.0,674.0,3.0,45.2,54.0,Individual,5,High Risk,Manual Review
108516828,13050.0, 60 months,30.89,G,G3,9 years,RENT,36300.0,Source Verified,debt_consolidation,AZ,33.45,0.0,775.0,779.0,0.0,20.9,21.0,Individual,5,High Risk,Manual Review
107431253,24000.0, 36 months,24.85,E,E3,3 years,OWN,92000.0,Verified,debt_consolidation,NC,32.42,0.0,710.0,714.0,0.0,64.0,34.0,Individual,5,High Risk,Manual Review
107636070,34000.0, 60 months,29.49,F,F2,4 years,MORTGAGE,32500.0,Verified,debt_consolidation,PA,34.49,0.0,665.0,669.0,0.0,60.2,22.0,Joint App,5,High Risk,Manual Review
108226228,21000.0, 36 months,24.85,E,E3,,RENT,14566.0,Verified,debt_consolidation,ME,132.98,0.0,660.0,664.0,2.0,64.3,27.0,Joint App,5,High Risk,Manual Review
106766460,16700.0, 60 months,26.24,E,E5,9 years,RENT,38000.0,Source Verified,debt_consolidation,CA,33.58,1.0,700.0,704.0,0.0,27.8,17.0,Individual,6,High Risk,Manual Review
107365846,16000.0, 36 months,23.99,E,E2,< 1 year,MORTGAGE,10000.0,Source Verified,debt_consolidation,AL,107.44,0.0,685.0,689.0,1.0,34.3,12.0,Joint App,5,High Risk,Manual Review
108214568,21600.0, 60 months,28.72,F,F1,10+ years,OWN,50000.0,Source Verified,debt_consolidation,NY,34.7,0.0,700.0,704.0,1.0,99.3,6.0,Individual,6,High Risk,Manual Review
107626340,3600.0, 36 months,30.49,F,F4,< 1 year,MORTGAGE,76000.0,Not Verified,other,NC,35.1,0.0,670.0,674.0,0.0,80.1,39.0,Joint App,6,High Risk,Manual Review
107510966,12600.0, 60 months,30.74,F,F5,< 1 year,OWN,30000.0,Source Verified,credit_card,CA,30.6,0.0,680.0,684.0,0.0,82.7,6.0,Individual,6,High Risk,Manual Review
107081835,15000.0, 60 months,22.74,E,E1,< 1 year,MORTGAGE,34000.0,Source Verified,debt_consolidation,AZ,36.53,0.0,675.0,679.0,2.0,56.7,31.0,Joint App,5,High Risk,Manual Review
108411218,13200.0, 36 months,24.85,E,E3,6 years,OWN,75000.0,Source Verified,debt_consolidation,TX,34.18,0.0,675.0,679.0,2.0,59.4,38.0,Individual,5,High Risk,Manual Review
106816174,26775.0, 60 months,30.84,G,G2,2 years,RENT,62000.0,Verified,debt_consolidation,CA,30.16,0.0,660.0,664.0,3.0,80.0,16.0,Individual,5,High Risk,Manual Review
107580760,8400.0, 36 months,22.74,E,E1,6 years,RENT,60000.0,Verified,debt_consolidation,WA,21.2,1.0,660.0,664.0,0.0,87.0,40.0,Individual,5,High Risk,Manual Review
106477304,35000.0, 36 months,30.84,G,G2,2 years,MORTGAGE,90000.0,Verified,other,MI,34.88,0.0,685.0,689.0,2.0,27.7,44.0,Individual,5,High Risk,Manual Review
106774656,13675.0, 60 months,23.99,E,E2,10+ years,RENT,29767.0,Source Verified,credit_card,FL,33.17,0.0,695.0,699.0,0.0,59.0,13.0,Individual,5,High Risk,Manual Review
107677954,15000.0, 60 months,28.69,F,F1,4 years,RENT,46000.0,Verified,debt_consolidation,OR,30.24,0.0,665.0,669.0,1.0,29.2,23.0,Individual,5,High Risk,Manual Review
107363919,28000.0, 36 months,25.49,E,E4,1 year,MORTGAGE,60000.0,Source Verified,other,MI,74.52,0.0,695.0,699.0,0.0,88.2,24.0,Joint App,6,High Risk,Manual Review
107650097,35000.0, 60 months,30.74,F,F5,,MORTGAGE,80000.0,Verified,debt_consolidation,CA,31.85,0.0,675.0,679.0,0.0,61.7,29.0,Individual,5,High Risk,Manual Review
108227460,12000.0, 60 months,30.17,F,F3,3 years,RENT,38000.0,Not Verified,debt_consolidation,CA,37.05,2.0,660.0,664.0,0.0,40.2,37.0,Joint App,6,High Risk,Manual Review
106987516,16000.0, 60 months,25.49,E,E4,10+ years,MORTGAGE,93000.0,Not Verified,debt_consolidation,OR,16.65,2.0,665.0,669.0,0.0,80.9,27.0,Individual,5,High Risk,Manual Review
108301170,2425.0, 36 months,30.17,F,F3,10+ years,MORTGAGE,45000.0,Source Verified,debt_consolidation,TX,30.77,0.0,660.0,664.0,0.0,82.8,32.0,Individual,6,High Risk,Manual Review
107430781,18800.0, 60 months,26.24,E,E5,10+ years,RENT,94692.0,Verified,debt_consolidation,FL,18.67,4.0,665.0,669.0,1.0,90.0,30.0,Individual,5,High Risk,Manual Review
107610148,35000.0, 36 months,23.88,E,E2,10+ years,MORTGAGE,93996.0,Verified,debt_consolidation,NC,32.64,1.0,670.0,674.0,0.0,101.4,27.0,Individual,7,High Risk,Manual Review
108123592,12900.0, 60 months,30.79,G,G1,10+ years,MORTGAGE,38000.0,Source Verified,home_improvement,FL,34.02,1.0,710.0,714.0,0.0,26.1,29.0,Individual,6,High Risk,Manual Review
107635738,15000.0, 60 months,29.49,F,F2,3 years,RENT,31500.0,Verified,debt_consolidation,FL,40.5,0.0,680.0,684.0,1.0,27.5,21.0,Joint App,5,High Risk,Manual Review
108511123,12000.0, 60 months,24.85,E,E3,10+ years,RENT,70000.0,Source Verified,debt_consolidation,TX,34.49,0.0,705.0,709.0,1.0,48.4,29.0,Individual,5,High Risk,Manual Review
107500767,15000.0, 36 months,30.49,F,F4,< 1 year,RENT,73000.0,Source Verified,other,GA,34.04,0.0,665.0,669.0,0.0,9.7,17.0,Individual,5,High Risk,Manual Review
107619704,18000.0, 36 months,19.99,D,D4,10+ years,MORTGAGE,29000.0,Verified,credit_card,WI,45.41,1.0,675.0,679.0,2.0,91.4,26.0,Joint App,5,High Risk,Manual Review
104931922,3900.0, 36 months,26.24,E,E5,,RENT,14500.0,Verified,debt_consolidation,OH,30.3,0.0,755.0,759.0,2.0,10.5,8.0,Individual,5,High Risk,Manual Review
108234627,40000.0, 60 months,30.79,G,G1,6 years,MORTGAGE,92000.0,Verified,debt_consolidation,TX,30.08,0.0,680.0,684.0,0.0,61.9,30.0,Individual,5,High Risk,Manual Review
108014493,9600.0, 36 months,29.69,F,F2,10+ years,OWN,32000.0,Not Verified,credit_card,NV,34.25,0.0,685.0,689.0,1.0,74.6,14.0,Individual,5,High Risk,Manual Review
107364387,12950.0, 60 months,26.24,E,E5,,RENT,15526.8,Verified,debt_consolidation,NJ,49.11,0.0,670.0,674.0,0.0,32.6,12.0,Joint App,5,High Risk,Manual Review
107638166,30000.0, 60 months,15.99,C,C5,< 1 year,MORTGAGE,10000.0,Not Verified,debt_consolidation,MA,169.99,1.0,680.0,684.0,0.0,96.3,15.0,Joint App,5,High Risk,Manual Review
107550401,12000.0, 60 months,23.99,E,E2,2 years,MORTGAGE,50000.0,Source Verified,credit_card,LA,30.89,0.0,665.0,669.0,0.0,91.7,8.0,Individual,6,High Risk,Manual Review
107520995,24000.0, 60 months,22.74,E,E1,10+ years,MORTGAGE,130000.0,Source Verified,credit_card,AR,30.27,0.0,675.0,679.0,0.0,58.8,60.0,Individual,5,High Risk,Manual Review
107360517,28700.0, 36 months,24.74,E,E3,10+ years,RENT,62400.0,Source Verified,debt_consolidation,CA,33.52,0.0,670.0,674.0,0.0,74.3,23.0,Individual,5,High Risk,Manual Review
106836098,30000.0, 60 months,22.74,E,E1,10+ years,MORTGAGE,24000.0,Source Verified,debt_consolidation,FL,38.57,0.0,695.0,699.0,0.0,51.6,28.0,Joint App,5,High Risk,Manual Review
107623967,35000.0, 36 months,23.99,E,E2,< 1 year,MORTGAGE,75000.0,Source Verified,debt_consolidation,MA,25.52,1.0,660.0,664.0,1.0,83.4,35.0,Joint App,5,High Risk,Manual Review
107626160,19800.0, 60 months,30.79,G,G1,,MORTGAGE,51000.0,Verified,credit_card,TN,31.62,0.0,665.0,669.0,3.0,50.2,27.0,Joint App,5,High Risk,Manual Review
107540358,8375.0, 36 months,18.99,D,D3,7 years,MORTGAGE,84000.0,Source Verified,credit_card,NY,33.51,1.0,685.0,689.0,0.0,86.1,19.0,Individual,5,High Risk,Manual Review
107440602,10150.0, 36 months,26.24,E,E5,3 years,RENT,29900.0,Verified,debt_consolidation,OR,30.27,0.0,735.0,739.0,1.0,27.5,15.0,Individual,5,High Risk,Manual Review
108123785,12000.0, 36 months,23.88,E,E2,7 years,RENT,30000.0,Source Verified,debt_consolidation,UT,32.43,1.0,665.0,669.0,0.0,92.4,13.0,Individual,7,High Risk,Manual Review
107286951,12400.0, 60 months,25.49,E,E4,10+ years,RENT,31000.0,Verified,debt_consolidation,NY,31.51,0.0,670.0,674.0,0.0,43.6,18.0,Individual,5,High Risk,Manual Review
107169759,27875.0, 60 months,30.74,F,F5,10+ years,MORTGAGE,83000.0,Verified,debt_consolidation,OH,32.57,2.0,665.0,669.0,0.0,102.3,37.0,Individual,7,High Risk,Manual Review
106507415,6000.0, 36 months,24.74,E,E3,< 1 year,RENT,42000.0,Verified,debt_consolidation,AZ,82.97,1.0,690.0,694.0,2.0,45.3,16.0,Joint App,6,High Risk,Manual Review
107060163,6950.0, 36 months,28.69,F,F1,4 years,OWN,32000.0,Verified,debt_consolidation,NC,33.08,0.0,695.0,699.0,0.0,37.0,38.0,Individual,5,High Risk,Manual Review
107431491,24000.0, 60 months,25.49,E,E4,< 1 year,MORTGAGE,116000.0,Source Verified,debt_consolidation,CO,31.92,0.0,670.0,674.0,1.0,67.1,27.0,Individual,5,High Risk,Manual Review
106985535,21000.0, 60 months,22.74,E,E1,2 years,MORTGAGE,65000.0,Verified,credit_card,SC,32.53,0.0,665.0,669.0,0.0,80.7,32.0,Individual,6,High Risk,Manual Review
107661307,14000.0, 60 months,22.74,E,E1,10+ years,MORTGAGE,90000.0,Source Verified,home_improvement,CA,33.2,1.0,670.0,674.0,0.0,67.6,33.0,Individual,6,High Risk,Manual Review
108239800,24000.0, 60 months,25.82,E,E4,2 years,MORTGAGE,75000.0,Source Verified,debt_consolidation,OH,31.71,0.0,690.0,694.0,0.0,54.3,43.0,Individual,5,High Risk,Manual Review
108232038,12000.0, 60 months,26.3,E,E5,9 years,MORTGAGE,55000.0,Not Verified,debt_consolidation,VA,30.02,1.0,675.0,679.0,0.0,48.8,17.0,Individual,6,High Risk,Manual Review
107637070,2500.0, 36 months,18.99,D,D3,4 years,MORTGAGE,120000.0,Not Verified,credit_card,CO,32.84,1.0,660.0,664.0,1.0,92.7,58.0,Individual,5,High Risk,Manual Review
108163996,23000.0, 60 months,30.65,F,F4,10+ years,MORTGAGE,112000.0,Not Verified,debt_consolidation,CA,33.5,0.0,670.0,674.0,0.0,66.0,27.0,Individual,5,High Risk,Manual Review
108235908,24700.0, 60 months,30.94,G,G4,10+ years,MORTGAGE,75000.0,Source Verified,home_improvement,CO,32.19,0.0,680.0,684.0,0.0,54.0,35.0,Individual,5,High Risk,Manual Review
107399194,35000.0, 60 months,25.49,E,E4,2 years,MORTGAGE,93000.0,Verified,debt_consolidation,MD,33.01,0.0,675.0,679.0,2.0,36.1,32.0,Joint App,5,High Risk,Manual Review
107237078,12475.0, 60 months,22.74,E,E1,2 years,RENT,30000.0,Verified,debt_consolidation,NC,30.88,0.0,685.0,689.0,0.0,52.0,18.0,Individual,5,High Risk,Manual Review
106774561,11600.0, 60 months,28.69,F,F1,,RENT,32213.4,Verified,debt_consolidation,OR,33.46,0.0,715.0,719.0,0.0,47.9,20.0,Individual,5,High Risk,Manual Review
107368882,6800.0, 36 months,22.74,E,E1,,OWN,10092.0,Verified,medical,OK,92.39,0.0,710.0,714.0,0.0,32.1,40.0,Joint App,5,High Risk,Manual Review
108136424,14150.0, 60 months,26.3,E,E5,4 years,MORTGAGE,42000.0,Not Verified,debt_consolidation,IN,34.27,0.0,700.0,704.0,1.0,57.3,25.0,Individual,5,High Risk,Manual Review
106765737,10000.0, 60 months,23.99,E,E2,10+ years,RENT,78000.0,Verified,debt_consolidation,CT,31.57,0.0,665.0,669.0,1.0,71.0,32.0,Individual,5,High Risk,Manual Review
107652950,18000.0, 36 months,22.74,E,E1,10+ years,MORTGAGE,84000.0,Source Verified,debt_consolidation,CA,34.27,0.0,685.0,689.0,0.0,46.9,14.0,Individual,5,High Risk,Manual Review
106211038,17300.0, 36 months,26.24,E,E5,8 years,MORTGAGE,96000.0,Source Verified,home_improvement,GA,35.3,1.0,685.0,689.0,0.0,15.6,23.0,Joint App,6,High Risk,Manual Review
107089965,6000.0, 36 months,17.99,D,D2,3 years,MORTGAGE,98500.0,Source Verified,home_improvement,PA,32.44,1.0,680.0,684.0,0.0,85.8,29.0,Individual,5,High Risk,Manual Review
107680661,35000.0, 60 months,30.79,G,G1,< 1 year,MORTGAGE,42000.0,Verified,debt_consolidation,TX,62.2,0.0,670.0,674.0,0.0,52.8,51.0,Joint App,5,High Risk,Manual Review
104309680,30000.0, 60 months,22.74,E,E1,8 years,RENT,98000.0,Not Verified,credit_card,NY,31.63,0.0,710.0,714.0,0.0,41.8,23.0,Individual,5,High Risk,Manual Review
108226602,14000.0, 60 months,26.3,E,E5,3 years,MORTGAGE,149000.0,Source Verified,debt_consolidation,OH,32.83,0.0,685.0,689.0,1.0,97.3,22.0,Individual,6,High Risk,Manual Review
105985352,40000.0, 36 months,22.74,E,E1,10+ years,MORTGAGE,135000.0,Verified,debt_consolidation,FL,31.21,0.0,705.0,709.0,2.0,80.2,29.0,Individual,6,High Risk,Manual Review
107459749,9850.0, 36 months,23.99,E,E2,2 years,OWN,27381.0,Source Verified,credit_card,MD,34.81,1.0,670.0,674.0,0.0,84.6,17.0,Individual,7,High Risk,Manual Review
106847115,16000.0, 36 months,24.74,E,E3,10+ years,MORTGAGE,40000.0,Verified,small_business,VA,34.16,0.0,675.0,679.0,0.0,62.1,29.0,Individual,5,High Risk,Manual Review
107653802,35000.0, 60 months,23.99,E,E2,,MORTGAGE,60000.0,Verified,debt_consolidation,MD,33.44,1.0,690.0,694.0,1.0,59.6,32.0,Joint App,6,High Risk,Manual Review
107581203,35000.0, 60 months,29.49,F,F2,3 years,RENT,89900.0,Verified,credit_card,WA,32.65,0.0,665.0,669.0,0.0,89.0,18.0,Individual,6,High Risk,Manual Review
106936744,15000.0, 36 months,17.99,D,D2,,RENT,29664.0,Verified,credit_card,AZ,37.54,1.0,660.0,664.0,0.0,89.8,17.0,Joint App,5,High Risk,Manual Review
107913322,12075.0, 60 months,30.99,G,G5,10+ years,MORTGAGE,110000.0,Verified,debt_consolidation,GA,8.15,3.0,660.0,664.0,0.0,90.3,40.0,Individual,5,High Risk,Manual Review
107440419,24750.0, 36 months,24.74,E,E3,3 years,MORTGAGE,55000.0,Verified,debt_consolidation,NE,30.05,1.0,660.0,664.0,3.0,56.0,30.0,Individual,6,High Risk,Manual Review
107529290,6650.0, 36 months,22.74,E,E1,7 years,MORTGAGE,60000.0,Source Verified,other,OH,32.68,1.0,700.0,704.0,1.0,34.5,36.0,Individual,6,High Risk,Manual Review
107658527,15000.0, 60 months,16.99,D,D1,10+ years,MORTGAGE,71000.0,Not Verified,debt_consolidation,NC,34.77,1.0,665.0,669.0,1.0,86.2,22.0,Individual,5,High Risk,Manual Review
107359779,30000.0, 60 months,30.84,G,G2,1 year,MORTGAGE,45000.0,Verified,debt_consolidation,TX,43.09,0.0,660.0,664.0,2.0,78.9,26.0,Joint App,5,High Risk,Manual Review
106987369,10000.0, 60 months,28.69,F,F1,6 years,RENT,34000.0,Verified,debt_consolidation,OR,32.09,0.0,665.0,669.0,0.0,76.2,16.0,Individual,5,High Risk,Manual Review
108143520,23200.0, 60 months,23.88,E,E2,10+ years,RENT,77371.0,Source Verified,other,MD,32.77,0.0,710.0,714.0,1.0,39.6,32.0,Individual,5,High Risk,Manual Review
107589616,17300.0, 36 months,19.03,D,D3,< 1 year,MORTGAGE,86400.0,Not Verified,debt_consolidation,MD,31.95,2.0,680.0,684.0,1.0,83.9,17.0,Individual,5,High Risk,Manual Review
108103720,22000.0, 60 months,30.89,G,G3,2 years,RENT,50000.0,Verified,debt_consolidation,NC,33.99,0.0,665.0,669.0,0.0,55.5,24.0,Individual,5,High Risk,Manual Review
107460854,9000.0, 36 months,26.24,E,E5,< 1 year,MORTGAGE,77000.0,Source Verified,other,IL,24.56,1.0,675.0,679.0,0.0,91.0,12.0,Individual,5,High Risk,Manual Review
107763699,14000.0, 60 months,26.24,E,E5,2 years,RENT,98362.68,Source Verified,debt_consolidation,OR,33.36,0.0,660.0,664.0,0.0,97.0,29.0,Individual,6,High Risk,Manual Review
108224274,10000.0, 60 months,30.65,F,F4,4 years,OWN,25000.0,Source Verified,debt_consolidation,NY,32.41,0.0,680.0,684.0,1.0,51.2,11.0,Individual,5,High Risk,Manual Review
105781897,30000.0, 36 months,30.79,G,G1,6 years,RENT,62000.0,Verified,debt_consolidation,FL,39.18,0.0,660.0,664.0,0.0,30.8,30.0,Joint App,5,High Risk,Manual Review
107625244,10075.0, 36 months,25.49,E,E4,10+ years,RENT,28000.0,Source Verified,debt_consolidation,CO,31.64,1.0,675.0,679.0,1.0,59.0,22.0,Individual,6,High Risk,Manual Review
107793708,3500.0, 36 months,24.85,E,E3,10+ years,RENT,103000.0,Not Verified,medical,AZ,26.4,1.0,660.0,664.0,3.0,83.2,48.0,Individual,5,High Risk,Manual Review
107225984,24000.0, 60 months,30.94,G,G4,10+ years,MORTGAGE,92000.0,Not Verified,credit_card,CO,34.74,0.0,695.0,699.0,2.0,69.1,39.0,Individual,5,High Risk,Manual Review
107633042,11000.0, 60 months,28.69,F,F1,4 years,RENT,37000.0,Verified,other,TX,33.58,0.0,680.0,684.0,0.0,54.2,22.0,Individual,5,High Risk,Manual Review
107305354,5925.0, 36 months,22.74,E,E1,,OWN,17112.0,Verified,credit_card,TX,30.29,0.0,695.0,699.0,0.0,44.0,15.0,Individual,5,High Risk,Manual Review
107057507,20075.0, 60 months,30.79,G,G1,1 year,OWN,37998.0,Verified,debt_consolidation,NY,38.63,5.0,670.0,674.0,1.0,67.3,41.0,Joint App,6,High Risk,Manual Review
107449117,12000.0, 36 months,25.49,E,E4,10+ years,OWN,36000.0,Source Verified,debt_consolidation,CA,34.98,0.0,660.0,664.0,0.0,93.6,19.0,Individual,6,High Risk,Manual Review
108224386,20000.0, 36 months,26.3,E,E5,5 years,MORTGAGE,90000.0,Verified,debt_consolidation,NJ,31.08,5.0,690.0,694.0,0.0,66.8,22.0,Individual,6,High Risk,Manual Review
107089616,18000.0, 60 months,28.69,F,F1,,RENT,15120.0,Verified,home_improvement,MD,50.87,0.0,660.0,664.0,1.0,60.2,11.0,Joint App,5,High Risk,Manual Review
107415792,1675.0, 36 months,28.69,F,F1,,MORTGAGE,24000.0,Verified,debt_consolidation,NY,30.15,1.0,660.0,664.0,0.0,64.0,21.0,Individual,6,High Risk,Manual Review
107633863,24000.0, 60 months,22.74,E,E1,5 years,MORTGAGE,56000.0,Source Verified,debt_consolidation,NE,31.95,0.0,665.0,669.0,0.0,75.7,35.0,Joint App,5,High Risk,Manual Review
107367858,6900.0, 36 months,23.99,E,E2,2 years,RENT,24000.0,Verified,credit_card,MA,34.5,4.0,660.0,664.0,2.0,33.6,18.0,Individual,6,High Risk,Manual Review
107499505,15250.0, 36 months,23.99,E,E2,,OWN,50000.0,Verified,credit_card,NY,11.4,1.0,660.0,664.0,0.0,83.0,12.0,Individual,5,High Risk,Manual Review
107347398,16000.0, 36 months,23.99,E,E2,< 1 year,OWN,130000.0,Source Verified,debt_consolidation,IL,32.49,1.0,685.0,689.0,1.0,88.7,42.0,Joint App,7,High Risk,Manual Review
107501588,20000.0, 60 months,22.74,E,E1,1 year,OWN,86000.0,Verified,debt_consolidation,MN,31.27,1.0,670.0,674.0,1.0,40.5,22.0,Individual,6,High Risk,Manual Review
107753504,3500.0, 36 months,21.49,D,D5,10+ years,MORTGAGE,119000.0,Not Verified,major_purchase,IL,34.34,1.0,660.0,664.0,0.0,91.4,45.0,Individual,5,High Risk,Manual Review
106798832,5625.0, 36 months,26.24,E,E5,10+ years,MORTGAGE,56000.0,Source Verified,debt_consolidation,CT,30.97,0.0,695.0,699.0,1.0,43.5,25.0,Individual,5,High Risk,Manual Review
107589750,11150.0, 60 months,30.49,F,F4,10+ years,RENT,35000.0,Source Verified,credit_card,HI,32.51,0.0,725.0,729.0,0.0,73.4,16.0,Individual,5,High Risk,Manual Review
107955471,2000.0, 36 months,22.74,E,E1,3 years,MORTGAGE,45000.0,Not Verified,debt_consolidation,IN,31.76,0.0,745.0,749.0,3.0,4.2,28.0,Individual,5,High Risk,Manual Review
107257059,12000.0, 36 months,22.74,E,E1,7 years,OWN,54000.0,Verified,credit_card,IN,30.88,0.0,705.0,709.0,1.0,43.9,42.0,Individual,5,High Risk,Manual Review
107439369,16000.0, 60 months,26.24,E,E5,5 years,RENT,50634.0,Source Verified,debt_consolidation,VA,34.25,0.0,660.0,664.0,0.0,99.7,19.0,Individual,6,High Risk,Manual Review
107569586,32000.0, 60 months,23.99,E,E2,10+ years,MORTGAGE,104000.0,Verified,debt_consolidation,NJ,33.41,0.0,685.0,689.0,3.0,76.0,39.0,Individual,5,High Risk,Manual Review
107356489,4000.0, 36 months,23.99,E,E2,9 years,RENT,54748.0,Verified,debt_consolidation,NE,34.15,7.0,665.0,669.0,3.0,68.9,30.0,Individual,6,High Risk,Manual Review
104581250,3500.0, 36 months,24.74,E,E3,10+ years,MORTGAGE,56000.0,Source Verified,debt_consolidation,MT,30.52,0.0,725.0,729.0,2.0,27.0,32.0,Individual,5,High Risk,Manual Review
107680361,10000.0, 36 months,22.74,E,E1,2 years,RENT,37000.0,Verified,debt_consolidation,OR,49.14,0.0,665.0,669.0,2.0,53.5,30.0,Joint App,5,High Risk,Manual Review
107226323,30000.0, 60 months,22.74,E,E1,10+ years,MORTGAGE,50000.0,Verified,debt_consolidation,WA,47.6,0.0,685.0,689.0,0.0,78.9,21.0,Joint App,5,High Risk,Manual Review
107803370,7800.0, 36 months,29.49,F,F2,3 years,RENT,46051.0,Verified,debt_consolidation,OH,30.44,1.0,665.0,669.0,2.0,76.0,24.0,Individual,6,High Risk,Manual Review
107085473,35000.0, 60 months,25.49,E,E4,< 1 year,RENT,60000.0,Verified,debt_consolidation,IN,33.42,0.0,690.0,694.0,0.0,62.1,33.0,Joint App,5,High Risk,Manual Review
106807915,18000.0, 60 months,28.69,F,F1,4 years,MORTGAGE,36000.0,Verified,debt_consolidation,CO,33.67,0.0,695.0,699.0,1.0,52.6,14.0,Individual,5,High Risk,Manual Review
106776299,30000.0, 36 months,15.99,C,C5,10+ years,RENT,130000.0,Not Verified,debt_consolidation,WA,33.34,1.0,660.0,664.0,0.0,99.8,34.0,Individual,5,High Risk,Manual Review
107393620,27250.0, 36 months,24.74,E,E3,10+ years,MORTGAGE,61000.0,Not Verified,debt_consolidation,VA,31.71,0.0,670.0,674.0,0.0,70.7,13.0,Individual,5,High Risk,Manual Review
106806249,20000.0, 36 months,30.79,G,G1,6 years,RENT,85000.0,Verified,debt_consolidation,FL,34.22,0.0,670.0,674.0,0.0,68.7,27.0,Individual,5,High Risk,Manual Review
107295147,12950.0, 60 months,26.24,E,E5,4 years,RENT,42000.0,Not Verified,debt_consolidation,NJ,32.3,0.0,730.0,734.0,0.0,43.0,24.0,Individual,5,High Risk,Manual Review
107650508,12000.0, 60 months,30.94,G,G4,,OWN,25248.0,Not Verified,credit_card,CO,30.62,0.0,680.0,684.0,3.0,33.6,20.0,Individual,5,High Risk,Manual Review
107146763,17700.0, 36 months,25.49,E,E4,,MORTGAGE,42448.0,Verified,debt_consolidation,TN,33.93,0.0,755.0,759.0,1.0,34.6,13.0,Individual,5,High Risk,Manual Review
107678089,8000.0, 36 months,29.99,F,F3,4 years,MORTGAGE,32000.0,Verified,debt_consolidation,SC,30.01,0.0,710.0,714.0,3.0,26.3,12.0,Individual,5,High Risk,Manual Review
107594409,14800.0, 60 months,26.24,E,E5,10+ years,OWN,62169.0,Source Verified,credit_card,MD,31.02,0.0,665.0,669.0,0.0,55.8,23.0,Individual,5,High Risk,Manual Review
107393274,27850.0, 60 months,30.74,F,F5,3 years,MORTGAGE,70000.0,Verified,debt_consolidation,GA,29.26,1.0,660.0,664.0,1.0,88.9,29.0,Individual,5,High Risk,Manual Review
106145561,12000.0, 60 months,29.99,F,F3,9 years,RENT,55000.0,Verified,debt_consolidation,TX,30.31,0.0,675.0,679.0,2.0,17.4,44.0,Individual,5,High Risk,Manual Review
107664016,14000.0, 60 months,22.74,E,E1,5 years,RENT,225000.0,Verified,credit_card,AL,18.99,1.0,670.0,674.0,1.0,83.9,41.0,Individual,5,High Risk,Manual Review
107355620,25000.0, 36 months,22.74,E,E1,8 years,OWN,33000.0,Not Verified,debt_consolidation,TX,48.69,1.0,680.0,684.0,2.0,52.5,27.0,Joint App,6,High Risk,Manual Review
107255568,6500.0, 36 months,28.69,F,F1,10+ years,MORTGAGE,47707.0,Source Verified,debt_consolidation,VA,33.76,2.0,660.0,664.0,0.0,68.9,19.0,Individual,6,High Risk,Manual Review
107599050,28000.0, 60 months,28.69,F,F1,10+ years,RENT,86000.0,Source Verified,debt_consolidation,OR,30.18,0.0,675.0,679.0,1.0,58.3,26.0,Individual,5,High Risk,Manual Review
106765555,20000.0, 60 months,23.99,E,E2,10+ years,OWN,87000.0,Not Verified,credit_card,NY,30.16,1.0,670.0,674.0,1.0,61.4,52.0,Individual,6,High Risk,Manual Review
107367183,20000.0, 60 months,29.99,F,F3,10+ years,OWN,46000.0,Source Verified,debt_consolidation,DE,30.92,0.0,690.0,694.0,1.0,29.5,23.0,Individual,5,High Risk,Manual Review
107336412,32000.0, 60 months,30.49,F,F4,10+ years,MORTGAGE,157000.0,Verified,debt_consolidation,SC,33.67,0.0,680.0,684.0,0.0,76.5,44.0,Individual,5,High Risk,Manual Review
107399412,8000.0, 36 months,22.74,E,E1,10+ years,MORTGAGE,40000.0,Verified,home_improvement,FL,30.18,0.0,690.0,694.0,0.0,42.7,14.0,Individual,5,High Risk,Manual Review
107420189,35000.0, 60 months,30.49,F,F4,< 1 year,RENT,170000.0,Verified,debt_consolidation,SC,33.8,0.0,685.0,689.0,3.0,40.0,50.0,Individual,5,High Risk,Manual Review
105803372,24375.0, 60 months,30.99,G,G5,7 years,MORTGAGE,80000.0,Verified,debt_consolidation,OH,30.32,1.0,680.0,684.0,1.0,79.1,26.0,Individual,6,High Risk,Manual Review
107520676,21000.0, 60 months,30.84,G,G2,< 1 year,RENT,82000.0,Source Verified,debt_consolidation,TX,31.11,0.0,710.0,714.0,1.0,71.9,24.0,Individual,5,High Risk,Manual Review
107349228,10000.0, 60 months,22.74,E,E1,10+ years,MORTGAGE,59000.0,Verified,debt_consolidation,TX,30.39,0.0,700.0,704.0,1.0,42.3,28.0,Individual,5,High Risk,Manual Review
107135343,28000.0, 60 months,28.69,F,F1,10+ years,MORTGAGE,56000.0,Source Verified,debt_consolidation,RI,34.78,0.0,700.0,704.0,0.0,37.1,26.0,Individual,5,High Risk,Manual Review
107366040,7000.0, 36 months,24.74,E,E3,8 years,MORTGAGE,62000.0,Source Verified,debt_consolidation,AL,32.64,0.0,690.0,694.0,0.0,95.0,15.0,Individual,6,High Risk,Manual Review
106774446,12000.0, 60 months,23.99,E,E2,10+ years,RENT,37000.0,Verified,debt_consolidation,CA,30.98,0.0,670.0,674.0,2.0,83.5,22.0,Individual,6,High Risk,Manual Review
107352845,15000.0, 60 months,23.99,E,E2,< 1 year,RENT,45000.0,Verified,debt_consolidation,NY,46.72,0.0,730.0,734.0,0.0,39.3,17.0,Joint App,5,High Risk,Manual Review
107094291,25000.0, 60 months,30.99,G,G5,< 1 year,RENT,29000.0,Verified,debt_consolidation,NV,56.58,0.0,690.0,694.0,1.0,70.3,17.0,Joint App,5,High Risk,Manual Review
107570536,22000.0, 60 months,29.49,F,F2,5 years,MORTGAGE,95000.0,Not Verified,debt_consolidation,MI,34.21,2.0,660.0,664.0,0.0,94.1,34.0,Individual,7,High Risk,Manual Review
107236121,35000.0, 60 months,22.74,E,E1,3 years,MORTGAGE,98000.0,Verified,debt_consolidation,PA,20.29,2.0,675.0,679.0,2.0,93.1,34.0,Individual,5,High Risk,Manual Review
107054088,10000.0, 60 months,30.79,G,G1,,MORTGAGE,12900.0,Verified,debt_consolidation,CO,65.21,1.0,660.0,664.0,0.0,75.0,18.0,Joint App,6,High Risk,Manual Review
107361295,3000.0, 36 months,22.74,E,E1,10+ years,MORTGAGE,110000.0,Source Verified,other,MD,34.49,0.0,685.0,689.0,0.0,88.8,26.0,Individual,6,High Risk,Manual Review
107354057,24000.0, 60 months,23.99,E,E2,3 years,RENT,66672.0,Source Verified,credit_card,GA,20.14,1.0,670.0,674.0,1.0,84.5,20.0,Individual,5,High Risk,Manual Review
107657714,11200.0, 60 months,25.49,E,E4,10+ years,RENT,49000.0,Not Verified,other,MA,34.12,1.0,690.0,694.0,1.0,18.8,18.0,Individual,6,High Risk,Manual Review
107093240,19200.0, 60 months,30.74,F,F5,2 years,RENT,52000.0,Verified,debt_consolidation,GA,32.49,0.0,665.0,669.0,0.0,36.6,19.0,Joint App,5,High Risk,Manual Review
106897614,24000.0, 60 months,23.99,E,E2,10+ years,MORTGAGE,64000.0,Source Verified,credit_card,OH,34.26,1.0,700.0,704.0,1.0,53.4,29.0,Individual,6,High Risk,Manual Review
107637880,9575.0, 36 months,22.74,E,E1,< 1 year,MORTGAGE,38000.0,Verified,debt_consolidation,KY,33.3,0.0,675.0,679.0,1.0,23.5,42.0,Individual,5,High Risk,Manual Review
107290545,15200.0, 60 months,30.74,F,F5,4 years,RENT,40000.0,Source Verified,debt_consolidation,TX,31.17,2.0,660.0,664.0,0.0,73.6,21.0,Individual,6,High Risk,Manual Review
107190568,28000.0, 36 months,26.24,E,E5,10+ years,MORTGAGE,90000.0,Not Verified,home_improvement,KY,31.48,0.0,675.0,679.0,3.0,85.0,30.0,Individual,6,High Risk,Manual Review
107401341,27100.0, 60 months,29.49,F,F2,10+ years,RENT,200000.0,Source Verified,other,CA,33.65,0.0,705.0,709.0,0.0,91.2,43.0,Individual,6,High Risk,Manual Review
107392506,20000.0, 60 months,22.74,E,E1,10+ years,MORTGAGE,74000.0,Not Verified,credit_card,TX,31.8,0.0,700.0,704.0,0.0,51.8,23.0,Individual,5,High Risk,Manual Review
103756955,40000.0, 60 months,26.24,E,E5,10+ years,MORTGAGE,57000.0,Verified,debt_consolidation,MO,52.29,0.0,685.0,689.0,1.0,83.8,38.0,Joint App,6,High Risk,Manual Review
107470664,34575.0, 36 months,28.69,F,F1,1 year,MORTGAGE,90000.0,Source Verified,debt_consolidation,OR,32.37,0.0,660.0,664.0,1.0,81.9,38.0,Individual,6,High Risk,Manual Review
104329025,21000.0, 60 months,29.49,F,F2,3 years,RENT,45000.0,Source Verified,debt_consolidation,PA,31.81,0.0,700.0,704.0,1.0,26.4,12.0,Individual,5,High Risk,Manual Review
107358443,18000.0, 60 months,22.74,E,E1,3 years,MORTGAGE,80000.0,Not Verified,debt_consolidation,LA,33.88,0.0,715.0,719.0,0.0,36.7,12.0,Individual,5,High Risk,Manual Review
107510339,21950.0, 60 months,23.99,E,E2,10+ years,RENT,67000.0,Not Verified,credit_card,IL,32.47,0.0,750.0,754.0,1.0,14.9,37.0,Individual,5,High Risk,Manual Review
107068667,24000.0, 60 months,23.99,E,E2,5 years,RENT,20000.0,Verified,debt_consolidation,CO,47.78,0.0,695.0,699.0,0.0,97.9,9.0,Joint App,6,High Risk,Manual Review
105647421,4000.0, 36 months,24.74,E,E3,8 years,RENT,45000.0,Verified,other,CA,32.27,0.0,670.0,674.0,3.0,60.6,27.0,Individual,5,High Risk,Manual Review
107084137,15275.0, 36 months,28.69,F,F1,3 years,MORTGAGE,51475.0,Source Verified,credit_card,CA,31.55,0.0,745.0,749.0,1.0,35.1,29.0,Individual,5,High Risk,Manual Review
107087650,4200.0, 36 months,22.74,E,E1,10+ years,MORTGAGE,72000.0,Source Verified,home_improvement,FL,30.35,0.0,690.0,694.0,1.0,36.2,13.0,Individual,5,High Risk,Manual Review
107095849,6825.0, 36 months,19.99,D,D4,,MORTGAGE,30000.0,Verified,debt_consolidation,WI,34.8,1.0,665.0,669.0,0.0,99.3,12.0,Individual,5,High Risk,Manual Review
106977320,22225.0, 60 months,30.49,F,F4,3 years,RENT,50561.0,Verified,debt_consolidation,CA,30.22,0.0,680.0,684.0,0.0,63.0,27.0,Individual,5,High Risk,Manual Review
107081475,20675.0, 60 months,30.94,G,G4,,OWN,16900.0,Verified,debt_consolidation,IN,69.39,0.0,660.0,664.0,4.0,69.8,23.0,Joint App,5,High Risk,Manual Review
107074425,20000.0, 60 months,23.99,E,E2,10+ years,MORTGAGE,37000.0,Verified,home_improvement,MA,47.45,0.0,740.0,744.0,0.0,30.9,26.0,Joint App,5,High Risk,Manual Review
107226378,2825.0, 36 months,23.99,E,E2,10+ years,MORTGAGE,70000.0,Source Verified,home_improvement,NY,14.18,1.0,675.0,679.0,0.0,80.6,12.0,Individual,5,High Risk,Manual Review
107175588,19125.0, 60 months,23.99,E,E2,6 years,OWN,43500.0,Source Verified,debt_consolidation,CT,34.21,0.0,700.0,704.0,0.0,55.4,41.0,Individual,5,High Risk,Manual Review
107316046,10000.0, 36 months,25.49,E,E4,3 years,MORTGAGE,150000.0,Source Verified,debt_consolidation,NJ,34.51,0.0,670.0,674.0,1.0,84.0,41.0,Individual,6,High Risk,Manual Review
107305690,12000.0, 60 months,25.49,E,E4,10+ years,MORTGAGE,80000.0,Not Verified,home_improvement,TX,33.77,0.0,690.0,694.0,0.0,69.0,26.0,Individual,5,High Risk,Manual Review
107355681,30000.0, 60 months,25.49,E,E4,6 years,MORTGAGE,86000.0,Source Verified,debt_consolidation,OR,32.51,0.0,685.0,689.0,0.0,73.4,43.0,Individual,5,High Risk,Manual Review
106509160,24000.0, 60 months,22.74,E,E1,< 1 year,MORTGAGE,62000.0,Source Verified,debt_consolidation,OR,36.64,0.0,705.0,709.0,1.0,44.3,20.0,Joint App,5,High Risk,Manual Review
107630468,28000.0, 60 months,26.24,E,E5,10+ years,MORTGAGE,71424.0,Not Verified,debt_consolidation,NM,32.03,0.0,695.0,699.0,0.0,38.9,25.0,Individual,5,High Risk,Manual Review
107622383,20000.0, 36 months,23.99,E,E2,7 years,RENT,78000.0,Not Verified,debt_consolidation,CA,32.73,1.0,670.0,674.0,0.0,62.9,11.0,Individual,6,High Risk,Manual Review
107046612,32000.0, 36 months,22.74,E,E1,< 1 year,MORTGAGE,65325.0,Source Verified,debt_consolidation,MO,29.49,1.0,660.0,664.0,1.0,84.3,43.0,Joint App,5,High Risk,Manual Review
106856530,9600.0, 36 months,22.74,E,E1,10+ years,RENT,37000.0,Source Verified,debt_consolidation,IL,30.75,0.0,675.0,679.0,1.0,63.1,27.0,Individual,5,High Risk,Manual Review
106766248,18900.0, 60 months,26.24,E,E5,8 years,RENT,45000.0,Source Verified,debt_consolidation,AZ,28.56,1.0,660.0,664.0,2.0,93.5,29.0,Individual,5,High Risk,Manual Review
107365780,20775.0, 60 months,29.49,F,F2,8 years,MORTGAGE,89400.0,Verified,debt_consolidation,NY,31.37,0.0,705.0,709.0,0.0,55.2,21.0,Individual,5,High Risk,Manual Review
105497592,16325.0, 36 months,23.99,E,E2,2 years,MORTGAGE,43000.0,Source Verified,debt_consolidation,MA,31.79,0.0,705.0,709.0,1.0,60.8,17.0,Individual,5,High Risk,Manual Review
107349186,13600.0, 60 months,28.69,F,F1,10+ years,RENT,44850.0,Source Verified,other,NY,32.3,0.0,695.0,699.0,0.0,33.4,27.0,Individual,5,High Risk,Manual Review
107072050,10000.0, 36 months,22.74,E,E1,< 1 year,MORTGAGE,50000.0,Verified,debt_consolidation,IN,43.81,2.0,685.0,689.0,0.0,60.7,29.0,Joint App,6,High Risk,Manual Review
107091499,12000.0, 36 months,26.24,E,E5,10+ years,OWN,65000.0,Verified,medical,MI,13.53,1.0,660.0,664.0,0.0,86.1,21.0,Individual,5,High Risk,Manual Review
107235893,22000.0, 60 months,29.49,F,F2,2 years,RENT,54000.0,Source Verified,credit_card,PA,34.33,0.0,680.0,684.0,0.0,95.3,41.0,Individual,6,High Risk,Manual Review
107084831,20000.0, 60 months,22.74,E,E1,10+ years,RENT,74000.0,Not Verified,debt_consolidation,CT,31.33,5.0,670.0,674.0,0.0,21.6,34.0,Individual,6,High Risk,Manual Review
106937245,35000.0, 60 months,26.24,E,E5,10+ years,MORTGAGE,45000.0,Verified,credit_card,TN,48.5,0.0,700.0,704.0,0.0,96.7,13.0,Joint App,6,High Risk,Manual Review
106911081,17000.0, 60 months,23.99,E,E2,10+ years,MORTGAGE,67200.0,Verified,debt_consolidation,CA,32.55,0.0,665.0,669.0,3.0,44.0,44.0,Individual,5,High Risk,Manual Review
107288776,5000.0, 36 months,23.99,E,E2,10+ years,RENT,36000.0,Verified,house,ID,32.17,0.0,660.0,664.0,0.0,60.4,31.0,Individual,5,High Risk,Manual Review
107057193,35000.0, 60 months,22.74,E,E1,1 year,RENT,82000.0,Verified,debt_consolidation,OH,23.33,2.0,660.0,664.0,0.0,87.4,22.0,Joint App,5,High Risk,Manual Review
107185261,12000.0, 60 months,22.74,E,E1,10+ years,RENT,52000.0,Verified,debt_consolidation,MD,32.49,0.0,685.0,689.0,0.0,39.4,24.0,Individual,5,High Risk,Manual Review
106763945,28350.0, 60 months,22.74,E,E1,,RENT,64483.68,Verified,credit_card,IL,30.04,0.0,675.0,679.0,1.0,48.7,48.0,Individual,5,High Risk,Manual Review
106897113,20400.0, 36 months,30.49,F,F4,8 years,RENT,42000.0,Source Verified,debt_consolidation,GA,30.81,0.0,705.0,709.0,2.0,20.6,17.0,Individual,5,High Risk,Manual Review
107066767,12000.0, 60 months,25.49,E,E4,2 years,RENT,35000.0,Source Verified,debt_consolidation,AZ,30.35,0.0,690.0,694.0,1.0,46.0,13.0,Individual,5,High Risk,Manual Review
106905195,12000.0, 60 months,28.69,F,F1,2 years,RENT,40000.0,Source Verified,debt_consolidation,CA,34.5,0.0,665.0,669.0,0.0,19.8,12.0,Individual,5,High Risk,Manual Review
106826969,29025.0, 60 months,23.99,E,E2,10+ years,RENT,144340.0,Source Verified,debt_consolidation,HI,26.39,1.0,685.0,689.0,0.0,83.1,21.0,Individual,5,High Risk,Manual Review
107056310,4000.0, 36 months,23.99,E,E2,10+ years,MORTGAGE,40000.0,Verified,other,TX,76.18,1.0,660.0,664.0,1.0,78.2,23.0,Joint App,6,High Risk,Manual Review
107366641,31500.0, 60 months,30.99,G,G5,9 years,RENT,68500.0,Verified,debt_consolidation,MS,34.06,2.0,660.0,664.0,0.0,77.1,34.0,Individual,6,High Risk,Manual Review
107589216,10000.0, 36 months,29.49,F,F2,10+ years,MORTGAGE,43000.0,Source Verified,other,GA,34.19,2.0,710.0,714.0,0.0,10.0,23.0,Individual,6,High Risk,Manual Review
107315289,24000.0, 60 months,29.49,F,F2,10+ years,MORTGAGE,85000.0,Verified,debt_consolidation,NY,31.39,1.0,680.0,684.0,1.0,69.7,45.0,Individual,6,High Risk,Manual Review
106949082,16750.0, 60 months,30.84,G,G2,< 1 year,MORTGAGE,59000.0,Verified,debt_consolidation,TX,32.93,0.0,675.0,679.0,1.0,79.2,19.0,Individual,5,High Risk,Manual Review
106507664,19200.0, 60 months,25.49,E,E4,2 years,MORTGAGE,36000.0,Verified,debt_consolidation,MN,7.5,1.0,710.0,714.0,0.0,109.0,10.0,Joint App,5,High Risk,Manual Review
107084370,19900.0, 60 months,26.24,E,E5,10+ years,MORTGAGE,79000.0,Source Verified,debt_consolidation,VT,19.29,1.0,665.0,669.0,0.0,91.9,16.0,Individual,5,High Risk,Manual Review
106876414,12050.0, 60 months,29.49,F,F2,10+ years,MORTGAGE,65000.0,Verified,home_improvement,MN,31.24,0.0,670.0,674.0,2.0,60.9,29.0,Individual,5,High Risk,Manual Review
106774922,11550.0, 60 months,25.49,E,E4,9 years,MORTGAGE,33000.0,Verified,debt_consolidation,CA,32.18,1.0,705.0,709.0,1.0,35.0,19.0,Individual,6,High Risk,Manual Review
107245241,3025.0, 36 months,22.74,E,E1,10+ years,MORTGAGE,106000.0,Verified,other,GA,32.88,0.0,695.0,699.0,0.0,50.3,46.0,Individual,5,High Risk,Manual Review
107276344,19575.0, 60 months,22.74,E,E1,8 years,MORTGAGE,120000.0,Not Verified,home_improvement,TX,34.37,0.0,670.0,674.0,0.0,62.6,25.0,Individual,5,High Risk,Manual Review
106936313,20525.0, 60 months,30.94,G,G4,10+ years,MORTGAGE,85383.0,Not Verified,debt_consolidation,CT,31.22,0.0,690.0,694.0,0.0,69.5,39.0,Individual,5,High Risk,Manual Review
107350417,35000.0, 60 months,29.99,F,F3,,MORTGAGE,89000.0,Verified,debt_consolidation,AL,33.16,0.0,695.0,699.0,0.0,96.5,50.0,Individual,6,High Risk,Manual Review
107047871,19725.0, 60 months,25.49,E,E4,,MORTGAGE,15000.0,Source Verified,debt_consolidation,VA,48.24,0.0,715.0,719.0,0.0,43.0,29.0,Joint App,5,High Risk,Manual Review
107081610,26000.0, 60 months,25.49,E,E4,9 years,MORTGAGE,62000.0,Verified,debt_consolidation,OK,31.49,0.0,720.0,724.0,0.0,92.1,14.0,Individual,6,High Risk,Manual Review
107623311,7200.0, 36 months,24.74,E,E3,4 years,RENT,20000.0,Source Verified,debt_consolidation,CA,31.58,0.0,705.0,709.0,0.0,39.4,9.0,Individual,5,High Risk,Manual Review
106226783,18000.0, 60 months,25.49,E,E4,10+ years,MORTGAGE,80000.0,Source Verified,debt_consolidation,MN,34.58,0.0,690.0,694.0,0.0,87.8,30.0,Individual,6,High Risk,Manual Review
107559235,11425.0, 60 months,29.49,F,F2,10+ years,RENT,34000.0,Source Verified,credit_card,NY,34.98,2.0,685.0,689.0,0.0,76.6,35.0,Individual,6,High Risk,Manual Review
106541241,14000.0, 60 months,28.69,F,F1,10+ years,RENT,62000.0,Verified,debt_consolidation,NJ,34.79,2.0,695.0,699.0,0.0,14.6,28.0,Individual,6,High Risk,Manual Review
107052894,30000.0, 60 months,28.69,F,F1,< 1 year,MORTGAGE,29500.0,Verified,debt_consolidation,OH,58.3,0.0,675.0,679.0,2.0,19.1,30.0,Joint App,5,High Risk,Manual Review
107089316,8500.0, 36 months,22.74,E,E1,8 years,RENT,25982.0,Verified,debt_consolidation,OH,33.49,0.0,685.0,689.0,1.0,26.4,35.0,Individual,5,High Risk,Manual Review
106212677,29275.0, 60 months,30.49,F,F4,9 years,MORTGAGE,61000.0,Verified,small_business,GA,30.81,3.0,735.0,739.0,0.0,1.7,49.0,Individual,6,High Risk,Manual Review
106911042,28000.0, 60 months,29.49,F,F2,6 years,MORTGAGE,180000.0,Not Verified,debt_consolidation,CA,32.48,1.0,660.0,664.0,1.0,88.8,29.0,Individual,7,High Risk,Manual Review
107095339,9900.0, 36 months,22.74,E,E1,,MORTGAGE,57000.0,Verified,debt_consolidation,VA,32.19,0.0,670.0,674.0,4.0,57.0,47.0,Individual,5,High Risk,Manual Review
107365546,20000.0, 60 months,22.74,E,E1,3 years,MORTGAGE,160000.0,Not Verified,debt_consolidation,VA,30.08,0.0,685.0,689.0,1.0,86.9,35.0,Individual,6,High Risk,Manual Review
107336725,24000.0, 60 months,30.99,G,G5,10+ years,MORTGAGE,59000.0,Verified,debt_consolidation,NJ,21.7,1.0,680.0,684.0,0.0,82.9,16.0,Individual,5,High Risk,Manual Review
106917413,35000.0, 60 months,28.69,F,F1,3 years,RENT,95000.0,Source Verified,debt_consolidation,VA,32.62,0.0,665.0,669.0,1.0,69.9,59.0,Individual,5,High Risk,Manual Review
106788985,12225.0, 36 months,23.99,E,E2,5 years,OWN,34000.0,Source Verified,medical,FL,32.58,1.0,680.0,684.0,0.0,40.6,23.0,Individual,6,High Risk,Manual Review
106237494,14725.0, 60 months,25.49,E,E4,5 years,MORTGAGE,85000.0,Not Verified,debt_consolidation,MA,32.33,0.0,695.0,699.0,0.0,85.0,23.0,Individual,6,High Risk,Manual Review
105173472,20000.0, 36 months,26.24,E,E5,10+ years,MORTGAGE,79000.0,Source Verified,debt_consolidation,OH,32.9,0.0,695.0,699.0,0.0,82.9,38.0,Individual,6,High Risk,Manual Review
106610751,6000.0, 36 months,25.49,E,E4,< 1 year,RENT,30000.0,Verified,other,OH,31.6,0.0,670.0,674.0,1.0,47.4,23.0,Individual,5,High Risk,Manual Review
106847295,21150.0, 60 months,28.69,F,F1,10+ years,RENT,70000.0,Not Verified,car,RI,15.12,1.0,675.0,679.0,0.0,86.1,11.0,Individual,5,High Risk,Manual Review
106376617,30000.0, 60 months,23.99,E,E2,10+ years,RENT,71370.0,Verified,credit_card,GA,34.15,2.0,665.0,669.0,1.0,83.0,40.0,Individual,7,High Risk,Manual Review
107072457,10000.0, 36 months,17.99,D,D2,10+ years,MORTGAGE,120000.0,Source Verified,home_improvement,MS,32.73,1.0,665.0,669.0,0.0,82.4,33.0,Individual,5,High Risk,Manual Review
106791895,8300.0, 36 months,23.99,E,E2,4 years,OWN,58000.0,Source Verified,debt_consolidation,LA,34.89,2.0,670.0,674.0,0.0,60.6,15.0,Individual,6,High Risk,Manual Review
106996943,15000.0, 60 months,30.79,G,G1,5 years,RENT,45000.0,Not Verified,credit_card,FL,31.01,0.0,690.0,694.0,0.0,52.6,44.0,Individual,5,High Risk,Manual Review
107364783,6000.0, 36 months,26.24,E,E5,10+ years,RENT,41000.0,Not Verified,other,VA,30.62,0.0,720.0,724.0,1.0,25.5,32.0,Individual,5,High Risk,Manual Review
107306386,12000.0, 60 months,30.94,G,G4,10+ years,RENT,70000.0,Verified,credit_card,FL,34.99,0.0,675.0,679.0,0.0,98.9,18.0,Individual,6,High Risk,Manual Review
106847033,16800.0, 60 months,28.69,F,F1,< 1 year,RENT,60000.0,Source Verified,credit_card,FL,31.62,0.0,690.0,694.0,0.0,86.3,25.0,Individual,6,High Risk,Manual Review
106951864,15000.0, 60 months,25.49,E,E4,< 1 year,MORTGAGE,67000.0,Source Verified,debt_consolidation,CA,30.75,0.0,690.0,694.0,0.0,63.1,47.0,Individual,5,High Risk,Manual Review
107072463,7475.0, 36 months,25.49,E,E4,5 years,RENT,22000.0,Not Verified,major_purchase,IL,34.27,1.0,710.0,714.0,1.0,22.4,31.0,Individual,6,High Risk,Manual Review
106846230,14000.0, 60 months,28.69,F,F1,2 years,MORTGAGE,40000.0,Verified,vacation,FL,32.25,1.0,680.0,684.0,0.0,47.8,21.0,Individual,6,High Risk,Manual Review
107056391,28425.0, 60 months,22.74,E,E1,10+ years,MORTGAGE,68000.0,Not Verified,debt_consolidation,NJ,30.07,0.0,730.0,734.0,0.0,97.4,10.0,Individual,6,High Risk,Manual Review
106996669,6900.0, 36 months,24.74,E,E3,,RENT,23000.0,Not Verified,credit_card,MN,34.86,0.0,695.0,699.0,0.0,67.5,31.0,Individual,5,High Risk,Manual Review
107089072,26950.0, 60 months,30.74,F,F5,8 years,MORTGAGE,73235.0,Not Verified,debt_consolidation,FL,31.38,0.0,675.0,679.0,0.0,65.3,23.0,Individual,5,High Risk,Manual Review
106793110,30175.0, 36 months,15.99,C,C5,,MORTGAGE,12000.0,Verified,debt_consolidation,PA,79.2,2.0,680.0,684.0,0.0,91.8,16.0,Joint App,5,High Risk,Manual Review
107236155,10000.0, 36 months,22.74,E,E1,2 years,RENT,32500.0,Verified,debt_consolidation,FL,31.35,0.0,665.0,669.0,1.0,62.9,10.0,Individual,5,High Risk,Manual Review
106212369,35000.0, 60 months,22.74,E,E1,10+ years,OWN,120000.0,Verified,home_improvement,FL,13.04,3.0,670.0,674.0,0.0,81.3,23.0,Individual,5,High Risk,Manual Review
107026407,32000.0, 60 months,26.24,E,E5,9 years,MORTGAGE,115000.0,Verified,debt_consolidation,IN,30.25,0.0,670.0,674.0,1.0,70.6,25.0,Individual,5,High Risk,Manual Review
107266076,17725.0, 60 months,22.74,E,E1,10+ years,MORTGAGE,51000.0,Not Verified,credit_card,KY,25.32,2.0,660.0,664.0,0.0,94.6,21.0,Individual,5,High Risk,Manual Review
106996578,14200.0, 60 months,28.69,F,F1,3 years,MORTGAGE,39500.0,Source Verified,debt_consolidation,TX,32.0,1.0,670.0,674.0,1.0,53.6,48.0,Individual,6,High Risk,Manual Review
107195610,16000.0, 36 months,26.24,E,E5,10+ years,MORTGAGE,59000.0,Source Verified,debt_consolidation,WA,30.11,3.0,660.0,664.0,0.0,65.7,44.0,Individual,6,High Risk,Manual Review
106805121,10000.0, 36 months,24.74,E,E3,3 years,OWN,35000.0,Source Verified,debt_consolidation,HI,34.81,0.0,685.0,689.0,0.0,50.3,6.0,Individual,5,High Risk,Manual Review
107071676,35000.0, 36 months,23.99,E,E2,2 years,MORTGAGE,150000.0,Source Verified,debt_consolidation,UT,33.1,0.0,665.0,669.0,0.0,49.1,42.0,Joint App,5,High Risk,Manual Review
107055316,21000.0, 60 months,25.49,E,E4,10+ years,MORTGAGE,60000.0,Not Verified,other,SC,33.22,0.0,840.0,844.0,0.0,0.5,30.0,Individual,5,High Risk,Manual Review
106763644,10100.0, 60 months,23.99,E,E2,3 years,RENT,23000.0,Source Verified,credit_card,MI,32.46,0.0,685.0,689.0,0.0,67.8,10.0,Individual,5,High Risk,Manual Review
105883720,10000.0, 60 months,25.49,E,E4,2 years,MORTGAGE,40476.0,Source Verified,debt_consolidation,FL,33.56,0.0,685.0,689.0,0.0,60.3,12.0,Individual,5,High Risk,Manual Review
107046783,30000.0, 36 months,26.24,E,E5,< 1 year,MORTGAGE,78000.0,Source Verified,moving,AL,46.6,0.0,665.0,669.0,0.0,67.6,16.0,Joint App,5,High Risk,Manual Review
106795058,11200.0, 60 months,30.74,F,F5,,RENT,11000.0,Verified,other,WA,61.57,0.0,665.0,669.0,0.0,71.5,14.0,Joint App,5,High Risk,Manual Review
107016446,10000.0, 60 months,29.49,F,F2,10+ years,RENT,36000.0,Verified,debt_consolidation,PA,30.33,0.0,680.0,684.0,1.0,66.1,17.0,Individual,5,High Risk,Manual Review
106835589,16000.0, 36 months,24.74,E,E3,2 years,MORTGAGE,92000.0,Verified,debt_consolidation,IL,31.61,0.0,665.0,669.0,1.0,89.3,27.0,Individual,6,High Risk,Manual Review
106501066,2000.0, 36 months,22.74,E,E1,3 years,RENT,22000.0,Not Verified,car,NE,30.44,0.0,750.0,754.0,3.0,0.0,12.0,Individual,5,High Risk,Manual Review
106387156,4500.0, 36 months,23.99,E,E2,1 year,MORTGAGE,150000.0,Verified,other,VA,19.43,1.0,685.0,689.0,1.0,93.9,28.0,Individual,5,High Risk,Manual Review
106611047,12000.0, 60 months,29.49,F,F2,10+ years,MORTGAGE,57700.0,Not Verified,debt_consolidation,MD,34.34,0.0,680.0,684.0,1.0,52.5,30.0,Individual,5,High Risk,Manual Review
106792274,16000.0, 60 months,26.24,E,E5,,RENT,3600.0,Not Verified,other,WI,297.0,0.0,685.0,689.0,0.0,51.6,17.0,Joint App,5,High Risk,Manual Review
107235818,20325.0, 36 months,30.84,G,G2,1 year,OWN,65000.0,Verified,debt_consolidation,AZ,33.01,0.0,665.0,669.0,0.0,78.8,35.0,Individual,5,High Risk,Manual Review
106986640,3475.0, 36 months,26.24,E,E5,1 year,MORTGAGE,30000.0,Source Verified,debt_consolidation,UT,32.08,1.0,695.0,699.0,0.0,53.8,28.0,Individual,6,High Risk,Manual Review
107058787,5000.0, 36 months,25.49,E,E4,2 years,RENT,20000.0,Verified,moving,OH,33.91,0.0,675.0,679.0,1.0,34.6,18.0,Individual,5,High Risk,Manual Review
107047998,16000.0, 60 months,26.24,E,E5,,OWN,15688.0,Source Verified,debt_consolidation,CA,69.09,0.0,760.0,764.0,0.0,0.4,22.0,Joint App,5,High Risk,Manual Review
107350391,9150.0, 36 months,25.49,E,E4,10+ years,MORTGAGE,38000.0,Source Verified,debt_consolidation,NM,33.16,0.0,690.0,694.0,1.0,85.8,18.0,Individual,6,High Risk,Manual Review
106520671,35000.0, 60 months,30.74,F,F5,,RENT,85000.0,Verified,debt_consolidation,MI,32.15,0.0,705.0,709.0,1.0,51.2,12.0,Individual,5,High Risk,Manual Review
103397214,30000.0, 60 months,30.99,G,G5,3 years,RENT,95680.0,Verified,credit_card,IL,32.41,0.0,690.0,694.0,1.0,59.1,18.0,Individual,5,High Risk,Manual Review
107235648,35000.0, 60 months,22.74,E,E1,2 years,OWN,103000.0,Verified,debt_consolidation,AZ,33.89,0.0,670.0,674.0,2.0,66.3,43.0,Individual,5,High Risk,Manual Review
106316167,10700.0, 60 months,30.74,F,F5,10+ years,RENT,63500.0,Verified,debt_consolidation,CT,34.05,0.0,665.0,669.0,0.0,38.1,36.0,Individual,5,High Risk,Manual Review
106600410,12000.0, 60 months,23.99,E,E2,7 years,MORTGAGE,85000.0,Source Verified,debt_consolidation,KS,34.41,0.0,675.0,679.0,0.0,87.2,54.0,Individual,6,High Risk,Manual Review
106788066,28800.0, 60 months,22.74,E,E1,10+ years,MORTGAGE,30000.0,Not Verified,credit_card,GA,32.84,2.0,660.0,664.0,0.0,83.0,23.0,Joint App,7,High Risk,Manual Review
106496152,9600.0, 36 months,22.74,E,E1,2 years,MORTGAGE,50141.0,Verified,other,NV,45.48,0.0,680.0,684.0,0.0,84.6,13.0,Joint App,6,High Risk,Manual Review
107345226,19000.0, 60 months,30.74,F,F5,< 1 year,RENT,50000.0,Not Verified,debt_consolidation,NH,32.93,0.0,675.0,679.0,2.0,51.2,23.0,Individual,5,High Risk,Manual Review
106935407,10350.0, 60 months,29.49,F,F2,5 years,RENT,30000.0,Verified,debt_consolidation,CA,31.56,0.0,670.0,674.0,0.0,63.5,11.0,Individual,5,High Risk,Manual Review
105403472,16550.0, 60 months,25.49,E,E4,10+ years,RENT,37636.0,Source Verified,debt_consolidation,NY,30.64,0.0,685.0,689.0,1.0,56.1,30.0,Individual,5,High Risk,Manual Review
106794719,5750.0, 36 months,18.99,D,D3,10+ years,MORTGAGE,18000.0,Verified,debt_consolidation,MN,30.33,2.0,680.0,684.0,0.0,99.1,10.0,Individual,5,High Risk,Manual Review
106867390,18350.0, 60 months,28.69,F,F1,< 1 year,RENT,61950.0,Source Verified,credit_card,MN,33.98,0.0,735.0,739.0,2.0,58.4,30.0,Individual,5,High Risk,Manual Review
106211403,17600.0, 60 months,29.49,F,F2,3 years,RENT,20000.0,Verified,debt_consolidation,MO,39.2,0.0,660.0,664.0,0.0,88.6,11.0,Joint App,6,High Risk,Manual Review
106975923,29375.0, 60 months,22.74,E,E1,10+ years,MORTGAGE,75896.28,Not Verified,credit_card,WY,34.44,0.0,725.0,729.0,1.0,66.2,15.0,Individual,5,High Risk,Manual Review
107059301,30000.0, 60 months,23.99,E,E2,6 years,MORTGAGE,110000.0,Source Verified,debt_consolidation,CA,11.51,1.0,670.0,674.0,2.0,83.6,43.0,Individual,5,High Risk,Manual Review
106875795,28000.0, 60 months,23.99,E,E2,10+ years,MORTGAGE,68000.0,Verified,debt_consolidation,NC,34.33,0.0,675.0,679.0,1.0,60.0,25.0,Individual,5,High Risk,Manual Review
106207980,7550.0, 36 months,24.74,E,E3,5 years,RENT,21000.0,Source Verified,debt_consolidation,CT,34.27,0.0,700.0,704.0,1.0,26.0,15.0,Individual,5,High Risk,Manual Review
107037040,18000.0, 60 months,22.74,E,E1,,OWN,74000.0,Not Verified,debt_consolidation,WY,31.11,0.0,710.0,714.0,0.0,35.7,54.0,Individual,5,High Risk,Manual Review
106336724,12525.0, 60 months,26.24,E,E5,3 years,RENT,56000.0,Source Verified,credit_card,CO,30.58,0.0,725.0,729.0,0.0,82.5,14.0,Individual,6,High Risk,Manual Review
107325411,8000.0, 36 months,24.74,E,E3,5 years,RENT,39000.0,Not Verified,credit_card,CA,33.66,0.0,685.0,689.0,0.0,86.5,12.0,Individual,6,High Risk,Manual Review
106507689,35000.0, 36 months,22.74,E,E1,< 1 year,MORTGAGE,50000.0,Source Verified,home_improvement,TX,36.61,1.0,670.0,674.0,0.0,73.6,48.0,Joint App,6,High Risk,Manual Review
103751667,12000.0, 60 months,26.24,E,E5,3 years,OWN,48000.0,Not Verified,debt_consolidation,NJ,34.3,0.0,725.0,729.0,1.0,50.3,24.0,Individual,5,High Risk,Manual Review
107089658,35000.0, 36 months,30.99,G,G5,,RENT,90000.0,Verified,major_purchase,FL,31.0,0.0,695.0,699.0,3.0,53.4,40.0,Individual,5,High Risk,Manual Review
103743610,9000.0, 36 months,23.99,E,E2,< 1 year,MORTGAGE,15000.0,Source Verified,home_improvement,CO,48.24,0.0,665.0,669.0,0.0,62.0,13.0,Joint App,5,High Risk,Manual Review
107086313,9000.0, 36 months,24.74,E,E3,10+ years,MORTGAGE,62000.0,Source Verified,home_improvement,IN,31.28,7.0,665.0,669.0,2.0,70.2,42.0,Individual,6,High Risk,Manual Review
106865143,16000.0, 36 months,16.99,D,D1,1 year,RENT,50000.0,Source Verified,debt_consolidation,MN,30.36,1.0,665.0,669.0,1.0,89.4,17.0,Individual,5,High Risk,Manual Review
107049280,14000.0, 36 months,30.99,G,G5,10+ years,RENT,90000.0,Source Verified,debt_consolidation,NY,30.24,0.0,675.0,679.0,0.0,49.7,60.0,Individual,5,High Risk,Manual Review
106946894,23700.0, 60 months,30.94,G,G4,10+ years,OWN,120000.0,Source Verified,debt_consolidation,NE,32.85,0.0,660.0,664.0,1.0,50.6,41.0,Individual,5,High Risk,Manual Review
107088060,8000.0, 36 months,22.74,E,E1,10+ years,MORTGAGE,92640.0,Source Verified,home_improvement,TX,30.32,0.0,660.0,664.0,5.0,42.4,44.0,Individual,5,High Risk,Manual Review
104161984,8625.0, 36 months,22.74,E,E1,7 years,RENT,44000.0,Verified,other,NJ,30.14,0.0,700.0,704.0,1.0,18.9,39.0,Individual,5,High Risk,Manual Review
105567281,34400.0, 60 months,29.99,F,F3,1 year,MORTGAGE,110120.0,Verified,debt_consolidation,AZ,31.82,0.0,665.0,669.0,2.0,89.0,29.0,Individual,6,High Risk,Manual Review
106541340,12100.0, 36 months,22.74,E,E1,10+ years,RENT,34000.0,Verified,debt_consolidation,NV,32.72,0.0,680.0,684.0,0.0,66.7,16.0,Individual,5,High Risk,Manual Review
106935225,21000.0, 60 months,16.99,D,D1,10+ years,RENT,110000.0,Source Verified,debt_consolidation,TX,31.96,1.0,660.0,664.0,0.0,94.7,21.0,Individual,5,High Risk,Manual Review
107017049,23925.0, 60 months,29.49,F,F2,3 years,RENT,57000.0,Source Verified,credit_card,MN,34.08,0.0,670.0,674.0,0.0,77.7,25.0,Individual,5,High Risk,Manual Review
107075961,7200.0, 36 months,22.74,E,E1,10+ years,RENT,38000.0,Verified,vacation,CT,31.05,0.0,720.0,724.0,1.0,46.7,30.0,Individual,5,High Risk,Manual Review
107028853,20000.0, 60 months,23.99,E,E2,< 1 year,MORTGAGE,70000.0,Not Verified,debt_consolidation,OH,32.73,0.0,665.0,669.0,1.0,46.3,31.0,Individual,5,High Risk,Manual Review
106835221,12900.0, 60 months,26.24,E,E5,2 years,RENT,39500.0,Source Verified,credit_card,TX,33.0,0.0,675.0,679.0,1.0,86.6,18.0,Individual,6,High Risk,Manual Review
107027588,10000.0, 36 months,22.74,E,E1,9 years,RENT,76000.0,Source Verified,other,MA,19.69,1.0,660.0,664.0,3.0,81.8,31.0,Individual,5,High Risk,Manual Review
106512288,14125.0, 36 months,24.74,E,E3,8 years,OWN,37809.0,Source Verified,home_improvement,CO,30.67,0.0,695.0,699.0,0.0,49.7,21.0,Individual,5,High Risk,Manual Review
106847456,10000.0, 36 months,23.99,E,E2,2 years,MORTGAGE,63366.0,Source Verified,credit_card,WA,34.41,0.0,685.0,689.0,2.0,46.0,28.0,Individual,5,High Risk,Manual Review
105403270,5825.0, 36 months,22.74,E,E1,10+ years,MORTGAGE,40000.0,Verified,credit_card,KS,34.35,0.0,695.0,699.0,2.0,46.7,48.0,Individual,5,High Risk,Manual Review
106496773,25000.0, 60 months,30.79,G,G1,< 1 year,MORTGAGE,34000.0,Verified,credit_card,NC,37.63,0.0,695.0,699.0,3.0,91.2,17.0,Joint App,6,High Risk,Manual Review
106590402,6600.0, 36 months,24.74,E,E3,2 years,RENT,22000.0,Source Verified,debt_consolidation,CT,31.59,5.0,690.0,694.0,1.0,59.5,28.0,Individual,6,High Risk,Manual Review
104049537,29400.0, 60 months,30.94,G,G4,1 year,MORTGAGE,70000.0,Source Verified,debt_consolidation,NJ,32.09,0.0,660.0,664.0,2.0,50.2,31.0,Individual,5,High Risk,Manual Review
107074665,17600.0, 60 months,30.94,G,G4,,RENT,40000.0,Verified,debt_consolidation,IL,33.45,0.0,675.0,679.0,1.0,57.5,24.0,Individual,5,High Risk,Manual Review
107050779,4900.0, 36 months,23.99,E,E2,10+ years,MORTGAGE,30000.0,Verified,debt_consolidation,MO,30.88,0.0,685.0,689.0,1.0,91.8,12.0,Individual,6,High Risk,Manual Review
102675395,21275.0, 60 months,29.99,F,F3,,MORTGAGE,47292.0,Verified,debt_consolidation,NY,33.54,0.0,665.0,669.0,0.0,68.0,13.0,Individual,5,High Risk,Manual Review
107054826,14000.0, 36 months,23.99,E,E2,10+ years,MORTGAGE,28000.0,Not Verified,home_improvement,PA,33.56,1.0,710.0,714.0,0.0,63.9,16.0,Individual,6,High Risk,Manual Review
105677499,8525.0, 36 months,26.24,E,E5,10+ years,MORTGAGE,32000.0,Source Verified,debt_consolidation,MI,34.96,0.0,685.0,689.0,2.0,52.8,31.0,Individual,5,High Risk,Manual Review
105154443,16000.0, 60 months,23.99,E,E2,,OWN,24000.0,Verified,debt_consolidation,CA,57.6,0.0,685.0,689.0,0.0,67.9,15.0,Joint App,5,High Risk,Manual Review
106213007,30000.0, 60 months,28.69,F,F1,10+ years,MORTGAGE,59400.0,Verified,debt_consolidation,NY,48.3,0.0,665.0,669.0,0.0,56.7,35.0,Joint App,5,High Risk,Manual Review
107058622,15500.0, 60 months,25.49,E,E4,4 years,MORTGAGE,47000.0,Not Verified,debt_consolidation,SC,32.95,0.0,700.0,704.0,1.0,33.7,27.0,Individual,5,High Risk,Manual Review
106376237,20000.0, 60 months,26.24,E,E5,,RENT,10000.0,Not Verified,debt_consolidation,NV,178.86,0.0,665.0,669.0,0.0,76.0,27.0,Joint App,5,High Risk,Manual Review
106209615,12000.0, 36 months,16.99,D,D1,< 1 year,RENT,3600.0,Not Verified,debt_consolidation,CA,124.67,1.0,660.0,664.0,0.0,97.6,9.0,Joint App,5,High Risk,Manual Review
106855149,14925.0, 36 months,28.69,F,F1,2 years,MORTGAGE,41000.0,Not Verified,debt_consolidation,WA,10.92,1.0,660.0,664.0,5.0,85.0,21.0,Individual,5,High Risk,Manual Review
106211896,10000.0, 60 months,30.79,G,G1,< 1 year,RENT,47000.0,Source Verified,debt_consolidation,AL,36.59,0.0,665.0,669.0,1.0,69.0,26.0,Joint App,5,High Risk,Manual Review
106486756,30000.0, 36 months,24.74,E,E3,< 1 year,MORTGAGE,38000.0,Verified,debt_consolidation,AL,44.85,0.0,685.0,689.0,0.0,62.9,18.0,Joint App,5,High Risk,Manual Review
106494983,35000.0, 60 months,23.99,E,E2,< 1 year,MORTGAGE,45200.0,Source Verified,debt_consolidation,MO,31.89,0.0,665.0,669.0,2.0,65.6,17.0,Joint App,5,High Risk,Manual Review
106509658,14050.0, 36 months,28.69,F,F1,9 years,MORTGAGE,80000.0,Source Verified,other,NJ,33.17,0.0,660.0,664.0,0.0,35.1,33.0,Individual,5,High Risk,Manual Review
106407872,16050.0, 36 months,24.74,E,E3,6 years,MORTGAGE,42000.0,Source Verified,debt_consolidation,NC,30.4,0.0,710.0,714.0,0.0,63.5,23.0,Individual,5,High Risk,Manual Review
107079006,12000.0, 60 months,30.89,G,G3,10+ years,MORTGAGE,100000.0,Source Verified,major_purchase,IN,31.03,0.0,690.0,694.0,5.0,53.0,42.0,Individual,5,High Risk,Manual Review
106205827,22575.0, 60 months,16.99,D,D1,< 1 year,MORTGAGE,20000.0,Verified,credit_card,AR,64.71,1.0,685.0,689.0,0.0,96.2,19.0,Joint App,5,High Risk,Manual Review
106796374,10000.0, 60 months,28.69,F,F1,1 year,MORTGAGE,38400.0,Not Verified,debt_consolidation,AR,31.88,0.0,700.0,704.0,2.0,50.1,17.0,Individual,5,High Risk,Manual Review
106681747,2900.0, 36 months,28.69,F,F1,2 years,RENT,13500.0,Verified,credit_card,WA,30.93,0.0,660.0,664.0,1.0,57.6,27.0,Individual,5,High Risk,Manual Review
106211443,14000.0, 60 months,22.74,E,E1,< 1 year,MORTGAGE,35000.0,Not Verified,home_improvement,CA,57.89,0.0,660.0,664.0,0.0,62.6,11.0,Joint App,5,High Risk,Manual Review
106491431,13025.0, 60 months,26.24,E,E5,10+ years,MORTGAGE,53000.0,Source Verified,debt_consolidation,TX,30.75,0.0,660.0,664.0,1.0,35.8,13.0,Individual,5,High Risk,Manual Review
106651348,13000.0, 36 months,25.49,E,E4,10+ years,OWN,47390.0,Verified,debt_consolidation,GA,30.46,1.0,690.0,694.0,0.0,53.7,28.0,Individual,6,High Risk,Manual Review
105874096,30000.0, 60 months,21.49,D,D5,10+ years,MORTGAGE,105000.0,Verified,debt_consolidation,CA,30.87,2.0,670.0,674.0,3.0,89.0,29.0,Individual,5,High Risk,Manual Review
106498463,19200.0, 60 months,16.99,D,D1,4 years,RENT,51000.0,Not Verified,debt_consolidation,TX,36.59,1.0,670.0,674.0,0.0,83.6,26.0,Joint App,5,High Risk,Manual Review
106530176,16750.0, 60 months,28.69,F,F1,4 years,RENT,40000.0,Source Verified,debt_consolidation,NY,31.56,1.0,725.0,729.0,0.0,31.4,16.0,Individual,6,High Risk,Manual Review
107058122,5200.0, 36 months,22.74,E,E1,,MORTGAGE,33000.0,Verified,debt_consolidation,VA,31.02,0.0,670.0,674.0,0.0,43.9,34.0,Individual,5,High Risk,Manual Review
106487587,8000.0, 36 months,22.74,E,E1,1 year,RENT,45000.0,Source Verified,home_improvement,ND,34.05,0.0,690.0,694.0,0.0,90.1,36.0,Individual,6,High Risk,Manual Review
107052041,11550.0, 36 months,24.74,E,E3,10+ years,RENT,37000.0,Source Verified,debt_consolidation,NY,30.98,0.0,700.0,704.0,0.0,35.9,24.0,Individual,5,High Risk,Manual Review
105975845,20000.0, 60 months,30.84,G,G2,10+ years,RENT,55000.0,Verified,debt_consolidation,MS,30.07,0.0,660.0,664.0,0.0,90.7,15.0,Individual,6,High Risk,Manual Review
106996620,18000.0, 60 months,28.69,F,F1,8 years,RENT,57000.0,Source Verified,debt_consolidation,NC,34.46,1.0,670.0,674.0,0.0,59.8,39.0,Individual,6,High Risk,Manual Review
105941957,32000.0, 60 months,25.49,E,E4,10+ years,MORTGAGE,52000.0,Verified,debt_consolidation,TN,28.69,1.0,670.0,674.0,0.0,97.1,20.0,Joint App,5,High Risk,Manual Review
106437131,23250.0, 60 months,28.69,F,F1,10+ years,OWN,66000.0,Source Verified,debt_consolidation,OH,32.42,0.0,690.0,694.0,0.0,68.6,23.0,Individual,5,High Risk,Manual Review
106469405,7000.0, 36 months,24.74,E,E3,2 years,RENT,35000.0,Verified,debt_consolidation,TX,33.68,0.0,660.0,664.0,0.0,101.0,5.0,Individual,6,High Risk,Manual Review
104201407,19200.0, 60 months,29.99,F,F3,3 years,MORTGAGE,102000.0,Verified,debt_consolidation,VA,33.84,0.0,680.0,684.0,1.0,41.0,43.0,Individual,5,High Risk,Manual Review
106509862,28125.0, 60 months,30.79,G,G1,10+ years,MORTGAGE,67000.0,Not Verified,debt_consolidation,VA,24.59,2.0,695.0,699.0,0.0,93.2,32.0,Individual,5,High Risk,Manual Review
106196151,20000.0, 36 months,19.99,D,D4,< 1 year,MORTGAGE,60494.0,Source Verified,other,AZ,46.72,1.0,670.0,674.0,1.0,89.6,37.0,Joint App,5,High Risk,Manual Review
106316322,12000.0, 60 months,25.49,E,E4,10+ years,RENT,35000.0,Source Verified,credit_card,NJ,32.1,0.0,660.0,664.0,0.0,41.6,21.0,Individual,5,High Risk,Manual Review
105781164,30000.0, 36 months,29.49,F,F2,8 years,OWN,80000.0,Verified,small_business,TX,30.77,0.0,695.0,699.0,0.0,53.1,18.0,Individual,5,High Risk,Manual Review
106366354,28000.0, 60 months,22.74,E,E1,3 years,RENT,105000.0,Not Verified,credit_card,GA,11.87,2.0,660.0,664.0,0.0,97.3,36.0,Individual,5,High Risk,Manual Review
106507372,28000.0, 60 months,23.99,E,E2,2 years,RENT,56000.0,Source Verified,debt_consolidation,WI,30.03,0.0,760.0,764.0,0.0,42.1,33.0,Individual,5,High Risk,Manual Review
104317572,35000.0, 36 months,22.74,E,E1,,MORTGAGE,10000.0,Not Verified,debt_consolidation,CO,248.95,0.0,660.0,664.0,1.0,56.8,33.0,Joint App,5,High Risk,Manual Review
106366374,35000.0, 60 months,23.99,E,E2,10+ years,MORTGAGE,132000.0,Source Verified,debt_consolidation,FL,30.73,0.0,675.0,679.0,1.0,80.4,36.0,Individual,6,High Risk,Manual Review
104046684,3025.0, 36 months,22.74,E,E1,2 years,MORTGAGE,45000.0,Verified,other,GA,33.41,0.0,680.0,684.0,0.0,43.1,24.0,Individual,5,High Risk,Manual Review
106916558,30000.0, 60 months,30.94,G,G4,10+ years,MORTGAGE,85000.0,Verified,other,IL,33.28,0.0,700.0,704.0,1.0,69.8,24.0,Individual,5,High Risk,Manual Review
106470305,20000.0, 60 months,30.79,G,G1,10+ years,OWN,56000.0,Verified,debt_consolidation,NY,31.47,2.0,690.0,694.0,0.0,47.4,48.0,Individual,6,High Risk,Manual Review
106096093,5000.0, 36 months,28.69,F,F1,4 years,MORTGAGE,74844.0,Verified,home_improvement,NC,30.19,0.0,665.0,669.0,0.0,70.9,27.0,Individual,5,High Risk,Manual Review
106427281,30475.0, 60 months,23.99,E,E2,6 years,RENT,66300.0,Verified,credit_card,NY,31.64,0.0,675.0,679.0,0.0,88.4,34.0,Individual,6,High Risk,Manual Review
106166137,7000.0, 36 months,25.49,E,E4,10+ years,RENT,32800.0,Source Verified,debt_consolidation,MO,31.87,0.0,770.0,774.0,1.0,17.5,11.0,Individual,5,High Risk,Manual Review
107015217,21000.0, 60 months,23.99,E,E2,10+ years,MORTGAGE,59000.0,Not Verified,credit_card,OH,15.79,1.0,685.0,689.0,1.0,81.6,18.0,Individual,5,High Risk,Manual Review
106571637,20000.0, 60 months,25.49,E,E4,< 1 year,MORTGAGE,50000.0,Not Verified,debt_consolidation,MO,31.3,1.0,690.0,694.0,0.0,39.2,29.0,Individual,6,High Risk,Manual Review
105163399,19300.0, 60 months,26.24,E,E5,1 year,MORTGAGE,172000.0,Source Verified,credit_card,NJ,32.42,1.0,680.0,684.0,0.0,71.1,39.0,Individual,6,High Risk,Manual Review
106226892,1500.0, 36 months,28.69,F,F1,< 1 year,RENT,28523.0,Verified,other,VA,32.79,0.0,685.0,689.0,1.0,49.6,15.0,Individual,5,High Risk,Manual Review
106925556,18475.0, 36 months,30.49,F,F4,10+ years,RENT,44000.0,Not Verified,debt_consolidation,IN,34.97,0.0,665.0,669.0,0.0,74.6,18.0,Individual,5,High Risk,Manual Review
106347361,10000.0, 60 months,25.49,E,E4,,OWN,41000.0,Not Verified,debt_consolidation,OH,33.31,1.0,675.0,679.0,0.0,59.0,21.0,Individual,6,High Risk,Manual Review
106356676,25500.0, 60 months,30.49,F,F4,10+ years,MORTGAGE,58000.0,Not Verified,debt_consolidation,FL,32.16,0.0,660.0,664.0,0.0,59.0,34.0,Individual,5,High Risk,Manual Review
106805563,14700.0, 60 months,25.49,E,E4,10+ years,OWN,118000.0,Source Verified,debt_consolidation,CA,21.76,1.0,680.0,684.0,1.0,95.6,17.0,Individual,5,High Risk,Manual Review
106507342,22500.0, 60 months,23.99,E,E2,4 years,MORTGAGE,45000.0,Not Verified,debt_consolidation,CA,30.13,0.0,710.0,714.0,1.0,34.3,25.0,Individual,5,High Risk,Manual Review
106701643,9500.0, 36 months,30.74,F,F5,6 years,MORTGAGE,65000.0,Source Verified,debt_consolidation,MN,32.51,0.0,660.0,664.0,1.0,78.0,34.0,Individual,5,High Risk,Manual Review
106386690,12000.0, 36 months,24.74,E,E3,8 years,RENT,125000.0,Source Verified,debt_consolidation,IL,23.82,1.0,675.0,679.0,1.0,85.5,15.0,Individual,5,High Risk,Manual Review
103483415,21625.0, 60 months,26.24,E,E5,< 1 year,MORTGAGE,56000.0,Verified,debt_consolidation,PA,40.78,0.0,695.0,699.0,1.0,77.1,31.0,Joint App,5,High Risk,Manual Review
107005303,32000.0, 60 months,22.74,E,E1,10+ years,MORTGAGE,128000.0,Not Verified,debt_consolidation,MI,16.51,1.0,665.0,669.0,0.0,85.9,19.0,Individual,5,High Risk,Manual Review
106406672,16000.0, 36 months,22.74,E,E1,4 years,MORTGAGE,52000.0,Source Verified,debt_consolidation,MI,30.53,0.0,665.0,669.0,1.0,63.0,26.0,Individual,5,High Risk,Manual Review
105968805,32000.0, 36 months,23.99,E,E2,2 years,RENT,108000.0,Source Verified,debt_consolidation,FL,19.14,2.0,680.0,684.0,1.0,98.0,37.0,Individual,5,High Risk,Manual Review
106763496,10075.0, 60 months,30.79,G,G1,3 years,RENT,28000.0,Verified,debt_consolidation,MN,32.53,0.0,670.0,674.0,0.0,95.1,13.0,Individual,6,High Risk,Manual Review
102655300,16000.0, 60 months,22.74,E,E1,1 year,RENT,45000.0,Not Verified,debt_consolidation,CO,38.32,0.0,690.0,694.0,0.0,35.4,40.0,Joint App,5,High Risk,Manual Review
105689360,35000.0, 36 months,22.74,E,E1,4 years,MORTGAGE,155000.0,Source Verified,debt_consolidation,MD,15.38,4.0,665.0,669.0,1.0,80.6,26.0,Individual,5,High Risk,Manual Review
106661155,18000.0, 60 months,29.49,F,F2,< 1 year,MORTGAGE,165000.0,Source Verified,home_improvement,TX,32.89,0.0,690.0,694.0,1.0,74.0,45.0,Individual,5,High Risk,Manual Review
106875469,11500.0, 36 months,22.74,E,E1,10+ years,OWN,32000.0,Verified,debt_consolidation,OH,34.88,1.0,660.0,664.0,0.0,99.1,16.0,Individual,7,High Risk,Manual Review
105903828,21450.0, 60 months,28.69,F,F1,5 years,RENT,55000.0,Verified,debt_consolidation,AL,30.5,0.0,710.0,714.0,0.0,51.7,17.0,Individual,5,High Risk,Manual Review
106487856,14400.0, 60 months,23.99,E,E2,2 years,OWN,98500.0,Source Verified,debt_consolidation,MA,32.7,0.0,685.0,689.0,0.0,93.4,23.0,Individual,6,High Risk,Manual Review
104143943,33600.0, 60 months,16.99,D,D1,10+ years,MORTGAGE,84000.0,Verified,debt_consolidation,KY,33.24,1.0,665.0,669.0,0.0,86.5,21.0,Individual,5,High Risk,Manual Review
106326128,16000.0, 60 months,23.99,E,E2,9 years,OWN,88434.0,Verified,debt_consolidation,OK,30.13,0.0,665.0,669.0,2.0,55.8,47.0,Individual,5,High Risk,Manual Review
107035265,25000.0, 60 months,28.69,F,F1,8 years,OWN,100000.0,Not Verified,debt_consolidation,AZ,32.41,2.0,695.0,699.0,3.0,60.4,40.0,Individual,6,High Risk,Manual Review
106786973,16000.0, 60 months,22.74,E,E1,5 years,MORTGAGE,46000.0,Not Verified,debt_consolidation,GA,30.45,0.0,725.0,729.0,0.0,23.3,41.0,Individual,5,High Risk,Manual Review
103739552,12000.0, 60 months,30.74,F,F5,9 years,OWN,36000.0,Source Verified,debt_consolidation,FL,33.43,0.0,685.0,689.0,1.0,35.4,11.0,Joint App,5,High Risk,Manual Review
106946499,19850.0, 60 months,30.89,G,G3,10+ years,MORTGAGE,60000.0,Verified,credit_card,CA,32.72,0.0,670.0,674.0,1.0,68.7,24.0,Individual,5,High Risk,Manual Review
104081690,20000.0, 36 months,22.74,E,E1,7 years,RENT,80000.0,Source Verified,debt_consolidation,IN,32.17,1.0,660.0,664.0,1.0,94.7,13.0,Individual,7,High Risk,Manual Review
105356099,15000.0, 60 months,22.74,E,E1,2 years,OWN,48000.0,Source Verified,debt_consolidation,FL,30.46,0.0,675.0,679.0,1.0,68.7,25.0,Individual,5,High Risk,Manual Review
106226154,32000.0, 36 months,16.99,D,D1,3 years,OWN,83000.0,Verified,credit_card,ID,34.7,1.0,660.0,664.0,0.0,90.2,25.0,Individual,5,High Risk,Manual Review
106794712,16000.0, 60 months,26.24,E,E5,10+ years,MORTGAGE,45000.0,Source Verified,debt_consolidation,KY,30.56,0.0,665.0,669.0,2.0,92.5,36.0,Individual,6,High Risk,Manual Review
106487151,10000.0, 36 months,24.74,E,E3,1 year,RENT,40000.0,Not Verified,debt_consolidation,NY,30.94,1.0,700.0,704.0,0.0,14.0,13.0,Individual,6,High Risk,Manual Review
105956559,9800.0, 36 months,23.99,E,E2,10+ years,MORTGAGE,58000.0,Source Verified,debt_consolidation,NY,33.66,1.0,675.0,679.0,0.0,66.3,26.0,Individual,6,High Risk,Manual Review
104613174,16000.0, 60 months,26.24,E,E5,10+ years,OWN,48568.0,Source Verified,credit_card,TX,34.91,0.0,685.0,689.0,0.0,83.1,35.0,Individual,6,High Risk,Manual Review
103638122,25000.0, 60 months,30.74,F,F5,3 years,RENT,72000.0,Source Verified,debt_consolidation,GA,30.15,0.0,690.0,694.0,0.0,48.2,20.0,Individual,5,High Risk,Manual Review
106520739,27625.0, 36 months,22.74,E,E1,10+ years,MORTGAGE,82000.0,Not Verified,home_improvement,PA,34.48,0.0,685.0,689.0,0.0,72.4,27.0,Individual,5,High Risk,Manual Review
105995265,13100.0, 36 months,22.74,E,E1,3 years,RENT,50000.0,Source Verified,debt_consolidation,ID,30.6,3.0,680.0,684.0,0.0,68.0,23.0,Individual,6,High Risk,Manual Review
106470182,4000.0, 36 months,23.99,E,E2,1 year,RENT,33000.0,Source Verified,credit_card,CA,31.96,0.0,660.0,664.0,4.0,50.8,11.0,Individual,5,High Risk,Manual Review
105783848,17450.0, 60 months,29.49,F,F2,10+ years,MORTGAGE,50907.37,Verified,debt_consolidation,TN,31.09,0.0,675.0,679.0,0.0,74.0,26.0,Individual,5,High Risk,Manual Review
105678537,14125.0, 60 months,28.69,F,F1,10+ years,MORTGAGE,51000.0,Verified,debt_consolidation,VA,41.68,2.0,665.0,669.0,0.0,81.4,22.0,Joint App,7,High Risk,Manual Review
105577397,40000.0, 60 months,30.99,G,G5,6 years,MORTGAGE,105757.0,Verified,debt_consolidation,AZ,34.89,0.0,710.0,714.0,0.0,60.7,27.0,Individual,5,High Risk,Manual Review
105937418,40000.0, 60 months,26.24,E,E5,3 years,MORTGAGE,152515.0,Verified,debt_consolidation,TX,32.54,0.0,710.0,714.0,0.0,74.8,41.0,Individual,5,High Risk,Manual Review
106065602,10000.0, 60 months,22.74,E,E1,3 years,RENT,59000.0,Source Verified,debt_consolidation,TX,19.45,3.0,660.0,664.0,0.0,83.6,13.0,Individual,5,High Risk,Manual Review
104895594,19350.0, 36 months,23.99,E,E2,< 1 year,MORTGAGE,15000.0,Verified,major_purchase,NY,86.48,0.0,690.0,694.0,0.0,47.3,13.0,Joint App,5,High Risk,Manual Review
106165284,30700.0, 36 months,23.99,E,E2,3 years,MORTGAGE,78000.0,Verified,debt_consolidation,IN,31.54,0.0,720.0,724.0,3.0,20.0,22.0,Individual,5,High Risk,Manual Review
106493200,13125.0, 60 months,25.49,E,E4,10+ years,MORTGAGE,41000.0,Source Verified,debt_consolidation,NJ,34.98,0.0,685.0,689.0,0.0,56.0,43.0,Individual,5,High Risk,Manual Review
106788812,12000.0, 36 months,22.74,E,E1,1 year,MORTGAGE,65000.0,Not Verified,debt_consolidation,MA,33.41,0.0,675.0,679.0,0.0,32.0,45.0,Individual,5,High Risk,Manual Review
104281557,20000.0, 60 months,30.49,F,F4,10+ years,MORTGAGE,72720.0,Source Verified,debt_consolidation,CO,30.59,0.0,690.0,694.0,0.0,55.9,34.0,Individual,5,High Risk,Manual Review
106185671,12000.0, 60 months,23.99,E,E2,1 year,RENT,50000.0,Source Verified,debt_consolidation,WI,32.07,0.0,710.0,714.0,0.0,67.7,29.0,Individual,5,High Risk,Manual Review
103748135,30000.0, 60 months,23.99,E,E2,7 years,MORTGAGE,68984.0,Verified,home_improvement,IN,31.94,0.0,740.0,744.0,0.0,79.1,34.0,Individual,5,High Risk,Manual Review
106671316,5000.0, 36 months,24.74,E,E3,10+ years,RENT,78703.0,Source Verified,medical,MD,31.95,0.0,765.0,769.0,1.0,6.1,17.0,Individual,5,High Risk,Manual Review
105011310,7625.0, 36 months,22.74,E,E1,8 years,RENT,55000.0,Verified,debt_consolidation,KY,33.25,0.0,685.0,689.0,0.0,67.8,22.0,Individual,5,High Risk,Manual Review
106216113,12000.0, 60 months,26.24,E,E5,10+ years,MORTGAGE,53083.0,Not Verified,debt_consolidation,AR,20.62,1.0,665.0,669.0,1.0,89.4,19.0,Individual,5,High Risk,Manual Review
106661440,18500.0, 60 months,23.99,E,E2,10+ years,MORTGAGE,70000.0,Verified,debt_consolidation,OH,32.37,1.0,690.0,694.0,0.0,48.8,35.0,Individual,6,High Risk,Manual Review
104492503,18000.0, 60 months,26.24,E,E5,2 years,RENT,45000.0,Verified,other,TN,31.07,0.0,690.0,694.0,0.0,53.4,23.0,Individual,5,High Risk,Manual Review
104845166,10800.0, 36 months,22.74,E,E1,1 year,RENT,30000.0,Verified,debt_consolidation,NV,31.84,0.0,695.0,699.0,0.0,93.9,8.0,Individual,6,High Risk,Manual Review
105852811,27975.0, 60 months,22.74,E,E1,10+ years,RENT,62129.0,Not Verified,debt_consolidation,MD,32.68,0.0,745.0,749.0,0.0,31.3,13.0,Individual,5,High Risk,Manual Review
106711322,3000.0, 36 months,25.49,E,E4,< 1 year,RENT,30000.0,Verified,debt_consolidation,AL,33.72,0.0,665.0,669.0,0.0,93.1,20.0,Individual,6,High Risk,Manual Review
105112260,14000.0, 60 months,30.74,F,F5,3 years,RENT,40000.0,Source Verified,debt_consolidation,UT,33.45,0.0,680.0,684.0,0.0,47.5,20.0,Individual,5,High Risk,Manual Review
104613084,18725.0, 60 months,29.49,F,F2,10+ years,MORTGAGE,52000.0,Verified,debt_consolidation,MO,33.63,0.0,685.0,689.0,0.0,87.0,21.0,Individual,6,High Risk,Manual Review
104473536,11975.0, 60 months,29.99,F,F3,1 year,OWN,33280.0,Source Verified,home_improvement,OK,30.18,0.0,665.0,669.0,0.0,91.3,15.0,Individual,6,High Risk,Manual Review
104896525,30000.0, 60 months,22.74,E,E1,6 years,MORTGAGE,62000.0,Verified,credit_card,DE,39.14,0.0,685.0,689.0,0.0,89.1,28.0,Joint App,6,High Risk,Manual Review
104319529,20075.0, 60 months,23.99,E,E2,1 year,MORTGAGE,43680.0,Not Verified,debt_consolidation,MN,34.66,0.0,690.0,694.0,0.0,59.2,11.0,Individual,5,High Risk,Manual Review
106165555,11975.0, 60 months,29.49,F,F2,2 years,MORTGAGE,50000.0,Source Verified,debt_consolidation,OH,34.79,0.0,665.0,669.0,0.0,74.1,23.0,Individual,5,High Risk,Manual Review
106203606,15600.0, 60 months,29.99,F,F3,5 years,RENT,47500.0,Verified,other,ND,33.5,0.0,660.0,664.0,2.0,48.0,36.0,Individual,5,High Risk,Manual Review
106456384,12600.0, 60 months,22.74,E,E1,,RENT,30000.0,Not Verified,credit_card,CA,30.64,0.0,665.0,669.0,2.0,68.5,47.0,Individual,5,High Risk,Manual Review
105284068,20400.0, 60 months,25.49,E,E4,10+ years,OWN,80000.0,Source Verified,house,TX,34.01,0.0,670.0,674.0,0.0,54.6,39.0,Individual,5,High Risk,Manual Review
104160482,21150.0, 60 months,17.99,D,D2,,MORTGAGE,75000.0,Verified,credit_card,KY,31.52,1.0,670.0,674.0,1.0,99.0,21.0,Individual,5,High Risk,Manual Review
105940389,30000.0, 60 months,28.69,F,F1,9 years,MORTGAGE,38000.0,Verified,debt_consolidation,MS,50.95,0.0,700.0,704.0,1.0,44.9,24.0,Joint App,5,High Risk,Manual Review
106346652,12000.0, 36 months,25.49,E,E4,3 years,MORTGAGE,70000.0,Source Verified,debt_consolidation,FL,31.44,0.0,660.0,664.0,0.0,60.6,29.0,Individual,5,High Risk,Manual Review
106197151,31225.0, 60 months,22.74,E,E1,,MORTGAGE,40000.0,Verified,home_improvement,TX,32.88,0.0,690.0,694.0,0.0,56.0,13.0,Joint App,5,High Risk,Manual Review
105936162,40000.0, 60 months,22.74,E,E1,10+ years,MORTGAGE,72000.0,Verified,debt_consolidation,LA,46.73,0.0,720.0,724.0,0.0,95.6,19.0,Joint App,6,High Risk,Manual Review
104958112,30000.0, 36 months,30.49,F,F4,10+ years,OWN,114075.0,Source Verified,credit_card,OK,30.76,0.0,690.0,694.0,4.0,58.7,47.0,Individual,5,High Risk,Manual Review
106489045,32000.0, 36 months,30.79,G,G1,9 years,OWN,80000.0,Verified,house,AL,32.73,1.0,675.0,679.0,1.0,31.6,77.0,Individual,6,High Risk,Manual Review
104601499,3425.0, 36 months,23.99,E,E2,,RENT,9540.0,Not Verified,credit_card,IL,31.7,0.0,675.0,679.0,1.0,42.4,12.0,Individual,5,High Risk,Manual Review
105673237,24000.0, 60 months,30.84,G,G2,5 years,MORTGAGE,45000.0,Source Verified,debt_consolidation,MI,49.15,0.0,675.0,679.0,2.0,82.8,51.0,Joint App,6,High Risk,Manual Review
104601154,17375.0, 60 months,24.74,E,E3,10+ years,MORTGAGE,71177.6,Verified,debt_consolidation,AL,34.83,0.0,665.0,669.0,1.0,59.0,26.0,Individual,5,High Risk,Manual Review
105955377,5000.0, 36 months,19.99,D,D4,10+ years,OWN,53000.0,Not Verified,debt_consolidation,NJ,31.95,5.0,675.0,679.0,0.0,90.2,25.0,Individual,5,High Risk,Manual Review
105709739,18000.0, 60 months,22.74,E,E1,1 year,MORTGAGE,96000.0,Not Verified,home_improvement,NJ,34.77,0.0,685.0,689.0,0.0,73.7,28.0,Individual,5,High Risk,Manual Review
106327172,10200.0, 36 months,23.99,E,E2,10+ years,MORTGAGE,76000.0,Verified,debt_consolidation,VT,15.92,2.0,660.0,664.0,2.0,88.5,31.0,Individual,5,High Risk,Manual Review
104323570,7200.0, 36 months,22.74,E,E1,< 1 year,RENT,25000.0,Verified,moving,MN,31.73,2.0,660.0,664.0,2.0,98.5,28.0,Individual,7,High Risk,Manual Review
105676644,12600.0, 60 months,30.49,F,F4,4 years,MORTGAGE,35000.0,Source Verified,debt_consolidation,SC,32.89,0.0,730.0,734.0,0.0,44.1,12.0,Individual,5,High Risk,Manual Review
105689811,13500.0, 60 months,30.74,F,F5,10+ years,RENT,53100.0,Verified,debt_consolidation,WI,30.03,0.0,660.0,664.0,3.0,77.0,25.0,Individual,5,High Risk,Manual Review
102246029,5000.0, 36 months,22.74,E,E1,10+ years,MORTGAGE,138000.0,Source Verified,credit_card,CA,20.93,1.0,680.0,684.0,1.0,86.4,26.0,Individual,5,High Risk,Manual Review
106378367,20575.0, 60 months,29.49,F,F2,9 years,MORTGAGE,90000.0,Verified,credit_card,MD,34.36,0.0,660.0,664.0,3.0,34.9,72.0,Individual,5,High Risk,Manual Review
104335721,12700.0, 36 months,22.74,E,E1,,MORTGAGE,3000.0,Verified,debt_consolidation,GA,208.92,0.0,665.0,669.0,0.0,89.0,15.0,Joint App,6,High Risk,Manual Review
105945014,10500.0, 60 months,30.99,G,G5,9 years,MORTGAGE,60000.0,Source Verified,debt_consolidation,MD,30.04,3.0,660.0,664.0,0.0,75.2,13.0,Individual,6,High Risk,Manual Review
106286986,12000.0, 60 months,22.74,E,E1,< 1 year,MORTGAGE,61000.0,Not Verified,debt_consolidation,TX,30.43,0.0,720.0,724.0,1.0,30.5,18.0,Individual,5,High Risk,Manual Review
105832985,16000.0, 60 months,23.99,E,E2,5 years,MORTGAGE,70000.0,Source Verified,debt_consolidation,NY,33.4,0.0,660.0,664.0,0.0,51.3,47.0,Individual,5,High Risk,Manual Review
105832217,22950.0, 60 months,29.99,F,F3,< 1 year,RENT,60000.0,Verified,debt_consolidation,NE,32.51,0.0,705.0,709.0,2.0,38.8,29.0,Individual,5,High Risk,Manual Review
104311649,19200.0, 60 months,23.99,E,E2,2 years,RENT,10000.0,Source Verified,debt_consolidation,RI,131.81,0.0,680.0,684.0,0.0,54.7,21.0,Joint App,5,High Risk,Manual Review
104626728,38000.0, 60 months,22.74,E,E1,1 year,MORTGAGE,190000.0,Source Verified,debt_consolidation,OH,31.31,0.0,725.0,729.0,1.0,50.4,37.0,Individual,5,High Risk,Manual Review
105793140,25000.0, 36 months,22.74,E,E1,5 years,RENT,75000.0,Source Verified,debt_consolidation,FL,30.55,0.0,675.0,679.0,0.0,36.3,19.0,Individual,5,High Risk,Manual Review
104016009,12350.0, 36 months,23.99,E,E2,,RENT,55000.0,Verified,debt_consolidation,CT,34.17,1.0,665.0,669.0,3.0,63.0,42.0,Individual,6,High Risk,Manual Review
105597238,32000.0, 60 months,29.99,F,F3,10+ years,MORTGAGE,125000.0,Source Verified,debt_consolidation,MN,34.97,0.0,690.0,694.0,0.0,100.6,29.0,Individual,6,High Risk,Manual Review
106203564,12000.0, 60 months,16.99,D,D1,,MORTGAGE,65000.0,Verified,debt_consolidation,PA,32.35,2.0,665.0,669.0,1.0,91.1,23.0,Individual,5,High Risk,Manual Review
105939148,15000.0, 60 months,6.0,E,E4,10+ years,MORTGAGE,60000.0,Not Verified,debt_consolidation,NC,33.46,1.0,715.0,719.0,2.0,28.7,32.0,Individual,5,High Risk,Manual Review
105669701,9600.0, 36 months,26.24,E,E5,6 years,RENT,72000.0,Verified,vacation,CA,31.04,0.0,690.0,694.0,1.0,41.4,38.0,Joint App,5,High Risk,Manual Review
106061727,12000.0, 60 months,29.99,F,F3,5 years,MORTGAGE,65000.0,Source Verified,home_improvement,FL,25.37,1.0,670.0,674.0,0.0,82.8,26.0,Individual,5,High Risk,Manual Review
105721762,14100.0, 60 months,30.89,G,G3,10+ years,MORTGAGE,42000.0,Source Verified,debt_consolidation,NJ,32.77,0.0,665.0,669.0,0.0,76.7,12.0,Individual,5,High Risk,Manual Review
105823004,30000.0, 60 months,28.69,F,F1,3 years,OWN,91000.0,Verified,debt_consolidation,AZ,32.3,1.0,665.0,669.0,0.0,56.3,33.0,Individual,6,High Risk,Manual Review
105937131,12000.0, 36 months,23.99,E,E2,4 years,RENT,30000.0,Source Verified,debt_consolidation,IL,34.84,0.0,675.0,679.0,1.0,41.3,20.0,Individual,5,High Risk,Manual Review
106491193,3000.0, 36 months,29.49,F,F2,1 year,MORTGAGE,62000.0,Not Verified,debt_consolidation,NY,22.01,2.0,670.0,674.0,3.0,89.0,17.0,Individual,5,High Risk,Manual Review
105153612,35000.0, 60 months,22.74,E,E1,,RENT,18720.0,Verified,debt_consolidation,CA,86.97,0.0,685.0,689.0,1.0,97.9,22.0,Joint App,6,High Risk,Manual Review
105781708,8000.0, 36 months,29.49,F,F2,,MORTGAGE,34850.0,Verified,debt_consolidation,NY,31.77,0.0,670.0,674.0,0.0,66.3,19.0,Individual,5,High Risk,Manual Review
105762090,21000.0, 36 months,22.74,E,E1,10+ years,OWN,68000.0,Source Verified,debt_consolidation,NE,31.27,1.0,675.0,679.0,0.0,46.4,20.0,Individual,6,High Risk,Manual Review
106296243,30000.0, 60 months,28.69,F,F1,1 year,MORTGAGE,132000.0,Source Verified,home_improvement,MD,20.29,2.0,660.0,664.0,1.0,80.6,29.0,Individual,5,High Risk,Manual Review
105699379,14400.0, 60 months,28.69,F,F1,9 years,MORTGAGE,40000.0,Source Verified,debt_consolidation,VA,6.81,1.0,670.0,674.0,1.0,91.9,10.0,Individual,5,High Risk,Manual Review
105537247,30000.0, 60 months,26.24,E,E5,6 years,MORTGAGE,60500.0,Source Verified,other,PA,30.45,1.0,660.0,664.0,0.0,74.4,27.0,Joint App,6,High Risk,Manual Review
105938283,21000.0, 60 months,22.74,E,E1,10+ years,OWN,48000.0,Not Verified,credit_card,CO,30.1,0.0,690.0,694.0,1.0,43.1,16.0,Individual,5,High Risk,Manual Review
105670500,15000.0, 60 months,28.69,F,F1,10+ years,RENT,30000.0,Not Verified,debt_consolidation,NY,34.76,0.0,725.0,729.0,0.0,62.8,14.0,Joint App,5,High Risk,Manual Review
79141259,3600.0, 36 months,23.99,E,E2,10+ years,RENT,84400.0,Verified,other,NC,34.79,0.0,680.0,684.0,0.0,53.6,34.0,Individual,5,High Risk,Manual Review
104321974,24000.0, 60 months,23.99,E,E2,10+ years,MORTGAGE,76000.0,Source Verified,debt_consolidation,CA,24.44,2.0,700.0,704.0,0.0,89.0,21.0,Joint App,5,High Risk,Manual Review
106386347,24825.0, 60 months,23.99,E,E2,10+ years,OWN,93755.94,Not Verified,medical,VA,34.84,0.0,700.0,704.0,0.0,92.7,32.0,Individual,6,High Risk,Manual Review
105537297,15000.0, 60 months,30.74,F,F5,3 years,MORTGAGE,60100.0,Verified,debt_consolidation,OH,34.6,0.0,705.0,709.0,1.0,40.0,27.0,Individual,5,High Risk,Manual Review
105944782,19200.0, 60 months,26.24,E,E5,,MORTGAGE,31000.0,Verified,debt_consolidation,AZ,32.52,0.0,700.0,704.0,1.0,54.9,21.0,Joint App,5,High Risk,Manual Review
105934589,20000.0, 60 months,30.99,G,G5,5 years,MORTGAGE,120000.0,Source Verified,debt_consolidation,FL,33.43,0.0,705.0,709.0,3.0,20.1,30.0,Individual,5,High Risk,Manual Review
105597386,15725.0, 60 months,25.49,E,E4,10+ years,MORTGAGE,72000.0,Source Verified,home_improvement,PA,32.42,0.0,660.0,664.0,0.0,59.1,37.0,Individual,5,High Risk,Manual Review
105547272,10000.0, 36 months,22.74,E,E1,3 years,RENT,60000.0,Source Verified,debt_consolidation,WI,30.34,0.0,675.0,679.0,0.0,61.3,13.0,Individual,5,High Risk,Manual Review
106209737,15000.0, 36 months,24.74,E,E3,,MORTGAGE,45000.0,Verified,other,PA,21.53,3.0,665.0,669.0,0.0,80.2,15.0,Individual,5,High Risk,Manual Review
105012119,3000.0, 36 months,24.74,E,E3,3 years,RENT,48000.0,Verified,moving,MN,16.85,1.0,660.0,664.0,1.0,83.9,13.0,Individual,5,High Risk,Manual Review
105934672,9500.0, 36 months,25.49,E,E4,< 1 year,RENT,28000.0,Source Verified,debt_consolidation,TX,34.55,1.0,660.0,664.0,0.0,72.0,15.0,Individual,6,High Risk,Manual Review
105416081,32000.0, 60 months,26.24,E,E5,10+ years,MORTGAGE,86000.0,Verified,debt_consolidation,MI,38.07,1.0,675.0,679.0,1.0,70.5,28.0,Joint App,6,High Risk,Manual Review
105673106,28000.0, 60 months,30.49,F,F4,10+ years,MORTGAGE,90000.0,Source Verified,debt_consolidation,MD,31.06,0.0,695.0,699.0,3.0,44.7,36.0,Individual,5,High Risk,Manual Review
102319177,25000.0, 36 months,22.74,E,E1,5 years,RENT,40000.0,Verified,debt_consolidation,CA,57.91,0.0,680.0,684.0,0.0,97.4,17.0,Joint App,6,High Risk,Manual Review
104131723,16000.0, 36 months,23.99,E,E2,10+ years,MORTGAGE,98000.0,Verified,debt_consolidation,OK,20.01,1.0,690.0,694.0,0.0,83.5,15.0,Individual,5,High Risk,Manual Review
104412170,28675.0, 60 months,28.69,F,F1,9 years,MORTGAGE,110000.0,Verified,debt_consolidation,NC,30.85,0.0,735.0,739.0,3.0,43.8,40.0,Individual,5,High Risk,Manual Review
102126399,6600.0, 36 months,24.74,E,E3,10+ years,RENT,33000.0,Verified,other,NM,30.11,0.0,700.0,704.0,3.0,49.7,49.0,Individual,5,High Risk,Manual Review
105091367,20000.0, 36 months,22.74,E,E1,10+ years,MORTGAGE,40000.0,Source Verified,small_business,GA,32.28,0.0,685.0,689.0,0.0,8.0,10.0,Individual,5,High Risk,Manual Review
105414732,10000.0, 36 months,26.24,E,E5,6 years,MORTGAGE,34944.0,Verified,debt_consolidation,MO,31.08,0.0,675.0,679.0,0.0,68.6,25.0,Individual,5,High Risk,Manual Review
105162485,35000.0, 60 months,28.69,F,F1,1 year,OWN,160000.0,Source Verified,debt_consolidation,AL,30.86,0.0,680.0,684.0,0.0,70.1,35.0,Individual,5,High Risk,Manual Review
104180451,23850.0, 36 months,22.74,E,E1,10+ years,RENT,53000.0,Verified,debt_consolidation,IL,32.84,0.0,690.0,694.0,0.0,64.0,20.0,Individual,5,High Risk,Manual Review
106136154,9600.0, 36 months,23.99,E,E2,10+ years,MORTGAGE,65000.0,Not Verified,home_improvement,CA,34.51,0.0,680.0,684.0,0.0,36.9,47.0,Individual,5,High Risk,Manual Review
105527222,6450.0, 36 months,25.49,E,E4,6 years,MORTGAGE,86000.0,Source Verified,debt_consolidation,AL,30.56,0.0,670.0,674.0,0.0,88.9,38.0,Individual,6,High Risk,Manual Review
106126138,20000.0, 60 months,25.49,E,E4,4 years,RENT,60000.0,Not Verified,major_purchase,FL,30.68,0.0,695.0,699.0,0.0,50.5,14.0,Individual,5,High Risk,Manual Review
103480991,16800.0, 60 months,23.99,E,E2,3 years,MORTGAGE,20000.0,Verified,credit_card,CO,72.87,0.0,665.0,669.0,0.0,86.0,22.0,Joint App,6,High Risk,Manual Review
104603159,28000.0, 60 months,23.99,E,E2,10+ years,MORTGAGE,83000.0,Not Verified,debt_consolidation,WI,16.06,2.0,665.0,669.0,0.0,80.2,31.0,Individual,5,High Risk,Manual Review
104333734,16000.0, 36 months,30.79,G,G1,1 year,RENT,31600.0,Verified,debt_consolidation,MS,49.56,0.0,670.0,674.0,0.0,96.1,23.0,Joint App,6,High Risk,Manual Review
104571666,16800.0, 60 months,23.99,E,E2,6 years,RENT,60000.0,Source Verified,other,NY,32.12,0.0,695.0,699.0,1.0,45.9,61.0,Individual,5,High Risk,Manual Review
102676244,17850.0, 60 months,28.69,F,F1,9 years,OWN,45000.0,Source Verified,debt_consolidation,MI,31.15,0.0,670.0,674.0,0.0,86.4,10.0,Individual,6,High Risk,Manual Review
105597700,7750.0, 36 months,23.99,E,E2,4 years,MORTGAGE,35000.0,Source Verified,home_improvement,FL,34.02,0.0,675.0,679.0,1.0,31.3,33.0,Individual,5,High Risk,Manual Review
105313437,12000.0, 60 months,23.99,E,E2,3 years,RENT,77000.0,Verified,debt_consolidation,GA,33.44,3.0,665.0,669.0,0.0,25.7,21.0,Individual,6,High Risk,Manual Review
103744663,13600.0, 60 months,23.99,E,E2,4 years,RENT,38000.0,Not Verified,credit_card,NY,33.1,0.0,680.0,684.0,0.0,68.3,27.0,Individual,5,High Risk,Manual Review
105153528,19200.0, 60 months,30.94,G,G4,10+ years,RENT,60000.0,Not Verified,major_purchase,NY,33.75,0.0,715.0,719.0,4.0,30.2,56.0,Individual,5,High Risk,Manual Review
104320439,11000.0, 60 months,29.99,F,F3,1 year,RENT,35000.0,Source Verified,debt_consolidation,CA,31.24,0.0,725.0,729.0,0.0,11.3,12.0,Individual,5,High Risk,Manual Review
102674811,18000.0, 60 months,25.49,E,E4,2 years,RENT,53695.72,Source Verified,debt_consolidation,MN,34.62,0.0,700.0,704.0,1.0,64.3,20.0,Individual,5,High Risk,Manual Review
105740236,18000.0, 36 months,24.74,E,E3,2 years,MORTGAGE,43000.0,Source Verified,debt_consolidation,MI,33.1,0.0,675.0,679.0,0.0,55.2,22.0,Individual,5,High Risk,Manual Review
105163606,10500.0, 60 months,29.49,F,F2,10+ years,RENT,35000.0,Source Verified,debt_consolidation,MT,31.76,0.0,710.0,714.0,0.0,79.8,15.0,Individual,5,High Risk,Manual Review
105676796,7000.0, 36 months,22.74,E,E1,2 years,OWN,20000.0,Verified,home_improvement,NC,31.45,0.0,710.0,714.0,0.0,33.7,26.0,Individual,5,High Risk,Manual Review
104351379,10000.0, 36 months,30.89,G,G3,10+ years,MORTGAGE,50000.0,Source Verified,home_improvement,DE,31.81,0.0,685.0,689.0,1.0,94.1,23.0,Individual,6,High Risk,Manual Review
104632785,15100.0, 36 months,24.74,E,E3,< 1 year,RENT,37212.0,Source Verified,debt_consolidation,CA,33.18,0.0,670.0,674.0,0.0,67.5,17.0,Individual,5,High Risk,Manual Review
105647135,16000.0, 36 months,23.99,E,E2,1 year,RENT,55000.0,Verified,debt_consolidation,PA,33.62,0.0,670.0,674.0,0.0,59.0,19.0,Individual,5,High Risk,Manual Review
106058157,17225.0, 60 months,25.49,E,E4,2 years,OWN,74000.0,Not Verified,debt_consolidation,AZ,33.1,0.0,680.0,684.0,0.0,44.7,32.0,Individual,5,High Risk,Manual Review
105672197,10000.0, 36 months,22.74,E,E1,10+ years,RENT,103000.0,Source Verified,debt_consolidation,WI,32.31,2.0,665.0,669.0,1.0,83.3,25.0,Individual,7,High Risk,Manual Review
105675071,10000.0, 60 months,29.49,F,F2,10+ years,MORTGAGE,66000.0,Source Verified,other,GA,18.64,1.0,665.0,669.0,3.0,80.3,41.0,Individual,5,High Risk,Manual Review
105417102,30000.0, 60 months,29.49,F,F2,10+ years,RENT,115000.0,Verified,debt_consolidation,CA,15.31,1.0,665.0,669.0,0.0,82.9,27.0,Individual,5,High Risk,Manual Review
102567201,18000.0, 36 months,23.99,E,E2,10+ years,MORTGAGE,52000.0,Verified,debt_consolidation,NE,32.43,0.0,690.0,694.0,0.0,46.0,28.0,Individual,5,High Risk,Manual Review
105373474,36650.0, 36 months,22.74,E,E1,10+ years,MORTGAGE,100000.0,Verified,debt_consolidation,OR,31.69,0.0,690.0,694.0,2.0,50.9,49.0,Individual,5,High Risk,Manual Review
103208889,21000.0, 60 months,26.24,E,E5,2 years,RENT,36000.0,Verified,moving,LA,61.17,2.0,685.0,689.0,1.0,50.6,75.0,Joint App,6,High Risk,Manual Review
102667384,40000.0, 60 months,29.49,F,F2,1 year,MORTGAGE,108000.0,Verified,credit_card,TN,33.72,0.0,695.0,699.0,0.0,83.2,33.0,Individual,6,High Risk,Manual Review
104885507,15325.0, 60 months,22.74,E,E1,< 1 year,OWN,36500.0,Verified,debt_consolidation,NY,34.27,0.0,675.0,679.0,2.0,58.0,28.0,Individual,5,High Risk,Manual Review
105597312,2400.0, 36 months,23.99,E,E2,2 years,RENT,43264.0,Verified,debt_consolidation,OR,33.95,0.0,675.0,679.0,0.0,100.5,20.0,Individual,6,High Risk,Manual Review
105355830,21000.0, 60 months,30.99,G,G5,7 years,MORTGAGE,67400.0,Source Verified,credit_card,NV,30.59,0.0,680.0,684.0,0.0,82.0,36.0,Individual,6,High Risk,Manual Review
103507360,24000.0, 60 months,17.99,D,D2,7 years,MORTGAGE,60000.0,Verified,debt_consolidation,VA,32.54,2.0,670.0,674.0,0.0,92.0,12.0,Individual,5,High Risk,Manual Review
106005137,16000.0, 60 months,15.99,C,C5,7 years,MORTGAGE,125000.0,Not Verified,home_improvement,MO,34.31,1.0,670.0,674.0,0.0,88.2,25.0,Individual,5,High Risk,Manual Review
105975138,9350.0, 36 months,22.74,E,E1,10+ years,MORTGAGE,58000.0,Verified,debt_consolidation,IN,32.26,0.0,720.0,724.0,0.0,56.0,15.0,Individual,5,High Risk,Manual Review
105142083,30000.0, 60 months,23.99,E,E2,5 years,MORTGAGE,95000.0,Verified,debt_consolidation,SC,33.6,0.0,685.0,689.0,0.0,62.9,21.0,Individual,5,High Risk,Manual Review
104141710,19200.0, 60 months,30.49,F,F4,< 1 year,RENT,37000.0,Source Verified,debt_consolidation,FL,35.97,0.0,680.0,684.0,2.0,61.9,13.0,Joint App,5,High Risk,Manual Review
102744671,20000.0, 60 months,26.24,E,E5,10+ years,MORTGAGE,71000.0,Source Verified,credit_card,WI,31.34,0.0,705.0,709.0,0.0,93.9,21.0,Individual,6,High Risk,Manual Review
103740986,30000.0, 36 months,22.74,E,E1,3 years,MORTGAGE,76000.0,Source Verified,debt_consolidation,NY,37.46,0.0,670.0,674.0,0.0,77.9,44.0,Joint App,5,High Risk,Manual Review
104612994,10000.0, 36 months,22.74,E,E1,10+ years,RENT,40000.0,Not Verified,debt_consolidation,AR,34.68,0.0,690.0,694.0,1.0,49.5,21.0,Individual,5,High Risk,Manual Review
104956446,23850.0, 36 months,30.94,G,G4,6 years,MORTGAGE,82000.0,Verified,debt_consolidation,GA,30.66,0.0,670.0,674.0,3.0,38.1,42.0,Individual,5,High Risk,Manual Review
104632731,13000.0, 36 months,28.69,F,F1,< 1 year,RENT,26000.0,Verified,debt_consolidation,PA,30.75,0.0,680.0,684.0,1.0,67.5,21.0,Individual,5,High Risk,Manual Review
104834881,11200.0, 36 months,26.24,E,E5,< 1 year,MORTGAGE,37000.0,Source Verified,debt_consolidation,AL,30.2,0.0,660.0,664.0,0.0,31.2,31.0,Individual,5,High Risk,Manual Review
104029664,5000.0, 36 months,18.99,D,D3,,OWN,28692.0,Verified,debt_consolidation,MI,32.71,2.0,660.0,664.0,1.0,90.1,60.0,Individual,5,High Risk,Manual Review
105092075,29900.0, 36 months,22.74,E,E1,9 years,OWN,65000.0,Source Verified,debt_consolidation,TX,34.92,0.0,690.0,694.0,1.0,77.7,29.0,Individual,5,High Risk,Manual Review
104902936,6000.0, 36 months,23.99,E,E2,3 years,MORTGAGE,54000.0,Source Verified,debt_consolidation,TX,32.82,0.0,700.0,704.0,3.0,47.7,13.0,Individual,5,High Risk,Manual Review
105159979,35000.0, 36 months,23.99,E,E2,10+ years,MORTGAGE,100000.0,Source Verified,credit_card,OH,32.33,0.0,680.0,684.0,0.0,60.9,36.0,Individual,5,High Risk,Manual Review
104900052,21000.0, 60 months,29.49,F,F2,2 years,OWN,42000.0,Source Verified,debt_consolidation,MI,34.87,0.0,710.0,714.0,0.0,21.2,30.0,Individual,5,High Risk,Manual Review
105617941,15000.0, 60 months,25.49,E,E4,4 years,RENT,54000.0,Source Verified,debt_consolidation,VA,33.16,0.0,690.0,694.0,1.0,78.3,48.0,Individual,5,High Risk,Manual Review
104345861,35000.0, 60 months,26.24,E,E5,5 years,RENT,60000.0,Verified,debt_consolidation,CO,41.06,0.0,690.0,694.0,0.0,94.1,44.0,Joint App,6,High Risk,Manual Review
105160638,12400.0, 60 months,30.49,F,F4,5 years,OWN,48000.0,Verified,debt_consolidation,CA,34.85,0.0,675.0,679.0,1.0,76.1,10.0,Individual,5,High Risk,Manual Review
105153876,16000.0, 60 months,23.99,E,E2,7 years,OWN,48000.0,Source Verified,credit_card,AR,33.48,0.0,680.0,684.0,2.0,51.3,37.0,Individual,5,High Risk,Manual Review
105082040,17550.0, 60 months,30.74,F,F5,10+ years,RENT,68000.0,Verified,debt_consolidation,CA,32.83,0.0,665.0,669.0,3.0,68.0,30.0,Individual,5,High Risk,Manual Review
105022729,3500.0, 36 months,26.24,E,E5,10+ years,RENT,55000.0,Source Verified,debt_consolidation,WI,34.74,0.0,740.0,744.0,2.0,22.4,36.0,Individual,5,High Risk,Manual Review
104824187,23000.0, 36 months,25.49,E,E4,10+ years,MORTGAGE,53000.0,Source Verified,debt_consolidation,FL,32.79,0.0,680.0,684.0,1.0,65.4,31.0,Individual,5,High Risk,Manual Review
105393190,20000.0, 60 months,25.49,E,E4,3 years,MORTGAGE,70000.0,Verified,debt_consolidation,CA,34.99,0.0,665.0,669.0,0.0,80.5,25.0,Individual,6,High Risk,Manual Review
104132956,15000.0, 36 months,22.74,E,E1,7 years,RENT,29013.21,Verified,debt_consolidation,LA,45.55,0.0,675.0,679.0,2.0,62.0,15.0,Joint App,5,High Risk,Manual Review
105721740,35000.0, 60 months,23.99,E,E2,< 1 year,RENT,145600.0,Verified,debt_consolidation,CA,19.53,1.0,675.0,679.0,0.0,91.2,26.0,Individual,5,High Risk,Manual Review
105781744,30000.0, 60 months,22.74,E,E1,9 years,MORTGAGE,61778.0,Source Verified,debt_consolidation,ND,34.1,0.0,680.0,684.0,0.0,74.2,24.0,Joint App,5,High Risk,Manual Review
105771661,22000.0, 60 months,26.24,E,E5,3 years,MORTGAGE,157500.0,Verified,debt_consolidation,FL,23.86,1.0,680.0,684.0,0.0,93.7,16.0,Individual,5,High Risk,Manual Review
105783683,12000.0, 60 months,29.99,F,F3,10+ years,MORTGAGE,38000.0,Not Verified,home_improvement,MI,31.9,0.0,745.0,749.0,5.0,7.3,36.0,Individual,5,High Risk,Manual Review
105153902,5000.0, 36 months,28.69,F,F1,10+ years,MORTGAGE,75000.0,Source Verified,vacation,FL,31.33,0.0,685.0,689.0,0.0,83.0,24.0,Individual,6,High Risk,Manual Review
104306715,32000.0, 36 months,28.69,F,F1,3 years,RENT,30000.0,Verified,debt_consolidation,MI,47.4,0.0,715.0,719.0,0.0,40.2,18.0,Joint App,5,High Risk,Manual Review
104202594,18225.0, 60 months,22.74,E,E1,3 years,RENT,72186.0,Verified,debt_consolidation,CA,32.19,1.0,675.0,679.0,0.0,28.9,26.0,Individual,6,High Risk,Manual Review
103739266,24000.0, 60 months,30.49,F,F4,,MORTGAGE,40000.0,Verified,debt_consolidation,FL,35.85,0.0,795.0,799.0,0.0,4.8,27.0,Joint App,5,High Risk,Manual Review
105934846,11250.0, 36 months,24.74,E,E3,,MORTGAGE,48000.0,Not Verified,home_improvement,CO,31.58,1.0,685.0,689.0,1.0,30.0,40.0,Individual,6,High Risk,Manual Review
105894732,33525.0, 36 months,28.69,F,F1,10+ years,MORTGAGE,117142.0,Not Verified,home_improvement,FL,33.1,0.0,700.0,704.0,0.0,94.2,17.0,Individual,6,High Risk,Manual Review
104921780,10500.0, 60 months,26.24,E,E5,3 years,RENT,30000.0,Verified,debt_consolidation,OR,34.52,0.0,670.0,674.0,0.0,82.0,15.0,Individual,6,High Risk,Manual Review
105122106,6925.0, 36 months,25.49,E,E4,< 1 year,RENT,20400.0,Source Verified,debt_consolidation,WI,34.82,0.0,660.0,664.0,3.0,53.9,15.0,Individual,5,High Risk,Manual Review
104958125,35000.0, 60 months,23.99,E,E2,8 years,MORTGAGE,93500.0,Source Verified,debt_consolidation,SC,34.27,0.0,680.0,684.0,1.0,83.7,36.0,Individual,6,High Risk,Manual Review
102514701,7500.0, 36 months,29.99,F,F3,< 1 year,MORTGAGE,32000.0,Source Verified,credit_card,MA,34.48,0.0,695.0,699.0,0.0,49.4,17.0,Individual,5,High Risk,Manual Review
104243840,28600.0, 60 months,26.24,E,E5,,MORTGAGE,55000.0,Verified,debt_consolidation,IL,31.84,0.0,665.0,669.0,0.0,80.9,28.0,Joint App,6,High Risk,Manual Review
102455056,35000.0, 60 months,22.74,E,E1,1 year,RENT,105000.0,Source Verified,debt_consolidation,NY,8.94,1.0,675.0,679.0,0.0,94.0,13.0,Individual,5,High Risk,Manual Review
104633139,2400.0, 36 months,24.74,E,E3,10+ years,RENT,32900.0,Not Verified,major_purchase,NC,34.44,0.0,665.0,669.0,0.0,25.3,40.0,Individual,5,High Risk,Manual Review
104896008,20000.0, 60 months,30.74,F,F5,10+ years,RENT,77000.0,Source Verified,debt_consolidation,NY,31.7,0.0,705.0,709.0,0.0,56.3,34.0,Individual,5,High Risk,Manual Review
103771959,9900.0, 36 months,22.74,E,E1,10+ years,RENT,48000.0,Verified,debt_consolidation,OH,34.48,2.0,675.0,679.0,2.0,76.0,11.0,Individual,6,High Risk,Manual Review
104764328,20700.0, 60 months,23.99,E,E2,10+ years,MORTGAGE,128000.0,Verified,debt_consolidation,MD,33.2,0.0,710.0,714.0,0.0,77.1,35.0,Individual,5,High Risk,Manual Review
105101722,11800.0, 36 months,26.24,E,E5,3 years,MORTGAGE,29500.0,Verified,debt_consolidation,MO,32.22,0.0,695.0,699.0,0.0,63.3,18.0,Individual,5,High Risk,Manual Review
105152358,20000.0, 60 months,16.99,D,D1,10+ years,MORTGAGE,186000.0,Not Verified,debt_consolidation,VA,31.84,1.0,715.0,719.0,1.0,97.7,14.0,Individual,5,High Risk,Manual Review
104897730,18000.0, 60 months,30.74,F,F5,2 years,RENT,42000.0,Verified,debt_consolidation,CA,30.49,0.0,665.0,669.0,0.0,73.5,25.0,Individual,5,High Risk,Manual Review
104602137,13300.0, 60 months,28.69,F,F1,1 year,MORTGAGE,41600.0,Verified,debt_consolidation,MN,30.32,0.0,665.0,669.0,0.0,79.6,22.0,Individual,5,High Risk,Manual Review
104895905,32000.0, 60 months,22.74,E,E1,8 years,MORTGAGE,91000.0,Source Verified,debt_consolidation,TX,33.93,0.0,680.0,684.0,1.0,52.6,46.0,Joint App,5,High Risk,Manual Review
104345499,28000.0, 36 months,29.99,F,F3,10+ years,RENT,41000.0,Verified,debt_consolidation,CA,42.07,0.0,670.0,674.0,0.0,57.4,26.0,Joint App,5,High Risk,Manual Review
105154244,20000.0, 60 months,23.99,E,E2,3 years,RENT,75000.0,Source Verified,debt_consolidation,FL,28.53,1.0,675.0,679.0,0.0,92.2,43.0,Individual,5,High Risk,Manual Review
105416724,19200.0, 60 months,30.49,F,F4,10+ years,RENT,65000.0,Not Verified,debt_consolidation,TX,33.03,0.0,680.0,684.0,0.0,60.0,27.0,Individual,5,High Risk,Manual Review
104756990,6000.0, 36 months,26.24,E,E5,1 year,MORTGAGE,50000.0,Verified,home_improvement,PA,30.6,1.0,680.0,684.0,3.0,32.5,49.0,Individual,6,High Risk,Manual Review
105111339,16000.0, 60 months,28.69,F,F1,3 years,RENT,50000.0,Source Verified,credit_card,KS,33.27,0.0,700.0,704.0,0.0,49.2,26.0,Individual,5,High Risk,Manual Review
102656932,24000.0, 36 months,24.74,E,E3,5 years,MORTGAGE,48000.0,Verified,credit_card,VA,40.1,0.0,690.0,694.0,1.0,63.2,19.0,Joint App,5,High Risk,Manual Review
105131569,33825.0, 60 months,23.99,E,E2,10+ years,MORTGAGE,48000.0,Verified,debt_consolidation,MN,49.08,1.0,675.0,679.0,1.0,51.5,13.0,Joint App,6,High Risk,Manual Review
104835300,12000.0, 60 months,30.49,F,F4,10+ years,MORTGAGE,138000.0,Source Verified,debt_consolidation,CA,30.55,0.0,725.0,729.0,2.0,39.7,26.0,Individual,5,High Risk,Manual Review
104250698,14200.0, 36 months,24.74,E,E3,,RENT,36540.0,Verified,debt_consolidation,CA,34.09,0.0,705.0,709.0,0.0,51.8,25.0,Individual,5,High Risk,Manual Review
105151117,40000.0, 60 months,23.99,E,E2,7 years,MORTGAGE,56000.0,Verified,debt_consolidation,TX,36.41,0.0,705.0,709.0,0.0,51.2,14.0,Joint App,5,High Risk,Manual Review
104971604,12000.0, 60 months,28.69,F,F1,10+ years,OWN,41000.0,Source Verified,debt_consolidation,TN,34.11,10.0,660.0,664.0,2.0,20.8,31.0,Individual,6,High Risk,Manual Review
103608883,12000.0, 60 months,22.74,E,E1,4 years,MORTGAGE,50000.0,Not Verified,debt_consolidation,MO,33.15,1.0,705.0,709.0,0.0,31.4,44.0,Individual,6,High Risk,Manual Review
104338476,35000.0, 60 months,18.99,D,D3,10+ years,MORTGAGE,75000.0,Verified,debt_consolidation,MD,46.24,1.0,675.0,679.0,0.0,95.7,35.0,Joint App,5,High Risk,Manual Review
104511150,10000.0, 60 months,23.99,E,E2,10+ years,OWN,30452.0,Verified,debt_consolidation,AZ,30.78,0.0,665.0,669.0,0.0,44.6,29.0,Individual,5,High Risk,Manual Review
104581442,3175.0, 36 months,23.99,E,E2,10+ years,OWN,57760.0,Verified,other,CT,33.72,0.0,700.0,704.0,2.0,66.7,26.0,Individual,5,High Risk,Manual Review
105091790,2400.0, 36 months,16.99,D,D1,9 years,OWN,51300.0,Source Verified,other,MD,30.22,2.0,675.0,679.0,0.0,87.1,36.0,Individual,5,High Risk,Manual Review
104629233,20150.0, 60 months,25.49,E,E4,1 year,MORTGAGE,60000.0,Source Verified,debt_consolidation,MN,16.66,1.0,670.0,674.0,0.0,97.3,9.0,Individual,5,High Risk,Manual Review
105627395,29825.0, 36 months,23.99,E,E2,7 years,MORTGAGE,218500.0,Not Verified,debt_consolidation,FL,34.96,0.0,670.0,674.0,3.0,48.9,60.0,Individual,5,High Risk,Manual Review
105417515,4800.0, 36 months,22.74,E,E1,10+ years,RENT,65407.0,Verified,debt_consolidation,TX,30.44,0.0,670.0,674.0,0.0,44.1,60.0,Individual,5,High Risk,Manual Review
105293346,25000.0, 60 months,29.99,F,F3,9 years,MORTGAGE,91000.0,Source Verified,major_purchase,VA,30.53,0.0,675.0,679.0,0.0,90.6,29.0,Individual,6,High Risk,Manual Review
104895943,32000.0, 60 months,26.24,E,E5,5 years,MORTGAGE,145000.0,Verified,credit_card,OH,30.32,0.0,685.0,689.0,0.0,85.7,62.0,Individual,6,High Risk,Manual Review
105537239,15000.0, 36 months,22.74,E,E1,4 years,MORTGAGE,115000.0,Verified,debt_consolidation,CA,31.59,2.0,665.0,669.0,3.0,85.2,32.0,Individual,7,High Risk,Manual Review
104734462,16000.0, 36 months,24.74,E,E3,4 years,MORTGAGE,60000.0,Verified,debt_consolidation,CO,30.2,1.0,700.0,704.0,1.0,26.4,44.0,Individual,6,High Risk,Manual Review
105373116,11625.0, 36 months,22.74,E,E1,9 years,RENT,75000.0,Verified,home_improvement,CA,31.17,0.0,690.0,694.0,1.0,70.0,34.0,Individual,5,High Risk,Manual Review
105457293,29050.0, 36 months,26.24,E,E5,2 years,MORTGAGE,90000.0,Verified,debt_consolidation,TX,34.62,0.0,660.0,664.0,0.0,100.0,18.0,Individual,6,High Risk,Manual Review
104122238,21000.0, 60 months,22.74,E,E1,10+ years,MORTGAGE,64992.0,Not Verified,debt_consolidation,FL,32.47,0.0,720.0,724.0,0.0,29.8,17.0,Individual,5,High Risk,Manual Review
103891153,24000.0, 60 months,29.99,F,F3,10+ years,MORTGAGE,80000.0,Source Verified,major_purchase,VA,32.75,0.0,680.0,684.0,0.0,94.6,26.0,Joint App,6,High Risk,Manual Review
105157728,35000.0, 36 months,16.99,D,D1,6 years,MORTGAGE,115000.0,Not Verified,debt_consolidation,MI,34.44,1.0,665.0,669.0,0.0,85.5,57.0,Joint App,5,High Risk,Manual Review
104331226,15000.0, 36 months,24.74,E,E3,6 years,MORTGAGE,55000.0,Source Verified,debt_consolidation,MA,34.34,0.0,665.0,669.0,0.0,79.1,30.0,Individual,5,High Risk,Manual Review
104461357,16500.0, 60 months,28.69,F,F1,6 years,RENT,46000.0,Verified,debt_consolidation,NY,30.11,0.0,715.0,719.0,0.0,35.9,20.0,Individual,5,High Risk,Manual Review
104684144,16000.0, 60 months,28.69,F,F1,10+ years,OWN,117000.0,Verified,debt_consolidation,SC,33.21,2.0,660.0,664.0,0.0,82.8,33.0,Individual,7,High Risk,Manual Review
104764161,20000.0, 36 months,23.99,E,E2,10+ years,RENT,100000.0,Not Verified,debt_consolidation,CA,34.86,1.0,680.0,684.0,0.0,95.3,18.0,Individual,7,High Risk,Manual Review
105159737,30000.0, 60 months,25.49,E,E4,9 years,MORTGAGE,25234.0,Verified,debt_consolidation,IL,64.22,0.0,735.0,739.0,0.0,49.8,17.0,Joint App,5,High Risk,Manual Review
104132374,8000.0, 36 months,29.49,F,F2,8 years,RENT,90000.0,Verified,major_purchase,MD,30.42,0.0,675.0,679.0,1.0,57.9,41.0,Individual,5,High Risk,Manual Review
104151701,7800.0, 36 months,22.74,E,E1,6 years,MORTGAGE,27000.0,Not Verified,debt_consolidation,TN,31.47,1.0,680.0,684.0,0.0,53.7,39.0,Individual,6,High Risk,Manual Review
102353543,32000.0, 60 months,30.99,G,G5,< 1 year,RENT,60000.0,Source Verified,debt_consolidation,CA,41.9,0.0,710.0,714.0,0.0,57.2,24.0,Joint App,5,High Risk,Manual Review
104317048,30000.0, 60 months,22.74,E,E1,< 1 year,MORTGAGE,54400.0,Verified,credit_card,CA,36.64,0.0,665.0,669.0,0.0,84.4,14.0,Joint App,6,High Risk,Manual Review
105131308,10000.0, 36 months,26.24,E,E5,,RENT,30000.0,Verified,house,NY,31.2,0.0,660.0,664.0,2.0,39.6,19.0,Individual,5,High Risk,Manual Review
103746403,14400.0, 60 months,23.99,E,E2,10+ years,MORTGAGE,65000.0,Not Verified,debt_consolidation,MS,31.57,0.0,730.0,734.0,1.0,50.3,34.0,Individual,5,High Risk,Manual Review
103747849,15000.0, 36 months,23.99,E,E2,,MORTGAGE,13000.0,Source Verified,debt_consolidation,TN,52.91,0.0,675.0,679.0,1.0,30.5,31.0,Joint App,5,High Risk,Manual Review
99925939,22500.0, 60 months,22.74,E,E1,6 years,RENT,103000.0,Verified,debt_consolidation,CA,25.29,1.0,675.0,679.0,4.0,85.0,20.0,Individual,5,High Risk,Manual Review
104601839,10000.0, 36 months,23.99,E,E2,3 years,RENT,28036.56,Source Verified,debt_consolidation,TX,31.25,0.0,675.0,679.0,2.0,68.3,7.0,Individual,5,High Risk,Manual Review
104451662,19200.0, 60 months,25.49,E,E4,10+ years,RENT,71000.0,Verified,other,CA,31.91,0.0,670.0,674.0,0.0,80.0,20.0,Individual,5,High Risk,Manual Review
104202812,15000.0, 60 months,28.69,F,F1,10+ years,MORTGAGE,70000.0,Verified,debt_consolidation,CT,30.93,0.0,700.0,704.0,1.0,53.0,32.0,Individual,5,High Risk,Manual Review
104170979,19200.0, 60 months,25.49,E,E4,< 1 year,OWN,31000.0,Verified,credit_card,KY,43.94,0.0,700.0,704.0,0.0,14.6,16.0,Joint App,5,High Risk,Manual Review
104626412,16000.0, 60 months,23.99,E,E2,,MORTGAGE,1000.0,Not Verified,debt_consolidation,CO,566.27,0.0,665.0,669.0,2.0,33.3,23.0,Joint App,5,High Risk,Manual Review
104413245,20700.0, 60 months,28.69,F,F1,2 years,RENT,45000.0,Source Verified,debt_consolidation,PA,31.95,0.0,710.0,714.0,0.0,98.7,7.0,Individual,6,High Risk,Manual Review
104965269,19500.0, 36 months,22.74,E,E1,1 year,RENT,55000.0,Not Verified,debt_consolidation,AZ,34.21,0.0,715.0,719.0,2.0,31.6,48.0,Individual,5,High Risk,Manual Review
105022971,12000.0, 60 months,25.49,E,E4,2 years,RENT,42000.0,Not Verified,debt_consolidation,FL,30.06,2.0,675.0,679.0,0.0,41.3,7.0,Individual,6,High Risk,Manual Review
104362122,12000.0, 60 months,22.74,E,E1,2 years,MORTGAGE,48000.0,Not Verified,debt_consolidation,TX,32.28,0.0,685.0,689.0,2.0,60.7,38.0,Individual,5,High Risk,Manual Review
104334735,35000.0, 36 months,23.99,E,E2,< 1 year,MORTGAGE,24000.0,Verified,debt_consolidation,TN,100.6,0.0,675.0,679.0,2.0,91.5,39.0,Joint App,6,High Risk,Manual Review
102576730,31550.0, 60 months,29.99,F,F3,,MORTGAGE,90000.0,Verified,debt_consolidation,NJ,30.92,0.0,675.0,679.0,0.0,52.6,29.0,Individual,5,High Risk,Manual Review
104571527,15250.0, 60 months,29.49,F,F2,< 1 year,MORTGAGE,53000.0,Verified,debt_consolidation,MO,20.58,3.0,660.0,664.0,2.0,90.8,24.0,Individual,5,High Risk,Manual Review
104015672,17600.0, 60 months,25.49,E,E4,4 years,RENT,40000.0,Source Verified,debt_consolidation,KS,18.48,2.0,680.0,684.0,0.0,80.6,13.0,Individual,5,High Risk,Manual Review
104501340,12000.0, 60 months,29.49,F,F2,3 years,RENT,35000.0,Source Verified,debt_consolidation,PA,30.9,0.0,690.0,694.0,0.0,68.8,21.0,Individual,5,High Risk,Manual Review
104280425,25000.0, 60 months,26.24,E,E5,3 years,MORTGAGE,36000.0,Source Verified,debt_consolidation,NC,38.09,0.0,660.0,664.0,0.0,80.0,32.0,Joint App,5,High Risk,Manual Review
104511408,14000.0, 36 months,26.24,E,E5,4 years,RENT,70000.0,Verified,credit_card,NY,33.42,0.0,665.0,669.0,0.0,82.5,43.0,Individual,6,High Risk,Manual Review
104220586,14400.0, 36 months,25.49,E,E4,10+ years,MORTGAGE,44000.0,Verified,debt_consolidation,WI,33.8,0.0,730.0,734.0,1.0,27.0,54.0,Individual,5,High Risk,Manual Review
104411142,14000.0, 60 months,29.49,F,F2,5 years,OWN,39561.0,Verified,debt_consolidation,CA,30.31,0.0,680.0,684.0,0.0,66.6,26.0,Individual,5,High Risk,Manual Review
104301895,15150.0, 60 months,22.74,E,E1,1 year,MORTGAGE,60000.0,Not Verified,debt_consolidation,FL,30.46,0.0,665.0,669.0,1.0,75.7,42.0,Individual,5,High Risk,Manual Review
105161163,24000.0, 60 months,30.84,G,G2,10+ years,MORTGAGE,68000.0,Not Verified,debt_consolidation,OH,32.53,0.0,665.0,669.0,0.0,54.7,34.0,Individual,5,High Risk,Manual Review
104302188,8000.0, 36 months,22.74,E,E1,10+ years,MORTGAGE,55000.0,Source Verified,medical,VA,30.18,0.0,700.0,704.0,0.0,40.1,46.0,Individual,5,High Risk,Manual Review
104131304,15975.0, 36 months,23.99,E,E2,6 years,RENT,54000.0,Verified,home_improvement,CA,34.09,0.0,675.0,679.0,0.0,57.0,19.0,Individual,5,High Risk,Manual Review
102606126,13725.0, 60 months,30.74,F,F5,,MORTGAGE,48000.0,Verified,credit_card,MT,32.35,0.0,675.0,679.0,1.0,74.6,17.0,Individual,5,High Risk,Manual Review
104316693,7200.0, 36 months,22.74,E,E1,9 years,MORTGAGE,98000.0,Source Verified,other,CA,32.22,0.0,690.0,694.0,0.0,92.7,34.0,Individual,6,High Risk,Manual Review
101841186,13700.0, 60 months,30.94,G,G4,1 year,MORTGAGE,38100.0,Verified,debt_consolidation,NC,21.64,1.0,685.0,689.0,2.0,99.0,15.0,Individual,5,High Risk,Manual Review
105157387,15000.0, 60 months,25.49,E,E4,8 years,RENT,135000.0,Not Verified,credit_card,OH,30.76,0.0,705.0,709.0,1.0,88.9,19.0,Individual,6,High Risk,Manual Review
104421123,29425.0, 60 months,23.99,E,E2,10+ years,MORTGAGE,63988.0,Not Verified,debt_consolidation,KY,31.4,0.0,680.0,684.0,0.0,90.2,29.0,Individual,6,High Risk,Manual Review
105061769,20350.0, 36 months,22.74,E,E1,10+ years,OWN,70000.0,Not Verified,debt_consolidation,MN,34.18,0.0,665.0,669.0,0.0,89.5,11.0,Individual,6,High Risk,Manual Review
104304711,21000.0, 60 months,30.74,F,F5,,MORTGAGE,43113.0,Verified,debt_consolidation,FL,54.84,0.0,715.0,719.0,0.0,78.7,24.0,Joint App,5,High Risk,Manual Review
105001678,6000.0, 36 months,28.69,F,F1,10+ years,OWN,26000.0,Source Verified,other,LA,33.38,0.0,680.0,684.0,0.0,48.1,25.0,Individual,5,High Risk,Manual Review
104901096,25000.0, 60 months,22.74,E,E1,10+ years,RENT,74000.0,Not Verified,debt_consolidation,IL,34.61,0.0,700.0,704.0,0.0,73.7,22.0,Individual,5,High Risk,Manual Review
104073726,10000.0, 60 months,29.99,F,F3,10+ years,MORTGAGE,33000.0,Verified,credit_card,IL,33.42,0.0,665.0,669.0,1.0,77.1,14.0,Individual,5,High Risk,Manual Review
104901255,10700.0, 36 months,24.74,E,E3,8 years,RENT,32350.0,Verified,debt_consolidation,PA,30.65,0.0,675.0,679.0,1.0,24.0,25.0,Individual,5,High Risk,Manual Review
104335713,16000.0, 36 months,30.94,G,G4,10+ years,OWN,90000.0,Verified,home_improvement,LA,32.52,0.0,665.0,669.0,4.0,63.1,36.0,Individual,5,High Risk,Manual Review
104272975,10000.0, 60 months,30.49,F,F4,< 1 year,RENT,35000.0,Verified,moving,MN,31.89,0.0,660.0,664.0,0.0,49.5,20.0,Individual,5,High Risk,Manual Review
104313054,35000.0, 60 months,25.49,E,E4,< 1 year,MORTGAGE,51000.0,Verified,debt_consolidation,TX,32.4,0.0,690.0,694.0,0.0,89.9,15.0,Joint App,6,High Risk,Manual Review
104897503,31175.0, 60 months,29.49,F,F2,3 years,MORTGAGE,113400.0,Source Verified,debt_consolidation,TN,30.26,0.0,660.0,664.0,1.0,60.7,20.0,Individual,5,High Risk,Manual Review
104072563,4000.0, 36 months,15.99,C,C5,10+ years,OWN,26000.0,Source Verified,other,NY,34.81,2.0,670.0,674.0,0.0,87.4,18.0,Individual,5,High Risk,Manual Review
103017224,21100.0, 60 months,30.49,F,F4,10+ years,RENT,48000.0,Verified,debt_consolidation,NH,32.4,0.0,695.0,699.0,0.0,46.7,13.0,Individual,5,High Risk,Manual Review
104601523,11000.0, 60 months,25.49,E,E4,1 year,RENT,32300.0,Not Verified,debt_consolidation,MO,30.36,0.0,685.0,689.0,0.0,42.1,25.0,Individual,5,High Risk,Manual Review
104300828,31950.0, 60 months,29.99,F,F3,3 years,RENT,69500.0,Source Verified,credit_card,GA,34.55,0.0,735.0,739.0,1.0,30.9,32.0,Individual,5,High Risk,Manual Review
104601509,11200.0, 60 months,25.49,E,E4,5 years,RENT,42000.0,Not Verified,debt_consolidation,GA,31.91,0.0,670.0,674.0,2.0,38.5,28.0,Individual,5,High Risk,Manual Review
104551284,30000.0, 60 months,22.74,E,E1,10+ years,RENT,80000.0,Not Verified,other,CA,30.42,0.0,735.0,739.0,0.0,16.4,25.0,Individual,5,High Risk,Manual Review
102675695,11875.0, 60 months,28.69,F,F1,1 year,RENT,43620.0,Verified,debt_consolidation,ID,31.91,0.0,700.0,704.0,0.0,29.4,18.0,Individual,5,High Risk,Manual Review
103228399,26000.0, 60 months,30.94,G,G4,10+ years,MORTGAGE,84000.0,Not Verified,debt_consolidation,OK,31.57,1.0,685.0,689.0,0.0,41.5,34.0,Individual,6,High Risk,Manual Review
104341190,10000.0, 60 months,22.74,E,E1,10+ years,RENT,51792.0,Verified,debt_consolidation,MA,33.39,1.0,670.0,674.0,2.0,65.9,28.0,Individual,6,High Risk,Manual Review
104338867,10800.0, 36 months,22.74,E,E1,2 years,RENT,30000.0,Source Verified,debt_consolidation,IN,34.56,0.0,730.0,734.0,0.0,72.5,18.0,Individual,5,High Risk,Manual Review
104311235,10000.0, 36 months,24.74,E,E3,10+ years,RENT,65000.0,Verified,debt_consolidation,MA,32.68,0.0,700.0,704.0,1.0,95.2,11.0,Individual,6,High Risk,Manual Review
102537160,19750.0, 36 months,24.74,E,E3,7 years,MORTGAGE,51000.0,Verified,debt_consolidation,FL,31.13,0.0,685.0,689.0,0.0,57.4,19.0,Individual,5,High Risk,Manual Review
104243646,10000.0, 60 months,23.99,E,E2,3 years,MORTGAGE,30000.0,Not Verified,debt_consolidation,IN,34.72,1.0,730.0,734.0,0.0,33.8,31.0,Individual,6,High Risk,Manual Review
103761295,16800.0, 60 months,23.99,E,E2,10+ years,RENT,80000.0,Verified,debt_consolidation,CA,31.95,0.0,665.0,669.0,1.0,82.0,25.0,Individual,6,High Risk,Manual Review
103278663,15400.0, 36 months,18.99,D,D3,< 1 year,MORTGAGE,35000.0,Not Verified,credit_card,NM,31.2,2.0,665.0,669.0,0.0,84.9,13.0,Individual,5,High Risk,Manual Review
104043224,35000.0, 60 months,26.24,E,E5,9 years,MORTGAGE,84474.0,Verified,debt_consolidation,MO,33.64,0.0,690.0,694.0,0.0,64.9,31.0,Individual,5,High Risk,Manual Review
103861698,18200.0, 60 months,25.49,E,E4,4 years,RENT,50000.0,Source Verified,debt_consolidation,GA,33.1,0.0,690.0,694.0,2.0,78.7,50.0,Individual,5,High Risk,Manual Review
104337260,17000.0, 36 months,24.74,E,E3,1 year,RENT,40000.0,Source Verified,debt_consolidation,MA,33.69,0.0,665.0,669.0,0.0,53.7,22.0,Individual,5,High Risk,Manual Review
103740461,30000.0, 36 months,24.74,E,E3,5 years,MORTGAGE,99000.0,Verified,debt_consolidation,VA,22.22,1.0,675.0,679.0,3.0,98.6,28.0,Individual,5,High Risk,Manual Review
103047571,23000.0, 60 months,29.99,F,F3,10+ years,OWN,71000.0,Source Verified,debt_consolidation,MA,33.42,0.0,725.0,729.0,0.0,38.0,21.0,Individual,5,High Risk,Manual Review
104633176,28200.0, 60 months,28.69,F,F1,9 years,RENT,88000.0,Verified,other,CA,30.94,1.0,730.0,734.0,2.0,38.1,44.0,Individual,6,High Risk,Manual Review
102676023,10500.0, 60 months,26.24,E,E5,4 years,RENT,30000.0,Verified,credit_card,NY,34.08,0.0,715.0,719.0,3.0,36.0,19.0,Individual,5,High Risk,Manual Review
104242886,19000.0, 36 months,29.99,F,F3,< 1 year,RENT,50000.0,Verified,debt_consolidation,CA,31.9,0.0,665.0,669.0,0.0,98.8,23.0,Individual,6,High Risk,Manual Review
104332813,1200.0, 36 months,22.74,E,E1,7 years,MORTGAGE,76500.0,Source Verified,other,TX,33.71,0.0,740.0,744.0,3.0,90.7,23.0,Individual,6,High Risk,Manual Review
104151661,3300.0, 36 months,23.99,E,E2,5 years,RENT,71600.0,Verified,debt_consolidation,AK,30.71,0.0,665.0,669.0,1.0,55.5,48.0,Individual,5,High Risk,Manual Review
104625871,24000.0, 60 months,30.74,F,F5,3 years,RENT,83000.0,Not Verified,debt_consolidation,OH,30.25,11.0,660.0,664.0,2.0,60.3,36.0,Individual,6,High Risk,Manual Review
104262752,22000.0, 60 months,23.99,E,E2,10+ years,MORTGAGE,64000.0,Source Verified,other,KS,18.3,3.0,695.0,699.0,0.0,88.7,17.0,Individual,5,High Risk,Manual Review
104223623,3000.0, 36 months,23.99,E,E2,6 years,RENT,36000.0,Verified,medical,WI,33.2,0.0,660.0,664.0,1.0,51.9,14.0,Individual,5,High Risk,Manual Review
102586003,16000.0, 60 months,23.99,E,E2,9 years,RENT,35000.0,Source Verified,debt_consolidation,IL,31.62,0.0,665.0,669.0,1.0,86.7,16.0,Individual,6,High Risk,Manual Review
103717988,10000.0, 60 months,23.99,E,E2,1 year,RENT,32500.0,Verified,debt_consolidation,MO,26.45,2.0,660.0,664.0,0.0,89.1,24.0,Individual,5,High Risk,Manual Review
102704735,2500.0, 36 months,18.99,D,D3,10+ years,MORTGAGE,108000.0,Not Verified,home_improvement,SC,33.44,1.0,670.0,674.0,0.0,82.5,22.0,Individual,5,High Risk,Manual Review
102946543,10000.0, 60 months,30.99,G,G5,,RENT,1200.0,Not Verified,other,TX,532.0,0.0,660.0,664.0,1.0,61.4,19.0,Joint App,5,High Risk,Manual Review
104028385,10000.0, 60 months,25.49,E,E4,10+ years,MORTGAGE,33500.0,Source Verified,debt_consolidation,SC,34.57,0.0,690.0,694.0,0.0,62.0,30.0,Individual,5,High Risk,Manual Review
104110606,18650.0, 36 months,30.49,F,F4,10+ years,OWN,53000.0,Verified,debt_consolidation,NY,31.37,1.0,660.0,664.0,1.0,67.0,31.0,Individual,6,High Risk,Manual Review
104163533,3600.0, 36 months,16.99,D,D1,6 years,RENT,35000.0,Not Verified,debt_consolidation,FL,30.04,1.0,665.0,669.0,0.0,97.9,14.0,Individual,5,High Risk,Manual Review
104213094,28825.0, 60 months,30.84,G,G2,10+ years,MORTGAGE,65000.0,Verified,debt_consolidation,NC,31.06,0.0,675.0,679.0,1.0,97.0,23.0,Individual,6,High Risk,Manual Review
104327754,19625.0, 60 months,29.49,F,F2,,OWN,44627.0,Verified,debt_consolidation,FL,32.85,0.0,670.0,674.0,1.0,92.4,17.0,Individual,6,High Risk,Manual Review
104329701,9700.0, 36 months,24.74,E,E3,3 years,RENT,30000.0,Verified,debt_consolidation,CA,30.52,0.0,690.0,694.0,0.0,68.2,32.0,Individual,5,High Risk,Manual Review
104213188,20000.0, 60 months,25.49,E,E4,10+ years,MORTGAGE,120000.0,Not Verified,debt_consolidation,OH,27.86,1.0,665.0,669.0,0.0,81.3,28.0,Individual,5,High Risk,Manual Review
104337522,24000.0, 60 months,29.49,F,F2,5 years,MORTGAGE,38000.0,Source Verified,credit_card,NC,31.68,0.0,675.0,679.0,2.0,44.0,24.0,Joint App,5,High Risk,Manual Review
104016829,8000.0, 36 months,30.49,F,F4,10+ years,MORTGAGE,51000.0,Source Verified,debt_consolidation,MI,30.75,0.0,660.0,664.0,2.0,99.5,28.0,Individual,6,High Risk,Manual Review
103698481,16000.0, 60 months,22.74,E,E1,10+ years,MORTGAGE,80000.0,Source Verified,small_business,NY,33.14,0.0,675.0,679.0,2.0,39.3,17.0,Individual,5,High Risk,Manual Review
102416036,35000.0, 60 months,30.74,F,F5,4 years,MORTGAGE,65000.0,Verified,debt_consolidation,DE,35.28,2.0,670.0,674.0,0.0,81.1,20.0,Joint App,7,High Risk,Manual Review
104334536,14000.0, 60 months,28.69,F,F1,10+ years,RENT,38000.0,Source Verified,debt_consolidation,CT,34.0,0.0,705.0,709.0,0.0,27.5,22.0,Individual,5,High Risk,Manual Review
104293853,30000.0, 60 months,23.99,E,E2,10+ years,MORTGAGE,100000.0,Verified,credit_card,VA,12.39,2.0,665.0,669.0,0.0,94.2,30.0,Individual,5,High Risk,Manual Review
103637189,22500.0, 60 months,28.69,F,F1,3 years,RENT,50000.0,Verified,debt_consolidation,TX,32.43,0.0,695.0,699.0,0.0,93.0,8.0,Individual,6,High Risk,Manual Review
102370876,32000.0, 36 months,30.74,F,F5,< 1 year,RENT,67000.0,Verified,debt_consolidation,HI,31.24,0.0,665.0,669.0,1.0,58.2,64.0,Individual,5,High Risk,Manual Review
104162029,14250.0, 60 months,25.49,E,E4,10+ years,RENT,47760.0,Source Verified,debt_consolidation,UT,33.84,3.0,660.0,664.0,0.0,76.3,38.0,Individual,6,High Risk,Manual Review
104312392,24000.0, 60 months,30.89,G,G3,< 1 year,OWN,70000.0,Verified,debt_consolidation,NV,32.23,0.0,685.0,689.0,0.0,93.2,7.0,Individual,6,High Risk,Manual Review
103472573,30000.0, 36 months,30.49,F,F4,< 1 year,MORTGAGE,63000.0,Source Verified,debt_consolidation,AL,33.73,0.0,710.0,714.0,0.0,56.6,20.0,Joint App,5,High Risk,Manual Review
104202993,12000.0, 36 months,24.74,E,E3,10+ years,OWN,50861.0,Source Verified,debt_consolidation,CT,33.44,0.0,750.0,754.0,3.0,24.3,20.0,Individual,5,High Risk,Manual Review
104342286,22725.0, 60 months,30.74,F,F5,9 years,RENT,54000.0,Not Verified,debt_consolidation,NH,34.76,0.0,710.0,714.0,0.0,30.3,49.0,Individual,5,High Risk,Manual Review
102660751,19000.0, 60 months,28.69,F,F1,10+ years,RENT,83013.0,Source Verified,debt_consolidation,AL,24.46,1.0,665.0,669.0,1.0,97.1,28.0,Individual,5,High Risk,Manual Review
104338647,30000.0, 60 months,30.49,F,F4,10+ years,MORTGAGE,85000.0,Source Verified,debt_consolidation,IL,30.64,0.0,700.0,704.0,0.0,54.9,17.0,Individual,5,High Risk,Manual Review
103208399,35000.0, 36 months,23.99,E,E2,10+ years,OWN,200000.0,Verified,debt_consolidation,NY,32.03,0.0,680.0,684.0,0.0,87.4,49.0,Individual,6,High Risk,Manual Review
102406690,13000.0, 36 months,23.99,E,E2,10+ years,MORTGAGE,41000.0,Verified,debt_consolidation,TX,35.45,0.0,670.0,674.0,1.0,69.6,40.0,Joint App,5,High Risk,Manual Review
104261189,20000.0, 60 months,30.89,G,G3,< 1 year,RENT,120000.0,Source Verified,debt_consolidation,CO,20.79,1.0,660.0,664.0,0.0,85.8,48.0,Individual,5,High Risk,Manual Review
104293284,23675.0, 36 months,23.99,E,E2,4 years,MORTGAGE,160000.0,Not Verified,debt_consolidation,TX,34.43,0.0,665.0,669.0,3.0,84.9,44.0,Individual,6,High Risk,Manual Review
104323701,10000.0, 60 months,23.99,E,E2,6 years,RENT,44000.0,Not Verified,debt_consolidation,AZ,34.62,0.0,700.0,704.0,0.0,86.7,11.0,Individual,6,High Risk,Manual Review
104163281,4200.0, 36 months,22.74,E,E1,6 years,MORTGAGE,175000.0,Not Verified,credit_card,KY,34.33,0.0,690.0,694.0,0.0,92.9,39.0,Individual,6,High Risk,Manual Review
104101227,7200.0, 36 months,23.99,E,E2,1 year,RENT,57500.0,Source Verified,debt_consolidation,AL,32.41,3.0,660.0,664.0,3.0,56.2,49.0,Individual,6,High Risk,Manual Review
103759259,19200.0, 60 months,22.74,E,E1,< 1 year,MORTGAGE,30200.0,Verified,credit_card,OK,67.93,0.0,690.0,694.0,0.0,100.8,29.0,Joint App,6,High Risk,Manual Review
104016189,6000.0, 36 months,23.99,E,E2,10+ years,RENT,32000.0,Verified,other,HI,31.47,0.0,665.0,669.0,1.0,92.4,25.0,Individual,6,High Risk,Manual Review
103738321,30000.0, 60 months,29.99,F,F3,,RENT,25000.0,Not Verified,debt_consolidation,HI,54.44,1.0,660.0,664.0,0.0,85.2,7.0,Joint App,7,High Risk,Manual Review
103468571,20000.0, 60 months,23.99,E,E2,6 years,MORTGAGE,18000.0,Verified,debt_consolidation,MI,43.33,0.0,700.0,704.0,1.0,31.3,19.0,Joint App,5,High Risk,Manual Review
103482736,23025.0, 60 months,23.99,E,E2,3 years,MORTGAGE,55000.0,Verified,debt_consolidation,CA,48.79,1.0,705.0,709.0,0.0,61.9,41.0,Joint App,6,High Risk,Manual Review
104025150,7200.0, 36 months,26.24,E,E5,10+ years,MORTGAGE,30000.0,Not Verified,debt_consolidation,GA,32.96,0.0,705.0,709.0,0.0,46.0,22.0,Individual,5,High Risk,Manual Review
104305902,24175.0, 60 months,28.69,F,F1,7 years,RENT,48396.0,Source Verified,debt_consolidation,TX,32.16,0.0,660.0,664.0,0.0,67.7,21.0,Individual,5,High Risk,Manual Review
103811986,13500.0, 60 months,28.69,F,F1,10+ years,RENT,37000.0,Source Verified,credit_card,IL,33.28,0.0,665.0,669.0,0.0,73.8,17.0,Individual,5,High Risk,Manual Review
104111461,22800.0, 36 months,23.99,E,E2,5 years,MORTGAGE,60000.0,Source Verified,home_improvement,GA,13.52,1.0,660.0,664.0,0.0,89.3,24.0,Individual,5,High Risk,Manual Review
104130610,28000.0, 60 months,30.89,G,G3,3 years,MORTGAGE,120000.0,Verified,debt_consolidation,MI,30.33,0.0,690.0,694.0,0.0,57.9,53.0,Individual,5,High Risk,Manual Review
103737180,12000.0, 60 months,22.74,E,E1,2 years,OWN,21000.0,Verified,debt_consolidation,MO,58.4,0.0,660.0,664.0,0.0,94.3,8.0,Joint App,6,High Risk,Manual Review
104308638,20000.0, 60 months,23.99,E,E2,2 years,RENT,55000.0,Source Verified,debt_consolidation,LA,30.24,1.0,720.0,724.0,0.0,41.8,41.0,Individual,6,High Risk,Manual Review
102637243,20000.0, 36 months,25.49,E,E4,10+ years,RENT,52000.0,Source Verified,debt_consolidation,CA,34.48,0.0,665.0,669.0,1.0,79.7,19.0,Individual,5,High Risk,Manual Review
104332554,6000.0, 36 months,22.74,E,E1,10+ years,OWN,90350.0,Source Verified,debt_consolidation,VA,27.35,1.0,660.0,664.0,0.0,93.9,47.0,Individual,5,High Risk,Manual Review
104051222,13600.0, 60 months,25.49,E,E4,10+ years,RENT,34000.0,Verified,debt_consolidation,ME,31.17,0.0,660.0,664.0,0.0,86.4,23.0,Individual,6,High Risk,Manual Review
100468140,35000.0, 36 months,24.74,E,E3,10+ years,MORTGAGE,84320.0,Verified,debt_consolidation,TN,38.91,0.0,665.0,669.0,2.0,59.7,40.0,Joint App,5,High Risk,Manual Review
103881514,13000.0, 60 months,28.69,F,F1,10+ years,MORTGAGE,93000.0,Source Verified,debt_consolidation,IL,17.08,1.0,665.0,669.0,1.0,99.0,24.0,Individual,5,High Risk,Manual Review
104303046,15500.0, 60 months,28.69,F,F1,9 years,MORTGAGE,38480.0,Not Verified,other,MS,34.97,0.0,705.0,709.0,0.0,63.8,17.0,Individual,5,High Risk,Manual Review
103377990,14000.0, 60 months,30.89,G,G3,9 years,MORTGAGE,73500.0,Source Verified,debt_consolidation,FL,34.86,0.0,685.0,689.0,4.0,50.3,24.0,Individual,5,High Risk,Manual Review
104061206,35000.0, 60 months,25.49,E,E4,< 1 year,RENT,110000.0,Verified,debt_consolidation,DE,31.44,1.0,660.0,664.0,0.0,90.0,34.0,Individual,7,High Risk,Manual Review
103831505,8900.0, 36 months,23.99,E,E2,10+ years,MORTGAGE,30000.0,Verified,debt_consolidation,WI,31.8,0.0,700.0,704.0,1.0,58.0,22.0,Individual,5,High Risk,Manual Review
102649749,15150.0, 60 months,29.99,F,F3,10+ years,RENT,41000.0,Verified,debt_consolidation,LA,33.9,0.0,660.0,664.0,0.0,99.8,10.0,Joint App,6,High Risk,Manual Review
103707739,8400.0, 36 months,30.84,G,G2,10+ years,RENT,38000.0,Source Verified,debt_consolidation,FL,31.58,0.0,705.0,709.0,0.0,96.4,6.0,Individual,6,High Risk,Manual Review
104220610,25525.0, 60 months,30.74,F,F5,10+ years,MORTGAGE,82000.0,Verified,debt_consolidation,CA,32.14,0.0,660.0,664.0,2.0,33.8,55.0,Individual,5,High Risk,Manual Review
103017824,15000.0, 60 months,25.49,E,E4,,RENT,50000.0,Verified,debt_consolidation,OH,33.56,0.0,665.0,669.0,0.0,76.9,52.0,Individual,5,High Risk,Manual Review
104251478,22575.0, 60 months,22.74,E,E1,10+ years,MORTGAGE,96178.0,Not Verified,credit_card,CT,31.69,0.0,680.0,684.0,0.0,72.7,23.0,Individual,5,High Risk,Manual Review
104260984,15300.0, 36 months,25.49,E,E4,10+ years,RENT,41607.0,Source Verified,credit_card,FL,33.62,0.0,665.0,669.0,1.0,57.0,72.0,Individual,5,High Risk,Manual Review
104049296,4300.0, 36 months,22.74,E,E1,10+ years,MORTGAGE,36000.0,Source Verified,credit_card,AR,34.1,2.0,670.0,674.0,2.0,41.7,18.0,Individual,6,High Risk,Manual Review
103027619,24000.0, 60 months,23.99,E,E2,< 1 year,MORTGAGE,138000.0,Verified,other,NJ,32.82,0.0,690.0,694.0,1.0,67.7,49.0,Individual,5,High Risk,Manual Review
104302357,16800.0, 60 months,29.49,F,F2,3 years,RENT,45600.0,Not Verified,debt_consolidation,NH,33.95,1.0,660.0,664.0,1.0,94.6,23.0,Joint App,7,High Risk,Manual Review
104305630,12125.0, 60 months,25.49,E,E4,10+ years,RENT,54000.0,Verified,debt_consolidation,CA,30.84,0.0,710.0,714.0,0.0,78.6,10.0,Individual,5,High Risk,Manual Review
104050900,13500.0, 36 months,23.99,E,E2,10+ years,MORTGAGE,316000.0,Source Verified,other,CT,12.56,1.0,665.0,669.0,1.0,87.0,21.0,Individual,5,High Risk,Manual Review
102236546,16000.0, 60 months,25.49,E,E4,1 year,RENT,100000.0,Verified,credit_card,WA,30.53,0.0,685.0,689.0,1.0,73.5,19.0,Individual,5,High Risk,Manual Review
103747753,12000.0, 60 months,28.69,F,F1,,RENT,8880.0,Verified,major_purchase,FL,60.41,0.0,740.0,744.0,0.0,20.1,6.0,Joint App,5,High Risk,Manual Review
104281126,21000.0, 60 months,29.99,F,F3,< 1 year,MORTGAGE,80000.0,Source Verified,medical,OH,36.99,2.0,685.0,689.0,0.0,45.5,36.0,Joint App,6,High Risk,Manual Review
104182061,18700.0, 60 months,26.24,E,E5,10+ years,MORTGAGE,82000.0,Not Verified,debt_consolidation,FL,32.26,0.0,720.0,724.0,0.0,36.7,26.0,Individual,5,High Risk,Manual Review
104048999,10200.0, 36 months,28.69,F,F1,3 years,RENT,30000.0,Source Verified,debt_consolidation,NC,31.32,0.0,690.0,694.0,0.0,97.2,41.0,Individual,6,High Risk,Manual Review
103327274,15100.0, 36 months,23.99,E,E2,< 1 year,RENT,19200.0,Verified,credit_card,TN,48.44,1.0,690.0,694.0,0.0,43.1,13.0,Joint App,6,High Risk,Manual Review
104220839,14400.0, 36 months,25.49,E,E4,3 years,RENT,52000.0,Source Verified,debt_consolidation,WA,32.45,0.0,675.0,679.0,0.0,66.6,24.0,Individual,5,High Risk,Manual Review
102187090,16500.0, 60 months,28.69,F,F1,1 year,MORTGAGE,50000.0,Verified,debt_consolidation,IN,31.28,0.0,660.0,664.0,0.0,78.8,20.0,Individual,5,High Risk,Manual Review
102957812,19200.0, 60 months,22.74,E,E1,1 year,MORTGAGE,40000.0,Verified,debt_consolidation,MN,51.79,0.0,700.0,704.0,0.0,44.8,41.0,Joint App,5,High Risk,Manual Review
104140443,9025.0, 36 months,24.74,E,E3,10+ years,RENT,25805.0,Not Verified,debt_consolidation,FL,25.07,1.0,685.0,689.0,2.0,91.0,4.0,Individual,5,High Risk,Manual Review
103861659,37000.0, 36 months,24.74,E,E3,10+ years,MORTGAGE,89000.0,Verified,home_improvement,MI,30.74,1.0,710.0,714.0,0.0,74.1,40.0,Individual,6,High Risk,Manual Review
104049308,15000.0, 36 months,24.74,E,E3,10+ years,RENT,58000.0,Source Verified,credit_card,NJ,31.28,2.0,680.0,684.0,0.0,66.0,22.0,Individual,6,High Risk,Manual Review
99678190,16000.0, 36 months,22.74,E,E1,3 years,MORTGAGE,90000.0,Verified,debt_consolidation,NC,31.65,2.0,665.0,669.0,1.0,57.5,57.0,Joint App,6,High Risk,Manual Review
103407293,14000.0, 36 months,30.99,G,G5,2 years,RENT,43000.0,Verified,moving,CO,32.82,0.0,675.0,679.0,0.0,98.2,10.0,Individual,6,High Risk,Manual Review
103347499,5000.0, 36 months,25.49,E,E4,10+ years,MORTGAGE,97000.0,Source Verified,debt_consolidation,NC,33.94,0.0,685.0,689.0,0.0,76.2,32.0,Individual,5,High Risk,Manual Review
104051720,24000.0, 60 months,26.24,E,E5,10+ years,MORTGAGE,105000.0,Verified,debt_consolidation,FL,31.37,4.0,660.0,664.0,1.0,45.0,26.0,Individual,6,High Risk,Manual Review
104111464,16000.0, 60 months,22.74,E,E1,10+ years,MORTGAGE,94000.0,Source Verified,other,VT,28.61,2.0,665.0,669.0,0.0,89.7,24.0,Individual,5,High Risk,Manual Review
104305918,15000.0, 60 months,23.99,E,E2,2 years,RENT,45000.0,Verified,other,NY,31.51,0.0,700.0,704.0,0.0,41.5,32.0,Individual,5,High Risk,Manual Review
104230791,20000.0, 60 months,30.49,F,F4,2 years,RENT,71600.0,Verified,debt_consolidation,TN,31.99,0.0,660.0,664.0,2.0,91.1,23.0,Individual,6,High Risk,Manual Review
104210783,15000.0, 60 months,28.69,F,F1,6 years,OWN,54000.0,Source Verified,debt_consolidation,GA,34.44,1.0,660.0,664.0,0.0,97.1,28.0,Individual,7,High Risk,Manual Review
103746670,35000.0, 36 months,23.99,E,E2,10+ years,MORTGAGE,55000.0,Verified,debt_consolidation,FL,31.18,0.0,665.0,669.0,0.0,92.5,18.0,Joint App,6,High Risk,Manual Review
104043615,6300.0, 36 months,26.24,E,E5,< 1 year,MORTGAGE,19000.0,Verified,debt_consolidation,MA,87.73,1.0,660.0,664.0,2.0,42.9,31.0,Joint App,6,High Risk,Manual Review
102403724,15000.0, 60 months,25.49,E,E4,2 years,RENT,83000.0,Not Verified,debt_consolidation,OH,30.47,0.0,675.0,679.0,1.0,66.5,20.0,Individual,5,High Risk,Manual Review
104300891,23000.0, 60 months,30.84,G,G2,2 years,RENT,50000.0,Verified,debt_consolidation,FL,31.35,0.0,660.0,664.0,0.0,70.7,42.0,Individual,5,High Risk,Manual Review
103457473,18000.0, 60 months,15.99,C,C5,3 years,MORTGAGE,33000.0,Verified,home_improvement,TN,51.24,1.0,665.0,669.0,3.0,90.3,22.0,Joint App,5,High Risk,Manual Review
103378049,16450.0, 60 months,25.49,E,E4,1 year,RENT,22000.0,Verified,other,MS,36.66,0.0,715.0,719.0,0.0,27.7,7.0,Joint App,5,High Risk,Manual Review
103648654,34950.0, 36 months,22.74,E,E1,4 years,OWN,69900.0,Source Verified,debt_consolidation,TX,33.62,0.0,715.0,719.0,1.0,55.8,14.0,Individual,5,High Risk,Manual Review
102924473,18000.0, 60 months,30.84,G,G2,8 years,RENT,108000.0,Verified,credit_card,CT,30.27,0.0,670.0,674.0,2.0,67.6,30.0,Individual,5,High Risk,Manual Review
103484279,3025.0, 36 months,23.99,E,E2,< 1 year,OWN,30000.0,Source Verified,car,GA,13.0,1.0,660.0,664.0,0.0,91.8,20.0,Individual,5,High Risk,Manual Review
103752137,5600.0, 36 months,22.74,E,E1,5 years,MORTGAGE,36000.0,Source Verified,debt_consolidation,GA,34.01,0.0,660.0,664.0,1.0,58.6,12.0,Individual,5,High Risk,Manual Review
102977888,12500.0, 36 months,22.74,E,E1,< 1 year,RENT,40000.0,Source Verified,debt_consolidation,IL,31.02,0.0,685.0,689.0,1.0,42.6,30.0,Individual,5,High Risk,Manual Review
104160178,20000.0, 36 months,30.89,G,G3,< 1 year,RENT,54000.0,Source Verified,debt_consolidation,FL,34.39,0.0,660.0,664.0,1.0,75.2,30.0,Individual,5,High Risk,Manual Review
103628747,9800.0, 36 months,23.99,E,E2,2 years,RENT,35000.0,Verified,debt_consolidation,WA,33.68,0.0,695.0,699.0,2.0,18.0,19.0,Individual,5,High Risk,Manual Review
103214818,20500.0, 60 months,22.74,E,E1,4 years,RENT,487.0,Source Verified,credit_card,CA,999.0,0.0,700.0,704.0,0.0,60.5,7.0,Joint App,5,High Risk,Manual Review
99901522,5750.0, 36 months,28.69,F,F1,8 years,MORTGAGE,130000.0,Verified,debt_consolidation,GA,33.23,0.0,675.0,679.0,0.0,85.0,37.0,Individual,6,High Risk,Manual Review
103407500,10000.0, 36 months,30.79,G,G1,10+ years,OWN,51600.0,Source Verified,debt_consolidation,AZ,43.74,0.0,670.0,674.0,3.0,36.8,17.0,Joint App,5,High Risk,Manual Review
103740412,10000.0, 36 months,24.74,E,E3,10+ years,RENT,20000.0,Verified,debt_consolidation,NY,33.25,0.0,690.0,694.0,1.0,44.5,16.0,Individual,5,High Risk,Manual Review
104060402,25525.0, 60 months,25.49,E,E4,1 year,MORTGAGE,72000.0,Not Verified,credit_card,OH,32.87,0.0,695.0,699.0,0.0,49.1,45.0,Individual,5,High Risk,Manual Review
103469882,21000.0, 60 months,22.74,E,E1,10+ years,MORTGAGE,40000.0,Verified,debt_consolidation,NY,42.54,0.0,705.0,709.0,1.0,59.5,15.0,Joint App,5,High Risk,Manual Review
103428755,35000.0, 60 months,28.69,F,F1,10+ years,MORTGAGE,42000.0,Verified,debt_consolidation,NV,39.57,0.0,685.0,689.0,1.0,80.8,19.0,Joint App,6,High Risk,Manual Review
102676160,12000.0, 60 months,23.99,E,E2,1 year,RENT,30000.0,Source Verified,debt_consolidation,FL,31.6,0.0,670.0,674.0,0.0,41.4,23.0,Individual,5,High Risk,Manual Review
102595719,24000.0, 60 months,28.69,F,F1,7 years,MORTGAGE,75000.0,Not Verified,major_purchase,IL,33.16,1.0,720.0,724.0,0.0,47.1,37.0,Individual,6,High Risk,Manual Review
104045112,22000.0, 36 months,26.24,E,E5,10+ years,RENT,50000.0,Not Verified,debt_consolidation,CA,32.96,1.0,665.0,669.0,0.0,68.3,17.0,Individual,6,High Risk,Manual Review
103754479,30000.0, 36 months,23.99,E,E2,2 years,MORTGAGE,49000.0,Verified,debt_consolidation,TX,41.98,0.0,680.0,684.0,0.0,87.3,15.0,Joint App,6,High Risk,Manual Review
103891983,14500.0, 60 months,22.74,E,E1,1 year,RENT,40000.0,Not Verified,credit_card,NY,34.59,0.0,715.0,719.0,0.0,43.1,24.0,Individual,5,High Risk,Manual Review
103668413,23400.0, 60 months,28.69,F,F1,,MORTGAGE,52000.0,Verified,debt_consolidation,TX,28.06,1.0,670.0,674.0,2.0,95.0,32.0,Individual,5,High Risk,Manual Review
103209336,24000.0, 60 months,22.74,E,E1,10+ years,MORTGAGE,85000.0,Not Verified,debt_consolidation,NJ,30.49,1.0,685.0,689.0,0.0,86.4,22.0,Joint App,7,High Risk,Manual Review
104028274,30000.0, 60 months,29.99,F,F3,10+ years,MORTGAGE,94000.0,Verified,debt_consolidation,VT,26.89,3.0,670.0,674.0,3.0,99.0,33.0,Individual,5,High Risk,Manual Review
103468387,12000.0, 60 months,30.84,G,G2,2 years,MORTGAGE,52000.0,Verified,house,WA,49.91,0.0,660.0,664.0,3.0,65.6,33.0,Joint App,5,High Risk,Manual Review
103861613,12000.0, 60 months,25.49,E,E4,< 1 year,RENT,60000.0,Verified,credit_card,CA,30.82,0.0,680.0,684.0,0.0,53.7,30.0,Individual,5,High Risk,Manual Review
103771692,18000.0, 60 months,22.74,E,E1,5 years,RENT,55000.0,Verified,debt_consolidation,CA,34.21,0.0,710.0,714.0,2.0,16.8,46.0,Individual,5,High Risk,Manual Review
102734662,14500.0, 60 months,23.99,E,E2,,MORTGAGE,10000.0,Verified,debt_consolidation,TN,49.34,0.0,740.0,744.0,0.0,15.0,21.0,Joint App,5,High Risk,Manual Review
103791575,32000.0, 60 months,29.99,F,F3,10+ years,MORTGAGE,70000.0,Verified,debt_consolidation,MN,34.66,0.0,685.0,689.0,1.0,64.8,32.0,Individual,5,High Risk,Manual Review
100475551,29900.0, 60 months,22.74,E,E1,2 years,RENT,38400.0,Verified,debt_consolidation,NV,48.33,0.0,670.0,674.0,0.0,58.8,25.0,Joint App,5,High Risk,Manual Review
103488167,16000.0, 60 months,30.49,F,F4,5 years,MORTGAGE,50000.0,Source Verified,debt_consolidation,MA,31.11,0.0,660.0,664.0,1.0,65.1,29.0,Individual,5,High Risk,Manual Review
102784653,16000.0, 60 months,25.49,E,E4,10+ years,MORTGAGE,65239.0,Source Verified,debt_consolidation,NY,34.5,2.0,685.0,689.0,1.0,68.9,42.0,Individual,6,High Risk,Manual Review
103538671,11900.0, 60 months,28.69,F,F1,10+ years,RENT,31000.0,Verified,debt_consolidation,OH,32.29,0.0,690.0,694.0,2.0,43.4,27.0,Individual,5,High Risk,Manual Review
102904671,27000.0, 60 months,30.84,G,G2,6 years,RENT,60000.0,Verified,debt_consolidation,WA,30.3,0.0,670.0,674.0,0.0,66.0,22.0,Individual,5,High Risk,Manual Review
102637506,35000.0, 60 months,28.69,F,F1,< 1 year,MORTGAGE,45000.0,Verified,debt_consolidation,PA,43.04,0.0,665.0,669.0,0.0,95.2,35.0,Joint App,6,High Risk,Manual Review
102905985,20000.0, 60 months,26.24,E,E5,10+ years,RENT,54911.44,Not Verified,debt_consolidation,FL,34.62,3.0,665.0,669.0,0.0,47.7,23.0,Individual,6,High Risk,Manual Review
103688339,10200.0, 60 months,29.49,F,F2,2 years,MORTGAGE,29000.0,Verified,debt_consolidation,NY,31.5,0.0,690.0,694.0,1.0,32.8,20.0,Individual,5,High Risk,Manual Review
102914592,14000.0, 60 months,23.99,E,E2,6 years,MORTGAGE,110000.0,Source Verified,small_business,MD,9.73,2.0,665.0,669.0,0.0,90.7,31.0,Individual,5,High Risk,Manual Review
102367067,30000.0, 60 months,25.49,E,E4,10+ years,MORTGAGE,22000.0,Verified,credit_card,CA,126.12,0.0,665.0,669.0,1.0,52.0,41.0,Joint App,5,High Risk,Manual Review
103507956,30000.0, 60 months,30.49,F,F4,7 years,MORTGAGE,65690.4,Verified,credit_card,AL,21.3,1.0,685.0,689.0,1.0,92.3,40.0,Individual,5,High Risk,Manual Review
103508644,25000.0, 60 months,28.69,F,F1,10+ years,RENT,83699.0,Source Verified,debt_consolidation,NY,30.88,0.0,665.0,669.0,0.0,70.4,40.0,Individual,5,High Risk,Manual Review
103470871,24625.0, 60 months,28.69,F,F1,10+ years,MORTGAGE,38000.0,Verified,debt_consolidation,OH,37.93,0.0,680.0,684.0,2.0,81.0,17.0,Joint App,6,High Risk,Manual Review
102435649,34650.0, 60 months,28.69,F,F1,,RENT,23000.0,Verified,debt_consolidation,FL,61.59,0.0,685.0,689.0,0.0,40.3,34.0,Joint App,5,High Risk,Manual Review
102396418,30400.0, 60 months,29.99,F,F3,5 years,MORTGAGE,117000.0,Verified,debt_consolidation,MO,31.9,0.0,695.0,699.0,2.0,36.9,40.0,Individual,5,High Risk,Manual Review
102642650,24000.0, 60 months,30.74,F,F5,10+ years,MORTGAGE,61650.0,Source Verified,debt_consolidation,IN,32.96,0.0,680.0,684.0,0.0,40.7,46.0,Joint App,5,High Risk,Manual Review
103357398,20000.0, 36 months,22.74,E,E1,,OWN,13000.0,Not Verified,debt_consolidation,DE,127.15,0.0,665.0,669.0,0.0,28.7,35.0,Joint App,5,High Risk,Manual Review
102476841,28000.0, 60 months,25.49,E,E4,< 1 year,MORTGAGE,93000.0,Not Verified,credit_card,OH,32.06,0.0,695.0,699.0,0.0,80.6,59.0,Individual,6,High Risk,Manual Review
103470350,28225.0, 60 months,25.49,E,E4,< 1 year,MORTGAGE,60000.0,Not Verified,credit_card,CO,34.24,0.0,710.0,714.0,0.0,59.1,18.0,Joint App,5,High Risk,Manual Review
103627872,25000.0, 60 months,26.24,E,E5,8 years,RENT,72000.0,Source Verified,debt_consolidation,MS,33.45,1.0,660.0,664.0,0.0,99.8,28.0,Individual,7,High Risk,Manual Review
103357402,24000.0, 60 months,30.89,G,G3,10+ years,MORTGAGE,70348.0,Not Verified,debt_consolidation,WI,31.71,0.0,695.0,699.0,3.0,62.5,36.0,Individual,5,High Risk,Manual Review
102655353,28000.0, 60 months,30.89,G,G3,2 years,MORTGAGE,33500.0,Verified,debt_consolidation,MI,58.87,0.0,675.0,679.0,1.0,57.1,22.0,Joint App,5,High Risk,Manual Review
102637528,28000.0, 60 months,29.99,F,F3,< 1 year,MORTGAGE,66248.0,Source Verified,debt_consolidation,PA,31.96,0.0,665.0,669.0,1.0,63.0,20.0,Joint App,5,High Risk,Manual Review
103547653,10000.0, 60 months,30.99,G,G5,1 year,MORTGAGE,115000.0,Verified,debt_consolidation,FL,30.9,1.0,675.0,679.0,0.0,88.8,26.0,Individual,7,High Risk,Manual Review
103727233,26000.0, 60 months,24.74,E,E3,6 years,RENT,70000.0,Verified,debt_consolidation,NY,33.4,0.0,660.0,664.0,1.0,63.0,20.0,Individual,5,High Risk,Manual Review
102655382,14000.0, 60 months,28.69,F,F1,3 years,RENT,16000.0,Verified,debt_consolidation,KS,52.74,0.0,690.0,694.0,2.0,29.5,21.0,Joint App,5,High Risk,Manual Review
103213385,12000.0, 60 months,23.99,E,E2,6 years,MORTGAGE,30000.0,Source Verified,debt_consolidation,NY,33.68,0.0,675.0,679.0,1.0,46.6,14.0,Individual,5,High Risk,Manual Review
103387251,20000.0, 60 months,30.74,F,F5,,RENT,60000.0,Verified,debt_consolidation,WA,33.6,0.0,675.0,679.0,2.0,78.8,46.0,Individual,5,High Risk,Manual Review
102626959,18000.0, 60 months,30.99,G,G5,4 years,OWN,18000.0,Verified,debt_consolidation,MI,76.0,0.0,690.0,694.0,1.0,58.0,14.0,Joint App,5,High Risk,Manual Review
103473751,24000.0, 60 months,23.99,E,E2,10+ years,MORTGAGE,82673.0,Source Verified,major_purchase,VA,22.14,2.0,660.0,664.0,2.0,81.7,19.0,Individual,5,High Risk,Manual Review
103268381,35000.0, 60 months,29.49,F,F2,< 1 year,OWN,91000.0,Source Verified,debt_consolidation,MD,20.8,1.0,700.0,704.0,0.0,80.1,28.0,Individual,5,High Risk,Manual Review
102644408,20000.0, 60 months,30.94,G,G4,< 1 year,RENT,18956.0,Verified,other,NM,40.79,0.0,705.0,709.0,1.0,47.3,7.0,Joint App,5,High Risk,Manual Review
103248345,10000.0, 60 months,23.99,E,E2,4 years,MORTGAGE,55000.0,Verified,debt_consolidation,NC,31.84,0.0,685.0,689.0,2.0,61.8,13.0,Individual,5,High Risk,Manual Review
103137120,24500.0, 60 months,22.74,E,E1,10+ years,MORTGAGE,59716.0,Verified,debt_consolidation,LA,30.65,0.0,675.0,679.0,1.0,66.0,60.0,Individual,5,High Risk,Manual Review
102155944,31075.0, 60 months,22.74,E,E1,< 1 year,RENT,65400.0,Verified,debt_consolidation,WA,24.26,1.0,665.0,669.0,0.0,94.0,11.0,Individual,5,High Risk,Manual Review
75417768,14400.0, 60 months,20.75,E,E2,4 years,MORTGAGE,78000.0,Not Verified,home_improvement,MS,36.18,0.0,735.0,739.0,1.0,36.7,37.0,Individual,5,High Risk,Manual Review
75358632,21250.0, 60 months,21.18,E,E3,,MORTGAGE,48309.0,Verified,debt_consolidation,SC,39.16,0.0,680.0,684.0,0.0,47.3,50.0,Individual,5,High Risk,Manual Review
76133872,3000.0, 36 months,22.45,E,E5,9 years,OWN,48000.0,Source Verified,debt_consolidation,TX,35.78,1.0,660.0,664.0,1.0,59.8,23.0,Individual,6,High Risk,Manual Review
76052242,9600.0, 36 months,23.13,F,F1,< 1 year,RENT,30000.0,Source Verified,credit_card,GA,38.12,0.0,665.0,669.0,0.0,91.5,22.0,Individual,6,High Risk,Manual Review
76073786,5000.0, 36 months,17.27,D,D2,1 year,MORTGAGE,112000.0,Source Verified,other,VA,35.34,1.0,685.0,689.0,1.0,80.8,35.0,Individual,5,High Risk,Manual Review
76083360,18000.0, 60 months,19.99,E,E1,10+ years,MORTGAGE,102000.0,Verified,debt_consolidation,NJ,30.64,0.0,665.0,669.0,2.0,22.7,53.0,Individual,5,High Risk,Manual Review
76021583,15000.0, 60 months,26.57,F,F5,9 years,MORTGAGE,65500.0,Verified,home_improvement,MN,33.47,0.0,690.0,694.0,1.0,48.7,24.0,Individual,5,High Risk,Manual Review
76143691,24000.0, 60 months,19.99,E,E1,10+ years,OWN,90000.0,Not Verified,debt_consolidation,OH,26.89,1.0,680.0,684.0,0.0,96.9,23.0,Individual,5,High Risk,Manual Review
76083487,11200.0, 60 months,20.75,E,E2,4 years,RENT,42000.0,Verified,debt_consolidation,OH,32.17,0.0,660.0,664.0,1.0,56.8,30.0,Individual,5,High Risk,Manual Review
75719434,16800.0, 60 months,21.18,E,E3,3 years,MORTGAGE,67000.0,Verified,debt_consolidation,CA,38.06,0.0,680.0,684.0,0.0,82.0,40.0,Individual,6,High Risk,Manual Review
75952497,2400.0, 36 months,21.18,E,E3,10+ years,MORTGAGE,70000.0,Source Verified,other,MO,44.73,0.0,715.0,719.0,0.0,62.0,26.0,Individual,5,High Risk,Manual Review
75810447,10100.0, 60 months,21.97,E,E4,10+ years,RENT,57360.0,Verified,debt_consolidation,CA,34.96,0.0,680.0,684.0,0.0,34.1,35.0,Individual,5,High Risk,Manual Review
76142051,24000.0, 60 months,21.18,E,E3,1 year,MORTGAGE,115000.0,Source Verified,debt_consolidation,NJ,36.73,0.0,740.0,744.0,0.0,62.2,57.0,Individual,5,High Risk,Manual Review
75448296,7500.0, 36 months,21.18,E,E3,7 years,RENT,65000.0,Verified,debt_consolidation,IL,34.4,0.0,680.0,684.0,2.0,3.0,35.0,Individual,5,High Risk,Manual Review
74935443,16950.0, 36 months,26.57,F,F5,4 years,MORTGAGE,53000.0,Verified,debt_consolidation,AZ,39.22,0.0,670.0,674.0,2.0,74.3,13.0,Joint App,5,High Risk,Manual Review
76143391,10200.0, 60 months,19.99,E,E1,8 years,RENT,38500.0,Not Verified,debt_consolidation,AZ,36.5,0.0,665.0,669.0,1.0,54.2,17.0,Individual,5,High Risk,Manual Review
75779808,1200.0, 36 months,21.18,E,E3,,RENT,20000.0,Verified,debt_consolidation,NV,29.92,1.0,660.0,664.0,3.0,82.2,33.0,Individual,5,High Risk,Manual Review
75679732,5925.0, 36 months,21.97,E,E4,3 years,RENT,26500.0,Source Verified,credit_card,FL,34.24,0.0,685.0,689.0,0.0,48.5,18.0,Individual,5,High Risk,Manual Review
76013219,7450.0, 36 months,28.34,G,G3,10+ years,OWN,49000.0,Verified,debt_consolidation,MN,36.13,2.0,665.0,669.0,2.0,59.0,28.0,Individual,6,High Risk,Manual Review
76133103,4025.0, 36 months,21.97,E,E4,10+ years,MORTGAGE,51000.0,Source Verified,debt_consolidation,CT,40.02,0.0,675.0,679.0,0.0,81.3,34.0,Individual,6,High Risk,Manual Review
75161906,15275.0, 60 months,19.53,D,D5,10+ years,MORTGAGE,69000.0,Verified,debt_consolidation,HI,44.8,4.0,660.0,664.0,0.0,89.8,24.0,Individual,5,High Risk,Manual Review
75477331,35000.0, 60 months,22.45,E,E5,10+ years,MORTGAGE,53000.0,Verified,credit_card,DE,52.02,0.0,695.0,699.0,1.0,75.0,35.0,Joint App,5,High Risk,Manual Review
76103136,19200.0, 60 months,19.99,E,E1,< 1 year,MORTGAGE,125000.0,Verified,debt_consolidation,TX,27.5,3.0,660.0,664.0,2.0,83.5,52.0,Individual,5,High Risk,Manual Review
75983139,35000.0, 60 months,22.45,E,E5,5 years,MORTGAGE,130000.0,Source Verified,credit_card,NY,20.39,1.0,685.0,689.0,0.0,83.3,30.0,Individual,5,High Risk,Manual Review
75507906,17600.0, 36 months,28.67,G,G4,3 years,RENT,55000.0,Verified,other,NY,30.61,0.0,745.0,749.0,4.0,14.4,25.0,Individual,5,High Risk,Manual Review
74876279,15525.0, 60 months,21.18,E,E3,4 years,OWN,75585.0,Not Verified,medical,TX,31.39,0.0,710.0,714.0,2.0,19.6,36.0,Individual,5,High Risk,Manual Review
73703430,5325.0, 36 months,28.34,G,G3,3 years,MORTGAGE,26120.52,Source Verified,debt_consolidation,WI,37.96,1.0,670.0,674.0,0.0,71.5,19.0,Individual,6,High Risk,Manual Review
73702193,30000.0, 36 months,19.99,E,E1,2 years,MORTGAGE,75000.0,Verified,debt_consolidation,AL,32.46,1.0,660.0,664.0,1.0,87.1,22.0,Individual,7,High Risk,Manual Review
73865008,12900.0, 36 months,22.45,E,E5,10+ years,RENT,64500.0,Verified,debt_consolidation,OR,41.23,0.0,725.0,729.0,3.0,43.1,24.0,Individual,5,High Risk,Manual Review
75447862,26025.0, 36 months,20.75,E,E2,10+ years,MORTGAGE,67619.0,Source Verified,debt_consolidation,TX,35.48,0.0,705.0,709.0,0.0,48.1,33.0,Individual,5,High Risk,Manual Review
75350207,2000.0, 36 months,19.99,E,E1,,MORTGAGE,54000.0,Verified,debt_consolidation,CO,30.91,2.0,675.0,679.0,0.0,95.7,11.0,Individual,7,High Risk,Manual Review
75800670,8000.0, 36 months,20.75,E,E2,,MORTGAGE,73000.0,Verified,home_improvement,GA,38.71,0.0,695.0,699.0,0.0,76.2,28.0,Individual,5,High Risk,Manual Review
75060888,17600.0, 60 months,21.18,E,E3,10+ years,MORTGAGE,57894.0,Verified,home_improvement,AL,36.69,0.0,695.0,699.0,1.0,89.2,26.0,Individual,6,High Risk,Manual Review
76041735,18375.0, 60 months,28.99,G,G5,3 years,RENT,78795.0,Not Verified,debt_consolidation,CA,46.47,0.0,680.0,684.0,0.0,52.2,54.0,Individual,5,High Risk,Manual Review
74765384,6000.0, 36 months,21.18,E,E3,,RENT,45000.0,Verified,debt_consolidation,CA,38.56,0.0,665.0,669.0,1.0,24.0,16.0,Individual,5,High Risk,Manual Review
75710573,3350.0, 36 months,20.75,E,E2,1 year,RENT,26400.0,Verified,debt_consolidation,CA,30.82,0.0,680.0,684.0,1.0,42.7,7.0,Individual,5,High Risk,Manual Review
74492865,31600.0, 60 months,28.34,G,G3,10+ years,RENT,72000.0,Source Verified,debt_consolidation,NV,34.73,1.0,680.0,684.0,1.0,35.1,51.0,Individual,6,High Risk,Manual Review
75870781,20000.0, 60 months,16.29,D,D1,5 years,RENT,59000.0,Not Verified,debt_consolidation,TN,35.97,1.0,695.0,699.0,0.0,84.2,38.0,Individual,5,High Risk,Manual Review
75467877,11200.0, 60 months,19.99,E,E1,3 years,RENT,126000.0,Source Verified,debt_consolidation,ME,15.64,1.0,670.0,674.0,0.0,83.8,35.0,Individual,5,High Risk,Manual Review
76122924,26500.0, 60 months,24.11,F,F2,7 years,MORTGAGE,53000.0,Not Verified,credit_card,AL,30.68,0.0,695.0,699.0,0.0,61.3,47.0,Individual,5,High Risk,Manual Review
74985153,14725.0, 60 months,19.99,E,E1,,MORTGAGE,90000.0,Not Verified,car,TN,38.23,6.0,670.0,674.0,0.0,38.7,33.0,Individual,6,High Risk,Manual Review
75869642,28000.0, 60 months,20.75,E,E2,9 years,MORTGAGE,32782.0,Source Verified,debt_consolidation,NC,32.88,0.0,660.0,664.0,0.0,83.0,32.0,Joint App,6,High Risk,Manual Review
76042542,10000.0, 36 months,21.97,E,E4,4 years,MORTGAGE,64000.0,Verified,debt_consolidation,TX,32.7,0.0,660.0,664.0,0.0,72.1,31.0,Individual,5,High Risk,Manual Review
75109639,28275.0, 36 months,21.97,E,E4,10+ years,MORTGAGE,56560.0,Verified,debt_consolidation,PA,42.73,3.0,685.0,689.0,0.0,55.0,32.0,Individual,6,High Risk,Manual Review
75312799,12300.0, 36 months,19.99,E,E1,< 1 year,MORTGAGE,38772.0,Source Verified,debt_consolidation,OR,32.84,1.0,690.0,694.0,1.0,94.1,21.0,Individual,7,High Risk,Manual Review
75457808,20000.0, 36 months,18.25,D,D3,10+ years,MORTGAGE,80000.0,Source Verified,credit_card,IL,32.25,2.0,660.0,664.0,1.0,88.0,33.0,Individual,5,High Risk,Manual Review
76061968,23550.0, 60 months,28.99,G,G5,2 years,RENT,62000.0,Verified,debt_consolidation,VA,40.11,0.0,675.0,679.0,1.0,64.5,35.0,Individual,5,High Risk,Manual Review
75497312,11500.0, 36 months,21.97,E,E4,10+ years,MORTGAGE,32000.0,Verified,debt_consolidation,MI,33.95,0.0,665.0,669.0,3.0,64.8,30.0,Individual,5,High Risk,Manual Review
76132971,25000.0, 36 months,20.75,E,E2,10+ years,MORTGAGE,127524.28,Not Verified,debt_consolidation,NJ,31.66,0.0,700.0,704.0,1.0,90.4,55.0,Individual,6,High Risk,Manual Review
75690487,13550.0, 60 months,24.11,F,F2,10+ years,MORTGAGE,46000.0,Verified,debt_consolidation,FL,39.19,0.0,700.0,704.0,0.0,94.6,22.0,Individual,6,High Risk,Manual Review
75889353,30000.0, 60 months,15.31,C,C5,2 years,MORTGAGE,85000.0,Verified,credit_card,WI,30.17,1.0,670.0,674.0,0.0,81.0,41.0,Individual,5,High Risk,Manual Review
75992392,10750.0, 60 months,22.45,E,E5,3 years,OWN,55000.0,Source Verified,debt_consolidation,NJ,33.6,3.0,685.0,689.0,0.0,34.6,31.0,Individual,6,High Risk,Manual Review
75527476,25000.0, 36 months,28.99,G,G5,5 years,OWN,50000.0,Verified,debt_consolidation,MI,43.4,3.0,660.0,664.0,2.0,29.5,24.0,Individual,6,High Risk,Manual Review
75243620,30000.0, 60 months,19.99,E,E1,10+ years,MORTGAGE,120000.0,Verified,debt_consolidation,MA,38.46,0.0,720.0,724.0,0.0,37.3,46.0,Individual,5,High Risk,Manual Review
75748803,3000.0, 36 months,19.99,E,E1,,MORTGAGE,60000.0,Source Verified,moving,MO,16.38,1.0,670.0,674.0,3.0,85.5,23.0,Individual,5,High Risk,Manual Review
75698697,20000.0, 60 months,19.99,E,E1,2 years,RENT,60000.0,Source Verified,credit_card,NY,40.72,0.0,670.0,674.0,0.0,82.2,53.0,Joint App,6,High Risk,Manual Review
75788532,5000.0, 36 months,20.75,E,E2,3 years,MORTGAGE,28000.0,Source Verified,debt_consolidation,MD,35.15,0.0,665.0,669.0,0.0,24.2,12.0,Individual,5,High Risk,Manual Review
75194382,8000.0, 36 months,23.13,F,F1,10+ years,MORTGAGE,61000.0,Source Verified,other,FL,46.31,0.0,680.0,684.0,0.0,78.6,28.0,Individual,5,High Risk,Manual Review
75060009,22000.0, 60 months,22.45,E,E5,5 years,MORTGAGE,50000.0,Verified,credit_card,TN,35.91,0.0,680.0,684.0,0.0,76.4,26.0,Individual,5,High Risk,Manual Review
75163686,20000.0, 60 months,21.18,E,E3,1 year,MORTGAGE,30000.0,Not Verified,other,GA,41.44,0.0,665.0,669.0,0.0,70.0,24.0,Joint App,5,High Risk,Manual Review
76052661,40000.0, 60 months,21.18,E,E3,6 years,MORTGAGE,104952.0,Verified,debt_consolidation,PA,30.29,0.0,685.0,689.0,0.0,64.7,28.0,Individual,5,High Risk,Manual Review
75645165,12600.0, 36 months,28.67,G,G4,10+ years,OWN,62000.0,Verified,debt_consolidation,NC,33.34,0.0,675.0,679.0,1.0,76.7,39.0,Individual,5,High Risk,Manual Review
76092476,8225.0, 36 months,21.18,E,E3,5 years,MORTGAGE,36000.0,Source Verified,debt_consolidation,OH,35.97,0.0,730.0,734.0,1.0,34.4,18.0,Individual,5,High Risk,Manual Review
75150815,15000.0, 60 months,19.99,E,E1,5 years,RENT,60000.0,Verified,credit_card,CA,47.02,0.0,665.0,669.0,1.0,54.6,63.0,Individual,5,High Risk,Manual Review
76132699,3000.0, 36 months,19.99,E,E1,,MORTGAGE,52000.0,Verified,debt_consolidation,TX,47.1,0.0,660.0,664.0,0.0,83.0,32.0,Individual,6,High Risk,Manual Review
75888279,1800.0, 36 months,23.13,F,F1,< 1 year,OWN,27040.0,Source Verified,medical,CA,36.84,1.0,675.0,679.0,0.0,34.8,23.0,Individual,6,High Risk,Manual Review
76132501,12125.0, 36 months,18.25,D,D3,2 years,MORTGAGE,58000.0,Not Verified,debt_consolidation,WI,36.17,1.0,660.0,664.0,1.0,93.2,28.0,Individual,5,High Risk,Manual Review
75123233,21000.0, 60 months,24.11,F,F2,3 years,MORTGAGE,165000.0,Source Verified,home_improvement,CA,13.03,1.0,715.0,719.0,0.0,90.5,20.0,Individual,5,High Risk,Manual Review
74502963,15175.0, 60 months,28.14,G,G2,3 years,RENT,48793.0,Not Verified,debt_consolidation,CA,33.33,0.0,660.0,664.0,1.0,73.5,19.0,Individual,5,High Risk,Manual Review
76012709,11800.0, 60 months,20.75,E,E2,5 years,RENT,64000.0,Not Verified,debt_consolidation,NY,36.11,0.0,715.0,719.0,0.0,39.6,28.0,Individual,5,High Risk,Manual Review
75264192,5600.0, 36 months,22.45,E,E5,10+ years,MORTGAGE,39000.0,Source Verified,debt_consolidation,WI,48.15,1.0,670.0,674.0,0.0,38.6,15.0,Individual,6,High Risk,Manual Review
76082742,2300.0, 36 months,23.13,F,F1,10+ years,MORTGAGE,73000.0,Not Verified,credit_card,NV,36.58,0.0,685.0,689.0,1.0,54.6,48.0,Individual,5,High Risk,Manual Review
75304418,6300.0, 36 months,20.75,E,E2,10+ years,MORTGAGE,34000.0,Not Verified,debt_consolidation,AZ,32.07,1.0,680.0,684.0,2.0,32.0,29.0,Individual,6,High Risk,Manual Review
75350209,20000.0, 60 months,19.99,E,E1,1 year,MORTGAGE,55000.0,Verified,debt_consolidation,IN,37.99,0.0,670.0,674.0,2.0,63.5,30.0,Individual,5,High Risk,Manual Review
75680264,14925.0, 60 months,19.99,E,E1,4 years,OWN,76000.0,Source Verified,credit_card,IN,34.65,0.0,670.0,674.0,0.0,83.4,42.0,Individual,6,High Risk,Manual Review
75135316,15000.0, 36 months,23.13,F,F1,< 1 year,RENT,40000.0,Source Verified,credit_card,SC,31.2,0.0,665.0,669.0,2.0,47.4,21.0,Individual,5,High Risk,Manual Review
74584266,30000.0, 60 months,20.75,E,E2,8 years,MORTGAGE,99000.0,Source Verified,debt_consolidation,IN,36.52,0.0,725.0,729.0,0.0,49.3,43.0,Individual,5,High Risk,Manual Review
75234902,16000.0, 60 months,27.34,G,G1,10+ years,RENT,50000.0,Source Verified,other,NJ,30.27,1.0,665.0,669.0,1.0,31.3,25.0,Individual,6,High Risk,Manual Review
75487120,20775.0, 60 months,23.13,F,F1,10+ years,MORTGAGE,150000.0,Source Verified,debt_consolidation,TX,31.61,1.0,660.0,664.0,0.0,75.1,42.0,Individual,6,High Risk,Manual Review
75577903,19475.0, 60 months,24.99,F,F3,6 years,MORTGAGE,58000.0,Source Verified,debt_consolidation,PA,30.31,0.0,675.0,679.0,0.0,86.2,24.0,Individual,6,High Risk,Manual Review
75800072,8000.0, 36 months,20.75,E,E2,10+ years,RENT,30000.0,Source Verified,debt_consolidation,CA,31.08,0.0,665.0,669.0,1.0,56.4,14.0,Individual,5,High Risk,Manual Review
75890292,10500.0, 36 months,20.75,E,E2,10+ years,RENT,45000.0,Source Verified,debt_consolidation,RI,34.1,0.0,680.0,684.0,2.0,70.3,22.0,Individual,5,High Risk,Manual Review
74904477,28000.0, 36 months,26.57,F,F5,2 years,OWN,80000.0,Verified,debt_consolidation,NM,36.31,0.0,665.0,669.0,3.0,55.3,93.0,Individual,5,High Risk,Manual Review
76061839,2000.0, 36 months,21.97,E,E4,10+ years,MORTGAGE,52000.0,Source Verified,vacation,OR,32.89,0.0,715.0,719.0,0.0,64.3,23.0,Individual,5,High Risk,Manual Review
75878742,4500.0, 36 months,26.57,F,F5,8 years,RENT,25000.0,Source Verified,debt_consolidation,FL,37.16,0.0,675.0,679.0,0.0,70.1,10.0,Individual,5,High Risk,Manual Review
76052142,3000.0, 36 months,23.13,F,F1,10+ years,MORTGAGE,95000.0,Source Verified,medical,KY,36.12,2.0,675.0,679.0,4.0,42.3,19.0,Individual,6,High Risk,Manual Review
75527942,25000.0, 60 months,21.18,E,E3,10+ years,MORTGAGE,80000.0,Source Verified,credit_card,MI,35.92,0.0,685.0,689.0,0.0,70.3,21.0,Individual,5,High Risk,Manual Review
75223809,10400.0, 36 months,19.99,E,E1,10+ years,MORTGAGE,54000.0,Source Verified,debt_consolidation,IL,37.11,0.0,665.0,669.0,0.0,98.4,24.0,Individual,6,High Risk,Manual Review
75427348,3025.0, 36 months,23.13,F,F1,5 years,MORTGAGE,24000.0,Verified,debt_consolidation,NC,36.65,0.0,670.0,674.0,0.0,90.4,9.0,Individual,6,High Risk,Manual Review
75961847,2500.0, 36 months,19.99,E,E1,10+ years,MORTGAGE,103692.0,Source Verified,debt_consolidation,WA,38.16,0.0,700.0,704.0,0.0,96.5,49.0,Individual,6,High Risk,Manual Review
76051832,15000.0, 36 months,15.31,C,C5,5 years,RENT,95000.0,Not Verified,debt_consolidation,CA,36.46,1.0,660.0,664.0,0.0,97.2,22.0,Individual,5,High Risk,Manual Review
75729232,14975.0, 36 months,22.45,E,E5,9 years,RENT,47002.0,Verified,debt_consolidation,UT,31.38,0.0,665.0,669.0,2.0,36.1,29.0,Individual,5,High Risk,Manual Review
75283906,18000.0, 36 months,21.18,E,E3,10+ years,RENT,40000.0,Verified,debt_consolidation,VA,34.32,0.0,670.0,674.0,0.0,52.0,19.0,Individual,5,High Risk,Manual Review
75191744,10000.0, 60 months,18.99,D,D4,2 years,RENT,57000.0,Source Verified,debt_consolidation,OR,37.94,1.0,660.0,664.0,0.0,86.8,32.0,Individual,5,High Risk,Manual Review
75130221,35000.0, 36 months,25.88,F,F4,2 years,MORTGAGE,130000.0,Verified,debt_consolidation,FL,34.78,0.0,660.0,664.0,0.0,49.0,57.0,Individual,5,High Risk,Manual Review
75368563,12600.0, 36 months,28.14,G,G2,1 year,RENT,35000.0,Verified,debt_consolidation,NM,30.16,0.0,680.0,684.0,0.0,73.1,9.0,Individual,5,High Risk,Manual Review
75213110,8000.0, 36 months,19.99,E,E1,6 years,RENT,33400.0,Source Verified,credit_card,FL,45.67,0.0,660.0,664.0,0.0,73.0,23.0,Individual,5,High Risk,Manual Review
75810264,18000.0, 60 months,24.99,F,F3,2 years,MORTGAGE,125000.0,Not Verified,credit_card,NC,38.12,0.0,685.0,689.0,0.0,80.3,17.0,Individual,6,High Risk,Manual Review
73689127,10000.0, 60 months,23.13,F,F1,10+ years,RENT,43000.0,Source Verified,debt_consolidation,GA,31.31,0.0,670.0,674.0,0.0,44.5,32.0,Individual,5,High Risk,Manual Review
76141482,5000.0, 36 months,19.99,E,E1,10+ years,MORTGAGE,40000.0,Not Verified,credit_card,OH,14.16,1.0,660.0,664.0,1.0,99.3,22.0,Individual,5,High Risk,Manual Review
76101483,25425.0, 60 months,23.13,F,F1,10+ years,OWN,125000.0,Not Verified,home_improvement,SC,35.1,0.0,705.0,709.0,0.0,76.1,27.0,Individual,5,High Risk,Manual Review
75367664,40000.0, 60 months,21.18,E,E3,,MORTGAGE,120000.0,Verified,debt_consolidation,CO,36.71,0.0,705.0,709.0,0.0,38.9,40.0,Individual,5,High Risk,Manual Review
75349197,30000.0, 60 months,26.57,F,F5,3 years,MORTGAGE,65000.0,Source Verified,home_improvement,FL,30.06,1.0,670.0,674.0,2.0,68.9,53.0,Joint App,6,High Risk,Manual Review
75749913,6450.0, 36 months,19.99,E,E1,< 1 year,RENT,19000.0,Source Verified,credit_card,CT,32.85,0.0,670.0,674.0,2.0,28.3,20.0,Individual,5,High Risk,Manual Review
75447274,4225.0, 36 months,20.75,E,E2,10+ years,RENT,33000.0,Source Verified,debt_consolidation,CO,32.96,1.0,660.0,664.0,3.0,59.5,15.0,Individual,6,High Risk,Manual Review
75839663,7950.0, 36 months,28.14,G,G2,9 years,RENT,48000.0,Source Verified,debt_consolidation,MD,30.13,0.0,665.0,669.0,1.0,85.3,13.0,Individual,6,High Risk,Manual Review
73923169,30000.0, 36 months,21.97,E,E4,9 years,MORTGAGE,60000.0,Verified,small_business,ND,32.94,1.0,740.0,744.0,0.0,16.9,25.0,Individual,6,High Risk,Manual Review
73701957,5425.0, 36 months,21.97,E,E4,,RENT,17000.0,Verified,debt_consolidation,KY,33.97,0.0,660.0,664.0,3.0,17.6,27.0,Individual,5,High Risk,Manual Review
75245080,14075.0, 60 months,20.75,E,E2,3 years,OWN,32000.0,Verified,debt_consolidation,KY,41.6,0.0,685.0,689.0,1.0,73.5,17.0,Individual,5,High Risk,Manual Review
74504576,14400.0, 60 months,26.57,F,F5,10+ years,RENT,36000.0,Verified,debt_consolidation,CA,32.7,0.0,675.0,679.0,0.0,69.8,31.0,Individual,5,High Risk,Manual Review
74806231,3800.0, 36 months,24.11,F,F2,5 years,RENT,33100.0,Source Verified,debt_consolidation,KY,30.02,0.0,670.0,674.0,1.0,49.3,26.0,Individual,5,High Risk,Manual Review
74756283,30250.0, 60 months,28.99,G,G5,10+ years,RENT,136000.0,Verified,debt_consolidation,NV,44.93,0.0,665.0,669.0,1.0,90.3,34.0,Individual,6,High Risk,Manual Review
75951847,6000.0, 36 months,23.13,F,F1,7 years,MORTGAGE,38000.0,Verified,other,CT,7.27,2.0,670.0,674.0,2.0,83.6,34.0,Individual,5,High Risk,Manual Review
75921799,6400.0, 36 months,23.13,F,F1,2 years,RENT,16000.0,Source Verified,credit_card,ND,45.09,0.0,690.0,694.0,0.0,100.3,15.0,Individual,6,High Risk,Manual Review
75818942,10000.0, 36 months,24.99,F,F3,10+ years,RENT,34500.0,Source Verified,debt_consolidation,FL,36.73,0.0,710.0,714.0,2.0,26.4,24.0,Individual,5,High Risk,Manual Review
76151728,30000.0, 60 months,26.57,F,F5,7 years,OWN,60000.0,Source Verified,debt_consolidation,NY,35.3,1.0,680.0,684.0,0.0,56.6,33.0,Individual,6,High Risk,Manual Review
75368827,18625.0, 60 months,19.99,E,E1,8 years,OWN,45375.0,Not Verified,credit_card,MA,32.9,1.0,680.0,684.0,1.0,52.1,56.0,Individual,6,High Risk,Manual Review
75245679,8400.0, 36 months,23.13,F,F1,6 years,MORTGAGE,27886.62,Source Verified,debt_consolidation,SD,45.46,0.0,715.0,719.0,0.0,47.7,25.0,Individual,5,High Risk,Manual Review
75700448,4800.0, 36 months,24.11,F,F2,4 years,RENT,24000.0,Source Verified,debt_consolidation,SC,40.05,1.0,695.0,699.0,1.0,44.4,14.0,Individual,6,High Risk,Manual Review
75850253,18500.0, 60 months,19.99,E,E1,1 year,RENT,56014.0,Verified,debt_consolidation,NC,37.93,0.0,690.0,694.0,0.0,92.1,20.0,Individual,6,High Risk,Manual Review
75215640,25000.0, 60 months,20.75,E,E2,2 years,RENT,72000.0,Not Verified,debt_consolidation,NV,33.73,0.0,690.0,694.0,1.0,75.4,38.0,Individual,5,High Risk,Manual Review
75587969,35000.0, 60 months,22.45,E,E5,10+ years,MORTGAGE,48000.0,Verified,debt_consolidation,OH,33.3,0.0,680.0,684.0,0.0,86.7,27.0,Joint App,6,High Risk,Manual Review
76141551,8000.0, 36 months,19.99,E,E1,6 years,RENT,103000.0,Not Verified,home_improvement,LA,35.61,0.0,745.0,749.0,0.0,20.1,56.0,Individual,5,High Risk,Manual Review
75295824,4000.0, 36 months,25.88,F,F4,10+ years,MORTGAGE,28520.0,Source Verified,debt_consolidation,TX,32.45,0.0,690.0,694.0,0.0,26.6,35.0,Individual,5,High Risk,Manual Review
75729886,35000.0, 60 months,19.99,E,E1,10+ years,MORTGAGE,54000.0,Verified,debt_consolidation,MO,41.18,0.0,675.0,679.0,0.0,88.4,27.0,Joint App,6,High Risk,Manual Review
72675094,15000.0, 36 months,18.99,D,D4,< 1 year,MORTGAGE,90000.0,Source Verified,debt_consolidation,NY,34.28,1.0,675.0,679.0,0.0,84.0,32.0,Individual,5,High Risk,Manual Review
75468362,22300.0, 36 months,21.97,E,E4,10+ years,OWN,58360.0,Verified,credit_card,GA,49.2,0.0,685.0,689.0,0.0,81.8,24.0,Individual,6,High Risk,Manual Review
75850049,5000.0, 36 months,24.11,F,F2,6 years,RENT,30000.0,Source Verified,other,PA,36.49,0.0,700.0,704.0,3.0,29.2,19.0,Individual,5,High Risk,Manual Review
75407208,1000.0, 36 months,20.75,E,E2,3 years,OWN,75000.0,Not Verified,vacation,FL,35.86,0.0,700.0,704.0,1.0,45.5,40.0,Individual,5,High Risk,Manual Review
75690964,16500.0, 36 months,21.18,E,E3,6 years,RENT,33000.0,Verified,debt_consolidation,CA,43.82,0.0,680.0,684.0,0.0,57.9,12.0,Individual,5,High Risk,Manual Review
75607387,15000.0, 60 months,21.97,E,E4,< 1 year,OWN,75000.0,Source Verified,debt_consolidation,TX,30.91,0.0,665.0,669.0,0.0,47.2,19.0,Individual,5,High Risk,Manual Review
75377726,35000.0, 60 months,20.75,E,E2,5 years,RENT,75000.0,Source Verified,debt_consolidation,TX,30.01,0.0,735.0,739.0,0.0,14.0,42.0,Individual,5,High Risk,Manual Review
75710741,18000.0, 60 months,20.75,E,E2,10+ years,OWN,52000.0,Verified,debt_consolidation,KS,36.3,2.0,665.0,669.0,2.0,32.0,40.0,Individual,6,High Risk,Manual Review
76041662,11500.0, 60 months,21.97,E,E4,,MORTGAGE,56200.0,Not Verified,debt_consolidation,VA,35.9,0.0,720.0,724.0,0.0,35.6,24.0,Individual,5,High Risk,Manual Review
75225340,25775.0, 36 months,20.75,E,E2,10+ years,MORTGAGE,60000.0,Verified,debt_consolidation,WA,41.98,0.0,685.0,689.0,0.0,87.9,19.0,Individual,6,High Risk,Manual Review
75377766,18000.0, 60 months,22.45,E,E5,2 years,OWN,58000.0,Source Verified,debt_consolidation,FL,43.8,0.0,685.0,689.0,4.0,39.4,40.0,Individual,5,High Risk,Manual Review
75699928,16550.0, 60 months,21.18,E,E3,10+ years,RENT,36000.0,Verified,credit_card,MT,41.6,0.0,730.0,734.0,0.0,54.9,35.0,Individual,5,High Risk,Manual Review
75840117,25000.0, 36 months,19.99,E,E1,10+ years,MORTGAGE,140000.0,Verified,debt_consolidation,GA,30.85,0.0,665.0,669.0,2.0,82.0,55.0,Individual,6,High Risk,Manual Review
72785909,30000.0, 60 months,24.99,F,F3,5 years,MORTGAGE,115000.0,Verified,debt_consolidation,NM,44.39,0.0,685.0,689.0,0.0,79.4,38.0,Individual,5,High Risk,Manual Review
75859808,35000.0, 60 months,26.57,F,F5,4 years,RENT,80000.0,Verified,debt_consolidation,MN,47.28,0.0,710.0,714.0,0.0,68.5,31.0,Individual,5,High Risk,Manual Review
74636640,35000.0, 60 months,19.99,E,E1,10+ years,MORTGAGE,78000.0,Verified,debt_consolidation,PA,33.54,0.0,680.0,684.0,1.0,69.8,46.0,Individual,5,High Risk,Manual Review
75830783,15000.0, 60 months,22.45,E,E5,3 years,MORTGAGE,33000.0,Source Verified,debt_consolidation,OH,46.95,0.0,665.0,669.0,0.0,59.1,25.0,Individual,5,High Risk,Manual Review
74696135,11250.0, 60 months,20.75,E,E2,10+ years,OWN,30000.0,Source Verified,debt_consolidation,OK,31.08,0.0,665.0,669.0,3.0,73.6,40.0,Individual,5,High Risk,Manual Review
75244113,15375.0, 60 months,28.99,G,G5,5 years,RENT,52000.0,Not Verified,debt_consolidation,MD,44.82,0.0,660.0,664.0,0.0,64.1,16.0,Individual,5,High Risk,Manual Review
75748331,15100.0, 60 months,22.45,E,E5,3 years,MORTGAGE,36000.0,Source Verified,debt_consolidation,IL,36.43,0.0,670.0,674.0,0.0,46.0,25.0,Individual,5,High Risk,Manual Review
76121134,28950.0, 36 months,19.99,E,E1,5 years,MORTGAGE,72000.0,Not Verified,debt_consolidation,WA,34.67,0.0,720.0,724.0,1.0,93.3,11.0,Individual,6,High Risk,Manual Review
75234190,29250.0, 60 months,28.14,G,G2,10+ years,MORTGAGE,77004.0,Verified,debt_consolidation,PA,29.59,1.0,665.0,669.0,0.0,87.7,33.0,Individual,5,High Risk,Manual Review
75244499,35000.0, 36 months,23.13,F,F1,10+ years,MORTGAGE,145900.0,Verified,credit_card,AK,39.55,0.0,665.0,669.0,0.0,76.6,61.0,Individual,5,High Risk,Manual Review
75110890,19000.0, 36 months,28.14,G,G2,4 years,MORTGAGE,50000.0,Verified,debt_consolidation,TX,35.17,0.0,685.0,689.0,1.0,30.0,24.0,Individual,5,High Risk,Manual Review
75089220,12000.0, 60 months,28.14,G,G2,10+ years,MORTGAGE,97000.0,Verified,debt_consolidation,PA,37.77,1.0,670.0,674.0,0.0,55.6,37.0,Individual,6,High Risk,Manual Review
75142707,14000.0, 36 months,27.34,G,G1,8 years,RENT,38540.0,Verified,debt_consolidation,CA,31.23,0.0,660.0,664.0,4.0,42.7,16.0,Individual,5,High Risk,Manual Review
75558066,7400.0, 36 months,28.99,G,G5,,RENT,27100.0,Verified,other,OH,40.59,0.0,695.0,699.0,1.0,43.1,12.0,Individual,5,High Risk,Manual Review
75144567,10350.0, 36 months,26.57,F,F5,,RENT,28800.0,Verified,debt_consolidation,CA,35.0,0.0,700.0,704.0,0.0,75.0,23.0,Individual,5,High Risk,Manual Review
75859145,10000.0, 60 months,23.13,F,F1,9 years,OWN,47000.0,Source Verified,other,SC,33.53,0.0,665.0,669.0,0.0,34.2,21.0,Individual,5,High Risk,Manual Review
75820964,8100.0, 36 months,20.75,E,E2,2 years,RENT,22500.0,Source Verified,credit_card,GA,35.14,0.0,665.0,669.0,1.0,56.5,10.0,Individual,5,High Risk,Manual Review
75578271,9850.0, 36 months,21.18,E,E3,1 year,RENT,29000.0,Source Verified,debt_consolidation,SC,39.2,0.0,675.0,679.0,1.0,81.5,35.0,Individual,6,High Risk,Manual Review
75890619,10000.0, 60 months,19.99,E,E1,6 years,RENT,30000.0,Source Verified,debt_consolidation,TX,36.88,0.0,715.0,719.0,2.0,30.2,34.0,Individual,5,High Risk,Manual Review
75264204,35000.0, 60 months,28.34,G,G3,10+ years,MORTGAGE,135410.0,Verified,debt_consolidation,OK,39.37,0.0,695.0,699.0,2.0,75.0,40.0,Individual,5,High Risk,Manual Review
75123065,10875.0, 36 months,24.99,F,F3,,MORTGAGE,32000.0,Verified,debt_consolidation,IL,37.32,0.0,665.0,669.0,1.0,74.4,16.0,Individual,5,High Risk,Manual Review
75708217,10800.0, 60 months,27.34,G,G1,10+ years,MORTGAGE,103000.0,Verified,other,DE,31.67,0.0,665.0,669.0,2.0,79.6,31.0,Individual,5,High Risk,Manual Review
75051554,12000.0, 60 months,24.11,F,F2,10+ years,MORTGAGE,58000.0,Verified,credit_card,AK,17.46,2.0,675.0,679.0,2.0,83.9,14.0,Individual,5,High Risk,Manual Review
75810421,20150.0, 36 months,22.45,E,E5,10+ years,MORTGAGE,42000.0,Not Verified,debt_consolidation,VA,33.11,0.0,725.0,729.0,1.0,10.5,19.0,Individual,5,High Risk,Manual Review
75051866,17600.0, 60 months,27.34,G,G1,2 years,RENT,55000.0,Verified,debt_consolidation,CA,20.83,3.0,665.0,669.0,0.0,89.3,27.0,Individual,5,High Risk,Manual Review
75222670,9400.0, 36 months,23.13,F,F1,,MORTGAGE,40065.0,Verified,other,KY,45.6,0.0,705.0,709.0,0.0,50.8,13.0,Individual,5,High Risk,Manual Review
75194560,4500.0, 36 months,28.34,G,G3,10+ years,MORTGAGE,36000.0,Source Verified,home_improvement,MN,33.47,1.0,670.0,674.0,5.0,58.5,28.0,Individual,6,High Risk,Manual Review
75114951,8825.0, 36 months,25.88,F,F4,9 years,RENT,50000.0,Source Verified,debt_consolidation,CA,43.16,0.0,695.0,699.0,0.0,47.2,36.0,Individual,5,High Risk,Manual Review
75368063,1000.0, 36 months,23.13,F,F1,10+ years,RENT,31000.0,Source Verified,other,VA,36.16,0.0,665.0,669.0,1.0,84.9,27.0,Individual,6,High Risk,Manual Review
75488089,13750.0, 36 months,28.34,G,G3,10+ years,RENT,43000.0,Verified,debt_consolidation,NY,31.69,0.0,660.0,664.0,4.0,64.3,19.0,Individual,5,High Risk,Manual Review
75144256,20750.0, 60 months,28.67,G,G4,10+ years,MORTGAGE,54656.0,Verified,debt_consolidation,OK,34.87,0.0,675.0,679.0,1.0,70.8,29.0,Individual,5,High Risk,Manual Review
75245666,17000.0, 60 months,27.34,G,G1,4 years,MORTGAGE,51000.0,Verified,home_improvement,MS,35.1,0.0,665.0,669.0,0.0,57.2,16.0,Individual,5,High Risk,Manual Review
75285903,10000.0, 36 months,25.88,F,F4,5 years,OWN,43068.0,Not Verified,debt_consolidation,GA,36.42,0.0,675.0,679.0,5.0,48.5,41.0,Individual,5,High Risk,Manual Review
75838723,6800.0, 36 months,28.14,G,G2,< 1 year,OWN,20000.0,Source Verified,credit_card,CA,40.7,0.0,680.0,684.0,0.0,99.2,3.0,Individual,6,High Risk,Manual Review
75789036,10000.0, 60 months,21.97,E,E4,10+ years,MORTGAGE,59600.0,Source Verified,other,NV,30.85,0.0,710.0,714.0,3.0,57.5,13.0,Individual,5,High Risk,Manual Review
75284857,11000.0, 36 months,28.34,G,G3,3 years,OWN,36670.0,Verified,debt_consolidation,TX,35.32,0.0,670.0,674.0,1.0,66.6,36.0,Individual,5,High Risk,Manual Review
74925510,14000.0, 60 months,20.75,E,E2,< 1 year,RENT,50000.0,Verified,debt_consolidation,CA,40.71,0.0,710.0,714.0,1.0,38.9,38.0,Individual,5,High Risk,Manual Review
75517701,35000.0, 60 months,28.67,G,G4,3 years,MORTGAGE,74000.0,Not Verified,debt_consolidation,VA,39.99,0.0,705.0,709.0,2.0,81.4,58.0,Individual,6,High Risk,Manual Review
75829363,15000.0, 60 months,19.99,E,E1,4 years,OWN,37000.0,Not Verified,credit_card,NY,33.77,0.0,660.0,664.0,0.0,67.1,16.0,Individual,5,High Risk,Manual Review
75038675,9600.0, 36 months,27.34,G,G1,10+ years,RENT,30000.0,Source Verified,credit_card,CO,39.32,0.0,670.0,674.0,2.0,79.8,23.0,Individual,5,High Risk,Manual Review
75678377,15350.0, 60 months,19.99,E,E1,10+ years,OWN,40000.0,Source Verified,other,MA,36.84,1.0,685.0,689.0,0.0,62.5,18.0,Individual,6,High Risk,Manual Review
74172323,35000.0, 60 months,20.75,E,E2,10+ years,MORTGAGE,133000.0,Verified,debt_consolidation,NY,11.41,1.0,675.0,679.0,0.0,98.7,26.0,Individual,5,High Risk,Manual Review
75830723,24000.0, 60 months,19.99,E,E1,5 years,RENT,80000.0,Verified,debt_consolidation,OH,32.61,0.0,700.0,704.0,2.0,19.2,86.0,Individual,5,High Risk,Manual Review
74624095,18000.0, 60 months,22.45,E,E5,4 years,OWN,40000.0,Verified,credit_card,MN,42.39,0.0,685.0,689.0,0.0,92.7,30.0,Individual,6,High Risk,Manual Review
75255497,4000.0, 36 months,23.13,F,F1,9 years,MORTGAGE,43000.0,Verified,other,IL,30.03,1.0,665.0,669.0,2.0,96.4,37.0,Individual,7,High Risk,Manual Review
75719571,23550.0, 60 months,20.75,E,E2,10+ years,RENT,65000.0,Not Verified,debt_consolidation,CA,31.24,0.0,680.0,684.0,0.0,57.0,24.0,Individual,5,High Risk,Manual Review
74505181,6025.0, 36 months,24.99,F,F3,4 years,RENT,42000.0,Not Verified,credit_card,MA,37.14,3.0,665.0,669.0,1.0,29.7,37.0,Individual,6,High Risk,Manual Review
75508092,14425.0, 60 months,28.34,G,G3,2 years,RENT,73000.0,Source Verified,debt_consolidation,CA,37.83,0.0,685.0,689.0,0.0,82.5,21.0,Individual,6,High Risk,Manual Review
75678965,20000.0, 60 months,23.13,F,F1,10+ years,MORTGAGE,125000.0,Verified,debt_consolidation,OK,32.47,3.0,660.0,664.0,2.0,98.2,99.0,Individual,7,High Risk,Manual Review
75810173,39000.0, 60 months,20.75,E,E2,< 1 year,MORTGAGE,85000.24,Source Verified,debt_consolidation,IN,33.18,0.0,700.0,704.0,0.0,70.4,40.0,Individual,5,High Risk,Manual Review
75122064,28600.0, 36 months,28.99,G,G5,,RENT,78534.0,Verified,debt_consolidation,MI,37.42,0.0,670.0,674.0,1.0,82.8,28.0,Individual,6,High Risk,Manual Review
75750736,7475.0, 36 months,21.18,E,E3,1 year,MORTGAGE,39250.0,Source Verified,debt_consolidation,TN,42.72,0.0,670.0,674.0,2.0,68.5,23.0,Individual,5,High Risk,Manual Review
75547446,10850.0, 36 months,23.13,F,F1,4 years,MORTGAGE,62000.0,Verified,debt_consolidation,OK,39.24,0.0,660.0,664.0,4.0,67.6,35.0,Individual,5,High Risk,Manual Review
76091206,4400.0, 36 months,21.18,E,E3,10+ years,MORTGAGE,53000.0,Source Verified,debt_consolidation,VA,7.65,3.0,680.0,684.0,1.0,82.7,39.0,Individual,5,High Risk,Manual Review
75201014,15600.0, 60 months,27.34,G,G1,3 years,RENT,50000.0,Verified,debt_consolidation,AR,39.32,0.0,670.0,674.0,0.0,75.1,29.0,Individual,5,High Risk,Manual Review
75133940,10200.0, 36 months,23.13,F,F1,10+ years,RENT,53200.0,Verified,other,GA,34.29,0.0,710.0,714.0,0.0,81.6,19.0,Individual,6,High Risk,Manual Review
75750747,4800.0, 36 months,20.75,E,E2,10+ years,RENT,40000.0,Not Verified,debt_consolidation,MI,32.49,0.0,660.0,664.0,2.0,56.6,43.0,Individual,5,High Risk,Manual Review
75730001,7500.0, 36 months,20.75,E,E2,9 years,MORTGAGE,45000.0,Not Verified,car,PA,33.68,3.0,665.0,669.0,1.0,64.4,20.0,Individual,6,High Risk,Manual Review
75119825,10400.0, 60 months,21.18,E,E3,10+ years,MORTGAGE,63500.0,Not Verified,debt_consolidation,OR,31.17,0.0,765.0,769.0,2.0,3.0,30.0,Individual,5,High Risk,Manual Review
75143846,7075.0, 36 months,21.97,E,E4,3 years,MORTGAGE,53000.0,Verified,debt_consolidation,TX,35.07,0.0,665.0,669.0,0.0,69.1,35.0,Individual,5,High Risk,Manual Review
75750800,16700.0, 60 months,28.14,G,G2,9 years,RENT,44000.0,Verified,debt_consolidation,WA,31.04,0.0,670.0,674.0,0.0,83.7,13.0,Individual,6,High Risk,Manual Review
75114643,3425.0, 36 months,26.57,F,F5,,RENT,11472.0,Verified,debt_consolidation,MO,30.28,0.0,660.0,664.0,2.0,84.9,9.0,Individual,6,High Risk,Manual Review
75770381,30000.0, 60 months,21.97,E,E4,7 years,MORTGAGE,110000.0,Source Verified,debt_consolidation,CT,34.76,0.0,680.0,684.0,0.0,75.5,44.0,Individual,5,High Risk,Manual Review
75285134,6000.0, 36 months,21.97,E,E4,10+ years,MORTGAGE,80000.0,Source Verified,home_improvement,OH,38.44,0.0,685.0,689.0,2.0,78.5,31.0,Individual,5,High Risk,Manual Review
75660653,11500.0, 36 months,26.57,F,F5,10+ years,MORTGAGE,86000.0,Source Verified,debt_consolidation,UT,41.26,0.0,715.0,719.0,0.0,72.4,21.0,Individual,5,High Risk,Manual Review
75497649,5250.0, 36 months,26.57,F,F5,8 years,RENT,55000.0,Not Verified,debt_consolidation,UT,43.79,0.0,665.0,669.0,0.0,73.0,37.0,Individual,5,High Risk,Manual Review
75243259,9500.0, 36 months,28.99,G,G5,9 years,MORTGAGE,52000.0,Verified,debt_consolidation,PA,34.27,0.0,660.0,664.0,1.0,70.1,19.0,Individual,5,High Risk,Manual Review
75377114,7000.0, 36 months,22.45,E,E5,< 1 year,OWN,24696.0,Source Verified,credit_card,OR,46.36,0.0,665.0,669.0,1.0,67.8,16.0,Individual,5,High Risk,Manual Review
74536280,35000.0, 36 months,24.11,F,F2,,MORTGAGE,96818.36,Source Verified,debt_consolidation,OH,33.3,0.0,670.0,674.0,0.0,103.0,35.0,Individual,6,High Risk,Manual Review
75771425,3600.0, 36 months,22.45,E,E5,6 years,MORTGAGE,35000.0,Not Verified,credit_card,OR,37.48,0.0,675.0,679.0,1.0,49.5,36.0,Individual,5,High Risk,Manual Review
73969260,4050.0, 36 months,28.34,G,G3,,RENT,42000.0,Verified,home_improvement,NY,36.74,0.0,715.0,719.0,1.0,52.9,14.0,Individual,5,High Risk,Manual Review
75154179,2850.0, 36 months,26.57,F,F5,10+ years,MORTGAGE,70000.0,Source Verified,debt_consolidation,HI,21.62,5.0,665.0,669.0,1.0,97.8,33.0,Individual,5,High Risk,Manual Review
75145880,12000.0, 60 months,19.99,E,E1,10+ years,OWN,48000.0,Not Verified,debt_consolidation,NC,32.85,0.0,665.0,669.0,1.0,58.0,40.0,Individual,5,High Risk,Manual Review
75277497,35000.0, 60 months,27.34,G,G1,7 years,MORTGAGE,82760.0,Source Verified,debt_consolidation,NV,34.01,1.0,700.0,704.0,0.0,87.0,28.0,Individual,7,High Risk,Manual Review
75315502,4775.0, 36 months,28.99,G,G5,6 years,RENT,35000.0,Verified,debt_consolidation,GA,32.89,0.0,680.0,684.0,0.0,93.3,18.0,Individual,6,High Risk,Manual Review
75418217,30000.0, 60 months,22.45,E,E5,3 years,MORTGAGE,91000.0,Verified,debt_consolidation,CA,43.49,2.0,670.0,674.0,0.0,77.7,41.0,Individual,6,High Risk,Manual Review
75720752,4000.0, 36 months,21.18,E,E3,,OWN,13356.0,Verified,debt_consolidation,MI,38.1,3.0,670.0,674.0,1.0,19.4,17.0,Individual,6,High Risk,Manual Review
75282048,10500.0, 36 months,23.13,F,F1,< 1 year,RENT,35000.0,Verified,debt_consolidation,IL,33.74,0.0,665.0,669.0,1.0,56.1,30.0,Individual,5,High Risk,Manual Review
75740561,13875.0, 60 months,19.99,E,E1,7 years,OWN,30200.0,Not Verified,credit_card,NY,35.77,0.0,710.0,714.0,0.0,86.2,15.0,Individual,6,High Risk,Manual Review
75759889,2000.0, 36 months,21.18,E,E3,9 years,RENT,36000.0,Source Verified,other,TX,30.73,0.0,690.0,694.0,1.0,33.4,11.0,Individual,5,High Risk,Manual Review
75398083,10000.0, 60 months,22.45,E,E5,10+ years,RENT,39000.0,Source Verified,credit_card,TN,32.28,0.0,685.0,689.0,1.0,50.0,15.0,Individual,5,High Risk,Manual Review
75760628,6275.0, 36 months,19.99,E,E1,7 years,MORTGAGE,57000.0,Source Verified,other,AL,32.81,1.0,660.0,664.0,3.0,38.4,47.0,Individual,6,High Risk,Manual Review
75800920,16450.0, 60 months,28.34,G,G3,10+ years,MORTGAGE,60000.0,Verified,debt_consolidation,WI,32.86,0.0,680.0,684.0,2.0,60.3,35.0,Individual,5,High Risk,Manual Review
75311482,18800.0, 60 months,28.14,G,G2,10+ years,MORTGAGE,47000.0,Verified,debt_consolidation,ME,39.61,0.0,725.0,729.0,0.0,66.0,12.0,Individual,5,High Risk,Manual Review
75981156,12000.0, 60 months,19.99,E,E1,9 years,MORTGAGE,65000.0,Source Verified,debt_consolidation,TN,16.19,1.0,660.0,664.0,1.0,97.9,39.0,Individual,5,High Risk,Manual Review
75397753,15900.0, 36 months,23.13,F,F1,3 years,RENT,45000.0,Verified,debt_consolidation,TX,33.39,0.0,690.0,694.0,2.0,37.0,32.0,Individual,5,High Risk,Manual Review
75829853,14400.0, 36 months,21.18,E,E3,8 years,MORTGAGE,61000.0,Verified,debt_consolidation,TX,34.0,0.0,660.0,664.0,1.0,75.6,31.0,Individual,5,High Risk,Manual Review
75143080,15075.0, 36 months,23.13,F,F1,8 years,MORTGAGE,40000.0,Verified,debt_consolidation,AR,37.89,0.0,700.0,704.0,0.0,23.0,22.0,Individual,5,High Risk,Manual Review
74551596,5000.0, 36 months,15.31,C,C5,1 year,OWN,28800.0,Verified,debt_consolidation,FL,31.62,1.0,675.0,679.0,0.0,81.3,25.0,Individual,5,High Risk,Manual Review
76031203,20725.0, 60 months,25.88,F,F4,4 years,MORTGAGE,48500.0,Source Verified,debt_consolidation,IN,37.81,0.0,715.0,719.0,1.0,45.3,21.0,Individual,5,High Risk,Manual Review
75728587,27725.0, 60 months,28.67,G,G4,2 years,RENT,73000.0,Verified,debt_consolidation,NJ,30.76,0.0,680.0,684.0,1.0,44.8,40.0,Individual,5,High Risk,Manual Review
75193176,3275.0, 36 months,27.34,G,G1,10+ years,MORTGAGE,26000.0,Source Verified,debt_consolidation,PA,36.43,0.0,670.0,674.0,1.0,84.5,17.0,Individual,6,High Risk,Manual Review
75597183,10450.0, 36 months,25.88,F,F4,10+ years,OWN,40000.0,Not Verified,debt_consolidation,LA,39.15,3.0,675.0,679.0,1.0,51.2,27.0,Individual,6,High Risk,Manual Review
75332685,28000.0, 60 months,21.97,E,E4,10+ years,MORTGAGE,70000.0,Source Verified,debt_consolidation,NJ,30.17,0.0,660.0,664.0,1.0,56.8,19.0,Joint App,5,High Risk,Manual Review
75152625,5000.0, 36 months,24.99,F,F3,6 years,RENT,85000.0,Source Verified,other,IL,32.4,0.0,675.0,679.0,2.0,99.5,31.0,Individual,6,High Risk,Manual Review
74774884,14025.0, 36 months,24.99,F,F3,4 years,MORTGAGE,88000.0,Not Verified,credit_card,IN,36.43,0.0,680.0,684.0,1.0,84.1,45.0,Individual,6,High Risk,Manual Review
75367717,4200.0, 36 months,24.99,F,F3,1 year,RENT,13162.0,Source Verified,debt_consolidation,CA,30.84,0.0,680.0,684.0,2.0,53.9,5.0,Individual,5,High Risk,Manual Review
75367131,24000.0, 36 months,26.57,F,F5,8 years,MORTGAGE,60000.0,Verified,credit_card,NC,30.92,0.0,665.0,669.0,0.0,59.0,30.0,Individual,5,High Risk,Manual Review
75679675,4800.0, 36 months,21.18,E,E3,8 years,MORTGAGE,29000.0,Not Verified,other,IN,36.84,0.0,695.0,699.0,0.0,75.5,30.0,Individual,5,High Risk,Manual Review
75213886,14475.0, 36 months,23.13,F,F1,10+ years,MORTGAGE,42000.0,Verified,debt_consolidation,CA,44.63,0.0,665.0,669.0,1.0,52.4,34.0,Individual,5,High Risk,Manual Review
75294589,8400.0, 36 months,20.75,E,E2,5 years,RENT,25000.0,Verified,debt_consolidation,OK,35.0,0.0,660.0,664.0,0.0,56.0,21.0,Individual,5,High Risk,Manual Review
75368169,3600.0, 36 months,23.13,F,F1,,MORTGAGE,36000.0,Verified,debt_consolidation,AR,38.77,0.0,660.0,664.0,0.0,57.9,29.0,Individual,5,High Risk,Manual Review
75303729,14400.0, 36 months,25.88,F,F4,3 years,OWN,36000.0,Verified,debt_consolidation,OR,36.17,0.0,695.0,699.0,0.0,95.4,8.0,Individual,6,High Risk,Manual Review
74835298,21000.0, 60 months,28.34,G,G3,5 years,MORTGAGE,140000.0,Not Verified,debt_consolidation,FL,33.94,0.0,670.0,674.0,1.0,55.7,58.0,Individual,5,High Risk,Manual Review
75242306,40000.0, 60 months,21.18,E,E3,10+ years,OWN,201000.0,Verified,debt_consolidation,GA,25.18,1.0,690.0,694.0,0.0,85.9,33.0,Individual,5,High Risk,Manual Review
75680286,32525.0, 60 months,22.45,E,E5,10+ years,MORTGAGE,75000.0,Source Verified,debt_consolidation,TX,30.08,0.0,660.0,664.0,1.0,89.0,30.0,Individual,6,High Risk,Manual Review
75661009,10000.0, 36 months,23.13,F,F1,10+ years,OWN,69000.0,Source Verified,credit_card,IN,39.99,0.0,695.0,699.0,0.0,85.6,36.0,Individual,6,High Risk,Manual Review
75215222,30275.0, 36 months,24.99,F,F3,10+ years,MORTGAGE,138000.0,Verified,debt_consolidation,CT,36.03,2.0,690.0,694.0,1.0,19.6,45.0,Individual,6,High Risk,Manual Review
75769259,26650.0, 60 months,22.45,E,E5,10+ years,MORTGAGE,46000.0,Source Verified,debt_consolidation,AZ,31.33,0.0,670.0,674.0,2.0,84.8,15.0,Joint App,6,High Risk,Manual Review
75568605,6675.0, 36 months,24.11,F,F2,,RENT,17218.0,Verified,debt_consolidation,NC,36.68,0.0,700.0,704.0,1.0,64.0,8.0,Individual,5,High Risk,Manual Review
75660545,18000.0, 36 months,19.99,E,E1,< 1 year,RENT,85000.0,Source Verified,debt_consolidation,CA,33.11,0.0,670.0,674.0,3.0,43.3,36.0,Individual,5,High Risk,Manual Review
75879848,27500.0, 36 months,21.97,E,E4,10+ years,MORTGAGE,55000.0,Source Verified,other,MI,31.32,0.0,745.0,749.0,3.0,39.0,38.0,Individual,5,High Risk,Manual Review
73746200,20000.0, 60 months,25.88,F,F4,2 years,MORTGAGE,91444.0,Verified,moving,CA,32.13,0.0,680.0,684.0,2.0,35.9,30.0,Individual,5,High Risk,Manual Review
73764159,12225.0, 36 months,24.11,F,F2,,OWN,36000.0,Not Verified,debt_consolidation,PA,32.57,0.0,670.0,674.0,2.0,57.9,15.0,Individual,5,High Risk,Manual Review
75890852,16800.0, 60 months,22.45,E,E5,10+ years,RENT,40000.0,Not Verified,debt_consolidation,CA,36.42,0.0,665.0,669.0,0.0,61.8,30.0,Individual,5,High Risk,Manual Review
75325093,2000.0, 36 months,23.13,F,F1,10+ years,MORTGAGE,38000.0,Source Verified,medical,NC,48.56,0.0,685.0,689.0,0.0,86.1,14.0,Individual,6,High Risk,Manual Review
75679718,30225.0, 60 months,24.99,F,F3,10+ years,MORTGAGE,72000.0,Verified,debt_consolidation,CO,30.47,0.0,750.0,754.0,0.0,0.0,25.0,Individual,5,High Risk,Manual Review
75214431,21075.0, 60 months,28.14,G,G2,4 years,MORTGAGE,49500.0,Not Verified,debt_consolidation,ME,34.21,0.0,710.0,714.0,1.0,43.5,24.0,Individual,5,High Risk,Manual Review
75251158,4550.0, 36 months,23.13,F,F1,3 years,RENT,19000.0,Source Verified,debt_consolidation,GA,37.84,0.0,675.0,679.0,1.0,34.8,11.0,Individual,5,High Risk,Manual Review
75367818,17950.0, 36 months,25.88,F,F4,1 year,RENT,60000.0,Source Verified,credit_card,LA,31.34,0.0,680.0,684.0,0.0,67.9,18.0,Individual,5,High Risk,Manual Review
75691388,17650.0, 60 months,20.75,E,E2,10+ years,OWN,48000.0,Verified,debt_consolidation,IN,31.27,0.0,695.0,699.0,1.0,37.2,32.0,Individual,5,High Risk,Manual Review
75378345,7500.0, 36 months,19.99,E,E1,3 years,RENT,32000.0,Source Verified,other,NM,45.69,0.0,670.0,674.0,1.0,66.8,37.0,Individual,5,High Risk,Manual Review
75134039,2275.0, 36 months,20.75,E,E2,,RENT,14940.0,Verified,other,MI,33.82,0.0,670.0,674.0,1.0,47.9,26.0,Individual,5,High Risk,Manual Review
75322363,9000.0, 36 months,22.45,E,E5,6 years,RENT,25000.0,Not Verified,debt_consolidation,KY,36.82,0.0,665.0,669.0,0.0,70.7,13.0,Individual,5,High Risk,Manual Review
75113741,5000.0, 36 months,16.29,D,D1,10+ years,MORTGAGE,100000.0,Source Verified,vacation,NJ,32.17,1.0,660.0,664.0,0.0,81.0,27.0,Individual,5,High Risk,Manual Review
75163839,3500.0, 36 months,22.45,E,E5,3 years,RENT,54000.0,Source Verified,debt_consolidation,NJ,13.67,1.0,695.0,699.0,0.0,99.5,31.0,Individual,5,High Risk,Manual Review
74656462,25000.0, 60 months,19.99,E,E1,7 years,OWN,75000.0,Verified,debt_consolidation,OH,34.4,0.0,705.0,709.0,2.0,66.8,39.0,Individual,5,High Risk,Manual Review
74844777,14800.0, 60 months,19.99,E,E1,10+ years,MORTGAGE,100000.0,Verified,debt_consolidation,MS,37.18,0.0,670.0,674.0,0.0,62.2,21.0,Individual,5,High Risk,Manual Review
75124150,22500.0, 60 months,24.99,F,F3,8 years,RENT,130000.0,Verified,small_business,CA,40.16,0.0,700.0,704.0,1.0,55.0,52.0,Individual,5,High Risk,Manual Review
75309221,1800.0, 36 months,19.99,E,E1,,RENT,13356.0,Verified,debt_consolidation,MO,33.87,0.0,660.0,664.0,0.0,46.3,34.0,Individual,5,High Risk,Manual Review
75324710,26900.0, 36 months,21.97,E,E4,3 years,RENT,67000.0,Source Verified,debt_consolidation,NJ,36.23,0.0,750.0,754.0,1.0,26.8,34.0,Individual,5,High Risk,Manual Review
75331812,15000.0, 60 months,25.88,F,F4,6 years,RENT,47500.0,Verified,other,NH,38.48,0.0,685.0,689.0,0.0,67.6,30.0,Individual,5,High Risk,Manual Review
74603744,7500.0, 36 months,19.99,E,E1,1 year,MORTGAGE,74000.0,Source Verified,credit_card,WA,37.19,0.0,695.0,699.0,1.0,36.1,52.0,Individual,5,High Risk,Manual Review
75264109,35000.0, 60 months,26.57,F,F5,10+ years,MORTGAGE,87500.0,Verified,debt_consolidation,MN,30.59,0.0,685.0,689.0,4.0,45.4,42.0,Individual,5,High Risk,Manual Review
75367396,14825.0, 60 months,20.75,E,E2,2 years,MORTGAGE,32244.0,Verified,debt_consolidation,TN,31.04,1.0,685.0,689.0,0.0,56.5,37.0,Individual,6,High Risk,Manual Review
73162248,21600.0, 60 months,21.18,E,E3,10+ years,MORTGAGE,45864.0,Source Verified,debt_consolidation,CA,45.53,0.0,660.0,664.0,1.0,51.4,32.0,Individual,5,High Risk,Manual Review
75670120,15000.0, 36 months,20.75,E,E2,10+ years,RENT,120000.0,Not Verified,debt_consolidation,NJ,39.57,0.0,675.0,679.0,0.0,71.9,40.0,Individual,5,High Risk,Manual Review
73712036,29425.0, 36 months,18.25,D,D3,,OWN,64000.0,Verified,debt_consolidation,ME,36.66,1.0,690.0,694.0,0.0,96.4,24.0,Individual,5,High Risk,Manual Review
75810175,10200.0, 60 months,21.18,E,E3,4 years,RENT,39200.0,Verified,debt_consolidation,MN,37.39,0.0,705.0,709.0,0.0,47.0,34.0,Individual,5,High Risk,Manual Review
75718942,14050.0, 60 months,22.45,E,E5,9 years,MORTGAGE,48000.0,Verified,debt_consolidation,CA,33.3,0.0,680.0,684.0,2.0,65.0,20.0,Individual,5,High Risk,Manual Review
75718982,22850.0, 60 months,19.99,E,E1,10+ years,MORTGAGE,49727.31,Verified,debt_consolidation,OK,49.55,0.0,700.0,704.0,0.0,85.7,27.0,Individual,6,High Risk,Manual Review
75114695,7000.0, 36 months,21.97,E,E4,10+ years,OWN,25000.0,Source Verified,credit_card,HI,32.07,0.0,665.0,669.0,0.0,71.0,26.0,Individual,5,High Risk,Manual Review
75377828,18000.0, 60 months,22.45,E,E5,10+ years,MORTGAGE,120000.0,Verified,credit_card,NY,31.43,0.0,690.0,694.0,0.0,89.2,18.0,Individual,6,High Risk,Manual Review
75587667,15000.0, 36 months,20.75,E,E2,6 years,MORTGAGE,70000.0,Verified,debt_consolidation,FL,43.27,0.0,730.0,734.0,0.0,62.5,40.0,Individual,5,High Risk,Manual Review
74753172,3525.0, 36 months,24.11,F,F2,,RENT,9840.0,Verified,credit_card,NY,49.15,0.0,675.0,679.0,2.0,38.8,22.0,Individual,5,High Risk,Manual Review
74562857,1950.0, 36 months,20.75,E,E2,,MORTGAGE,52000.0,Verified,medical,OK,35.38,0.0,690.0,694.0,1.0,91.2,21.0,Individual,6,High Risk,Manual Review
75538337,2400.0, 36 months,22.45,E,E5,10+ years,MORTGAGE,227000.0,Source Verified,medical,CT,15.06,2.0,660.0,664.0,1.0,80.1,35.0,Individual,5,High Risk,Manual Review
75222569,3775.0, 36 months,25.88,F,F4,3 years,OWN,37056.0,Verified,credit_card,MN,33.13,4.0,665.0,669.0,2.0,52.9,35.0,Individual,6,High Risk,Manual Review
75700061,35000.0, 60 months,20.75,E,E2,1 year,OWN,75000.0,Source Verified,debt_consolidation,CA,31.2,0.0,710.0,714.0,0.0,59.0,29.0,Individual,5,High Risk,Manual Review
75770872,8000.0, 36 months,16.29,D,D1,10+ years,MORTGAGE,92000.0,Not Verified,credit_card,NY,35.09,3.0,660.0,664.0,1.0,81.9,44.0,Individual,5,High Risk,Manual Review
75397409,21200.0, 60 months,22.45,E,E5,3 years,MORTGAGE,47000.0,Source Verified,debt_consolidation,PA,31.15,0.0,680.0,684.0,0.0,32.6,36.0,Individual,5,High Risk,Manual Review
75850345,35000.0, 60 months,23.13,F,F1,10+ years,MORTGAGE,124000.0,Source Verified,credit_card,SD,34.34,0.0,720.0,724.0,0.0,62.8,42.0,Individual,5,High Risk,Manual Review
75283120,26450.0, 60 months,21.18,E,E3,10+ years,MORTGAGE,60000.0,Verified,debt_consolidation,PA,34.28,4.0,660.0,664.0,1.0,55.0,45.0,Individual,6,High Risk,Manual Review
75182040,24200.0, 36 months,21.97,E,E4,1 year,MORTGAGE,55000.0,Verified,debt_consolidation,TX,31.33,0.0,665.0,669.0,1.0,59.9,21.0,Individual,5,High Risk,Manual Review
75320944,5400.0, 36 months,20.75,E,E2,6 years,RENT,23000.0,Source Verified,debt_consolidation,FL,34.6,0.0,660.0,664.0,1.0,66.9,27.0,Individual,5,High Risk,Manual Review
75269991,16700.0, 36 months,28.99,G,G5,< 1 year,RENT,33405.0,Verified,debt_consolidation,TN,48.04,0.0,685.0,689.0,0.0,53.8,14.0,Individual,5,High Risk,Manual Review
75345199,10475.0, 36 months,24.99,F,F3,,MORTGAGE,48000.0,Source Verified,debt_consolidation,MI,36.15,0.0,700.0,704.0,4.0,38.1,59.0,Individual,5,High Risk,Manual Review
75759456,22400.0, 60 months,26.57,F,F5,2 years,RENT,50963.0,Source Verified,debt_consolidation,AR,34.62,0.0,715.0,719.0,0.0,2.1,26.0,Individual,5,High Risk,Manual Review
75213371,18000.0, 36 months,21.18,E,E3,,MORTGAGE,54000.0,Verified,debt_consolidation,NV,34.62,0.0,660.0,664.0,0.0,47.3,24.0,Individual,5,High Risk,Manual Review
75172477,4000.0, 36 months,24.99,F,F3,8 years,RENT,30000.0,Source Verified,other,NY,45.0,0.0,670.0,674.0,1.0,43.0,15.0,Individual,5,High Risk,Manual Review
75210778,7200.0, 36 months,19.99,E,E1,10+ years,MORTGAGE,98500.0,Not Verified,home_improvement,CT,33.08,0.0,700.0,704.0,0.0,68.8,39.0,Individual,5,High Risk,Manual Review
75789853,18000.0, 60 months,22.45,E,E5,10+ years,RENT,93000.0,Source Verified,debt_consolidation,MD,38.79,0.0,680.0,684.0,0.0,75.3,55.0,Individual,5,High Risk,Manual Review
75275508,18125.0, 60 months,21.18,E,E3,10+ years,MORTGAGE,87000.0,Not Verified,home_improvement,GA,33.27,0.0,710.0,714.0,0.0,92.5,27.0,Individual,6,High Risk,Manual Review
75162444,7450.0, 36 months,24.11,F,F2,10+ years,RENT,40000.0,Not Verified,debt_consolidation,CO,35.37,0.0,670.0,674.0,3.0,63.9,35.0,Individual,5,High Risk,Manual Review
75357969,20000.0, 60 months,21.18,E,E3,6 years,RENT,60000.0,Source Verified,debt_consolidation,FL,33.44,0.0,685.0,689.0,1.0,62.3,22.0,Individual,5,High Risk,Manual Review
75848241,10000.0, 60 months,24.11,F,F2,10+ years,RENT,36000.0,Verified,debt_consolidation,GA,34.57,0.0,685.0,689.0,0.0,87.3,10.0,Individual,6,High Risk,Manual Review
75819190,18400.0, 60 months,19.99,E,E1,10+ years,RENT,40000.0,Source Verified,debt_consolidation,HI,32.01,0.0,730.0,734.0,1.0,40.3,21.0,Individual,5,High Risk,Manual Review
75690041,2400.0, 36 months,21.97,E,E4,10+ years,MORTGAGE,59000.0,Not Verified,home_improvement,NC,36.8,0.0,705.0,709.0,0.0,85.1,30.0,Individual,6,High Risk,Manual Review
75859798,9000.0, 36 months,19.99,E,E1,10+ years,RENT,41000.0,Not Verified,debt_consolidation,WI,37.73,0.0,660.0,664.0,1.0,39.5,18.0,Individual,5,High Risk,Manual Review
75868655,10000.0, 60 months,19.99,E,E1,5 years,RENT,40000.0,Not Verified,debt_consolidation,CA,37.62,1.0,660.0,664.0,0.0,81.4,34.0,Individual,7,High Risk,Manual Review
75770549,21000.0, 60 months,19.99,E,E1,2 years,MORTGAGE,100000.0,Not Verified,debt_consolidation,NM,37.27,0.0,665.0,669.0,0.0,84.0,53.0,Individual,6,High Risk,Manual Review
75688827,15000.0, 60 months,21.18,E,E3,2 years,MORTGAGE,30000.0,Source Verified,debt_consolidation,WI,36.0,0.0,715.0,719.0,0.0,27.3,30.0,Individual,5,High Risk,Manual Review
75658935,20000.0, 60 months,20.75,E,E2,10+ years,OWN,60000.0,Source Verified,debt_consolidation,FL,17.66,1.0,665.0,669.0,0.0,82.9,19.0,Individual,5,High Risk,Manual Review
75688917,20700.0, 60 months,21.18,E,E3,10+ years,MORTGAGE,45000.0,Not Verified,home_improvement,CA,36.65,0.0,735.0,739.0,1.0,11.3,34.0,Individual,5,High Risk,Manual Review
75151338,15350.0, 36 months,21.18,E,E3,10+ years,OWN,45000.0,Not Verified,debt_consolidation,MN,34.67,0.0,775.0,779.0,0.0,21.5,10.0,Individual,5,High Risk,Manual Review
72755502,35000.0, 60 months,19.99,E,E1,9 years,RENT,120000.0,Not Verified,debt_consolidation,MA,30.52,1.0,665.0,669.0,0.0,79.1,15.0,Individual,6,High Risk,Manual Review
75358112,17000.0, 60 months,19.99,E,E1,1 year,MORTGAGE,64000.0,Verified,home_improvement,IL,17.34,1.0,675.0,679.0,2.0,91.4,17.0,Individual,5,High Risk,Manual Review
75818625,14200.0, 60 months,21.97,E,E4,2 years,RENT,35500.0,Verified,debt_consolidation,WI,33.6,0.0,665.0,669.0,1.0,57.1,27.0,Individual,5,High Risk,Manual Review
75698959,12000.0, 60 months,22.45,E,E5,3 years,RENT,43100.0,Verified,debt_consolidation,NY,36.34,0.0,675.0,679.0,0.0,63.5,14.0,Individual,5,High Risk,Manual Review
75809606,15000.0, 60 months,20.75,E,E2,10+ years,MORTGAGE,58500.0,Not Verified,debt_consolidation,OH,33.89,0.0,725.0,729.0,1.0,25.1,19.0,Individual,5,High Risk,Manual Review
75749628,7125.0, 36 months,19.99,E,E1,9 years,RENT,21000.0,Not Verified,credit_card,DE,38.17,0.0,700.0,704.0,0.0,39.7,16.0,Individual,5,High Risk,Manual Review
75199623,7125.0, 36 months,28.67,G,G4,9 years,MORTGAGE,36500.0,Source Verified,debt_consolidation,OK,39.3,0.0,680.0,684.0,0.0,47.8,17.0,Individual,5,High Risk,Manual Review
75122373,12200.0, 36 months,23.13,F,F1,5 years,MORTGAGE,52000.0,Source Verified,debt_consolidation,NY,38.89,0.0,675.0,679.0,0.0,49.2,52.0,Individual,5,High Risk,Manual Review
75738256,15400.0, 60 months,21.97,E,E4,1 year,RENT,40000.0,Verified,debt_consolidation,TX,37.35,0.0,695.0,699.0,0.0,39.0,11.0,Individual,5,High Risk,Manual Review
75768894,10000.0, 60 months,20.75,E,E2,10+ years,MORTGAGE,107000.0,Not Verified,debt_consolidation,NY,31.07,1.0,665.0,669.0,1.0,71.0,27.0,Individual,6,High Risk,Manual Review
74623874,10000.0, 36 months,21.18,E,E3,10+ years,MORTGAGE,55000.0,Source Verified,home_improvement,NC,38.37,0.0,660.0,664.0,1.0,44.5,50.0,Individual,5,High Risk,Manual Review
75768580,30000.0, 60 months,21.97,E,E4,8 years,MORTGAGE,350000.0,Source Verified,debt_consolidation,WI,16.59,1.0,670.0,674.0,2.0,81.3,38.0,Individual,5,High Risk,Manual Review
75688513,14000.0, 60 months,22.45,E,E5,5 years,RENT,56000.0,Not Verified,credit_card,NY,43.54,2.0,665.0,669.0,0.0,82.3,38.0,Individual,7,High Risk,Manual Review
75261753,27175.0, 60 months,22.45,E,E5,10+ years,MORTGAGE,80000.0,Not Verified,debt_consolidation,KS,30.77,0.0,700.0,704.0,0.0,42.7,26.0,Individual,5,High Risk,Manual Review
75708737,20125.0, 36 months,22.45,E,E5,4 years,RENT,53000.0,Verified,debt_consolidation,CA,35.33,0.0,670.0,674.0,1.0,47.8,20.0,Individual,5,High Risk,Manual Review
75818441,11550.0, 60 months,22.45,E,E5,10+ years,RENT,30000.0,Not Verified,credit_card,NY,38.0,8.0,685.0,689.0,0.0,30.7,33.0,Individual,6,High Risk,Manual Review
75888306,28000.0, 60 months,19.99,E,E1,10+ years,MORTGAGE,93000.0,Not Verified,debt_consolidation,AK,33.55,0.0,705.0,709.0,2.0,42.3,67.0,Individual,5,High Risk,Manual Review
74401147,10800.0, 60 months,21.97,E,E4,,MORTGAGE,38000.0,Source Verified,credit_card,MO,43.21,0.0,700.0,704.0,2.0,61.0,30.0,Joint App,5,High Risk,Manual Review
75819810,20000.0, 36 months,19.99,E,E1,4 years,RENT,40000.0,Not Verified,debt_consolidation,SD,30.65,0.0,710.0,714.0,1.0,38.5,16.0,Individual,5,High Risk,Manual Review
75759030,12800.0, 60 months,19.99,E,E1,6 years,RENT,52000.0,Not Verified,credit_card,CA,32.59,0.0,690.0,694.0,0.0,91.6,8.0,Individual,6,High Risk,Manual Review
75659836,30000.0, 60 months,22.45,E,E5,3 years,MORTGAGE,65000.0,Verified,debt_consolidation,MO,32.9,0.0,700.0,704.0,0.0,64.8,17.0,Individual,5,High Risk,Manual Review
74686023,29000.0, 60 months,20.75,E,E2,10+ years,MORTGAGE,65500.0,Not Verified,debt_consolidation,NJ,21.18,5.0,665.0,669.0,1.0,89.9,22.0,Individual,5,High Risk,Manual Review
75152115,30950.0, 36 months,23.13,F,F1,5 years,MORTGAGE,180000.0,Source Verified,other,NY,5.17,1.0,660.0,664.0,0.0,81.5,17.0,Individual,5,High Risk,Manual Review
75858185,14000.0, 60 months,19.99,E,E1,9 years,RENT,70000.0,Not Verified,debt_consolidation,CA,30.7,0.0,670.0,674.0,1.0,72.1,34.0,Individual,5,High Risk,Manual Review
75109839,23950.0, 36 months,27.34,G,G1,3 years,MORTGAGE,65000.0,Source Verified,debt_consolidation,NY,35.34,0.0,665.0,669.0,0.0,72.0,27.0,Individual,5,High Risk,Manual Review
75220144,21500.0, 36 months,23.13,F,F1,,RENT,75000.0,Verified,debt_consolidation,FL,37.17,0.0,665.0,669.0,1.0,60.7,82.0,Individual,5,High Risk,Manual Review
75748279,16000.0, 60 months,19.99,E,E1,10+ years,RENT,42000.0,Source Verified,other,IL,38.89,0.0,705.0,709.0,1.0,55.9,27.0,Individual,5,High Risk,Manual Review
75322136,4850.0, 36 months,24.11,F,F2,10+ years,MORTGAGE,45000.0,Source Verified,credit_card,NC,32.27,0.0,660.0,664.0,0.0,34.0,24.0,Individual,5,High Risk,Manual Review
75173817,9000.0, 36 months,21.18,E,E3,10+ years,RENT,172050.0,Not Verified,other,CA,41.47,0.0,665.0,669.0,0.0,77.6,42.0,Individual,5,High Risk,Manual Review
75222699,20000.0, 60 months,21.18,E,E3,10+ years,RENT,57000.0,Verified,debt_consolidation,TN,31.03,3.0,670.0,674.0,0.0,55.8,27.0,Individual,6,High Risk,Manual Review
75192204,15850.0, 60 months,28.67,G,G4,6 years,RENT,72000.0,Verified,debt_consolidation,CA,38.8,0.0,675.0,679.0,0.0,81.7,34.0,Individual,6,High Risk,Manual Review
74663483,19925.0, 36 months,19.99,E,E1,6 years,RENT,51500.0,Verified,credit_card,FL,36.29,0.0,680.0,684.0,1.0,48.6,17.0,Individual,5,High Risk,Manual Review
74705337,4000.0, 36 months,24.99,F,F3,10+ years,RENT,101000.0,Not Verified,debt_consolidation,CA,39.45,0.0,685.0,689.0,0.0,36.6,61.0,Individual,5,High Risk,Manual Review
75221994,21600.0, 36 months,23.13,F,F1,10+ years,MORTGAGE,60000.0,Verified,debt_consolidation,FL,30.6,1.0,670.0,674.0,3.0,36.0,32.0,Individual,6,High Risk,Manual Review
75698170,25000.0, 60 months,21.97,E,E4,10+ years,RENT,78000.0,Not Verified,debt_consolidation,NY,37.8,1.0,730.0,734.0,0.0,28.2,18.0,Individual,6,High Risk,Manual Review
75698771,12075.0, 36 months,20.75,E,E2,3 years,OWN,38016.0,Verified,credit_card,WA,30.81,2.0,665.0,669.0,2.0,60.0,29.0,Individual,6,High Risk,Manual Review
75567958,12000.0, 36 months,20.75,E,E2,5 years,RENT,66906.0,Source Verified,debt_consolidation,VA,33.99,0.0,700.0,704.0,0.0,92.5,17.0,Individual,6,High Risk,Manual Review
75738803,5400.0, 36 months,20.75,E,E2,10+ years,MORTGAGE,45000.0,Source Verified,debt_consolidation,TX,34.24,1.0,670.0,674.0,1.0,43.3,34.0,Individual,6,High Risk,Manual Review
75859042,1500.0, 36 months,20.75,E,E2,6 years,RENT,42000.0,Not Verified,vacation,MS,38.17,1.0,685.0,689.0,2.0,89.2,16.0,Individual,7,High Risk,Manual Review
75828840,5000.0, 36 months,21.18,E,E3,10+ years,MORTGAGE,52000.0,Source Verified,credit_card,NJ,35.7,1.0,660.0,664.0,0.0,30.3,23.0,Individual,6,High Risk,Manual Review
75458304,12000.0, 60 months,21.18,E,E3,10+ years,MORTGAGE,61000.0,Not Verified,debt_consolidation,ID,28.57,3.0,670.0,674.0,1.0,86.6,21.0,Individual,5,High Risk,Manual Review
74654533,40000.0, 36 months,22.45,E,E5,10+ years,RENT,95000.0,Verified,debt_consolidation,NC,36.98,0.0,720.0,724.0,0.0,40.6,22.0,Individual,5,High Risk,Manual Review
75828644,9000.0, 36 months,22.45,E,E5,2 years,RENT,25000.0,Source Verified,moving,CO,35.77,0.0,670.0,674.0,0.0,67.7,18.0,Individual,5,High Risk,Manual Review
75709643,23000.0, 60 months,24.11,F,F2,10+ years,OWN,72000.0,Source Verified,debt_consolidation,MN,38.45,0.0,725.0,729.0,1.0,21.8,34.0,Individual,5,High Risk,Manual Review
75478140,15000.0, 60 months,21.18,E,E3,10+ years,MORTGAGE,100000.0,Source Verified,other,MN,35.79,0.0,675.0,679.0,5.0,92.0,37.0,Individual,6,High Risk,Manual Review
75788715,2975.0, 36 months,22.45,E,E5,3 years,RENT,27000.0,Source Verified,other,IL,12.13,1.0,660.0,664.0,1.0,92.7,5.0,Individual,5,High Risk,Manual Review
75888578,10000.0, 36 months,20.75,E,E2,5 years,RENT,43000.0,Source Verified,credit_card,FL,30.37,0.0,675.0,679.0,0.0,70.2,19.0,Individual,5,High Risk,Manual Review
75242130,9750.0, 36 months,24.99,F,F3,< 1 year,RENT,38792.0,Source Verified,moving,AR,46.75,9.0,675.0,679.0,1.0,73.1,33.0,Individual,6,High Risk,Manual Review
75129764,9650.0, 36 months,28.99,G,G5,1 year,RENT,32200.0,Source Verified,debt_consolidation,NY,31.16,0.0,665.0,669.0,3.0,78.8,28.0,Individual,5,High Risk,Manual Review
75728211,8500.0, 36 months,19.99,E,E1,6 years,MORTGAGE,57000.0,Not Verified,home_improvement,NJ,37.73,0.0,685.0,689.0,1.0,50.8,36.0,Individual,5,High Risk,Manual Review
75313450,8300.0, 36 months,19.99,E,E1,< 1 year,RENT,26000.0,Source Verified,debt_consolidation,FL,33.19,0.0,720.0,724.0,0.0,98.8,9.0,Individual,6,High Risk,Manual Review
75618073,25000.0, 60 months,21.18,E,E3,10+ years,MORTGAGE,90000.0,Source Verified,debt_consolidation,CA,11.0,1.0,680.0,684.0,0.0,88.0,11.0,Individual,5,High Risk,Manual Review
75314585,26700.0, 60 months,23.13,F,F1,10+ years,RENT,93549.0,Verified,credit_card,CA,35.01,0.0,705.0,709.0,0.0,37.1,17.0,Joint App,5,High Risk,Manual Review
75378135,3400.0, 36 months,22.45,E,E5,10+ years,MORTGAGE,10000.0,Verified,other,WI,35.17,0.0,685.0,689.0,0.0,68.0,3.0,Individual,5,High Risk,Manual Review
75728172,35000.0, 60 months,23.13,F,F1,10+ years,MORTGAGE,100000.0,Source Verified,debt_consolidation,TN,37.92,0.0,660.0,664.0,0.0,64.4,43.0,Individual,5,High Risk,Manual Review
74925920,12225.0, 36 months,27.34,G,G1,1 year,MORTGAGE,36000.0,Verified,debt_consolidation,LA,41.33,0.0,715.0,719.0,0.0,97.9,18.0,Individual,6,High Risk,Manual Review
75879164,21675.0, 60 months,24.11,F,F2,3 years,RENT,49296.0,Verified,debt_consolidation,WI,44.96,0.0,685.0,689.0,0.0,92.4,37.0,Individual,6,High Risk,Manual Review
75301442,16000.0, 60 months,28.14,G,G2,6 years,MORTGAGE,95687.0,Verified,debt_consolidation,SC,35.8,0.0,695.0,699.0,0.0,87.5,30.0,Individual,6,High Risk,Manual Review
75588138,28000.0, 60 months,21.97,E,E4,3 years,MORTGAGE,91000.0,Source Verified,debt_consolidation,FL,33.27,0.0,685.0,689.0,2.0,45.6,49.0,Individual,5,High Risk,Manual Review
75778215,20000.0, 36 months,21.18,E,E3,< 1 year,RENT,60000.0,Verified,debt_consolidation,VA,33.13,0.0,680.0,684.0,1.0,93.0,21.0,Individual,6,High Risk,Manual Review
74504339,16000.0, 60 months,21.18,E,E3,5 years,MORTGAGE,65000.0,Verified,debt_consolidation,NJ,31.33,0.0,690.0,694.0,1.0,16.9,38.0,Individual,5,High Risk,Manual Review
75171601,10075.0, 36 months,24.11,F,F2,10+ years,RENT,42000.0,Verified,debt_consolidation,PA,33.63,0.0,685.0,689.0,0.0,79.0,14.0,Individual,5,High Risk,Manual Review
75868992,12800.0, 60 months,26.57,F,F5,10+ years,RENT,82000.0,Not Verified,debt_consolidation,NJ,36.53,0.0,660.0,664.0,0.0,69.5,28.0,Individual,5,High Risk,Manual Review
75281134,6075.0, 36 months,23.13,F,F1,1 year,RENT,19000.0,Source Verified,debt_consolidation,TX,35.88,2.0,660.0,664.0,2.0,40.4,11.0,Individual,6,High Risk,Manual Review
73924645,2000.0, 36 months,22.45,E,E5,10+ years,RENT,32000.0,Source Verified,vacation,AZ,39.78,0.0,670.0,674.0,0.0,88.2,15.0,Individual,6,High Risk,Manual Review
75838910,20000.0, 60 months,24.11,F,F2,1 year,MORTGAGE,77016.0,Source Verified,debt_consolidation,MI,36.41,0.0,700.0,704.0,3.0,48.1,38.0,Individual,5,High Risk,Manual Review
73448543,3000.0, 36 months,22.45,E,E5,10+ years,RENT,74000.0,Source Verified,debt_consolidation,CA,37.12,0.0,705.0,709.0,5.0,23.3,30.0,Individual,5,High Risk,Manual Review
73845023,30000.0, 60 months,19.99,E,E1,2 years,RENT,97000.0,Verified,debt_consolidation,MI,31.04,0.0,715.0,719.0,1.0,43.7,33.0,Individual,5,High Risk,Manual Review
73874314,8275.0, 36 months,19.99,E,E1,6 years,RENT,30000.0,Not Verified,credit_card,CT,38.12,0.0,695.0,699.0,0.0,57.1,25.0,Individual,5,High Risk,Manual Review
75649226,20000.0, 60 months,24.11,F,F2,3 years,RENT,62000.0,Verified,debt_consolidation,TN,38.71,1.0,675.0,679.0,0.0,55.7,20.0,Individual,6,High Risk,Manual Review
74625039,25000.0, 60 months,19.99,E,E1,10+ years,OWN,155000.0,Verified,debt_consolidation,MS,32.0,0.0,715.0,719.0,1.0,97.0,27.0,Individual,6,High Risk,Manual Review
75060034,14175.0, 36 months,28.14,G,G2,,RENT,44364.0,Verified,debt_consolidation,FL,30.7,0.0,670.0,674.0,0.0,90.4,13.0,Individual,6,High Risk,Manual Review
75468092,28500.0, 60 months,21.18,E,E3,3 years,RENT,70000.0,Source Verified,debt_consolidation,KY,22.92,5.0,685.0,689.0,0.0,81.3,62.0,Individual,5,High Risk,Manual Review
75051812,6900.0, 36 months,21.18,E,E3,,OWN,21600.0,Verified,debt_consolidation,CA,36.82,1.0,665.0,669.0,1.0,49.6,21.0,Individual,6,High Risk,Manual Review
75104242,8400.0, 36 months,19.99,E,E1,10+ years,MORTGAGE,40000.0,Not Verified,debt_consolidation,AR,37.41,0.0,705.0,709.0,0.0,65.1,26.0,Individual,5,High Risk,Manual Review
75607320,18400.0, 60 months,24.11,F,F2,10+ years,MORTGAGE,45000.0,Verified,major_purchase,CA,44.27,0.0,710.0,714.0,1.0,72.7,41.0,Joint App,5,High Risk,Manual Review
74795365,5000.0, 36 months,15.31,C,C5,8 years,RENT,85000.0,Source Verified,debt_consolidation,TX,35.55,1.0,665.0,669.0,0.0,87.8,33.0,Individual,5,High Risk,Manual Review
74554923,21500.0, 60 months,19.99,E,E1,10+ years,RENT,78000.0,Verified,vacation,CA,24.32,1.0,675.0,679.0,1.0,81.8,16.0,Individual,5,High Risk,Manual Review
75488237,20000.0, 36 months,21.97,E,E4,10+ years,RENT,60000.0,Source Verified,small_business,NJ,34.16,0.0,705.0,709.0,0.0,14.9,22.0,Individual,5,High Risk,Manual Review
75578119,21000.0, 60 months,22.45,E,E5,3 years,RENT,98000.0,Verified,credit_card,NV,41.24,0.0,680.0,684.0,1.0,59.6,53.0,Individual,5,High Risk,Manual Review
75598082,27000.0, 36 months,19.99,E,E1,2 years,MORTGAGE,60000.0,Source Verified,debt_consolidation,OK,31.68,1.0,680.0,684.0,0.0,34.7,43.0,Individual,6,High Risk,Manual Review
75367510,29900.0, 36 months,21.97,E,E4,10+ years,MORTGAGE,65000.0,Not Verified,credit_card,TX,37.13,0.0,705.0,709.0,0.0,75.3,30.0,Individual,5,High Risk,Manual Review
75427916,30150.0, 36 months,22.45,E,E5,4 years,RENT,145000.0,Verified,debt_consolidation,TX,37.28,0.0,675.0,679.0,0.0,99.0,30.0,Individual,6,High Risk,Manual Review
73733583,30000.0, 60 months,19.99,E,E1,6 years,MORTGAGE,70000.0,Source Verified,debt_consolidation,PA,32.65,0.0,670.0,674.0,2.0,72.4,28.0,Individual,5,High Risk,Manual Review
75478021,28800.0, 36 months,20.75,E,E2,10+ years,RENT,60000.0,Not Verified,debt_consolidation,MD,37.27,0.0,705.0,709.0,0.0,90.7,23.0,Individual,6,High Risk,Manual Review
75151887,15525.0, 60 months,21.18,E,E3,2 years,OWN,65702.0,Source Verified,credit_card,IL,31.03,0.0,670.0,674.0,1.0,98.3,29.0,Individual,6,High Risk,Manual Review
75518129,7000.0, 36 months,22.45,E,E5,2 years,RENT,20000.0,Source Verified,small_business,OH,31.99,0.0,670.0,674.0,1.0,55.5,15.0,Individual,5,High Risk,Manual Review
75105249,11000.0, 60 months,26.57,F,F5,4 years,MORTGAGE,85000.0,Source Verified,debt_consolidation,UT,41.21,0.0,675.0,679.0,1.0,75.8,35.0,Individual,5,High Risk,Manual Review
75160781,15575.0, 60 months,24.11,F,F2,9 years,MORTGAGE,41000.0,Verified,major_purchase,NC,33.22,0.0,680.0,684.0,0.0,51.2,19.0,Individual,5,High Risk,Manual Review
75458129,18500.0, 60 months,20.75,E,E2,1 year,RENT,185000.0,Source Verified,credit_card,CA,23.68,1.0,670.0,674.0,0.0,87.1,13.0,Individual,5,High Risk,Manual Review
75311548,6825.0, 36 months,24.11,F,F2,6 years,MORTGAGE,35240.0,Not Verified,home_improvement,VA,39.58,0.0,685.0,689.0,1.0,64.5,36.0,Individual,5,High Risk,Manual Review
74653408,35000.0, 36 months,21.18,E,E3,8 years,OWN,240000.0,Verified,debt_consolidation,WI,15.3,2.0,670.0,674.0,2.0,87.0,50.0,Individual,5,High Risk,Manual Review
75290337,27150.0, 60 months,28.67,G,G4,2 years,MORTGAGE,90000.0,Verified,debt_consolidation,WA,30.92,0.0,685.0,689.0,1.0,82.7,24.0,Individual,6,High Risk,Manual Review
75577927,6000.0, 36 months,19.99,E,E1,10+ years,RENT,50000.0,Source Verified,major_purchase,CA,34.37,0.0,665.0,669.0,0.0,57.3,15.0,Individual,5,High Risk,Manual Review
75387964,2500.0, 36 months,20.75,E,E2,10+ years,MORTGAGE,77327.0,Source Verified,debt_consolidation,FL,31.58,2.0,660.0,664.0,1.0,44.8,38.0,Individual,6,High Risk,Manual Review
74885030,27600.0, 60 months,21.97,E,E4,10+ years,MORTGAGE,60000.0,Verified,debt_consolidation,IN,31.35,0.0,685.0,689.0,0.0,74.8,25.0,Individual,5,High Risk,Manual Review
75487780,17650.0, 60 months,20.75,E,E2,4 years,MORTGAGE,76000.0,Not Verified,debt_consolidation,TX,35.62,0.0,740.0,744.0,0.0,20.9,32.0,Individual,5,High Risk,Manual Review
75397770,18375.0, 36 months,19.99,E,E1,4 years,MORTGAGE,35000.0,Verified,debt_consolidation,IN,91.46,1.0,685.0,689.0,2.0,62.0,62.0,Joint App,6,High Risk,Manual Review
75224305,2000.0, 36 months,22.45,E,E5,1 year,MORTGAGE,33280.0,Source Verified,credit_card,TN,38.51,0.0,660.0,664.0,1.0,61.4,28.0,Individual,5,High Risk,Manual Review
75211324,15200.0, 36 months,24.99,F,F3,4 years,RENT,40000.0,Verified,debt_consolidation,VA,36.42,0.0,660.0,664.0,0.0,94.1,11.0,Individual,6,High Risk,Manual Review
75497712,27000.0, 60 months,24.99,F,F3,10+ years,OWN,60000.0,Verified,debt_consolidation,LA,35.1,0.0,720.0,724.0,1.0,35.7,42.0,Individual,5,High Risk,Manual Review
75538113,33100.0, 60 months,24.11,F,F2,10+ years,MORTGAGE,72000.0,Source Verified,debt_consolidation,GA,31.6,4.0,690.0,694.0,0.0,,25.0,Individual,6,High Risk,Manual Review
75143108,15500.0, 60 months,21.18,E,E3,,RENT,88000.0,Verified,debt_consolidation,VA,34.37,1.0,660.0,664.0,1.0,34.3,26.0,Individual,6,High Risk,Manual Review
75234123,3600.0, 36 months,21.97,E,E4,10+ years,MORTGAGE,68000.0,Verified,other,AL,34.1,0.0,705.0,709.0,0.0,57.0,27.0,Individual,5,High Risk,Manual Review
75315114,7200.0, 36 months,19.99,E,E1,3 years,OWN,20000.0,Source Verified,debt_consolidation,TX,40.76,0.0,680.0,684.0,0.0,45.7,11.0,Individual,5,High Risk,Manual Review
75597371,34500.0, 60 months,21.97,E,E4,10+ years,MORTGAGE,69000.0,Source Verified,debt_consolidation,AR,34.26,0.0,685.0,689.0,0.0,55.7,40.0,Individual,5,High Risk,Manual Review
75607400,15750.0, 36 months,21.18,E,E3,6 years,RENT,23000.0,Verified,credit_card,TN,41.08,0.0,700.0,704.0,0.0,84.4,11.0,Joint App,6,High Risk,Manual Review
75397501,15200.0, 60 months,20.75,E,E2,< 1 year,MORTGAGE,40000.0,Verified,debt_consolidation,OK,19.26,1.0,670.0,674.0,0.0,82.6,18.0,Individual,5,High Risk,Manual Review
75215618,1000.0, 36 months,20.75,E,E2,,OWN,17000.0,Verified,major_purchase,FL,31.43,0.0,670.0,674.0,0.0,38.5,25.0,Individual,5,High Risk,Manual Review
75447157,10500.0, 36 months,21.18,E,E3,5 years,RENT,21000.0,Source Verified,debt_consolidation,CA,34.23,0.0,670.0,674.0,1.0,64.1,25.0,Individual,5,High Risk,Manual Review
73704665,7500.0, 36 months,21.97,E,E4,,MORTGAGE,43000.0,Verified,debt_consolidation,NC,32.79,0.0,695.0,699.0,0.0,38.8,29.0,Individual,5,High Risk,Manual Review
75100632,16875.0, 36 months,23.13,F,F1,1 year,RENT,63000.0,Source Verified,debt_consolidation,AZ,31.03,0.0,670.0,674.0,4.0,16.5,60.0,Individual,5,High Risk,Manual Review
75339217,7275.0, 36 months,24.11,F,F2,7 years,OWN,70000.0,Source Verified,debt_consolidation,CA,36.4,0.0,665.0,669.0,0.0,74.0,31.0,Individual,5,High Risk,Manual Review
75273568,7000.0, 36 months,21.18,E,E3,< 1 year,RENT,30915.0,Verified,debt_consolidation,ID,38.66,0.0,660.0,664.0,3.0,51.8,23.0,Individual,5,High Risk,Manual Review
74854476,28000.0, 60 months,22.45,E,E5,8 years,OWN,69000.0,Verified,other,CA,30.78,1.0,675.0,679.0,2.0,41.7,26.0,Individual,6,High Risk,Manual Review
73736627,23925.0, 60 months,26.57,F,F5,9 years,RENT,65000.0,Not Verified,debt_consolidation,MA,35.1,0.0,720.0,724.0,0.0,44.0,19.0,Individual,5,High Risk,Manual Review
75448146,25000.0, 36 months,18.25,D,D3,2 years,OWN,64000.0,Source Verified,debt_consolidation,MD,36.43,1.0,680.0,684.0,2.0,80.6,46.0,Individual,5,High Risk,Manual Review
75397813,30000.0, 60 months,23.13,F,F1,3 years,MORTGAGE,105000.0,Verified,debt_consolidation,TX,15.74,2.0,665.0,669.0,0.0,92.9,28.0,Individual,5,High Risk,Manual Review
75195272,4050.0, 36 months,19.99,E,E1,10+ years,RENT,43000.0,Verified,debt_consolidation,IL,30.81,0.0,700.0,704.0,1.0,33.0,17.0,Individual,5,High Risk,Manual Review
75305322,9000.0, 36 months,19.99,E,E1,,MORTGAGE,47312.0,Verified,home_improvement,NC,44.57,2.0,660.0,664.0,0.0,53.9,41.0,Individual,6,High Risk,Manual Review
74785913,23225.0, 60 months,21.97,E,E4,5 years,RENT,105000.0,Verified,debt_consolidation,WA,31.83,0.0,740.0,744.0,0.0,41.4,25.0,Individual,5,High Risk,Manual Review
74696036,30000.0, 36 months,22.45,E,E5,10+ years,MORTGAGE,80000.0,Verified,debt_consolidation,KS,30.43,1.0,675.0,679.0,1.0,50.3,22.0,Individual,6,High Risk,Manual Review
74496049,13500.0, 60 months,23.13,F,F1,10+ years,MORTGAGE,44000.0,Source Verified,credit_card,SD,35.73,0.0,720.0,724.0,0.0,93.6,13.0,Individual,6,High Risk,Manual Review
75320664,10000.0, 36 months,24.11,F,F2,10+ years,MORTGAGE,63600.0,Source Verified,debt_consolidation,TX,36.43,0.0,660.0,664.0,2.0,32.0,19.0,Individual,5,High Risk,Manual Review
75617324,10000.0, 36 months,15.31,C,C5,< 1 year,RENT,33000.0,Verified,debt_consolidation,TX,44.95,7.0,675.0,679.0,0.0,91.7,13.0,Individual,5,High Risk,Manual Review
74545822,12000.0, 36 months,28.34,G,G3,10+ years,RENT,36000.0,Verified,other,NC,35.93,0.0,660.0,664.0,0.0,69.1,10.0,Individual,5,High Risk,Manual Review
75125625,20700.0, 60 months,21.18,E,E3,10+ years,OWN,45000.0,Source Verified,debt_consolidation,TX,36.08,0.0,705.0,709.0,0.0,99.3,12.0,Individual,6,High Risk,Manual Review
74704630,5000.0, 36 months,19.99,E,E1,2 years,RENT,37000.0,Source Verified,debt_consolidation,CA,37.27,0.0,660.0,664.0,3.0,47.2,24.0,Individual,5,High Risk,Manual Review
75229263,8600.0, 36 months,23.13,F,F1,3 years,OWN,51200.0,Source Verified,debt_consolidation,MN,33.9,0.0,735.0,739.0,4.0,9.8,45.0,Individual,5,High Risk,Manual Review
75607909,18925.0, 60 months,24.11,F,F2,1 year,RENT,52605.0,Not Verified,debt_consolidation,NJ,19.6,1.0,675.0,679.0,0.0,84.1,109.0,Individual,5,High Risk,Manual Review
75060897,24200.0, 36 months,20.75,E,E2,10+ years,RENT,55000.0,Verified,debt_consolidation,NY,30.59,0.0,705.0,709.0,1.0,49.4,14.0,Individual,5,High Risk,Manual Review
75205011,17300.0, 36 months,21.97,E,E4,2 years,MORTGAGE,51000.0,Source Verified,debt_consolidation,NY,30.14,0.0,715.0,719.0,1.0,37.4,41.0,Individual,5,High Risk,Manual Review
75102511,35000.0, 60 months,22.45,E,E5,5 years,MORTGAGE,126000.0,Verified,debt_consolidation,WA,36.53,1.0,670.0,674.0,0.0,90.6,41.0,Joint App,7,High Risk,Manual Review
75244787,1600.0, 36 months,21.18,E,E3,,RENT,16462.8,Verified,other,NH,35.52,0.0,675.0,679.0,1.0,97.5,17.0,Individual,6,High Risk,Manual Review
75194465,13600.0, 60 months,23.13,F,F1,10+ years,RENT,59000.0,Not Verified,debt_consolidation,OH,44.93,0.0,690.0,694.0,0.0,78.2,26.0,Individual,5,High Risk,Manual Review
75051568,28600.0, 60 months,21.18,E,E3,5 years,MORTGAGE,65000.0,Not Verified,debt_consolidation,NE,32.03,1.0,665.0,669.0,1.0,69.4,20.0,Individual,6,High Risk,Manual Review
75051418,20000.0, 36 months,19.99,E,E1,5 years,MORTGAGE,65000.0,Source Verified,home_improvement,PA,34.84,0.0,720.0,724.0,0.0,30.6,27.0,Individual,5,High Risk,Manual Review
75124429,9250.0, 36 months,22.45,E,E5,6 years,RENT,55000.0,Source Verified,debt_consolidation,NJ,31.4,0.0,660.0,664.0,1.0,67.9,24.0,Individual,5,High Risk,Manual Review
75120492,5275.0, 36 months,19.99,E,E1,8 years,RENT,36000.0,Source Verified,other,CA,36.87,1.0,685.0,689.0,0.0,52.3,14.0,Individual,6,High Risk,Manual Review
74754442,3900.0, 36 months,27.34,G,G1,9 years,RENT,13000.0,Verified,moving,CA,37.77,0.0,710.0,714.0,1.0,29.9,7.0,Individual,5,High Risk,Manual Review
73863736,13800.0, 36 months,18.25,D,D3,,OWN,64032.84,Verified,credit_card,NY,37.01,1.0,675.0,679.0,1.0,82.0,41.0,Individual,5,High Risk,Manual Review
75241705,20825.0, 60 months,21.18,E,E3,2 years,RENT,55000.0,Source Verified,debt_consolidation,NC,30.72,0.0,730.0,734.0,0.0,71.5,37.0,Individual,5,High Risk,Manual Review
73944922,22800.0, 36 months,24.99,F,F3,10+ years,RENT,60000.0,Verified,debt_consolidation,LA,30.9,0.0,665.0,669.0,1.0,81.0,30.0,Individual,6,High Risk,Manual Review
75094382,24000.0, 60 months,21.97,E,E4,8 years,MORTGAGE,65000.0,Source Verified,debt_consolidation,FL,41.58,0.0,700.0,704.0,0.0,68.1,32.0,Individual,5,High Risk,Manual Review
75262279,14350.0, 36 months,21.18,E,E3,4 years,RENT,50000.0,Verified,moving,CA,33.96,0.0,705.0,709.0,1.0,36.3,32.0,Individual,5,High Risk,Manual Review
75060676,17475.0, 60 months,26.57,F,F5,,MORTGAGE,46000.0,Verified,debt_consolidation,MO,38.77,0.0,665.0,669.0,1.0,30.3,35.0,Individual,5,High Risk,Manual Review
73703355,7500.0, 36 months,23.13,F,F1,10+ years,RENT,25415.0,Source Verified,credit_card,MA,34.39,0.0,670.0,674.0,0.0,48.5,19.0,Individual,5,High Risk,Manual Review
74101330,35000.0, 60 months,21.97,E,E4,7 years,RENT,100000.0,Verified,credit_card,NY,32.09,0.0,690.0,694.0,0.0,80.5,22.0,Individual,6,High Risk,Manual Review
74532919,15875.0, 36 months,23.13,F,F1,2 years,MORTGAGE,50000.0,Source Verified,debt_consolidation,WI,30.03,0.0,660.0,664.0,1.0,80.5,38.0,Individual,6,High Risk,Manual Review
73724890,10000.0, 60 months,23.13,F,F1,2 years,RENT,36000.0,Source Verified,debt_consolidation,CA,39.6,0.0,695.0,699.0,0.0,77.1,27.0,Individual,5,High Risk,Manual Review
75109924,18000.0, 60 months,28.67,G,G4,4 years,MORTGAGE,69900.0,Verified,debt_consolidation,AL,30.58,2.0,675.0,679.0,2.0,96.8,30.0,Individual,7,High Risk,Manual Review
74622565,7975.0, 36 months,20.75,E,E2,10+ years,MORTGAGE,36000.0,Source Verified,debt_consolidation,ME,34.43,0.0,675.0,679.0,1.0,71.6,24.0,Individual,5,High Risk,Manual Review
75172122,33800.0, 36 months,18.25,D,D3,,OWN,87000.0,Source Verified,debt_consolidation,NY,33.68,1.0,670.0,674.0,4.0,82.2,39.0,Individual,5,High Risk,Manual Review
75353126,12900.0, 60 months,26.57,F,F5,2 years,RENT,32267.0,Verified,debt_consolidation,FL,39.4,0.0,695.0,699.0,0.0,27.3,19.0,Individual,5,High Risk,Manual Review
74716525,2750.0, 36 months,25.88,F,F4,3 years,MORTGAGE,33500.0,Source Verified,debt_consolidation,AZ,32.81,0.0,665.0,669.0,0.0,55.8,13.0,Joint App,5,High Risk,Manual Review
73785334,36550.0, 60 months,24.11,F,F2,10+ years,MORTGAGE,140000.0,Not Verified,debt_consolidation,NY,29.89,1.0,700.0,704.0,0.0,95.9,32.0,Individual,5,High Risk,Manual Review
74694901,35000.0, 36 months,16.29,D,D1,7 years,MORTGAGE,100000.0,Verified,credit_card,GA,34.71,1.0,665.0,669.0,3.0,82.0,16.0,Individual,5,High Risk,Manual Review
74914287,12000.0, 36 months,21.97,E,E4,2 years,RENT,41000.0,Verified,credit_card,WA,35.74,0.0,670.0,674.0,1.0,78.3,18.0,Individual,5,High Risk,Manual Review
75192370,18325.0, 60 months,24.11,F,F2,10+ years,RENT,66680.0,Verified,debt_consolidation,NE,12.37,2.0,665.0,669.0,1.0,87.0,12.0,Individual,5,High Risk,Manual Review
73714816,19000.0, 36 months,21.18,E,E3,10+ years,RENT,41321.0,Source Verified,debt_consolidation,TN,35.81,0.0,720.0,724.0,0.0,33.9,27.0,Individual,5,High Risk,Manual Review
75099651,30075.0, 36 months,24.99,F,F3,< 1 year,RENT,80000.0,Verified,debt_consolidation,CA,31.43,0.0,695.0,699.0,2.0,82.7,12.0,Individual,6,High Risk,Manual Review
75144974,13550.0, 60 months,21.97,E,E4,1 year,MORTGAGE,67000.0,Source Verified,debt_consolidation,UT,27.39,3.0,660.0,664.0,1.0,84.5,61.0,Individual,5,High Risk,Manual Review
74624130,27500.0, 60 months,19.99,E,E1,10+ years,RENT,99200.0,Not Verified,credit_card,IN,32.75,13.0,660.0,664.0,0.0,43.2,30.0,Individual,6,High Risk,Manual Review
75246179,19825.0, 60 months,23.13,F,F1,10+ years,MORTGAGE,74880.0,Verified,credit_card,MD,48.89,1.0,700.0,704.0,0.0,94.9,26.0,Individual,7,High Risk,Manual Review
74525564,30000.0, 60 months,21.18,E,E3,2 years,MORTGAGE,100000.0,Source Verified,debt_consolidation,NJ,38.5,0.0,660.0,664.0,2.0,71.3,33.0,Individual,5,High Risk,Manual Review
74945973,15000.0, 60 months,22.45,E,E5,3 years,RENT,43500.0,Verified,debt_consolidation,OR,48.5,0.0,695.0,699.0,0.0,43.2,32.0,Individual,5,High Risk,Manual Review
75140250,4075.0, 36 months,26.57,F,F5,2 years,RENT,17000.0,Source Verified,debt_consolidation,CA,39.27,0.0,660.0,664.0,0.0,81.8,11.0,Individual,6,High Risk,Manual Review
75094017,18225.0, 36 months,20.75,E,E2,5 years,OWN,48000.0,Verified,debt_consolidation,TX,37.8,0.0,660.0,664.0,2.0,79.2,48.0,Individual,5,High Risk,Manual Review
75303401,12950.0, 60 months,25.88,F,F4,10+ years,RENT,36000.0,Verified,debt_consolidation,LA,36.5,1.0,660.0,664.0,0.0,89.4,27.0,Individual,7,High Risk,Manual Review
75195441,11775.0, 60 months,26.57,F,F5,2 years,RENT,37000.0,Source Verified,debt_consolidation,OH,33.15,0.0,660.0,664.0,0.0,44.1,36.0,Individual,5,High Risk,Manual Review
75209967,12000.0, 60 months,27.34,G,G1,8 years,MORTGAGE,61000.0,Verified,debt_consolidation,MO,41.47,0.0,685.0,689.0,0.0,86.2,27.0,Individual,6,High Risk,Manual Review
75231345,7200.0, 36 months,19.99,E,E1,4 years,MORTGAGE,108000.0,Not Verified,debt_consolidation,MI,31.37,0.0,695.0,699.0,4.0,86.1,34.0,Individual,6,High Risk,Manual Review
74644420,19850.0, 36 months,22.45,E,E5,,RENT,21500.0,Verified,debt_consolidation,SC,48.35,1.0,665.0,669.0,1.0,47.2,34.0,Joint App,6,High Risk,Manual Review
75290351,9275.0, 36 months,24.99,F,F3,6 years,MORTGAGE,29000.0,Source Verified,debt_consolidation,NJ,31.62,5.0,660.0,664.0,0.0,0.9,28.0,Individual,6,High Risk,Manual Review
74503599,5000.0, 36 months,19.99,E,E1,5 years,RENT,34350.0,Source Verified,debt_consolidation,FL,41.13,0.0,685.0,689.0,0.0,72.0,23.0,Individual,5,High Risk,Manual Review
74597111,6475.0, 36 months,27.34,G,G1,7 years,OWN,21600.0,Verified,debt_consolidation,TX,31.56,0.0,680.0,684.0,2.0,23.0,17.0,Individual,5,High Risk,Manual Review
75277602,14000.0, 60 months,21.97,E,E4,10+ years,OWN,75000.0,Not Verified,credit_card,MN,40.34,0.0,710.0,714.0,0.0,61.0,29.0,Individual,5,High Risk,Manual Review
75334180,23725.0, 60 months,21.97,E,E4,10+ years,MORTGAGE,53945.0,Verified,debt_consolidation,PA,48.57,1.0,685.0,689.0,0.0,42.1,37.0,Individual,6,High Risk,Manual Review
75507839,15000.0, 36 months,18.25,D,D3,4 years,RENT,71000.0,Source Verified,debt_consolidation,IL,31.64,1.0,660.0,664.0,3.0,84.1,61.0,Individual,5,High Risk,Manual Review
75417846,18000.0, 36 months,20.75,E,E2,10+ years,MORTGAGE,56000.0,Verified,debt_consolidation,OH,33.67,0.0,660.0,664.0,0.0,70.2,28.0,Individual,5,High Risk,Manual Review
75335326,8750.0, 36 months,21.97,E,E4,4 years,RENT,25000.0,Verified,credit_card,MT,38.12,0.0,660.0,664.0,1.0,96.0,12.0,Individual,6,High Risk,Manual Review
75080209,6000.0, 36 months,18.99,D,D4,10+ years,MORTGAGE,30000.0,Not Verified,other,AR,37.76,2.0,660.0,664.0,3.0,82.5,48.0,Individual,5,High Risk,Manual Review
75061282,23275.0, 60 months,19.99,E,E1,,MORTGAGE,50647.2,Not Verified,debt_consolidation,NC,32.54,0.0,710.0,714.0,0.0,77.1,16.0,Individual,5,High Risk,Manual Review
75152126,17650.0, 36 months,19.99,E,E1,10+ years,RENT,70000.0,Not Verified,debt_consolidation,WA,30.85,1.0,675.0,679.0,0.0,91.4,28.0,Individual,7,High Risk,Manual Review
75240744,23550.0, 36 months,21.97,E,E4,10+ years,MORTGAGE,62000.0,Verified,debt_consolidation,AZ,33.62,0.0,675.0,679.0,0.0,90.8,20.0,Individual,6,High Risk,Manual Review
74795891,30000.0, 60 months,22.45,E,E5,10+ years,OWN,68000.0,Source Verified,house,OH,31.49,0.0,785.0,789.0,0.0,18.9,38.0,Individual,5,High Risk,Manual Review
75249704,15425.0, 60 months,28.99,G,G5,6 years,RENT,38000.0,Verified,debt_consolidation,MS,41.82,0.0,700.0,704.0,0.0,80.6,15.0,Individual,6,High Risk,Manual Review
75331087,35000.0, 60 months,25.88,F,F4,10+ years,RENT,80000.0,Source Verified,debt_consolidation,WI,30.87,0.0,685.0,689.0,0.0,75.2,26.0,Individual,5,High Risk,Manual Review
75249971,15000.0, 36 months,21.97,E,E4,10+ years,RENT,80845.0,Verified,debt_consolidation,IL,33.07,1.0,665.0,669.0,1.0,87.5,16.0,Individual,7,High Risk,Manual Review
74572026,6250.0, 36 months,22.45,E,E5,7 years,RENT,19000.0,Source Verified,credit_card,CA,47.76,2.0,660.0,664.0,1.0,49.8,21.0,Individual,6,High Risk,Manual Review
75234483,28000.0, 36 months,19.99,E,E1,3 years,RENT,85000.0,Verified,credit_card,CA,42.34,0.0,685.0,689.0,2.0,52.6,29.0,Individual,5,High Risk,Manual Review
75140105,4275.0, 36 months,23.13,F,F1,,RENT,37776.0,Verified,debt_consolidation,NY,33.7,0.0,735.0,739.0,4.0,2.5,24.0,Individual,5,High Risk,Manual Review
75302216,35000.0, 36 months,19.99,E,E1,9 years,MORTGAGE,87000.0,Verified,debt_consolidation,MD,34.5,0.0,695.0,699.0,2.0,95.0,32.0,Individual,6,High Risk,Manual Review
75115321,14000.0, 60 months,20.75,E,E2,2 years,MORTGAGE,42000.0,Source Verified,other,TX,37.77,0.0,680.0,684.0,2.0,16.2,36.0,Individual,5,High Risk,Manual Review
75239448,6125.0, 36 months,22.45,E,E5,10+ years,OWN,22000.0,Source Verified,debt_consolidation,OK,36.33,0.0,680.0,684.0,1.0,28.2,25.0,Individual,5,High Risk,Manual Review
75162511,35000.0, 60 months,23.13,F,F1,< 1 year,RENT,120000.0,Verified,debt_consolidation,FL,24.33,3.0,665.0,669.0,2.0,84.5,29.0,Individual,5,High Risk,Manual Review
75183989,19675.0, 60 months,24.11,F,F2,10+ years,MORTGAGE,65000.0,Source Verified,debt_consolidation,FL,31.4,0.0,710.0,714.0,0.0,60.8,30.0,Individual,5,High Risk,Manual Review
74906205,20000.0, 60 months,21.18,E,E3,10+ years,OWN,75600.0,Source Verified,debt_consolidation,TX,37.56,0.0,670.0,674.0,1.0,70.5,29.0,Individual,5,High Risk,Manual Review
75487537,35000.0, 36 months,21.18,E,E3,10+ years,RENT,90000.0,Source Verified,debt_consolidation,CO,37.43,0.0,685.0,689.0,0.0,81.9,24.0,Individual,6,High Risk,Manual Review
75124417,22075.0, 60 months,22.45,E,E5,7 years,RENT,48000.0,Verified,debt_consolidation,OR,44.88,0.0,695.0,699.0,1.0,64.5,22.0,Individual,5,High Risk,Manual Review
75160093,35000.0, 60 months,22.45,E,E5,10+ years,MORTGAGE,140000.0,Verified,debt_consolidation,CT,22.38,3.0,695.0,699.0,0.0,95.3,41.0,Individual,5,High Risk,Manual Review
75215594,28000.0, 60 months,22.45,E,E5,10+ years,RENT,120000.0,Source Verified,debt_consolidation,FL,32.47,1.0,665.0,669.0,0.0,88.8,38.0,Individual,7,High Risk,Manual Review
74905630,16000.0, 36 months,19.99,E,E1,10+ years,MORTGAGE,32000.0,Verified,debt_consolidation,FL,36.23,0.0,715.0,719.0,0.0,71.2,25.0,Individual,5,High Risk,Manual Review
73499988,13675.0, 36 months,27.34,G,G1,,MORTGAGE,60000.0,Source Verified,other,TX,34.24,0.0,700.0,704.0,2.0,40.9,21.0,Individual,5,High Risk,Manual Review
75333117,29100.0, 60 months,25.88,F,F4,5 years,RENT,72800.0,Verified,medical,MD,39.19,0.0,720.0,724.0,0.0,55.0,4.0,Individual,5,High Risk,Manual Review
75249761,12000.0, 36 months,25.88,F,F4,10+ years,MORTGAGE,80000.0,Verified,debt_consolidation,IL,35.18,0.0,665.0,669.0,1.0,72.7,34.0,Individual,5,High Risk,Manual Review
74795137,24000.0, 60 months,20.75,E,E2,1 year,MORTGAGE,115000.0,Source Verified,credit_card,NY,32.81,0.0,700.0,704.0,0.0,35.0,35.0,Individual,5,High Risk,Manual Review
75193343,12000.0, 60 months,21.18,E,E3,2 years,RENT,78000.0,Not Verified,debt_consolidation,CO,38.72,1.0,660.0,664.0,2.0,75.2,28.0,Individual,6,High Risk,Manual Review
75322592,20000.0, 36 months,18.25,D,D3,10+ years,MORTGAGE,90000.0,Not Verified,debt_consolidation,UT,33.91,1.0,660.0,664.0,0.0,97.0,17.0,Individual,5,High Risk,Manual Review
75320189,28000.0, 60 months,23.13,F,F1,5 years,MORTGAGE,98000.0,Verified,other,AK,34.95,0.0,715.0,719.0,2.0,29.8,31.0,Individual,5,High Risk,Manual Review
75255119,14750.0, 36 months,21.18,E,E3,10+ years,OWN,41000.0,Verified,debt_consolidation,TX,36.91,0.0,705.0,709.0,1.0,81.0,21.0,Individual,6,High Risk,Manual Review
75059382,17475.0, 36 months,21.97,E,E4,10+ years,MORTGAGE,46000.0,Not Verified,debt_consolidation,NV,36.32,0.0,665.0,669.0,1.0,73.2,19.0,Individual,5,High Risk,Manual Review
75051271,11200.0, 60 months,21.18,E,E3,8 years,RENT,55000.0,Verified,debt_consolidation,ND,39.2,0.0,690.0,694.0,1.0,65.4,23.0,Individual,5,High Risk,Manual Review
75285730,1000.0, 36 months,21.18,E,E3,1 year,OWN,40000.0,Source Verified,other,AR,38.79,0.0,730.0,734.0,0.0,47.4,23.0,Individual,5,High Risk,Manual Review
75204787,10500.0, 60 months,22.45,E,E5,8 years,RENT,21000.0,Source Verified,debt_consolidation,OR,38.0,0.0,660.0,664.0,0.0,88.3,16.0,Individual,6,High Risk,Manual Review
75203893,9000.0, 36 months,20.75,E,E2,< 1 year,OWN,25000.0,Verified,debt_consolidation,CA,31.69,0.0,665.0,669.0,0.0,93.4,10.0,Individual,6,High Risk,Manual Review
75184142,18050.0, 36 months,21.18,E,E3,10+ years,MORTGAGE,50000.0,Source Verified,debt_consolidation,NH,34.45,0.0,720.0,724.0,4.0,37.1,21.0,Individual,5,High Risk,Manual Review
75189516,11200.0, 60 months,20.75,E,E2,10+ years,RENT,43000.0,Not Verified,debt_consolidation,TN,38.21,0.0,690.0,694.0,1.0,85.2,26.0,Individual,6,High Risk,Manual Review
75246256,18000.0, 60 months,21.18,E,E3,,MORTGAGE,53796.0,Verified,home_improvement,PA,31.01,0.0,675.0,679.0,2.0,47.0,28.0,Individual,5,High Risk,Manual Review
75103728,28000.0, 60 months,21.18,E,E3,3 years,RENT,111660.0,Verified,debt_consolidation,MO,22.77,1.0,680.0,684.0,0.0,96.0,20.0,Individual,5,High Risk,Manual Review
75325086,19800.0, 36 months,22.45,E,E5,< 1 year,RENT,45000.0,Verified,debt_consolidation,CA,33.6,0.0,705.0,709.0,0.0,48.9,12.0,Individual,5,High Risk,Manual Review
73885395,33000.0, 60 months,20.75,E,E2,9 years,MORTGAGE,92000.0,Verified,debt_consolidation,LA,31.07,0.0,680.0,684.0,2.0,75.9,30.0,Individual,5,High Risk,Manual Review
75165470,8500.0, 36 months,20.75,E,E2,< 1 year,RENT,25000.0,Source Verified,debt_consolidation,CT,34.91,0.0,675.0,679.0,1.0,41.2,22.0,Individual,5,High Risk,Manual Review
75296118,16000.0, 60 months,21.97,E,E4,5 years,MORTGAGE,80000.0,Not Verified,debt_consolidation,TX,35.75,0.0,700.0,704.0,1.0,48.0,33.0,Individual,5,High Risk,Manual Review
75276626,35000.0, 60 months,19.53,D,D5,5 years,MORTGAGE,104000.0,Verified,credit_card,KS,32.58,4.0,675.0,679.0,0.0,87.4,94.0,Individual,5,High Risk,Manual Review
75315669,32000.0, 60 months,21.97,E,E4,10+ years,MORTGAGE,150000.0,Not Verified,debt_consolidation,SC,19.27,1.0,690.0,694.0,1.0,85.2,32.0,Individual,5,High Risk,Manual Review
75169536,11950.0, 36 months,25.88,F,F4,5 years,RENT,33280.0,Verified,debt_consolidation,TX,33.86,0.0,665.0,669.0,0.0,57.4,22.0,Individual,5,High Risk,Manual Review
75204856,10800.0, 60 months,21.97,E,E4,3 years,RENT,50715.0,Not Verified,debt_consolidation,TX,33.39,0.0,665.0,669.0,1.0,67.6,26.0,Individual,5,High Risk,Manual Review
75334051,1400.0, 36 months,19.99,E,E1,,RENT,34000.0,Verified,other,NC,39.57,1.0,660.0,664.0,0.0,94.8,30.0,Individual,7,High Risk,Manual Review
75205079,14400.0, 60 months,20.75,E,E2,2 years,RENT,38000.0,Source Verified,debt_consolidation,IN,34.84,0.0,690.0,694.0,0.0,80.0,18.0,Individual,5,High Risk,Manual Review
75154350,13400.0, 60 months,21.18,E,E3,4 years,MORTGAGE,33500.0,Verified,debt_consolidation,FL,39.3,0.0,680.0,684.0,1.0,27.9,18.0,Individual,5,High Risk,Manual Review
75213267,35000.0, 36 months,20.75,E,E2,9 years,MORTGAGE,90000.0,Source Verified,debt_consolidation,WY,37.44,1.0,690.0,694.0,0.0,60.1,25.0,Individual,6,High Risk,Manual Review
75205486,32200.0, 36 months,21.97,E,E4,10+ years,MORTGAGE,73200.0,Not Verified,debt_consolidation,LA,38.93,0.0,665.0,669.0,1.0,56.8,35.0,Individual,5,High Risk,Manual Review
75223932,10000.0, 36 months,20.75,E,E2,8 years,RENT,45000.0,Verified,other,PA,34.83,1.0,725.0,729.0,2.0,7.0,44.0,Individual,6,High Risk,Manual Review
75284386,19125.0, 36 months,21.97,E,E4,3 years,RENT,70000.0,Not Verified,debt_consolidation,PA,38.3,0.0,670.0,674.0,1.0,91.4,32.0,Individual,6,High Risk,Manual Review
75115210,20000.0, 60 months,21.18,E,E3,10+ years,RENT,89000.0,Verified,debt_consolidation,MO,33.52,0.0,690.0,694.0,0.0,88.0,50.0,Individual,6,High Risk,Manual Review
75285597,12000.0, 60 months,19.99,E,E1,2 years,MORTGAGE,62500.0,Not Verified,debt_consolidation,OK,30.87,0.0,730.0,734.0,2.0,15.9,33.0,Individual,5,High Risk,Manual Review
74505909,35000.0, 36 months,19.53,D,D5,2 years,MORTGAGE,73000.0,Verified,debt_consolidation,ND,33.44,1.0,680.0,684.0,0.0,83.6,30.0,Individual,5,High Risk,Manual Review
75304891,16000.0, 60 months,21.18,E,E3,5 years,RENT,47500.0,Not Verified,other,WV,37.32,0.0,680.0,684.0,0.0,73.3,74.0,Individual,5,High Risk,Manual Review
75195509,5400.0, 36 months,21.18,E,E3,5 years,MORTGAGE,60000.0,Verified,debt_consolidation,NJ,39.82,0.0,660.0,664.0,1.0,89.0,42.0,Individual,6,High Risk,Manual Review
75061319,25000.0, 60 months,22.45,E,E5,10+ years,MORTGAGE,70000.0,Not Verified,debt_consolidation,IL,38.73,0.0,730.0,734.0,2.0,55.0,61.0,Individual,5,High Risk,Manual Review
75095276,21000.0, 60 months,21.18,E,E3,10+ years,MORTGAGE,105000.0,Not Verified,home_improvement,TX,32.02,0.0,660.0,664.0,0.0,73.4,26.0,Individual,5,High Risk,Manual Review
75332453,18925.0, 60 months,21.97,E,E4,10+ years,MORTGAGE,115606.0,Not Verified,debt_consolidation,OR,30.88,1.0,695.0,699.0,1.0,62.8,46.0,Individual,6,High Risk,Manual Review
75245232,24000.0, 60 months,21.18,E,E3,3 years,RENT,60500.0,Source Verified,other,CA,34.64,0.0,750.0,754.0,1.0,19.2,21.0,Individual,5,High Risk,Manual Review
74566219,35000.0, 60 months,16.29,D,D1,7 years,MORTGAGE,95000.0,Verified,credit_card,VA,30.76,1.0,665.0,669.0,0.0,96.4,39.0,Individual,5,High Risk,Manual Review
75233106,4000.0, 36 months,19.99,E,E1,10+ years,MORTGAGE,48500.0,Source Verified,home_improvement,WI,34.55,0.0,690.0,694.0,0.0,60.5,24.0,Individual,5,High Risk,Manual Review
73541406,10450.0, 36 months,21.18,E,E3,< 1 year,RENT,36350.0,Verified,debt_consolidation,NC,33.18,0.0,700.0,704.0,1.0,48.9,17.0,Individual,5,High Risk,Manual Review
75214949,12000.0, 60 months,20.75,E,E2,10+ years,MORTGAGE,57987.0,Not Verified,debt_consolidation,SC,32.04,1.0,660.0,664.0,4.0,45.7,48.0,Individual,6,High Risk,Manual Review
75264912,20000.0, 60 months,20.75,E,E2,9 years,MORTGAGE,62000.0,Verified,credit_card,IL,20.6,1.0,690.0,694.0,1.0,91.0,17.0,Individual,5,High Risk,Manual Review
75204614,25000.0, 60 months,19.99,E,E1,10+ years,MORTGAGE,75000.0,Source Verified,debt_consolidation,IL,31.89,0.0,665.0,669.0,4.0,41.5,63.0,Individual,5,High Risk,Manual Review
74637036,14400.0, 60 months,26.57,F,F5,10+ years,RENT,52000.0,Verified,debt_consolidation,CA,46.0,0.0,665.0,669.0,0.0,74.0,17.0,Individual,5,High Risk,Manual Review
74532034,14500.0, 36 months,20.75,E,E2,2 years,MORTGAGE,50000.0,Source Verified,debt_consolidation,AZ,3.82,1.0,660.0,664.0,0.0,87.8,11.0,Individual,5,High Risk,Manual Review
75125734,3650.0, 36 months,19.99,E,E1,3 years,MORTGAGE,46000.0,Source Verified,debt_consolidation,CO,36.2,0.0,665.0,669.0,0.0,61.9,33.0,Individual,5,High Risk,Manual Review
73874030,5400.0, 36 months,21.18,E,E3,3 years,MORTGAGE,38000.0,Source Verified,debt_consolidation,FL,32.01,0.0,690.0,694.0,2.0,32.7,25.0,Individual,5,High Risk,Manual Review
73222492,3350.0, 36 months,19.99,E,E1,< 1 year,RENT,10000.0,Not Verified,moving,IL,50.06,0.0,665.0,669.0,0.0,54.1,16.0,Joint App,5,High Risk,Manual Review
75161969,11200.0, 60 months,19.99,E,E1,10+ years,MORTGAGE,50500.0,Verified,debt_consolidation,IL,35.08,0.0,710.0,714.0,0.0,31.0,25.0,Individual,5,High Risk,Manual Review
74683383,3500.0, 36 months,28.14,G,G2,,OWN,21336.0,Verified,debt_consolidation,CA,49.38,0.0,690.0,694.0,1.0,78.3,31.0,Individual,5,High Risk,Manual Review
75283270,21000.0, 60 months,25.88,F,F4,10+ years,MORTGAGE,86000.0,Source Verified,debt_consolidation,AL,31.45,0.0,690.0,694.0,1.0,35.0,23.0,Individual,5,High Risk,Manual Review
74512906,10000.0, 36 months,19.99,E,E1,9 years,OWN,41000.0,Source Verified,credit_card,FL,39.11,0.0,670.0,674.0,1.0,81.6,18.0,Individual,6,High Risk,Manual Review
75239358,28000.0, 60 months,28.99,G,G5,2 years,MORTGAGE,107000.0,Verified,debt_consolidation,CO,32.9,0.0,670.0,674.0,0.0,61.6,54.0,Individual,5,High Risk,Manual Review
75309338,11400.0, 60 months,28.34,G,G3,,RENT,13339.0,Source Verified,debt_consolidation,PA,63.19,0.0,670.0,674.0,1.0,63.3,11.0,Joint App,5,High Risk,Manual Review
75173577,35000.0, 60 months,24.99,F,F3,10+ years,MORTGAGE,108000.0,Source Verified,debt_consolidation,MD,34.04,2.0,700.0,704.0,1.0,27.0,47.0,Individual,6,High Risk,Manual Review
75303082,28000.0, 60 months,23.13,F,F1,2 years,MORTGAGE,75000.0,Source Verified,debt_consolidation,NJ,35.04,0.0,690.0,694.0,0.0,84.9,26.0,Individual,6,High Risk,Manual Review
74644954,6800.0, 36 months,24.11,F,F2,,MORTGAGE,26196.0,Verified,debt_consolidation,AL,33.39,0.0,700.0,704.0,1.0,28.5,28.0,Individual,5,High Risk,Manual Review
74774885,32500.0, 60 months,21.18,E,E3,3 years,MORTGAGE,65000.0,Verified,debt_consolidation,FL,46.73,5.0,665.0,669.0,0.0,90.3,33.0,Individual,7,High Risk,Manual Review
75211739,6400.0, 36 months,20.75,E,E2,10+ years,MORTGAGE,85000.0,Verified,debt_consolidation,VA,36.75,0.0,665.0,669.0,2.0,74.8,39.0,Individual,5,High Risk,Manual Review
73967203,2550.0, 36 months,21.18,E,E3,3 years,RENT,41746.0,Not Verified,debt_consolidation,IN,37.64,0.0,680.0,684.0,1.0,37.7,28.0,Individual,5,High Risk,Manual Review
75151638,29550.0, 36 months,20.75,E,E2,4 years,MORTGAGE,70400.0,Not Verified,debt_consolidation,GA,22.83,1.0,670.0,674.0,0.0,95.3,23.0,Individual,5,High Risk,Manual Review
75244194,32000.0, 36 months,21.18,E,E3,3 years,OWN,85000.0,Not Verified,debt_consolidation,PA,35.76,1.0,705.0,709.0,0.0,50.9,46.0,Individual,6,High Risk,Manual Review
75091482,15000.0, 36 months,19.99,E,E1,10+ years,RENT,65000.0,Not Verified,debt_consolidation,TX,31.63,0.0,665.0,669.0,0.0,78.4,43.0,Individual,5,High Risk,Manual Review
75122330,10000.0, 60 months,19.99,E,E1,5 years,MORTGAGE,50000.0,Not Verified,major_purchase,AR,33.57,0.0,685.0,689.0,3.0,35.0,64.0,Individual,5,High Risk,Manual Review
75332954,4575.0, 36 months,20.75,E,E2,1 year,MORTGAGE,120000.0,Source Verified,credit_card,TN,18.2,1.0,675.0,679.0,1.0,83.5,30.0,Individual,5,High Risk,Manual Review
75221335,24000.0, 60 months,21.97,E,E4,10+ years,MORTGAGE,85000.0,Not Verified,debt_consolidation,TX,36.57,0.0,660.0,664.0,0.0,61.4,66.0,Individual,5,High Risk,Manual Review
73458571,3000.0, 36 months,19.99,E,E1,1 year,MORTGAGE,32000.0,Source Verified,other,ND,31.58,0.0,670.0,674.0,0.0,66.8,26.0,Individual,5,High Risk,Manual Review
74663107,14700.0, 36 months,16.29,D,D1,1 year,RENT,35000.0,Verified,debt_consolidation,HI,44.34,1.0,665.0,669.0,0.0,80.8,20.0,Individual,5,High Risk,Manual Review
75204236,6400.0, 36 months,19.99,E,E1,< 1 year,RENT,54000.0,Source Verified,debt_consolidation,WI,34.02,0.0,665.0,669.0,0.0,102.0,18.0,Individual,6,High Risk,Manual Review
75192570,12175.0, 60 months,21.97,E,E4,9 years,MORTGAGE,111920.0,Not Verified,debt_consolidation,CA,44.66,0.0,745.0,749.0,1.0,18.0,40.0,Individual,5,High Risk,Manual Review
75091459,5000.0, 36 months,19.99,E,E1,< 1 year,OWN,25000.0,Not Verified,debt_consolidation,OK,34.42,0.0,660.0,664.0,2.0,88.0,38.0,Individual,6,High Risk,Manual Review
75103606,16000.0, 60 months,20.75,E,E2,10+ years,MORTGAGE,75000.0,Verified,debt_consolidation,MS,39.87,1.0,665.0,669.0,0.0,53.1,43.0,Individual,6,High Risk,Manual Review
75113372,10200.0, 60 months,21.18,E,E3,4 years,RENT,26000.0,Source Verified,credit_card,NV,35.6,0.0,670.0,674.0,1.0,94.5,5.0,Individual,6,High Risk,Manual Review
75283280,11200.0, 60 months,22.45,E,E5,10+ years,RENT,25480.0,Not Verified,other,NY,31.79,0.0,680.0,684.0,0.0,52.7,37.0,Individual,5,High Risk,Manual Review
75101804,5000.0, 36 months,19.99,E,E1,10+ years,RENT,65000.0,Source Verified,credit_card,KY,34.28,0.0,665.0,669.0,0.0,83.5,38.0,Individual,6,High Risk,Manual Review
75302096,14000.0, 60 months,20.75,E,E2,< 1 year,RENT,40000.0,Source Verified,debt_consolidation,KY,26.16,2.0,665.0,669.0,0.0,89.1,18.0,Individual,5,High Risk,Manual Review
75192558,16100.0, 36 months,19.99,E,E1,10+ years,MORTGAGE,42000.0,Source Verified,debt_consolidation,FL,26.66,1.0,670.0,674.0,0.0,90.9,10.0,Individual,5,High Risk,Manual Review
75173741,12000.0, 60 months,21.18,E,E3,2 years,MORTGAGE,201000.0,Verified,home_improvement,AL,36.03,0.0,710.0,714.0,3.0,43.6,68.0,Individual,5,High Risk,Manual Review
75244199,5500.0, 36 months,19.99,E,E1,,OWN,13430.0,Verified,debt_consolidation,TN,39.41,0.0,660.0,664.0,2.0,57.5,7.0,Individual,5,High Risk,Manual Review
74794788,10000.0, 36 months,15.31,C,C5,10+ years,MORTGAGE,240000.0,Source Verified,credit_card,TX,30.02,1.0,665.0,669.0,1.0,87.5,24.0,Individual,5,High Risk,Manual Review
75270656,10350.0, 36 months,21.18,E,E3,2 years,MORTGAGE,25000.0,Not Verified,home_improvement,FL,33.61,0.0,680.0,684.0,1.0,29.5,18.0,Individual,5,High Risk,Manual Review
75211375,8625.0, 36 months,21.97,E,E4,10+ years,MORTGAGE,27000.0,Source Verified,debt_consolidation,FL,33.69,0.0,675.0,679.0,4.0,32.8,47.0,Individual,5,High Risk,Manual Review
73419752,11600.0, 36 months,19.99,E,E1,6 years,MORTGAGE,49000.0,Not Verified,debt_consolidation,GA,43.82,0.0,700.0,704.0,0.0,70.5,35.0,Individual,5,High Risk,Manual Review
75091917,15025.0, 36 months,19.99,E,E1,1 year,RENT,52596.0,Verified,other,LA,34.66,1.0,675.0,679.0,1.0,28.4,5.0,Joint App,6,High Risk,Manual Review
75182587,10000.0, 36 months,19.99,E,E1,10+ years,MORTGAGE,43000.0,Source Verified,credit_card,TX,30.03,0.0,660.0,664.0,0.0,80.9,14.0,Individual,6,High Risk,Manual Review
75203707,10000.0, 60 months,21.97,E,E4,5 years,MORTGAGE,30000.0,Source Verified,debt_consolidation,OK,48.56,0.0,680.0,684.0,1.0,88.0,36.0,Individual,6,High Risk,Manual Review
75295057,18050.0, 60 months,22.45,E,E5,10+ years,RENT,43000.0,Verified,debt_consolidation,ID,37.96,0.0,660.0,664.0,2.0,77.5,25.0,Individual,5,High Risk,Manual Review
75321457,15000.0, 60 months,24.11,F,F2,10+ years,OWN,50000.0,Verified,credit_card,PA,37.81,0.0,675.0,679.0,2.0,63.8,26.0,Individual,5,High Risk,Manual Review
75162594,7500.0, 36 months,22.45,E,E5,,RENT,18804.0,Verified,debt_consolidation,AZ,42.95,0.0,685.0,689.0,0.0,54.6,30.0,Individual,5,High Risk,Manual Review
75143535,8000.0, 36 months,21.97,E,E4,3 years,OWN,29000.0,Source Verified,credit_card,TN,35.97,0.0,665.0,669.0,2.0,40.7,32.0,Individual,5,High Risk,Manual Review
75162546,10000.0, 36 months,19.99,E,E1,9 years,RENT,32000.0,Source Verified,debt_consolidation,NM,42.0,0.0,665.0,669.0,0.0,67.4,24.0,Individual,5,High Risk,Manual Review
75244721,19200.0, 60 months,22.45,E,E5,10+ years,RENT,80000.0,Not Verified,debt_consolidation,MI,34.64,0.0,680.0,684.0,0.0,70.5,21.0,Individual,5,High Risk,Manual Review
75223469,4800.0, 36 months,19.99,E,E1,< 1 year,RENT,40000.0,Source Verified,debt_consolidation,CA,32.49,0.0,680.0,684.0,4.0,64.9,20.0,Individual,5,High Risk,Manual Review
75351189,5600.0, 36 months,21.18,E,E3,10+ years,RENT,50000.0,Not Verified,debt_consolidation,IL,38.5,0.0,675.0,679.0,4.0,70.9,28.0,Individual,5,High Risk,Manual Review
75101525,2400.0, 36 months,20.75,E,E2,10+ years,MORTGAGE,40000.0,Source Verified,home_improvement,NE,35.91,0.0,720.0,724.0,2.0,35.2,60.0,Individual,5,High Risk,Manual Review
75163759,22800.0, 60 months,22.45,E,E5,2 years,RENT,60266.0,Verified,debt_consolidation,VA,31.32,0.0,695.0,699.0,3.0,35.4,50.0,Individual,5,High Risk,Manual Review
75253294,4425.0, 36 months,19.99,E,E1,,OWN,12348.0,Verified,other,TX,32.94,0.0,750.0,754.0,1.0,18.4,20.0,Individual,5,High Risk,Manual Review
75312853,12000.0, 36 months,21.18,E,E3,10+ years,OWN,65000.0,Source Verified,debt_consolidation,CA,30.69,1.0,660.0,664.0,0.0,47.0,41.0,Individual,6,High Risk,Manual Review
75233431,35000.0, 36 months,21.97,E,E4,10+ years,MORTGAGE,90000.0,Source Verified,debt_consolidation,TX,31.35,0.0,675.0,679.0,0.0,80.1,50.0,Individual,6,High Risk,Manual Review
74496742,14000.0, 60 months,21.18,E,E3,10+ years,MORTGAGE,55000.0,Not Verified,other,SC,37.29,0.0,670.0,674.0,0.0,51.6,21.0,Individual,5,High Risk,Manual Review
74541171,28000.0, 60 months,24.99,F,F3,10+ years,RENT,87258.0,Verified,debt_consolidation,TX,33.86,0.0,690.0,694.0,0.0,40.0,38.0,Individual,5,High Risk,Manual Review
74632379,7550.0, 36 months,21.18,E,E3,10+ years,RENT,21000.0,Verified,debt_consolidation,OH,30.06,0.0,730.0,734.0,1.0,42.8,21.0,Individual,5,High Risk,Manual Review
75303742,18000.0, 36 months,21.18,E,E3,10+ years,RENT,48975.0,Not Verified,credit_card,FL,37.88,0.0,680.0,684.0,1.0,41.6,44.0,Individual,5,High Risk,Manual Review
75102569,31500.0, 60 months,21.97,E,E4,10+ years,RENT,63000.0,Verified,debt_consolidation,GA,46.44,0.0,715.0,719.0,0.0,45.0,25.0,Individual,5,High Risk,Manual Review
75270221,13000.0, 60 months,21.97,E,E4,4 years,RENT,39500.0,Verified,debt_consolidation,TN,33.67,0.0,660.0,664.0,1.0,75.0,14.0,Individual,5,High Risk,Manual Review
75183515,7500.0, 36 months,20.75,E,E2,< 1 year,MORTGAGE,15000.0,Source Verified,debt_consolidation,OH,31.76,0.0,705.0,709.0,1.0,37.7,16.0,Individual,5,High Risk,Manual Review
75253881,8000.0, 36 months,22.45,E,E5,5 years,OWN,39000.0,Source Verified,debt_consolidation,CA,48.89,0.0,670.0,674.0,0.0,87.8,26.0,Individual,6,High Risk,Manual Review
74711398,12600.0, 36 months,21.97,E,E4,1 year,RENT,30000.0,Source Verified,debt_consolidation,TX,35.92,0.0,690.0,694.0,1.0,50.8,20.0,Individual,5,High Risk,Manual Review
75144651,8400.0, 36 months,21.97,E,E4,1 year,RENT,28000.0,Source Verified,credit_card,OH,39.05,0.0,685.0,689.0,2.0,46.6,16.0,Individual,5,High Risk,Manual Review
75212991,6850.0, 36 months,22.45,E,E5,8 years,MORTGAGE,72000.0,Verified,debt_consolidation,NY,11.08,1.0,660.0,664.0,0.0,101.2,18.0,Individual,5,High Risk,Manual Review
75245857,24000.0, 36 months,19.99,E,E1,< 1 year,MORTGAGE,70000.0,Not Verified,credit_card,FL,39.09,0.0,660.0,664.0,0.0,76.6,39.0,Individual,5,High Risk,Manual Review
75273227,10000.0, 36 months,20.75,E,E2,5 years,RENT,40000.0,Verified,credit_card,FL,47.61,0.0,660.0,664.0,1.0,74.4,32.0,Individual,5,High Risk,Manual Review
74725598,18475.0, 60 months,22.45,E,E5,6 years,MORTGAGE,50000.0,Verified,credit_card,PA,36.75,0.0,660.0,664.0,1.0,85.1,30.0,Individual,6,High Risk,Manual Review
75163079,5000.0, 36 months,19.99,E,E1,2 years,OWN,20000.0,Source Verified,other,TN,31.09,1.0,675.0,679.0,0.0,45.4,16.0,Individual,6,High Risk,Manual Review
74856271,4400.0, 36 months,21.18,E,E3,< 1 year,RENT,18000.0,Source Verified,credit_card,FL,46.33,0.0,700.0,704.0,2.0,40.1,12.0,Individual,5,High Risk,Manual Review
75113569,15000.0, 36 months,21.18,E,E3,,RENT,56000.0,Verified,credit_card,IL,37.96,0.0,685.0,689.0,2.0,79.5,57.0,Individual,5,High Risk,Manual Review
74554462,13000.0, 36 months,18.25,D,D3,2 years,RENT,60000.0,Source Verified,debt_consolidation,SC,33.48,2.0,670.0,674.0,0.0,89.9,16.0,Individual,5,High Risk,Manual Review
74554264,12000.0, 60 months,19.99,E,E1,4 years,RENT,78000.0,Not Verified,credit_card,NY,34.86,0.0,685.0,689.0,0.0,83.4,15.0,Individual,6,High Risk,Manual Review
74222131,35000.0, 60 months,23.13,F,F1,1 year,MORTGAGE,50000.0,Verified,credit_card,GA,34.25,0.0,715.0,719.0,0.0,54.6,22.0,Joint App,5,High Risk,Manual Review
27550532,24200.0, 60 months,21.97,E,E4,10+ years,RENT,55000.0,Not Verified,debt_consolidation,CA,33.47,1.0,665.0,669.0,0.0,67.1,18.0,Individual,6,High Risk,Manual Review
75212780,21250.0, 60 months,20.75,E,E2,10+ years,MORTGAGE,71000.0,Not Verified,credit_card,OH,38.2,0.0,720.0,724.0,0.0,97.6,34.0,Individual,6,High Risk,Manual Review
75182521,2500.0, 36 months,19.99,E,E1,2 years,RENT,35000.0,Source Verified,vacation,NJ,36.42,0.0,680.0,684.0,0.0,43.2,15.0,Individual,5,High Risk,Manual Review
74623343,10000.0, 36 months,20.75,E,E2,4 years,RENT,45000.0,Not Verified,medical,CA,35.15,0.0,660.0,664.0,1.0,84.1,6.0,Individual,6,High Risk,Manual Review
75212886,14000.0, 36 months,20.75,E,E2,2 years,RENT,42400.0,Verified,debt_consolidation,CA,34.14,0.0,685.0,689.0,1.0,70.7,25.0,Individual,5,High Risk,Manual Review
75060406,23925.0, 60 months,20.75,E,E2,10+ years,MORTGAGE,57000.0,Verified,debt_consolidation,AL,33.43,0.0,690.0,694.0,0.0,60.9,41.0,Individual,5,High Risk,Manual Review
75093000,8475.0, 36 months,19.99,E,E1,10+ years,MORTGAGE,29000.0,Not Verified,debt_consolidation,OH,32.95,0.0,665.0,669.0,3.0,62.8,9.0,Individual,5,High Risk,Manual Review
75269309,20600.0, 60 months,22.45,E,E5,4 years,MORTGAGE,41234.0,Not Verified,debt_consolidation,WI,35.19,0.0,705.0,709.0,0.0,24.9,15.0,Individual,5,High Risk,Manual Review
75245154,16175.0, 36 months,17.27,D,D2,1 year,RENT,46000.0,Source Verified,credit_card,NC,30.11,1.0,675.0,679.0,0.0,83.2,12.0,Individual,5,High Risk,Manual Review
75184263,20000.0, 36 months,21.97,E,E4,10+ years,MORTGAGE,86240.0,Source Verified,debt_consolidation,MD,38.3,0.0,705.0,709.0,2.0,37.0,68.0,Individual,5,High Risk,Manual Review
75101085,35000.0, 60 months,19.99,E,E1,10+ years,MORTGAGE,109000.0,Verified,debt_consolidation,WY,33.75,2.0,665.0,669.0,0.0,87.0,37.0,Individual,7,High Risk,Manual Review
75171657,21025.0, 60 months,19.99,E,E1,3 years,RENT,51000.0,Not Verified,debt_consolidation,AZ,38.08,0.0,715.0,719.0,0.0,55.8,24.0,Individual,5,High Risk,Manual Review
75182182,15000.0, 60 months,19.99,E,E1,3 years,MORTGAGE,65788.0,Verified,debt_consolidation,KY,36.77,0.0,680.0,684.0,2.0,73.0,42.0,Individual,5,High Risk,Manual Review
75271552,10400.0, 36 months,20.75,E,E2,2 years,OWN,26000.0,Verified,debt_consolidation,CA,30.19,0.0,690.0,694.0,1.0,100.4,3.0,Individual,6,High Risk,Manual Review
75253278,5725.0, 36 months,17.27,D,D2,< 1 year,MORTGAGE,40000.0,Source Verified,debt_consolidation,OH,31.86,1.0,670.0,674.0,0.0,84.5,18.0,Individual,5,High Risk,Manual Review
75101074,14425.0, 60 months,21.18,E,E3,10+ years,MORTGAGE,56993.0,Source Verified,credit_card,NM,35.65,0.0,660.0,664.0,0.0,83.8,36.0,Individual,6,High Risk,Manual Review
75220303,11050.0, 60 months,26.57,F,F5,10+ years,OWN,57200.0,Verified,debt_consolidation,MN,36.84,0.0,710.0,714.0,0.0,51.0,22.0,Individual,5,High Risk,Manual Review
75271489,7000.0, 36 months,22.45,E,E5,,MORTGAGE,24000.0,Source Verified,credit_card,IL,34.45,0.0,660.0,664.0,2.0,58.7,28.0,Individual,5,High Risk,Manual Review
75323110,16800.0, 60 months,24.99,F,F3,5 years,OWN,40000.0,Verified,debt_consolidation,TX,41.04,1.0,675.0,679.0,1.0,39.6,46.0,Individual,6,High Risk,Manual Review
75311572,14050.0, 60 months,21.97,E,E4,10+ years,RENT,37000.0,Not Verified,credit_card,WI,36.07,0.0,690.0,694.0,0.0,79.8,14.0,Individual,5,High Risk,Manual Review
75271289,2500.0, 36 months,19.99,E,E1,5 years,RENT,45432.0,Not Verified,vacation,WA,32.54,0.0,660.0,664.0,2.0,63.7,30.0,Individual,5,High Risk,Manual Review
74725040,9600.0, 36 months,28.67,G,G4,10+ years,RENT,32000.0,Source Verified,other,FL,34.51,0.0,665.0,669.0,0.0,83.2,28.0,Individual,6,High Risk,Manual Review
75171162,10000.0, 36 months,21.18,E,E3,5 years,RENT,40000.0,Source Verified,debt_consolidation,NY,23.14,1.0,665.0,669.0,3.0,82.7,44.0,Individual,5,High Risk,Manual Review
75143479,10850.0, 60 months,23.13,F,F1,2 years,RENT,31000.0,Verified,debt_consolidation,ME,35.04,0.0,665.0,669.0,1.0,54.0,23.0,Individual,5,High Risk,Manual Review
75301723,15000.0, 36 months,18.99,D,D4,1 year,OWN,47000.0,Verified,debt_consolidation,MD,31.89,1.0,660.0,664.0,0.0,94.7,31.0,Individual,5,High Risk,Manual Review
75221642,35000.0, 60 months,17.27,D,D2,10+ years,OWN,130000.0,Source Verified,debt_consolidation,DC,30.68,6.0,670.0,674.0,1.0,83.2,34.0,Individual,5,High Risk,Manual Review
75202036,12000.0, 60 months,21.18,E,E3,2 years,MORTGAGE,86500.0,Source Verified,debt_consolidation,OR,19.21,2.0,665.0,669.0,0.0,88.9,38.0,Individual,5,High Risk,Manual Review
75231434,12000.0, 60 months,21.97,E,E4,2 years,RENT,29000.0,Verified,debt_consolidation,CA,39.9,0.0,730.0,734.0,0.0,41.6,25.0,Individual,5,High Risk,Manual Review
75099147,30000.0, 60 months,27.34,G,G1,10+ years,MORTGAGE,76000.0,Source Verified,debt_consolidation,DE,31.08,1.0,690.0,694.0,0.0,59.7,27.0,Individual,6,High Risk,Manual Review
75049640,10075.0, 60 months,19.99,E,E1,1 year,MORTGAGE,40000.0,Verified,debt_consolidation,TX,31.77,0.0,660.0,664.0,2.0,58.0,20.0,Individual,5,High Risk,Manual Review
75319402,7225.0, 36 months,24.11,F,F2,4 years,OWN,33000.0,Source Verified,debt_consolidation,WI,35.49,0.0,685.0,689.0,0.0,65.1,26.0,Individual,5,High Risk,Manual Review
75232445,31000.0, 60 months,24.11,F,F2,6 years,OWN,65000.0,Verified,debt_consolidation,PA,36.43,0.0,660.0,664.0,0.0,67.5,22.0,Joint App,5,High Risk,Manual Review
74604696,19300.0, 60 months,23.13,F,F1,10+ years,MORTGAGE,42000.0,Source Verified,debt_consolidation,MO,36.37,1.0,705.0,709.0,0.0,25.2,32.0,Individual,6,High Risk,Manual Review
74886209,23050.0, 60 months,27.34,G,G1,10+ years,MORTGAGE,115000.0,Not Verified,debt_consolidation,TX,31.33,0.0,670.0,674.0,4.0,72.4,41.0,Individual,5,High Risk,Manual Review
74605364,15000.0, 60 months,21.18,E,E3,4 years,RENT,15000.0,Verified,debt_consolidation,WI,34.88,0.0,660.0,664.0,0.0,88.1,12.0,Joint App,6,High Risk,Manual Review
74624914,8125.0, 36 months,20.75,E,E2,10+ years,OWN,23920.0,Not Verified,debt_consolidation,MI,32.56,0.0,690.0,694.0,0.0,1.2,20.0,Individual,5,High Risk,Manual Review
74623473,10750.0, 36 months,20.75,E,E2,4 years,RENT,42000.0,Verified,debt_consolidation,FL,17.89,3.0,660.0,664.0,1.0,92.8,45.0,Individual,5,High Risk,Manual Review
74906096,6850.0, 36 months,21.18,E,E3,,RENT,40000.0,Verified,debt_consolidation,AR,45.42,0.0,695.0,699.0,1.0,44.2,31.0,Individual,5,High Risk,Manual Review
74574891,20000.0, 36 months,20.75,E,E2,1 year,RENT,55000.0,Verified,debt_consolidation,TX,38.6,0.0,675.0,679.0,0.0,82.8,26.0,Individual,6,High Risk,Manual Review
75189159,5000.0, 36 months,19.99,E,E1,10+ years,MORTGAGE,35000.0,Verified,debt_consolidation,IL,30.9,0.0,675.0,679.0,0.0,56.0,31.0,Individual,5,High Risk,Manual Review
74784173,10000.0, 60 months,26.57,F,F5,2 years,RENT,80000.0,Not Verified,debt_consolidation,CO,22.35,1.0,675.0,679.0,1.0,92.6,21.0,Individual,5,High Risk,Manual Review
74816431,18000.0, 60 months,18.99,D,D4,10+ years,MORTGAGE,57000.0,Source Verified,debt_consolidation,IN,35.49,6.0,660.0,664.0,0.0,82.9,21.0,Individual,5,High Risk,Manual Review
74816386,25200.0, 60 months,28.34,G,G3,8 years,MORTGAGE,56000.0,Verified,debt_consolidation,KS,25.12,1.0,660.0,664.0,1.0,100.0,29.0,Individual,5,High Risk,Manual Review
75092195,15000.0, 60 months,23.13,F,F1,10+ years,RENT,180000.0,Not Verified,small_business,CA,32.83,0.0,680.0,684.0,1.0,100.0,32.0,Individual,6,High Risk,Manual Review
74895198,12000.0, 60 months,26.57,F,F5,10+ years,RENT,54000.0,Verified,moving,NY,31.33,2.0,660.0,664.0,0.0,60.9,18.0,Individual,6,High Risk,Manual Review
74845990,31275.0, 60 months,28.14,G,G2,10+ years,RENT,68004.44,Verified,debt_consolidation,IL,38.89,0.0,765.0,769.0,1.0,29.3,25.0,Individual,5,High Risk,Manual Review
74994896,35000.0, 60 months,24.99,F,F3,2 years,RENT,105000.0,Source Verified,credit_card,VA,25.54,1.0,700.0,704.0,0.0,90.7,26.0,Individual,5,High Risk,Manual Review
75089729,34550.0, 60 months,24.11,F,F2,9 years,RENT,72000.0,Verified,major_purchase,VA,36.23,2.0,685.0,689.0,0.0,19.2,38.0,Individual,6,High Risk,Manual Review
75311969,15375.0, 60 months,24.99,F,F3,10+ years,MORTGAGE,56000.0,Verified,debt_consolidation,MN,33.69,2.0,660.0,664.0,0.0,23.7,41.0,Individual,6,High Risk,Manual Review
75109189,7250.0, 36 months,24.99,F,F3,10+ years,OWN,47008.0,Source Verified,debt_consolidation,NV,37.81,1.0,665.0,669.0,2.0,35.5,21.0,Individual,6,High Risk,Manual Review
75241533,35000.0, 60 months,19.99,E,E1,< 1 year,MORTGAGE,120000.0,Verified,debt_consolidation,CA,18.37,1.0,665.0,669.0,0.0,95.1,12.0,Individual,5,High Risk,Manual Review
75271138,11450.0, 60 months,21.97,E,E4,8 years,MORTGAGE,65000.0,Source Verified,debt_consolidation,CT,23.52,1.0,670.0,674.0,1.0,91.8,47.0,Individual,5,High Risk,Manual Review
75181658,12000.0, 60 months,19.99,E,E1,10+ years,OWN,68000.0,Source Verified,home_improvement,GA,39.87,0.0,705.0,709.0,1.0,21.0,28.0,Individual,5,High Risk,Manual Review
74956059,35000.0, 36 months,21.97,E,E4,8 years,MORTGAGE,135500.0,Verified,debt_consolidation,FL,31.79,0.0,695.0,699.0,4.0,12.1,72.0,Individual,5,High Risk,Manual Review
75142888,16000.0, 60 months,26.57,F,F5,10+ years,MORTGAGE,79672.0,Source Verified,debt_consolidation,PA,32.58,0.0,660.0,664.0,4.0,74.8,44.0,Individual,5,High Risk,Manual Review
75172717,10000.0, 60 months,25.88,F,F4,3 years,MORTGAGE,18000.0,Verified,debt_consolidation,KY,53.07,0.0,670.0,674.0,0.0,81.3,17.0,Joint App,6,High Risk,Manual Review
74571743,7000.0, 36 months,19.99,E,E1,3 years,MORTGAGE,105000.0,Source Verified,debt_consolidation,OH,41.15,2.0,705.0,709.0,2.0,54.0,22.0,Individual,6,High Risk,Manual Review
75199117,4525.0, 36 months,23.13,F,F1,3 years,OWN,36000.0,Source Verified,debt_consolidation,IN,35.0,0.0,660.0,664.0,1.0,52.1,39.0,Individual,5,High Risk,Manual Review
75025231,12425.0, 36 months,24.99,F,F3,5 years,MORTGAGE,40000.0,Verified,debt_consolidation,OH,30.4,0.0,690.0,694.0,3.0,35.4,15.0,Individual,5,High Risk,Manual Review
74875982,9000.0, 36 months,21.97,E,E4,8 years,RENT,25000.0,Source Verified,debt_consolidation,MO,32.65,0.0,670.0,674.0,0.0,21.1,19.0,Individual,5,High Risk,Manual Review
73893935,3600.0, 36 months,20.75,E,E2,< 1 year,RENT,32658.0,Source Verified,debt_consolidation,CA,43.48,0.0,670.0,674.0,1.0,94.8,16.0,Individual,6,High Risk,Manual Review
75309408,8300.0, 36 months,21.97,E,E4,10+ years,RENT,26000.0,Source Verified,debt_consolidation,FL,31.58,1.0,665.0,669.0,0.0,66.3,19.0,Individual,6,High Risk,Manual Review
75140264,13675.0, 60 months,21.97,E,E4,< 1 year,MORTGAGE,38000.0,Source Verified,debt_consolidation,SD,33.95,0.0,685.0,689.0,1.0,75.6,13.0,Individual,5,High Risk,Manual Review
75290484,12500.0, 60 months,24.99,F,F3,,MORTGAGE,41532.0,Verified,home_improvement,OH,39.41,0.0,730.0,734.0,1.0,27.8,25.0,Individual,5,High Risk,Manual Review
75293907,35000.0, 60 months,23.13,F,F1,9 years,MORTGAGE,173400.0,Verified,debt_consolidation,TN,31.18,0.0,670.0,674.0,2.0,76.3,70.0,Individual,5,High Risk,Manual Review
74786013,6000.0, 36 months,25.88,F,F4,< 1 year,MORTGAGE,20000.0,Source Verified,small_business,AK,43.85,0.0,700.0,704.0,1.0,72.1,6.0,Individual,5,High Risk,Manual Review
74956302,3950.0, 36 months,24.11,F,F2,10+ years,MORTGAGE,44000.0,Source Verified,credit_card,NV,38.3,0.0,695.0,699.0,0.0,32.2,18.0,Individual,5,High Risk,Manual Review
74975084,19600.0, 60 months,21.18,E,E3,,MORTGAGE,20000.0,Verified,debt_consolidation,MD,30.37,0.0,670.0,674.0,0.0,44.9,17.0,Joint App,5,High Risk,Manual Review
73970435,4350.0, 36 months,20.75,E,E2,,RENT,12096.0,Verified,debt_consolidation,TX,32.54,0.0,695.0,699.0,0.0,75.3,4.0,Individual,5,High Risk,Manual Review
75120758,35000.0, 60 months,21.97,E,E4,,OWN,80000.0,Verified,debt_consolidation,MN,31.77,0.0,665.0,669.0,2.0,87.8,36.0,Individual,6,High Risk,Manual Review
74856233,9925.0, 36 months,24.11,F,F2,,RENT,27600.0,Verified,credit_card,NJ,35.22,0.0,675.0,679.0,1.0,84.7,14.0,Individual,6,High Risk,Manual Review
75140256,7000.0, 36 months,20.75,E,E2,1 year,RENT,30000.0,Source Verified,other,CT,34.48,0.0,700.0,704.0,1.0,44.5,12.0,Individual,5,High Risk,Manual Review
75260628,22175.0, 60 months,21.18,E,E3,10+ years,RENT,50333.93,Source Verified,debt_consolidation,CT,37.34,0.0,700.0,704.0,0.0,80.3,20.0,Individual,6,High Risk,Manual Review
75243214,24000.0, 60 months,24.99,F,F3,4 years,RENT,91000.0,Not Verified,other,KY,35.89,0.0,710.0,714.0,0.0,13.2,57.0,Individual,5,High Risk,Manual Review
74784638,16400.0, 60 months,28.99,G,G5,7 years,OWN,65170.0,Source Verified,debt_consolidation,TX,32.76,0.0,670.0,674.0,0.0,83.6,66.0,Individual,6,High Risk,Manual Review
74924855,16800.0, 60 months,24.11,F,F2,< 1 year,OWN,40000.0,Verified,other,NY,30.26,0.0,665.0,669.0,1.0,63.9,27.0,Individual,5,High Risk,Manual Review
74655921,8000.0, 36 months,20.75,E,E2,9 years,RENT,71000.0,Source Verified,debt_consolidation,CA,33.45,0.0,665.0,669.0,0.0,75.0,24.0,Individual,5,High Risk,Manual Review
74706054,13100.0, 60 months,22.45,E,E5,,RENT,31200.0,Verified,debt_consolidation,ME,34.04,0.0,700.0,704.0,0.0,92.8,8.0,Individual,6,High Risk,Manual Review
74586911,12000.0, 36 months,19.99,E,E1,4 years,RENT,45000.0,Source Verified,debt_consolidation,NY,31.97,0.0,660.0,664.0,0.0,40.4,22.0,Individual,5,High Risk,Manual Review
73439759,27650.0, 60 months,28.14,G,G2,8 years,MORTGAGE,62000.0,Not Verified,debt_consolidation,NY,43.28,0.0,730.0,734.0,0.0,62.3,20.0,Individual,5,High Risk,Manual Review
75310005,30175.0, 36 months,21.97,E,E4,7 years,RENT,170000.0,Source Verified,debt_consolidation,FL,17.58,1.0,660.0,664.0,1.0,91.4,32.0,Individual,5,High Risk,Manual Review
75319846,17600.0, 36 months,19.99,E,E1,,OWN,55000.0,Verified,debt_consolidation,FL,35.38,0.0,670.0,674.0,1.0,33.3,41.0,Individual,5,High Risk,Manual Review
74604261,4000.0, 36 months,19.99,E,E1,3 years,RENT,43000.0,Source Verified,debt_consolidation,CA,30.95,0.0,710.0,714.0,0.0,50.9,20.0,Individual,5,High Risk,Manual Review
75272098,18000.0, 60 months,24.11,F,F2,,MORTGAGE,66912.0,Verified,other,TN,35.15,1.0,685.0,689.0,0.0,99.1,10.0,Individual,7,High Risk,Manual Review
74635430,12400.0, 36 months,21.97,E,E4,8 years,MORTGAGE,45000.0,Source Verified,debt_consolidation,NE,38.27,2.0,660.0,664.0,0.0,50.2,31.0,Individual,6,High Risk,Manual Review
75171332,35000.0, 60 months,26.57,F,F5,6 years,MORTGAGE,90000.0,Source Verified,debt_consolidation,RI,31.3,1.0,665.0,669.0,0.0,23.5,50.0,Individual,6,High Risk,Manual Review
75200292,16000.0, 36 months,19.99,E,E1,2 years,RENT,45000.0,Verified,debt_consolidation,FL,44.64,0.0,685.0,689.0,1.0,48.1,15.0,Individual,5,High Risk,Manual Review
74515565,10525.0, 60 months,25.88,F,F4,< 1 year,RENT,60000.0,Source Verified,debt_consolidation,TN,36.76,1.0,700.0,704.0,1.0,29.5,48.0,Individual,6,High Risk,Manual Review
75049686,8350.0, 36 months,21.97,E,E4,,RENT,22000.0,Verified,other,MA,37.53,0.0,685.0,689.0,0.0,48.3,16.0,Individual,5,High Risk,Manual Review
75269368,2300.0, 36 months,21.18,E,E3,2 years,MORTGAGE,68000.0,Source Verified,home_improvement,NC,33.92,0.0,665.0,669.0,1.0,85.3,23.0,Individual,6,High Risk,Manual Review
74624515,3200.0, 36 months,28.99,G,G5,4 years,RENT,32500.0,Source Verified,debt_consolidation,PA,35.67,0.0,665.0,669.0,3.0,72.0,31.0,Individual,5,High Risk,Manual Review
73904329,6975.0, 36 months,15.31,C,C5,10+ years,MORTGAGE,50000.0,Verified,debt_consolidation,SD,34.37,1.0,665.0,669.0,0.0,87.0,16.0,Individual,5,High Risk,Manual Review
74855938,19600.0, 36 months,23.13,F,F1,10+ years,RENT,70500.0,Verified,debt_consolidation,NJ,36.8,1.0,665.0,669.0,0.0,76.6,23.0,Individual,6,High Risk,Manual Review
74915461,18000.0, 36 months,24.11,F,F2,8 years,RENT,47500.0,Verified,debt_consolidation,VA,36.43,1.0,695.0,699.0,0.0,57.2,16.0,Individual,6,High Risk,Manual Review
75259666,27200.0, 60 months,23.13,F,F1,10+ years,MORTGAGE,92000.0,Verified,debt_consolidation,MI,30.15,0.0,665.0,669.0,0.0,70.4,35.0,Individual,5,High Risk,Manual Review
74552464,20875.0, 60 months,24.11,F,F2,,MORTGAGE,26231.11,Verified,debt_consolidation,NM,53.55,1.0,680.0,684.0,0.0,46.4,37.0,Joint App,6,High Risk,Manual Review
73067576,20850.0, 60 months,19.99,E,E1,10+ years,RENT,76000.0,Verified,debt_consolidation,CT,36.3,0.0,715.0,719.0,0.0,30.2,43.0,Individual,5,High Risk,Manual Review
74515558,13000.0, 36 months,19.99,E,E1,5 years,MORTGAGE,30000.0,Verified,credit_card,TX,42.72,0.0,665.0,669.0,1.0,67.5,12.0,Individual,5,High Risk,Manual Review
73795900,20000.0, 60 months,25.88,F,F4,1 year,RENT,50000.0,Verified,debt_consolidation,PA,42.32,0.0,665.0,669.0,0.0,65.5,32.0,Joint App,5,High Risk,Manual Review
74181319,20950.0, 60 months,20.75,E,E2,4 years,RENT,50000.0,Verified,debt_consolidation,CA,35.59,0.0,675.0,679.0,0.0,61.9,26.0,Joint App,5,High Risk,Manual Review
74955462,30050.0, 36 months,25.88,F,F4,< 1 year,RENT,84000.0,Verified,debt_consolidation,OR,34.19,0.0,725.0,729.0,0.0,31.2,70.0,Individual,5,High Risk,Manual Review
74545274,7075.0, 36 months,21.97,E,E4,7 years,RENT,44888.0,Source Verified,debt_consolidation,PA,41.35,0.0,690.0,694.0,1.0,63.4,17.0,Individual,5,High Risk,Manual Review
74631634,5600.0, 36 months,19.99,E,E1,3 years,MORTGAGE,70000.0,Verified,debt_consolidation,IL,38.25,0.0,695.0,699.0,0.0,94.7,32.0,Individual,6,High Risk,Manual Review
75290641,35000.0, 60 months,24.11,F,F2,10+ years,RENT,80000.0,Source Verified,debt_consolidation,GA,33.69,0.0,690.0,694.0,2.0,79.3,30.0,Individual,5,High Risk,Manual Review
74935704,6800.0, 36 months,21.18,E,E3,7 years,RENT,17000.0,Source Verified,credit_card,NY,35.66,1.0,685.0,689.0,0.0,32.2,27.0,Individual,6,High Risk,Manual Review
75160155,24000.0, 60 months,24.99,F,F3,10+ years,MORTGAGE,65863.2,Verified,debt_consolidation,AL,32.91,0.0,695.0,699.0,3.0,39.0,31.0,Individual,5,High Risk,Manual Review
74524964,8625.0, 36 months,28.14,G,G2,< 1 year,OWN,27000.0,Source Verified,debt_consolidation,CA,33.87,0.0,700.0,704.0,1.0,27.6,20.0,Individual,5,High Risk,Manual Review
74496066,15000.0, 36 months,21.97,E,E4,2 years,RENT,30000.0,Verified,credit_card,HI,43.24,0.0,665.0,669.0,0.0,68.6,33.0,Individual,5,High Risk,Manual Review
74894770,10000.0, 36 months,21.18,E,E3,2 years,RENT,50000.0,Source Verified,other,CA,38.89,0.0,725.0,729.0,0.0,42.9,24.0,Individual,5,High Risk,Manual Review
74735950,8050.0, 36 months,24.11,F,F2,,RENT,24000.0,Verified,debt_consolidation,CO,48.7,0.0,685.0,689.0,4.0,84.6,8.0,Individual,6,High Risk,Manual Review
74202253,4400.0, 36 months,21.97,E,E4,4 years,MORTGAGE,32000.0,Verified,debt_consolidation,SC,35.15,0.0,675.0,679.0,0.0,58.4,23.0,Individual,5,High Risk,Manual Review
74764426,18000.0, 60 months,24.99,F,F3,< 1 year,RENT,36000.0,Verified,debt_consolidation,MN,42.77,0.0,675.0,679.0,0.0,81.4,14.0,Individual,6,High Risk,Manual Review
75331347,15650.0, 60 months,25.88,F,F4,1 year,MORTGAGE,88000.0,Source Verified,debt_consolidation,HI,38.73,0.0,685.0,689.0,1.0,78.1,69.0,Individual,5,High Risk,Manual Review
75161607,6000.0, 36 months,20.75,E,E2,10+ years,RENT,33000.0,Not Verified,debt_consolidation,CA,38.4,0.0,670.0,674.0,0.0,43.2,25.0,Individual,5,High Risk,Manual Review
74766376,23550.0, 36 months,22.45,E,E5,3 years,OWN,73100.0,Not Verified,debt_consolidation,WI,42.26,0.0,665.0,669.0,1.0,63.5,37.0,Individual,5,High Risk,Manual Review
74865077,9575.0, 36 months,26.57,F,F5,10+ years,MORTGAGE,70000.0,Source Verified,debt_consolidation,CO,40.72,0.0,665.0,669.0,0.0,70.2,21.0,Individual,5,High Risk,Manual Review
75321430,6650.0, 36 months,19.99,E,E1,8 years,MORTGAGE,40000.0,Source Verified,debt_consolidation,CA,29.79,1.0,660.0,664.0,0.0,92.6,19.0,Individual,5,High Risk,Manual Review
75331351,7475.0, 36 months,20.75,E,E2,9 years,MORTGAGE,40000.0,Source Verified,credit_card,OH,34.56,0.0,660.0,664.0,2.0,42.0,20.0,Individual,5,High Risk,Manual Review
75121076,10000.0, 36 months,19.99,E,E1,4 years,MORTGAGE,60000.0,Source Verified,debt_consolidation,LA,30.05,0.0,670.0,674.0,0.0,77.3,45.0,Individual,5,High Risk,Manual Review
75047135,12000.0, 60 months,20.75,E,E2,3 years,RENT,59800.0,Source Verified,other,CA,33.09,0.0,690.0,694.0,0.0,22.7,55.0,Individual,5,High Risk,Manual Review
74835195,27750.0, 36 months,24.11,F,F2,4 years,OWN,60716.0,Verified,other,NY,39.0,1.0,660.0,664.0,0.0,82.3,17.0,Individual,7,High Risk,Manual Review
75150125,30000.0, 36 months,20.75,E,E2,2 years,RENT,65500.0,Source Verified,debt_consolidation,FL,35.04,0.0,700.0,704.0,1.0,51.9,18.0,Individual,5,High Risk,Manual Review
75311136,12000.0, 60 months,21.97,E,E4,10+ years,RENT,60000.0,Verified,debt_consolidation,CA,40.64,0.0,720.0,724.0,0.0,89.6,24.0,Individual,6,High Risk,Manual Review
75300962,25000.0, 60 months,20.75,E,E2,10+ years,RENT,65000.0,Not Verified,debt_consolidation,MN,32.42,1.0,695.0,699.0,0.0,54.7,37.0,Individual,6,High Risk,Manual Review
75221097,16425.0, 60 months,21.18,E,E3,10+ years,RENT,36500.0,Verified,debt_consolidation,FL,33.51,0.0,690.0,694.0,1.0,75.0,14.0,Individual,5,High Risk,Manual Review
74585191,3200.0, 36 months,23.13,F,F1,10+ years,RENT,65000.0,Not Verified,major_purchase,GA,35.93,0.0,675.0,679.0,3.0,90.9,50.0,Individual,6,High Risk,Manual Review
74846009,35000.0, 60 months,19.99,E,E1,10+ years,MORTGAGE,80000.0,Verified,debt_consolidation,OH,34.32,0.0,720.0,724.0,0.0,81.0,39.0,Individual,6,High Risk,Manual Review
73885004,24000.0, 60 months,21.97,E,E4,10+ years,RENT,105000.0,Verified,credit_card,CO,34.77,0.0,665.0,669.0,0.0,57.5,33.0,Individual,5,High Risk,Manual Review
74544241,15000.0, 60 months,20.75,E,E2,10+ years,RENT,46200.0,Verified,debt_consolidation,PA,32.57,0.0,685.0,689.0,4.0,23.0,24.0,Individual,5,High Risk,Manual Review
74865290,29075.0, 60 months,20.75,E,E2,10+ years,RENT,63219.0,Not Verified,debt_consolidation,TX,33.18,0.0,660.0,664.0,1.0,39.5,36.0,Individual,5,High Risk,Manual Review
74692824,23000.0, 60 months,20.75,E,E2,7 years,OWN,50000.0,Not Verified,debt_consolidation,NY,30.27,0.0,690.0,694.0,2.0,45.5,46.0,Individual,5,High Risk,Manual Review
75109198,16000.0, 60 months,22.45,E,E5,5 years,RENT,69000.0,Not Verified,debt_consolidation,CA,35.57,1.0,660.0,664.0,0.0,94.1,28.0,Individual,7,High Risk,Manual Review
74935755,16000.0, 60 months,21.18,E,E3,5 years,MORTGAGE,50000.0,Verified,debt_consolidation,HI,33.45,0.0,660.0,664.0,1.0,72.7,34.0,Individual,5,High Risk,Manual Review
75159581,21950.0, 60 months,21.97,E,E4,6 years,MORTGAGE,82000.0,Verified,home_improvement,NV,30.5,0.0,675.0,679.0,0.0,87.1,23.0,Joint App,6,High Risk,Manual Review
74785994,12000.0, 60 months,22.45,E,E5,10+ years,RENT,40000.0,Verified,other,UT,46.44,0.0,675.0,679.0,1.0,81.1,17.0,Individual,6,High Risk,Manual Review
74493987,13000.0, 60 months,21.18,E,E3,< 1 year,RENT,40000.0,Not Verified,debt_consolidation,IN,37.38,0.0,715.0,719.0,0.0,28.0,9.0,Individual,5,High Risk,Manual Review
74733478,13000.0, 60 months,20.75,E,E2,6 years,RENT,26000.0,Not Verified,debt_consolidation,CA,34.5,0.0,695.0,699.0,0.0,71.0,33.0,Individual,5,High Risk,Manual Review
74572248,24000.0, 60 months,19.99,E,E1,2 years,OWN,72000.0,Source Verified,other,CA,18.2,1.0,675.0,679.0,0.0,84.5,6.0,Individual,5,High Risk,Manual Review
74532828,21000.0, 60 months,19.99,E,E1,8 years,RENT,45000.0,Verified,debt_consolidation,WI,45.57,0.0,745.0,749.0,2.0,35.8,69.0,Individual,5,High Risk,Manual Review
74574299,40000.0, 60 months,21.18,E,E3,10+ years,RENT,110868.0,Verified,debt_consolidation,VA,31.7,0.0,680.0,684.0,1.0,88.1,37.0,Individual,6,High Risk,Manual Review
74663515,5575.0, 36 months,19.99,E,E1,1 year,MORTGAGE,30000.0,Source Verified,major_purchase,WI,36.72,1.0,670.0,674.0,0.0,94.4,19.0,Individual,7,High Risk,Manual Review
74635871,8575.0, 36 months,21.18,E,E3,5 years,OWN,25272.0,Source Verified,debt_consolidation,MO,37.13,0.0,675.0,679.0,0.0,71.1,12.0,Individual,5,High Risk,Manual Review
75189483,5375.0, 36 months,17.27,D,D2,6 years,MORTGAGE,46000.0,Source Verified,home_improvement,TX,38.61,1.0,690.0,694.0,0.0,87.5,26.0,Individual,5,High Risk,Manual Review
74845944,11350.0, 60 months,22.45,E,E5,2 years,MORTGAGE,60000.0,Source Verified,debt_consolidation,NV,34.18,0.0,715.0,719.0,0.0,94.9,14.0,Individual,6,High Risk,Manual Review
75330540,11000.0, 60 months,21.97,E,E4,1 year,RENT,34000.0,Source Verified,debt_consolidation,NJ,31.17,0.0,695.0,699.0,1.0,67.7,25.0,Individual,5,High Risk,Manual Review
75210938,3000.0, 36 months,20.75,E,E2,10+ years,RENT,31000.0,Source Verified,debt_consolidation,TX,41.73,0.0,660.0,664.0,0.0,69.2,27.0,Individual,5,High Risk,Manual Review
74694076,25025.0, 60 months,21.18,E,E3,6 years,RENT,185000.0,Source Verified,debt_consolidation,NV,32.61,0.0,680.0,684.0,0.0,79.4,29.0,Individual,5,High Risk,Manual Review
74785949,11200.0, 60 months,19.99,E,E1,7 years,MORTGAGE,42000.0,Verified,debt_consolidation,TN,31.94,0.0,680.0,684.0,0.0,64.0,26.0,Individual,5,High Risk,Manual Review
74534436,11175.0, 60 months,22.45,E,E5,1 year,RENT,40100.0,Not Verified,debt_consolidation,PA,33.04,0.0,755.0,759.0,0.0,25.6,14.0,Individual,5,High Risk,Manual Review
72724935,15000.0, 60 months,20.75,E,E2,,MORTGAGE,70000.0,Not Verified,home_improvement,OR,33.84,0.0,675.0,679.0,1.0,76.6,44.0,Individual,5,High Risk,Manual Review
73231776,15000.0, 60 months,19.99,E,E1,1 year,RENT,50000.0,Source Verified,car,WY,31.85,0.0,685.0,689.0,0.0,80.6,34.0,Individual,6,High Risk,Manual Review
75140526,9625.0, 36 months,21.18,E,E3,1 year,RENT,40000.0,Not Verified,debt_consolidation,OK,35.61,0.0,660.0,664.0,0.0,33.8,23.0,Individual,5,High Risk,Manual Review
73550356,12450.0, 60 months,21.97,E,E4,7 years,MORTGAGE,52000.0,Verified,debt_consolidation,ID,45.74,0.0,665.0,669.0,0.0,61.8,36.0,Individual,5,High Risk,Manual Review
74896611,5200.0, 36 months,21.97,E,E4,< 1 year,MORTGAGE,57000.0,Not Verified,debt_consolidation,NY,32.29,3.0,720.0,724.0,1.0,57.5,41.0,Individual,6,High Risk,Manual Review
74725504,40000.0, 60 months,22.45,E,E5,4 years,MORTGAGE,82656.0,Verified,debt_consolidation,MD,30.52,0.0,715.0,719.0,0.0,46.1,60.0,Individual,5,High Risk,Manual Review
75130926,30800.0, 36 months,18.99,D,D4,10+ years,MORTGAGE,70000.0,Verified,debt_consolidation,MN,32.81,3.0,665.0,669.0,0.0,86.7,20.0,Individual,5,High Risk,Manual Review
75099874,21000.0, 60 months,20.75,E,E2,10+ years,RENT,50000.0,Not Verified,debt_consolidation,MD,25.01,1.0,660.0,664.0,0.0,92.2,24.0,Individual,5,High Risk,Manual Review
74616699,18025.0, 60 months,21.97,E,E4,5 years,MORTGAGE,89000.0,Source Verified,debt_consolidation,OR,33.65,1.0,675.0,679.0,2.0,48.2,44.0,Individual,6,High Risk,Manual Review
75169458,5000.0, 36 months,19.99,E,E1,,MORTGAGE,124500.0,Source Verified,home_improvement,GA,34.21,0.0,685.0,689.0,2.0,61.7,51.0,Individual,5,High Risk,Manual Review
73211509,35000.0, 60 months,21.18,E,E3,10+ years,MORTGAGE,45000.0,Verified,debt_consolidation,TX,62.08,1.0,670.0,674.0,0.0,76.1,38.0,Joint App,6,High Risk,Manual Review
75139183,3975.0, 36 months,22.45,E,E5,10+ years,RENT,21000.0,Source Verified,other,CA,30.29,0.0,680.0,684.0,0.0,63.9,17.0,Individual,5,High Risk,Manual Review
75089648,15000.0, 60 months,20.75,E,E2,2 years,RENT,53000.0,Source Verified,debt_consolidation,NH,32.4,0.0,700.0,704.0,1.0,37.0,21.0,Individual,5,High Risk,Manual Review
74612847,21275.0, 60 months,21.97,E,E4,10+ years,OWN,56000.0,Source Verified,debt_consolidation,MO,32.96,0.0,775.0,779.0,3.0,21.1,52.0,Individual,5,High Risk,Manual Review
74503963,35000.0, 60 months,22.45,E,E5,10+ years,RENT,110000.0,Verified,debt_consolidation,SD,35.46,0.0,695.0,699.0,0.0,91.4,38.0,Individual,6,High Risk,Manual Review
73538715,12000.0, 60 months,21.97,E,E4,10+ years,MORTGAGE,115000.0,Not Verified,credit_card,OK,30.69,0.0,680.0,684.0,0.0,62.8,54.0,Individual,5,High Risk,Manual Review
74964238,20000.0, 60 months,21.18,E,E3,8 years,MORTGAGE,62000.0,Not Verified,debt_consolidation,WV,36.24,0.0,680.0,684.0,0.0,56.0,14.0,Individual,5,High Risk,Manual Review
75343190,27075.0, 60 months,19.99,E,E1,,MORTGAGE,63600.0,Not Verified,debt_consolidation,CA,30.49,0.0,720.0,724.0,1.0,34.3,32.0,Individual,5,High Risk,Manual Review
74766231,16000.0, 60 months,19.99,E,E1,4 years,MORTGAGE,100000.0,Verified,debt_consolidation,UT,30.63,0.0,660.0,664.0,0.0,91.2,28.0,Individual,6,High Risk,Manual Review
74696497,20500.0, 60 months,21.97,E,E4,10+ years,MORTGAGE,66950.0,Verified,credit_card,LA,43.99,0.0,685.0,689.0,0.0,74.6,18.0,Individual,5,High Risk,Manual Review
74924206,21600.0, 60 months,19.99,E,E1,10+ years,RENT,58843.0,Verified,credit_card,GA,37.61,0.0,680.0,684.0,1.0,101.2,60.0,Individual,6,High Risk,Manual Review
73640771,22400.0, 60 months,19.99,E,E1,< 1 year,MORTGAGE,60000.0,Verified,medical,IL,39.38,0.0,790.0,794.0,0.0,17.3,44.0,Individual,5,High Risk,Manual Review
74825574,17000.0, 36 months,19.99,E,E1,10+ years,RENT,34000.0,Not Verified,credit_card,HI,31.56,0.0,690.0,694.0,0.0,90.2,33.0,Individual,6,High Risk,Manual Review
74755230,35000.0, 60 months,21.18,E,E3,10+ years,MORTGAGE,87600.0,Not Verified,debt_consolidation,IN,31.14,0.0,690.0,694.0,0.0,67.9,35.0,Individual,5,High Risk,Manual Review
75299190,30000.0, 36 months,20.75,E,E2,10+ years,RENT,87900.0,Source Verified,debt_consolidation,DC,38.54,0.0,680.0,684.0,1.0,48.4,36.0,Individual,5,High Risk,Manual Review
74985409,17950.0, 60 months,22.45,E,E5,2 years,MORTGAGE,60000.0,Source Verified,debt_consolidation,MD,38.74,0.0,660.0,664.0,0.0,67.0,45.0,Individual,5,High Risk,Manual Review
74583958,20000.0, 60 months,20.75,E,E2,9 years,MORTGAGE,55000.0,Source Verified,debt_consolidation,TX,31.29,0.0,680.0,684.0,0.0,59.4,22.0,Individual,5,High Risk,Manual Review
74555553,12600.0, 60 months,21.97,E,E4,2 years,MORTGAGE,35000.0,Source Verified,debt_consolidation,WA,38.85,3.0,675.0,679.0,0.0,22.6,11.0,Individual,6,High Risk,Manual Review
73640955,15000.0, 60 months,19.99,E,E1,7 years,MORTGAGE,64000.0,Not Verified,credit_card,VA,34.45,0.0,680.0,684.0,0.0,81.5,29.0,Individual,6,High Risk,Manual Review
74824477,18600.0, 60 months,19.99,E,E1,< 1 year,RENT,45760.0,Source Verified,credit_card,GA,36.03,0.0,695.0,699.0,2.0,59.1,17.0,Individual,5,High Risk,Manual Review
73955390,20000.0, 60 months,22.45,E,E5,3 years,RENT,75000.0,Not Verified,debt_consolidation,IL,34.83,0.0,680.0,684.0,0.0,92.2,23.0,Individual,6,High Risk,Manual Review
74622933,16000.0, 60 months,21.97,E,E4,10+ years,MORTGAGE,90000.0,Verified,debt_consolidation,CO,44.09,0.0,690.0,694.0,0.0,70.6,38.0,Individual,5,High Risk,Manual Review
74495373,6800.0, 36 months,21.18,E,E3,10+ years,OWN,85000.0,Source Verified,debt_consolidation,DC,38.93,0.0,680.0,684.0,2.0,84.7,27.0,Individual,6,High Risk,Manual Review
74623284,16000.0, 60 months,22.45,E,E5,9 years,MORTGAGE,65000.0,Source Verified,debt_consolidation,OR,34.27,0.0,675.0,679.0,0.0,63.4,29.0,Individual,5,High Risk,Manual Review
74875722,20000.0, 60 months,22.45,E,E5,2 years,RENT,80000.0,Verified,debt_consolidation,MD,18.75,1.0,665.0,669.0,0.0,82.2,25.0,Individual,5,High Risk,Manual Review
74523789,12150.0, 60 months,22.45,E,E5,< 1 year,MORTGAGE,80000.0,Source Verified,debt_consolidation,CO,27.89,3.0,660.0,664.0,1.0,91.5,18.0,Joint App,5,High Risk,Manual Review
73864321,24000.0, 60 months,19.99,E,E1,10+ years,MORTGAGE,48000.0,Verified,debt_consolidation,MO,41.4,0.0,660.0,664.0,0.0,96.9,58.0,Joint App,6,High Risk,Manual Review
74534794,18000.0, 60 months,22.45,E,E5,6 years,RENT,94230.0,Not Verified,debt_consolidation,IL,30.26,0.0,675.0,679.0,4.0,70.5,49.0,Individual,5,High Risk,Manual Review
75229996,7000.0, 36 months,20.75,E,E2,10+ years,RENT,50000.0,Not Verified,other,TN,36.44,0.0,690.0,694.0,1.0,41.0,34.0,Individual,5,High Risk,Manual Review
75249278,35000.0, 60 months,21.97,E,E4,9 years,MORTGAGE,95000.0,Source Verified,debt_consolidation,CA,31.75,1.0,660.0,664.0,0.0,58.1,60.0,Individual,6,High Risk,Manual Review
73398501,23000.0, 60 months,20.75,E,E2,,MORTGAGE,82000.0,Source Verified,debt_consolidation,PA,30.1,1.0,675.0,679.0,1.0,66.2,40.0,Individual,6,High Risk,Manual Review
75309623,6475.0, 36 months,21.18,E,E3,2 years,RENT,27000.0,Source Verified,debt_consolidation,CT,36.35,0.0,670.0,674.0,2.0,52.7,21.0,Individual,5,High Risk,Manual Review
71887410,10075.0, 60 months,21.97,E,E4,10+ years,MORTGAGE,107000.0,Verified,medical,FL,30.07,0.0,680.0,684.0,0.0,87.1,41.0,Individual,6,High Risk,Manual Review
74503672,10200.0, 60 months,21.97,E,E4,10+ years,MORTGAGE,46163.0,Source Verified,debt_consolidation,TX,38.04,0.0,675.0,679.0,0.0,58.3,22.0,Individual,5,High Risk,Manual Review
74935562,20400.0, 60 months,18.99,D,D4,10+ years,MORTGAGE,109500.0,Verified,debt_consolidation,CA,38.63,1.0,685.0,689.0,1.0,90.0,37.0,Individual,5,High Risk,Manual Review
74715591,16000.0, 60 months,21.97,E,E4,10+ years,OWN,62000.0,Source Verified,debt_consolidation,OH,31.9,2.0,685.0,689.0,1.0,57.9,34.0,Individual,6,High Risk,Manual Review
75239745,20000.0, 60 months,21.97,E,E4,5 years,MORTGAGE,90000.0,Not Verified,debt_consolidation,WV,32.56,0.0,695.0,699.0,1.0,42.8,47.0,Joint App,5,High Risk,Manual Review
74704746,12000.0, 60 months,19.99,E,E1,< 1 year,OWN,31000.0,Verified,home_improvement,NC,33.68,0.0,695.0,699.0,0.0,100.0,10.0,Individual,6,High Risk,Manual Review
74643689,19200.0, 60 months,21.97,E,E4,7 years,MORTGAGE,44000.0,Verified,debt_consolidation,IL,33.63,0.0,660.0,664.0,2.0,72.3,40.0,Joint App,5,High Risk,Manual Review
73875968,25425.0, 60 months,22.45,E,E5,7 years,MORTGAGE,80000.0,Verified,small_business,TX,31.17,0.0,690.0,694.0,1.0,50.2,53.0,Individual,5,High Risk,Manual Review
74681906,18900.0, 60 months,19.99,E,E1,10+ years,RENT,45000.0,Verified,debt_consolidation,MI,33.49,0.0,670.0,674.0,0.0,93.6,12.0,Individual,6,High Risk,Manual Review
75280335,9600.0, 36 months,20.75,E,E2,10+ years,OWN,24000.0,Source Verified,debt_consolidation,OK,38.55,0.0,700.0,704.0,1.0,68.7,22.0,Individual,5,High Risk,Manual Review
74794791,11400.0, 60 months,21.18,E,E3,10+ years,MORTGAGE,49000.0,Not Verified,debt_consolidation,MI,36.44,0.0,680.0,684.0,4.0,21.3,49.0,Individual,5,High Risk,Manual Review
74494224,15000.0, 60 months,19.99,E,E1,,MORTGAGE,148788.0,Verified,credit_card,WA,32.0,0.0,700.0,704.0,1.0,77.4,34.0,Individual,5,High Risk,Manual Review
74131360,14650.0, 36 months,20.75,E,E2,10+ years,MORTGAGE,48800.0,Not Verified,credit_card,TX,36.55,1.0,665.0,669.0,1.0,39.9,40.0,Individual,6,High Risk,Manual Review
74092121,15200.0, 60 months,21.97,E,E4,4 years,RENT,91000.0,Not Verified,debt_consolidation,VA,22.63,1.0,670.0,674.0,0.0,92.5,25.0,Individual,5,High Risk,Manual Review
74121255,18000.0, 60 months,19.99,E,E1,10+ years,MORTGAGE,58000.0,Not Verified,debt_consolidation,OK,38.34,0.0,675.0,679.0,1.0,24.6,49.0,Individual,5,High Risk,Manual Review
74944365,14200.0, 60 months,21.97,E,E4,3 years,RENT,40000.0,Source Verified,debt_consolidation,AZ,31.7,0.0,685.0,689.0,0.0,63.3,22.0,Individual,5,High Risk,Manual Review
74692238,16000.0, 60 months,21.18,E,E3,< 1 year,OWN,50000.0,Source Verified,credit_card,CT,38.26,0.0,685.0,689.0,0.0,60.7,37.0,Individual,5,High Risk,Manual Review
75259515,21000.0, 60 months,16.29,D,D1,10+ years,MORTGAGE,63000.0,Not Verified,credit_card,SC,36.3,1.0,675.0,679.0,0.0,82.0,32.0,Individual,5,High Risk,Manual Review
73785122,2900.0, 36 months,17.27,D,D2,10+ years,OWN,48500.0,Source Verified,credit_card,PA,32.37,1.0,695.0,699.0,3.0,87.5,25.0,Individual,5,High Risk,Manual Review
73600859,22500.0, 60 months,22.45,E,E5,5 years,RENT,50000.0,Source Verified,car,CA,32.98,0.0,690.0,694.0,1.0,75.0,12.0,Individual,5,High Risk,Manual Review
74654766,30000.0, 60 months,21.18,E,E3,6 years,OWN,72000.0,Source Verified,debt_consolidation,WI,32.77,0.0,720.0,724.0,1.0,41.7,29.0,Individual,5,High Risk,Manual Review
74493694,40000.0, 60 months,22.45,E,E5,1 year,MORTGAGE,90000.0,Verified,debt_consolidation,NM,32.2,1.0,705.0,709.0,0.0,26.4,35.0,Individual,6,High Risk,Manual Review
74717641,24000.0, 60 months,22.45,E,E5,10+ years,RENT,60000.0,Source Verified,debt_consolidation,NJ,32.06,0.0,680.0,684.0,0.0,40.4,25.0,Individual,5,High Risk,Manual Review
74856069,12000.0, 60 months,21.18,E,E3,7 years,RENT,73000.0,Verified,credit_card,PA,34.01,0.0,680.0,684.0,0.0,78.8,29.0,Individual,5,High Risk,Manual Review
74886180,23450.0, 60 months,20.75,E,E2,10+ years,MORTGAGE,94000.0,Not Verified,debt_consolidation,OR,35.71,0.0,730.0,734.0,1.0,28.9,48.0,Individual,5,High Risk,Manual Review
74885951,5000.0, 36 months,20.75,E,E2,3 years,RENT,27000.0,Source Verified,credit_card,TX,33.16,0.0,670.0,674.0,3.0,41.7,13.0,Individual,5,High Risk,Manual Review
74564052,36000.0, 60 months,22.45,E,E5,3 years,RENT,90000.0,Source Verified,debt_consolidation,TX,30.2,0.0,730.0,734.0,1.0,39.4,38.0,Individual,5,High Risk,Manual Review
74505100,16800.0, 60 months,21.97,E,E4,10+ years,RENT,40000.0,Source Verified,credit_card,NY,33.63,0.0,660.0,664.0,0.0,77.2,24.0,Individual,5,High Risk,Manual Review
74765994,22125.0, 60 months,21.97,E,E4,5 years,MORTGAGE,104000.0,Not Verified,debt_consolidation,MI,34.11,0.0,700.0,704.0,0.0,65.0,34.0,Individual,5,High Risk,Manual Review
74784404,10000.0, 60 months,19.99,E,E1,1 year,RENT,25000.0,Source Verified,credit_card,CA,34.37,0.0,680.0,684.0,0.0,68.1,7.0,Individual,5,High Risk,Manual Review
74805012,24000.0, 60 months,20.75,E,E2,8 years,MORTGAGE,70000.0,Not Verified,debt_consolidation,CO,17.28,1.0,675.0,679.0,0.0,95.8,11.0,Individual,5,High Risk,Manual Review
74785407,16000.0, 60 months,20.75,E,E2,< 1 year,RENT,40000.0,Verified,debt_consolidation,NC,32.79,0.0,665.0,669.0,0.0,63.0,21.0,Individual,5,High Risk,Manual Review
73693248,18775.0, 36 months,21.18,E,E3,2 years,RENT,68000.0,Not Verified,debt_consolidation,NJ,37.4,0.0,675.0,679.0,1.0,14.2,35.0,Individual,5,High Risk,Manual Review
74524545,15600.0, 60 months,21.18,E,E3,10+ years,MORTGAGE,50000.0,Not Verified,debt_consolidation,SC,34.97,0.0,680.0,684.0,0.0,34.7,26.0,Individual,5,High Risk,Manual Review
74704612,11200.0, 60 months,20.75,E,E2,10+ years,RENT,35000.0,Source Verified,debt_consolidation,LA,27.4,1.0,675.0,679.0,0.0,96.8,9.0,Individual,5,High Risk,Manual Review
74664156,10000.0, 60 months,21.97,E,E4,,RENT,29000.0,Verified,debt_consolidation,NY,32.45,0.0,700.0,704.0,1.0,82.1,49.0,Individual,6,High Risk,Manual Review
71063775,12800.0, 60 months,21.97,E,E4,< 1 year,RENT,40000.0,Verified,credit_card,FL,30.12,0.0,665.0,669.0,0.0,59.1,24.0,Individual,5,High Risk,Manual Review
75310320,15000.0, 60 months,19.99,E,E1,10+ years,OWN,60000.0,Source Verified,debt_consolidation,LA,35.76,0.0,695.0,699.0,0.0,49.2,45.0,Individual,5,High Risk,Manual Review
75299114,2000.0, 36 months,21.18,E,E3,3 years,RENT,19000.0,Source Verified,debt_consolidation,MO,34.18,0.0,690.0,694.0,2.0,27.4,6.0,Individual,5,High Risk,Manual Review
74536941,11200.0, 60 months,19.99,E,E1,10+ years,MORTGAGE,118000.0,Source Verified,debt_consolidation,MD,13.21,2.0,685.0,689.0,0.0,94.0,29.0,Individual,5,High Risk,Manual Review
74936193,8000.0, 36 months,20.75,E,E2,1 year,MORTGAGE,73080.0,Not Verified,medical,TX,36.85,1.0,705.0,709.0,0.0,33.8,19.0,Individual,6,High Risk,Manual Review
74944158,20000.0, 60 months,21.97,E,E4,10+ years,MORTGAGE,96000.0,Verified,debt_consolidation,OK,28.08,3.0,660.0,664.0,0.0,91.4,36.0,Individual,5,High Risk,Manual Review
74562210,15000.0, 60 months,20.75,E,E2,10+ years,OWN,56000.0,Verified,debt_consolidation,TX,30.18,1.0,690.0,694.0,1.0,47.6,33.0,Individual,6,High Risk,Manual Review
73713735,20000.0, 60 months,19.99,E,E1,5 years,RENT,50000.0,Verified,debt_consolidation,VA,30.77,0.0,675.0,679.0,0.0,79.5,18.0,Individual,5,High Risk,Manual Review
74623994,12000.0, 60 months,20.75,E,E2,2 years,RENT,61000.0,Source Verified,debt_consolidation,TN,38.86,0.0,680.0,684.0,0.0,85.6,22.0,Individual,6,High Risk,Manual Review
74575555,13100.0, 60 months,21.18,E,E3,5 years,MORTGAGE,50000.0,Source Verified,debt_consolidation,TN,37.23,3.0,670.0,674.0,0.0,58.6,42.0,Individual,6,High Risk,Manual Review
75119750,15000.0, 60 months,19.99,E,E1,10+ years,MORTGAGE,38000.0,Source Verified,debt_consolidation,OH,30.76,0.0,710.0,714.0,0.0,92.7,13.0,Individual,6,High Risk,Manual Review
74011331,18550.0, 60 months,21.18,E,E3,,MORTGAGE,57072.06,Verified,debt_consolidation,SC,36.72,1.0,695.0,699.0,0.0,53.3,31.0,Individual,6,High Risk,Manual Review
74495313,17000.0, 60 months,22.45,E,E5,4 years,RENT,53700.0,Verified,debt_consolidation,SC,31.06,1.0,690.0,694.0,1.0,7.9,16.0,Individual,6,High Risk,Manual Review
74552713,15600.0, 60 months,21.18,E,E3,5 years,MORTGAGE,45000.0,Verified,credit_card,NE,40.83,0.0,670.0,674.0,2.0,67.6,44.0,Individual,5,High Risk,Manual Review
74696147,17350.0, 60 months,22.45,E,E5,10+ years,MORTGAGE,50000.0,Source Verified,debt_consolidation,TX,34.81,1.0,665.0,669.0,0.0,66.1,42.0,Individual,6,High Risk,Manual Review
74513528,21500.0, 60 months,22.45,E,E5,4 years,RENT,52000.0,Verified,debt_consolidation,MN,39.19,2.0,670.0,674.0,0.0,16.4,26.0,Individual,6,High Risk,Manual Review
74502868,30675.0, 60 months,20.75,E,E2,7 years,RENT,69744.0,Source Verified,credit_card,RI,32.71,0.0,660.0,664.0,1.0,37.6,40.0,Individual,5,High Risk,Manual Review
75189724,35000.0, 36 months,22.45,E,E5,7 years,MORTGAGE,85000.0,Verified,debt_consolidation,OH,38.85,0.0,780.0,784.0,3.0,2.4,61.0,Individual,5,High Risk,Manual Review
75330625,20000.0, 60 months,19.99,E,E1,10+ years,RENT,50000.0,Verified,credit_card,IL,36.92,0.0,670.0,674.0,2.0,47.0,61.0,Individual,5,High Risk,Manual Review
74502959,16500.0, 60 months,19.99,E,E1,10+ years,MORTGAGE,69000.0,Verified,other,TN,37.51,0.0,710.0,714.0,0.0,94.2,33.0,Individual,6,High Risk,Manual Review
75299366,18775.0, 60 months,19.99,E,E1,1 year,RENT,55000.0,Source Verified,credit_card,MA,22.93,1.0,660.0,664.0,0.0,82.5,22.0,Individual,5,High Risk,Manual Review
74995633,30000.0, 60 months,20.75,E,E2,2 years,MORTGAGE,70000.0,Verified,debt_consolidation,TN,21.26,1.0,660.0,664.0,0.0,88.9,27.0,Individual,5,High Risk,Manual Review
74564528,25000.0, 60 months,21.97,E,E4,8 years,OWN,58000.0,Source Verified,debt_consolidation,NC,38.93,0.0,680.0,684.0,0.0,73.0,29.0,Individual,5,High Risk,Manual Review
74576511,15000.0, 36 months,20.75,E,E2,1 year,RENT,50000.0,Verified,debt_consolidation,CA,15.72,1.0,670.0,674.0,1.0,95.6,30.0,Individual,5,High Risk,Manual Review
74645637,20000.0, 60 months,20.75,E,E2,10+ years,MORTGAGE,101193.0,Verified,credit_card,SD,45.14,0.0,690.0,694.0,0.0,85.0,51.0,Individual,6,High Risk,Manual Review
74934136,17600.0, 60 months,21.18,E,E3,6 years,OWN,48000.0,Not Verified,debt_consolidation,MI,43.28,0.0,675.0,679.0,1.0,48.3,34.0,Individual,5,High Risk,Manual Review
75050137,12000.0, 60 months,21.18,E,E3,5 years,RENT,33000.0,Verified,debt_consolidation,TX,30.25,0.0,665.0,669.0,1.0,60.9,46.0,Individual,5,High Risk,Manual Review
75089695,4000.0, 36 months,19.99,E,E1,10+ years,RENT,69660.0,Source Verified,debt_consolidation,TX,38.2,1.0,695.0,699.0,0.0,75.0,51.0,Individual,6,High Risk,Manual Review
74916053,9350.0, 36 months,21.18,E,E3,6 years,RENT,26000.0,Source Verified,debt_consolidation,CA,36.44,0.0,705.0,709.0,0.0,62.6,18.0,Individual,5,High Risk,Manual Review
75309793,15950.0, 60 months,21.97,E,E4,< 1 year,RENT,42000.0,Source Verified,debt_consolidation,IN,36.06,0.0,670.0,674.0,1.0,94.3,27.0,Individual,6,High Risk,Manual Review
74574927,13200.0, 60 months,20.75,E,E2,7 years,RENT,59000.0,Source Verified,debt_consolidation,MI,36.88,0.0,695.0,699.0,0.0,46.6,24.0,Individual,5,High Risk,Manual Review
74526837,11200.0, 36 months,18.99,D,D4,4 years,MORTGAGE,53349.0,Verified,debt_consolidation,TX,38.96,1.0,665.0,669.0,0.0,84.5,13.0,Individual,5,High Risk,Manual Review
74894394,15600.0, 60 months,19.53,D,D5,10+ years,MORTGAGE,60000.0,Source Verified,debt_consolidation,LA,30.82,1.0,685.0,689.0,0.0,93.4,18.0,Individual,5,High Risk,Manual Review
74635783,15000.0, 60 months,21.18,E,E3,10+ years,MORTGAGE,97000.0,Source Verified,debt_consolidation,CT,32.13,1.0,660.0,664.0,2.0,68.8,40.0,Individual,6,High Risk,Manual Review
74381310,35000.0, 60 months,19.99,E,E1,9 years,MORTGAGE,84550.0,Source Verified,debt_consolidation,AZ,32.66,0.0,660.0,664.0,0.0,78.9,34.0,Joint App,5,High Risk,Manual Review
74826063,28450.0, 36 months,19.99,E,E1,10+ years,MORTGAGE,74000.0,Not Verified,debt_consolidation,LA,35.73,0.0,705.0,709.0,0.0,58.6,46.0,Individual,5,High Risk,Manual Review
74642262,10000.0, 60 months,21.18,E,E3,< 1 year,RENT,62000.0,Source Verified,other,PA,31.98,0.0,675.0,679.0,2.0,85.0,36.0,Individual,6,High Risk,Manual Review
74513923,20000.0, 60 months,21.18,E,E3,1 year,RENT,36800.0,Verified,debt_consolidation,ND,31.25,0.0,660.0,664.0,0.0,66.5,14.0,Joint App,5,High Risk,Manual Review
74704321,35000.0, 60 months,21.18,E,E3,5 years,RENT,100000.0,Source Verified,debt_consolidation,CA,37.03,0.0,660.0,664.0,0.0,89.0,17.0,Individual,6,High Risk,Manual Review
74865206,4075.0, 36 months,21.18,E,E3,< 1 year,RENT,12000.0,Source Verified,other,CO,38.2,0.0,735.0,739.0,1.0,24.4,6.0,Individual,5,High Risk,Manual Review
74542355,21000.0, 60 months,16.29,D,D1,2 years,RENT,80000.0,Not Verified,debt_consolidation,ME,31.72,1.0,670.0,674.0,0.0,99.0,15.0,Individual,5,High Risk,Manual Review
74915049,20000.0, 60 months,18.25,D,D3,10+ years,MORTGAGE,61058.0,Verified,debt_consolidation,UT,36.12,2.0,660.0,664.0,1.0,94.0,37.0,Individual,5,High Risk,Manual Review
74062104,18000.0, 60 months,20.75,E,E2,10+ years,RENT,53000.0,Verified,debt_consolidation,AL,34.81,0.0,665.0,669.0,1.0,39.0,32.0,Individual,5,High Risk,Manual Review
74645906,13675.0, 60 months,21.97,E,E4,10+ years,RENT,58000.0,Verified,home_improvement,NY,34.1,0.0,670.0,674.0,2.0,27.0,41.0,Individual,5,High Risk,Manual Review
74633170,35000.0, 60 months,19.99,E,E1,10+ years,OWN,83800.0,Verified,other,FL,31.96,0.0,705.0,709.0,0.0,98.8,30.0,Individual,6,High Risk,Manual Review
73704302,13400.0, 60 months,22.45,E,E5,10+ years,RENT,30472.0,Not Verified,credit_card,FL,38.36,0.0,690.0,694.0,2.0,49.0,23.0,Individual,5,High Risk,Manual Review
73970390,15425.0, 36 months,19.99,E,E1,5 years,OWN,64000.0,Source Verified,debt_consolidation,KY,36.02,0.0,705.0,709.0,2.0,64.0,46.0,Individual,5,High Risk,Manual Review
74766242,10550.0, 60 months,19.99,E,E1,2 years,MORTGAGE,62000.0,Not Verified,credit_card,MI,36.89,0.0,710.0,714.0,0.0,65.9,23.0,Individual,5,High Risk,Manual Review
73736839,29000.0, 60 months,19.99,E,E1,2 years,MORTGAGE,101000.0,Not Verified,debt_consolidation,NV,30.29,0.0,705.0,709.0,0.0,63.4,28.0,Individual,5,High Risk,Manual Review
75090811,12000.0, 60 months,21.97,E,E4,6 years,RENT,48000.0,Source Verified,debt_consolidation,FL,34.7,0.0,690.0,694.0,0.0,62.0,25.0,Individual,5,High Risk,Manual Review
73712753,14100.0, 60 months,22.45,E,E5,1 year,RENT,67000.0,Source Verified,credit_card,NY,12.04,1.0,660.0,664.0,2.0,98.0,12.0,Individual,5,High Risk,Manual Review
74616352,21600.0, 60 months,20.75,E,E2,10+ years,RENT,92000.0,Not Verified,debt_consolidation,NC,38.77,1.0,660.0,664.0,0.0,65.2,26.0,Individual,6,High Risk,Manual Review
74775998,9600.0, 36 months,21.97,E,E4,< 1 year,OWN,52000.0,Source Verified,debt_consolidation,TX,42.72,0.0,670.0,674.0,0.0,78.0,27.0,Individual,5,High Risk,Manual Review
74784828,10000.0, 36 months,23.13,F,F1,8 years,RENT,40000.0,Not Verified,house,MO,37.59,1.0,665.0,669.0,2.0,25.8,24.0,Individual,6,High Risk,Manual Review
74626048,16000.0, 60 months,22.45,E,E5,10+ years,MORTGAGE,55000.0,Source Verified,credit_card,NY,30.31,0.0,735.0,739.0,0.0,47.3,24.0,Individual,5,High Risk,Manual Review
74994918,19075.0, 60 months,19.99,E,E1,9 years,MORTGAGE,45448.0,Verified,debt_consolidation,TX,34.53,4.0,695.0,699.0,0.0,8.0,40.0,Individual,6,High Risk,Manual Review
74945481,7200.0, 36 months,19.99,E,E1,3 years,RENT,42000.0,Source Verified,debt_consolidation,SC,30.51,0.0,660.0,664.0,0.0,69.5,22.0,Individual,5,High Risk,Manual Review
74711596,35000.0, 60 months,22.45,E,E5,9 years,OWN,78000.0,Source Verified,debt_consolidation,TX,33.54,0.0,730.0,734.0,1.0,47.1,33.0,Individual,5,High Risk,Manual Review
75109238,25675.0, 36 months,20.75,E,E2,3 years,MORTGAGE,68000.0,Verified,small_business,GA,31.26,2.0,660.0,664.0,1.0,40.0,17.0,Individual,6,High Risk,Manual Review
74826224,10200.0, 60 months,21.97,E,E4,3 years,MORTGAGE,38400.0,Source Verified,debt_consolidation,WA,34.63,0.0,680.0,684.0,1.0,53.0,20.0,Individual,5,High Risk,Manual Review
74915289,20000.0, 60 months,21.97,E,E4,,RENT,75000.0,Not Verified,home_improvement,NY,32.08,0.0,710.0,714.0,3.0,62.8,29.0,Individual,5,High Risk,Manual Review
74603487,21775.0, 60 months,20.75,E,E2,8 years,MORTGAGE,87000.0,Source Verified,debt_consolidation,IL,31.82,0.0,675.0,679.0,2.0,93.6,25.0,Individual,6,High Risk,Manual Review
74526432,10500.0, 60 months,19.99,E,E1,2 years,OWN,40000.0,Verified,debt_consolidation,PA,30.87,0.0,680.0,684.0,1.0,23.3,42.0,Individual,5,High Risk,Manual Review
74712023,14400.0, 60 months,20.75,E,E2,< 1 year,RENT,52500.0,Verified,debt_consolidation,CO,38.06,0.0,675.0,679.0,0.0,47.9,50.0,Individual,5,High Risk,Manual Review
73775905,24025.0, 60 months,21.18,E,E3,5 years,MORTGAGE,66000.0,Source Verified,debt_consolidation,MD,30.79,0.0,675.0,679.0,0.0,82.5,15.0,Individual,6,High Risk,Manual Review
75140488,12500.0, 60 months,21.97,E,E4,10+ years,RENT,36000.0,Verified,debt_consolidation,CA,31.7,0.0,660.0,664.0,1.0,86.5,18.0,Individual,6,High Risk,Manual Review
74615042,21800.0, 60 months,20.75,E,E2,10+ years,MORTGAGE,65000.0,Not Verified,debt_consolidation,VA,34.73,0.0,705.0,709.0,0.0,37.4,34.0,Individual,5,High Risk,Manual Review
74553778,10075.0, 60 months,20.75,E,E2,8 years,MORTGAGE,92000.0,Verified,debt_consolidation,NC,38.51,0.0,665.0,669.0,2.0,39.5,38.0,Individual,5,High Risk,Manual Review
74672378,21000.0, 60 months,19.99,E,E1,10+ years,OWN,65000.0,Not Verified,debt_consolidation,NJ,38.04,0.0,660.0,664.0,1.0,76.0,24.0,Individual,5,High Risk,Manual Review
74587018,15750.0, 36 months,24.99,F,F3,,RENT,48000.0,Verified,medical,IL,36.88,0.0,705.0,709.0,4.0,21.4,37.0,Individual,5,High Risk,Manual Review
74594819,8325.0, 36 months,28.34,G,G3,,RENT,24500.0,Verified,debt_consolidation,FL,38.76,0.0,790.0,794.0,0.0,8.2,14.0,Individual,5,High Risk,Manual Review
74995393,13825.0, 36 months,19.99,E,E1,2 years,MORTGAGE,43700.0,Verified,debt_consolidation,MI,33.15,0.0,670.0,674.0,1.0,61.8,48.0,Individual,5,High Risk,Manual Review
73693006,35000.0, 60 months,20.75,E,E2,4 years,OWN,385000.0,Source Verified,other,OH,16.28,2.0,665.0,669.0,2.0,88.0,79.0,Individual,5,High Risk,Manual Review
74692588,20000.0, 60 months,21.18,E,E3,7 years,OWN,100000.0,Verified,other,LA,33.16,0.0,690.0,694.0,0.0,45.4,20.0,Individual,5,High Risk,Manual Review
74915371,23450.0, 36 months,19.99,E,E1,2 years,RENT,51000.0,Source Verified,debt_consolidation,NC,34.12,0.0,700.0,704.0,1.0,45.8,19.0,Individual,5,High Risk,Manual Review
73813945,24000.0, 60 months,20.75,E,E2,9 years,MORTGAGE,67000.0,Not Verified,debt_consolidation,TX,36.31,0.0,675.0,679.0,0.0,83.0,19.0,Individual,6,High Risk,Manual Review
74711811,27975.0, 60 months,20.75,E,E2,7 years,MORTGAGE,74000.0,Verified,debt_consolidation,FL,14.06,2.0,665.0,669.0,0.0,82.2,21.0,Joint App,5,High Risk,Manual Review
74603372,10000.0, 36 months,21.18,E,E3,3 years,RENT,25000.0,Source Verified,debt_consolidation,IL,46.77,0.0,675.0,679.0,1.0,50.4,29.0,Individual,5,High Risk,Manual Review
73834994,2875.0, 36 months,20.75,E,E2,,MORTGAGE,40000.0,Verified,other,MN,21.51,2.0,660.0,664.0,1.0,87.3,27.0,Individual,5,High Risk,Manual Review
74854999,23375.0, 60 months,28.34,G,G3,10+ years,MORTGAGE,55681.0,Source Verified,home_improvement,AL,33.85,0.0,690.0,694.0,0.0,74.2,21.0,Individual,5,High Risk,Manual Review
73981584,30800.0, 60 months,24.99,F,F3,10+ years,OWN,72500.0,Verified,debt_consolidation,NJ,39.68,0.0,685.0,689.0,1.0,57.0,28.0,Individual,5,High Risk,Manual Review
74642426,12725.0, 60 months,22.45,E,E5,10+ years,RENT,48000.0,Not Verified,debt_consolidation,CA,35.28,0.0,700.0,704.0,0.0,98.0,16.0,Individual,6,High Risk,Manual Review
75191502,19425.0, 60 months,23.13,F,F1,10+ years,MORTGAGE,70000.0,Not Verified,debt_consolidation,OH,38.08,0.0,725.0,729.0,0.0,71.6,36.0,Individual,5,High Risk,Manual Review
74532336,16000.0, 60 months,21.97,E,E4,,MORTGAGE,56000.0,Verified,home_improvement,NC,40.96,0.0,710.0,714.0,0.0,76.3,32.0,Individual,5,High Risk,Manual Review
74666127,8375.0, 36 months,26.57,F,F5,8 years,RENT,38000.0,Source Verified,credit_card,MO,37.14,1.0,660.0,664.0,5.0,79.8,44.0,Individual,6,High Risk,Manual Review
74512497,12000.0, 60 months,22.45,E,E5,5 years,RENT,40000.0,Not Verified,debt_consolidation,IL,37.35,0.0,660.0,664.0,1.0,75.9,31.0,Individual,5,High Risk,Manual Review
75059567,34300.0, 36 months,19.99,E,E1,6 years,RENT,78000.0,Source Verified,debt_consolidation,AL,30.28,0.0,675.0,679.0,1.0,76.6,45.0,Individual,5,High Risk,Manual Review
74924907,3000.0, 36 months,20.75,E,E2,< 1 year,RENT,59473.0,Source Verified,debt_consolidation,NV,34.35,0.0,660.0,664.0,1.0,93.5,18.0,Individual,6,High Risk,Manual Review
74805349,25000.0, 36 months,16.29,D,D1,3 years,OWN,60000.0,Source Verified,credit_card,VT,34.14,1.0,660.0,664.0,0.0,90.6,24.0,Individual,5,High Risk,Manual Review
72733758,7650.0, 36 months,21.97,E,E4,2 years,RENT,24000.0,Source Verified,home_improvement,MN,30.9,1.0,680.0,684.0,2.0,50.4,8.0,Individual,6,High Risk,Manual Review
73874635,17375.0, 36 months,22.45,E,E5,2 years,MORTGAGE,60000.0,Verified,debt_consolidation,IL,29.98,1.0,675.0,679.0,0.0,94.5,38.0,Individual,5,High Risk,Manual Review
75049378,6550.0, 36 months,19.99,E,E1,,OWN,22266.84,Verified,debt_consolidation,PA,36.23,1.0,680.0,684.0,4.0,24.0,31.0,Individual,6,High Risk,Manual Review
74765063,6450.0, 36 months,19.99,E,E1,10+ years,OWN,19000.0,Source Verified,credit_card,WV,43.84,0.0,730.0,734.0,2.0,21.1,16.0,Individual,5,High Risk,Manual Review
74844725,6950.0, 36 months,20.75,E,E2,8 years,RENT,55000.0,Source Verified,debt_consolidation,GA,30.73,2.0,675.0,679.0,0.0,50.3,24.0,Individual,6,High Risk,Manual Review
74964583,27000.0, 60 months,27.34,G,G1,5 years,RENT,75000.0,Verified,debt_consolidation,CA,34.27,0.0,675.0,679.0,2.0,71.0,16.0,Individual,5,High Risk,Manual Review
74652505,19125.0, 60 months,21.97,E,E4,9 years,MORTGAGE,72000.0,Source Verified,debt_consolidation,FL,33.6,0.0,700.0,704.0,0.0,46.8,38.0,Individual,5,High Risk,Manual Review
74725490,10000.0, 36 months,24.11,F,F2,10+ years,OWN,43000.0,Not Verified,credit_card,CO,48.56,0.0,665.0,669.0,1.0,69.7,32.0,Individual,5,High Risk,Manual Review
74954970,35000.0, 36 months,22.45,E,E5,10+ years,OWN,78000.0,Verified,debt_consolidation,HI,44.18,0.0,755.0,759.0,2.0,5.2,46.0,Individual,5,High Risk,Manual Review
74854743,21075.0, 60 months,27.34,G,G1,10+ years,MORTGAGE,93000.0,Not Verified,debt_consolidation,NC,37.77,0.0,695.0,699.0,1.0,86.9,29.0,Individual,6,High Risk,Manual Review
74704246,15000.0, 36 months,22.45,E,E5,1 year,MORTGAGE,56500.0,Not Verified,house,PA,41.95,0.0,730.0,734.0,0.0,67.4,24.0,Individual,5,High Risk,Manual Review
75171086,24800.0, 60 months,24.99,F,F3,10+ years,MORTGAGE,130000.0,Verified,debt_consolidation,WA,29.12,1.0,675.0,679.0,1.0,87.3,53.0,Individual,5,High Risk,Manual Review
74523212,14000.0, 36 months,21.18,E,E3,4 years,OWN,84000.0,Verified,debt_consolidation,NJ,38.95,0.0,705.0,709.0,0.0,32.1,43.0,Individual,5,High Risk,Manual Review
74572585,1000.0, 36 months,21.18,E,E3,,MORTGAGE,30049.0,Verified,debt_consolidation,AL,31.11,0.0,680.0,684.0,2.0,67.0,11.0,Individual,5,High Risk,Manual Review
73693957,35000.0, 36 months,24.11,F,F2,10+ years,MORTGAGE,105000.0,Verified,debt_consolidation,TX,41.79,0.0,660.0,664.0,0.0,70.2,48.0,Individual,5,High Risk,Manual Review
74743773,3200.0, 36 months,21.97,E,E4,8 years,RENT,28600.0,Source Verified,credit_card,WI,37.01,0.0,660.0,664.0,0.0,89.4,22.0,Individual,6,High Risk,Manual Review
74854542,12300.0, 36 months,22.45,E,E5,10+ years,MORTGAGE,92000.0,Not Verified,debt_consolidation,IL,49.58,1.0,685.0,689.0,1.0,97.7,28.0,Individual,7,High Risk,Manual Review
75260899,35000.0, 60 months,26.57,F,F5,,OWN,78500.0,Verified,debt_consolidation,TN,39.18,0.0,690.0,694.0,1.0,49.5,18.0,Individual,5,High Risk,Manual Review
73913176,1900.0, 36 months,26.57,F,F5,2 years,RENT,30000.0,Source Verified,other,TN,46.88,2.0,685.0,689.0,0.0,65.2,20.0,Individual,6,High Risk,Manual Review
73754427,3325.0, 36 months,23.13,F,F1,10+ years,MORTGAGE,89000.0,Not Verified,debt_consolidation,GA,34.44,0.0,665.0,669.0,0.0,98.6,20.0,Individual,6,High Risk,Manual Review
74944309,6000.0, 36 months,19.99,E,E1,4 years,RENT,30000.0,Source Verified,debt_consolidation,NV,42.56,1.0,660.0,664.0,0.0,63.8,22.0,Individual,6,High Risk,Manual Review
74675521,9950.0, 36 months,24.11,F,F2,3 years,MORTGAGE,30000.0,Source Verified,credit_card,MN,32.92,0.0,720.0,724.0,1.0,53.4,11.0,Individual,5,High Risk,Manual Review
74804678,7650.0, 36 months,18.25,D,D3,3 years,RENT,47000.0,Verified,debt_consolidation,TX,36.87,1.0,665.0,669.0,0.0,83.0,25.0,Individual,5,High Risk,Manual Review
74824315,16700.0, 60 months,28.34,G,G3,1 year,RENT,38000.0,Verified,other,MA,34.44,0.0,690.0,694.0,0.0,48.2,45.0,Individual,5,High Risk,Manual Review
71785566,30000.0, 60 months,28.34,G,G3,10+ years,RENT,92000.0,Source Verified,house,TX,35.44,0.0,690.0,694.0,0.0,64.6,35.0,Individual,5,High Risk,Manual Review
74672172,18500.0, 60 months,20.75,E,E2,5 years,MORTGAGE,70000.0,Not Verified,debt_consolidation,AZ,31.05,0.0,660.0,664.0,2.0,36.7,28.0,Individual,5,High Risk,Manual Review
75159225,12950.0, 60 months,25.88,F,F4,4 years,RENT,36000.0,Not Verified,debt_consolidation,NE,33.93,0.0,660.0,664.0,1.0,30.7,56.0,Individual,5,High Risk,Manual Review
74834219,31200.0, 36 months,19.99,E,E1,,MORTGAGE,65000.0,Verified,debt_consolidation,FL,45.96,0.0,710.0,714.0,0.0,55.3,27.0,Individual,5,High Risk,Manual Review
74586536,9900.0, 36 months,19.99,E,E1,8 years,RENT,42000.0,Not Verified,debt_consolidation,FL,32.4,0.0,670.0,674.0,1.0,6.0,32.0,Individual,5,High Risk,Manual Review
74614275,6000.0, 36 months,28.99,G,G5,< 1 year,RENT,20000.0,Source Verified,debt_consolidation,FL,45.08,0.0,665.0,669.0,2.0,60.3,10.0,Individual,5,High Risk,Manual Review
74695668,20000.0, 36 months,24.11,F,F2,5 years,RENT,60000.0,Source Verified,other,CO,32.06,0.0,665.0,669.0,5.0,57.1,47.0,Individual,5,High Risk,Manual Review
74672193,20800.0, 60 months,21.18,E,E3,< 1 year,RENT,42000.0,Verified,debt_consolidation,FL,34.95,0.0,690.0,694.0,0.0,47.7,16.0,Joint App,5,High Risk,Manual Review
75190518,15150.0, 60 months,25.88,F,F4,1 year,RENT,56000.0,Not Verified,debt_consolidation,CA,31.05,0.0,670.0,674.0,0.0,58.2,15.0,Individual,5,High Risk,Manual Review
74636557,6000.0, 36 months,20.75,E,E2,8 years,MORTGAGE,35000.0,Source Verified,debt_consolidation,SC,34.02,0.0,675.0,679.0,0.0,56.5,28.0,Individual,5,High Risk,Manual Review
75140587,25000.0, 60 months,26.57,F,F5,6 years,RENT,73000.0,Source Verified,credit_card,CA,37.87,0.0,685.0,689.0,1.0,77.4,22.0,Individual,5,High Risk,Manual Review
74584766,16000.0, 60 months,26.57,F,F5,< 1 year,RENT,52000.0,Source Verified,debt_consolidation,NE,34.89,1.0,660.0,664.0,0.0,82.5,25.0,Individual,7,High Risk,Manual Review
74724928,3600.0, 36 months,23.13,F,F1,10+ years,RENT,56000.0,Source Verified,other,ND,37.12,0.0,660.0,664.0,0.0,88.4,36.0,Individual,6,High Risk,Manual Review
74712327,13975.0, 60 months,21.97,E,E4,10+ years,RENT,50000.0,Source Verified,credit_card,IL,30.7,0.0,695.0,699.0,2.0,40.5,25.0,Individual,5,High Risk,Manual Review
74904115,18000.0, 36 months,20.75,E,E2,< 1 year,RENT,48000.0,Verified,credit_card,NJ,39.13,0.0,660.0,664.0,1.0,82.3,30.0,Individual,6,High Risk,Manual Review
75049291,35000.0, 60 months,24.11,F,F2,,OWN,86220.0,Verified,debt_consolidation,NC,36.33,4.0,660.0,664.0,0.0,74.8,39.0,Individual,6,High Risk,Manual Review
74691745,20250.0, 60 months,24.99,F,F3,,OWN,43200.0,Verified,debt_consolidation,TN,30.08,0.0,680.0,684.0,2.0,99.3,13.0,Joint App,6,High Risk,Manual Review
74984260,22150.0, 60 months,28.34,G,G3,5 years,MORTGAGE,86000.0,Verified,debt_consolidation,CO,44.75,0.0,710.0,714.0,1.0,64.8,32.0,Individual,5,High Risk,Manual Review
74681335,24000.0, 60 months,22.45,E,E5,10+ years,MORTGAGE,101000.0,Not Verified,credit_card,MD,35.38,0.0,690.0,694.0,0.0,50.5,44.0,Individual,5,High Risk,Manual Review
74514873,35000.0, 36 months,23.13,F,F1,10+ years,OWN,80000.0,Verified,debt_consolidation,MD,46.85,0.0,660.0,664.0,0.0,87.1,21.0,Individual,6,High Risk,Manual Review
74231394,28000.0, 36 months,28.99,G,G5,3 years,MORTGAGE,90000.0,Verified,debt_consolidation,VA,23.73,1.0,665.0,669.0,0.0,116.1,16.0,Individual,5,High Risk,Manual Review
74695573,13675.0, 36 months,24.99,F,F3,4 years,OWN,62500.0,Not Verified,credit_card,GA,38.73,0.0,675.0,679.0,0.0,67.8,28.0,Individual,5,High Risk,Manual Review
71727186,15000.0, 36 months,19.99,E,E1,7 years,RENT,59675.0,Verified,debt_consolidation,CA,45.22,0.0,695.0,699.0,2.0,78.5,18.0,Individual,5,High Risk,Manual Review
74652208,26850.0, 60 months,21.18,E,E3,,OWN,73000.0,Verified,debt_consolidation,AK,33.16,0.0,710.0,714.0,1.0,97.2,8.0,Individual,6,High Risk,Manual Review
74646381,9000.0, 36 months,21.18,E,E3,1 year,OWN,38000.0,Source Verified,debt_consolidation,NJ,44.42,1.0,665.0,669.0,0.0,39.5,40.0,Individual,6,High Risk,Manual Review
74743644,5400.0, 36 months,28.67,G,G4,3 years,RENT,18000.0,Source Verified,other,PA,39.67,0.0,670.0,674.0,0.0,71.7,9.0,Individual,5,High Risk,Manual Review
74717209,2000.0, 36 months,21.97,E,E4,7 years,RENT,65484.0,Source Verified,other,VA,36.3,0.0,695.0,699.0,1.0,92.2,23.0,Individual,6,High Risk,Manual Review
74496601,8000.0, 36 months,20.75,E,E2,2 years,MORTGAGE,50000.0,Verified,debt_consolidation,TX,45.42,0.0,660.0,664.0,2.0,75.0,39.0,Individual,5,High Risk,Manual Review
74735859,21675.0, 60 months,27.34,G,G1,1 year,RENT,49300.0,Verified,debt_consolidation,CA,36.11,0.0,670.0,674.0,0.0,68.8,36.0,Individual,5,High Risk,Manual Review
74705242,6450.0, 36 months,24.99,F,F3,,RENT,19000.0,Verified,debt_consolidation,ME,47.06,0.0,665.0,669.0,0.0,84.5,15.0,Individual,6,High Risk,Manual Review
74582027,12000.0, 60 months,21.97,E,E4,1 year,MORTGAGE,60000.0,Source Verified,debt_consolidation,AR,30.2,1.0,680.0,684.0,0.0,72.8,16.0,Individual,6,High Risk,Manual Review
74736602,9150.0, 36 months,21.18,E,E3,8 years,OWN,40000.0,Source Verified,credit_card,CA,34.71,0.0,670.0,674.0,0.0,44.7,22.0,Individual,5,High Risk,Manual Review
73639775,10000.0, 60 months,18.99,D,D4,5 years,MORTGAGE,42000.0,Not Verified,debt_consolidation,GA,36.53,2.0,710.0,714.0,0.0,84.3,19.0,Individual,5,High Risk,Manual Review
74642036,21000.0, 60 months,20.75,E,E2,4 years,RENT,107600.0,Source Verified,credit_card,VA,30.37,0.0,680.0,684.0,0.0,99.8,22.0,Individual,6,High Risk,Manual Review
74595960,7200.0, 36 months,23.13,F,F1,2 years,MORTGAGE,39000.0,Source Verified,debt_consolidation,IN,42.55,0.0,680.0,684.0,1.0,79.3,18.0,Individual,5,High Risk,Manual Review
74531678,18000.0, 60 months,21.97,E,E4,1 year,RENT,67000.0,Verified,debt_consolidation,MS,32.62,0.0,675.0,679.0,1.0,64.3,21.0,Individual,5,High Risk,Manual Review
75279851,24900.0, 60 months,23.13,F,F1,10+ years,MORTGAGE,55357.0,Verified,debt_consolidation,MA,33.02,0.0,695.0,699.0,3.0,91.0,25.0,Individual,6,High Risk,Manual Review
75299988,32000.0, 60 months,23.13,F,F1,10+ years,MORTGAGE,120000.0,Verified,debt_consolidation,HI,35.37,1.0,675.0,679.0,1.0,70.3,36.0,Individual,6,High Risk,Manual Review
75130226,10500.0, 60 months,24.11,F,F2,10+ years,RENT,60000.0,Source Verified,debt_consolidation,CA,36.31,0.0,725.0,729.0,2.0,24.2,17.0,Individual,5,High Risk,Manual Review
73713897,5700.0, 36 months,28.99,G,G5,2 years,OWN,19000.0,Source Verified,home_improvement,FL,30.01,0.0,675.0,679.0,1.0,55.9,6.0,Individual,5,High Risk,Manual Review
74201144,5750.0, 36 months,19.99,E,E1,4 years,RENT,18000.0,Source Verified,debt_consolidation,NC,33.4,1.0,665.0,669.0,1.0,45.2,9.0,Individual,6,High Risk,Manual Review
74655474,3000.0, 36 months,23.13,F,F1,< 1 year,RENT,32000.0,Verified,moving,TX,33.41,0.0,680.0,684.0,0.0,59.4,10.0,Individual,5,High Risk,Manual Review
74522015,20000.0, 60 months,19.99,E,E1,10+ years,MORTGAGE,90000.0,Source Verified,debt_consolidation,TX,16.71,1.0,660.0,664.0,0.0,86.0,29.0,Individual,5,High Risk,Manual Review
75049821,32000.0, 60 months,24.99,F,F3,6 years,MORTGAGE,86000.0,Verified,debt_consolidation,GA,38.4,0.0,705.0,709.0,1.0,53.0,34.0,Individual,5,High Risk,Manual Review
73713124,15000.0, 60 months,19.99,E,E1,10+ years,RENT,47000.0,Not Verified,debt_consolidation,NJ,31.77,1.0,675.0,679.0,0.0,51.0,12.0,Individual,6,High Risk,Manual Review
74505295,6500.0, 36 months,25.88,F,F4,2 years,RENT,28800.0,Source Verified,small_business,CO,31.75,1.0,660.0,664.0,1.0,31.1,24.0,Individual,6,High Risk,Manual Review
74816353,36000.0, 60 months,25.88,F,F4,5 years,RENT,76295.0,Verified,debt_consolidation,CA,42.13,0.0,710.0,714.0,0.0,49.0,21.0,Individual,5,High Risk,Manual Review
74665168,15000.0, 36 months,24.11,F,F2,,MORTGAGE,88760.0,Verified,credit_card,OK,38.58,0.0,670.0,674.0,4.0,71.8,34.0,Individual,5,High Risk,Manual Review
74671920,23925.0, 60 months,21.18,E,E3,8 years,MORTGAGE,65000.0,Source Verified,debt_consolidation,GA,30.1,0.0,675.0,679.0,1.0,42.3,44.0,Individual,5,High Risk,Manual Review
74512292,18400.0, 60 months,24.99,F,F3,< 1 year,RENT,50000.0,Source Verified,debt_consolidation,FL,30.76,0.0,700.0,704.0,2.0,69.5,20.0,Individual,5,High Risk,Manual Review
74621387,14000.0, 60 months,21.18,E,E3,4 years,RENT,56000.0,Verified,debt_consolidation,PA,46.23,0.0,690.0,694.0,1.0,54.6,26.0,Individual,5,High Risk,Manual Review
73814969,4500.0, 36 months,22.45,E,E5,< 1 year,RENT,40000.0,Verified,debt_consolidation,AL,43.56,1.0,665.0,669.0,2.0,16.4,86.0,Individual,6,High Risk,Manual Review
73702498,9050.0, 36 months,20.75,E,E2,,OWN,31419.0,Verified,debt_consolidation,KY,35.75,0.0,680.0,684.0,0.0,51.0,18.0,Individual,5,High Risk,Manual Review
74712494,13550.0, 60 months,25.88,F,F4,10+ years,OWN,70000.0,Verified,home_improvement,IL,30.28,0.0,675.0,679.0,2.0,57.0,43.0,Individual,5,High Risk,Manual Review
73712960,10000.0, 60 months,19.99,E,E1,6 years,RENT,30000.0,Not Verified,debt_consolidation,TX,33.2,4.0,665.0,669.0,3.0,43.1,17.0,Individual,6,High Risk,Manual Review
74653350,19375.0, 60 months,27.34,G,G1,8 years,OWN,51000.0,Verified,other,NY,30.77,0.0,710.0,714.0,0.0,51.7,8.0,Individual,5,High Risk,Manual Review
74061790,24000.0, 36 months,20.75,E,E2,7 years,MORTGAGE,67000.0,Verified,debt_consolidation,MO,37.38,0.0,695.0,699.0,0.0,60.6,55.0,Individual,5,High Risk,Manual Review
73490865,34925.0, 60 months,25.88,F,F4,7 years,RENT,82000.0,Verified,debt_consolidation,FL,39.27,0.0,690.0,694.0,1.0,33.8,32.0,Individual,5,High Risk,Manual Review
74631802,16925.0, 60 months,24.99,F,F3,3 years,MORTGAGE,65000.0,Source Verified,small_business,MD,17.65,2.0,675.0,679.0,1.0,81.8,27.0,Individual,5,High Risk,Manual Review
73753909,12500.0, 36 months,19.99,E,E1,1 year,RENT,25000.0,Not Verified,debt_consolidation,OK,31.97,0.0,660.0,664.0,2.0,89.3,9.0,Individual,6,High Risk,Manual Review
74704858,12000.0, 36 months,23.13,F,F1,3 years,RENT,50000.0,Not Verified,debt_consolidation,TX,36.1,0.0,665.0,669.0,5.0,60.9,45.0,Individual,5,High Risk,Manual Review
74504007,3475.0, 36 months,19.99,E,E1,10+ years,MORTGAGE,32000.0,Source Verified,home_improvement,MI,34.47,0.0,670.0,674.0,3.0,58.9,41.0,Individual,5,High Risk,Manual Review
74611576,15000.0, 60 months,19.99,E,E1,10+ years,RENT,40000.0,Source Verified,debt_consolidation,NY,36.39,0.0,660.0,664.0,0.0,95.6,26.0,Individual,6,High Risk,Manual Review
74495311,35000.0, 36 months,23.13,F,F1,10+ years,RENT,80000.0,Verified,debt_consolidation,FL,43.9,0.0,690.0,694.0,0.0,67.9,21.0,Individual,5,High Risk,Manual Review
74516103,25000.0, 36 months,21.97,E,E4,8 years,RENT,85000.0,Verified,debt_consolidation,IL,43.37,0.0,695.0,699.0,4.0,57.7,27.0,Individual,5,High Risk,Manual Review
74574684,8000.0, 36 months,20.75,E,E2,< 1 year,RENT,37400.0,Source Verified,debt_consolidation,CO,39.09,0.0,665.0,669.0,1.0,46.3,20.0,Individual,5,High Risk,Manual Review
74705868,5000.0, 36 months,20.75,E,E2,10+ years,RENT,55000.0,Verified,credit_card,NJ,35.05,1.0,660.0,664.0,1.0,41.0,52.0,Individual,6,High Risk,Manual Review
75249551,28000.0, 60 months,26.57,F,F5,< 1 year,OWN,65000.0,Source Verified,debt_consolidation,TX,30.74,0.0,660.0,664.0,0.0,78.0,47.0,Individual,5,High Risk,Manual Review
75269552,20000.0, 60 months,24.11,F,F2,10+ years,MORTGAGE,57000.0,Not Verified,debt_consolidation,VA,36.34,0.0,690.0,694.0,0.0,82.1,20.0,Individual,6,High Risk,Manual Review
74685394,5700.0, 36 months,25.88,F,F4,8 years,OWN,19000.0,Source Verified,debt_consolidation,OK,36.45,0.0,710.0,714.0,2.0,50.3,24.0,Individual,5,High Risk,Manual Review
74665480,4650.0, 36 months,20.75,E,E2,3 years,MORTGAGE,100000.0,Source Verified,home_improvement,NY,19.19,7.0,660.0,664.0,1.0,94.0,51.0,Individual,5,High Risk,Manual Review
74636112,18400.0, 60 months,27.34,G,G1,< 1 year,OWN,50000.0,Source Verified,credit_card,MI,32.29,0.0,680.0,684.0,1.0,82.2,18.0,Individual,6,High Risk,Manual Review
73712939,15900.0, 60 months,21.97,E,E4,,MORTGAGE,75000.0,Verified,debt_consolidation,MI,37.99,2.0,665.0,669.0,0.0,95.2,32.0,Individual,7,High Risk,Manual Review
74716590,9025.0, 36 months,21.97,E,E4,3 years,RENT,34000.0,Not Verified,debt_consolidation,NJ,39.36,0.0,665.0,669.0,1.0,23.8,27.0,Individual,5,High Risk,Manual Review
74545776,3000.0, 36 months,20.75,E,E2,1 year,RENT,40000.0,Source Verified,credit_card,AZ,36.24,0.0,660.0,664.0,2.0,33.9,19.0,Individual,5,High Risk,Manual Review
73874562,27200.0, 60 months,21.18,E,E3,10+ years,MORTGAGE,97500.0,Verified,debt_consolidation,TX,35.57,0.0,685.0,689.0,1.0,63.8,41.0,Individual,5,High Risk,Manual Review
74555302,7000.0, 36 months,19.99,E,E1,6 years,RENT,57000.0,Not Verified,debt_consolidation,NY,32.8,0.0,680.0,684.0,1.0,31.9,49.0,Individual,5,High Risk,Manual Review
75249369,19200.0, 60 months,24.99,F,F3,4 years,MORTGAGE,106080.0,Not Verified,credit_card,CO,42.28,0.0,700.0,704.0,0.0,64.1,34.0,Individual,5,High Risk,Manual Review
73905697,9350.0, 60 months,24.99,F,F3,10+ years,MORTGAGE,50000.0,Source Verified,debt_consolidation,TX,34.85,0.0,665.0,669.0,2.0,71.6,26.0,Individual,5,High Risk,Manual Review
74544316,18125.0, 60 months,24.99,F,F3,10+ years,MORTGAGE,52000.0,Verified,credit_card,NY,30.46,0.0,690.0,694.0,1.0,50.7,17.0,Individual,5,High Risk,Manual Review
74546370,15000.0, 60 months,26.57,F,F5,4 years,MORTGAGE,30000.0,Verified,debt_consolidation,MN,46.92,0.0,690.0,694.0,0.0,83.8,20.0,Individual,6,High Risk,Manual Review
74561728,28000.0, 60 months,19.99,E,E1,10+ years,MORTGAGE,130000.0,Not Verified,debt_consolidation,VA,31.78,0.0,660.0,664.0,2.0,88.0,32.0,Individual,6,High Risk,Manual Review
74665665,1000.0, 36 months,19.99,E,E1,10+ years,MORTGAGE,75000.0,Not Verified,other,FL,21.47,1.0,670.0,674.0,3.0,89.9,26.0,Individual,5,High Risk,Manual Review
74664624,2700.0, 36 months,23.13,F,F1,,RENT,9036.0,Verified,debt_consolidation,FL,34.26,0.0,665.0,669.0,3.0,33.4,32.0,Individual,5,High Risk,Manual Review
74671641,24000.0, 60 months,22.45,E,E5,10+ years,RENT,55000.0,Source Verified,debt_consolidation,NJ,38.47,2.0,675.0,679.0,0.0,32.1,60.0,Individual,6,High Risk,Manual Review
74575535,25000.0, 36 months,21.97,E,E4,7 years,MORTGAGE,125000.0,Not Verified,debt_consolidation,MO,35.07,0.0,680.0,684.0,4.0,80.9,44.0,Individual,6,High Risk,Manual Review
75229414,10000.0, 60 months,23.13,F,F1,9 years,MORTGAGE,76528.37,Not Verified,debt_consolidation,AZ,33.89,0.0,680.0,684.0,0.0,69.0,37.0,Individual,5,High Risk,Manual Review
74635709,12000.0, 36 months,19.99,E,E1,4 years,RENT,78000.0,Source Verified,debt_consolidation,TX,33.57,0.0,670.0,674.0,1.0,53.5,41.0,Individual,5,High Risk,Manual Review
74715481,24000.0, 36 months,16.29,D,D1,10+ years,MORTGAGE,110000.0,Source Verified,debt_consolidation,WA,35.41,1.0,660.0,664.0,0.0,80.4,23.0,Individual,5,High Risk,Manual Review
73571267,4350.0, 36 months,18.99,D,D4,10+ years,MORTGAGE,65000.0,Source Verified,debt_consolidation,GA,31.35,1.0,670.0,674.0,0.0,83.0,24.0,Individual,5,High Risk,Manual Review
74575021,4875.0, 36 months,22.45,E,E5,10+ years,RENT,65000.0,Source Verified,debt_consolidation,CA,32.03,1.0,660.0,664.0,0.0,46.4,29.0,Individual,6,High Risk,Manual Review
73132294,21750.0, 60 months,25.88,F,F4,8 years,OWN,73000.0,Source Verified,debt_consolidation,MD,35.53,0.0,710.0,714.0,0.0,83.6,27.0,Individual,6,High Risk,Manual Review
73702933,13600.0, 60 months,21.18,E,E3,1 year,MORTGAGE,56000.0,Verified,debt_consolidation,MD,32.6,0.0,675.0,679.0,1.0,63.0,31.0,Individual,5,High Risk,Manual Review
74512691,35000.0, 60 months,28.14,G,G2,2 years,MORTGAGE,135000.0,Verified,debt_consolidation,TX,30.44,0.0,665.0,669.0,5.0,76.1,46.0,Individual,5,High Risk,Manual Review
74615145,7300.0, 36 months,24.11,F,F2,3 years,MORTGAGE,38500.0,Verified,house,MO,37.75,0.0,670.0,674.0,2.0,36.5,18.0,Individual,5,High Risk,Manual Review
73875459,4800.0, 36 months,19.99,E,E1,< 1 year,OWN,65000.0,Source Verified,major_purchase,MD,38.13,0.0,680.0,684.0,0.0,97.1,27.0,Individual,6,High Risk,Manual Review
74723998,20200.0, 36 months,24.99,F,F3,8 years,MORTGAGE,63000.0,Verified,debt_consolidation,RI,37.6,0.0,670.0,674.0,0.0,56.8,28.0,Individual,5,High Risk,Manual Review
74661642,15000.0, 60 months,20.75,E,E2,6 years,RENT,65000.0,Not Verified,debt_consolidation,IL,35.51,0.0,675.0,679.0,1.0,31.2,33.0,Individual,5,High Risk,Manual Review
74645269,35000.0, 36 months,22.45,E,E5,9 years,RENT,110000.0,Source Verified,debt_consolidation,NM,35.15,0.0,710.0,714.0,2.0,40.7,29.0,Individual,5,High Risk,Manual Review
74716614,7450.0, 36 months,18.99,D,D4,10+ years,MORTGAGE,52000.0,Source Verified,debt_consolidation,FL,37.02,2.0,695.0,699.0,2.0,97.0,29.0,Individual,5,High Risk,Manual Review
73763197,15000.0, 60 months,21.18,E,E3,1 year,RENT,37000.0,Verified,debt_consolidation,AZ,43.82,0.0,715.0,719.0,1.0,71.3,17.0,Individual,5,High Risk,Manual Review
74805912,20075.0, 60 months,24.11,F,F2,10+ years,RENT,105000.0,Not Verified,debt_consolidation,CA,31.62,0.0,715.0,719.0,1.0,24.2,48.0,Individual,5,High Risk,Manual Review
74895667,21800.0, 60 months,25.88,F,F4,8 years,MORTGAGE,51500.0,Source Verified,debt_consolidation,NH,32.02,0.0,765.0,769.0,0.0,22.5,26.0,Individual,5,High Risk,Manual Review
74914703,21000.0, 60 months,25.88,F,F4,< 1 year,OWN,50000.0,Source Verified,debt_consolidation,NY,33.66,0.0,715.0,719.0,0.0,56.6,43.0,Individual,5,High Risk,Manual Review
74865025,15600.0, 60 months,25.88,F,F4,10+ years,MORTGAGE,58000.0,Source Verified,credit_card,TN,37.2,0.0,670.0,674.0,0.0,63.7,48.0,Individual,5,High Risk,Manual Review
74626718,17100.0, 60 months,24.11,F,F2,8 years,MORTGAGE,38000.0,Verified,debt_consolidation,AL,32.25,0.0,690.0,694.0,1.0,64.0,11.0,Individual,5,High Risk,Manual Review
74582915,9250.0, 36 months,18.99,D,D4,10+ years,MORTGAGE,80000.0,Source Verified,debt_consolidation,TN,49.72,1.0,670.0,674.0,0.0,81.0,67.0,Individual,5,High Risk,Manual Review
74553848,22500.0, 36 months,24.99,F,F3,2 years,RENT,45000.0,Verified,other,NY,32.25,0.0,685.0,689.0,0.0,95.7,42.0,Individual,6,High Risk,Manual Review
74806341,16800.0, 60 months,24.11,F,F2,10+ years,RENT,86400.0,Not Verified,debt_consolidation,CA,35.81,0.0,700.0,704.0,0.0,62.3,11.0,Individual,5,High Risk,Manual Review
74584567,5550.0, 36 months,24.11,F,F2,,OWN,16714.0,Verified,debt_consolidation,CT,38.94,0.0,675.0,679.0,1.0,24.3,22.0,Individual,5,High Risk,Manual Review
74554380,15825.0, 36 months,22.45,E,E5,10+ years,MORTGAGE,72000.0,Verified,medical,GA,44.6,0.0,710.0,714.0,0.0,76.0,45.0,Individual,5,High Risk,Manual Review
74596104,4250.0, 36 months,21.97,E,E4,3 years,RENT,15360.0,Source Verified,debt_consolidation,NV,30.86,0.0,665.0,669.0,0.0,63.9,13.0,Individual,5,High Risk,Manual Review
74713814,4125.0, 36 months,24.99,F,F3,10+ years,MORTGAGE,37000.0,Not Verified,debt_consolidation,NC,39.77,0.0,665.0,669.0,1.0,65.7,49.0,Joint App,5,High Risk,Manual Review
74685983,19200.0, 60 months,28.67,G,G4,2 years,OWN,60000.0,Verified,debt_consolidation,LA,37.5,0.0,690.0,694.0,4.0,89.5,16.0,Individual,6,High Risk,Manual Review
74956102,11875.0, 60 months,26.57,F,F5,3 years,RENT,33000.0,Source Verified,debt_consolidation,NY,34.04,0.0,680.0,684.0,0.0,70.0,22.0,Individual,5,High Risk,Manual Review
74976023,20000.0, 60 months,23.13,F,F1,2 years,RENT,94273.0,Source Verified,credit_card,FL,31.65,0.0,685.0,689.0,0.0,60.1,62.0,Individual,5,High Risk,Manual Review
73448120,5650.0, 36 months,24.11,F,F2,2 years,RENT,39250.0,Verified,debt_consolidation,TX,40.86,0.0,670.0,674.0,0.0,67.7,31.0,Individual,5,High Risk,Manual Review
71917609,4150.0, 36 months,22.45,E,E5,7 years,RENT,20000.0,Verified,credit_card,IN,39.86,0.0,705.0,709.0,0.0,74.0,18.0,Individual,5,High Risk,Manual Review
73676644,14150.0, 36 months,20.75,E,E2,,RENT,44000.0,Source Verified,credit_card,NJ,30.28,0.0,670.0,674.0,0.0,67.0,20.0,Individual,5,High Risk,Manual Review
72625398,3475.0, 36 months,21.18,E,E3,,RENT,14256.0,Verified,vacation,NY,39.65,0.0,675.0,679.0,0.0,26.0,10.0,Individual,5,High Risk,Manual Review
74595911,10100.0, 36 months,20.75,E,E2,10+ years,MORTGAGE,55000.0,Not Verified,debt_consolidation,CA,30.63,0.0,705.0,709.0,0.0,56.9,23.0,Individual,5,High Risk,Manual Review
73400208,16000.0, 60 months,24.11,F,F2,2 years,MORTGAGE,75000.0,Verified,small_business,FL,46.08,0.0,665.0,669.0,3.0,80.3,27.0,Individual,6,High Risk,Manual Review
74685777,2000.0, 36 months,22.45,E,E5,10+ years,MORTGAGE,60000.0,Source Verified,vacation,OR,34.76,0.0,660.0,664.0,2.0,52.9,33.0,Individual,5,High Risk,Manual Review
74493664,15000.0, 36 months,19.99,E,E1,,RENT,50000.0,Verified,credit_card,WI,45.9,2.0,670.0,674.0,0.0,54.3,20.0,Individual,6,High Risk,Manual Review
73688582,33925.0, 36 months,25.88,F,F4,10+ years,MORTGAGE,92200.0,Source Verified,small_business,FL,13.17,1.0,665.0,669.0,1.0,80.7,34.0,Individual,5,High Risk,Manual Review
74506576,24000.0, 60 months,23.13,F,F1,4 years,MORTGAGE,96000.0,Not Verified,debt_consolidation,TX,33.08,0.0,670.0,674.0,0.0,85.3,26.0,Individual,6,High Risk,Manual Review
73743874,16900.0, 60 months,21.97,E,E4,< 1 year,RENT,55000.0,Verified,other,FL,31.01,0.0,680.0,684.0,0.0,80.0,32.0,Joint App,5,High Risk,Manual Review
74765690,28000.0, 60 months,24.11,F,F2,10+ years,MORTGAGE,140000.0,Not Verified,debt_consolidation,MD,31.89,1.0,690.0,694.0,0.0,76.9,38.0,Individual,6,High Risk,Manual Review
73835386,28375.0, 60 months,20.75,E,E2,< 1 year,MORTGAGE,70000.0,Verified,debt_consolidation,TX,10.06,2.0,665.0,669.0,0.0,97.6,33.0,Joint App,5,High Risk,Manual Review
74575154,10875.0, 36 months,21.18,E,E3,,RENT,57961.8,Verified,debt_consolidation,PA,37.27,0.0,695.0,699.0,1.0,44.0,19.0,Individual,5,High Risk,Manual Review
74925247,28000.0, 60 months,23.13,F,F1,10+ years,MORTGAGE,78000.0,Not Verified,debt_consolidation,AR,31.4,1.0,660.0,664.0,2.0,58.5,38.0,Individual,6,High Risk,Manual Review
73386392,35000.0, 60 months,24.99,F,F3,1 year,RENT,84276.0,Verified,debt_consolidation,TX,35.21,0.0,660.0,664.0,1.0,59.0,60.0,Individual,5,High Risk,Manual Review
74613347,25000.0, 60 months,28.14,G,G2,2 years,MORTGAGE,90000.0,Verified,house,TX,38.24,0.0,660.0,664.0,0.0,89.4,34.0,Individual,6,High Risk,Manual Review
74671210,20750.0, 60 months,19.99,E,E1,10+ years,RENT,50000.0,Verified,debt_consolidation,MI,31.52,0.0,680.0,684.0,0.0,56.7,16.0,Joint App,5,High Risk,Manual Review
71827180,35000.0, 60 months,21.97,E,E4,2 years,MORTGAGE,110000.0,Verified,debt_consolidation,NY,13.05,3.0,675.0,679.0,1.0,95.7,18.0,Individual,5,High Risk,Manual Review
74685767,7000.0, 36 months,20.75,E,E2,10+ years,MORTGAGE,48500.0,Source Verified,debt_consolidation,OH,34.5,1.0,690.0,694.0,0.0,26.7,21.0,Individual,6,High Risk,Manual Review
74723930,25850.0, 36 months,19.99,E,E1,10+ years,MORTGAGE,30000.0,Verified,debt_consolidation,OH,75.4,0.0,700.0,704.0,1.0,40.1,33.0,Joint App,5,High Risk,Manual Review
74774266,30575.0, 60 months,25.88,F,F4,9 years,MORTGAGE,85000.0,Verified,debt_consolidation,AR,30.1,0.0,730.0,734.0,0.0,19.4,21.0,Individual,5,High Risk,Manual Review
73702872,13975.0, 60 months,25.88,F,F4,7 years,RENT,33312.34,Source Verified,credit_card,CA,30.37,0.0,660.0,664.0,0.0,73.1,28.0,Individual,5,High Risk,Manual Review
74561405,25500.0, 60 months,21.18,E,E3,10+ years,RENT,71000.0,Verified,debt_consolidation,CA,36.44,0.0,665.0,669.0,0.0,50.0,14.0,Individual,5,High Risk,Manual Review
73712655,2550.0, 36 months,22.45,E,E5,5 years,RENT,7111.0,Source Verified,credit_card,NY,35.81,0.0,685.0,689.0,0.0,78.1,11.0,Individual,5,High Risk,Manual Review
74865222,11175.0, 60 months,24.11,F,F2,1 year,RENT,33290.0,Source Verified,credit_card,PA,33.02,0.0,660.0,664.0,0.0,96.3,27.0,Individual,6,High Risk,Manual Review
74576163,20000.0, 60 months,24.11,F,F2,10+ years,RENT,51700.0,Verified,debt_consolidation,VA,30.85,0.0,660.0,664.0,0.0,85.1,17.0,Individual,6,High Risk,Manual Review
74612420,8000.0, 36 months,23.13,F,F1,10+ years,MORTGAGE,40000.0,Not Verified,credit_card,IN,36.0,0.0,720.0,724.0,0.0,25.5,23.0,Individual,5,High Risk,Manual Review
74974862,33600.0, 60 months,25.88,F,F4,3 years,MORTGAGE,98200.0,Verified,debt_consolidation,TN,32.92,1.0,660.0,664.0,1.0,67.3,38.0,Individual,6,High Risk,Manual Review
73933164,22750.0, 60 months,22.45,E,E5,10+ years,OWN,65000.0,Verified,debt_consolidation,PA,27.2,1.0,680.0,684.0,4.0,89.0,19.0,Individual,5,High Risk,Manual Review
73713389,23900.0, 36 months,19.53,D,D5,4 years,RENT,52000.0,Verified,debt_consolidation,NY,39.42,1.0,680.0,684.0,0.0,96.3,26.0,Individual,5,High Risk,Manual Review
74515272,19200.0, 36 months,19.99,E,E1,5 years,RENT,65460.96,Source Verified,debt_consolidation,IL,37.9,0.0,665.0,669.0,2.0,29.3,27.0,Individual,5,High Risk,Manual Review
74645155,15575.0, 36 months,19.99,E,E1,10+ years,RENT,57000.0,Not Verified,debt_consolidation,GA,38.23,0.0,740.0,744.0,0.0,51.4,22.0,Individual,5,High Risk,Manual Review
73648372,15425.0, 60 months,28.67,G,G4,10+ years,RENT,91000.0,Verified,major_purchase,FL,31.83,1.0,680.0,684.0,3.0,14.3,24.0,Individual,6,High Risk,Manual Review
74584519,3625.0, 36 months,25.88,F,F4,10+ years,OWN,15600.0,Verified,other,GA,45.85,0.0,705.0,709.0,2.0,80.8,10.0,Individual,6,High Risk,Manual Review
74844253,21800.0, 60 months,23.13,F,F1,< 1 year,RENT,47400.0,Source Verified,debt_consolidation,TX,36.34,0.0,695.0,699.0,0.0,54.7,22.0,Individual,5,High Risk,Manual Review
74503935,5350.0, 36 months,21.18,E,E3,6 years,MORTGAGE,40000.0,Source Verified,debt_consolidation,AZ,36.39,0.0,700.0,704.0,0.0,69.6,37.0,Individual,5,High Risk,Manual Review
73943301,26000.0, 60 months,23.13,F,F1,2 years,MORTGAGE,80000.0,Verified,debt_consolidation,NV,36.77,0.0,665.0,669.0,2.0,79.0,39.0,Individual,5,High Risk,Manual Review
74715583,8000.0, 36 months,21.97,E,E4,10+ years,MORTGAGE,55000.0,Source Verified,credit_card,VA,41.33,2.0,660.0,664.0,0.0,92.3,26.0,Individual,7,High Risk,Manual Review
74494515,2000.0, 36 months,25.88,F,F4,7 years,RENT,34000.0,Source Verified,vacation,OH,31.63,0.0,685.0,689.0,3.0,56.0,35.0,Individual,5,High Risk,Manual Review
74914794,35000.0, 60 months,24.11,F,F2,,MORTGAGE,100000.0,Verified,debt_consolidation,KS,27.9,1.0,670.0,674.0,0.0,94.0,23.0,Individual,5,High Risk,Manual Review
74621272,18000.0, 60 months,22.45,E,E5,4 years,MORTGAGE,54000.0,Source Verified,debt_consolidation,NC,38.74,0.0,685.0,689.0,0.0,90.5,44.0,Individual,6,High Risk,Manual Review
74665758,14400.0, 60 months,24.99,F,F3,9 years,OWN,51000.0,Verified,debt_consolidation,PA,34.0,0.0,660.0,664.0,1.0,68.5,49.0,Individual,5,High Risk,Manual Review
74663889,5975.0, 36 months,25.88,F,F4,< 1 year,RENT,40000.0,Source Verified,credit_card,CA,37.56,0.0,685.0,689.0,0.0,30.2,13.0,Individual,5,High Risk,Manual Review
73550126,15000.0, 60 months,19.99,E,E1,10+ years,MORTGAGE,55000.0,Verified,debt_consolidation,NM,45.52,0.0,690.0,694.0,0.0,66.3,26.0,Individual,5,High Risk,Manual Review
74784916,14000.0, 60 months,26.57,F,F5,2 years,MORTGAGE,130000.0,Not Verified,debt_consolidation,GA,39.44,0.0,670.0,674.0,3.0,88.0,38.0,Individual,6,High Risk,Manual Review
74564810,27525.0, 36 months,21.97,E,E4,10+ years,RENT,145000.0,Not Verified,other,MI,37.56,0.0,675.0,679.0,2.0,71.4,31.0,Individual,5,High Risk,Manual Review
71986218,18000.0, 60 months,21.97,E,E4,2 years,MORTGAGE,65000.0,Source Verified,medical,SC,37.3,0.0,675.0,679.0,2.0,81.8,68.0,Individual,6,High Risk,Manual Review
74674832,10000.0, 36 months,19.99,E,E1,4 years,OWN,22000.0,Verified,credit_card,OH,42.72,1.0,660.0,664.0,0.0,91.4,23.0,Individual,7,High Risk,Manual Review
74504989,25000.0, 36 months,19.99,E,E1,10+ years,MORTGAGE,100000.0,Not Verified,debt_consolidation,AR,5.56,2.0,660.0,664.0,0.0,91.1,19.0,Individual,5,High Risk,Manual Review
74594694,15000.0, 36 months,21.97,E,E4,4 years,OWN,60000.0,Verified,debt_consolidation,SC,43.1,0.0,670.0,674.0,1.0,80.0,31.0,Individual,5,High Risk,Manual Review
73385797,11900.0, 36 months,28.67,G,G4,5 years,MORTGAGE,47000.0,Verified,debt_consolidation,TN,33.78,0.0,665.0,669.0,3.0,89.1,15.0,Individual,6,High Risk,Manual Review
74524270,10000.0, 36 months,23.13,F,F1,2 years,RENT,35000.0,Source Verified,debt_consolidation,AZ,47.74,1.0,680.0,684.0,0.0,57.8,40.0,Individual,6,High Risk,Manual Review
74381285,5450.0, 36 months,28.99,G,G5,< 1 year,RENT,49850.0,Source Verified,debt_consolidation,NY,38.83,2.0,670.0,674.0,0.0,52.4,32.0,Individual,6,High Risk,Manual Review
74651232,35000.0, 60 months,20.75,E,E2,< 1 year,MORTGAGE,150000.0,Verified,debt_consolidation,FL,17.95,2.0,675.0,679.0,4.0,81.0,16.0,Individual,5,High Risk,Manual Review
74721515,7425.0, 36 months,21.97,E,E4,,OWN,43000.0,Verified,debt_consolidation,NY,36.28,0.0,660.0,664.0,0.0,92.6,23.0,Individual,6,High Risk,Manual Review
74711176,11575.0, 60 months,21.18,E,E3,4 years,RENT,34468.0,Source Verified,credit_card,IN,31.34,0.0,690.0,694.0,1.0,50.0,9.0,Individual,5,High Risk,Manual Review
74201665,14350.0, 36 months,22.45,E,E5,6 years,RENT,42000.0,Verified,debt_consolidation,CA,46.94,0.0,690.0,694.0,0.0,31.9,17.0,Individual,5,High Risk,Manual Review
72042907,22100.0, 60 months,23.13,F,F1,1 year,MORTGAGE,56000.0,Verified,debt_consolidation,TX,32.51,0.0,745.0,749.0,1.0,25.0,30.0,Individual,5,High Risk,Manual Review
74611214,16000.0, 60 months,21.97,E,E4,10+ years,MORTGAGE,125000.0,Not Verified,debt_consolidation,DE,32.43,0.0,705.0,709.0,1.0,98.7,31.0,Individual,6,High Risk,Manual Review
74934362,18000.0, 60 months,23.13,F,F1,5 years,RENT,51000.0,Not Verified,debt_consolidation,NV,32.01,0.0,685.0,689.0,1.0,41.4,14.0,Individual,5,High Risk,Manual Review
74706600,27150.0, 60 months,23.13,F,F1,10+ years,MORTGAGE,100648.0,Verified,debt_consolidation,NJ,35.81,0.0,715.0,719.0,0.0,56.1,46.0,Individual,5,High Risk,Manual Review
74685309,10000.0, 36 months,22.45,E,E5,< 1 year,RENT,30000.0,Source Verified,debt_consolidation,CO,38.08,0.0,660.0,664.0,0.0,87.3,42.0,Individual,6,High Risk,Manual Review
73578277,17025.0, 36 months,23.13,F,F1,7 years,MORTGAGE,41000.0,Verified,debt_consolidation,WA,30.85,1.0,670.0,674.0,1.0,39.1,21.0,Joint App,6,High Risk,Manual Review
73386323,12000.0, 36 months,25.88,F,F4,,MORTGAGE,30000.0,Verified,debt_consolidation,MN,43.23,0.0,695.0,699.0,0.0,88.6,13.0,Individual,6,High Risk,Manual Review
74571144,24150.0, 60 months,21.97,E,E4,10+ years,MORTGAGE,50000.0,Verified,debt_consolidation,GA,34.71,1.0,665.0,669.0,0.0,98.5,19.0,Individual,7,High Risk,Manual Review
74633989,19800.0, 36 months,24.99,F,F3,2 years,RENT,40000.0,Verified,debt_consolidation,MA,31.2,0.0,665.0,669.0,1.0,73.8,18.0,Individual,5,High Risk,Manual Review
74554007,12000.0, 60 months,27.34,G,G1,2 years,RENT,42000.0,Source Verified,debt_consolidation,MT,38.98,2.0,690.0,694.0,0.0,27.9,29.0,Individual,6,High Risk,Manual Review
73261739,5300.0, 36 months,23.13,F,F1,1 year,RENT,20000.0,Source Verified,debt_consolidation,UT,35.05,0.0,700.0,704.0,0.0,12.8,16.0,Individual,5,High Risk,Manual Review
74526035,32000.0, 60 months,23.13,F,F1,,OWN,94200.0,Verified,debt_consolidation,NY,34.57,0.0,660.0,664.0,1.0,70.1,27.0,Individual,5,High Risk,Manual Review
73714718,28000.0, 60 months,24.11,F,F2,10+ years,OWN,56000.0,Source Verified,debt_consolidation,TX,35.86,0.0,730.0,734.0,0.0,71.3,20.0,Individual,5,High Risk,Manual Review
74605314,25900.0, 60 months,25.88,F,F4,5 years,RENT,61000.0,Verified,debt_consolidation,RI,38.21,0.0,710.0,714.0,0.0,38.7,26.0,Individual,5,High Risk,Manual Review
73386146,2925.0, 36 months,20.75,E,E2,,MORTGAGE,51000.0,Verified,debt_consolidation,IL,41.69,0.0,720.0,724.0,3.0,59.5,50.0,Individual,5,High Risk,Manual Review
74774221,27000.0, 60 months,23.13,F,F1,8 years,RENT,69675.0,Source Verified,debt_consolidation,NY,37.82,0.0,720.0,724.0,0.0,92.2,20.0,Individual,6,High Risk,Manual Review
71430347,16000.0, 60 months,21.97,E,E4,10+ years,MORTGAGE,45000.0,Source Verified,credit_card,FL,38.08,0.0,665.0,669.0,0.0,45.8,27.0,Individual,5,High Risk,Manual Review
74663384,12500.0, 60 months,26.57,F,F5,5 years,RENT,83404.88,Verified,debt_consolidation,VA,38.86,0.0,690.0,694.0,0.0,98.1,38.0,Individual,6,High Risk,Manual Review
74621123,13800.0, 60 months,21.18,E,E3,6 years,RENT,30000.0,Verified,debt_consolidation,UT,39.8,0.0,685.0,689.0,0.0,46.1,45.0,Individual,5,High Risk,Manual Review
73490478,18000.0, 60 months,21.97,E,E4,10+ years,MORTGAGE,44116.8,Source Verified,debt_consolidation,NY,34.79,0.0,660.0,664.0,2.0,70.4,34.0,Individual,5,High Risk,Manual Review
73618350,8025.0, 36 months,19.99,E,E1,2 years,RENT,27000.0,Source Verified,other,WA,31.02,0.0,705.0,709.0,1.0,23.3,14.0,Individual,5,High Risk,Manual Review
74574537,7025.0, 36 months,22.45,E,E5,1 year,OWN,22000.0,Source Verified,other,LA,35.79,0.0,735.0,739.0,0.0,13.8,10.0,Individual,5,High Risk,Manual Review
74654940,7400.0, 36 months,21.18,E,E3,10+ years,MORTGAGE,60000.0,Source Verified,home_improvement,FL,35.08,0.0,725.0,729.0,0.0,51.8,24.0,Individual,5,High Risk,Manual Review
74535527,32200.0, 60 months,24.11,F,F2,10+ years,OWN,70000.0,Source Verified,debt_consolidation,CT,33.21,0.0,660.0,664.0,1.0,67.6,29.0,Individual,5,High Risk,Manual Review
74562513,7050.0, 36 months,20.75,E,E2,10+ years,MORTGAGE,45000.0,Source Verified,debt_consolidation,FL,39.97,1.0,685.0,689.0,0.0,39.3,27.0,Individual,6,High Risk,Manual Review
74685249,35000.0, 36 months,22.45,E,E5,2 years,RENT,103000.0,Source Verified,debt_consolidation,TX,32.2,0.0,680.0,684.0,0.0,81.1,37.0,Individual,6,High Risk,Manual Review
74561160,11850.0, 60 months,22.45,E,E5,10+ years,RENT,33245.0,Verified,debt_consolidation,NY,37.76,0.0,680.0,684.0,2.0,31.6,42.0,Individual,5,High Risk,Manual Review
73610768,14025.0, 36 months,26.57,F,F5,,MORTGAGE,46764.4,Verified,debt_consolidation,OR,36.87,0.0,660.0,664.0,3.0,35.1,25.0,Joint App,5,High Risk,Manual Review
74686761,18000.0, 60 months,25.88,F,F4,10+ years,MORTGAGE,110000.0,Verified,credit_card,IL,42.59,0.0,715.0,719.0,1.0,96.9,26.0,Individual,6,High Risk,Manual Review
74351245,23900.0, 60 months,20.75,E,E2,10+ years,MORTGAGE,52000.0,Verified,credit_card,AL,44.38,0.0,700.0,704.0,0.0,74.5,17.0,Individual,5,High Risk,Manual Review
73864783,2350.0, 36 months,28.67,G,G4,3 years,OWN,50000.0,Source Verified,debt_consolidation,IN,31.3,0.0,675.0,679.0,0.0,51.0,9.0,Individual,5,High Risk,Manual Review
73904992,14000.0, 60 months,24.99,F,F3,10+ years,MORTGAGE,52000.0,Verified,other,OK,41.63,0.0,675.0,679.0,0.0,44.2,26.0,Individual,5,High Risk,Manual Review
74561164,27450.0, 60 months,22.45,E,E5,8 years,MORTGAGE,52000.0,Verified,debt_consolidation,AZ,37.96,0.0,670.0,674.0,0.0,73.4,28.0,Joint App,5,High Risk,Manual Review
74597544,15000.0, 60 months,26.57,F,F5,10+ years,OWN,50000.0,Not Verified,debt_consolidation,CT,32.33,0.0,665.0,669.0,1.0,53.6,20.0,Individual,5,High Risk,Manual Review
73755565,25000.0, 60 months,17.27,D,D2,10+ years,MORTGAGE,90000.0,Not Verified,credit_card,TX,32.58,1.0,675.0,679.0,1.0,80.6,36.0,Individual,5,High Risk,Manual Review
74081328,8025.0, 36 months,21.97,E,E4,3 years,RENT,60000.0,Source Verified,debt_consolidation,TX,36.4,0.0,695.0,699.0,0.0,71.8,21.0,Individual,5,High Risk,Manual Review
74491916,10000.0, 36 months,19.99,E,E1,< 1 year,RENT,31000.0,Source Verified,credit_card,CA,37.48,1.0,670.0,674.0,1.0,31.7,14.0,Individual,6,High Risk,Manual Review
73375606,13400.0, 36 months,24.99,F,F3,8 years,MORTGAGE,33500.0,Verified,debt_consolidation,WA,30.63,0.0,690.0,694.0,0.0,93.3,26.0,Individual,6,High Risk,Manual Review
74561137,29700.0, 60 months,20.75,E,E2,10+ years,MORTGAGE,66000.0,Verified,debt_consolidation,KY,34.02,0.0,675.0,679.0,0.0,54.0,32.0,Individual,5,High Risk,Manual Review
74664189,1800.0, 36 months,21.97,E,E4,10+ years,MORTGAGE,32500.0,Source Verified,major_purchase,TN,41.25,0.0,680.0,684.0,0.0,50.2,25.0,Individual,5,High Risk,Manual Review
73943908,3800.0, 36 months,21.18,E,E3,,RENT,14000.0,Verified,debt_consolidation,NJ,36.88,0.0,720.0,724.0,0.0,98.7,5.0,Individual,6,High Risk,Manual Review
74605126,14650.0, 60 months,24.11,F,F2,,MORTGAGE,37212.0,Source Verified,debt_consolidation,PA,31.18,0.0,675.0,679.0,1.0,39.9,77.0,Individual,5,High Risk,Manual Review
73672370,34150.0, 60 months,21.18,E,E3,10+ years,MORTGAGE,61000.0,Verified,debt_consolidation,VA,50.4,4.0,665.0,669.0,0.0,60.7,28.0,Joint App,6,High Risk,Manual Review
74573788,9100.0, 36 months,26.57,F,F5,,OWN,28474.8,Verified,debt_consolidation,MI,35.46,1.0,665.0,669.0,0.0,68.1,27.0,Individual,6,High Risk,Manual Review
73161813,11550.0, 36 months,20.75,E,E2,10+ years,MORTGAGE,35500.0,Source Verified,credit_card,NY,37.96,0.0,735.0,739.0,0.0,77.6,16.0,Individual,5,High Risk,Manual Review
74534405,30000.0, 60 months,28.67,G,G4,2 years,MORTGAGE,107000.0,Not Verified,debt_consolidation,IL,35.92,1.0,680.0,684.0,1.0,92.7,24.0,Individual,7,High Risk,Manual Review
74666395,24000.0, 60 months,25.88,F,F4,3 years,MORTGAGE,80000.0,Verified,debt_consolidation,NY,33.87,0.0,660.0,664.0,2.0,83.6,20.0,Individual,6,High Risk,Manual Review
74594831,6000.0, 36 months,18.25,D,D3,< 1 year,RENT,30000.0,Not Verified,credit_card,MD,32.16,2.0,670.0,674.0,0.0,90.2,13.0,Individual,5,High Risk,Manual Review
74494311,8000.0, 36 months,19.99,E,E1,5 years,RENT,24000.0,Verified,debt_consolidation,NV,33.0,0.0,690.0,694.0,0.0,91.3,12.0,Individual,6,High Risk,Manual Review
73375862,10425.0, 60 months,23.13,F,F1,10+ years,MORTGAGE,56000.0,Verified,debt_consolidation,CA,34.35,0.0,685.0,689.0,0.0,49.5,40.0,Individual,5,High Risk,Manual Review
74555263,18100.0, 60 months,26.57,F,F5,10+ years,MORTGAGE,60000.0,Verified,debt_consolidation,KY,38.18,0.0,705.0,709.0,2.0,68.5,44.0,Individual,5,High Risk,Manual Review
74503517,4000.0, 36 months,23.13,F,F1,10+ years,RENT,40000.0,Source Verified,debt_consolidation,NC,30.99,0.0,660.0,664.0,0.0,48.9,22.0,Individual,5,High Risk,Manual Review
74553979,34525.0, 60 months,23.13,F,F1,4 years,MORTGAGE,82000.0,Verified,debt_consolidation,CO,33.44,0.0,670.0,674.0,2.0,86.6,38.0,Individual,6,High Risk,Manual Review
74656355,30000.0, 60 months,24.11,F,F2,3 years,MORTGAGE,92000.0,Verified,debt_consolidation,OH,32.91,0.0,670.0,674.0,4.0,72.0,40.0,Individual,5,High Risk,Manual Review
74634286,35000.0, 36 months,20.75,E,E2,10+ years,MORTGAGE,90000.0,Verified,debt_consolidation,IL,34.23,2.0,675.0,679.0,1.0,45.3,34.0,Individual,6,High Risk,Manual Review
74504261,4800.0, 36 months,21.18,E,E3,10+ years,MORTGAGE,121000.0,Not Verified,home_improvement,IL,36.65,2.0,660.0,664.0,0.0,91.7,30.0,Individual,7,High Risk,Manual Review
74574379,15000.0, 36 months,17.27,D,D2,6 years,RENT,66500.0,Source Verified,debt_consolidation,CA,34.7,5.0,660.0,664.0,0.0,89.3,19.0,Individual,5,High Risk,Manual Review
74712557,10000.0, 60 months,24.99,F,F3,6 years,MORTGAGE,36004.0,Verified,home_improvement,CA,35.97,0.0,670.0,674.0,2.0,23.1,29.0,Individual,5,High Risk,Manual Review
74162262,20900.0, 60 months,21.18,E,E3,1 year,MORTGAGE,55000.0,Source Verified,debt_consolidation,VA,26.1,1.0,690.0,694.0,0.0,84.3,28.0,Individual,5,High Risk,Manual Review
73241649,20000.0, 60 months,22.45,E,E5,10+ years,MORTGAGE,90000.0,Source Verified,house,VA,28.92,5.0,675.0,679.0,0.0,91.6,37.0,Individual,5,High Risk,Manual Review
74351167,12000.0, 60 months,21.97,E,E4,2 years,RENT,90000.0,Not Verified,credit_card,IL,2.24,5.0,665.0,669.0,4.0,98.1,23.0,Individual,5,High Risk,Manual Review
74656411,16825.0, 60 months,24.11,F,F2,3 years,MORTGAGE,47000.0,Source Verified,debt_consolidation,FL,36.5,0.0,685.0,689.0,1.0,66.8,35.0,Individual,5,High Risk,Manual Review
74733516,20000.0, 60 months,27.34,G,G1,10+ years,MORTGAGE,98000.0,Verified,debt_consolidation,TX,33.25,0.0,660.0,664.0,0.0,67.1,30.0,Individual,5,High Risk,Manual Review
74655117,10000.0, 60 months,23.13,F,F1,< 1 year,RENT,40000.0,Source Verified,credit_card,NY,8.76,1.0,660.0,664.0,1.0,89.7,25.0,Individual,5,High Risk,Manual Review
73784578,8150.0, 36 months,24.11,F,F2,7 years,MORTGAGE,93000.0,Not Verified,debt_consolidation,NJ,37.51,1.0,665.0,669.0,0.0,93.0,33.0,Individual,7,High Risk,Manual Review
74733755,6100.0, 36 months,21.97,E,E4,2 years,RENT,17960.0,Source Verified,debt_consolidation,SC,37.43,0.0,670.0,674.0,0.0,72.5,19.0,Individual,5,High Risk,Manual Review
73712885,30000.0, 36 months,20.75,E,E2,10+ years,MORTGAGE,70000.0,Verified,debt_consolidation,TN,31.72,0.0,660.0,664.0,2.0,79.0,40.0,Individual,5,High Risk,Manual Review
74564051,11925.0, 36 months,19.99,E,E1,3 years,OWN,44000.0,Verified,debt_consolidation,AL,35.55,0.0,675.0,679.0,0.0,62.1,22.0,Individual,5,High Risk,Manual Review
74012413,24000.0, 60 months,19.99,E,E1,,RENT,61512.0,Verified,debt_consolidation,NC,22.08,1.0,660.0,664.0,0.0,92.4,20.0,Individual,5,High Risk,Manual Review
74111390,17275.0, 36 months,17.27,D,D2,3 years,MORTGAGE,45500.0,Verified,debt_consolidation,MO,32.97,1.0,665.0,669.0,1.0,89.6,24.0,Individual,5,High Risk,Manual Review
74142202,17675.0, 60 months,21.18,E,E3,5 years,RENT,42120.0,Verified,other,MN,43.28,0.0,665.0,669.0,1.0,35.1,29.0,Individual,5,High Risk,Manual Review
73896233,35000.0, 36 months,21.18,E,E3,10+ years,OWN,100000.0,Verified,debt_consolidation,CA,27.54,1.0,675.0,679.0,0.0,89.8,40.0,Individual,5,High Risk,Manual Review
74653791,3875.0, 36 months,21.18,E,E3,,RENT,13400.0,Verified,debt_consolidation,VT,35.48,0.0,665.0,669.0,0.0,62.7,16.0,Individual,5,High Risk,Manual Review
74616145,35000.0, 60 months,26.57,F,F5,10+ years,MORTGAGE,85640.0,Source Verified,debt_consolidation,IN,30.3,1.0,710.0,714.0,0.0,71.2,21.0,Individual,6,High Risk,Manual Review
74544969,19925.0, 60 months,23.13,F,F1,4 years,MORTGAGE,70000.0,Source Verified,debt_consolidation,NM,31.99,1.0,665.0,669.0,1.0,92.1,31.0,Individual,7,High Risk,Manual Review
73925250,28875.0, 60 months,25.88,F,F4,3 years,MORTGAGE,90000.0,Verified,credit_card,FL,41.37,2.0,675.0,679.0,0.0,65.3,37.0,Individual,6,High Risk,Manual Review
73873630,15050.0, 60 months,24.99,F,F3,10+ years,MORTGAGE,43000.0,Verified,debt_consolidation,OH,42.67,0.0,720.0,724.0,0.0,58.5,37.0,Individual,5,High Risk,Manual Review
74181157,17900.0, 60 months,20.75,E,E2,2 years,MORTGAGE,78000.0,Not Verified,debt_consolidation,TX,33.86,0.0,665.0,669.0,2.0,83.1,23.0,Joint App,6,High Risk,Manual Review
74733172,10275.0, 36 months,25.88,F,F4,1 year,RENT,34320.0,Verified,debt_consolidation,MN,33.5,0.0,675.0,679.0,1.0,69.1,21.0,Individual,5,High Risk,Manual Review
73711869,5375.0, 36 months,26.57,F,F5,,MORTGAGE,30300.0,Verified,home_improvement,TX,49.13,2.0,660.0,664.0,2.0,25.0,16.0,Individual,6,High Risk,Manual Review
74391348,8650.0, 36 months,16.29,D,D1,,MORTGAGE,62900.0,Verified,credit_card,MD,46.16,1.0,670.0,674.0,0.0,92.3,24.0,Individual,5,High Risk,Manual Review
74701288,2500.0, 36 months,27.34,G,G1,1 year,MORTGAGE,38000.0,Source Verified,other,MO,31.55,0.0,755.0,759.0,0.0,25.4,9.0,Individual,5,High Risk,Manual Review
74673193,14500.0, 60 months,25.88,F,F4,7 years,MORTGAGE,29000.0,Verified,debt_consolidation,MT,24.97,1.0,665.0,669.0,1.0,85.6,21.0,Individual,5,High Risk,Manual Review
73956269,2900.0, 36 months,19.99,E,E1,,MORTGAGE,12048.0,Verified,debt_consolidation,KY,39.04,0.0,675.0,679.0,1.0,73.6,5.0,Joint App,5,High Risk,Manual Review
74091754,11575.0, 36 months,19.99,E,E1,4 years,OWN,32200.0,Verified,debt_consolidation,NC,35.48,0.0,705.0,709.0,0.0,66.1,14.0,Individual,5,High Risk,Manual Review
74712829,2500.0, 36 months,21.18,E,E3,5 years,RENT,21000.0,Verified,major_purchase,FL,30.33,0.0,680.0,684.0,0.0,18.7,10.0,Individual,5,High Risk,Manual Review
73874417,14375.0, 36 months,21.97,E,E4,9 years,RENT,70000.0,Source Verified,credit_card,IL,32.52,0.0,670.0,674.0,3.0,66.0,24.0,Individual,5,High Risk,Manual Review
74191197,32450.0, 60 months,19.99,E,E1,10+ years,OWN,150000.0,Verified,debt_consolidation,WA,40.3,0.0,745.0,749.0,0.0,41.6,24.0,Individual,5,High Risk,Manual Review
73458495,10650.0, 60 months,28.67,G,G4,10+ years,MORTGAGE,25000.0,Source Verified,debt_consolidation,TN,35.24,0.0,705.0,709.0,0.0,36.1,29.0,Individual,5,High Risk,Manual Review
74632818,7375.0, 36 months,21.18,E,E3,5 years,MORTGAGE,26216.72,Source Verified,medical,AL,32.05,0.0,670.0,674.0,1.0,28.3,54.0,Individual,5,High Risk,Manual Review
74121154,11350.0, 36 months,24.11,F,F2,10+ years,MORTGAGE,75000.0,Verified,other,OH,9.63,2.0,695.0,699.0,0.0,88.6,17.0,Individual,5,High Risk,Manual Review
73746257,19175.0, 60 months,24.99,F,F3,7 years,MORTGAGE,54960.0,Verified,other,ND,34.98,0.0,665.0,669.0,3.0,61.6,24.0,Individual,5,High Risk,Manual Review
74032110,25000.0, 60 months,21.97,E,E4,,RENT,60000.0,Verified,other,MD,33.3,0.0,690.0,694.0,0.0,56.7,22.0,Individual,5,High Risk,Manual Review
74703576,11200.0, 60 months,24.11,F,F2,10+ years,RENT,45000.0,Verified,debt_consolidation,FL,44.06,1.0,660.0,664.0,2.0,59.5,25.0,Individual,6,High Risk,Manual Review
74602117,10000.0, 60 months,23.13,F,F1,8 years,MORTGAGE,60000.0,Source Verified,debt_consolidation,VA,32.68,1.0,665.0,669.0,0.0,71.0,31.0,Individual,6,High Risk,Manual Review
73968237,19000.0, 60 months,21.97,E,E4,9 years,MORTGAGE,100000.0,Source Verified,credit_card,NY,28.27,1.0,690.0,694.0,0.0,97.8,39.0,Individual,5,High Risk,Manual Review
74041149,4800.0, 36 months,20.75,E,E2,6 years,MORTGAGE,147000.0,Source Verified,home_improvement,VA,36.02,0.0,665.0,669.0,0.0,64.8,37.0,Individual,5,High Risk,Manual Review
74733509,11075.0, 60 months,28.99,G,G5,2 years,RENT,22150.0,Verified,debt_consolidation,WA,40.6,0.0,660.0,664.0,0.0,62.8,15.0,Individual,5,High Risk,Manual Review
74222147,4300.0, 36 months,20.75,E,E2,4 years,RENT,12000.0,Verified,credit_card,TX,39.8,0.0,675.0,679.0,0.0,50.4,11.0,Individual,5,High Risk,Manual Review
73694105,6000.0, 36 months,26.57,F,F5,1 year,RENT,27040.0,Source Verified,debt_consolidation,CA,32.27,0.0,700.0,704.0,1.0,54.1,7.0,Individual,5,High Risk,Manual Review
74723218,26925.0, 36 months,21.97,E,E4,5 years,OWN,79000.0,Verified,credit_card,FL,32.51,0.0,660.0,664.0,2.0,62.7,23.0,Individual,5,High Risk,Manual Review
73713907,13850.0, 36 months,20.75,E,E2,8 years,MORTGAGE,52000.0,Not Verified,vacation,CA,40.71,0.0,675.0,679.0,0.0,66.8,32.0,Individual,5,High Risk,Manual Review
73701758,35000.0, 60 months,21.97,E,E4,3 years,MORTGAGE,124000.0,Verified,debt_consolidation,CA,37.34,0.0,710.0,714.0,0.0,80.0,33.0,Individual,5,High Risk,Manual Review
74221995,19800.0, 60 months,21.97,E,E4,1 year,RENT,45000.0,Not Verified,debt_consolidation,UT,32.43,2.0,670.0,674.0,0.0,95.2,18.0,Individual,7,High Risk,Manual Review
73884948,24000.0, 60 months,19.99,E,E1,6 years,MORTGAGE,65000.0,Verified,credit_card,TX,24.83,1.0,660.0,664.0,0.0,86.4,23.0,Individual,5,High Risk,Manual Review
73713875,13900.0, 60 months,26.57,F,F5,9 years,MORTGAGE,95000.0,Source Verified,debt_consolidation,IL,19.32,1.0,670.0,674.0,2.0,84.3,21.0,Individual,5,High Risk,Manual Review
74664928,16000.0, 60 months,24.11,F,F2,6 years,MORTGAGE,87000.0,Verified,credit_card,VA,35.59,0.0,670.0,674.0,0.0,67.4,24.0,Individual,5,High Risk,Manual Review
74735607,20700.0, 60 months,23.13,F,F1,< 1 year,MORTGAGE,45000.0,Source Verified,credit_card,NC,34.45,0.0,675.0,679.0,0.0,78.2,21.0,Individual,5,High Risk,Manual Review
74515081,31050.0, 60 months,24.11,F,F2,10+ years,MORTGAGE,69000.0,Verified,debt_consolidation,CA,34.57,1.0,675.0,679.0,2.0,13.0,42.0,Individual,6,High Risk,Manual Review
74101954,25225.0, 36 months,19.99,E,E1,10+ years,MORTGAGE,80244.0,Verified,debt_consolidation,PA,41.56,0.0,720.0,724.0,0.0,69.4,31.0,Individual,5,High Risk,Manual Review
74695227,16000.0, 60 months,24.11,F,F2,10+ years,RENT,49000.0,Not Verified,debt_consolidation,NH,34.8,0.0,665.0,669.0,0.0,44.4,23.0,Individual,5,High Risk,Manual Review
74011349,7075.0, 36 months,23.13,F,F1,5 years,RENT,60000.0,Verified,debt_consolidation,GA,32.14,2.0,660.0,664.0,1.0,67.0,19.0,Individual,6,High Risk,Manual Review
74541519,18075.0, 60 months,24.99,F,F3,10+ years,MORTGAGE,66000.0,Source Verified,debt_consolidation,MO,34.8,0.0,680.0,684.0,0.0,72.7,28.0,Individual,5,High Risk,Manual Review
74612050,20500.0, 60 months,26.57,F,F5,1 year,OWN,54000.0,Verified,debt_consolidation,MN,35.73,0.0,700.0,704.0,0.0,5.4,17.0,Individual,5,High Risk,Manual Review
74603330,10850.0, 60 months,28.34,G,G3,10+ years,RENT,65000.0,Verified,debt_consolidation,MN,30.93,2.0,660.0,664.0,1.0,62.5,22.0,Individual,6,High Risk,Manual Review
74523711,4000.0, 36 months,21.18,E,E3,10+ years,MORTGAGE,103466.0,Source Verified,credit_card,NY,16.01,1.0,665.0,669.0,1.0,96.9,23.0,Individual,5,High Risk,Manual Review
74703562,9050.0, 36 months,21.97,E,E4,6 years,RENT,54000.0,Source Verified,debt_consolidation,VA,39.04,0.0,665.0,669.0,1.0,93.4,16.0,Individual,6,High Risk,Manual Review
74072321,7500.0, 36 months,28.67,G,G4,4 years,RENT,25000.0,Verified,debt_consolidation,NY,30.24,0.0,675.0,679.0,1.0,70.0,11.0,Individual,5,High Risk,Manual Review
74701178,3800.0, 36 months,21.18,E,E3,,MORTGAGE,10572.0,Verified,credit_card,NY,32.29,0.0,665.0,669.0,0.0,67.1,8.0,Individual,5,High Risk,Manual Review
74613481,14075.0, 36 months,21.18,E,E3,8 years,RENT,32000.0,Verified,debt_consolidation,CA,37.43,0.0,710.0,714.0,1.0,46.1,19.0,Individual,5,High Risk,Manual Review
74715474,10000.0, 60 months,25.88,F,F4,10+ years,OWN,77000.0,Not Verified,debt_consolidation,WY,36.16,0.0,735.0,739.0,0.0,8.0,31.0,Individual,5,High Risk,Manual Review
72633353,18000.0, 60 months,19.99,E,E1,8 years,MORTGAGE,70000.0,Not Verified,credit_card,NY,31.92,0.0,685.0,689.0,1.0,77.4,29.0,Individual,5,High Risk,Manual Review
73702360,22000.0, 60 months,21.97,E,E4,10+ years,MORTGAGE,70000.0,Verified,debt_consolidation,OK,38.44,1.0,665.0,669.0,1.0,63.0,37.0,Individual,6,High Risk,Manual Review
73673373,10475.0, 60 months,20.75,E,E2,1 year,RENT,31200.0,Not Verified,debt_consolidation,PA,31.62,0.0,690.0,694.0,0.0,86.9,19.0,Individual,6,High Risk,Manual Review
74041903,37000.0, 60 months,19.99,E,E1,2 years,MORTGAGE,114000.0,Verified,debt_consolidation,NJ,36.38,1.0,680.0,684.0,0.0,88.5,39.0,Individual,7,High Risk,Manual Review
73580479,18000.0, 60 months,21.97,E,E4,5 years,MORTGAGE,175000.0,Not Verified,debt_consolidation,NY,31.94,0.0,670.0,674.0,0.0,88.2,47.0,Individual,6,High Risk,Manual Review
73755905,10000.0, 60 months,26.57,F,F5,10+ years,MORTGAGE,62000.0,Source Verified,home_improvement,NY,37.32,0.0,720.0,724.0,0.0,77.3,25.0,Individual,5,High Risk,Manual Review
74634144,10000.0, 60 months,23.13,F,F1,2 years,RENT,36000.0,Not Verified,debt_consolidation,TX,35.43,1.0,670.0,674.0,0.0,41.7,10.0,Individual,6,High Risk,Manual Review
74551957,6550.0, 36 months,24.11,F,F2,5 years,MORTGAGE,30377.0,Source Verified,debt_consolidation,TN,40.54,4.0,660.0,664.0,0.0,46.5,50.0,Individual,6,High Risk,Manual Review
74704908,20150.0, 60 months,25.88,F,F4,10+ years,OWN,48000.0,Verified,debt_consolidation,GA,30.91,0.0,685.0,689.0,0.0,85.8,13.0,Individual,6,High Risk,Manual Review
73784686,14000.0, 60 months,23.13,F,F1,10+ years,RENT,50000.0,Verified,debt_consolidation,NH,44.65,0.0,730.0,734.0,3.0,29.4,33.0,Individual,5,High Risk,Manual Review
74111828,35000.0, 60 months,19.99,E,E1,2 years,MORTGAGE,106652.0,Source Verified,debt_consolidation,MA,36.62,0.0,670.0,674.0,0.0,52.2,37.0,Individual,5,High Risk,Manual Review
73550304,4500.0, 36 months,25.88,F,F4,10+ years,RENT,45000.0,Verified,debt_consolidation,LA,32.85,0.0,680.0,684.0,0.0,74.4,23.0,Individual,5,High Risk,Manual Review
73490679,23000.0, 36 months,20.75,E,E2,10+ years,MORTGAGE,75000.0,Verified,debt_consolidation,MO,35.3,2.0,680.0,684.0,0.0,92.0,30.0,Individual,7,High Risk,Manual Review
73783420,18525.0, 60 months,18.99,D,D4,5 years,MORTGAGE,64000.0,Not Verified,debt_consolidation,VA,30.13,1.0,710.0,714.0,0.0,81.5,24.0,Individual,5,High Risk,Manual Review
73735730,12100.0, 36 months,24.99,F,F3,5 years,RENT,40000.0,Source Verified,debt_consolidation,CA,30.09,0.0,665.0,669.0,0.0,44.2,25.0,Individual,5,High Risk,Manual Review
74512105,2825.0, 36 months,18.99,D,D4,10+ years,MORTGAGE,37000.0,Source Verified,home_improvement,PA,38.7,1.0,670.0,674.0,0.0,85.2,30.0,Individual,5,High Risk,Manual Review
74653193,35000.0, 36 months,21.97,E,E4,10+ years,RENT,76000.0,Verified,debt_consolidation,NE,43.17,0.0,710.0,714.0,0.0,87.6,24.0,Individual,6,High Risk,Manual Review
73745132,21975.0, 60 months,21.18,E,E3,3 years,MORTGAGE,50000.0,Source Verified,debt_consolidation,GA,30.27,0.0,665.0,669.0,0.0,63.3,48.0,Joint App,5,High Risk,Manual Review
74732273,6650.0, 36 months,19.99,E,E1,< 1 year,OWN,31200.0,Source Verified,credit_card,SD,31.65,0.0,670.0,674.0,2.0,68.7,21.0,Individual,5,High Risk,Manual Review
74461217,17975.0, 36 months,23.13,F,F1,1 year,RENT,60000.0,Verified,debt_consolidation,SC,31.02,1.0,660.0,664.0,0.0,74.5,12.0,Individual,6,High Risk,Manual Review
73701301,13450.0, 60 months,25.88,F,F4,,OWN,36300.0,Source Verified,debt_consolidation,LA,33.53,0.0,705.0,709.0,0.0,97.4,14.0,Individual,6,High Risk,Manual Review
73745855,3050.0, 36 months,19.53,D,D5,10+ years,MORTGAGE,54000.0,Source Verified,debt_consolidation,MN,40.84,1.0,660.0,664.0,0.0,87.2,45.0,Individual,5,High Risk,Manual Review
74541912,25350.0, 36 months,20.75,E,E2,,MORTGAGE,120000.0,Verified,credit_card,VA,36.08,0.0,695.0,699.0,2.0,55.0,37.0,Individual,5,High Risk,Manual Review
74121546,18350.0, 60 months,20.75,E,E2,10+ years,MORTGAGE,65000.0,Verified,debt_consolidation,TX,35.43,6.0,665.0,669.0,3.0,34.0,27.0,Individual,6,High Risk,Manual Review
73863468,21825.0, 60 months,24.11,F,F2,5 years,OWN,75000.0,Not Verified,credit_card,NY,36.5,0.0,695.0,699.0,0.0,77.2,15.0,Individual,5,High Risk,Manual Review
74681723,29275.0, 60 months,26.57,F,F5,7 years,RENT,61000.0,Verified,debt_consolidation,FL,39.02,0.0,705.0,709.0,0.0,31.0,38.0,Individual,5,High Risk,Manual Review
74612729,35000.0, 60 months,26.57,F,F5,10+ years,MORTGAGE,100000.0,Source Verified,debt_consolidation,IN,37.25,4.0,660.0,664.0,0.0,71.8,48.0,Individual,6,High Risk,Manual Review
74231176,6225.0, 36 months,25.88,F,F4,10+ years,RENT,32240.0,Source Verified,debt_consolidation,RI,32.71,0.0,675.0,679.0,0.0,82.3,20.0,Individual,6,High Risk,Manual Review
74121673,35000.0, 60 months,21.97,E,E4,1 year,MORTGAGE,100000.0,Source Verified,debt_consolidation,OH,32.16,1.0,675.0,679.0,0.0,43.3,31.0,Individual,6,High Risk,Manual Review
74542655,6650.0, 36 months,22.45,E,E5,6 years,RENT,30000.0,Source Verified,credit_card,IL,31.32,0.0,685.0,689.0,0.0,44.3,25.0,Individual,5,High Risk,Manual Review
74151265,11175.0, 36 months,21.18,E,E3,< 1 year,RENT,32891.0,Verified,debt_consolidation,CA,13.32,1.0,665.0,669.0,0.0,80.2,20.0,Individual,5,High Risk,Manual Review
74061586,17500.0, 60 months,21.18,E,E3,7 years,RENT,42000.0,Verified,debt_consolidation,CA,37.26,0.0,670.0,674.0,0.0,86.8,10.0,Joint App,6,High Risk,Manual Review
74702625,35000.0, 60 months,23.13,F,F1,3 years,MORTGAGE,123500.0,Verified,debt_consolidation,LA,37.34,0.0,695.0,699.0,1.0,30.0,45.0,Individual,5,High Risk,Manual Review
73713321,9700.0, 36 months,19.99,E,E1,10+ years,MORTGAGE,27000.0,Source Verified,debt_consolidation,OH,30.76,0.0,695.0,699.0,0.0,42.6,19.0,Individual,5,High Risk,Manual Review
74121310,4075.0, 36 months,21.97,E,E4,10+ years,MORTGAGE,45000.0,Verified,medical,CA,33.52,0.0,660.0,664.0,1.0,100.5,12.0,Individual,6,High Risk,Manual Review
73713539,6800.0, 36 months,21.97,E,E4,2 years,OWN,20000.0,Source Verified,debt_consolidation,FL,32.39,6.0,670.0,674.0,1.0,31.2,30.0,Individual,6,High Risk,Manual Review
74451302,12525.0, 36 months,28.14,G,G2,5 years,RENT,34800.0,Verified,house,AK,40.48,0.0,670.0,674.0,1.0,67.9,17.0,Individual,5,High Risk,Manual Review
74651579,14000.0, 60 months,24.99,F,F3,,OWN,35000.0,Verified,debt_consolidation,TN,33.64,0.0,690.0,694.0,1.0,127.0,29.0,Individual,6,High Risk,Manual Review
73687604,29000.0, 60 months,22.45,E,E5,10+ years,MORTGAGE,25000.0,Verified,debt_consolidation,MO,71.24,1.0,695.0,699.0,0.0,62.8,17.0,Joint App,6,High Risk,Manual Review
74683062,8300.0, 36 months,24.11,F,F2,9 years,RENT,55000.0,Source Verified,debt_consolidation,NY,23.41,2.0,665.0,669.0,0.0,86.5,16.0,Individual,5,High Risk,Manual Review
73796071,30000.0, 60 months,21.97,E,E4,5 years,MORTGAGE,80000.0,Source Verified,debt_consolidation,CO,30.17,0.0,660.0,664.0,1.0,55.6,23.0,Individual,5,High Risk,Manual Review
73834342,19950.0, 60 months,21.18,E,E3,< 1 year,RENT,41600.0,Source Verified,debt_consolidation,NC,34.19,0.0,690.0,694.0,0.0,24.7,36.0,Individual,5,High Risk,Manual Review
73590794,35000.0, 60 months,21.18,E,E3,2 years,MORTGAGE,30000.0,Not Verified,debt_consolidation,MN,43.09,0.0,675.0,679.0,0.0,91.0,14.0,Joint App,6,High Risk,Manual Review
72694011,13950.0, 36 months,19.99,E,E1,5 years,RENT,38806.0,Source Verified,debt_consolidation,TX,30.75,0.0,680.0,684.0,0.0,42.4,11.0,Individual,5,High Risk,Manual Review
73691276,35000.0, 60 months,22.45,E,E5,10+ years,MORTGAGE,220000.0,Source Verified,debt_consolidation,WY,5.59,1.0,665.0,669.0,0.0,92.4,15.0,Individual,5,High Risk,Manual Review
74502817,8350.0, 36 months,23.13,F,F1,10+ years,MORTGAGE,76000.0,Not Verified,debt_consolidation,CA,30.08,1.0,675.0,679.0,0.0,61.2,31.0,Individual,6,High Risk,Manual Review
74492071,4650.0, 36 months,21.97,E,E4,,RENT,24000.0,Verified,debt_consolidation,NJ,37.65,2.0,665.0,669.0,0.0,17.6,17.0,Individual,6,High Risk,Manual Review
74621735,14425.0, 60 months,25.88,F,F4,8 years,MORTGAGE,62420.0,Source Verified,debt_consolidation,PA,32.22,0.0,730.0,734.0,0.0,67.8,31.0,Individual,5,High Risk,Manual Review
73893651,10500.0, 36 months,22.45,E,E5,3 years,RENT,35000.0,Verified,debt_consolidation,MO,39.47,0.0,660.0,664.0,0.0,46.1,11.0,Joint App,5,High Risk,Manual Review
74624311,10075.0, 60 months,23.13,F,F1,1 year,RENT,30000.0,Not Verified,debt_consolidation,MO,32.96,0.0,670.0,674.0,2.0,7.3,32.0,Individual,5,High Risk,Manual Review
73590954,11975.0, 60 months,21.18,E,E3,3 years,RENT,31500.0,Source Verified,debt_consolidation,KS,37.45,0.0,710.0,714.0,0.0,74.8,38.0,Joint App,5,High Risk,Manual Review
74662933,12000.0, 36 months,21.97,E,E4,10+ years,RENT,50000.0,Not Verified,credit_card,NY,36.42,0.0,675.0,679.0,2.0,61.3,31.0,Individual,5,High Risk,Manual Review
74493335,16575.0, 60 months,28.14,G,G2,10+ years,MORTGAGE,66000.0,Not Verified,debt_consolidation,CO,38.02,0.0,670.0,674.0,0.0,82.4,33.0,Individual,6,High Risk,Manual Review
74522264,6775.0, 36 months,24.99,F,F3,,RENT,21240.0,Verified,debt_consolidation,KY,48.25,0.0,660.0,664.0,0.0,56.3,38.0,Individual,5,High Risk,Manual Review
74663131,13200.0, 36 months,20.75,E,E2,4 years,RENT,30000.0,Source Verified,small_business,CA,37.64,2.0,725.0,729.0,0.0,0.6,24.0,Individual,6,High Risk,Manual Review
73409389,15000.0, 36 months,22.45,E,E5,< 1 year,MORTGAGE,38000.0,Verified,debt_consolidation,AL,37.24,0.0,660.0,664.0,1.0,56.1,27.0,Individual,5,High Risk,Manual Review
74583610,5000.0, 36 months,17.27,D,D2,10+ years,OWN,75000.0,Not Verified,other,NY,33.81,1.0,660.0,664.0,0.0,87.7,60.0,Individual,5,High Risk,Manual Review
74701784,23325.0, 60 months,28.67,G,G4,6 years,MORTGAGE,102000.0,Not Verified,debt_consolidation,VA,39.74,0.0,670.0,674.0,0.0,81.6,33.0,Individual,6,High Risk,Manual Review
73499304,35000.0, 60 months,20.75,E,E2,10+ years,RENT,105000.0,Verified,debt_consolidation,MA,30.7,1.0,720.0,724.0,1.0,46.0,33.0,Individual,6,High Risk,Manual Review
73956761,12000.0, 60 months,20.75,E,E2,1 year,RENT,35033.0,Source Verified,debt_consolidation,NY,32.92,0.0,715.0,719.0,0.0,41.3,12.0,Individual,5,High Risk,Manual Review
74592734,3750.0, 36 months,20.75,E,E2,,RENT,26000.0,Verified,debt_consolidation,MI,34.03,0.0,700.0,704.0,2.0,13.0,23.0,Individual,5,High Risk,Manual Review
74721976,12800.0, 36 months,24.99,F,F3,4 years,OWN,54000.0,Not Verified,small_business,MN,30.51,0.0,680.0,684.0,2.0,33.7,24.0,Individual,5,High Risk,Manual Review
73954941,7825.0, 36 months,21.18,E,E3,10+ years,MORTGAGE,37000.0,Source Verified,debt_consolidation,IL,35.78,0.0,660.0,664.0,0.0,75.2,22.0,Individual,5,High Risk,Manual Review
71775967,14200.0, 60 months,21.97,E,E4,10+ years,MORTGAGE,75000.0,Not Verified,debt_consolidation,NC,35.73,0.0,725.0,729.0,0.0,60.4,32.0,Individual,5,High Risk,Manual Review
73953850,28050.0, 60 months,23.13,F,F1,5 years,MORTGAGE,61000.0,Verified,debt_consolidation,IN,46.76,0.0,720.0,724.0,0.0,23.7,46.0,Individual,5,High Risk,Manual Review
73905125,10000.0, 60 months,22.45,E,E5,2 years,RENT,42000.0,Source Verified,debt_consolidation,FL,35.69,0.0,660.0,664.0,0.0,56.9,18.0,Individual,5,High Risk,Manual Review
73805030,35000.0, 36 months,28.67,G,G4,2 years,RENT,110000.0,Verified,debt_consolidation,AL,37.81,0.0,680.0,684.0,1.0,58.6,16.0,Individual,5,High Risk,Manual Review
73915647,35000.0, 60 months,21.18,E,E3,4 years,RENT,120000.0,Verified,debt_consolidation,TX,23.39,1.0,665.0,669.0,0.0,92.4,22.0,Individual,5,High Risk,Manual Review
73884286,25000.0, 60 months,19.53,D,D5,3 years,MORTGAGE,82000.0,Not Verified,debt_consolidation,MD,33.51,1.0,700.0,704.0,0.0,84.4,25.0,Individual,5,High Risk,Manual Review
73885861,21000.0, 60 months,21.18,E,E3,10+ years,MORTGAGE,50000.0,Verified,debt_consolidation,WI,22.49,1.0,690.0,694.0,1.0,83.7,20.0,Individual,5,High Risk,Manual Review
74701796,38275.0, 36 months,24.11,F,F2,10+ years,MORTGAGE,86400.0,Verified,credit_card,TX,30.49,0.0,725.0,729.0,0.0,66.1,24.0,Individual,5,High Risk,Manual Review
74552395,14250.0, 60 months,28.34,G,G3,2 years,RENT,28500.0,Verified,debt_consolidation,TX,38.27,2.0,665.0,669.0,1.0,77.4,26.0,Individual,6,High Risk,Manual Review
73703548,6400.0, 36 months,19.99,E,E1,2 years,RENT,20000.0,Source Verified,debt_consolidation,FL,31.93,0.0,670.0,674.0,1.0,62.7,11.0,Individual,5,High Risk,Manual Review
74702178,19675.0, 36 months,23.13,F,F1,8 years,OWN,47000.0,Not Verified,debt_consolidation,CO,31.23,0.0,695.0,699.0,1.0,32.0,24.0,Individual,5,High Risk,Manual Review
74713024,4000.0, 36 months,19.99,E,E1,,RENT,25000.0,Verified,debt_consolidation,NY,30.58,1.0,675.0,679.0,0.0,58.1,15.0,Individual,6,High Risk,Manual Review
73531346,35000.0, 60 months,19.99,E,E1,3 years,RENT,78000.0,Verified,debt_consolidation,MA,31.08,0.0,700.0,704.0,0.0,98.1,17.0,Individual,6,High Risk,Manual Review
74062233,35000.0, 36 months,27.34,G,G1,< 1 year,RENT,73766.4,Source Verified,debt_consolidation,AZ,37.48,0.0,665.0,669.0,0.0,23.9,21.0,Individual,5,High Risk,Manual Review
73702961,7325.0, 36 months,24.99,F,F3,9 years,RENT,35000.0,Source Verified,debt_consolidation,MD,36.93,0.0,705.0,709.0,0.0,62.5,18.0,Individual,5,High Risk,Manual Review
74591548,8000.0, 36 months,19.99,E,E1,10+ years,RENT,40098.0,Not Verified,debt_consolidation,NJ,33.61,0.0,670.0,674.0,0.0,75.6,16.0,Individual,5,High Risk,Manual Review
74671753,32200.0, 36 months,23.13,F,F1,2 years,RENT,70000.0,Verified,debt_consolidation,MS,39.17,0.0,675.0,679.0,0.0,55.2,45.0,Individual,5,High Risk,Manual Review
73946101,16000.0, 60 months,19.99,E,E1,< 1 year,RENT,56700.0,Verified,debt_consolidation,FL,33.8,0.0,670.0,674.0,0.0,63.3,46.0,Individual,5,High Risk,Manual Review
74642252,10250.0, 60 months,28.14,G,G2,5 years,RENT,45000.0,Verified,debt_consolidation,WI,31.71,0.0,665.0,669.0,0.0,76.2,17.0,Individual,5,High Risk,Manual Review
74722366,24000.0, 36 months,21.97,E,E4,8 years,OWN,105000.0,Verified,debt_consolidation,NJ,38.99,0.0,665.0,669.0,2.0,96.4,23.0,Individual,6,High Risk,Manual Review
74651945,6500.0, 36 months,23.13,F,F1,1 year,RENT,22000.0,Verified,credit_card,CA,38.08,0.0,675.0,679.0,0.0,45.2,5.0,Individual,5,High Risk,Manual Review
74582263,14725.0, 60 months,28.14,G,G2,9 years,MORTGAGE,38000.0,Verified,debt_consolidation,VA,41.69,0.0,680.0,684.0,0.0,62.5,23.0,Individual,5,High Risk,Manual Review
74693889,17525.0, 60 months,24.11,F,F2,3 years,MORTGAGE,49323.0,Verified,home_improvement,TX,35.62,1.0,675.0,679.0,1.0,98.0,24.0,Individual,7,High Risk,Manual Review
74672309,10000.0, 36 months,21.97,E,E4,4 years,MORTGAGE,31000.0,Source Verified,debt_consolidation,TX,36.93,0.0,730.0,734.0,0.0,34.1,25.0,Individual,5,High Risk,Manual Review
73836008,20000.0, 60 months,21.97,E,E4,10+ years,RENT,79000.0,Not Verified,credit_card,NJ,31.9,0.0,685.0,689.0,0.0,76.3,22.0,Individual,5,High Risk,Manual Review
74662108,14075.0, 36 months,20.75,E,E2,5 years,RENT,40000.0,Not Verified,car,NY,35.61,0.0,705.0,709.0,0.0,35.8,14.0,Individual,5,High Risk,Manual Review
72857301,24000.0, 60 months,19.99,E,E1,10+ years,OWN,60000.0,Not Verified,debt_consolidation,ND,31.16,0.0,725.0,729.0,0.0,99.5,22.0,Individual,6,High Risk,Manual Review
74572329,30425.0, 36 months,22.45,E,E5,5 years,RENT,135000.0,Source Verified,debt_consolidation,NJ,17.28,2.0,670.0,674.0,0.0,91.7,33.0,Individual,5,High Risk,Manual Review
74551802,23225.0, 60 months,28.67,G,G4,10+ years,RENT,72000.0,Not Verified,credit_card,CA,33.52,0.0,660.0,664.0,0.0,82.3,32.0,Individual,6,High Risk,Manual Review
74622139,9500.0, 36 months,20.75,E,E2,5 years,RENT,28000.0,Not Verified,other,CA,30.14,0.0,670.0,674.0,4.0,54.6,13.0,Individual,5,High Risk,Manual Review
74632236,4250.0, 36 months,21.97,E,E4,6 years,MORTGAGE,80000.0,Source Verified,debt_consolidation,TX,30.56,1.0,670.0,674.0,2.0,44.3,16.0,Individual,6,High Risk,Manual Review
73794079,5000.0, 36 months,21.97,E,E4,7 years,OWN,40000.0,Verified,moving,NJ,31.44,0.0,695.0,699.0,0.0,52.4,14.0,Individual,5,High Risk,Manual Review
74522108,5000.0, 36 months,20.75,E,E2,8 years,RENT,35000.0,Source Verified,debt_consolidation,NY,31.52,0.0,670.0,674.0,0.0,96.5,26.0,Individual,6,High Risk,Manual Review
73694255,11400.0, 36 months,24.99,F,F3,10+ years,MORTGAGE,72000.0,Source Verified,debt_consolidation,PA,41.38,0.0,705.0,709.0,1.0,77.0,39.0,Individual,5,High Risk,Manual Review
73701811,29250.0, 60 months,21.97,E,E4,1 year,MORTGAGE,65000.0,Verified,debt_consolidation,VA,37.91,1.0,660.0,664.0,0.0,87.0,34.0,Individual,7,High Risk,Manual Review
74571941,9800.0, 36 months,20.75,E,E2,4 years,RENT,30500.0,Verified,debt_consolidation,CA,33.69,0.0,685.0,689.0,2.0,39.0,19.0,Individual,5,High Risk,Manual Review
74511885,27300.0, 60 months,27.34,G,G1,,MORTGAGE,64000.0,Not Verified,debt_consolidation,AL,38.59,0.0,710.0,714.0,1.0,24.8,46.0,Individual,5,High Risk,Manual Review
72800544,20175.0, 36 months,20.75,E,E2,10+ years,MORTGAGE,60000.0,Not Verified,debt_consolidation,AZ,34.24,0.0,680.0,684.0,0.0,50.4,20.0,Individual,5,High Risk,Manual Review
73895607,12000.0, 60 months,20.75,E,E2,3 years,MORTGAGE,53000.0,Not Verified,debt_consolidation,WI,37.48,0.0,710.0,714.0,1.0,55.7,32.0,Individual,5,High Risk,Manual Review
73711800,35000.0, 60 months,21.97,E,E4,10+ years,OWN,79000.0,Source Verified,debt_consolidation,IL,36.58,1.0,695.0,699.0,0.0,69.9,41.0,Individual,6,High Risk,Manual Review
74461321,10000.0, 36 months,20.75,E,E2,3 years,RENT,49950.0,Not Verified,credit_card,GA,9.97,2.0,665.0,669.0,0.0,94.7,19.0,Individual,5,High Risk,Manual Review
73833689,12900.0, 36 months,21.18,E,E3,9 years,MORTGAGE,60000.0,Source Verified,home_improvement,FL,31.08,0.0,660.0,664.0,0.0,80.0,14.0,Individual,5,High Risk,Manual Review
73955125,16000.0, 60 months,23.13,F,F1,5 years,MORTGAGE,75000.0,Verified,home_improvement,MI,33.38,1.0,685.0,689.0,1.0,44.0,30.0,Individual,6,High Risk,Manual Review
73826182,15675.0, 36 months,24.11,F,F2,10+ years,MORTGAGE,75000.0,Verified,debt_consolidation,NC,36.34,0.0,665.0,669.0,3.0,63.5,68.0,Individual,5,High Risk,Manual Review
73774513,24000.0, 60 months,28.14,G,G2,5 years,MORTGAGE,110000.0,Source Verified,debt_consolidation,TX,31.76,0.0,670.0,674.0,0.0,23.6,37.0,Individual,5,High Risk,Manual Review
74531937,13450.0, 36 months,21.97,E,E4,7 years,RENT,51718.0,Source Verified,debt_consolidation,TX,30.66,0.0,720.0,724.0,0.0,22.2,44.0,Individual,5,High Risk,Manual Review
74681391,7675.0, 36 months,21.97,E,E4,,RENT,15396.0,Verified,debt_consolidation,MO,32.5,0.0,705.0,709.0,2.0,35.6,8.0,Individual,5,High Risk,Manual Review
74511631,7400.0, 36 months,22.45,E,E5,,OWN,34500.0,Verified,debt_consolidation,FL,31.06,0.0,670.0,674.0,0.0,52.3,28.0,Individual,5,High Risk,Manual Review
74562893,12000.0, 60 months,24.99,F,F3,2 years,MORTGAGE,50000.0,Verified,debt_consolidation,CA,34.37,0.0,670.0,674.0,1.0,63.9,32.0,Individual,5,High Risk,Manual Review
74541600,9900.0, 36 months,22.45,E,E5,1 year,OWN,27500.0,Verified,other,KY,32.47,0.0,665.0,669.0,2.0,44.8,33.0,Individual,5,High Risk,Manual Review
73884891,19300.0, 60 months,21.18,E,E3,10+ years,MORTGAGE,46000.0,Not Verified,debt_consolidation,MI,38.95,2.0,665.0,669.0,0.0,49.7,17.0,Individual,6,High Risk,Manual Review
74492357,12800.0, 60 months,24.99,F,F3,2 years,RENT,50000.0,Source Verified,debt_consolidation,CA,33.25,0.0,680.0,684.0,1.0,75.9,16.0,Individual,5,High Risk,Manual Review
74521892,7000.0, 36 months,20.75,E,E2,,RENT,28500.0,Verified,debt_consolidation,NJ,34.44,0.0,690.0,694.0,0.0,51.5,31.0,Individual,5,High Risk,Manual Review
74491774,19200.0, 36 months,16.29,D,D1,3 years,MORTGAGE,104000.0,Verified,other,MD,41.71,1.0,690.0,694.0,0.0,92.6,42.0,Individual,5,High Risk,Manual Review
73825039,21000.0, 60 months,28.34,G,G3,5 years,RENT,90000.0,Verified,debt_consolidation,MN,30.97,0.0,735.0,739.0,1.0,39.3,49.0,Individual,5,High Risk,Manual Review
73725670,24000.0, 60 months,19.99,E,E1,4 years,MORTGAGE,68058.0,Not Verified,debt_consolidation,MO,18.64,1.0,675.0,679.0,2.0,91.0,25.0,Individual,5,High Risk,Manual Review
73702857,8975.0, 36 months,23.13,F,F1,10+ years,MORTGAGE,53314.0,Verified,debt_consolidation,CA,34.8,0.0,675.0,679.0,2.0,33.0,35.0,Individual,5,High Risk,Manual Review
73499767,35000.0, 60 months,22.45,E,E5,5 years,MORTGAGE,296000.0,Verified,credit_card,MA,12.86,1.0,675.0,679.0,2.0,89.0,36.0,Individual,5,High Risk,Manual Review
74581284,8000.0, 36 months,16.29,D,D1,1 year,RENT,38000.0,Verified,small_business,PA,31.08,3.0,660.0,664.0,0.0,96.1,19.0,Individual,5,High Risk,Manual Review
73835311,14125.0, 60 months,21.97,E,E4,8 years,MORTGAGE,50000.0,Not Verified,debt_consolidation,TX,37.85,1.0,680.0,684.0,0.0,25.8,15.0,Individual,6,High Risk,Manual Review
74681553,4800.0, 36 months,19.99,E,E1,9 years,OWN,34000.0,Source Verified,home_improvement,WV,46.21,0.0,710.0,714.0,0.0,45.3,66.0,Individual,5,High Risk,Manual Review
73954827,21850.0, 60 months,20.75,E,E2,5 years,MORTGAGE,48606.0,Verified,debt_consolidation,PA,32.74,0.0,685.0,689.0,0.0,88.0,17.0,Individual,6,High Risk,Manual Review
74703364,29250.0, 60 months,23.13,F,F1,6 years,MORTGAGE,80000.0,Source Verified,debt_consolidation,PA,37.2,0.0,685.0,689.0,0.0,88.2,23.0,Individual,6,High Risk,Manual Review
74511743,3600.0, 36 months,15.31,C,C5,3 years,RENT,55000.0,Source Verified,credit_card,LA,30.57,1.0,710.0,714.0,0.0,84.6,22.0,Individual,5,High Risk,Manual Review
73935280,23800.0, 60 months,19.99,E,E1,4 years,MORTGAGE,65000.0,Verified,debt_consolidation,TX,39.99,0.0,695.0,699.0,0.0,44.6,34.0,Individual,5,High Risk,Manual Review
73874525,30000.0, 60 months,23.13,F,F1,10+ years,MORTGAGE,84000.0,Source Verified,debt_consolidation,MD,30.11,0.0,690.0,694.0,0.0,82.2,27.0,Individual,6,High Risk,Manual Review
73701577,20700.0, 60 months,27.34,G,G1,7 years,MORTGAGE,45000.0,Source Verified,credit_card,AZ,38.67,0.0,685.0,689.0,2.0,38.0,30.0,Individual,5,High Risk,Manual Review
73982057,11550.0, 36 months,26.57,F,F5,10+ years,MORTGAGE,44000.0,Verified,debt_consolidation,MA,36.77,0.0,670.0,674.0,1.0,24.4,18.0,Individual,5,High Risk,Manual Review
73755080,23500.0, 60 months,21.18,E,E3,1 year,MORTGAGE,121000.0,Verified,debt_consolidation,CO,30.31,0.0,680.0,684.0,0.0,69.0,39.0,Individual,5,High Risk,Manual Review
74591288,14000.0, 60 months,28.34,G,G3,10+ years,MORTGAGE,45000.0,Verified,debt_consolidation,OH,31.81,0.0,700.0,704.0,0.0,70.1,21.0,Individual,5,High Risk,Manual Review
73499239,4000.0, 36 months,21.18,E,E3,10+ years,MORTGAGE,43000.0,Source Verified,other,OH,37.01,0.0,715.0,719.0,1.0,66.8,21.0,Individual,5,High Risk,Manual Review
73702326,8425.0, 36 months,24.99,F,F3,10+ years,MORTGAGE,28500.0,Source Verified,credit_card,TX,30.19,0.0,665.0,669.0,1.0,36.4,21.0,Individual,5,High Risk,Manual Review
73712809,4500.0, 36 months,21.97,E,E4,10+ years,RENT,72500.0,Source Verified,credit_card,FL,35.28,0.0,660.0,664.0,0.0,80.5,15.0,Individual,6,High Risk,Manual Review
73409846,20000.0, 60 months,19.99,E,E1,6 years,RENT,85000.0,Source Verified,debt_consolidation,IN,31.65,0.0,660.0,664.0,2.0,58.3,37.0,Individual,5,High Risk,Manual Review
74511239,20500.0, 36 months,21.18,E,E3,6 years,RENT,41000.0,Not Verified,credit_card,NM,38.5,0.0,700.0,704.0,0.0,80.1,17.0,Individual,6,High Risk,Manual Review
74511225,16775.0, 60 months,28.34,G,G3,4 years,RENT,39998.0,Verified,credit_card,FL,43.26,0.0,675.0,679.0,1.0,63.4,35.0,Individual,5,High Risk,Manual Review
73712448,12000.0, 60 months,25.88,F,F4,,RENT,74000.0,Verified,debt_consolidation,VA,31.33,1.0,675.0,679.0,0.0,50.0,22.0,Individual,6,High Risk,Manual Review
74491215,20000.0, 36 months,21.18,E,E3,6 years,RENT,75000.0,Verified,other,TX,33.92,0.0,660.0,664.0,4.0,52.5,35.0,Joint App,5,High Risk,Manual Review
74711245,6650.0, 36 months,21.97,E,E4,2 years,RENT,46308.0,Verified,debt_consolidation,GA,36.38,2.0,660.0,664.0,1.0,96.2,35.0,Individual,7,High Risk,Manual Review
74111704,35000.0, 36 months,24.11,F,F2,6 years,MORTGAGE,87872.0,Verified,debt_consolidation,TX,39.41,0.0,675.0,679.0,1.0,59.6,37.0,Individual,5,High Risk,Manual Review
74622609,21000.0, 60 months,24.11,F,F2,10+ years,MORTGAGE,80000.0,Not Verified,debt_consolidation,NY,26.04,2.0,670.0,674.0,1.0,94.0,21.0,Individual,5,High Risk,Manual Review
73805395,30000.0, 60 months,19.99,E,E1,< 1 year,RENT,80000.0,Source Verified,debt_consolidation,NV,32.55,1.0,680.0,684.0,1.0,37.0,33.0,Individual,6,High Risk,Manual Review
73936202,4500.0, 36 months,28.14,G,G2,2 years,RENT,46080.0,Source Verified,moving,WA,30.81,0.0,740.0,744.0,0.0,10.8,15.0,Individual,5,High Risk,Manual Review
74541214,35000.0, 36 months,21.97,E,E4,10+ years,MORTGAGE,83000.0,Source Verified,credit_card,IL,30.67,2.0,670.0,674.0,3.0,65.8,68.0,Individual,6,High Risk,Manual Review
73702882,14150.0, 36 months,21.18,E,E3,10+ years,MORTGAGE,53000.0,Verified,debt_consolidation,NC,41.87,2.0,685.0,689.0,0.0,91.7,32.0,Individual,7,High Risk,Manual Review
74082178,4500.0, 36 months,21.97,E,E4,7 years,OWN,32000.0,Not Verified,debt_consolidation,IL,34.59,0.0,680.0,684.0,1.0,36.8,18.0,Individual,5,High Risk,Manual Review
73450520,5500.0, 36 months,20.75,E,E2,9 years,MORTGAGE,55000.0,Source Verified,home_improvement,PA,32.93,0.0,675.0,679.0,1.0,66.0,28.0,Individual,5,High Risk,Manual Review
73609811,10800.0, 60 months,22.45,E,E5,10+ years,RENT,39000.0,Not Verified,debt_consolidation,MA,38.49,0.0,670.0,674.0,0.0,52.6,26.0,Individual,5,High Risk,Manual Review
73693773,7475.0, 36 months,24.99,F,F3,< 1 year,RENT,31200.0,Source Verified,debt_consolidation,TX,37.65,0.0,665.0,669.0,0.0,54.5,12.0,Individual,5,High Risk,Manual Review
73418863,16600.0, 36 months,21.97,E,E4,5 years,RENT,53000.0,Not Verified,debt_consolidation,KS,34.01,0.0,690.0,694.0,2.0,37.4,17.0,Individual,5,High Risk,Manual Review
74092282,11000.0, 36 months,21.97,E,E4,5 years,MORTGAGE,76000.0,Verified,debt_consolidation,FL,35.28,0.0,690.0,694.0,0.0,64.8,34.0,Individual,5,High Risk,Manual Review
74072375,7200.0, 36 months,19.99,E,E1,2 years,RENT,28000.0,Source Verified,debt_consolidation,CA,40.81,0.0,670.0,674.0,0.0,99.8,7.0,Individual,6,High Risk,Manual Review
73490568,8450.0, 36 months,21.97,E,E4,8 years,MORTGAGE,73901.0,Verified,debt_consolidation,WA,38.32,0.0,680.0,684.0,0.0,84.1,40.0,Individual,6,High Risk,Manual Review
74182131,6000.0, 36 months,21.18,E,E3,3 years,OWN,62000.0,Source Verified,debt_consolidation,MN,32.4,1.0,675.0,679.0,1.0,55.3,35.0,Individual,6,High Risk,Manual Review
73689063,14000.0, 60 months,19.99,E,E1,10+ years,RENT,41900.0,Source Verified,car,NY,33.23,0.0,670.0,674.0,1.0,61.3,39.0,Individual,5,High Risk,Manual Review
73734916,30000.0, 60 months,20.75,E,E2,10+ years,RENT,129000.0,Not Verified,debt_consolidation,MI,32.15,0.0,670.0,674.0,0.0,47.8,54.0,Individual,5,High Risk,Manual Review
73814741,25000.0, 60 months,19.99,E,E1,10+ years,MORTGAGE,72800.0,Verified,debt_consolidation,GA,33.68,0.0,670.0,674.0,1.0,82.0,36.0,Individual,6,High Risk,Manual Review
74201363,10775.0, 36 months,25.88,F,F4,6 years,MORTGAGE,50000.0,Verified,debt_consolidation,OR,34.71,0.0,675.0,679.0,1.0,82.3,28.0,Individual,6,High Risk,Manual Review
73609831,6325.0, 36 months,20.75,E,E2,< 1 year,MORTGAGE,21600.0,Source Verified,debt_consolidation,IN,49.0,0.0,685.0,689.0,1.0,90.0,18.0,Joint App,6,High Risk,Manual Review
74142173,6600.0, 36 months,19.99,E,E1,1 year,RENT,33000.0,Source Verified,debt_consolidation,MD,37.96,0.0,670.0,674.0,0.0,74.1,25.0,Individual,5,High Risk,Manual Review
73385935,15000.0, 60 months,21.97,E,E4,10+ years,OWN,48000.0,Verified,debt_consolidation,CO,35.25,0.0,665.0,669.0,0.0,49.5,28.0,Individual,5,High Risk,Manual Review
73905347,12000.0, 60 months,24.99,F,F3,8 years,MORTGAGE,74000.0,Not Verified,home_improvement,NY,27.64,1.0,660.0,664.0,1.0,81.6,33.0,Individual,5,High Risk,Manual Review
73692950,35000.0, 60 months,28.67,G,G4,10+ years,RENT,75000.0,Source Verified,debt_consolidation,TX,33.12,0.0,735.0,739.0,0.0,20.9,39.0,Individual,5,High Risk,Manual Review
74582057,35000.0, 60 months,25.88,F,F4,< 1 year,RENT,152000.0,Source Verified,debt_consolidation,MD,34.62,0.0,690.0,694.0,0.0,75.0,22.0,Individual,5,High Risk,Manual Review
74002017,15075.0, 36 months,20.75,E,E2,10+ years,MORTGAGE,58240.0,Verified,credit_card,TN,39.81,0.0,680.0,684.0,0.0,94.1,41.0,Individual,6,High Risk,Manual Review
73711470,17450.0, 60 months,22.45,E,E5,3 years,RENT,41600.0,Verified,debt_consolidation,MO,36.01,0.0,660.0,664.0,1.0,56.0,25.0,Individual,5,High Risk,Manual Review
74101619,24000.0, 60 months,28.34,G,G3,3 years,MORTGAGE,70000.0,Verified,debt_consolidation,PA,36.0,0.0,675.0,679.0,1.0,46.3,42.0,Individual,5,High Risk,Manual Review
73904448,8750.0, 36 months,28.14,G,G2,3 years,RENT,25800.0,Source Verified,other,UT,46.79,0.0,680.0,684.0,1.0,98.1,16.0,Individual,6,High Risk,Manual Review
73774727,11725.0, 60 months,20.75,E,E2,2 years,MORTGAGE,50000.0,Source Verified,credit_card,MS,31.33,0.0,755.0,759.0,0.0,78.5,15.0,Individual,5,High Risk,Manual Review
74042275,6025.0, 36 months,21.97,E,E4,10+ years,OWN,85000.0,Verified,debt_consolidation,MA,38.95,0.0,675.0,679.0,3.0,36.3,49.0,Individual,5,High Risk,Manual Review
74091855,17600.0, 60 months,24.11,F,F2,2 years,RENT,40000.0,Source Verified,debt_consolidation,IL,33.75,0.0,680.0,684.0,1.0,95.3,25.0,Individual,6,High Risk,Manual Review
73955127,10075.0, 60 months,21.18,E,E3,10+ years,OWN,35000.0,Source Verified,debt_consolidation,AL,30.04,0.0,705.0,709.0,1.0,47.8,30.0,Individual,5,High Risk,Manual Review
73853196,6000.0, 36 months,19.99,E,E1,,RENT,21672.0,Verified,other,CA,32.5,0.0,670.0,674.0,0.0,34.6,16.0,Individual,5,High Risk,Manual Review
73620879,24375.0, 60 months,25.88,F,F4,10+ years,RENT,60000.0,Source Verified,credit_card,MD,35.38,4.0,690.0,694.0,1.0,39.0,33.0,Individual,6,High Risk,Manual Review
73511259,1900.0, 36 months,21.97,E,E4,4 years,MORTGAGE,60000.0,Not Verified,debt_consolidation,VA,39.78,0.0,665.0,669.0,0.0,41.7,32.0,Individual,5,High Risk,Manual Review
73835114,3275.0, 36 months,23.13,F,F1,,RENT,10965.6,Verified,debt_consolidation,OH,38.01,0.0,675.0,679.0,2.0,67.0,12.0,Individual,5,High Risk,Manual Review
74502094,34200.0, 60 months,26.57,F,F5,6 years,MORTGAGE,68425.0,Source Verified,debt_consolidation,MO,37.57,0.0,670.0,674.0,0.0,9.4,28.0,Individual,5,High Risk,Manual Review
74231139,9000.0, 36 months,26.57,F,F5,2 years,RENT,26500.0,Verified,debt_consolidation,VA,37.14,2.0,665.0,669.0,2.0,26.0,30.0,Individual,6,High Risk,Manual Review
73935631,4000.0, 36 months,20.75,E,E2,2 years,RENT,32000.0,Verified,credit_card,FL,39.16,0.0,665.0,669.0,1.0,67.7,12.0,Individual,5,High Risk,Manual Review
73934814,14575.0, 36 months,20.75,E,E2,,RENT,29200.0,Verified,debt_consolidation,VA,36.54,1.0,665.0,669.0,0.0,4.9,33.0,Individual,6,High Risk,Manual Review
73814966,20000.0, 60 months,21.18,E,E3,,MORTGAGE,30000.0,Source Verified,credit_card,CA,61.12,0.0,660.0,664.0,3.0,79.1,28.0,Joint App,5,High Risk,Manual Review
73499963,13800.0, 60 months,21.18,E,E3,10+ years,MORTGAGE,151000.0,Not Verified,debt_consolidation,NY,31.62,0.0,685.0,689.0,4.0,30.7,50.0,Individual,5,High Risk,Manual Review
74601445,21000.0, 60 months,23.13,F,F1,10+ years,RENT,42000.0,Verified,debt_consolidation,AL,33.82,0.0,690.0,694.0,0.0,100.4,10.0,Individual,6,High Risk,Manual Review
73702434,21825.0, 60 months,27.34,G,G1,10+ years,MORTGAGE,52000.0,Verified,debt_consolidation,KY,31.76,0.0,705.0,709.0,3.0,58.8,31.0,Individual,5,High Risk,Manual Review
74001511,35000.0, 60 months,28.34,G,G3,10+ years,RENT,113000.0,Verified,debt_consolidation,CA,43.41,3.0,680.0,684.0,0.0,51.6,36.0,Individual,6,High Risk,Manual Review
73776123,3025.0, 36 months,23.13,F,F1,,RENT,15132.0,Verified,debt_consolidation,NY,36.72,0.0,700.0,704.0,0.0,51.6,21.0,Individual,5,High Risk,Manual Review
73638284,26000.0, 60 months,21.18,E,E3,10+ years,OWN,52000.0,Verified,renewable_energy,FL,30.26,0.0,700.0,704.0,0.0,68.6,22.0,Individual,5,High Risk,Manual Review
73724958,35000.0, 36 months,20.75,E,E2,8 years,MORTGAGE,50000.0,Verified,debt_consolidation,TX,44.62,1.0,665.0,669.0,0.0,71.4,37.0,Joint App,6,High Risk,Manual Review
73795109,32675.0, 36 months,21.18,E,E3,10+ years,MORTGAGE,80400.0,Verified,debt_consolidation,TX,31.39,0.0,660.0,664.0,1.0,44.8,37.0,Joint App,5,High Risk,Manual Review
73478692,12650.0, 60 months,20.75,E,E2,< 1 year,RENT,27500.0,Verified,debt_consolidation,PA,40.72,0.0,740.0,744.0,1.0,47.0,14.0,Individual,5,High Risk,Manual Review
73711333,15000.0, 36 months,23.13,F,F1,,RENT,55500.0,Verified,debt_consolidation,NY,35.84,0.0,680.0,684.0,1.0,61.1,24.0,Individual,5,High Risk,Manual Review
73854634,10000.0, 60 months,19.99,E,E1,2 years,RENT,33017.0,Source Verified,debt_consolidation,NJ,34.63,0.0,660.0,664.0,0.0,63.6,41.0,Individual,5,High Risk,Manual Review
74202294,5325.0, 36 months,21.18,E,E3,10+ years,MORTGAGE,90000.0,Source Verified,debt_consolidation,TX,38.0,0.0,740.0,744.0,0.0,56.0,24.0,Individual,5,High Risk,Manual Review
73955953,10000.0, 36 months,21.97,E,E4,10+ years,RENT,25000.0,Source Verified,credit_card,KY,37.97,0.0,670.0,674.0,1.0,56.9,31.0,Individual,5,High Risk,Manual Review
73580586,11400.0, 36 months,21.97,E,E4,2 years,MORTGAGE,38000.0,Verified,debt_consolidation,OH,36.78,3.0,690.0,694.0,1.0,42.4,29.0,Individual,6,High Risk,Manual Review
73568500,35000.0, 60 months,20.75,E,E2,10+ years,MORTGAGE,84000.0,Verified,debt_consolidation,TX,31.21,0.0,660.0,664.0,0.0,39.5,37.0,Individual,5,High Risk,Manual Review
74201905,2500.0, 36 months,22.45,E,E5,5 years,RENT,38000.0,Verified,other,NY,2.02,2.0,660.0,664.0,0.0,86.7,39.0,Individual,5,High Risk,Manual Review
73764146,14400.0, 36 months,21.97,E,E4,10+ years,MORTGAGE,45000.0,Verified,debt_consolidation,CO,15.37,4.0,670.0,674.0,0.0,88.5,35.0,Individual,5,High Risk,Manual Review
74211717,5000.0, 36 months,19.99,E,E1,6 years,RENT,35000.0,Verified,debt_consolidation,FL,35.63,0.0,685.0,689.0,1.0,59.8,18.0,Individual,5,High Risk,Manual Review
74571393,30000.0, 60 months,23.13,F,F1,7 years,MORTGAGE,72000.0,Source Verified,home_improvement,IL,31.45,0.0,660.0,664.0,3.0,36.6,65.0,Individual,5,High Risk,Manual Review
73894404,12800.0, 60 months,23.13,F,F1,6 years,OWN,38170.0,Verified,credit_card,AK,45.59,0.0,685.0,689.0,0.0,74.0,34.0,Individual,5,High Risk,Manual Review
73953854,15500.0, 36 months,19.99,E,E1,10+ years,RENT,47500.0,Source Verified,debt_consolidation,FL,31.94,1.0,665.0,669.0,0.0,81.5,17.0,Individual,7,High Risk,Manual Review
73954604,11900.0, 60 months,22.45,E,E5,3 years,RENT,60000.0,Verified,debt_consolidation,CA,32.96,0.0,685.0,689.0,1.0,54.9,26.0,Individual,5,High Risk,Manual Review
74151645,12275.0, 60 months,28.67,G,G4,9 years,MORTGAGE,52000.0,Verified,debt_consolidation,OH,37.32,0.0,690.0,694.0,1.0,101.6,18.0,Individual,6,High Risk,Manual Review
72675484,7000.0, 36 months,19.99,E,E1,2 years,RENT,24336.0,Source Verified,debt_consolidation,OK,46.3,0.0,670.0,674.0,0.0,51.0,31.0,Individual,5,High Risk,Manual Review
73855002,26375.0, 36 months,24.11,F,F2,3 years,OWN,72000.0,Not Verified,credit_card,MI,37.35,0.0,680.0,684.0,0.0,81.1,26.0,Individual,6,High Risk,Manual Review
73419499,17000.0, 60 months,26.57,F,F5,< 1 year,RENT,80000.0,Not Verified,major_purchase,ME,35.92,0.0,710.0,714.0,0.0,26.8,42.0,Individual,5,High Risk,Manual Review
73734603,22800.0, 36 months,24.11,F,F2,6 years,RENT,50000.0,Verified,major_purchase,CA,32.48,0.0,755.0,759.0,0.0,19.6,9.0,Individual,5,High Risk,Manual Review
73765874,35000.0, 36 months,23.13,F,F1,10+ years,MORTGAGE,596215.0,Verified,home_improvement,TN,21.88,1.0,675.0,679.0,1.0,127.1,19.0,Individual,5,High Risk,Manual Review
73795396,24575.0, 60 months,26.57,F,F5,9 years,OWN,99673.0,Source Verified,debt_consolidation,TX,30.21,1.0,665.0,669.0,0.0,49.6,25.0,Individual,6,High Risk,Manual Review
73866244,21000.0, 36 months,22.45,E,E5,10+ years,MORTGAGE,78000.0,Not Verified,other,CA,30.52,0.0,665.0,669.0,4.0,16.3,28.0,Individual,5,High Risk,Manual Review
74561481,25000.0, 60 months,23.13,F,F1,7 years,RENT,63000.0,Verified,credit_card,NY,30.42,0.0,660.0,664.0,0.0,96.2,20.0,Individual,6,High Risk,Manual Review
74531728,16800.0, 60 months,25.88,F,F4,8 years,OWN,48000.0,Verified,debt_consolidation,CO,37.26,0.0,690.0,694.0,2.0,17.2,44.0,Individual,5,High Risk,Manual Review
73702964,13200.0, 60 months,23.13,F,F1,10+ years,RENT,33000.0,Source Verified,debt_consolidation,CA,37.85,0.0,665.0,669.0,1.0,82.1,24.0,Individual,6,High Risk,Manual Review
74111125,5100.0, 36 months,22.45,E,E5,4 years,RENT,15000.0,Verified,credit_card,NY,35.68,0.0,660.0,664.0,1.0,55.0,18.0,Individual,5,High Risk,Manual Review
73376088,27550.0, 60 months,21.18,E,E3,,MORTGAGE,71064.0,Verified,debt_consolidation,OH,39.94,1.0,690.0,694.0,0.0,77.3,42.0,Individual,6,High Risk,Manual Review
73366286,12000.0, 60 months,24.11,F,F2,,MORTGAGE,35000.0,Verified,debt_consolidation,MI,30.62,0.0,685.0,689.0,0.0,78.3,16.0,Individual,5,High Risk,Manual Review
73784102,14000.0, 36 months,24.99,F,F3,10+ years,RENT,35000.0,Verified,debt_consolidation,NY,40.98,0.0,685.0,689.0,0.0,72.4,18.0,Individual,5,High Risk,Manual Review
73559661,18100.0, 36 months,21.18,E,E3,5 years,MORTGAGE,52000.0,Source Verified,home_improvement,OH,31.41,0.0,725.0,729.0,0.0,25.7,30.0,Individual,5,High Risk,Manual Review
73744349,13200.0, 60 months,22.45,E,E5,10+ years,RENT,60000.0,Verified,other,NY,36.62,1.0,680.0,684.0,0.0,67.5,17.0,Individual,6,High Risk,Manual Review
73764618,29850.0, 60 months,26.57,F,F5,10+ years,MORTGAGE,25000.0,Verified,debt_consolidation,CA,31.83,0.0,690.0,694.0,0.0,57.9,19.0,Joint App,5,High Risk,Manual Review
73923725,29150.0, 60 months,24.99,F,F3,6 years,MORTGAGE,49863.0,Verified,debt_consolidation,IN,31.96,0.0,680.0,684.0,0.0,61.3,21.0,Joint App,5,High Risk,Manual Review
73904949,8000.0, 36 months,20.75,E,E2,10+ years,MORTGAGE,35000.0,Verified,debt_consolidation,OH,39.88,0.0,730.0,734.0,0.0,39.7,17.0,Individual,5,High Risk,Manual Review
73924317,16175.0, 60 months,19.99,E,E1,10+ years,MORTGAGE,58000.0,Source Verified,debt_consolidation,NV,30.54,0.0,720.0,724.0,0.0,63.2,28.0,Individual,5,High Risk,Manual Review
73540799,15225.0, 60 months,23.13,F,F1,10+ years,RENT,57000.0,Verified,credit_card,WI,32.57,0.0,690.0,694.0,0.0,96.4,21.0,Individual,6,High Risk,Manual Review
73825556,2000.0, 36 months,24.11,F,F2,3 years,OWN,26000.0,Source Verified,other,CO,32.73,0.0,690.0,694.0,0.0,48.3,12.0,Individual,5,High Risk,Manual Review
73724058,16000.0, 60 months,19.99,E,E1,10+ years,RENT,60000.0,Source Verified,debt_consolidation,VA,37.1,0.0,715.0,719.0,0.0,53.8,29.0,Individual,5,High Risk,Manual Review
73794295,20500.0, 60 months,19.99,E,E1,10+ years,MORTGAGE,65000.0,Not Verified,credit_card,FL,35.03,0.0,670.0,674.0,0.0,73.0,37.0,Individual,5,High Risk,Manual Review
74491415,28000.0, 60 months,25.88,F,F4,10+ years,MORTGAGE,135500.0,Source Verified,debt_consolidation,NY,32.44,0.0,680.0,684.0,1.0,98.5,36.0,Individual,6,High Risk,Manual Review
73560716,18750.0, 36 months,21.97,E,E4,,RENT,58923.12,Verified,debt_consolidation,SC,33.56,0.0,680.0,684.0,3.0,59.0,15.0,Individual,5,High Risk,Manual Review
74271177,25600.0, 60 months,23.13,F,F1,10+ years,MORTGAGE,51231.0,Source Verified,debt_consolidation,AR,30.73,2.0,670.0,674.0,0.0,73.4,32.0,Individual,6,High Risk,Manual Review
73711358,11325.0, 60 months,23.13,F,F1,,MORTGAGE,53796.0,Verified,debt_consolidation,IL,32.01,0.0,705.0,709.0,1.0,49.8,37.0,Individual,5,High Risk,Manual Review
73834921,8375.0, 36 months,18.25,D,D3,10+ years,MORTGAGE,57500.0,Verified,debt_consolidation,WV,41.47,1.0,665.0,669.0,0.0,89.8,41.0,Individual,5,High Risk,Manual Review
73746155,8000.0, 36 months,21.97,E,E4,3 years,RENT,25000.0,Source Verified,debt_consolidation,ND,35.53,0.0,695.0,699.0,3.0,82.6,12.0,Individual,6,High Risk,Manual Review
73915578,27375.0, 36 months,19.99,E,E1,5 years,MORTGAGE,75000.0,Verified,debt_consolidation,IN,30.14,0.0,685.0,689.0,2.0,71.1,23.0,Individual,5,High Risk,Manual Review
73689605,24000.0, 60 months,21.18,E,E3,9 years,OWN,60000.0,Source Verified,debt_consolidation,WI,37.3,0.0,670.0,674.0,1.0,53.4,50.0,Individual,5,High Risk,Manual Review
73805098,16800.0, 36 months,19.99,E,E1,10+ years,MORTGAGE,80000.0,Not Verified,debt_consolidation,MO,40.55,0.0,695.0,699.0,0.0,82.2,47.0,Individual,6,High Risk,Manual Review
73885764,20575.0, 36 months,19.99,E,E1,10+ years,MORTGAGE,49000.0,Verified,credit_card,PA,33.6,0.0,665.0,669.0,0.0,70.0,23.0,Individual,5,High Risk,Manual Review
73905440,10000.0, 36 months,26.57,F,F5,8 years,MORTGAGE,60000.0,Source Verified,debt_consolidation,AZ,36.04,3.0,660.0,664.0,0.0,58.8,33.0,Individual,6,High Risk,Manual Review
73924071,30000.0, 60 months,22.45,E,E5,2 years,MORTGAGE,150000.0,Verified,debt_consolidation,NY,34.68,0.0,675.0,679.0,1.0,94.0,28.0,Individual,6,High Risk,Manual Review
73745005,4800.0, 36 months,19.99,E,E1,3 years,RENT,36797.0,Not Verified,other,NY,34.09,0.0,675.0,679.0,0.0,53.5,8.0,Individual,5,High Risk,Manual Review
74072397,21800.0, 60 months,26.57,F,F5,10+ years,RENT,68400.0,Not Verified,debt_consolidation,FL,37.76,0.0,715.0,719.0,0.0,34.2,18.0,Individual,5,High Risk,Manual Review
73826007,5325.0, 36 months,20.75,E,E2,< 1 year,RENT,59000.0,Source Verified,debt_consolidation,AZ,32.38,0.0,660.0,664.0,1.0,65.4,48.0,Individual,5,High Risk,Manual Review
73410597,5650.0, 36 months,19.99,E,E1,,RENT,15750.0,Verified,debt_consolidation,CA,41.92,0.0,660.0,664.0,0.0,83.8,6.0,Individual,6,High Risk,Manual Review
73945582,35000.0, 60 months,28.34,G,G3,10+ years,RENT,85000.0,Verified,debt_consolidation,VA,36.84,0.0,705.0,709.0,1.0,82.0,11.0,Individual,6,High Risk,Manual Review
73711193,11075.0, 36 months,27.34,G,G1,10+ years,RENT,36981.0,Verified,debt_consolidation,MI,37.29,0.0,665.0,669.0,1.0,32.4,26.0,Individual,5,High Risk,Manual Review
73884581,35000.0, 36 months,19.99,E,E1,6 years,MORTGAGE,86000.0,Verified,debt_consolidation,PA,30.29,0.0,705.0,709.0,2.0,33.4,27.0,Individual,5,High Risk,Manual Review
73694510,21000.0, 60 months,28.14,G,G2,9 years,MORTGAGE,97000.0,Not Verified,debt_consolidation,TX,43.14,0.0,690.0,694.0,0.0,64.7,24.0,Individual,5,High Risk,Manual Review
73936014,2000.0, 36 months,19.99,E,E1,5 years,RENT,40000.0,Not Verified,debt_consolidation,CA,36.3,0.0,685.0,689.0,2.0,74.3,16.0,Individual,5,High Risk,Manual Review
73386317,15000.0, 60 months,19.99,E,E1,10+ years,MORTGAGE,60000.0,Verified,debt_consolidation,KY,35.84,1.0,685.0,689.0,1.0,79.0,54.0,Individual,6,High Risk,Manual Review
73734214,19075.0, 60 months,21.18,E,E3,10+ years,MORTGAGE,41500.0,Source Verified,credit_card,TN,33.37,0.0,705.0,709.0,1.0,90.0,29.0,Individual,6,High Risk,Manual Review
73783836,10800.0, 36 months,21.97,E,E4,5 years,RENT,30000.0,Source Verified,debt_consolidation,NJ,30.31,1.0,675.0,679.0,0.0,45.8,27.0,Individual,6,High Risk,Manual Review
73639378,22000.0, 36 months,20.75,E,E2,10+ years,MORTGAGE,55500.0,Verified,debt_consolidation,NM,26.29,1.0,695.0,699.0,1.0,89.6,18.0,Individual,5,High Risk,Manual Review
73724104,23025.0, 60 months,23.13,F,F1,5 years,OWN,48000.0,Verified,credit_card,NJ,41.63,1.0,690.0,694.0,1.0,25.7,27.0,Individual,6,High Risk,Manual Review
73935521,9125.0, 36 months,24.11,F,F2,5 years,RENT,40000.0,Verified,debt_consolidation,HI,36.12,0.0,665.0,669.0,1.0,79.9,13.0,Individual,5,High Risk,Manual Review
73701170,22175.0, 36 months,19.99,E,E1,,MORTGAGE,52800.0,Verified,debt_consolidation,MS,33.64,0.0,685.0,689.0,0.0,50.1,21.0,Individual,5,High Risk,Manual Review
73935314,35000.0, 60 months,25.88,F,F4,4 years,RENT,135000.0,Verified,credit_card,CT,18.05,1.0,665.0,669.0,0.0,97.0,28.0,Individual,5,High Risk,Manual Review
73628123,14000.0, 60 months,22.45,E,E5,10+ years,OWN,42000.0,Verified,debt_consolidation,OH,42.74,0.0,670.0,674.0,0.0,80.2,13.0,Individual,6,High Risk,Manual Review
73701688,10800.0, 36 months,25.88,F,F4,5 years,RENT,36000.0,Verified,debt_consolidation,AL,34.0,0.0,660.0,664.0,1.0,70.5,10.0,Individual,5,High Risk,Manual Review
73734145,7725.0, 36 months,21.97,E,E4,10+ years,OWN,28000.0,Source Verified,other,CA,45.48,0.0,725.0,729.0,3.0,20.0,32.0,Individual,5,High Risk,Manual Review
73925344,5400.0, 36 months,21.97,E,E4,2 years,RENT,15000.0,Verified,debt_consolidation,NE,32.0,0.0,685.0,689.0,0.0,61.2,9.0,Individual,5,High Risk,Manual Review
73804489,20225.0, 36 months,20.75,E,E2,,MORTGAGE,60000.0,Verified,debt_consolidation,MS,35.42,0.0,700.0,704.0,1.0,80.4,38.0,Individual,6,High Risk,Manual Review
73724865,3650.0, 36 months,15.31,C,C5,10+ years,MORTGAGE,41000.0,Source Verified,credit_card,OH,32.76,2.0,660.0,664.0,0.0,84.4,28.0,Individual,5,High Risk,Manual Review
74081259,35000.0, 60 months,23.13,F,F1,,MORTGAGE,86000.0,Verified,credit_card,KS,33.28,0.0,660.0,664.0,2.0,80.0,43.0,Individual,5,High Risk,Manual Review
74142010,16000.0, 60 months,24.11,F,F2,7 years,RENT,70000.0,Not Verified,credit_card,TX,39.52,1.0,680.0,684.0,3.0,66.2,35.0,Individual,6,High Risk,Manual Review
73783252,12000.0, 60 months,21.18,E,E3,10+ years,RENT,40000.0,Not Verified,debt_consolidation,ND,37.02,3.0,660.0,664.0,0.0,27.1,26.0,Individual,6,High Risk,Manual Review
73873990,18000.0, 60 months,21.97,E,E4,10+ years,MORTGAGE,92000.0,Source Verified,debt_consolidation,IL,30.04,0.0,680.0,684.0,0.0,75.0,37.0,Individual,5,High Risk,Manual Review
73835556,2800.0, 36 months,19.99,E,E1,< 1 year,MORTGAGE,52000.0,Source Verified,debt_consolidation,NV,30.17,0.0,665.0,669.0,1.0,98.8,39.0,Individual,6,High Risk,Manual Review
73694471,14000.0, 60 months,24.11,F,F2,10+ years,RENT,80000.0,Source Verified,debt_consolidation,CA,38.73,0.0,725.0,729.0,0.0,31.4,24.0,Individual,5,High Risk,Manual Review
73711291,23100.0, 60 months,20.75,E,E2,2 years,MORTGAGE,55000.0,Not Verified,debt_consolidation,NC,32.32,2.0,660.0,664.0,0.0,39.5,51.0,Individual,6,High Risk,Manual Review
73550910,7075.0, 36 months,27.34,G,G1,1 year,RENT,15909.0,Source Verified,debt_consolidation,FL,43.4,5.0,710.0,714.0,2.0,14.5,21.0,Individual,6,High Risk,Manual Review
72173910,11750.0, 60 months,28.34,G,G3,10+ years,MORTGAGE,35000.0,Verified,debt_consolidation,GA,47.39,0.0,670.0,674.0,0.0,52.9,41.0,Individual,5,High Risk,Manual Review
73701555,16625.0, 36 months,24.99,F,F3,10+ years,RENT,52000.0,Verified,debt_consolidation,TX,36.93,0.0,670.0,674.0,2.0,86.5,19.0,Individual,6,High Risk,Manual Review
73648795,15000.0, 36 months,17.27,D,D2,10+ years,RENT,41000.0,Verified,credit_card,AZ,38.7,1.0,665.0,669.0,0.0,101.4,18.0,Individual,5,High Risk,Manual Review
73733635,27125.0, 36 months,20.75,E,E2,7 years,RENT,37600.0,Source Verified,debt_consolidation,IL,32.97,0.0,680.0,684.0,1.0,57.1,21.0,Joint App,5,High Risk,Manual Review
73689124,3125.0, 36 months,20.75,E,E2,10+ years,RENT,36000.0,Source Verified,car,CA,33.7,0.0,670.0,674.0,1.0,32.9,27.0,Individual,5,High Risk,Manual Review
73873377,11200.0, 36 months,21.97,E,E4,< 1 year,MORTGAGE,105000.0,Verified,debt_consolidation,IL,49.33,0.0,685.0,689.0,0.0,96.6,23.0,Individual,6,High Risk,Manual Review
73814807,12500.0, 60 months,25.88,F,F4,10+ years,MORTGAGE,57000.0,Verified,debt_consolidation,OH,35.09,0.0,685.0,689.0,2.0,28.0,40.0,Individual,5,High Risk,Manual Review
73688529,22625.0, 60 months,19.99,E,E1,10+ years,MORTGAGE,49208.0,Source Verified,credit_card,PA,30.54,0.0,670.0,674.0,1.0,71.5,38.0,Individual,5,High Risk,Manual Review
73568240,35000.0, 60 months,24.99,F,F3,10+ years,RENT,88600.0,Verified,debt_consolidation,TX,38.09,0.0,700.0,704.0,0.0,89.9,19.0,Individual,6,High Risk,Manual Review
73450489,13800.0, 36 months,25.88,F,F4,< 1 year,RENT,46000.0,Verified,debt_consolidation,VA,29.32,2.0,665.0,669.0,1.0,80.9,16.0,Individual,5,High Risk,Manual Review
73844880,20000.0, 36 months,27.34,G,G1,2 years,RENT,67500.0,Source Verified,debt_consolidation,TN,32.16,0.0,665.0,669.0,3.0,65.2,23.0,Individual,5,High Risk,Manual Review
73815034,15950.0, 36 months,25.88,F,F4,1 year,RENT,42000.0,Verified,debt_consolidation,CA,33.91,1.0,680.0,684.0,1.0,35.7,27.0,Individual,6,High Risk,Manual Review
73570576,22400.0, 36 months,20.75,E,E2,< 1 year,RENT,45000.0,Verified,debt_consolidation,PA,33.31,0.0,665.0,669.0,3.0,67.1,20.0,Joint App,5,High Risk,Manual Review
73221847,16925.0, 60 months,21.97,E,E4,4 years,MORTGAGE,65000.0,Verified,home_improvement,VA,30.71,1.0,660.0,664.0,0.0,72.7,22.0,Individual,6,High Risk,Manual Review
72755160,13025.0, 60 months,25.88,F,F4,10+ years,RENT,50000.0,Source Verified,major_purchase,NY,33.25,0.0,675.0,679.0,1.0,35.0,33.0,Individual,5,High Risk,Manual Review
73784662,6975.0, 36 months,23.13,F,F1,3 years,OWN,31000.0,Source Verified,debt_consolidation,SC,30.2,1.0,685.0,689.0,0.0,34.5,33.0,Individual,6,High Risk,Manual Review
73785198,1800.0, 36 months,21.97,E,E4,10+ years,MORTGAGE,46800.0,Source Verified,debt_consolidation,WA,39.62,0.0,675.0,679.0,0.0,47.6,18.0,Individual,5,High Risk,Manual Review
73375561,17525.0, 60 months,21.18,E,E3,5 years,MORTGAGE,45000.0,Verified,credit_card,MN,39.09,0.0,710.0,714.0,0.0,95.5,22.0,Individual,6,High Risk,Manual Review
73519117,13000.0, 60 months,19.99,E,E1,2 years,RENT,50000.0,Verified,debt_consolidation,MN,34.97,0.0,670.0,674.0,2.0,74.8,17.0,Individual,5,High Risk,Manual Review
73883558,24000.0, 60 months,21.18,E,E3,10+ years,MORTGAGE,90000.0,Verified,debt_consolidation,TX,33.56,0.0,660.0,664.0,0.0,82.3,12.0,Joint App,6,High Risk,Manual Review
73864950,10750.0, 36 months,23.13,F,F1,2 years,RENT,60000.0,Not Verified,debt_consolidation,FL,37.2,0.0,690.0,694.0,1.0,68.6,22.0,Individual,5,High Risk,Manual Review
73489015,15300.0, 36 months,21.97,E,E4,8 years,OWN,42500.0,Verified,debt_consolidation,VA,43.01,1.0,660.0,664.0,1.0,43.1,35.0,Individual,6,High Risk,Manual Review
73539902,25000.0, 60 months,19.99,E,E1,,OWN,79000.0,Verified,home_improvement,OH,33.8,0.0,690.0,694.0,1.0,72.0,25.0,Individual,5,High Risk,Manual Review
73419436,16800.0, 36 months,22.45,E,E5,2 years,RENT,42000.0,Verified,credit_card,CA,45.21,0.0,675.0,679.0,0.0,64.8,19.0,Individual,5,High Risk,Manual Review
73569441,12625.0, 36 months,24.11,F,F2,5 years,RENT,35000.0,Verified,credit_card,WI,48.42,0.0,660.0,664.0,1.0,39.9,31.0,Individual,5,High Risk,Manual Review
73629599,7450.0, 36 months,20.75,E,E2,9 years,RENT,25000.0,Verified,debt_consolidation,CO,40.85,0.0,670.0,674.0,1.0,70.5,24.0,Individual,5,High Risk,Manual Review
73913717,15200.0, 60 months,21.18,E,E3,4 years,MORTGAGE,40000.0,Source Verified,debt_consolidation,MN,20.07,1.0,665.0,669.0,0.0,94.1,30.0,Individual,5,High Risk,Manual Review
73499932,10200.0, 60 months,21.18,E,E3,9 years,MORTGAGE,39000.0,Not Verified,medical,IL,37.11,0.0,755.0,759.0,0.0,15.1,25.0,Individual,5,High Risk,Manual Review
73835872,20000.0, 36 months,21.97,E,E4,4 years,MORTGAGE,150000.0,Verified,credit_card,OH,39.16,0.0,680.0,684.0,0.0,82.6,40.0,Individual,6,High Risk,Manual Review
73549162,3275.0, 36 months,20.75,E,E2,3 years,OWN,37000.0,Source Verified,credit_card,MO,33.7,0.0,700.0,704.0,0.0,41.4,11.0,Individual,5,High Risk,Manual Review
73904083,25500.0, 36 months,19.99,E,E1,1 year,RENT,51000.0,Verified,debt_consolidation,TX,34.99,0.0,700.0,704.0,0.0,91.8,27.0,Individual,6,High Risk,Manual Review
73450215,12000.0, 60 months,19.53,D,D5,2 years,OWN,45000.0,Verified,other,MA,37.23,1.0,665.0,669.0,0.0,93.6,21.0,Individual,5,High Risk,Manual Review
73755368,30000.0, 36 months,22.45,E,E5,10+ years,MORTGAGE,85000.0,Verified,debt_consolidation,AZ,17.11,1.0,665.0,669.0,0.0,101.5,16.0,Individual,5,High Risk,Manual Review
73969150,10000.0, 36 months,20.75,E,E2,8 years,RENT,30000.0,Source Verified,debt_consolidation,OK,37.29,10.0,665.0,669.0,0.0,47.1,35.0,Individual,6,High Risk,Manual Review
73610228,24000.0, 60 months,20.75,E,E2,2 years,MORTGAGE,50000.0,Not Verified,home_improvement,OH,35.93,0.0,705.0,709.0,0.0,30.2,35.0,Individual,5,High Risk,Manual Review
73765034,12000.0, 60 months,26.57,F,F5,1 year,RENT,30000.0,Verified,debt_consolidation,NE,31.16,0.0,695.0,699.0,0.0,65.9,34.0,Individual,5,High Risk,Manual Review
73386385,12500.0, 60 months,19.99,E,E1,6 years,OWN,37000.0,Verified,debt_consolidation,WA,34.97,0.0,700.0,704.0,0.0,92.0,13.0,Individual,6,High Risk,Manual Review
73883836,20975.0, 36 months,19.99,E,E1,,MORTGAGE,25000.0,Source Verified,credit_card,ID,34.61,0.0,670.0,674.0,0.0,57.0,13.0,Joint App,5,High Risk,Manual Review
73429666,4625.0, 36 months,24.99,F,F3,< 1 year,RENT,33600.0,Source Verified,debt_consolidation,AZ,32.46,0.0,660.0,664.0,1.0,87.1,18.0,Individual,6,High Risk,Manual Review
73701407,10500.0, 60 months,28.34,G,G3,5 years,RENT,35000.0,Verified,debt_consolidation,OR,33.06,0.0,665.0,669.0,2.0,85.1,23.0,Individual,6,High Risk,Manual Review
73854782,4000.0, 36 months,19.99,E,E1,10+ years,MORTGAGE,99500.0,Verified,home_improvement,NJ,31.62,0.0,685.0,689.0,1.0,92.6,33.0,Individual,6,High Risk,Manual Review
73734071,2000.0, 36 months,23.13,F,F1,10+ years,MORTGAGE,50000.0,Verified,other,WA,34.09,0.0,690.0,694.0,0.0,58.5,17.0,Individual,5,High Risk,Manual Review
73131821,24550.0, 60 months,18.99,D,D4,9 years,RENT,64000.0,Not Verified,debt_consolidation,WI,34.86,1.0,680.0,684.0,0.0,84.3,24.0,Individual,5,High Risk,Manual Review
73375823,20250.0, 60 months,22.45,E,E5,10+ years,RENT,44040.0,Verified,debt_consolidation,NE,48.47,1.0,680.0,684.0,0.0,77.1,30.0,Individual,6,High Risk,Manual Review
73944619,12000.0, 60 months,24.11,F,F2,7 years,MORTGAGE,52000.0,Verified,home_improvement,MN,36.67,0.0,665.0,669.0,0.0,46.0,25.0,Individual,5,High Risk,Manual Review
73439183,26550.0, 60 months,28.67,G,G4,2 years,MORTGAGE,70000.0,Not Verified,debt_consolidation,NY,36.85,0.0,720.0,724.0,2.0,32.1,85.0,Individual,5,High Risk,Manual Review
73924678,6400.0, 36 months,19.53,D,D5,2 years,MORTGAGE,30000.0,Source Verified,medical,MN,31.56,2.0,680.0,684.0,0.0,82.3,20.0,Individual,5,High Risk,Manual Review
73873730,14100.0, 36 months,18.99,D,D4,9 years,MORTGAGE,85549.82,Verified,home_improvement,TX,30.03,3.0,660.0,664.0,2.0,90.6,17.0,Joint App,5,High Risk,Manual Review
73883931,7450.0, 36 months,19.99,E,E1,2 years,RENT,38000.0,Source Verified,debt_consolidation,NV,20.75,1.0,660.0,664.0,0.0,90.7,14.0,Individual,5,High Risk,Manual Review
73611377,9700.0, 36 months,20.75,E,E2,8 years,MORTGAGE,37000.0,Source Verified,home_improvement,LA,30.49,0.0,680.0,684.0,1.0,81.1,23.0,Individual,6,High Risk,Manual Review
73691658,7875.0, 36 months,20.75,E,E2,1 year,OWN,29000.0,Source Verified,debt_consolidation,NY,32.74,0.0,700.0,704.0,1.0,55.2,29.0,Individual,5,High Risk,Manual Review
73825110,20000.0, 60 months,24.11,F,F2,5 years,RENT,62500.0,Source Verified,debt_consolidation,TN,33.14,0.0,725.0,729.0,0.0,15.8,42.0,Individual,5,High Risk,Manual Review
73914744,1600.0, 36 months,21.97,E,E4,9 years,MORTGAGE,34000.0,Verified,major_purchase,AZ,39.6,0.0,725.0,729.0,0.0,3.1,19.0,Individual,5,High Risk,Manual Review
73893327,35000.0, 60 months,26.57,F,F5,1 year,MORTGAGE,90000.0,Verified,debt_consolidation,FL,37.51,0.0,690.0,694.0,3.0,72.7,37.0,Joint App,5,High Risk,Manual Review
73744753,12000.0, 60 months,24.11,F,F2,2 years,MORTGAGE,49000.0,Verified,debt_consolidation,NC,32.77,0.0,675.0,679.0,0.0,82.6,15.0,Individual,6,High Risk,Manual Review
73640281,12000.0, 60 months,26.57,F,F5,2 years,RENT,45000.0,Verified,credit_card,NC,36.85,0.0,660.0,664.0,0.0,52.9,19.0,Individual,5,High Risk,Manual Review
73944356,10000.0, 36 months,22.45,E,E5,10+ years,RENT,36000.0,Source Verified,debt_consolidation,MO,37.13,0.0,670.0,674.0,0.0,91.8,16.0,Individual,6,High Risk,Manual Review
73943128,16650.0, 60 months,24.11,F,F2,3 years,MORTGAGE,67000.0,Source Verified,debt_consolidation,IL,36.5,0.0,700.0,704.0,0.0,72.9,28.0,Individual,5,High Risk,Manual Review
73691234,16425.0, 60 months,24.99,F,F3,,MORTGAGE,50000.0,Source Verified,debt_consolidation,IN,41.55,0.0,660.0,664.0,3.0,59.5,49.0,Individual,5,High Risk,Manual Review
73824667,14525.0, 36 months,19.99,E,E1,10+ years,MORTGAGE,75000.0,Source Verified,debt_consolidation,GA,35.03,0.0,695.0,699.0,0.0,69.7,31.0,Individual,5,High Risk,Manual Review
73511036,20000.0, 60 months,19.99,E,E1,8 years,OWN,52000.0,Verified,credit_card,LA,20.75,2.0,660.0,664.0,0.0,86.9,28.0,Individual,5,High Risk,Manual Review
73272767,20000.0, 60 months,24.99,F,F3,4 years,RENT,87400.0,Not Verified,credit_card,AZ,34.52,0.0,660.0,664.0,0.0,83.7,56.0,Individual,6,High Risk,Manual Review
73471020,10500.0, 36 months,20.75,E,E2,10+ years,RENT,40000.0,Verified,debt_consolidation,GA,38.13,0.0,675.0,679.0,0.0,67.9,17.0,Individual,5,High Risk,Manual Review
73843520,3000.0, 36 months,19.99,E,E1,4 years,RENT,34424.0,Source Verified,medical,SD,39.89,0.0,695.0,699.0,0.0,105.8,18.0,Individual,6,High Risk,Manual Review
73924385,35000.0, 36 months,23.13,F,F1,10+ years,MORTGAGE,105000.0,Source Verified,debt_consolidation,NJ,31.12,1.0,685.0,689.0,3.0,63.9,43.0,Individual,6,High Risk,Manual Review
73967134,12000.0, 36 months,21.18,E,E3,5 years,RENT,82000.0,Verified,debt_consolidation,CO,38.96,0.0,675.0,679.0,3.0,58.9,43.0,Individual,5,High Risk,Manual Review
73955212,5000.0, 36 months,20.75,E,E2,5 years,RENT,50000.0,Source Verified,other,GA,30.27,1.0,680.0,684.0,2.0,45.2,23.0,Individual,6,High Risk,Manual Review
73894280,9600.0, 36 months,28.34,G,G3,8 years,RENT,32000.0,Source Verified,debt_consolidation,IN,30.98,0.0,665.0,669.0,0.0,68.1,17.0,Individual,5,High Risk,Manual Review
73211778,11350.0, 36 months,18.99,D,D4,< 1 year,RENT,63000.0,Verified,debt_consolidation,MO,37.94,1.0,670.0,674.0,1.0,85.0,27.0,Individual,5,High Risk,Manual Review
73924178,15575.0, 36 months,19.99,E,E1,< 1 year,OWN,67000.0,Source Verified,debt_consolidation,PA,31.06,0.0,700.0,704.0,0.0,71.8,25.0,Individual,5,High Risk,Manual Review
73914812,28000.0, 60 months,26.57,F,F5,5 years,MORTGAGE,79900.0,Verified,debt_consolidation,OK,38.87,0.0,695.0,699.0,1.0,69.0,36.0,Individual,5,High Risk,Manual Review
73824233,14825.0, 36 months,20.75,E,E2,10+ years,RENT,42000.0,Verified,other,VA,33.44,0.0,690.0,694.0,0.0,48.6,24.0,Individual,5,High Risk,Manual Review
73701318,8750.0, 36 months,25.88,F,F4,< 1 year,MORTGAGE,32000.0,Verified,home_improvement,TX,30.95,0.0,660.0,664.0,1.0,86.9,10.0,Individual,6,High Risk,Manual Review
73813710,12225.0, 60 months,28.14,G,G2,< 1 year,MORTGAGE,55000.0,Source Verified,debt_consolidation,AZ,30.39,1.0,675.0,679.0,1.0,38.2,57.0,Individual,6,High Risk,Manual Review
73640492,24000.0, 60 months,24.99,F,F3,7 years,MORTGAGE,130000.0,Not Verified,credit_card,PA,36.02,0.0,670.0,674.0,1.0,56.2,36.0,Individual,5,High Risk,Manual Review
73943819,11125.0, 60 months,27.34,G,G1,,MORTGAGE,39430.0,Verified,debt_consolidation,AL,32.85,0.0,680.0,684.0,3.0,11.1,23.0,Individual,5,High Risk,Manual Review
73783759,6375.0, 36 months,28.67,G,G4,1 year,RENT,29000.0,Verified,car,CA,30.55,0.0,670.0,674.0,1.0,78.1,27.0,Individual,5,High Risk,Manual Review
73935170,5600.0, 36 months,19.99,E,E1,5 years,RENT,33000.0,Source Verified,debt_consolidation,AL,36.18,0.0,705.0,709.0,0.0,46.7,18.0,Individual,5,High Risk,Manual Review
73968181,4500.0, 36 months,20.75,E,E2,,RENT,30000.0,Not Verified,debt_consolidation,NY,38.0,0.0,675.0,679.0,1.0,21.3,31.0,Individual,5,High Risk,Manual Review
73764905,8700.0, 36 months,19.99,E,E1,1 year,RENT,34400.0,Source Verified,debt_consolidation,MO,32.8,0.0,735.0,739.0,1.0,16.5,29.0,Individual,5,High Risk,Manual Review
73903662,13200.0, 60 months,19.99,E,E1,,RENT,30000.0,Not Verified,debt_consolidation,NY,38.04,1.0,690.0,694.0,0.0,74.1,22.0,Individual,6,High Risk,Manual Review
73854669,16000.0, 60 months,25.88,F,F4,2 years,RENT,77000.0,Verified,debt_consolidation,OH,32.94,0.0,685.0,689.0,0.0,90.3,23.0,Individual,6,High Risk,Manual Review
73793651,19750.0, 60 months,21.97,E,E4,10+ years,RENT,61000.0,Not Verified,debt_consolidation,DE,34.05,0.0,695.0,699.0,2.0,25.8,20.0,Individual,5,High Risk,Manual Review
73744127,22800.0, 36 months,25.88,F,F4,6 years,MORTGAGE,60000.0,Verified,debt_consolidation,SC,36.24,0.0,695.0,699.0,0.0,73.3,22.0,Individual,5,High Risk,Manual Review
73834250,35000.0, 60 months,24.99,F,F3,10+ years,RENT,94000.0,Verified,debt_consolidation,AZ,39.79,0.0,690.0,694.0,2.0,81.0,33.0,Individual,6,High Risk,Manual Review
73754930,5325.0, 36 months,21.97,E,E4,2 years,OWN,42000.0,Source Verified,medical,TX,37.37,1.0,675.0,679.0,1.0,47.2,43.0,Individual,6,High Risk,Manual Review
73914346,5600.0, 36 months,18.25,D,D3,3 years,RENT,45000.0,Source Verified,debt_consolidation,VA,36.48,1.0,670.0,674.0,1.0,95.7,17.0,Individual,5,High Risk,Manual Review
73689652,35000.0, 36 months,18.25,D,D3,10+ years,MORTGAGE,75000.0,Source Verified,debt_consolidation,TN,30.5,3.0,660.0,664.0,0.0,80.8,23.0,Joint App,5,High Risk,Manual Review
73894491,22500.0, 60 months,25.88,F,F4,10+ years,RENT,103000.0,Source Verified,debt_consolidation,NY,32.78,0.0,665.0,669.0,1.0,60.2,16.0,Individual,5,High Risk,Manual Review
73913612,22000.0, 60 months,19.99,E,E1,10+ years,MORTGAGE,44000.0,Verified,debt_consolidation,OK,37.53,0.0,690.0,694.0,0.0,91.5,69.0,Individual,6,High Risk,Manual Review
73400334,30000.0, 36 months,16.29,D,D1,1 year,MORTGAGE,152000.0,Verified,credit_card,CA,38.88,4.0,665.0,669.0,0.0,97.0,24.0,Individual,5,High Risk,Manual Review
73672586,3100.0, 36 months,26.57,F,F5,,RENT,17300.0,Verified,other,NV,35.46,0.0,750.0,754.0,0.0,74.1,10.0,Individual,5,High Risk,Manual Review
71827100,14600.0, 36 months,25.88,F,F4,10+ years,MORTGAGE,37000.0,Verified,debt_consolidation,CT,40.42,7.0,665.0,669.0,2.0,40.9,31.0,Individual,6,High Risk,Manual Review
73439571,13225.0, 36 months,21.18,E,E3,3 years,MORTGAGE,68000.0,Source Verified,debt_consolidation,MI,36.01,0.0,680.0,684.0,2.0,29.9,37.0,Individual,5,High Risk,Manual Review
73863223,35000.0, 60 months,21.18,E,E3,10+ years,RENT,82000.0,Source Verified,debt_consolidation,NH,35.28,2.0,670.0,674.0,0.0,84.7,22.0,Individual,7,High Risk,Manual Review
73481268,16675.0, 36 months,22.45,E,E5,9 years,RENT,49654.0,Verified,major_purchase,TX,35.34,0.0,695.0,699.0,1.0,20.6,49.0,Individual,5,High Risk,Manual Review
73923677,2500.0, 36 months,20.75,E,E2,8 years,RENT,56000.0,Verified,moving,KS,33.78,0.0,715.0,719.0,1.0,45.6,67.0,Individual,5,High Risk,Manual Review
73430824,18000.0, 36 months,21.18,E,E3,1 year,OWN,50000.0,Verified,debt_consolidation,MI,31.08,0.0,665.0,669.0,1.0,67.8,41.0,Individual,5,High Risk,Manual Review
73763577,2375.0, 36 months,19.99,E,E1,10+ years,RENT,26924.0,Source Verified,debt_consolidation,KS,31.21,0.0,710.0,714.0,0.0,53.1,11.0,Individual,5,High Risk,Manual Review
71814446,11825.0, 36 months,21.18,E,E3,1 year,RENT,55000.0,Source Verified,debt_consolidation,NY,35.86,0.0,670.0,674.0,1.0,64.6,34.0,Individual,5,High Risk,Manual Review
73510688,14275.0, 36 months,19.99,E,E1,3 years,MORTGAGE,42000.0,Verified,debt_consolidation,NJ,37.84,1.0,690.0,694.0,1.0,70.3,22.0,Individual,6,High Risk,Manual Review
73598247,12000.0, 60 months,21.18,E,E3,10+ years,MORTGAGE,45000.0,Verified,debt_consolidation,PA,30.19,0.0,675.0,679.0,0.0,62.9,31.0,Individual,5,High Risk,Manual Review
73400382,21600.0, 60 months,27.34,G,G1,10+ years,RENT,54000.0,Verified,debt_consolidation,NV,41.4,0.0,680.0,684.0,0.0,86.6,21.0,Individual,6,High Risk,Manual Review
73541300,23400.0, 60 months,24.11,F,F2,10+ years,RENT,53194.0,Verified,debt_consolidation,MT,36.1,0.0,690.0,694.0,0.0,61.1,33.0,Individual,5,High Risk,Manual Review
73833339,28550.0, 60 months,24.99,F,F3,5 years,MORTGAGE,70000.0,Verified,debt_consolidation,HI,31.58,0.0,685.0,689.0,0.0,90.1,21.0,Individual,6,High Risk,Manual Review
73763215,20000.0, 60 months,23.13,F,F1,9 years,RENT,55669.0,Verified,debt_consolidation,CA,31.52,0.0,670.0,674.0,1.0,73.8,22.0,Individual,5,High Risk,Manual Review
73460208,17500.0, 60 months,28.14,G,G2,10+ years,RENT,65000.0,Verified,debt_consolidation,AR,41.89,0.0,665.0,669.0,0.0,59.1,21.0,Joint App,5,High Risk,Manual Review
73491677,33000.0, 60 months,28.67,G,G4,2 years,RENT,75000.0,Verified,debt_consolidation,CA,36.73,0.0,695.0,699.0,0.0,95.9,15.0,Individual,6,High Risk,Manual Review
73480127,8700.0, 36 months,21.18,E,E3,3 years,RENT,38300.0,Verified,debt_consolidation,FL,38.23,0.0,675.0,679.0,0.0,63.5,26.0,Individual,5,High Risk,Manual Review
73630685,20000.0, 60 months,21.97,E,E4,1 year,RENT,45000.0,Source Verified,credit_card,CA,32.61,0.0,680.0,684.0,0.0,81.8,17.0,Individual,6,High Risk,Manual Review
73510617,6000.0, 36 months,26.57,F,F5,< 1 year,OWN,20000.0,Source Verified,small_business,CA,31.09,0.0,660.0,664.0,1.0,57.8,15.0,Individual,5,High Risk,Manual Review
73924179,24475.0, 60 months,23.13,F,F1,8 years,MORTGAGE,58310.0,Source Verified,debt_consolidation,NC,31.81,1.0,660.0,664.0,0.0,72.5,26.0,Individual,6,High Risk,Manual Review
73518520,21000.0, 60 months,23.13,F,F1,3 years,MORTGAGE,105000.0,Source Verified,debt_consolidation,FL,31.9,0.0,690.0,694.0,0.0,78.2,22.0,Individual,5,High Risk,Manual Review
71915380,18000.0, 60 months,20.75,E,E2,7 years,RENT,45000.0,Verified,debt_consolidation,CA,32.28,0.0,670.0,674.0,1.0,78.9,24.0,Individual,5,High Risk,Manual Review
73323052,15025.0, 60 months,26.57,F,F5,10+ years,MORTGAGE,80000.0,Source Verified,home_improvement,AZ,35.09,0.0,665.0,669.0,2.0,45.9,35.0,Individual,5,High Risk,Manual Review
73459340,1650.0, 36 months,20.75,E,E2,,MORTGAGE,30378.0,Verified,credit_card,ID,49.78,0.0,660.0,664.0,0.0,84.4,19.0,Individual,6,High Risk,Manual Review
73924243,27000.0, 60 months,23.13,F,F1,,RENT,54000.0,Not Verified,debt_consolidation,CA,36.71,0.0,705.0,709.0,1.0,24.4,32.0,Individual,5,High Risk,Manual Review
73410632,7500.0, 36 months,23.13,F,F1,10+ years,RENT,48000.0,Verified,other,CO,33.53,0.0,660.0,664.0,1.0,32.8,17.0,Individual,5,High Risk,Manual Review
73764903,27575.0, 60 months,23.13,F,F1,,MORTGAGE,57488.0,Not Verified,debt_consolidation,TX,36.78,0.0,695.0,699.0,0.0,79.8,41.0,Individual,5,High Risk,Manual Review
73834934,9175.0, 36 months,20.75,E,E2,,RENT,27000.0,Not Verified,debt_consolidation,NJ,30.58,0.0,710.0,714.0,2.0,22.2,27.0,Individual,5,High Risk,Manual Review
73784621,4800.0, 36 months,21.18,E,E3,10+ years,OWN,91000.0,Source Verified,home_improvement,NM,36.45,0.0,680.0,684.0,0.0,56.0,26.0,Individual,5,High Risk,Manual Review
73498501,16800.0, 60 months,20.75,E,E2,10+ years,MORTGAGE,90000.0,Verified,debt_consolidation,AZ,46.88,0.0,705.0,709.0,0.0,51.0,36.0,Individual,5,High Risk,Manual Review
73833818,16000.0, 60 months,23.13,F,F1,10+ years,RENT,59000.0,Source Verified,credit_card,NY,32.51,0.0,665.0,669.0,0.0,91.4,13.0,Individual,6,High Risk,Manual Review
73803145,6750.0, 36 months,20.75,E,E2,,RENT,21156.0,Verified,debt_consolidation,FL,38.84,0.0,660.0,664.0,0.0,95.4,11.0,Individual,6,High Risk,Manual Review
73440344,6000.0, 36 months,19.99,E,E1,8 years,MORTGAGE,40000.0,Source Verified,debt_consolidation,AL,39.52,0.0,675.0,679.0,1.0,32.9,13.0,Individual,5,High Risk,Manual Review
73579050,17250.0, 60 months,19.99,E,E1,,RENT,43185.96,Verified,debt_consolidation,HI,27.84,2.0,670.0,674.0,0.0,86.6,20.0,Individual,5,High Risk,Manual Review
73441500,16000.0, 60 months,21.18,E,E3,1 year,MORTGAGE,40000.0,Source Verified,debt_consolidation,FL,37.83,0.0,665.0,669.0,2.0,59.3,36.0,Individual,5,High Risk,Manual Review
73570640,12525.0, 60 months,22.45,E,E5,< 1 year,RENT,55000.0,Verified,credit_card,TX,41.76,0.0,690.0,694.0,0.0,48.8,25.0,Individual,5,High Risk,Manual Review
73955083,7200.0, 36 months,19.99,E,E1,10+ years,RENT,58000.0,Not Verified,debt_consolidation,CA,32.7,0.0,680.0,684.0,4.0,20.2,25.0,Individual,5,High Risk,Manual Review
73470967,13550.0, 36 months,21.97,E,E4,10+ years,MORTGAGE,47633.0,Verified,debt_consolidation,PA,46.38,0.0,665.0,669.0,0.0,74.9,29.0,Individual,5,High Risk,Manual Review
73491539,10000.0, 60 months,21.97,E,E4,,MORTGAGE,40000.0,Verified,credit_card,AL,31.74,0.0,690.0,694.0,0.0,63.3,33.0,Individual,5,High Risk,Manual Review
73723616,8500.0, 36 months,25.88,F,F4,10+ years,MORTGAGE,17000.0,Source Verified,debt_consolidation,OH,48.73,0.0,685.0,689.0,0.0,84.7,14.0,Individual,6,High Risk,Manual Review
73754218,16000.0, 60 months,26.57,F,F5,7 years,RENT,67000.0,Not Verified,small_business,KS,35.11,0.0,660.0,664.0,0.0,84.7,34.0,Individual,6,High Risk,Manual Review
73687201,18000.0, 60 months,21.18,E,E3,8 years,RENT,50000.0,Source Verified,small_business,KS,26.38,2.0,675.0,679.0,1.0,93.6,48.0,Individual,5,High Risk,Manual Review
71053435,15450.0, 36 months,19.99,E,E1,6 years,RENT,50000.0,Not Verified,debt_consolidation,PA,36.97,0.0,695.0,699.0,4.0,48.8,21.0,Individual,5,High Risk,Manual Review
73711148,12000.0, 60 months,20.75,E,E2,2 years,OWN,70000.0,Not Verified,debt_consolidation,WI,31.87,1.0,670.0,674.0,2.0,60.8,39.0,Individual,6,High Risk,Manual Review
73580992,17825.0, 60 months,22.45,E,E5,6 years,MORTGAGE,59000.0,Verified,debt_consolidation,ND,30.19,1.0,680.0,684.0,1.0,64.1,33.0,Individual,6,High Risk,Manual Review
73561191,35000.0, 60 months,22.45,E,E5,4 years,OWN,103000.0,Verified,debt_consolidation,CO,31.84,1.0,675.0,679.0,0.0,96.5,25.0,Individual,7,High Risk,Manual Review
73421286,18000.0, 60 months,20.75,E,E2,2 years,MORTGAGE,70000.0,Source Verified,other,PA,21.14,3.0,670.0,674.0,2.0,81.5,22.0,Individual,5,High Risk,Manual Review
73754150,22525.0, 36 months,20.75,E,E2,10+ years,MORTGAGE,53675.0,Not Verified,other,ME,33.5,0.0,670.0,674.0,0.0,67.6,28.0,Individual,5,High Risk,Manual Review
73591047,12000.0, 60 months,21.18,E,E3,10+ years,MORTGAGE,73000.0,Not Verified,debt_consolidation,CA,36.89,0.0,685.0,689.0,1.0,57.1,27.0,Individual,5,High Risk,Manual Review
73784094,31350.0, 60 months,28.67,G,G4,10+ years,RENT,86000.0,Not Verified,debt_consolidation,CA,33.42,0.0,665.0,669.0,0.0,73.8,21.0,Individual,5,High Risk,Manual Review
73630793,10000.0, 60 months,21.97,E,E4,10+ years,MORTGAGE,35000.0,Source Verified,other,DE,31.89,0.0,705.0,709.0,1.0,44.1,29.0,Individual,5,High Risk,Manual Review
73843119,29750.0, 60 months,23.13,F,F1,10+ years,RENT,65000.0,Not Verified,debt_consolidation,AL,31.66,0.0,700.0,704.0,1.0,71.7,17.0,Individual,5,High Risk,Manual Review
73410725,23300.0, 60 months,21.18,E,E3,10+ years,OWN,53000.0,Verified,debt_consolidation,IL,39.04,0.0,680.0,684.0,0.0,86.9,16.0,Individual,6,High Risk,Manual Review
73451132,15000.0, 60 months,19.99,E,E1,3 years,RENT,41800.0,Verified,other,MI,30.94,0.0,710.0,714.0,0.0,35.7,14.0,Individual,5,High Risk,Manual Review
73580653,14000.0, 60 months,19.99,E,E1,5 years,MORTGAGE,160000.0,Verified,debt_consolidation,AR,30.53,0.0,675.0,679.0,3.0,86.0,49.0,Individual,6,High Risk,Manual Review
73903963,5200.0, 36 months,21.18,E,E3,10+ years,RENT,35000.0,Source Verified,debt_consolidation,OK,35.6,1.0,660.0,664.0,0.0,90.5,19.0,Individual,7,High Risk,Manual Review
73675114,18000.0, 60 months,22.45,E,E5,5 years,MORTGAGE,40000.0,Verified,debt_consolidation,IL,37.38,0.0,670.0,674.0,1.0,41.9,25.0,Individual,5,High Risk,Manual Review
73509672,14000.0, 60 months,21.18,E,E3,10+ years,MORTGAGE,82000.0,Not Verified,debt_consolidation,MI,46.79,0.0,700.0,704.0,0.0,65.1,37.0,Individual,5,High Risk,Manual Review
73893857,23175.0, 60 months,28.99,G,G5,10+ years,RENT,61000.0,Not Verified,debt_consolidation,WA,37.38,0.0,700.0,704.0,1.0,81.7,17.0,Individual,6,High Risk,Manual Review
73509848,33100.0, 60 months,28.14,G,G2,10+ years,MORTGAGE,72000.0,Source Verified,debt_consolidation,NC,37.12,1.0,680.0,684.0,0.0,80.8,23.0,Individual,7,High Risk,Manual Review
73903571,30000.0, 36 months,21.18,E,E3,8 years,MORTGAGE,100000.0,Not Verified,debt_consolidation,NJ,41.62,1.0,680.0,684.0,0.0,67.9,22.0,Individual,6,High Risk,Manual Review
73833519,26350.0, 60 months,23.13,F,F1,10+ years,MORTGAGE,120000.0,Not Verified,debt_consolidation,AR,28.26,1.0,660.0,664.0,0.0,98.1,23.0,Individual,5,High Risk,Manual Review
73630283,10500.0, 60 months,19.99,E,E1,10+ years,OWN,75000.0,Source Verified,credit_card,NY,30.37,0.0,695.0,699.0,0.0,65.6,39.0,Individual,5,High Risk,Manual Review
73470635,35000.0, 60 months,19.99,E,E1,< 1 year,RENT,95000.0,Source Verified,debt_consolidation,NJ,31.4,0.0,660.0,664.0,1.0,52.0,35.0,Individual,5,High Risk,Manual Review
73430360,35000.0, 60 months,20.75,E,E2,7 years,RENT,115000.0,Source Verified,debt_consolidation,TX,32.2,0.0,700.0,704.0,0.0,83.2,53.0,Individual,6,High Risk,Manual Review
73541536,7900.0, 36 months,23.13,F,F1,,OWN,21992.04,Verified,debt_consolidation,PA,38.26,0.0,660.0,664.0,3.0,87.0,18.0,Individual,6,High Risk,Manual Review
73933539,25925.0, 60 months,27.34,G,G1,10+ years,RENT,65000.0,Not Verified,debt_consolidation,TX,30.49,0.0,690.0,694.0,0.0,78.6,27.0,Individual,5,High Risk,Manual Review
73441783,9475.0, 36 months,20.75,E,E2,4 years,MORTGAGE,46500.0,Source Verified,debt_consolidation,CA,33.67,0.0,670.0,674.0,1.0,29.3,18.0,Individual,5,High Risk,Manual Review
73833537,24475.0, 60 months,24.99,F,F3,10+ years,MORTGAGE,135000.0,Not Verified,debt_consolidation,IL,37.48,0.0,665.0,669.0,1.0,83.0,55.0,Individual,6,High Risk,Manual Review
73743165,35000.0, 36 months,21.97,E,E4,< 1 year,MORTGAGE,110000.0,Verified,debt_consolidation,CA,37.0,0.0,710.0,714.0,0.0,32.5,37.0,Individual,5,High Risk,Manual Review
73241662,14000.0, 60 months,20.75,E,E2,3 years,RENT,86000.0,Verified,debt_consolidation,IL,49.68,0.0,660.0,664.0,0.0,87.4,20.0,Individual,6,High Risk,Manual Review
71006594,16000.0, 60 months,21.18,E,E3,10+ years,MORTGAGE,99000.0,Source Verified,debt_consolidation,CA,40.75,0.0,695.0,699.0,0.0,89.9,20.0,Individual,6,High Risk,Manual Review
71895939,30000.0, 60 months,28.14,G,G2,4 years,MORTGAGE,80000.0,Verified,credit_card,OK,35.91,1.0,685.0,689.0,1.0,64.7,23.0,Individual,6,High Risk,Manual Review
73651410,10200.0, 36 months,21.97,E,E4,3 years,MORTGAGE,60000.0,Not Verified,debt_consolidation,DE,37.98,0.0,675.0,679.0,2.0,60.7,30.0,Individual,5,High Risk,Manual Review
73323909,24000.0, 60 months,22.45,E,E5,10+ years,RENT,122000.0,Not Verified,debt_consolidation,TX,31.11,1.0,675.0,679.0,1.0,82.0,35.0,Individual,7,High Risk,Manual Review
72532118,21600.0, 60 months,19.99,E,E1,4 years,MORTGAGE,45000.0,Not Verified,credit_card,IL,37.76,0.0,705.0,709.0,0.0,58.3,29.0,Individual,5,High Risk,Manual Review
73629232,20000.0, 60 months,19.99,E,E1,10+ years,MORTGAGE,98000.0,Verified,vacation,WY,30.89,0.0,690.0,694.0,1.0,26.1,44.0,Individual,5,High Risk,Manual Review
73601009,13750.0, 36 months,20.75,E,E2,2 years,MORTGAGE,56000.0,Not Verified,debt_consolidation,MI,37.61,0.0,675.0,679.0,0.0,64.7,27.0,Individual,5,High Risk,Manual Review
73650049,29125.0, 36 months,21.18,E,E3,10+ years,MORTGAGE,65000.0,Verified,debt_consolidation,OH,34.71,1.0,660.0,664.0,0.0,74.7,26.0,Individual,6,High Risk,Manual Review
73641512,5500.0, 36 months,20.75,E,E2,10+ years,OWN,30000.0,Source Verified,debt_consolidation,NY,40.64,0.0,715.0,719.0,2.0,48.0,28.0,Individual,5,High Risk,Manual Review
73469269,20000.0, 60 months,20.75,E,E2,< 1 year,MORTGAGE,55200.0,Verified,debt_consolidation,LA,36.83,0.0,680.0,684.0,3.0,78.7,19.0,Joint App,5,High Risk,Manual Review
73541023,27275.0, 36 months,19.99,E,E1,10+ years,MORTGAGE,62000.0,Verified,credit_card,VA,39.45,0.0,670.0,674.0,0.0,86.3,29.0,Individual,6,High Risk,Manual Review
73723334,15600.0, 60 months,23.13,F,F1,7 years,RENT,35500.0,Not Verified,debt_consolidation,TX,36.34,0.0,710.0,714.0,1.0,53.9,23.0,Individual,5,High Risk,Manual Review
73500445,13750.0, 60 months,26.57,F,F5,2 years,MORTGAGE,52000.0,Verified,debt_consolidation,OK,35.13,0.0,685.0,689.0,2.0,62.0,21.0,Individual,5,High Risk,Manual Review
73580700,15000.0, 36 months,19.99,E,E1,5 years,OWN,50000.0,Verified,debt_consolidation,TX,33.39,1.0,680.0,684.0,1.0,77.2,25.0,Individual,6,High Risk,Manual Review
73410435,8000.0, 36 months,21.18,E,E3,2 years,MORTGAGE,60000.0,Verified,medical,FL,36.62,0.0,675.0,679.0,0.0,49.0,38.0,Individual,5,High Risk,Manual Review
73620637,2450.0, 36 months,22.45,E,E5,2 years,OWN,80000.0,Source Verified,small_business,MD,33.74,1.0,660.0,664.0,2.0,65.4,38.0,Individual,6,High Risk,Manual Review
73488990,23375.0, 60 months,21.97,E,E4,6 years,RENT,29800.0,Source Verified,debt_consolidation,NY,31.7,0.0,680.0,684.0,3.0,65.5,26.0,Joint App,5,High Risk,Manual Review
73610767,2525.0, 36 months,28.67,G,G4,5 years,OWN,29000.0,Verified,debt_consolidation,TX,37.38,0.0,665.0,669.0,3.0,51.8,24.0,Individual,5,High Risk,Manual Review
73641706,35000.0, 60 months,27.34,G,G1,10+ years,RENT,102000.0,Source Verified,major_purchase,CA,36.15,0.0,670.0,674.0,0.0,69.5,41.0,Individual,5,High Risk,Manual Review
73409618,13200.0, 60 months,22.45,E,E5,10+ years,RENT,53000.0,Verified,credit_card,NV,38.94,0.0,680.0,684.0,2.0,28.7,42.0,Individual,5,High Risk,Manual Review
73579301,30000.0, 36 months,21.18,E,E3,10+ years,RENT,72000.0,Verified,debt_consolidation,NJ,37.37,0.0,685.0,689.0,0.0,89.6,29.0,Individual,6,High Risk,Manual Review
73408125,10425.0, 36 months,20.75,E,E2,1 year,RENT,29000.0,Verified,debt_consolidation,MN,34.15,1.0,665.0,669.0,1.0,14.4,15.0,Individual,6,High Risk,Manual Review
73588148,7050.0, 36 months,19.99,E,E1,< 1 year,MORTGAGE,35000.0,Source Verified,debt_consolidation,AL,46.23,1.0,675.0,679.0,0.0,72.1,34.0,Individual,6,High Risk,Manual Review
73600892,3000.0, 36 months,19.99,E,E1,3 years,RENT,33000.0,Source Verified,major_purchase,MI,36.04,0.0,690.0,694.0,0.0,66.1,23.0,Individual,5,High Risk,Manual Review
73440125,30000.0, 36 months,20.75,E,E2,10+ years,MORTGAGE,105000.0,Verified,debt_consolidation,RI,21.62,2.0,665.0,669.0,1.0,82.3,27.0,Individual,5,High Risk,Manual Review
71956454,21150.0, 60 months,22.45,E,E5,2 years,MORTGAGE,70000.0,Source Verified,debt_consolidation,MA,30.07,0.0,660.0,664.0,0.0,62.0,28.0,Individual,5,High Risk,Manual Review
73630255,22875.0, 60 months,23.13,F,F1,9 years,MORTGAGE,58000.0,Source Verified,debt_consolidation,TX,32.92,0.0,770.0,774.0,1.0,3.8,32.0,Individual,5,High Risk,Manual Review
73438431,14325.0, 60 months,21.18,E,E3,4 years,OWN,32558.0,Source Verified,debt_consolidation,OK,31.48,0.0,695.0,699.0,2.0,30.9,21.0,Individual,5,High Risk,Manual Review
73630293,32000.0, 36 months,16.29,D,D1,10+ years,MORTGAGE,90999.0,Verified,debt_consolidation,IL,30.86,1.0,685.0,689.0,2.0,90.5,38.0,Individual,5,High Risk,Manual Review
73519175,24000.0, 36 months,19.99,E,E1,1 year,RENT,130000.0,Source Verified,credit_card,TX,35.83,0.0,675.0,679.0,1.0,67.7,29.0,Individual,5,High Risk,Manual Review
72605687,19425.0, 36 months,22.45,E,E5,10+ years,OWN,57000.0,Verified,debt_consolidation,GA,33.62,0.0,670.0,674.0,0.0,101.0,26.0,Individual,6,High Risk,Manual Review
73385589,18000.0, 60 months,22.45,E,E5,10+ years,MORTGAGE,55000.0,Verified,medical,MO,35.15,0.0,690.0,694.0,1.0,62.2,37.0,Individual,5,High Risk,Manual Review
73531084,19850.0, 60 months,28.67,G,G4,10+ years,RENT,66200.0,Verified,other,TX,33.09,1.0,665.0,669.0,3.0,53.4,50.0,Individual,6,High Risk,Manual Review
73651733,14400.0, 36 months,22.45,E,E5,,MORTGAGE,66324.0,Verified,debt_consolidation,NC,36.64,0.0,675.0,679.0,2.0,36.5,49.0,Individual,5,High Risk,Manual Review
72544752,2450.0, 36 months,21.18,E,E3,10+ years,MORTGAGE,50000.0,Source Verified,debt_consolidation,NY,33.56,0.0,725.0,729.0,0.0,42.5,26.0,Individual,5,High Risk,Manual Review
72897674,12000.0, 60 months,23.13,F,F1,10+ years,MORTGAGE,117250.0,Source Verified,home_improvement,NJ,37.41,0.0,695.0,699.0,0.0,73.2,32.0,Individual,5,High Risk,Manual Review
73459086,8000.0, 36 months,20.75,E,E2,10+ years,RENT,54864.0,Source Verified,credit_card,NY,44.03,0.0,715.0,719.0,0.0,49.2,14.0,Individual,5,High Risk,Manual Review
72542361,15000.0, 60 months,19.99,E,E1,10+ years,OWN,50000.0,Verified,debt_consolidation,NY,33.85,0.0,665.0,669.0,1.0,52.6,17.0,Joint App,5,High Risk,Manual Review
73449836,2675.0, 36 months,24.99,F,F3,3 years,RENT,37700.0,Source Verified,debt_consolidation,KS,35.25,0.0,680.0,684.0,0.0,44.7,15.0,Individual,5,High Risk,Manual Review
73421129,5600.0, 36 months,27.34,G,G1,< 1 year,RENT,16983.0,Source Verified,other,VA,45.37,0.0,715.0,719.0,0.0,83.3,17.0,Individual,6,High Risk,Manual Review
73385965,2600.0, 36 months,25.88,F,F4,7 years,RENT,26050.0,Source Verified,debt_consolidation,TX,46.04,0.0,675.0,679.0,3.0,69.3,23.0,Individual,5,High Risk,Manual Review
73558988,8775.0, 36 months,22.45,E,E5,7 years,MORTGAGE,45000.0,Verified,debt_consolidation,AR,32.43,1.0,660.0,664.0,3.0,40.4,48.0,Individual,6,High Risk,Manual Review
72725948,35000.0, 60 months,20.75,E,E2,10+ years,MORTGAGE,125000.0,Source Verified,debt_consolidation,MN,32.33,1.0,690.0,694.0,0.0,56.3,46.0,Individual,6,High Risk,Manual Review
73599701,25750.0, 60 months,19.99,E,E1,4 years,OWN,56000.0,Source Verified,credit_card,HI,35.1,3.0,675.0,679.0,0.0,87.6,22.0,Individual,7,High Risk,Manual Review
73283489,31625.0, 36 months,20.75,E,E2,10+ years,MORTGAGE,75169.0,Verified,debt_consolidation,AL,17.02,4.0,680.0,684.0,1.0,82.0,29.0,Individual,5,High Risk,Manual Review
73628131,31500.0, 60 months,26.57,F,F5,10+ years,MORTGAGE,75000.0,Verified,debt_consolidation,GA,30.75,0.0,670.0,674.0,1.0,63.2,27.0,Individual,5,High Risk,Manual Review
73420528,16000.0, 36 months,19.99,E,E1,10+ years,RENT,49500.0,Verified,debt_consolidation,MA,42.74,0.0,680.0,684.0,1.0,61.4,37.0,Individual,5,High Risk,Manual Review
73470407,5000.0, 36 months,20.75,E,E2,1 year,RENT,32240.0,Source Verified,credit_card,CA,35.07,1.0,660.0,664.0,0.0,33.8,20.0,Individual,6,High Risk,Manual Review
73385707,32000.0, 60 months,20.75,E,E2,10+ years,RENT,86800.0,Not Verified,credit_card,NY,32.14,0.0,710.0,714.0,0.0,39.8,23.0,Individual,5,High Risk,Manual Review
73600943,1000.0, 36 months,25.88,F,F4,,RENT,29000.0,Verified,medical,VA,35.72,0.0,665.0,669.0,2.0,56.0,16.0,Individual,5,High Risk,Manual Review
73420711,17450.0, 60 months,23.13,F,F1,9 years,OWN,52000.0,Verified,home_improvement,NY,39.28,0.0,720.0,724.0,0.0,70.6,26.0,Individual,5,High Risk,Manual Review
73303146,3000.0, 36 months,23.13,F,F1,9 years,MORTGAGE,26845.0,Source Verified,car,NC,31.29,0.0,680.0,684.0,1.0,90.2,17.0,Individual,6,High Risk,Manual Review
73491205,19700.0, 60 months,24.11,F,F2,2 years,RENT,104000.0,Source Verified,credit_card,CO,37.46,1.0,685.0,689.0,0.0,44.4,60.0,Individual,6,High Risk,Manual Review
73610318,6025.0, 36 months,19.99,E,E1,2 years,MORTGAGE,185000.0,Source Verified,medical,MA,38.65,0.0,690.0,694.0,0.0,90.7,49.0,Individual,6,High Risk,Manual Review
73550789,28150.0, 60 months,25.88,F,F4,10+ years,MORTGAGE,77000.0,Verified,debt_consolidation,IN,30.1,0.0,690.0,694.0,2.0,25.1,33.0,Individual,5,High Risk,Manual Review
73470145,10000.0, 36 months,20.75,E,E2,10+ years,MORTGAGE,40000.0,Verified,debt_consolidation,AL,37.98,1.0,670.0,674.0,1.0,58.0,28.0,Individual,6,High Risk,Manual Review
73409671,8550.0, 36 months,22.45,E,E5,10+ years,OWN,28500.0,Source Verified,other,MD,36.63,1.0,680.0,684.0,0.0,80.9,16.0,Individual,7,High Risk,Manual Review
71846568,16000.0, 60 months,23.13,F,F1,10+ years,MORTGAGE,93000.0,Source Verified,debt_consolidation,IL,36.96,0.0,700.0,704.0,0.0,91.8,25.0,Individual,6,High Risk,Manual Review
72605820,8500.0, 36 months,19.99,E,E1,10+ years,RENT,57853.0,Source Verified,car,NY,30.62,0.0,685.0,689.0,0.0,55.4,17.0,Individual,5,High Risk,Manual Review
73649014,18000.0, 60 months,24.99,F,F3,10+ years,MORTGAGE,85000.0,Source Verified,debt_consolidation,ID,14.35,1.0,660.0,664.0,0.0,92.9,29.0,Individual,5,High Risk,Manual Review
73518664,35000.0, 36 months,19.99,E,E1,10+ years,MORTGAGE,108000.0,Source Verified,credit_card,NC,32.1,0.0,685.0,689.0,0.0,53.4,28.0,Individual,5,High Risk,Manual Review
73519593,35000.0, 60 months,21.97,E,E4,10+ years,MORTGAGE,95000.0,Source Verified,debt_consolidation,TN,31.39,0.0,675.0,679.0,1.0,67.0,42.0,Individual,5,High Risk,Manual Review
73161916,23100.0, 36 months,21.18,E,E3,8 years,MORTGAGE,110472.0,Verified,credit_card,LA,42.92,0.0,725.0,729.0,0.0,77.3,23.0,Individual,5,High Risk,Manual Review
73620331,16750.0, 60 months,24.11,F,F2,10+ years,MORTGAGE,89000.0,Not Verified,debt_consolidation,NJ,32.89,0.0,715.0,719.0,0.0,70.5,19.0,Individual,5,High Risk,Manual Review
73559621,17175.0, 36 months,21.97,E,E4,10+ years,MORTGAGE,94000.0,Not Verified,debt_consolidation,FL,37.68,0.0,705.0,709.0,0.0,82.0,32.0,Individual,6,High Risk,Manual Review
73448484,24650.0, 60 months,21.18,E,E3,10+ years,MORTGAGE,73000.0,Not Verified,credit_card,MD,30.4,0.0,675.0,679.0,0.0,72.0,27.0,Individual,5,High Risk,Manual Review
71452331,25500.0, 60 months,27.34,G,G1,6 years,RENT,58000.0,Verified,debt_consolidation,TX,46.45,0.0,720.0,724.0,0.0,76.5,14.0,Individual,5,High Risk,Manual Review
73539514,16450.0, 60 months,22.45,E,E5,,RENT,32939.0,Verified,medical,MA,32.73,0.0,670.0,674.0,2.0,54.3,45.0,Individual,5,High Risk,Manual Review
72593763,14775.0, 36 months,20.75,E,E2,3 years,MORTGAGE,80000.0,Not Verified,debt_consolidation,MN,31.56,0.0,660.0,664.0,0.0,70.0,31.0,Individual,5,High Risk,Manual Review
73429945,14200.0, 36 months,20.75,E,E2,4 years,MORTGAGE,80000.0,Source Verified,debt_consolidation,CT,37.05,1.0,725.0,729.0,0.0,65.1,28.0,Individual,6,High Risk,Manual Review
73375794,13925.0, 60 months,24.99,F,F3,3 years,MORTGAGE,33280.0,Verified,credit_card,TN,30.87,0.0,710.0,714.0,0.0,76.6,18.0,Individual,5,High Risk,Manual Review
73590050,6900.0, 36 months,28.99,G,G5,10+ years,MORTGAGE,23000.0,Source Verified,home_improvement,TX,32.57,3.0,660.0,664.0,2.0,62.3,47.0,Individual,6,High Risk,Manual Review
72683297,31200.0, 60 months,25.88,F,F4,2 years,RENT,65000.0,Source Verified,debt_consolidation,PA,36.89,0.0,695.0,699.0,1.0,74.4,23.0,Individual,5,High Risk,Manual Review
73549308,19600.0, 60 months,21.97,E,E4,8 years,RENT,60000.0,Source Verified,debt_consolidation,CA,37.39,0.0,660.0,664.0,0.0,85.2,24.0,Individual,6,High Risk,Manual Review
71957326,25000.0, 60 months,23.13,F,F1,10+ years,RENT,100000.0,Verified,credit_card,CA,32.75,0.0,675.0,679.0,2.0,56.8,37.0,Individual,5,High Risk,Manual Review
73649628,24650.0, 60 months,28.34,G,G3,10+ years,MORTGAGE,70000.0,Verified,debt_consolidation,TX,33.45,0.0,675.0,679.0,1.0,15.6,26.0,Individual,5,High Risk,Manual Review
71442630,3175.0, 36 months,21.18,E,E3,8 years,MORTGAGE,42500.0,Source Verified,credit_card,UT,37.25,0.0,720.0,724.0,0.0,82.6,30.0,Individual,6,High Risk,Manual Review
73509569,20000.0, 60 months,24.11,F,F2,2 years,MORTGAGE,110000.0,Verified,debt_consolidation,TX,35.2,0.0,725.0,729.0,0.0,78.6,28.0,Individual,5,High Risk,Manual Review
73498913,30000.0, 36 months,19.99,E,E1,9 years,MORTGAGE,77000.0,Source Verified,debt_consolidation,WI,32.93,1.0,680.0,684.0,1.0,62.5,55.0,Individual,6,High Risk,Manual Review
73509869,4425.0, 36 months,23.13,F,F1,4 years,RENT,26000.0,Verified,debt_consolidation,TN,15.42,1.0,660.0,664.0,1.0,92.2,32.0,Individual,5,High Risk,Manual Review
73529111,21400.0, 36 months,20.75,E,E2,,RENT,50980.32,Verified,debt_consolidation,ID,31.92,0.0,675.0,679.0,0.0,86.7,32.0,Individual,6,High Risk,Manual Review
73385972,25950.0, 60 months,23.13,F,F1,10+ years,RENT,59000.0,Not Verified,debt_consolidation,NJ,37.29,2.0,695.0,699.0,0.0,45.3,46.0,Individual,6,High Risk,Manual Review
73037666,4600.0, 36 months,21.18,E,E3,5 years,MORTGAGE,41500.0,Verified,debt_consolidation,NC,36.81,0.0,660.0,664.0,0.0,53.8,24.0,Individual,5,High Risk,Manual Review
73498704,30000.0, 60 months,22.45,E,E5,10+ years,MORTGAGE,150000.0,Source Verified,debt_consolidation,OH,34.33,0.0,705.0,709.0,2.0,60.6,39.0,Individual,5,High Risk,Manual Review
71754741,9075.0, 36 months,21.18,E,E3,,RENT,22000.0,Verified,debt_consolidation,FL,32.79,0.0,670.0,674.0,1.0,1.5,20.0,Individual,5,High Risk,Manual Review
73619239,17025.0, 60 months,24.11,F,F2,7 years,MORTGAGE,90000.0,Not Verified,debt_consolidation,TX,37.91,0.0,675.0,679.0,1.0,59.6,55.0,Individual,5,High Risk,Manual Review
73498714,17875.0, 36 months,22.45,E,E5,10+ years,MORTGAGE,56000.0,Verified,debt_consolidation,TX,31.78,2.0,660.0,664.0,1.0,71.4,27.0,Individual,6,High Risk,Manual Review
72282114,19050.0, 60 months,19.99,E,E1,5 years,OWN,75000.0,Verified,home_improvement,NC,31.26,1.0,680.0,684.0,2.0,19.0,42.0,Individual,6,High Risk,Manual Review
71164136,3000.0, 36 months,19.99,E,E1,1 year,RENT,14000.0,Verified,debt_consolidation,CA,39.71,0.0,675.0,679.0,2.0,60.2,6.0,Individual,5,High Risk,Manual Review
73559207,17475.0, 60 months,24.11,F,F2,< 1 year,MORTGAGE,38000.0,Not Verified,debt_consolidation,CO,33.51,0.0,700.0,704.0,1.0,54.9,13.0,Individual,5,High Risk,Manual Review
73549239,2800.0, 36 months,19.99,E,E1,< 1 year,RENT,32000.0,Source Verified,debt_consolidation,TX,40.68,1.0,720.0,724.0,1.0,51.3,25.0,Individual,6,High Risk,Manual Review
73599029,25000.0, 60 months,23.13,F,F1,10+ years,RENT,50000.0,Source Verified,debt_consolidation,CA,34.49,0.0,725.0,729.0,1.0,76.5,14.0,Individual,5,High Risk,Manual Review
73312395,5000.0, 36 months,21.18,E,E3,< 1 year,RENT,29000.0,Source Verified,debt_consolidation,NM,35.55,0.0,665.0,669.0,0.0,49.0,32.0,Individual,5,High Risk,Manual Review
73375526,11400.0, 36 months,26.57,F,F5,10+ years,MORTGAGE,38000.0,Verified,debt_consolidation,NY,30.67,0.0,660.0,664.0,1.0,59.6,28.0,Individual,5,High Risk,Manual Review
72715389,16000.0, 60 months,28.14,G,G2,10+ years,RENT,40000.0,Verified,debt_consolidation,AZ,42.48,0.0,675.0,679.0,0.0,59.9,33.0,Individual,5,High Risk,Manual Review
73509093,5000.0, 36 months,19.99,E,E1,10+ years,MORTGAGE,36000.0,Source Verified,other,WV,35.13,1.0,700.0,704.0,0.0,37.1,28.0,Individual,6,High Risk,Manual Review
73449296,19800.0, 60 months,22.45,E,E5,4 years,RENT,45000.0,Verified,credit_card,WA,42.03,0.0,670.0,674.0,2.0,81.8,26.0,Individual,6,High Risk,Manual Review
72594924,8000.0, 36 months,21.18,E,E3,8 years,RENT,68500.0,Source Verified,debt_consolidation,OR,35.39,1.0,665.0,669.0,1.0,38.3,34.0,Individual,6,High Risk,Manual Review
73498740,28000.0, 60 months,26.57,F,F5,9 years,MORTGAGE,106000.0,Verified,credit_card,PA,36.34,0.0,705.0,709.0,2.0,46.1,68.0,Individual,5,High Risk,Manual Review
73598815,12525.0, 60 months,22.45,E,E5,10+ years,OWN,28500.0,Source Verified,debt_consolidation,AZ,31.79,0.0,680.0,684.0,0.0,70.7,18.0,Individual,5,High Risk,Manual Review
73397822,12000.0, 60 months,19.99,E,E1,2 years,RENT,50000.0,Source Verified,debt_consolidation,MN,34.71,0.0,665.0,669.0,0.0,67.6,56.0,Individual,5,High Risk,Manual Review
73385480,15600.0, 60 months,22.45,E,E5,9 years,RENT,48000.0,Verified,debt_consolidation,CA,44.88,0.0,665.0,669.0,1.0,64.9,50.0,Individual,5,High Risk,Manual Review
73558853,7200.0, 36 months,19.99,E,E1,,RENT,19000.0,Verified,credit_card,SC,36.51,0.0,660.0,664.0,2.0,56.8,29.0,Individual,5,High Risk,Manual Review
73639015,7725.0, 36 months,21.97,E,E4,3 years,MORTGAGE,58000.0,Verified,small_business,LA,35.96,0.0,685.0,689.0,0.0,69.9,22.0,Individual,5,High Risk,Manual Review
73488851,12000.0, 60 months,21.97,E,E4,10+ years,MORTGAGE,30000.0,Source Verified,credit_card,PA,37.36,0.0,670.0,674.0,1.0,49.3,45.0,Individual,5,High Risk,Manual Review
73365234,12950.0, 36 months,20.75,E,E2,10+ years,MORTGAGE,44000.0,Verified,debt_consolidation,NC,37.59,0.0,670.0,674.0,0.0,81.1,14.0,Individual,6,High Risk,Manual Review
72002721,19950.0, 60 months,21.18,E,E3,3 years,MORTGAGE,68000.0,Source Verified,credit_card,NV,34.42,0.0,725.0,729.0,1.0,64.0,15.0,Individual,5,High Risk,Manual Review
73508866,35000.0, 60 months,19.99,E,E1,10+ years,MORTGAGE,141555.0,Verified,debt_consolidation,MD,15.79,2.0,660.0,664.0,1.0,101.1,31.0,Individual,5,High Risk,Manual Review
73488945,11000.0, 60 months,24.11,F,F2,5 years,RENT,49000.0,Source Verified,debt_consolidation,MD,37.79,0.0,720.0,724.0,0.0,5.8,30.0,Individual,5,High Risk,Manual Review
73375422,24000.0, 60 months,21.97,E,E4,10+ years,MORTGAGE,87000.0,Verified,debt_consolidation,KS,36.99,0.0,680.0,684.0,1.0,84.7,20.0,Individual,6,High Risk,Manual Review
73568842,30000.0, 60 months,24.11,F,F2,10+ years,RENT,90000.0,Source Verified,debt_consolidation,GA,30.06,1.0,670.0,674.0,2.0,61.2,32.0,Individual,6,High Risk,Manual Review
73628799,21000.0, 60 months,21.18,E,E3,10+ years,MORTGAGE,86000.0,Not Verified,medical,PA,30.16,0.0,695.0,699.0,3.0,68.2,29.0,Individual,5,High Risk,Manual Review
72624928,30475.0, 60 months,22.45,E,E5,2 years,RENT,66300.0,Source Verified,debt_consolidation,FL,30.97,1.0,710.0,714.0,0.0,25.6,47.0,Individual,6,High Risk,Manual Review
73618852,33000.0, 36 months,22.45,E,E5,10+ years,MORTGAGE,113500.0,Verified,debt_consolidation,IN,36.13,0.0,690.0,694.0,1.0,84.1,37.0,Individual,6,High Risk,Manual Review
73385412,16875.0, 60 months,17.27,D,D2,,MORTGAGE,45000.0,Verified,debt_consolidation,OR,33.63,1.0,685.0,689.0,1.0,82.0,19.0,Individual,5,High Risk,Manual Review
73578541,24550.0, 60 months,20.75,E,E2,10+ years,MORTGAGE,125000.0,Verified,debt_consolidation,VT,30.02,0.0,705.0,709.0,1.0,65.1,32.0,Individual,5,High Risk,Manual Review
73262354,12000.0, 60 months,23.13,F,F1,6 years,RENT,26496.0,Verified,debt_consolidation,TX,36.1,0.0,675.0,679.0,1.0,22.4,28.0,Individual,5,High Risk,Manual Review
73478752,12000.0, 60 months,25.88,F,F4,2 years,RENT,48108.0,Verified,debt_consolidation,TX,39.82,0.0,685.0,689.0,1.0,83.8,29.0,Individual,6,High Risk,Manual Review
73191349,22800.0, 60 months,21.18,E,E3,8 years,RENT,94052.0,Not Verified,debt_consolidation,OH,30.08,0.0,660.0,664.0,0.0,74.9,50.0,Individual,5,High Risk,Manual Review
70995691,35000.0, 60 months,21.97,E,E4,10+ years,MORTGAGE,98100.0,Verified,debt_consolidation,LA,31.77,1.0,695.0,699.0,0.0,75.1,23.0,Individual,6,High Risk,Manual Review
73375316,14025.0, 36 months,23.13,F,F1,9 years,MORTGAGE,65000.0,Verified,debt_consolidation,IL,34.86,1.0,675.0,679.0,4.0,56.2,26.0,Individual,6,High Risk,Manual Review
73498555,25000.0, 60 months,21.97,E,E4,9 years,MORTGAGE,82000.0,Source Verified,credit_card,CA,30.73,0.0,685.0,689.0,1.0,79.8,29.0,Individual,5,High Risk,Manual Review
70856013,23350.0, 60 months,24.99,F,F3,8 years,RENT,70000.0,Verified,credit_card,FL,38.85,0.0,690.0,694.0,0.0,95.0,44.0,Individual,6,High Risk,Manual Review
73508374,4875.0, 36 months,21.97,E,E4,,MORTGAGE,24000.0,Verified,credit_card,TX,46.2,0.0,670.0,674.0,0.0,52.9,40.0,Individual,5,High Risk,Manual Review
73651142,35000.0, 36 months,21.97,E,E4,10+ years,RENT,85000.0,Not Verified,debt_consolidation,CO,38.18,0.0,705.0,709.0,1.0,94.7,19.0,Individual,6,High Risk,Manual Review
73272094,17000.0, 60 months,23.13,F,F1,5 years,RENT,42000.0,Source Verified,debt_consolidation,LA,36.69,0.0,665.0,669.0,0.0,48.1,36.0,Individual,5,High Risk,Manual Review
73478544,10000.0, 60 months,24.99,F,F3,10+ years,OWN,36000.0,Source Verified,debt_consolidation,OK,36.03,0.0,660.0,664.0,1.0,36.8,34.0,Individual,5,High Risk,Manual Review
73397608,17150.0, 60 months,22.45,E,E5,3 years,MORTGAGE,62000.0,Not Verified,debt_consolidation,MI,34.96,0.0,670.0,674.0,1.0,90.7,66.0,Individual,6,High Risk,Manual Review
73528613,6425.0, 36 months,21.18,E,E3,10+ years,MORTGAGE,50000.0,Verified,renewable_energy,NY,38.57,1.0,695.0,699.0,0.0,54.5,32.0,Individual,6,High Risk,Manual Review
72564904,32000.0, 36 months,20.75,E,E2,< 1 year,MORTGAGE,84000.0,Verified,credit_card,IL,38.07,1.0,665.0,669.0,1.0,92.1,36.0,Individual,7,High Risk,Manual Review
72575104,12000.0, 60 months,19.99,E,E1,10+ years,MORTGAGE,60000.0,Not Verified,debt_consolidation,GA,33.02,0.0,685.0,689.0,0.0,61.9,35.0,Individual,5,High Risk,Manual Review
73458499,25000.0, 60 months,25.88,F,F4,2 years,MORTGAGE,116000.0,Verified,debt_consolidation,TX,47.44,0.0,670.0,674.0,0.0,93.1,44.0,Individual,6,High Risk,Manual Review
73628642,11200.0, 60 months,23.13,F,F1,7 years,RENT,44100.0,Verified,debt_consolidation,TX,39.65,0.0,690.0,694.0,0.0,48.2,23.0,Individual,5,High Risk,Manual Review
71756712,16475.0, 60 months,25.88,F,F4,,RENT,39250.0,Verified,debt_consolidation,LA,36.24,0.0,700.0,704.0,0.0,96.6,26.0,Individual,6,High Risk,Manual Review
72722901,26325.0, 60 months,25.88,F,F4,10+ years,MORTGAGE,80500.0,Verified,debt_consolidation,CT,39.03,0.0,675.0,679.0,2.0,71.7,29.0,Individual,5,High Risk,Manual Review
73650144,14000.0, 36 months,21.18,E,E3,5 years,MORTGAGE,40000.0,Verified,debt_consolidation,AL,22.98,1.0,675.0,679.0,0.0,83.4,22.0,Individual,5,High Risk,Manual Review
73087550,8400.0, 36 months,22.45,E,E5,1 year,RENT,29120.0,Not Verified,debt_consolidation,GA,40.07,0.0,660.0,664.0,0.0,46.7,50.0,Individual,5,High Risk,Manual Review
73528621,29800.0, 36 months,17.27,D,D2,10+ years,RENT,85000.0,Verified,debt_consolidation,MD,30.98,1.0,660.0,664.0,0.0,84.0,65.0,Individual,5,High Risk,Manual Review
72532408,27175.0, 60 months,24.99,F,F3,5 years,MORTGAGE,90000.0,Verified,debt_consolidation,TX,34.63,2.0,690.0,694.0,2.0,48.0,27.0,Individual,6,High Risk,Manual Review
73448500,26700.0, 60 months,24.99,F,F3,2 years,OWN,110000.0,Source Verified,debt_consolidation,MD,34.51,1.0,690.0,694.0,1.0,97.1,26.0,Individual,7,High Risk,Manual Review
73397438,35000.0, 60 months,23.13,F,F1,1 year,MORTGAGE,101970.0,Verified,debt_consolidation,OH,33.74,0.0,695.0,699.0,0.0,85.2,33.0,Individual,6,High Risk,Manual Review
73488456,15000.0, 60 months,20.75,E,E2,< 1 year,OWN,100000.0,Source Verified,debt_consolidation,TX,31.12,1.0,660.0,664.0,0.0,17.6,22.0,Individual,6,High Risk,Manual Review
73608422,13500.0, 60 months,24.11,F,F2,2 years,RENT,45000.0,Source Verified,debt_consolidation,HI,30.51,0.0,685.0,689.0,0.0,93.2,9.0,Joint App,6,High Risk,Manual Review
72887737,30000.0, 60 months,23.13,F,F1,1 year,MORTGAGE,65240.0,Verified,debt_consolidation,SC,14.72,1.0,670.0,674.0,0.0,93.0,16.0,Individual,5,High Risk,Manual Review
73334988,22500.0, 60 months,24.99,F,F3,10+ years,MORTGAGE,49000.0,Source Verified,debt_consolidation,NY,31.55,0.0,705.0,709.0,0.0,94.9,24.0,Individual,6,High Risk,Manual Review
73182239,8725.0, 36 months,22.45,E,E5,10+ years,MORTGAGE,60000.0,Source Verified,home_improvement,TX,34.58,0.0,690.0,694.0,0.0,95.7,33.0,Individual,6,High Risk,Manual Review
72644150,11125.0, 60 months,24.11,F,F2,10+ years,MORTGAGE,55000.0,Verified,small_business,ME,36.64,3.0,680.0,684.0,3.0,68.6,21.0,Individual,6,High Risk,Manual Review
73458449,5000.0, 36 months,18.25,D,D3,5 years,RENT,66601.0,Source Verified,other,MI,36.09,2.0,670.0,674.0,1.0,85.1,45.0,Individual,5,High Risk,Manual Review
73508362,16000.0, 60 months,20.75,E,E2,7 years,RENT,54000.0,Source Verified,debt_consolidation,KS,34.91,0.0,675.0,679.0,0.0,70.8,33.0,Individual,5,High Risk,Manual Review
73313164,25650.0, 60 months,21.97,E,E4,6 years,MORTGAGE,82000.0,Not Verified,debt_consolidation,PA,38.37,0.0,755.0,759.0,2.0,11.6,40.0,Individual,5,High Risk,Manual Review
72744306,9150.0, 36 months,23.13,F,F1,,RENT,36000.0,Verified,debt_consolidation,RI,34.0,0.0,675.0,679.0,0.0,97.7,17.0,Individual,6,High Risk,Manual Review
73578199,10000.0, 36 months,20.75,E,E2,6 years,RENT,24000.0,Verified,debt_consolidation,AZ,36.81,0.0,705.0,709.0,3.0,16.7,11.0,Individual,5,High Risk,Manual Review
73488207,19750.0, 60 months,23.13,F,F1,8 years,MORTGAGE,33000.0,Verified,debt_consolidation,AZ,40.24,0.0,665.0,669.0,2.0,31.7,23.0,Joint App,5,High Risk,Manual Review
73346330,16000.0, 60 months,21.18,E,E3,6 years,MORTGAGE,92000.0,Verified,debt_consolidation,WI,30.54,0.0,660.0,664.0,1.0,56.4,36.0,Individual,5,High Risk,Manual Review
73478150,25600.0, 60 months,25.88,F,F4,5 years,OWN,51440.0,Verified,debt_consolidation,TX,47.53,0.0,670.0,674.0,0.0,69.1,62.0,Individual,5,High Risk,Manual Review
73518243,12425.0, 60 months,21.18,E,E3,10+ years,OWN,54000.0,Source Verified,debt_consolidation,OR,32.29,0.0,670.0,674.0,1.0,78.3,37.0,Individual,5,High Risk,Manual Review
72847223,25000.0, 60 months,25.88,F,F4,7 years,MORTGAGE,67000.0,Verified,debt_consolidation,CA,39.23,2.0,670.0,674.0,0.0,13.8,41.0,Individual,6,High Risk,Manual Review
73334881,16500.0, 36 months,22.45,E,E5,6 years,MORTGAGE,55000.0,Verified,debt_consolidation,OK,16.78,2.0,665.0,669.0,1.0,86.2,17.0,Individual,5,High Risk,Manual Review
73397295,3000.0, 36 months,21.18,E,E3,2 years,MORTGAGE,64000.0,Source Verified,other,MD,33.3,0.0,680.0,684.0,1.0,71.9,29.0,Individual,5,High Risk,Manual Review
73618282,10175.0, 36 months,20.75,E,E2,4 years,RENT,30000.0,Source Verified,debt_consolidation,FL,31.12,0.0,660.0,664.0,3.0,41.8,19.0,Individual,5,High Risk,Manual Review
73498247,5000.0, 36 months,21.18,E,E3,3 years,MORTGAGE,55000.0,Source Verified,debt_consolidation,NC,46.52,0.0,675.0,679.0,0.0,82.0,18.0,Individual,6,High Risk,Manual Review
72765355,16525.0, 60 months,28.34,G,G3,10+ years,MORTGAGE,78000.0,Verified,other,TN,44.83,0.0,685.0,689.0,0.0,66.4,33.0,Individual,5,High Risk,Manual Review
73468149,15000.0, 60 months,22.45,E,E5,4 years,MORTGAGE,48000.0,Source Verified,debt_consolidation,TX,35.95,0.0,705.0,709.0,0.0,71.9,9.0,Individual,5,High Risk,Manual Review
73222515,5000.0, 36 months,18.25,D,D3,1 year,RENT,24000.0,Verified,credit_card,CO,49.15,2.0,665.0,669.0,0.0,93.5,31.0,Individual,5,High Risk,Manual Review
73408114,7550.0, 36 months,19.99,E,E1,1 year,RENT,18000.0,Source Verified,debt_consolidation,NC,38.8,1.0,670.0,674.0,0.0,49.3,15.0,Individual,6,High Risk,Manual Review
72673168,3925.0, 36 months,20.75,E,E2,9 years,MORTGAGE,20500.0,Source Verified,major_purchase,PA,30.9,0.0,705.0,709.0,1.0,35.7,18.0,Individual,5,High Risk,Manual Review
73067610,34650.0, 60 months,21.97,E,E4,10+ years,MORTGAGE,77000.0,Verified,debt_consolidation,NC,32.79,1.0,685.0,689.0,2.0,81.0,28.0,Individual,7,High Risk,Manual Review
73448121,9450.0, 36 months,20.75,E,E2,10+ years,OWN,27800.0,Verified,home_improvement,NJ,35.07,0.0,700.0,704.0,0.0,66.4,10.0,Individual,5,High Risk,Manual Review
73282971,14000.0, 60 months,23.13,F,F1,10+ years,MORTGAGE,100000.0,Source Verified,debt_consolidation,IL,31.61,2.0,660.0,664.0,2.0,37.0,44.0,Individual,6,High Risk,Manual Review
73558145,10875.0, 36 months,19.99,E,E1,1 year,MORTGAGE,38000.0,Source Verified,credit_card,NY,37.43,0.0,690.0,694.0,0.0,63.4,23.0,Individual,5,High Risk,Manual Review
73162479,10325.0, 36 months,23.13,F,F1,,RENT,28702.0,Verified,debt_consolidation,AZ,37.1,0.0,675.0,679.0,0.0,74.0,16.0,Individual,5,High Risk,Manual Review
73273228,16500.0, 60 months,28.14,G,G2,2 years,MORTGAGE,55000.0,Verified,debt_consolidation,LA,44.16,0.0,680.0,684.0,0.0,88.0,46.0,Individual,6,High Risk,Manual Review
73087636,4200.0, 36 months,27.34,G,G1,2 years,RENT,35000.0,Verified,debt_consolidation,NE,31.89,0.0,665.0,669.0,1.0,93.5,19.0,Individual,6,High Risk,Manual Review
73222511,11200.0, 60 months,19.99,E,E1,9 years,MORTGAGE,87000.0,Source Verified,debt_consolidation,PA,31.43,1.0,670.0,674.0,3.0,96.4,45.0,Individual,7,High Risk,Manual Review
73222525,30000.0, 36 months,19.99,E,E1,10+ years,RENT,60000.0,Source Verified,debt_consolidation,CA,36.34,0.0,685.0,689.0,0.0,26.5,33.0,Individual,5,High Risk,Manual Review
72847592,12475.0, 36 months,21.18,E,E3,,RENT,31200.0,Verified,debt_consolidation,NY,49.93,1.0,675.0,679.0,2.0,41.2,33.0,Individual,6,High Risk,Manual Review
70834734,18625.0, 60 months,22.45,E,E5,10+ years,MORTGAGE,65000.0,Source Verified,other,TN,33.05,2.0,660.0,664.0,0.0,54.0,32.0,Individual,6,High Risk,Manual Review
73132380,31200.0, 60 months,22.45,E,E5,10+ years,MORTGAGE,135000.0,Verified,debt_consolidation,FL,27.12,1.0,680.0,684.0,0.0,95.1,25.0,Individual,5,High Risk,Manual Review
73322840,20000.0, 60 months,24.99,F,F3,2 years,RENT,40000.0,Source Verified,credit_card,WA,23.58,1.0,670.0,674.0,0.0,90.3,23.0,Individual,5,High Risk,Manual Review
73252331,4000.0, 36 months,20.75,E,E2,3 years,RENT,24234.0,Source Verified,debt_consolidation,OR,35.15,0.0,670.0,674.0,1.0,65.3,12.0,Individual,5,High Risk,Manual Review
73152470,19150.0, 60 months,23.13,F,F1,,OWN,57000.0,Verified,credit_card,FL,30.44,1.0,675.0,679.0,1.0,89.7,32.0,Individual,7,High Risk,Manual Review
72193685,18900.0, 36 months,21.18,E,E3,9 years,RENT,45000.0,Source Verified,credit_card,FL,36.05,0.0,675.0,679.0,0.0,67.3,14.0,Individual,5,High Risk,Manual Review
72082744,6575.0, 36 months,18.99,D,D4,5 years,MORTGAGE,47000.0,Verified,debt_consolidation,LA,32.01,1.0,680.0,684.0,1.0,82.4,17.0,Individual,5,High Risk,Manual Review
73171855,5325.0, 36 months,20.75,E,E2,10+ years,MORTGAGE,38400.0,Source Verified,small_business,AL,33.97,0.0,660.0,664.0,2.0,90.2,27.0,Individual,6,High Risk,Manual Review
72857394,25000.0, 60 months,21.18,E,E3,10+ years,RENT,58200.0,Verified,debt_consolidation,NC,30.6,1.0,670.0,674.0,1.0,38.0,31.0,Individual,6,High Risk,Manual Review
73242458,27200.0, 36 months,24.99,F,F3,4 years,RENT,85000.0,Verified,small_business,IL,32.59,0.0,690.0,694.0,4.0,38.9,35.0,Individual,5,High Risk,Manual Review
72857387,22000.0, 60 months,20.75,E,E2,3 years,MORTGAGE,55000.0,Source Verified,debt_consolidation,FL,31.43,1.0,675.0,679.0,1.0,54.3,22.0,Individual,6,High Risk,Manual Review
73171732,12125.0, 36 months,23.13,F,F1,10+ years,RENT,60000.0,Verified,debt_consolidation,TX,46.83,0.0,690.0,694.0,0.0,73.7,29.0,Individual,5,High Risk,Manual Review
72594326,9600.0, 36 months,19.99,E,E1,10+ years,RENT,52500.0,Verified,debt_consolidation,AR,35.68,0.0,685.0,689.0,0.0,55.8,39.0,Individual,5,High Risk,Manual Review
72663738,7450.0, 36 months,21.18,E,E3,10+ years,MORTGAGE,64000.0,Source Verified,debt_consolidation,GA,34.4,2.0,680.0,684.0,3.0,33.3,23.0,Individual,6,High Risk,Manual Review
72716517,19025.0, 60 months,25.88,F,F4,< 1 year,MORTGAGE,56000.0,Source Verified,debt_consolidation,AL,29.52,6.0,660.0,664.0,0.0,89.4,37.0,Individual,5,High Risk,Manual Review
72977687,2900.0, 36 months,28.67,G,G4,< 1 year,RENT,45000.0,Source Verified,other,FL,38.49,1.0,670.0,674.0,1.0,73.8,34.0,Individual,6,High Risk,Manual Review
73222301,14150.0, 60 months,22.45,E,E5,6 years,RENT,50875.0,Verified,debt_consolidation,IL,33.85,0.0,670.0,674.0,2.0,61.0,31.0,Individual,5,High Risk,Manual Review
73152121,14000.0, 60 months,18.99,D,D4,< 1 year,RENT,80496.0,Verified,other,CA,31.63,3.0,665.0,669.0,0.0,98.4,39.0,Individual,5,High Risk,Manual Review
73273293,13000.0, 60 months,21.18,E,E3,< 1 year,RENT,62000.0,Verified,debt_consolidation,FL,30.37,0.0,705.0,709.0,2.0,24.9,51.0,Individual,5,High Risk,Manual Review
73335743,30000.0, 60 months,27.34,G,G1,10+ years,MORTGAGE,110000.0,Not Verified,credit_card,WA,36.76,0.0,670.0,674.0,1.0,85.1,46.0,Individual,6,High Risk,Manual Review
73242428,22000.0, 60 months,25.88,F,F4,10+ years,OWN,55000.0,Verified,debt_consolidation,NC,38.62,0.0,695.0,699.0,0.0,70.6,32.0,Individual,5,High Risk,Manual Review
73293091,35000.0, 36 months,21.97,E,E4,10+ years,MORTGAGE,48480.0,Verified,debt_consolidation,KY,37.18,0.0,670.0,674.0,0.0,68.6,41.0,Joint App,5,High Risk,Manual Review
72704671,7800.0, 36 months,26.57,F,F5,1 year,MORTGAGE,26000.0,Verified,moving,PA,30.15,0.0,685.0,689.0,0.0,71.1,11.0,Individual,5,High Risk,Manual Review
73142179,7950.0, 36 months,21.18,E,E3,2 years,MORTGAGE,42000.0,Verified,debt_consolidation,WI,41.09,5.0,670.0,674.0,1.0,39.4,35.0,Individual,6,High Risk,Manual Review
73292748,20625.0, 36 months,21.97,E,E4,3 years,MORTGAGE,82000.0,Not Verified,debt_consolidation,PA,35.72,1.0,690.0,694.0,4.0,64.2,38.0,Individual,6,High Risk,Manual Review
73322686,28000.0, 36 months,21.18,E,E3,4 years,MORTGAGE,56000.0,Verified,debt_consolidation,LA,34.03,0.0,760.0,764.0,0.0,30.9,22.0,Individual,5,High Risk,Manual Review
73161812,12350.0, 36 months,24.99,F,F3,8 years,RENT,70000.0,Source Verified,small_business,CA,8.81,1.0,665.0,669.0,1.0,92.8,22.0,Individual,5,High Risk,Manual Review
72674472,21425.0, 60 months,26.57,F,F5,4 years,OWN,61000.0,Verified,home_improvement,FL,33.9,0.0,675.0,679.0,1.0,29.5,57.0,Individual,5,High Risk,Manual Review
72584796,17125.0, 60 months,26.57,F,F5,10+ years,RENT,46500.0,Verified,debt_consolidation,MN,36.39,0.0,660.0,664.0,0.0,33.5,26.0,Individual,5,High Risk,Manual Review
72867194,15175.0, 60 months,28.14,G,G2,10+ years,MORTGAGE,65000.0,Verified,debt_consolidation,CA,38.35,0.0,660.0,664.0,0.0,91.7,38.0,Individual,6,High Risk,Manual Review
73152016,12725.0, 60 months,21.18,E,E3,3 years,OWN,42400.0,Source Verified,debt_consolidation,KS,33.85,0.0,730.0,734.0,1.0,94.6,13.0,Individual,6,High Risk,Manual Review
73141767,1400.0, 36 months,24.11,F,F2,,RENT,15000.0,Verified,car,MI,36.32,0.0,665.0,669.0,2.0,42.6,43.0,Individual,5,High Risk,Manual Review
73121255,6050.0, 36 months,19.99,E,E1,10+ years,MORTGAGE,47000.0,Verified,debt_consolidation,MA,39.2,0.0,660.0,664.0,0.0,30.4,22.0,Individual,5,High Risk,Manual Review
73302825,12000.0, 60 months,19.99,E,E1,10+ years,MORTGAGE,102400.0,Not Verified,credit_card,CA,36.61,0.0,710.0,714.0,0.0,58.5,39.0,Individual,5,High Risk,Manual Review
73151938,7000.0, 36 months,21.97,E,E4,< 1 year,RENT,30000.0,Verified,renewable_energy,NY,31.87,0.0,665.0,669.0,0.0,98.2,17.0,Individual,6,High Risk,Manual Review
73211759,28000.0, 36 months,19.99,E,E1,10+ years,MORTGAGE,94400.0,Source Verified,debt_consolidation,CA,36.71,1.0,660.0,664.0,2.0,41.3,33.0,Individual,6,High Risk,Manual Review
73121797,20625.0, 60 months,23.13,F,F1,10+ years,MORTGAGE,85000.0,Verified,credit_card,OR,40.93,0.0,695.0,699.0,3.0,47.6,38.0,Individual,5,High Risk,Manual Review
72554314,35000.0, 60 months,25.88,F,F4,4 years,RENT,106000.0,Verified,debt_consolidation,CA,31.93,0.0,665.0,669.0,1.0,70.8,52.0,Individual,5,High Risk,Manual Review
72917455,25500.0, 60 months,28.14,G,G2,1 year,RENT,85340.0,Verified,debt_consolidation,VA,38.93,0.0,720.0,724.0,2.0,55.8,34.0,Individual,5,High Risk,Manual Review
73241975,15000.0, 60 months,24.11,F,F2,10+ years,OWN,45000.0,Source Verified,debt_consolidation,PA,37.97,0.0,675.0,679.0,1.0,58.9,37.0,Individual,5,High Risk,Manual Review
73151994,11200.0, 36 months,21.18,E,E3,8 years,RENT,28000.0,Verified,debt_consolidation,IL,35.75,0.0,660.0,664.0,0.0,58.1,24.0,Individual,5,High Risk,Manual Review
73221716,21000.0, 60 months,23.13,F,F1,2 years,MORTGAGE,119000.0,Verified,debt_consolidation,WV,37.25,0.0,690.0,694.0,1.0,82.0,39.0,Individual,6,High Risk,Manual Review
73312753,3850.0, 36 months,22.45,E,E5,,MORTGAGE,15456.0,Verified,home_improvement,SC,39.13,0.0,665.0,669.0,1.0,55.5,16.0,Individual,5,High Risk,Manual Review
72545229,21000.0, 60 months,21.18,E,E3,10+ years,RENT,77875.0,Verified,debt_consolidation,HI,35.45,1.0,675.0,679.0,0.0,94.9,42.0,Individual,7,High Risk,Manual Review
73241974,28000.0, 60 months,20.75,E,E2,5 years,OWN,135000.0,Not Verified,home_improvement,NY,33.68,0.0,680.0,684.0,2.0,72.1,67.0,Individual,5,High Risk,Manual Review
72575316,24000.0, 60 months,19.99,E,E1,7 years,RENT,65000.0,Verified,debt_consolidation,CA,32.18,0.0,665.0,669.0,1.0,67.9,26.0,Individual,5,High Risk,Manual Review
73261924,16000.0, 60 months,25.88,F,F4,10+ years,MORTGAGE,38396.0,Verified,credit_card,GA,49.42,0.0,675.0,679.0,1.0,54.8,31.0,Individual,5,High Risk,Manual Review
72753642,4025.0, 36 months,19.99,E,E1,,RENT,9600.0,Verified,debt_consolidation,NY,33.63,0.0,755.0,759.0,1.0,22.5,6.0,Individual,5,High Risk,Manual Review
71756402,17500.0, 36 months,19.99,E,E1,8 years,MORTGAGE,35000.0,Verified,home_improvement,OR,33.78,0.0,710.0,714.0,0.0,61.3,23.0,Individual,5,High Risk,Manual Review
73292655,31200.0, 60 months,21.18,E,E3,3 years,MORTGAGE,103000.0,Not Verified,debt_consolidation,CO,36.16,0.0,780.0,784.0,0.0,0.0,12.0,Individual,5,High Risk,Manual Review
73282615,32500.0, 36 months,17.27,D,D2,3 years,RENT,65000.0,Verified,credit_card,MT,34.67,1.0,675.0,679.0,1.0,86.6,23.0,Individual,5,High Risk,Manual Review
72563018,10000.0, 60 months,22.45,E,E5,10+ years,MORTGAGE,38000.0,Not Verified,debt_consolidation,OH,38.59,0.0,710.0,714.0,0.0,73.4,31.0,Individual,5,High Risk,Manual Review
71736526,28000.0, 60 months,21.97,E,E4,5 years,MORTGAGE,35000.0,Verified,debt_consolidation,MA,51.3,0.0,675.0,679.0,0.0,87.8,25.0,Joint App,6,High Risk,Manual Review
73355594,10700.0, 60 months,22.45,E,E5,5 years,MORTGAGE,80000.0,Source Verified,debt_consolidation,NY,32.93,0.0,705.0,709.0,3.0,39.5,35.0,Individual,5,High Risk,Manual Review
73355675,13950.0, 36 months,21.97,E,E4,10+ years,MORTGAGE,73300.0,Verified,small_business,IL,27.69,1.0,665.0,669.0,3.0,80.1,39.0,Individual,5,High Risk,Manual Review
73365583,35000.0, 36 months,23.13,F,F1,< 1 year,MORTGAGE,71000.0,Source Verified,small_business,FL,19.05,4.0,670.0,674.0,2.0,88.2,32.0,Joint App,5,High Risk,Manual Review
73355634,6000.0, 36 months,21.97,E,E4,,OWN,20000.0,Verified,moving,TX,45.44,0.0,675.0,679.0,3.0,37.9,28.0,Individual,5,High Risk,Manual Review
73121699,26600.0, 60 months,21.97,E,E4,10+ years,OWN,70000.0,Source Verified,debt_consolidation,MI,18.61,1.0,660.0,664.0,1.0,85.8,11.0,Individual,5,High Risk,Manual Review
73365607,16000.0, 60 months,21.18,E,E3,2 years,MORTGAGE,65000.0,Source Verified,debt_consolidation,CO,38.57,0.0,670.0,674.0,1.0,86.4,17.0,Individual,6,High Risk,Manual Review
72583993,10675.0, 60 months,26.57,F,F5,3 years,MORTGAGE,48000.0,Not Verified,home_improvement,NV,30.5,0.0,660.0,664.0,1.0,62.5,27.0,Individual,5,High Risk,Manual Review
73322337,20100.0, 36 months,21.18,E,E3,10+ years,MORTGAGE,93100.8,Verified,debt_consolidation,IL,49.54,0.0,720.0,724.0,0.0,76.4,35.0,Individual,5,High Risk,Manual Review
73211678,35000.0, 60 months,21.97,E,E4,< 1 year,RENT,115000.0,Verified,other,VA,8.26,1.0,670.0,674.0,0.0,98.4,17.0,Individual,5,High Risk,Manual Review
73355676,11000.0, 60 months,21.18,E,E3,10+ years,MORTGAGE,59373.0,Not Verified,other,IN,42.51,0.0,695.0,699.0,0.0,34.8,23.0,Individual,5,High Risk,Manual Review
73312322,4325.0, 36 months,24.11,F,F2,10+ years,OWN,71000.0,Verified,credit_card,NM,40.01,0.0,660.0,664.0,1.0,88.2,31.0,Individual,6,High Risk,Manual Review
71857104,24000.0, 60 months,21.97,E,E4,1 year,MORTGAGE,80000.0,Source Verified,debt_consolidation,AR,33.15,1.0,680.0,684.0,4.0,44.3,50.0,Individual,6,High Risk,Manual Review
73221441,35000.0, 60 months,19.53,D,D5,10+ years,MORTGAGE,43134.0,Verified,debt_consolidation,MO,85.5,1.0,690.0,694.0,0.0,82.8,37.0,Joint App,5,High Risk,Manual Review
72745323,7200.0, 36 months,28.34,G,G3,10+ years,RENT,24000.0,Verified,other,NM,31.75,0.0,675.0,679.0,1.0,48.7,16.0,Individual,5,High Risk,Manual Review
73292498,30000.0, 60 months,20.75,E,E2,10+ years,OWN,120000.0,Verified,home_improvement,MD,33.48,2.0,685.0,689.0,0.0,55.2,31.0,Individual,6,High Risk,Manual Review
73047154,14000.0, 60 months,16.29,D,D1,1 year,MORTGAGE,60000.0,Not Verified,home_improvement,GA,34.08,1.0,675.0,679.0,0.0,99.1,39.0,Individual,5,High Risk,Manual Review
73282206,35000.0, 60 months,21.97,E,E4,< 1 year,MORTGAGE,131000.0,Verified,debt_consolidation,AL,37.87,0.0,670.0,674.0,1.0,86.0,18.0,Individual,6,High Risk,Manual Review
73171326,24450.0, 60 months,28.14,G,G2,2 years,MORTGAGE,81340.0,Not Verified,debt_consolidation,MI,40.53,0.0,670.0,674.0,0.0,59.9,52.0,Individual,5,High Risk,Manual Review
71109201,6350.0, 36 months,20.75,E,E2,4 years,OWN,34919.0,Verified,debt_consolidation,CA,30.25,0.0,660.0,664.0,0.0,82.7,20.0,Individual,6,High Risk,Manual Review
73151422,15800.0, 36 months,21.97,E,E4,,MORTGAGE,46493.0,Verified,debt_consolidation,PA,31.18,0.0,660.0,664.0,2.0,47.2,25.0,Individual,5,High Risk,Manual Review
73161532,19750.0, 36 months,18.99,D,D4,3 years,MORTGAGE,60000.0,Source Verified,credit_card,LA,35.42,1.0,695.0,699.0,0.0,94.9,24.0,Individual,5,High Risk,Manual Review
73251542,30800.0, 60 months,24.99,F,F3,4 years,RENT,88000.0,Not Verified,credit_card,CA,30.04,0.0,710.0,714.0,0.0,98.4,13.0,Individual,6,High Risk,Manual Review
72867282,19800.0, 60 months,20.75,E,E2,10+ years,MORTGAGE,70000.0,Verified,debt_consolidation,OH,33.57,0.0,685.0,689.0,0.0,59.9,38.0,Individual,5,High Risk,Manual Review
73323292,10000.0, 60 months,22.45,E,E5,1 year,OWN,60000.0,Verified,debt_consolidation,MN,36.58,0.0,675.0,679.0,1.0,64.6,18.0,Individual,5,High Risk,Manual Review
73131298,12350.0, 60 months,20.75,E,E2,9 years,MORTGAGE,49316.8,Not Verified,debt_consolidation,OH,35.98,0.0,710.0,714.0,0.0,91.2,25.0,Individual,6,High Risk,Manual Review
73261289,15000.0, 60 months,22.45,E,E5,,MORTGAGE,65076.0,Verified,small_business,NC,31.22,0.0,690.0,694.0,0.0,69.4,32.0,Individual,5,High Risk,Manual Review
72695526,20075.0, 36 months,22.45,E,E5,5 years,RENT,66500.0,Not Verified,debt_consolidation,WA,44.85,0.0,680.0,684.0,1.0,78.4,41.0,Individual,5,High Risk,Manual Review
73312273,6575.0, 36 months,20.75,E,E2,5 years,RENT,30000.0,Not Verified,debt_consolidation,MI,38.32,0.0,695.0,699.0,2.0,27.1,33.0,Individual,5,High Risk,Manual Review
73323227,17000.0, 60 months,21.18,E,E3,2 years,RENT,34000.0,Source Verified,debt_consolidation,OR,31.17,0.0,685.0,689.0,1.0,73.4,19.0,Individual,5,High Risk,Manual Review
72654262,25650.0, 36 months,21.18,E,E3,1 year,MORTGAGE,62000.0,Source Verified,debt_consolidation,NC,37.75,1.0,685.0,689.0,0.0,59.7,31.0,Individual,6,High Risk,Manual Review
70896652,11150.0, 36 months,19.99,E,E1,10+ years,MORTGAGE,33000.0,Source Verified,home_improvement,ND,31.35,0.0,730.0,734.0,0.0,61.9,11.0,Individual,5,High Risk,Manual Review
72753506,25500.0, 60 months,22.45,E,E5,3 years,MORTGAGE,51000.0,Not Verified,credit_card,MI,38.26,0.0,670.0,674.0,0.0,75.7,40.0,Individual,5,High Risk,Manual Review
73251325,1800.0, 36 months,21.97,E,E4,< 1 year,RENT,32900.0,Source Verified,other,WV,30.9,0.0,715.0,719.0,2.0,43.3,9.0,Individual,5,High Risk,Manual Review
72032346,28000.0, 60 months,22.45,E,E5,7 years,MORTGAGE,95300.0,Source Verified,debt_consolidation,VA,34.53,1.0,660.0,664.0,1.0,60.4,75.0,Individual,6,High Risk,Manual Review
72785264,22000.0, 60 months,26.57,F,F5,1 year,MORTGAGE,35000.0,Verified,debt_consolidation,TX,46.64,0.0,665.0,669.0,1.0,70.6,18.0,Joint App,5,High Risk,Manual Review
73231406,29950.0, 60 months,22.45,E,E5,2 years,MORTGAGE,80000.0,Verified,debt_consolidation,TX,35.09,1.0,690.0,694.0,2.0,81.0,25.0,Individual,7,High Risk,Manual Review
72867744,9775.0, 36 months,24.99,F,F3,,MORTGAGE,35676.0,Verified,debt_consolidation,OR,36.46,0.0,745.0,749.0,0.0,39.0,21.0,Individual,5,High Risk,Manual Review
72675091,15825.0, 36 months,21.18,E,E3,10+ years,RENT,44000.0,Source Verified,debt_consolidation,VA,38.73,0.0,680.0,684.0,0.0,87.4,14.0,Individual,6,High Risk,Manual Review
72534511,25950.0, 60 months,26.57,F,F5,< 1 year,MORTGAGE,123000.0,Verified,debt_consolidation,TN,33.36,0.0,670.0,674.0,0.0,70.0,44.0,Individual,5,High Risk,Manual Review
73261180,16000.0, 36 months,21.18,E,E3,6 years,OWN,40000.0,Verified,debt_consolidation,IL,44.58,0.0,660.0,664.0,2.0,90.0,33.0,Individual,6,High Risk,Manual Review
72755514,28000.0, 60 months,21.97,E,E4,10+ years,MORTGAGE,74000.0,Not Verified,debt_consolidation,GA,32.46,2.0,685.0,689.0,0.0,45.6,26.0,Individual,6,High Risk,Manual Review
72877687,15000.0, 36 months,20.75,E,E2,6 years,OWN,40000.0,Not Verified,credit_card,AR,41.46,0.0,665.0,669.0,0.0,58.6,48.0,Individual,5,High Risk,Manual Review
73037704,10050.0, 60 months,23.13,F,F1,4 years,MORTGAGE,50000.0,Not Verified,debt_consolidation,IL,44.7,0.0,675.0,679.0,0.0,62.8,36.0,Individual,5,High Risk,Manual Review
72542854,35000.0, 60 months,22.45,E,E5,4 years,MORTGAGE,48000.0,Verified,debt_consolidation,AR,35.39,0.0,680.0,684.0,0.0,93.2,20.0,Joint App,6,High Risk,Manual Review
72997585,8000.0, 36 months,19.99,E,E1,< 1 year,MORTGAGE,55000.0,Verified,debt_consolidation,VA,35.48,0.0,715.0,719.0,0.0,60.7,13.0,Individual,5,High Risk,Manual Review
73241122,10400.0, 60 months,21.18,E,E3,7 years,MORTGAGE,75000.0,Source Verified,home_improvement,GA,32.76,0.0,690.0,694.0,0.0,77.1,31.0,Individual,5,High Risk,Manual Review
73007402,19825.0, 60 months,22.45,E,E5,7 years,RENT,45000.0,Verified,credit_card,VA,30.23,0.0,700.0,704.0,0.0,63.5,18.0,Individual,5,High Risk,Manual Review
72615557,11900.0, 60 months,27.34,G,G1,10+ years,MORTGAGE,50000.0,Not Verified,debt_consolidation,CA,31.45,0.0,675.0,679.0,2.0,36.6,31.0,Individual,5,High Risk,Manual Review
72585407,6400.0, 36 months,21.97,E,E4,4 years,MORTGAGE,62000.0,Source Verified,credit_card,TX,35.33,1.0,690.0,694.0,0.0,84.9,28.0,Individual,7,High Risk,Manual Review
72887603,13600.0, 36 months,21.18,E,E3,10+ years,MORTGAGE,137000.0,Verified,debt_consolidation,FL,49.86,1.0,665.0,669.0,0.0,90.8,33.0,Individual,7,High Risk,Manual Review
72703042,35000.0, 60 months,20.75,E,E2,< 1 year,MORTGAGE,150000.0,Verified,debt_consolidation,TX,12.78,1.0,675.0,679.0,0.0,93.6,21.0,Individual,5,High Risk,Manual Review
72624317,5825.0, 36 months,19.99,E,E1,,MORTGAGE,90000.0,Verified,credit_card,NJ,41.65,1.0,665.0,669.0,1.0,44.3,34.0,Individual,6,High Risk,Manual Review
72112987,10200.0, 60 months,21.18,E,E3,10+ years,RENT,70000.0,Source Verified,medical,TX,35.09,0.0,735.0,739.0,0.0,29.1,30.0,Individual,5,High Risk,Manual Review
73077237,21000.0, 60 months,20.75,E,E2,10+ years,OWN,80000.0,Verified,other,GA,31.83,0.0,700.0,704.0,0.0,96.7,15.0,Individual,6,High Risk,Manual Review
72684602,13200.0, 36 months,19.99,E,E1,10+ years,MORTGAGE,65000.0,Source Verified,debt_consolidation,PA,34.28,1.0,690.0,694.0,1.0,87.5,30.0,Individual,7,High Risk,Manual Review
72847278,22000.0, 60 months,20.75,E,E2,10+ years,MORTGAGE,74000.0,Not Verified,debt_consolidation,MA,31.91,0.0,660.0,664.0,1.0,60.4,41.0,Individual,5,High Risk,Manual Review
72543400,24800.0, 60 months,24.99,F,F3,< 1 year,RENT,36000.0,Source Verified,other,AZ,48.39,0.0,670.0,674.0,1.0,90.4,30.0,Joint App,6,High Risk,Manual Review
72977614,14000.0, 60 months,20.75,E,E2,10+ years,RENT,48500.0,Verified,debt_consolidation,CO,44.16,0.0,680.0,684.0,1.0,97.9,15.0,Individual,6,High Risk,Manual Review
72857330,11425.0, 60 months,21.18,E,E3,2 years,RENT,26000.0,Verified,debt_consolidation,WA,30.7,0.0,690.0,694.0,0.0,55.0,14.0,Individual,5,High Risk,Manual Review
72674259,15475.0, 60 months,20.75,E,E2,2 years,MORTGAGE,76000.0,Source Verified,debt_consolidation,NC,34.05,9.0,660.0,664.0,0.0,92.8,33.0,Individual,7,High Risk,Manual Review
73087307,8850.0, 36 months,28.34,G,G3,2 years,MORTGAGE,29500.0,Verified,debt_consolidation,HI,36.78,0.0,670.0,674.0,1.0,7.2,16.0,Individual,5,High Risk,Manual Review
72947672,28000.0, 60 months,21.97,E,E4,10+ years,RENT,91000.0,Verified,debt_consolidation,OH,39.68,1.0,670.0,674.0,0.0,73.4,35.0,Individual,6,High Risk,Manual Review
72967621,25000.0, 60 months,22.45,E,E5,7 years,RENT,104300.0,Source Verified,house,NY,12.86,2.0,660.0,664.0,0.0,89.5,17.0,Individual,5,High Risk,Manual Review
73027458,19425.0, 36 months,23.13,F,F1,10+ years,MORTGAGE,80000.0,Not Verified,home_improvement,VA,39.96,0.0,670.0,674.0,0.0,83.5,31.0,Individual,6,High Risk,Manual Review
72714129,22075.0, 60 months,20.75,E,E2,4 years,RENT,48000.0,Source Verified,credit_card,IL,31.73,1.0,665.0,669.0,1.0,59.1,17.0,Individual,6,High Risk,Manual Review
73087649,3425.0, 36 months,20.75,E,E2,,RENT,10336.0,Verified,credit_card,IN,39.61,1.0,680.0,684.0,0.0,41.1,26.0,Individual,6,High Risk,Manual Review
72603447,8275.0, 36 months,20.75,E,E2,10+ years,RENT,53000.0,Source Verified,credit_card,AZ,38.97,0.0,665.0,669.0,0.0,71.8,28.0,Individual,5,High Risk,Manual Review
72801262,4000.0, 36 months,19.99,E,E1,10+ years,MORTGAGE,57700.0,Verified,other,TX,39.21,0.0,675.0,679.0,1.0,46.1,53.0,Individual,5,High Risk,Manual Review
72653450,16700.0, 60 months,23.13,F,F1,,MORTGAGE,38000.0,Not Verified,credit_card,MI,36.77,0.0,670.0,674.0,2.0,59.2,35.0,Individual,5,High Risk,Manual Review
72615809,35000.0, 36 months,22.45,E,E5,5 years,RENT,104600.0,Not Verified,debt_consolidation,IN,43.91,0.0,685.0,689.0,0.0,78.9,58.0,Individual,5,High Risk,Manual Review
72753078,32950.0, 36 months,20.75,E,E2,8 years,RENT,79000.0,Source Verified,debt_consolidation,CA,34.15,0.0,690.0,694.0,0.0,98.2,17.0,Individual,6,High Risk,Manual Review
72392113,30000.0, 60 months,20.75,E,E2,10+ years,MORTGAGE,83000.0,Not Verified,credit_card,OH,34.04,1.0,680.0,684.0,0.0,58.4,47.0,Individual,6,High Risk,Manual Review
72572452,18800.0, 36 months,24.11,F,F2,8 years,MORTGAGE,47000.0,Verified,debt_consolidation,MO,45.66,0.0,670.0,674.0,0.0,82.0,21.0,Individual,6,High Risk,Manual Review
73007548,32000.0, 36 months,16.29,D,D1,10+ years,RENT,168000.0,Verified,debt_consolidation,VA,31.1,1.0,670.0,674.0,1.0,86.0,48.0,Individual,5,High Risk,Manual Review
73077544,11000.0, 60 months,26.57,F,F5,< 1 year,RENT,34000.0,Verified,debt_consolidation,MN,45.04,0.0,705.0,709.0,0.0,44.5,19.0,Individual,5,High Risk,Manual Review
72997470,22550.0, 60 months,20.75,E,E2,10+ years,MORTGAGE,60000.0,Verified,debt_consolidation,AL,38.5,0.0,695.0,699.0,1.0,79.0,18.0,Individual,5,High Risk,Manual Review
73067526,32675.0, 60 months,22.45,E,E5,< 1 year,RENT,180000.0,Verified,debt_consolidation,MD,30.72,0.0,675.0,679.0,0.0,55.0,52.0,Individual,5,High Risk,Manual Review
72703857,7250.0, 36 months,28.67,G,G4,< 1 year,RENT,33280.0,Verified,debt_consolidation,TX,36.6,0.0,680.0,684.0,1.0,36.5,18.0,Individual,5,High Risk,Manual Review
72746007,27500.0, 60 months,24.11,F,F2,4 years,MORTGAGE,62000.0,Source Verified,debt_consolidation,OH,30.47,0.0,680.0,684.0,0.0,92.7,22.0,Individual,6,High Risk,Manual Review
72797837,21000.0, 60 months,20.75,E,E2,10+ years,MORTGAGE,49000.0,Source Verified,debt_consolidation,GA,33.4,0.0,695.0,699.0,1.0,48.5,38.0,Individual,5,High Risk,Manual Review
72544557,1450.0, 36 months,21.18,E,E3,5 years,RENT,24000.0,Source Verified,other,MO,32.7,0.0,700.0,704.0,0.0,30.4,8.0,Individual,5,High Risk,Manual Review
72857166,20150.0, 60 months,23.13,F,F1,3 years,RENT,63000.0,Source Verified,debt_consolidation,NY,32.8,0.0,680.0,684.0,1.0,76.8,25.0,Individual,5,High Risk,Manual Review
73007423,28000.0, 60 months,19.99,E,E1,10+ years,MORTGAGE,90000.0,Source Verified,debt_consolidation,MI,31.28,0.0,665.0,669.0,0.0,89.1,41.0,Joint App,6,High Risk,Manual Review
72755475,23450.0, 60 months,24.99,F,F3,10+ years,RENT,73000.0,Not Verified,debt_consolidation,MN,34.0,1.0,660.0,664.0,3.0,68.8,44.0,Individual,6,High Risk,Manual Review
72917385,11875.0, 36 months,19.99,E,E1,10+ years,OWN,54000.0,Source Verified,debt_consolidation,FL,43.24,0.0,705.0,709.0,0.0,48.6,39.0,Individual,5,High Risk,Manual Review
72575884,15650.0, 36 months,23.13,F,F1,1 year,RENT,52000.0,Verified,debt_consolidation,MI,40.02,0.0,660.0,664.0,1.0,66.6,33.0,Individual,5,High Risk,Manual Review
72745075,18000.0, 60 months,21.97,E,E4,10+ years,MORTGAGE,53000.0,Verified,debt_consolidation,FL,34.31,0.0,665.0,669.0,0.0,75.7,29.0,Individual,5,High Risk,Manual Review
70401533,28000.0, 60 months,21.18,E,E3,10+ years,RENT,150000.0,Not Verified,debt_consolidation,CA,28.41,1.0,700.0,704.0,0.0,81.7,11.0,Individual,5,High Risk,Manual Review
72887463,23000.0, 60 months,24.11,F,F2,6 years,RENT,85238.0,Source Verified,debt_consolidation,VA,35.32,0.0,780.0,784.0,0.0,34.8,17.0,Individual,5,High Risk,Manual Review
72907390,24775.0, 60 months,21.18,E,E3,5 years,MORTGAGE,75000.0,Source Verified,debt_consolidation,PA,37.04,0.0,685.0,689.0,4.0,69.2,37.0,Individual,5,High Risk,Manual Review
72907308,16400.0, 60 months,24.11,F,F2,10+ years,RENT,41000.0,Verified,debt_consolidation,IL,30.06,0.0,680.0,684.0,2.0,41.3,30.0,Individual,5,High Risk,Manual Review
72957338,30000.0, 60 months,21.97,E,E4,10+ years,RENT,75000.0,Verified,credit_card,CA,34.38,0.0,685.0,689.0,1.0,83.5,23.0,Individual,6,High Risk,Manual Review
72613909,21000.0, 60 months,19.99,E,E1,6 years,MORTGAGE,68000.0,Source Verified,debt_consolidation,TX,30.97,0.0,695.0,699.0,1.0,46.5,24.0,Individual,5,High Risk,Manual Review
72746200,11300.0, 36 months,19.99,E,E1,3 years,RENT,65000.0,Source Verified,debt_consolidation,CA,34.99,0.0,705.0,709.0,0.0,95.6,17.0,Individual,6,High Risk,Manual Review
73017235,5600.0, 36 months,24.11,F,F2,10+ years,MORTGAGE,55000.0,Verified,debt_consolidation,AZ,37.1,0.0,675.0,679.0,3.0,27.1,38.0,Individual,5,High Risk,Manual Review
72073420,35000.0, 60 months,21.18,E,E3,10+ years,MORTGAGE,62000.0,Verified,debt_consolidation,MO,31.57,0.0,680.0,684.0,1.0,82.8,36.0,Joint App,6,High Risk,Manual Review
72877225,4525.0, 36 months,23.13,F,F1,3 years,OWN,46000.0,Verified,home_improvement,MS,20.17,2.0,675.0,679.0,0.0,83.7,68.0,Individual,5,High Risk,Manual Review
72555173,9000.0, 36 months,20.75,E,E2,10+ years,OWN,45000.0,Source Verified,debt_consolidation,TX,41.39,1.0,690.0,694.0,0.0,73.4,27.0,Individual,6,High Risk,Manual Review
72776175,4725.0, 36 months,20.75,E,E2,10+ years,MORTGAGE,30000.0,Not Verified,credit_card,CO,39.48,0.0,690.0,694.0,0.0,70.9,36.0,Individual,5,High Risk,Manual Review
72857115,12150.0, 60 months,22.45,E,E5,10+ years,MORTGAGE,52500.0,Source Verified,credit_card,CT,32.61,1.0,685.0,689.0,1.0,33.8,29.0,Individual,6,High Risk,Manual Review
72847127,20000.0, 60 months,24.99,F,F3,10+ years,MORTGAGE,66000.0,Verified,credit_card,NC,35.25,1.0,670.0,674.0,3.0,76.8,31.0,Individual,6,High Risk,Manual Review
72755877,30000.0, 36 months,20.75,E,E2,10+ years,MORTGAGE,74000.0,Source Verified,debt_consolidation,WI,35.5,0.0,685.0,689.0,1.0,83.1,28.0,Individual,6,High Risk,Manual Review
72695561,9000.0, 36 months,21.18,E,E3,10+ years,MORTGAGE,65000.0,Not Verified,debt_consolidation,OR,39.75,0.0,660.0,664.0,1.0,89.3,41.0,Individual,6,High Risk,Manual Review
71844502,35000.0, 60 months,23.13,F,F1,10+ years,MORTGAGE,145000.0,Verified,debt_consolidation,IL,33.87,0.0,680.0,684.0,0.0,89.0,46.0,Individual,6,High Risk,Manual Review
72897126,17725.0, 36 months,21.18,E,E3,10+ years,MORTGAGE,60000.0,Source Verified,other,WA,32.34,0.0,705.0,709.0,1.0,11.5,47.0,Individual,5,High Risk,Manual Review
72766143,24000.0, 60 months,21.18,E,E3,10+ years,RENT,68244.0,Verified,debt_consolidation,HI,31.65,0.0,690.0,694.0,0.0,90.0,12.0,Individual,6,High Risk,Manual Review
72822177,12000.0, 60 months,19.99,E,E1,10+ years,MORTGAGE,38000.0,Source Verified,debt_consolidation,TX,42.08,0.0,720.0,724.0,2.0,22.7,23.0,Individual,5,High Risk,Manual Review
72696135,11400.0, 36 months,21.18,E,E3,8 years,RENT,32000.0,Not Verified,debt_consolidation,NY,38.58,0.0,680.0,684.0,0.0,72.9,12.0,Individual,5,High Risk,Manual Review
72523444,8000.0, 36 months,20.75,E,E2,10+ years,RENT,20000.0,Source Verified,debt_consolidation,MS,31.03,0.0,680.0,684.0,2.0,29.4,15.0,Individual,5,High Risk,Manual Review
71175307,25000.0, 36 months,21.18,E,E3,9 years,RENT,50000.0,Not Verified,major_purchase,PA,33.61,0.0,675.0,679.0,2.0,35.0,26.0,Individual,5,High Risk,Manual Review
70966275,8825.0, 36 months,22.45,E,E5,,OWN,26000.0,Verified,debt_consolidation,OR,42.11,2.0,670.0,674.0,1.0,54.3,42.0,Individual,6,High Risk,Manual Review
72513333,5000.0, 36 months,19.99,E,E1,10+ years,MORTGAGE,60280.0,Verified,debt_consolidation,NC,39.04,0.0,675.0,679.0,2.0,90.0,23.0,Individual,6,High Risk,Manual Review
72073347,32700.0, 60 months,24.11,F,F2,10+ years,RENT,110000.0,Verified,debt_consolidation,CA,32.62,0.0,680.0,684.0,2.0,39.0,72.0,Individual,5,High Risk,Manual Review
72685115,14000.0, 60 months,22.45,E,E5,10+ years,MORTGAGE,46000.0,Verified,debt_consolidation,NJ,33.26,1.0,670.0,674.0,3.0,39.1,25.0,Individual,6,High Risk,Manual Review
72534061,1100.0, 36 months,24.11,F,F2,,RENT,8000.0,Verified,debt_consolidation,CA,40.84,0.0,700.0,704.0,0.0,82.0,12.0,Individual,6,High Risk,Manual Review
72656271,13400.0, 36 months,19.99,E,E1,10+ years,OWN,115000.0,Not Verified,debt_consolidation,NC,37.73,0.0,675.0,679.0,0.0,88.5,54.0,Individual,6,High Risk,Manual Review
72615910,13000.0, 60 months,23.13,F,F1,10+ years,MORTGAGE,85000.0,Verified,debt_consolidation,IL,30.74,1.0,675.0,679.0,1.0,58.0,51.0,Individual,6,High Risk,Manual Review
72745893,20000.0, 60 months,27.34,G,G1,2 years,OWN,60000.0,Verified,other,PA,34.2,0.0,685.0,689.0,2.0,61.2,10.0,Individual,5,High Risk,Manual Review
72623453,13500.0, 36 months,27.34,G,G1,7 years,RENT,52000.0,Verified,house,NJ,32.4,11.0,670.0,674.0,0.0,73.5,35.0,Individual,6,High Risk,Manual Review
72564615,33400.0, 60 months,21.97,E,E4,10+ years,MORTGAGE,130000.0,Verified,debt_consolidation,NY,34.51,0.0,670.0,674.0,1.0,46.9,69.0,Individual,5,High Risk,Manual Review
72765818,13200.0, 60 months,21.97,E,E4,10+ years,MORTGAGE,72000.0,Verified,credit_card,WI,36.02,0.0,680.0,684.0,0.0,84.5,19.0,Individual,6,High Risk,Manual Review
72624273,26025.0, 60 months,22.45,E,E5,10+ years,MORTGAGE,70000.0,Verified,debt_consolidation,MI,25.01,1.0,675.0,679.0,0.0,82.0,35.0,Individual,5,High Risk,Manual Review
72798899,17275.0, 60 months,22.45,E,E5,10+ years,MORTGAGE,48000.0,Source Verified,credit_card,FL,31.05,0.0,660.0,664.0,2.0,68.2,22.0,Individual,5,High Risk,Manual Review
72555990,18000.0, 60 months,27.34,G,G1,10+ years,MORTGAGE,53000.0,Verified,debt_consolidation,TN,30.75,0.0,710.0,714.0,0.0,51.5,21.0,Individual,5,High Risk,Manual Review
72665650,21000.0, 60 months,26.57,F,F5,6 years,RENT,50000.0,Verified,debt_consolidation,SC,36.82,0.0,660.0,664.0,0.0,27.1,27.0,Individual,5,High Risk,Manual Review
72523240,12875.0, 36 months,23.13,F,F1,2 years,MORTGAGE,33927.0,Source Verified,credit_card,VA,35.51,0.0,675.0,679.0,2.0,59.8,24.0,Individual,5,High Risk,Manual Review
72725793,4800.0, 36 months,19.99,E,E1,1 year,OWN,30000.0,Verified,credit_card,CA,35.72,3.0,665.0,669.0,0.0,20.0,13.0,Individual,6,High Risk,Manual Review
72801135,18000.0, 36 months,19.99,E,E1,5 years,RENT,50000.0,Verified,debt_consolidation,DE,46.32,0.0,665.0,669.0,0.0,95.8,24.0,Individual,6,High Risk,Manual Review
72522754,4400.0, 36 months,19.99,E,E1,,OWN,11000.0,Verified,debt_consolidation,CA,40.83,0.0,660.0,664.0,1.0,61.1,15.0,Individual,5,High Risk,Manual Review
72725786,2800.0, 36 months,15.31,C,C5,6 years,MORTGAGE,73400.0,Source Verified,other,VA,36.82,1.0,670.0,674.0,0.0,81.8,54.0,Individual,5,High Risk,Manual Review
72665638,15000.0, 60 months,28.34,G,G3,10+ years,MORTGAGE,95000.0,Source Verified,debt_consolidation,PA,36.03,0.0,665.0,669.0,5.0,81.6,49.0,Individual,6,High Risk,Manual Review
72246864,25425.0, 60 months,28.14,G,G2,4 years,MORTGAGE,70000.0,Source Verified,debt_consolidation,GA,35.08,1.0,690.0,694.0,0.0,65.4,37.0,Individual,6,High Risk,Manual Review
72695799,14975.0, 60 months,27.34,G,G1,1 year,RENT,72000.0,Verified,debt_consolidation,TX,34.9,0.0,725.0,729.0,1.0,4.2,19.0,Individual,5,High Risk,Manual Review
72532191,25000.0, 36 months,21.18,E,E3,10+ years,RENT,75000.0,Verified,debt_consolidation,CA,39.02,0.0,680.0,684.0,1.0,59.0,28.0,Individual,5,High Risk,Manual Review
71632216,24000.0, 60 months,20.75,E,E2,10+ years,MORTGAGE,80000.0,Not Verified,home_improvement,SC,32.66,0.0,670.0,674.0,0.0,95.8,32.0,Individual,6,High Risk,Manual Review
72555791,35000.0, 60 months,23.13,F,F1,10+ years,MORTGAGE,153000.0,Source Verified,debt_consolidation,OK,37.08,0.0,665.0,669.0,3.0,63.6,23.0,Individual,5,High Risk,Manual Review
72796969,14825.0, 60 months,21.18,E,E3,5 years,OWN,32230.0,Not Verified,car,OH,35.57,0.0,710.0,714.0,1.0,28.8,14.0,Individual,5,High Risk,Manual Review
71582845,28800.0, 60 months,21.18,E,E3,9 years,RENT,60000.0,Not Verified,credit_card,CA,32.84,0.0,710.0,714.0,0.0,65.5,23.0,Individual,5,High Risk,Manual Review
71021535,24000.0, 60 months,20.75,E,E2,1 year,RENT,66900.0,Not Verified,debt_consolidation,NY,36.76,0.0,695.0,699.0,2.0,78.6,46.0,Individual,5,High Risk,Manual Review
72555697,20775.0, 36 months,21.18,E,E3,3 years,RENT,55000.0,Verified,debt_consolidation,FL,37.7,0.0,685.0,689.0,1.0,79.1,24.0,Individual,5,High Risk,Manual Review
72733191,35000.0, 60 months,22.45,E,E5,2 years,MORTGAGE,105000.0,Source Verified,debt_consolidation,TX,34.64,0.0,685.0,689.0,0.0,61.1,46.0,Individual,5,High Risk,Manual Review
72625641,7675.0, 36 months,19.99,E,E1,< 1 year,RENT,38420.0,Source Verified,debt_consolidation,AZ,31.79,0.0,720.0,724.0,0.0,28.9,20.0,Individual,5,High Risk,Manual Review
72575688,7500.0, 36 months,19.99,E,E1,1 year,RENT,35000.0,Verified,credit_card,IL,39.86,0.0,665.0,669.0,2.0,24.4,19.0,Individual,5,High Risk,Manual Review
72664542,21875.0, 36 months,20.75,E,E2,9 years,MORTGAGE,60000.0,Verified,debt_consolidation,CA,38.18,0.0,665.0,669.0,1.0,85.5,13.0,Individual,6,High Risk,Manual Review
72725455,15000.0, 60 months,16.29,D,D1,1 year,MORTGAGE,63000.0,Verified,credit_card,GA,33.68,1.0,660.0,664.0,0.0,86.0,24.0,Individual,5,High Risk,Manual Review
72694793,18000.0, 36 months,19.99,E,E1,,MORTGAGE,50000.0,Verified,debt_consolidation,WV,36.58,0.0,695.0,699.0,0.0,86.3,12.0,Individual,6,High Risk,Manual Review
70887074,28800.0, 60 months,23.13,F,F1,5 years,MORTGAGE,97500.0,Source Verified,home_improvement,FL,33.17,0.0,690.0,694.0,2.0,59.5,56.0,Individual,5,High Risk,Manual Review
72685611,10725.0, 60 months,25.88,F,F4,8 years,MORTGAGE,130000.0,Not Verified,credit_card,NJ,40.27,0.0,675.0,679.0,3.0,54.3,63.0,Individual,5,High Risk,Manual Review
72594895,25600.0, 60 months,19.99,E,E1,10+ years,MORTGAGE,100000.0,Not Verified,debt_consolidation,TX,30.6,0.0,680.0,684.0,1.0,59.8,48.0,Individual,5,High Risk,Manual Review
70918371,11000.0, 36 months,15.31,C,C5,2 years,RENT,40000.0,Verified,debt_consolidation,TN,36.45,1.0,660.0,664.0,0.0,86.0,19.0,Individual,5,High Risk,Manual Review
72625469,35000.0, 36 months,19.99,E,E1,3 years,RENT,135000.0,Verified,debt_consolidation,AL,35.32,0.0,670.0,674.0,2.0,83.0,66.0,Individual,6,High Risk,Manual Review
72799699,29600.0, 60 months,28.14,G,G2,2 years,MORTGAGE,60000.0,Source Verified,debt_consolidation,TX,30.22,0.0,675.0,679.0,1.0,43.8,33.0,Individual,5,High Risk,Manual Review
72614316,18125.0, 36 months,23.13,F,F1,10+ years,MORTGAGE,45000.0,Not Verified,credit_card,NY,42.01,0.0,695.0,699.0,0.0,55.1,21.0,Individual,5,High Risk,Manual Review
72555581,20675.0, 60 months,22.45,E,E5,3 years,RENT,47000.0,Verified,debt_consolidation,TN,33.06,0.0,720.0,724.0,1.0,31.1,19.0,Individual,5,High Risk,Manual Review
72513179,31500.0, 60 months,28.99,G,G5,1 year,MORTGAGE,70000.0,Verified,debt_consolidation,IL,36.02,0.0,700.0,704.0,2.0,32.0,28.0,Individual,5,High Risk,Manual Review
72575535,21000.0, 60 months,21.97,E,E4,10+ years,MORTGAGE,103000.0,Not Verified,debt_consolidation,VA,36.34,0.0,725.0,729.0,0.0,94.7,17.0,Individual,6,High Risk,Manual Review
72544946,8425.0, 36 months,19.99,E,E1,10+ years,OWN,43500.0,Verified,debt_consolidation,MN,39.31,0.0,710.0,714.0,0.0,53.2,12.0,Individual,5,High Risk,Manual Review
72544911,25625.0, 60 months,24.99,F,F3,8 years,RENT,67477.08,Verified,debt_consolidation,WA,34.36,0.0,665.0,669.0,1.0,101.5,26.0,Individual,6,High Risk,Manual Review
72800623,24000.0, 60 months,21.18,E,E3,10+ years,RENT,180000.0,Verified,debt_consolidation,CA,35.01,0.0,715.0,719.0,0.0,84.0,37.0,Individual,6,High Risk,Manual Review
72797687,10000.0, 36 months,20.75,E,E2,10+ years,MORTGAGE,36000.0,Verified,medical,IN,47.17,0.0,660.0,664.0,1.0,80.4,13.0,Individual,6,High Risk,Manual Review
72545318,25000.0, 60 months,23.13,F,F1,3 years,OWN,76000.0,Not Verified,debt_consolidation,NY,33.13,1.0,705.0,709.0,1.0,15.1,43.0,Individual,6,High Risk,Manual Review
72513149,2625.0, 36 months,28.67,G,G4,,RENT,8796.0,Verified,debt_consolidation,IL,33.42,0.0,660.0,664.0,0.0,89.7,20.0,Individual,6,High Risk,Manual Review
72543630,12900.0, 60 months,28.67,G,G4,2 years,MORTGAGE,53000.0,Verified,debt_consolidation,TX,35.42,0.0,675.0,679.0,1.0,74.1,33.0,Individual,5,High Risk,Manual Review
72675375,26250.0, 60 months,21.18,E,E3,10+ years,MORTGAGE,80000.0,Not Verified,debt_consolidation,OH,35.98,0.0,720.0,724.0,1.0,34.9,53.0,Individual,5,High Risk,Manual Review
72775485,35000.0, 60 months,20.75,E,E2,10+ years,MORTGAGE,50000.0,Verified,debt_consolidation,SC,32.26,0.0,715.0,719.0,1.0,82.0,25.0,Joint App,6,High Risk,Manual Review
72799640,18800.0, 60 months,24.11,F,F2,3 years,RENT,59900.0,Verified,credit_card,KS,34.16,0.0,675.0,679.0,1.0,48.3,30.0,Individual,5,High Risk,Manual Review
72674865,28000.0, 36 months,15.31,C,C5,10+ years,MORTGAGE,160000.0,Source Verified,debt_consolidation,OH,30.38,3.0,660.0,664.0,2.0,93.3,18.0,Individual,5,High Risk,Manual Review
72545353,30000.0, 60 months,15.31,C,C5,10+ years,MORTGAGE,95000.0,Verified,debt_consolidation,PA,30.12,1.0,665.0,669.0,0.0,88.4,31.0,Joint App,5,High Risk,Manual Review
72513161,4700.0, 36 months,19.99,E,E1,3 years,RENT,41000.0,Verified,debt_consolidation,CA,30.85,0.0,675.0,679.0,1.0,49.1,12.0,Individual,5,High Risk,Manual Review
72544707,10850.0, 60 months,28.99,G,G5,1 year,RENT,35000.0,Verified,vacation,MA,32.3,0.0,670.0,674.0,2.0,80.2,20.0,Individual,6,High Risk,Manual Review
72523194,28400.0, 60 months,23.13,F,F1,10+ years,MORTGAGE,61748.0,Not Verified,credit_card,TX,35.98,0.0,680.0,684.0,0.0,80.0,27.0,Individual,5,High Risk,Manual Review
72625241,2850.0, 36 months,20.75,E,E2,,RENT,9500.0,Verified,debt_consolidation,MI,35.15,0.0,665.0,669.0,0.0,90.0,5.0,Individual,6,High Risk,Manual Review
72755010,35000.0, 60 months,27.34,G,G1,2 years,MORTGAGE,135000.0,Verified,home_improvement,MA,5.75,2.0,665.0,669.0,0.0,96.2,20.0,Individual,5,High Risk,Manual Review
72775261,35000.0, 36 months,22.45,E,E5,10+ years,MORTGAGE,92316.0,Verified,debt_consolidation,FL,34.0,2.0,700.0,704.0,1.0,85.5,33.0,Individual,7,High Risk,Manual Review
71493505,7100.0, 36 months,22.45,E,E5,7 years,RENT,23700.0,Verified,debt_consolidation,PA,35.14,0.0,700.0,704.0,0.0,59.0,8.0,Individual,5,High Risk,Manual Review
72555219,11200.0, 60 months,20.75,E,E2,5 years,RENT,56000.0,Verified,debt_consolidation,TN,45.59,0.0,685.0,689.0,0.0,51.4,29.0,Individual,5,High Risk,Manual Review
72544869,11200.0, 60 months,23.13,F,F1,10+ years,OWN,35000.0,Verified,credit_card,GA,47.63,0.0,685.0,689.0,0.0,59.5,16.0,Individual,5,High Risk,Manual Review
72705318,14650.0, 60 months,25.88,F,F4,7 years,MORTGAGE,34700.0,Verified,other,MO,36.25,0.0,660.0,664.0,0.0,89.2,44.0,Individual,6,High Risk,Manual Review
72735371,5000.0, 36 months,20.75,E,E2,,OWN,60000.0,Verified,moving,FL,30.14,0.0,660.0,664.0,2.0,36.7,29.0,Individual,5,High Risk,Manual Review
72583534,22400.0, 60 months,22.45,E,E5,10+ years,MORTGAGE,82500.0,Not Verified,car,OK,39.45,0.0,740.0,744.0,0.0,64.6,32.0,Individual,5,High Risk,Manual Review
71512463,12025.0, 60 months,26.57,F,F5,3 years,OWN,65000.0,Not Verified,debt_consolidation,CA,44.98,0.0,695.0,699.0,3.0,44.0,23.0,Individual,5,High Risk,Manual Review
72735215,15000.0, 60 months,23.13,F,F1,9 years,MORTGAGE,41000.0,Verified,debt_consolidation,KY,41.95,0.0,680.0,684.0,0.0,61.9,23.0,Individual,5,High Risk,Manual Review
72625175,25000.0, 60 months,19.99,E,E1,1 year,MORTGAGE,105000.0,Source Verified,credit_card,GA,33.32,0.0,700.0,704.0,1.0,34.5,50.0,Individual,5,High Risk,Manual Review
72775144,6025.0, 36 months,20.75,E,E2,2 years,RENT,65000.0,Source Verified,debt_consolidation,MA,35.38,0.0,675.0,679.0,1.0,86.6,24.0,Individual,6,High Risk,Manual Review
72796572,27500.0, 60 months,24.99,F,F3,1 year,RENT,55000.0,Source Verified,debt_consolidation,CA,35.39,3.0,660.0,664.0,0.0,77.5,37.0,Individual,6,High Risk,Manual Review
72512947,9325.0, 36 months,19.99,E,E1,10+ years,MORTGAGE,46000.0,Verified,debt_consolidation,TX,35.09,0.0,670.0,674.0,0.0,51.9,35.0,Individual,5,High Risk,Manual Review
72574367,18900.0, 36 months,19.99,E,E1,10+ years,MORTGAGE,45000.0,Source Verified,debt_consolidation,OH,34.43,0.0,665.0,669.0,1.0,66.3,33.0,Individual,5,High Risk,Manual Review
72604947,32375.0, 60 months,24.99,F,F3,,MORTGAGE,40000.0,Not Verified,debt_consolidation,VA,31.05,1.0,675.0,679.0,1.0,80.0,27.0,Joint App,6,High Risk,Manual Review
72695029,30000.0, 60 months,24.11,F,F2,10+ years,RENT,123000.0,Verified,debt_consolidation,VA,32.45,0.0,660.0,664.0,1.0,71.0,44.0,Individual,5,High Risk,Manual Review
72573262,10000.0, 60 months,24.11,F,F2,10+ years,RENT,63000.0,Verified,debt_consolidation,IL,38.64,0.0,685.0,689.0,1.0,51.1,27.0,Individual,5,High Risk,Manual Review
72615016,7425.0, 36 months,19.99,E,E1,4 years,MORTGAGE,33280.0,Source Verified,other,AL,33.36,5.0,660.0,664.0,0.0,27.7,27.0,Individual,6,High Risk,Manual Review
72774603,11500.0, 60 months,22.45,E,E5,,OWN,23000.0,Verified,credit_card,AZ,43.63,0.0,685.0,689.0,0.0,80.3,25.0,Individual,6,High Risk,Manual Review
72614934,25000.0, 36 months,22.45,E,E5,10+ years,MORTGAGE,106000.0,Verified,debt_consolidation,GA,36.21,0.0,685.0,689.0,3.0,85.0,65.0,Individual,6,High Risk,Manual Review
71875235,35000.0, 60 months,24.11,F,F2,10+ years,MORTGAGE,98000.0,Verified,debt_consolidation,MO,30.16,0.0,740.0,744.0,0.0,62.7,25.0,Individual,5,High Risk,Manual Review
72695066,3825.0, 36 months,28.14,G,G2,,RENT,10632.0,Verified,debt_consolidation,MT,36.12,0.0,660.0,664.0,1.0,53.7,35.0,Individual,5,High Risk,Manual Review
72575153,15650.0, 60 months,26.57,F,F5,5 years,RENT,50000.0,Verified,debt_consolidation,MT,37.9,0.0,675.0,679.0,1.0,79.5,20.0,Individual,5,High Risk,Manual Review
72534074,20000.0, 36 months,19.99,E,E1,3 years,MORTGAGE,65000.0,Source Verified,debt_consolidation,AZ,35.51,0.0,705.0,709.0,2.0,34.2,23.0,Individual,5,High Risk,Manual Review
72775039,19875.0, 60 months,22.45,E,E5,2 years,MORTGAGE,50000.0,Source Verified,debt_consolidation,TN,35.48,1.0,670.0,674.0,0.0,55.0,14.0,Individual,6,High Risk,Manual Review
72705047,7350.0, 36 months,21.97,E,E4,9 years,MORTGAGE,48600.0,Verified,debt_consolidation,TX,38.17,0.0,685.0,689.0,0.0,56.5,40.0,Individual,5,High Risk,Manual Review
71056125,7500.0, 36 months,22.45,E,E5,< 1 year,OWN,25000.0,Source Verified,medical,PA,37.97,0.0,660.0,664.0,0.0,43.2,49.0,Individual,5,High Risk,Manual Review
72593235,25000.0, 60 months,26.57,F,F5,10+ years,MORTGAGE,85000.0,Not Verified,debt_consolidation,MA,38.94,0.0,685.0,689.0,3.0,70.8,21.0,Individual,5,High Risk,Manual Review
71004554,6550.0, 36 months,20.75,E,E2,5 years,MORTGAGE,40000.0,Source Verified,credit_card,NC,34.18,0.0,695.0,699.0,1.0,68.4,28.0,Individual,5,High Risk,Manual Review
72555084,17250.0, 36 months,21.18,E,E3,10+ years,MORTGAGE,74000.0,Verified,debt_consolidation,VA,47.76,0.0,685.0,689.0,0.0,50.5,48.0,Individual,5,High Risk,Manual Review
71774471,27000.0, 60 months,21.97,E,E4,2 years,MORTGAGE,85000.0,Not Verified,debt_consolidation,MA,19.91,1.0,685.0,689.0,1.0,93.4,32.0,Individual,5,High Risk,Manual Review
72614802,35000.0, 60 months,24.99,F,F3,< 1 year,MORTGAGE,110000.0,Verified,credit_card,TX,45.76,0.0,715.0,719.0,0.0,55.4,21.0,Individual,5,High Risk,Manual Review
72734917,13375.0, 60 months,21.18,E,E3,,MORTGAGE,60000.0,Verified,debt_consolidation,AZ,39.98,0.0,680.0,684.0,2.0,85.0,22.0,Individual,6,High Risk,Manual Review
72573531,35000.0, 60 months,20.75,E,E2,10+ years,MORTGAGE,80000.0,Source Verified,credit_card,IN,33.29,0.0,720.0,724.0,0.0,69.6,28.0,Individual,5,High Risk,Manual Review
72733158,17875.0, 60 months,20.75,E,E2,2 years,OWN,38881.0,Not Verified,credit_card,TX,38.92,0.0,700.0,704.0,0.0,45.4,40.0,Individual,5,High Risk,Manual Review
72605710,13850.0, 36 months,21.97,E,E4,8 years,RENT,33000.0,Verified,debt_consolidation,NJ,38.73,1.0,675.0,679.0,1.0,46.3,13.0,Individual,6,High Risk,Manual Review
72544704,10000.0, 36 months,20.75,E,E2,10+ years,RENT,60000.0,Not Verified,debt_consolidation,MI,37.71,0.0,665.0,669.0,0.0,42.7,69.0,Individual,5,High Risk,Manual Review
72715137,31500.0, 60 months,20.75,E,E2,6 years,OWN,63000.0,Source Verified,debt_consolidation,TX,30.32,0.0,715.0,719.0,0.0,75.8,27.0,Individual,5,High Risk,Manual Review
72664441,14000.0, 60 months,21.18,E,E3,4 years,RENT,76880.0,Verified,debt_consolidation,AZ,30.8,0.0,700.0,704.0,1.0,57.2,34.0,Individual,5,High Risk,Manual Review
72674293,24000.0, 60 months,20.75,E,E2,10+ years,RENT,55000.0,Source Verified,debt_consolidation,HI,33.89,0.0,685.0,689.0,0.0,64.0,29.0,Individual,5,High Risk,Manual Review
70070990,11200.0, 60 months,24.11,F,F2,10+ years,MORTGAGE,128000.0,Not Verified,debt_consolidation,IL,35.23,0.0,695.0,699.0,3.0,89.5,32.0,Individual,6,High Risk,Manual Review
72715041,15000.0, 60 months,24.11,F,F2,2 years,MORTGAGE,45000.0,Verified,debt_consolidation,AR,35.65,0.0,695.0,699.0,0.0,75.0,26.0,Individual,5,High Risk,Manual Review
72584676,16000.0, 60 months,24.99,F,F3,9 years,MORTGAGE,65000.0,Verified,debt_consolidation,KY,39.75,1.0,660.0,664.0,1.0,62.0,25.0,Individual,6,High Risk,Manual Review
72774816,28600.0, 60 months,24.11,F,F2,1 year,RENT,65000.0,Verified,debt_consolidation,WA,33.84,0.0,680.0,684.0,1.0,66.8,21.0,Individual,5,High Risk,Manual Review
72734599,33275.0, 60 months,21.18,E,E3,3 years,RENT,98200.0,Verified,debt_consolidation,CA,31.58,0.0,690.0,694.0,0.0,65.3,22.0,Individual,5,High Risk,Manual Review
70273411,7725.0, 36 months,18.25,D,D3,10+ years,MORTGAGE,76800.0,Verified,debt_consolidation,NY,30.03,1.0,690.0,694.0,1.0,91.0,23.0,Individual,5,High Risk,Manual Review
72796335,4000.0, 36 months,19.99,E,E1,3 years,MORTGAGE,41000.0,Source Verified,other,CA,30.42,0.0,685.0,689.0,0.0,40.1,8.0,Individual,5,High Risk,Manual Review
72594486,35000.0, 36 months,20.75,E,E2,2 years,OWN,117000.0,Verified,major_purchase,WV,32.78,0.0,675.0,679.0,1.0,58.2,39.0,Individual,5,High Risk,Manual Review
72754510,11500.0, 36 months,20.75,E,E2,10+ years,RENT,32000.0,Verified,debt_consolidation,ND,36.27,0.0,675.0,679.0,1.0,92.4,21.0,Individual,6,High Risk,Manual Review
72574530,14950.0, 36 months,19.99,E,E1,10+ years,RENT,40000.0,Verified,debt_consolidation,NV,38.07,1.0,670.0,674.0,1.0,15.6,23.0,Joint App,6,High Risk,Manual Review
70961963,18975.0, 60 months,19.99,E,E1,10+ years,MORTGAGE,71000.0,Not Verified,home_improvement,KY,33.33,0.0,750.0,754.0,1.0,22.1,23.0,Individual,5,High Risk,Manual Review
71041298,23300.0, 60 months,22.45,E,E5,2 years,RENT,53000.0,Verified,debt_consolidation,TX,30.64,0.0,680.0,684.0,0.0,90.7,16.0,Individual,6,High Risk,Manual Review
70592147,17000.0, 60 months,20.75,E,E2,3 years,RENT,52000.0,Verified,credit_card,MT,40.92,0.0,685.0,689.0,0.0,82.7,21.0,Individual,6,High Risk,Manual Review
70642176,35000.0, 36 months,19.99,E,E1,7 years,MORTGAGE,150000.0,Source Verified,debt_consolidation,CA,34.4,0.0,670.0,674.0,0.0,71.6,34.0,Individual,5,High Risk,Manual Review
72533720,14400.0, 60 months,23.13,F,F1,10+ years,RENT,54000.0,Verified,debt_consolidation,NY,20.96,3.0,665.0,669.0,1.0,87.3,46.0,Individual,5,High Risk,Manual Review
71924607,2625.0, 36 months,22.45,E,E5,,MORTGAGE,24000.0,Verified,debt_consolidation,CA,34.5,0.0,725.0,729.0,0.0,63.8,15.0,Individual,5,High Risk,Manual Review
72694508,20000.0, 60 months,24.11,F,F2,5 years,OWN,87000.0,Verified,debt_consolidation,AL,38.91,1.0,670.0,674.0,0.0,55.0,29.0,Individual,6,High Risk,Manual Review
72512773,30800.0, 60 months,24.11,F,F2,1 year,RENT,70000.0,Verified,debt_consolidation,NY,33.14,0.0,700.0,704.0,1.0,47.8,24.0,Individual,5,High Risk,Manual Review
72533657,10500.0, 60 months,17.27,D,D2,10+ years,OWN,141254.0,Verified,debt_consolidation,MD,35.16,3.0,670.0,674.0,1.0,98.0,35.0,Individual,5,High Risk,Manual Review
72799150,13200.0, 60 months,20.75,E,E2,4 years,OWN,44000.0,Source Verified,debt_consolidation,AL,33.7,0.0,665.0,669.0,0.0,97.8,32.0,Individual,6,High Risk,Manual Review
72624494,30400.0, 36 months,24.99,F,F3,10+ years,OWN,70000.0,Verified,debt_consolidation,NE,33.38,0.0,685.0,689.0,4.0,46.6,24.0,Individual,5,High Risk,Manual Review
72522801,23300.0, 60 months,20.75,E,E2,5 years,MORTGAGE,53000.0,Source Verified,debt_consolidation,SC,30.82,0.0,690.0,694.0,0.0,49.2,19.0,Individual,5,High Risk,Manual Review
72703391,10500.0, 36 months,20.75,E,E2,7 years,RENT,30000.0,Verified,debt_consolidation,IN,31.48,0.0,660.0,664.0,0.0,90.0,32.0,Individual,6,High Risk,Manual Review
71296837,35000.0, 60 months,21.97,E,E4,10+ years,RENT,86000.0,Source Verified,debt_consolidation,HI,34.54,0.0,675.0,679.0,2.0,9.5,40.0,Individual,5,High Risk,Manual Review
72663172,11775.0, 36 months,22.45,E,E5,5 years,MORTGAGE,49950.0,Verified,debt_consolidation,GA,37.98,0.0,690.0,694.0,1.0,95.6,24.0,Individual,6,High Risk,Manual Review
72574419,28000.0, 36 months,22.45,E,E5,10+ years,RENT,110000.0,Verified,major_purchase,TX,40.09,0.0,660.0,664.0,0.0,77.1,48.0,Individual,5,High Risk,Manual Review
72642756,21000.0, 60 months,21.97,E,E4,3 years,MORTGAGE,72000.0,Source Verified,debt_consolidation,AK,30.42,0.0,670.0,674.0,2.0,86.4,32.0,Individual,6,High Risk,Manual Review
70985942,12000.0, 60 months,23.13,F,F1,10+ years,MORTGAGE,126000.0,Not Verified,debt_consolidation,GA,44.98,0.0,690.0,694.0,1.0,87.9,47.0,Individual,6,High Risk,Manual Review
72796158,11200.0, 60 months,21.18,E,E3,1 year,RENT,75000.0,Source Verified,debt_consolidation,NV,16.05,1.0,670.0,674.0,1.0,85.4,31.0,Individual,5,High Risk,Manual Review
72774106,21475.0, 60 months,28.14,G,G2,10+ years,RENT,87000.0,Verified,debt_consolidation,SC,49.13,1.0,675.0,679.0,0.0,98.5,23.0,Individual,7,High Risk,Manual Review
72714620,11975.0, 60 months,24.99,F,F3,10+ years,RENT,32160.0,Not Verified,vacation,HI,39.79,0.0,670.0,674.0,0.0,83.8,18.0,Joint App,6,High Risk,Manual Review
72624342,20450.0, 60 months,19.99,E,E1,1 year,MORTGAGE,75000.0,Not Verified,credit_card,CO,37.04,0.0,685.0,689.0,1.0,21.3,34.0,Individual,5,High Risk,Manual Review
72193503,11200.0, 60 months,23.13,F,F1,3 years,MORTGAGE,40000.0,Source Verified,home_improvement,TX,31.09,1.0,660.0,664.0,0.0,56.9,13.0,Individual,6,High Risk,Manual Review
72743298,32000.0, 60 months,23.13,F,F1,10+ years,OWN,80600.0,Verified,debt_consolidation,MI,32.1,0.0,660.0,664.0,1.0,87.0,38.0,Individual,6,High Risk,Manual Review
72734136,11000.0, 60 months,21.97,E,E4,10+ years,MORTGAGE,52771.0,Not Verified,home_improvement,FL,31.6,0.0,680.0,684.0,0.0,34.0,31.0,Individual,5,High Risk,Manual Review
72554278,18000.0, 60 months,26.57,F,F5,5 years,RENT,45000.0,Not Verified,debt_consolidation,IL,42.75,0.0,695.0,699.0,2.0,49.3,22.0,Individual,5,High Risk,Manual Review
72764179,25000.0, 60 months,25.88,F,F4,< 1 year,MORTGAGE,169000.0,Verified,credit_card,GA,36.29,1.0,660.0,664.0,0.0,74.8,41.0,Individual,6,High Risk,Manual Review
71053495,11200.0, 60 months,24.11,F,F2,10+ years,RENT,47300.0,Not Verified,debt_consolidation,OR,45.58,0.0,710.0,714.0,0.0,46.1,41.0,Individual,5,High Risk,Manual Review
72785038,13750.0, 36 months,22.45,E,E5,10+ years,RENT,64740.0,Verified,debt_consolidation,GA,47.01,0.0,700.0,704.0,1.0,84.7,35.0,Individual,6,High Risk,Manual Review
71612507,10600.0, 60 months,25.88,F,F4,2 years,RENT,31200.0,Source Verified,debt_consolidation,FL,30.58,1.0,660.0,664.0,2.0,22.9,27.0,Individual,6,High Risk,Manual Review
71825568,21700.0, 60 months,23.13,F,F1,,MORTGAGE,24000.0,Verified,debt_consolidation,GA,52.05,0.0,670.0,674.0,2.0,54.1,12.0,Joint App,5,High Risk,Manual Review
72604758,14000.0, 60 months,16.29,D,D1,10+ years,MORTGAGE,85000.0,Not Verified,other,VA,32.15,1.0,665.0,669.0,0.0,99.3,47.0,Individual,5,High Risk,Manual Review
72258176,11000.0, 60 months,19.99,E,E1,10+ years,OWN,94000.0,Source Verified,other,NM,34.8,0.0,665.0,669.0,0.0,82.0,24.0,Individual,6,High Risk,Manual Review
72712784,12000.0, 60 months,19.99,E,E1,4 years,RENT,57000.0,Verified,debt_consolidation,TX,33.64,0.0,700.0,704.0,1.0,64.5,11.0,Individual,5,High Risk,Manual Review
72512612,26450.0, 60 months,19.99,E,E1,10+ years,MORTGAGE,132500.0,Verified,debt_consolidation,MO,31.27,0.0,690.0,694.0,1.0,95.0,31.0,Individual,6,High Risk,Manual Review
72684212,19000.0, 36 months,20.75,E,E2,4 years,OWN,63000.0,Verified,small_business,LA,30.65,0.0,680.0,684.0,0.0,78.9,35.0,Individual,5,High Risk,Manual Review
72723859,16000.0, 60 months,24.11,F,F2,1 year,RENT,60000.0,Verified,debt_consolidation,CA,36.48,0.0,660.0,664.0,0.0,87.2,21.0,Individual,6,High Risk,Manual Review
72704280,6300.0, 36 months,26.57,F,F5,5 years,RENT,21000.0,Verified,debt_consolidation,FL,40.97,1.0,670.0,674.0,2.0,32.7,17.0,Individual,6,High Risk,Manual Review
71907926,35000.0, 60 months,27.34,G,G1,,MORTGAGE,85000.0,Verified,debt_consolidation,CA,31.96,0.0,685.0,689.0,1.0,43.9,69.0,Individual,5,High Risk,Manual Review
72694082,6000.0, 36 months,21.18,E,E3,6 years,OWN,45000.0,Verified,debt_consolidation,FL,36.51,0.0,675.0,679.0,1.0,53.1,22.0,Individual,5,High Risk,Manual Review
72663798,10000.0, 36 months,19.99,E,E1,5 years,MORTGAGE,53000.0,Source Verified,debt_consolidation,GA,35.71,0.0,670.0,674.0,1.0,86.3,31.0,Individual,6,High Risk,Manual Review
72723188,26250.0, 60 months,19.99,E,E1,6 years,MORTGAGE,90000.0,Not Verified,debt_consolidation,GA,32.25,0.0,725.0,729.0,0.0,51.8,19.0,Individual,5,High Risk,Manual Review
72553736,12475.0, 36 months,22.45,E,E5,10+ years,OWN,39000.0,Verified,debt_consolidation,TN,30.22,0.0,675.0,679.0,2.0,34.1,50.0,Individual,5,High Risk,Manual Review
72724077,35000.0, 36 months,21.97,E,E4,10+ years,RENT,99000.0,Source Verified,debt_consolidation,GA,36.0,0.0,675.0,679.0,0.0,76.8,31.0,Individual,5,High Risk,Manual Review
72774132,6000.0, 36 months,23.13,F,F1,2 years,OWN,18955.0,Verified,debt_consolidation,NJ,34.14,0.0,660.0,664.0,3.0,51.7,31.0,Individual,5,High Risk,Manual Review
71875212,13000.0, 36 months,21.18,E,E3,7 years,RENT,38000.0,Verified,debt_consolidation,IL,37.63,4.0,665.0,669.0,1.0,35.5,14.0,Individual,6,High Risk,Manual Review
70571067,25000.0, 36 months,15.31,C,C5,10+ years,MORTGAGE,60000.0,Source Verified,credit_card,MN,33.58,1.0,665.0,669.0,0.0,90.2,22.0,Individual,5,High Risk,Manual Review
72753985,24375.0, 36 months,27.34,G,G1,10+ years,RENT,70000.0,Not Verified,debt_consolidation,FL,39.11,0.0,685.0,689.0,0.0,51.3,23.0,Individual,5,High Risk,Manual Review
72246664,19575.0, 60 months,28.67,G,G4,10+ years,RENT,76000.0,Source Verified,debt_consolidation,CA,32.1,1.0,695.0,699.0,2.0,21.7,27.0,Individual,6,High Risk,Manual Review
71946836,17000.0, 36 months,21.18,E,E3,9 years,RENT,50000.0,Verified,debt_consolidation,CA,35.64,0.0,690.0,694.0,1.0,64.4,21.0,Individual,5,High Risk,Manual Review
72593979,10600.0, 36 months,19.99,E,E1,,RENT,29449.0,Verified,debt_consolidation,VA,33.74,1.0,665.0,669.0,0.0,68.1,24.0,Individual,6,High Risk,Manual Review
72704163,16000.0, 60 months,23.13,F,F1,10+ years,OWN,54177.19,Verified,debt_consolidation,OH,32.45,0.0,715.0,719.0,1.0,37.1,27.0,Individual,5,High Risk,Manual Review
72613932,19500.0, 60 months,20.75,E,E2,,MORTGAGE,50000.0,Not Verified,car,HI,38.45,1.0,675.0,679.0,0.0,13.6,19.0,Individual,6,High Risk,Manual Review
72663693,15000.0, 60 months,25.88,F,F4,< 1 year,OWN,70000.0,Source Verified,debt_consolidation,FL,30.93,0.0,665.0,669.0,0.0,91.3,22.0,Individual,6,High Risk,Manual Review
72584053,20025.0, 60 months,21.18,E,E3,,MORTGAGE,45600.0,Verified,debt_consolidation,AL,32.21,0.0,660.0,664.0,1.0,85.5,37.0,Joint App,6,High Risk,Manual Review
72543778,30000.0, 36 months,19.99,E,E1,< 1 year,RENT,100000.0,Verified,debt_consolidation,NV,33.77,0.0,665.0,669.0,0.0,95.9,50.0,Individual,6,High Risk,Manual Review
70172881,15000.0, 36 months,22.45,E,E5,7 years,RENT,62000.0,Verified,debt_consolidation,FL,39.52,0.0,720.0,724.0,1.0,33.7,10.0,Individual,5,High Risk,Manual Review
72033136,20450.0, 36 months,22.45,E,E5,10+ years,MORTGAGE,103000.0,Not Verified,debt_consolidation,CA,39.99,0.0,690.0,694.0,1.0,80.2,19.0,Individual,6,High Risk,Manual Review
72543711,8500.0, 36 months,20.75,E,E2,1 year,RENT,40000.0,Verified,debt_consolidation,OH,32.13,0.0,700.0,704.0,1.0,45.1,20.0,Individual,5,High Risk,Manual Review
72543748,19200.0, 60 months,17.27,D,D2,1 year,RENT,70000.0,Verified,debt_consolidation,AK,36.24,1.0,660.0,664.0,0.0,95.0,23.0,Individual,5,High Risk,Manual Review
72753782,13675.0, 60 months,28.14,G,G2,8 years,OWN,38000.0,Verified,debt_consolidation,MN,37.02,0.0,685.0,689.0,0.0,53.6,11.0,Joint App,5,High Risk,Manual Review
72733793,33150.0, 36 months,16.29,D,D1,5 years,OWN,67000.0,Verified,debt_consolidation,NY,32.78,1.0,670.0,674.0,1.0,87.3,22.0,Individual,5,High Risk,Manual Review
72683868,9000.0, 36 months,19.99,E,E1,< 1 year,RENT,35000.0,Source Verified,debt_consolidation,AZ,31.24,1.0,660.0,664.0,2.0,95.4,24.0,Individual,7,High Risk,Manual Review
72662557,15000.0, 60 months,26.57,F,F5,1 year,RENT,90000.0,Source Verified,car,OH,35.94,0.0,690.0,694.0,2.0,75.7,45.0,Individual,5,High Risk,Manual Review
71834664,28000.0, 36 months,20.75,E,E2,10+ years,OWN,97000.0,Verified,debt_consolidation,CA,45.39,0.0,690.0,694.0,0.0,86.7,26.0,Individual,6,High Risk,Manual Review
72683850,20000.0, 36 months,19.99,E,E1,2 years,MORTGAGE,102000.0,Source Verified,debt_consolidation,VA,36.49,0.0,680.0,684.0,0.0,96.5,13.0,Individual,6,High Risk,Manual Review
71796984,17275.0, 60 months,24.11,F,F2,2 years,OWN,48000.0,Verified,debt_consolidation,FL,31.48,0.0,690.0,694.0,0.0,87.2,9.0,Individual,6,High Risk,Manual Review
72733805,28975.0, 36 months,20.75,E,E2,10+ years,MORTGAGE,63000.0,Source Verified,debt_consolidation,GA,35.37,0.0,685.0,689.0,2.0,60.1,26.0,Individual,5,High Risk,Manual Review
71936859,31050.0, 60 months,25.88,F,F4,10+ years,RENT,87000.0,Not Verified,debt_consolidation,FL,38.1,0.0,710.0,714.0,1.0,23.8,42.0,Individual,5,High Risk,Manual Review
71755185,14000.0, 60 months,21.18,E,E3,2 years,RENT,60000.0,Verified,credit_card,NY,31.94,0.0,725.0,729.0,0.0,54.3,16.0,Individual,5,High Risk,Manual Review
70741439,23800.0, 60 months,20.75,E,E2,8 years,MORTGAGE,77000.0,Not Verified,debt_consolidation,UT,31.42,0.0,680.0,684.0,0.0,83.4,17.0,Individual,6,High Risk,Manual Review
72733538,34575.0, 60 months,21.18,E,E3,6 years,MORTGAGE,75167.0,Source Verified,debt_consolidation,TX,31.65,0.0,770.0,774.0,0.0,3.0,14.0,Individual,5,High Risk,Manual Review
72743604,14500.0, 60 months,21.97,E,E4,10+ years,MORTGAGE,54000.0,Source Verified,debt_consolidation,IN,37.29,1.0,715.0,719.0,0.0,62.5,27.0,Individual,6,High Risk,Manual Review
72714037,10675.0, 36 months,21.18,E,E3,,RENT,29679.0,Verified,debt_consolidation,MI,31.49,0.0,660.0,664.0,1.0,83.9,14.0,Individual,6,High Risk,Manual Review
72642986,20200.0, 36 months,21.18,E,E3,10+ years,OWN,45960.0,Verified,debt_consolidation,TX,45.38,0.0,710.0,714.0,1.0,62.9,47.0,Individual,5,High Risk,Manual Review
72763708,10000.0, 60 months,21.97,E,E4,2 years,RENT,35200.0,Not Verified,debt_consolidation,NY,32.42,0.0,720.0,724.0,0.0,15.4,22.0,Individual,5,High Risk,Manual Review
72785850,22875.0, 60 months,21.18,E,E3,10+ years,RENT,52000.0,Verified,debt_consolidation,NY,35.1,0.0,680.0,684.0,0.0,79.0,19.0,Individual,5,High Risk,Manual Review
72763738,31000.0, 36 months,23.13,F,F1,10+ years,RENT,66100.0,Verified,debt_consolidation,WV,34.48,0.0,675.0,679.0,2.0,77.8,26.0,Individual,5,High Risk,Manual Review
72173766,6150.0, 36 months,22.45,E,E5,8 years,MORTGAGE,58000.0,Source Verified,small_business,GA,35.05,1.0,680.0,684.0,2.0,45.4,29.0,Individual,6,High Risk,Manual Review
72573536,11000.0, 36 months,21.18,E,E3,6 years,RENT,46000.0,Verified,debt_consolidation,FL,39.76,0.0,685.0,689.0,2.0,52.3,14.0,Individual,5,High Risk,Manual Review
72522413,11825.0, 60 months,21.97,E,E4,1 year,RENT,52500.0,Verified,credit_card,NY,35.29,0.0,660.0,664.0,0.0,38.6,32.0,Individual,5,High Risk,Manual Review
71917589,25200.0, 60 months,24.11,F,F2,3 years,MORTGAGE,75000.0,Not Verified,credit_card,NH,31.74,0.0,665.0,669.0,3.0,65.9,32.0,Individual,5,High Risk,Manual Review
72693630,18000.0, 60 months,17.27,D,D2,3 years,MORTGAGE,21000.0,Verified,debt_consolidation,OH,56.69,5.0,670.0,674.0,1.0,98.0,23.0,Joint App,5,High Risk,Manual Review
72733562,35000.0, 60 months,27.34,G,G1,< 1 year,MORTGAGE,120000.0,Verified,debt_consolidation,MD,17.03,1.0,670.0,674.0,1.0,86.2,26.0,Individual,5,High Risk,Manual Review
71757199,17600.0, 60 months,20.75,E,E2,3 years,MORTGAGE,55000.0,Source Verified,debt_consolidation,WA,35.74,3.0,675.0,679.0,0.0,65.6,18.0,Individual,6,High Risk,Manual Review
72512281,17600.0, 60 months,22.45,E,E5,10+ years,OWN,50000.0,Source Verified,debt_consolidation,SC,35.14,0.0,680.0,684.0,0.0,96.8,41.0,Individual,6,High Risk,Manual Review
72783773,18000.0, 36 months,20.75,E,E2,10+ years,MORTGAGE,35000.0,Verified,debt_consolidation,IN,32.06,0.0,670.0,674.0,2.0,65.3,15.0,Joint App,5,High Risk,Manual Review
72673905,10000.0, 36 months,20.75,E,E2,2 years,RENT,33500.0,Verified,debt_consolidation,MN,32.1,0.0,670.0,674.0,0.0,81.7,13.0,Individual,6,High Risk,Manual Review
70915216,28875.0, 60 months,21.18,E,E3,< 1 year,MORTGAGE,50000.0,Verified,debt_consolidation,SD,42.63,0.0,660.0,664.0,0.0,79.3,37.0,Joint App,5,High Risk,Manual Review
72235302,7550.0, 36 months,24.11,F,F2,,RENT,21000.0,Verified,debt_consolidation,IL,38.69,0.0,675.0,679.0,3.0,64.4,17.0,Individual,5,High Risk,Manual Review
72785620,8400.0, 36 months,22.45,E,E5,1 year,MORTGAGE,53000.0,Verified,debt_consolidation,FL,35.89,0.0,670.0,674.0,1.0,71.9,24.0,Individual,5,High Risk,Manual Review
72532968,12000.0, 60 months,20.75,E,E2,3 years,RENT,44000.0,Source Verified,debt_consolidation,FL,36.91,2.0,670.0,674.0,1.0,28.3,62.0,Individual,6,High Risk,Manual Review
71734365,30000.0, 60 months,23.13,F,F1,5 years,MORTGAGE,180000.0,Verified,credit_card,UT,35.72,0.0,685.0,689.0,0.0,68.8,35.0,Individual,5,High Risk,Manual Review
70162363,15000.0, 60 months,20.75,E,E2,10+ years,MORTGAGE,51000.0,Source Verified,debt_consolidation,NJ,47.39,1.0,715.0,719.0,0.0,44.1,43.0,Individual,6,High Risk,Manual Review
72583449,11450.0, 36 months,21.18,E,E3,,RENT,23721.0,Verified,other,CA,37.7,0.0,680.0,684.0,0.0,99.4,6.0,Individual,6,High Risk,Manual Review
72683495,24500.0, 60 months,21.97,E,E4,10+ years,OWN,125000.0,Not Verified,debt_consolidation,CA,32.1,0.0,700.0,704.0,0.0,74.2,34.0,Individual,5,High Risk,Manual Review
72703506,24000.0, 60 months,25.88,F,F4,< 1 year,MORTGAGE,72000.0,Verified,debt_consolidation,IL,30.53,0.0,715.0,719.0,2.0,51.3,39.0,Individual,5,High Risk,Manual Review
72633395,8625.0, 36 months,19.99,E,E1,10+ years,RENT,57000.0,Verified,debt_consolidation,AZ,32.25,0.0,675.0,679.0,0.0,72.5,26.0,Individual,5,High Risk,Manual Review
72603978,3150.0, 36 months,21.18,E,E3,,RENT,15240.0,Verified,credit_card,OH,46.54,0.0,695.0,699.0,0.0,62.6,13.0,Individual,5,High Risk,Manual Review
72663350,32000.0, 60 months,26.57,F,F5,< 1 year,RENT,90000.0,Verified,debt_consolidation,CA,40.02,0.0,720.0,724.0,0.0,69.0,31.0,Individual,5,High Risk,Manual Review
72512278,20000.0, 60 months,21.18,E,E3,2 years,MORTGAGE,82000.0,Verified,debt_consolidation,FL,33.12,0.0,690.0,694.0,3.0,101.4,22.0,Individual,6,High Risk,Manual Review
72753368,2000.0, 36 months,19.99,E,E1,,MORTGAGE,91491.0,Verified,other,NV,35.8,0.0,670.0,674.0,1.0,30.0,32.0,Individual,5,High Risk,Manual Review
72773438,14450.0, 36 months,26.57,F,F5,4 years,RENT,90000.0,Source Verified,small_business,IL,37.92,0.0,690.0,694.0,0.0,30.1,23.0,Individual,5,High Risk,Manual Review
72563399,18000.0, 60 months,20.75,E,E2,8 years,MORTGAGE,82670.0,Verified,debt_consolidation,NC,40.95,0.0,695.0,699.0,0.0,72.3,20.0,Individual,5,High Risk,Manual Review
72693482,12550.0, 60 months,26.57,F,F5,2 years,RENT,41859.0,Verified,debt_consolidation,CA,30.5,0.0,690.0,694.0,0.0,45.9,49.0,Individual,5,High Risk,Manual Review
72183994,20000.0, 60 months,22.45,E,E5,6 years,RENT,75000.0,Verified,debt_consolidation,CA,32.69,0.0,665.0,669.0,1.0,79.9,29.0,Individual,5,High Risk,Manual Review
71592457,10725.0, 36 months,23.13,F,F1,10+ years,RENT,85000.0,Not Verified,credit_card,AZ,46.6,0.0,705.0,709.0,0.0,79.6,18.0,Individual,5,High Risk,Manual Review
70273329,8825.0, 36 months,23.13,F,F1,10+ years,MORTGAGE,26000.0,Verified,house,SC,38.12,0.0,665.0,669.0,1.0,35.0,31.0,Individual,5,High Risk,Manual Review
71867010,18850.0, 36 months,21.18,E,E3,< 1 year,OWN,70000.0,Verified,credit_card,WV,35.78,0.0,660.0,664.0,0.0,88.2,53.0,Individual,6,High Risk,Manual Review
72753215,16000.0, 60 months,22.45,E,E5,10+ years,RENT,77050.0,Not Verified,medical,MD,33.7,0.0,675.0,679.0,1.0,50.9,46.0,Individual,5,High Risk,Manual Review
72583315,16775.0, 36 months,19.99,E,E1,4 years,MORTGAGE,46800.0,Verified,debt_consolidation,OK,32.36,0.0,690.0,694.0,0.0,71.7,26.0,Individual,5,High Risk,Manual Review
71990330,13200.0, 60 months,20.75,E,E2,10+ years,MORTGAGE,55000.0,Source Verified,debt_consolidation,NC,32.88,1.0,670.0,674.0,0.0,74.2,24.0,Individual,6,High Risk,Manual Review
72623163,12200.0, 36 months,15.31,C,C5,3 years,MORTGAGE,53000.0,Source Verified,debt_consolidation,VA,34.15,1.0,660.0,664.0,1.0,85.2,50.0,Individual,5,High Risk,Manual Review
72512191,14825.0, 60 months,20.75,E,E2,,MORTGAGE,41208.0,Verified,debt_consolidation,KS,9.99,1.0,660.0,664.0,2.0,89.4,11.0,Individual,5,High Risk,Manual Review
72733232,18000.0, 60 months,21.97,E,E4,10+ years,MORTGAGE,90246.38,Source Verified,debt_consolidation,NH,35.23,0.0,685.0,689.0,3.0,84.5,47.0,Individual,6,High Risk,Manual Review
72643402,35000.0, 36 months,19.99,E,E1,7 years,RENT,110000.0,Not Verified,debt_consolidation,CA,38.68,0.0,675.0,679.0,2.0,23.4,23.0,Individual,5,High Risk,Manual Review
72683333,35000.0, 60 months,23.13,F,F1,10+ years,OWN,200000.0,Source Verified,debt_consolidation,WV,8.43,4.0,660.0,664.0,1.0,99.0,40.0,Individual,5,High Risk,Manual Review
72713588,12000.0, 60 months,21.18,E,E3,2 years,RENT,58000.0,Source Verified,debt_consolidation,AL,38.8,0.0,665.0,669.0,1.0,50.0,24.0,Individual,5,High Risk,Manual Review
72693261,10975.0, 36 months,19.99,E,E1,2 years,MORTGAGE,55000.0,Source Verified,debt_consolidation,PA,37.25,0.0,735.0,739.0,0.0,45.1,22.0,Individual,5,High Risk,Manual Review
70876040,3250.0, 36 months,23.13,F,F1,6 years,MORTGAGE,58000.0,Verified,debt_consolidation,NY,39.31,0.0,675.0,679.0,0.0,84.2,16.0,Individual,6,High Risk,Manual Review
70883222,16000.0, 60 months,19.99,E,E1,10+ years,OWN,72000.0,Verified,debt_consolidation,PA,42.62,0.0,690.0,694.0,1.0,53.1,37.0,Individual,5,High Risk,Manual Review
72522209,20800.0, 60 months,21.18,E,E3,10+ years,RENT,65000.0,Verified,debt_consolidation,CA,34.2,0.0,660.0,664.0,0.0,102.1,13.0,Individual,6,High Risk,Manual Review
72693246,9150.0, 36 months,20.75,E,E2,10+ years,MORTGAGE,27900.0,Verified,debt_consolidation,OK,48.52,0.0,685.0,689.0,0.0,57.4,15.0,Individual,5,High Risk,Manual Review
72543149,20300.0, 60 months,20.75,E,E2,4 years,OWN,68000.0,Not Verified,debt_consolidation,NY,37.43,0.0,690.0,694.0,1.0,62.7,39.0,Individual,5,High Risk,Manual Review
72773293,7800.0, 36 months,19.99,E,E1,10+ years,MORTGAGE,53255.0,Verified,debt_consolidation,OH,42.26,0.0,690.0,694.0,0.0,77.7,16.0,Individual,5,High Risk,Manual Review
72236357,28000.0, 60 months,27.34,G,G1,10+ years,MORTGAGE,87000.0,Source Verified,home_improvement,NY,36.43,0.0,680.0,684.0,4.0,40.5,19.0,Individual,5,High Risk,Manual Review
72652439,28500.0, 36 months,19.99,E,E1,1 year,MORTGAGE,57000.0,Source Verified,debt_consolidation,LA,33.89,0.0,680.0,684.0,0.0,71.0,15.0,Individual,5,High Risk,Manual Review
72543015,35000.0, 60 months,19.99,E,E1,2 years,OWN,82000.0,Verified,debt_consolidation,AZ,23.23,1.0,680.0,684.0,0.0,96.6,27.0,Individual,5,High Risk,Manual Review
72753279,14000.0, 36 months,21.18,E,E3,,MORTGAGE,28000.0,Verified,credit_card,FL,48.18,0.0,670.0,674.0,0.0,90.7,27.0,Individual,6,High Risk,Manual Review
72732987,17600.0, 60 months,17.27,D,D2,3 years,MORTGAGE,70000.0,Not Verified,debt_consolidation,NJ,30.91,1.0,660.0,664.0,2.0,89.5,26.0,Individual,5,High Risk,Manual Review
72713218,2400.0, 36 months,19.99,E,E1,,OWN,10776.0,Verified,home_improvement,CO,34.41,0.0,670.0,674.0,0.0,29.7,15.0,Individual,5,High Risk,Manual Review
72643115,20000.0, 60 months,24.11,F,F2,10+ years,OWN,40000.0,Source Verified,debt_consolidation,KS,37.83,0.0,705.0,709.0,1.0,34.2,32.0,Individual,5,High Risk,Manual Review
71948608,28250.0, 60 months,24.11,F,F2,,MORTGAGE,62800.0,Verified,debt_consolidation,KY,27.12,1.0,680.0,684.0,1.0,91.0,28.0,Individual,5,High Risk,Manual Review
72593070,30000.0, 60 months,21.97,E,E4,5 years,MORTGAGE,16000.0,Verified,debt_consolidation,IL,73.44,1.0,670.0,674.0,0.0,58.3,8.0,Joint App,6,High Risk,Manual Review
72592901,35000.0, 60 months,21.18,E,E3,2 years,OWN,95000.0,Source Verified,debt_consolidation,AR,31.62,0.0,660.0,664.0,0.0,72.7,54.0,Individual,5,High Risk,Manual Review
72693034,20500.0, 36 months,21.97,E,E4,1 year,OWN,60000.0,Source Verified,debt_consolidation,NJ,38.26,6.0,660.0,664.0,0.0,60.0,21.0,Individual,6,High Risk,Manual Review
71915272,20000.0, 60 months,24.99,F,F3,10+ years,MORTGAGE,73000.0,Source Verified,debt_consolidation,TX,35.48,0.0,660.0,664.0,2.0,53.5,32.0,Individual,5,High Risk,Manual Review
72214245,7575.0, 36 months,20.75,E,E2,10+ years,MORTGAGE,74400.0,Not Verified,debt_consolidation,PA,32.56,0.0,685.0,689.0,1.0,55.8,49.0,Individual,5,High Risk,Manual Review
72732969,8150.0, 36 months,22.45,E,E5,7 years,MORTGAGE,30000.0,Verified,debt_consolidation,LA,32.56,0.0,700.0,704.0,1.0,31.8,31.0,Individual,5,High Risk,Manual Review
72652933,19400.0, 60 months,21.18,E,E3,10+ years,MORTGAGE,56244.0,Verified,debt_consolidation,TX,33.94,0.0,675.0,679.0,0.0,101.1,27.0,Individual,6,High Risk,Manual Review
72124041,30700.0, 60 months,28.34,G,G3,1 year,RENT,104000.0,Verified,credit_card,CO,35.07,0.0,685.0,689.0,0.0,86.7,26.0,Individual,6,High Risk,Manual Review
72683035,23350.0, 60 months,19.99,E,E1,4 years,OWN,63440.0,Not Verified,debt_consolidation,DE,34.64,0.0,700.0,704.0,2.0,27.0,50.0,Individual,5,High Risk,Manual Review
72553113,17500.0, 60 months,25.88,F,F4,1 year,RENT,45000.0,Verified,credit_card,TN,44.29,0.0,685.0,689.0,0.0,83.9,26.0,Individual,6,High Risk,Manual Review
72662797,17075.0, 36 months,22.45,E,E5,2 years,OWN,48000.0,Source Verified,house,NJ,38.6,0.0,675.0,679.0,0.0,51.5,24.0,Individual,5,High Risk,Manual Review
72722444,21000.0, 60 months,19.99,E,E1,10+ years,MORTGAGE,83000.0,Verified,debt_consolidation,WA,36.34,0.0,695.0,699.0,0.0,60.3,29.0,Individual,5,High Risk,Manual Review
72673276,35000.0, 36 months,20.75,E,E2,7 years,MORTGAGE,115000.0,Verified,debt_consolidation,VA,44.06,1.0,660.0,664.0,0.0,64.6,31.0,Individual,6,High Risk,Manual Review
71296561,13525.0, 36 months,26.57,F,F5,10+ years,MORTGAGE,65000.0,Verified,debt_consolidation,CT,32.68,0.0,660.0,664.0,1.0,64.7,22.0,Individual,5,High Risk,Manual Review
72592627,9850.0, 36 months,19.99,E,E1,3 years,MORTGAGE,60000.0,Source Verified,credit_card,LA,30.78,0.0,705.0,709.0,2.0,44.1,33.0,Individual,5,High Risk,Manual Review
72742894,14275.0, 36 months,19.99,E,E1,< 1 year,RENT,34000.0,Source Verified,debt_consolidation,IN,33.22,0.0,700.0,704.0,1.0,49.0,42.0,Individual,5,High Risk,Manual Review
71856773,10875.0, 36 months,19.99,E,E1,10+ years,OWN,58000.0,Verified,home_improvement,FL,46.74,0.0,680.0,684.0,0.0,85.7,32.0,Individual,6,High Risk,Manual Review
70731516,29050.0, 36 months,20.75,E,E2,10+ years,MORTGAGE,85000.0,Verified,debt_consolidation,PA,43.61,0.0,695.0,699.0,1.0,61.6,47.0,Individual,5,High Risk,Manual Review
70923086,30000.0, 60 months,23.13,F,F1,5 years,RENT,90000.0,Verified,credit_card,CA,32.76,1.0,685.0,689.0,1.0,76.0,27.0,Individual,6,High Risk,Manual Review
72622860,28000.0, 60 months,21.18,E,E3,6 years,MORTGAGE,89538.0,Source Verified,debt_consolidation,VA,32.41,1.0,670.0,674.0,0.0,67.2,38.0,Individual,6,High Risk,Manual Review
71795450,14375.0, 60 months,20.75,E,E2,,MORTGAGE,48000.0,Verified,debt_consolidation,TX,35.53,2.0,670.0,674.0,0.0,57.7,26.0,Individual,6,High Risk,Manual Review
72702139,4800.0, 36 months,19.99,E,E1,2 years,RENT,39000.0,Not Verified,vacation,NY,37.75,0.0,660.0,664.0,1.0,35.6,24.0,Individual,5,High Risk,Manual Review
72713132,11000.0, 36 months,24.99,F,F3,3 years,RENT,40000.0,Verified,debt_consolidation,IL,36.15,0.0,680.0,684.0,3.0,37.0,17.0,Individual,5,High Risk,Manual Review
72692722,7750.0, 36 months,18.25,D,D3,7 years,OWN,60000.0,Source Verified,small_business,OK,31.8,1.0,680.0,684.0,1.0,80.4,27.0,Individual,5,High Risk,Manual Review
71735753,29625.0, 36 months,21.97,E,E4,10+ years,RENT,78000.0,Verified,debt_consolidation,CA,34.79,0.0,660.0,664.0,2.0,83.6,26.0,Individual,6,High Risk,Manual Review
72642718,7000.0, 36 months,21.18,E,E3,3 years,RENT,40000.0,Verified,debt_consolidation,CA,40.89,0.0,660.0,664.0,1.0,52.8,12.0,Individual,5,High Risk,Manual Review
72642450,14225.0, 60 months,22.45,E,E5,10+ years,OWN,55000.0,Verified,debt_consolidation,CA,33.64,0.0,710.0,714.0,0.0,59.6,18.0,Individual,5,High Risk,Manual Review
72542601,24000.0, 60 months,19.99,E,E1,10+ years,MORTGAGE,59000.0,Verified,credit_card,MS,41.8,0.0,685.0,689.0,2.0,46.2,36.0,Individual,5,High Risk,Manual Review
72562658,11350.0, 36 months,19.99,E,E1,10+ years,RENT,42000.0,Verified,debt_consolidation,WI,38.17,0.0,665.0,669.0,1.0,72.0,26.0,Individual,5,High Risk,Manual Review
72782394,8850.0, 36 months,25.88,F,F4,10+ years,MORTGAGE,60000.0,Source Verified,debt_consolidation,MN,35.74,2.0,675.0,679.0,2.0,65.9,37.0,Individual,6,High Risk,Manual Review
72632653,35000.0, 60 months,20.75,E,E2,4 years,MORTGAGE,137000.0,Source Verified,debt_consolidation,HI,30.26,0.0,680.0,684.0,0.0,80.2,63.0,Joint App,6,High Risk,Manual Review
72632519,15825.0, 60 months,25.88,F,F4,4 years,MORTGAGE,55000.0,Not Verified,home_improvement,AZ,30.66,0.0,725.0,729.0,2.0,65.4,7.0,Individual,5,High Risk,Manual Review
72632600,17600.0, 36 months,20.75,E,E2,5 years,RENT,40000.0,Verified,debt_consolidation,CA,40.35,0.0,725.0,729.0,0.0,75.5,10.0,Individual,5,High Risk,Manual Review
72612629,18200.0, 36 months,26.57,F,F5,4 years,MORTGAGE,100000.0,Verified,debt_consolidation,MI,35.85,1.0,665.0,669.0,3.0,12.4,22.0,Individual,6,High Risk,Manual Review
71956208,28000.0, 60 months,24.99,F,F3,10+ years,MORTGAGE,87000.0,Source Verified,debt_consolidation,CA,12.21,1.0,670.0,674.0,1.0,87.1,34.0,Individual,5,High Risk,Manual Review
72784251,24000.0, 60 months,21.97,E,E4,< 1 year,RENT,18000.0,Verified,debt_consolidation,TX,119.27,2.0,705.0,709.0,1.0,44.9,34.0,Joint App,6,High Risk,Manual Review
72682728,35000.0, 60 months,21.18,E,E3,10+ years,RENT,74179.0,Source Verified,debt_consolidation,CA,30.71,0.0,740.0,744.0,0.0,73.1,27.0,Individual,5,High Risk,Manual Review
72203926,11375.0, 60 months,24.11,F,F2,10+ years,MORTGAGE,58000.0,Source Verified,debt_consolidation,VA,32.52,1.0,705.0,709.0,0.0,58.6,15.0,Individual,6,High Risk,Manual Review
72033617,28000.0, 60 months,20.75,E,E2,10+ years,OWN,70578.0,Verified,debt_consolidation,TN,35.01,0.0,690.0,694.0,0.0,57.0,26.0,Individual,5,High Risk,Manual Review
72782397,24000.0, 60 months,22.45,E,E5,1 year,MORTGAGE,65000.0,Verified,credit_card,CT,30.15,1.0,670.0,674.0,2.0,79.9,25.0,Individual,6,High Risk,Manual Review
72682512,31525.0, 60 months,24.11,F,F2,10+ years,MORTGAGE,83000.0,Verified,debt_consolidation,VA,30.91,0.0,705.0,709.0,0.0,99.3,22.0,Individual,6,High Risk,Manual Review
71063061,35000.0, 60 months,21.97,E,E4,10+ years,MORTGAGE,65000.0,Verified,credit_card,MI,31.06,1.0,665.0,669.0,1.0,68.2,34.0,Joint App,6,High Risk,Manual Review
72552711,20000.0, 60 months,22.45,E,E5,10+ years,MORTGAGE,75000.0,Verified,debt_consolidation,NE,34.25,0.0,705.0,709.0,1.0,41.5,17.0,Individual,5,High Risk,Manual Review
72532498,25000.0, 60 months,20.75,E,E2,10+ years,MORTGAGE,70000.0,Verified,other,CT,32.24,0.0,705.0,709.0,0.0,80.7,39.0,Individual,6,High Risk,Manual Review
72783242,24000.0, 60 months,22.45,E,E5,4 years,MORTGAGE,70000.0,Source Verified,debt_consolidation,TN,34.39,1.0,675.0,679.0,1.0,62.9,29.0,Individual,6,High Risk,Manual Review
71915675,24000.0, 60 months,19.99,E,E1,6 years,OWN,56000.0,Verified,other,AZ,31.05,0.0,675.0,679.0,0.0,77.5,16.0,Individual,5,High Risk,Manual Review
72762557,11025.0, 60 months,28.14,G,G2,2 years,RENT,26790.0,Verified,credit_card,UT,36.2,0.0,690.0,694.0,0.0,79.2,14.0,Individual,5,High Risk,Manual Review
70612487,30000.0, 36 months,20.75,E,E2,10+ years,RENT,83700.0,Not Verified,debt_consolidation,CA,40.47,0.0,710.0,714.0,1.0,67.2,28.0,Individual,5,High Risk,Manual Review
72752522,10050.0, 60 months,20.75,E,E2,5 years,MORTGAGE,57602.0,Verified,debt_consolidation,MN,48.31,0.0,715.0,719.0,1.0,62.4,38.0,Individual,5,High Risk,Manual Review
72784278,20000.0, 36 months,20.75,E,E2,3 years,RENT,48000.0,Verified,debt_consolidation,CA,41.67,0.0,680.0,684.0,0.0,87.6,25.0,Individual,6,High Risk,Manual Review
72632452,14000.0, 60 months,22.45,E,E5,< 1 year,RENT,47000.0,Source Verified,debt_consolidation,AZ,32.56,0.0,675.0,679.0,0.0,53.8,13.0,Individual,5,High Risk,Manual Review
72632451,29475.0, 60 months,28.14,G,G2,4 years,RENT,125000.0,Not Verified,debt_consolidation,SC,37.25,0.0,680.0,684.0,0.0,88.9,37.0,Individual,6,High Risk,Manual Review
72552448,14600.0, 60 months,24.99,F,F3,9 years,RENT,62955.0,Not Verified,debt_consolidation,MD,37.63,0.0,690.0,694.0,0.0,33.8,24.0,Individual,5,High Risk,Manual Review
72785216,9600.0, 36 months,21.97,E,E4,2 years,OWN,34000.0,Verified,moving,MI,38.58,0.0,660.0,664.0,1.0,22.3,39.0,Individual,5,High Risk,Manual Review
71957301,26500.0, 60 months,24.99,F,F3,10+ years,MORTGAGE,53000.0,Not Verified,debt_consolidation,TX,32.26,0.0,690.0,694.0,0.0,25.8,24.0,Individual,5,High Risk,Manual Review
72672439,24000.0, 60 months,21.18,E,E3,10+ years,MORTGAGE,125000.0,Verified,debt_consolidation,TX,42.01,3.0,670.0,674.0,0.0,82.5,35.0,Individual,7,High Risk,Manual Review
72672215,3000.0, 36 months,21.18,E,E3,5 years,RENT,51000.0,Verified,debt_consolidation,FL,43.24,0.0,660.0,664.0,0.0,85.7,10.0,Individual,6,High Risk,Manual Review
72662477,35000.0, 36 months,20.75,E,E2,10+ years,MORTGAGE,225000.0,Verified,other,CT,38.23,0.0,710.0,714.0,1.0,77.5,36.0,Individual,5,High Risk,Manual Review
71886600,10075.0, 60 months,21.18,E,E3,5 years,OWN,35000.0,Source Verified,home_improvement,PA,32.96,0.0,660.0,664.0,0.0,46.9,33.0,Individual,5,High Risk,Manual Review
71736209,13850.0, 60 months,19.99,E,E1,,MORTGAGE,66000.0,Not Verified,debt_consolidation,NM,36.27,0.0,735.0,739.0,0.0,21.1,36.0,Individual,5,High Risk,Manual Review
71643472,4425.0, 36 months,21.18,E,E3,10+ years,MORTGAGE,65000.0,Source Verified,small_business,VT,24.96,1.0,660.0,664.0,1.0,80.2,23.0,Individual,5,High Risk,Manual Review
72682442,35000.0, 60 months,24.11,F,F2,7 years,OWN,118000.0,Source Verified,small_business,OH,32.62,0.0,705.0,709.0,1.0,35.9,34.0,Individual,5,High Risk,Manual Review
70832741,15600.0, 60 months,21.97,E,E4,4 years,MORTGAGE,91000.0,Not Verified,credit_card,MO,33.64,1.0,675.0,679.0,0.0,93.6,51.0,Individual,7,High Risk,Manual Review
71755020,20000.0, 60 months,19.99,E,E1,10+ years,MORTGAGE,53000.0,Not Verified,home_improvement,TX,31.18,0.0,695.0,699.0,0.0,65.8,20.0,Individual,5,High Risk,Manual Review
70552828,15000.0, 60 months,21.97,E,E4,6 years,RENT,45000.0,Verified,debt_consolidation,CT,31.57,0.0,660.0,664.0,1.0,71.4,45.0,Individual,5,High Risk,Manual Review
72552249,21600.0, 60 months,21.18,E,E3,,MORTGAGE,55000.0,Verified,debt_consolidation,IN,32.4,0.0,670.0,674.0,2.0,72.8,36.0,Individual,5,High Risk,Manual Review
72722312,35000.0, 36 months,15.31,C,C5,4 years,RENT,105000.0,Verified,debt_consolidation,OH,33.02,1.0,660.0,664.0,0.0,80.5,43.0,Individual,5,High Risk,Manual Review
72722197,14100.0, 36 months,23.13,F,F1,1 year,RENT,48000.0,Verified,debt_consolidation,CA,36.0,1.0,660.0,664.0,0.0,70.0,12.0,Individual,6,High Risk,Manual Review
70916254,16425.0, 36 months,22.45,E,E5,10+ years,RENT,43000.0,Not Verified,credit_card,NY,36.56,0.0,705.0,709.0,0.0,45.8,29.0,Individual,5,High Risk,Manual Review
71957198,20000.0, 60 months,19.99,E,E1,3 years,RENT,50000.0,Verified,credit_card,CA,32.21,1.0,675.0,679.0,0.0,40.0,15.0,Individual,6,High Risk,Manual Review
72782218,11750.0, 60 months,24.11,F,F2,7 years,RENT,35000.0,Source Verified,debt_consolidation,OH,33.78,0.0,675.0,679.0,2.0,15.0,25.0,Individual,5,High Risk,Manual Review
72732213,34325.0, 60 months,28.14,G,G2,10+ years,RENT,104269.9,Not Verified,debt_consolidation,CA,38.21,1.0,705.0,709.0,0.0,60.2,35.0,Individual,6,High Risk,Manual Review
71805449,24000.0, 60 months,22.45,E,E5,10+ years,MORTGAGE,76000.0,Not Verified,credit_card,KY,40.61,0.0,675.0,679.0,0.0,54.1,50.0,Individual,5,High Risk,Manual Review
71904573,3700.0, 36 months,21.18,E,E3,,RENT,11580.0,Verified,credit_card,VA,33.06,0.0,660.0,664.0,0.0,89.5,6.0,Individual,6,High Risk,Manual Review
71612206,8750.0, 36 months,18.25,D,D3,10+ years,OWN,105000.0,Not Verified,home_improvement,CA,32.34,1.0,690.0,694.0,1.0,85.3,33.0,Individual,5,High Risk,Manual Review
71991418,17050.0, 60 months,28.34,G,G3,< 1 year,MORTGAGE,52000.0,Verified,debt_consolidation,FL,33.09,0.0,685.0,689.0,2.0,68.3,10.0,Individual,5,High Risk,Manual Review
72632191,25000.0, 60 months,21.18,E,E3,10+ years,MORTGAGE,65000.0,Source Verified,credit_card,IL,32.22,2.0,680.0,684.0,2.0,55.4,28.0,Individual,6,High Risk,Manual Review
72246156,5000.0, 36 months,20.75,E,E2,5 years,MORTGAGE,26000.0,Verified,other,CA,31.16,0.0,680.0,684.0,1.0,83.0,9.0,Individual,6,High Risk,Manual Review
71054512,8000.0, 36 months,21.18,E,E3,2 years,RENT,16000.0,Verified,debt_consolidation,CA,42.46,0.0,660.0,664.0,1.0,78.6,18.0,Individual,5,High Risk,Manual Review
72572148,26000.0, 60 months,20.75,E,E2,< 1 year,MORTGAGE,52000.0,Not Verified,debt_consolidation,MA,30.23,0.0,720.0,724.0,1.0,52.5,30.0,Individual,5,High Risk,Manual Review
72602334,16000.0, 60 months,21.18,E,E3,6 years,MORTGAGE,80000.0,Not Verified,debt_consolidation,AL,33.29,0.0,695.0,699.0,0.0,61.7,32.0,Individual,5,High Risk,Manual Review
72642352,6000.0, 36 months,19.99,E,E1,2 years,MORTGAGE,59000.0,Verified,debt_consolidation,MN,36.84,0.0,690.0,694.0,0.0,97.3,16.0,Individual,6,High Risk,Manual Review
71915884,28975.0, 60 months,26.57,F,F5,10+ years,MORTGAGE,69000.0,Source Verified,debt_consolidation,TX,31.1,0.0,680.0,684.0,2.0,69.1,23.0,Individual,5,High Risk,Manual Review
72692242,16000.0, 60 months,21.18,E,E3,10+ years,MORTGAGE,95000.0,Verified,debt_consolidation,PA,31.29,0.0,660.0,664.0,1.0,72.7,62.0,Individual,5,High Risk,Manual Review
72722260,18900.0, 60 months,25.88,F,F4,< 1 year,MORTGAGE,45000.0,Source Verified,credit_card,VA,37.01,0.0,675.0,679.0,1.0,79.9,32.0,Individual,5,High Risk,Manual Review
72672247,24000.0, 60 months,17.27,D,D2,,RENT,91200.0,Verified,debt_consolidation,VA,35.48,3.0,665.0,669.0,0.0,83.9,28.0,Individual,5,High Risk,Manual Review
71844209,32275.0, 36 months,20.75,E,E2,2 years,MORTGAGE,110000.0,Verified,debt_consolidation,CT,30.23,0.0,680.0,684.0,1.0,64.6,37.0,Individual,5,High Risk,Manual Review
71817496,9600.0, 36 months,20.75,E,E2,5 years,OWN,29500.0,Verified,credit_card,NC,40.48,0.0,660.0,664.0,0.0,54.8,25.0,Individual,5,High Risk,Manual Review
72032738,8000.0, 36 months,20.75,E,E2,10+ years,RENT,41000.0,Verified,debt_consolidation,MD,43.85,0.0,680.0,684.0,0.0,65.9,34.0,Individual,5,High Risk,Manual Review
72083441,18400.0, 60 months,23.13,F,F1,10+ years,RENT,46000.0,Verified,credit_card,TX,30.97,0.0,670.0,674.0,1.0,100.2,46.0,Individual,6,High Risk,Manual Review
72184580,14950.0, 60 months,26.57,F,F5,,RENT,51500.0,Verified,debt_consolidation,FL,34.61,1.0,690.0,694.0,1.0,66.0,39.0,Individual,6,High Risk,Manual Review
72215560,6475.0, 36 months,21.18,E,E3,9 years,OWN,30000.0,Verified,debt_consolidation,IL,44.6,0.0,670.0,674.0,0.0,74.4,23.0,Individual,5,High Risk,Manual Review
72124634,25000.0, 60 months,24.99,F,F3,6 years,MORTGAGE,103000.0,Verified,home_improvement,OK,34.38,0.0,675.0,679.0,2.0,51.8,26.0,Individual,5,High Risk,Manual Review
72063530,14250.0, 60 months,25.88,F,F4,10+ years,RENT,31000.0,Verified,debt_consolidation,TX,38.79,0.0,680.0,684.0,2.0,76.2,44.0,Individual,5,High Risk,Manual Review
72093559,35000.0, 60 months,24.99,F,F3,10+ years,MORTGAGE,121530.0,Verified,debt_consolidation,MO,33.67,1.0,670.0,674.0,4.0,33.0,68.0,Individual,6,High Risk,Manual Review
72013472,16200.0, 60 months,27.34,G,G1,,OWN,36000.0,Verified,debt_consolidation,IL,38.17,0.0,665.0,669.0,2.0,73.0,30.0,Individual,5,High Risk,Manual Review
71966056,13275.0, 60 months,21.97,E,E4,7 years,RENT,78000.0,Verified,debt_consolidation,MD,38.89,1.0,670.0,674.0,2.0,56.0,36.0,Individual,6,High Risk,Manual Review
72372119,14750.0, 36 months,25.88,F,F4,3 years,MORTGAGE,41000.0,Verified,debt_consolidation,LA,40.43,0.0,670.0,674.0,0.0,88.1,28.0,Individual,6,High Risk,Manual Review
72712149,4275.0, 36 months,28.14,G,G2,,RENT,14252.0,Verified,debt_consolidation,TX,37.91,0.0,670.0,674.0,3.0,18.6,54.0,Individual,5,High Risk,Manual Review
72184621,20000.0, 60 months,23.13,F,F1,10+ years,OWN,72000.0,Source Verified,debt_consolidation,FL,45.79,0.0,690.0,694.0,0.0,39.8,57.0,Individual,5,High Risk,Manual Review
72522196,15175.0, 60 months,23.13,F,F1,10+ years,RENT,33000.0,Source Verified,credit_card,NY,33.78,0.0,705.0,709.0,0.0,54.4,21.0,Individual,5,High Risk,Manual Review
72134489,30800.0, 60 months,22.45,E,E5,10+ years,MORTGAGE,70000.0,Verified,debt_consolidation,OH,31.01,1.0,695.0,699.0,0.0,57.1,25.0,Individual,6,High Risk,Manual Review
72023556,23200.0, 60 months,21.18,E,E3,10+ years,MORTGAGE,54631.0,Verified,debt_consolidation,NY,42.32,0.0,725.0,729.0,1.0,80.4,27.0,Individual,6,High Risk,Manual Review
72204692,3325.0, 36 months,21.18,E,E3,10+ years,MORTGAGE,28000.0,Verified,other,GA,43.72,0.0,660.0,664.0,0.0,76.5,14.0,Individual,5,High Risk,Manual Review
72174305,10200.0, 60 months,21.97,E,E4,2 years,MORTGAGE,62400.0,Verified,home_improvement,TX,30.36,0.0,665.0,669.0,3.0,46.7,65.0,Individual,5,High Risk,Manual Review
72033403,10975.0, 60 months,25.88,F,F4,2 years,MORTGAGE,58572.0,Verified,medical,TX,41.57,0.0,670.0,674.0,0.0,68.2,35.0,Individual,5,High Risk,Manual Review
71063772,18125.0, 60 months,20.75,E,E2,6 years,RENT,48000.0,Not Verified,debt_consolidation,FL,31.8,0.0,685.0,689.0,0.0,76.6,24.0,Individual,5,High Risk,Manual Review
72112913,20975.0, 36 months,24.11,F,F2,5 years,MORTGAGE,74000.0,Verified,debt_consolidation,FL,35.79,0.0,705.0,709.0,0.0,75.2,19.0,Individual,5,High Risk,Manual Review
72247410,19625.0, 60 months,21.97,E,E4,10+ years,MORTGAGE,160000.0,Source Verified,other,NJ,32.17,3.0,675.0,679.0,2.0,39.2,53.0,Individual,6,High Risk,Manual Review
71796305,16000.0, 60 months,21.97,E,E4,9 years,RENT,63679.0,Verified,moving,NY,31.98,0.0,675.0,679.0,0.0,56.3,30.0,Individual,5,High Risk,Manual Review
71429963,11000.0, 60 months,19.99,E,E1,,RENT,43200.0,Not Verified,credit_card,TX,31.77,0.0,660.0,664.0,1.0,40.7,50.0,Individual,5,High Risk,Manual Review
71420551,8375.0, 36 months,21.18,E,E3,,OWN,19360.0,Verified,debt_consolidation,IN,38.69,0.0,680.0,684.0,0.0,57.5,11.0,Individual,5,High Risk,Manual Review
72193930,12075.0, 60 months,24.11,F,F2,2 years,RENT,40000.0,Verified,debt_consolidation,TX,31.23,0.0,660.0,664.0,1.0,57.4,10.0,Individual,5,High Risk,Manual Review
72073140,15475.0, 36 months,22.45,E,E5,5 years,OWN,43000.0,Verified,debt_consolidation,PA,30.34,0.0,665.0,669.0,0.0,83.8,14.0,Individual,6,High Risk,Manual Review
71482707,19950.0, 60 months,28.14,G,G2,10+ years,OWN,56498.0,Source Verified,house,IN,36.33,0.0,700.0,704.0,0.0,54.8,47.0,Individual,5,High Risk,Manual Review
72073049,10000.0, 36 months,23.13,F,F1,3 years,OWN,20000.0,Verified,debt_consolidation,NC,34.08,0.0,680.0,684.0,0.0,60.7,22.0,Individual,5,High Risk,Manual Review
71483144,13675.0, 36 months,21.18,E,E3,10+ years,RENT,54745.0,Verified,debt_consolidation,NM,34.06,0.0,705.0,709.0,1.0,6.3,79.0,Individual,5,High Risk,Manual Review
72134147,5125.0, 36 months,19.99,E,E1,10+ years,MORTGAGE,47000.0,Not Verified,debt_consolidation,NV,41.34,0.0,700.0,704.0,1.0,65.5,37.0,Individual,5,High Risk,Manual Review
72236285,20000.0, 60 months,24.11,F,F2,9 years,RENT,71000.0,Verified,debt_consolidation,IL,36.98,0.0,680.0,684.0,0.0,92.7,87.0,Individual,6,High Risk,Manual Review
72043135,10000.0, 60 months,19.99,E,E1,1 year,RENT,99000.0,Verified,debt_consolidation,MA,47.53,0.0,690.0,694.0,0.0,77.1,23.0,Individual,5,High Risk,Manual Review
72204260,22100.0, 60 months,26.57,F,F5,6 years,MORTGAGE,80000.0,Not Verified,debt_consolidation,NY,31.11,0.0,670.0,674.0,1.0,61.6,26.0,Individual,5,High Risk,Manual Review
71974140,25000.0, 60 months,19.99,E,E1,10+ years,OWN,73000.0,Not Verified,debt_consolidation,TX,31.0,0.0,690.0,694.0,0.0,33.0,25.0,Individual,5,High Risk,Manual Review
71746752,16000.0, 36 months,21.18,E,E3,5 years,RENT,58399.0,Verified,debt_consolidation,UT,41.33,0.0,665.0,669.0,1.0,69.6,55.0,Individual,5,High Risk,Manual Review
72083413,35000.0, 60 months,23.13,F,F1,1 year,MORTGAGE,100000.0,Source Verified,credit_card,PA,16.21,1.0,660.0,664.0,0.0,80.5,32.0,Individual,5,High Risk,Manual Review
72144368,15000.0, 36 months,28.99,G,G5,1 year,RENT,50000.0,Verified,debt_consolidation,IN,31.23,0.0,660.0,664.0,1.0,75.3,28.0,Individual,5,High Risk,Manual Review
70922692,7800.0, 36 months,23.13,F,F1,1 year,MORTGAGE,26000.0,Verified,debt_consolidation,LA,34.67,0.0,665.0,669.0,0.0,38.5,21.0,Individual,5,High Risk,Manual Review
71430186,8000.0, 36 months,19.99,E,E1,10+ years,MORTGAGE,58765.0,Verified,credit_card,OH,45.44,0.0,700.0,704.0,0.0,72.6,34.0,Individual,5,High Risk,Manual Review
71916359,10500.0, 60 months,19.99,E,E1,10+ years,MORTGAGE,75000.0,Verified,home_improvement,IL,34.05,0.0,695.0,699.0,0.0,25.1,37.0,Individual,5,High Risk,Manual Review
72102932,17000.0, 60 months,19.99,E,E1,1 year,RENT,40000.0,Verified,credit_card,LA,39.42,0.0,695.0,699.0,0.0,68.6,33.0,Joint App,5,High Risk,Manual Review
71816916,19500.0, 36 months,28.67,G,G4,4 years,RENT,43000.0,Verified,debt_consolidation,IL,31.48,0.0,670.0,674.0,1.0,41.1,15.0,Individual,5,High Risk,Manual Review
71805900,14000.0, 60 months,23.13,F,F1,10+ years,MORTGAGE,46000.0,Source Verified,debt_consolidation,GA,30.45,0.0,690.0,694.0,0.0,22.9,13.0,Individual,5,High Risk,Manual Review
72246973,14950.0, 60 months,23.13,F,F1,10+ years,RENT,55000.0,Source Verified,debt_consolidation,NY,8.88,1.0,660.0,664.0,0.0,98.8,8.0,Individual,5,High Risk,Manual Review
72184175,7450.0, 36 months,21.97,E,E4,10+ years,OWN,60027.0,Verified,debt_consolidation,MD,31.21,2.0,660.0,664.0,1.0,55.3,55.0,Individual,6,High Risk,Manual Review
72258244,20250.0, 60 months,27.34,G,G1,10+ years,RENT,45760.0,Verified,other,VT,33.28,0.0,700.0,704.0,2.0,39.2,10.0,Joint App,5,High Risk,Manual Review
72032960,2000.0, 36 months,20.75,E,E2,9 years,MORTGAGE,33000.0,Verified,debt_consolidation,MO,42.11,0.0,710.0,714.0,1.0,91.0,11.0,Individual,6,High Risk,Manual Review
70273635,22625.0, 36 months,19.99,E,E1,10+ years,MORTGAGE,58300.0,Source Verified,home_improvement,NJ,35.94,0.0,670.0,674.0,0.0,27.9,18.0,Individual,5,High Risk,Manual Review
72174000,13000.0, 60 months,28.34,G,G3,6 years,MORTGAGE,45234.0,Not Verified,debt_consolidation,WI,36.57,0.0,660.0,664.0,4.0,55.0,42.0,Individual,5,High Risk,Manual Review
70882245,21000.0, 60 months,21.97,E,E4,5 years,RENT,150000.0,Source Verified,debt_consolidation,WA,33.68,0.0,695.0,699.0,2.0,70.4,41.0,Individual,5,High Risk,Manual Review
71835915,9425.0, 36 months,21.18,E,E3,5 years,MORTGAGE,50000.0,Verified,debt_consolidation,FL,48.61,0.0,660.0,664.0,0.0,63.3,38.0,Individual,5,High Risk,Manual Review
72003037,24000.0, 60 months,19.99,E,E1,10+ years,MORTGAGE,64000.0,Verified,debt_consolidation,TN,27.96,1.0,670.0,674.0,0.0,100.0,26.0,Individual,5,High Risk,Manual Review
71936276,9000.0, 36 months,16.29,D,D1,1 year,OWN,22000.0,Verified,credit_card,NJ,47.12,1.0,705.0,709.0,0.0,83.9,26.0,Individual,5,High Risk,Manual Review
72042942,35000.0, 60 months,20.75,E,E2,2 years,MORTGAGE,120000.0,Verified,debt_consolidation,MA,32.3,0.0,685.0,689.0,0.0,89.8,34.0,Joint App,6,High Risk,Manual Review
72154210,10225.0, 36 months,24.99,F,F3,7 years,RENT,24000.0,Verified,vacation,NY,34.55,0.0,665.0,669.0,0.0,64.2,8.0,Individual,5,High Risk,Manual Review
71736428,5625.0, 36 months,21.18,E,E3,,RENT,15666.6,Verified,debt_consolidation,CA,43.94,2.0,660.0,664.0,1.0,51.9,34.0,Individual,6,High Risk,Manual Review
71747076,26200.0, 36 months,20.75,E,E2,1 year,MORTGAGE,57000.0,Verified,credit_card,TX,40.53,0.0,695.0,699.0,1.0,72.8,42.0,Individual,5,High Risk,Manual Review
72143829,14400.0, 60 months,19.99,E,E1,8 years,MORTGAGE,78000.0,Not Verified,credit_card,NC,46.94,0.0,660.0,664.0,0.0,46.2,33.0,Individual,5,High Risk,Manual Review
72225937,5600.0, 36 months,20.75,E,E2,,MORTGAGE,24487.0,Verified,credit_card,OH,34.17,0.0,665.0,669.0,2.0,92.8,17.0,Individual,6,High Risk,Manual Review
72022816,13825.0, 36 months,22.45,E,E5,4 years,RENT,48131.0,Source Verified,debt_consolidation,AL,21.37,1.0,665.0,669.0,1.0,84.8,12.0,Individual,5,High Risk,Manual Review
72052727,10800.0, 60 months,28.99,G,G5,,RENT,30000.0,Verified,debt_consolidation,FL,43.48,6.0,675.0,679.0,2.0,46.9,38.0,Individual,6,High Risk,Manual Review
72012727,11375.0, 60 months,28.99,G,G5,5 years,OWN,35000.0,Verified,debt_consolidation,TX,41.77,2.0,660.0,664.0,0.0,81.0,30.0,Individual,7,High Risk,Manual Review
72012788,35000.0, 60 months,22.45,E,E5,10+ years,MORTGAGE,42000.0,Verified,debt_consolidation,OH,45.91,0.0,670.0,674.0,1.0,72.3,21.0,Joint App,5,High Risk,Manual Review
72072627,29300.0, 60 months,19.99,E,E1,10+ years,RENT,69804.0,Verified,debt_consolidation,IL,15.27,1.0,665.0,669.0,1.0,81.4,28.0,Individual,5,High Risk,Manual Review
71420332,7075.0, 36 months,23.13,F,F1,10+ years,OWN,39000.0,Not Verified,debt_consolidation,CA,46.25,0.0,675.0,679.0,0.0,87.3,29.0,Individual,6,High Risk,Manual Review
71420235,25000.0, 60 months,19.99,E,E1,10+ years,MORTGAGE,110000.0,Verified,debt_consolidation,TX,34.58,0.0,710.0,714.0,2.0,35.5,65.0,Individual,5,High Risk,Manual Review
72042749,4200.0, 36 months,21.18,E,E3,,RENT,14000.0,Verified,other,NY,36.79,0.0,660.0,664.0,1.0,79.0,15.0,Individual,5,High Risk,Manual Review
72022867,7000.0, 36 months,17.27,D,D2,< 1 year,RENT,62000.0,Source Verified,debt_consolidation,TX,36.3,1.0,695.0,699.0,0.0,86.5,23.0,Individual,5,High Risk,Manual Review
71867837,35000.0, 60 months,22.45,E,E5,6 years,MORTGAGE,97000.0,Source Verified,debt_consolidation,MO,31.56,0.0,695.0,699.0,1.0,62.1,30.0,Individual,5,High Risk,Manual Review
70955513,16000.0, 60 months,21.97,E,E4,10+ years,MORTGAGE,55000.0,Verified,home_improvement,LA,17.13,1.0,665.0,669.0,0.0,97.1,30.0,Individual,5,High Risk,Manual Review
71794806,14275.0, 60 months,19.99,E,E1,4 years,RENT,34000.0,Verified,debt_consolidation,TX,34.67,0.0,670.0,674.0,0.0,44.6,15.0,Individual,5,High Risk,Manual Review
71948127,33950.0, 60 months,28.14,G,G2,10+ years,RENT,77200.0,Verified,debt_consolidation,MD,39.72,0.0,720.0,724.0,0.0,88.2,49.0,Individual,6,High Risk,Manual Review
72193560,14900.0, 60 months,24.99,F,F3,6 years,MORTGAGE,35500.0,Not Verified,debt_consolidation,PA,36.48,3.0,665.0,669.0,2.0,52.9,21.0,Individual,6,High Risk,Manual Review
72213492,10000.0, 36 months,20.75,E,E2,9 years,OWN,68000.0,Verified,debt_consolidation,NC,41.1,1.0,685.0,689.0,1.0,70.3,43.0,Individual,6,High Risk,Manual Review
72143780,32000.0, 36 months,20.75,E,E2,10+ years,MORTGAGE,95000.0,Verified,debt_consolidation,VA,32.68,0.0,700.0,704.0,0.0,87.2,21.0,Individual,6,High Risk,Manual Review
72235613,6850.0, 36 months,20.75,E,E2,10+ years,MORTGAGE,44720.0,Source Verified,debt_consolidation,NC,31.51,0.0,670.0,674.0,0.0,71.6,22.0,Individual,5,High Risk,Manual Review
72123631,16750.0, 36 months,21.97,E,E4,2 years,RENT,33500.0,Verified,debt_consolidation,OH,33.03,0.0,670.0,674.0,0.0,62.9,49.0,Individual,5,High Risk,Manual Review
71442779,24775.0, 36 months,19.99,E,E1,10+ years,RENT,59000.0,Verified,credit_card,NJ,45.49,0.0,690.0,694.0,2.0,45.5,39.0,Individual,5,High Risk,Manual Review
71767616,13675.0, 60 months,23.13,F,F1,10+ years,MORTGAGE,55000.0,Source Verified,debt_consolidation,NY,32.18,1.0,660.0,664.0,0.0,67.8,36.0,Individual,6,High Risk,Manual Review
72235700,27525.0, 60 months,23.13,F,F1,10+ years,RENT,60000.0,Not Verified,debt_consolidation,OH,33.86,0.0,745.0,749.0,1.0,16.3,33.0,Individual,5,High Risk,Manual Review
72224333,18575.0, 60 months,21.97,E,E4,4 years,RENT,85000.0,Verified,debt_consolidation,AZ,20.23,3.0,665.0,669.0,0.0,86.6,26.0,Individual,5,High Risk,Manual Review
72062710,30000.0, 60 months,28.99,G,G5,,RENT,92236.0,Verified,moving,NY,42.83,0.0,665.0,669.0,0.0,64.9,40.0,Individual,5,High Risk,Manual Review
72042591,25200.0, 60 months,22.45,E,E5,10+ years,MORTGAGE,105000.0,Source Verified,debt_consolidation,OH,31.15,0.0,660.0,664.0,1.0,80.8,32.0,Individual,6,High Risk,Manual Review
71794683,21200.0, 60 months,21.97,E,E4,3 years,MORTGAGE,82000.0,Not Verified,debt_consolidation,TX,36.05,0.0,730.0,734.0,1.0,71.3,30.0,Individual,5,High Risk,Manual Review
72052486,13675.0, 36 months,19.53,D,D5,10+ years,RENT,60000.0,Source Verified,debt_consolidation,NE,35.3,2.0,660.0,664.0,0.0,89.7,27.0,Individual,5,High Risk,Manual Review
72002503,35000.0, 60 months,20.75,E,E2,8 years,MORTGAGE,97000.0,Verified,debt_consolidation,NJ,30.42,0.0,665.0,669.0,2.0,91.0,16.0,Joint App,6,High Risk,Manual Review
71419960,11000.0, 60 months,20.75,E,E2,,OWN,25000.0,Verified,debt_consolidation,LA,41.62,2.0,685.0,689.0,1.0,83.0,25.0,Individual,7,High Risk,Manual Review
72225597,1500.0, 36 months,19.99,E,E1,10+ years,OWN,44616.0,Verified,other,TX,31.25,0.0,665.0,669.0,2.0,54.4,27.0,Individual,5,High Risk,Manual Review
71924698,7950.0, 36 months,19.99,E,E1,6 years,MORTGAGE,35000.0,Verified,debt_consolidation,TX,39.13,2.0,665.0,669.0,1.0,27.9,12.0,Individual,6,High Risk,Manual Review
72225637,18000.0, 60 months,21.97,E,E4,3 years,MORTGAGE,41820.0,Verified,debt_consolidation,TX,34.55,0.0,680.0,684.0,0.0,63.9,22.0,Individual,5,High Risk,Manual Review
72173467,13000.0, 60 months,21.18,E,E3,10+ years,RENT,54990.0,Verified,debt_consolidation,NJ,30.53,0.0,710.0,714.0,0.0,57.6,39.0,Individual,5,High Risk,Manual Review
72246374,11075.0, 60 months,24.99,F,F3,9 years,MORTGAGE,44000.0,Source Verified,debt_consolidation,NJ,35.08,0.0,685.0,689.0,1.0,85.1,22.0,Individual,6,High Risk,Manual Review
72214471,9000.0, 36 months,19.99,E,E1,10+ years,MORTGAGE,70000.0,Not Verified,credit_card,WI,19.61,2.0,665.0,669.0,3.0,94.0,20.0,Individual,5,High Risk,Manual Review
72203586,14650.0, 36 months,22.45,E,E5,3 years,RENT,63000.0,Not Verified,debt_consolidation,UT,47.26,0.0,720.0,724.0,4.0,61.8,50.0,Individual,5,High Risk,Manual Review
72163474,28000.0, 60 months,22.45,E,E5,10+ years,RENT,80000.0,Source Verified,debt_consolidation,NJ,8.28,2.0,670.0,674.0,1.0,84.2,32.0,Individual,5,High Risk,Manual Review
72163552,35000.0, 36 months,20.75,E,E2,1 year,RENT,74000.0,Source Verified,debt_consolidation,CA,36.25,0.0,660.0,664.0,1.0,76.9,36.0,Individual,5,High Risk,Manual Review
72072193,6400.0, 36 months,21.18,E,E3,8 years,MORTGAGE,55000.0,Not Verified,medical,CA,41.72,0.0,680.0,684.0,0.0,68.5,33.0,Individual,5,High Risk,Manual Review
71592838,31250.0, 60 months,23.13,F,F1,10+ years,MORTGAGE,79000.0,Source Verified,other,NC,37.52,3.0,670.0,674.0,0.0,68.9,31.0,Individual,6,High Risk,Manual Review
71854815,10500.0, 60 months,21.97,E,E4,10+ years,MORTGAGE,110000.0,Source Verified,small_business,CA,29.91,2.0,660.0,664.0,1.0,88.1,21.0,Individual,5,High Risk,Manual Review
72102237,20000.0, 60 months,24.99,F,F3,10+ years,OWN,50000.0,Source Verified,credit_card,NC,15.63,1.0,665.0,669.0,1.0,80.1,11.0,Individual,5,High Risk,Manual Review
70941703,5175.0, 36 months,21.18,E,E3,3 years,RENT,36000.0,Verified,debt_consolidation,VA,30.37,0.0,660.0,664.0,1.0,69.6,16.0,Individual,5,High Risk,Manual Review
72052218,21900.0, 60 months,24.99,F,F3,10+ years,MORTGAGE,83636.0,Verified,debt_consolidation,MN,30.64,1.0,665.0,669.0,3.0,68.0,19.0,Individual,6,High Risk,Manual Review
71857589,18250.0, 60 months,28.99,G,G5,2 years,RENT,60000.0,Verified,debt_consolidation,NY,36.02,0.0,675.0,679.0,1.0,63.2,19.0,Individual,5,High Risk,Manual Review
72002279,12000.0, 36 months,19.99,E,E1,10+ years,OWN,85000.0,Source Verified,other,IL,47.49,0.0,705.0,709.0,0.0,88.2,19.0,Individual,6,High Risk,Manual Review
72183352,5175.0, 36 months,20.75,E,E2,10+ years,MORTGAGE,29000.0,Verified,debt_consolidation,FL,43.46,0.0,680.0,684.0,0.0,84.2,20.0,Individual,6,High Risk,Manual Review
71806997,25000.0, 60 months,21.97,E,E4,1 year,MORTGAGE,110000.0,Not Verified,other,MS,36.2,1.0,670.0,674.0,0.0,81.1,93.0,Individual,7,High Risk,Manual Review
72163138,12225.0, 60 months,24.11,F,F2,10+ years,RENT,50000.0,Verified,debt_consolidation,VA,37.52,0.0,715.0,719.0,0.0,35.7,25.0,Individual,5,High Risk,Manual Review
71807623,30000.0, 60 months,20.75,E,E2,2 years,RENT,95000.0,Source Verified,debt_consolidation,CT,31.66,1.0,730.0,734.0,0.0,22.9,32.0,Individual,6,High Risk,Manual Review
71877485,34225.0, 36 months,28.14,G,G2,10+ years,RENT,81518.0,Verified,debt_consolidation,VA,30.44,1.0,695.0,699.0,1.0,49.7,29.0,Individual,6,High Risk,Manual Review
71806944,15000.0, 60 months,25.88,F,F4,10+ years,RENT,47000.0,Verified,debt_consolidation,HI,42.85,0.0,680.0,684.0,0.0,77.7,26.0,Individual,5,High Risk,Manual Review
71827560,9600.0, 36 months,21.97,E,E4,2 years,RENT,24000.0,Verified,debt_consolidation,NY,42.8,0.0,660.0,664.0,0.0,57.0,9.0,Individual,5,High Risk,Manual Review
71887522,26325.0, 60 months,21.97,E,E4,9 years,MORTGAGE,95000.0,Verified,credit_card,NY,31.82,0.0,705.0,709.0,2.0,63.4,46.0,Individual,5,High Risk,Manual Review
70552113,17225.0, 60 months,23.13,F,F1,10+ years,RENT,50000.0,Verified,debt_consolidation,WI,30.62,0.0,660.0,664.0,0.0,75.8,20.0,Individual,5,High Risk,Manual Review
72112116,35000.0, 60 months,22.45,E,E5,10+ years,MORTGAGE,170000.0,Source Verified,credit_card,TX,31.17,0.0,670.0,674.0,1.0,47.9,40.0,Individual,5,High Risk,Manual Review
71727896,13350.0, 36 months,21.18,E,E3,5 years,RENT,37100.0,Verified,debt_consolidation,NJ,41.54,2.0,660.0,664.0,0.0,48.4,20.0,Individual,6,High Risk,Manual Review
71727446,20575.0, 60 months,22.45,E,E5,10+ years,MORTGAGE,60300.0,Verified,credit_card,AL,42.13,0.0,670.0,674.0,0.0,80.8,44.0,Individual,6,High Risk,Manual Review
71917480,4225.0, 36 months,21.18,E,E3,4 years,MORTGAGE,30000.0,Verified,debt_consolidation,TN,46.5,0.0,740.0,744.0,2.0,19.2,27.0,Individual,5,High Risk,Manual Review
70753247,10000.0, 60 months,22.45,E,E5,4 years,RENT,41000.0,Verified,debt_consolidation,SC,43.85,0.0,720.0,724.0,3.0,21.0,43.0,Individual,5,High Risk,Manual Review
71767484,2975.0, 36 months,22.45,E,E5,3 years,OWN,23000.0,Verified,debt_consolidation,MD,37.27,0.0,660.0,664.0,2.0,100.0,16.0,Individual,6,High Risk,Manual Review
71990482,35000.0, 60 months,22.45,E,E5,8 years,MORTGAGE,91487.0,Source Verified,credit_card,OK,29.16,1.0,665.0,669.0,1.0,82.3,41.0,Individual,5,High Risk,Manual Review
70907352,15650.0, 36 months,22.45,E,E5,5 years,MORTGAGE,43500.0,Verified,debt_consolidation,WA,35.03,0.0,675.0,679.0,0.0,75.4,19.0,Individual,5,High Risk,Manual Review
71837508,28325.0, 60 months,28.67,G,G4,6 years,MORTGAGE,67459.0,Verified,home_improvement,RI,30.31,0.0,710.0,714.0,1.0,27.6,17.0,Individual,5,High Risk,Manual Review
71807464,25000.0, 60 months,21.18,E,E3,8 years,MORTGAGE,44000.0,Verified,debt_consolidation,SC,30.63,0.0,690.0,694.0,0.0,69.1,12.0,Joint App,5,High Risk,Manual Review
71847560,12000.0, 60 months,21.18,E,E3,2 years,MORTGAGE,86000.0,Source Verified,debt_consolidation,PA,16.55,1.0,660.0,664.0,3.0,83.8,28.0,Individual,5,High Risk,Manual Review
69753285,10600.0, 36 months,24.99,F,F3,10+ years,RENT,39000.0,Verified,debt_consolidation,FL,47.91,0.0,690.0,694.0,0.0,80.4,28.0,Individual,6,High Risk,Manual Review
71867536,12000.0, 36 months,26.57,F,F5,10+ years,OWN,50000.0,Verified,debt_consolidation,FL,36.03,0.0,665.0,669.0,4.0,42.2,11.0,Individual,5,High Risk,Manual Review
71827526,24000.0, 36 months,21.18,E,E3,2 years,MORTGAGE,60587.0,Not Verified,credit_card,NE,36.49,0.0,750.0,754.0,1.0,36.9,29.0,Individual,5,High Risk,Manual Review
71419867,18175.0, 60 months,19.99,E,E1,1 year,MORTGAGE,62000.0,Source Verified,debt_consolidation,TX,31.46,0.0,680.0,684.0,0.0,47.6,14.0,Individual,5,High Risk,Manual Review
71957224,17850.0, 60 months,20.75,E,E2,10+ years,MORTGAGE,69000.0,Not Verified,debt_consolidation,PA,33.3,0.0,730.0,734.0,1.0,28.8,31.0,Individual,5,High Risk,Manual Review
71917428,35000.0, 60 months,23.13,F,F1,10+ years,RENT,90000.0,Verified,debt_consolidation,AZ,34.43,0.0,680.0,684.0,1.0,87.5,20.0,Individual,6,High Risk,Manual Review
71887236,21350.0, 60 months,25.88,F,F4,10+ years,MORTGAGE,60000.0,Not Verified,debt_consolidation,PA,38.74,0.0,735.0,739.0,1.0,70.8,29.0,Individual,5,High Risk,Manual Review
71815910,18000.0, 60 months,21.18,E,E3,6 years,MORTGAGE,82000.0,Source Verified,credit_card,VA,22.2,1.0,660.0,664.0,2.0,99.9,26.0,Individual,5,High Risk,Manual Review
70173044,35000.0, 60 months,23.13,F,F1,4 years,RENT,170000.0,Verified,major_purchase,CA,15.03,1.0,670.0,674.0,1.0,99.3,26.0,Individual,5,High Risk,Manual Review
71807351,19825.0, 60 months,20.75,E,E2,< 1 year,OWN,50000.0,Verified,credit_card,FL,34.54,0.0,680.0,684.0,2.0,58.5,60.0,Individual,5,High Risk,Manual Review
71777095,18150.0, 36 months,19.99,E,E1,2 years,MORTGAGE,41288.0,Verified,debt_consolidation,MA,32.15,0.0,720.0,724.0,1.0,17.8,47.0,Individual,5,High Risk,Manual Review
71807424,30000.0, 60 months,26.57,F,F5,8 years,RENT,116000.0,Not Verified,debt_consolidation,CA,36.69,0.0,685.0,689.0,0.0,93.5,40.0,Individual,6,High Risk,Manual Review
71917380,35000.0, 60 months,24.11,F,F2,< 1 year,MORTGAGE,75000.0,Verified,debt_consolidation,TX,48.05,0.0,720.0,724.0,1.0,47.4,37.0,Individual,5,High Risk,Manual Review
70934444,11200.0, 60 months,27.34,G,G1,10+ years,OWN,33000.0,Verified,home_improvement,MA,33.38,0.0,665.0,669.0,1.0,37.6,24.0,Individual,5,High Risk,Manual Review
71419678,13850.0, 36 months,22.45,E,E5,4 years,MORTGAGE,50000.0,Verified,debt_consolidation,KS,40.45,0.0,685.0,689.0,1.0,50.7,23.0,Individual,5,High Risk,Manual Review
71797268,23200.0, 60 months,20.75,E,E2,10+ years,OWN,67000.0,Not Verified,home_improvement,TX,37.25,3.0,710.0,714.0,2.0,51.1,20.0,Individual,6,High Risk,Manual Review
70273961,23400.0, 60 months,21.18,E,E3,10+ years,MORTGAGE,60000.0,Source Verified,debt_consolidation,OH,35.82,0.0,730.0,734.0,0.0,98.3,18.0,Individual,6,High Risk,Manual Review
71419763,25750.0, 60 months,23.13,F,F1,10+ years,MORTGAGE,56000.0,Source Verified,debt_consolidation,TX,31.5,0.0,695.0,699.0,0.0,50.4,30.0,Individual,5,High Risk,Manual Review
71907852,9600.0, 36 months,19.99,E,E1,4 years,OWN,60000.0,Source Verified,debt_consolidation,CA,37.48,0.0,705.0,709.0,0.0,35.3,37.0,Individual,5,High Risk,Manual Review
71948451,11200.0, 36 months,19.99,E,E1,2 years,OWN,57500.0,Verified,other,PA,31.81,0.0,670.0,674.0,1.0,43.8,18.0,Individual,5,High Risk,Manual Review
71887225,22000.0, 60 months,24.99,F,F3,10+ years,MORTGAGE,64000.0,Source Verified,major_purchase,FL,31.33,0.0,720.0,724.0,0.0,80.6,21.0,Individual,6,High Risk,Manual Review
71777127,22975.0, 36 months,22.45,E,E5,10+ years,RENT,75000.0,Source Verified,credit_card,NV,36.43,0.0,705.0,709.0,0.0,59.8,49.0,Individual,5,High Risk,Manual Review
71937306,14275.0, 60 months,21.18,E,E3,10+ years,OWN,32489.0,Source Verified,debt_consolidation,SC,35.02,0.0,690.0,694.0,0.0,42.4,15.0,Individual,5,High Risk,Manual Review
71776874,30000.0, 60 months,19.99,E,E1,10+ years,OWN,87000.0,Source Verified,debt_consolidation,TX,33.12,0.0,715.0,719.0,0.0,84.5,30.0,Individual,6,High Risk,Manual Review
71746496,35000.0, 60 months,22.45,E,E5,10+ years,RENT,103750.0,Source Verified,debt_consolidation,IL,37.06,0.0,670.0,674.0,1.0,75.2,40.0,Individual,5,High Risk,Manual Review
71827078,35000.0, 36 months,21.97,E,E4,< 1 year,MORTGAGE,98000.0,Source Verified,debt_consolidation,NY,43.0,0.0,670.0,674.0,0.0,66.6,40.0,Individual,5,High Risk,Manual Review
71896268,20000.0, 36 months,19.99,E,E1,10+ years,MORTGAGE,125000.0,Source Verified,debt_consolidation,CA,42.06,0.0,690.0,694.0,1.0,92.6,36.0,Individual,6,High Risk,Manual Review
71482167,20000.0, 36 months,20.75,E,E2,3 years,RENT,75000.0,Verified,debt_consolidation,IL,34.58,0.0,675.0,679.0,4.0,52.3,29.0,Individual,5,High Risk,Manual Review
71827110,35000.0, 36 months,19.99,E,E1,,MORTGAGE,84804.0,Verified,debt_consolidation,NC,33.71,5.0,670.0,674.0,2.0,91.0,32.0,Individual,7,High Risk,Manual Review
71937104,15000.0, 36 months,20.75,E,E2,10+ years,RENT,122497.26,Source Verified,credit_card,NY,35.67,0.0,700.0,704.0,1.0,83.1,46.0,Individual,6,High Risk,Manual Review
71727229,12000.0, 60 months,23.13,F,F1,10+ years,MORTGAGE,60000.0,Verified,home_improvement,KY,31.3,0.0,660.0,664.0,2.0,68.3,20.0,Individual,5,High Risk,Manual Review
71757890,10000.0, 60 months,19.53,D,D5,< 1 year,MORTGAGE,35000.0,Not Verified,debt_consolidation,NY,32.94,1.0,675.0,679.0,0.0,81.8,18.0,Individual,5,High Risk,Manual Review
71827155,22425.0, 36 months,24.11,F,F2,6 years,RENT,64300.0,Not Verified,credit_card,CA,44.85,0.0,720.0,724.0,0.0,87.5,20.0,Individual,6,High Risk,Manual Review
71991225,30750.0, 60 months,24.99,F,F3,3 years,MORTGAGE,85472.0,Verified,other,AL,28.17,1.0,665.0,669.0,0.0,100.1,19.0,Individual,5,High Risk,Manual Review
71826226,15850.0, 60 months,26.57,F,F5,,RENT,65000.0,Verified,debt_consolidation,NY,39.31,1.0,675.0,679.0,0.0,45.6,43.0,Individual,6,High Risk,Manual Review
71947286,22000.0, 60 months,21.18,E,E3,1 year,MORTGAGE,55000.0,Not Verified,debt_consolidation,MO,31.32,0.0,710.0,714.0,0.0,32.9,16.0,Individual,5,High Risk,Manual Review
71757105,23800.0, 60 months,23.13,F,F1,10+ years,MORTGAGE,70000.0,Source Verified,small_business,IL,37.84,0.0,745.0,749.0,0.0,28.7,45.0,Individual,5,High Risk,Manual Review
71672642,24000.0, 36 months,23.13,F,F1,10+ years,MORTGAGE,50000.0,Verified,debt_consolidation,KS,37.23,0.0,665.0,669.0,1.0,88.5,15.0,Individual,6,High Risk,Manual Review
71877023,13000.0, 60 months,23.13,F,F1,10+ years,RENT,52030.0,Verified,debt_consolidation,MI,40.42,0.0,665.0,669.0,1.0,44.3,47.0,Individual,5,High Risk,Manual Review
71876148,24000.0, 60 months,22.45,E,E5,3 years,MORTGAGE,74000.0,Source Verified,debt_consolidation,OR,35.99,0.0,690.0,694.0,0.0,75.0,24.0,Individual,5,High Risk,Manual Review
71098036,25250.0, 36 months,21.18,E,E3,8 years,RENT,114000.0,Verified,small_business,VA,38.28,0.0,705.0,709.0,2.0,59.0,23.0,Individual,5,High Risk,Manual Review
71836398,19200.0, 60 months,23.13,F,F1,10+ years,RENT,98000.0,Verified,debt_consolidation,CA,38.17,0.0,675.0,679.0,0.0,94.7,35.0,Individual,6,High Risk,Manual Review
71857155,9050.0, 36 months,21.18,E,E3,10+ years,RENT,47739.12,Verified,credit_card,AZ,40.85,0.0,680.0,684.0,0.0,52.8,36.0,Individual,5,High Risk,Manual Review
71916707,19800.0, 36 months,24.99,F,F3,4 years,MORTGAGE,55000.0,Verified,credit_card,TX,42.13,0.0,690.0,694.0,1.0,77.7,9.0,Individual,5,High Risk,Manual Review
71757665,19000.0, 36 months,23.13,F,F1,10+ years,RENT,52800.0,Verified,debt_consolidation,WY,41.57,0.0,680.0,684.0,0.0,42.0,50.0,Individual,5,High Risk,Manual Review
71836991,17600.0, 60 months,20.75,E,E2,2 years,MORTGAGE,56732.0,Verified,debt_consolidation,VA,34.33,0.0,670.0,674.0,0.0,37.2,35.0,Individual,5,High Risk,Manual Review
71966859,16150.0, 36 months,22.45,E,E5,10+ years,MORTGAGE,56000.0,Verified,debt_consolidation,AZ,36.26,2.0,660.0,664.0,0.0,83.5,30.0,Individual,7,High Risk,Manual Review
71876831,15000.0, 36 months,19.99,E,E1,2 years,RENT,30000.0,Verified,debt_consolidation,WI,31.96,0.0,675.0,679.0,1.0,92.3,9.0,Individual,6,High Risk,Manual Review
71746512,3975.0, 36 months,22.45,E,E5,10+ years,RENT,36000.0,Verified,debt_consolidation,LA,38.97,0.0,680.0,684.0,1.0,41.9,45.0,Individual,5,High Risk,Manual Review
71966969,26675.0, 60 months,28.34,G,G3,5 years,RENT,75000.0,Not Verified,debt_consolidation,CO,33.84,0.0,700.0,704.0,0.0,39.1,14.0,Individual,5,High Risk,Manual Review
71757742,18000.0, 60 months,19.99,E,E1,10+ years,RENT,46000.0,Verified,debt_consolidation,FL,34.86,0.0,670.0,674.0,2.0,36.2,39.0,Individual,5,High Risk,Manual Review
71775550,10000.0, 60 months,19.99,E,E1,4 years,RENT,53211.0,Source Verified,debt_consolidation,CA,37.37,0.0,700.0,704.0,1.0,50.4,34.0,Individual,5,High Risk,Manual Review
71786253,17050.0, 36 months,19.99,E,E1,10+ years,RENT,70000.0,Verified,debt_consolidation,TX,35.26,0.0,685.0,689.0,1.0,79.3,13.0,Individual,5,High Risk,Manual Review
71947969,14000.0, 60 months,24.99,F,F3,< 1 year,OWN,45000.0,Verified,credit_card,MN,42.35,0.0,660.0,664.0,2.0,73.6,43.0,Individual,5,High Risk,Manual Review
71896881,20000.0, 60 months,24.99,F,F3,10+ years,MORTGAGE,60000.0,Not Verified,debt_consolidation,NC,40.24,0.0,660.0,664.0,3.0,60.8,39.0,Individual,5,High Risk,Manual Review
71876726,35000.0, 60 months,21.18,E,E3,2 years,MORTGAGE,145000.0,Verified,debt_consolidation,TX,48.15,0.0,690.0,694.0,1.0,51.3,69.0,Individual,5,High Risk,Manual Review
71966448,7200.0, 36 months,20.75,E,E2,,MORTGAGE,45920.0,Verified,debt_consolidation,NM,37.72,0.0,695.0,699.0,0.0,72.9,31.0,Individual,5,High Risk,Manual Review
71806700,20000.0, 60 months,21.18,E,E3,10+ years,RENT,71750.0,Source Verified,debt_consolidation,VA,32.05,0.0,705.0,709.0,1.0,42.0,24.0,Individual,5,High Risk,Manual Review
71806800,27500.0, 36 months,21.18,E,E3,4 years,RENT,55000.0,Source Verified,debt_consolidation,CT,32.8,0.0,695.0,699.0,1.0,42.1,17.0,Individual,5,High Risk,Manual Review
71766801,10275.0, 36 months,21.97,E,E4,10+ years,MORTGAGE,51200.0,Verified,debt_consolidation,TX,38.51,0.0,705.0,709.0,0.0,52.1,15.0,Individual,5,High Risk,Manual Review
71776412,11000.0, 36 months,21.18,E,E3,1 year,RENT,55000.0,Source Verified,credit_card,IL,37.55,0.0,675.0,679.0,0.0,45.0,14.0,Individual,5,High Risk,Manual Review
71916849,17600.0, 60 months,21.18,E,E3,10+ years,RENT,56000.0,Verified,credit_card,CA,30.58,3.0,670.0,674.0,0.0,41.5,23.0,Individual,6,High Risk,Manual Review
71886599,24000.0, 60 months,21.18,E,E3,10+ years,MORTGAGE,109000.0,Not Verified,debt_consolidation,LA,35.32,3.0,660.0,664.0,1.0,62.8,44.0,Individual,6,High Risk,Manual Review
71855703,28000.0, 60 months,23.13,F,F1,6 years,MORTGAGE,87500.0,Source Verified,debt_consolidation,MO,34.22,0.0,675.0,679.0,2.0,51.2,45.0,Individual,5,High Risk,Manual Review
71956460,23500.0, 60 months,21.18,E,E3,6 years,RENT,75000.0,Source Verified,debt_consolidation,OH,36.83,0.0,680.0,684.0,0.0,75.0,33.0,Individual,5,High Risk,Manual Review
71786207,21000.0, 60 months,22.45,E,E5,10+ years,OWN,82000.0,Verified,debt_consolidation,TX,37.82,0.0,665.0,669.0,3.0,69.0,25.0,Individual,5,High Risk,Manual Review
71895028,6600.0, 36 months,19.99,E,E1,10+ years,OWN,36784.22,Source Verified,debt_consolidation,DE,35.07,0.0,660.0,664.0,0.0,95.1,14.0,Individual,6,High Risk,Manual Review
71896647,14700.0, 36 months,15.31,C,C5,10+ years,MORTGAGE,45000.0,Source Verified,debt_consolidation,GA,33.27,1.0,665.0,669.0,0.0,86.5,15.0,Individual,5,High Risk,Manual Review
71757468,20725.0, 36 months,20.75,E,E2,10+ years,MORTGAGE,58000.0,Not Verified,debt_consolidation,OK,34.74,0.0,700.0,704.0,1.0,67.2,28.0,Individual,5,High Risk,Manual Review
71915913,8275.0, 36 months,19.99,E,E1,< 1 year,RENT,23000.0,Source Verified,debt_consolidation,MO,35.23,0.0,685.0,689.0,3.0,47.0,16.0,Individual,5,High Risk,Manual Review
71786216,30000.0, 60 months,24.11,F,F2,,MORTGAGE,90000.0,Verified,credit_card,CA,34.01,1.0,695.0,699.0,0.0,62.4,41.0,Individual,6,High Risk,Manual Review
71013039,18700.0, 60 months,24.99,F,F3,3 years,MORTGAGE,42500.0,Source Verified,debt_consolidation,AZ,38.8,0.0,705.0,709.0,0.0,39.5,13.0,Individual,5,High Risk,Manual Review
71816532,12000.0, 60 months,24.11,F,F2,4 years,OWN,40000.0,Verified,debt_consolidation,OR,38.49,0.0,660.0,664.0,2.0,14.5,43.0,Individual,5,High Risk,Manual Review
71916568,24000.0, 60 months,24.99,F,F3,,MORTGAGE,85000.0,Source Verified,home_improvement,NC,31.47,2.0,670.0,674.0,2.0,58.6,24.0,Individual,6,High Risk,Manual Review
71419400,3175.0, 36 months,26.57,F,F5,,MORTGAGE,7570.0,Verified,credit_card,GA,40.95,0.0,690.0,694.0,0.0,63.3,16.0,Individual,5,High Risk,Manual Review
71926681,16800.0, 60 months,23.13,F,F1,6 years,RENT,85000.0,Verified,credit_card,NV,37.16,0.0,660.0,664.0,1.0,84.8,43.0,Individual,6,High Risk,Manual Review
71419434,14425.0, 60 months,21.18,E,E3,3 years,RENT,30000.0,Source Verified,credit_card,CA,36.92,1.0,665.0,669.0,0.0,73.4,35.0,Individual,6,High Risk,Manual Review
71856544,12600.0, 60 months,28.14,G,G2,10+ years,MORTGAGE,35000.0,Verified,debt_consolidation,SC,32.54,0.0,685.0,689.0,1.0,16.0,27.0,Individual,5,High Risk,Manual Review
71726656,8150.0, 36 months,21.18,E,E3,,MORTGAGE,16330.0,Verified,debt_consolidation,LA,41.47,0.0,695.0,699.0,2.0,62.0,13.0,Individual,5,High Risk,Manual Review
71836573,13650.0, 60 months,20.75,E,E2,3 years,MORTGAGE,65000.0,Verified,debt_consolidation,TX,31.63,3.0,665.0,669.0,1.0,30.0,39.0,Individual,6,High Risk,Manual Review
71876398,18950.0, 60 months,27.34,G,G1,7 years,MORTGAGE,101000.0,Not Verified,car,MA,33.72,0.0,700.0,704.0,1.0,101.4,19.0,Individual,6,High Risk,Manual Review
71746298,19200.0, 36 months,21.97,E,E4,,MORTGAGE,60000.0,Verified,debt_consolidation,TX,31.56,0.0,675.0,679.0,1.0,79.1,31.0,Individual,5,High Risk,Manual Review
71746033,15600.0, 60 months,19.99,E,E1,9 years,MORTGAGE,74500.0,Not Verified,debt_consolidation,NJ,37.68,0.0,710.0,714.0,2.0,42.8,43.0,Individual,5,High Risk,Manual Review
71726652,13925.0, 60 months,23.13,F,F1,9 years,OWN,41000.0,Verified,debt_consolidation,TX,34.92,1.0,670.0,674.0,2.0,25.4,33.0,Individual,6,High Risk,Manual Review
71876440,17500.0, 60 months,20.75,E,E2,3 years,RENT,49000.0,Verified,debt_consolidation,VT,46.46,0.0,695.0,699.0,0.0,60.8,22.0,Individual,5,High Risk,Manual Review
71419326,11500.0, 60 months,23.13,F,F1,,OWN,25000.0,Verified,debt_consolidation,CA,42.87,0.0,700.0,704.0,0.0,52.9,21.0,Individual,5,High Risk,Manual Review
71419295,9225.0, 36 months,19.53,D,D5,,OWN,21000.0,Verified,credit_card,MI,38.23,1.0,685.0,689.0,1.0,90.1,27.0,Individual,5,High Risk,Manual Review
71856145,35000.0, 36 months,20.75,E,E2,10+ years,RENT,108000.0,Not Verified,credit_card,NJ,41.08,0.0,690.0,694.0,0.0,40.0,34.0,Individual,5,High Risk,Manual Review
71926325,12000.0, 36 months,23.13,F,F1,5 years,MORTGAGE,42000.0,Verified,debt_consolidation,OK,31.51,1.0,665.0,669.0,1.0,79.4,18.0,Individual,6,High Risk,Manual Review
71966380,8725.0, 36 months,22.45,E,E5,2 years,RENT,26000.0,Verified,credit_card,CA,47.28,0.0,705.0,709.0,0.0,86.2,14.0,Individual,6,High Risk,Manual Review
71846308,19200.0, 60 months,19.99,E,E1,10+ years,RENT,78000.0,Source Verified,credit_card,NC,25.51,3.0,660.0,664.0,0.0,83.1,32.0,Individual,5,High Risk,Manual Review
71056501,25000.0, 60 months,21.18,E,E3,10+ years,MORTGAGE,73000.0,Not Verified,debt_consolidation,CA,31.58,0.0,660.0,664.0,1.0,83.7,18.0,Individual,6,High Risk,Manual Review
71846418,35000.0, 36 months,20.75,E,E2,10+ years,RENT,95200.0,Verified,credit_card,OK,44.51,0.0,675.0,679.0,0.0,89.4,30.0,Individual,6,High Risk,Manual Review
71826422,22750.0, 60 months,24.99,F,F3,10+ years,MORTGAGE,81000.0,Verified,debt_consolidation,LA,33.07,0.0,670.0,674.0,0.0,57.5,27.0,Individual,5,High Risk,Manual Review
71926294,12000.0, 60 months,19.53,D,D5,10+ years,OWN,62000.0,Not Verified,debt_consolidation,SC,32.13,1.0,660.0,664.0,0.0,90.0,47.0,Individual,5,High Risk,Manual Review
71097541,15825.0, 60 months,21.18,E,E3,10+ years,RENT,36000.0,Source Verified,debt_consolidation,VA,37.6,0.0,700.0,704.0,0.0,42.3,25.0,Individual,5,High Risk,Manual Review
71002307,5125.0, 36 months,24.99,F,F3,3 years,RENT,30000.0,Verified,credit_card,MN,42.76,0.0,675.0,679.0,0.0,88.9,25.0,Individual,6,High Risk,Manual Review
71736147,7500.0, 36 months,28.99,G,G5,5 years,RENT,25000.0,Verified,debt_consolidation,NC,42.29,0.0,660.0,664.0,2.0,88.6,14.0,Individual,6,High Risk,Manual Review
70856456,9500.0, 36 months,19.99,E,E1,10+ years,MORTGAGE,36625.0,Verified,debt_consolidation,WA,39.45,0.0,690.0,694.0,0.0,89.4,12.0,Individual,6,High Risk,Manual Review
71766508,4925.0, 36 months,21.18,E,E3,10+ years,MORTGAGE,43000.0,Verified,credit_card,MI,39.1,0.0,725.0,729.0,0.0,59.9,22.0,Individual,5,High Risk,Manual Review
71906758,16225.0, 36 months,19.99,E,E1,10+ years,MORTGAGE,79000.0,Source Verified,debt_consolidation,TX,38.0,1.0,685.0,689.0,0.0,60.4,34.0,Individual,6,High Risk,Manual Review
71846419,19000.0, 60 months,23.13,F,F1,10+ years,RENT,45000.0,Source Verified,credit_card,CA,37.97,0.0,690.0,694.0,2.0,83.6,31.0,Individual,6,High Risk,Manual Review
71866464,16000.0, 60 months,25.88,F,F4,< 1 year,MORTGAGE,97000.0,Verified,home_improvement,TN,35.37,0.0,665.0,669.0,0.0,45.0,60.0,Individual,5,High Risk,Manual Review
71975037,9400.0, 36 months,22.45,E,E5,< 1 year,MORTGAGE,52000.0,Verified,debt_consolidation,SC,40.3,0.0,675.0,679.0,0.0,42.5,29.0,Individual,5,High Risk,Manual Review
71766249,5600.0, 36 months,19.99,E,E1,6 years,MORTGAGE,38500.0,Not Verified,debt_consolidation,AZ,35.94,0.0,710.0,714.0,2.0,27.0,32.0,Individual,5,High Risk,Manual Review
71429009,15000.0, 60 months,19.99,E,E1,10+ years,MORTGAGE,64000.0,Verified,debt_consolidation,MI,24.33,1.0,670.0,674.0,1.0,80.9,23.0,Individual,5,High Risk,Manual Review
71098357,26600.0, 60 months,20.75,E,E2,8 years,MORTGAGE,160000.0,Verified,debt_consolidation,NC,39.55,0.0,740.0,744.0,0.0,45.5,40.0,Individual,5,High Risk,Manual Review
71906575,35000.0, 60 months,19.99,E,E1,10+ years,RENT,81500.0,Verified,debt_consolidation,TX,30.08,0.0,710.0,714.0,1.0,89.3,19.0,Individual,6,High Risk,Manual Review
71926270,6400.0, 36 months,18.25,D,D3,8 years,MORTGAGE,70000.0,Verified,home_improvement,SC,42.84,1.0,670.0,674.0,1.0,88.5,29.0,Individual,5,High Risk,Manual Review
71806223,11200.0, 60 months,23.13,F,F1,10+ years,OWN,54000.0,Not Verified,credit_card,NY,45.68,0.0,675.0,679.0,1.0,61.6,33.0,Individual,5,High Risk,Manual Review
71736229,30000.0, 36 months,21.97,E,E4,10+ years,RENT,104000.0,Source Verified,debt_consolidation,CA,38.44,0.0,700.0,704.0,0.0,48.9,36.0,Individual,5,High Risk,Manual Review
71429055,6825.0, 36 months,20.75,E,E2,1 year,RENT,19000.0,Verified,major_purchase,NC,38.79,0.0,665.0,669.0,1.0,84.0,10.0,Individual,6,High Risk,Manual Review
71482316,15150.0, 60 months,21.97,E,E4,7 years,MORTGAGE,60000.0,Verified,debt_consolidation,IL,40.5,0.0,725.0,729.0,0.0,59.6,18.0,Individual,5,High Risk,Manual Review
71956013,8000.0, 36 months,20.75,E,E2,6 years,OWN,75000.0,Not Verified,debt_consolidation,AL,46.75,0.0,685.0,689.0,2.0,60.1,42.0,Individual,5,High Risk,Manual Review
71026342,20000.0, 60 months,21.97,E,E4,10+ years,OWN,69000.0,Not Verified,debt_consolidation,NY,34.19,3.0,665.0,669.0,0.0,50.8,24.0,Individual,6,High Risk,Manual Review
71002456,6100.0, 36 months,21.18,E,E3,,OWN,17000.0,Verified,debt_consolidation,PA,35.6,0.0,695.0,699.0,0.0,93.2,23.0,Individual,6,High Risk,Manual Review
71906550,25000.0, 60 months,23.13,F,F1,5 years,MORTGAGE,60000.0,Source Verified,home_improvement,MA,34.26,0.0,670.0,674.0,0.0,76.5,13.0,Individual,5,High Risk,Manual Review
70846366,35000.0, 60 months,18.25,D,D3,< 1 year,MORTGAGE,115000.0,Verified,debt_consolidation,GA,30.71,1.0,665.0,669.0,0.0,88.0,25.0,Individual,5,High Risk,Manual Review
71672312,22225.0, 60 months,28.14,G,G2,10+ years,MORTGAGE,95000.0,Not Verified,credit_card,NY,43.3,0.0,670.0,674.0,1.0,89.8,33.0,Individual,6,High Risk,Manual Review
71826038,16000.0, 60 months,24.99,F,F3,< 1 year,MORTGAGE,55000.0,Source Verified,debt_consolidation,AL,37.36,0.0,660.0,664.0,1.0,64.0,20.0,Individual,5,High Risk,Manual Review
70995578,22400.0, 60 months,19.99,E,E1,10+ years,MORTGAGE,69000.0,Not Verified,other,NY,37.67,0.0,690.0,694.0,0.0,44.1,42.0,Individual,5,High Risk,Manual Review
70121476,24000.0, 60 months,21.97,E,E4,3 years,RENT,185000.0,Verified,credit_card,OH,30.89,0.0,670.0,674.0,1.0,58.2,48.0,Individual,5,High Risk,Manual Review
71946819,7500.0, 36 months,28.99,G,G5,2 years,RENT,25000.0,Verified,major_purchase,CA,41.24,0.0,670.0,674.0,1.0,72.8,13.0,Individual,5,High Risk,Manual Review
71935853,35000.0, 36 months,21.18,E,E3,10+ years,MORTGAGE,104000.0,Source Verified,debt_consolidation,IL,35.03,0.0,730.0,734.0,3.0,72.6,52.0,Individual,5,High Risk,Manual Review
71825956,18000.0, 60 months,21.97,E,E4,4 years,MORTGAGE,123000.0,Verified,debt_consolidation,TX,38.53,0.0,675.0,679.0,1.0,77.9,42.0,Individual,5,High Risk,Manual Review
71756500,14000.0, 60 months,21.18,E,E3,10+ years,RENT,41000.0,Verified,debt_consolidation,CA,36.59,0.0,675.0,679.0,1.0,67.7,21.0,Individual,5,High Risk,Manual Review
71955549,21000.0, 60 months,19.99,E,E1,3 years,OWN,42000.0,Source Verified,debt_consolidation,TX,34.71,1.0,685.0,689.0,0.0,67.8,19.0,Individual,6,High Risk,Manual Review
71756322,22125.0, 36 months,18.99,D,D4,10+ years,MORTGAGE,44280.0,Verified,credit_card,CA,34.79,1.0,670.0,674.0,0.0,82.1,19.0,Individual,5,High Risk,Manual Review
71845910,15000.0, 60 months,21.97,E,E4,6 years,RENT,56280.0,Source Verified,credit_card,SD,33.97,0.0,675.0,679.0,0.0,93.6,20.0,Individual,6,High Risk,Manual Review
71915892,7400.0, 36 months,23.13,F,F1,10+ years,MORTGAGE,80000.0,Not Verified,debt_consolidation,IL,43.67,0.0,670.0,674.0,1.0,63.0,39.0,Individual,5,High Risk,Manual Review
71119881,3500.0, 36 months,23.13,F,F1,,RENT,36000.0,Verified,major_purchase,CA,38.08,0.0,660.0,664.0,2.0,48.7,21.0,Individual,5,High Risk,Manual Review
71905804,30000.0, 60 months,24.99,F,F3,< 1 year,RENT,92000.0,Source Verified,debt_consolidation,VA,34.88,0.0,695.0,699.0,2.0,60.1,34.0,Individual,5,High Risk,Manual Review
71756391,3425.0, 36 months,20.75,E,E2,1 year,MORTGAGE,49000.0,Source Verified,debt_consolidation,WI,36.37,0.0,675.0,679.0,1.0,68.5,24.0,Individual,5,High Risk,Manual Review
71865786,24000.0, 60 months,20.75,E,E2,10+ years,MORTGAGE,77000.0,Not Verified,credit_card,OH,35.54,0.0,685.0,689.0,0.0,73.3,49.0,Individual,5,High Risk,Manual Review
71725923,8000.0, 36 months,20.75,E,E2,6 years,RENT,37000.0,Not Verified,debt_consolidation,FL,36.04,0.0,665.0,669.0,1.0,31.5,29.0,Individual,5,High Risk,Manual Review
71955620,15000.0, 60 months,20.75,E,E2,10+ years,RENT,76000.0,Source Verified,credit_card,CA,30.1,0.0,715.0,719.0,0.0,55.0,10.0,Individual,5,High Risk,Manual Review
71785066,20000.0, 60 months,21.97,E,E4,6 years,RENT,73000.0,Source Verified,debt_consolidation,KS,38.34,0.0,685.0,689.0,0.0,54.7,13.0,Individual,5,High Risk,Manual Review
71419095,6025.0, 36 months,22.45,E,E5,2 years,RENT,26000.0,Verified,debt_consolidation,NJ,47.09,0.0,680.0,684.0,1.0,38.3,24.0,Individual,5,High Risk,Manual Review
71483119,14000.0, 36 months,19.99,E,E1,< 1 year,RENT,28000.0,Source Verified,debt_consolidation,CA,37.16,0.0,670.0,674.0,0.0,50.9,25.0,Individual,5,High Risk,Manual Review
71905971,10000.0, 36 months,19.99,E,E1,10+ years,MORTGAGE,95000.0,Verified,debt_consolidation,DC,43.47,0.0,665.0,669.0,0.0,90.6,22.0,Individual,6,High Risk,Manual Review
71946387,10000.0, 60 months,24.99,F,F3,,MORTGAGE,29000.0,Verified,debt_consolidation,VA,33.73,0.0,735.0,739.0,3.0,7.1,27.0,Individual,5,High Risk,Manual Review
71935411,18000.0, 36 months,17.27,D,D2,< 1 year,OWN,36000.0,Verified,debt_consolidation,TX,39.08,1.0,670.0,674.0,1.0,91.1,16.0,Individual,5,High Risk,Manual Review
71987173,10525.0, 60 months,23.13,F,F1,4 years,RENT,41000.0,Source Verified,debt_consolidation,FL,33.75,0.0,675.0,679.0,1.0,48.0,47.0,Individual,5,High Risk,Manual Review
71925616,28000.0, 60 months,21.18,E,E3,3 years,MORTGAGE,110000.0,Source Verified,other,OH,34.32,3.0,690.0,694.0,1.0,98.0,21.0,Individual,7,High Risk,Manual Review
71745491,12000.0, 60 months,22.45,E,E5,6 years,RENT,33600.0,Verified,debt_consolidation,NJ,48.68,0.0,670.0,674.0,1.0,44.0,31.0,Individual,5,High Risk,Manual Review
71815685,20000.0, 36 months,21.97,E,E4,10+ years,MORTGAGE,80000.0,Source Verified,debt_consolidation,PA,35.87,0.0,700.0,704.0,2.0,45.1,31.0,Individual,5,High Risk,Manual Review
71834124,17100.0, 60 months,21.97,E,E4,10+ years,MORTGAGE,89000.0,Verified,home_improvement,TX,33.4,2.0,685.0,689.0,3.0,13.0,34.0,Individual,6,High Risk,Manual Review
71845760,20000.0, 60 months,23.13,F,F1,10+ years,RENT,55000.0,Verified,debt_consolidation,OH,46.04,0.0,660.0,664.0,3.0,52.5,37.0,Individual,5,High Risk,Manual Review
70867554,13025.0, 60 months,23.13,F,F1,10+ years,RENT,53929.0,Verified,credit_card,MO,32.16,0.0,670.0,674.0,2.0,99.7,41.0,Individual,6,High Risk,Manual Review
71815636,25000.0, 60 months,24.11,F,F2,5 years,RENT,60000.0,Source Verified,debt_consolidation,MI,35.8,1.0,665.0,669.0,0.0,72.9,16.0,Individual,6,High Risk,Manual Review
71745480,29425.0, 36 months,19.99,E,E1,10+ years,RENT,64000.0,Not Verified,debt_consolidation,GA,30.71,0.0,680.0,684.0,0.0,61.2,25.0,Individual,5,High Risk,Manual Review
71795602,19400.0, 60 months,23.13,F,F1,7 years,RENT,74500.0,Source Verified,credit_card,CA,32.1,0.0,660.0,664.0,0.0,83.5,17.0,Individual,6,High Risk,Manual Review
70897194,5000.0, 36 months,21.18,E,E3,< 1 year,MORTGAGE,54000.0,Verified,debt_consolidation,NC,44.82,0.0,690.0,694.0,0.0,67.9,25.0,Individual,5,High Risk,Manual Review
70703070,35000.0, 60 months,23.13,F,F1,10+ years,MORTGAGE,80605.0,Source Verified,credit_card,OH,36.37,0.0,685.0,689.0,0.0,73.6,35.0,Individual,5,High Risk,Manual Review
70673946,3750.0, 36 months,21.18,E,E3,2 years,MORTGAGE,31000.0,Source Verified,debt_consolidation,TX,31.48,0.0,700.0,704.0,0.0,66.2,23.0,Individual,5,High Risk,Manual Review
71532662,32000.0, 36 months,20.75,E,E2,10+ years,RENT,72000.0,Verified,debt_consolidation,NM,37.2,0.0,700.0,704.0,3.0,58.4,67.0,Individual,5,High Risk,Manual Review
71612995,28000.0, 60 months,22.45,E,E5,6 years,OWN,56000.0,Not Verified,debt_consolidation,MI,34.6,0.0,690.0,694.0,0.0,0.3,31.0,Individual,5,High Risk,Manual Review
71532959,30000.0, 60 months,24.11,F,F2,10+ years,MORTGAGE,142000.0,Source Verified,debt_consolidation,NY,35.1,0.0,695.0,699.0,2.0,80.1,54.0,Individual,6,High Risk,Manual Review
71735586,34875.0, 60 months,25.88,F,F4,10+ years,RENT,118000.0,Verified,debt_consolidation,CA,32.76,0.0,670.0,674.0,2.0,30.7,57.0,Individual,5,High Risk,Manual Review
71925464,14225.0, 60 months,22.45,E,E5,8 years,MORTGAGE,52000.0,Source Verified,debt_consolidation,NY,31.96,0.0,690.0,694.0,0.0,56.3,21.0,Individual,5,High Risk,Manual Review
71845587,16000.0, 60 months,20.75,E,E2,10+ years,MORTGAGE,45000.0,Verified,debt_consolidation,AL,33.26,0.0,685.0,689.0,3.0,27.4,41.0,Individual,5,High Risk,Manual Review
71755860,14875.0, 36 months,21.18,E,E3,10+ years,OWN,60000.0,Verified,debt_consolidation,CA,36.36,0.0,660.0,664.0,1.0,51.5,51.0,Individual,5,High Risk,Manual Review
71735408,5000.0, 36 months,19.99,E,E1,,RENT,20000.0,Verified,debt_consolidation,NJ,49.64,0.0,685.0,689.0,0.0,53.7,23.0,Individual,5,High Risk,Manual Review
71067740,18800.0, 36 months,20.75,E,E2,10+ years,MORTGAGE,65500.0,Source Verified,debt_consolidation,OH,34.5,0.0,695.0,699.0,0.0,77.1,27.0,Individual,5,High Risk,Manual Review
71905718,35000.0, 60 months,22.45,E,E5,10+ years,MORTGAGE,89489.0,Source Verified,debt_consolidation,NY,36.27,0.0,750.0,754.0,0.0,68.9,37.0,Individual,5,High Risk,Manual Review
71935359,13075.0, 36 months,21.97,E,E4,10+ years,MORTGAGE,55000.0,Verified,debt_consolidation,NY,39.41,1.0,665.0,669.0,2.0,35.9,45.0,Individual,6,High Risk,Manual Review
71915534,21850.0, 60 months,22.45,E,E5,10+ years,RENT,68000.0,Source Verified,debt_consolidation,NM,34.49,0.0,715.0,719.0,1.0,37.7,26.0,Individual,5,High Risk,Manual Review
70971832,30250.0, 60 months,22.45,E,E5,7 years,MORTGAGE,306000.0,Not Verified,credit_card,PA,30.63,1.0,680.0,684.0,2.0,82.2,36.0,Individual,7,High Risk,Manual Review
70782681,35000.0, 60 months,25.88,F,F4,10+ years,MORTGAGE,95000.0,Verified,debt_consolidation,TX,33.46,1.0,685.0,689.0,0.0,81.1,42.0,Individual,7,High Risk,Manual Review
71805489,11000.0, 60 months,21.97,E,E4,10+ years,OWN,54000.0,Not Verified,debt_consolidation,MI,34.23,1.0,675.0,679.0,0.0,56.1,29.0,Individual,6,High Risk,Manual Review
71955283,17000.0, 60 months,20.75,E,E2,10+ years,RENT,64000.0,Verified,debt_consolidation,FL,39.62,1.0,680.0,684.0,0.0,80.7,16.0,Individual,7,High Risk,Manual Review
70301529,14400.0, 36 months,20.75,E,E2,10+ years,MORTGAGE,85000.0,Source Verified,medical,CO,35.38,0.0,675.0,679.0,0.0,71.5,30.0,Individual,5,High Risk,Manual Review
71755591,33000.0, 36 months,18.25,D,D3,< 1 year,OWN,75000.0,Verified,debt_consolidation,NY,31.6,1.0,660.0,664.0,0.0,84.6,42.0,Individual,5,High Risk,Manual Review
71775227,35000.0, 60 months,19.99,E,E1,10+ years,MORTGAGE,75000.0,Source Verified,credit_card,CO,35.98,0.0,700.0,704.0,0.0,69.7,29.0,Joint App,5,High Risk,Manual Review
71795125,35000.0, 60 months,21.97,E,E4,9 years,MORTGAGE,157000.0,Verified,credit_card,TN,37.76,0.0,685.0,689.0,0.0,67.0,38.0,Individual,5,High Risk,Manual Review
71017356,35000.0, 60 months,24.11,F,F2,10+ years,RENT,134447.0,Verified,debt_consolidation,CA,35.69,0.0,715.0,719.0,3.0,90.2,23.0,Individual,6,High Risk,Manual Review
70024633,10000.0, 36 months,21.97,E,E4,4 years,RENT,33000.0,Source Verified,debt_consolidation,OH,30.33,0.0,685.0,689.0,3.0,53.0,20.0,Individual,5,High Risk,Manual Review
71744919,30050.0, 36 months,24.11,F,F2,2 years,MORTGAGE,71000.0,Source Verified,debt_consolidation,TX,32.44,1.0,670.0,674.0,3.0,64.1,47.0,Individual,6,High Risk,Manual Review
69842162,18000.0, 60 months,19.99,E,E1,3 years,RENT,43000.0,Verified,credit_card,MN,49.07,0.0,670.0,674.0,0.0,45.2,60.0,Individual,5,High Risk,Manual Review
71864808,24000.0, 60 months,21.18,E,E3,1 year,RENT,75000.0,Verified,debt_consolidation,CA,30.42,0.0,670.0,674.0,0.0,27.6,40.0,Individual,5,High Risk,Manual Review
70835123,17475.0, 36 months,19.99,E,E1,9 years,RENT,59000.0,Verified,debt_consolidation,VA,33.14,1.0,665.0,669.0,1.0,49.2,34.0,Individual,6,High Risk,Manual Review
71965093,15400.0, 60 months,21.97,E,E4,,OWN,31500.0,Verified,debt_consolidation,AK,34.9,0.0,745.0,749.0,0.0,68.6,12.0,Individual,5,High Risk,Manual Review
71007075,14075.0, 60 months,21.97,E,E4,10+ years,MORTGAGE,40000.0,Not Verified,debt_consolidation,KY,37.2,0.0,700.0,704.0,1.0,64.1,14.0,Individual,5,High Risk,Manual Review
70876975,35000.0, 60 months,20.75,E,E2,9 years,MORTGAGE,83000.0,Verified,debt_consolidation,WA,31.74,0.0,670.0,674.0,1.0,69.0,24.0,Individual,5,High Risk,Manual Review
71925157,19000.0, 60 months,24.99,F,F3,,MORTGAGE,38000.0,Verified,other,TX,36.77,0.0,685.0,689.0,0.0,73.4,17.0,Individual,5,High Risk,Manual Review
70964319,3675.0, 36 months,21.97,E,E4,3 years,MORTGAGE,45000.0,Verified,debt_consolidation,TX,39.73,0.0,700.0,704.0,1.0,39.5,37.0,Individual,5,High Risk,Manual Review
71774994,19075.0, 60 months,23.13,F,F1,1 year,MORTGAGE,53000.0,Verified,debt_consolidation,SC,35.14,0.0,660.0,664.0,0.0,99.4,29.0,Individual,6,High Risk,Manual Review
71735048,10000.0, 60 months,24.11,F,F2,10+ years,RENT,46000.0,Verified,debt_consolidation,NJ,38.82,0.0,705.0,709.0,2.0,75.3,12.0,Individual,5,High Risk,Manual Review
71974386,12225.0, 60 months,21.18,E,E3,2 years,RENT,34000.0,Source Verified,debt_consolidation,UT,33.07,0.0,695.0,699.0,1.0,88.9,21.0,Individual,6,High Risk,Manual Review
70111324,12000.0, 60 months,21.18,E,E3,2 years,RENT,45000.0,Verified,debt_consolidation,VA,34.59,0.0,685.0,689.0,1.0,65.2,29.0,Individual,5,High Risk,Manual Review
71835041,20000.0, 60 months,24.99,F,F3,2 years,MORTGAGE,54000.0,Source Verified,debt_consolidation,TX,34.2,0.0,710.0,714.0,1.0,42.6,68.0,Individual,5,High Risk,Manual Review
71755143,15000.0, 36 months,21.18,E,E3,10+ years,RENT,74500.0,Not Verified,debt_consolidation,NJ,47.83,0.0,675.0,679.0,0.0,71.6,20.0,Individual,5,High Risk,Manual Review
71824644,2500.0, 36 months,19.99,E,E1,10+ years,RENT,23100.0,Source Verified,medical,SD,35.74,0.0,700.0,704.0,0.0,63.8,13.0,Individual,5,High Risk,Manual Review
70936659,16800.0, 60 months,21.18,E,E3,7 years,MORTGAGE,45000.0,Source Verified,debt_consolidation,IN,33.68,0.0,660.0,664.0,1.0,80.8,28.0,Individual,6,High Risk,Manual Review
71764409,15100.0, 36 months,20.75,E,E2,10+ years,MORTGAGE,42000.0,Source Verified,debt_consolidation,FL,37.26,1.0,660.0,664.0,2.0,20.8,39.0,Individual,6,High Risk,Manual Review
71662884,9775.0, 36 months,19.99,E,E1,2 years,MORTGAGE,32640.0,Verified,other,MN,34.89,0.0,665.0,669.0,0.0,104.7,24.0,Individual,6,High Risk,Manual Review
71755033,14150.0, 60 months,28.34,G,G3,4 years,MORTGAGE,41659.0,Verified,debt_consolidation,IL,34.98,0.0,690.0,694.0,2.0,88.2,42.0,Individual,6,High Risk,Manual Review
71874803,13750.0, 36 months,20.75,E,E2,10+ years,RENT,43000.0,Not Verified,house,OH,35.53,0.0,670.0,674.0,2.0,35.5,17.0,Individual,5,High Risk,Manual Review
71945010,32500.0, 36 months,23.13,F,F1,2 years,RENT,65000.0,Verified,credit_card,CA,32.68,0.0,665.0,669.0,1.0,74.5,22.0,Individual,5,High Risk,Manual Review
71894824,10000.0, 36 months,20.75,E,E2,,OWN,31285.0,Verified,other,TX,36.67,0.0,670.0,674.0,0.0,63.0,27.0,Individual,5,High Risk,Manual Review
70977043,10200.0, 60 months,19.99,E,E1,2 years,RENT,35000.0,Verified,credit_card,NC,40.74,0.0,685.0,689.0,1.0,19.9,43.0,Individual,5,High Risk,Manual Review
71844841,16000.0, 60 months,24.11,F,F2,6 years,RENT,60000.0,Not Verified,debt_consolidation,FL,49.77,0.0,695.0,699.0,1.0,97.8,31.0,Individual,6,High Risk,Manual Review
71804793,10100.0, 36 months,19.99,E,E1,10+ years,RENT,23000.0,Source Verified,credit_card,CA,38.57,0.0,680.0,684.0,0.0,72.0,15.0,Individual,5,High Risk,Manual Review
71774856,7825.0, 36 months,20.75,E,E2,5 years,RENT,19600.0,Verified,debt_consolidation,CA,38.87,0.0,675.0,679.0,0.0,81.4,8.0,Individual,6,High Risk,Manual Review
71563098,22500.0, 60 months,22.45,E,E5,10+ years,MORTGAGE,93000.0,Source Verified,credit_card,NJ,22.58,2.0,665.0,669.0,0.0,95.7,23.0,Individual,5,High Risk,Manual Review
71854957,12000.0, 60 months,20.75,E,E2,6 years,OWN,100000.0,Source Verified,credit_card,GA,31.5,0.0,660.0,664.0,2.0,68.0,33.0,Individual,5,High Risk,Manual Review
71864989,35000.0, 60 months,20.75,E,E2,10+ years,OWN,170000.0,Not Verified,debt_consolidation,GA,32.32,0.0,705.0,709.0,1.0,96.1,22.0,Individual,6,High Risk,Manual Review
71954631,12000.0, 60 months,21.18,E,E3,2 years,OWN,40000.0,Source Verified,debt_consolidation,HI,34.23,0.0,675.0,679.0,1.0,29.8,13.0,Individual,5,High Risk,Manual Review
70954121,21000.0, 60 months,28.67,G,G4,8 years,RENT,42000.0,Source Verified,debt_consolidation,TX,38.29,1.0,675.0,679.0,0.0,39.8,16.0,Individual,6,High Risk,Manual Review
71643396,30000.0, 36 months,21.97,E,E4,10+ years,RENT,95000.0,Not Verified,credit_card,IL,38.62,0.0,695.0,699.0,2.0,56.5,20.0,Individual,5,High Risk,Manual Review
70833071,16000.0, 60 months,25.88,F,F4,4 years,RENT,90000.0,Verified,debt_consolidation,AK,39.93,0.0,705.0,709.0,1.0,38.6,24.0,Individual,5,High Risk,Manual Review
70917473,24000.0, 60 months,21.97,E,E4,4 years,MORTGAGE,71030.0,Verified,debt_consolidation,NY,39.33,0.0,710.0,714.0,0.0,76.3,42.0,Individual,5,High Risk,Manual Review
70936952,11425.0, 60 months,27.34,G,G1,1 year,RENT,26000.0,Verified,debt_consolidation,MA,44.37,4.0,685.0,689.0,1.0,53.7,22.0,Individual,6,High Risk,Manual Review
71964246,8925.0, 36 months,23.13,F,F1,8 years,RENT,42500.0,Not Verified,other,AZ,46.93,0.0,675.0,679.0,2.0,56.0,17.0,Individual,5,High Risk,Manual Review
70936329,27600.0, 60 months,21.18,E,E3,10+ years,MORTGAGE,63200.0,Source Verified,debt_consolidation,FL,30.4,0.0,780.0,784.0,1.0,10.3,40.0,Individual,5,High Risk,Manual Review
70986344,3400.0, 36 months,24.99,F,F3,2 years,MORTGAGE,33000.0,Verified,debt_consolidation,AZ,41.78,1.0,675.0,679.0,0.0,42.9,28.0,Individual,6,High Risk,Manual Review
70986177,20000.0, 60 months,21.97,E,E4,10+ years,MORTGAGE,76000.0,Not Verified,debt_consolidation,IL,31.94,2.0,660.0,664.0,2.0,75.8,33.0,Individual,6,High Risk,Manual Review
71734546,26450.0, 36 months,19.99,E,E1,5 years,MORTGAGE,82000.0,Not Verified,debt_consolidation,IN,38.9,0.0,700.0,704.0,0.0,61.0,39.0,Individual,5,High Risk,Manual Review
71794569,32575.0, 60 months,25.88,F,F4,10+ years,MORTGAGE,70850.0,Verified,credit_card,WA,46.93,0.0,715.0,719.0,1.0,48.1,27.0,Individual,5,High Risk,Manual Review
71814654,23000.0, 36 months,16.29,D,D1,10+ years,RENT,50000.0,Not Verified,credit_card,CA,32.41,1.0,665.0,669.0,0.0,84.2,20.0,Individual,5,High Risk,Manual Review
71944401,13500.0, 36 months,19.99,E,E1,10+ years,RENT,41800.0,Not Verified,debt_consolidation,AZ,36.61,0.0,665.0,669.0,1.0,57.4,21.0,Individual,5,High Risk,Manual Review
71037513,10000.0, 60 months,24.11,F,F2,3 years,RENT,50000.0,Not Verified,debt_consolidation,IL,33.68,0.0,675.0,679.0,0.0,95.9,32.0,Individual,6,High Risk,Manual Review
70612334,5925.0, 36 months,20.75,E,E2,10+ years,MORTGAGE,62000.0,Source Verified,debt_consolidation,CT,38.57,0.0,670.0,674.0,0.0,59.2,27.0,Individual,5,High Risk,Manual Review
71784435,13000.0, 36 months,21.18,E,E3,9 years,MORTGAGE,58941.0,Verified,debt_consolidation,FL,41.88,0.0,670.0,674.0,0.0,84.7,24.0,Individual,6,High Risk,Manual Review
71884384,25000.0, 60 months,21.18,E,E3,1 year,MORTGAGE,64000.0,Verified,debt_consolidation,MS,49.63,0.0,665.0,669.0,0.0,83.6,26.0,Joint App,6,High Risk,Manual Review
71744453,5000.0, 36 months,20.75,E,E2,10+ years,MORTGAGE,119000.0,Verified,home_improvement,TN,17.48,1.0,665.0,669.0,2.0,115.5,18.0,Individual,5,High Risk,Manual Review
71964443,15000.0, 60 months,28.34,G,G3,< 1 year,RENT,52000.0,Not Verified,credit_card,TX,37.57,0.0,680.0,684.0,2.0,51.1,19.0,Individual,5,High Risk,Manual Review
71844537,1800.0, 36 months,20.75,E,E2,5 years,MORTGAGE,27364.0,Verified,other,FL,33.51,1.0,670.0,674.0,1.0,55.2,30.0,Individual,6,High Risk,Manual Review
70621450,30825.0, 36 months,21.18,E,E3,10+ years,RENT,135000.0,Verified,debt_consolidation,CA,30.97,0.0,675.0,679.0,2.0,41.0,48.0,Individual,5,High Risk,Manual Review
71814390,14675.0, 60 months,26.57,F,F5,10+ years,OWN,51000.0,Not Verified,debt_consolidation,PA,39.34,0.0,675.0,679.0,1.0,101.9,22.0,Individual,6,High Risk,Manual Review
71834165,10750.0, 60 months,22.45,E,E5,1 year,RENT,32000.0,Source Verified,debt_consolidation,WA,33.68,0.0,675.0,679.0,0.0,74.3,27.0,Individual,5,High Risk,Manual Review
71854391,16000.0, 60 months,19.99,E,E1,4 years,RENT,36000.0,Verified,medical,NJ,30.07,0.0,660.0,664.0,1.0,61.1,30.0,Individual,5,High Risk,Manual Review
71864553,21000.0, 60 months,28.67,G,G4,10+ years,MORTGAGE,80000.0,Verified,debt_consolidation,NM,20.69,2.0,665.0,669.0,1.0,90.1,35.0,Individual,5,High Risk,Manual Review
71643368,16000.0, 60 months,17.27,D,D2,10+ years,MORTGAGE,45000.0,Verified,debt_consolidation,AR,31.25,1.0,660.0,664.0,0.0,82.0,16.0,Individual,5,High Risk,Manual Review
71914426,9700.0, 36 months,19.99,E,E1,10+ years,OWN,57000.0,Source Verified,debt_consolidation,KY,38.42,0.0,670.0,674.0,2.0,44.6,35.0,Individual,5,High Risk,Manual Review
71844247,19000.0, 60 months,22.45,E,E5,3 years,RENT,46000.0,Verified,debt_consolidation,CT,40.46,0.0,665.0,669.0,1.0,79.3,30.0,Individual,5,High Risk,Manual Review
71964245,21000.0, 60 months,19.99,E,E1,10+ years,RENT,50000.0,Not Verified,credit_card,NY,36.1,0.0,670.0,674.0,0.0,54.5,31.0,Individual,5,High Risk,Manual Review
71297062,10800.0, 60 months,24.11,F,F2,10+ years,OWN,58000.0,Not Verified,other,FL,43.21,1.0,675.0,679.0,1.0,37.4,26.0,Individual,6,High Risk,Manual Review
71724240,30000.0, 60 months,21.97,E,E4,10+ years,RENT,72500.0,Source Verified,debt_consolidation,CA,38.55,2.0,680.0,684.0,1.0,75.2,52.0,Individual,6,High Risk,Manual Review
71894274,15100.0, 36 months,23.13,F,F1,5 years,MORTGAGE,42000.0,Verified,debt_consolidation,GA,35.89,0.0,670.0,674.0,0.0,73.9,17.0,Individual,5,High Risk,Manual Review
70812355,18225.0, 60 months,24.11,F,F2,8 years,RENT,84000.0,Not Verified,other,PA,36.86,0.0,695.0,699.0,0.0,39.8,38.0,Individual,5,High Risk,Manual Review
71824156,10000.0, 60 months,19.99,E,E1,2 years,RENT,25000.0,Verified,debt_consolidation,SC,40.13,0.0,665.0,669.0,0.0,92.3,7.0,Individual,6,High Risk,Manual Review
71924177,7675.0, 36 months,21.97,E,E4,10+ years,MORTGAGE,86000.0,Not Verified,debt_consolidation,NY,45.07,1.0,700.0,704.0,0.0,4.7,22.0,Individual,6,High Risk,Manual Review
71944209,25800.0, 36 months,20.75,E,E2,7 years,MORTGAGE,57356.0,Verified,debt_consolidation,VA,25.32,1.0,660.0,664.0,0.0,87.0,42.0,Individual,5,High Risk,Manual Review
71844252,12500.0, 36 months,20.75,E,E2,< 1 year,RENT,42000.0,Source Verified,debt_consolidation,CA,38.11,0.0,705.0,709.0,1.0,39.9,19.0,Individual,5,High Risk,Manual Review
71428635,15000.0, 60 months,19.99,E,E1,3 years,MORTGAGE,140000.0,Verified,debt_consolidation,TX,31.13,0.0,660.0,664.0,1.0,93.0,60.0,Individual,6,High Risk,Manual Review
71744138,34475.0, 60 months,24.99,F,F3,10+ years,MORTGAGE,65000.0,Verified,debt_consolidation,GA,28.45,1.0,670.0,674.0,1.0,83.5,31.0,Joint App,5,High Risk,Manual Review
71924228,24100.0, 60 months,23.13,F,F1,10+ years,MORTGAGE,84000.0,Not Verified,debt_consolidation,GA,47.86,1.0,670.0,674.0,0.0,95.8,40.0,Individual,7,High Risk,Manual Review
70582876,27600.0, 36 months,22.45,E,E5,10+ years,MORTGAGE,60000.0,Verified,debt_consolidation,AL,39.42,0.0,750.0,754.0,0.0,40.2,24.0,Individual,5,High Risk,Manual Review
71914263,12000.0, 60 months,19.99,E,E1,8 years,RENT,29000.0,Verified,credit_card,MS,48.34,1.0,665.0,669.0,1.0,53.4,39.0,Individual,6,High Risk,Manual Review
71904177,20000.0, 36 months,24.99,F,F3,7 years,RENT,65000.0,Verified,debt_consolidation,CA,41.56,1.0,670.0,674.0,0.0,74.4,24.0,Individual,6,High Risk,Manual Review
71563498,21000.0, 60 months,15.31,C,C5,4 years,RENT,85300.0,Source Verified,credit_card,MN,33.4,3.0,670.0,674.0,3.0,91.5,32.0,Individual,5,High Risk,Manual Review
71378148,12325.0, 36 months,23.13,F,F1,1 year,OWN,42000.0,Verified,debt_consolidation,NJ,32.06,0.0,700.0,704.0,2.0,25.8,23.0,Individual,5,High Risk,Manual Review
71934126,12275.0, 36 months,22.45,E,E5,2 years,RENT,41000.0,Verified,credit_card,NV,39.64,0.0,665.0,669.0,0.0,56.0,13.0,Individual,5,High Risk,Manual Review
71553249,16000.0, 60 months,16.29,D,D1,3 years,MORTGAGE,85000.0,Not Verified,debt_consolidation,MO,31.83,2.0,690.0,694.0,0.0,93.1,24.0,Individual,5,High Risk,Manual Review
71724130,30000.0, 36 months,21.18,E,E3,5 years,MORTGAGE,100000.0,Verified,debt_consolidation,OR,39.3,0.0,675.0,679.0,2.0,74.0,43.0,Individual,5,High Risk,Manual Review
71174764,15000.0, 60 months,23.13,F,F1,10+ years,MORTGAGE,44200.0,Verified,debt_consolidation,IN,36.93,0.0,670.0,674.0,0.0,55.4,18.0,Individual,5,High Risk,Manual Review
71463288,11200.0, 60 months,24.99,F,F3,,MORTGAGE,28000.0,Verified,debt_consolidation,NV,33.82,0.0,680.0,684.0,0.0,70.6,26.0,Individual,5,High Risk,Manual Review
70835499,10000.0, 60 months,24.11,F,F2,< 1 year,MORTGAGE,40000.0,Verified,debt_consolidation,GA,43.14,0.0,675.0,679.0,1.0,85.0,23.0,Individual,6,High Risk,Manual Review
71683308,35000.0, 60 months,27.34,G,G1,2 years,MORTGAGE,248900.0,Verified,home_improvement,PA,35.95,3.0,715.0,719.0,1.0,6.9,42.0,Individual,6,High Risk,Manual Review
70865885,7300.0, 36 months,20.75,E,E2,< 1 year,RENT,50000.0,Source Verified,debt_consolidation,MI,30.8,0.0,665.0,669.0,0.0,46.4,29.0,Individual,5,High Risk,Manual Review
71673288,2000.0, 36 months,22.45,E,E5,2 years,RENT,7261.0,Verified,moving,LA,30.58,0.0,690.0,694.0,1.0,17.1,24.0,Individual,5,High Risk,Manual Review
71033641,16775.0, 36 months,23.13,F,F1,5 years,RENT,72500.0,Verified,debt_consolidation,NJ,31.65,0.0,665.0,669.0,4.0,28.4,17.0,Individual,5,High Risk,Manual Review
70956223,18700.0, 60 months,22.45,E,E5,10+ years,MORTGAGE,55000.0,Verified,debt_consolidation,KS,30.07,0.0,730.0,734.0,1.0,53.3,24.0,Individual,5,High Risk,Manual Review
71754113,17150.0, 60 months,21.18,E,E3,10+ years,OWN,83000.0,Verified,debt_consolidation,WA,37.74,0.0,715.0,719.0,0.0,83.7,25.0,Individual,6,High Risk,Manual Review
71418713,11550.0, 36 months,25.88,F,F4,1 year,RENT,30000.0,Verified,debt_consolidation,NJ,42.64,0.0,685.0,689.0,0.0,34.0,25.0,Individual,5,High Risk,Manual Review
71174975,35000.0, 60 months,20.75,E,E2,4 years,MORTGAGE,83200.0,Verified,credit_card,MN,31.41,1.0,670.0,674.0,0.0,88.5,43.0,Individual,7,High Risk,Manual Review
71633174,32275.0, 36 months,21.97,E,E4,10+ years,MORTGAGE,87000.0,Verified,debt_consolidation,NJ,38.83,0.0,675.0,679.0,1.0,79.0,44.0,Individual,5,High Risk,Manual Review
70894207,14000.0, 60 months,21.97,E,E4,5 years,RENT,54000.0,Not Verified,debt_consolidation,CA,37.96,1.0,670.0,674.0,1.0,44.0,34.0,Individual,6,High Risk,Manual Review
71643222,35000.0, 60 months,22.45,E,E5,10+ years,OWN,110000.0,Verified,other,MI,38.16,0.0,680.0,684.0,1.0,87.0,30.0,Individual,6,High Risk,Manual Review
70994988,16125.0, 60 months,25.88,F,F4,,MORTGAGE,56000.0,Verified,debt_consolidation,SC,40.53,0.0,670.0,674.0,0.0,98.3,26.0,Individual,6,High Risk,Manual Review
71428473,5025.0, 36 months,23.13,F,F1,,RENT,20940.0,Verified,debt_consolidation,WA,38.74,0.0,665.0,669.0,0.0,28.8,18.0,Individual,5,High Risk,Manual Review
71034997,16000.0, 60 months,20.75,E,E2,2 years,MORTGAGE,72000.0,Source Verified,debt_consolidation,CA,31.65,0.0,680.0,684.0,2.0,62.9,25.0,Individual,5,High Risk,Manual Review
71603234,11500.0, 60 months,19.99,E,E1,1 year,RENT,32000.0,Verified,debt_consolidation,FL,32.22,1.0,670.0,674.0,1.0,76.2,39.0,Individual,6,High Risk,Manual Review
71483027,22800.0, 60 months,20.75,E,E2,,MORTGAGE,57000.0,Verified,debt_consolidation,NJ,31.2,0.0,660.0,664.0,0.0,89.2,27.0,Individual,6,High Risk,Manual Review
70301866,10000.0, 60 months,19.99,E,E1,10+ years,MORTGAGE,76000.0,Source Verified,credit_card,NY,33.27,0.0,665.0,669.0,1.0,96.6,34.0,Individual,6,High Risk,Manual Review
70924359,12050.0, 60 months,24.99,F,F3,10+ years,MORTGAGE,54000.0,Verified,debt_consolidation,MI,36.29,5.0,675.0,679.0,0.0,50.0,30.0,Individual,6,High Risk,Manual Review
71463079,24000.0, 60 months,24.99,F,F3,2 years,RENT,60000.0,Source Verified,debt_consolidation,CA,30.98,0.0,665.0,669.0,2.0,63.2,27.0,Individual,5,High Risk,Manual Review
71097809,19825.0, 60 months,22.45,E,E5,10+ years,MORTGAGE,104000.0,Source Verified,debt_consolidation,SC,30.6,0.0,745.0,749.0,1.0,20.2,44.0,Individual,5,High Risk,Manual Review
71296833,11125.0, 60 months,24.11,F,F2,1 year,OWN,25334.0,Source Verified,debt_consolidation,TX,34.15,0.0,700.0,704.0,1.0,31.1,37.0,Individual,5,High Risk,Manual Review
70846413,13300.0, 60 months,26.57,F,F5,10+ years,RENT,43000.0,Verified,debt_consolidation,IL,38.45,0.0,675.0,679.0,1.0,45.4,11.0,Individual,5,High Risk,Manual Review
71493292,4000.0, 36 months,19.99,E,E1,10+ years,RENT,38000.0,Verified,credit_card,NJ,49.21,0.0,700.0,704.0,2.0,71.1,13.0,Individual,5,High Risk,Manual Review
71522896,5100.0, 36 months,24.99,F,F3,10+ years,MORTGAGE,28000.0,Verified,debt_consolidation,WI,33.6,0.0,660.0,664.0,1.0,56.3,16.0,Individual,5,High Risk,Manual Review
71522930,4875.0, 36 months,19.99,E,E1,< 1 year,RENT,57000.0,Verified,debt_consolidation,TX,35.56,1.0,660.0,664.0,1.0,50.0,29.0,Individual,6,High Risk,Manual Review
71542813,27700.0, 60 months,20.75,E,E2,4 years,RENT,63000.0,Source Verified,debt_consolidation,MA,31.12,1.0,660.0,664.0,0.0,89.6,27.0,Individual,7,High Risk,Manual Review
70941740,12000.0, 60 months,20.75,E,E2,2 years,RENT,40000.0,Not Verified,debt_consolidation,FL,35.61,0.0,705.0,709.0,0.0,23.8,40.0,Individual,5,High Risk,Manual Review
71443001,24000.0, 36 months,20.75,E,E2,1 year,RENT,55000.0,Verified,credit_card,TN,41.0,0.0,690.0,694.0,0.0,95.9,30.0,Individual,6,High Risk,Manual Review
71062733,12000.0, 60 months,24.11,F,F2,5 years,RENT,39500.0,Verified,debt_consolidation,SC,40.72,0.0,720.0,724.0,0.0,57.1,18.0,Individual,5,High Risk,Manual Review
71643055,18000.0, 60 months,24.99,F,F3,< 1 year,MORTGAGE,100000.0,Source Verified,debt_consolidation,VA,36.63,0.0,690.0,694.0,0.0,59.0,27.0,Individual,5,High Risk,Manual Review
71428462,11075.0, 60 months,23.13,F,F1,1 year,OWN,38000.0,Not Verified,debt_consolidation,CA,31.02,0.0,720.0,724.0,1.0,18.6,19.0,Individual,5,High Risk,Manual Review
70917925,7200.0, 36 months,28.34,G,G3,2 years,OWN,24000.0,Verified,other,MI,32.25,0.0,665.0,669.0,1.0,96.8,4.0,Individual,6,High Risk,Manual Review
71054136,21000.0, 60 months,21.18,E,E3,4 years,OWN,50000.0,Source Verified,debt_consolidation,LA,36.01,0.0,675.0,679.0,0.0,44.2,22.0,Individual,5,High Risk,Manual Review
71582981,8725.0, 36 months,21.18,E,E3,10+ years,RENT,45000.0,Verified,home_improvement,VA,31.89,0.0,660.0,664.0,1.0,62.4,27.0,Individual,5,High Risk,Manual Review
71453029,17600.0, 60 months,23.13,F,F1,,RENT,44033.0,Verified,debt_consolidation,NC,38.07,0.0,660.0,664.0,0.0,90.1,21.0,Individual,6,High Risk,Manual Review
71012909,14000.0, 60 months,20.75,E,E2,1 year,RENT,37000.0,Verified,credit_card,NH,49.04,0.0,705.0,709.0,0.0,44.7,25.0,Individual,5,High Risk,Manual Review
71552786,30000.0, 36 months,22.45,E,E5,3 years,RENT,100500.0,Verified,debt_consolidation,CA,35.82,0.0,670.0,674.0,0.0,85.7,36.0,Individual,6,High Risk,Manual Review
71118753,24000.0, 60 months,21.18,E,E3,10+ years,MORTGAGE,110000.0,Verified,other,SC,19.51,1.0,680.0,684.0,0.0,87.7,17.0,Individual,5,High Risk,Manual Review
70977312,9000.0, 36 months,25.88,F,F4,,RENT,25000.0,Verified,debt_consolidation,CA,40.95,0.0,665.0,669.0,1.0,71.6,25.0,Individual,5,High Risk,Manual Review
71056043,15000.0, 60 months,27.34,G,G1,10+ years,OWN,58000.0,Verified,home_improvement,VT,47.59,0.0,675.0,679.0,2.0,64.0,29.0,Individual,5,High Risk,Manual Review
71652855,32300.0, 36 months,19.99,E,E1,10+ years,RENT,85000.0,Verified,debt_consolidation,CA,29.66,2.0,665.0,669.0,0.0,93.4,32.0,Individual,5,High Risk,Manual Review
70801907,30000.0, 60 months,26.57,F,F5,6 years,RENT,81000.0,Verified,debt_consolidation,NJ,40.23,0.0,680.0,684.0,0.0,57.4,19.0,Individual,5,High Risk,Manual Review
71502615,27775.0, 60 months,22.45,E,E5,< 1 year,RENT,75000.0,Source Verified,debt_consolidation,TX,30.7,0.0,665.0,669.0,0.0,55.0,23.0,Individual,5,High Risk,Manual Review
71418408,9825.0, 36 months,21.97,E,E4,5 years,MORTGAGE,47500.0,Verified,credit_card,NY,43.05,3.0,670.0,674.0,0.0,98.7,36.0,Individual,7,High Risk,Manual Review
71462353,19350.0, 60 months,26.57,F,F5,7 years,MORTGAGE,75000.0,Source Verified,debt_consolidation,LA,36.03,0.0,665.0,669.0,1.0,90.7,28.0,Individual,6,High Risk,Manual Review
71552704,13000.0, 60 months,22.45,E,E5,2 years,RENT,49000.0,Verified,credit_card,CA,39.63,0.0,690.0,694.0,0.0,68.4,25.0,Individual,5,High Risk,Manual Review
71612125,16000.0, 60 months,20.75,E,E2,10+ years,RENT,66000.0,Verified,debt_consolidation,FL,44.29,0.0,675.0,679.0,0.0,55.0,31.0,Individual,5,High Risk,Manual Review
71492372,35000.0, 60 months,20.75,E,E2,10+ years,RENT,99936.0,Verified,debt_consolidation,OR,24.17,2.0,665.0,669.0,0.0,89.5,46.0,Individual,5,High Risk,Manual Review
71175673,18000.0, 36 months,20.75,E,E2,10+ years,OWN,55000.0,Verified,debt_consolidation,CA,47.76,0.0,670.0,674.0,2.0,63.9,30.0,Individual,5,High Risk,Manual Review
71472852,20100.0, 60 months,21.97,E,E4,< 1 year,MORTGAGE,55000.0,Source Verified,debt_consolidation,IL,30.08,0.0,700.0,704.0,0.0,55.4,17.0,Individual,5,High Risk,Manual Review
71662743,32775.0, 60 months,28.14,G,G2,4 years,MORTGAGE,74500.0,Verified,debt_consolidation,AL,30.35,0.0,665.0,669.0,1.0,88.8,39.0,Individual,6,High Risk,Manual Review
71542888,8700.0, 36 months,19.99,E,E1,10+ years,RENT,60000.0,Verified,vacation,CA,32.38,0.0,665.0,669.0,0.0,27.7,17.0,Individual,5,High Risk,Manual Review
71512831,12950.0, 36 months,19.99,E,E1,1 year,MORTGAGE,36000.0,Source Verified,debt_consolidation,LA,37.73,0.0,670.0,674.0,1.0,77.1,26.0,Individual,5,High Risk,Manual Review
71174690,16625.0, 60 months,27.34,G,G1,2 years,OWN,46800.0,Verified,debt_consolidation,TX,32.54,0.0,660.0,664.0,1.0,74.2,12.0,Individual,5,High Risk,Manual Review
71542700,20800.0, 36 months,26.57,F,F5,9 years,RENT,65000.0,Verified,debt_consolidation,CA,38.41,0.0,690.0,694.0,2.0,82.8,30.0,Individual,6,High Risk,Manual Review
70856467,30000.0, 60 months,24.99,F,F3,10+ years,RENT,120000.0,Source Verified,credit_card,TX,32.48,0.0,675.0,679.0,0.0,98.2,38.0,Individual,6,High Risk,Manual Review
71502776,16200.0, 60 months,22.45,E,E5,5 years,RENT,45000.0,Verified,debt_consolidation,OH,34.48,0.0,660.0,664.0,0.0,55.1,21.0,Individual,5,High Risk,Manual Review
71672885,9050.0, 36 months,26.57,F,F5,3 years,RENT,26880.0,Verified,debt_consolidation,CA,35.04,0.0,690.0,694.0,0.0,59.0,10.0,Individual,5,High Risk,Manual Review
70963524,27700.0, 60 months,23.13,F,F1,10+ years,MORTGAGE,63000.0,Source Verified,debt_consolidation,NC,33.54,0.0,690.0,694.0,0.0,92.0,25.0,Individual,6,High Risk,Manual Review
71099808,34200.0, 60 months,22.45,E,E5,10+ years,MORTGAGE,79000.0,Verified,debt_consolidation,TX,49.16,1.0,685.0,689.0,0.0,57.4,42.0,Individual,6,High Risk,Manual Review
71036255,7000.0, 36 months,21.18,E,E3,3 years,OWN,36000.0,Verified,debt_consolidation,OK,31.77,0.0,675.0,679.0,0.0,49.6,11.0,Individual,5,High Risk,Manual Review
71120177,35000.0, 60 months,21.18,E,E3,2 years,MORTGAGE,95000.0,Verified,credit_card,GA,41.95,1.0,700.0,704.0,0.0,82.6,33.0,Individual,7,High Risk,Manual Review
71622738,23800.0, 60 months,20.75,E,E2,9 years,MORTGAGE,90000.0,Source Verified,debt_consolidation,KY,34.21,0.0,660.0,664.0,2.0,85.9,34.0,Individual,6,High Risk,Manual Review
71512795,13300.0, 60 months,21.97,E,E4,6 years,OWN,35000.0,Verified,credit_card,OH,33.06,0.0,670.0,674.0,0.0,32.7,15.0,Individual,5,High Risk,Manual Review
71672673,12600.0, 60 months,26.57,F,F5,,RENT,30000.0,Verified,debt_consolidation,SC,46.2,0.0,670.0,674.0,0.0,63.4,16.0,Individual,5,High Risk,Manual Review
71442289,16700.0, 60 months,21.97,E,E4,10+ years,MORTGAGE,60000.0,Verified,debt_consolidation,MS,39.56,0.0,690.0,694.0,1.0,98.1,25.0,Individual,6,High Risk,Manual Review
71662528,9000.0, 36 months,24.11,F,F2,2 years,RENT,25000.0,Verified,debt_consolidation,CA,41.48,1.0,670.0,674.0,1.0,36.0,33.0,Individual,6,High Risk,Manual Review
71572465,9000.0, 36 months,20.75,E,E2,10+ years,MORTGAGE,41000.0,Verified,debt_consolidation,FL,43.21,0.0,665.0,669.0,1.0,60.3,36.0,Individual,5,High Risk,Manual Review
70853670,12000.0, 60 months,21.18,E,E3,10+ years,RENT,53000.0,Verified,debt_consolidation,AZ,32.0,1.0,670.0,674.0,0.0,40.8,18.0,Individual,6,High Risk,Manual Review
71602616,8250.0, 36 months,21.97,E,E4,2 years,MORTGAGE,45760.0,Source Verified,debt_consolidation,PA,32.52,0.0,665.0,669.0,1.0,29.1,49.0,Individual,5,High Risk,Manual Review
70924569,12000.0, 60 months,21.18,E,E3,2 years,MORTGAGE,60000.0,Source Verified,debt_consolidation,SC,33.03,0.0,720.0,724.0,0.0,63.0,23.0,Individual,5,High Risk,Manual Review
71347497,9775.0, 36 months,19.99,E,E1,10+ years,RENT,37000.0,Verified,debt_consolidation,HI,45.57,0.0,705.0,709.0,0.0,87.0,8.0,Individual,6,High Risk,Manual Review
71542577,26625.0, 36 months,24.11,F,F2,10+ years,MORTGAGE,64141.0,Verified,debt_consolidation,MT,30.59,0.0,670.0,674.0,0.0,78.0,39.0,Individual,5,High Risk,Manual Review
70885020,11200.0, 60 months,21.97,E,E4,4 years,RENT,48000.0,Source Verified,debt_consolidation,PA,35.78,0.0,720.0,724.0,0.0,36.9,13.0,Individual,5,High Risk,Manual Review
71552387,1000.0, 36 months,25.88,F,F4,8 years,MORTGAGE,42000.0,Verified,other,NC,35.03,1.0,665.0,669.0,1.0,75.9,33.0,Individual,6,High Risk,Manual Review
70053684,15300.0, 60 months,28.14,G,G2,4 years,OWN,42500.0,Source Verified,debt_consolidation,MD,37.95,0.0,685.0,689.0,1.0,72.0,18.0,Individual,5,High Risk,Manual Review
71562507,7800.0, 36 months,20.75,E,E2,,MORTGAGE,50000.0,Verified,home_improvement,MI,39.29,1.0,665.0,669.0,2.0,50.8,26.0,Individual,6,High Risk,Manual Review
70917667,15000.0, 60 months,21.18,E,E3,10+ years,OWN,41500.0,Source Verified,debt_consolidation,PA,36.96,0.0,660.0,664.0,1.0,84.0,36.0,Individual,6,High Risk,Manual Review
71512271,12000.0, 60 months,22.45,E,E5,,OWN,29028.0,Verified,debt_consolidation,CA,41.59,2.0,680.0,684.0,1.0,86.0,15.0,Individual,7,High Risk,Manual Review
71622410,30000.0, 60 months,21.97,E,E4,1 year,RENT,60000.0,Verified,debt_consolidation,TX,41.34,4.0,675.0,679.0,1.0,64.1,31.0,Joint App,6,High Risk,Manual Review
71682480,35000.0, 60 months,19.99,E,E1,< 1 year,MORTGAGE,70000.0,Verified,debt_consolidation,MI,31.05,1.0,675.0,679.0,1.0,83.2,28.0,Joint App,7,High Risk,Manual Review
71442526,35000.0, 60 months,23.13,F,F1,7 years,MORTGAGE,108600.0,Not Verified,debt_consolidation,TX,33.28,1.0,705.0,709.0,1.0,47.4,21.0,Individual,6,High Risk,Manual Review
71418222,32175.0, 60 months,19.99,E,E1,8 years,MORTGAGE,98928.0,Verified,debt_consolidation,CT,31.03,0.0,705.0,709.0,1.0,79.0,43.0,Individual,5,High Risk,Manual Review
70894345,10000.0, 36 months,19.99,E,E1,,MORTGAGE,34000.0,Verified,debt_consolidation,PA,30.24,0.0,690.0,694.0,0.0,64.9,24.0,Individual,5,High Risk,Manual Review
71452350,16200.0, 36 months,22.45,E,E5,3 years,OWN,45000.0,Source Verified,debt_consolidation,IL,33.25,0.0,705.0,709.0,2.0,49.5,43.0,Individual,5,High Risk,Manual Review
70801628,14925.0, 60 months,24.99,F,F3,10+ years,OWN,57000.0,Source Verified,credit_card,AL,31.73,0.0,680.0,684.0,1.0,38.4,60.0,Individual,5,High Risk,Manual Review
71107371,21600.0, 36 months,19.99,E,E1,8 years,MORTGAGE,96300.0,Verified,credit_card,TX,39.22,0.0,665.0,669.0,0.0,62.6,57.0,Individual,5,High Risk,Manual Review
71662365,17925.0, 60 months,19.99,E,E1,,MORTGAGE,55000.0,Not Verified,debt_consolidation,CA,32.24,0.0,715.0,719.0,0.0,42.7,48.0,Individual,5,High Risk,Manual Review
71472533,20575.0, 60 months,18.99,D,D4,5 years,MORTGAGE,78000.0,Not Verified,credit_card,CO,37.43,3.0,670.0,674.0,0.0,98.7,40.0,Individual,5,High Risk,Manual Review
71502491,35000.0, 60 months,21.97,E,E4,< 1 year,MORTGAGE,110000.0,Verified,credit_card,NE,34.87,0.0,725.0,729.0,0.0,57.9,28.0,Individual,5,High Risk,Manual Review
71472527,22750.0, 60 months,24.99,F,F3,3 years,MORTGAGE,65547.0,Source Verified,debt_consolidation,CA,33.39,0.0,710.0,714.0,0.0,44.8,41.0,Individual,5,High Risk,Manual Review
71174473,6000.0, 36 months,21.18,E,E3,4 years,RENT,24960.0,Verified,debt_consolidation,NY,40.25,0.0,675.0,679.0,2.0,81.6,8.0,Individual,6,High Risk,Manual Review
71642401,22000.0, 60 months,21.97,E,E4,10+ years,OWN,50000.0,Verified,debt_consolidation,TX,39.08,0.0,685.0,689.0,0.0,63.0,18.0,Individual,5,High Risk,Manual Review
71612305,28000.0, 60 months,21.18,E,E3,< 1 year,MORTGAGE,120000.0,Source Verified,home_improvement,TX,34.79,0.0,705.0,709.0,1.0,80.4,29.0,Individual,6,High Risk,Manual Review
71552474,29250.0, 60 months,21.97,E,E4,10+ years,RENT,65000.0,Verified,debt_consolidation,CA,35.12,0.0,705.0,709.0,1.0,64.0,53.0,Individual,5,High Risk,Manual Review
71682523,25000.0, 60 months,24.11,F,F2,7 years,RENT,55000.0,Source Verified,credit_card,OH,35.94,0.0,675.0,679.0,0.0,62.8,29.0,Individual,5,High Risk,Manual Review
71632299,30000.0, 60 months,19.99,E,E1,6 years,OWN,85950.0,Verified,credit_card,TX,41.13,0.0,710.0,714.0,1.0,28.9,34.0,Individual,5,High Risk,Manual Review
71672575,21250.0, 36 months,19.99,E,E1,10+ years,MORTGAGE,90000.0,Verified,home_improvement,CA,37.6,0.0,715.0,719.0,1.0,99.0,15.0,Individual,6,High Risk,Manual Review
71672343,29975.0, 60 months,24.99,F,F3,1 year,MORTGAGE,290000.0,Verified,credit_card,CT,18.64,1.0,700.0,704.0,0.0,97.9,10.0,Individual,5,High Risk,Manual Review
71592156,11875.0, 36 months,18.99,D,D4,3 years,MORTGAGE,72000.0,Verified,debt_consolidation,CA,49.72,1.0,690.0,694.0,0.0,87.5,34.0,Individual,5,High Risk,Manual Review
71022781,30000.0, 60 months,19.99,E,E1,1 year,MORTGAGE,60000.0,Verified,credit_card,NE,42.12,0.0,715.0,719.0,2.0,48.4,37.0,Individual,5,High Risk,Manual Review
71482225,20000.0, 60 months,21.18,E,E3,10+ years,MORTGAGE,45000.0,Verified,debt_consolidation,OR,36.13,3.0,665.0,669.0,2.0,98.6,33.0,Joint App,7,High Risk,Manual Review
71502185,28800.0, 60 months,28.14,G,G2,10+ years,OWN,62660.0,Verified,debt_consolidation,NM,36.1,0.0,690.0,694.0,0.0,80.2,34.0,Individual,6,High Risk,Manual Review
70592898,11625.0, 60 months,21.18,E,E3,10+ years,MORTGAGE,38000.0,Source Verified,debt_consolidation,KS,30.67,0.0,705.0,709.0,0.0,76.4,16.0,Individual,5,High Risk,Manual Review
70927291,12000.0, 60 months,20.75,E,E2,6 years,MORTGAGE,96500.0,Source Verified,credit_card,PA,33.11,0.0,680.0,684.0,0.0,78.6,20.0,Individual,5,High Risk,Manual Review
70033058,12000.0, 60 months,21.18,E,E3,6 years,RENT,49000.0,Not Verified,debt_consolidation,AZ,31.67,0.0,670.0,674.0,1.0,42.4,20.0,Individual,5,High Risk,Manual Review
71013364,22675.0, 60 months,21.18,E,E3,10+ years,OWN,54000.0,Verified,debt_consolidation,KS,39.58,1.0,680.0,684.0,0.0,95.1,26.0,Individual,7,High Risk,Manual Review
71482207,15000.0, 60 months,25.88,F,F4,7 years,OWN,50000.0,Verified,debt_consolidation,MS,33.92,1.0,665.0,669.0,0.0,85.9,26.0,Individual,7,High Risk,Manual Review
71502207,31725.0, 60 months,20.75,E,E2,10+ years,MORTGAGE,69000.0,Source Verified,debt_consolidation,CA,30.2,3.0,680.0,684.0,1.0,67.1,45.0,Individual,6,High Risk,Manual Review
71622248,7975.0, 36 months,20.75,E,E2,10+ years,MORTGAGE,106000.0,Not Verified,home_improvement,NJ,36.07,1.0,685.0,689.0,1.0,47.8,27.0,Individual,6,High Risk,Manual Review
70632461,21200.0, 36 months,20.75,E,E2,10+ years,OWN,85000.0,Not Verified,debt_consolidation,FL,37.36,0.0,710.0,714.0,0.0,60.8,15.0,Individual,5,High Risk,Manual Review
71174338,14175.0, 60 months,19.99,E,E1,6 years,MORTGAGE,70000.0,Verified,debt_consolidation,PA,34.6,0.0,670.0,674.0,2.0,70.7,38.0,Joint App,5,High Risk,Manual Review
70997167,3850.0, 36 months,19.99,E,E1,< 1 year,RENT,9600.0,Verified,credit_card,NY,32.0,0.0,690.0,694.0,0.0,50.9,18.0,Individual,5,High Risk,Manual Review
70877539,6825.0, 36 months,20.75,E,E2,1 year,RENT,19000.0,Verified,debt_consolidation,TX,30.2,0.0,680.0,684.0,1.0,83.6,13.0,Individual,6,High Risk,Manual Review
71015801,18300.0, 36 months,21.97,E,E4,10+ years,RENT,80000.0,Verified,debt_consolidation,IL,35.03,0.0,660.0,664.0,1.0,76.0,32.0,Individual,5,High Risk,Manual Review
71110102,20000.0, 60 months,21.18,E,E3,1 year,RENT,65000.0,Verified,debt_consolidation,TX,33.55,0.0,665.0,669.0,0.0,74.7,34.0,Individual,5,High Risk,Manual Review
71327152,18000.0, 36 months,19.99,E,E1,7 years,RENT,48000.0,Verified,credit_card,WA,42.95,0.0,680.0,684.0,3.0,86.5,21.0,Individual,6,High Risk,Manual Review
70927185,24000.0, 60 months,21.97,E,E4,3 years,OWN,89000.0,Verified,house,NY,32.78,0.0,665.0,669.0,0.0,89.2,34.0,Individual,6,High Risk,Manual Review
70987011,20000.0, 60 months,24.11,F,F2,10+ years,RENT,53652.0,Verified,debt_consolidation,TX,36.8,0.0,680.0,684.0,1.0,71.7,70.0,Individual,5,High Risk,Manual Review
71337151,8000.0, 36 months,21.18,E,E3,< 1 year,RENT,80000.0,Verified,credit_card,CT,43.17,0.0,665.0,669.0,1.0,82.5,36.0,Individual,6,High Risk,Manual Review
71327188,15100.0, 60 months,25.88,F,F4,2 years,MORTGAGE,42000.0,Verified,debt_consolidation,AR,32.8,0.0,670.0,674.0,1.0,91.4,17.0,Individual,6,High Risk,Manual Review
70995359,17000.0, 60 months,21.97,E,E4,5 years,MORTGAGE,73000.0,Source Verified,car,TN,32.16,0.0,695.0,699.0,2.0,70.0,22.0,Individual,5,High Risk,Manual Review
70957263,10000.0, 36 months,19.99,E,E1,8 years,RENT,36000.0,Verified,debt_consolidation,WA,38.27,0.0,670.0,674.0,1.0,28.0,30.0,Individual,5,High Risk,Manual Review
70886199,7425.0, 36 months,22.45,E,E5,4 years,RENT,35000.0,Verified,other,WA,31.1,0.0,660.0,664.0,1.0,46.0,27.0,Individual,5,High Risk,Manual Review
69677235,20000.0, 60 months,23.13,F,F1,10+ years,MORTGAGE,93000.0,Not Verified,debt_consolidation,NH,36.65,2.0,665.0,669.0,0.0,90.5,40.0,Individual,7,High Risk,Manual Review
70947334,19275.0, 36 months,18.99,D,D4,6 years,RENT,48224.0,Verified,debt_consolidation,CO,37.48,1.0,665.0,669.0,0.0,90.6,27.0,Individual,5,High Risk,Manual Review
70965622,9000.0, 36 months,16.29,D,D1,2 years,RENT,46000.0,Source Verified,debt_consolidation,CA,35.87,1.0,665.0,669.0,1.0,85.7,30.0,Individual,5,High Risk,Manual Review
70966425,15000.0, 60 months,22.45,E,E5,4 years,OWN,80000.0,Not Verified,debt_consolidation,NY,35.69,1.0,660.0,664.0,1.0,63.8,36.0,Individual,6,High Risk,Manual Review
70896495,15400.0, 36 months,20.75,E,E2,8 years,OWN,70000.0,Not Verified,debt_consolidation,IL,42.88,0.0,685.0,689.0,0.0,94.2,35.0,Individual,6,High Risk,Manual Review
71017036,1000.0, 36 months,24.11,F,F2,2 years,OWN,26000.0,Verified,other,OR,33.56,0.0,660.0,664.0,0.0,75.9,10.0,Individual,5,High Risk,Manual Review
70936890,16850.0, 60 months,26.57,F,F5,10+ years,MORTGAGE,56000.0,Not Verified,debt_consolidation,CA,32.98,0.0,680.0,684.0,1.0,27.8,27.0,Individual,5,High Risk,Manual Review
70855110,18000.0, 60 months,19.99,E,E1,10+ years,MORTGAGE,75000.0,Verified,debt_consolidation,IL,30.54,0.0,675.0,679.0,2.0,93.8,18.0,Individual,6,High Risk,Manual Review
71056324,24450.0, 60 months,23.13,F,F1,10+ years,RENT,83000.0,Verified,debt_consolidation,CA,33.04,0.0,715.0,719.0,0.0,93.4,20.0,Individual,6,High Risk,Manual Review
70966261,22000.0, 60 months,21.18,E,E3,10+ years,RENT,44000.0,Not Verified,debt_consolidation,IL,31.59,0.0,705.0,709.0,2.0,80.4,21.0,Individual,6,High Risk,Manual Review
70837297,18700.0, 60 months,20.75,E,E2,3 years,RENT,52000.0,Verified,debt_consolidation,HI,31.33,0.0,665.0,669.0,0.0,76.7,29.0,Individual,5,High Risk,Manual Review
70986865,19875.0, 60 months,23.13,F,F1,,MORTGAGE,56146.0,Verified,other,NY,36.87,0.0,675.0,679.0,0.0,68.6,32.0,Individual,5,High Risk,Manual Review
71026977,19300.0, 36 months,21.18,E,E3,,MORTGAGE,46000.0,Verified,debt_consolidation,WI,30.24,0.0,670.0,674.0,1.0,65.9,20.0,Individual,5,High Risk,Manual Review
70976884,20000.0, 36 months,19.99,E,E1,10+ years,MORTGAGE,89000.0,Verified,debt_consolidation,GA,36.77,0.0,685.0,689.0,2.0,100.0,18.0,Individual,6,High Risk,Manual Review
71027025,28125.0, 60 months,27.34,G,G1,,MORTGAGE,59640.0,Verified,debt_consolidation,CA,35.03,0.0,660.0,664.0,0.0,66.1,18.0,Individual,5,High Risk,Manual Review
70923099,35000.0, 60 months,24.99,F,F3,10+ years,MORTGAGE,88000.0,Verified,debt_consolidation,TX,33.92,0.0,675.0,679.0,0.0,65.4,32.0,Individual,5,High Risk,Manual Review
70947241,11200.0, 60 months,20.75,E,E2,10+ years,MORTGAGE,51000.0,Verified,credit_card,NV,32.45,0.0,680.0,684.0,2.0,38.3,63.0,Individual,5,High Risk,Manual Review
70835244,20700.0, 60 months,21.18,E,E3,,OWN,45000.0,Verified,debt_consolidation,TX,46.35,1.0,680.0,684.0,0.0,82.6,31.0,Individual,7,High Risk,Manual Review
71027032,9600.0, 36 months,23.13,F,F1,,RENT,30000.0,Verified,debt_consolidation,MI,42.8,0.0,665.0,669.0,1.0,45.1,36.0,Individual,5,High Risk,Manual Review
70976753,7175.0, 36 months,19.99,E,E1,3 years,MORTGAGE,63000.0,Verified,debt_consolidation,AL,39.73,0.0,700.0,704.0,0.0,68.4,24.0,Individual,5,High Risk,Manual Review
70918067,22875.0, 60 months,22.45,E,E5,2 years,RENT,52000.0,Verified,debt_consolidation,CA,43.66,0.0,680.0,684.0,1.0,64.3,30.0,Individual,5,High Risk,Manual Review
70947060,20225.0, 60 months,27.34,G,G1,10+ years,OWN,59500.0,Verified,debt_consolidation,MA,44.71,0.0,670.0,674.0,0.0,82.5,29.0,Individual,6,High Risk,Manual Review
70867076,25425.0, 36 months,19.99,E,E1,10+ years,MORTGAGE,65000.0,Source Verified,debt_consolidation,NC,36.48,0.0,675.0,679.0,0.0,65.5,32.0,Individual,5,High Risk,Manual Review
70896923,35000.0, 60 months,20.75,E,E2,4 years,MORTGAGE,85355.0,Source Verified,debt_consolidation,AZ,33.31,0.0,695.0,699.0,1.0,73.4,41.0,Individual,5,High Risk,Manual Review
70875798,20000.0, 60 months,23.13,F,F1,5 years,RENT,75000.0,Verified,debt_consolidation,OR,45.42,1.0,675.0,679.0,0.0,76.7,38.0,Individual,6,High Risk,Manual Review
70981160,3600.0, 36 months,21.97,E,E4,4 years,OWN,10000.0,Source Verified,debt_consolidation,IN,30.13,0.0,700.0,704.0,0.0,36.8,18.0,Individual,5,High Risk,Manual Review
70836993,4400.0, 36 months,15.31,C,C5,10+ years,RENT,45000.0,Source Verified,debt_consolidation,OH,36.05,1.0,680.0,684.0,0.0,82.9,27.0,Individual,5,High Risk,Manual Review
71026769,20000.0, 36 months,19.99,E,E1,,MORTGAGE,60228.0,Not Verified,debt_consolidation,TN,36.16,0.0,720.0,724.0,4.0,30.7,21.0,Individual,5,High Risk,Manual Review
70996808,16150.0, 60 months,28.67,G,G4,9 years,MORTGAGE,56000.0,Verified,other,TX,44.56,0.0,685.0,689.0,2.0,99.0,61.0,Individual,6,High Risk,Manual Review
71037861,35000.0, 60 months,21.97,E,E4,10+ years,RENT,85000.0,Verified,debt_consolidation,NC,30.85,0.0,720.0,724.0,0.0,60.6,33.0,Individual,5,High Risk,Manual Review
71117504,35000.0, 60 months,24.11,F,F2,10+ years,MORTGAGE,80000.0,Verified,debt_consolidation,PA,36.61,2.0,680.0,684.0,0.0,99.6,19.0,Joint App,7,High Risk,Manual Review
70846847,12000.0, 60 months,24.11,F,F2,,MORTGAGE,100000.0,Verified,other,NJ,30.38,0.0,670.0,674.0,4.0,55.1,34.0,Individual,5,High Risk,Manual Review
71063017,35000.0, 60 months,24.11,F,F2,10+ years,RENT,75000.0,Verified,debt_consolidation,CA,31.86,0.0,665.0,669.0,0.0,88.1,33.0,Individual,6,High Risk,Manual Review
70856177,24775.0, 60 months,27.34,G,G1,7 years,RENT,59000.0,Verified,credit_card,PA,40.56,0.0,695.0,699.0,0.0,32.2,19.0,Individual,5,High Risk,Manual Review
70916621,12000.0, 60 months,19.99,E,E1,10+ years,RENT,59000.0,Verified,credit_card,IL,44.12,0.0,680.0,684.0,2.0,77.2,45.0,Individual,5,High Risk,Manual Review
70982222,18500.0, 60 months,27.34,G,G1,10+ years,RENT,37000.0,Verified,debt_consolidation,NY,43.34,0.0,690.0,694.0,0.0,58.4,36.0,Individual,5,High Risk,Manual Review
70903376,21750.0, 60 months,25.88,F,F4,1 year,RENT,65000.0,Verified,debt_consolidation,MN,39.38,0.0,690.0,694.0,0.0,98.4,24.0,Individual,6,High Risk,Manual Review
70836982,20000.0, 60 months,21.97,E,E4,< 1 year,RENT,55000.0,Verified,debt_consolidation,OK,39.1,0.0,665.0,669.0,0.0,86.6,42.0,Individual,6,High Risk,Manual Review
70846681,35000.0, 60 months,23.13,F,F1,4 years,RENT,100000.0,Source Verified,debt_consolidation,NY,32.6,0.0,660.0,664.0,1.0,65.2,15.0,Individual,5,High Risk,Manual Review
70273794,23000.0, 60 months,24.11,F,F2,4 years,RENT,50000.0,Verified,home_improvement,TX,36.41,1.0,685.0,689.0,2.0,63.6,68.0,Individual,6,High Risk,Manual Review
70896743,12600.0, 60 months,25.88,F,F4,3 years,MORTGAGE,36000.0,Verified,credit_card,KS,40.3,0.0,685.0,689.0,0.0,62.2,12.0,Individual,5,High Risk,Manual Review
70956632,11725.0, 60 months,27.34,G,G1,2 years,RENT,34500.0,Verified,debt_consolidation,FL,34.12,1.0,660.0,664.0,0.0,89.4,32.0,Individual,7,High Risk,Manual Review
71006709,20000.0, 60 months,19.99,E,E1,8 years,RENT,75000.0,Not Verified,debt_consolidation,FL,30.48,0.0,685.0,689.0,0.0,19.9,18.0,Individual,5,High Risk,Manual Review
70996690,35000.0, 60 months,19.99,E,E1,5 years,RENT,101079.0,Verified,debt_consolidation,IL,37.69,1.0,675.0,679.0,1.0,89.0,59.0,Individual,7,High Risk,Manual Review
70876832,10175.0, 60 months,28.14,G,G2,5 years,MORTGAGE,60000.0,Verified,debt_consolidation,MT,32.14,0.0,705.0,709.0,2.0,56.1,17.0,Individual,5,High Risk,Manual Review
71006688,2000.0, 36 months,24.11,F,F2,3 years,RENT,24000.0,Verified,moving,NC,31.1,0.0,690.0,694.0,0.0,33.4,7.0,Individual,5,High Risk,Manual Review
71099240,12000.0, 60 months,21.97,E,E4,7 years,RENT,30160.0,Verified,debt_consolidation,IL,35.14,0.0,675.0,679.0,0.0,79.2,14.0,Individual,5,High Risk,Manual Review
70240463,20150.0, 60 months,24.11,F,F2,10+ years,MORTGAGE,73000.0,Source Verified,home_improvement,CA,34.0,0.0,735.0,739.0,0.0,43.8,18.0,Individual,5,High Risk,Manual Review
71052400,6800.0, 36 months,21.97,E,E4,6 years,RENT,20000.0,Verified,debt_consolidation,NC,34.51,0.0,675.0,679.0,0.0,56.4,24.0,Individual,5,High Risk,Manual Review
70917718,35000.0, 60 months,21.18,E,E3,2 years,OWN,71990.0,Verified,debt_consolidation,TX,34.27,0.0,710.0,714.0,0.0,61.6,26.0,Individual,5,High Risk,Manual Review
71071565,14000.0, 60 months,22.45,E,E5,10+ years,MORTGAGE,40800.0,Verified,debt_consolidation,TN,36.71,0.0,660.0,664.0,3.0,80.4,46.0,Individual,6,High Risk,Manual Review
70926664,12000.0, 36 months,26.57,F,F5,5 years,RENT,40000.0,Verified,debt_consolidation,CA,35.74,0.0,670.0,674.0,3.0,70.6,17.0,Individual,5,High Risk,Manual Review
70846752,24000.0, 60 months,21.97,E,E4,3 years,RENT,80000.0,Source Verified,debt_consolidation,TX,30.68,0.0,690.0,694.0,3.0,34.4,23.0,Individual,5,High Risk,Manual Review
71011997,10875.0, 36 months,20.75,E,E2,5 years,RENT,32000.0,Verified,debt_consolidation,GA,33.6,0.0,665.0,669.0,0.0,52.1,28.0,Individual,5,High Risk,Manual Review
70996740,15000.0, 60 months,28.14,G,G2,4 years,MORTGAGE,74000.0,Verified,debt_consolidation,FL,39.2,0.0,665.0,669.0,1.0,58.6,42.0,Individual,5,High Risk,Manual Review
70896571,19200.0, 60 months,22.45,E,E5,< 1 year,RENT,69000.0,Source Verified,debt_consolidation,TX,26.75,2.0,660.0,664.0,1.0,84.4,22.0,Individual,5,High Risk,Manual Review
71109129,10000.0, 60 months,22.45,E,E5,3 years,RENT,70000.0,Verified,debt_consolidation,MD,38.13,0.0,705.0,709.0,0.0,52.4,27.0,Individual,5,High Risk,Manual Review
70991455,26200.0, 60 months,24.11,F,F2,10+ years,MORTGAGE,80000.0,Verified,debt_consolidation,AZ,31.42,0.0,725.0,729.0,0.0,89.0,40.0,Individual,6,High Risk,Manual Review
71117819,15000.0, 60 months,24.11,F,F2,10+ years,MORTGAGE,95000.0,Verified,other,MD,21.49,3.0,665.0,669.0,0.0,100.0,25.0,Individual,5,High Risk,Manual Review
71071173,26350.0, 60 months,28.99,G,G5,10+ years,OWN,85000.0,Verified,credit_card,VA,30.76,0.0,675.0,679.0,0.0,90.0,21.0,Individual,6,High Risk,Manual Review
70956334,25000.0, 60 months,23.13,F,F1,6 years,RENT,75000.0,Verified,debt_consolidation,CA,30.87,0.0,690.0,694.0,0.0,61.6,20.0,Individual,5,High Risk,Manual Review
71109233,9150.0, 36 months,22.45,E,E5,3 years,RENT,45000.0,Verified,debt_consolidation,HI,39.47,1.0,680.0,684.0,0.0,13.7,45.0,Individual,6,High Risk,Manual Review
71097476,20700.0, 60 months,22.45,E,E5,< 1 year,RENT,75000.0,Source Verified,debt_consolidation,MI,32.73,0.0,680.0,684.0,3.0,35.4,58.0,Individual,5,High Risk,Manual Review
70813527,25625.0, 60 months,21.97,E,E4,10+ years,RENT,65000.0,Source Verified,debt_consolidation,MI,31.89,2.0,670.0,674.0,0.0,72.2,27.0,Individual,6,High Risk,Manual Review
70935439,10500.0, 60 months,22.45,E,E5,9 years,RENT,53000.0,Source Verified,debt_consolidation,GA,35.01,0.0,675.0,679.0,0.0,14.2,63.0,Individual,5,High Risk,Manual Review
70982921,5075.0, 36 months,20.75,E,E2,10+ years,RENT,35000.0,Verified,other,HI,49.86,0.0,705.0,709.0,0.0,45.5,30.0,Individual,5,High Risk,Manual Review
70896534,4200.0, 36 months,19.99,E,E1,8 years,MORTGAGE,57000.0,Verified,credit_card,OH,35.07,0.0,665.0,669.0,1.0,75.7,20.0,Individual,5,High Risk,Manual Review
71005716,14275.0, 60 months,19.99,E,E1,2 years,MORTGAGE,45000.0,Source Verified,debt_consolidation,ME,36.02,0.0,715.0,719.0,0.0,89.6,20.0,Individual,6,High Risk,Manual Review
71016497,35000.0, 60 months,22.45,E,E5,5 years,MORTGAGE,130000.0,Source Verified,debt_consolidation,MD,30.92,0.0,690.0,694.0,0.0,48.4,58.0,Individual,5,High Risk,Manual Review
70884455,16200.0, 36 months,21.18,E,E3,10+ years,MORTGAGE,74366.0,Verified,debt_consolidation,WI,31.22,0.0,680.0,684.0,0.0,68.0,33.0,Individual,5,High Risk,Manual Review
70922565,21000.0, 60 months,21.18,E,E3,10+ years,RENT,64500.0,Verified,debt_consolidation,PA,35.96,0.0,685.0,689.0,0.0,73.7,28.0,Individual,5,High Risk,Manual Review
71026407,16000.0, 60 months,26.57,F,F5,10+ years,RENT,66000.0,Verified,debt_consolidation,NM,42.36,0.0,710.0,714.0,1.0,57.8,39.0,Individual,5,High Risk,Manual Review
70917443,7125.0, 36 months,19.99,E,E1,8 years,RENT,23816.0,Verified,debt_consolidation,CA,34.88,0.0,660.0,664.0,0.0,100.8,9.0,Individual,6,High Risk,Manual Review
70926463,33300.0, 36 months,20.75,E,E2,5 years,RENT,74000.0,Verified,debt_consolidation,FL,33.73,0.0,665.0,669.0,3.0,84.0,18.0,Individual,6,High Risk,Manual Review
70976422,19425.0, 60 months,24.99,F,F3,2 years,RENT,54000.0,Verified,debt_consolidation,CA,31.2,0.0,660.0,664.0,0.0,70.1,19.0,Individual,5,High Risk,Manual Review
70936316,12000.0, 36 months,19.99,E,E1,,RENT,11164.0,Verified,debt_consolidation,OK,73.33,0.0,670.0,674.0,3.0,63.7,25.0,Joint App,5,High Risk,Manual Review
71004767,8525.0, 36 months,21.18,E,E3,10+ years,MORTGAGE,62622.0,Verified,debt_consolidation,NV,48.52,0.0,705.0,709.0,1.0,35.7,37.0,Individual,5,High Risk,Manual Review
71051569,28150.0, 60 months,24.11,F,F2,10+ years,MORTGAGE,131000.0,Source Verified,debt_consolidation,CA,6.71,1.0,665.0,669.0,0.0,83.2,14.0,Individual,5,High Risk,Manual Review
70956371,10750.0, 60 months,28.67,G,G4,4 years,MORTGAGE,35000.0,Verified,debt_consolidation,NC,45.75,1.0,670.0,674.0,0.0,44.7,24.0,Individual,6,High Risk,Manual Review
70936264,6000.0, 36 months,25.88,F,F4,,RENT,20000.0,Verified,debt_consolidation,OH,34.15,0.0,670.0,674.0,0.0,81.1,20.0,Individual,6,High Risk,Manual Review
70863164,25000.0, 60 months,21.97,E,E4,10+ years,MORTGAGE,92000.0,Not Verified,debt_consolidation,PA,36.36,0.0,700.0,704.0,0.0,80.0,25.0,Individual,5,High Risk,Manual Review
70893865,21000.0, 60 months,23.13,F,F1,10+ years,OWN,70000.0,Verified,home_improvement,NY,33.47,0.0,685.0,689.0,2.0,70.7,20.0,Individual,5,High Risk,Manual Review
70854358,4000.0, 36 months,21.18,E,E3,10+ years,RENT,34032.0,Verified,other,TX,31.88,0.0,680.0,684.0,0.0,75.8,21.0,Individual,5,High Risk,Manual Review
70965457,16000.0, 60 months,20.75,E,E2,10+ years,MORTGAGE,75000.0,Source Verified,debt_consolidation,TX,32.82,0.0,675.0,679.0,1.0,92.9,21.0,Individual,6,High Risk,Manual Review
71006074,25000.0, 60 months,21.18,E,E3,3 years,RENT,75000.0,Source Verified,debt_consolidation,NC,20.93,3.0,670.0,674.0,0.0,85.2,27.0,Individual,5,High Risk,Manual Review
71026290,24000.0, 60 months,15.31,C,C5,2 years,MORTGAGE,85000.0,Verified,debt_consolidation,NY,34.01,2.0,670.0,674.0,0.0,87.5,57.0,Joint App,5,High Risk,Manual Review
70660243,17000.0, 60 months,22.45,E,E5,10+ years,MORTGAGE,90000.0,Verified,debt_consolidation,TX,33.71,0.0,670.0,674.0,1.0,78.9,28.0,Individual,5,High Risk,Manual Review
71109040,35000.0, 60 months,22.45,E,E5,1 year,RENT,145000.0,Verified,credit_card,NY,36.84,0.0,660.0,664.0,1.0,96.9,16.0,Individual,6,High Risk,Manual Review
70905946,11000.0, 36 months,19.99,E,E1,< 1 year,MORTGAGE,55000.0,Not Verified,credit_card,MO,38.16,4.0,660.0,664.0,1.0,31.1,27.0,Individual,6,High Risk,Manual Review
70762039,13850.0, 60 months,21.97,E,E4,10+ years,OWN,31500.0,Source Verified,debt_consolidation,KY,35.12,0.0,695.0,699.0,0.0,72.2,15.0,Individual,5,High Risk,Manual Review
70926234,14000.0, 60 months,21.18,E,E3,10+ years,MORTGAGE,58000.0,Source Verified,debt_consolidation,GA,37.52,0.0,670.0,674.0,2.0,26.8,50.0,Individual,5,High Risk,Manual Review
70642242,33800.0, 60 months,28.67,G,G4,10+ years,RENT,89000.0,Not Verified,debt_consolidation,CA,30.01,1.0,675.0,679.0,1.0,22.7,30.0,Individual,6,High Risk,Manual Review
71025748,24350.0, 60 months,28.34,G,G3,8 years,RENT,58000.0,Verified,debt_consolidation,FL,40.61,0.0,690.0,694.0,1.0,81.2,35.0,Individual,6,High Risk,Manual Review
70926053,20925.0, 60 months,20.75,E,E2,< 1 year,MORTGAGE,65000.0,Verified,house,FL,19.98,1.0,670.0,674.0,0.0,82.0,13.0,Joint App,5,High Risk,Manual Review
70956146,14425.0, 36 months,23.13,F,F1,10+ years,MORTGAGE,55000.0,Not Verified,debt_consolidation,CO,39.09,0.0,680.0,684.0,1.0,59.1,37.0,Individual,5,High Risk,Manual Review
70925369,26100.0, 60 months,22.45,E,E5,10+ years,MORTGAGE,55000.0,Verified,debt_consolidation,VA,36.66,0.0,660.0,664.0,1.0,86.1,12.0,Joint App,6,High Risk,Manual Review
71026185,10000.0, 60 months,20.75,E,E2,10+ years,MORTGAGE,52000.0,Verified,debt_consolidation,WA,44.56,0.0,665.0,669.0,0.0,34.2,13.0,Individual,5,High Risk,Manual Review
70975600,3600.0, 36 months,19.99,E,E1,4 years,RENT,42000.0,Verified,other,CA,43.89,1.0,670.0,674.0,0.0,84.2,47.0,Individual,7,High Risk,Manual Review
70866631,20000.0, 36 months,21.18,E,E3,10+ years,OWN,50000.0,Verified,debt_consolidation,KY,35.65,0.0,660.0,664.0,0.0,88.0,29.0,Individual,6,High Risk,Manual Review
70875248,25600.0, 60 months,23.13,F,F1,3 years,MORTGAGE,92000.0,Source Verified,home_improvement,WA,30.73,0.0,690.0,694.0,1.0,78.9,34.0,Individual,5,High Risk,Manual Review
70283665,7375.0, 36 months,21.18,E,E3,,OWN,20500.0,Verified,debt_consolidation,NE,38.23,0.0,660.0,664.0,0.0,95.1,14.0,Individual,6,High Risk,Manual Review
71108681,2000.0, 36 months,19.99,E,E1,,RENT,17505.0,Verified,other,AK,36.28,0.0,700.0,704.0,0.0,92.6,13.0,Individual,6,High Risk,Manual Review
71016124,22500.0, 60 months,26.57,F,F5,10+ years,MORTGAGE,125000.0,Source Verified,debt_consolidation,MA,34.34,0.0,680.0,684.0,0.0,81.6,45.0,Individual,6,High Risk,Manual Review
70845762,8700.0, 36 months,27.34,G,G1,4 years,OWN,29000.0,Verified,other,NJ,43.33,0.0,680.0,684.0,0.0,32.0,13.0,Individual,5,High Risk,Manual Review
70976028,33850.0, 36 months,23.13,F,F1,6 years,MORTGAGE,112000.0,Verified,credit_card,OH,38.35,0.0,670.0,674.0,2.0,75.9,20.0,Individual,5,High Risk,Manual Review
70283645,12150.0, 60 months,21.97,E,E4,3 years,MORTGAGE,32784.0,Source Verified,debt_consolidation,OH,30.56,0.0,725.0,729.0,0.0,68.5,19.0,Individual,5,High Risk,Manual Review
70906232,16550.0, 60 months,19.99,E,E1,,MORTGAGE,56723.0,Verified,debt_consolidation,AL,44.86,0.0,675.0,679.0,1.0,64.8,42.0,Individual,5,High Risk,Manual Review
71065395,18675.0, 60 months,21.18,E,E3,5 years,MORTGAGE,44500.0,Verified,debt_consolidation,MI,30.04,0.0,695.0,699.0,2.0,59.1,30.0,Individual,5,High Risk,Manual Review
70875672,20200.0, 60 months,23.13,F,F1,10+ years,MORTGAGE,50500.0,Source Verified,credit_card,KS,31.18,0.0,665.0,669.0,3.0,83.3,30.0,Individual,6,High Risk,Manual Review
70825017,26400.0, 60 months,20.75,E,E2,10+ years,MORTGAGE,70000.0,Source Verified,debt_consolidation,DE,31.63,0.0,675.0,679.0,1.0,81.0,38.0,Individual,6,High Risk,Manual Review
71098656,22800.0, 60 months,22.45,E,E5,3 years,OWN,60000.0,Source Verified,debt_consolidation,IL,33.76,0.0,665.0,669.0,1.0,51.6,21.0,Individual,5,High Risk,Manual Review
70845898,18900.0, 60 months,23.13,F,F1,10+ years,MORTGAGE,45000.0,Verified,debt_consolidation,WV,31.01,0.0,700.0,704.0,0.0,54.6,23.0,Individual,5,High Risk,Manual Review
71025865,31900.0, 60 months,22.45,E,E5,10+ years,RENT,72500.0,Verified,debt_consolidation,TX,32.64,0.0,685.0,689.0,2.0,94.2,27.0,Individual,6,High Risk,Manual Review
70924566,11150.0, 60 months,26.57,F,F5,10+ years,MORTGAGE,95000.0,Source Verified,debt_consolidation,LA,30.55,1.0,670.0,674.0,0.0,91.3,48.0,Individual,7,High Risk,Manual Review
70965138,23175.0, 60 months,19.99,E,E1,10+ years,MORTGAGE,120000.0,Source Verified,home_improvement,MD,33.0,0.0,715.0,719.0,0.0,82.1,32.0,Individual,6,High Risk,Manual Review
70906055,30000.0, 60 months,21.18,E,E3,10+ years,MORTGAGE,90000.0,Source Verified,debt_consolidation,WA,35.93,0.0,680.0,684.0,0.0,76.6,37.0,Individual,5,High Risk,Manual Review
71016027,24000.0, 60 months,24.99,F,F3,10+ years,RENT,73000.0,Verified,credit_card,CO,39.5,0.0,685.0,689.0,0.0,58.5,26.0,Individual,5,High Risk,Manual Review
71005204,20550.0, 60 months,21.97,E,E4,1 year,MORTGAGE,47500.0,Verified,credit_card,KY,36.74,0.0,660.0,664.0,4.0,59.7,32.0,Joint App,5,High Risk,Manual Review
70972637,20000.0, 60 months,21.97,E,E4,10+ years,MORTGAGE,80000.0,Verified,debt_consolidation,NC,31.67,0.0,665.0,669.0,0.0,70.5,27.0,Individual,5,High Risk,Manual Review
71025811,11500.0, 60 months,27.34,G,G1,1 year,RENT,28800.0,Verified,debt_consolidation,CO,44.71,0.0,685.0,689.0,1.0,63.2,34.0,Individual,5,High Risk,Manual Review
70283546,10200.0, 60 months,21.18,E,E3,,RENT,23194.0,Verified,debt_consolidation,MI,31.57,0.0,680.0,684.0,0.0,44.4,9.0,Individual,5,High Risk,Manual Review
70904716,5000.0, 36 months,20.75,E,E2,< 1 year,RENT,80000.0,Source Verified,credit_card,CT,37.01,0.0,665.0,669.0,0.0,79.3,28.0,Individual,5,High Risk,Manual Review
70995718,8950.0, 36 months,19.99,E,E1,4 years,RENT,46000.0,Verified,debt_consolidation,TN,30.32,0.0,675.0,679.0,1.0,76.0,40.0,Individual,5,High Risk,Manual Review
70935589,15200.0, 60 months,21.18,E,E3,8 years,RENT,71000.0,Source Verified,debt_consolidation,PA,30.43,0.0,670.0,674.0,2.0,75.3,21.0,Individual,5,High Risk,Manual Review
70875915,9000.0, 36 months,24.99,F,F3,3 years,OWN,30000.0,Verified,debt_consolidation,IL,39.08,2.0,660.0,664.0,2.0,38.3,32.0,Individual,6,High Risk,Manual Review
70845669,20000.0, 60 months,23.13,F,F1,10+ years,RENT,59678.0,Source Verified,debt_consolidation,NC,42.83,0.0,705.0,709.0,0.0,78.5,39.0,Individual,5,High Risk,Manual Review
70954451,21000.0, 60 months,24.99,F,F3,1 year,RENT,42000.0,Verified,debt_consolidation,CA,48.4,0.0,690.0,694.0,0.0,93.2,29.0,Individual,6,High Risk,Manual Review
70924712,4075.0, 36 months,28.14,G,G2,,RENT,14200.0,Verified,debt_consolidation,OR,35.67,0.0,660.0,664.0,2.0,42.4,17.0,Individual,5,High Risk,Manual Review
70975661,25000.0, 60 months,19.99,E,E1,4 years,MORTGAGE,72000.0,Not Verified,debt_consolidation,TX,31.48,0.0,670.0,674.0,1.0,60.0,48.0,Individual,5,High Risk,Manual Review
70283173,12500.0, 60 months,22.45,E,E5,10+ years,MORTGAGE,30000.0,Source Verified,credit_card,KY,37.92,0.0,690.0,694.0,0.0,49.6,31.0,Individual,5,High Risk,Manual Review
71118393,25075.0, 60 months,23.13,F,F1,2 years,MORTGAGE,57000.0,Verified,debt_consolidation,MD,40.44,0.0,665.0,669.0,1.0,80.6,45.0,Individual,6,High Risk,Manual Review
71034087,21000.0, 60 months,21.18,E,E3,1 year,MORTGAGE,72000.0,Not Verified,debt_consolidation,CA,32.41,0.0,670.0,674.0,1.0,41.9,23.0,Individual,5,High Risk,Manual Review
71055720,28000.0, 60 months,21.97,E,E4,1 year,MORTGAGE,95000.0,Source Verified,debt_consolidation,MA,32.27,2.0,685.0,689.0,1.0,46.9,20.0,Individual,6,High Risk,Manual Review
69664661,18000.0, 60 months,21.18,E,E3,5 years,MORTGAGE,55000.0,Not Verified,credit_card,NC,37.7,0.0,715.0,719.0,0.0,69.8,23.0,Individual,5,High Risk,Manual Review
70283408,28925.0, 60 months,25.88,F,F4,9 years,OWN,131000.0,Source Verified,debt_consolidation,MS,36.63,0.0,700.0,704.0,3.0,41.6,34.0,Individual,5,High Risk,Manual Review
71118165,35000.0, 60 months,28.99,G,G5,1 year,RENT,72800.0,Source Verified,small_business,VA,30.88,0.0,720.0,724.0,1.0,44.8,19.0,Individual,5,High Risk,Manual Review
71025501,31675.0, 60 months,22.45,E,E5,10+ years,MORTGAGE,72000.0,Source Verified,debt_consolidation,NC,33.52,2.0,660.0,664.0,1.0,84.7,32.0,Individual,7,High Risk,Manual Review
70962393,10400.0, 60 months,19.99,E,E1,1 year,RENT,37710.0,Verified,other,AZ,32.62,0.0,695.0,699.0,0.0,61.2,15.0,Individual,5,High Risk,Manual Review
70865444,10000.0, 60 months,23.13,F,F1,1 year,RENT,20000.0,Source Verified,credit_card,CA,33.61,0.0,710.0,714.0,1.0,84.1,57.0,Individual,6,High Risk,Manual Review
71098185,12075.0, 60 months,28.67,G,G4,10+ years,MORTGAGE,56000.0,Source Verified,credit_card,NC,48.71,0.0,665.0,669.0,0.0,44.7,37.0,Individual,5,High Risk,Manual Review
70865955,9575.0, 36 months,21.97,E,E4,10+ years,MORTGAGE,48000.0,Verified,debt_consolidation,WA,42.65,0.0,710.0,714.0,0.0,74.4,25.0,Individual,5,High Risk,Manual Review
70845481,35000.0, 36 months,24.11,F,F2,10+ years,MORTGAGE,113000.0,Verified,debt_consolidation,AZ,44.25,0.0,670.0,674.0,1.0,49.6,58.0,Individual,5,High Risk,Manual Review
70895658,28300.0, 60 months,24.99,F,F3,10+ years,OWN,90000.0,Not Verified,debt_consolidation,CA,36.8,0.0,660.0,664.0,4.0,50.3,24.0,Individual,5,High Risk,Manual Review
71108002,12000.0, 60 months,23.13,F,F1,7 years,MORTGAGE,125000.0,Not Verified,debt_consolidation,AR,40.71,0.0,690.0,694.0,0.0,94.3,30.0,Individual,6,High Risk,Manual Review
70935411,17600.0, 60 months,28.34,G,G3,4 years,MORTGAGE,40000.0,Source Verified,debt_consolidation,CO,37.17,0.0,700.0,704.0,0.0,53.4,28.0,Individual,5,High Risk,Manual Review
70915208,7500.0, 36 months,26.57,F,F5,4 years,RENT,25000.0,Source Verified,debt_consolidation,CA,38.07,0.0,670.0,674.0,0.0,83.9,6.0,Joint App,6,High Risk,Manual Review
70855470,15500.0, 60 months,21.97,E,E4,10+ years,MORTGAGE,64390.0,Verified,debt_consolidation,SD,39.31,1.0,665.0,669.0,1.0,97.6,26.0,Individual,7,High Risk,Manual Review
70925302,7500.0, 36 months,28.99,G,G5,4 years,RENT,25000.0,Verified,debt_consolidation,MN,40.57,0.0,670.0,674.0,2.0,61.3,10.0,Individual,5,High Risk,Manual Review
70991430,17050.0, 60 months,21.18,E,E3,10+ years,MORTGAGE,75000.0,Not Verified,credit_card,ME,35.43,0.0,665.0,669.0,0.0,93.5,30.0,Individual,6,High Risk,Manual Review
69782346,20225.0, 60 months,22.45,E,E5,10+ years,MORTGAGE,46000.0,Not Verified,debt_consolidation,MN,35.3,0.0,715.0,719.0,1.0,30.0,19.0,Individual,5,High Risk,Manual Review
70924955,18250.0, 60 months,28.14,G,G2,4 years,MORTGAGE,38000.0,Verified,debt_consolidation,OH,31.1,0.0,670.0,674.0,1.0,82.5,33.0,Individual,6,High Risk,Manual Review
70924846,17000.0, 60 months,27.34,G,G1,6 years,MORTGAGE,53000.0,Source Verified,debt_consolidation,NM,35.47,0.0,685.0,689.0,2.0,65.1,21.0,Individual,5,High Risk,Manual Review
69425530,15000.0, 60 months,20.75,E,E2,10+ years,MORTGAGE,88500.0,Source Verified,debt_consolidation,MN,16.27,1.0,660.0,664.0,1.0,91.1,42.0,Individual,5,High Risk,Manual Review
71055440,25000.0, 60 months,20.75,E,E2,10+ years,RENT,92668.0,Source Verified,debt_consolidation,OR,31.95,1.0,670.0,674.0,0.0,71.4,27.0,Individual,6,High Risk,Manual Review
71068797,21100.0, 60 months,21.18,E,E3,10+ years,OWN,48000.0,Not Verified,debt_consolidation,TN,34.88,0.0,700.0,704.0,0.0,59.0,42.0,Individual,5,High Risk,Manual Review
71064467,10150.0, 60 months,22.45,E,E5,< 1 year,MORTGAGE,90000.0,Verified,debt_consolidation,NY,40.19,1.0,665.0,669.0,0.0,63.0,30.0,Individual,6,High Risk,Manual Review
70995504,19200.0, 60 months,22.45,E,E5,7 years,MORTGAGE,104000.0,Verified,debt_consolidation,IL,32.29,0.0,680.0,684.0,0.0,56.8,35.0,Individual,5,High Risk,Manual Review
69882342,10925.0, 60 months,21.97,E,E4,10+ years,RENT,32200.0,Source Verified,debt_consolidation,MO,31.57,0.0,700.0,704.0,0.0,71.8,20.0,Individual,5,High Risk,Manual Review
71098029,20000.0, 60 months,19.99,E,E1,10+ years,MORTGAGE,114000.0,Source Verified,debt_consolidation,TX,33.86,0.0,710.0,714.0,1.0,79.0,49.0,Individual,5,High Risk,Manual Review
70995063,5350.0, 36 months,20.75,E,E2,4 years,RENT,21000.0,Verified,credit_card,IN,32.51,0.0,660.0,664.0,0.0,86.8,14.0,Individual,6,High Risk,Manual Review
70875373,24000.0, 60 months,22.45,E,E5,9 years,MORTGAGE,77000.0,Not Verified,debt_consolidation,FL,33.39,0.0,670.0,674.0,0.0,94.2,20.0,Individual,6,High Risk,Manual Review
70964849,30000.0, 60 months,26.57,F,F5,,RENT,60000.0,Verified,debt_consolidation,IL,45.44,0.0,675.0,679.0,0.0,88.0,21.0,Individual,6,High Risk,Manual Review
70855155,24775.0, 60 months,20.75,E,E2,4 years,MORTGAGE,70400.0,Source Verified,debt_consolidation,SC,30.84,0.0,690.0,694.0,0.0,97.6,40.0,Individual,6,High Risk,Manual Review
70925176,9125.0, 36 months,21.18,E,E3,,RENT,34000.0,Verified,debt_consolidation,CA,35.41,1.0,660.0,664.0,0.0,64.8,29.0,Individual,6,High Risk,Manual Review
71036202,17275.0, 60 months,20.75,E,E2,6 years,RENT,48000.0,Source Verified,debt_consolidation,IL,32.1,1.0,675.0,679.0,1.0,70.6,15.0,Individual,6,High Risk,Manual Review
69494735,10800.0, 36 months,22.45,E,E5,9 years,RENT,27000.0,Source Verified,debt_consolidation,AL,35.11,0.0,680.0,684.0,0.0,91.7,13.0,Individual,6,High Risk,Manual Review
70865600,4000.0, 36 months,23.13,F,F1,,MORTGAGE,70000.0,Verified,other,WI,38.52,0.0,685.0,689.0,2.0,61.4,33.0,Individual,5,High Risk,Manual Review
70845341,25875.0, 60 months,28.34,G,G3,7 years,MORTGAGE,70000.0,Not Verified,debt_consolidation,CA,37.44,0.0,695.0,699.0,0.0,64.9,25.0,Individual,5,High Risk,Manual Review
71055196,23800.0, 60 months,21.18,E,E3,,RENT,68000.0,Not Verified,debt_consolidation,TX,36.07,0.0,690.0,694.0,1.0,55.4,21.0,Individual,5,High Risk,Manual Review
70975018,16000.0, 60 months,16.29,D,D1,10+ years,OWN,58000.0,Verified,debt_consolidation,NC,33.97,1.0,700.0,704.0,0.0,101.2,27.0,Individual,5,High Risk,Manual Review
70883191,21400.0, 60 months,26.57,F,F5,10+ years,MORTGAGE,51000.0,Source Verified,debt_consolidation,AL,38.35,0.0,665.0,669.0,0.0,80.5,26.0,Individual,6,High Risk,Manual Review
70914806,9700.0, 36 months,19.99,E,E1,10+ years,MORTGAGE,39640.0,Verified,debt_consolidation,NJ,39.9,0.0,675.0,679.0,0.0,62.0,22.0,Individual,5,High Risk,Manual Review
71069682,25000.0, 60 months,24.99,F,F3,10+ years,RENT,91500.0,Not Verified,debt_consolidation,WA,34.7,2.0,665.0,669.0,2.0,42.6,44.0,Individual,6,High Risk,Manual Review
69922802,24000.0, 60 months,21.97,E,E4,10+ years,RENT,85000.0,Verified,small_business,CA,7.85,1.0,705.0,709.0,1.0,88.2,22.0,Individual,5,High Risk,Manual Review
71069041,12800.0, 36 months,19.99,E,E1,4 years,RENT,32000.0,Source Verified,debt_consolidation,HI,32.41,0.0,685.0,689.0,0.0,56.8,13.0,Individual,5,High Risk,Manual Review
69773087,6000.0, 36 months,20.75,E,E2,8 years,OWN,33000.0,Verified,debt_consolidation,CA,43.53,0.0,660.0,664.0,2.0,81.5,17.0,Individual,6,High Risk,Manual Review
71015206,25000.0, 60 months,20.75,E,E2,10+ years,RENT,90000.0,Verified,debt_consolidation,MI,25.27,2.0,660.0,664.0,0.0,89.0,14.0,Individual,5,High Risk,Manual Review
70964668,27500.0, 60 months,25.88,F,F4,10+ years,RENT,55000.0,Verified,credit_card,WA,35.85,0.0,670.0,674.0,0.0,97.8,18.0,Individual,6,High Risk,Manual Review
70875032,7500.0, 36 months,25.88,F,F4,,RENT,23449.8,Verified,credit_card,OR,37.26,0.0,675.0,679.0,0.0,92.4,11.0,Individual,6,High Risk,Manual Review
71097821,10000.0, 36 months,19.99,E,E1,5 years,RENT,30000.0,Verified,debt_consolidation,RI,42.56,0.0,680.0,684.0,0.0,63.0,12.0,Individual,5,High Risk,Manual Review
70924849,29175.0, 60 months,24.11,F,F2,3 years,RENT,69473.0,Source Verified,debt_consolidation,CA,34.76,0.0,660.0,664.0,1.0,59.8,24.0,Individual,5,High Risk,Manual Review
70973599,23000.0, 60 months,21.97,E,E4,8 years,RENT,76000.0,Verified,debt_consolidation,NC,39.38,0.0,695.0,699.0,2.0,80.1,42.0,Individual,6,High Risk,Manual Review
70943395,1300.0, 36 months,19.99,E,E1,2 years,MORTGAGE,28000.0,Source Verified,major_purchase,TN,40.21,0.0,705.0,709.0,1.0,47.3,15.0,Individual,5,High Risk,Manual Review
70895191,14075.0, 60 months,19.99,E,E1,1 year,OWN,32000.0,Verified,credit_card,KY,39.7,0.0,660.0,664.0,2.0,47.2,41.0,Individual,5,High Risk,Manual Review
70975063,15000.0, 36 months,19.99,E,E1,10+ years,RENT,188000.0,Source Verified,credit_card,FL,39.56,0.0,680.0,684.0,1.0,83.8,20.0,Individual,6,High Risk,Manual Review
70881902,35000.0, 60 months,28.14,G,G2,2 years,MORTGAGE,120000.0,Verified,debt_consolidation,IL,40.1,0.0,710.0,714.0,0.0,67.2,34.0,Individual,5,High Risk,Manual Review
70945117,26125.0, 60 months,23.13,F,F1,10+ years,MORTGAGE,125000.0,Verified,debt_consolidation,MN,30.52,2.0,660.0,664.0,0.0,82.3,22.0,Individual,7,High Risk,Manual Review
70537128,31500.0, 60 months,23.13,F,F1,,MORTGAGE,70000.0,Verified,credit_card,PA,32.73,0.0,680.0,684.0,0.0,79.0,30.0,Individual,5,High Risk,Manual Review
70865256,34300.0, 60 months,21.18,E,E3,10+ years,OWN,71500.0,Source Verified,credit_card,NY,33.65,0.0,695.0,699.0,0.0,59.5,43.0,Individual,5,High Risk,Manual Review
70885073,20800.0, 60 months,24.99,F,F3,2 years,MORTGAGE,115000.0,Source Verified,debt_consolidation,FL,32.71,0.0,680.0,684.0,1.0,43.0,34.0,Individual,5,High Risk,Manual Review
70874961,7675.0, 36 months,20.75,E,E2,1 year,MORTGAGE,19200.0,Source Verified,debt_consolidation,CA,35.19,0.0,670.0,674.0,0.0,58.0,18.0,Individual,5,High Risk,Manual Review
71117121,6025.0, 36 months,21.97,E,E4,1 year,MORTGAGE,25920.0,Source Verified,credit_card,OR,34.72,0.0,720.0,724.0,0.0,56.1,17.0,Individual,5,High Risk,Manual Review
70975010,3600.0, 36 months,24.11,F,F2,10+ years,MORTGAGE,66857.0,Verified,credit_card,TX,38.84,1.0,660.0,664.0,1.0,57.1,25.0,Individual,6,High Risk,Manual Review
71054919,10600.0, 36 months,24.11,F,F2,2 years,MORTGAGE,57600.0,Verified,credit_card,CA,36.67,0.0,695.0,699.0,1.0,24.9,32.0,Individual,5,High Risk,Manual Review
70984871,13000.0, 60 months,26.57,F,F5,,MORTGAGE,36132.0,Verified,debt_consolidation,FL,33.95,0.0,670.0,674.0,1.0,92.3,19.0,Individual,6,High Risk,Manual Review
70904867,10000.0, 60 months,19.99,E,E1,10+ years,RENT,77000.0,Source Verified,home_improvement,MA,34.74,0.0,685.0,689.0,0.0,94.0,19.0,Individual,6,High Risk,Manual Review
71063540,23000.0, 60 months,21.18,E,E3,10+ years,RENT,89000.0,Source Verified,debt_consolidation,CA,18.61,1.0,685.0,689.0,0.0,92.0,23.0,Individual,5,High Risk,Manual Review
70953470,35000.0, 60 months,21.97,E,E4,,MORTGAGE,35000.0,Source Verified,debt_consolidation,NJ,39.23,0.0,680.0,684.0,2.0,72.1,20.0,Joint App,5,High Risk,Manual Review
71054936,24000.0, 60 months,19.99,E,E1,2 years,MORTGAGE,63612.0,Verified,credit_card,NE,32.4,0.0,675.0,679.0,1.0,48.7,39.0,Individual,5,High Risk,Manual Review
70904968,4050.0, 36 months,22.45,E,E5,5 years,RENT,22500.0,Source Verified,debt_consolidation,NY,32.53,0.0,670.0,674.0,0.0,50.8,20.0,Individual,5,High Risk,Manual Review
71035733,15000.0, 60 months,22.45,E,E5,5 years,RENT,98000.0,Not Verified,credit_card,IL,34.76,0.0,690.0,694.0,1.0,72.4,70.0,Individual,5,High Risk,Manual Review
71054990,10700.0, 60 months,19.99,E,E1,4 years,RENT,40000.0,Verified,debt_consolidation,FL,33.0,0.0,680.0,684.0,0.0,36.5,34.0,Individual,5,High Risk,Manual Review
70623192,6625.0, 36 months,20.75,E,E2,10+ years,MORTGAGE,57000.0,Verified,home_improvement,AZ,30.27,0.0,660.0,664.0,3.0,55.0,27.0,Individual,5,High Risk,Manual Review
70984934,5975.0, 36 months,23.13,F,F1,10+ years,MORTGAGE,27000.0,Source Verified,debt_consolidation,NV,39.42,0.0,680.0,684.0,0.0,72.0,21.0,Individual,5,High Risk,Manual Review
70994987,25000.0, 60 months,22.45,E,E5,7 years,MORTGAGE,65000.0,Source Verified,debt_consolidation,OH,34.27,1.0,665.0,669.0,1.0,76.1,25.0,Individual,6,High Risk,Manual Review
70964567,35000.0, 60 months,20.75,E,E2,10+ years,MORTGAGE,98000.0,Source Verified,debt_consolidation,NJ,30.58,1.0,670.0,674.0,0.0,76.1,29.0,Individual,6,High Risk,Manual Review
71004984,29650.0, 60 months,24.11,F,F2,3 years,MORTGAGE,111000.0,Verified,debt_consolidation,CA,36.43,0.0,705.0,709.0,0.0,85.0,30.0,Individual,6,High Risk,Manual Review
70904204,21375.0, 60 months,24.11,F,F2,4 years,MORTGAGE,54000.0,Verified,home_improvement,PA,31.18,0.0,715.0,719.0,0.0,49.2,23.0,Individual,5,High Risk,Manual Review
70934657,10600.0, 36 months,21.18,E,E3,,RENT,29472.0,Verified,debt_consolidation,FL,45.44,2.0,665.0,669.0,1.0,41.5,30.0,Individual,6,High Risk,Manual Review
71035589,30000.0, 60 months,21.18,E,E3,10+ years,RENT,75000.0,Verified,debt_consolidation,AR,33.17,1.0,660.0,664.0,0.0,87.6,25.0,Individual,7,High Risk,Manual Review
71065068,18725.0, 36 months,24.11,F,F2,10+ years,MORTGAGE,75000.0,Source Verified,debt_consolidation,NJ,33.09,0.0,670.0,674.0,2.0,76.0,30.0,Individual,5,High Risk,Manual Review
71024728,7075.0, 36 months,27.34,G,G1,2 years,RENT,24000.0,Verified,debt_consolidation,GA,32.05,0.0,685.0,689.0,0.0,20.9,17.0,Individual,5,High Risk,Manual Review
70974672,10450.0, 60 months,21.18,E,E3,2 years,RENT,30000.0,Verified,debt_consolidation,TX,32.6,1.0,660.0,664.0,1.0,54.0,30.0,Individual,6,High Risk,Manual Review
70924604,15300.0, 60 months,26.57,F,F5,5 years,RENT,45000.0,Verified,debt_consolidation,GA,47.25,0.0,680.0,684.0,0.0,45.0,40.0,Individual,5,High Risk,Manual Review
70915483,16000.0, 60 months,21.97,E,E4,1 year,MORTGAGE,68000.0,Not Verified,debt_consolidation,CO,39.2,0.0,680.0,684.0,3.0,30.3,24.0,Individual,5,High Risk,Manual Review
71035455,20000.0, 60 months,25.88,F,F4,8 years,RENT,90000.0,Source Verified,debt_consolidation,CO,37.99,0.0,680.0,684.0,1.0,67.3,29.0,Individual,5,High Risk,Manual Review
69883259,22400.0, 60 months,20.75,E,E2,10+ years,RENT,95750.0,Not Verified,major_purchase,NC,40.65,0.0,705.0,709.0,0.0,29.5,35.0,Individual,5,High Risk,Manual Review
70894225,12750.0, 60 months,20.75,E,E2,8 years,MORTGAGE,70000.0,Source Verified,debt_consolidation,CT,38.57,0.0,730.0,734.0,0.0,67.9,17.0,Individual,5,High Risk,Manual Review
70871164,10000.0, 60 months,19.99,E,E1,< 1 year,MORTGAGE,50000.0,Source Verified,small_business,CT,34.76,0.0,710.0,714.0,1.0,21.3,23.0,Individual,5,High Risk,Manual Review
70884873,35000.0, 60 months,21.97,E,E4,< 1 year,RENT,30000.0,Verified,debt_consolidation,GA,31.6,0.0,675.0,679.0,0.0,49.4,7.0,Joint App,5,High Risk,Manual Review
70854801,25300.0, 60 months,21.18,E,E3,10+ years,OWN,138800.0,Not Verified,debt_consolidation,CA,39.49,0.0,710.0,714.0,0.0,74.4,43.0,Individual,5,High Risk,Manual Review
70915497,8775.0, 36 months,22.45,E,E5,,OWN,17556.0,Verified,debt_consolidation,WI,42.79,0.0,705.0,709.0,1.0,35.6,21.0,Individual,5,High Risk,Manual Review
70994837,14400.0, 36 months,27.34,G,G1,,MORTGAGE,40000.0,Verified,debt_consolidation,NC,35.55,0.0,680.0,684.0,0.0,80.3,16.0,Individual,6,High Risk,Manual Review
70984567,35000.0, 36 months,22.45,E,E5,3 years,MORTGAGE,100000.0,Source Verified,other,IL,33.91,0.0,685.0,689.0,0.0,76.8,38.0,Individual,5,High Risk,Manual Review
70865014,26250.0, 60 months,27.34,G,G1,10+ years,OWN,251000.0,Not Verified,debt_consolidation,VA,37.48,0.0,695.0,699.0,0.0,83.5,33.0,Individual,6,High Risk,Manual Review
71063965,14075.0, 60 months,19.99,E,E1,10+ years,MORTGAGE,62000.0,Not Verified,credit_card,TN,35.03,0.0,720.0,724.0,0.0,91.1,16.0,Individual,6,High Risk,Manual Review
70964387,16000.0, 60 months,16.29,D,D1,2 years,RENT,59000.0,Source Verified,debt_consolidation,TX,36.31,1.0,665.0,669.0,0.0,84.2,33.0,Individual,5,High Risk,Manual Review
71014844,15000.0, 60 months,19.99,E,E1,5 years,MORTGAGE,70000.0,Verified,debt_consolidation,PA,33.94,0.0,660.0,664.0,3.0,66.0,43.0,Individual,5,High Risk,Manual Review
70894612,35000.0, 60 months,25.88,F,F4,3 years,MORTGAGE,110000.0,Verified,major_purchase,IN,31.15,0.0,685.0,689.0,2.0,63.7,29.0,Individual,5,High Risk,Manual Review
70944616,25000.0, 60 months,22.45,E,E5,9 years,RENT,82656.0,Not Verified,debt_consolidation,MD,35.35,0.0,695.0,699.0,0.0,43.4,19.0,Individual,5,High Risk,Manual Review
70712001,10000.0, 60 months,23.13,F,F1,10+ years,RENT,40000.0,Verified,debt_consolidation,NY,36.6,0.0,700.0,704.0,1.0,23.2,15.0,Individual,5,High Risk,Manual Review
70963973,10375.0, 36 months,21.97,E,E4,6 years,OWN,30556.0,Verified,debt_consolidation,VA,41.56,0.0,680.0,684.0,2.0,51.2,27.0,Individual,5,High Risk,Manual Review
70944574,11225.0, 36 months,21.97,E,E4,10+ years,MORTGAGE,31200.0,Verified,debt_consolidation,CA,31.54,0.0,660.0,664.0,2.0,57.7,20.0,Individual,5,High Risk,Manual Review
70854394,15600.0, 60 months,28.34,G,G3,1 year,MORTGAGE,52000.0,Source Verified,debt_consolidation,IL,30.58,0.0,660.0,664.0,2.0,88.0,21.0,Individual,6,High Risk,Manual Review
71054416,14000.0, 36 months,19.99,E,E1,8 years,OWN,41600.0,Verified,debt_consolidation,FL,42.93,0.0,665.0,669.0,0.0,74.1,32.0,Individual,5,High Risk,Manual Review
70221081,5975.0, 36 months,22.45,E,E5,3 years,MORTGAGE,52000.0,Verified,debt_consolidation,FL,40.5,0.0,715.0,719.0,1.0,32.4,37.0,Individual,5,High Risk,Manual Review
70963610,19850.0, 60 months,21.18,E,E3,10+ years,MORTGAGE,58000.0,Source Verified,debt_consolidation,NY,33.69,0.0,710.0,714.0,0.0,40.0,26.0,Individual,5,High Risk,Manual Review
70630969,21325.0, 60 months,24.11,F,F2,8 years,OWN,50800.0,Source Verified,debt_consolidation,CA,35.87,0.0,670.0,674.0,2.0,45.1,28.0,Individual,5,High Risk,Manual Review
70825150,6600.0, 36 months,20.75,E,E2,,RENT,14400.0,Verified,debt_consolidation,WA,37.58,0.0,690.0,694.0,0.0,40.5,24.0,Individual,5,High Risk,Manual Review
70954349,20525.0, 60 months,24.11,F,F2,,MORTGAGE,72000.0,Verified,debt_consolidation,GA,31.97,0.0,680.0,684.0,1.0,51.0,24.0,Individual,5,High Risk,Manual Review
71054478,13025.0, 60 months,22.45,E,E5,10+ years,MORTGAGE,62500.0,Not Verified,debt_consolidation,WV,38.23,0.0,670.0,674.0,4.0,39.1,44.0,Individual,5,High Risk,Manual Review
70994434,14550.0, 36 months,20.75,E,E2,< 1 year,MORTGAGE,29120.0,Source Verified,debt_consolidation,TX,32.81,0.0,705.0,709.0,0.0,38.3,23.0,Individual,5,High Risk,Manual Review
70924104,28150.0, 60 months,28.14,G,G2,10+ years,MORTGAGE,64000.0,Verified,debt_consolidation,TX,41.97,0.0,680.0,684.0,0.0,38.2,32.0,Individual,5,High Risk,Manual Review
70984303,14125.0, 60 months,27.34,G,G1,2 years,RENT,47112.0,Verified,debt_consolidation,NM,30.11,1.0,660.0,664.0,1.0,68.7,25.0,Individual,6,High Risk,Manual Review
71004381,17275.0, 60 months,18.25,D,D3,1 year,MORTGAGE,48000.0,Not Verified,debt_consolidation,IN,34.26,2.0,670.0,674.0,1.0,80.9,45.0,Individual,5,High Risk,Manual Review
70884441,11875.0, 36 months,22.45,E,E5,10+ years,RENT,33000.0,Verified,debt_consolidation,NY,43.53,0.0,660.0,664.0,0.0,68.8,18.0,Individual,5,High Risk,Manual Review
70934236,5925.0, 36 months,23.13,F,F1,10+ years,MORTGAGE,56000.0,Source Verified,debt_consolidation,MD,30.41,0.0,690.0,694.0,1.0,96.8,32.0,Individual,6,High Risk,Manual Review
70981982,7500.0, 36 months,23.13,F,F1,10+ years,OWN,25000.0,Verified,other,PA,43.74,0.0,675.0,679.0,0.0,80.4,11.0,Individual,6,High Risk,Manual Review
70954257,24000.0, 60 months,16.29,D,D1,10+ years,MORTGAGE,75000.0,Source Verified,debt_consolidation,KS,30.03,1.0,665.0,669.0,0.0,85.8,20.0,Individual,5,High Risk,Manual Review
71054345,12000.0, 60 months,19.99,E,E1,1 year,RENT,41000.0,Verified,debt_consolidation,FL,30.92,0.0,675.0,679.0,0.0,57.1,14.0,Individual,5,High Risk,Manual Review
71002277,23900.0, 60 months,23.13,F,F1,,RENT,52000.0,Verified,debt_consolidation,VA,36.64,2.0,680.0,684.0,0.0,39.7,45.0,Individual,6,High Risk,Manual Review
71021225,35000.0, 60 months,28.34,G,G3,10+ years,MORTGAGE,88000.0,Source Verified,debt_consolidation,NC,35.7,0.0,680.0,684.0,0.0,83.1,28.0,Individual,6,High Risk,Manual Review
71068308,17725.0, 60 months,26.57,F,F5,10+ years,RENT,45140.0,Verified,debt_consolidation,AZ,36.35,0.0,665.0,669.0,0.0,51.6,30.0,Individual,5,High Risk,Manual Review
71034742,11200.0, 36 months,19.99,E,E1,10+ years,RENT,73000.0,Verified,debt_consolidation,UT,30.03,0.0,695.0,699.0,2.0,21.5,27.0,Individual,5,High Risk,Manual Review
71062750,7925.0, 36 months,21.18,E,E3,6 years,RENT,30000.0,Verified,credit_card,FL,46.24,0.0,670.0,674.0,1.0,76.9,10.0,Individual,5,High Risk,Manual Review
70954143,11200.0, 60 months,19.53,D,D5,10+ years,RENT,110000.0,Verified,medical,NV,40.9,1.0,660.0,664.0,2.0,81.7,33.0,Individual,5,High Risk,Manual Review
70954223,11900.0, 60 months,24.99,F,F3,< 1 year,RENT,35000.0,Source Verified,debt_consolidation,SC,32.96,0.0,670.0,674.0,1.0,74.9,13.0,Individual,5,High Risk,Manual Review
70964138,7000.0, 36 months,19.99,E,E1,,OWN,24000.0,Verified,debt_consolidation,FL,34.55,0.0,660.0,664.0,0.0,58.2,14.0,Individual,5,High Risk,Manual Review
71004289,20150.0, 60 months,26.57,F,F5,< 1 year,MORTGAGE,56000.0,Source Verified,debt_consolidation,TX,35.94,0.0,730.0,734.0,1.0,35.9,21.0,Individual,5,High Risk,Manual Review
70904176,21325.0, 60 months,22.45,E,E5,9 years,MORTGAGE,59248.0,Source Verified,debt_consolidation,CA,33.34,3.0,665.0,669.0,0.0,52.5,42.0,Individual,6,High Risk,Manual Review
70894256,12350.0, 60 months,25.88,F,F4,2 years,RENT,34320.0,Verified,debt_consolidation,IN,48.5,0.0,660.0,664.0,0.0,80.6,26.0,Individual,6,High Risk,Manual Review
70872969,10000.0, 60 months,20.75,E,E2,2 years,MORTGAGE,35000.0,Not Verified,debt_consolidation,SC,36.38,0.0,695.0,699.0,1.0,31.0,13.0,Individual,5,High Risk,Manual Review
71024149,20000.0, 60 months,21.18,E,E3,8 years,RENT,62000.0,Source Verified,credit_card,WY,38.17,0.0,690.0,694.0,0.0,89.8,36.0,Individual,6,High Risk,Manual Review
71034432,12050.0, 36 months,19.99,E,E1,,RENT,35500.0,Verified,debt_consolidation,TX,33.74,1.0,670.0,674.0,3.0,51.3,22.0,Individual,6,High Risk,Manual Review
70864204,13425.0, 60 months,21.97,E,E4,5 years,OWN,55000.0,Verified,credit_card,FL,39.45,0.0,660.0,664.0,0.0,76.2,28.0,Individual,5,High Risk,Manual Review
70694120,8000.0, 36 months,22.45,E,E5,8 years,MORTGAGE,74000.0,Source Verified,debt_consolidation,IN,43.98,0.0,685.0,689.0,1.0,44.8,65.0,Individual,5,High Risk,Manual Review
70873873,21000.0, 60 months,21.18,E,E3,5 years,MORTGAGE,55000.0,Not Verified,debt_consolidation,MN,34.87,0.0,675.0,679.0,1.0,96.4,24.0,Individual,6,High Risk,Manual Review
70562791,19950.0, 36 months,21.18,E,E3,5 years,RENT,78000.0,Verified,debt_consolidation,FL,33.51,0.0,665.0,669.0,1.0,93.7,34.0,Individual,6,High Risk,Manual Review
71068257,23750.0, 60 months,23.13,F,F1,7 years,RENT,54000.0,Source Verified,credit_card,SC,35.27,0.0,670.0,674.0,1.0,60.8,34.0,Individual,5,High Risk,Manual Review
71088297,17175.0, 60 months,20.75,E,E2,,OWN,35832.0,Verified,credit_card,MO,30.91,0.0,705.0,709.0,0.0,89.0,15.0,Individual,6,High Risk,Manual Review
71004132,22800.0, 60 months,28.14,G,G2,9 years,MORTGAGE,60000.0,Verified,debt_consolidation,MN,32.8,0.0,690.0,694.0,2.0,96.0,28.0,Individual,6,High Risk,Manual Review
71034386,8275.0, 36 months,22.45,E,E5,1 year,RENT,30000.0,Verified,other,OH,48.09,0.0,675.0,679.0,0.0,61.7,33.0,Individual,5,High Risk,Manual Review
70773629,9125.0, 36 months,21.97,E,E4,2 years,MORTGAGE,66000.0,Source Verified,debt_consolidation,MN,37.71,0.0,680.0,684.0,1.0,67.9,39.0,Individual,5,High Risk,Manual Review
69147340,35000.0, 60 months,22.45,E,E5,10+ years,MORTGAGE,135000.0,Verified,credit_card,TX,34.37,0.0,695.0,699.0,0.0,88.7,27.0,Individual,6,High Risk,Manual Review
70923947,13750.0, 60 months,22.45,E,E5,1 year,MORTGAGE,45000.0,Source Verified,debt_consolidation,GA,38.61,1.0,675.0,679.0,2.0,51.4,33.0,Individual,6,High Risk,Manual Review
70843840,12000.0, 60 months,24.11,F,F2,2 years,RENT,80000.0,Verified,debt_consolidation,CA,31.31,0.0,665.0,669.0,0.0,90.9,43.0,Individual,6,High Risk,Manual Review
70953821,5000.0, 36 months,19.99,E,E1,,MORTGAGE,28000.0,Verified,credit_card,AR,34.98,0.0,660.0,664.0,4.0,32.0,30.0,Individual,5,High Risk,Manual Review
70983984,4550.0, 36 months,19.99,E,E1,,RENT,12000.0,Verified,credit_card,NJ,30.9,0.0,680.0,684.0,2.0,16.7,12.0,Individual,5,High Risk,Manual Review
71068169,18500.0, 60 months,20.75,E,E2,,MORTGAGE,60880.0,Verified,debt_consolidation,PA,19.22,2.0,660.0,664.0,1.0,87.7,26.0,Individual,5,High Risk,Manual Review
70993748,27550.0, 36 months,24.99,F,F3,10+ years,RENT,55109.0,Verified,debt_consolidation,CT,40.17,0.0,680.0,684.0,1.0,79.2,27.0,Individual,5,High Risk,Manual Review
70833983,20000.0, 60 months,20.75,E,E2,6 years,OWN,58732.0,Verified,debt_consolidation,PA,48.39,0.0,670.0,674.0,0.0,37.6,33.0,Individual,5,High Risk,Manual Review
70973812,31700.0, 60 months,24.11,F,F2,< 1 year,MORTGAGE,55000.0,Verified,debt_consolidation,CA,45.32,0.0,685.0,689.0,2.0,74.4,22.0,Joint App,5,High Risk,Manual Review
71023936,1475.0, 36 months,21.97,E,E4,2 years,MORTGAGE,38000.0,Verified,debt_consolidation,IN,42.39,1.0,680.0,684.0,0.0,98.4,28.0,Individual,7,High Risk,Manual Review
70834002,22775.0, 60 months,24.11,F,F2,1 year,RENT,65000.0,Source Verified,debt_consolidation,CA,36.24,0.0,670.0,674.0,2.0,47.3,29.0,Individual,5,High Risk,Manual Review
70964006,14400.0, 36 months,19.99,E,E1,< 1 year,RENT,40000.0,Source Verified,credit_card,CO,32.64,0.0,665.0,669.0,1.0,73.7,19.0,Joint App,5,High Risk,Manual Review
70973338,8650.0, 36 months,23.13,F,F1,10+ years,OWN,30000.0,Source Verified,debt_consolidation,OH,38.04,1.0,665.0,669.0,1.0,94.9,10.0,Individual,7,High Risk,Manual Review
70994015,35000.0, 36 months,20.75,E,E2,10+ years,RENT,80000.0,Source Verified,debt_consolidation,FL,35.29,0.0,680.0,684.0,0.0,66.3,25.0,Individual,5,High Risk,Manual Review
70894073,33600.0, 60 months,23.13,F,F1,3 years,RENT,70000.0,Source Verified,debt_consolidation,CA,35.82,1.0,700.0,704.0,0.0,33.1,30.0,Individual,6,High Risk,Manual Review
71034472,26000.0, 60 months,25.88,F,F4,10+ years,RENT,90000.0,Verified,debt_consolidation,VA,30.27,0.0,665.0,669.0,1.0,91.0,18.0,Individual,6,High Risk,Manual Review
70571617,25000.0, 60 months,21.97,E,E4,10+ years,OWN,68000.0,Source Verified,other,TX,38.74,1.0,675.0,679.0,0.0,62.7,83.0,Individual,6,High Risk,Manual Review
70923946,13350.0, 60 months,21.18,E,E3,10+ years,MORTGAGE,42000.0,Source Verified,debt_consolidation,CT,30.89,0.0,695.0,699.0,0.0,45.8,34.0,Individual,5,High Risk,Manual Review
70894028,15000.0, 36 months,16.29,D,D1,10+ years,MORTGAGE,53000.0,Verified,debt_consolidation,IN,32.09,1.0,665.0,669.0,0.0,103.5,24.0,Individual,5,High Risk,Manual Review
70993807,35000.0, 60 months,21.18,E,E3,5 years,RENT,30000.0,Verified,other,NY,73.36,1.0,660.0,664.0,1.0,71.4,43.0,Joint App,6,High Risk,Manual Review
70933690,22800.0, 60 months,24.99,F,F3,4 years,OWN,60000.0,Source Verified,debt_consolidation,NC,11.16,1.0,660.0,664.0,0.0,99.2,23.0,Individual,5,High Risk,Manual Review
71003876,17625.0, 60 months,25.88,F,F4,10+ years,RENT,42000.0,Source Verified,credit_card,MA,32.05,0.0,700.0,704.0,1.0,67.4,23.0,Individual,5,High Risk,Manual Review
68695160,18000.0, 60 months,19.99,E,E1,5 years,RENT,45000.0,Verified,credit_card,TX,32.47,0.0,685.0,689.0,0.0,35.5,34.0,Individual,5,High Risk,Manual Review
71023770,35000.0, 60 months,20.75,E,E2,10+ years,MORTGAGE,59000.0,Verified,debt_consolidation,MD,16.56,1.0,660.0,664.0,0.0,96.7,46.0,Joint App,5,High Risk,Manual Review
70873361,20000.0, 60 months,21.18,E,E3,< 1 year,MORTGAGE,26000.0,Source Verified,other,FL,44.88,0.0,695.0,699.0,0.0,72.4,14.0,Joint App,5,High Risk,Manual Review
71067777,10500.0, 36 months,20.75,E,E2,,RENT,25000.0,Not Verified,debt_consolidation,NJ,35.09,0.0,660.0,664.0,0.0,58.3,26.0,Individual,5,High Risk,Manual Review
70913679,28000.0, 60 months,23.13,F,F1,9 years,MORTGAGE,85000.0,Source Verified,debt_consolidation,TN,30.87,0.0,660.0,664.0,0.0,89.3,15.0,Individual,6,High Risk,Manual Review
70833696,18475.0, 60 months,25.88,F,F4,8 years,RENT,44000.0,Verified,credit_card,FL,35.46,0.0,675.0,679.0,0.0,70.6,36.0,Individual,5,High Risk,Manual Review
71067755,21000.0, 60 months,23.13,F,F1,8 years,RENT,50000.0,Source Verified,debt_consolidation,FL,35.82,0.0,660.0,664.0,0.0,31.1,40.0,Individual,5,High Risk,Manual Review
71013849,12300.0, 60 months,22.45,E,E5,4 years,RENT,28000.0,Source Verified,credit_card,GA,38.96,0.0,700.0,704.0,1.0,92.8,13.0,Individual,6,High Risk,Manual Review
70060581,21600.0, 60 months,21.97,E,E4,< 1 year,RENT,62500.0,Verified,credit_card,MI,31.13,0.0,665.0,669.0,0.0,70.3,15.0,Individual,5,High Risk,Manual Review
70591538,24000.0, 60 months,21.18,E,E3,10+ years,MORTGAGE,95000.0,Verified,debt_consolidation,NJ,46.39,0.0,725.0,729.0,2.0,41.4,44.0,Individual,5,High Risk,Manual Review
70843816,6000.0, 36 months,26.57,F,F5,10+ years,OWN,25000.0,Source Verified,debt_consolidation,PA,32.79,0.0,660.0,664.0,0.0,89.5,31.0,Individual,6,High Risk,Manual Review
70711323,18000.0, 60 months,26.57,F,F5,10+ years,MORTGAGE,90000.0,Not Verified,debt_consolidation,CO,43.42,1.0,665.0,669.0,3.0,75.2,20.0,Individual,6,High Risk,Manual Review
70913983,35000.0, 60 months,25.88,F,F4,3 years,OWN,80000.0,Source Verified,debt_consolidation,AL,38.16,0.0,695.0,699.0,0.0,66.3,26.0,Individual,5,High Risk,Manual Review
71062563,8000.0, 36 months,20.75,E,E2,5 years,MORTGAGE,33800.0,Verified,debt_consolidation,IN,41.95,0.0,660.0,664.0,1.0,59.9,32.0,Individual,5,High Risk,Manual Review
70901347,15075.0, 60 months,26.57,F,F5,10+ years,MORTGAGE,85000.0,Not Verified,debt_consolidation,FL,38.13,1.0,680.0,684.0,0.0,75.3,30.0,Individual,6,High Risk,Manual Review
71062545,33600.0, 60 months,24.11,F,F2,10+ years,MORTGAGE,70000.0,Verified,home_improvement,NC,30.38,2.0,740.0,744.0,1.0,10.6,34.0,Individual,6,High Risk,Manual Review
70873339,35000.0, 60 months,21.97,E,E4,10+ years,MORTGAGE,69000.0,Verified,debt_consolidation,NC,31.08,0.0,670.0,674.0,0.0,86.4,24.0,Joint App,6,High Risk,Manual Review
70933602,14400.0, 36 months,20.75,E,E2,3 years,RENT,36000.0,Source Verified,debt_consolidation,CA,37.75,0.0,665.0,669.0,1.0,39.9,19.0,Individual,5,High Risk,Manual Review
70824193,28000.0, 60 months,28.99,G,G5,10+ years,RENT,80000.0,Verified,debt_consolidation,CA,36.59,0.0,665.0,669.0,1.0,56.0,30.0,Individual,5,High Risk,Manual Review
70943577,30000.0, 60 months,19.53,D,D5,5 years,MORTGAGE,150000.0,Verified,debt_consolidation,VA,44.41,1.0,670.0,674.0,0.0,85.3,36.0,Individual,5,High Risk,Manual Review
70963601,8400.0, 36 months,21.97,E,E4,7 years,RENT,24000.0,Verified,debt_consolidation,CA,34.4,0.0,715.0,719.0,1.0,38.0,10.0,Individual,5,High Risk,Manual Review
71013694,12425.0, 36 months,22.45,E,E5,10+ years,MORTGAGE,89000.0,Verified,credit_card,CA,35.13,0.0,660.0,664.0,0.0,66.5,34.0,Individual,5,High Risk,Manual Review
70010297,25000.0, 60 months,19.99,E,E1,7 years,RENT,79000.0,Not Verified,debt_consolidation,TN,32.52,0.0,670.0,674.0,0.0,54.6,32.0,Individual,5,High Risk,Manual Review
70893687,35000.0, 60 months,28.34,G,G3,< 1 year,RENT,102000.0,Verified,debt_consolidation,WA,31.76,0.0,695.0,699.0,0.0,75.5,27.0,Individual,5,High Risk,Manual Review
70863953,16000.0, 60 months,24.11,F,F2,10+ years,RENT,68510.0,Not Verified,credit_card,FL,38.54,0.0,685.0,689.0,2.0,45.4,33.0,Individual,5,High Risk,Manual Review
70943511,34500.0, 60 months,21.18,E,E3,10+ years,MORTGAGE,100400.0,Source Verified,debt_consolidation,CA,30.92,0.0,685.0,689.0,4.0,43.5,52.0,Individual,5,High Risk,Manual Review
69967927,34050.0, 60 months,28.99,G,G5,9 years,MORTGAGE,89000.0,Verified,credit_card,TX,36.69,0.0,665.0,669.0,1.0,91.4,22.0,Individual,6,High Risk,Manual Review
69523020,3925.0, 36 months,20.75,E,E2,2 years,RENT,71500.0,Not Verified,house,CA,34.29,0.0,660.0,664.0,2.0,50.1,34.0,Individual,5,High Risk,Manual Review
69874018,19125.0, 60 months,21.97,E,E4,10+ years,RENT,52000.0,Source Verified,debt_consolidation,CA,35.86,0.0,705.0,709.0,0.0,33.5,28.0,Individual,5,High Risk,Manual Review
71033916,10000.0, 60 months,25.88,F,F4,4 years,RENT,36000.0,Verified,credit_card,CA,40.43,0.0,665.0,669.0,0.0,72.2,27.0,Individual,5,High Risk,Manual Review
70852547,12000.0, 36 months,18.99,D,D4,7 years,RENT,74000.0,Source Verified,debt_consolidation,FL,34.32,3.0,675.0,679.0,1.0,99.6,30.0,Individual,5,High Risk,Manual Review
70993506,10000.0, 36 months,19.99,E,E1,6 years,RENT,55482.0,Verified,debt_consolidation,CA,37.29,0.0,705.0,709.0,0.0,50.4,15.0,Individual,5,High Risk,Manual Review
71053270,20875.0, 60 months,21.97,E,E4,10+ years,OWN,58000.0,Source Verified,debt_consolidation,OH,33.46,0.0,695.0,699.0,0.0,23.5,26.0,Individual,5,High Risk,Manual Review
69792119,16000.0, 60 months,21.18,E,E3,6 years,OWN,44000.0,Source Verified,debt_consolidation,SC,31.94,0.0,705.0,709.0,0.0,63.5,28.0,Individual,5,High Risk,Manual Review
70694340,29000.0, 60 months,21.18,E,E3,10+ years,OWN,77000.0,Not Verified,credit_card,TX,38.67,1.0,660.0,664.0,1.0,75.6,22.0,Individual,6,High Risk,Manual Review
70973314,24475.0, 60 months,20.75,E,E2,2 years,RENT,66574.0,Verified,debt_consolidation,CO,36.42,2.0,660.0,664.0,2.0,67.6,36.0,Joint App,6,High Risk,Manual Review
70712393,10575.0, 60 months,28.14,G,G2,8 years,RENT,30000.0,Verified,car,NC,39.4,0.0,660.0,664.0,1.0,71.8,26.0,Individual,5,High Risk,Manual Review
71013598,10800.0, 36 months,24.99,F,F3,5 years,OWN,51000.0,Verified,home_improvement,IL,38.78,1.0,705.0,709.0,2.0,21.1,20.0,Individual,6,High Risk,Manual Review
71064451,35000.0, 60 months,20.75,E,E2,6 years,OWN,84240.0,Source Verified,other,TX,36.53,0.0,755.0,759.0,1.0,12.1,38.0,Joint App,5,High Risk,Manual Review
70780814,29500.0, 60 months,23.13,F,F1,3 years,MORTGAGE,76000.0,Verified,major_purchase,AR,34.83,0.0,705.0,709.0,1.0,87.1,30.0,Individual,6,High Risk,Manual Review
70913672,30000.0, 60 months,25.88,F,F4,3 years,RENT,109800.0,Verified,debt_consolidation,CA,43.43,0.0,700.0,704.0,0.0,67.3,22.0,Individual,5,High Risk,Manual Review
70951676,13600.0, 36 months,19.99,E,E1,2 years,RENT,40000.0,Source Verified,debt_consolidation,CA,33.18,0.0,660.0,664.0,0.0,46.7,11.0,Individual,5,High Risk,Manual Review
71065803,12650.0, 60 months,21.18,E,E3,2 years,OWN,44000.0,Source Verified,house,AL,34.67,0.0,725.0,729.0,1.0,0.0,15.0,Individual,5,High Risk,Manual Review
70823768,35000.0, 60 months,21.18,E,E3,2 years,RENT,80000.0,Verified,debt_consolidation,TX,32.43,0.0,675.0,679.0,0.0,93.0,32.0,Individual,6,High Risk,Manual Review
70863620,16400.0, 60 months,25.88,F,F4,8 years,MORTGAGE,41000.0,Verified,debt_consolidation,NY,39.37,0.0,690.0,694.0,0.0,39.3,35.0,Individual,5,High Risk,Manual Review
71067387,20775.0, 60 months,25.88,F,F4,< 1 year,RENT,57740.0,Verified,debt_consolidation,OK,33.42,0.0,690.0,694.0,1.0,59.7,35.0,Individual,5,High Risk,Manual Review
70032093,25000.0, 60 months,22.45,E,E5,6 years,MORTGAGE,50000.0,Source Verified,credit_card,LA,30.05,0.0,695.0,699.0,0.0,51.8,37.0,Individual,5,High Risk,Manual Review
70933169,21225.0, 60 months,25.88,F,F4,10+ years,OWN,59000.0,Source Verified,debt_consolidation,TX,36.26,1.0,660.0,664.0,0.0,67.4,35.0,Individual,6,High Risk,Manual Review
70843284,14975.0, 60 months,26.57,F,F5,5 years,MORTGAGE,41600.0,Source Verified,debt_consolidation,CA,34.54,0.0,665.0,669.0,0.0,70.3,24.0,Individual,5,High Risk,Manual Review
70273030,14625.0, 60 months,26.57,F,F5,10+ years,MORTGAGE,40000.0,Source Verified,home_improvement,MN,31.14,1.0,675.0,679.0,2.0,49.7,30.0,Individual,6,High Risk,Manual Review
71053403,6800.0, 36 months,19.99,E,E1,,RENT,17000.0,Verified,debt_consolidation,FL,33.47,0.0,695.0,699.0,1.0,60.1,7.0,Individual,5,High Risk,Manual Review
70601385,15475.0, 36 months,19.99,E,E1,2 years,RENT,43000.0,Verified,debt_consolidation,NY,32.21,0.0,665.0,669.0,0.0,67.7,19.0,Individual,5,High Risk,Manual Review
70863470,15000.0, 60 months,19.99,E,E1,2 years,OWN,64000.0,Not Verified,credit_card,NY,36.41,0.0,665.0,669.0,0.0,57.9,41.0,Individual,5,High Risk,Manual Review
70833077,15475.0, 60 months,22.45,E,E5,6 years,OWN,60840.0,Source Verified,debt_consolidation,TN,30.65,1.0,670.0,674.0,1.0,45.9,54.0,Individual,6,High Risk,Manual Review
71001590,14825.0, 60 months,22.45,E,E5,10+ years,RENT,42500.0,Source Verified,debt_consolidation,VA,37.08,0.0,670.0,674.0,0.0,77.4,27.0,Individual,5,High Risk,Manual Review
70823067,19325.0, 60 months,24.99,F,F3,4 years,RENT,68000.0,Source Verified,medical,AR,13.01,1.0,670.0,674.0,1.0,93.3,19.0,Individual,5,High Risk,Manual Review
70843182,18950.0, 60 months,21.18,E,E3,,RENT,52644.0,Verified,debt_consolidation,FL,29.47,2.0,660.0,664.0,0.0,82.9,15.0,Individual,5,High Risk,Manual Review
70952784,10000.0, 60 months,25.88,F,F4,4 years,MORTGAGE,72000.0,Not Verified,debt_consolidation,TX,47.71,0.0,690.0,694.0,0.0,68.9,21.0,Individual,5,High Risk,Manual Review
70873057,18575.0, 60 months,28.34,G,G3,9 years,MORTGAGE,57800.0,Verified,debt_consolidation,NC,41.55,0.0,685.0,689.0,1.0,69.4,30.0,Individual,5,High Risk,Manual Review
70823500,4375.0, 36 months,28.14,G,G2,< 1 year,RENT,18000.0,Verified,moving,FL,32.33,0.0,660.0,664.0,0.0,76.7,10.0,Individual,5,High Risk,Manual Review
70943114,18000.0, 60 months,27.34,G,G1,2 years,RENT,53000.0,Verified,debt_consolidation,CO,34.69,1.0,665.0,669.0,0.0,90.7,38.0,Individual,7,High Risk,Manual Review
70054284,22000.0, 60 months,23.13,F,F1,5 years,RENT,50000.0,Source Verified,debt_consolidation,AZ,32.48,0.0,685.0,689.0,0.0,83.0,30.0,Individual,6,High Risk,Manual Review
70901136,35000.0, 60 months,20.75,E,E2,< 1 year,RENT,86000.0,Source Verified,debt_consolidation,SC,31.3,0.0,735.0,739.0,1.0,53.6,24.0,Individual,5,High Risk,Manual Review
70852414,28000.0, 60 months,28.99,G,G5,5 years,OWN,89000.0,Source Verified,debt_consolidation,CT,35.73,0.0,680.0,684.0,1.0,89.6,21.0,Individual,6,High Risk,Manual Review
71066971,28000.0, 60 months,22.45,E,E5,10+ years,MORTGAGE,92000.0,Not Verified,debt_consolidation,CO,37.44,0.0,680.0,684.0,0.0,89.5,38.0,Individual,6,High Risk,Manual Review
70772543,3500.0, 36 months,19.99,E,E1,4 years,MORTGAGE,45000.0,Source Verified,debt_consolidation,MN,37.71,0.0,700.0,704.0,0.0,66.6,17.0,Individual,5,High Risk,Manual Review
69822968,22500.0, 60 months,26.57,F,F5,3 years,RENT,45000.0,Not Verified,debt_consolidation,NV,35.87,0.0,715.0,719.0,1.0,33.4,33.0,Individual,5,High Risk,Manual Review
70843118,20000.0, 36 months,22.45,E,E5,10+ years,RENT,50000.0,Verified,credit_card,GA,35.46,0.0,670.0,674.0,1.0,64.6,45.0,Individual,5,High Risk,Manual Review
70981925,13625.0, 36 months,23.13,F,F1,9 years,OWN,30973.0,Source Verified,credit_card,NY,37.0,0.0,670.0,674.0,1.0,54.4,15.0,Individual,5,High Risk,Manual Review
71062240,17000.0, 60 months,22.45,E,E5,1 year,RENT,50000.0,Verified,debt_consolidation,WA,32.55,0.0,680.0,684.0,0.0,43.5,35.0,Individual,5,High Risk,Manual Review
70972856,11550.0, 36 months,21.97,E,E4,,OWN,34000.0,Verified,credit_card,WI,37.66,1.0,670.0,674.0,0.0,78.3,22.0,Individual,6,High Risk,Manual Review
69503922,12400.0, 60 months,21.97,E,E4,1 year,RENT,31000.0,Verified,other,VA,31.82,1.0,670.0,674.0,0.0,52.3,24.0,Individual,6,High Risk,Manual Review
71066905,35000.0, 36 months,21.97,E,E4,2 years,RENT,175000.0,Not Verified,debt_consolidation,OR,38.49,0.0,695.0,699.0,0.0,84.9,15.0,Individual,6,High Risk,Manual Review
70563226,30000.0, 60 months,26.57,F,F5,2 years,MORTGAGE,104000.0,Verified,debt_consolidation,NV,45.72,0.0,670.0,674.0,0.0,90.3,24.0,Individual,6,High Risk,Manual Review
70982880,18350.0, 60 months,28.14,G,G2,7 years,OWN,67500.0,Verified,debt_consolidation,LA,40.52,0.0,665.0,669.0,3.0,45.9,39.0,Individual,5,High Risk,Manual Review
70591616,14100.0, 36 months,19.53,D,D5,< 1 year,MORTGAGE,75000.0,Not Verified,debt_consolidation,AL,36.13,1.0,680.0,684.0,0.0,90.9,37.0,Individual,5,High Risk,Manual Review
70172690,15000.0, 60 months,23.13,F,F1,10+ years,RENT,53000.0,Source Verified,debt_consolidation,CA,35.08,0.0,680.0,684.0,0.0,40.8,28.0,Individual,5,High Risk,Manual Review
70992499,35000.0, 60 months,26.57,F,F5,10+ years,MORTGAGE,112000.0,Source Verified,debt_consolidation,MA,44.88,0.0,680.0,684.0,0.0,75.6,66.0,Individual,5,High Risk,Manual Review
70791150,10225.0, 60 months,28.14,G,G2,10+ years,RENT,32000.0,Source Verified,small_business,CA,32.54,0.0,705.0,709.0,0.0,54.7,24.0,Individual,5,High Risk,Manual Review
71003037,13050.0, 60 months,24.11,F,F2,6 years,MORTGAGE,48000.0,Source Verified,credit_card,ME,37.75,0.0,695.0,699.0,1.0,69.9,53.0,Individual,5,High Risk,Manual Review
71052934,19075.0, 60 months,28.34,G,G3,1 year,MORTGAGE,50000.0,Verified,other,NM,33.01,0.0,715.0,719.0,1.0,30.6,31.0,Individual,5,High Risk,Manual Review
70992814,20000.0, 60 months,21.97,E,E4,8 years,MORTGAGE,60000.0,Verified,debt_consolidation,NY,33.0,0.0,675.0,679.0,1.0,89.6,42.0,Individual,6,High Risk,Manual Review
70823022,16000.0, 60 months,21.97,E,E4,5 years,MORTGAGE,54000.0,Not Verified,debt_consolidation,OH,34.02,0.0,670.0,674.0,3.0,87.2,36.0,Individual,6,High Risk,Manual Review
71022785,14400.0, 36 months,16.29,D,D1,4 years,RENT,40000.0,Verified,debt_consolidation,AL,33.3,1.0,665.0,669.0,0.0,90.5,12.0,Individual,5,High Risk,Manual Review
70872770,21500.0, 60 months,20.75,E,E2,1 year,RENT,43000.0,Not Verified,debt_consolidation,NY,30.78,0.0,710.0,714.0,0.0,43.7,23.0,Individual,5,High Risk,Manual Review
69565094,32000.0, 60 months,21.97,E,E4,10+ years,OWN,75000.0,Verified,debt_consolidation,CO,33.95,0.0,665.0,669.0,0.0,37.7,28.0,Individual,5,High Risk,Manual Review
70942843,12600.0, 60 months,19.99,E,E1,8 years,OWN,37770.0,Source Verified,credit_card,GA,31.1,1.0,660.0,664.0,0.0,34.6,12.0,Individual,6,High Risk,Manual Review
71061198,15400.0, 36 months,21.18,E,E3,2 years,RENT,35000.0,Source Verified,debt_consolidation,HI,35.6,0.0,680.0,684.0,0.0,91.1,12.0,Individual,6,High Risk,Manual Review
71063187,17525.0, 60 months,28.14,G,G2,2 years,RENT,54000.0,Source Verified,other,CA,25.6,1.0,665.0,669.0,0.0,82.1,17.0,Individual,5,High Risk,Manual Review
69993387,6500.0, 36 months,20.75,E,E2,2 years,RENT,28000.0,Source Verified,small_business,CA,32.45,0.0,715.0,719.0,0.0,81.9,4.0,Individual,6,High Risk,Manual Review
70992703,12000.0, 60 months,21.18,E,E3,10+ years,RENT,82600.0,Verified,credit_card,NY,33.15,0.0,675.0,679.0,1.0,99.2,28.0,Individual,6,High Risk,Manual Review
70272836,30000.0, 60 months,21.97,E,E4,2 years,MORTGAGE,75000.0,Verified,credit_card,TX,30.83,0.0,690.0,694.0,0.0,81.5,26.0,Individual,6,High Risk,Manual Review
70823009,23500.0, 60 months,24.99,F,F3,4 years,RENT,56000.0,Verified,credit_card,AZ,30.3,0.0,675.0,679.0,1.0,73.9,25.0,Individual,5,High Risk,Manual Review
70614695,9875.0, 36 months,19.99,E,E1,6 years,OWN,34000.0,Verified,debt_consolidation,OK,43.63,2.0,660.0,664.0,0.0,77.6,29.0,Individual,6,High Risk,Manual Review
70962516,33275.0, 60 months,23.13,F,F1,10+ years,MORTGAGE,75000.0,Source Verified,credit_card,MA,31.71,1.0,670.0,674.0,1.0,83.7,32.0,Individual,7,High Risk,Manual Review
70600733,10750.0, 60 months,24.11,F,F2,,MORTGAGE,36837.0,Verified,debt_consolidation,WA,30.92,0.0,695.0,699.0,1.0,59.0,18.0,Individual,5,High Risk,Manual Review
70882725,13625.0, 36 months,19.99,E,E1,10+ years,MORTGAGE,160000.0,Verified,credit_card,CA,40.98,3.0,700.0,704.0,0.0,78.5,31.0,Individual,6,High Risk,Manual Review
70082885,14525.0, 36 months,21.18,E,E3,,RENT,29099.16,Verified,debt_consolidation,LA,42.86,1.0,695.0,699.0,0.0,52.3,36.0,Individual,6,High Risk,Manual Review
70282507,16275.0, 60 months,19.99,E,E1,10+ years,MORTGAGE,82000.0,Verified,debt_consolidation,CA,36.89,0.0,670.0,674.0,3.0,53.0,31.0,Individual,5,High Risk,Manual Review
71021418,35000.0, 60 months,22.45,E,E5,2 years,MORTGAGE,83500.0,Verified,credit_card,MD,35.86,1.0,670.0,674.0,0.0,88.0,29.0,Individual,7,High Risk,Manual Review
71002563,15000.0, 36 months,19.99,E,E1,< 1 year,MORTGAGE,65000.0,Verified,debt_consolidation,NV,30.45,1.0,660.0,664.0,1.0,34.9,37.0,Individual,6,High Risk,Manual Review
70812486,12000.0, 36 months,21.97,E,E4,6 years,RENT,51000.0,Verified,debt_consolidation,NC,35.27,1.0,670.0,674.0,2.0,86.0,25.0,Individual,7,High Risk,Manual Review
70971726,14050.0, 60 months,23.13,F,F1,7 years,OWN,48760.44,Verified,debt_consolidation,OH,31.41,0.0,690.0,694.0,2.0,75.6,19.0,Individual,5,High Risk,Manual Review
71022577,4000.0, 36 months,19.99,E,E1,,MORTGAGE,12600.0,Verified,debt_consolidation,FL,35.52,0.0,660.0,664.0,2.0,36.4,13.0,Individual,5,High Risk,Manual Review
70902612,35000.0, 60 months,21.18,E,E3,< 1 year,MORTGAGE,115200.0,Verified,credit_card,IN,33.53,0.0,665.0,669.0,3.0,94.0,36.0,Individual,6,High Risk,Manual Review
70872258,21000.0, 60 months,24.11,F,F2,10+ years,RENT,84078.0,Verified,debt_consolidation,FL,38.1,0.0,675.0,679.0,1.0,76.0,26.0,Individual,5,High Risk,Manual Review
70982443,4400.0, 36 months,23.13,F,F1,5 years,RENT,28000.0,Verified,credit_card,CA,39.82,0.0,685.0,689.0,2.0,56.7,12.0,Individual,5,High Risk,Manual Review
70822555,24775.0, 60 months,23.13,F,F1,< 1 year,MORTGAGE,70000.0,Not Verified,debt_consolidation,MO,36.82,0.0,710.0,714.0,2.0,51.0,35.0,Individual,5,High Risk,Manual Review
70572741,9100.0, 36 months,21.18,E,E3,10+ years,RENT,37000.0,Source Verified,debt_consolidation,WV,48.36,0.0,695.0,699.0,0.0,73.4,36.0,Individual,5,High Risk,Manual Review
71065340,9650.0, 36 months,22.45,E,E5,,MORTGAGE,51500.0,Verified,debt_consolidation,TN,36.06,0.0,675.0,679.0,3.0,47.7,42.0,Individual,5,High Risk,Manual Review
70912632,3600.0, 36 months,21.18,E,E3,2 years,RENT,10000.0,Verified,debt_consolidation,LA,34.81,0.0,685.0,689.0,0.0,38.0,10.0,Individual,5,High Risk,Manual Review
70583145,25000.0, 60 months,23.13,F,F1,2 years,MORTGAGE,100000.0,Not Verified,debt_consolidation,PA,17.68,4.0,665.0,669.0,0.0,95.5,17.0,Individual,5,High Risk,Manual Review
71002279,16000.0, 60 months,24.11,F,F2,10+ years,MORTGAGE,65000.0,Source Verified,home_improvement,TX,30.19,0.0,680.0,684.0,1.0,45.6,36.0,Individual,5,High Risk,Manual Review
70912433,35000.0, 60 months,20.75,E,E2,10+ years,MORTGAGE,96000.0,Verified,debt_consolidation,NM,30.64,0.0,680.0,684.0,0.0,91.4,40.0,Individual,6,High Risk,Manual Review
70841620,12000.0, 60 months,19.99,E,E1,3 years,RENT,34000.0,Source Verified,debt_consolidation,SC,33.22,0.0,700.0,704.0,1.0,71.6,10.0,Individual,5,High Risk,Manual Review
70992438,16000.0, 60 months,21.18,E,E3,3 years,RENT,95000.0,Verified,debt_consolidation,CA,33.25,0.0,665.0,669.0,2.0,91.7,26.0,Individual,6,High Risk,Manual Review
70882420,30025.0, 60 months,21.18,E,E3,2 years,MORTGAGE,60079.2,Source Verified,debt_consolidation,TX,37.16,1.0,700.0,704.0,1.0,37.4,32.0,Individual,6,High Risk,Manual Review
71002318,14500.0, 36 months,19.99,E,E1,3 years,OWN,33000.0,Verified,debt_consolidation,IN,42.22,0.0,700.0,704.0,1.0,51.1,26.0,Individual,5,High Risk,Manual Review
70321744,15250.0, 60 months,26.57,F,F5,2 years,RENT,30500.0,Verified,debt_consolidation,TN,44.59,1.0,665.0,669.0,0.0,46.5,20.0,Individual,6,High Risk,Manual Review
70832253,17350.0, 60 months,25.88,F,F4,8 years,MORTGAGE,80000.0,Verified,home_improvement,TX,44.39,1.0,695.0,699.0,1.0,31.7,40.0,Individual,6,High Risk,Manual Review
70782990,12950.0, 60 months,26.57,F,F5,3 years,MORTGAGE,36000.0,Verified,debt_consolidation,OK,37.46,0.0,660.0,664.0,3.0,60.6,37.0,Individual,5,High Risk,Manual Review
70012264,6025.0, 36 months,19.99,E,E1,10+ years,RENT,44000.0,Verified,other,MA,47.93,0.0,680.0,684.0,0.0,51.6,22.0,Individual,5,High Risk,Manual Review
70371971,15200.0, 60 months,28.99,G,G5,3 years,RENT,80000.0,Verified,debt_consolidation,FL,42.38,0.0,665.0,669.0,1.0,46.6,29.0,Individual,5,High Risk,Manual Review
70902201,28000.0, 60 months,20.75,E,E2,6 years,MORTGAGE,100000.0,Not Verified,credit_card,NJ,34.78,0.0,670.0,674.0,4.0,26.5,98.0,Individual,5,High Risk,Manual Review
70862523,12050.0, 60 months,25.88,F,F4,2 years,MORTGAGE,52000.0,Source Verified,other,IL,32.38,1.0,675.0,679.0,0.0,71.9,35.0,Individual,6,High Risk,Manual Review
70862372,15000.0, 60 months,21.18,E,E3,10+ years,RENT,78000.0,Source Verified,other,CA,32.04,0.0,735.0,739.0,0.0,46.9,7.0,Individual,5,High Risk,Manual Review
70932204,7800.0, 36 months,19.99,E,E1,7 years,RENT,39450.0,Verified,debt_consolidation,CA,40.86,0.0,670.0,674.0,0.0,62.1,32.0,Individual,5,High Risk,Manual Review
70961869,14025.0, 60 months,20.75,E,E2,10+ years,OWN,39000.0,Verified,debt_consolidation,MT,30.95,0.0,675.0,679.0,2.0,68.2,28.0,Individual,5,High Risk,Manual Review
71022149,23100.0, 60 months,22.45,E,E5,5 years,RENT,52500.0,Source Verified,debt_consolidation,HI,34.7,0.0,695.0,699.0,0.0,67.8,13.0,Individual,5,High Risk,Manual Review
70892145,18700.0, 60 months,23.13,F,F1,2 years,RENT,55000.0,Verified,debt_consolidation,MI,33.71,0.0,670.0,674.0,1.0,43.5,44.0,Individual,5,High Risk,Manual Review
70891924,25000.0, 60 months,23.13,F,F1,10+ years,RENT,61000.0,Source Verified,debt_consolidation,CA,32.53,0.0,675.0,679.0,1.0,56.6,28.0,Individual,5,High Risk,Manual Review
71066040,7900.0, 36 months,19.99,E,E1,3 years,MORTGAGE,48000.0,Verified,credit_card,NC,33.58,0.0,695.0,699.0,1.0,42.6,33.0,Individual,5,High Risk,Manual Review
70982087,24000.0, 60 months,22.45,E,E5,10+ years,RENT,57200.0,Source Verified,credit_card,CA,33.51,0.0,670.0,674.0,0.0,94.9,34.0,Individual,6,High Risk,Manual Review
70751849,14800.0, 60 months,25.88,F,F4,9 years,RENT,50000.0,Verified,debt_consolidation,CA,32.24,0.0,665.0,669.0,1.0,48.2,38.0,Individual,5,High Risk,Manual Review
70892075,11500.0, 60 months,19.99,E,E1,10+ years,RENT,23000.0,Verified,car,IL,33.51,0.0,670.0,674.0,1.0,51.0,16.0,Individual,5,High Risk,Manual Review
69216531,17550.0, 36 months,21.18,E,E3,10+ years,MORTGAGE,46000.0,Verified,debt_consolidation,NY,33.89,1.0,680.0,684.0,2.0,72.8,25.0,Individual,6,High Risk,Manual Review
70991927,11125.0, 60 months,27.34,G,G1,10+ years,RENT,59800.0,Verified,debt_consolidation,LA,40.17,0.0,680.0,684.0,0.0,80.7,18.0,Individual,6,High Risk,Manual Review
70951857,13000.0, 60 months,24.11,F,F2,10+ years,RENT,50000.0,Not Verified,debt_consolidation,DE,34.6,0.0,685.0,689.0,0.0,73.2,14.0,Individual,5,High Risk,Manual Review
71012115,5575.0, 36 months,22.45,E,E5,3 years,MORTGAGE,28000.0,Source Verified,house,FL,33.48,0.0,680.0,684.0,3.0,42.3,22.0,Individual,5,High Risk,Manual Review
71077153,9000.0, 36 months,24.99,F,F3,8 years,MORTGAGE,45000.0,Source Verified,credit_card,KY,37.89,0.0,685.0,689.0,1.0,44.5,12.0,Individual,5,High Risk,Manual Review
71064114,16000.0, 60 months,21.18,E,E3,8 years,MORTGAGE,83000.0,Source Verified,debt_consolidation,TX,31.78,1.0,710.0,714.0,0.0,36.8,36.0,Individual,6,High Risk,Manual Review
70862147,24000.0, 60 months,21.18,E,E3,10+ years,MORTGAGE,66000.0,Verified,credit_card,IN,43.75,0.0,705.0,709.0,0.0,57.1,43.0,Individual,5,High Risk,Manual Review
70481957,14075.0, 60 months,23.13,F,F1,9 years,RENT,32000.0,Verified,debt_consolidation,NY,31.06,0.0,685.0,689.0,0.0,59.2,18.0,Individual,5,High Risk,Manual Review
71012123,16000.0, 60 months,24.11,F,F2,10+ years,OWN,53000.0,Verified,home_improvement,GA,30.14,0.0,665.0,669.0,0.0,65.0,27.0,Individual,5,High Risk,Manual Review
70951889,18900.0, 36 months,19.99,E,E1,8 years,RENT,45000.0,Verified,credit_card,IL,35.74,1.0,685.0,689.0,0.0,91.7,35.0,Individual,7,High Risk,Manual Review
70022956,17150.0, 36 months,26.57,F,F5,< 1 year,OWN,60000.0,Verified,debt_consolidation,NY,15.54,1.0,660.0,664.0,0.0,82.4,13.0,Individual,5,High Risk,Manual Review
70692408,16000.0, 60 months,19.99,E,E1,< 1 year,RENT,39000.0,Verified,credit_card,GA,44.49,0.0,695.0,699.0,1.0,35.7,23.0,Individual,5,High Risk,Manual Review
71032081,15100.0, 60 months,22.45,E,E5,1 year,OWN,40000.0,Source Verified,debt_consolidation,NJ,31.2,0.0,660.0,664.0,1.0,50.7,29.0,Individual,5,High Risk,Manual Review
69699419,23500.0, 36 months,19.99,E,E1,7 years,MORTGAGE,47000.0,Source Verified,home_improvement,WA,34.7,2.0,660.0,664.0,0.0,52.6,32.0,Individual,6,High Risk,Manual Review
70941907,16000.0, 60 months,24.11,F,F2,1 year,RENT,59396.0,Verified,credit_card,AR,40.67,0.0,670.0,674.0,4.0,80.5,34.0,Individual,6,High Risk,Manual Review
70811807,12800.0, 60 months,21.18,E,E3,10+ years,MORTGAGE,61000.0,Verified,debt_consolidation,VA,27.15,1.0,665.0,669.0,0.0,81.1,41.0,Individual,5,High Risk,Manual Review
70851624,17400.0, 60 months,23.13,F,F1,10+ years,MORTGAGE,60000.0,Verified,debt_consolidation,OH,30.98,1.0,700.0,704.0,1.0,57.0,33.0,Individual,6,High Risk,Manual Review
70841907,16325.0, 60 months,21.97,E,E4,10+ years,MORTGAGE,65000.0,Source Verified,debt_consolidation,MI,31.17,0.0,700.0,704.0,0.0,63.1,17.0,Individual,5,High Risk,Manual Review
71065687,27275.0, 60 months,26.57,F,F5,10+ years,MORTGAGE,62000.0,Verified,debt_consolidation,AR,33.84,0.0,690.0,694.0,0.0,69.1,28.0,Individual,5,High Risk,Manual Review
70741147,28000.0, 36 months,21.18,E,E3,2 years,RENT,82000.0,Not Verified,debt_consolidation,TN,37.76,0.0,700.0,704.0,2.0,39.9,47.0,Individual,5,High Risk,Manual Review
69968795,14825.0, 60 months,25.88,F,F4,5 years,MORTGAGE,46000.0,Verified,credit_card,CA,34.88,0.0,685.0,689.0,3.0,73.8,28.0,Individual,5,High Risk,Manual Review
69923213,27000.0, 60 months,18.25,D,D3,< 1 year,OWN,60000.0,Not Verified,credit_card,WI,31.62,1.0,670.0,674.0,0.0,92.5,23.0,Individual,5,High Risk,Manual Review
70971697,8900.0, 36 months,22.45,E,E5,10+ years,MORTGAGE,33000.0,Verified,debt_consolidation,GA,44.73,2.0,660.0,664.0,1.0,89.1,17.0,Individual,7,High Risk,Manual Review
70971744,2500.0, 36 months,19.99,E,E1,10+ years,OWN,36000.0,Verified,other,CO,30.37,0.0,690.0,694.0,1.0,29.7,13.0,Individual,5,High Risk,Manual Review
71051550,16200.0, 60 months,28.99,G,G5,3 years,RENT,45000.0,Source Verified,other,OH,35.25,0.0,660.0,664.0,1.0,53.9,22.0,Individual,5,High Risk,Manual Review
70891764,6000.0, 36 months,21.97,E,E4,1 year,RENT,12000.0,Verified,debt_consolidation,KY,45.6,0.0,660.0,664.0,0.0,79.2,17.0,Individual,5,High Risk,Manual Review
70272482,15000.0, 60 months,17.27,D,D2,10+ years,MORTGAGE,42000.0,Not Verified,credit_card,TX,35.14,1.0,665.0,669.0,0.0,90.9,39.0,Individual,5,High Risk,Manual Review
71051783,14000.0, 60 months,24.11,F,F2,8 years,RENT,70000.0,Verified,debt_consolidation,CA,35.56,0.0,705.0,709.0,0.0,75.9,15.0,Individual,5,High Risk,Manual Review
70811719,16000.0, 60 months,20.75,E,E2,10+ years,RENT,53000.0,Verified,debt_consolidation,HI,45.02,0.0,700.0,704.0,0.0,70.2,19.0,Individual,5,High Risk,Manual Review
70831311,21000.0, 60 months,21.18,E,E3,10+ years,MORTGAGE,90000.0,Verified,debt_consolidation,PA,34.07,0.0,690.0,694.0,1.0,83.4,50.0,Individual,6,High Risk,Manual Review
70871854,24000.0, 60 months,19.99,E,E1,8 years,RENT,68000.0,Verified,credit_card,GA,49.19,3.0,670.0,674.0,1.0,36.4,38.0,Individual,6,High Risk,Manual Review
71051689,10000.0, 60 months,26.57,F,F5,,MORTGAGE,52236.0,Verified,other,NM,39.07,0.0,660.0,664.0,1.0,59.6,39.0,Individual,5,High Risk,Manual Review
70961742,4375.0, 36 months,20.75,E,E2,4 years,RENT,30000.0,Verified,other,PA,35.64,1.0,660.0,664.0,1.0,29.2,11.0,Individual,6,High Risk,Manual Review
70351548,19800.0, 36 months,19.99,E,E1,4 years,MORTGAGE,64000.0,Source Verified,credit_card,NJ,13.39,3.0,665.0,669.0,0.0,98.0,15.0,Individual,5,High Risk,Manual Review
71001826,10000.0, 36 months,20.75,E,E2,10+ years,MORTGAGE,68746.0,Not Verified,debt_consolidation,OH,41.58,0.0,720.0,724.0,0.0,51.3,49.0,Individual,5,High Risk,Manual Review
70921699,32000.0, 60 months,22.45,E,E5,9 years,MORTGAGE,105000.0,Verified,debt_consolidation,FL,36.34,0.0,685.0,689.0,0.0,55.1,29.0,Individual,5,High Risk,Manual Review
70620229,18975.0, 60 months,21.97,E,E4,10+ years,MORTGAGE,47300.0,Source Verified,debt_consolidation,TN,33.49,0.0,680.0,684.0,2.0,68.8,31.0,Individual,5,High Risk,Manual Review
70548151,35000.0, 60 months,19.99,E,E1,10+ years,MORTGAGE,60000.0,Verified,other,WA,30.5,0.0,730.0,734.0,1.0,38.0,25.0,Joint App,5,High Risk,Manual Review
70841714,14725.0, 60 months,20.75,E,E2,< 1 year,OWN,33500.0,Source Verified,debt_consolidation,NM,31.82,0.0,680.0,684.0,0.0,5.9,42.0,Individual,5,High Risk,Manual Review
70831698,14075.0, 60 months,24.99,F,F3,< 1 year,OWN,32000.0,Verified,debt_consolidation,TX,47.94,0.0,680.0,684.0,0.0,73.0,21.0,Individual,5,High Risk,Manual Review
71021698,25000.0, 60 months,21.18,E,E3,2 years,RENT,72000.0,Verified,debt_consolidation,ME,25.48,1.0,680.0,684.0,0.0,96.8,29.0,Individual,5,High Risk,Manual Review
70891863,33600.0, 60 months,24.11,F,F2,< 1 year,RENT,80000.0,Source Verified,debt_consolidation,OH,32.07,0.0,685.0,689.0,3.0,47.8,27.0,Individual,5,High Risk,Manual Review
70272470,27000.0, 60 months,19.99,E,E1,9 years,MORTGAGE,74008.0,Source Verified,credit_card,IN,31.44,0.0,690.0,694.0,1.0,48.0,35.0,Individual,5,High Risk,Manual Review
70583056,18000.0, 36 months,22.45,E,E5,1 year,RENT,49000.0,Verified,debt_consolidation,CO,43.25,0.0,685.0,689.0,0.0,72.0,19.0,Individual,5,High Risk,Manual Review
70851677,27450.0, 60 months,21.97,E,E4,10+ years,MORTGAGE,120000.0,Source Verified,debt_consolidation,OK,32.31,2.0,665.0,669.0,0.0,94.6,55.0,Individual,7,High Risk,Manual Review
71001759,7600.0, 36 months,24.11,F,F2,3 years,RENT,20000.0,Verified,credit_card,MI,43.62,0.0,675.0,679.0,1.0,42.9,10.0,Individual,5,High Risk,Manual Review
70461997,13300.0, 60 months,21.18,E,E3,1 year,MORTGAGE,50000.0,Source Verified,major_purchase,TX,35.05,0.0,690.0,694.0,0.0,18.6,60.0,Individual,5,High Risk,Manual Review
70991652,28000.0, 60 months,20.75,E,E2,10+ years,MORTGAGE,85000.0,Source Verified,debt_consolidation,WA,33.59,0.0,710.0,714.0,1.0,79.0,22.0,Individual,5,High Risk,Manual Review
71031629,20375.0, 60 months,23.13,F,F1,10+ years,MORTGAGE,105000.0,Not Verified,debt_consolidation,CA,31.31,0.0,690.0,694.0,0.0,52.5,48.0,Individual,5,High Risk,Manual Review
70971533,7650.0, 36 months,20.75,E,E2,10+ years,MORTGAGE,75000.0,Verified,debt_consolidation,CA,32.96,1.0,665.0,669.0,0.0,65.0,26.0,Individual,6,High Risk,Manual Review
70673316,19125.0, 60 months,26.57,F,F5,10+ years,MORTGAGE,58000.0,Source Verified,debt_consolidation,VA,34.93,0.0,670.0,674.0,0.0,66.7,38.0,Individual,5,High Risk,Manual Review
70861697,4525.0, 36 months,19.99,E,E1,,RENT,13342.8,Verified,debt_consolidation,MN,39.96,0.0,700.0,704.0,1.0,44.9,23.0,Individual,5,High Risk,Manual Review
70282242,25000.0, 60 months,19.99,E,E1,10+ years,RENT,85000.0,Source Verified,debt_consolidation,MS,33.15,0.0,660.0,664.0,2.0,83.6,24.0,Individual,6,High Risk,Manual Review
69296687,7600.0, 36 months,21.97,E,E4,3 years,RENT,40000.0,Source Verified,debt_consolidation,CO,8.22,1.0,690.0,694.0,2.0,97.7,14.0,Individual,5,High Risk,Manual Review
71001648,9250.0, 36 months,21.97,E,E4,,OWN,52000.0,Verified,debt_consolidation,AR,40.73,0.0,660.0,664.0,1.0,68.4,14.0,Individual,5,High Risk,Manual Review
70553452,6000.0, 36 months,20.75,E,E2,3 years,RENT,44500.0,Not Verified,debt_consolidation,NY,48.06,0.0,685.0,689.0,2.0,51.9,65.0,Individual,5,High Risk,Manual Review
70891535,30000.0, 60 months,24.11,F,F2,10+ years,MORTGAGE,98000.0,Source Verified,debt_consolidation,NY,34.04,0.0,680.0,684.0,1.0,50.4,92.0,Individual,5,High Risk,Manual Review
70282286,8000.0, 36 months,25.88,F,F4,2 years,RENT,25000.0,Verified,credit_card,CA,30.82,0.0,670.0,674.0,1.0,68.4,7.0,Individual,5,High Risk,Manual Review
70931621,14400.0, 60 months,21.97,E,E4,5 years,MORTGAGE,54000.0,Source Verified,other,NC,33.91,1.0,700.0,704.0,0.0,32.0,34.0,Individual,6,High Risk,Manual Review
69523199,10075.0, 60 months,25.88,F,F4,< 1 year,RENT,28000.0,Source Verified,debt_consolidation,IL,36.86,0.0,660.0,664.0,0.0,57.6,34.0,Individual,5,High Risk,Manual Review
70851487,13200.0, 60 months,21.18,E,E3,< 1 year,OWN,52000.0,Verified,credit_card,NC,39.39,0.0,705.0,709.0,0.0,38.8,48.0,Individual,5,High Risk,Manual Review
70911602,35000.0, 60 months,20.75,E,E2,10+ years,MORTGAGE,250000.0,Verified,debt_consolidation,MD,33.49,0.0,675.0,679.0,0.0,75.4,46.0,Individual,5,High Risk,Manual Review
71031508,24000.0, 60 months,21.18,E,E3,3 years,OWN,63200.0,Verified,debt_consolidation,MD,39.29,0.0,685.0,689.0,1.0,37.0,35.0,Individual,5,High Risk,Manual Review
70591852,14875.0, 36 months,21.97,E,E4,< 1 year,OWN,40000.0,Not Verified,debt_consolidation,TX,21.0,1.0,675.0,679.0,0.0,92.0,15.0,Individual,5,High Risk,Manual Review
70752625,25000.0, 36 months,19.99,E,E1,10+ years,RENT,79000.0,Verified,other,TX,31.76,0.0,700.0,704.0,1.0,47.1,33.0,Individual,5,High Risk,Manual Review
71031223,11000.0, 60 months,19.99,E,E1,< 1 year,MORTGAGE,36000.0,Verified,debt_consolidation,SC,47.8,1.0,670.0,674.0,0.0,47.2,27.0,Individual,6,High Risk,Manual Review
71041267,18700.0, 60 months,28.14,G,G2,10+ years,MORTGAGE,72000.0,Verified,debt_consolidation,TX,37.47,0.0,680.0,684.0,0.0,80.4,30.0,Individual,6,High Risk,Manual Review
70961250,15600.0, 36 months,21.18,E,E3,2 years,MORTGAGE,32000.0,Verified,debt_consolidation,TN,29.03,1.0,665.0,669.0,1.0,96.5,22.0,Individual,5,High Risk,Manual Review
69762713,17000.0, 60 months,19.99,E,E1,5 years,MORTGAGE,55000.0,Source Verified,debt_consolidation,PA,32.05,8.0,710.0,714.0,1.0,73.1,38.0,Individual,6,High Risk,Manual Review
70901301,35000.0, 60 months,23.13,F,F1,3 years,MORTGAGE,92000.0,Verified,debt_consolidation,SC,39.68,0.0,660.0,664.0,0.0,83.7,51.0,Individual,6,High Risk,Manual Review
69991144,11600.0, 60 months,25.88,F,F4,4 years,RENT,41500.0,Not Verified,debt_consolidation,KS,32.5,0.0,660.0,664.0,2.0,60.2,22.0,Individual,5,High Risk,Manual Review
70901238,10000.0, 60 months,21.97,E,E4,10+ years,MORTGAGE,53000.0,Verified,credit_card,WA,39.09,0.0,675.0,679.0,0.0,81.5,25.0,Individual,6,High Risk,Manual Review
70713134,17525.0, 36 months,21.18,E,E3,4 years,MORTGAGE,80000.0,Not Verified,debt_consolidation,NJ,36.13,0.0,675.0,679.0,1.0,54.1,33.0,Individual,5,High Risk,Manual Review
70871349,11450.0, 60 months,22.45,E,E5,10+ years,RENT,55000.0,Source Verified,debt_consolidation,CA,21.73,1.0,660.0,664.0,0.0,82.5,10.0,Individual,5,High Risk,Manual Review
70971380,26200.0, 60 months,21.97,E,E4,5 years,RENT,72800.0,Verified,renewable_energy,NY,34.56,0.0,695.0,699.0,4.0,25.1,47.0,Individual,5,High Risk,Manual Review
70093115,13950.0, 60 months,24.11,F,F2,10+ years,MORTGAGE,55000.0,Verified,debt_consolidation,GA,44.29,0.0,700.0,704.0,1.0,70.9,29.0,Individual,5,High Risk,Manual Review
70621891,27825.0, 60 months,28.67,G,G4,10+ years,MORTGAGE,80000.0,Verified,debt_consolidation,GA,40.3,0.0,675.0,679.0,1.0,79.6,38.0,Individual,5,High Risk,Manual Review
70821362,4800.0, 36 months,20.75,E,E2,8 years,MORTGAGE,75000.0,Verified,medical,AK,37.17,0.0,670.0,674.0,2.0,80.0,25.0,Individual,5,High Risk,Manual Review
68944952,35000.0, 60 months,22.45,E,E5,< 1 year,RENT,71435.0,Source Verified,debt_consolidation,CA,32.45,0.0,700.0,704.0,1.0,72.5,20.0,Individual,5,High Risk,Manual Review
70871384,24000.0, 60 months,22.45,E,E5,,RENT,65000.0,Verified,debt_consolidation,CA,35.85,0.0,660.0,664.0,0.0,42.4,11.0,Individual,5,High Risk,Manual Review
70971141,24000.0, 60 months,26.57,F,F5,9 years,OWN,90000.0,Source Verified,credit_card,MO,35.28,0.0,690.0,694.0,3.0,71.8,40.0,Individual,5,High Risk,Manual Review
70152236,12000.0, 60 months,24.11,F,F2,< 1 year,RENT,40000.0,Verified,debt_consolidation,CA,33.54,0.0,660.0,664.0,1.0,67.6,8.0,Individual,5,High Risk,Manual Review
71051131,9000.0, 36 months,21.97,E,E4,3 years,RENT,37000.0,Verified,debt_consolidation,MD,40.55,0.0,665.0,669.0,0.0,99.2,16.0,Individual,6,High Risk,Manual Review
70861176,13000.0, 60 months,21.18,E,E3,10+ years,RENT,48200.0,Verified,debt_consolidation,NC,33.12,0.0,665.0,669.0,2.0,76.2,23.0,Individual,5,High Risk,Manual Review
70752452,24000.0, 60 months,23.13,F,F1,6 years,RENT,95704.0,Verified,debt_consolidation,AZ,37.2,0.0,680.0,684.0,0.0,54.3,16.0,Individual,5,High Risk,Manual Review
70763356,14625.0, 36 months,24.11,F,F2,,MORTGAGE,40680.0,Verified,debt_consolidation,PA,42.24,1.0,660.0,664.0,0.0,55.7,25.0,Individual,6,High Risk,Manual Review
70671929,20000.0, 60 months,24.99,F,F3,8 years,RENT,45500.0,Verified,debt_consolidation,NY,41.66,0.0,705.0,709.0,0.0,61.2,30.0,Individual,5,High Risk,Manual Review
70673693,15225.0, 60 months,24.99,F,F3,10+ years,MORTGAGE,32122.17,Verified,debt_consolidation,CA,39.16,0.0,675.0,679.0,0.0,76.9,12.0,Individual,5,High Risk,Manual Review
70602299,10000.0, 60 months,21.18,E,E3,6 years,MORTGAGE,35000.0,Source Verified,other,VA,36.8,0.0,670.0,674.0,0.0,44.3,48.0,Individual,5,High Risk,Manual Review
70802438,10000.0, 36 months,18.99,D,D4,,MORTGAGE,84500.0,Verified,credit_card,MO,41.1,1.0,660.0,664.0,1.0,85.0,30.0,Individual,5,High Risk,Manual Review
70032026,5300.0, 36 months,21.18,E,E3,10+ years,OWN,38000.0,Source Verified,debt_consolidation,FL,33.32,1.0,660.0,664.0,1.0,38.5,17.0,Individual,6,High Risk,Manual Review
70593082,26500.0, 60 months,28.67,G,G4,10+ years,MORTGAGE,78000.0,Source Verified,small_business,AZ,34.17,0.0,680.0,684.0,2.0,38.2,25.0,Individual,5,High Risk,Manual Review
70764368,19200.0, 60 months,21.18,E,E3,6 years,RENT,47088.0,Verified,debt_consolidation,CA,33.97,0.0,680.0,684.0,0.0,63.7,32.0,Individual,5,High Risk,Manual Review
70602969,14600.0, 60 months,20.75,E,E2,10+ years,MORTGAGE,72000.0,Not Verified,debt_consolidation,NC,32.78,0.0,665.0,669.0,0.0,39.7,33.0,Individual,5,High Risk,Manual Review
70742991,35000.0, 60 months,19.99,E,E1,8 years,RENT,99000.0,Source Verified,credit_card,CA,21.38,1.0,665.0,669.0,0.0,83.3,22.0,Individual,5,High Risk,Manual Review
70563057,30375.0, 60 months,19.99,E,E1,9 years,RENT,89000.0,Verified,debt_consolidation,FL,10.19,1.0,660.0,664.0,0.0,96.5,14.0,Individual,5,High Risk,Manual Review
70620531,13500.0, 60 months,24.99,F,F3,< 1 year,MORTGAGE,45000.0,Verified,debt_consolidation,NH,31.52,0.0,700.0,704.0,1.0,93.3,11.0,Individual,6,High Risk,Manual Review
70722622,20350.0, 60 months,20.75,E,E2,3 years,RENT,48500.0,Source Verified,debt_consolidation,CA,38.75,0.0,675.0,679.0,1.0,90.9,17.0,Individual,6,High Risk,Manual Review
70563059,26500.0, 60 months,23.13,F,F1,10+ years,MORTGAGE,74568.0,Verified,debt_consolidation,CA,33.36,0.0,705.0,709.0,1.0,66.5,24.0,Individual,5,High Risk,Manual Review
70614387,18000.0, 60 months,21.18,E,E3,< 1 year,RENT,50000.0,Verified,debt_consolidation,PA,34.56,0.0,695.0,699.0,0.0,93.0,31.0,Individual,6,High Risk,Manual Review
70733082,18000.0, 60 months,21.18,E,E3,8 years,RENT,50000.0,Source Verified,debt_consolidation,PA,31.2,0.0,735.0,739.0,2.0,40.5,23.0,Individual,5,High Risk,Manual Review
70553699,12650.0, 36 months,21.97,E,E4,10+ years,MORTGAGE,50000.0,Verified,home_improvement,PA,35.09,0.0,665.0,669.0,0.0,88.8,22.0,Individual,6,High Risk,Manual Review
70272155,10000.0, 36 months,17.27,D,D2,3 years,RENT,46000.0,Verified,debt_consolidation,VA,39.24,1.0,675.0,679.0,0.0,81.0,14.0,Individual,5,High Risk,Manual Review
70743033,28000.0, 60 months,21.97,E,E4,,OWN,58800.0,Verified,credit_card,NV,31.95,1.0,675.0,679.0,3.0,48.8,34.0,Individual,6,High Risk,Manual Review
70722894,16000.0, 60 months,24.99,F,F3,10+ years,MORTGAGE,68000.0,Verified,home_improvement,IN,30.67,0.0,685.0,689.0,0.0,55.5,37.0,Individual,5,High Risk,Manual Review
70763901,35000.0, 60 months,23.13,F,F1,5 years,RENT,150000.0,Verified,major_purchase,GA,30.37,0.0,745.0,749.0,0.0,1.4,19.0,Individual,5,High Risk,Manual Review
70722835,28000.0, 60 months,23.13,F,F1,5 years,MORTGAGE,150000.0,Verified,debt_consolidation,TX,45.06,1.0,725.0,729.0,0.0,56.5,19.0,Individual,6,High Risk,Manual Review
70652686,14750.0, 60 months,25.88,F,F4,10+ years,RENT,41000.0,Source Verified,debt_consolidation,TX,38.29,0.0,665.0,669.0,0.0,99.3,10.0,Individual,6,High Risk,Manual Review
70622765,4000.0, 36 months,21.18,E,E3,< 1 year,MORTGAGE,55000.0,Verified,moving,FL,35.41,2.0,660.0,664.0,1.0,61.6,34.0,Individual,6,High Risk,Manual Review
70693742,19975.0, 60 months,25.88,F,F4,10+ years,MORTGAGE,67000.0,Verified,debt_consolidation,AR,39.3,0.0,690.0,694.0,0.0,90.5,22.0,Individual,6,High Risk,Manual Review
70773331,2700.0, 36 months,19.99,E,E1,10+ years,RENT,43472.0,Verified,debt_consolidation,TX,30.56,0.0,660.0,664.0,1.0,71.0,20.0,Individual,5,High Risk,Manual Review
70553601,10200.0, 60 months,20.75,E,E2,10+ years,MORTGAGE,95000.0,Not Verified,debt_consolidation,MD,36.78,1.0,665.0,669.0,1.0,64.8,59.0,Individual,6,High Risk,Manual Review
69583789,1825.0, 36 months,28.67,G,G4,,RENT,30500.0,Verified,home_improvement,NY,35.18,0.0,685.0,689.0,0.0,76.8,15.0,Individual,5,High Risk,Manual Review
70562944,4725.0, 36 months,24.99,F,F3,,MORTGAGE,39864.0,Verified,debt_consolidation,AZ,44.1,0.0,705.0,709.0,0.0,58.3,35.0,Individual,5,High Risk,Manual Review
70673618,9025.0, 36 months,25.88,F,F4,,MORTGAGE,50000.0,Verified,credit_card,OH,39.61,0.0,675.0,679.0,1.0,56.8,23.0,Individual,5,High Risk,Manual Review
70622818,20475.0, 60 months,19.99,E,E1,2 years,MORTGAGE,78000.0,Source Verified,debt_consolidation,NC,37.83,0.0,675.0,679.0,0.0,64.1,39.0,Individual,5,High Risk,Manual Review
70620494,12000.0, 60 months,28.14,G,G2,10+ years,MORTGAGE,95000.0,Source Verified,other,AL,31.13,0.0,670.0,674.0,1.0,63.4,25.0,Individual,5,High Risk,Manual Review
70702879,33350.0, 60 months,21.97,E,E4,10+ years,OWN,72500.0,Verified,debt_consolidation,SC,44.17,0.0,670.0,674.0,0.0,97.6,22.0,Individual,6,High Risk,Manual Review
70702970,11900.0, 60 months,26.57,F,F5,2 years,MORTGAGE,34000.0,Verified,small_business,PA,34.59,0.0,665.0,669.0,3.0,50.0,33.0,Individual,5,High Risk,Manual Review
70563018,20000.0, 60 months,21.97,E,E4,10+ years,RENT,86000.0,Source Verified,debt_consolidation,NH,38.54,0.0,695.0,699.0,0.0,90.4,33.0,Individual,6,High Risk,Manual Review
70583034,18125.0, 36 months,21.97,E,E4,10+ years,MORTGAGE,45000.0,Source Verified,home_improvement,VA,36.93,0.0,705.0,709.0,2.0,47.5,18.0,Individual,5,High Risk,Manual Review
70281979,32000.0, 60 months,21.97,E,E4,10+ years,MORTGAGE,189000.0,Source Verified,home_improvement,FL,32.4,0.0,695.0,699.0,2.0,88.0,52.0,Individual,6,High Risk,Manual Review
70652706,10075.0, 60 months,23.13,F,F1,2 years,RENT,35000.0,Verified,debt_consolidation,MN,32.65,0.0,675.0,679.0,0.0,38.9,16.0,Individual,5,High Risk,Manual Review
70702230,23100.0, 60 months,21.97,E,E4,10+ years,OWN,55000.0,Source Verified,debt_consolidation,TX,33.19,0.0,675.0,679.0,0.0,67.4,41.0,Individual,5,High Risk,Manual Review
70732711,20525.0, 60 months,21.97,E,E4,7 years,RENT,58342.18,Not Verified,debt_consolidation,HI,22.83,1.0,660.0,664.0,0.0,80.8,10.0,Individual,5,High Risk,Manual Review
70592700,15200.0, 60 months,19.99,E,E1,5 years,MORTGAGE,42000.0,Source Verified,debt_consolidation,KY,37.12,0.0,685.0,689.0,0.0,38.0,43.0,Individual,5,High Risk,Manual Review
70591659,35000.0, 60 months,21.97,E,E4,5 years,MORTGAGE,96512.68,Verified,home_improvement,OR,17.35,1.0,680.0,684.0,0.0,90.5,23.0,Individual,5,High Risk,Manual Review
70661932,25000.0, 60 months,24.99,F,F3,10+ years,RENT,79331.2,Verified,major_purchase,TX,22.66,2.0,660.0,664.0,1.0,80.2,22.0,Individual,5,High Risk,Manual Review
70693481,19200.0, 60 months,22.45,E,E5,< 1 year,RENT,48000.0,Source Verified,debt_consolidation,TX,35.93,1.0,660.0,664.0,1.0,34.6,41.0,Individual,6,High Risk,Manual Review
70701159,10350.0, 36 months,19.99,E,E1,,MORTGAGE,30512.52,Verified,debt_consolidation,NC,32.97,1.0,690.0,694.0,0.0,49.7,36.0,Individual,6,High Risk,Manual Review
70782576,16800.0, 60 months,25.88,F,F4,8 years,RENT,40000.0,Verified,debt_consolidation,NY,45.0,0.0,675.0,679.0,0.0,40.5,37.0,Individual,5,High Risk,Manual Review
70742529,35000.0, 60 months,21.97,E,E4,10+ years,MORTGAGE,110000.0,Source Verified,debt_consolidation,MD,28.4,3.0,665.0,669.0,0.0,101.0,32.0,Individual,5,High Risk,Manual Review
70092692,30800.0, 60 months,20.75,E,E2,10+ years,OWN,70000.0,Source Verified,debt_consolidation,OK,30.53,0.0,705.0,709.0,1.0,70.8,32.0,Individual,5,High Risk,Manual Review
69679048,18000.0, 60 months,20.75,E,E2,< 1 year,RENT,55000.0,Source Verified,debt_consolidation,NJ,24.06,1.0,660.0,664.0,1.0,83.5,18.0,Individual,5,High Risk,Manual Review
70763405,10050.0, 36 months,21.97,E,E4,9 years,MORTGAGE,28600.0,Verified,debt_consolidation,AL,42.64,0.0,680.0,684.0,1.0,66.9,29.0,Individual,5,High Risk,Manual Review
70763617,35000.0, 36 months,21.18,E,E3,10+ years,MORTGAGE,87000.0,Source Verified,credit_card,CA,35.94,0.0,665.0,669.0,1.0,25.2,38.0,Individual,5,High Risk,Manual Review
70260773,9275.0, 36 months,23.13,F,F1,3 years,RENT,29000.0,Verified,other,FL,39.9,0.0,700.0,704.0,0.0,62.2,9.0,Individual,5,High Risk,Manual Review
70801824,15000.0, 36 months,20.75,E,E2,6 years,RENT,45000.0,Verified,debt_consolidation,MD,32.72,0.0,665.0,669.0,0.0,29.0,11.0,Individual,5,High Risk,Manual Review
70693159,12000.0, 36 months,24.11,F,F2,3 years,OWN,40000.0,Source Verified,debt_consolidation,GA,34.68,0.0,690.0,694.0,0.0,60.9,12.0,Individual,5,High Risk,Manual Review
70712380,26600.0, 36 months,24.99,F,F3,10+ years,MORTGAGE,70000.0,Verified,debt_consolidation,IL,34.03,0.0,680.0,684.0,1.0,53.1,35.0,Individual,5,High Risk,Manual Review
70801729,6300.0, 36 months,22.45,E,E5,10+ years,MORTGAGE,78000.0,Verified,debt_consolidation,TX,37.48,0.0,695.0,699.0,2.0,91.0,39.0,Individual,6,High Risk,Manual Review
70782351,12000.0, 60 months,25.88,F,F4,10+ years,RENT,60000.0,Verified,debt_consolidation,NY,33.82,0.0,720.0,724.0,1.0,82.0,30.0,Individual,6,High Risk,Manual Review
70773066,25000.0, 60 months,24.11,F,F2,10+ years,MORTGAGE,140000.0,Source Verified,debt_consolidation,ME,18.44,1.0,675.0,679.0,3.0,86.7,17.0,Individual,5,High Risk,Manual Review
70011913,24975.0, 60 months,19.99,E,E1,2 years,RENT,59500.0,Source Verified,credit_card,KS,36.47,2.0,665.0,669.0,1.0,62.7,41.0,Individual,6,High Risk,Manual Review
70602609,8625.0, 36 months,20.75,E,E2,< 1 year,RENT,28800.0,Verified,debt_consolidation,CA,36.13,0.0,665.0,669.0,0.0,56.3,22.0,Individual,5,High Risk,Manual Review
70582586,7000.0, 36 months,24.99,F,F3,5 years,OWN,22000.0,Not Verified,debt_consolidation,OH,35.41,0.0,660.0,664.0,0.0,25.6,19.0,Individual,5,High Risk,Manual Review
70722457,13800.0, 36 months,19.99,E,E1,3 years,OWN,27600.0,Source Verified,credit_card,NJ,36.09,0.0,675.0,679.0,0.0,60.7,12.0,Individual,5,High Risk,Manual Review
70562366,20000.0, 60 months,24.11,F,F2,10+ years,MORTGAGE,51000.0,Verified,credit_card,IN,44.35,0.0,660.0,664.0,1.0,67.1,24.0,Individual,5,High Risk,Manual Review
70652403,35000.0, 60 months,19.99,E,E1,10+ years,MORTGAGE,83000.0,Verified,credit_card,GA,30.32,0.0,675.0,679.0,0.0,96.1,39.0,Individual,6,High Risk,Manual Review
70011805,27925.0, 60 months,21.97,E,E4,2 years,MORTGAGE,79960.0,Verified,debt_consolidation,GA,35.22,0.0,690.0,694.0,1.0,37.0,83.0,Individual,5,High Risk,Manual Review
70722574,11850.0, 60 months,25.88,F,F4,9 years,RENT,45000.0,Source Verified,debt_consolidation,FL,32.67,1.0,660.0,664.0,0.0,33.2,18.0,Individual,6,High Risk,Manual Review
70571045,20000.0, 60 months,23.13,F,F1,10+ years,MORTGAGE,87000.0,Source Verified,debt_consolidation,RI,7.52,1.0,665.0,669.0,0.0,86.8,27.0,Individual,5,High Risk,Manual Review
70602565,10800.0, 36 months,19.99,E,E1,< 1 year,RENT,30000.0,Verified,debt_consolidation,FL,24.52,8.0,660.0,664.0,2.0,86.5,30.0,Individual,5,High Risk,Manual Review
69523815,35000.0, 60 months,22.45,E,E5,4 years,RENT,117000.0,Verified,debt_consolidation,WI,31.89,0.0,735.0,739.0,0.0,92.5,24.0,Individual,6,High Risk,Manual Review
70642460,26225.0, 36 months,22.45,E,E5,4 years,MORTGAGE,75000.0,Verified,debt_consolidation,FL,37.76,0.0,675.0,679.0,4.0,76.0,25.0,Individual,5,High Risk,Manual Review
70782305,6000.0, 36 months,21.97,E,E4,6 years,RENT,23000.0,Verified,small_business,CA,39.33,1.0,665.0,669.0,2.0,71.4,21.0,Individual,6,High Risk,Manual Review
70632568,17100.0, 36 months,20.75,E,E2,,RENT,47500.0,Verified,other,VA,40.22,0.0,675.0,679.0,0.0,60.6,21.0,Individual,5,High Risk,Manual Review
68675455,10000.0, 36 months,21.18,E,E3,,RENT,20000.0,Verified,debt_consolidation,SD,36.49,0.0,670.0,674.0,1.0,81.2,9.0,Individual,6,High Risk,Manual Review
70572329,18425.0, 60 months,27.34,G,G1,10+ years,MORTGAGE,70000.0,Source Verified,other,AZ,38.01,0.0,660.0,664.0,0.0,79.1,40.0,Individual,5,High Risk,Manual Review
70582374,20700.0, 60 months,22.45,E,E5,8 years,RENT,45000.0,Source Verified,credit_card,SC,32.8,0.0,660.0,664.0,1.0,43.4,70.0,Individual,5,High Risk,Manual Review
70652204,13000.0, 60 months,24.11,F,F2,3 years,RENT,40000.0,Verified,debt_consolidation,NV,37.92,0.0,665.0,669.0,0.0,67.0,17.0,Individual,5,High Risk,Manual Review
70681550,12800.0, 60 months,20.75,E,E2,,RENT,30500.0,Verified,debt_consolidation,KY,34.55,0.0,670.0,674.0,0.0,31.6,26.0,Individual,5,High Risk,Manual Review
70271824,14000.0, 60 months,24.99,F,F3,10+ years,RENT,60000.0,Source Verified,debt_consolidation,PA,32.74,0.0,680.0,684.0,1.0,92.0,25.0,Individual,6,High Risk,Manual Review
70612944,3600.0, 36 months,24.99,F,F3,,RENT,10000.0,Verified,debt_consolidation,CA,35.03,0.0,675.0,679.0,1.0,30.0,8.0,Individual,5,High Risk,Manual Review
70024192,12000.0, 60 months,26.57,F,F5,6 years,MORTGAGE,62000.0,Source Verified,house,UT,48.08,0.0,700.0,704.0,2.0,39.2,29.0,Individual,5,High Risk,Manual Review
70752223,35000.0, 60 months,19.99,E,E1,10+ years,MORTGAGE,78910.0,Source Verified,debt_consolidation,CA,30.02,0.0,705.0,709.0,0.0,80.7,28.0,Individual,6,High Risk,Manual Review
70602319,1200.0, 36 months,24.11,F,F2,,RENT,9036.0,Verified,other,SC,39.44,0.0,660.0,664.0,3.0,22.4,37.0,Individual,5,High Risk,Manual Review
70132454,29925.0, 60 months,25.88,F,F4,,MORTGAGE,92000.0,Verified,credit_card,FL,31.49,0.0,660.0,664.0,1.0,62.0,39.0,Individual,5,High Risk,Manual Review
70291993,17875.0, 36 months,21.18,E,E3,,RENT,42579.0,Verified,debt_consolidation,NY,47.24,0.0,710.0,714.0,3.0,38.5,45.0,Individual,5,High Risk,Manual Review
70622132,19200.0, 60 months,17.27,D,D2,10+ years,MORTGAGE,73000.0,Verified,home_improvement,CA,32.66,1.0,660.0,664.0,0.0,88.9,33.0,Individual,5,High Risk,Manual Review
70712150,11200.0, 36 months,19.99,E,E1,8 years,OWN,112000.0,Verified,credit_card,CA,35.72,0.0,685.0,689.0,0.0,96.0,12.0,Individual,6,High Risk,Manual Review
69484553,35000.0, 36 months,19.99,E,E1,5 years,RENT,70000.0,Verified,small_business,IL,32.49,0.0,710.0,714.0,1.0,46.1,22.0,Individual,5,High Risk,Manual Review
70491534,12000.0, 60 months,23.13,F,F1,8 years,MORTGAGE,51600.0,Not Verified,debt_consolidation,KS,36.49,0.0,680.0,684.0,1.0,77.0,18.0,Individual,5,High Risk,Manual Review
70281848,13025.0, 36 months,21.97,E,E4,5 years,OWN,41000.0,Not Verified,debt_consolidation,MD,39.72,0.0,670.0,674.0,2.0,61.6,36.0,Individual,5,High Risk,Manual Review
70592321,15000.0, 36 months,20.75,E,E2,2 years,RENT,55000.0,Verified,debt_consolidation,NC,49.07,0.0,685.0,689.0,0.0,64.2,20.0,Individual,5,High Risk,Manual Review
70740823,16200.0, 60 months,28.34,G,G3,1 year,MORTGAGE,45000.0,Verified,debt_consolidation,SC,35.17,0.0,670.0,674.0,1.0,61.9,21.0,Individual,5,High Risk,Manual Review
70752040,12000.0, 60 months,21.18,E,E3,10+ years,MORTGAGE,66000.0,Verified,debt_consolidation,WI,35.0,0.0,670.0,674.0,1.0,96.2,20.0,Individual,6,High Risk,Manual Review
70562034,10000.0, 36 months,19.99,E,E1,10+ years,RENT,35000.0,Verified,debt_consolidation,AZ,49.06,0.0,685.0,689.0,0.0,68.0,24.0,Individual,5,High Risk,Manual Review
70552634,20000.0, 36 months,15.31,C,C5,6 years,MORTGAGE,75100.0,Verified,credit_card,OH,31.16,1.0,670.0,674.0,0.0,86.7,26.0,Individual,5,High Risk,Manual Review
69742527,10000.0, 60 months,21.97,E,E4,5 years,MORTGAGE,55000.0,Source Verified,debt_consolidation,IN,33.84,0.0,690.0,694.0,1.0,80.1,30.0,Individual,6,High Risk,Manual Review
70712105,27000.0, 60 months,22.45,E,E5,10+ years,MORTGAGE,60000.0,Verified,debt_consolidation,CO,31.72,0.0,665.0,669.0,0.0,88.0,17.0,Individual,6,High Risk,Manual Review
70281719,13800.0, 60 months,28.34,G,G3,,MORTGAGE,46000.0,Verified,debt_consolidation,TN,30.03,0.0,660.0,664.0,1.0,36.0,20.0,Individual,5,High Risk,Manual Review
70772564,28675.0, 60 months,22.45,E,E5,10+ years,OWN,83000.0,Verified,debt_consolidation,NY,30.41,0.0,715.0,719.0,0.0,67.8,24.0,Individual,5,High Risk,Manual Review
70792124,15175.0, 60 months,21.18,E,E3,8 years,OWN,33000.0,Source Verified,debt_consolidation,VA,33.42,0.0,690.0,694.0,0.0,67.1,30.0,Individual,5,High Risk,Manual Review
70632259,20625.0, 60 months,24.11,F,F2,10+ years,MORTGAGE,51600.0,Verified,debt_consolidation,FL,32.23,0.0,690.0,694.0,1.0,89.7,21.0,Individual,6,High Risk,Manual Review
70711996,18300.0, 60 months,21.18,E,E3,1 year,RENT,50859.0,Verified,debt_consolidation,MA,34.4,0.0,665.0,669.0,0.0,90.2,24.0,Individual,6,High Risk,Manual Review
70572230,3250.0, 36 months,25.88,F,F4,10+ years,MORTGAGE,35000.0,Source Verified,debt_consolidation,GA,36.08,0.0,685.0,689.0,1.0,75.6,22.0,Individual,5,High Risk,Manual Review
70732083,27500.0, 60 months,20.75,E,E2,7 years,RENT,61400.0,Verified,debt_consolidation,VA,31.74,1.0,665.0,669.0,0.0,43.5,64.0,Individual,6,High Risk,Manual Review
70271720,30850.0, 60 months,24.99,F,F3,10+ years,MORTGAGE,73500.0,Source Verified,debt_consolidation,TN,32.1,0.0,665.0,669.0,2.0,80.4,39.0,Individual,6,High Risk,Manual Review
70672057,6575.0, 36 months,19.99,E,E1,10+ years,MORTGAGE,65000.0,Not Verified,debt_consolidation,CA,34.77,0.0,675.0,679.0,0.0,45.8,41.0,Individual,5,High Risk,Manual Review
70701439,16900.0, 60 months,24.11,F,F2,9 years,RENT,47000.0,Source Verified,debt_consolidation,KS,33.4,0.0,660.0,664.0,0.0,71.8,20.0,Individual,5,High Risk,Manual Review
70550691,32000.0, 60 months,26.57,F,F5,9 years,RENT,96800.0,Verified,debt_consolidation,TX,38.33,0.0,695.0,699.0,0.0,51.1,38.0,Individual,5,High Risk,Manual Review
70761620,3950.0, 36 months,21.97,E,E4,10+ years,RENT,33000.0,Source Verified,debt_consolidation,AZ,32.44,0.0,665.0,669.0,3.0,92.0,48.0,Individual,6,High Risk,Manual Review
70582047,12075.0, 36 months,19.99,E,E1,9 years,MORTGAGE,40000.0,Verified,debt_consolidation,MO,41.4,0.0,695.0,699.0,0.0,73.5,28.0,Individual,5,High Risk,Manual Review
70692535,16775.0, 60 months,27.34,G,G1,9 years,RENT,52000.0,Not Verified,debt_consolidation,CA,31.26,1.0,665.0,669.0,1.0,57.0,22.0,Individual,6,High Risk,Manual Review
70140140,21875.0, 60 months,22.45,E,E5,1 year,RENT,65125.0,Verified,debt_consolidation,IL,40.32,2.0,660.0,664.0,1.0,50.8,23.0,Individual,6,High Risk,Manual Review
70700899,13100.0, 36 months,21.97,E,E4,8 years,RENT,31208.0,Verified,debt_consolidation,AZ,39.02,0.0,665.0,669.0,0.0,92.5,18.0,Individual,6,High Risk,Manual Review
70791884,27000.0, 60 months,24.99,F,F3,10+ years,RENT,54000.0,Verified,debt_consolidation,CA,40.11,0.0,720.0,724.0,1.0,31.0,34.0,Individual,5,High Risk,Manual Review
70551001,24000.0, 60 months,26.57,F,F5,9 years,MORTGAGE,82000.0,Verified,credit_card,OH,44.5,0.0,695.0,699.0,0.0,93.6,27.0,Individual,6,High Risk,Manual Review
70621971,12775.0, 36 months,22.45,E,E5,5 years,RENT,30400.0,Verified,debt_consolidation,FL,30.77,0.0,690.0,694.0,0.0,9.2,20.0,Individual,5,High Risk,Manual Review
70791900,11400.0, 36 months,23.13,F,F1,2 years,RENT,30000.0,Source Verified,credit_card,NY,37.78,0.0,690.0,694.0,2.0,56.9,18.0,Individual,5,High Risk,Manual Review
70772545,12000.0, 60 months,21.18,E,E3,10+ years,MORTGAGE,67000.0,Not Verified,debt_consolidation,OH,32.69,0.0,710.0,714.0,0.0,65.6,27.0,Individual,5,High Risk,Manual Review
70751961,24350.0, 60 months,21.97,E,E4,< 1 year,MORTGAGE,175000.0,Verified,debt_consolidation,NJ,30.04,0.0,685.0,689.0,2.0,80.8,38.0,Individual,6,High Risk,Manual Review
70561899,9225.0, 36 months,21.18,E,E3,10+ years,RENT,63414.0,Source Verified,credit_card,VA,37.32,0.0,695.0,699.0,1.0,65.5,32.0,Individual,5,High Risk,Manual Review
70592055,35000.0, 60 months,21.97,E,E4,10+ years,MORTGAGE,95516.0,Verified,debt_consolidation,WA,32.76,2.0,670.0,674.0,0.0,89.6,47.0,Individual,7,High Risk,Manual Review
70672411,23875.0, 60 months,28.99,G,G5,9 years,RENT,120000.0,Source Verified,small_business,TX,30.38,0.0,690.0,694.0,0.0,70.1,23.0,Individual,5,High Risk,Manual Review
70751918,12225.0, 60 months,28.67,G,G4,10+ years,RENT,36000.0,Source Verified,debt_consolidation,CA,35.73,0.0,665.0,669.0,1.0,58.2,19.0,Individual,5,High Risk,Manual Review
70770914,15225.0, 60 months,27.34,G,G1,10+ years,MORTGAGE,84000.0,Verified,debt_consolidation,TX,35.49,0.0,680.0,684.0,0.0,82.2,22.0,Individual,6,High Risk,Manual Review
70661744,8500.0, 36 months,20.75,E,E2,,OWN,50000.0,Source Verified,debt_consolidation,MI,41.89,0.0,675.0,679.0,2.0,43.2,37.0,Individual,5,High Risk,Manual Review
70731597,10375.0, 60 months,21.97,E,E4,1 year,RENT,65000.0,Verified,debt_consolidation,SC,48.14,0.0,670.0,674.0,1.0,66.1,42.0,Individual,5,High Risk,Manual Review
70211221,12000.0, 60 months,21.18,E,E3,10+ years,MORTGAGE,100000.0,Verified,debt_consolidation,TX,34.87,1.0,680.0,684.0,0.0,48.6,33.0,Individual,6,High Risk,Manual Review
70620267,18200.0, 60 months,23.13,F,F1,6 years,MORTGAGE,75000.0,Source Verified,credit_card,NJ,32.82,0.0,660.0,664.0,3.0,70.2,35.0,Individual,5,High Risk,Manual Review
70612092,17700.0, 60 months,22.45,E,E5,10+ years,OWN,68500.0,Source Verified,debt_consolidation,PA,32.01,0.0,710.0,714.0,0.0,62.2,25.0,Individual,5,High Risk,Manual Review
69982890,10275.0, 60 months,22.45,E,E5,10+ years,MORTGAGE,42000.0,Source Verified,debt_consolidation,ME,38.71,0.0,700.0,704.0,0.0,78.3,30.0,Individual,5,High Risk,Manual Review
70611987,14050.0, 60 months,28.34,G,G3,5 years,OWN,47500.0,Verified,debt_consolidation,SC,38.71,0.0,660.0,664.0,1.0,55.4,82.0,Individual,5,High Risk,Manual Review
70610908,3600.0, 36 months,19.99,E,E1,< 1 year,RENT,48500.0,Verified,other,CA,47.37,0.0,675.0,679.0,0.0,43.2,36.0,Individual,5,High Risk,Manual Review
70621661,25650.0, 36 months,25.88,F,F4,3 years,RENT,60000.0,Verified,debt_consolidation,CA,34.1,0.0,680.0,684.0,2.0,40.9,26.0,Individual,5,High Risk,Manual Review
70591672,11500.0, 60 months,21.18,E,E3,10+ years,MORTGAGE,70000.0,Source Verified,debt_consolidation,CA,35.33,2.0,665.0,669.0,0.0,72.3,26.0,Individual,6,High Risk,Manual Review
70591628,20000.0, 36 months,21.18,E,E3,10+ years,RENT,50000.0,Source Verified,debt_consolidation,NV,36.29,0.0,675.0,679.0,2.0,68.4,27.0,Individual,5,High Risk,Manual Review
70641697,2875.0, 36 months,26.57,F,F5,,RENT,9000.0,Verified,credit_card,AZ,32.8,0.0,665.0,669.0,3.0,93.8,7.0,Individual,6,High Risk,Manual Review
70631798,26500.0, 60 months,25.88,F,F4,< 1 year,MORTGAGE,53000.0,Source Verified,debt_consolidation,WI,37.91,0.0,660.0,664.0,0.0,95.1,22.0,Individual,6,High Risk,Manual Review
70651515,16000.0, 60 months,23.13,F,F1,10+ years,MORTGAGE,60000.0,Not Verified,debt_consolidation,GA,38.36,0.0,680.0,684.0,0.0,83.4,19.0,Individual,6,High Risk,Manual Review
70701743,21600.0, 60 months,24.99,F,F3,10+ years,MORTGAGE,69000.0,Not Verified,debt_consolidation,MT,38.63,1.0,660.0,664.0,0.0,88.6,36.0,Individual,7,High Risk,Manual Review
70651616,15600.0, 60 months,21.18,E,E3,10+ years,RENT,60000.0,Verified,debt_consolidation,CO,33.94,0.0,705.0,709.0,1.0,57.0,22.0,Individual,5,High Risk,Manual Review
70631824,10000.0, 36 months,19.99,E,E1,10+ years,MORTGAGE,35000.0,Verified,debt_consolidation,KS,44.17,0.0,660.0,664.0,2.0,54.1,36.0,Individual,5,High Risk,Manual Review
70571734,11025.0, 36 months,21.18,E,E3,2 years,RENT,36000.0,Verified,debt_consolidation,WA,35.33,0.0,665.0,669.0,0.0,98.3,23.0,Individual,6,High Risk,Manual Review
70631751,18325.0, 36 months,20.75,E,E2,10+ years,MORTGAGE,67000.0,Source Verified,debt_consolidation,OK,31.02,0.0,685.0,689.0,0.0,80.9,46.0,Individual,6,High Risk,Manual Review
70741587,35000.0, 60 months,26.57,F,F5,10+ years,MORTGAGE,78400.0,Source Verified,debt_consolidation,CA,35.48,0.0,660.0,664.0,1.0,57.4,55.0,Individual,5,High Risk,Manual Review
70651619,10000.0, 60 months,23.13,F,F1,2 years,MORTGAGE,45000.0,Source Verified,home_improvement,AZ,35.81,1.0,665.0,669.0,0.0,74.1,29.0,Individual,6,High Risk,Manual Review
70571426,14000.0, 60 months,21.18,E,E3,8 years,MORTGAGE,122000.0,Verified,renewable_energy,CA,30.28,0.0,720.0,724.0,1.0,73.9,40.0,Individual,5,High Risk,Manual Review
70772140,16500.0, 60 months,26.57,F,F5,1 year,RENT,55000.0,Verified,debt_consolidation,MS,32.66,0.0,675.0,679.0,0.0,81.0,40.0,Individual,6,High Risk,Manual Review
70571507,14400.0, 60 months,21.18,E,E3,8 years,MORTGAGE,49000.0,Verified,debt_consolidation,MN,30.69,0.0,660.0,664.0,2.0,45.4,30.0,Individual,5,High Risk,Manual Review
70561394,26450.0, 60 months,20.75,E,E2,9 years,MORTGAGE,152000.0,Verified,credit_card,MN,36.9,1.0,665.0,669.0,0.0,91.0,33.0,Individual,7,High Risk,Manual Review
70601536,33275.0, 60 months,21.18,E,E3,1 year,MORTGAGE,75000.0,Source Verified,credit_card,TN,36.78,0.0,700.0,704.0,0.0,62.9,45.0,Individual,5,High Risk,Manual Review
68987148,21000.0, 60 months,22.45,E,E5,6 years,MORTGAGE,96000.0,Verified,debt_consolidation,FL,32.19,0.0,680.0,684.0,1.0,63.1,53.0,Individual,5,High Risk,Manual Review
70701540,19975.0, 60 months,24.11,F,F2,3 years,MORTGAGE,81981.0,Verified,home_improvement,TX,31.01,0.0,715.0,719.0,0.0,46.3,17.0,Individual,5,High Risk,Manual Review
70153711,16000.0, 60 months,19.99,E,E1,10+ years,MORTGAGE,149600.0,Source Verified,home_improvement,IL,34.05,0.0,670.0,674.0,0.0,88.1,72.0,Individual,6,High Risk,Manual Review
70751346,16800.0, 60 months,28.34,G,G3,10+ years,MORTGAGE,56000.0,Verified,debt_consolidation,MI,30.54,2.0,660.0,664.0,1.0,95.3,41.0,Individual,7,High Risk,Manual Review
70511320,20000.0, 60 months,24.99,F,F3,1 year,OWN,62000.0,Verified,debt_consolidation,CA,39.35,0.0,780.0,784.0,0.0,14.9,13.0,Individual,5,High Risk,Manual Review
70791314,15000.0, 36 months,20.75,E,E2,2 years,RENT,128000.0,Verified,debt_consolidation,CA,35.4,0.0,665.0,669.0,0.0,78.1,18.0,Individual,5,High Risk,Manual Review
70781281,12975.0, 36 months,20.75,E,E2,< 1 year,MORTGAGE,42500.0,Source Verified,debt_consolidation,MT,31.06,1.0,705.0,709.0,0.0,32.9,17.0,Individual,6,High Risk,Manual Review
70790358,14800.0, 60 months,22.45,E,E5,7 years,RENT,39000.0,Verified,credit_card,PA,34.86,0.0,690.0,694.0,0.0,68.1,20.0,Individual,5,High Risk,Manual Review
70781276,35000.0, 60 months,28.34,G,G3,10+ years,MORTGAGE,127000.0,Verified,debt_consolidation,CA,32.19,1.0,660.0,664.0,1.0,60.9,34.0,Individual,6,High Risk,Manual Review
70641369,8400.0, 36 months,21.18,E,E3,,OWN,20000.0,Verified,debt_consolidation,TX,47.06,0.0,690.0,694.0,5.0,46.8,40.0,Individual,5,High Risk,Manual Review
70144363,18700.0, 60 months,28.14,G,G2,5 years,MORTGAGE,55000.0,Verified,debt_consolidation,MO,29.35,1.0,675.0,679.0,1.0,89.1,36.0,Individual,5,High Risk,Manual Review
70641370,21600.0, 60 months,21.18,E,E3,10+ years,MORTGAGE,90000.0,Not Verified,credit_card,NY,37.72,0.0,700.0,704.0,0.0,85.8,14.0,Individual,6,High Risk,Manual Review
70771791,22200.0, 60 months,21.18,E,E3,10+ years,RENT,50500.0,Source Verified,debt_consolidation,OH,32.44,0.0,680.0,684.0,1.0,31.3,30.0,Individual,5,High Risk,Manual Review
70681515,16000.0, 60 months,19.99,E,E1,7 years,RENT,78000.0,Verified,debt_consolidation,VA,34.88,0.0,660.0,664.0,1.0,76.5,25.0,Individual,5,High Risk,Manual Review
70551478,12325.0, 60 months,21.18,E,E3,10+ years,OWN,40000.0,Verified,debt_consolidation,KS,20.25,1.0,660.0,664.0,1.0,84.2,24.0,Individual,5,High Risk,Manual Review
70182698,18000.0, 60 months,21.97,E,E4,10+ years,RENT,41000.0,Source Verified,debt_consolidation,MO,36.94,0.0,665.0,669.0,1.0,66.2,35.0,Individual,5,High Risk,Manual Review
70691498,25000.0, 60 months,19.99,E,E1,4 years,MORTGAGE,80000.0,Source Verified,debt_consolidation,TX,30.41,0.0,685.0,689.0,0.0,79.6,50.0,Individual,5,High Risk,Manual Review
70621135,12000.0, 60 months,22.45,E,E5,< 1 year,RENT,38544.0,Verified,debt_consolidation,NY,32.47,0.0,680.0,684.0,2.0,44.3,27.0,Individual,5,High Risk,Manual Review
38476365,24000.0, 60 months,18.25,D,D3,< 1 year,RENT,65000.0,Source Verified,debt_consolidation,FL,31.59,1.0,660.0,664.0,1.0,88.6,22.0,Individual,5,High Risk,Manual Review
70741168,12000.0, 60 months,21.18,E,E3,< 1 year,MORTGAGE,82000.0,Verified,debt_consolidation,CA,44.05,0.0,700.0,704.0,0.0,62.4,29.0,Individual,5,High Risk,Manual Review
70631240,35000.0, 60 months,21.18,E,E3,6 years,MORTGAGE,80000.0,Source Verified,credit_card,FL,30.87,0.0,680.0,684.0,0.0,63.6,48.0,Individual,5,High Risk,Manual Review
70681263,19975.0, 60 months,24.11,F,F2,7 years,RENT,55500.0,Source Verified,debt_consolidation,OR,36.24,0.0,660.0,664.0,0.0,95.3,20.0,Individual,6,High Risk,Manual Review
70651195,16000.0, 36 months,21.97,E,E4,10+ years,MORTGAGE,59800.0,Verified,other,TX,31.39,0.0,675.0,679.0,1.0,72.0,37.0,Individual,5,High Risk,Manual Review
70771435,5000.0, 36 months,20.75,E,E2,,RENT,53000.0,Verified,debt_consolidation,CA,40.17,0.0,660.0,664.0,0.0,60.7,23.0,Individual,5,High Risk,Manual Review
70631235,18350.0, 60 months,24.11,F,F2,10+ years,OWN,68000.0,Verified,credit_card,TX,38.19,2.0,665.0,669.0,1.0,59.0,30.0,Individual,6,High Risk,Manual Review
70671362,23225.0, 60 months,21.18,E,E3,1 year,RENT,50500.0,Source Verified,debt_consolidation,NJ,30.2,0.0,695.0,699.0,0.0,70.5,22.0,Individual,5,High Risk,Manual Review
70761210,23525.0, 60 months,21.97,E,E4,10+ years,MORTGAGE,55000.0,Source Verified,credit_card,CA,33.34,0.0,720.0,724.0,2.0,87.2,26.0,Individual,6,High Risk,Manual Review
70471967,10075.0, 36 months,20.75,E,E2,8 years,OWN,30000.0,Not Verified,home_improvement,CA,35.76,0.0,685.0,689.0,1.0,45.8,22.0,Individual,5,High Risk,Manual Review
69347412,11825.0, 60 months,19.99,E,E1,,OWN,42000.0,Verified,debt_consolidation,CA,46.03,0.0,745.0,749.0,0.0,30.8,31.0,Individual,5,High Risk,Manual Review
70731200,20000.0, 60 months,24.11,F,F2,10+ years,RENT,55600.0,Source Verified,debt_consolidation,VA,37.6,0.0,685.0,689.0,1.0,59.6,20.0,Individual,5,High Risk,Manual Review
70651092,6400.0, 36 months,21.18,E,E3,6 years,MORTGAGE,45000.0,Verified,debt_consolidation,TN,35.68,0.0,675.0,679.0,0.0,77.8,19.0,Individual,5,High Risk,Manual Review
70660863,32000.0, 60 months,20.75,E,E2,10+ years,RENT,95000.0,Verified,debt_consolidation,OH,31.68,0.0,660.0,664.0,0.0,70.5,26.0,Individual,5,High Risk,Manual Review
70771268,20475.0, 36 months,21.97,E,E4,10+ years,RENT,45510.0,Verified,debt_consolidation,NY,39.27,0.0,700.0,704.0,1.0,96.0,22.0,Individual,6,High Risk,Manual Review
69317212,25000.0, 60 months,20.75,E,E2,< 1 year,MORTGAGE,75000.0,Source Verified,debt_consolidation,VA,32.02,0.0,680.0,684.0,2.0,70.1,53.0,Individual,5,High Risk,Manual Review
70451357,7000.0, 36 months,19.99,E,E1,< 1 year,RENT,51000.0,Verified,moving,KS,38.35,0.0,665.0,669.0,2.0,78.9,24.0,Individual,5,High Risk,Manual Review
70681083,10000.0, 60 months,21.18,E,E3,10+ years,RENT,35000.0,Verified,debt_consolidation,NH,32.1,0.0,665.0,669.0,1.0,52.9,23.0,Individual,5,High Risk,Manual Review
70671097,18000.0, 36 months,18.25,D,D3,< 1 year,MORTGAGE,75000.0,Source Verified,debt_consolidation,NC,38.57,4.0,665.0,669.0,1.0,81.7,31.0,Individual,5,High Risk,Manual Review
69632421,11075.0, 60 months,21.48,E,E5,10+ years,OWN,44500.0,Verified,debt_consolidation,WA,47.06,0.0,725.0,729.0,0.0,97.8,17.0,Individual,6,High Risk,Manual Review
70620591,6600.0, 36 months,20.75,E,E2,10+ years,RENT,96000.0,Verified,home_improvement,NY,46.41,0.0,665.0,669.0,0.0,89.5,19.0,Individual,6,High Risk,Manual Review
70750951,20400.0, 60 months,20.75,E,E2,10+ years,MORTGAGE,68000.0,Not Verified,debt_consolidation,NJ,30.27,1.0,685.0,689.0,0.0,30.5,43.0,Individual,6,High Risk,Manual Review
70661024,4000.0, 36 months,19.99,E,E1,< 1 year,MORTGAGE,38000.0,Verified,debt_consolidation,OH,30.57,0.0,665.0,669.0,1.0,48.3,16.0,Individual,5,High Risk,Manual Review
70710902,7500.0, 36 months,21.97,E,E4,3 years,MORTGAGE,70000.0,Verified,debt_consolidation,TX,39.35,0.0,700.0,704.0,0.0,59.7,31.0,Individual,5,High Risk,Manual Review
70082646,10000.0, 60 months,19.99,E,E1,2 years,RENT,36000.0,Source Verified,debt_consolidation,NJ,30.23,0.0,675.0,679.0,1.0,35.9,23.0,Individual,5,High Risk,Manual Review
70581059,5000.0, 36 months,20.75,E,E2,< 1 year,RENT,27600.0,Verified,debt_consolidation,CA,42.08,0.0,675.0,679.0,1.0,34.9,15.0,Individual,5,High Risk,Manual Review
70771181,10000.0, 60 months,23.13,F,F1,< 1 year,RENT,20000.0,Verified,debt_consolidation,OH,41.12,1.0,665.0,669.0,0.0,63.4,20.0,Individual,6,High Risk,Manual Review
69712704,20550.0, 60 months,28.34,G,G3,10+ years,MORTGAGE,84000.0,Not Verified,debt_consolidation,SC,43.71,0.0,705.0,709.0,0.0,76.8,20.0,Individual,5,High Risk,Manual Review
70640741,35000.0, 60 months,19.99,E,E1,9 years,RENT,85258.01,Source Verified,debt_consolidation,NY,33.33,3.0,685.0,689.0,1.0,32.6,51.0,Individual,6,High Risk,Manual Review
70760931,10450.0, 36 months,17.27,D,D2,10+ years,MORTGAGE,52000.0,Source Verified,debt_consolidation,GA,36.18,1.0,660.0,664.0,0.0,94.4,20.0,Individual,5,High Risk,Manual Review
70770751,21500.0, 60 months,19.99,E,E1,6 years,RENT,46787.0,Source Verified,other,CO,32.04,0.0,705.0,709.0,0.0,74.5,19.0,Individual,5,High Risk,Manual Review
68704134,19675.0, 60 months,21.18,E,E3,10+ years,OWN,41000.0,Not Verified,credit_card,AL,37.27,0.0,705.0,709.0,1.0,29.8,34.0,Individual,5,High Risk,Manual Review
70670361,12925.0, 36 months,17.27,D,D2,10+ years,MORTGAGE,81000.0,Verified,debt_consolidation,CA,31.51,1.0,675.0,679.0,2.0,84.0,34.0,Individual,5,High Risk,Manual Review
70257175,25000.0, 60 months,25.88,F,F4,1 year,MORTGAGE,66000.0,Source Verified,debt_consolidation,CT,32.16,0.0,695.0,699.0,0.0,62.2,28.0,Individual,5,High Risk,Manual Review
70720879,35000.0, 60 months,23.13,F,F1,3 years,MORTGAGE,111000.0,Source Verified,debt_consolidation,TX,31.03,0.0,690.0,694.0,0.0,78.6,39.0,Individual,5,High Risk,Manual Review
70640865,1000.0, 36 months,19.99,E,E1,< 1 year,RENT,12000.0,Source Verified,debt_consolidation,FL,33.1,0.0,675.0,679.0,0.0,62.1,8.0,Individual,5,High Risk,Manual Review
70610719,10800.0, 60 months,24.99,F,F3,10+ years,RENT,27000.0,Source Verified,debt_consolidation,NY,38.77,0.0,675.0,679.0,0.0,39.9,26.0,Individual,5,High Risk,Manual Review
69968991,4900.0, 36 months,19.99,E,E1,10+ years,RENT,32000.0,Verified,credit_card,MT,40.55,0.0,690.0,694.0,0.0,86.9,15.0,Individual,6,High Risk,Manual Review
70610705,35000.0, 60 months,19.99,E,E1,10+ years,RENT,114000.0,Verified,debt_consolidation,NC,33.51,2.0,665.0,669.0,0.0,94.0,52.0,Individual,7,High Risk,Manual Review
70560608,30000.0, 60 months,20.75,E,E2,8 years,MORTGAGE,150000.0,Source Verified,debt_consolidation,MI,12.73,1.0,675.0,679.0,0.0,97.5,23.0,Individual,5,High Risk,Manual Review
70660774,15000.0, 60 months,22.45,E,E5,9 years,RENT,44434.0,Verified,debt_consolidation,WA,38.92,0.0,665.0,669.0,0.0,92.0,15.0,Individual,6,High Risk,Manual Review
68824940,26400.0, 60 months,27.34,G,G1,10+ years,MORTGAGE,60000.0,Verified,debt_consolidation,GA,32.56,0.0,665.0,669.0,0.0,70.9,42.0,Individual,5,High Risk,Manual Review
69792114,24375.0, 60 months,20.75,E,E2,5 years,OWN,55400.0,Verified,debt_consolidation,WV,30.03,0.0,680.0,684.0,1.0,78.1,24.0,Individual,5,High Risk,Manual Review
70580785,10775.0, 36 months,20.75,E,E2,,MORTGAGE,25692.0,Verified,debt_consolidation,MO,39.14,0.0,685.0,689.0,2.0,55.2,17.0,Individual,5,High Risk,Manual Review
70720708,3000.0, 36 months,19.99,E,E1,< 1 year,RENT,45000.0,Verified,debt_consolidation,CA,33.07,0.0,665.0,669.0,1.0,88.2,22.0,Individual,6,High Risk,Manual Review
70640642,14000.0, 60 months,21.97,E,E4,2 years,RENT,38000.0,Verified,debt_consolidation,MO,38.28,0.0,660.0,664.0,2.0,42.4,20.0,Individual,5,High Risk,Manual Review
70281505,16000.0, 60 months,21.97,E,E4,10+ years,RENT,55000.0,Not Verified,debt_consolidation,OH,34.01,0.0,675.0,679.0,1.0,41.1,32.0,Individual,5,High Risk,Manual Review
70192108,4800.0, 36 months,22.45,E,E5,5 years,RENT,41000.0,Verified,moving,PA,40.63,2.0,660.0,664.0,0.0,62.9,27.0,Individual,6,High Risk,Manual Review
68957729,22800.0, 60 months,21.97,E,E4,2 years,MORTGAGE,65000.0,Source Verified,debt_consolidation,TX,35.23,0.0,685.0,689.0,1.0,60.7,24.0,Individual,5,High Risk,Manual Review
70052299,18000.0, 60 months,24.11,F,F2,10+ years,MORTGAGE,50000.0,Verified,debt_consolidation,NC,41.31,0.0,670.0,674.0,0.0,55.7,20.0,Individual,5,High Risk,Manual Review
70271617,20700.0, 60 months,21.97,E,E4,5 years,RENT,45000.0,Source Verified,debt_consolidation,OK,36.03,0.0,790.0,794.0,0.0,7.1,21.0,Individual,5,High Risk,Manual Review
70123483,19125.0, 60 months,23.13,F,F1,5 years,RENT,45545.0,Verified,debt_consolidation,VA,32.15,0.0,675.0,679.0,0.0,83.6,25.0,Individual,6,High Risk,Manual Review
70191556,12250.0, 36 months,24.11,F,F2,10+ years,MORTGAGE,57000.0,Verified,debt_consolidation,NM,42.13,0.0,710.0,714.0,0.0,97.1,24.0,Individual,6,High Risk,Manual Review
70710682,22050.0, 60 months,23.13,F,F1,7 years,MORTGAGE,61000.0,Source Verified,debt_consolidation,CA,30.57,0.0,680.0,684.0,0.0,72.1,37.0,Individual,5,High Risk,Manual Review
70700454,18000.0, 60 months,22.45,E,E5,10+ years,MORTGAGE,45000.0,Verified,debt_consolidation,AL,48.8,0.0,670.0,674.0,1.0,74.0,17.0,Individual,5,High Risk,Manual Review
70570500,4200.0, 36 months,24.11,F,F2,,MORTGAGE,41323.0,Verified,debt_consolidation,SC,47.6,0.0,660.0,664.0,1.0,66.9,27.0,Individual,5,High Risk,Manual Review
69086678,8400.0, 36 months,23.13,F,F1,,RENT,30018.0,Verified,debt_consolidation,FL,36.91,0.0,670.0,674.0,0.0,70.6,23.0,Individual,5,High Risk,Manual Review
70790454,19925.0, 60 months,20.75,E,E2,10+ years,MORTGAGE,110000.0,Not Verified,debt_consolidation,WA,49.21,1.0,675.0,679.0,1.0,40.0,49.0,Individual,6,High Risk,Manual Review
70730443,11800.0, 60 months,24.11,F,F2,4 years,MORTGAGE,65563.0,Verified,credit_card,PA,30.29,0.0,685.0,689.0,4.0,76.0,37.0,Individual,5,High Risk,Manual Review
69980213,13600.0, 60 months,23.13,F,F1,10+ years,RENT,40000.0,Source Verified,debt_consolidation,FL,34.82,3.0,665.0,669.0,0.0,56.3,16.0,Individual,6,High Risk,Manual Review
70780164,18175.0, 36 months,19.99,E,E1,10+ years,MORTGAGE,75000.0,Source Verified,debt_consolidation,DE,37.73,1.0,660.0,664.0,1.0,82.1,49.0,Individual,7,High Risk,Manual Review
70101940,20000.0, 60 months,21.18,E,E3,10+ years,MORTGAGE,54000.0,Source Verified,debt_consolidation,FL,35.77,2.0,665.0,669.0,2.0,50.5,36.0,Individual,6,High Risk,Manual Review
70172318,15325.0, 60 months,24.11,F,F2,7 years,OWN,36500.0,Verified,debt_consolidation,FL,48.9,0.0,675.0,679.0,1.0,79.8,24.0,Individual,5,High Risk,Manual Review
70620488,11950.0, 60 months,22.45,E,E5,< 1 year,MORTGAGE,50000.0,Source Verified,debt_consolidation,VA,35.69,1.0,690.0,694.0,1.0,80.5,40.0,Individual,7,High Risk,Manual Review
70690653,3275.0, 36 months,16.29,D,D1,5 years,MORTGAGE,35050.0,Source Verified,credit_card,TN,37.43,1.0,665.0,669.0,0.0,99.1,15.0,Individual,5,High Risk,Manual Review
70550677,12225.0, 60 months,19.99,E,E1,5 years,MORTGAGE,34000.0,Verified,credit_card,DE,32.76,0.0,685.0,689.0,0.0,86.4,21.0,Individual,6,High Risk,Manual Review
70032145,17875.0, 60 months,24.11,F,F2,2 years,RENT,48500.0,Verified,debt_consolidation,AR,30.91,0.0,660.0,664.0,3.0,50.5,43.0,Individual,5,High Risk,Manual Review
70680347,16000.0, 60 months,25.88,F,F4,10+ years,MORTGAGE,66400.0,Not Verified,home_improvement,NC,39.94,0.0,700.0,704.0,0.0,52.3,25.0,Individual,5,High Risk,Manual Review
70780221,30000.0, 36 months,20.75,E,E2,8 years,RENT,68000.0,Verified,debt_consolidation,NC,32.63,0.0,690.0,694.0,1.0,88.0,9.0,Individual,6,High Risk,Manual Review
69583800,16700.0, 60 months,24.11,F,F2,5 years,MORTGAGE,50000.0,Source Verified,debt_consolidation,CT,32.31,0.0,685.0,689.0,0.0,82.8,19.0,Individual,6,High Risk,Manual Review
70511516,10800.0, 60 months,20.75,E,E2,,OWN,27000.0,Verified,other,FL,35.2,0.0,675.0,679.0,0.0,85.4,18.0,Individual,6,High Risk,Manual Review
70730328,30000.0, 60 months,22.45,E,E5,1 year,MORTGAGE,87500.0,Source Verified,debt_consolidation,MO,35.27,0.0,690.0,694.0,0.0,72.0,31.0,Individual,5,High Risk,Manual Review
70650284,10000.0, 36 months,20.75,E,E2,,MORTGAGE,51545.0,Verified,debt_consolidation,LA,41.21,0.0,665.0,669.0,0.0,82.6,45.0,Individual,6,High Risk,Manual Review
70640423,21025.0, 60 months,21.97,E,E4,3 years,MORTGAGE,85000.0,Not Verified,debt_consolidation,NV,34.67,0.0,700.0,704.0,1.0,63.8,26.0,Individual,5,High Risk,Manual Review
70281358,10000.0, 60 months,24.99,F,F3,9 years,MORTGAGE,110000.0,Verified,debt_consolidation,CA,37.67,0.0,695.0,699.0,2.0,79.0,36.0,Individual,5,High Risk,Manual Review
70502036,35000.0, 60 months,19.99,E,E1,6 years,MORTGAGE,73000.0,Verified,debt_consolidation,NJ,34.98,0.0,680.0,684.0,0.0,100.9,13.0,Individual,6,High Risk,Manual Review
70750195,11200.0, 60 months,24.11,F,F2,3 years,RENT,42000.0,Source Verified,debt_consolidation,CA,36.19,0.0,695.0,699.0,0.0,45.3,35.0,Individual,5,High Risk,Manual Review
70331189,21000.0, 60 months,21.97,E,E4,10+ years,MORTGAGE,87000.0,Not Verified,debt_consolidation,MD,34.15,0.0,685.0,689.0,1.0,49.5,38.0,Individual,5,High Risk,Manual Review
70121421,12000.0, 60 months,19.99,E,E1,9 years,MORTGAGE,52000.0,Not Verified,debt_consolidation,IL,30.04,0.0,675.0,679.0,0.0,60.3,33.0,Individual,5,High Risk,Manual Review
70670181,18600.0, 60 months,28.34,G,G3,10+ years,MORTGAGE,60000.0,Verified,debt_consolidation,NY,32.0,0.0,675.0,679.0,2.0,37.9,18.0,Individual,5,High Risk,Manual Review
70421947,2075.0, 36 months,15.31,C,C5,2 years,MORTGAGE,49998.0,Source Verified,debt_consolidation,TX,33.25,1.0,685.0,689.0,1.0,84.7,22.0,Individual,5,High Risk,Manual Review
70002382,26675.0, 60 months,20.75,E,E2,6 years,MORTGAGE,90000.0,Verified,debt_consolidation,NY,30.96,0.0,720.0,724.0,0.0,39.8,43.0,Individual,5,High Risk,Manual Review
70700128,15000.0, 60 months,21.97,E,E4,4 years,RENT,50000.0,Verified,debt_consolidation,TX,34.83,1.0,660.0,664.0,1.0,31.1,65.0,Individual,6,High Risk,Manual Review
70660172,24000.0, 36 months,21.97,E,E4,9 years,RENT,68000.0,Source Verified,debt_consolidation,AL,36.97,1.0,660.0,664.0,1.0,62.0,39.0,Individual,6,High Risk,Manual Review
70550285,2050.0, 36 months,24.11,F,F2,,RENT,10000.0,Verified,debt_consolidation,CA,32.53,0.0,675.0,679.0,1.0,40.8,7.0,Individual,5,High Risk,Manual Review
70730191,21875.0, 60 months,22.45,E,E5,3 years,MORTGAGE,65000.0,Source Verified,debt_consolidation,PA,32.42,1.0,660.0,664.0,3.0,76.9,41.0,Individual,6,High Risk,Manual Review
70630117,16000.0, 60 months,20.75,E,E2,9 years,RENT,65000.0,Verified,debt_consolidation,OR,48.66,0.0,670.0,674.0,0.0,75.6,55.0,Individual,5,High Risk,Manual Review
69057116,16750.0, 60 months,21.97,E,E4,4 years,MORTGAGE,56700.0,Source Verified,debt_consolidation,AZ,36.83,9.0,680.0,684.0,0.0,86.9,41.0,Individual,7,High Risk,Manual Review
70182473,11700.0, 60 months,21.48,E,E5,8 years,MORTGAGE,39000.0,Source Verified,debt_consolidation,MI,30.95,0.0,690.0,694.0,0.0,79.1,19.0,Individual,5,High Risk,Manual Review
70091431,15750.0, 60 months,20.5,E,E4,10+ years,MORTGAGE,73000.0,Source Verified,credit_card,NY,36.22,1.0,670.0,674.0,1.0,70.9,36.0,Individual,6,High Risk,Manual Review
70501966,28000.0, 60 months,23.13,F,F2,10+ years,RENT,87500.0,Source Verified,debt_consolidation,CA,33.89,2.0,705.0,709.0,1.0,42.8,40.0,Individual,6,High Risk,Manual Review
70301825,22750.0, 60 months,22.45,F,F1,10+ years,MORTGAGE,45500.0,Verified,debt_consolidation,AL,28.75,1.0,670.0,674.0,0.0,85.6,37.0,Individual,5,High Risk,Manual Review
69733729,26400.0, 60 months,23.13,F,F2,5 years,OWN,62000.0,Source Verified,debt_consolidation,VA,37.15,0.0,720.0,724.0,1.0,38.0,31.0,Individual,5,High Risk,Manual Review
70421817,20000.0, 60 months,22.45,F,F1,,RENT,60000.0,Verified,credit_card,TX,34.06,0.0,660.0,664.0,3.0,86.0,37.0,Individual,6,High Risk,Manual Review
70511883,15000.0, 60 months,18.99,E,E1,3 years,MORTGAGE,57000.0,Source Verified,other,LA,35.45,0.0,695.0,699.0,0.0,49.9,39.0,Individual,5,High Risk,Manual Review
70131041,35000.0, 60 months,27.49,G,G2,3 years,RENT,160000.0,Verified,debt_consolidation,IL,20.09,2.0,670.0,674.0,3.0,85.6,34.0,Individual,5,High Risk,Manual Review
70281252,4800.0, 36 months,25.09,F,F4,3 years,RENT,30500.0,Source Verified,small_business,PA,31.64,1.0,680.0,684.0,1.0,36.1,21.0,Individual,6,High Risk,Manual Review
70391855,16000.0, 60 months,18.99,E,E1,10+ years,RENT,48000.0,Verified,debt_consolidation,DE,33.27,0.0,685.0,689.0,0.0,83.3,20.0,Individual,6,High Risk,Manual Review
70441548,35000.0, 60 months,19.48,E,E2,6 years,RENT,92000.0,Source Verified,debt_consolidation,OH,30.28,0.0,675.0,679.0,0.0,34.8,38.0,Individual,5,High Risk,Manual Review
70361199,7800.0, 36 months,24.24,F,F3,1 year,RENT,34000.0,Verified,debt_consolidation,AL,33.71,0.0,670.0,674.0,3.0,30.6,42.0,Individual,5,High Risk,Manual Review
70441773,24000.0, 36 months,26.06,F,F5,2 years,MORTGAGE,139000.0,Source Verified,debt_consolidation,WI,31.11,0.0,665.0,669.0,5.0,46.0,27.0,Individual,5,High Risk,Manual Review
70481588,10000.0, 36 months,18.99,E,E1,6 years,RENT,35800.0,Source Verified,debt_consolidation,NH,31.86,0.0,675.0,679.0,2.0,17.5,15.0,Individual,5,High Risk,Manual Review
70401575,18900.0, 36 months,21.48,E,E5,6 years,MORTGAGE,81000.0,Verified,debt_consolidation,NY,31.81,2.0,680.0,684.0,1.0,23.0,43.0,Individual,6,High Risk,Manual Review
70123105,2050.0, 36 months,19.89,E,E3,5 years,RENT,31000.0,Verified,debt_consolidation,SC,36.97,0.0,700.0,704.0,0.0,20.8,14.0,Individual,5,High Risk,Manual Review
70441600,25550.0, 36 months,21.48,E,E5,10+ years,RENT,71000.0,Source Verified,other,NY,35.84,1.0,670.0,674.0,0.0,95.5,13.0,Individual,7,High Risk,Manual Review
70401723,15825.0, 60 months,19.48,E,E2,< 1 year,MORTGAGE,36000.0,Not Verified,credit_card,MI,33.51,0.0,670.0,674.0,1.0,70.5,34.0,Individual,5,High Risk,Manual Review
69097254,22425.0, 60 months,20.5,E,E4,10+ years,RENT,51000.0,Verified,credit_card,OH,39.58,0.0,675.0,679.0,0.0,78.9,32.0,Individual,5,High Risk,Manual Review
69979400,20475.0, 60 months,19.89,E,E3,10+ years,MORTGAGE,64000.0,Source Verified,other,FL,33.17,0.0,690.0,694.0,0.0,91.1,15.0,Individual,6,High Risk,Manual Review
70381553,14400.0, 60 months,28.49,G,G4,4 years,MORTGAGE,30000.0,Verified,debt_consolidation,SC,34.52,0.0,690.0,694.0,1.0,32.3,23.0,Individual,5,High Risk,Manual Review
70411635,16500.0, 60 months,20.5,E,E4,10+ years,OWN,36000.0,Source Verified,debt_consolidation,FL,30.1,0.0,710.0,714.0,0.0,69.7,16.0,Individual,5,High Risk,Manual Review
70143626,21825.0, 60 months,25.09,F,F4,4 years,RENT,52000.0,Verified,debt_consolidation,MD,45.86,0.0,660.0,664.0,0.0,69.5,57.0,Individual,5,High Risk,Manual Review
68996913,24000.0, 60 months,20.5,E,E4,2 years,MORTGAGE,90000.0,Source Verified,debt_consolidation,OH,38.19,0.0,695.0,699.0,0.0,79.7,29.0,Individual,5,High Risk,Manual Review
70331598,12000.0, 60 months,21.48,E,E5,1 year,RENT,67000.0,Source Verified,debt_consolidation,KS,27.02,1.0,665.0,669.0,4.0,98.2,26.0,Individual,5,High Risk,Manual Review
70331538,7500.0, 36 months,19.89,E,E3,10+ years,MORTGAGE,15000.0,Verified,credit_card,OH,32.56,0.0,660.0,664.0,1.0,50.2,28.0,Individual,5,High Risk,Manual Review
70011857,5175.0, 36 months,19.89,E,E3,1 year,RENT,24000.0,Verified,debt_consolidation,CA,39.95,0.0,675.0,679.0,0.0,49.3,18.0,Individual,5,High Risk,Manual Review
70103329,10250.0, 60 months,19.89,E,E3,8 years,MORTGAGE,41000.0,Verified,debt_consolidation,TX,34.89,0.0,670.0,674.0,0.0,77.7,25.0,Individual,5,High Risk,Manual Review
70244438,25000.0, 60 months,20.5,E,E4,8 years,RENT,68000.0,Verified,debt_consolidation,CA,32.63,0.0,665.0,669.0,1.0,88.0,23.0,Joint App,6,High Risk,Manual Review
70441155,5200.0, 36 months,19.48,E,E2,1 year,RENT,32240.0,Verified,debt_consolidation,GA,39.5,0.0,665.0,669.0,2.0,63.1,12.0,Individual,5,High Risk,Manual Review
70381312,15000.0, 60 months,18.99,E,E1,1 year,MORTGAGE,46000.0,Source Verified,debt_consolidation,GA,37.91,0.0,690.0,694.0,0.0,71.3,21.0,Individual,5,High Risk,Manual Review
70081806,18000.0, 60 months,19.48,E,E2,10+ years,RENT,98309.76,Source Verified,debt_consolidation,NV,18.05,1.0,660.0,664.0,0.0,97.9,26.0,Individual,5,High Risk,Manual Review
70411189,7125.0, 36 months,18.99,E,E1,3 years,RENT,17000.0,Verified,debt_consolidation,MI,45.44,0.0,665.0,669.0,1.0,49.5,22.0,Individual,5,High Risk,Manual Review
69216973,17600.0, 60 months,19.89,E,E3,10+ years,RENT,40000.0,Source Verified,debt_consolidation,MN,31.11,0.0,705.0,709.0,1.0,65.2,22.0,Individual,5,High Risk,Manual Review
70063186,14000.0, 60 months,15.77,D,D1,2 years,OWN,42000.0,Not Verified,credit_card,OK,36.69,2.0,660.0,664.0,1.0,96.9,29.0,Individual,5,High Risk,Manual Review
70431382,26975.0, 60 months,21.48,E,E5,10+ years,MORTGAGE,160000.0,Verified,credit_card,OH,34.61,0.0,695.0,699.0,0.0,100.7,24.0,Individual,6,High Risk,Manual Review
70331342,25025.0, 60 months,21.48,E,E5,1 year,OWN,71000.0,Verified,house,CT,38.64,1.0,700.0,704.0,2.0,11.9,37.0,Individual,6,High Risk,Manual Review
69952264,15900.0, 60 months,18.99,E,E1,5 years,MORTGAGE,36000.0,Verified,debt_consolidation,AL,37.97,5.0,660.0,664.0,0.0,0.0,26.0,Joint App,6,High Risk,Manual Review
70361448,17300.0, 60 months,20.5,E,E4,10+ years,RENT,43000.0,Verified,debt_consolidation,TX,30.85,0.0,690.0,694.0,1.0,53.1,22.0,Individual,5,High Risk,Manual Review
70391584,12000.0, 60 months,19.48,E,E2,3 years,MORTGAGE,67000.0,Verified,debt_consolidation,IL,31.81,0.0,715.0,719.0,0.0,81.6,44.0,Individual,6,High Risk,Manual Review
70260328,20000.0, 60 months,19.48,E,E2,5 years,MORTGAGE,50000.0,Verified,debt_consolidation,FL,33.66,0.0,685.0,689.0,1.0,61.2,32.0,Individual,5,High Risk,Manual Review
70341455,30600.0, 60 months,23.13,F,F2,10+ years,RENT,64000.0,Source Verified,debt_consolidation,NE,32.85,0.0,660.0,664.0,2.0,49.2,34.0,Individual,5,High Risk,Manual Review
70481568,35000.0, 60 months,28.99,G,G5,4 years,RENT,106000.0,Verified,credit_card,MD,40.08,0.0,690.0,694.0,2.0,78.2,41.0,Individual,5,High Risk,Manual Review
70361281,4350.0, 36 months,19.89,E,E3,7 years,MORTGAGE,87400.0,Source Verified,debt_consolidation,GA,32.86,6.0,685.0,689.0,2.0,18.2,63.0,Individual,6,High Risk,Manual Review
70371427,10275.0, 36 months,19.89,E,E3,,RENT,24500.0,Verified,debt_consolidation,OK,38.71,0.0,670.0,674.0,1.0,55.0,23.0,Individual,5,High Risk,Manual Review
70391158,14725.0, 60 months,18.99,E,E1,1 year,RENT,40000.0,Verified,credit_card,MI,48.77,1.0,665.0,669.0,0.0,68.5,23.0,Individual,6,High Risk,Manual Review
70521149,12000.0, 60 months,23.13,F,F2,4 years,RENT,35000.0,Source Verified,credit_card,CA,37.28,0.0,665.0,669.0,0.0,72.6,26.0,Individual,5,High Risk,Manual Review
70301243,14000.0, 60 months,23.13,F,F2,4 years,MORTGAGE,50000.0,Verified,credit_card,AZ,35.0,0.0,665.0,669.0,0.0,74.4,26.0,Individual,5,High Risk,Manual Review
70331162,3675.0, 36 months,19.89,E,E3,,RENT,10240.0,Verified,debt_consolidation,TX,39.27,0.0,665.0,669.0,0.0,70.8,23.0,Individual,5,High Risk,Manual Review
70101138,5750.0, 36 months,23.13,F,F2,,OWN,19200.0,Verified,debt_consolidation,CT,32.94,0.0,660.0,664.0,1.0,95.2,14.0,Individual,6,High Risk,Manual Review
70012955,18000.0, 60 months,19.48,E,E2,7 years,RENT,80000.0,Not Verified,small_business,NY,31.53,0.0,675.0,679.0,2.0,81.2,23.0,Individual,6,High Risk,Manual Review
70401133,19200.0, 60 months,19.89,E,E3,4 years,OWN,63000.0,Not Verified,debt_consolidation,SC,36.38,0.0,710.0,714.0,0.0,55.4,29.0,Individual,5,High Risk,Manual Review
70301157,10750.0, 36 months,22.45,F,F1,7 years,MORTGAGE,35856.8,Verified,debt_consolidation,TX,29.38,2.0,680.0,684.0,1.0,84.2,17.0,Individual,5,High Risk,Manual Review
69087183,28875.0, 60 months,21.48,E,E5,10+ years,MORTGAGE,76000.0,Source Verified,debt_consolidation,WA,30.27,0.0,680.0,684.0,0.0,86.5,26.0,Individual,6,High Risk,Manual Review
70013290,12950.0, 60 months,27.99,G,G3,,RENT,36000.0,Verified,debt_consolidation,FL,34.77,0.0,675.0,679.0,2.0,61.5,31.0,Individual,5,High Risk,Manual Review
70013390,25000.0, 60 months,19.48,E,E2,3 years,MORTGAGE,37500.0,Verified,debt_consolidation,AL,52.06,0.0,700.0,704.0,1.0,67.8,33.0,Joint App,5,High Risk,Manual Review
69983338,17000.0, 36 months,16.59,D,D2,< 1 year,MORTGAGE,55000.0,Not Verified,debt_consolidation,MD,33.25,1.0,685.0,689.0,2.0,81.5,39.0,Individual,5,High Risk,Manual Review
70141860,1800.0, 36 months,27.99,G,G3,10+ years,RENT,29999.0,Source Verified,debt_consolidation,UT,35.97,0.0,660.0,664.0,0.0,93.4,13.0,Individual,6,High Risk,Manual Review
70191985,18000.0, 60 months,18.99,E,E1,1 year,MORTGAGE,115000.0,Verified,debt_consolidation,OH,30.94,0.0,675.0,679.0,0.0,65.7,40.0,Individual,5,High Risk,Manual Review
70170181,28050.0, 60 months,19.48,E,E2,10+ years,RENT,61000.0,Source Verified,debt_consolidation,CA,37.52,0.0,710.0,714.0,0.0,54.6,29.0,Individual,5,High Risk,Manual Review
70123444,29900.0, 60 months,18.99,E,E1,1 year,MORTGAGE,65000.0,Verified,debt_consolidation,NC,33.12,0.0,720.0,724.0,0.0,53.3,21.0,Individual,5,High Risk,Manual Review
69969261,12000.0, 60 months,18.99,E,E1,10+ years,MORTGAGE,60000.0,Verified,credit_card,NY,43.86,1.0,680.0,684.0,1.0,72.5,51.0,Individual,6,High Risk,Manual Review
70103269,20000.0, 36 months,16.59,D,D2,10+ years,MORTGAGE,70000.0,Source Verified,debt_consolidation,MA,37.68,1.0,660.0,664.0,0.0,90.1,26.0,Individual,5,High Risk,Manual Review
70162548,23400.0, 60 months,20.5,E,E4,< 1 year,OWN,65000.0,Source Verified,debt_consolidation,LA,30.64,0.0,675.0,679.0,1.0,59.0,37.0,Individual,5,High Risk,Manual Review
68832206,15000.0, 60 months,19.48,E,E2,8 years,RENT,62000.0,Not Verified,debt_consolidation,OR,31.98,0.0,665.0,669.0,2.0,44.3,29.0,Individual,5,High Risk,Manual Review
70033150,8000.0, 36 months,20.5,E,E4,1 year,RENT,22000.0,Verified,debt_consolidation,GA,31.97,0.0,675.0,679.0,1.0,55.2,23.0,Individual,5,High Risk,Manual Review
70113108,10750.0, 60 months,19.48,E,E2,3 years,MORTGAGE,24475.0,Verified,debt_consolidation,NC,30.7,1.0,680.0,684.0,0.0,35.2,39.0,Individual,6,High Risk,Manual Review
68064041,14700.0, 36 months,18.99,E,E1,,RENT,35000.0,Verified,credit_card,VT,32.44,0.0,670.0,674.0,2.0,51.5,22.0,Individual,5,High Risk,Manual Review
69573526,13675.0, 60 months,23.13,F,F2,9 years,RENT,42800.0,Verified,other,DC,30.9,0.0,730.0,734.0,1.0,9.2,14.0,Individual,5,High Risk,Manual Review
67279418,20000.0, 60 months,21.48,E,E5,1 year,OWN,42000.0,Verified,credit_card,IL,32.91,0.0,660.0,664.0,2.0,51.8,58.0,Joint App,5,High Risk,Manual Review
70123462,16000.0, 60 months,18.99,E,E1,10+ years,RENT,50000.0,Verified,debt_consolidation,CA,31.11,1.0,665.0,669.0,0.0,66.7,34.0,Individual,6,High Risk,Manual Review
70113243,22250.0, 60 months,22.45,F,F1,9 years,RENT,53000.0,Verified,debt_consolidation,MO,31.7,0.0,670.0,674.0,0.0,98.7,22.0,Individual,6,High Risk,Manual Review
70411114,23850.0, 60 months,19.89,E,E3,10+ years,MORTGAGE,78500.0,Verified,debt_consolidation,PA,41.9,0.0,715.0,719.0,0.0,64.9,35.0,Individual,5,High Risk,Manual Review
69993241,35000.0, 60 months,20.5,E,E4,,MORTGAGE,12600.0,Verified,debt_consolidation,NH,111.69,0.0,670.0,674.0,0.0,80.5,23.0,Joint App,6,High Risk,Manual Review
70101103,25300.0, 60 months,19.89,E,E3,7 years,MORTGAGE,55000.0,Source Verified,debt_consolidation,MO,34.68,0.0,700.0,704.0,1.0,57.0,15.0,Individual,5,High Risk,Manual Review
70401136,8800.0, 36 months,19.89,E,E3,< 1 year,OWN,24480.0,Verified,debt_consolidation,CA,47.01,0.0,690.0,694.0,0.0,89.9,30.0,Individual,6,High Risk,Manual Review
70222759,30000.0, 60 months,20.5,E,E4,< 1 year,MORTGAGE,101000.0,Source Verified,credit_card,WY,30.32,0.0,670.0,674.0,2.0,50.2,26.0,Individual,5,High Risk,Manual Review
70182658,20575.0, 60 months,19.89,E,E3,3 years,OWN,67000.0,Source Verified,debt_consolidation,IL,36.39,0.0,720.0,724.0,1.0,69.4,21.0,Individual,5,High Risk,Manual Review
69843271,11150.0, 36 months,19.89,E,E3,8 years,MORTGAGE,105000.0,Verified,debt_consolidation,NY,41.99,0.0,715.0,719.0,2.0,45.8,35.0,Individual,5,High Risk,Manual Review
70163158,25000.0, 60 months,18.99,E,E1,3 years,MORTGAGE,76000.0,Source Verified,debt_consolidation,SC,24.47,4.0,690.0,694.0,0.0,86.8,29.0,Individual,5,High Risk,Manual Review
70093203,22125.0, 60 months,25.09,F,F4,,MORTGAGE,60000.0,Verified,home_improvement,NC,32.86,5.0,660.0,664.0,2.0,38.3,35.0,Individual,6,High Risk,Manual Review
70083016,17600.0, 60 months,19.48,E,E2,,RENT,40000.0,Not Verified,debt_consolidation,MI,31.83,0.0,680.0,684.0,0.0,71.6,16.0,Individual,5,High Risk,Manual Review
70213029,25000.0, 60 months,22.45,F,F1,,MORTGAGE,85000.0,Verified,debt_consolidation,CA,35.61,0.0,660.0,664.0,2.0,52.3,40.0,Individual,5,High Risk,Manual Review
70122958,16000.0, 36 months,19.89,E,E3,10+ years,RENT,75000.0,Not Verified,debt_consolidation,CA,40.66,1.0,680.0,684.0,1.0,66.9,26.0,Individual,6,High Risk,Manual Review
70154329,16000.0, 60 months,19.89,E,E3,4 years,RENT,57000.0,Verified,debt_consolidation,MA,46.29,0.0,680.0,684.0,0.0,60.3,32.0,Individual,5,High Risk,Manual Review
70072900,15850.0, 60 months,19.89,E,E3,10+ years,OWN,54000.0,Verified,debt_consolidation,PA,38.02,1.0,670.0,674.0,1.0,76.0,11.0,Individual,6,High Risk,Manual Review
69872923,12000.0, 60 months,19.48,E,E2,10+ years,OWN,60000.0,Verified,renewable_energy,NY,38.34,0.0,690.0,694.0,2.0,51.8,37.0,Individual,5,High Risk,Manual Review
69086732,20000.0, 60 months,19.48,E,E2,10+ years,MORTGAGE,98800.0,Verified,debt_consolidation,IL,13.93,2.0,660.0,664.0,1.0,90.0,33.0,Individual,5,High Risk,Manual Review
69575306,16075.0, 60 months,18.99,E,E1,10+ years,RENT,57000.0,Not Verified,debt_consolidation,CA,34.19,0.0,710.0,714.0,0.0,75.7,20.0,Individual,5,High Risk,Manual Review
70093265,25000.0, 60 months,19.48,E,E2,1 year,MORTGAGE,75000.0,Verified,debt_consolidation,AL,31.41,1.0,680.0,684.0,3.0,72.9,28.0,Individual,6,High Risk,Manual Review
70103076,20875.0, 60 months,22.45,F,F1,10+ years,RENT,58000.0,Verified,debt_consolidation,WA,38.4,0.0,765.0,769.0,0.0,5.4,44.0,Individual,5,High Risk,Manual Review
70033056,35000.0, 60 months,19.48,E,E2,10+ years,MORTGAGE,90000.0,Not Verified,credit_card,PA,30.84,0.0,720.0,724.0,2.0,46.2,36.0,Individual,5,High Risk,Manual Review
70072893,33600.0, 60 months,18.49,D,D5,10+ years,MORTGAGE,110000.0,Verified,debt_consolidation,LA,34.32,2.0,695.0,699.0,0.0,99.1,27.0,Individual,5,High Risk,Manual Review
70240539,12775.0, 60 months,27.49,G,G2,3 years,RENT,32700.0,Verified,other,OH,42.35,0.0,665.0,669.0,1.0,73.0,20.0,Individual,5,High Risk,Manual Review
70082568,18000.0, 60 months,19.89,E,E3,10+ years,RENT,75000.0,Not Verified,debt_consolidation,FL,42.94,0.0,700.0,704.0,0.0,30.4,27.0,Individual,5,High Risk,Manual Review
68568083,12800.0, 60 months,20.5,E,E4,< 1 year,MORTGAGE,100000.0,Source Verified,home_improvement,TX,31.61,1.0,665.0,669.0,1.0,70.9,53.0,Individual,6,High Risk,Manual Review
70112782,15000.0, 60 months,22.45,F,F1,3 years,RENT,50000.0,Verified,debt_consolidation,CT,34.11,0.0,705.0,709.0,1.0,45.2,37.0,Individual,5,High Risk,Manual Review
70240309,19675.0, 60 months,19.89,E,E3,< 1 year,MORTGAGE,50000.0,Source Verified,debt_consolidation,MN,37.18,0.0,695.0,699.0,0.0,41.9,24.0,Individual,5,High Risk,Manual Review
70220237,15000.0, 60 months,27.99,G,G3,10+ years,OWN,30000.0,Verified,credit_card,TX,48.4,0.0,695.0,699.0,1.0,66.1,11.0,Individual,5,High Risk,Manual Review
70212731,4325.0, 36 months,19.48,E,E2,5 years,RENT,40000.0,Verified,other,HI,31.47,0.0,690.0,694.0,1.0,28.0,14.0,Individual,5,High Risk,Manual Review
70062884,31200.0, 60 months,19.89,E,E3,10+ years,RENT,77804.0,Source Verified,debt_consolidation,CA,38.42,0.0,685.0,689.0,1.0,59.0,41.0,Individual,5,High Risk,Manual Review
70011204,15125.0, 60 months,21.48,E,E5,10+ years,MORTGAGE,84000.0,Source Verified,debt_consolidation,MD,32.27,0.0,720.0,724.0,1.0,38.6,38.0,Individual,5,High Risk,Manual Review
69968935,16000.0, 60 months,18.99,E,E1,2 years,RENT,80000.0,Source Verified,debt_consolidation,WA,12.35,1.0,660.0,664.0,0.0,93.1,11.0,Individual,5,High Risk,Manual Review
70062828,23500.0, 60 months,15.77,D,D1,8 years,MORTGAGE,75000.0,Not Verified,debt_consolidation,NE,35.5,2.0,660.0,664.0,0.0,83.0,30.0,Individual,5,High Risk,Manual Review
69932843,2700.0, 36 months,19.48,E,E2,3 years,MORTGAGE,35500.0,Source Verified,other,GA,35.96,0.0,700.0,704.0,0.0,79.0,12.0,Individual,5,High Risk,Manual Review
70082538,12000.0, 60 months,18.99,E,E1,2 years,RENT,38500.0,Source Verified,other,CA,38.34,0.0,685.0,689.0,0.0,42.2,19.0,Individual,5,High Risk,Manual Review
70102584,24275.0, 60 months,21.48,E,E5,1 year,RENT,72000.0,Verified,debt_consolidation,NM,30.32,0.0,660.0,664.0,1.0,45.4,36.0,Individual,5,High Risk,Manual Review
69086456,25000.0, 60 months,19.89,E,E3,10+ years,MORTGAGE,69000.0,Source Verified,credit_card,CA,32.28,0.0,705.0,709.0,1.0,56.4,28.0,Individual,5,High Risk,Manual Review
70241299,34000.0, 60 months,18.99,E,E1,10+ years,MORTGAGE,87000.0,Verified,debt_consolidation,IN,42.97,0.0,710.0,714.0,0.0,66.2,29.0,Individual,5,High Risk,Manual Review
70042554,11000.0, 60 months,24.24,F,F3,10+ years,OWN,40000.0,Verified,debt_consolidation,TN,41.67,0.0,695.0,699.0,0.0,80.8,19.0,Individual,6,High Risk,Manual Review
70062592,12000.0, 60 months,24.24,F,F3,7 years,RENT,38000.0,Verified,debt_consolidation,TN,31.17,0.0,685.0,689.0,3.0,77.3,34.0,Individual,5,High Risk,Manual Review
70072583,20375.0, 60 months,19.48,E,E2,8 years,RENT,56650.0,Verified,debt_consolidation,TX,32.31,0.0,665.0,669.0,0.0,62.6,22.0,Individual,5,High Risk,Manual Review
70192604,18800.0, 60 months,17.27,D,D3,10+ years,OWN,65000.0,Not Verified,debt_consolidation,WA,31.11,1.0,695.0,699.0,1.0,86.1,19.0,Individual,5,High Risk,Manual Review
69992548,1500.0, 36 months,18.99,E,E1,,RENT,9036.0,Verified,other,NC,33.6,1.0,685.0,689.0,1.0,38.0,7.0,Individual,6,High Risk,Manual Review
70062580,21525.0, 36 months,18.99,E,E1,10+ years,RENT,50000.0,Source Verified,debt_consolidation,WA,36.81,0.0,690.0,694.0,0.0,72.9,15.0,Individual,5,High Risk,Manual Review
69087022,9700.0, 36 months,23.13,F,F2,3 years,MORTGAGE,27000.0,Source Verified,debt_consolidation,CA,31.77,0.0,690.0,694.0,1.0,41.7,17.0,Individual,5,High Risk,Manual Review
70012529,25825.0, 60 months,26.99,G,G1,,OWN,76000.0,Verified,other,NY,33.49,0.0,685.0,689.0,0.0,75.4,35.0,Individual,5,High Risk,Manual Review
70042547,5325.0, 36 months,19.48,E,E2,< 1 year,RENT,15000.0,Verified,credit_card,CA,41.68,0.0,685.0,689.0,0.0,47.2,10.0,Individual,5,High Risk,Manual Review
69932785,15025.0, 60 months,19.89,E,E3,7 years,RENT,68000.0,Source Verified,credit_card,TX,34.73,0.0,690.0,694.0,1.0,84.2,41.0,Individual,6,High Risk,Manual Review
70212117,12650.0, 60 months,24.24,F,F3,10+ years,RENT,62986.0,Verified,debt_consolidation,GA,31.46,0.0,665.0,669.0,2.0,66.0,24.0,Individual,5,High Risk,Manual Review
70082558,18300.0, 60 months,21.48,E,E5,1 year,RENT,41600.0,Verified,debt_consolidation,MS,39.61,0.0,710.0,714.0,0.0,47.7,49.0,Individual,5,High Risk,Manual Review
69992705,17625.0, 60 months,25.09,F,F4,7 years,RENT,49000.0,Verified,debt_consolidation,NY,42.28,0.0,665.0,669.0,0.0,63.3,47.0,Individual,5,High Risk,Manual Review
70023339,24000.0, 60 months,24.24,F,F3,5 years,RENT,85000.0,Verified,credit_card,CT,44.23,0.0,685.0,689.0,0.0,64.6,40.0,Individual,5,High Risk,Manual Review
70042208,22375.0, 60 months,21.48,E,E5,7 years,MORTGAGE,53000.0,Verified,debt_consolidation,NJ,32.75,0.0,665.0,669.0,0.0,96.0,29.0,Individual,6,High Risk,Manual Review
70242194,18000.0, 60 months,19.48,E,E2,10+ years,MORTGAGE,60000.0,Not Verified,debt_consolidation,MI,15.72,5.0,675.0,679.0,2.0,89.5,37.0,Individual,5,High Risk,Manual Review
70032323,4400.0, 36 months,19.48,E,E2,6 years,RENT,33000.0,Verified,debt_consolidation,NY,42.18,0.0,695.0,699.0,0.0,55.9,31.0,Individual,5,High Risk,Manual Review
70032292,13475.0, 60 months,23.13,F,F2,10+ years,MORTGAGE,42500.0,Verified,debt_consolidation,VA,43.35,0.0,725.0,729.0,0.0,39.1,34.0,Individual,5,High Risk,Manual Review
70143303,35000.0, 60 months,18.99,E,E1,1 year,RENT,102000.0,Source Verified,debt_consolidation,WI,36.82,0.0,685.0,689.0,1.0,76.8,67.0,Individual,5,High Risk,Manual Review
70012474,18700.0, 60 months,19.48,E,E2,5 years,OWN,55000.0,Source Verified,debt_consolidation,NJ,38.27,2.0,675.0,679.0,0.0,29.7,46.0,Individual,6,High Risk,Manual Review
69967674,21500.0, 60 months,20.5,E,E4,2 years,RENT,60000.0,Verified,car,MT,35.5,0.0,685.0,689.0,0.0,49.0,23.0,Individual,5,High Risk,Manual Review
70132125,13125.0, 60 months,18.99,E,E1,5 years,OWN,63881.0,Verified,credit_card,GA,35.13,0.0,700.0,704.0,0.0,68.6,25.0,Individual,5,High Risk,Manual Review
68439283,19800.0, 60 months,19.89,E,E3,4 years,MORTGAGE,55000.0,Verified,debt_consolidation,MO,42.83,0.0,710.0,714.0,0.0,70.1,41.0,Individual,5,High Risk,Manual Review
70182282,20000.0, 60 months,19.48,E,E2,10+ years,MORTGAGE,56640.0,Verified,debt_consolidation,GA,34.36,0.0,665.0,669.0,1.0,78.6,26.0,Individual,5,High Risk,Manual Review
69474881,29900.0, 60 months,21.48,E,E5,10+ years,RENT,65000.0,Source Verified,debt_consolidation,MA,32.13,0.0,690.0,694.0,0.0,37.4,24.0,Individual,5,High Risk,Manual Review
69967706,24000.0, 60 months,21.48,E,E5,10+ years,MORTGAGE,80000.0,Source Verified,debt_consolidation,GA,16.73,1.0,675.0,679.0,2.0,81.5,29.0,Individual,5,High Risk,Manual Review
69823494,18875.0, 60 months,19.89,E,E3,10+ years,MORTGAGE,75000.0,Not Verified,other,PA,30.8,0.0,690.0,694.0,0.0,57.8,22.0,Individual,5,High Risk,Manual Review
70172210,12000.0, 60 months,17.97,D,D4,8 years,MORTGAGE,62000.0,Source Verified,debt_consolidation,VT,38.93,2.0,665.0,669.0,1.0,93.2,21.0,Individual,5,High Risk,Manual Review
69474628,35000.0, 60 months,16.59,D,D2,10+ years,RENT,86197.0,Source Verified,credit_card,TX,30.92,1.0,680.0,684.0,0.0,81.2,25.0,Individual,5,High Risk,Manual Review
68754423,35000.0, 60 months,21.48,E,E5,10+ years,MORTGAGE,130000.0,Source Verified,debt_consolidation,MD,30.11,0.0,700.0,704.0,4.0,61.7,31.0,Individual,5,High Risk,Manual Review
70072101,25000.0, 60 months,22.45,F,F1,10+ years,MORTGAGE,130000.0,Verified,debt_consolidation,FL,13.35,1.0,665.0,669.0,0.0,88.1,14.0,Individual,5,High Risk,Manual Review
69723241,23750.0, 60 months,20.5,E,E4,10+ years,RENT,54000.0,Verified,debt_consolidation,CA,39.2,0.0,690.0,694.0,1.0,50.4,25.0,Individual,5,High Risk,Manual Review
70053094,17850.0, 60 months,19.89,E,E3,5 years,MORTGAGE,52500.0,Verified,debt_consolidation,OH,34.19,0.0,680.0,684.0,0.0,73.0,17.0,Individual,5,High Risk,Manual Review
70002105,21800.0, 60 months,21.48,E,E5,8 years,MORTGAGE,60000.0,Verified,debt_consolidation,MD,38.08,0.0,660.0,664.0,0.0,79.0,9.0,Individual,5,High Risk,Manual Review
70142644,18000.0, 60 months,18.99,E,E1,,RENT,55000.0,Verified,debt_consolidation,CA,37.25,0.0,710.0,714.0,0.0,44.1,13.0,Individual,5,High Risk,Manual Review
70052528,5000.0, 36 months,18.99,E,E1,2 years,OWN,10000.0,Source Verified,home_improvement,TX,32.77,0.0,755.0,759.0,0.0,54.9,7.0,Individual,5,High Risk,Manual Review
70031987,11400.0, 60 months,23.13,F,F2,10+ years,OWN,76000.0,Not Verified,credit_card,MO,31.01,0.0,665.0,669.0,3.0,70.2,22.0,Individual,5,High Risk,Manual Review
69981933,24200.0, 60 months,23.13,F,F2,4 years,RENT,60503.0,Verified,debt_consolidation,MD,48.2,0.0,670.0,674.0,1.0,92.3,45.0,Individual,6,High Risk,Manual Review
69602129,32725.0, 60 months,18.99,E,E1,10+ years,MORTGAGE,102000.0,Verified,debt_consolidation,NV,34.84,0.0,695.0,699.0,0.0,45.7,43.0,Individual,5,High Risk,Manual Review
68792392,25575.0, 60 months,19.89,E,E3,5 years,MORTGAGE,115000.0,Source Verified,debt_consolidation,CA,35.44,0.0,670.0,674.0,0.0,43.0,46.0,Individual,5,High Risk,Manual Review
70011619,8325.0, 36 months,18.99,E,E1,1 year,RENT,55000.0,Verified,debt_consolidation,FL,31.64,1.0,660.0,664.0,3.0,82.0,28.0,Individual,7,High Risk,Manual Review
70161709,35000.0, 60 months,20.5,E,E4,10+ years,OWN,150000.0,Source Verified,other,MA,33.32,0.0,665.0,669.0,2.0,61.2,54.0,Individual,5,High Risk,Manual Review
69593586,9300.0, 36 months,18.99,E,E1,10+ years,RENT,65000.0,Verified,debt_consolidation,WI,39.2,0.0,715.0,719.0,0.0,59.8,19.0,Individual,5,High Risk,Manual Review
70061734,35000.0, 60 months,20.5,E,E4,4 years,MORTGAGE,86000.0,Source Verified,debt_consolidation,AL,35.25,1.0,665.0,669.0,1.0,63.5,33.0,Individual,6,High Risk,Manual Review
70131717,35000.0, 60 months,21.48,E,E5,4 years,RENT,100000.0,Source Verified,debt_consolidation,RI,18.3,1.0,710.0,714.0,0.0,81.4,22.0,Individual,5,High Risk,Manual Review
69096970,10875.0, 60 months,26.06,F,F5,6 years,MORTGAGE,30000.0,Source Verified,debt_consolidation,PA,38.64,0.0,690.0,694.0,1.0,98.2,21.0,Individual,6,High Risk,Manual Review
69976779,17300.0, 60 months,21.48,E,E5,< 1 year,MORTGAGE,28080.0,Verified,debt_consolidation,WA,44.35,0.0,675.0,679.0,0.0,64.1,13.0,Joint App,5,High Risk,Manual Review
70142089,10800.0, 60 months,19.48,E,E2,1 year,RENT,30000.0,Not Verified,debt_consolidation,GA,35.69,0.0,785.0,789.0,1.0,1.8,16.0,Individual,5,High Risk,Manual Review
70221561,13000.0, 60 months,22.45,F,F1,,MORTGAGE,31000.0,Not Verified,debt_consolidation,IL,37.2,0.0,670.0,674.0,0.0,45.2,21.0,Individual,5,High Risk,Manual Review
70081680,3200.0, 36 months,28.99,G,G5,,OWN,6672.0,Verified,other,CA,107.55,0.0,675.0,679.0,0.0,49.7,14.0,Joint App,5,High Risk,Manual Review
70111519,20000.0, 60 months,28.99,G,G5,10+ years,RENT,70000.0,Verified,debt_consolidation,CA,32.61,0.0,660.0,664.0,2.0,84.6,32.0,Individual,6,High Risk,Manual Review
68843385,18050.0, 60 months,22.45,F,F1,10+ years,OWN,43000.0,Verified,debt_consolidation,NY,39.67,0.0,705.0,709.0,0.0,37.2,23.0,Individual,5,High Risk,Manual Review
69614668,21000.0, 60 months,22.45,F,F1,5 years,RENT,50000.0,Verified,debt_consolidation,CA,34.05,0.0,690.0,694.0,4.0,58.0,36.0,Individual,5,High Risk,Manual Review
70071470,35000.0, 60 months,25.09,F,F4,10+ years,MORTGAGE,100000.0,Verified,small_business,MI,22.17,1.0,670.0,674.0,1.0,82.7,34.0,Individual,5,High Risk,Manual Review
70031448,10950.0, 60 months,20.5,E,E4,< 1 year,RENT,27432.0,Source Verified,debt_consolidation,TX,31.23,0.0,660.0,664.0,0.0,79.3,28.0,Individual,5,High Risk,Manual Review
69316701,12675.0, 60 months,18.99,E,E1,3 years,OWN,60000.0,Verified,home_improvement,MI,32.53,0.0,695.0,699.0,2.0,50.1,29.0,Individual,5,High Risk,Manual Review
70021402,31900.0, 60 months,24.24,F,F3,2 years,RENT,72500.0,Source Verified,debt_consolidation,NY,37.99,0.0,705.0,709.0,0.0,69.8,23.0,Individual,5,High Risk,Manual Review
70101325,10400.0, 60 months,20.5,E,E4,2 years,RENT,42000.0,Verified,other,CO,44.2,0.0,700.0,704.0,0.0,59.4,14.0,Individual,5,High Risk,Manual Review
70050888,7800.0, 36 months,20.5,E,E4,,MORTGAGE,26000.0,Verified,debt_consolidation,AL,38.92,0.0,665.0,669.0,3.0,39.7,48.0,Joint App,5,High Risk,Manual Review
69655283,9675.0, 36 months,19.48,E,E2,10+ years,MORTGAGE,22000.0,Not Verified,credit_card,ME,32.13,0.0,690.0,694.0,4.0,68.2,28.0,Individual,5,High Risk,Manual Review
70041428,12075.0, 36 months,20.5,E,E4,3 years,RENT,45000.0,Source Verified,other,CA,38.77,0.0,765.0,769.0,0.0,6.0,7.0,Individual,5,High Risk,Manual Review
70041533,4000.0, 36 months,18.99,E,E1,,RENT,21000.0,Verified,debt_consolidation,OH,45.71,0.0,725.0,729.0,1.0,82.8,13.0,Individual,6,High Risk,Manual Review
69978725,30000.0, 60 months,21.48,E,E5,1 year,MORTGAGE,120000.0,Verified,debt_consolidation,SC,19.54,1.0,685.0,689.0,0.0,95.7,31.0,Individual,5,High Risk,Manual Review
69991413,22800.0, 60 months,25.09,F,F4,,MORTGAGE,59700.0,Not Verified,debt_consolidation,KS,34.49,0.0,715.0,719.0,3.0,50.4,36.0,Individual,5,High Risk,Manual Review
69474993,34625.0, 60 months,26.06,F,F5,5 years,OWN,41000.0,Verified,debt_consolidation,OH,31.85,0.0,700.0,704.0,0.0,48.2,47.0,Joint App,5,High Risk,Manual Review
69086713,13250.0, 36 months,22.45,F,F1,1 year,RENT,53200.0,Source Verified,debt_consolidation,MA,34.42,0.0,700.0,704.0,1.0,49.8,19.0,Individual,5,High Risk,Manual Review
69967519,13950.0, 60 months,20.5,E,E4,10+ years,MORTGAGE,68657.0,Source Verified,credit_card,WV,33.91,0.0,695.0,699.0,1.0,42.8,38.0,Individual,5,High Risk,Manual Review
69643867,30000.0, 60 months,19.48,E,E2,,MORTGAGE,65000.0,Verified,debt_consolidation,IL,32.9,0.0,715.0,719.0,1.0,59.7,25.0,Individual,5,High Risk,Manual Review
70061335,13600.0, 60 months,27.49,G,G2,2 years,MORTGAGE,40000.0,Source Verified,other,IN,35.4,1.0,675.0,679.0,2.0,32.6,26.0,Individual,6,High Risk,Manual Review
70052233,23300.0, 60 months,19.89,E,E3,10+ years,MORTGAGE,97300.0,Not Verified,debt_consolidation,WV,33.81,1.0,690.0,694.0,1.0,23.6,61.0,Individual,6,High Risk,Manual Review
70061284,19000.0, 60 months,19.89,E,E3,3 years,MORTGAGE,118000.0,Not Verified,debt_consolidation,MA,31.19,0.0,705.0,709.0,0.0,94.5,18.0,Individual,6,High Risk,Manual Review
70011222,19675.0, 60 months,20.5,E,E4,2 years,MORTGAGE,130000.0,Verified,debt_consolidation,MI,36.62,0.0,680.0,684.0,0.0,70.5,31.0,Individual,5,High Risk,Manual Review
68893766,26400.0, 60 months,21.48,E,E5,8 years,RENT,60000.0,Source Verified,debt_consolidation,LA,27.26,1.0,660.0,664.0,0.0,80.5,16.0,Individual,5,High Risk,Manual Review
70041254,19300.0, 60 months,23.13,F,F2,5 years,MORTGAGE,180000.0,Verified,credit_card,CA,29.26,1.0,665.0,669.0,1.0,88.2,20.0,Individual,5,High Risk,Manual Review
69425291,9000.0, 36 months,18.99,E,E1,1 year,RENT,20500.0,Source Verified,debt_consolidation,MA,34.31,2.0,680.0,684.0,1.0,17.1,24.0,Individual,6,High Risk,Manual Review
69443474,33000.0, 60 months,20.5,E,E4,10+ years,RENT,66000.0,Verified,credit_card,TN,44.45,0.0,680.0,684.0,0.0,84.8,38.0,Individual,6,High Risk,Manual Review
70041299,24575.0, 60 months,26.06,F,F5,10+ years,RENT,125000.0,Not Verified,debt_consolidation,MN,43.47,0.0,670.0,674.0,0.0,94.0,27.0,Individual,6,High Risk,Manual Review
70071222,32000.0, 60 months,19.89,E,E3,5 years,MORTGAGE,155000.0,Verified,debt_consolidation,NY,18.32,1.0,685.0,689.0,1.0,95.5,36.0,Individual,5,High Risk,Manual Review
70052157,23250.0, 36 months,21.48,E,E5,10+ years,OWN,66000.0,Verified,debt_consolidation,MD,33.15,0.0,715.0,719.0,4.0,14.7,56.0,Individual,5,High Risk,Manual Review
70081271,24000.0, 60 months,24.24,F,F3,9 years,RENT,160000.0,Verified,debt_consolidation,TX,38.03,2.0,670.0,674.0,1.0,70.5,31.0,Individual,6,High Risk,Manual Review
70091467,20575.0, 60 months,19.89,E,E3,10+ years,MORTGAGE,91000.0,Verified,debt_consolidation,NY,34.58,0.0,675.0,679.0,2.0,72.0,20.0,Individual,5,High Risk,Manual Review
70071224,8000.0, 36 months,18.99,E,E1,2 years,MORTGAGE,48000.0,Source Verified,debt_consolidation,NY,35.28,0.0,670.0,674.0,0.0,46.7,37.0,Individual,5,High Risk,Manual Review
69096754,14700.0, 60 months,19.89,E,E3,9 years,RENT,32000.0,Verified,credit_card,CA,39.8,1.0,720.0,724.0,1.0,92.9,16.0,Individual,7,High Risk,Manual Review
69534539,25475.0, 60 months,20.5,E,E4,3 years,RENT,57928.0,Verified,debt_consolidation,VA,38.2,0.0,700.0,704.0,0.0,57.9,32.0,Individual,5,High Risk,Manual Review
70191249,12175.0, 60 months,20.5,E,E4,3 years,RENT,55000.0,Verified,debt_consolidation,MD,34.04,0.0,690.0,694.0,0.0,59.2,18.0,Individual,5,High Risk,Manual Review
70071313,23200.0, 60 months,19.48,E,E2,4 years,MORTGAGE,51300.0,Source Verified,credit_card,OK,30.81,0.0,695.0,699.0,0.0,75.3,22.0,Individual,5,High Risk,Manual Review
70211192,13000.0, 60 months,19.89,E,E3,3 years,RENT,70000.0,Source Verified,credit_card,OH,38.49,0.0,670.0,674.0,0.0,81.8,37.0,Individual,6,High Risk,Manual Review
70181324,28600.0, 60 months,27.99,G,G3,1 year,RENT,75000.0,Source Verified,debt_consolidation,NV,38.21,0.0,680.0,684.0,1.0,68.2,19.0,Individual,5,High Risk,Manual Review
70171379,2500.0, 36 months,19.89,E,E3,10+ years,RENT,60000.0,Verified,medical,UT,36.32,0.0,675.0,679.0,2.0,93.4,58.0,Individual,6,High Risk,Manual Review
69492116,22500.0, 60 months,18.99,E,E1,3 years,MORTGAGE,45000.0,Source Verified,credit_card,NC,20.24,1.0,705.0,709.0,0.0,95.1,18.0,Individual,5,High Risk,Manual Review
70190944,30000.0, 60 months,20.5,E,E4,10+ years,MORTGAGE,93000.0,Not Verified,debt_consolidation,UT,42.28,0.0,700.0,704.0,2.0,27.0,36.0,Individual,5,High Risk,Manual Review
70031138,13950.0, 60 months,20.5,E,E4,2 years,MORTGAGE,65000.0,Source Verified,debt_consolidation,VA,30.71,1.0,665.0,669.0,0.0,27.3,24.0,Individual,6,High Risk,Manual Review
70141510,21000.0, 60 months,18.99,E,E1,1 year,RENT,100000.0,Source Verified,debt_consolidation,CO,35.47,0.0,670.0,674.0,1.0,33.8,32.0,Individual,5,High Risk,Manual Review
70170931,15325.0, 60 months,23.13,F,F2,7 years,MORTGAGE,45100.0,Verified,debt_consolidation,WA,47.11,2.0,685.0,689.0,2.0,57.9,18.0,Individual,6,High Risk,Manual Review
70191099,10800.0, 36 months,25.09,F,F4,10+ years,MORTGAGE,30000.0,Verified,debt_consolidation,NH,48.92,0.0,680.0,684.0,1.0,65.1,25.0,Individual,5,High Risk,Manual Review
70181197,13200.0, 36 months,18.99,E,E1,3 years,RENT,47000.0,Source Verified,debt_consolidation,FL,30.8,0.0,670.0,674.0,2.0,53.3,24.0,Individual,5,High Risk,Manual Review
70120951,22425.0, 60 months,21.48,E,E5,< 1 year,MORTGAGE,35000.0,Verified,debt_consolidation,WA,45.85,2.0,680.0,684.0,0.0,61.9,25.0,Joint App,6,High Risk,Manual Review
70091059,13475.0, 60 months,28.99,G,G5,1 year,MORTGAGE,61000.0,Verified,debt_consolidation,WA,46.96,4.0,675.0,679.0,3.0,78.0,26.0,Individual,6,High Risk,Manual Review
70021819,17025.0, 60 months,18.99,E,E1,< 1 year,MORTGAGE,43824.0,Not Verified,debt_consolidation,UT,38.88,0.0,740.0,744.0,0.0,32.1,56.0,Individual,5,High Risk,Manual Review
68905948,19800.0, 60 months,19.89,E,E3,3 years,MORTGAGE,55000.0,Verified,debt_consolidation,PA,28.47,2.0,665.0,669.0,0.0,84.0,25.0,Individual,5,High Risk,Manual Review
68616513,20675.0, 60 months,19.89,E,E3,10+ years,OWN,47000.0,Source Verified,debt_consolidation,NY,33.22,0.0,680.0,684.0,0.0,65.6,39.0,Individual,5,High Risk,Manual Review
70210923,10000.0, 60 months,18.99,E,E1,9 years,RENT,30000.0,Verified,credit_card,VT,38.8,0.0,665.0,669.0,0.0,71.3,13.0,Individual,5,High Risk,Manual Review
70160997,32000.0, 60 months,20.5,E,E4,7 years,RENT,87000.0,Verified,debt_consolidation,IL,30.65,1.0,695.0,699.0,3.0,31.3,50.0,Individual,6,High Risk,Manual Review
70021817,14550.0, 60 months,23.13,F,F2,,RENT,29126.0,Verified,debt_consolidation,NC,32.01,0.0,680.0,684.0,0.0,60.4,13.0,Individual,5,High Risk,Manual Review
69634697,35000.0, 60 months,19.89,E,E3,10+ years,MORTGAGE,121000.0,Verified,debt_consolidation,RI,34.95,0.0,705.0,709.0,2.0,90.0,23.0,Individual,6,High Risk,Manual Review
70141356,22000.0, 60 months,19.48,E,E2,9 years,RENT,50000.0,Verified,debt_consolidation,CA,38.57,0.0,705.0,709.0,0.0,84.1,26.0,Individual,6,High Risk,Manual Review
70100811,9750.0, 36 months,20.5,E,E4,< 1 year,MORTGAGE,63130.0,Source Verified,debt_consolidation,MA,33.52,0.0,660.0,664.0,2.0,77.6,55.0,Individual,5,High Risk,Manual Review
69990903,12350.0, 36 months,18.99,E,E1,3 years,RENT,53000.0,Verified,debt_consolidation,MN,41.55,3.0,675.0,679.0,0.0,91.0,19.0,Individual,7,High Risk,Manual Review
70141208,20000.0, 60 months,18.99,E,E1,< 1 year,RENT,60000.0,Verified,debt_consolidation,NC,34.54,0.0,675.0,679.0,2.0,61.8,23.0,Individual,5,High Risk,Manual Review
69454693,21650.0, 60 months,20.5,E,E4,2 years,OWN,62500.0,Verified,debt_consolidation,FL,30.24,0.0,660.0,664.0,0.0,53.5,41.0,Individual,5,High Risk,Manual Review
69646342,10200.0, 36 months,19.48,E,E2,1 year,RENT,32000.0,Verified,debt_consolidation,FL,35.48,0.0,705.0,709.0,0.0,26.9,21.0,Individual,5,High Risk,Manual Review
70010380,35000.0, 60 months,22.45,F,F1,10+ years,MORTGAGE,230000.0,Source Verified,home_improvement,FL,17.32,1.0,660.0,664.0,0.0,86.6,30.0,Individual,5,High Risk,Manual Review
70170789,22975.0, 60 months,19.89,E,E3,10+ years,RENT,63000.0,Source Verified,debt_consolidation,NY,13.39,1.0,670.0,674.0,1.0,95.9,17.0,Individual,5,High Risk,Manual Review
69990902,19000.0, 60 months,18.99,E,E1,2 years,MORTGAGE,32000.0,Verified,debt_consolidation,OH,32.9,0.0,670.0,674.0,1.0,64.5,22.0,Joint App,5,High Risk,Manual Review
69978327,15000.0, 60 months,19.89,E,E3,9 years,MORTGAGE,50000.0,Source Verified,debt_consolidation,TX,33.2,0.0,690.0,694.0,2.0,43.2,29.0,Joint App,5,High Risk,Manual Review
69990630,35000.0, 60 months,23.13,F,F2,10+ years,OWN,85000.0,Source Verified,debt_consolidation,CA,33.45,0.0,685.0,689.0,3.0,64.2,49.0,Individual,5,High Risk,Manual Review
70120900,31500.0, 60 months,21.48,E,E5,2 years,RENT,63000.0,Source Verified,debt_consolidation,CA,34.49,1.0,665.0,669.0,0.0,60.3,37.0,Individual,6,High Risk,Manual Review
70090849,12800.0, 60 months,19.48,E,E2,10+ years,RENT,54500.0,Verified,debt_consolidation,CA,37.84,0.0,680.0,684.0,0.0,89.0,20.0,Individual,6,High Risk,Manual Review
70170727,29600.0, 60 months,18.99,E,E1,5 years,RENT,112000.0,Not Verified,debt_consolidation,CA,32.84,0.0,715.0,719.0,0.0,17.3,45.0,Individual,5,High Risk,Manual Review
69553452,35000.0, 60 months,22.45,F,F1,< 1 year,OWN,140400.0,Verified,debt_consolidation,GA,11.16,2.0,660.0,664.0,0.0,89.2,32.0,Individual,5,High Risk,Manual Review
70070662,8025.0, 36 months,22.45,F,F1,2 years,OWN,80000.0,Source Verified,small_business,NC,33.2,0.0,670.0,674.0,0.0,69.7,17.0,Individual,5,High Risk,Manual Review
70090938,24000.0, 36 months,20.5,E,E4,4 years,MORTGAGE,60000.0,Source Verified,debt_consolidation,MO,32.1,0.0,675.0,679.0,1.0,79.9,24.0,Individual,5,High Risk,Manual Review
69980768,15100.0, 60 months,19.89,E,E3,1 year,RENT,42000.0,Verified,debt_consolidation,MN,32.0,0.0,675.0,679.0,0.0,81.2,14.0,Individual,6,High Risk,Manual Review
70160882,30000.0, 60 months,19.89,E,E3,10+ years,RENT,110000.0,Verified,debt_consolidation,TN,31.13,2.0,665.0,669.0,0.0,38.3,18.0,Individual,6,High Risk,Manual Review
70150320,6900.0, 36 months,20.5,E,E4,3 years,MORTGAGE,45000.0,Verified,debt_consolidation,CA,38.27,0.0,695.0,699.0,2.0,35.6,26.0,Individual,5,High Risk,Manual Review
69966779,23025.0, 60 months,18.99,E,E1,10+ years,RENT,60600.0,Verified,debt_consolidation,OR,33.15,0.0,665.0,669.0,1.0,89.7,27.0,Individual,6,High Risk,Manual Review
70151139,8000.0, 36 months,19.48,E,E2,10+ years,OWN,45000.0,Verified,debt_consolidation,FL,41.37,0.0,685.0,689.0,0.0,78.1,43.0,Individual,5,High Risk,Manual Review
70170620,22275.0, 60 months,20.5,E,E4,10+ years,MORTGAGE,65500.0,Not Verified,debt_consolidation,CA,34.08,1.0,660.0,664.0,0.0,73.6,29.0,Individual,6,High Risk,Manual Review
70160576,18075.0, 60 months,18.99,E,E1,8 years,MORTGAGE,80000.0,Source Verified,credit_card,LA,33.21,0.0,710.0,714.0,1.0,57.6,37.0,Individual,5,High Risk,Manual Review
70080266,10875.0, 60 months,21.48,E,E5,< 1 year,RENT,34000.0,Source Verified,debt_consolidation,MI,35.05,0.0,695.0,699.0,0.0,38.1,40.0,Individual,5,High Risk,Manual Review
70110529,10075.0, 60 months,24.24,F,F3,< 1 year,RENT,28000.0,Verified,debt_consolidation,TN,31.08,1.0,670.0,674.0,0.0,95.8,26.0,Individual,7,High Risk,Manual Review
70080675,13075.0, 36 months,19.89,E,E3,6 years,RENT,40000.0,Verified,debt_consolidation,NM,48.3,1.0,670.0,674.0,0.0,76.4,16.0,Individual,6,High Risk,Manual Review
70140876,21350.0, 60 months,20.5,E,E4,< 1 year,RENT,52000.0,Verified,debt_consolidation,AZ,30.26,0.0,700.0,704.0,0.0,49.8,17.0,Individual,5,High Risk,Manual Review
69943374,10050.0, 36 months,22.45,F,F1,10+ years,RENT,45000.0,Not Verified,credit_card,CA,30.19,2.0,670.0,674.0,4.0,18.3,49.0,Individual,6,High Risk,Manual Review
70020990,16500.0, 60 months,26.99,G,G1,7 years,MORTGAGE,55000.0,Verified,debt_consolidation,MD,31.42,0.0,680.0,684.0,1.0,68.0,26.0,Individual,5,High Risk,Manual Review
70020968,22250.0, 60 months,19.48,E,E2,10+ years,OWN,60500.0,Not Verified,debt_consolidation,WA,35.09,0.0,700.0,704.0,0.0,84.2,43.0,Individual,6,High Risk,Manual Review
70130146,10425.0, 36 months,18.99,E,E1,< 1 year,RENT,29000.0,Verified,debt_consolidation,CA,36.96,0.0,695.0,699.0,1.0,38.6,9.0,Individual,5,High Risk,Manual Review
70150725,14000.0, 60 months,23.13,F,F2,,RENT,52000.0,Verified,medical,TX,44.31,0.0,675.0,679.0,1.0,55.7,23.0,Individual,5,High Risk,Manual Review
70030475,12000.0, 36 months,20.5,E,E4,,RENT,34300.0,Verified,debt_consolidation,MI,30.02,0.0,710.0,714.0,3.0,38.0,19.0,Individual,5,High Risk,Manual Review
70050632,26800.0, 36 months,26.06,F,F5,4 years,RENT,67000.0,Verified,credit_card,NH,38.74,0.0,665.0,669.0,1.0,71.7,28.0,Individual,5,High Risk,Manual Review
69979255,8050.0, 36 months,22.45,F,F1,5 years,RENT,28000.0,Source Verified,debt_consolidation,OH,33.82,0.0,680.0,684.0,1.0,78.3,15.0,Individual,5,High Risk,Manual Review
69423708,12000.0, 60 months,20.5,E,E4,1 year,OWN,36000.0,Verified,debt_consolidation,TN,41.0,1.0,685.0,689.0,0.0,78.7,24.0,Individual,6,High Risk,Manual Review
69980275,19000.0, 60 months,19.48,E,E2,< 1 year,RENT,55000.0,Verified,credit_card,ME,40.01,1.0,685.0,689.0,0.0,72.4,41.0,Individual,6,High Risk,Manual Review
70120155,19875.0, 60 months,18.99,E,E1,10+ years,MORTGAGE,65000.0,Source Verified,credit_card,MO,32.71,0.0,725.0,729.0,1.0,95.9,29.0,Individual,6,High Risk,Manual Review
68722242,19200.0, 60 months,18.99,E,E1,10+ years,MORTGAGE,59000.0,Verified,debt_consolidation,CT,21.58,5.0,665.0,669.0,1.0,85.8,34.0,Individual,5,High Risk,Manual Review
69664295,35000.0, 60 months,19.89,E,E3,5 years,RENT,125000.0,Source Verified,debt_consolidation,AZ,36.91,3.0,670.0,674.0,2.0,68.1,48.0,Individual,6,High Risk,Manual Review
70190365,32025.0, 36 months,23.13,F,F2,< 1 year,MORTGAGE,100000.0,Verified,debt_consolidation,NC,36.13,0.0,695.0,699.0,0.0,46.0,22.0,Individual,5,High Risk,Manual Review
70120300,12700.0, 60 months,21.48,E,E5,10+ years,RENT,43000.0,Source Verified,debt_consolidation,FL,38.77,0.0,690.0,694.0,0.0,65.2,20.0,Individual,5,High Risk,Manual Review
70190260,21000.0, 60 months,19.48,E,E2,< 1 year,RENT,58385.0,Verified,debt_consolidation,MN,30.01,0.0,665.0,669.0,0.0,59.1,19.0,Individual,5,High Risk,Manual Review
70080185,35000.0, 60 months,18.99,E,E1,10+ years,RENT,101700.0,Source Verified,credit_card,MA,30.56,0.0,665.0,669.0,1.0,82.3,31.0,Individual,6,High Risk,Manual Review
69572712,21600.0, 60 months,19.89,E,E3,1 year,OWN,60000.0,Verified,renewable_energy,CA,36.51,0.0,765.0,769.0,2.0,34.5,19.0,Individual,5,High Risk,Manual Review
69803631,35000.0, 60 months,19.89,E,E3,6 years,RENT,80000.0,Verified,credit_card,CA,53.19,0.0,700.0,704.0,0.0,82.3,28.0,Joint App,6,High Risk,Manual Review
70020415,11225.0, 60 months,20.5,E,E4,1 year,MORTGAGE,42500.0,Source Verified,debt_consolidation,OH,37.9,0.0,680.0,684.0,0.0,59.7,34.0,Individual,5,High Risk,Manual Review
69792663,25000.0, 60 months,23.13,F,F2,4 years,MORTGAGE,86700.0,Verified,debt_consolidation,WA,32.61,0.0,680.0,684.0,1.0,87.0,36.0,Individual,6,High Risk,Manual Review
69802201,12350.0, 60 months,25.09,F,F4,10+ years,OWN,85000.0,Verified,credit_card,OH,48.96,0.0,695.0,699.0,0.0,65.5,39.0,Individual,5,High Risk,Manual Review
69923952,29250.0, 60 months,21.48,E,E5,10+ years,MORTGAGE,65000.0,Verified,debt_consolidation,NH,33.77,0.0,710.0,714.0,1.0,42.0,19.0,Individual,5,High Risk,Manual Review
68755113,12875.0, 60 months,18.99,E,E1,10+ years,MORTGAGE,60000.0,Verified,debt_consolidation,MI,32.86,1.0,690.0,694.0,0.0,37.9,40.0,Individual,6,High Risk,Manual Review
69843578,17850.0, 60 months,18.49,D,D5,10+ years,OWN,45772.0,Not Verified,debt_consolidation,NY,38.04,1.0,675.0,679.0,0.0,85.3,22.0,Individual,5,High Risk,Manual Review
70160114,4500.0, 36 months,20.5,E,E4,4 years,OWN,47750.0,Verified,debt_consolidation,CA,42.55,0.0,680.0,684.0,0.0,78.3,35.0,Individual,5,High Risk,Manual Review
69823675,9975.0, 36 months,19.48,E,E2,10+ years,MORTGAGE,82000.0,Verified,debt_consolidation,NY,30.24,0.0,660.0,664.0,1.0,91.0,34.0,Individual,6,High Risk,Manual Review
69943430,13000.0, 36 months,21.48,E,E5,1 year,RENT,50000.0,Verified,credit_card,KY,46.37,0.0,680.0,684.0,1.0,45.3,38.0,Individual,5,High Risk,Manual Review
69903542,30000.0, 60 months,18.99,E,E1,10+ years,MORTGAGE,135000.0,Verified,debt_consolidation,MI,31.07,4.0,680.0,684.0,1.0,81.0,61.0,Individual,7,High Risk,Manual Review
69743496,7000.0, 36 months,18.99,E,E1,10+ years,MORTGAGE,42000.0,Verified,debt_consolidation,TX,46.91,0.0,710.0,714.0,0.0,73.8,24.0,Individual,5,High Risk,Manual Review
69086522,21100.0, 60 months,19.48,E,E2,9 years,RENT,48000.0,Verified,debt_consolidation,WA,31.33,0.0,700.0,704.0,0.0,65.6,16.0,Individual,5,High Risk,Manual Review
69913278,15400.0, 60 months,18.99,E,E1,8 years,RENT,35000.0,Source Verified,credit_card,MO,33.47,1.0,660.0,664.0,1.0,43.0,18.0,Individual,6,High Risk,Manual Review
69873930,28000.0, 60 months,20.5,E,E4,10+ years,RENT,70000.0,Source Verified,debt_consolidation,CA,35.92,2.0,665.0,669.0,1.0,85.9,34.0,Individual,7,High Risk,Manual Review
69733431,16325.0, 60 months,27.49,G,G2,10+ years,MORTGAGE,48000.0,Verified,debt_consolidation,TX,36.64,0.0,710.0,714.0,0.0,85.7,18.0,Individual,6,High Risk,Manual Review
69604814,16000.0, 60 months,17.97,D,D4,10+ years,RENT,50000.0,Verified,debt_consolidation,TN,37.35,1.0,665.0,669.0,0.0,85.7,24.0,Individual,5,High Risk,Manual Review
69752999,15000.0, 36 months,19.89,E,E3,10+ years,RENT,70000.0,Verified,debt_consolidation,IL,45.12,0.0,680.0,684.0,1.0,60.2,36.0,Individual,5,High Risk,Manual Review
69942939,18000.0, 60 months,19.48,E,E2,9 years,RENT,62500.0,Not Verified,credit_card,OR,31.61,0.0,705.0,709.0,1.0,55.9,26.0,Individual,5,High Risk,Manual Review
69793408,26400.0, 36 months,18.49,D,D5,7 years,OWN,60000.0,Not Verified,major_purchase,FL,38.34,1.0,665.0,669.0,0.0,92.7,13.0,Individual,5,High Risk,Manual Review
69157286,22000.0, 60 months,23.13,F,F2,10+ years,OWN,50000.0,Verified,debt_consolidation,NC,25.56,1.0,680.0,684.0,0.0,86.1,13.0,Individual,5,High Risk,Manual Review
69307226,15750.0, 60 months,25.09,F,F4,2 years,RENT,65000.0,Verified,debt_consolidation,PA,40.36,0.0,700.0,704.0,2.0,74.4,28.0,Individual,5,High Risk,Manual Review
69933476,11150.0, 60 months,22.45,F,F1,,RENT,22306.8,Verified,debt_consolidation,NJ,34.34,0.0,695.0,699.0,0.0,59.7,19.0,Individual,5,High Risk,Manual Review
69763267,3850.0, 36 months,24.24,F,F3,,OWN,12912.0,Verified,debt_consolidation,AL,30.95,0.0,660.0,664.0,0.0,22.2,13.0,Individual,5,High Risk,Manual Review
69763316,30000.0, 36 months,24.24,F,F3,7 years,RENT,117000.0,Source Verified,debt_consolidation,FL,32.15,2.0,695.0,699.0,2.0,15.1,22.0,Individual,6,High Risk,Manual Review
69732656,4975.0, 36 months,21.48,E,E5,,RENT,21036.0,Verified,debt_consolidation,ME,32.57,0.0,660.0,664.0,0.0,76.0,11.0,Individual,5,High Risk,Manual Review
69943221,27600.0, 60 months,19.48,E,E2,< 1 year,RENT,60000.0,Source Verified,debt_consolidation,NC,38.24,0.0,680.0,684.0,1.0,67.9,33.0,Individual,5,High Risk,Manual Review
69953152,25025.0, 60 months,24.24,F,F3,< 1 year,RENT,65000.0,Source Verified,debt_consolidation,FL,30.21,0.0,660.0,664.0,1.0,92.3,22.0,Joint App,6,High Risk,Manual Review
69942299,24700.0, 60 months,22.45,F,F1,10+ years,RENT,65000.0,Verified,debt_consolidation,MI,30.05,0.0,660.0,664.0,1.0,73.1,53.0,Individual,5,High Risk,Manual Review
69763223,18600.0, 60 months,23.13,F,F2,8 years,RENT,90000.0,Verified,other,NY,41.32,0.0,675.0,679.0,1.0,50.3,38.0,Individual,5,High Risk,Manual Review
69702601,5900.0, 36 months,26.06,F,F5,< 1 year,MORTGAGE,41600.0,Verified,home_improvement,VT,31.56,1.0,680.0,684.0,1.0,19.7,44.0,Individual,6,High Risk,Manual Review
69793169,27500.0, 60 months,22.45,F,F1,9 years,MORTGAGE,85000.0,Source Verified,debt_consolidation,FL,34.49,0.0,675.0,679.0,0.0,71.9,40.0,Individual,5,High Risk,Manual Review
69783258,29825.0, 60 months,19.48,E,E2,10+ years,MORTGAGE,70000.0,Not Verified,debt_consolidation,MA,35.38,0.0,705.0,709.0,0.0,46.9,53.0,Individual,5,High Risk,Manual Review
69524376,12000.0, 36 months,18.99,E,E1,10+ years,RENT,55000.0,Verified,debt_consolidation,MS,36.17,0.0,660.0,664.0,3.0,72.0,64.0,Individual,5,High Risk,Manual Review
69493970,10800.0, 36 months,19.89,E,E3,< 1 year,RENT,30000.0,Source Verified,debt_consolidation,AZ,35.79,0.0,670.0,674.0,0.0,92.7,11.0,Individual,6,High Risk,Manual Review
69803506,10000.0, 60 months,23.13,F,F2,5 years,MORTGAGE,45000.0,Source Verified,debt_consolidation,CO,31.6,0.0,665.0,669.0,0.0,71.7,30.0,Individual,5,High Risk,Manual Review
68882395,20000.0, 60 months,18.99,E,E1,5 years,RENT,60000.0,Source Verified,credit_card,CA,31.39,0.0,700.0,704.0,1.0,86.2,31.0,Individual,6,High Risk,Manual Review
69842435,11225.0, 60 months,26.06,F,F5,6 years,RENT,50000.0,Verified,other,CA,47.89,2.0,690.0,694.0,0.0,50.7,48.0,Individual,6,High Risk,Manual Review
69823203,6000.0, 36 months,19.48,E,E2,1 year,RENT,20000.0,Source Verified,debt_consolidation,CA,31.31,0.0,660.0,664.0,0.0,66.2,14.0,Individual,5,High Risk,Manual Review
69893059,30000.0, 60 months,21.48,E,E5,10+ years,RENT,88000.0,Verified,debt_consolidation,CT,17.89,1.0,660.0,664.0,2.0,96.5,15.0,Individual,5,High Risk,Manual Review
68551602,19175.0, 60 months,20.5,E,E4,8 years,OWN,60000.0,Not Verified,debt_consolidation,TN,39.21,2.0,665.0,669.0,0.0,60.4,40.0,Individual,6,High Risk,Manual Review
69853153,7250.0, 36 months,18.99,E,E1,10+ years,RENT,24249.6,Verified,debt_consolidation,FL,38.61,0.0,665.0,669.0,0.0,94.9,16.0,Individual,6,High Risk,Manual Review
69712570,20000.0, 60 months,18.99,E,E1,10+ years,MORTGAGE,50000.0,Source Verified,credit_card,OH,35.93,0.0,675.0,679.0,1.0,61.4,39.0,Individual,5,High Risk,Manual Review
69713315,34025.0, 60 months,24.24,F,F3,3 years,RENT,74000.0,Source Verified,debt_consolidation,NV,31.69,0.0,710.0,714.0,1.0,41.3,20.0,Individual,5,High Risk,Manual Review
69434950,18900.0, 60 months,18.99,E,E1,10+ years,RENT,45000.0,Verified,debt_consolidation,MN,34.59,0.0,675.0,679.0,1.0,50.7,43.0,Individual,5,High Risk,Manual Review
69772786,10475.0, 36 months,18.99,E,E1,10+ years,RENT,45000.0,Verified,credit_card,NJ,39.33,0.0,670.0,674.0,0.0,58.7,22.0,Individual,5,High Risk,Manual Review
69793148,20000.0, 60 months,21.48,E,E5,3 years,MORTGAGE,80000.0,Not Verified,debt_consolidation,AL,43.88,0.0,710.0,714.0,0.0,54.3,31.0,Individual,5,High Risk,Manual Review
69723124,30000.0, 60 months,19.48,E,E2,2 years,MORTGAGE,110000.0,Verified,debt_consolidation,NC,37.02,0.0,695.0,699.0,1.0,71.0,33.0,Individual,5,High Risk,Manual Review
69913152,20575.0, 60 months,19.48,E,E2,3 years,MORTGAGE,70000.0,Source Verified,debt_consolidation,FL,35.25,1.0,665.0,669.0,1.0,73.1,53.0,Individual,6,High Risk,Manual Review
69803041,26400.0, 60 months,18.99,E,E1,10+ years,MORTGAGE,78000.0,Source Verified,debt_consolidation,TX,31.08,1.0,665.0,669.0,3.0,61.7,58.0,Individual,6,High Risk,Manual Review
69833051,17550.0, 60 months,24.24,F,F3,10+ years,MORTGAGE,48800.0,Verified,debt_consolidation,OK,34.87,0.0,680.0,684.0,2.0,84.1,63.0,Individual,6,High Risk,Manual Review
69803115,11350.0, 36 months,19.89,E,E3,5 years,MORTGAGE,78000.0,Verified,credit_card,FL,43.29,0.0,690.0,694.0,0.0,86.6,50.0,Individual,6,High Risk,Manual Review
69933124,3000.0, 36 months,18.99,E,E1,,RENT,75300.0,Verified,other,NV,37.86,0.0,680.0,684.0,0.0,105.5,35.0,Individual,6,High Risk,Manual Review
69525163,17725.0, 60 months,18.99,E,E1,,RENT,35491.62,Verified,debt_consolidation,FL,32.94,1.0,670.0,674.0,0.0,85.4,20.0,Individual,7,High Risk,Manual Review
69287440,16575.0, 60 months,23.13,F,F2,< 1 year,RENT,60000.0,Source Verified,debt_consolidation,MD,36.72,1.0,660.0,664.0,0.0,38.8,29.0,Individual,6,High Risk,Manual Review
69823012,11700.0, 36 months,18.99,E,E1,4 years,RENT,38500.0,Verified,other,CA,41.08,0.0,690.0,694.0,0.0,41.5,16.0,Individual,5,High Risk,Manual Review
69694783,20400.0, 60 months,18.99,E,E1,8 years,MORTGAGE,58000.0,Verified,debt_consolidation,MA,21.99,1.0,660.0,664.0,0.0,82.5,30.0,Individual,5,High Risk,Manual Review
69912814,23350.0, 60 months,18.99,E,E1,10+ years,MORTGAGE,82000.0,Not Verified,debt_consolidation,IL,37.1,0.0,660.0,664.0,1.0,85.0,34.0,Individual,6,High Risk,Manual Review
69812497,31325.0, 60 months,22.45,F,F1,10+ years,MORTGAGE,71000.0,Source Verified,debt_consolidation,AR,31.32,0.0,660.0,664.0,1.0,73.3,27.0,Individual,5,High Risk,Manual Review
69823052,33000.0, 60 months,26.06,F,F5,10+ years,OWN,75000.0,Source Verified,debt_consolidation,TX,34.51,1.0,665.0,669.0,0.0,50.1,28.0,Individual,6,High Risk,Manual Review
69534862,20175.0, 60 months,23.13,F,F2,10+ years,RENT,215000.0,Source Verified,debt_consolidation,VA,25.25,1.0,675.0,679.0,1.0,82.6,78.0,Individual,5,High Risk,Manual Review
69697812,15000.0, 36 months,16.59,D,D2,4 years,MORTGAGE,48000.0,Not Verified,home_improvement,NC,30.13,1.0,675.0,679.0,0.0,87.9,41.0,Individual,5,High Risk,Manual Review
69912475,24000.0, 60 months,22.45,F,F1,3 years,MORTGAGE,80000.0,Source Verified,debt_consolidation,IL,21.23,2.0,660.0,664.0,0.0,93.8,32.0,Individual,5,High Risk,Manual Review
69873276,29500.0, 60 months,18.99,E,E1,10+ years,RENT,59000.0,Source Verified,debt_consolidation,CA,32.89,0.0,750.0,754.0,0.0,27.9,35.0,Individual,5,High Risk,Manual Review
69862817,18050.0, 60 months,19.89,E,E3,8 years,MORTGAGE,56000.0,Not Verified,debt_consolidation,OH,31.74,0.0,670.0,674.0,1.0,40.7,34.0,Individual,5,High Risk,Manual Review
69472558,3875.0, 36 months,24.24,F,F3,3 years,RENT,25000.0,Source Verified,debt_consolidation,CA,38.45,0.0,670.0,674.0,1.0,45.4,12.0,Individual,5,High Risk,Manual Review
69792696,12575.0, 60 months,23.13,F,F2,< 1 year,RENT,41000.0,Verified,debt_consolidation,MS,42.71,0.0,695.0,699.0,0.0,60.1,12.0,Individual,5,High Risk,Manual Review
69742407,10000.0, 60 months,18.99,E,E1,10+ years,MORTGAGE,62000.0,Source Verified,debt_consolidation,GA,35.77,0.0,660.0,664.0,1.0,81.0,42.0,Individual,6,High Risk,Manual Review
69698679,27000.0, 60 months,20.5,E,E4,2 years,OWN,65000.0,Verified,debt_consolidation,FL,43.65,0.0,695.0,699.0,1.0,65.5,29.0,Individual,5,High Risk,Manual Review
69664827,20000.0, 60 months,25.09,F,F4,< 1 year,RENT,60000.0,Verified,debt_consolidation,TX,34.86,0.0,685.0,689.0,3.0,47.3,23.0,Individual,5,High Risk,Manual Review
69654567,9975.0, 36 months,19.48,E,E2,8 years,MORTGAGE,44000.0,Source Verified,debt_consolidation,OK,37.81,0.0,690.0,694.0,0.0,65.4,37.0,Individual,5,High Risk,Manual Review
67175532,18000.0, 60 months,18.99,E,E1,10+ years,MORTGAGE,82000.0,Verified,home_improvement,NJ,31.77,0.0,680.0,684.0,1.0,56.7,16.0,Individual,5,High Risk,Manual Review
69922256,24200.0, 60 months,19.48,E,E2,9 years,RENT,55000.0,Verified,credit_card,FL,30.92,0.0,690.0,694.0,0.0,79.2,19.0,Individual,5,High Risk,Manual Review
69574995,16400.0, 60 months,19.48,E,E2,10+ years,MORTGAGE,72000.0,Source Verified,debt_consolidation,OH,9.18,1.0,665.0,669.0,1.0,88.7,17.0,Individual,5,High Risk,Manual Review
69635311,12250.0, 60 months,23.13,F,F2,,MORTGAGE,44000.0,Verified,debt_consolidation,VT,36.2,0.0,685.0,689.0,0.0,77.8,9.0,Individual,5,High Risk,Manual Review
69832402,25000.0, 60 months,22.45,F,F1,10+ years,MORTGAGE,70000.0,Verified,debt_consolidation,IL,39.48,0.0,675.0,679.0,1.0,60.3,21.0,Individual,5,High Risk,Manual Review
69523537,6850.0, 36 months,22.45,F,F1,10+ years,RENT,28000.0,Verified,debt_consolidation,TN,47.28,0.0,660.0,664.0,0.0,83.8,22.0,Individual,6,High Risk,Manual Review
69732510,10150.0, 36 months,18.49,D,D5,10+ years,MORTGAGE,80000.0,Verified,debt_consolidation,FL,44.88,1.0,680.0,684.0,0.0,93.5,20.0,Individual,5,High Risk,Manual Review
69832191,15400.0, 60 months,20.5,E,E4,6 years,RENT,52000.0,Not Verified,debt_consolidation,CA,46.0,0.0,665.0,669.0,0.0,55.0,31.0,Individual,5,High Risk,Manual Review
69503538,28000.0, 36 months,24.24,F,F3,10+ years,MORTGAGE,70000.0,Source Verified,debt_consolidation,OH,31.63,1.0,660.0,664.0,1.0,67.1,48.0,Individual,6,High Risk,Manual Review
69772534,19200.0, 60 months,19.89,E,E3,8 years,MORTGAGE,40000.0,Source Verified,debt_consolidation,OH,35.16,0.0,675.0,679.0,1.0,82.0,13.0,Individual,6,High Risk,Manual Review
69772770,16000.0, 60 months,19.48,E,E2,10+ years,RENT,70000.0,Verified,major_purchase,CA,47.87,0.0,680.0,684.0,1.0,61.1,18.0,Individual,5,High Risk,Manual Review
69712742,10000.0, 60 months,20.5,E,E4,10+ years,MORTGAGE,65000.0,Verified,credit_card,CO,44.29,1.0,660.0,664.0,0.0,65.1,46.0,Individual,6,High Risk,Manual Review
69424857,4000.0, 36 months,19.48,E,E2,< 1 year,RENT,31000.0,Verified,debt_consolidation,SD,32.48,0.0,675.0,679.0,1.0,97.4,18.0,Individual,6,High Risk,Manual Review
69117242,31000.0, 60 months,22.45,F,F1,10+ years,OWN,62000.0,Source Verified,debt_consolidation,FL,32.63,0.0,685.0,689.0,1.0,40.4,36.0,Individual,5,High Risk,Manual Review
67849768,28000.0, 60 months,21.48,E,E5,10+ years,MORTGAGE,76000.0,Source Verified,debt_consolidation,MN,35.27,0.0,725.0,729.0,0.0,26.3,41.0,Individual,5,High Risk,Manual Review
69812501,14000.0, 60 months,19.89,E,E3,10+ years,MORTGAGE,45000.0,Verified,other,MN,43.07,0.0,680.0,684.0,0.0,69.8,14.0,Individual,5,High Risk,Manual Review
69902649,9275.0, 36 months,19.89,E,E3,2 years,MORTGAGE,64250.0,Verified,debt_consolidation,MA,44.29,0.0,690.0,694.0,1.0,73.5,40.0,Individual,5,High Risk,Manual Review
69772664,20000.0, 36 months,19.89,E,E3,3 years,RENT,110000.0,Source Verified,debt_consolidation,AZ,32.93,0.0,660.0,664.0,0.0,30.9,12.0,Individual,5,High Risk,Manual Review
69614830,11725.0, 60 months,24.24,F,F3,8 years,MORTGAGE,34500.0,Not Verified,debt_consolidation,GA,47.13,0.0,710.0,714.0,0.0,99.0,22.0,Individual,6,High Risk,Manual Review
69872670,24225.0, 60 months,20.5,E,E4,10+ years,MORTGAGE,60000.0,Source Verified,debt_consolidation,TN,36.05,1.0,670.0,674.0,0.0,58.4,27.0,Individual,6,High Risk,Manual Review
69862195,30375.0, 36 months,19.89,E,E3,10+ years,MORTGAGE,67500.0,Verified,debt_consolidation,AK,22.12,1.0,660.0,664.0,0.0,84.0,36.0,Individual,5,High Risk,Manual Review
69922753,14200.0, 60 months,28.99,G,G5,,MORTGAGE,39500.0,Verified,debt_consolidation,TN,33.45,2.0,665.0,669.0,4.0,71.0,21.0,Individual,6,High Risk,Manual Review
69474548,28750.0, 60 months,21.48,E,E5,10+ years,RENT,62517.0,Verified,credit_card,NY,33.07,0.0,665.0,669.0,1.0,41.0,27.0,Individual,5,High Risk,Manual Review
69812474,22000.0, 60 months,21.48,E,E5,9 years,RENT,50000.0,Verified,debt_consolidation,VA,31.57,0.0,700.0,704.0,0.0,42.0,25.0,Individual,5,High Risk,Manual Review
69802751,7300.0, 36 months,19.48,E,E2,4 years,OWN,60000.0,Verified,debt_consolidation,CA,30.88,0.0,680.0,684.0,3.0,35.0,24.0,Individual,5,High Risk,Manual Review
69882509,12250.0, 60 months,18.99,E,E1,5 years,RENT,35000.0,Verified,debt_consolidation,FL,35.01,0.0,695.0,699.0,0.0,59.0,18.0,Individual,5,High Risk,Manual Review
69752451,5700.0, 36 months,21.48,E,E5,,RENT,19000.0,Verified,debt_consolidation,TN,37.52,0.0,680.0,684.0,2.0,38.0,17.0,Individual,5,High Risk,Manual Review
69762310,21050.0, 60 months,23.13,F,F2,10+ years,MORTGAGE,86000.0,Verified,other,WA,38.17,1.0,660.0,664.0,0.0,57.1,45.0,Individual,6,High Risk,Manual Review
69792335,21000.0, 60 months,18.99,E,E1,2 years,RENT,50000.0,Verified,debt_consolidation,NV,30.94,0.0,680.0,684.0,0.0,83.8,31.0,Individual,6,High Risk,Manual Review
68894002,17500.0, 36 months,19.89,E,E3,10+ years,OWN,25000.0,Verified,debt_consolidation,GA,35.29,2.0,670.0,674.0,1.0,36.6,39.0,Joint App,6,High Risk,Manual Review
69564908,1850.0, 36 months,19.89,E,E3,1 year,RENT,41202.0,Source Verified,debt_consolidation,TX,30.82,0.0,690.0,694.0,0.0,0.4,10.0,Individual,5,High Risk,Manual Review
69842278,13925.0, 60 months,23.13,F,F2,3 years,RENT,55000.0,Verified,debt_consolidation,NC,30.53,0.0,665.0,669.0,1.0,84.3,26.0,Individual,6,High Risk,Manual Review
69772296,5000.0, 36 months,19.89,E,E3,1 year,OWN,38000.0,Verified,home_improvement,MS,31.02,0.0,675.0,679.0,1.0,60.9,17.0,Individual,5,High Risk,Manual Review
69862290,35000.0, 60 months,19.89,E,E3,10+ years,MORTGAGE,115000.0,Source Verified,major_purchase,NY,37.76,1.0,680.0,684.0,0.0,43.7,59.0,Individual,6,High Risk,Manual Review
68607490,18425.0, 60 months,18.99,E,E1,10+ years,RENT,48000.0,Not Verified,home_improvement,LA,33.93,1.0,685.0,689.0,1.0,40.9,25.0,Individual,6,High Risk,Manual Review
69694513,16700.0, 60 months,25.09,F,F4,< 1 year,RENT,37983.0,Verified,debt_consolidation,NV,41.67,0.0,715.0,719.0,0.0,48.6,25.0,Individual,5,High Risk,Manual Review
69762425,17500.0, 60 months,18.99,E,E1,10+ years,MORTGAGE,35000.0,Source Verified,debt_consolidation,SC,35.01,0.0,665.0,669.0,1.0,41.4,21.0,Individual,5,High Risk,Manual Review
69792394,15825.0, 60 months,23.13,F,F2,4 years,RENT,44000.0,Verified,debt_consolidation,NV,31.91,0.0,690.0,694.0,0.0,39.2,20.0,Individual,5,High Risk,Manual Review
69474309,20600.0, 60 months,27.49,G,G2,4 years,RENT,60000.0,Not Verified,debt_consolidation,WA,47.33,0.0,705.0,709.0,0.0,62.0,21.0,Individual,5,High Risk,Manual Review
68960245,28800.0, 60 months,23.13,F,F2,10+ years,RENT,66408.0,Verified,debt_consolidation,FL,43.84,1.0,660.0,664.0,0.0,62.6,29.0,Individual,6,High Risk,Manual Review
69276725,16550.0, 36 months,18.99,E,E1,1 year,MORTGAGE,75000.0,Verified,debt_consolidation,NY,35.82,10.0,660.0,664.0,0.0,89.1,47.0,Individual,7,High Risk,Manual Review
69504988,7800.0, 36 months,18.99,E,E1,5 years,RENT,27000.0,Verified,other,CA,33.16,0.0,665.0,669.0,1.0,41.4,17.0,Individual,5,High Risk,Manual Review
69752218,14175.0, 60 months,18.99,E,E1,10+ years,MORTGAGE,46000.0,Verified,credit_card,ND,45.71,0.0,685.0,689.0,0.0,71.6,31.0,Individual,5,High Risk,Manual Review
69752205,20650.0, 60 months,19.89,E,E3,10+ years,MORTGAGE,72000.0,Source Verified,debt_consolidation,MS,37.37,0.0,685.0,689.0,0.0,68.4,33.0,Individual,5,High Risk,Manual Review
69575377,27000.0, 60 months,20.5,E,E4,< 1 year,RENT,54000.0,Not Verified,debt_consolidation,MI,37.8,0.0,710.0,714.0,0.0,43.2,40.0,Individual,5,High Risk,Manual Review
69852197,10000.0, 36 months,18.99,E,E1,10+ years,RENT,28000.0,Verified,debt_consolidation,CA,39.13,0.0,665.0,669.0,0.0,83.9,9.0,Individual,6,High Risk,Manual Review
69424909,21000.0, 60 months,18.99,E,E1,8 years,RENT,66000.0,Verified,debt_consolidation,MA,37.6,0.0,665.0,669.0,0.0,46.7,43.0,Individual,5,High Risk,Manual Review
69545220,15475.0, 60 months,18.99,E,E1,3 years,RENT,43000.0,Source Verified,debt_consolidation,NY,33.21,0.0,685.0,689.0,2.0,46.7,26.0,Individual,5,High Risk,Manual Review
69702125,20475.0, 60 months,18.99,E,E1,3 years,RENT,64000.0,Source Verified,debt_consolidation,CA,33.3,1.0,670.0,674.0,1.0,68.8,34.0,Individual,6,High Risk,Manual Review
69464548,35000.0, 60 months,18.99,E,E1,10+ years,RENT,72500.0,Verified,debt_consolidation,AZ,32.28,0.0,675.0,679.0,0.0,96.5,21.0,Joint App,6,High Risk,Manual Review
69812116,14450.0, 60 months,18.99,E,E1,< 1 year,MORTGAGE,36000.0,Verified,major_purchase,WA,47.79,0.0,705.0,709.0,0.0,58.4,30.0,Joint App,5,High Risk,Manual Review
69698338,12900.0, 36 months,19.48,E,E2,4 years,OWN,38000.0,Verified,debt_consolidation,NY,46.31,0.0,705.0,709.0,0.0,99.9,20.0,Individual,6,High Risk,Manual Review
69443137,12875.0, 60 months,18.99,E,E1,10+ years,OWN,32000.0,Verified,credit_card,TX,45.06,0.0,780.0,784.0,0.0,55.9,20.0,Individual,5,High Risk,Manual Review
69475002,11750.0, 60 months,26.06,F,F5,,RENT,32659.0,Verified,debt_consolidation,TX,47.45,0.0,680.0,684.0,1.0,95.6,21.0,Individual,6,High Risk,Manual Review
69605032,19200.0, 36 months,18.99,E,E1,10+ years,MORTGAGE,56000.0,Verified,debt_consolidation,WA,34.5,2.0,670.0,674.0,1.0,44.2,26.0,Individual,6,High Risk,Manual Review
69515569,16850.0, 60 months,27.49,G,G2,,OWN,46809.36,Verified,debt_consolidation,CA,34.21,0.0,665.0,669.0,0.0,63.0,20.0,Individual,5,High Risk,Manual Review
69625097,14000.0, 60 months,20.5,E,E4,10+ years,MORTGAGE,90000.0,Verified,credit_card,PA,44.31,0.0,700.0,704.0,0.0,78.3,21.0,Individual,5,High Risk,Manual Review
69575085,8000.0, 36 months,20.5,E,E4,1 year,MORTGAGE,28000.0,Source Verified,debt_consolidation,FL,32.54,0.0,680.0,684.0,3.0,32.9,21.0,Individual,5,High Risk,Manual Review
69699263,8000.0, 36 months,18.99,E,E1,3 years,MORTGAGE,37000.0,Not Verified,house,SC,35.78,0.0,690.0,694.0,0.0,30.6,11.0,Individual,5,High Risk,Manual Review
69614956,8950.0, 36 months,15.77,D,D1,,MORTGAGE,70000.0,Verified,debt_consolidation,TX,33.31,2.0,665.0,669.0,0.0,86.4,13.0,Individual,5,High Risk,Manual Review
69699195,23925.0, 60 months,25.09,F,F4,10+ years,RENT,63000.0,Verified,debt_consolidation,GA,30.36,0.0,660.0,664.0,3.0,74.5,45.0,Individual,5,High Risk,Manual Review
69515384,5500.0, 36 months,19.89,E,E3,< 1 year,RENT,36046.0,Verified,other,MD,32.77,1.0,660.0,664.0,0.0,93.2,19.0,Individual,7,High Risk,Manual Review
69646713,8000.0, 36 months,18.99,E,E1,10+ years,RENT,40000.0,Verified,debt_consolidation,AL,34.59,0.0,670.0,674.0,0.0,41.0,33.0,Individual,5,High Risk,Manual Review
69694233,28800.0, 60 months,26.06,F,F5,< 1 year,RENT,79500.0,Verified,debt_consolidation,NC,34.84,0.0,660.0,664.0,1.0,62.8,52.0,Individual,5,High Risk,Manual Review
69698207,7500.0, 36 months,18.99,E,E1,< 1 year,RENT,52000.0,Source Verified,debt_consolidation,OH,31.48,1.0,670.0,674.0,1.0,48.8,32.0,Individual,6,High Risk,Manual Review
69664992,10000.0, 60 months,19.89,E,E3,1 year,RENT,140000.0,Source Verified,credit_card,CT,35.82,0.0,660.0,664.0,2.0,81.3,34.0,Individual,6,High Risk,Manual Review
69694152,33500.0, 60 months,24.24,F,F3,10+ years,MORTGAGE,67000.0,Source Verified,debt_consolidation,MI,32.03,5.0,660.0,664.0,1.0,74.6,32.0,Individual,6,High Risk,Manual Review
69464920,4775.0, 36 months,18.99,E,E1,10+ years,MORTGAGE,29000.0,Not Verified,credit_card,NC,32.82,0.0,690.0,694.0,0.0,58.1,29.0,Individual,5,High Risk,Manual Review
69624811,7175.0, 36 months,19.89,E,E3,< 1 year,RENT,21120.0,Verified,debt_consolidation,NY,39.94,0.0,685.0,689.0,0.0,74.9,18.0,Individual,5,High Risk,Manual Review
69504697,10000.0, 36 months,19.48,E,E2,7 years,MORTGAGE,28080.0,Verified,debt_consolidation,AL,39.02,0.0,660.0,664.0,4.0,59.0,21.0,Individual,5,High Risk,Manual Review
69697210,25000.0, 60 months,18.99,E,E1,4 years,MORTGAGE,95000.0,Verified,debt_consolidation,TX,33.41,1.0,675.0,679.0,1.0,56.3,29.0,Individual,6,High Risk,Manual Review
69082974,15000.0, 60 months,18.99,E,E1,10+ years,MORTGAGE,51000.0,Verified,debt_consolidation,ME,43.38,0.0,690.0,694.0,1.0,65.2,43.0,Individual,5,High Risk,Manual Review
69426546,18175.0, 60 months,22.45,F,F1,< 1 year,MORTGAGE,55000.0,Verified,debt_consolidation,OH,39.97,0.0,685.0,689.0,1.0,62.5,39.0,Individual,5,High Risk,Manual Review
69504601,24000.0, 60 months,20.5,E,E4,10+ years,MORTGAGE,91000.0,Verified,debt_consolidation,MA,6.63,1.0,660.0,664.0,1.0,95.6,18.0,Individual,5,High Risk,Manual Review
69603994,8300.0, 36 months,19.89,E,E3,,RENT,52000.0,Verified,debt_consolidation,CA,41.7,0.0,705.0,709.0,1.0,42.4,36.0,Individual,5,High Risk,Manual Review
69564008,12375.0, 60 months,20.5,E,E4,2 years,OWN,36420.0,Source Verified,debt_consolidation,AL,32.82,0.0,700.0,704.0,3.0,30.8,29.0,Individual,5,High Risk,Manual Review
69584548,26125.0, 60 months,19.48,E,E2,10+ years,OWN,59768.02,Not Verified,debt_consolidation,VA,31.73,2.0,705.0,709.0,0.0,40.0,30.0,Individual,6,High Risk,Manual Review
69604818,33200.0, 60 months,27.49,G,G2,< 1 year,RENT,96000.0,Source Verified,debt_consolidation,TN,30.8,0.0,660.0,664.0,1.0,49.6,17.0,Individual,5,High Risk,Manual Review
69614032,13500.0, 60 months,26.99,G,G1,3 years,MORTGAGE,45000.0,Source Verified,debt_consolidation,VA,34.08,0.0,665.0,669.0,1.0,87.2,24.0,Individual,6,High Risk,Manual Review
68684270,23000.0, 60 months,19.48,E,E2,1 year,RENT,50000.0,Verified,debt_consolidation,TX,36.68,0.0,695.0,699.0,0.0,65.1,32.0,Individual,5,High Risk,Manual Review
69636149,24000.0, 60 months,18.99,E,E1,< 1 year,MORTGAGE,80000.0,Verified,debt_consolidation,CA,25.74,1.0,665.0,669.0,0.0,92.0,21.0,Individual,5,High Risk,Manual Review
69554961,8050.0, 36 months,18.99,E,E1,10+ years,MORTGAGE,44397.0,Verified,debt_consolidation,NC,44.66,0.0,670.0,674.0,1.0,69.2,37.0,Joint App,5,High Risk,Manual Review
69496129,7200.0, 36 months,19.89,E,E3,7 years,RENT,20000.0,Source Verified,debt_consolidation,AZ,34.93,0.0,665.0,669.0,0.0,97.4,10.0,Joint App,6,High Risk,Manual Review
69624615,10500.0, 60 months,19.48,E,E2,1 year,OWN,73000.0,Verified,debt_consolidation,CO,39.6,1.0,670.0,674.0,1.0,57.3,29.0,Individual,6,High Risk,Manual Review
69554807,11200.0, 36 months,19.89,E,E3,10+ years,OWN,35000.0,Verified,credit_card,MN,30.25,0.0,695.0,699.0,1.0,100.7,12.0,Individual,6,High Risk,Manual Review
69654784,30000.0, 60 months,19.89,E,E3,10+ years,RENT,69000.0,Source Verified,credit_card,UT,32.68,0.0,660.0,664.0,0.0,85.5,34.0,Individual,6,High Risk,Manual Review
69464747,16000.0, 60 months,17.97,D,D4,10+ years,RENT,131464.0,Not Verified,debt_consolidation,CA,38.74,1.0,665.0,669.0,0.0,93.3,37.0,Individual,5,High Risk,Manual Review
69534634,9000.0, 36 months,21.48,E,E5,,RENT,18922.0,Verified,debt_consolidation,FL,38.52,0.0,660.0,664.0,1.0,69.1,18.0,Joint App,5,High Risk,Manual Review
69504430,24000.0, 36 months,19.89,E,E3,10+ years,RENT,65628.0,Not Verified,debt_consolidation,NM,31.49,1.0,660.0,664.0,0.0,37.4,27.0,Individual,6,High Risk,Manual Review
69482398,7000.0, 36 months,20.5,E,E4,,OWN,42000.0,Verified,medical,IL,41.53,0.0,665.0,669.0,1.0,79.3,16.0,Individual,5,High Risk,Manual Review
69603326,11200.0, 36 months,19.48,E,E2,10+ years,MORTGAGE,45000.0,Verified,credit_card,FL,47.87,1.0,680.0,684.0,0.0,62.6,31.0,Individual,6,High Risk,Manual Review
69654472,10400.0, 60 months,19.48,E,E2,7 years,MORTGAGE,40000.0,Source Verified,credit_card,IL,30.42,0.0,665.0,669.0,3.0,40.5,17.0,Individual,5,High Risk,Manual Review
69095910,25500.0, 60 months,17.97,D,D4,1 year,MORTGAGE,73200.0,Verified,debt_consolidation,IN,36.25,1.0,665.0,669.0,0.0,89.0,45.0,Individual,5,High Risk,Manual Review
68911515,29900.0, 60 months,18.99,E,E1,10+ years,RENT,68000.0,Not Verified,debt_consolidation,MN,35.42,0.0,670.0,674.0,0.0,39.7,18.0,Individual,5,High Risk,Manual Review
68449007,7200.0, 36 months,19.89,E,E3,2 years,RENT,40000.0,Source Verified,medical,OK,35.55,0.0,680.0,684.0,3.0,35.1,16.0,Individual,5,High Risk,Manual Review
69635987,28600.0, 60 months,19.89,E,E3,4 years,MORTGAGE,62000.0,Source Verified,credit_card,NY,31.32,0.0,700.0,704.0,0.0,97.9,30.0,Individual,6,High Risk,Manual Review
69483902,26875.0, 60 months,22.45,F,F1,10+ years,OWN,84000.0,Source Verified,debt_consolidation,NM,33.13,5.0,675.0,679.0,3.0,28.3,20.0,Individual,6,High Risk,Manual Review
69473688,15000.0, 60 months,18.99,E,E1,8 years,RENT,83000.0,Verified,other,CA,36.48,0.0,695.0,699.0,3.0,51.0,21.0,Individual,5,High Risk,Manual Review
69434008,28000.0, 36 months,18.49,D,D5,10+ years,RENT,80000.0,Verified,debt_consolidation,VA,48.18,1.0,685.0,689.0,0.0,93.5,16.0,Individual,5,High Risk,Manual Review
69646156,32000.0, 36 months,19.48,E,E2,,MORTGAGE,76000.0,Verified,debt_consolidation,IN,31.3,0.0,665.0,669.0,1.0,69.6,42.0,Individual,5,High Risk,Manual Review
69574438,21450.0, 60 months,21.48,E,E5,10+ years,OWN,50000.0,Source Verified,debt_consolidation,PA,34.06,0.0,675.0,679.0,1.0,83.6,15.0,Individual,6,High Risk,Manual Review
69444415,18475.0, 60 months,23.13,F,F2,10+ years,OWN,42000.0,Source Verified,credit_card,VA,37.27,0.0,685.0,689.0,0.0,89.8,31.0,Joint App,6,High Risk,Manual Review
69426119,18800.0, 36 months,20.5,E,E4,,RENT,38986.0,Verified,debt_consolidation,NY,40.64,0.0,665.0,669.0,0.0,85.4,20.0,Individual,6,High Risk,Manual Review
69583891,15000.0, 60 months,24.24,F,F3,10+ years,MORTGAGE,52000.0,Verified,other,MO,43.27,0.0,670.0,674.0,2.0,27.4,52.0,Individual,5,High Risk,Manual Review
69653329,3200.0, 36 months,21.48,E,E5,10+ years,OWN,50000.0,Source Verified,other,NC,30.39,0.0,680.0,684.0,1.0,100.9,22.0,Individual,6,High Risk,Manual Review
69504141,14000.0, 60 months,18.99,E,E1,10+ years,MORTGAGE,49400.0,Source Verified,debt_consolidation,TN,28.89,1.0,660.0,664.0,0.0,91.6,34.0,Individual,5,High Risk,Manual Review
69095822,16775.0, 60 months,21.48,E,E5,6 years,MORTGAGE,150000.0,Verified,debt_consolidation,IL,23.73,1.0,670.0,674.0,2.0,83.4,28.0,Individual,5,High Risk,Manual Review
69564224,13600.0, 60 months,19.89,E,E3,9 years,MORTGAGE,40000.0,Verified,debt_consolidation,VA,32.82,0.0,715.0,719.0,1.0,30.2,28.0,Individual,5,High Risk,Manual Review
69635717,21375.0, 60 months,19.89,E,E3,4 years,RENT,46500.0,Source Verified,debt_consolidation,NM,37.14,0.0,710.0,714.0,1.0,52.3,25.0,Individual,5,High Risk,Manual Review
69425189,8000.0, 36 months,19.48,E,E2,6 years,RENT,42000.0,Verified,debt_consolidation,NC,42.34,0.0,665.0,669.0,0.0,40.5,18.0,Individual,5,High Risk,Manual Review
69028677,17350.0, 60 months,26.06,F,F5,8 years,RENT,70000.0,Verified,debt_consolidation,VA,45.52,0.0,690.0,694.0,0.0,60.4,25.0,Individual,5,High Risk,Manual Review
69604333,20000.0, 60 months,19.48,E,E2,3 years,RENT,50000.0,Source Verified,debt_consolidation,NH,36.02,1.0,670.0,674.0,2.0,53.5,13.0,Individual,6,High Risk,Manual Review
69402298,9000.0, 36 months,26.99,G,G1,10+ years,MORTGAGE,63000.0,Verified,credit_card,OH,44.19,2.0,690.0,694.0,1.0,58.4,65.0,Individual,6,High Risk,Manual Review
68776216,11225.0, 60 months,21.48,E,E5,10+ years,RENT,50000.0,Source Verified,debt_consolidation,NY,35.85,0.0,695.0,699.0,1.0,22.1,35.0,Individual,5,High Risk,Manual Review
69484152,9950.0, 36 months,19.89,E,E3,,MORTGAGE,50000.0,Verified,debt_consolidation,OR,47.91,2.0,685.0,689.0,1.0,62.7,43.0,Individual,6,High Risk,Manual Review
69424273,10900.0, 60 months,24.24,F,F3,3 years,RENT,65500.0,Source Verified,debt_consolidation,PA,37.61,0.0,720.0,724.0,2.0,25.1,11.0,Individual,5,High Risk,Manual Review
69594095,19200.0, 60 months,22.45,F,F1,2 years,MORTGAGE,45000.0,Source Verified,debt_consolidation,CA,36.85,1.0,670.0,674.0,0.0,86.8,29.0,Individual,7,High Risk,Manual Review
69226991,26025.0, 60 months,19.48,E,E2,10+ years,MORTGAGE,105000.0,Verified,credit_card,OH,33.03,0.0,700.0,704.0,0.0,64.6,30.0,Individual,5,High Risk,Manual Review
68377405,3125.0, 36 months,19.89,E,E3,< 1 year,MORTGAGE,50000.0,Verified,debt_consolidation,IN,32.17,0.0,660.0,664.0,3.0,46.0,18.0,Individual,5,High Risk,Manual Review
69070487,21800.0, 60 months,26.99,G,G1,10+ years,OWN,77000.0,Verified,debt_consolidation,AL,33.1,0.0,670.0,674.0,0.0,46.2,44.0,Individual,5,High Risk,Manual Review
69483831,4800.0, 36 months,18.49,D,D5,10+ years,MORTGAGE,70000.0,Verified,other,FL,39.5,1.0,670.0,674.0,0.0,83.1,28.0,Individual,5,High Risk,Manual Review
69483784,24925.0, 60 months,18.99,E,E1,10+ years,MORTGAGE,72500.0,Not Verified,credit_card,GA,37.57,0.0,670.0,674.0,1.0,82.5,29.0,Individual,6,High Risk,Manual Review
69503851,14825.0, 60 months,19.48,E,E2,10+ years,OWN,75000.0,Source Verified,debt_consolidation,GA,33.97,0.0,660.0,664.0,0.0,45.6,36.0,Individual,5,High Risk,Manual Review
69464076,15000.0, 60 months,19.48,E,E2,9 years,OWN,43000.0,Source Verified,debt_consolidation,TX,36.25,0.0,695.0,699.0,1.0,51.5,22.0,Individual,5,High Risk,Manual Review
69573999,14000.0, 60 months,18.99,E,E1,10+ years,MORTGAGE,55328.0,Source Verified,credit_card,MO,34.32,0.0,685.0,689.0,1.0,49.7,51.0,Individual,5,High Risk,Manual Review
69095805,16200.0, 60 months,23.13,F,F2,3 years,RENT,45000.0,Source Verified,debt_consolidation,NY,34.51,0.0,695.0,699.0,3.0,36.0,43.0,Individual,5,High Risk,Manual Review
68836426,21225.0, 60 months,19.89,E,E3,< 1 year,RENT,59000.0,Verified,debt_consolidation,MO,32.28,0.0,690.0,694.0,0.0,55.0,26.0,Individual,5,High Risk,Manual Review
69635366,15550.0, 60 months,19.48,E,E2,,MORTGAGE,45600.0,Verified,debt_consolidation,KY,35.66,0.0,715.0,719.0,0.0,54.0,29.0,Individual,5,High Risk,Manual Review
69495323,30800.0, 60 months,21.48,E,E5,10+ years,OWN,69749.0,Verified,major_purchase,OK,35.89,0.0,675.0,679.0,1.0,90.1,30.0,Individual,6,High Risk,Manual Review
69493640,9575.0, 36 months,19.48,E,E2,,RENT,35000.0,Verified,debt_consolidation,AL,33.02,1.0,670.0,674.0,0.0,89.0,18.0,Individual,7,High Risk,Manual Review
69524182,17625.0, 60 months,27.99,G,G3,6 years,RENT,42000.0,Source Verified,debt_consolidation,PA,35.31,0.0,695.0,699.0,0.0,75.7,19.0,Individual,5,High Risk,Manual Review
69554299,14075.0, 60 months,18.99,E,E1,10+ years,MORTGAGE,50300.0,Not Verified,debt_consolidation,PA,37.25,0.0,745.0,749.0,0.0,60.4,26.0,Individual,5,High Risk,Manual Review
69593175,9025.0, 36 months,20.5,E,E4,5 years,MORTGAGE,35000.0,Not Verified,credit_card,CA,44.1,0.0,705.0,709.0,1.0,48.3,19.0,Individual,5,High Risk,Manual Review
69483677,22500.0, 60 months,19.89,E,E3,8 years,MORTGAGE,45000.0,Source Verified,debt_consolidation,CA,33.25,0.0,700.0,704.0,0.0,44.4,19.0,Individual,5,High Risk,Manual Review
69679597,8500.0, 36 months,23.13,F,F2,,OWN,17000.0,Verified,debt_consolidation,CA,45.27,0.0,720.0,724.0,1.0,45.1,16.0,Individual,5,High Risk,Manual Review
69563754,2800.0, 36 months,19.48,E,E2,10+ years,OWN,22000.0,Verified,debt_consolidation,TX,38.84,0.0,695.0,699.0,2.0,36.0,23.0,Individual,5,High Risk,Manual Review
69495067,12200.0, 60 months,23.13,F,F2,5 years,OWN,45000.0,Verified,debt_consolidation,NY,36.29,0.0,685.0,689.0,1.0,51.0,14.0,Individual,5,High Risk,Manual Review
69425579,16775.0, 60 months,20.5,E,E4,1 year,MORTGAGE,48880.0,Verified,credit_card,NJ,34.94,0.0,675.0,679.0,0.0,78.8,18.0,Individual,5,High Risk,Manual Review
68905862,11500.0, 60 months,28.49,G,G4,6 years,RENT,24000.0,Verified,debt_consolidation,CA,31.45,0.0,665.0,669.0,1.0,74.8,12.0,Joint App,5,High Risk,Manual Review
69425277,15000.0, 60 months,19.48,E,E2,< 1 year,MORTGAGE,42500.0,Verified,debt_consolidation,NC,49.0,0.0,665.0,669.0,0.0,71.1,36.0,Individual,5,High Risk,Manual Review
69463810,35000.0, 36 months,19.48,E,E2,10+ years,MORTGAGE,215500.0,Source Verified,house,FL,13.26,1.0,660.0,664.0,4.0,81.5,32.0,Individual,5,High Risk,Manual Review
69593716,12600.0, 60 months,21.48,E,E5,< 1 year,MORTGAGE,35000.0,Source Verified,debt_consolidation,OR,19.48,3.0,660.0,664.0,0.0,85.0,17.0,Individual,5,High Risk,Manual Review
68498445,16000.0, 60 months,19.89,E,E3,6 years,RENT,40000.0,Not Verified,debt_consolidation,FL,32.22,0.0,685.0,689.0,1.0,29.9,11.0,Individual,5,High Risk,Manual Review
69613494,19800.0, 60 months,19.89,E,E3,10+ years,MORTGAGE,55000.0,Source Verified,debt_consolidation,VA,30.63,1.0,665.0,669.0,2.0,92.0,25.0,Individual,7,High Risk,Manual Review
69084572,30800.0, 36 months,22.45,F,F1,,OWN,70000.0,Verified,debt_consolidation,IL,36.29,0.0,680.0,684.0,2.0,52.8,36.0,Individual,5,High Risk,Manual Review
68744857,10225.0, 36 months,19.48,E,E2,10+ years,RENT,38000.0,Not Verified,debt_consolidation,CO,40.81,0.0,675.0,679.0,1.0,38.6,18.0,Individual,5,High Risk,Manual Review
69019700,12000.0, 60 months,18.99,E,E1,6 years,RENT,53000.0,Verified,debt_consolidation,WA,31.52,0.0,690.0,694.0,1.0,51.6,12.0,Individual,5,High Risk,Manual Review
69483544,10550.0, 60 months,25.09,F,F4,6 years,RENT,31100.0,Not Verified,debt_consolidation,MD,31.69,0.0,725.0,729.0,1.0,8.8,10.0,Individual,5,High Risk,Manual Review
69494718,11975.0, 60 months,19.89,E,E3,8 years,MORTGAGE,27000.0,Source Verified,major_purchase,TX,28.4,2.0,685.0,689.0,1.0,82.2,25.0,Individual,5,High Risk,Manual Review
68811125,14000.0, 60 months,18.99,E,E1,3 years,RENT,41505.0,Not Verified,debt_consolidation,TN,34.22,0.0,665.0,669.0,2.0,53.3,54.0,Individual,5,High Risk,Manual Review
69573569,22900.0, 60 months,26.99,G,G1,8 years,OWN,54560.0,Verified,debt_consolidation,PA,45.6,0.0,665.0,669.0,0.0,68.7,17.0,Individual,5,High Risk,Manual Review
69482963,29425.0, 36 months,19.89,E,E3,10+ years,MORTGAGE,65000.0,Source Verified,credit_card,CO,35.25,0.0,665.0,669.0,2.0,54.4,41.0,Individual,5,High Risk,Manual Review
69424884,30000.0, 60 months,18.99,E,E1,3 years,RENT,72300.0,Source Verified,debt_consolidation,FL,30.33,1.0,695.0,699.0,0.0,71.9,31.0,Individual,6,High Risk,Manual Review
69483378,5000.0, 36 months,20.5,E,E4,7 years,RENT,70000.0,Verified,other,HI,43.92,0.0,700.0,704.0,1.0,80.3,54.0,Individual,6,High Risk,Manual Review
69583200,23400.0, 36 months,19.48,E,E2,10+ years,OWN,65000.0,Source Verified,debt_consolidation,GA,34.08,0.0,695.0,699.0,2.0,34.3,33.0,Individual,5,High Risk,Manual Review
69523611,25000.0, 60 months,19.89,E,E3,9 years,OWN,75000.0,Verified,debt_consolidation,NC,33.7,0.0,670.0,674.0,0.0,74.0,30.0,Individual,5,High Risk,Manual Review
69644824,15000.0, 36 months,18.99,E,E1,2 years,MORTGAGE,48000.0,Verified,debt_consolidation,VA,44.33,0.0,670.0,674.0,0.0,88.4,32.0,Individual,6,High Risk,Manual Review
69494505,10000.0, 36 months,21.48,E,E5,2 years,RENT,50000.0,Source Verified,debt_consolidation,CA,42.83,0.0,675.0,679.0,2.0,31.6,19.0,Individual,5,High Risk,Manual Review
69644866,5000.0, 36 months,18.99,E,E1,10+ years,RENT,22400.0,Verified,debt_consolidation,IN,43.78,0.0,670.0,674.0,1.0,42.1,36.0,Individual,5,High Risk,Manual Review
69582620,16200.0, 60 months,20.5,E,E4,< 1 year,RENT,45000.0,Verified,debt_consolidation,AL,30.56,1.0,670.0,674.0,1.0,27.0,49.0,Individual,6,High Risk,Manual Review
69453414,9600.0, 36 months,19.89,E,E3,2 years,RENT,32000.0,Verified,debt_consolidation,OH,38.75,0.0,675.0,679.0,1.0,68.7,19.0,Individual,5,High Risk,Manual Review
69593531,15000.0, 36 months,17.97,D,D4,10+ years,OWN,63550.0,Not Verified,debt_consolidation,TX,37.71,1.0,665.0,669.0,0.0,80.7,29.0,Individual,5,High Risk,Manual Review
69613259,2400.0, 36 months,18.99,E,E1,3 years,RENT,45000.0,Verified,debt_consolidation,CA,33.23,0.0,690.0,694.0,2.0,63.5,29.0,Individual,5,High Risk,Manual Review
69443361,15550.0, 60 months,26.06,F,F5,7 years,MORTGAGE,52500.0,Source Verified,debt_consolidation,MO,37.71,1.0,660.0,664.0,2.0,69.2,27.0,Individual,6,High Risk,Manual Review
69494495,12950.0, 60 months,25.09,F,F4,10+ years,MORTGAGE,36000.0,Verified,debt_consolidation,FL,31.3,0.0,660.0,664.0,0.0,77.8,30.0,Individual,5,High Risk,Manual Review
69583370,15000.0, 60 months,19.48,E,E2,10+ years,MORTGAGE,110000.0,Not Verified,credit_card,SC,36.81,0.0,695.0,699.0,4.0,67.7,27.0,Individual,5,High Risk,Manual Review
69513352,16300.0, 60 months,22.45,F,F1,10+ years,MORTGAGE,39000.0,Verified,debt_consolidation,VA,31.08,0.0,745.0,749.0,0.0,12.1,26.0,Individual,5,High Risk,Manual Review
69372255,35000.0, 60 months,19.89,E,E3,1 year,MORTGAGE,95000.0,Source Verified,debt_consolidation,TX,35.37,1.0,725.0,729.0,0.0,31.3,29.0,Individual,6,High Risk,Manual Review
68775901,22500.0, 60 months,21.48,E,E5,10+ years,MORTGAGE,62000.0,Verified,debt_consolidation,DE,39.06,1.0,670.0,674.0,1.0,68.8,31.0,Individual,6,High Risk,Manual Review
69533512,16575.0, 60 months,22.45,F,F1,6 years,RENT,50000.0,Verified,debt_consolidation,NC,35.79,0.0,665.0,669.0,0.0,50.7,25.0,Individual,5,High Risk,Manual Review
68896456,28600.0, 60 months,19.89,E,E3,10+ years,OWN,65000.0,Source Verified,debt_consolidation,GA,38.18,0.0,660.0,664.0,0.0,88.4,30.0,Individual,6,High Risk,Manual Review
69573512,19800.0, 60 months,19.89,E,E3,10+ years,OWN,58000.0,Source Verified,debt_consolidation,OH,36.4,0.0,690.0,694.0,1.0,54.4,55.0,Individual,5,High Risk,Manual Review
69634382,28500.0, 60 months,22.45,F,F1,< 1 year,RENT,75000.0,Verified,debt_consolidation,VA,31.7,0.0,680.0,684.0,0.0,94.7,13.0,Individual,6,High Risk,Manual Review
69613369,35000.0, 60 months,20.5,E,E4,1 year,MORTGAGE,100000.0,Verified,debt_consolidation,MD,18.88,1.0,670.0,674.0,0.0,87.1,19.0,Individual,5,High Risk,Manual Review
69494202,17300.0, 60 months,20.5,E,E4,,OWN,62500.0,Verified,debt_consolidation,SC,32.43,0.0,690.0,694.0,1.0,42.2,21.0,Individual,5,High Risk,Manual Review
69432890,14000.0, 60 months,17.97,D,D4,8 years,MORTGAGE,55027.0,Verified,credit_card,FL,46.26,1.0,665.0,669.0,0.0,91.6,21.0,Individual,5,High Risk,Manual Review
69483237,14000.0, 60 months,22.45,F,F1,10+ years,MORTGAGE,63000.0,Verified,debt_consolidation,AZ,45.56,0.0,685.0,689.0,1.0,71.0,35.0,Individual,5,High Risk,Manual Review
69473294,28000.0, 60 months,19.48,E,E2,8 years,MORTGAGE,57000.0,Verified,debt_consolidation,WI,46.44,1.0,675.0,679.0,0.0,39.9,50.0,Joint App,6,High Risk,Manual Review
69443342,22325.0, 60 months,22.45,F,F1,2 years,RENT,65000.0,Source Verified,debt_consolidation,MI,35.1,0.0,730.0,734.0,2.0,21.3,53.0,Individual,5,High Risk,Manual Review
69593288,2500.0, 36 months,21.48,E,E5,10+ years,MORTGAGE,51000.0,Verified,home_improvement,NC,43.76,1.0,665.0,669.0,0.0,73.1,22.0,Individual,6,High Risk,Manual Review
69634535,12000.0, 60 months,19.48,E,E2,9 years,OWN,40000.0,Verified,debt_consolidation,NY,44.61,0.0,685.0,689.0,1.0,72.7,34.0,Individual,5,High Risk,Manual Review
69443373,35000.0, 60 months,18.99,E,E1,10+ years,OWN,117114.0,Source Verified,home_improvement,CA,30.15,0.0,745.0,749.0,0.0,38.4,33.0,Individual,5,High Risk,Manual Review
68905048,12000.0, 60 months,18.99,E,E1,2 years,MORTGAGE,36000.0,Verified,debt_consolidation,CA,30.37,0.0,680.0,684.0,0.0,62.1,19.0,Individual,5,High Risk,Manual Review
69623403,21200.0, 60 months,19.89,E,E3,10+ years,OWN,50500.0,Verified,debt_consolidation,SC,33.75,1.0,705.0,709.0,0.0,50.6,40.0,Individual,6,High Risk,Manual Review
69583166,11500.0, 36 months,18.99,E,E1,< 1 year,MORTGAGE,50000.0,Verified,debt_consolidation,UT,38.74,0.0,680.0,684.0,0.0,86.5,13.0,Individual,6,High Risk,Manual Review
69473226,4550.0, 36 months,20.5,E,E4,< 1 year,RENT,30000.0,Source Verified,debt_consolidation,CA,38.08,0.0,690.0,694.0,0.0,44.7,7.0,Individual,5,High Risk,Manual Review
69593235,17000.0, 60 months,19.89,E,E3,3 years,RENT,48600.0,Verified,debt_consolidation,IN,38.25,0.0,690.0,694.0,0.0,70.7,13.0,Individual,5,High Risk,Manual Review
69492935,9000.0, 36 months,20.5,E,E4,8 years,RENT,32000.0,Source Verified,debt_consolidation,CA,37.28,0.0,670.0,674.0,2.0,54.7,13.0,Individual,5,High Risk,Manual Review
69424360,30000.0, 60 months,19.48,E,E2,4 years,MORTGAGE,120000.0,Source Verified,debt_consolidation,FL,34.67,0.0,705.0,709.0,1.0,71.5,55.0,Individual,5,High Risk,Manual Review
69653475,12925.0, 60 months,19.89,E,E3,1 year,MORTGAGE,50000.0,Source Verified,debt_consolidation,CO,39.94,0.0,700.0,704.0,0.0,58.4,35.0,Joint App,5,High Risk,Manual Review
69423963,10000.0, 60 months,18.99,E,E1,10+ years,RENT,51050.0,Source Verified,debt_consolidation,PA,31.71,0.0,665.0,669.0,1.0,56.2,31.0,Individual,5,High Risk,Manual Review
69226258,28600.0, 36 months,19.48,E,E2,4 years,RENT,65000.0,Source Verified,debt_consolidation,IL,35.64,0.0,660.0,664.0,4.0,58.9,73.0,Individual,5,High Risk,Manual Review
69613231,10000.0, 60 months,19.89,E,E3,< 1 year,MORTGAGE,58500.0,Verified,debt_consolidation,AR,39.34,2.0,660.0,664.0,0.0,13.8,33.0,Individual,6,High Risk,Manual Review
69563261,22200.0, 60 months,19.89,E,E3,10+ years,MORTGAGE,71640.0,Verified,debt_consolidation,CA,12.28,2.0,665.0,669.0,1.0,87.0,20.0,Individual,5,High Risk,Manual Review
69680344,18975.0, 60 months,19.89,E,E3,< 1 year,RENT,54000.0,Verified,debt_consolidation,IL,37.3,0.0,705.0,709.0,0.0,15.0,21.0,Individual,5,High Risk,Manual Review
69633989,14400.0, 60 months,19.48,E,E2,10+ years,MORTGAGE,56100.0,Not Verified,debt_consolidation,TX,34.96,0.0,675.0,679.0,1.0,30.1,53.0,Individual,5,High Risk,Manual Review
68866894,25000.0, 60 months,21.48,E,E5,2 years,MORTGAGE,77000.0,Verified,debt_consolidation,IL,30.74,0.0,665.0,669.0,3.0,73.9,30.0,Individual,5,High Risk,Manual Review
68995983,19775.0, 60 months,19.48,E,E2,10+ years,MORTGAGE,43000.0,Not Verified,credit_card,MO,32.79,0.0,660.0,664.0,0.0,84.8,34.0,Individual,6,High Risk,Manual Review
69473105,9425.0, 36 months,19.89,E,E3,4 years,RENT,30720.0,Verified,debt_consolidation,TX,40.13,0.0,700.0,704.0,0.0,39.7,22.0,Individual,5,High Risk,Manual Review
68753414,14075.0, 60 months,19.89,E,E3,9 years,RENT,32000.0,Verified,debt_consolidation,FL,31.85,0.0,690.0,694.0,0.0,39.6,20.0,Individual,5,High Risk,Manual Review
69503002,33550.0, 60 months,19.48,E,E2,3 years,MORTGAGE,147000.0,Not Verified,debt_consolidation,TX,16.4,1.0,675.0,679.0,0.0,84.7,23.0,Individual,5,High Risk,Manual Review
69542799,12000.0, 60 months,21.48,E,E5,10+ years,MORTGAGE,65000.0,Verified,debt_consolidation,AL,37.65,0.0,685.0,689.0,1.0,74.3,34.0,Individual,5,High Risk,Manual Review
69443067,20000.0, 60 months,22.45,F,F1,2 years,RENT,50000.0,Source Verified,credit_card,NC,32.07,0.0,670.0,674.0,0.0,83.4,23.0,Individual,6,High Risk,Manual Review
68995957,30000.0, 36 months,17.27,D,D3,10+ years,MORTGAGE,40000.0,Verified,debt_consolidation,NY,56.26,1.0,670.0,674.0,0.0,91.2,26.0,Joint App,5,High Risk,Manual Review
69653071,19000.0, 60 months,19.48,E,E2,10+ years,MORTGAGE,48000.0,Verified,debt_consolidation,MN,31.9,1.0,665.0,669.0,2.0,60.7,30.0,Individual,6,High Risk,Manual Review
69623005,7000.0, 36 months,19.89,E,E3,10+ years,RENT,64000.0,Verified,credit_card,OH,34.03,0.0,695.0,699.0,5.0,42.6,27.0,Individual,5,High Risk,Manual Review
69677336,25000.0, 60 months,28.49,G,G4,4 years,RENT,72000.0,Verified,credit_card,NY,49.21,1.0,670.0,674.0,0.0,70.3,47.0,Individual,6,High Risk,Manual Review
68881576,30000.0, 60 months,19.48,E,E2,10+ years,OWN,100000.0,Verified,debt_consolidation,NY,44.42,0.0,680.0,684.0,0.0,72.0,22.0,Individual,5,High Risk,Manual Review
69422919,20000.0, 60 months,19.89,E,E3,,OWN,50928.0,Verified,debt_consolidation,TX,36.45,0.0,680.0,684.0,1.0,67.0,25.0,Individual,5,High Risk,Manual Review
69523135,15000.0, 60 months,19.48,E,E2,10+ years,RENT,46000.0,Source Verified,credit_card,NJ,37.23,2.0,675.0,679.0,0.0,64.6,26.0,Individual,6,High Risk,Manual Review
69423836,12050.0, 60 months,23.13,F,F2,10+ years,MORTGAGE,33500.0,Verified,debt_consolidation,MI,39.84,0.0,670.0,674.0,4.0,28.8,28.0,Individual,5,High Risk,Manual Review
69433028,18000.0, 60 months,19.48,E,E2,3 years,RENT,50000.0,Verified,debt_consolidation,TX,30.58,7.0,660.0,664.0,0.0,84.9,61.0,Individual,7,High Risk,Manual Review
68914459,24000.0, 60 months,18.99,E,E1,2 years,RENT,70000.0,Source Verified,debt_consolidation,NM,35.07,0.0,680.0,684.0,0.0,83.2,23.0,Individual,6,High Risk,Manual Review
69633411,19975.0, 60 months,22.45,F,F1,10+ years,MORTGAGE,55500.0,Verified,debt_consolidation,SC,46.06,0.0,685.0,689.0,0.0,89.2,31.0,Individual,6,High Risk,Manual Review
69662890,8000.0, 36 months,24.24,F,F3,,RENT,24071.0,Not Verified,credit_card,NJ,30.22,0.0,665.0,669.0,2.0,42.1,16.0,Individual,5,High Risk,Manual Review
69502848,23475.0, 60 months,18.99,E,E1,10+ years,MORTGAGE,180000.0,Verified,debt_consolidation,GA,30.2,1.0,670.0,674.0,2.0,86.2,21.0,Individual,7,High Risk,Manual Review
69452851,35000.0, 60 months,21.48,E,E5,3 years,MORTGAGE,75000.0,Source Verified,debt_consolidation,AZ,33.12,0.0,675.0,679.0,1.0,84.7,30.0,Individual,6,High Risk,Manual Review
69643209,13600.0, 60 months,20.5,E,E4,5 years,RENT,34000.0,Verified,debt_consolidation,VA,32.65,0.0,665.0,669.0,1.0,87.3,15.0,Individual,6,High Risk,Manual Review
69602874,10000.0, 36 months,19.48,E,E2,2 years,MORTGAGE,50000.0,Verified,credit_card,CO,32.79,0.0,670.0,674.0,0.0,85.1,29.0,Individual,6,High Risk,Manual Review
69633087,24000.0, 60 months,19.48,E,E2,10+ years,MORTGAGE,112000.0,Verified,debt_consolidation,OK,37.7,0.0,675.0,679.0,2.0,85.5,31.0,Individual,6,High Risk,Manual Review
69266224,10500.0, 60 months,19.48,E,E2,10+ years,OWN,33000.0,Verified,debt_consolidation,WI,40.0,0.0,720.0,724.0,1.0,60.2,25.0,Individual,5,High Risk,Manual Review
68756526,10000.0, 60 months,19.89,E,E3,6 years,RENT,53000.0,Verified,debt_consolidation,NY,42.95,0.0,670.0,674.0,0.0,68.6,22.0,Individual,5,High Risk,Manual Review
69582608,20000.0, 60 months,18.99,E,E1,10+ years,MORTGAGE,79000.0,Verified,debt_consolidation,SC,14.23,1.0,660.0,664.0,1.0,96.0,25.0,Individual,5,High Risk,Manual Review
69643033,33425.0, 60 months,21.48,E,E5,3 years,MORTGAGE,76492.0,Verified,debt_consolidation,TX,33.95,0.0,675.0,679.0,0.0,90.4,33.0,Individual,6,High Risk,Manual Review
69442634,12950.0, 36 months,19.48,E,E2,2 years,OWN,36000.0,Verified,debt_consolidation,AZ,32.83,2.0,660.0,664.0,2.0,61.0,12.0,Individual,6,High Risk,Manual Review
69502637,9425.0, 36 months,23.13,F,F2,5 years,OWN,25000.0,Verified,debt_consolidation,MO,39.89,2.0,660.0,664.0,0.0,34.6,39.0,Individual,6,High Risk,Manual Review
69472639,29900.0, 36 months,19.48,E,E2,10+ years,MORTGAGE,65000.0,Source Verified,major_purchase,CA,14.41,1.0,665.0,669.0,0.0,83.1,14.0,Individual,5,High Risk,Manual Review
69562562,21250.0, 60 months,18.99,E,E1,1 year,MORTGAGE,42500.0,Verified,credit_card,AL,41.49,0.0,665.0,669.0,0.0,72.0,31.0,Individual,5,High Risk,Manual Review
69492693,10800.0, 60 months,27.49,G,G2,7 years,RENT,30014.0,Verified,debt_consolidation,MD,45.19,0.0,670.0,674.0,0.0,63.5,33.0,Individual,5,High Risk,Manual Review
68754271,20000.0, 60 months,26.06,F,F5,10+ years,MORTGAGE,54500.0,Not Verified,debt_consolidation,IL,34.24,0.0,715.0,719.0,1.0,31.5,26.0,Individual,5,High Risk,Manual Review
69592574,16775.0, 60 months,22.45,F,F1,9 years,MORTGAGE,40000.0,Source Verified,debt_consolidation,WA,30.03,0.0,660.0,664.0,1.0,55.5,31.0,Individual,5,High Risk,Manual Review
69532504,14400.0, 60 months,18.99,E,E1,5 years,OWN,36000.0,Source Verified,debt_consolidation,MA,38.43,0.0,665.0,669.0,0.0,81.8,12.0,Individual,6,High Risk,Manual Review
69532568,22075.0, 60 months,19.89,E,E3,,OWN,48000.0,Verified,credit_card,TX,41.05,0.0,705.0,709.0,0.0,55.4,37.0,Individual,5,High Risk,Manual Review
69582464,10900.0, 60 months,25.09,F,F4,3 years,OWN,26000.0,Source Verified,credit_card,MI,32.5,0.0,685.0,689.0,2.0,82.4,27.0,Individual,6,High Risk,Manual Review
69084075,12600.0, 60 months,20.5,E,E4,10+ years,OWN,63000.0,Verified,debt_consolidation,FL,31.39,0.0,665.0,669.0,0.0,100.1,10.0,Individual,6,High Risk,Manual Review
69622502,17500.0, 60 months,22.45,F,F1,9 years,RENT,35000.0,Verified,debt_consolidation,IN,36.63,2.0,665.0,669.0,2.0,70.6,59.0,Individual,6,High Risk,Manual Review
69432451,16000.0, 60 months,19.48,E,E2,4 years,OWN,40000.0,Source Verified,debt_consolidation,FL,37.5,0.0,670.0,674.0,0.0,72.8,13.0,Individual,5,High Risk,Manual Review
69542391,24000.0, 60 months,19.48,E,E2,8 years,RENT,48000.0,Source Verified,credit_card,NY,34.04,0.0,710.0,714.0,0.0,64.3,27.0,Individual,5,High Risk,Manual Review
69542451,2800.0, 36 months,19.89,E,E3,,RENT,72000.0,Source Verified,medical,MI,34.77,0.0,685.0,689.0,0.0,88.0,34.0,Individual,6,High Risk,Manual Review
69422560,5450.0, 36 months,18.99,E,E1,1 year,RENT,78000.0,Source Verified,debt_consolidation,DC,33.18,0.0,670.0,674.0,0.0,94.2,25.0,Individual,6,High Risk,Manual Review
68836041,1500.0, 36 months,19.48,E,E2,,RENT,25000.0,Verified,debt_consolidation,MN,33.56,0.0,660.0,664.0,2.0,55.9,21.0,Individual,5,High Risk,Manual Review
69502430,6000.0, 36 months,19.89,E,E3,1 year,MORTGAGE,47000.0,Verified,debt_consolidation,CO,40.14,0.0,685.0,689.0,0.0,17.5,14.0,Individual,5,High Risk,Manual Review
69422641,30275.0, 60 months,19.89,E,E3,2 years,RENT,83000.0,Not Verified,debt_consolidation,MN,30.23,0.0,680.0,684.0,0.0,52.2,24.0,Individual,5,High Risk,Manual Review
69612469,11200.0, 60 months,19.89,E,E3,5 years,OWN,28000.0,Source Verified,debt_consolidation,FL,32.3,0.0,660.0,664.0,0.0,74.1,13.0,Individual,5,High Risk,Manual Review
69572302,13200.0, 60 months,20.5,E,E4,3 years,RENT,37000.0,Verified,debt_consolidation,OR,34.25,0.0,660.0,664.0,4.0,53.0,21.0,Individual,5,High Risk,Manual Review
69602269,15850.0, 36 months,21.48,E,E5,,MORTGAGE,76500.0,Verified,debt_consolidation,KY,34.02,0.0,680.0,684.0,3.0,92.0,27.0,Individual,6,High Risk,Manual Review
69442373,15600.0, 36 months,19.89,E,E3,5 years,RENT,75000.0,Verified,debt_consolidation,VA,25.7,1.0,660.0,664.0,2.0,81.9,40.0,Individual,5,High Risk,Manual Review
69562283,24000.0, 60 months,19.48,E,E2,5 years,MORTGAGE,60000.0,Not Verified,credit_card,NC,38.36,3.0,700.0,704.0,0.0,94.3,22.0,Individual,7,High Risk,Manual Review
69502309,20000.0, 60 months,19.48,E,E2,3 years,MORTGAGE,60000.0,Verified,debt_consolidation,AZ,32.39,2.0,660.0,664.0,0.0,43.3,37.0,Joint App,6,High Risk,Manual Review
69442301,17000.0, 60 months,28.49,G,G4,3 years,RENT,34000.0,Verified,debt_consolidation,MA,40.49,0.0,660.0,664.0,0.0,76.1,15.0,Individual,5,High Risk,Manual Review
69572398,20150.0, 60 months,24.24,F,F3,8 years,RENT,85000.0,Source Verified,debt_consolidation,FL,35.63,5.0,690.0,694.0,3.0,30.5,38.0,Individual,6,High Risk,Manual Review
69177316,14425.0, 60 months,18.99,E,E1,1 year,RENT,38000.0,Source Verified,credit_card,CO,38.22,1.0,670.0,674.0,0.0,60.4,37.0,Individual,6,High Risk,Manual Review
69472161,3500.0, 36 months,18.99,E,E1,8 years,RENT,38000.0,Verified,other,GA,43.05,0.0,660.0,664.0,0.0,97.9,34.0,Individual,6,High Risk,Manual Review
69007744,25500.0, 60 months,23.13,F,F2,1 year,MORTGAGE,75000.0,Verified,credit_card,PA,39.97,0.0,725.0,729.0,0.0,40.2,32.0,Individual,5,High Risk,Manual Review
69652212,20000.0, 60 months,19.89,E,E3,2 years,RENT,52000.0,Verified,credit_card,NY,39.42,0.0,665.0,669.0,0.0,88.7,38.0,Individual,6,High Risk,Manual Review
69442222,35000.0, 60 months,19.48,E,E2,4 years,MORTGAGE,111000.0,Verified,credit_card,KS,21.68,1.0,660.0,664.0,0.0,100.0,19.0,Individual,5,High Risk,Manual Review
69432201,16850.0, 60 months,23.13,F,F2,,MORTGAGE,58152.0,Verified,debt_consolidation,MD,33.24,0.0,700.0,704.0,1.0,39.4,44.0,Individual,5,High Risk,Manual Review
69662225,14700.0, 60 months,22.45,F,F1,2 years,RENT,35000.0,Source Verified,debt_consolidation,WA,33.02,0.0,670.0,674.0,0.0,81.3,20.0,Individual,6,High Risk,Manual Review
69652144,26300.0, 60 months,18.99,E,E1,5 years,MORTGAGE,60000.0,Not Verified,credit_card,IL,36.86,0.0,680.0,684.0,2.0,58.2,42.0,Individual,5,High Risk,Manual Review
69642166,11875.0, 60 months,23.13,F,F2,3 years,OWN,70000.0,Not Verified,debt_consolidation,NJ,32.52,1.0,670.0,674.0,0.0,29.5,20.0,Individual,6,High Risk,Manual Review
69157312,24000.0, 60 months,19.48,E,E2,10+ years,MORTGAGE,60000.0,Source Verified,credit_card,GA,30.9,0.0,705.0,709.0,0.0,75.3,16.0,Individual,5,High Risk,Manual Review
69070555,15525.0, 60 months,20.5,E,E4,10+ years,RENT,37000.0,Verified,debt_consolidation,NJ,30.85,1.0,660.0,664.0,1.0,64.0,7.0,Individual,6,High Risk,Manual Review
69372191,25200.0, 60 months,19.89,E,E3,10+ years,MORTGAGE,60000.0,Source Verified,credit_card,VA,16.96,1.0,665.0,669.0,0.0,99.4,38.0,Individual,5,High Risk,Manual Review
69337301,21275.0, 60 months,19.48,E,E2,10+ years,MORTGAGE,55000.0,Source Verified,debt_consolidation,NE,32.12,0.0,670.0,674.0,0.0,75.0,16.0,Individual,5,High Risk,Manual Review
69147369,14800.0, 36 months,22.45,F,F1,10+ years,MORTGAGE,108000.0,Verified,credit_card,PA,41.64,0.0,675.0,679.0,1.0,70.4,20.0,Individual,5,High Risk,Manual Review
69326752,27850.0, 60 months,26.06,F,F5,9 years,MORTGAGE,105000.0,Verified,debt_consolidation,NY,39.67,0.0,675.0,679.0,0.0,75.0,26.0,Joint App,5,High Risk,Manual Review
69247397,4675.0, 36 months,18.99,E,E1,2 years,MORTGAGE,43240.0,Verified,debt_consolidation,KS,49.15,0.0,680.0,684.0,1.0,72.9,27.0,Individual,5,High Risk,Manual Review
69317366,14000.0, 60 months,22.45,F,F1,10+ years,OWN,53000.0,Verified,credit_card,AR,43.27,0.0,660.0,664.0,1.0,85.6,23.0,Individual,6,High Risk,Manual Review
69095280,2350.0, 36 months,26.99,G,G1,,RENT,9800.0,Verified,credit_card,CA,31.37,0.0,700.0,704.0,2.0,105.0,4.0,Individual,6,High Risk,Manual Review
68478037,2925.0, 36 months,21.48,E,E5,< 1 year,MORTGAGE,28080.0,Source Verified,home_improvement,FL,32.09,0.0,660.0,664.0,0.0,44.1,28.0,Individual,5,High Risk,Manual Review
68836845,17000.0, 60 months,20.5,E,E4,1 year,OWN,34000.0,Source Verified,credit_card,NC,31.06,0.0,670.0,674.0,0.0,82.4,9.0,Individual,6,High Risk,Manual Review
69227343,12000.0, 60 months,18.99,E,E1,5 years,MORTGAGE,65000.0,Verified,debt_consolidation,NJ,34.93,1.0,670.0,674.0,0.0,53.4,47.0,Individual,6,High Risk,Manual Review
69307421,15000.0, 60 months,19.89,E,E3,9 years,RENT,62000.0,Verified,debt_consolidation,CO,39.14,0.0,685.0,689.0,0.0,77.1,34.0,Individual,5,High Risk,Manual Review
68774725,11700.0, 60 months,27.99,G,G3,3 years,RENT,39000.0,Verified,debt_consolidation,MO,34.31,0.0,675.0,679.0,0.0,57.3,43.0,Individual,5,High Risk,Manual Review
69085417,7050.0, 36 months,18.99,E,E1,10+ years,RENT,40000.0,Source Verified,credit_card,MA,32.91,1.0,665.0,669.0,1.0,71.5,23.0,Individual,6,High Risk,Manual Review
67278235,14000.0, 60 months,19.48,E,E2,10+ years,RENT,44342.0,Source Verified,other,NC,33.64,0.0,660.0,664.0,2.0,40.5,54.0,Individual,5,High Risk,Manual Review
69081782,24200.0, 60 months,23.13,F,F2,< 1 year,MORTGAGE,60000.0,Source Verified,debt_consolidation,MN,33.48,0.0,670.0,674.0,0.0,51.9,18.0,Individual,5,High Risk,Manual Review
68774403,23500.0, 60 months,18.99,E,E1,< 1 year,MORTGAGE,47000.0,Source Verified,small_business,KS,35.62,0.0,690.0,694.0,1.0,44.5,25.0,Individual,5,High Risk,Manual Review
69382126,11200.0, 36 months,18.99,E,E1,5 years,RENT,48000.0,Verified,other,NJ,39.68,0.0,665.0,669.0,2.0,66.4,15.0,Individual,5,High Risk,Manual Review
68815369,25500.0, 60 months,21.48,E,E5,10+ years,OWN,51000.0,Verified,debt_consolidation,TX,36.47,3.0,675.0,679.0,0.0,80.7,19.0,Individual,7,High Risk,Manual Review
69177790,12000.0, 60 months,18.99,E,E1,5 years,RENT,62000.0,Verified,debt_consolidation,WI,33.74,0.0,690.0,694.0,3.0,69.2,55.0,Individual,5,High Risk,Manual Review
69361881,14500.0, 60 months,20.5,E,E4,10+ years,RENT,33000.0,Source Verified,debt_consolidation,MA,30.04,0.0,690.0,694.0,0.0,84.7,18.0,Individual,6,High Risk,Manual Review
69157223,23900.0, 60 months,19.48,E,E2,5 years,RENT,52000.0,Source Verified,credit_card,NC,31.25,0.0,670.0,674.0,0.0,83.5,24.0,Individual,6,High Risk,Manual Review
67829830,35000.0, 60 months,25.09,F,F4,10+ years,OWN,110000.0,Source Verified,debt_consolidation,VA,30.1,0.0,685.0,689.0,1.0,64.6,44.0,Individual,5,High Risk,Manual Review
69085395,3400.0, 36 months,19.89,E,E3,,RENT,8112.0,Verified,credit_card,NY,40.53,0.0,685.0,689.0,1.0,45.9,13.0,Individual,5,High Risk,Manual Review
69337111,20500.0, 60 months,20.5,E,E4,10+ years,MORTGAGE,57000.0,Not Verified,debt_consolidation,NJ,34.72,1.0,680.0,684.0,1.0,46.1,26.0,Individual,6,High Risk,Manual Review
69361731,15000.0, 60 months,24.24,F,F3,2 years,MORTGAGE,44250.0,Verified,debt_consolidation,NY,40.75,0.0,660.0,664.0,0.0,86.7,30.0,Individual,6,High Risk,Manual Review
69317031,8700.0, 36 months,18.99,E,E1,,RENT,17436.0,Verified,credit_card,FL,30.63,0.0,670.0,674.0,0.0,56.8,33.0,Individual,5,High Risk,Manual Review
67645793,3200.0, 36 months,19.89,E,E3,2 years,RENT,60000.0,Source Verified,credit_card,CA,32.65,0.0,675.0,679.0,3.0,56.0,38.0,Individual,5,High Risk,Manual Review
68823866,23000.0, 60 months,19.48,E,E2,1 year,OWN,50000.0,Source Verified,debt_consolidation,ND,33.7,0.0,700.0,704.0,0.0,74.0,27.0,Individual,5,High Risk,Manual Review
69306906,20000.0, 60 months,21.48,E,E5,1 year,RENT,62500.0,Verified,debt_consolidation,CO,31.36,0.0,660.0,664.0,0.0,100.0,20.0,Joint App,6,High Risk,Manual Review
69187076,33425.0, 36 months,20.5,E,E4,10+ years,MORTGAGE,88000.0,Verified,debt_consolidation,AL,14.74,1.0,665.0,669.0,0.0,96.2,29.0,Individual,5,High Risk,Manual Review
69326886,15000.0, 60 months,18.99,E,E1,10+ years,MORTGAGE,55000.0,Source Verified,debt_consolidation,NC,32.88,0.0,680.0,684.0,0.0,74.1,22.0,Individual,5,High Risk,Manual Review
69346229,12000.0, 60 months,19.48,E,E2,3 years,MORTGAGE,53000.0,Verified,car,NC,49.01,0.0,685.0,689.0,0.0,68.7,29.0,Individual,5,High Risk,Manual Review
69227080,12450.0, 60 months,19.89,E,E3,2 years,RENT,50000.0,Source Verified,credit_card,GA,34.44,0.0,675.0,679.0,0.0,93.9,20.0,Individual,6,High Risk,Manual Review
69337092,25000.0, 60 months,19.89,E,E3,9 years,RENT,90000.0,Verified,debt_consolidation,WA,39.43,1.0,665.0,669.0,0.0,82.2,23.0,Individual,7,High Risk,Manual Review
69297654,7500.0, 36 months,22.45,F,F1,10+ years,OWN,25000.0,Source Verified,debt_consolidation,OH,32.84,1.0,680.0,684.0,1.0,43.9,22.0,Individual,6,High Risk,Manual Review
68794335,4200.0, 36 months,24.24,F,F3,10+ years,RENT,10000.0,Verified,debt_consolidation,AZ,48.38,0.0,665.0,669.0,1.0,26.9,17.0,Joint App,5,High Risk,Manual Review
69106177,10000.0, 60 months,22.45,F,F1,6 years,RENT,30000.0,Verified,debt_consolidation,CT,49.88,0.0,690.0,694.0,1.0,92.9,12.0,Individual,6,High Risk,Manual Review
69266889,19075.0, 60 months,24.24,F,F3,10+ years,RENT,53000.0,Verified,debt_consolidation,WA,41.85,1.0,675.0,679.0,0.0,56.1,42.0,Individual,6,High Risk,Manual Review
69326710,13200.0, 36 months,26.99,G,G1,10+ years,OWN,44000.0,Verified,debt_consolidation,KY,30.63,0.0,660.0,664.0,0.0,66.9,25.0,Individual,5,High Risk,Manual Review
69081627,25000.0, 60 months,19.48,E,E2,10+ years,RENT,78000.0,Source Verified,other,GA,36.4,0.0,720.0,724.0,0.0,49.6,26.0,Individual,5,High Risk,Manual Review
69105830,35000.0, 36 months,27.99,G,G3,3 years,MORTGAGE,70000.0,Verified,debt_consolidation,VA,25.82,1.0,675.0,679.0,1.0,83.5,36.0,Joint App,5,High Risk,Manual Review
68685459,18000.0, 60 months,19.48,E,E2,< 1 year,RENT,72000.0,Source Verified,debt_consolidation,FL,36.44,0.0,685.0,689.0,2.0,41.5,42.0,Individual,5,High Risk,Manual Review
68952862,28000.0, 60 months,22.45,F,F1,3 years,MORTGAGE,60000.0,Source Verified,debt_consolidation,WI,15.5,1.0,665.0,669.0,0.0,85.9,14.0,Individual,5,High Risk,Manual Review
69236789,28000.0, 60 months,15.77,D,D1,10+ years,MORTGAGE,110000.0,Verified,debt_consolidation,IL,31.86,2.0,670.0,674.0,1.0,98.0,49.0,Individual,5,High Risk,Manual Review
69156924,16000.0, 60 months,21.48,E,E5,10+ years,RENT,65000.0,Verified,debt_consolidation,NC,34.47,0.0,680.0,684.0,2.0,53.8,28.0,Individual,5,High Risk,Manual Review
68836914,35000.0, 60 months,23.13,F,F2,10+ years,OWN,152000.0,Not Verified,home_improvement,NM,31.88,0.0,725.0,729.0,0.0,55.8,15.0,Individual,5,High Risk,Manual Review
68763447,25600.0, 60 months,19.89,E,E3,10+ years,OWN,85000.0,Source Verified,debt_consolidation,IL,35.13,0.0,675.0,679.0,2.0,44.1,43.0,Individual,5,High Risk,Manual Review
67368140,35000.0, 60 months,20.5,E,E4,8 years,MORTGAGE,180000.0,Source Verified,debt_consolidation,TX,31.05,0.0,665.0,669.0,1.0,83.1,44.0,Individual,6,High Risk,Manual Review
69058326,35000.0, 60 months,20.5,E,E4,10+ years,MORTGAGE,82000.0,Verified,debt_consolidation,NV,48.44,1.0,700.0,704.0,2.0,49.5,27.0,Individual,6,High Risk,Manual Review
69187268,16000.0, 60 months,21.48,E,E5,10+ years,MORTGAGE,52000.0,Not Verified,other,MN,46.37,0.0,680.0,684.0,1.0,50.7,38.0,Individual,5,High Risk,Manual Review
69167174,16100.0, 60 months,19.48,E,E2,,RENT,35000.0,Not Verified,debt_consolidation,NC,32.24,0.0,705.0,709.0,1.0,45.3,25.0,Individual,5,High Risk,Manual Review
69083550,35000.0, 60 months,19.48,E,E2,10+ years,RENT,96000.0,Source Verified,debt_consolidation,CA,32.24,0.0,685.0,689.0,2.0,71.1,36.0,Individual,5,High Risk,Manual Review
69167017,2875.0, 36 months,19.48,E,E2,,OWN,9000.0,Verified,medical,AR,39.2,0.0,660.0,664.0,1.0,92.6,21.0,Individual,6,High Risk,Manual Review
69166933,10150.0, 36 months,19.48,E,E2,10+ years,MORTGAGE,29000.0,Verified,debt_consolidation,MN,31.0,0.0,680.0,684.0,1.0,49.0,18.0,Individual,5,High Risk,Manual Review
69287023,15000.0, 60 months,23.13,F,F2,6 years,MORTGAGE,45000.0,Verified,debt_consolidation,SC,30.6,0.0,665.0,669.0,1.0,62.5,20.0,Individual,5,High Risk,Manual Review
68852406,19000.0, 60 months,21.48,E,E5,9 years,OWN,154000.0,Verified,debt_consolidation,AR,31.79,0.0,690.0,694.0,0.0,56.2,43.0,Individual,5,High Risk,Manual Review
68705767,21000.0, 60 months,19.48,E,E2,10+ years,RENT,51000.0,Source Verified,credit_card,CA,36.61,1.0,680.0,684.0,1.0,64.0,33.0,Individual,6,High Risk,Manual Review
68599233,35000.0, 60 months,20.5,E,E4,10+ years,RENT,93200.0,Source Verified,debt_consolidation,NY,30.87,0.0,685.0,689.0,0.0,52.9,44.0,Individual,5,High Risk,Manual Review
69266563,12000.0, 60 months,19.89,E,E3,< 1 year,MORTGAGE,26000.0,Verified,home_improvement,NY,41.45,2.0,665.0,669.0,0.0,89.4,21.0,Individual,7,High Risk,Manual Review
68905911,35000.0, 60 months,19.89,E,E3,10+ years,MORTGAGE,50000.0,Verified,credit_card,MN,59.48,2.0,680.0,684.0,0.0,93.3,32.0,Joint App,7,High Risk,Manual Review
68999358,22000.0, 60 months,23.13,F,F2,2 years,RENT,50000.0,Not Verified,debt_consolidation,IL,37.85,0.0,680.0,684.0,0.0,49.9,29.0,Individual,5,High Risk,Manual Review
68815137,8000.0, 36 months,19.89,E,E3,< 1 year,MORTGAGE,20000.0,Source Verified,debt_consolidation,NC,36.25,0.0,665.0,669.0,0.0,55.7,18.0,Individual,5,High Risk,Manual Review
69276702,15700.0, 60 months,22.45,F,F1,8 years,MORTGAGE,46209.0,Verified,debt_consolidation,GA,34.98,0.0,665.0,669.0,2.0,61.7,20.0,Individual,5,High Risk,Manual Review
69216640,12300.0, 60 months,19.48,E,E2,< 1 year,MORTGAGE,71000.0,Source Verified,debt_consolidation,AR,35.26,0.0,680.0,684.0,0.0,85.6,29.0,Individual,6,High Risk,Manual Review
69326562,10725.0, 60 months,20.5,E,E4,10+ years,OWN,72000.0,Source Verified,home_improvement,NY,35.37,2.0,660.0,664.0,1.0,93.5,19.0,Individual,7,High Risk,Manual Review
68755594,4100.0, 36 months,18.99,E,E1,< 1 year,OWN,9800.0,Source Verified,debt_consolidation,NC,35.05,0.0,710.0,714.0,0.0,32.6,8.0,Individual,5,High Risk,Manual Review
69361409,10000.0, 60 months,20.5,E,E4,10+ years,MORTGAGE,25000.0,Source Verified,home_improvement,NY,35.38,0.0,660.0,664.0,0.0,80.0,11.0,Individual,5,High Risk,Manual Review
69018769,23475.0, 60 months,18.99,E,E1,10+ years,MORTGAGE,54000.0,Source Verified,credit_card,PA,34.24,0.0,705.0,709.0,1.0,87.5,27.0,Individual,6,High Risk,Manual Review
69306611,22225.0, 60 months,18.99,E,E1,10+ years,MORTGAGE,50000.0,Not Verified,debt_consolidation,MA,30.1,2.0,700.0,704.0,0.0,69.3,19.0,Joint App,6,High Risk,Manual Review
69084338,18000.0, 60 months,20.5,E,E4,2 years,RENT,45000.0,Source Verified,small_business,FL,35.04,0.0,660.0,664.0,0.0,8.0,35.0,Individual,5,High Risk,Manual Review
69246643,14775.0, 60 months,25.09,F,F4,3 years,RENT,50000.0,Verified,major_purchase,MN,46.71,0.0,700.0,704.0,0.0,53.7,23.0,Individual,5,High Risk,Manual Review
69336453,28000.0, 60 months,18.99,E,E1,3 years,MORTGAGE,142500.0,Verified,debt_consolidation,CA,32.11,0.0,700.0,704.0,0.0,99.0,21.0,Individual,6,High Risk,Manual Review
69336550,7925.0, 36 months,20.5,E,E4,5 years,OWN,38000.0,Verified,debt_consolidation,IN,39.77,0.0,660.0,664.0,1.0,46.7,20.0,Individual,5,High Risk,Manual Review
68871608,10000.0, 60 months,19.48,E,E2,10+ years,MORTGAGE,65000.0,Not Verified,debt_consolidation,CA,35.65,0.0,730.0,734.0,1.0,36.4,31.0,Individual,5,High Risk,Manual Review
69266433,28600.0, 60 months,24.24,F,F3,,RENT,65000.0,Verified,debt_consolidation,FL,35.99,0.0,665.0,669.0,0.0,84.6,29.0,Individual,6,High Risk,Manual Review
69326438,29575.0, 60 months,22.45,F,F1,5 years,RENT,125000.0,Not Verified,credit_card,FL,27.88,1.0,685.0,689.0,1.0,90.0,30.0,Individual,5,High Risk,Manual Review
68865149,18000.0, 60 months,19.89,E,E3,10+ years,MORTGAGE,52000.0,Not Verified,debt_consolidation,MI,35.44,0.0,670.0,674.0,0.0,59.9,32.0,Individual,5,High Risk,Manual Review
69082364,25000.0, 60 months,21.48,E,E5,10+ years,MORTGAGE,71500.0,Verified,debt_consolidation,AL,36.25,0.0,690.0,694.0,2.0,67.2,25.0,Individual,5,High Risk,Manual Review
69136572,11200.0, 60 months,16.59,D,D2,10+ years,MORTGAGE,120480.0,Not Verified,debt_consolidation,WA,33.36,1.0,680.0,684.0,1.0,80.6,40.0,Individual,5,High Risk,Manual Review
69136444,26400.0, 60 months,26.99,G,G1,,OWN,60000.0,Verified,debt_consolidation,FL,36.51,0.0,725.0,729.0,0.0,44.5,50.0,Individual,5,High Risk,Manual Review
68608561,15350.0, 60 months,25.09,F,F4,10+ years,RENT,48000.0,Verified,other,CA,36.38,0.0,670.0,674.0,0.0,63.2,32.0,Individual,5,High Risk,Manual Review
69286517,35000.0, 60 months,25.09,F,F4,10+ years,RENT,86500.0,Source Verified,debt_consolidation,MD,30.54,0.0,695.0,699.0,1.0,29.3,32.0,Individual,5,High Risk,Manual Review
69166499,20550.0, 60 months,21.48,E,E5,4 years,OWN,48932.0,Source Verified,debt_consolidation,LA,34.36,0.0,670.0,674.0,1.0,88.3,12.0,Individual,6,High Risk,Manual Review
68905605,12600.0, 60 months,26.06,F,F5,5 years,RENT,30000.0,Verified,debt_consolidation,FL,45.4,0.0,680.0,684.0,0.0,67.4,23.0,Individual,5,High Risk,Manual Review
69246377,10000.0, 60 months,18.49,D,D5,10+ years,MORTGAGE,62000.0,Source Verified,debt_consolidation,UT,38.16,1.0,665.0,669.0,0.0,87.1,28.0,Individual,5,High Risk,Manual Review
69105257,7425.0, 36 months,28.49,G,G4,1 year,MORTGAGE,42000.0,Verified,debt_consolidation,NC,41.77,0.0,665.0,669.0,0.0,74.8,21.0,Individual,5,High Risk,Manual Review
68405713,19600.0, 60 months,24.24,F,F3,4 years,MORTGAGE,50000.0,Source Verified,debt_consolidation,MN,31.35,0.0,705.0,709.0,1.0,70.7,22.0,Individual,5,High Risk,Manual Review
68836103,15400.0, 60 months,19.89,E,E3,4 years,RENT,65000.0,Source Verified,other,NY,30.47,0.0,750.0,754.0,0.0,19.3,22.0,Individual,5,High Risk,Manual Review
68956847,15125.0, 60 months,20.5,E,E4,6 years,MORTGAGE,60000.0,Source Verified,credit_card,WI,31.01,0.0,680.0,684.0,1.0,64.4,20.0,Individual,5,High Risk,Manual Review
69166357,16200.0, 60 months,21.48,E,E5,2 years,RENT,45000.0,Verified,debt_consolidation,WY,33.6,0.0,660.0,664.0,0.0,80.7,12.0,Individual,6,High Risk,Manual Review
69346308,26825.0, 60 months,19.89,E,E3,10+ years,MORTGAGE,61000.0,Not Verified,debt_consolidation,MI,21.74,1.0,680.0,684.0,2.0,94.0,24.0,Individual,5,High Risk,Manual Review
69084161,13600.0, 60 months,25.09,F,F4,1 year,MORTGAGE,82000.0,Verified,credit_card,GA,42.54,0.0,670.0,674.0,0.0,80.1,30.0,Individual,6,High Risk,Manual Review
69316223,27975.0, 60 months,25.09,F,F4,10+ years,RENT,97300.0,Verified,debt_consolidation,NC,34.09,1.0,660.0,664.0,2.0,86.3,40.0,Individual,7,High Risk,Manual Review
69246256,10600.0, 60 months,27.99,G,G3,3 years,RENT,80000.0,Source Verified,medical,PA,36.32,0.0,670.0,674.0,3.0,60.6,27.0,Individual,5,High Risk,Manual Review
69156164,12800.0, 60 months,19.89,E,E3,2 years,RENT,44500.0,Verified,debt_consolidation,OK,39.43,0.0,665.0,669.0,0.0,88.7,56.0,Individual,6,High Risk,Manual Review
68957292,35000.0, 60 months,21.48,E,E5,10+ years,MORTGAGE,70800.0,Verified,debt_consolidation,IL,40.29,0.0,680.0,684.0,0.0,67.9,31.0,Joint App,5,High Risk,Manual Review
68776131,35000.0, 60 months,19.48,E,E2,1 year,RENT,116000.0,Source Verified,debt_consolidation,FL,30.44,0.0,680.0,684.0,2.0,55.8,29.0,Individual,5,High Risk,Manual Review
69038729,17625.0, 60 months,21.48,E,E5,10+ years,RENT,42000.0,Verified,debt_consolidation,CA,38.26,0.0,675.0,679.0,1.0,45.9,21.0,Individual,5,High Risk,Manual Review
69166199,4200.0, 36 months,19.48,E,E2,5 years,RENT,44000.0,Source Verified,other,CA,38.33,0.0,665.0,669.0,1.0,45.4,20.0,Individual,5,High Risk,Manual Review
68696230,20000.0, 60 months,16.59,D,D2,10+ years,RENT,90000.0,Not Verified,debt_consolidation,TX,37.16,2.0,670.0,674.0,1.0,92.5,44.0,Individual,5,High Risk,Manual Review
69226206,20000.0, 60 months,20.5,E,E4,9 years,MORTGAGE,40000.0,Source Verified,debt_consolidation,AZ,30.32,0.0,680.0,684.0,0.0,62.3,38.0,Individual,5,High Risk,Manual Review
69296275,5000.0, 36 months,18.99,E,E1,< 1 year,MORTGAGE,36000.0,Verified,debt_consolidation,DE,41.77,2.0,665.0,669.0,1.0,50.2,22.0,Individual,6,High Risk,Manual Review
68701692,35000.0, 36 months,20.5,E,E4,,MORTGAGE,82199.76,Verified,other,TX,32.63,0.0,660.0,664.0,0.0,24.3,67.0,Individual,5,High Risk,Manual Review
68825929,4350.0, 36 months,23.13,F,F2,,RENT,14556.0,Verified,debt_consolidation,VT,30.59,0.0,680.0,684.0,2.0,90.9,9.0,Individual,6,High Risk,Manual Review
68776095,25675.0, 60 months,18.99,E,E1,10+ years,OWN,65926.0,Not Verified,credit_card,MN,31.42,0.0,685.0,689.0,1.0,98.5,24.0,Individual,6,High Risk,Manual Review
68529041,35000.0, 60 months,22.45,F,F1,10+ years,OWN,100000.0,Source Verified,credit_card,TX,39.25,0.0,685.0,689.0,0.0,69.3,32.0,Individual,5,High Risk,Manual Review
68716260,17200.0, 60 months,22.45,F,F1,7 years,RENT,39100.0,Verified,debt_consolidation,FL,30.38,0.0,715.0,719.0,0.0,20.3,17.0,Individual,5,High Risk,Manual Review
69071542,17275.0, 36 months,18.99,E,E1,3 years,MORTGAGE,55000.0,Source Verified,debt_consolidation,PA,26.68,1.0,670.0,674.0,1.0,88.4,17.0,Individual,5,High Risk,Manual Review
68867388,6000.0, 36 months,22.45,F,F1,< 1 year,OWN,19680.0,Verified,other,GA,40.85,0.0,685.0,689.0,0.0,82.6,4.0,Joint App,6,High Risk,Manual Review
68987723,32000.0, 60 months,20.5,E,E4,8 years,MORTGAGE,82000.0,Verified,debt_consolidation,IN,38.49,1.0,670.0,674.0,2.0,59.0,47.0,Individual,6,High Risk,Manual Review
68960294,17300.0, 60 months,22.45,F,F1,9 years,MORTGAGE,75000.0,Not Verified,debt_consolidation,MN,39.47,0.0,695.0,699.0,0.0,80.4,27.0,Individual,6,High Risk,Manual Review
68905877,25000.0, 60 months,19.48,E,E2,< 1 year,RENT,55000.0,Verified,debt_consolidation,NH,40.39,0.0,735.0,739.0,0.0,82.7,27.0,Individual,6,High Risk,Manual Review
68064034,35000.0, 36 months,20.5,E,E4,6 years,OWN,89500.0,Verified,credit_card,CA,34.66,0.0,665.0,669.0,3.0,55.0,30.0,Individual,5,High Risk,Manual Review
68716198,22000.0, 60 months,19.89,E,E3,8 years,RENT,44000.0,Source Verified,debt_consolidation,SC,31.15,0.0,675.0,679.0,1.0,51.6,33.0,Individual,5,High Risk,Manual Review
68773421,21000.0, 60 months,18.99,E,E1,10+ years,RENT,88000.0,Source Verified,debt_consolidation,AZ,24.19,1.0,660.0,664.0,0.0,86.4,23.0,Individual,5,High Risk,Manual Review
68915922,11300.0, 60 months,20.5,E,E4,10+ years,MORTGAGE,45000.0,Verified,debt_consolidation,VA,33.52,0.0,675.0,679.0,0.0,73.8,26.0,Individual,5,High Risk,Manual Review
69071644,15000.0, 60 months,27.49,G,G2,2 years,RENT,50000.0,Verified,other,NY,24.56,2.0,665.0,669.0,3.0,81.2,24.0,Individual,5,High Risk,Manual Review
68960250,12875.0, 60 months,23.13,F,F2,8 years,RENT,28000.0,Verified,debt_consolidation,CA,44.83,0.0,685.0,689.0,1.0,63.0,45.0,Individual,5,High Risk,Manual Review
68775951,19150.0, 60 months,25.09,F,F4,6 years,RENT,82000.0,Not Verified,debt_consolidation,VA,43.77,0.0,660.0,664.0,2.0,59.8,22.0,Individual,5,High Risk,Manual Review
68815425,17450.0, 60 months,19.48,E,E2,10+ years,RENT,39660.0,Verified,credit_card,GA,35.92,0.0,675.0,679.0,1.0,72.3,18.0,Individual,5,High Risk,Manual Review
68885695,23575.0, 60 months,18.99,E,E1,10+ years,RENT,64100.0,Verified,debt_consolidation,NJ,33.78,1.0,675.0,679.0,2.0,47.9,21.0,Individual,6,High Risk,Manual Review
68896150,11200.0, 60 months,19.48,E,E2,10+ years,MORTGAGE,64000.0,Verified,credit_card,CT,35.35,0.0,660.0,664.0,0.0,55.5,34.0,Individual,5,High Risk,Manual Review
68815298,28000.0, 60 months,18.99,E,E1,10+ years,RENT,120000.0,Verified,debt_consolidation,HI,40.51,0.0,660.0,664.0,0.0,89.9,57.0,Individual,6,High Risk,Manual Review
68866952,19075.0, 60 months,22.45,F,F1,4 years,RENT,53000.0,Verified,debt_consolidation,TX,32.81,0.0,675.0,679.0,1.0,46.4,51.0,Individual,5,High Risk,Manual Review
68825783,13625.0, 60 months,26.99,G,G1,3 years,MORTGAGE,64000.0,Verified,debt_consolidation,MO,45.34,0.0,690.0,694.0,0.0,26.0,61.0,Individual,5,High Risk,Manual Review
68915705,21000.0, 60 months,26.99,G,G1,9 years,MORTGAGE,50000.0,Verified,credit_card,NJ,32.35,0.0,675.0,679.0,0.0,50.1,30.0,Individual,5,High Risk,Manual Review
68844896,18700.0, 60 months,20.5,E,E4,6 years,OWN,52000.0,Source Verified,debt_consolidation,KY,33.16,0.0,700.0,704.0,0.0,52.6,19.0,Individual,5,High Risk,Manual Review
68671374,10800.0, 60 months,18.99,E,E1,8 years,MORTGAGE,67000.0,Verified,debt_consolidation,PA,32.19,0.0,675.0,679.0,0.0,47.5,48.0,Individual,5,High Risk,Manual Review
68885706,21000.0, 36 months,19.89,E,E3,9 years,RENT,100000.0,Verified,debt_consolidation,TX,47.57,0.0,695.0,699.0,2.0,49.2,51.0,Individual,5,High Risk,Manual Review
69020377,19800.0, 60 months,20.5,E,E4,10+ years,OWN,55000.0,Verified,debt_consolidation,VA,30.66,1.0,675.0,679.0,0.0,93.0,38.0,Individual,7,High Risk,Manual Review
68706440,20000.0, 60 months,19.48,E,E2,< 1 year,RENT,55100.0,Verified,credit_card,NY,40.41,1.0,680.0,684.0,0.0,80.3,20.0,Individual,7,High Risk,Manual Review
69060719,18000.0, 60 months,21.48,E,E5,< 1 year,MORTGAGE,45000.0,Verified,other,FL,36.93,0.0,690.0,694.0,0.0,76.7,30.0,Individual,5,High Risk,Manual Review
68685582,18000.0, 60 months,19.48,E,E2,10+ years,OWN,65000.0,Not Verified,credit_card,MN,35.73,0.0,670.0,674.0,0.0,92.9,22.0,Individual,6,High Risk,Manual Review
68695653,13325.0, 60 months,20.5,E,E4,7 years,RENT,37000.0,Verified,debt_consolidation,NV,37.3,0.0,690.0,694.0,1.0,87.0,7.0,Individual,6,High Risk,Manual Review
68895837,30000.0, 60 months,19.89,E,E3,< 1 year,OWN,71500.0,Verified,credit_card,WI,30.93,0.0,680.0,684.0,1.0,88.5,43.0,Individual,6,High Risk,Manual Review
69071330,15925.0, 60 months,21.48,E,E5,10+ years,MORTGAGE,58200.0,Verified,debt_consolidation,CA,36.02,0.0,660.0,664.0,0.0,76.7,19.0,Individual,5,High Risk,Manual Review
68756297,22000.0, 60 months,25.09,F,F4,3 years,MORTGAGE,45000.0,Verified,debt_consolidation,MD,32.34,0.0,670.0,674.0,0.0,75.4,17.0,Individual,5,High Risk,Manual Review
68866575,11200.0, 60 months,19.89,E,E3,2 years,RENT,48000.0,Verified,debt_consolidation,IL,36.33,0.0,665.0,669.0,2.0,62.1,14.0,Individual,5,High Risk,Manual Review
69038043,8125.0, 36 months,18.99,E,E1,4 years,RENT,45595.0,Verified,credit_card,WA,34.85,0.0,665.0,669.0,3.0,21.0,23.0,Individual,5,High Risk,Manual Review
68885602,28800.0, 60 months,20.5,E,E4,5 years,RENT,60000.0,Verified,credit_card,MS,39.74,0.0,700.0,704.0,0.0,76.9,41.0,Individual,5,High Risk,Manual Review
68885652,28000.0, 60 months,26.06,F,F5,< 1 year,MORTGAGE,90000.0,Verified,home_improvement,FL,37.7,0.0,690.0,694.0,4.0,35.8,44.0,Individual,5,High Risk,Manual Review
69060628,10450.0, 36 months,19.89,E,E3,10+ years,MORTGAGE,45000.0,Verified,debt_consolidation,CA,40.11,0.0,670.0,674.0,0.0,66.8,21.0,Individual,5,High Risk,Manual Review
68675600,7600.0, 36 months,19.48,E,E2,5 years,OWN,25350.0,Source Verified,other,AL,38.78,0.0,660.0,664.0,0.0,66.5,12.0,Individual,5,High Risk,Manual Review
68695595,16150.0, 60 months,22.45,F,F1,6 years,MORTGAGE,38000.0,Verified,debt_consolidation,NY,36.1,0.0,680.0,684.0,1.0,51.7,26.0,Individual,5,High Risk,Manual Review
68715455,10000.0, 60 months,19.48,E,E2,10+ years,MORTGAGE,55000.0,Not Verified,debt_consolidation,SC,38.84,0.0,680.0,684.0,2.0,65.3,19.0,Individual,5,High Risk,Manual Review
68986431,22000.0, 60 months,24.24,F,F3,10+ years,RENT,64400.0,Verified,debt_consolidation,CA,31.89,0.0,665.0,669.0,3.0,49.5,25.0,Individual,5,High Risk,Manual Review
68675145,13000.0, 60 months,19.48,E,E2,< 1 year,RENT,33300.0,Verified,credit_card,NJ,43.84,0.0,665.0,669.0,0.0,59.9,24.0,Individual,5,High Risk,Manual Review
68845376,33125.0, 60 months,25.09,F,F4,10+ years,MORTGAGE,175000.0,Source Verified,debt_consolidation,OR,20.41,1.0,680.0,684.0,0.0,90.9,29.0,Individual,5,High Risk,Manual Review
68958984,16200.0, 60 months,24.24,F,F3,< 1 year,RENT,45000.0,Verified,debt_consolidation,NY,38.27,0.0,680.0,684.0,3.0,50.3,16.0,Individual,5,High Risk,Manual Review
68756100,11500.0, 60 months,19.89,E,E3,3 years,RENT,73000.0,Verified,major_purchase,TX,36.73,0.0,660.0,664.0,0.0,94.7,12.0,Individual,6,High Risk,Manual Review
68814929,9350.0, 36 months,18.99,E,E1,10+ years,RENT,26000.0,Source Verified,debt_consolidation,UT,35.13,1.0,665.0,669.0,1.0,34.7,22.0,Individual,6,High Risk,Manual Review
68895701,30000.0, 60 months,21.48,E,E5,,MORTGAGE,71200.0,Verified,debt_consolidation,FL,33.56,1.0,675.0,679.0,2.0,50.8,57.0,Individual,6,High Risk,Manual Review
68845529,18900.0, 60 months,21.48,E,E5,10+ years,RENT,72000.0,Not Verified,debt_consolidation,NJ,34.87,0.0,690.0,694.0,0.0,37.5,21.0,Individual,5,High Risk,Manual Review
68706060,10000.0, 36 months,19.89,E,E3,9 years,MORTGAGE,75000.0,Source Verified,credit_card,MA,32.08,0.0,675.0,679.0,0.0,74.8,18.0,Individual,5,High Risk,Manual Review
68999377,35000.0, 60 months,27.49,G,G2,4 years,MORTGAGE,70000.0,Verified,debt_consolidation,PA,44.45,0.0,660.0,664.0,0.0,85.2,33.0,Joint App,6,High Risk,Manual Review
68706092,19425.0, 60 months,26.06,F,F5,10+ years,RENT,54000.0,Verified,debt_consolidation,TX,38.91,0.0,710.0,714.0,1.0,19.1,21.0,Individual,5,High Risk,Manual Review
69037848,30000.0, 60 months,20.5,E,E4,10+ years,RENT,94238.0,Source Verified,debt_consolidation,AZ,31.08,1.0,660.0,664.0,3.0,21.8,34.0,Individual,6,High Risk,Manual Review
68895598,11225.0, 36 months,19.48,E,E2,9 years,MORTGAGE,31200.0,Not Verified,debt_consolidation,MO,31.42,0.0,695.0,699.0,2.0,30.0,21.0,Individual,5,High Risk,Manual Review
68825489,28750.0, 60 months,18.99,E,E1,7 years,OWN,70000.0,Not Verified,debt_consolidation,SC,34.2,0.0,675.0,679.0,0.0,51.3,17.0,Individual,5,High Risk,Manual Review
68715579,31200.0, 36 months,20.5,E,E4,10+ years,RENT,72500.0,Verified,debt_consolidation,NH,41.37,0.0,675.0,679.0,0.0,62.6,34.0,Individual,5,High Risk,Manual Review
69020067,3500.0, 36 months,18.99,E,E1,< 1 year,RENT,27538.0,Verified,debt_consolidation,PA,41.94,0.0,665.0,669.0,1.0,98.7,29.0,Individual,6,High Risk,Manual Review
68745601,21075.0, 60 months,23.13,F,F2,10+ years,MORTGAGE,50200.0,Not Verified,credit_card,MD,35.6,0.0,665.0,669.0,3.0,70.3,21.0,Individual,5,High Risk,Manual Review
68685458,33600.0, 60 months,21.48,E,E5,7 years,MORTGAGE,70000.0,Source Verified,credit_card,NC,33.28,0.0,710.0,714.0,0.0,50.1,43.0,Individual,5,High Risk,Manual Review
68865934,35000.0, 60 months,26.06,F,F5,10+ years,MORTGAGE,154000.0,Source Verified,debt_consolidation,CA,7.88,3.0,670.0,674.0,0.0,81.1,22.0,Individual,5,High Risk,Manual Review
68835707,33600.0, 60 months,28.99,G,G5,5 years,RENT,80000.0,Source Verified,debt_consolidation,FL,34.04,0.0,695.0,699.0,3.0,54.3,27.0,Individual,5,High Risk,Manual Review
68745386,22400.0, 60 months,18.99,E,E1,10+ years,RENT,55000.0,Verified,credit_card,CO,33.38,0.0,665.0,669.0,2.0,85.5,41.0,Individual,6,High Risk,Manual Review
68985428,23425.0, 60 months,24.24,F,F3,10+ years,OWN,57000.0,Not Verified,debt_consolidation,AZ,31.85,3.0,680.0,684.0,0.0,98.8,13.0,Joint App,7,High Risk,Manual Review
68959475,18000.0, 60 months,19.89,E,E3,10+ years,MORTGAGE,60000.0,Source Verified,debt_consolidation,PA,31.76,0.0,670.0,674.0,3.0,77.1,26.0,Individual,5,High Risk,Manual Review
68835673,14075.0, 60 months,23.13,F,F2,10+ years,RENT,53000.0,Verified,house,MI,38.93,1.0,675.0,679.0,3.0,34.0,21.0,Individual,6,High Risk,Manual Review
69058256,18000.0, 60 months,20.5,E,E4,10+ years,RENT,50000.0,Verified,debt_consolidation,VA,17.14,2.0,665.0,669.0,1.0,97.8,13.0,Individual,5,High Risk,Manual Review
69019805,12800.0, 60 months,21.48,E,E5,4 years,RENT,40000.0,Verified,debt_consolidation,IL,34.53,0.0,690.0,694.0,2.0,54.4,23.0,Individual,5,High Risk,Manual Review
68773037,8775.0, 36 months,25.09,F,F4,10+ years,MORTGAGE,52395.0,Verified,debt_consolidation,WI,42.35,0.0,710.0,714.0,1.0,87.5,28.0,Individual,6,High Risk,Manual Review
69037503,35000.0, 60 months,22.45,F,F1,10+ years,RENT,250000.0,Source Verified,debt_consolidation,NJ,36.09,0.0,685.0,689.0,2.0,82.0,44.0,Individual,6,High Risk,Manual Review
69060180,3500.0, 36 months,20.5,E,E4,,MORTGAGE,35106.0,Verified,other,OH,49.57,0.0,675.0,679.0,0.0,85.3,16.0,Individual,6,High Risk,Manual Review
68745355,16275.0, 60 months,20.5,E,E4,10+ years,OWN,70000.0,Not Verified,debt_consolidation,GA,31.72,0.0,670.0,674.0,1.0,55.4,37.0,Individual,5,High Risk,Manual Review
68672461,4400.0, 36 months,21.48,E,E5,< 1 year,RENT,78000.0,Verified,debt_consolidation,TX,41.42,2.0,685.0,689.0,1.0,8.0,51.0,Individual,6,High Risk,Manual Review
68892399,30000.0, 60 months,20.5,E,E4,10+ years,MORTGAGE,67260.0,Source Verified,credit_card,VA,32.26,0.0,690.0,694.0,0.0,66.7,40.0,Individual,5,High Risk,Manual Review
68772043,4550.0, 36 months,18.99,E,E1,10+ years,RENT,44200.0,Source Verified,credit_card,TX,37.14,0.0,700.0,704.0,1.0,72.2,30.0,Individual,5,High Risk,Manual Review
69019623,35000.0, 60 months,18.99,E,E1,2 years,MORTGAGE,105000.0,Source Verified,debt_consolidation,CO,31.66,0.0,665.0,669.0,1.0,69.2,41.0,Individual,5,High Risk,Manual Review
68745139,28475.0, 60 months,23.13,F,F2,< 1 year,MORTGAGE,120000.0,Verified,home_improvement,SC,39.36,0.0,685.0,689.0,0.0,65.0,49.0,Individual,5,High Risk,Manual Review
68985741,14775.0, 60 months,21.48,E,E5,10+ years,RENT,43500.0,Verified,debt_consolidation,IN,32.44,2.0,665.0,669.0,1.0,49.8,37.0,Individual,6,High Risk,Manual Review
68884872,10750.0, 60 months,21.48,E,E5,10+ years,MORTGAGE,49000.0,Verified,home_improvement,TN,35.22,0.0,665.0,669.0,0.0,50.4,28.0,Individual,5,High Risk,Manual Review
67919083,22000.0, 60 months,18.49,D,D5,10+ years,MORTGAGE,72000.0,Source Verified,debt_consolidation,TX,34.0,1.0,670.0,674.0,0.0,94.8,26.0,Individual,5,High Risk,Manual Review
68884885,25000.0, 60 months,21.48,E,E5,10+ years,MORTGAGE,110000.0,Verified,debt_consolidation,CA,18.96,1.0,670.0,674.0,0.0,81.3,17.0,Individual,5,High Risk,Manual Review
68598796,26000.0, 60 months,18.99,E,E1,10+ years,MORTGAGE,52000.0,Not Verified,home_improvement,SC,31.92,0.0,750.0,754.0,0.0,38.2,19.0,Individual,5,High Risk,Manual Review
68755420,25000.0, 60 months,18.99,E,E1,3 years,RENT,135000.0,Not Verified,debt_consolidation,CA,30.86,0.0,685.0,689.0,1.0,76.1,18.0,Individual,5,High Risk,Manual Review
68835309,21200.0, 60 months,22.45,F,F1,10+ years,MORTGAGE,140000.0,Not Verified,credit_card,IL,39.99,0.0,695.0,699.0,2.0,79.0,51.0,Individual,5,High Risk,Manual Review
69009001,24000.0, 60 months,19.89,E,E3,3 years,MORTGAGE,110000.0,Verified,debt_consolidation,TX,43.78,0.0,715.0,719.0,1.0,78.8,43.0,Individual,5,High Risk,Manual Review
68832416,9425.0, 36 months,20.5,E,E4,7 years,MORTGAGE,35000.0,Verified,credit_card,OH,40.95,2.0,660.0,664.0,0.0,81.8,10.0,Individual,7,High Risk,Manual Review
68884809,9600.0, 36 months,23.13,F,F2,1 year,RENT,28000.0,Verified,debt_consolidation,CA,35.62,0.0,665.0,669.0,1.0,64.7,23.0,Individual,5,High Risk,Manual Review
68894940,35000.0, 60 months,18.99,E,E1,10+ years,RENT,104000.0,Source Verified,debt_consolidation,MD,31.23,1.0,665.0,669.0,0.0,49.4,32.0,Individual,6,High Risk,Manual Review
68650004,15175.0, 60 months,19.89,E,E3,10+ years,MORTGAGE,67000.0,Not Verified,debt_consolidation,MA,31.52,0.0,675.0,679.0,2.0,67.1,24.0,Individual,5,High Risk,Manual Review
68982372,22500.0, 60 months,19.48,E,E2,9 years,OWN,45000.0,Source Verified,debt_consolidation,MN,37.97,1.0,720.0,724.0,1.0,33.8,45.0,Individual,6,High Risk,Manual Review
68508295,13675.0, 60 months,22.45,F,F1,6 years,MORTGAGE,70000.0,Source Verified,debt_consolidation,MA,33.25,0.0,675.0,679.0,0.0,70.4,24.0,Individual,5,High Risk,Manual Review
67840029,2200.0, 36 months,19.89,E,E3,5 years,MORTGAGE,45500.0,Source Verified,debt_consolidation,VA,30.55,0.0,675.0,679.0,0.0,73.0,14.0,Individual,5,High Risk,Manual Review
68884682,14450.0, 60 months,18.99,E,E1,10+ years,MORTGAGE,57000.0,Source Verified,credit_card,TX,31.06,1.0,660.0,664.0,1.0,82.8,29.0,Individual,7,High Risk,Manual Review
68814342,17500.0, 60 months,19.89,E,E3,1 year,RENT,35000.0,Not Verified,major_purchase,MO,35.87,1.0,665.0,669.0,1.0,65.4,23.0,Individual,6,High Risk,Manual Review
69028309,5000.0, 36 months,18.99,E,E1,4 years,MORTGAGE,95000.0,Not Verified,other,NJ,48.92,0.0,665.0,669.0,0.0,72.9,43.0,Individual,5,High Risk,Manual Review
68715001,24000.0, 60 months,21.48,E,E5,1 year,RENT,60000.0,Verified,other,CA,33.66,0.0,710.0,714.0,0.0,78.0,27.0,Individual,5,High Risk,Manual Review
68755120,14700.0, 60 months,18.99,E,E1,10+ years,RENT,35000.0,Source Verified,debt_consolidation,TN,35.94,0.0,660.0,664.0,0.0,65.4,20.0,Individual,5,High Risk,Manual Review
68755110,20000.0, 36 months,19.89,E,E3,8 years,RENT,70000.0,Verified,debt_consolidation,TX,30.17,1.0,660.0,664.0,0.0,33.1,34.0,Individual,6,High Risk,Manual Review
68982871,24800.0, 60 months,18.99,E,E1,10+ years,MORTGAGE,62000.0,Source Verified,debt_consolidation,KS,35.04,1.0,670.0,674.0,1.0,52.8,27.0,Individual,6,High Risk,Manual Review
68755225,10800.0, 60 months,26.99,G,G1,5 years,RENT,36000.0,Verified,debt_consolidation,MO,39.93,0.0,665.0,669.0,3.0,85.8,27.0,Individual,6,High Risk,Manual Review
68985214,32450.0, 60 months,26.06,F,F5,2 years,MORTGAGE,77000.0,Source Verified,credit_card,TX,37.82,0.0,710.0,714.0,0.0,38.8,36.0,Individual,5,High Risk,Manual Review
68958916,1500.0, 36 months,19.89,E,E3,4 years,OWN,33000.0,Verified,debt_consolidation,TX,35.78,2.0,665.0,669.0,1.0,57.8,27.0,Individual,6,High Risk,Manual Review
68985145,22000.0, 36 months,19.89,E,E3,6 years,RENT,71600.0,Verified,debt_consolidation,CA,40.16,0.0,675.0,679.0,0.0,55.4,35.0,Individual,5,High Risk,Manual Review
68693607,21375.0, 60 months,22.45,F,F1,10+ years,MORTGAGE,52000.0,Verified,debt_consolidation,NY,30.6,0.0,670.0,674.0,0.0,77.6,21.0,Individual,5,High Risk,Manual Review
68705328,21475.0, 60 months,18.99,E,E1,10+ years,MORTGAGE,60000.0,Not Verified,debt_consolidation,CT,37.76,0.0,725.0,729.0,0.0,52.3,21.0,Individual,5,High Risk,Manual Review
68742417,18775.0, 60 months,26.06,F,F5,10+ years,MORTGAGE,54000.0,Verified,debt_consolidation,NY,38.49,0.0,670.0,674.0,1.0,95.0,45.0,Individual,6,High Risk,Manual Review
68998596,12225.0, 60 months,21.48,E,E5,5 years,OWN,34000.0,Verified,debt_consolidation,NE,31.63,3.0,670.0,674.0,1.0,32.0,20.0,Individual,6,High Risk,Manual Review
68674606,8475.0, 36 months,18.99,E,E1,< 1 year,MORTGAGE,50000.0,Verified,debt_consolidation,NC,39.88,0.0,685.0,689.0,0.0,48.4,44.0,Individual,5,High Risk,Manual Review
68985168,18325.0, 36 months,19.89,E,E3,10+ years,RENT,50907.0,Verified,debt_consolidation,TX,38.78,0.0,690.0,694.0,0.0,59.8,32.0,Individual,5,High Risk,Manual Review
68731540,14000.0, 60 months,18.99,E,E1,9 years,RENT,38000.0,Verified,debt_consolidation,GA,30.95,0.0,660.0,664.0,1.0,61.5,22.0,Individual,5,High Risk,Manual Review
68684620,15000.0, 60 months,18.99,E,E1,10+ years,RENT,59280.0,Verified,debt_consolidation,CA,39.55,0.0,670.0,674.0,1.0,40.0,35.0,Individual,5,High Risk,Manual Review
68479292,25475.0, 60 months,23.13,F,F2,10+ years,MORTGAGE,79332.0,Not Verified,debt_consolidation,VA,38.9,0.0,705.0,709.0,0.0,74.2,44.0,Individual,5,High Risk,Manual Review
68998560,35000.0, 60 months,18.99,E,E1,10+ years,MORTGAGE,116500.0,Source Verified,debt_consolidation,CO,36.04,0.0,690.0,694.0,0.0,15.4,21.0,Individual,5,High Risk,Manual Review
68984805,30425.0, 60 months,21.48,E,E5,8 years,MORTGAGE,125000.0,Source Verified,debt_consolidation,FL,35.08,0.0,690.0,694.0,1.0,97.7,36.0,Individual,6,High Risk,Manual Review
68952317,15000.0, 60 months,18.99,E,E1,< 1 year,RENT,48000.0,Source Verified,debt_consolidation,CA,34.53,0.0,725.0,729.0,2.0,30.1,30.0,Individual,5,High Risk,Manual Review
68712781,21000.0, 60 months,27.99,G,G3,3 years,MORTGAGE,50000.0,Not Verified,home_improvement,CA,36.61,0.0,670.0,674.0,1.0,89.2,15.0,Individual,6,High Risk,Manual Review
68433724,14500.0, 36 months,22.45,F,F1,2 years,RENT,45000.0,Verified,debt_consolidation,WI,32.4,4.0,680.0,684.0,3.0,27.0,46.0,Individual,6,High Risk,Manual Review
68864886,12150.0, 36 months,19.48,E,E2,5 years,MORTGAGE,56000.0,Verified,debt_consolidation,AL,44.0,0.0,680.0,684.0,0.0,91.0,41.0,Individual,6,High Risk,Manual Review
68994683,19250.0, 60 months,26.99,G,G1,< 1 year,RENT,20000.0,Source Verified,debt_consolidation,NV,58.94,0.0,690.0,694.0,2.0,42.3,29.0,Joint App,5,High Risk,Manual Review
68944451,4650.0, 36 months,19.48,E,E2,,RENT,26484.0,Verified,debt_consolidation,MD,38.29,0.0,670.0,674.0,0.0,64.4,21.0,Individual,5,High Risk,Manual Review
68984769,15475.0, 60 months,19.89,E,E3,10+ years,MORTGAGE,44000.0,Verified,debt_consolidation,MN,33.66,0.0,695.0,699.0,0.0,62.5,25.0,Individual,5,High Risk,Manual Review
68984723,5000.0, 36 months,26.06,F,F5,,MORTGAGE,10000.0,Verified,debt_consolidation,KS,36.01,0.0,660.0,664.0,1.0,42.1,10.0,Individual,5,High Risk,Manual Review
68619862,20500.0, 60 months,22.45,F,F1,10+ years,RENT,50000.0,Not Verified,debt_consolidation,NV,37.95,0.0,670.0,674.0,0.0,83.9,36.0,Individual,6,High Risk,Manual Review
69027971,18550.0, 60 months,19.48,E,E2,10+ years,MORTGAGE,64500.0,Not Verified,medical,NC,38.72,0.0,670.0,674.0,1.0,44.3,37.0,Individual,5,High Risk,Manual Review
68914478,10500.0, 36 months,18.99,E,E1,10+ years,MORTGAGE,35000.0,Verified,credit_card,MI,46.88,2.0,670.0,674.0,0.0,74.3,11.0,Individual,6,High Risk,Manual Review
68704926,12800.0, 60 months,23.13,F,F2,8 years,RENT,65000.0,Verified,debt_consolidation,PA,42.21,0.0,680.0,684.0,0.0,95.9,25.0,Individual,6,High Risk,Manual Review
68884308,29475.0, 60 months,25.09,F,F4,,MORTGAGE,80000.0,Verified,debt_consolidation,FL,39.2,0.0,665.0,669.0,0.0,55.4,34.0,Individual,5,High Risk,Manual Review
68704953,19350.0, 60 months,21.48,E,E5,10+ years,MORTGAGE,96500.0,Verified,credit_card,FL,30.71,0.0,665.0,669.0,0.0,64.2,24.0,Individual,5,High Risk,Manual Review
68550214,14400.0, 60 months,19.48,E,E2,,MORTGAGE,36000.0,Verified,debt_consolidation,NC,35.97,0.0,665.0,669.0,0.0,83.7,24.0,Individual,6,High Risk,Manual Review
68744282,5775.0, 36 months,19.48,E,E2,,MORTGAGE,55000.0,Verified,credit_card,OH,40.15,0.0,690.0,694.0,1.0,53.5,43.0,Individual,5,High Risk,Manual Review
68599447,6000.0, 36 months,20.5,E,E4,,OWN,27012.0,Verified,debt_consolidation,OH,40.92,0.0,660.0,664.0,0.0,77.1,17.0,Individual,5,High Risk,Manual Review
68843412,12000.0, 60 months,21.48,E,E5,,MORTGAGE,40000.0,Verified,credit_card,MS,39.33,0.0,680.0,684.0,1.0,52.8,15.0,Individual,5,High Risk,Manual Review
68417490,17625.0, 36 months,20.5,E,E4,1 year,MORTGAGE,42000.0,Source Verified,debt_consolidation,FL,33.06,0.0,660.0,664.0,0.0,42.9,35.0,Individual,5,High Risk,Manual Review
68498827,27725.0, 60 months,20.5,E,E4,10+ years,MORTGAGE,71500.0,Source Verified,debt_consolidation,GA,38.68,0.0,700.0,704.0,0.0,66.2,24.0,Individual,5,High Risk,Manual Review
68984306,30350.0, 60 months,21.48,E,E5,4 years,OWN,90000.0,Verified,debt_consolidation,TX,33.97,1.0,695.0,699.0,0.0,55.4,39.0,Individual,6,High Risk,Manual Review
68419097,30000.0, 60 months,21.48,E,E5,10+ years,MORTGAGE,96000.0,Verified,debt_consolidation,FL,18.4,1.0,660.0,664.0,0.0,99.3,15.0,Individual,5,High Risk,Manual Review
68379434,35000.0, 60 months,19.48,E,E2,10+ years,MORTGAGE,151000.0,Not Verified,debt_consolidation,VA,30.26,0.0,665.0,669.0,0.0,46.1,48.0,Individual,5,High Risk,Manual Review
68731737,35000.0, 60 months,22.45,F,F1,10+ years,RENT,99000.0,Source Verified,debt_consolidation,SC,35.14,1.0,660.0,664.0,0.0,62.6,32.0,Individual,6,High Risk,Manual Review
68764001,26400.0, 60 months,18.99,E,E1,10+ years,MORTGAGE,95000.0,Not Verified,debt_consolidation,UT,37.45,0.0,660.0,664.0,1.0,63.3,33.0,Individual,5,High Risk,Manual Review
68995719,13675.0, 60 months,19.89,E,E3,,MORTGAGE,31120.0,Verified,credit_card,FL,40.15,0.0,695.0,699.0,0.0,71.6,28.0,Individual,5,High Risk,Manual Review
68844210,28000.0, 60 months,19.89,E,E3,2 years,MORTGAGE,72800.0,Verified,debt_consolidation,TX,40.5,0.0,705.0,709.0,0.0,63.2,27.0,Individual,5,High Risk,Manual Review
68596897,18400.0, 60 months,18.99,E,E1,10+ years,MORTGAGE,46000.0,Not Verified,debt_consolidation,KY,37.46,0.0,675.0,679.0,0.0,90.6,46.0,Individual,6,High Risk,Manual Review
68914088,10000.0, 36 months,18.99,E,E1,10+ years,MORTGAGE,72000.0,Not Verified,home_improvement,TX,30.28,0.0,710.0,714.0,3.0,26.6,17.0,Individual,5,High Risk,Manual Review
68774249,10250.0, 36 months,20.5,E,E4,6 years,RENT,29120.0,Not Verified,debt_consolidation,TX,36.31,0.0,675.0,679.0,3.0,59.3,22.0,Individual,5,High Risk,Manual Review
68694183,3550.0, 36 months,22.45,F,F1,5 years,RENT,59000.0,Source Verified,debt_consolidation,UT,13.57,1.0,665.0,669.0,4.0,84.3,33.0,Individual,5,High Risk,Manual Review
68752358,12500.0, 60 months,21.48,E,E5,10+ years,OWN,25000.0,Verified,credit_card,IL,42.79,0.0,720.0,724.0,0.0,41.8,18.0,Individual,5,High Risk,Manual Review
68754137,18500.0, 60 months,18.99,E,E1,10+ years,RENT,37000.0,Not Verified,debt_consolidation,CA,32.44,0.0,665.0,669.0,0.0,54.5,25.0,Individual,5,High Risk,Manual Review
68984143,6000.0, 36 months,21.48,E,E5,10+ years,OWN,60000.0,Verified,other,CA,46.31,0.0,665.0,669.0,2.0,73.6,28.0,Individual,5,High Risk,Manual Review
68958264,28000.0, 60 months,19.48,E,E2,1 year,RENT,108000.0,Verified,debt_consolidation,VA,39.98,0.0,720.0,724.0,0.0,93.8,11.0,Individual,6,High Risk,Manual Review
69007714,13875.0, 60 months,19.89,E,E3,5 years,RENT,42000.0,Not Verified,debt_consolidation,NY,39.97,1.0,675.0,679.0,2.0,34.1,31.0,Individual,6,High Risk,Manual Review
68834053,20000.0, 60 months,19.48,E,E2,10+ years,RENT,70000.0,Verified,debt_consolidation,TX,19.18,1.0,665.0,669.0,1.0,98.0,25.0,Individual,5,High Risk,Manual Review
68683742,17700.0, 36 months,19.89,E,E3,10+ years,MORTGAGE,42000.0,Verified,debt_consolidation,IN,37.43,0.0,700.0,704.0,2.0,71.4,20.0,Individual,5,High Risk,Manual Review
68957434,10000.0, 36 months,21.48,E,E5,2 years,RENT,25000.0,Source Verified,debt_consolidation,CO,30.1,0.0,660.0,664.0,0.0,38.6,13.0,Individual,5,High Risk,Manual Review
68704360,20000.0, 60 months,19.89,E,E3,10+ years,OWN,80000.0,Source Verified,credit_card,TX,24.51,1.0,670.0,674.0,2.0,91.0,20.0,Individual,5,High Risk,Manual Review
68793702,28375.0, 60 months,19.89,E,E3,10+ years,MORTGAGE,64500.0,Source Verified,debt_consolidation,TX,32.2,0.0,730.0,734.0,0.0,23.2,26.0,Individual,5,High Risk,Manual Review
69017785,13600.0, 60 months,19.89,E,E3,3 years,RENT,44685.0,Verified,credit_card,WA,31.69,0.0,700.0,704.0,0.0,43.2,21.0,Individual,5,High Risk,Manual Review
68713945,26200.0, 60 months,21.48,E,E5,4 years,RENT,110000.0,Not Verified,debt_consolidation,CA,32.11,0.0,700.0,704.0,0.0,65.9,16.0,Individual,5,High Risk,Manual Review
69017657,35000.0, 60 months,19.48,E,E2,7 years,RENT,88000.0,Verified,credit_card,FL,30.81,1.0,665.0,669.0,0.0,55.0,34.0,Individual,6,High Risk,Manual Review
68843925,14000.0, 60 months,15.77,D,D1,1 year,MORTGAGE,53000.0,Not Verified,debt_consolidation,NC,36.89,1.0,660.0,664.0,0.0,85.5,25.0,Individual,5,High Risk,Manual Review
68753891,30000.0, 60 months,25.09,F,F4,2 years,RENT,142000.0,Verified,debt_consolidation,CA,49.92,0.0,705.0,709.0,2.0,58.6,45.0,Individual,5,High Risk,Manual Review
68992568,14775.0, 60 months,23.13,F,F2,1 year,RENT,42500.0,Verified,debt_consolidation,AR,37.64,0.0,685.0,689.0,0.0,81.2,14.0,Individual,6,High Risk,Manual Review
68903734,20000.0, 60 months,20.5,E,E4,10+ years,OWN,72000.0,Verified,debt_consolidation,MI,37.07,0.0,680.0,684.0,0.0,15.9,40.0,Individual,5,High Risk,Manual Review
68704188,13600.0, 60 months,26.06,F,F5,< 1 year,RENT,40000.0,Source Verified,debt_consolidation,NY,32.49,0.0,675.0,679.0,0.0,84.9,12.0,Individual,6,High Risk,Manual Review
68753872,10675.0, 60 months,23.13,F,F2,10+ years,RENT,45000.0,Not Verified,debt_consolidation,MI,32.88,0.0,695.0,699.0,0.0,32.2,13.0,Individual,5,High Risk,Manual Review
68813557,18000.0, 60 months,19.48,E,E2,10+ years,MORTGAGE,73000.0,Verified,credit_card,FL,34.42,0.0,680.0,684.0,0.0,52.7,27.0,Individual,5,High Risk,Manual Review
69027136,7900.0, 36 months,20.5,E,E4,10+ years,OWN,23500.0,Verified,debt_consolidation,HI,43.79,0.0,690.0,694.0,0.0,88.8,9.0,Individual,6,High Risk,Manual Review
68995429,6000.0, 36 months,22.45,F,F1,10+ years,RENT,40800.0,Verified,debt_consolidation,CA,41.38,0.0,685.0,689.0,0.0,56.7,33.0,Individual,5,High Risk,Manual Review
68997609,18825.0, 60 months,19.48,E,E2,10+ years,MORTGAGE,72000.0,Verified,debt_consolidation,VA,35.72,2.0,690.0,694.0,0.0,91.3,22.0,Individual,7,High Risk,Manual Review
69017423,12375.0, 60 months,21.48,E,E5,10+ years,MORTGAGE,64000.0,Source Verified,debt_consolidation,CA,32.44,0.0,720.0,724.0,2.0,28.7,33.0,Individual,5,High Risk,Manual Review
68673886,10000.0, 60 months,18.99,E,E1,< 1 year,MORTGAGE,80000.0,Source Verified,debt_consolidation,CA,23.97,3.0,670.0,674.0,0.0,97.5,27.0,Individual,5,High Risk,Manual Review
68753070,8150.0, 36 months,22.45,F,F1,< 1 year,RENT,24000.0,Source Verified,debt_consolidation,TX,30.9,0.0,725.0,729.0,1.0,23.4,18.0,Individual,5,High Risk,Manual Review
68703869,20000.0, 60 months,18.99,E,E1,6 years,OWN,51450.0,Verified,debt_consolidation,MI,36.08,0.0,660.0,664.0,2.0,69.1,36.0,Individual,5,High Risk,Manual Review
69017215,18000.0, 60 months,19.48,E,E2,10+ years,RENT,107655.0,Source Verified,debt_consolidation,CA,36.36,0.0,715.0,719.0,0.0,72.6,11.0,Individual,5,High Risk,Manual Review
68773044,24000.0, 60 months,19.48,E,E2,10+ years,RENT,78000.0,Source Verified,debt_consolidation,WA,31.14,0.0,675.0,679.0,3.0,86.1,68.0,Individual,6,High Risk,Manual Review
68863894,35000.0, 60 months,19.89,E,E3,< 1 year,RENT,225000.0,Verified,debt_consolidation,CA,5.75,1.0,685.0,689.0,1.0,95.3,20.0,Individual,5,High Risk,Manual Review
68722858,20625.0, 60 months,19.48,E,E2,,RENT,43000.0,Not Verified,credit_card,IL,35.38,0.0,705.0,709.0,0.0,53.1,31.0,Individual,5,High Risk,Manual Review
68893562,8325.0, 36 months,20.5,E,E4,10+ years,MORTGAGE,52000.0,Source Verified,credit_card,IN,30.05,0.0,680.0,684.0,1.0,57.7,32.0,Individual,5,High Risk,Manual Review
68683432,15000.0, 60 months,24.24,F,F3,2 years,MORTGAGE,50000.0,Verified,home_improvement,TX,46.64,1.0,685.0,689.0,1.0,101.5,16.0,Individual,7,High Risk,Manual Review
68995384,17500.0, 36 months,18.99,E,E1,,RENT,43000.0,Verified,credit_card,PA,41.82,1.0,680.0,684.0,0.0,72.5,28.0,Individual,6,High Risk,Manual Review
68579923,16200.0, 60 months,20.5,E,E4,< 1 year,RENT,40560.0,Verified,debt_consolidation,FL,37.07,0.0,680.0,684.0,0.0,91.3,11.0,Individual,6,High Risk,Manual Review
68397835,19200.0, 60 months,19.48,E,E2,10+ years,MORTGAGE,80000.0,Not Verified,debt_consolidation,NV,34.83,0.0,680.0,684.0,0.0,56.1,34.0,Individual,5,High Risk,Manual Review
68893511,7675.0, 36 months,19.89,E,E3,,RENT,40000.0,Verified,debt_consolidation,AZ,38.22,0.0,675.0,679.0,1.0,28.0,41.0,Individual,5,High Risk,Manual Review
68997396,13075.0, 36 months,19.89,E,E3,6 years,MORTGAGE,30000.0,Verified,home_improvement,CA,33.32,0.0,690.0,694.0,0.0,58.4,7.0,Joint App,5,High Risk,Manual Review
68713551,15600.0, 60 months,23.13,F,F2,3 years,RENT,31200.0,Verified,debt_consolidation,PA,30.04,0.0,680.0,684.0,1.0,47.5,17.0,Individual,5,High Risk,Manual Review
67988285,23500.0, 60 months,25.09,F,F4,10+ years,OWN,56000.0,Verified,debt_consolidation,OK,18.15,1.0,665.0,669.0,0.0,86.2,17.0,Individual,5,High Risk,Manual Review
68669578,11500.0, 60 months,21.48,E,E5,4 years,RENT,20000.0,Verified,debt_consolidation,NC,45.44,0.0,665.0,669.0,1.0,61.5,21.0,Joint App,5,High Risk,Manual Review
68813307,12600.0, 60 months,27.99,G,G3,2 years,RENT,42000.0,Source Verified,debt_consolidation,IL,32.07,0.0,660.0,664.0,2.0,65.8,26.0,Individual,5,High Risk,Manual Review
68903418,32650.0, 60 months,19.89,E,E3,3 years,MORTGAGE,81000.0,Verified,debt_consolidation,TX,30.54,0.0,700.0,704.0,2.0,33.0,32.0,Individual,5,High Risk,Manual Review
68703640,14400.0, 60 months,20.5,E,E4,,MORTGAGE,40000.0,Verified,debt_consolidation,SC,38.58,0.0,705.0,709.0,0.0,98.7,13.0,Individual,6,High Risk,Manual Review
68763238,3400.0, 36 months,19.48,E,E2,2 years,RENT,40000.0,Source Verified,debt_consolidation,MI,32.25,0.0,660.0,664.0,0.0,44.4,27.0,Individual,5,High Risk,Manual Review
68843409,26775.0, 36 months,23.13,F,F2,3 years,RENT,73000.0,Verified,debt_consolidation,NM,40.84,0.0,660.0,664.0,0.0,96.5,33.0,Individual,6,High Risk,Manual Review
68823354,25775.0, 60 months,18.99,E,E1,10+ years,MORTGAGE,80000.0,Not Verified,debt_consolidation,TX,38.06,1.0,670.0,674.0,0.0,66.5,58.0,Individual,6,High Risk,Manual Review
68418073,22800.0, 60 months,19.48,E,E2,8 years,RENT,60000.0,Verified,debt_consolidation,CA,39.74,0.0,670.0,674.0,0.0,99.9,14.0,Individual,6,High Risk,Manual Review
68753273,14250.0, 60 months,19.89,E,E3,9 years,RENT,42000.0,Not Verified,credit_card,IN,31.03,0.0,670.0,674.0,0.0,66.0,28.0,Individual,5,High Risk,Manual Review
68883250,25000.0, 60 months,19.48,E,E2,9 years,RENT,85000.0,Not Verified,major_purchase,FL,39.91,0.0,720.0,724.0,1.0,48.0,17.0,Individual,5,High Risk,Manual Review
68997207,14700.0, 60 months,22.45,F,F1,7 years,MORTGAGE,35000.0,Verified,debt_consolidation,WI,37.96,0.0,675.0,679.0,0.0,61.3,22.0,Individual,5,High Risk,Manual Review
68682954,30500.0, 60 months,22.45,F,F1,10+ years,MORTGAGE,80278.0,Source Verified,debt_consolidation,GA,30.15,0.0,660.0,664.0,1.0,80.3,32.0,Individual,6,High Risk,Manual Review
68550987,32275.0, 60 months,21.48,E,E5,10+ years,RENT,85000.0,Verified,debt_consolidation,OK,37.54,0.0,690.0,694.0,0.0,63.1,30.0,Individual,5,High Risk,Manual Review
68863594,15000.0, 36 months,20.5,E,E4,10+ years,MORTGAGE,50000.0,Source Verified,debt_consolidation,MI,36.93,0.0,675.0,679.0,2.0,83.0,37.0,Individual,6,High Risk,Manual Review
68912446,31200.0, 60 months,19.48,E,E2,10+ years,RENT,65000.0,Source Verified,credit_card,NY,30.17,0.0,680.0,684.0,1.0,54.0,25.0,Individual,5,High Risk,Manual Review
68673153,6525.0, 36 months,20.5,E,E4,3 years,MORTGAGE,24000.0,Source Verified,small_business,CA,31.05,1.0,670.0,674.0,0.0,45.7,9.0,Individual,6,High Risk,Manual Review
68713181,30000.0, 36 months,19.48,E,E2,10+ years,RENT,88000.0,Not Verified,debt_consolidation,TX,49.07,0.0,665.0,669.0,0.0,65.2,40.0,Individual,5,High Risk,Manual Review
68957468,8500.0, 36 months,19.48,E,E2,5 years,OWN,88000.0,Verified,debt_consolidation,TX,38.07,0.0,665.0,669.0,0.0,85.5,29.0,Individual,6,High Risk,Manual Review
68883032,14400.0, 60 months,19.48,E,E2,6 years,MORTGAGE,45000.0,Not Verified,debt_consolidation,FL,39.63,0.0,700.0,704.0,1.0,68.8,18.0,Individual,5,High Risk,Manual Review
68944861,16700.0, 60 months,20.5,E,E4,< 1 year,RENT,52000.0,Verified,debt_consolidation,NE,39.76,0.0,690.0,694.0,0.0,46.4,32.0,Individual,5,High Risk,Manual Review
68713199,15000.0, 36 months,19.89,E,E3,6 years,RENT,50000.0,Verified,debt_consolidation,OH,35.79,0.0,685.0,689.0,0.0,69.7,17.0,Individual,5,High Risk,Manual Review
68982795,19100.0, 60 months,20.5,E,E4,3 years,OWN,38240.0,Verified,debt_consolidation,TX,33.58,0.0,710.0,714.0,0.0,33.7,21.0,Individual,5,High Risk,Manual Review
68841132,10950.0, 60 months,21.48,E,E5,4 years,MORTGAGE,38000.0,Source Verified,debt_consolidation,PA,30.29,1.0,670.0,674.0,0.0,72.5,34.0,Individual,6,High Risk,Manual Review
68883015,18000.0, 60 months,22.45,F,F1,4 years,MORTGAGE,50000.0,Verified,debt_consolidation,IN,35.26,1.0,660.0,664.0,0.0,87.6,24.0,Individual,7,High Risk,Manual Review
68843162,23675.0, 36 months,24.24,F,F3,6 years,RENT,74000.0,Source Verified,debt_consolidation,CA,31.99,0.0,685.0,689.0,4.0,92.6,19.0,Individual,6,High Risk,Manual Review
68671087,21000.0, 60 months,18.99,E,E1,3 years,RENT,34320.0,Verified,credit_card,NY,31.84,0.0,670.0,674.0,0.0,98.2,31.0,Joint App,6,High Risk,Manual Review
68673130,19525.0, 36 months,23.13,F,F2,3 years,RENT,50000.0,Verified,credit_card,OH,31.17,4.0,665.0,669.0,0.0,76.5,21.0,Individual,6,High Risk,Manual Review
68762682,14000.0, 60 months,19.89,E,E3,1 year,RENT,54000.0,Verified,debt_consolidation,SC,33.87,1.0,670.0,674.0,0.0,28.3,19.0,Individual,6,High Risk,Manual Review
68703087,35000.0, 60 months,18.99,E,E1,10+ years,RENT,136500.0,Source Verified,credit_card,GA,30.61,1.0,715.0,719.0,2.0,43.3,54.0,Individual,6,High Risk,Manual Review
68713089,12000.0, 36 months,19.48,E,E2,< 1 year,MORTGAGE,110000.0,Source Verified,other,KS,30.13,0.0,685.0,689.0,4.0,39.5,44.0,Individual,5,High Risk,Manual Review
68782804,13425.0, 60 months,18.99,E,E1,10+ years,OWN,32000.0,Source Verified,major_purchase,TX,37.55,0.0,730.0,734.0,0.0,66.8,13.0,Individual,5,High Risk,Manual Review
68713060,13500.0, 36 months,27.49,G,G2,5 years,MORTGAGE,45000.0,Verified,debt_consolidation,FL,36.27,6.0,665.0,669.0,2.0,42.9,30.0,Individual,6,High Risk,Manual Review
68673049,10200.0, 36 months,22.45,F,F1,3 years,RENT,31000.0,Verified,debt_consolidation,CA,44.68,0.0,675.0,679.0,0.0,64.3,11.0,Individual,5,High Risk,Manual Review
68752904,12000.0, 36 months,20.5,E,E4,3 years,MORTGAGE,50160.0,Source Verified,debt_consolidation,MI,30.55,0.0,665.0,669.0,2.0,80.3,39.0,Individual,6,High Risk,Manual Review
68863195,13000.0, 36 months,18.99,E,E1,10+ years,OWN,46000.0,Verified,credit_card,CA,37.31,0.0,660.0,664.0,0.0,43.2,20.0,Individual,5,High Risk,Manual Review
68843045,17325.0, 60 months,19.48,E,E2,,RENT,48192.0,Verified,debt_consolidation,CA,30.38,0.0,685.0,689.0,0.0,72.8,22.0,Individual,5,High Risk,Manual Review
68942953,12225.0, 60 months,19.89,E,E3,10+ years,MORTGAGE,34000.0,Not Verified,home_improvement,FL,30.25,1.0,705.0,709.0,1.0,5.4,24.0,Individual,6,High Risk,Manual Review
68902892,30000.0, 60 months,19.89,E,E3,4 years,MORTGAGE,100000.0,Verified,major_purchase,PA,6.61,1.0,675.0,679.0,0.0,92.4,13.0,Individual,5,High Risk,Manual Review
68063554,17975.0, 60 months,19.48,E,E2,,MORTGAGE,50000.0,Verified,debt_consolidation,NC,34.9,1.0,660.0,664.0,0.0,68.9,36.0,Individual,6,High Risk,Manual Review
68912776,21725.0, 60 months,21.48,E,E5,1 year,OWN,55000.0,Verified,debt_consolidation,CA,32.14,1.0,665.0,669.0,0.0,38.9,27.0,Individual,6,High Risk,Manual Review
68995116,11100.0, 60 months,19.89,E,E3,10+ years,MORTGAGE,66000.0,Verified,debt_consolidation,MD,39.57,0.0,685.0,689.0,0.0,89.8,26.0,Individual,6,High Risk,Manual Review
67755991,35000.0, 60 months,19.89,E,E3,10+ years,RENT,70648.24,Verified,debt_consolidation,TX,39.75,0.0,700.0,704.0,0.0,84.0,31.0,Individual,6,High Risk,Manual Review
68812795,25000.0, 60 months,18.99,E,E1,5 years,OWN,78000.0,Verified,debt_consolidation,TX,32.55,0.0,680.0,684.0,1.0,39.0,54.0,Individual,5,High Risk,Manual Review
68792718,32000.0, 60 months,19.48,E,E2,2 years,MORTGAGE,44200.0,Verified,home_improvement,CA,33.75,2.0,660.0,664.0,2.0,52.8,30.0,Joint App,6,High Risk,Manual Review
68851388,17200.0, 60 months,21.48,E,E5,10+ years,MORTGAGE,62000.0,Source Verified,debt_consolidation,MI,36.75,0.0,730.0,734.0,0.0,55.9,36.0,Individual,5,High Risk,Manual Review
68957181,14400.0, 60 months,20.5,E,E4,10+ years,MORTGAGE,50000.0,Source Verified,debt_consolidation,MI,37.13,0.0,670.0,674.0,1.0,72.2,33.0,Individual,5,High Risk,Manual Review
68053298,15000.0, 60 months,26.06,F,F5,< 1 year,MORTGAGE,50328.0,Verified,credit_card,CA,36.34,0.0,695.0,699.0,0.0,36.4,35.0,Individual,5,High Risk,Manual Review
68912490,15600.0, 60 months,18.99,E,E1,,OWN,35396.0,Not Verified,credit_card,VT,30.01,0.0,670.0,674.0,0.0,59.8,21.0,Individual,5,High Risk,Manual Review
68957168,16500.0, 60 months,23.13,F,F2,2 years,MORTGAGE,55000.0,Verified,debt_consolidation,KS,36.11,0.0,660.0,664.0,1.0,85.2,51.0,Individual,6,High Risk,Manual Review
68063505,14725.0, 60 months,18.99,E,E1,3 years,MORTGAGE,48000.0,Source Verified,debt_consolidation,TN,32.7,1.0,680.0,684.0,1.0,77.8,38.0,Individual,6,High Risk,Manual Review
68692823,32000.0, 60 months,18.99,E,E1,10+ years,MORTGAGE,191000.0,Source Verified,credit_card,TX,36.9,0.0,670.0,674.0,0.0,76.1,50.0,Individual,5,High Risk,Manual Review
68682175,19125.0, 60 months,19.89,E,E3,10+ years,OWN,63900.0,Source Verified,debt_consolidation,TX,33.22,0.0,660.0,664.0,2.0,47.0,33.0,Individual,5,High Risk,Manual Review
68418852,28100.0, 60 months,18.99,E,E1,10+ years,MORTGAGE,77700.0,Verified,debt_consolidation,NC,33.37,0.0,680.0,684.0,0.0,16.2,30.0,Individual,5,High Risk,Manual Review
68912718,4550.0, 36 months,24.24,F,F3,10+ years,MORTGAGE,38000.0,Source Verified,debt_consolidation,MO,33.77,0.0,680.0,684.0,4.0,65.7,60.0,Individual,5,High Risk,Manual Review
68028601,21000.0, 60 months,18.99,E,E1,10+ years,OWN,55000.0,Not Verified,credit_card,OH,21.01,1.0,660.0,664.0,0.0,87.6,24.0,Individual,5,High Risk,Manual Review
68389691,20000.0, 60 months,19.89,E,E3,8 years,MORTGAGE,72000.0,Not Verified,debt_consolidation,MI,34.5,0.0,720.0,724.0,2.0,33.1,16.0,Individual,5,High Risk,Manual Review
68912634,11200.0, 60 months,18.99,E,E1,< 1 year,RENT,40000.0,Verified,debt_consolidation,TX,32.43,0.0,670.0,674.0,1.0,60.6,13.0,Individual,5,High Risk,Manual Review
68578732,12000.0, 60 months,22.45,F,F1,10+ years,MORTGAGE,50000.0,Verified,debt_consolidation,PA,39.94,0.0,680.0,684.0,0.0,69.2,25.0,Individual,5,High Risk,Manual Review
68672685,26700.0, 36 months,19.48,E,E2,10+ years,MORTGAGE,116000.0,Not Verified,debt_consolidation,NM,38.08,0.0,670.0,674.0,0.0,71.2,23.0,Individual,5,High Risk,Manual Review
68762400,35000.0, 60 months,20.5,E,E4,3 years,MORTGAGE,85000.0,Verified,debt_consolidation,NY,33.16,0.0,670.0,674.0,0.0,100.0,33.0,Individual,6,High Risk,Manual Review
68752605,12000.0, 60 months,19.89,E,E3,10+ years,RENT,35500.0,Verified,debt_consolidation,CA,30.32,0.0,670.0,674.0,1.0,66.5,14.0,Individual,5,High Risk,Manual Review
68429022,25000.0, 60 months,19.89,E,E3,10+ years,MORTGAGE,128000.0,Source Verified,debt_consolidation,FL,35.34,0.0,690.0,694.0,1.0,94.5,20.0,Individual,6,High Risk,Manual Review
67960042,13850.0, 36 months,19.48,E,E2,10+ years,OWN,68000.0,Source Verified,other,TX,37.75,1.0,670.0,674.0,1.0,63.2,75.0,Individual,6,High Risk,Manual Review
68944128,16000.0, 60 months,17.97,D,D4,10+ years,MORTGAGE,69000.0,Verified,home_improvement,NY,32.02,1.0,660.0,664.0,0.0,91.7,28.0,Individual,5,High Risk,Manual Review
68681993,14950.0, 60 months,22.45,F,F1,2 years,RENT,35600.0,Source Verified,debt_consolidation,CA,34.36,0.0,665.0,669.0,2.0,17.2,34.0,Individual,5,High Risk,Manual Review
68812462,35000.0, 60 months,19.48,E,E2,10+ years,RENT,98000.0,Verified,credit_card,IL,31.8,1.0,670.0,674.0,0.0,86.5,34.0,Individual,7,High Risk,Manual Review
68902310,24975.0, 60 months,20.5,E,E4,8 years,MORTGAGE,100000.0,Not Verified,debt_consolidation,TN,21.52,1.0,670.0,674.0,2.0,88.0,37.0,Individual,5,High Risk,Manual Review
68782385,12000.0, 60 months,25.09,F,F4,8 years,RENT,62000.0,Not Verified,credit_card,WV,37.01,0.0,685.0,689.0,0.0,68.9,41.0,Individual,5,High Risk,Manual Review
68712213,30800.0, 60 months,21.48,E,E5,5 years,MORTGAGE,150000.0,Verified,credit_card,AL,32.93,0.0,660.0,664.0,0.0,95.5,51.0,Individual,6,High Risk,Manual Review
68702608,15000.0, 60 months,22.45,F,F1,2 years,OWN,60000.0,Source Verified,debt_consolidation,FL,39.42,0.0,665.0,669.0,1.0,61.3,48.0,Individual,5,High Risk,Manual Review
68956804,35000.0, 60 months,23.13,F,F2,3 years,RENT,125000.0,Verified,credit_card,MD,20.31,1.0,665.0,669.0,1.0,97.2,48.0,Individual,5,High Risk,Manual Review
68792346,25000.0, 60 months,25.09,F,F4,1 year,RENT,145000.0,Verified,debt_consolidation,CA,29.37,1.0,665.0,669.0,1.0,91.4,38.0,Individual,5,High Risk,Manual Review
68712406,28000.0, 60 months,18.99,E,E1,6 years,MORTGAGE,104000.0,Not Verified,debt_consolidation,LA,35.44,0.0,690.0,694.0,1.0,93.0,40.0,Individual,6,High Risk,Manual Review
68862420,14400.0, 60 months,20.5,E,E4,8 years,RENT,42000.0,Verified,debt_consolidation,FL,36.2,0.0,685.0,689.0,0.0,48.7,35.0,Individual,5,High Risk,Manual Review
68507031,20000.0, 60 months,18.99,E,E1,8 years,MORTGAGE,50000.0,Verified,debt_consolidation,TN,30.32,0.0,665.0,669.0,0.0,66.9,12.0,Individual,5,High Risk,Manual Review
68782296,5400.0, 36 months,18.99,E,E1,1 year,RENT,47500.0,Verified,debt_consolidation,CA,38.48,0.0,710.0,714.0,1.0,42.0,18.0,Individual,5,High Risk,Manual Review
68782229,35000.0, 60 months,25.09,F,F4,10+ years,MORTGAGE,80000.0,Verified,debt_consolidation,TN,32.72,0.0,680.0,684.0,0.0,99.2,29.0,Individual,6,High Risk,Manual Review
68902268,2150.0, 36 months,19.48,E,E2,1 year,RENT,30000.0,Not Verified,debt_consolidation,CA,14.0,1.0,675.0,679.0,0.0,93.0,8.0,Individual,5,High Risk,Manual Review
68921820,25000.0, 60 months,19.48,E,E2,< 1 year,MORTGAGE,68500.0,Source Verified,credit_card,OH,33.55,0.0,670.0,674.0,2.0,93.9,21.0,Individual,6,High Risk,Manual Review
68842479,12600.0, 36 months,21.48,E,E5,10+ years,MORTGAGE,42000.0,Source Verified,debt_consolidation,IN,32.49,0.0,680.0,684.0,2.0,68.9,43.0,Individual,5,High Risk,Manual Review
68406953,24425.0, 60 months,19.48,E,E2,10+ years,MORTGAGE,100000.0,Source Verified,other,TX,32.36,1.0,660.0,664.0,0.0,73.1,29.0,Individual,6,High Risk,Manual Review
68681779,15000.0, 60 months,20.5,E,E4,1 year,RENT,42000.0,Not Verified,debt_consolidation,MI,36.74,0.0,675.0,679.0,0.0,37.2,45.0,Individual,5,High Risk,Manual Review
68782156,35000.0, 60 months,25.09,F,F4,10+ years,MORTGAGE,85000.0,Source Verified,debt_consolidation,MA,20.23,1.0,670.0,674.0,0.0,83.9,27.0,Individual,5,High Risk,Manual Review
68569045,31000.0, 60 months,19.48,E,E2,10+ years,MORTGAGE,75000.0,Source Verified,debt_consolidation,OH,32.0,0.0,680.0,684.0,0.0,56.2,31.0,Individual,5,High Risk,Manual Review
68343205,28150.0, 60 months,21.48,E,E5,10+ years,MORTGAGE,64000.0,Not Verified,credit_card,AR,32.64,0.0,685.0,689.0,1.0,53.9,22.0,Individual,5,High Risk,Manual Review
68842237,28000.0, 60 months,18.99,E,E1,1 year,MORTGAGE,128000.0,Verified,home_improvement,NJ,19.67,1.0,685.0,689.0,0.0,99.5,31.0,Individual,5,High Risk,Manual Review
68812007,12725.0, 60 months,19.48,E,E2,< 1 year,RENT,37000.0,Verified,debt_consolidation,AZ,32.18,0.0,665.0,669.0,0.0,88.9,12.0,Individual,6,High Risk,Manual Review
68670705,30000.0, 60 months,25.09,F,F4,10+ years,OWN,90000.0,Verified,debt_consolidation,NJ,33.29,0.0,660.0,664.0,4.0,32.1,62.0,Individual,5,High Risk,Manual Review
68722029,26400.0, 60 months,18.99,E,E1,8 years,MORTGAGE,60000.0,Source Verified,debt_consolidation,AL,33.3,0.0,705.0,709.0,0.0,81.8,33.0,Individual,6,High Risk,Manual Review
68952396,7550.0, 36 months,18.99,E,E1,3 years,RENT,18000.0,Verified,debt_consolidation,MA,32.2,0.0,660.0,664.0,1.0,76.0,9.0,Individual,5,High Risk,Manual Review
68871767,16025.0, 60 months,26.06,F,F5,2 years,RENT,60000.0,Not Verified,debt_consolidation,NM,48.93,0.0,680.0,684.0,1.0,69.4,50.0,Individual,5,High Risk,Manual Review
68943215,35000.0, 60 months,18.99,E,E1,10+ years,OWN,80000.0,Source Verified,debt_consolidation,CA,31.05,0.0,660.0,664.0,1.0,64.9,54.0,Individual,5,High Risk,Manual Review
68741975,20925.0, 60 months,21.48,E,E5,10+ years,MORTGAGE,45500.0,Verified,home_improvement,FL,33.76,0.0,665.0,669.0,0.0,69.2,26.0,Individual,5,High Risk,Manual Review
68692032,12800.0, 60 months,18.99,E,E1,10+ years,MORTGAGE,47000.0,Not Verified,debt_consolidation,OH,33.25,0.0,685.0,689.0,0.0,91.3,17.0,Individual,6,High Risk,Manual Review
68711224,24000.0, 60 months,19.48,E,E2,10+ years,MORTGAGE,114000.0,Not Verified,debt_consolidation,LA,44.11,0.0,705.0,709.0,0.0,101.2,26.0,Individual,6,High Risk,Manual Review
68901902,14100.0, 36 months,23.13,F,F2,5 years,OWN,29000.0,Verified,other,NV,32.12,0.0,685.0,689.0,0.0,99.6,9.0,Joint App,6,High Risk,Manual Review
68475842,35000.0, 60 months,19.48,E,E2,7 years,MORTGAGE,200000.0,Verified,credit_card,VT,31.24,0.0,680.0,684.0,1.0,107.9,30.0,Individual,6,High Risk,Manual Review
68712181,10000.0, 60 months,18.99,E,E1,1 year,RENT,24000.0,Verified,debt_consolidation,CA,44.65,0.0,715.0,719.0,0.0,65.1,12.0,Individual,5,High Risk,Manual Review
68731876,6000.0, 36 months,18.99,E,E1,3 years,MORTGAGE,30000.0,Verified,debt_consolidation,AL,30.12,1.0,665.0,669.0,1.0,39.0,25.0,Individual,6,High Risk,Manual Review
68701481,20000.0, 60 months,23.13,F,F2,< 1 year,RENT,48000.0,Source Verified,car,NM,32.05,0.0,680.0,684.0,2.0,13.3,26.0,Individual,5,High Risk,Manual Review
68952418,35000.0, 60 months,19.48,E,E2,6 years,RENT,90000.0,Verified,debt_consolidation,HI,31.57,0.0,730.0,734.0,0.0,53.8,22.0,Joint App,5,High Risk,Manual Review
68781781,12775.0, 60 months,22.45,F,F1,8 years,OWN,35500.0,Verified,debt_consolidation,IN,36.58,0.0,675.0,679.0,2.0,76.4,18.0,Individual,5,High Risk,Manual Review
68670567,32000.0, 60 months,18.99,E,E1,< 1 year,RENT,91520.0,Verified,credit_card,KS,33.12,0.0,665.0,669.0,0.0,97.6,46.0,Individual,6,High Risk,Manual Review
68771737,1425.0, 36 months,18.99,E,E1,2 years,MORTGAGE,50000.0,Source Verified,debt_consolidation,NC,31.4,0.0,680.0,684.0,1.0,92.6,21.0,Individual,6,High Risk,Manual Review
68861747,18400.0, 60 months,18.99,E,E1,< 1 year,MORTGAGE,47000.0,Source Verified,debt_consolidation,NY,38.94,1.0,660.0,664.0,0.0,90.8,19.0,Individual,7,High Risk,Manual Review
68517423,28000.0, 60 months,18.99,E,E1,10+ years,OWN,76000.0,Not Verified,credit_card,OH,30.6,0.0,695.0,699.0,0.0,83.8,26.0,Individual,6,High Risk,Manual Review
68701693,21600.0, 60 months,18.99,E,E1,< 1 year,RENT,70000.0,Source Verified,debt_consolidation,WI,38.49,0.0,670.0,674.0,1.0,58.0,30.0,Individual,5,High Risk,Manual Review
68588893,35000.0, 60 months,19.89,E,E3,3 years,RENT,33779.0,Verified,credit_card,NY,96.48,0.0,750.0,754.0,0.0,30.0,51.0,Joint App,5,High Risk,Manual Review
68911825,19975.0, 60 months,18.99,E,E1,10+ years,OWN,81000.0,Not Verified,debt_consolidation,TX,37.24,0.0,695.0,699.0,0.0,48.0,48.0,Individual,5,High Risk,Manual Review
68063391,29900.0, 60 months,21.48,E,E5,< 1 year,MORTGAGE,68000.0,Verified,home_improvement,NJ,20.9,1.0,665.0,669.0,0.0,84.6,26.0,Individual,5,High Risk,Manual Review
68761670,19600.0, 60 months,23.13,F,F2,10+ years,RENT,78000.0,Verified,debt_consolidation,TX,39.17,0.0,685.0,689.0,0.0,76.7,25.0,Individual,5,High Risk,Manual Review
68741834,21050.0, 60 months,18.99,E,E1,< 1 year,RENT,60000.0,Source Verified,debt_consolidation,AZ,34.9,1.0,705.0,709.0,0.0,52.1,35.0,Individual,6,High Risk,Manual Review
68891800,23750.0, 60 months,21.48,E,E5,10+ years,RENT,51000.0,Verified,debt_consolidation,CA,31.42,0.0,730.0,734.0,0.0,44.3,12.0,Individual,5,High Risk,Manual Review
68781715,32000.0, 60 months,18.99,E,E1,10+ years,MORTGAGE,84000.0,Source Verified,debt_consolidation,NC,31.13,0.0,685.0,689.0,0.0,81.8,24.0,Individual,6,High Risk,Manual Review
68771588,4000.0, 36 months,18.99,E,E1,< 1 year,MORTGAGE,67000.0,Verified,moving,NM,33.26,2.0,660.0,664.0,0.0,51.9,13.0,Individual,6,High Risk,Manual Review
68418425,14000.0, 60 months,18.99,E,E1,5 years,RENT,65000.0,Not Verified,debt_consolidation,NJ,36.46,0.0,680.0,684.0,2.0,58.4,36.0,Individual,5,High Risk,Manual Review
68952250,10500.0, 36 months,18.99,E,E1,3 years,RENT,55643.0,Source Verified,debt_consolidation,CA,31.64,0.0,705.0,709.0,2.0,36.3,12.0,Individual,5,High Risk,Manual Review
68550827,22800.0, 60 months,25.09,F,F4,9 years,RENT,60000.0,Not Verified,debt_consolidation,FL,37.4,0.0,670.0,674.0,1.0,56.0,17.0,Individual,5,High Risk,Manual Review
68340439,21000.0, 60 months,22.45,F,F1,10+ years,RENT,50000.0,Verified,debt_consolidation,CA,32.31,0.0,670.0,674.0,0.0,84.2,21.0,Joint App,6,High Risk,Manual Review
68681661,13500.0, 36 months,19.89,E,E3,3 years,RENT,48000.0,Verified,debt_consolidation,TX,33.45,0.0,660.0,664.0,3.0,53.0,18.0,Individual,5,High Risk,Manual Review
68701465,25600.0, 60 months,26.06,F,F5,10+ years,MORTGAGE,80000.0,Verified,other,AL,33.27,0.0,700.0,704.0,0.0,94.7,18.0,Individual,6,High Risk,Manual Review
68617621,20175.0, 60 months,18.99,E,E1,10+ years,RENT,65000.0,Verified,debt_consolidation,CA,33.98,0.0,670.0,674.0,2.0,32.6,37.0,Individual,5,High Risk,Manual Review
68811545,20000.0, 60 months,18.99,E,E1,,MORTGAGE,74000.0,Verified,credit_card,DE,38.29,0.0,670.0,674.0,1.0,94.3,27.0,Individual,6,High Risk,Manual Review
68911671,10225.0, 60 months,20.5,E,E4,4 years,RENT,30440.0,Source Verified,debt_consolidation,CA,38.8,0.0,660.0,664.0,0.0,57.0,31.0,Individual,5,High Risk,Manual Review
68811422,16400.0, 36 months,26.99,G,G1,1 year,RENT,41000.0,Verified,debt_consolidation,SD,38.5,0.0,685.0,689.0,1.0,38.7,14.0,Individual,5,High Risk,Manual Review
68527974,9000.0, 36 months,19.89,E,E3,5 years,RENT,42000.0,Verified,debt_consolidation,NY,39.8,0.0,690.0,694.0,1.0,92.0,21.0,Individual,6,High Risk,Manual Review
68670326,19200.0, 60 months,19.48,E,E2,10+ years,OWN,48000.0,Not Verified,credit_card,PA,36.1,0.0,765.0,769.0,2.0,17.7,34.0,Individual,5,High Risk,Manual Review
68761486,10000.0, 36 months,18.99,E,E1,10+ years,MORTGAGE,70000.0,Source Verified,debt_consolidation,OH,36.5,0.0,700.0,704.0,1.0,75.4,31.0,Individual,5,High Risk,Manual Review
68821474,4800.0, 36 months,19.48,E,E2,4 years,MORTGAGE,37710.0,Not Verified,credit_card,MO,44.49,0.0,660.0,664.0,1.0,82.6,27.0,Individual,6,High Risk,Manual Review
68053352,21600.0, 60 months,25.09,F,F4,1 year,RENT,48000.0,Verified,debt_consolidation,NY,32.48,0.0,695.0,699.0,3.0,97.0,23.0,Individual,6,High Risk,Manual Review
68469266,15825.0, 60 months,21.48,E,E5,8 years,MORTGAGE,44000.0,Verified,debt_consolidation,SC,30.31,1.0,690.0,694.0,1.0,78.5,19.0,Individual,6,High Risk,Manual Review
68861387,24050.0, 60 months,20.5,E,E4,3 years,RENT,24000.0,Source Verified,debt_consolidation,LA,35.9,0.0,690.0,694.0,0.0,83.4,10.0,Joint App,6,High Risk,Manual Review
68831420,26000.0, 60 months,18.99,E,E1,10+ years,MORTGAGE,57000.0,Verified,debt_consolidation,NC,39.09,0.0,715.0,719.0,0.0,90.4,19.0,Individual,6,High Risk,Manual Review
68741549,16800.0, 60 months,19.48,E,E2,< 1 year,RENT,42000.0,Verified,debt_consolidation,CO,39.34,2.0,690.0,694.0,2.0,43.3,57.0,Individual,6,High Risk,Manual Review
68691272,30000.0, 60 months,19.48,E,E2,10+ years,RENT,78390.0,Verified,debt_consolidation,GA,31.31,0.0,675.0,679.0,1.0,42.2,25.0,Individual,5,High Risk,Manual Review
68721506,10800.0, 60 months,18.99,E,E1,10+ years,MORTGAGE,39000.0,Verified,major_purchase,PA,35.6,1.0,670.0,674.0,3.0,64.0,28.0,Individual,6,High Risk,Manual Review
68711222,4000.0, 36 months,20.5,E,E4,2 years,OWN,25000.0,Verified,other,MN,34.28,0.0,715.0,719.0,0.0,19.3,12.0,Individual,5,High Risk,Manual Review
68821263,14000.0, 60 months,18.99,E,E1,,OWN,45000.0,Verified,debt_consolidation,AL,38.06,0.0,700.0,704.0,2.0,31.0,19.0,Individual,5,High Risk,Manual Review
68711361,16725.0, 60 months,19.48,E,E2,10+ years,MORTGAGE,51000.0,Not Verified,credit_card,GA,37.51,0.0,685.0,689.0,0.0,81.7,17.0,Individual,6,High Risk,Manual Review
68871394,33000.0, 60 months,21.48,E,E5,10+ years,MORTGAGE,100000.0,Not Verified,credit_card,CA,38.51,0.0,705.0,709.0,2.0,88.1,46.0,Individual,6,High Risk,Manual Review
68595809,16775.0, 60 months,19.48,E,E2,10+ years,RENT,46600.0,Verified,debt_consolidation,TX,10.61,1.0,660.0,664.0,0.0,91.4,15.0,Individual,5,High Risk,Manual Review
68901168,7275.0, 36 months,19.89,E,E3,6 years,RENT,26000.0,Verified,debt_consolidation,IN,36.29,0.0,665.0,669.0,2.0,82.0,9.0,Individual,6,High Risk,Manual Review
68499627,4800.0, 36 months,20.5,E,E4,1 year,RENT,16000.0,Verified,debt_consolidation,CA,38.26,0.0,670.0,674.0,1.0,49.0,6.0,Individual,5,High Risk,Manual Review
68388619,17700.0, 60 months,22.45,F,F1,10+ years,MORTGAGE,60000.0,Verified,debt_consolidation,WA,30.82,1.0,665.0,669.0,2.0,63.7,37.0,Individual,6,High Risk,Manual Review
68517409,25000.0, 60 months,23.13,F,F2,< 1 year,RENT,73227.0,Source Verified,debt_consolidation,MN,37.55,0.0,700.0,704.0,1.0,94.6,34.0,Individual,6,High Risk,Manual Review
68379469,24950.0, 60 months,20.5,E,E4,10+ years,MORTGAGE,68000.0,Verified,debt_consolidation,OK,30.86,0.0,710.0,714.0,1.0,92.2,14.0,Individual,6,High Risk,Manual Review
68379104,19625.0, 60 months,20.5,E,E4,10+ years,OWN,57000.0,Source Verified,debt_consolidation,SC,34.23,4.0,685.0,689.0,0.0,23.5,21.0,Individual,6,High Risk,Manual Review
68551680,25000.0, 60 months,21.48,E,E5,10+ years,MORTGAGE,86000.0,Not Verified,credit_card,FL,36.03,0.0,665.0,669.0,0.0,71.1,48.0,Individual,5,High Risk,Manual Review
68357829,31500.0, 60 months,19.48,E,E2,10+ years,MORTGAGE,75000.0,Verified,debt_consolidation,KS,34.29,0.0,670.0,674.0,2.0,86.0,29.0,Individual,6,High Risk,Manual Review
68711150,1225.0, 36 months,19.89,E,E3,10+ years,MORTGAGE,47000.0,Source Verified,debt_consolidation,NY,31.31,1.0,690.0,694.0,0.0,59.9,45.0,Individual,6,High Risk,Manual Review
68781141,11200.0, 60 months,19.89,E,E3,< 1 year,RENT,109000.0,Verified,moving,WA,34.43,0.0,685.0,689.0,1.0,83.3,30.0,Individual,6,High Risk,Manual Review
68607283,11175.0, 60 months,19.48,E,E2,8 years,MORTGAGE,70000.0,Verified,other,GA,31.0,0.0,665.0,669.0,2.0,56.0,17.0,Individual,5,High Risk,Manual Review
746369,16200.0, 60 months,16.59,D,D2,9 years,MORTGAGE,85000.0,Not Verified,credit_card,MO,35.26,1.0,690.0,694.0,2.0,82.0,40.0,Individual,5,High Risk,Manual Review
68388673,17000.0, 60 months,19.48,E,E2,8 years,OWN,37000.0,Not Verified,credit_card,MO,35.23,0.0,700.0,704.0,0.0,77.1,28.0,Individual,5,High Risk,Manual Review
68711127,30000.0, 60 months,23.13,F,F2,3 years,RENT,65000.0,Source Verified,debt_consolidation,VA,32.37,0.0,665.0,669.0,2.0,77.2,17.0,Individual,5,High Risk,Manual Review
68528727,14550.0, 60 months,22.45,F,F1,2 years,RENT,60800.0,Verified,debt_consolidation,LA,33.24,0.0,675.0,679.0,0.0,74.5,31.0,Individual,5,High Risk,Manual Review
68489830,12525.0, 36 months,19.89,E,E3,2 years,RENT,107000.0,Verified,credit_card,VA,46.74,0.0,710.0,714.0,1.0,79.5,35.0,Individual,5,High Risk,Manual Review
68539875,24000.0, 60 months,16.59,D,D2,10+ years,RENT,135006.0,Verified,debt_consolidation,CA,34.06,2.0,660.0,664.0,0.0,86.0,41.0,Individual,5,High Risk,Manual Review
68389689,19200.0, 36 months,19.48,E,E2,2 years,RENT,57000.0,Verified,debt_consolidation,AZ,44.4,1.0,680.0,684.0,0.0,94.0,22.0,Individual,7,High Risk,Manual Review
68449041,17250.0, 60 months,22.45,F,F1,10+ years,MORTGAGE,90000.0,Not Verified,debt_consolidation,FL,41.62,0.0,705.0,709.0,0.0,99.0,14.0,Individual,6,High Risk,Manual Review
68379290,30000.0, 60 months,20.5,E,E4,4 years,MORTGAGE,190000.0,Not Verified,debt_consolidation,MD,40.03,0.0,710.0,714.0,0.0,85.6,49.0,Individual,6,High Risk,Manual Review
67447502,31500.0, 60 months,18.99,E,E1,,MORTGAGE,81394.0,Verified,debt_consolidation,DE,31.88,0.0,705.0,709.0,0.0,77.4,16.0,Individual,5,High Risk,Manual Review
67297155,18500.0, 60 months,20.5,E,E4,10+ years,RENT,62000.0,Source Verified,credit_card,NY,32.92,0.0,670.0,674.0,0.0,95.0,42.0,Individual,6,High Risk,Manual Review
68437634,18500.0, 60 months,16.59,D,D2,10+ years,OWN,52000.0,Verified,credit_card,MS,34.73,1.0,685.0,689.0,1.0,88.2,12.0,Individual,5,High Risk,Manual Review
68429374,19000.0, 60 months,21.48,E,E5,10+ years,MORTGAGE,89028.0,Verified,debt_consolidation,CA,14.31,1.0,660.0,664.0,1.0,92.5,24.0,Individual,5,High Risk,Manual Review
68509010,23025.0, 60 months,22.45,F,F1,6 years,RENT,75000.0,Verified,debt_consolidation,NJ,33.25,0.0,685.0,689.0,3.0,53.6,41.0,Individual,5,High Risk,Manual Review
68569143,18850.0, 60 months,19.89,E,E3,3 years,MORTGAGE,56650.0,Source Verified,debt_consolidation,IN,32.63,0.0,735.0,739.0,1.0,6.3,18.0,Individual,5,High Risk,Manual Review
68509194,14000.0, 60 months,17.27,D,D3,2 years,RENT,71200.0,Source Verified,credit_card,MN,33.71,1.0,665.0,669.0,1.0,85.8,33.0,Individual,5,High Risk,Manual Review
68359335,17700.0, 60 months,22.45,F,F1,,MORTGAGE,67056.0,Verified,debt_consolidation,MD,31.03,0.0,670.0,674.0,0.0,56.2,22.0,Individual,5,High Risk,Manual Review
68368662,16700.0, 60 months,21.48,E,E5,3 years,MORTGAGE,40000.0,Not Verified,debt_consolidation,TX,35.58,2.0,695.0,699.0,1.0,32.6,24.0,Individual,6,High Risk,Manual Review
67928432,23150.0, 60 months,18.99,E,E1,5 years,OWN,60939.0,Not Verified,debt_consolidation,AZ,31.12,0.0,740.0,744.0,0.0,34.0,28.0,Individual,5,High Risk,Manual Review
68548625,17525.0, 60 months,18.99,E,E1,2 years,MORTGAGE,70000.0,Not Verified,debt_consolidation,AL,35.97,0.0,680.0,684.0,0.0,67.9,46.0,Joint App,5,High Risk,Manual Review
68447042,30000.0, 60 months,18.99,E,E1,< 1 year,MORTGAGE,65000.0,Verified,debt_consolidation,TX,36.03,0.0,670.0,674.0,0.0,97.9,40.0,Individual,6,High Risk,Manual Review
68607844,13650.0, 36 months,19.89,E,E3,9 years,MORTGAGE,62000.0,Not Verified,debt_consolidation,MS,33.7,0.0,665.0,669.0,1.0,65.9,48.0,Individual,5,High Risk,Manual Review
68438930,27775.0, 36 months,18.99,E,E1,4 years,MORTGAGE,80000.0,Not Verified,debt_consolidation,IL,23.03,4.0,670.0,674.0,2.0,89.5,25.0,Individual,5,High Risk,Manual Review
68429078,13025.0, 60 months,18.99,E,E1,< 1 year,MORTGAGE,52500.0,Source Verified,debt_consolidation,IL,30.33,0.0,670.0,674.0,1.0,53.6,27.0,Individual,5,High Risk,Manual Review
68610117,27925.0, 60 months,25.09,F,F4,10+ years,MORTGAGE,73500.0,Source Verified,debt_consolidation,IL,31.37,0.0,685.0,689.0,1.0,60.9,46.0,Individual,5,High Risk,Manual Review
68550985,11200.0, 60 months,18.99,E,E1,3 years,RENT,74000.0,Source Verified,debt_consolidation,VA,20.27,1.0,660.0,664.0,0.0,94.1,25.0,Individual,5,High Risk,Manual Review
68063165,21575.0, 60 months,19.89,E,E3,< 1 year,RENT,54000.0,Source Verified,debt_consolidation,TX,33.28,0.0,695.0,699.0,1.0,43.1,27.0,Individual,5,High Risk,Manual Review
68568295,13650.0, 60 months,18.99,E,E1,7 years,MORTGAGE,60000.0,Not Verified,debt_consolidation,NY,34.1,0.0,680.0,684.0,0.0,83.8,30.0,Individual,6,High Risk,Manual Review
68649500,10700.0, 60 months,26.99,G,G1,4 years,MORTGAGE,55000.0,Verified,debt_consolidation,VA,48.22,0.0,680.0,684.0,0.0,78.2,33.0,Individual,5,High Risk,Manual Review
68619653,13600.0, 60 months,22.45,F,F1,3 years,RENT,40000.0,Verified,debt_consolidation,TN,32.28,0.0,670.0,674.0,0.0,98.2,33.0,Individual,6,High Risk,Manual Review
68538725,12000.0, 60 months,19.89,E,E3,6 years,MORTGAGE,70000.0,Not Verified,debt_consolidation,VA,16.89,1.0,665.0,669.0,0.0,88.1,18.0,Individual,5,High Risk,Manual Review
68568942,24000.0, 60 months,20.5,E,E4,9 years,MORTGAGE,60000.0,Not Verified,debt_consolidation,IL,35.24,0.0,700.0,704.0,1.0,79.4,30.0,Individual,5,High Risk,Manual Review
68418707,31100.0, 60 months,22.45,F,F1,1 year,MORTGAGE,90000.0,Verified,moving,NY,33.08,1.0,665.0,669.0,0.0,41.6,18.0,Individual,6,High Risk,Manual Review
68489211,12475.0, 60 months,19.89,E,E3,3 years,MORTGAGE,48000.0,Source Verified,home_improvement,OH,35.68,0.0,700.0,704.0,0.0,60.1,21.0,Individual,5,High Risk,Manual Review
68378800,10900.0, 60 months,19.48,E,E2,3 years,RENT,30300.0,Verified,debt_consolidation,TX,37.35,1.0,665.0,669.0,0.0,56.1,21.0,Individual,6,High Risk,Manual Review
68358938,10500.0, 60 months,15.77,D,D1,3 years,RENT,25000.0,Source Verified,debt_consolidation,TX,34.42,1.0,675.0,679.0,1.0,89.5,10.0,Individual,5,High Risk,Manual Review
68518778,25525.0, 60 months,27.99,G,G3,1 year,RENT,63858.0,Verified,other,NY,37.51,0.0,725.0,729.0,1.0,78.2,13.0,Individual,5,High Risk,Manual Review
68368908,11200.0, 60 months,23.13,F,F2,5 years,RENT,96000.0,Source Verified,debt_consolidation,HI,40.6,0.0,695.0,699.0,1.0,78.5,18.0,Individual,5,High Risk,Manual Review
68550590,28800.0, 60 months,20.5,E,E4,10+ years,MORTGAGE,80000.0,Not Verified,debt_consolidation,TN,31.86,0.0,665.0,669.0,2.0,73.6,43.0,Individual,5,High Risk,Manual Review
68518763,15000.0, 60 months,17.27,D,D3,3 years,RENT,50000.0,Verified,debt_consolidation,CA,35.74,4.0,670.0,674.0,0.0,81.0,22.0,Individual,5,High Risk,Manual Review
68486295,14275.0, 60 months,20.5,E,E4,4 years,MORTGAGE,42000.0,Verified,debt_consolidation,TX,30.22,0.0,675.0,679.0,1.0,62.3,18.0,Individual,5,High Risk,Manual Review
68535229,18700.0, 60 months,20.5,E,E4,10+ years,OWN,55000.0,Verified,debt_consolidation,SC,32.49,0.0,690.0,694.0,0.0,76.4,31.0,Individual,5,High Risk,Manual Review
68518670,15225.0, 36 months,27.99,G,G3,3 years,RENT,44477.79,Verified,credit_card,TX,38.21,0.0,665.0,669.0,0.0,81.7,13.0,Individual,6,High Risk,Manual Review
68478621,18000.0, 60 months,20.5,E,E4,2 years,RENT,45000.0,Verified,debt_consolidation,CA,37.31,1.0,660.0,664.0,2.0,38.0,35.0,Individual,6,High Risk,Manual Review
68518526,35000.0, 60 months,23.13,F,F2,10+ years,MORTGAGE,125000.0,Verified,debt_consolidation,TX,37.42,0.0,670.0,674.0,0.0,70.0,19.0,Individual,5,High Risk,Manual Review
68395893,28000.0, 60 months,19.89,E,E3,10+ years,MORTGAGE,105000.0,Not Verified,debt_consolidation,TX,14.55,2.0,670.0,674.0,0.0,87.8,31.0,Individual,5,High Risk,Manual Review
68408936,10000.0, 36 months,17.27,D,D3,3 years,MORTGAGE,44650.0,Source Verified,debt_consolidation,TX,32.31,1.0,660.0,664.0,0.0,96.7,33.0,Individual,5,High Risk,Manual Review
68580490,15000.0, 60 months,18.99,E,E1,,MORTGAGE,50500.0,Verified,debt_consolidation,NC,36.95,0.0,665.0,669.0,1.0,63.8,39.0,Individual,5,High Risk,Manual Review
68498914,35000.0, 60 months,19.48,E,E2,7 years,MORTGAGE,130000.0,Verified,debt_consolidation,CO,20.57,1.0,665.0,669.0,0.0,99.0,30.0,Individual,5,High Risk,Manual Review
68508536,10900.0, 60 months,20.5,E,E4,7 years,RENT,26000.0,Not Verified,debt_consolidation,NY,35.46,0.0,660.0,664.0,0.0,79.0,22.0,Individual,5,High Risk,Manual Review
68585303,16000.0, 60 months,19.48,E,E2,10+ years,MORTGAGE,70000.0,Not Verified,debt_consolidation,IL,42.69,3.0,665.0,669.0,3.0,38.1,25.0,Individual,6,High Risk,Manual Review
68575909,24000.0, 60 months,19.89,E,E3,5 years,MORTGAGE,205000.0,Source Verified,other,NJ,27.42,1.0,665.0,669.0,1.0,80.8,53.0,Individual,5,High Risk,Manual Review
68588170,20400.0, 60 months,19.89,E,E3,10+ years,MORTGAGE,54300.0,Verified,debt_consolidation,MD,34.94,0.0,660.0,664.0,1.0,72.1,45.0,Individual,5,High Risk,Manual Review
67235792,34825.0, 60 months,21.48,E,E5,< 1 year,MORTGAGE,79200.0,Source Verified,debt_consolidation,TN,38.45,0.0,675.0,679.0,1.0,75.6,30.0,Individual,5,High Risk,Manual Review
67889174,14700.0, 36 months,24.24,F,F3,3 years,MORTGAGE,60000.0,Verified,other,NY,30.82,0.0,690.0,694.0,1.0,49.7,42.0,Individual,5,High Risk,Manual Review
68525566,9400.0, 36 months,18.99,E,E1,10+ years,OWN,75000.0,Source Verified,debt_consolidation,NJ,30.23,1.0,695.0,699.0,1.0,89.5,26.0,Individual,7,High Risk,Manual Review
68378474,18000.0, 60 months,19.48,E,E2,7 years,RENT,64800.0,Verified,credit_card,NV,38.28,0.0,695.0,699.0,0.0,74.4,18.0,Individual,5,High Risk,Manual Review
68339846,35000.0, 60 months,22.45,F,F1,1 year,OWN,118560.0,Source Verified,debt_consolidation,AL,32.74,1.0,660.0,664.0,0.0,60.7,33.0,Individual,6,High Risk,Manual Review
68539230,12000.0, 60 months,19.89,E,E3,1 year,MORTGAGE,35000.0,Verified,debt_consolidation,WI,36.25,0.0,680.0,684.0,0.0,47.2,18.0,Individual,5,High Risk,Manual Review
68398594,35000.0, 60 months,16.59,D,D2,< 1 year,MORTGAGE,230000.0,Verified,other,OK,33.61,1.0,705.0,709.0,0.0,87.6,52.0,Individual,5,High Risk,Manual Review
68607088,24800.0, 60 months,25.09,F,F4,10+ years,MORTGAGE,80000.0,Verified,debt_consolidation,NJ,21.01,2.0,660.0,664.0,1.0,87.4,29.0,Individual,5,High Risk,Manual Review
68428513,15600.0, 60 months,19.48,E,E2,4 years,RENT,31200.0,Source Verified,debt_consolidation,MI,31.46,0.0,660.0,664.0,1.0,41.4,20.0,Individual,5,High Risk,Manual Review
68388933,12950.0, 60 months,23.13,F,F2,10+ years,MORTGAGE,36000.0,Verified,debt_consolidation,GA,39.87,0.0,680.0,684.0,0.0,90.3,83.0,Individual,6,High Risk,Manual Review
68398406,30000.0, 60 months,21.48,E,E5,10+ years,RENT,68666.96,Verified,debt_consolidation,SC,39.41,0.0,680.0,684.0,0.0,73.6,34.0,Individual,5,High Risk,Manual Review
68515833,12650.0, 60 months,19.48,E,E2,10+ years,MORTGAGE,44000.0,Not Verified,debt_consolidation,OK,36.12,0.0,735.0,739.0,0.0,81.6,16.0,Individual,6,High Risk,Manual Review
68525762,12000.0, 60 months,19.48,E,E2,4 years,MORTGAGE,80000.0,Not Verified,major_purchase,CA,24.09,1.0,675.0,679.0,0.0,98.6,36.0,Individual,5,High Risk,Manual Review
68544440,30400.0, 60 months,26.06,F,F5,2 years,MORTGAGE,80000.0,Verified,debt_consolidation,OH,32.39,0.0,685.0,689.0,1.0,55.6,29.0,Individual,5,High Risk,Manual Review
68539052,35000.0, 60 months,18.99,E,E1,10+ years,MORTGAGE,165000.0,Verified,debt_consolidation,TX,24.71,6.0,665.0,669.0,0.0,99.2,37.0,Individual,5,High Risk,Manual Review
67849364,21925.0, 60 months,22.45,F,F1,10+ years,MORTGAGE,58451.73,Not Verified,debt_consolidation,MS,32.15,0.0,680.0,684.0,1.0,69.0,42.0,Individual,5,High Risk,Manual Review
68634572,3125.0, 36 months,20.5,E,E4,< 1 year,MORTGAGE,30000.0,Source Verified,debt_consolidation,LA,33.57,0.0,700.0,704.0,0.0,70.4,20.0,Individual,5,High Risk,Manual Review
68515079,5600.0, 36 months,19.89,E,E3,10+ years,OWN,17500.0,Verified,credit_card,GA,39.85,0.0,660.0,664.0,0.0,59.0,22.0,Individual,5,High Risk,Manual Review
68414544,14275.0, 60 months,22.45,F,F1,< 1 year,MORTGAGE,42000.0,Source Verified,debt_consolidation,RI,32.37,0.0,675.0,679.0,1.0,64.8,43.0,Individual,5,High Risk,Manual Review
68468334,24000.0, 60 months,18.99,E,E1,10+ years,MORTGAGE,79000.0,Not Verified,credit_card,NY,33.21,0.0,660.0,664.0,0.0,76.4,30.0,Individual,5,High Risk,Manual Review
68496322,23550.0, 60 months,19.48,E,E2,< 1 year,MORTGAGE,62000.0,Verified,debt_consolidation,LA,38.99,1.0,690.0,694.0,0.0,78.2,23.0,Individual,6,High Risk,Manual Review
68468167,19075.0, 60 months,25.09,F,F4,9 years,OWN,54000.0,Verified,debt_consolidation,GA,38.73,1.0,660.0,664.0,0.0,77.4,18.0,Individual,6,High Risk,Manual Review
68636358,35000.0, 60 months,18.99,E,E1,6 years,MORTGAGE,90000.0,Source Verified,debt_consolidation,TX,31.03,1.0,685.0,689.0,2.0,57.4,34.0,Joint App,6,High Risk,Manual Review
68577277,30000.0, 60 months,19.89,E,E3,10+ years,MORTGAGE,110000.0,Source Verified,debt_consolidation,WA,31.98,0.0,705.0,709.0,0.0,75.9,34.0,Individual,5,High Risk,Manual Review
68447971,35000.0, 60 months,20.5,E,E4,10+ years,MORTGAGE,120000.0,Verified,debt_consolidation,MO,39.87,2.0,665.0,669.0,1.0,82.2,46.0,Individual,7,High Risk,Manual Review
68468173,20000.0, 60 months,19.48,E,E2,10+ years,MORTGAGE,96000.0,Verified,moving,VA,33.15,0.0,685.0,689.0,1.0,83.3,43.0,Individual,6,High Risk,Manual Review
68388321,13625.0, 60 months,19.48,E,E2,10+ years,MORTGAGE,42000.0,Not Verified,credit_card,MO,37.91,1.0,665.0,669.0,1.0,44.3,39.0,Individual,6,High Risk,Manual Review
68398249,20500.0, 60 months,19.89,E,E3,9 years,MORTGAGE,41000.0,Source Verified,debt_consolidation,PA,30.5,0.0,710.0,714.0,1.0,77.2,28.0,Individual,5,High Risk,Manual Review
68364877,33550.0, 60 months,18.99,E,E1,5 years,MORTGAGE,95000.0,Verified,debt_consolidation,IL,37.06,0.0,665.0,669.0,3.0,92.0,29.0,Individual,6,High Risk,Manual Review
68438128,14075.0, 60 months,19.89,E,E3,2 years,OWN,54000.0,Source Verified,debt_consolidation,KY,35.4,0.0,665.0,669.0,0.0,70.8,44.0,Individual,5,High Risk,Manual Review
68517889,8750.0, 36 months,18.99,E,E1,10+ years,OWN,44512.0,Verified,debt_consolidation,MO,56.32,0.0,675.0,679.0,0.0,64.7,36.0,Joint App,5,High Risk,Manual Review
68388445,29800.0, 60 months,18.99,E,E1,7 years,RENT,109000.0,Not Verified,credit_card,NH,32.6,1.0,700.0,704.0,0.0,8.0,27.0,Individual,6,High Risk,Manual Review
68636290,23800.0, 60 months,19.89,E,E3,10+ years,MORTGAGE,34000.0,Verified,debt_consolidation,TX,36.5,0.0,720.0,724.0,1.0,37.1,49.0,Joint App,5,High Risk,Manual Review
68579522,14575.0, 60 months,22.45,F,F1,10+ years,RENT,40550.0,Verified,house,VA,39.01,0.0,695.0,699.0,1.0,47.7,42.0,Individual,5,High Risk,Manual Review
68368132,31500.0, 60 months,19.89,E,E3,2 years,MORTGAGE,172000.0,Not Verified,debt_consolidation,GA,32.78,2.0,680.0,684.0,2.0,16.4,74.0,Individual,6,High Risk,Manual Review
68272581,32775.0, 60 months,26.06,F,F5,10+ years,MORTGAGE,74500.0,Source Verified,debt_consolidation,MA,32.39,0.0,685.0,689.0,2.0,7.4,29.0,Individual,5,High Risk,Manual Review
68579451,18650.0, 60 months,19.48,E,E2,2 years,OWN,67500.0,Source Verified,debt_consolidation,TN,31.96,0.0,675.0,679.0,0.0,79.0,39.0,Individual,5,High Risk,Manual Review
68513467,14475.0, 60 months,19.48,E,E2,7 years,RENT,65000.0,Not Verified,debt_consolidation,NH,33.59,2.0,710.0,714.0,1.0,33.8,47.0,Individual,6,High Risk,Manual Review
68437921,15000.0, 36 months,17.27,D,D3,10+ years,MORTGAGE,80000.0,Not Verified,debt_consolidation,TX,38.72,5.0,660.0,664.0,0.0,92.7,21.0,Individual,5,High Risk,Manual Review
68634337,32000.0, 60 months,18.99,E,E1,10+ years,MORTGAGE,159000.0,Verified,credit_card,NJ,27.8,1.0,670.0,674.0,2.0,101.5,52.0,Individual,5,High Risk,Manual Review
68507862,11550.0, 36 months,18.99,E,E1,,MORTGAGE,31644.0,Verified,debt_consolidation,AR,35.62,0.0,710.0,714.0,1.0,49.9,16.0,Individual,5,High Risk,Manual Review
68485396,35000.0, 60 months,18.99,E,E1,10+ years,MORTGAGE,90000.0,Source Verified,debt_consolidation,OH,34.77,0.0,705.0,709.0,0.0,60.3,43.0,Individual,5,High Risk,Manual Review
67395751,14000.0, 60 months,18.99,E,E1,7 years,RENT,70000.0,Source Verified,debt_consolidation,MD,33.98,0.0,695.0,699.0,1.0,31.6,78.0,Individual,5,High Risk,Manual Review
68395214,22550.0, 60 months,24.24,F,F3,10+ years,MORTGAGE,47000.0,Verified,other,RI,37.87,1.0,675.0,679.0,0.0,68.4,19.0,Individual,6,High Risk,Manual Review
68477717,35000.0, 60 months,22.45,F,F1,10+ years,OWN,92751.0,Not Verified,debt_consolidation,MI,39.32,1.0,675.0,679.0,0.0,74.4,43.0,Individual,6,High Risk,Manual Review
68408180,24000.0, 60 months,24.24,F,F3,10+ years,RENT,82000.0,Verified,debt_consolidation,NY,32.21,0.0,705.0,709.0,0.0,44.1,36.0,Individual,5,High Risk,Manual Review
68618141,11000.0, 60 months,20.5,E,E4,10+ years,RENT,60000.0,Verified,moving,VA,15.58,1.0,660.0,664.0,1.0,91.2,8.0,Individual,5,High Risk,Manual Review
68488213,10000.0, 60 months,17.97,D,D4,5 years,MORTGAGE,51000.0,Not Verified,debt_consolidation,CT,38.17,1.0,665.0,669.0,0.0,83.5,24.0,Individual,5,High Risk,Manual Review
68597793,16200.0, 36 months,19.48,E,E2,2 years,RENT,45000.0,Verified,debt_consolidation,MI,32.75,0.0,660.0,664.0,2.0,76.4,20.0,Individual,5,High Risk,Manual Review
68608401,35000.0, 60 months,19.89,E,E3,10+ years,RENT,91000.0,Source Verified,debt_consolidation,CA,35.43,3.0,665.0,669.0,0.0,72.9,44.0,Individual,6,High Risk,Manual Review
68367798,10425.0, 36 months,19.89,E,E3,10+ years,MORTGAGE,86457.0,Verified,debt_consolidation,NC,30.65,2.0,660.0,664.0,4.0,69.0,31.0,Individual,6,High Risk,Manual Review
68467703,14400.0, 60 months,18.99,E,E1,< 1 year,RENT,67132.0,Source Verified,credit_card,CA,31.28,0.0,685.0,689.0,0.0,56.2,36.0,Individual,5,High Risk,Manual Review
68367763,11225.0, 60 months,25.09,F,F4,5 years,MORTGAGE,50000.0,Source Verified,other,TN,32.67,1.0,660.0,664.0,0.0,49.4,41.0,Individual,6,High Risk,Manual Review
68618063,30000.0, 60 months,20.5,E,E4,8 years,MORTGAGE,85000.0,Verified,credit_card,NC,35.76,4.0,660.0,664.0,2.0,86.3,42.0,Individual,7,High Risk,Manual Review
68579068,28025.0, 60 months,21.48,E,E5,10+ years,MORTGAGE,82500.0,Not Verified,debt_consolidation,GA,31.81,0.0,705.0,709.0,0.0,105.0,18.0,Individual,6,High Risk,Manual Review
68534744,17000.0, 60 months,23.13,F,F2,10+ years,RENT,72000.0,Verified,debt_consolidation,GA,33.01,0.0,680.0,684.0,0.0,77.0,11.0,Individual,5,High Risk,Manual Review
68517541,20400.0, 60 months,21.48,E,E5,10+ years,MORTGAGE,50000.0,Not Verified,debt_consolidation,FL,35.98,0.0,675.0,679.0,0.0,65.9,21.0,Individual,5,High Risk,Manual Review
68538081,25500.0, 60 months,19.48,E,E2,10+ years,OWN,51000.0,Source Verified,debt_consolidation,TX,36.87,1.0,680.0,684.0,0.0,47.1,37.0,Individual,6,High Risk,Manual Review
68507443,26675.0, 60 months,24.24,F,F3,3 years,RENT,59300.0,Verified,debt_consolidation,NJ,31.11,0.0,670.0,674.0,3.0,36.0,24.0,Individual,5,High Risk,Manual Review
67839013,10000.0, 60 months,18.99,E,E1,9 years,OWN,40000.0,Source Verified,debt_consolidation,KY,30.77,1.0,675.0,679.0,1.0,80.8,33.0,Individual,7,High Risk,Manual Review
68377631,25600.0, 60 months,20.5,E,E4,10+ years,MORTGAGE,67000.0,Verified,credit_card,MI,32.22,0.0,685.0,689.0,2.0,75.0,50.0,Individual,5,High Risk,Manual Review
68548572,12975.0, 60 months,23.13,F,F2,4 years,OWN,45219.0,Source Verified,debt_consolidation,MN,36.81,1.0,665.0,669.0,0.0,60.6,35.0,Individual,6,High Risk,Manual Review
68527747,18000.0, 60 months,22.45,F,F1,10+ years,MORTGAGE,50000.0,Verified,debt_consolidation,OK,39.44,1.0,675.0,679.0,1.0,78.8,31.0,Individual,6,High Risk,Manual Review
68367680,8000.0, 36 months,16.59,D,D2,10+ years,RENT,80000.0,Verified,debt_consolidation,NJ,39.03,1.0,660.0,664.0,3.0,85.0,34.0,Individual,5,High Risk,Manual Review
68486653,24650.0, 60 months,20.5,E,E4,10+ years,MORTGAGE,70000.0,Not Verified,debt_consolidation,OH,30.19,0.0,675.0,679.0,2.0,52.1,28.0,Individual,5,High Risk,Manual Review
68377659,8950.0, 36 months,19.48,E,E2,10+ years,MORTGAGE,43000.0,Source Verified,debt_consolidation,IN,37.59,1.0,675.0,679.0,1.0,77.2,16.0,Individual,6,High Risk,Manual Review
68634125,8275.0, 36 months,18.99,E,E1,,MORTGAGE,47076.0,Source Verified,debt_consolidation,IL,30.61,0.0,725.0,729.0,1.0,56.8,24.0,Joint App,5,High Risk,Manual Review
68507340,13125.0, 60 months,18.99,E,E1,3 years,MORTGAGE,65000.0,Verified,debt_consolidation,MD,30.78,0.0,675.0,679.0,3.0,34.0,17.0,Individual,5,High Risk,Manual Review
68407913,22250.0, 60 months,19.48,E,E2,10+ years,RENT,53000.0,Verified,debt_consolidation,NJ,32.04,0.0,685.0,689.0,1.0,93.6,31.0,Individual,6,High Risk,Manual Review
68366223,25000.0, 60 months,22.45,F,F1,2 years,RENT,75000.0,Verified,debt_consolidation,CA,33.7,0.0,675.0,679.0,1.0,48.3,17.0,Individual,5,High Risk,Manual Review
68397533,35000.0, 60 months,23.13,F,F2,2 years,MORTGAGE,80000.0,Source Verified,debt_consolidation,CA,31.43,0.0,685.0,689.0,0.0,49.2,60.0,Individual,5,High Risk,Manual Review
68497674,15000.0, 60 months,18.99,E,E1,7 years,MORTGAGE,83000.0,Source Verified,debt_consolidation,NV,34.61,0.0,695.0,699.0,0.0,57.3,35.0,Individual,5,High Risk,Manual Review
68357475,24275.0, 60 months,22.45,F,F1,10+ years,MORTGAGE,69000.0,Not Verified,debt_consolidation,AR,35.24,0.0,665.0,669.0,1.0,93.6,23.0,Individual,6,High Risk,Manual Review
68417400,12900.0, 60 months,25.09,F,F4,2 years,RENT,43000.0,Source Verified,debt_consolidation,NV,35.63,0.0,675.0,679.0,2.0,54.4,9.0,Individual,5,High Risk,Manual Review
68497609,18225.0, 60 months,23.13,F,F2,10+ years,MORTGAGE,75000.0,Verified,debt_consolidation,NC,39.3,0.0,670.0,674.0,2.0,76.0,33.0,Individual,5,High Risk,Manual Review
68477228,21825.0, 60 months,19.89,E,E3,< 1 year,MORTGAGE,52000.0,Source Verified,debt_consolidation,GA,36.49,0.0,745.0,749.0,0.0,72.3,29.0,Individual,5,High Risk,Manual Review
68487847,10925.0, 60 months,22.45,F,F1,10+ years,MORTGAGE,66000.0,Source Verified,debt_consolidation,AZ,30.66,0.0,705.0,709.0,0.0,48.8,27.0,Individual,5,High Risk,Manual Review
68578649,9075.0, 36 months,19.48,E,E2,10+ years,MORTGAGE,50000.0,Verified,debt_consolidation,CA,31.25,0.0,675.0,679.0,0.0,90.7,40.0,Individual,6,High Risk,Manual Review
68607826,15675.0, 60 months,18.99,E,E1,8 years,MORTGAGE,52000.0,Not Verified,debt_consolidation,CA,31.04,1.0,670.0,674.0,0.0,46.5,38.0,Individual,6,High Risk,Manual Review
68435606,24550.0, 60 months,21.48,E,E5,10+ years,MORTGAGE,70000.0,Source Verified,debt_consolidation,CA,36.46,0.0,675.0,679.0,1.0,55.6,35.0,Individual,5,High Risk,Manual Review
68517361,25550.0, 60 months,26.06,F,F5,9 years,RENT,67255.0,Verified,debt_consolidation,GA,38.98,0.0,680.0,684.0,3.0,72.5,59.0,Individual,5,High Risk,Manual Review
68617732,24000.0, 60 months,18.99,E,E1,10+ years,MORTGAGE,120000.0,Not Verified,debt_consolidation,CA,38.12,0.0,695.0,699.0,1.0,93.8,24.0,Individual,6,High Risk,Manual Review
68597460,18975.0, 60 months,24.24,F,F3,4 years,RENT,55000.0,Verified,debt_consolidation,NY,32.66,0.0,660.0,664.0,2.0,47.7,16.0,Individual,5,High Risk,Manual Review
68538051,22400.0, 60 months,18.99,E,E1,3 years,MORTGAGE,82220.06,Verified,debt_consolidation,TX,33.13,0.0,660.0,664.0,0.0,86.7,22.0,Individual,6,High Risk,Manual Review
68514769,13200.0, 60 months,19.89,E,E3,3 years,MORTGAGE,30000.0,Source Verified,debt_consolidation,NC,31.36,0.0,705.0,709.0,1.0,54.3,29.0,Individual,5,High Risk,Manual Review
68465194,5250.0, 36 months,19.48,E,E2,,OWN,12500.0,Verified,debt_consolidation,MN,35.06,0.0,675.0,679.0,0.0,18.5,8.0,Individual,5,High Risk,Manual Review
68607618,7700.0, 36 months,19.48,E,E2,< 1 year,RENT,25700.0,Verified,debt_consolidation,CA,32.27,0.0,660.0,664.0,1.0,34.0,27.0,Individual,5,High Risk,Manual Review
68567027,13750.0, 60 months,19.48,E,E2,2 years,MORTGAGE,75500.0,Source Verified,debt_consolidation,KY,38.06,0.0,675.0,679.0,1.0,61.0,39.0,Individual,5,High Risk,Manual Review
68578353,21000.0, 60 months,18.99,E,E1,10+ years,MORTGAGE,67000.0,Verified,debt_consolidation,TX,32.51,0.0,675.0,679.0,1.0,78.0,27.0,Individual,5,High Risk,Manual Review
68497410,35000.0, 60 months,21.48,E,E5,10+ years,OWN,101000.0,Verified,home_improvement,GA,7.62,2.0,680.0,684.0,3.0,91.6,34.0,Individual,5,High Risk,Manual Review
68548124,24700.0, 60 months,21.48,E,E5,10+ years,RENT,65000.0,Verified,debt_consolidation,CT,37.17,0.0,675.0,679.0,0.0,90.9,48.0,Individual,6,High Risk,Manual Review
68516135,13500.0, 60 months,19.48,E,E2,9 years,RENT,36000.0,Not Verified,credit_card,CA,34.2,0.0,665.0,669.0,1.0,70.2,14.0,Individual,5,High Risk,Manual Review
68575878,35000.0, 60 months,20.5,E,E4,10+ years,RENT,100000.0,Verified,debt_consolidation,MI,33.97,0.0,680.0,684.0,2.0,60.8,20.0,Individual,5,High Risk,Manual Review
68339024,35000.0, 60 months,22.45,F,F1,10+ years,MORTGAGE,140000.0,Source Verified,debt_consolidation,TX,36.59,0.0,665.0,669.0,1.0,65.4,36.0,Individual,5,High Risk,Manual Review
68354032,15400.0, 60 months,19.48,E,E2,2 years,MORTGAGE,155000.0,Verified,moving,TX,33.64,0.0,680.0,684.0,1.0,35.5,24.0,Individual,5,High Risk,Manual Review
68607454,15000.0, 60 months,18.99,E,E1,8 years,RENT,45000.0,Not Verified,debt_consolidation,NJ,33.35,0.0,700.0,704.0,0.0,35.4,23.0,Individual,5,High Risk,Manual Review
68427139,5200.0, 36 months,25.09,F,F4,,OWN,13000.0,Verified,debt_consolidation,CA,37.85,0.0,660.0,664.0,1.0,59.5,23.0,Individual,5,High Risk,Manual Review
68407515,13500.0, 36 months,19.48,E,E2,4 years,RENT,50000.0,Verified,debt_consolidation,GA,34.21,0.0,670.0,674.0,3.0,43.0,13.0,Individual,5,High Risk,Manual Review
68578150,3625.0, 36 months,18.99,E,E1,10+ years,OWN,30000.0,Not Verified,debt_consolidation,OH,34.48,0.0,670.0,674.0,1.0,93.7,11.0,Individual,6,High Risk,Manual Review
68397196,20100.0, 60 months,23.13,F,F2,10+ years,MORTGAGE,72500.0,Verified,debt_consolidation,VA,32.54,0.0,685.0,689.0,0.0,19.5,37.0,Individual,5,High Risk,Manual Review
68497317,29250.0, 60 months,18.99,E,E1,10+ years,RENT,85000.0,Verified,debt_consolidation,CA,32.17,0.0,670.0,674.0,0.0,69.0,44.0,Individual,5,High Risk,Manual Review
68575357,20950.0, 60 months,24.24,F,F3,10+ years,RENT,110000.0,Not Verified,debt_consolidation,CA,28.43,3.0,680.0,684.0,0.0,80.6,18.0,Individual,5,High Risk,Manual Review
68397201,25500.0, 60 months,20.5,E,E4,5 years,MORTGAGE,51000.0,Source Verified,debt_consolidation,AZ,30.73,0.0,685.0,689.0,1.0,62.3,34.0,Individual,5,High Risk,Manual Review
68367102,30000.0, 60 months,17.97,D,D4,10+ years,MORTGAGE,115500.0,Verified,debt_consolidation,NC,31.06,1.0,660.0,664.0,0.0,97.0,24.0,Individual,5,High Risk,Manual Review
68587637,5625.0, 36 months,18.99,E,E1,10+ years,RENT,25000.0,Verified,debt_consolidation,SC,33.08,0.0,660.0,664.0,1.0,73.3,20.0,Individual,5,High Risk,Manual Review
68607203,21250.0, 60 months,19.48,E,E2,< 1 year,RENT,70000.0,Source Verified,debt_consolidation,NY,33.27,0.0,715.0,719.0,0.0,73.3,15.0,Individual,5,High Risk,Manual Review
68526903,21000.0, 60 months,18.99,E,E1,10+ years,RENT,80000.0,Verified,credit_card,NJ,32.15,0.0,690.0,694.0,0.0,100.0,29.0,Individual,6,High Risk,Manual Review
68365456,2800.0, 36 months,21.48,E,E5,10+ years,RENT,26000.0,Verified,vacation,NJ,37.9,0.0,675.0,679.0,1.0,83.8,19.0,Individual,6,High Risk,Manual Review
68407113,28000.0, 60 months,18.99,E,E1,10+ years,MORTGAGE,108000.0,Source Verified,debt_consolidation,CT,36.28,1.0,675.0,679.0,1.0,61.4,38.0,Individual,6,High Risk,Manual Review
68340730,28800.0, 60 months,20.5,E,E4,10+ years,MORTGAGE,57000.0,Verified,home_improvement,OH,53.35,0.0,700.0,704.0,1.0,89.5,31.0,Joint App,6,High Risk,Manual Review
68515958,23800.0, 60 months,21.48,E,E5,10+ years,OWN,25000.0,Verified,debt_consolidation,AK,49.88,0.0,665.0,669.0,1.0,54.8,10.0,Joint App,5,High Risk,Manual Review
67969922,6250.0, 36 months,19.48,E,E2,9 years,RENT,65000.0,Verified,debt_consolidation,MO,30.97,0.0,715.0,719.0,3.0,10.1,38.0,Individual,5,High Risk,Manual Review
68506503,17350.0, 60 months,24.24,F,F3,3 years,MORTGAGE,45000.0,Verified,debt_consolidation,MS,34.85,0.0,685.0,689.0,3.0,27.0,28.0,Individual,5,High Risk,Manual Review
68603229,18525.0, 60 months,23.13,F,F2,10+ years,RENT,37099.0,Verified,debt_consolidation,FL,30.51,0.0,700.0,704.0,0.0,66.2,18.0,Individual,5,High Risk,Manual Review
68416670,16800.0, 60 months,19.48,E,E2,< 1 year,MORTGAGE,113800.0,Source Verified,small_business,NC,37.41,0.0,680.0,684.0,0.0,50.7,49.0,Individual,5,High Risk,Manual Review
68596556,20000.0, 60 months,17.27,D,D3,5 years,MORTGAGE,45000.0,Source Verified,home_improvement,IN,35.47,1.0,660.0,664.0,0.0,80.8,29.0,Individual,5,High Risk,Manual Review
68366564,27500.0, 60 months,18.99,E,E1,5 years,RENT,55000.0,Not Verified,debt_consolidation,CT,35.02,0.0,720.0,724.0,0.0,68.5,45.0,Individual,5,High Risk,Manual Review
68596349,25000.0, 60 months,19.89,E,E3,,RENT,70338.0,Verified,debt_consolidation,FL,34.59,0.0,680.0,684.0,1.0,45.4,28.0,Individual,5,High Risk,Manual Review
68574964,28800.0, 60 months,26.06,F,F5,10+ years,RENT,109500.0,Verified,debt_consolidation,TX,41.9,0.0,680.0,684.0,0.0,91.1,39.0,Individual,6,High Risk,Manual Review
68536741,16175.0, 36 months,19.89,E,E3,10+ years,MORTGAGE,65000.0,Verified,credit_card,NC,38.23,0.0,685.0,689.0,2.0,67.4,46.0,Individual,5,High Risk,Manual Review
68052757,10000.0, 60 months,19.48,E,E2,< 1 year,OWN,53000.0,Verified,debt_consolidation,NM,38.04,0.0,700.0,704.0,3.0,64.0,20.0,Individual,5,High Risk,Manual Review
68615851,10700.0, 36 months,19.48,E,E2,2 years,RENT,42000.0,Verified,credit_card,FL,36.03,2.0,660.0,664.0,3.0,46.4,20.0,Individual,6,High Risk,Manual Review
68536599,20575.0, 60 months,18.99,E,E1,5 years,OWN,49000.0,Source Verified,debt_consolidation,MO,36.27,0.0,675.0,679.0,1.0,58.0,23.0,Individual,5,High Risk,Manual Review
68494715,35000.0, 60 months,19.48,E,E2,10+ years,MORTGAGE,94787.0,Not Verified,debt_consolidation,GA,37.03,0.0,680.0,684.0,0.0,57.7,26.0,Individual,5,High Risk,Manual Review
68052548,35000.0, 60 months,18.99,E,E1,9 years,OWN,138000.0,Verified,credit_card,NC,14.15,1.0,670.0,674.0,4.0,95.0,28.0,Individual,5,High Risk,Manual Review
68505330,4725.0, 36 months,18.99,E,E1,< 1 year,MORTGAGE,30000.0,Verified,debt_consolidation,NY,30.36,0.0,680.0,684.0,3.0,22.0,42.0,Individual,5,High Risk,Manual Review
68545324,29675.0, 60 months,19.48,E,E2,,MORTGAGE,100000.0,Verified,debt_consolidation,TX,31.75,0.0,695.0,699.0,3.0,76.0,36.0,Individual,5,High Risk,Manual Review
68465203,13300.0, 60 months,24.24,F,F3,1 year,OWN,63000.0,Verified,debt_consolidation,IN,38.99,0.0,670.0,674.0,1.0,69.3,43.0,Individual,5,High Risk,Manual Review
68062330,10800.0, 60 months,24.24,F,F3,3 years,RENT,30000.0,Verified,debt_consolidation,SC,33.48,0.0,665.0,669.0,1.0,62.2,15.0,Individual,5,High Risk,Manual Review
68405142,2150.0, 36 months,23.13,F,F2,,RENT,7200.0,Verified,other,CA,34.0,3.0,660.0,664.0,1.0,54.5,15.0,Individual,6,High Risk,Manual Review
68494753,25525.0, 60 months,19.48,E,E2,4 years,MORTGAGE,56758.0,Verified,debt_consolidation,GA,32.54,0.0,675.0,679.0,1.0,50.0,18.0,Individual,5,High Risk,Manual Review
68374825,26000.0, 60 months,20.5,E,E4,5 years,RENT,74884.0,Not Verified,debt_consolidation,PA,33.01,1.0,665.0,669.0,2.0,88.8,29.0,Individual,7,High Risk,Manual Review
68384703,25500.0, 36 months,23.13,F,F2,3 years,MORTGAGE,75000.0,Verified,small_business,MI,30.59,1.0,665.0,669.0,4.0,87.3,15.0,Individual,7,High Risk,Manual Review
67988922,19800.0, 60 months,22.45,F,F1,< 1 year,OWN,55000.0,Verified,debt_consolidation,NY,39.07,1.0,665.0,669.0,2.0,68.3,51.0,Individual,6,High Risk,Manual Review
68614371,18000.0, 60 months,23.13,F,F2,7 years,OWN,51000.0,Verified,credit_card,OR,42.59,0.0,680.0,684.0,1.0,92.6,18.0,Individual,6,High Risk,Manual Review
68564439,35000.0, 60 months,19.48,E,E2,10+ years,MORTGAGE,81000.0,Verified,credit_card,MA,36.13,1.0,680.0,684.0,0.0,89.0,40.0,Individual,7,High Risk,Manual Review
68534673,14200.0, 60 months,19.48,E,E2,8 years,RENT,39500.0,Verified,debt_consolidation,NH,34.79,0.0,680.0,684.0,2.0,62.7,12.0,Individual,5,High Risk,Manual Review
68483409,3025.0, 36 months,19.48,E,E2,3 years,RENT,45000.0,Verified,credit_card,TX,36.93,0.0,675.0,679.0,2.0,59.0,10.0,Individual,5,High Risk,Manual Review
68384086,32000.0, 60 months,19.89,E,E3,3 years,OWN,92824.0,Verified,credit_card,NM,34.32,0.0,670.0,674.0,0.0,73.7,21.0,Individual,5,High Risk,Manual Review
66575190,17350.0, 60 months,21.48,E,E5,10+ years,RENT,35000.0,Source Verified,debt_consolidation,CA,30.21,0.0,680.0,684.0,0.0,61.9,22.0,Individual,5,High Risk,Manual Review
68483875,20875.0, 60 months,21.48,E,E5,10+ years,RENT,58000.0,Verified,debt_consolidation,CO,39.33,0.0,680.0,684.0,0.0,74.8,30.0,Individual,5,High Risk,Manual Review
68603612,34500.0, 60 months,19.89,E,E3,< 1 year,MORTGAGE,75000.0,Source Verified,debt_consolidation,VA,32.69,0.0,705.0,709.0,1.0,61.7,32.0,Individual,5,High Risk,Manual Review
68553444,24000.0, 60 months,20.5,E,E4,4 years,RENT,27040.0,Source Verified,debt_consolidation,CA,32.53,0.0,660.0,664.0,1.0,41.7,19.0,Joint App,5,High Risk,Manual Review
67948398,32000.0, 60 months,17.57,D,D4,10+ years,MORTGAGE,110632.0,Verified,credit_card,NJ,30.82,2.0,670.0,674.0,0.0,82.4,59.0,Individual,5,High Risk,Manual Review
68242915,27125.0, 36 months,23.13,F,F2,10+ years,RENT,98000.0,Verified,other,CA,36.82,0.0,665.0,669.0,2.0,72.2,33.0,Individual,5,High Risk,Manual Review
68242841,24425.0, 60 months,19.48,E,E2,,MORTGAGE,88099.44,Not Verified,debt_consolidation,OK,36.4,0.0,695.0,699.0,2.0,94.6,48.0,Joint App,6,High Risk,Manual Review
68202762,14900.0, 60 months,18.99,E,E1,10+ years,OWN,35500.0,Source Verified,debt_consolidation,IL,30.93,0.0,685.0,689.0,2.0,48.2,42.0,Individual,5,High Risk,Manual Review
68262545,12150.0, 36 months,26.06,F,F5,4 years,RENT,26000.0,Verified,small_business,NY,30.29,0.0,675.0,679.0,0.0,28.7,23.0,Individual,5,High Risk,Manual Review
67205957,9000.0, 36 months,18.99,E,E3,,RENT,18000.0,Verified,debt_consolidation,NY,32.0,1.0,695.0,699.0,2.0,34.1,34.0,Individual,6,High Risk,Manual Review
67216631,21000.0, 60 months,19.99,E,E4,,RENT,50000.0,Verified,credit_card,IL,30.33,1.0,660.0,664.0,0.0,68.9,20.0,Individual,6,High Risk,Manual Review
67216580,11950.0, 60 months,18.49,E,E2,2 years,RENT,41208.0,Source Verified,debt_consolidation,PA,30.94,0.0,700.0,704.0,0.0,53.3,20.0,Individual,5,High Risk,Manual Review
67818572,21000.0, 36 months,21.99,F,F1,10+ years,MORTGAGE,61680.0,Verified,debt_consolidation,TX,36.37,0.0,670.0,674.0,2.0,36.7,20.0,Joint App,5,High Risk,Manual Review
67478910,21250.0, 60 months,27.31,G,G2,4 years,MORTGAGE,42500.0,Verified,debt_consolidation,TX,35.24,0.0,680.0,684.0,2.0,34.1,14.0,Individual,5,High Risk,Manual Review
67715939,3200.0, 36 months,25.99,F,F5,,OWN,10032.0,Verified,other,GA,32.89,0.0,705.0,709.0,0.0,47.6,8.0,Individual,5,High Risk,Manual Review
67735290,14475.0, 60 months,18.99,E,E3,5 years,MORTGAGE,50000.0,Verified,debt_consolidation,MI,34.67,0.0,675.0,679.0,2.0,44.2,22.0,Individual,5,High Risk,Manual Review
66424390,17325.0, 60 months,18.2,E,E1,10+ years,MORTGAGE,64000.0,Source Verified,other,MT,33.1,0.0,705.0,709.0,0.0,74.7,15.0,Individual,5,High Risk,Manual Review
67215603,24050.0, 60 months,18.99,E,E3,< 1 year,OWN,72144.0,Verified,credit_card,WA,37.28,0.0,675.0,679.0,0.0,86.9,32.0,Individual,6,High Risk,Manual Review
67235854,20750.0, 60 months,18.2,E,E1,< 1 year,MORTGAGE,60000.0,Verified,debt_consolidation,CA,30.6,0.0,660.0,664.0,0.0,67.9,27.0,Individual,5,High Risk,Manual Review
66465747,30000.0, 60 months,18.49,E,E2,10+ years,MORTGAGE,95000.0,Verified,home_improvement,CA,31.35,1.0,660.0,664.0,2.0,80.0,38.0,Individual,6,High Risk,Manual Review
66532821,12600.0, 60 months,18.99,E,E3,8 years,RENT,35000.0,Verified,debt_consolidation,CA,35.97,1.0,730.0,734.0,0.0,21.9,14.0,Individual,6,High Risk,Manual Review
65374128,21175.0, 60 months,19.99,E,E4,< 1 year,OWN,56000.0,Source Verified,debt_consolidation,TX,31.12,0.0,685.0,689.0,0.0,53.3,13.0,Individual,5,High Risk,Manual Review
37802030,27525.0, 60 months,22.99,F,F1,5 years,RENT,60000.0,Verified,debt_consolidation,FL,31.14,0.0,765.0,769.0,1.0,13.4,37.0,Individual,5,High Risk,Manual Review
37691975,12600.0, 60 months,18.54,E,E1,10+ years,MORTGAGE,59103.0,Source Verified,debt_consolidation,GA,34.5,0.0,670.0,674.0,0.0,87.7,34.0,Individual,6,High Risk,Manual Review
37782025,16950.0, 60 months,25.83,G,G2,10+ years,MORTGAGE,56719.0,Verified,debt_consolidation,NM,32.67,0.0,660.0,664.0,1.0,51.8,57.0,Individual,5,High Risk,Manual Review
37691828,10000.0, 60 months,19.24,E,E2,,MORTGAGE,50000.0,Source Verified,debt_consolidation,IN,33.77,0.0,690.0,694.0,3.0,75.6,15.0,Individual,5,High Risk,Manual Review
37701777,3075.0, 36 months,18.54,E,E1,3 years,MORTGAGE,24000.0,Not Verified,debt_consolidation,WA,33.7,0.0,700.0,704.0,0.0,39.4,13.0,Individual,5,High Risk,Manual Review
37761813,16475.0, 60 months,19.24,E,E2,10+ years,RENT,46000.0,Not Verified,debt_consolidation,CT,31.85,0.0,690.0,694.0,0.0,71.8,61.0,Individual,5,High Risk,Manual Review
37811728,16150.0, 36 months,18.54,E,E1,8 years,OWN,47500.0,Source Verified,debt_consolidation,TX,39.21,0.0,710.0,714.0,0.0,97.4,14.0,Individual,6,High Risk,Manual Review
37781802,16950.0, 60 months,22.99,F,F1,4 years,RENT,50000.0,Not Verified,debt_consolidation,LA,38.74,3.0,685.0,689.0,0.0,49.2,25.0,Individual,6,High Risk,Manual Review
37741195,18450.0, 60 months,18.54,E,E1,3 years,MORTGAGE,58000.0,Source Verified,credit_card,FL,34.93,0.0,665.0,669.0,1.0,27.8,47.0,Individual,5,High Risk,Manual Review
37661538,11075.0, 60 months,20.99,E,E4,8 years,OWN,37024.0,Source Verified,debt_consolidation,NY,22.51,2.0,665.0,669.0,0.0,96.7,13.0,Individual,5,High Risk,Manual Review
37611658,22800.0, 60 months,21.99,E,E5,< 1 year,RENT,60000.0,Source Verified,debt_consolidation,CO,35.36,1.0,660.0,664.0,0.0,77.6,41.0,Individual,6,High Risk,Manual Review
37751281,25325.0, 36 months,19.24,E,E2,< 1 year,RENT,70611.0,Source Verified,debt_consolidation,CA,37.73,0.0,670.0,674.0,0.0,92.7,41.0,Individual,6,High Risk,Manual Review
37780889,15275.0, 36 months,19.99,E,E3,2 years,RENT,45000.0,Source Verified,vacation,WI,33.53,0.0,790.0,794.0,2.0,0.0,12.0,Individual,5,High Risk,Manual Review
37781058,16200.0, 60 months,17.86,D,D5,5 years,MORTGAGE,45000.0,Source Verified,debt_consolidation,WA,31.28,1.0,670.0,674.0,1.0,84.4,33.0,Individual,5,High Risk,Manual Review
37720962,6425.0, 36 months,20.99,E,E4,,OWN,21600.0,Verified,debt_consolidation,GA,33.71,0.0,695.0,699.0,3.0,21.3,26.0,Individual,5,High Risk,Manual Review
37641150,3850.0, 36 months,24.99,F,F4,,MORTGAGE,43000.0,Verified,debt_consolidation,VA,37.59,1.0,695.0,699.0,3.0,40.2,31.0,Individual,6,High Risk,Manual Review
37831133,26575.0, 60 months,23.99,F,F2,5 years,RENT,70000.0,Source Verified,house,HI,35.22,1.0,745.0,749.0,0.0,9.0,29.0,Individual,6,High Risk,Manual Review
37841134,14000.0, 60 months,19.24,E,E2,8 years,MORTGAGE,98000.0,Verified,credit_card,MI,36.68,0.0,670.0,674.0,0.0,89.5,73.0,Individual,6,High Risk,Manual Review
37620743,31700.0, 60 months,23.99,F,F2,3 years,MORTGAGE,123000.0,Verified,debt_consolidation,CT,25.66,4.0,670.0,674.0,1.0,99.6,17.0,Individual,5,High Risk,Manual Review
37630712,12600.0, 60 months,20.99,E,E4,2 years,MORTGAGE,98000.0,Source Verified,debt_consolidation,CA,22.37,2.0,670.0,674.0,1.0,98.9,16.0,Individual,5,High Risk,Manual Review
37681051,35000.0, 60 months,24.99,F,F4,9 years,MORTGAGE,222956.0,Verified,debt_consolidation,PA,9.97,1.0,665.0,669.0,1.0,86.2,44.0,Individual,5,High Risk,Manual Review
37620251,11000.0, 60 months,20.99,E,E4,9 years,RENT,56000.0,Verified,debt_consolidation,MN,25.4,1.0,660.0,664.0,0.0,93.4,25.0,Individual,5,High Risk,Manual Review
37710448,18000.0, 60 months,18.54,E,E1,10+ years,OWN,44000.0,Source Verified,debt_consolidation,AL,38.82,1.0,660.0,664.0,2.0,53.1,34.0,Individual,6,High Risk,Manual Review
37650856,7625.0, 36 months,18.54,E,E1,10+ years,MORTGAGE,24012.0,Source Verified,other,MI,31.58,0.0,780.0,784.0,0.0,19.4,24.0,Individual,5,High Risk,Manual Review
37790926,24375.0, 60 months,19.24,E,E2,,MORTGAGE,78000.0,Verified,debt_consolidation,CO,31.03,0.0,670.0,674.0,0.0,62.3,42.0,Individual,5,High Risk,Manual Review
37830853,10050.0, 60 months,19.24,E,E2,2 years,RENT,33000.0,Source Verified,debt_consolidation,IL,34.62,0.0,680.0,684.0,2.0,77.0,25.0,Individual,5,High Risk,Manual Review
37830795,21600.0, 60 months,19.24,E,E2,10+ years,OWN,60012.0,Source Verified,debt_consolidation,NY,36.65,1.0,690.0,694.0,0.0,99.2,10.0,Individual,7,High Risk,Manual Review
37760815,11975.0, 60 months,20.99,E,E4,1 year,MORTGAGE,48000.0,Not Verified,debt_consolidation,FL,31.0,0.0,660.0,664.0,1.0,85.3,27.0,Individual,6,High Risk,Manual Review
37840797,28000.0, 60 months,22.99,F,F1,3 years,MORTGAGE,210000.0,Source Verified,credit_card,NY,17.51,1.0,690.0,694.0,4.0,84.0,30.0,Individual,5,High Risk,Manual Review
37710722,31825.0, 60 months,18.54,E,E1,10+ years,MORTGAGE,172163.0,Verified,debt_consolidation,HI,12.55,3.0,690.0,694.0,0.0,95.4,23.0,Individual,5,High Risk,Manual Review
37750672,18825.0, 60 months,18.54,E,E1,10+ years,RENT,44977.0,Verified,debt_consolidation,CA,31.75,0.0,715.0,719.0,0.0,68.6,44.0,Individual,5,High Risk,Manual Review
36028602,12450.0, 60 months,25.83,G,G2,10+ years,MORTGAGE,25000.0,Source Verified,debt_consolidation,KS,33.14,0.0,665.0,669.0,0.0,47.6,15.0,Individual,5,High Risk,Manual Review
37780719,22400.0, 60 months,20.99,E,E4,4 years,RENT,70000.0,Source Verified,debt_consolidation,TX,32.47,0.0,665.0,669.0,0.0,69.6,60.0,Individual,5,High Risk,Manual Review
37167163,35000.0, 36 months,18.54,E,E1,9 years,MORTGAGE,105000.0,Verified,debt_consolidation,AR,11.89,2.0,660.0,664.0,0.0,100.4,23.0,Individual,5,High Risk,Manual Review
37610577,2875.0, 36 months,23.99,F,F2,5 years,RENT,7000.0,Verified,credit_card,CO,38.25,0.0,660.0,664.0,1.0,55.8,15.0,Individual,5,High Risk,Manual Review
37790514,16900.0, 36 months,19.99,E,E3,10+ years,MORTGAGE,120000.0,Not Verified,other,MD,17.88,1.0,665.0,669.0,2.0,83.9,29.0,Individual,5,High Risk,Manual Review
36850123,35000.0, 60 months,24.5,F,F3,3 years,MORTGAGE,94000.0,Verified,debt_consolidation,TX,31.35,0.0,715.0,719.0,0.0,74.5,27.0,Individual,5,High Risk,Manual Review
37650178,21750.0, 60 months,19.99,E,E3,10+ years,RENT,54600.0,Source Verified,debt_consolidation,NY,31.47,0.0,700.0,704.0,2.0,29.5,32.0,Individual,5,High Risk,Manual Review
37620383,3000.0, 36 months,19.99,E,E3,10+ years,OWN,37000.0,Not Verified,other,CA,39.86,0.0,680.0,684.0,0.0,92.3,20.0,Individual,6,High Risk,Manual Review
37760342,22525.0, 60 months,19.24,E,E2,10+ years,RENT,49000.0,Verified,credit_card,NY,33.6,0.0,705.0,709.0,0.0,96.5,18.0,Individual,6,High Risk,Manual Review
37780285,11950.0, 60 months,19.24,E,E2,3 years,RENT,40000.0,Source Verified,credit_card,CO,39.92,0.0,690.0,694.0,2.0,35.8,19.0,Individual,5,High Risk,Manual Review
37610350,14450.0, 60 months,19.24,E,E2,8 years,OWN,62300.0,Verified,house,WI,37.05,0.0,690.0,694.0,1.0,62.3,30.0,Individual,5,High Risk,Manual Review
37567133,13250.0, 60 months,24.5,F,F3,10+ years,OWN,35000.0,Source Verified,credit_card,CA,34.74,0.0,680.0,684.0,1.0,69.6,23.0,Individual,5,High Risk,Manual Review
36420920,22675.0, 36 months,21.99,E,E5,< 1 year,RENT,105000.0,Verified,small_business,CA,25.24,2.0,675.0,679.0,1.0,83.4,40.0,Individual,5,High Risk,Manual Review
35823990,6400.0, 36 months,19.99,E,E3,3 years,MORTGAGE,40000.0,Source Verified,debt_consolidation,CA,34.05,2.0,675.0,679.0,3.0,61.1,26.0,Individual,6,High Risk,Manual Review
37770317,34100.0, 60 months,24.99,F,F4,10+ years,RENT,85000.0,Verified,small_business,TN,34.78,2.0,695.0,699.0,0.0,83.2,34.0,Individual,7,High Risk,Manual Review
37700240,21975.0, 60 months,19.24,E,E2,2 years,MORTGAGE,50000.0,Source Verified,debt_consolidation,CT,31.95,0.0,680.0,684.0,1.0,80.9,19.0,Individual,6,High Risk,Manual Review
37477132,35000.0, 60 months,22.99,F,F1,10+ years,MORTGAGE,78000.0,Verified,home_improvement,WA,32.37,0.0,680.0,684.0,0.0,71.7,32.0,Individual,5,High Risk,Manual Review
37620160,13625.0, 36 months,18.54,E,E1,9 years,MORTGAGE,50000.0,Source Verified,other,MA,30.92,1.0,680.0,684.0,1.0,70.3,23.0,Individual,6,High Risk,Manual Review
36890385,22000.0, 60 months,20.99,E,E4,7 years,RENT,48000.0,Source Verified,debt_consolidation,TX,36.73,1.0,680.0,684.0,0.0,87.2,23.0,Individual,7,High Risk,Manual Review
37127913,11000.0, 60 months,21.99,E,E5,< 1 year,MORTGAGE,38000.0,Source Verified,other,OH,30.35,4.0,680.0,684.0,1.0,58.8,25.0,Individual,6,High Risk,Manual Review
37158133,35000.0, 60 months,25.83,G,G2,10+ years,MORTGAGE,155000.0,Verified,medical,PA,17.56,1.0,665.0,669.0,1.0,80.8,33.0,Individual,5,High Risk,Manual Review
35988817,11400.0, 60 months,18.54,E,E1,10+ years,RENT,45000.0,Source Verified,moving,CA,35.57,0.0,705.0,709.0,0.0,49.5,23.0,Individual,5,High Risk,Manual Review
37307448,12000.0, 60 months,18.54,E,E1,8 years,MORTGAGE,60000.0,Source Verified,debt_consolidation,MN,32.92,0.0,700.0,704.0,0.0,86.4,24.0,Individual,6,High Risk,Manual Review
37168027,8750.0, 36 months,20.99,E,E4,4 years,RENT,22000.0,Not Verified,debt_consolidation,MN,36.28,0.0,695.0,699.0,2.0,64.2,36.0,Individual,5,High Risk,Manual Review
36490241,9550.0, 36 months,19.24,E,E2,10+ years,MORTGAGE,32000.0,Verified,debt_consolidation,SC,25.58,3.0,670.0,674.0,1.0,85.9,37.0,Individual,5,High Risk,Manual Review
36910286,35000.0, 60 months,19.99,E,E3,10+ years,MORTGAGE,110000.0,Verified,debt_consolidation,GA,14.64,1.0,710.0,714.0,0.0,85.9,24.0,Individual,5,High Risk,Manual Review
37197880,3875.0, 36 months,19.24,E,E2,< 1 year,OWN,54000.0,Not Verified,debt_consolidation,MD,9.62,2.0,670.0,674.0,0.0,93.0,10.0,Individual,5,High Risk,Manual Review
37267779,35000.0, 36 months,20.99,E,E4,8 years,MORTGAGE,124946.0,Verified,debt_consolidation,VA,31.1,1.0,660.0,664.0,2.0,72.9,56.0,Individual,6,High Risk,Manual Review
37237790,25600.0, 60 months,19.99,E,E3,< 1 year,RENT,95000.0,Verified,debt_consolidation,FL,38.1,0.0,685.0,689.0,0.0,69.1,16.0,Individual,5,High Risk,Manual Review
37157975,35000.0, 60 months,19.99,E,E3,10+ years,MORTGAGE,150750.0,Verified,debt_consolidation,WA,31.16,0.0,675.0,679.0,0.0,68.1,37.0,Individual,5,High Risk,Manual Review
37067744,15175.0, 60 months,19.99,E,E3,10+ years,RENT,34585.0,Source Verified,credit_card,TX,30.74,0.0,680.0,684.0,0.0,65.5,19.0,Individual,5,High Risk,Manual Review
37137837,4875.0, 36 months,24.5,F,F3,8 years,RENT,40300.0,Source Verified,debt_consolidation,CA,34.92,0.0,690.0,694.0,1.0,73.8,22.0,Individual,5,High Risk,Manual Review
37277765,35000.0, 60 months,18.54,E,E1,10+ years,MORTGAGE,107500.0,Verified,debt_consolidation,NY,32.61,1.0,680.0,684.0,3.0,32.6,48.0,Individual,6,High Risk,Manual Review
37207694,35000.0, 60 months,20.99,E,E4,1 year,MORTGAGE,120000.0,Verified,debt_consolidation,PA,36.77,1.0,670.0,674.0,1.0,79.7,59.0,Individual,6,High Risk,Manual Review
37317745,17975.0, 60 months,21.99,E,E5,7 years,OWN,45000.0,Verified,credit_card,TX,33.81,0.0,665.0,669.0,0.0,64.2,17.0,Individual,5,High Risk,Manual Review
37117732,35000.0, 60 months,25.57,F,F5,8 years,RENT,155099.0,Verified,debt_consolidation,CA,23.82,3.0,665.0,669.0,2.0,83.0,56.0,Individual,5,High Risk,Manual Review
37207624,26575.0, 60 months,18.54,E,E1,2 years,MORTGAGE,84000.0,Verified,debt_consolidation,CT,36.67,0.0,735.0,739.0,0.0,58.1,29.0,Individual,5,High Risk,Manual Review
36500672,32000.0, 60 months,18.54,E,E1,10+ years,MORTGAGE,100000.0,Verified,debt_consolidation,NJ,33.77,0.0,685.0,689.0,0.0,79.3,36.0,Individual,5,High Risk,Manual Review
36169334,17600.0, 60 months,21.99,E,E5,3 years,MORTGAGE,44000.0,Source Verified,credit_card,GA,32.43,0.0,680.0,684.0,3.0,61.0,32.0,Individual,5,High Risk,Manual Review
37307557,16000.0, 60 months,18.54,E,E1,3 years,RENT,40000.0,Source Verified,debt_consolidation,CA,37.26,0.0,685.0,689.0,0.0,55.6,20.0,Individual,5,High Risk,Manual Review
37127488,14975.0, 60 months,24.99,F,F4,4 years,RENT,50076.0,Verified,debt_consolidation,FL,39.86,0.0,665.0,669.0,0.0,67.4,18.0,Individual,5,High Risk,Manual Review
36801163,9575.0, 36 months,21.99,E,E5,10+ years,OWN,40000.0,Source Verified,credit_card,SC,36.36,0.0,670.0,674.0,0.0,66.7,19.0,Individual,5,High Risk,Manual Review
37137515,10200.0, 36 months,18.54,E,E1,3 years,RENT,34000.0,Source Verified,debt_consolidation,FL,34.27,0.0,665.0,669.0,1.0,86.8,32.0,Individual,6,High Risk,Manual Review
37327817,15400.0, 60 months,22.99,F,F1,6 years,OWN,35000.0,Source Verified,credit_card,HI,30.35,0.0,660.0,664.0,1.0,84.8,17.0,Individual,6,High Risk,Manual Review
37137572,35000.0, 36 months,17.86,D,D5,7 years,RENT,112000.0,Source Verified,debt_consolidation,OH,30.84,2.0,670.0,674.0,0.0,95.0,38.0,Individual,5,High Risk,Manual Review
37197485,8075.0, 36 months,19.24,E,E2,10+ years,MORTGAGE,72436.0,Verified,debt_consolidation,SC,32.19,0.0,685.0,689.0,1.0,73.7,31.0,Individual,5,High Risk,Manual Review
37087422,14575.0, 60 months,18.54,E,E1,7 years,MORTGAGE,34800.0,Not Verified,debt_consolidation,MS,32.66,0.0,685.0,689.0,0.0,51.0,17.0,Individual,5,High Risk,Manual Review
36801320,19150.0, 60 months,19.99,E,E3,,RENT,41695.0,Verified,credit_card,IL,37.77,0.0,705.0,709.0,2.0,92.3,27.0,Individual,6,High Risk,Manual Review
37107361,20000.0, 60 months,19.24,E,E2,10+ years,MORTGAGE,70000.0,Source Verified,debt_consolidation,OK,30.02,2.0,675.0,679.0,2.0,39.7,50.0,Individual,6,High Risk,Manual Review
37117242,3950.0, 36 months,19.99,E,E3,10+ years,MORTGAGE,26000.0,Not Verified,debt_consolidation,TN,35.37,0.0,685.0,689.0,0.0,50.4,37.0,Individual,5,High Risk,Manual Review
37187344,20600.0, 60 months,22.99,F,F1,1 year,RENT,41300.0,Verified,debt_consolidation,VA,32.0,0.0,680.0,684.0,1.0,89.5,24.0,Individual,6,High Risk,Manual Review
37157273,20000.0, 60 months,20.99,E,E4,10+ years,MORTGAGE,50000.0,Verified,debt_consolidation,NC,32.09,0.0,700.0,704.0,1.0,36.3,18.0,Individual,5,High Risk,Manual Review
37297282,20000.0, 60 months,18.54,E,E1,2 years,RENT,80000.0,Verified,debt_consolidation,VA,38.71,0.0,690.0,694.0,2.0,53.8,19.0,Individual,5,High Risk,Manual Review
37247201,22075.0, 60 months,20.99,E,E4,5 years,MORTGAGE,69000.0,Verified,debt_consolidation,NH,16.41,1.0,660.0,664.0,1.0,88.7,35.0,Individual,5,High Risk,Manual Review
37307212,12000.0, 60 months,17.14,D,D4,10+ years,MORTGAGE,86000.0,Not Verified,debt_consolidation,PA,36.9,1.0,705.0,709.0,1.0,84.1,40.0,Individual,5,High Risk,Manual Review
37117213,14000.0, 60 months,18.54,E,E1,2 years,MORTGAGE,100000.0,Not Verified,debt_consolidation,VA,36.8,0.0,670.0,674.0,0.0,81.0,32.0,Individual,6,High Risk,Manual Review
35186664,15950.0, 60 months,18.54,E,E1,4 years,RENT,38000.0,Not Verified,debt_consolidation,NY,33.95,0.0,690.0,694.0,0.0,71.0,47.0,Individual,5,High Risk,Manual Review
36900389,22000.0, 60 months,21.99,E,E5,1 year,RENT,55000.0,Source Verified,debt_consolidation,IN,37.9,0.0,665.0,669.0,0.0,83.3,36.0,Individual,6,High Risk,Manual Review
35989614,25600.0, 60 months,16.49,D,D3,10+ years,MORTGAGE,58200.0,Source Verified,debt_consolidation,TX,33.36,1.0,670.0,674.0,0.0,81.7,37.0,Individual,5,High Risk,Manual Review
36920363,25000.0, 60 months,19.99,E,E3,2 years,MORTGAGE,67000.0,Source Verified,debt_consolidation,MD,33.39,0.0,685.0,689.0,0.0,53.2,25.0,Individual,5,High Risk,Manual Review
37000276,17225.0, 60 months,22.99,F,F1,8 years,RENT,46100.0,Verified,debt_consolidation,NY,37.36,0.0,660.0,664.0,0.0,42.9,34.0,Individual,5,High Risk,Manual Review
36830374,7350.0, 36 months,16.49,D,D3,4 years,RENT,48000.0,Source Verified,debt_consolidation,MD,32.53,2.0,665.0,669.0,0.0,99.1,22.0,Individual,5,High Risk,Manual Review
35156688,17950.0, 60 months,22.99,F,F1,3 years,RENT,50000.0,Source Verified,debt_consolidation,TX,30.41,0.0,705.0,709.0,0.0,43.5,21.0,Individual,5,High Risk,Manual Review
36900251,16000.0, 60 months,19.24,E,E2,10+ years,MORTGAGE,85000.0,Source Verified,other,VA,6.89,1.0,695.0,699.0,0.0,84.8,11.0,Individual,5,High Risk,Manual Review
36420321,26275.0, 60 months,19.24,E,E2,6 years,MORTGAGE,75000.0,Source Verified,debt_consolidation,CA,39.22,0.0,710.0,714.0,0.0,83.3,27.0,Individual,6,High Risk,Manual Review
36361419,15875.0, 60 months,20.99,E,E4,9 years,RENT,55000.0,Source Verified,debt_consolidation,NY,32.67,0.0,695.0,699.0,0.0,57.5,20.0,Individual,5,High Risk,Manual Review
36830232,22125.0, 60 months,19.99,E,E3,8 years,MORTGAGE,44492.4,Source Verified,debt_consolidation,KY,34.07,0.0,685.0,689.0,1.0,57.4,52.0,Individual,5,High Risk,Manual Review
36139312,35000.0, 60 months,18.54,E,E1,10+ years,MORTGAGE,105000.0,Verified,debt_consolidation,TX,22.48,1.0,670.0,674.0,0.0,89.0,24.0,Individual,5,High Risk,Manual Review
36910259,24450.0, 60 months,20.99,E,E4,2 years,RENT,68000.0,Source Verified,debt_consolidation,TX,30.34,0.0,685.0,689.0,1.0,88.4,41.0,Individual,6,High Risk,Manual Review
36970217,27200.0, 60 months,20.99,E,E4,4 years,RENT,65000.0,Source Verified,debt_consolidation,RI,22.9,1.0,670.0,674.0,0.0,82.9,40.0,Individual,5,High Risk,Manual Review
36870216,13025.0, 60 months,23.99,F,F2,10+ years,RENT,46000.0,Verified,debt_consolidation,TX,30.39,4.0,665.0,669.0,2.0,62.7,53.0,Individual,6,High Risk,Manual Review
37011127,11375.0, 36 months,23.99,F,F2,7 years,MORTGAGE,67500.0,Source Verified,major_purchase,OH,32.37,0.0,665.0,669.0,2.0,97.5,24.0,Individual,6,High Risk,Manual Review
36520170,22950.0, 60 months,22.99,F,F1,10+ years,OWN,60000.0,Source Verified,debt_consolidation,NC,32.86,0.0,690.0,694.0,0.0,79.4,21.0,Individual,5,High Risk,Manual Review
37000138,35000.0, 60 months,18.54,E,E1,10+ years,MORTGAGE,135000.0,Verified,debt_consolidation,VA,27.77,2.0,680.0,684.0,0.0,92.6,23.0,Individual,5,High Risk,Manual Review
37011180,10400.0, 60 months,19.99,E,E3,4 years,OWN,33000.0,Verified,debt_consolidation,MS,31.05,0.0,670.0,674.0,3.0,79.9,21.0,Individual,5,High Risk,Manual Review
36231591,25000.0, 36 months,20.99,E,E4,4 years,OWN,56000.0,Verified,debt_consolidation,TX,38.98,0.0,695.0,699.0,0.0,48.1,21.0,Individual,5,High Risk,Manual Review
36950171,30075.0, 60 months,25.57,F,F5,6 years,MORTGAGE,115000.0,Verified,credit_card,NC,22.28,1.0,690.0,694.0,0.0,81.8,26.0,Individual,5,High Risk,Manual Review
36281330,7900.0, 36 months,19.99,E,E3,1 year,RENT,72000.0,Source Verified,debt_consolidation,CA,33.53,0.0,665.0,669.0,2.0,85.2,23.0,Individual,6,High Risk,Manual Review
37041115,35000.0, 60 months,22.99,F,F1,5 years,MORTGAGE,92000.0,Verified,debt_consolidation,VA,20.28,1.0,695.0,699.0,1.0,93.2,52.0,Individual,5,High Risk,Manual Review
36611452,15000.0, 60 months,22.99,F,F1,1 year,MORTGAGE,50000.0,Not Verified,debt_consolidation,LA,16.39,1.0,670.0,674.0,0.0,87.4,40.0,Individual,5,High Risk,Manual Review
36441872,27200.0, 60 months,21.99,E,E5,5 years,RENT,62000.0,Verified,debt_consolidation,AL,39.08,0.0,695.0,699.0,1.0,57.7,29.0,Individual,5,High Risk,Manual Review
36581350,11700.0, 60 months,19.24,E,E2,1 year,RENT,28000.0,Source Verified,credit_card,MN,30.35,0.0,665.0,669.0,0.0,77.6,21.0,Individual,5,High Risk,Manual Review
36551145,17225.0, 60 months,23.99,F,F2,8 years,OWN,48000.0,Source Verified,other,IL,34.7,1.0,685.0,689.0,3.0,53.0,24.0,Individual,6,High Risk,Manual Review
35054934,28425.0, 60 months,18.54,E,E1,3 years,MORTGAGE,75000.0,Source Verified,debt_consolidation,PA,18.03,1.0,670.0,674.0,1.0,89.6,18.0,Individual,5,High Risk,Manual Review
36281915,22000.0, 60 months,19.99,E,E3,2 years,OWN,53000.0,Source Verified,debt_consolidation,TX,39.54,0.0,715.0,719.0,1.0,70.8,33.0,Individual,5,High Risk,Manual Review
36681325,14000.0, 60 months,19.24,E,E2,9 years,OWN,230000.0,Not Verified,debt_consolidation,TX,18.51,1.0,665.0,669.0,1.0,86.6,36.0,Individual,5,High Risk,Manual Review
36651211,11425.0, 60 months,24.5,F,F3,2 years,MORTGAGE,33800.0,Verified,debt_consolidation,CA,33.77,0.0,685.0,689.0,0.0,72.2,27.0,Individual,5,High Risk,Manual Review
36461163,11850.0, 60 months,21.99,E,E5,10+ years,RENT,27000.0,Verified,credit_card,MS,38.4,0.0,690.0,694.0,0.0,81.9,26.0,Individual,6,High Risk,Manual Review
36691243,10200.0, 36 months,18.54,E,E1,1 year,RENT,30000.0,Source Verified,debt_consolidation,IN,31.14,0.0,700.0,704.0,0.0,73.9,18.0,Individual,5,High Risk,Manual Review
36391437,19500.0, 60 months,21.99,E,E5,10+ years,MORTGAGE,39000.0,Source Verified,credit_card,PA,37.45,0.0,660.0,664.0,0.0,70.9,18.0,Individual,5,High Risk,Manual Review
36561159,3250.0, 36 months,21.99,E,E5,,RENT,11061.6,Verified,debt_consolidation,OR,33.98,0.0,690.0,694.0,0.0,37.8,8.0,Individual,5,High Risk,Manual Review
36391192,27600.0, 60 months,19.24,E,E2,5 years,RENT,63000.0,Source Verified,debt_consolidation,OH,30.02,1.0,675.0,679.0,0.0,74.3,41.0,Individual,6,High Risk,Manual Review
36783152,12000.0, 60 months,15.59,D,D1,10+ years,MORTGAGE,35000.0,Not Verified,debt_consolidation,IL,34.57,2.0,670.0,674.0,0.0,86.5,16.0,Individual,5,High Risk,Manual Review
36381835,24475.0, 60 months,21.99,E,E5,2 years,RENT,68000.0,Source Verified,debt_consolidation,IN,34.2,0.0,695.0,699.0,0.0,87.5,21.0,Individual,6,High Risk,Manual Review
36420306,4175.0, 36 months,22.99,F,F1,10+ years,OWN,25000.0,Not Verified,other,NY,30.63,0.0,675.0,679.0,1.0,31.4,20.0,Individual,5,High Risk,Manual Review
36530602,34225.0, 60 months,22.99,F,F1,3 years,MORTGAGE,68675.0,Verified,credit_card,PA,38.87,0.0,705.0,709.0,3.0,50.6,31.0,Individual,5,High Risk,Manual Review
36441724,35000.0, 60 months,19.99,E,E3,9 years,RENT,75000.0,Verified,debt_consolidation,TX,30.14,0.0,690.0,694.0,0.0,89.7,40.0,Individual,6,High Risk,Manual Review
36331692,14850.0, 60 months,18.54,E,E1,8 years,RENT,29880.0,Source Verified,credit_card,IN,37.79,0.0,685.0,689.0,0.0,93.5,29.0,Individual,6,High Risk,Manual Review
36230783,7900.0, 36 months,24.5,F,F3,< 1 year,RENT,22000.0,Source Verified,debt_consolidation,CA,30.22,0.0,685.0,689.0,1.0,35.0,13.0,Individual,5,High Risk,Manual Review
36221784,11000.0, 60 months,22.99,F,F1,10+ years,MORTGAGE,34415.0,Verified,credit_card,TX,32.12,0.0,670.0,674.0,0.0,44.5,35.0,Individual,5,High Risk,Manual Review
36271758,20000.0, 60 months,21.99,E,E5,10+ years,MORTGAGE,60000.0,Source Verified,debt_consolidation,TX,15.1,6.0,670.0,674.0,0.0,94.8,23.0,Individual,5,High Risk,Manual Review
36341604,35000.0, 60 months,22.99,F,F1,6 years,OWN,240000.0,Source Verified,debt_consolidation,AR,26.39,1.0,665.0,669.0,4.0,85.8,71.0,Individual,5,High Risk,Manual Review
36400567,17325.0, 36 months,18.54,E,E1,< 1 year,RENT,58000.0,Source Verified,debt_consolidation,CA,31.76,0.0,660.0,664.0,1.0,61.0,29.0,Individual,5,High Risk,Manual Review
36271698,21550.0, 60 months,18.54,E,E1,8 years,RENT,45000.0,Verified,credit_card,NY,37.97,0.0,750.0,754.0,0.0,27.9,20.0,Individual,5,High Risk,Manual Review
36371623,24000.0, 60 months,19.99,E,E3,9 years,RENT,72000.0,Source Verified,debt_consolidation,NJ,14.72,5.0,660.0,664.0,1.0,87.9,21.0,Individual,5,High Risk,Manual Review
36340485,11000.0, 60 months,18.54,E,E1,4 years,MORTGAGE,60000.0,Verified,small_business,IL,6.56,1.0,680.0,684.0,0.0,81.9,7.0,Individual,5,High Risk,Manual Review
36351616,7000.0, 36 months,21.99,E,E5,3 years,MORTGAGE,78000.0,Source Verified,other,WA,34.77,0.0,685.0,689.0,2.0,79.1,33.0,Individual,5,High Risk,Manual Review
36451198,35000.0, 36 months,19.24,E,E2,6 years,MORTGAGE,170000.0,Verified,debt_consolidation,MA,19.19,1.0,680.0,684.0,1.0,89.1,18.0,Individual,5,High Risk,Manual Review
35348358,18000.0, 60 months,18.54,E,E1,< 1 year,RENT,70000.0,Source Verified,small_business,TX,32.92,0.0,665.0,669.0,1.0,44.2,18.0,Individual,5,High Risk,Manual Review
36221181,34875.0, 60 months,20.99,E,E4,,MORTGAGE,84000.0,Verified,debt_consolidation,KY,33.74,0.0,665.0,669.0,0.0,95.2,33.0,Individual,6,High Risk,Manual Review
36421398,30750.0, 60 months,21.99,E,E5,9 years,MORTGAGE,95000.0,Verified,home_improvement,AZ,32.31,0.0,685.0,689.0,2.0,55.2,35.0,Individual,5,High Risk,Manual Review
34894796,12775.0, 60 months,21.99,E,E5,3 years,MORTGAGE,52000.0,Source Verified,debt_consolidation,TX,32.84,0.0,675.0,679.0,0.0,79.0,26.0,Individual,5,High Risk,Manual Review
35978488,12725.0, 60 months,18.54,E,E1,6 years,MORTGAGE,29000.0,Source Verified,credit_card,AL,35.84,0.0,730.0,734.0,0.0,32.9,33.0,Individual,5,High Risk,Manual Review
36351407,35000.0, 60 months,24.5,F,F3,,MORTGAGE,108000.0,Verified,debt_consolidation,CA,34.29,1.0,680.0,684.0,1.0,71.8,58.0,Individual,6,High Risk,Manual Review
36230460,13000.0, 36 months,19.99,E,E3,5 years,MORTGAGE,30960.0,Verified,debt_consolidation,KY,31.4,0.0,665.0,669.0,0.0,68.6,29.0,Individual,5,High Risk,Manual Review
36500478,18675.0, 60 months,19.99,E,E3,6 years,RENT,52000.0,Verified,debt_consolidation,CO,34.73,0.0,705.0,709.0,0.0,31.7,43.0,Individual,5,High Risk,Manual Review
36129552,18550.0, 36 months,20.99,E,E4,2 years,MORTGAGE,62000.0,Verified,debt_consolidation,TX,30.96,0.0,690.0,694.0,1.0,43.2,29.0,Individual,5,High Risk,Manual Review
36251320,25000.0, 60 months,18.54,E,E1,2 years,RENT,122600.0,Source Verified,debt_consolidation,CA,32.44,0.0,660.0,664.0,1.0,80.7,31.0,Individual,6,High Risk,Manual Review
36200700,22800.0, 60 months,18.54,E,E1,10+ years,MORTGAGE,60000.0,Source Verified,debt_consolidation,PA,31.14,3.0,670.0,674.0,0.0,59.3,43.0,Individual,6,High Risk,Manual Review
36500467,16000.0, 36 months,21.99,E,E5,7 years,RENT,50000.0,Verified,small_business,OR,31.95,0.0,670.0,674.0,2.0,67.1,26.0,Individual,5,High Risk,Manual Review
36340903,2400.0, 36 months,18.54,E,E1,5 years,MORTGAGE,160000.0,Verified,debt_consolidation,NJ,23.4,1.0,685.0,689.0,1.0,88.9,31.0,Individual,5,High Risk,Manual Review
36340544,34625.0, 60 months,22.99,F,F1,2 years,RENT,69360.0,Verified,debt_consolidation,CA,31.89,0.0,660.0,664.0,0.0,87.2,30.0,Individual,6,High Risk,Manual Review
22323482,4000.0, 36 months,21.99,E,E5,10+ years,OWN,40000.0,Not Verified,credit_card,NC,39.24,0.0,660.0,664.0,2.0,55.6,30.0,Individual,5,High Risk,Manual Review
36341142,26925.0, 60 months,19.99,E,E3,10+ years,MORTGAGE,54000.0,Source Verified,credit_card,PA,33.81,0.0,660.0,664.0,1.0,26.7,31.0,Individual,5,High Risk,Manual Review
36201247,20000.0, 60 months,22.99,F,F1,2 years,RENT,44000.0,Source Verified,other,GA,34.83,0.0,700.0,704.0,1.0,71.1,7.0,Individual,5,High Risk,Manual Review
31667256,8000.0, 36 months,22.99,F,F1,10+ years,RENT,55000.0,Verified,debt_consolidation,NY,30.92,0.0,700.0,704.0,0.0,18.2,13.0,Individual,5,High Risk,Manual Review
36211188,19550.0, 60 months,18.54,E,E1,3 years,MORTGAGE,68000.0,Not Verified,debt_consolidation,LA,34.54,1.0,660.0,664.0,0.0,24.5,23.0,Individual,6,High Risk,Manual Review
36350550,19275.0, 60 months,18.54,E,E1,< 1 year,RENT,46000.0,Source Verified,debt_consolidation,CA,33.84,0.0,675.0,679.0,1.0,69.1,26.0,Individual,5,High Risk,Manual Review
35969407,19200.0, 60 months,21.99,E,E5,7 years,RENT,84000.0,Source Verified,debt_consolidation,WA,30.29,0.0,660.0,664.0,0.0,89.7,57.0,Individual,6,High Risk,Manual Review
36450685,28550.0, 60 months,19.24,E,E2,5 years,MORTGAGE,65000.0,Source Verified,debt_consolidation,TN,31.35,0.0,685.0,689.0,0.0,60.8,53.0,Individual,5,High Risk,Manual Review
36411141,30000.0, 60 months,19.99,E,E3,10+ years,MORTGAGE,81000.0,Verified,debt_consolidation,CO,30.24,0.0,690.0,694.0,2.0,57.5,18.0,Individual,5,High Risk,Manual Review
36370961,23075.0, 60 months,23.99,F,F2,10+ years,MORTGAGE,47500.0,Source Verified,debt_consolidation,TX,32.47,0.0,690.0,694.0,0.0,55.1,20.0,Individual,5,High Risk,Manual Review
36350959,17875.0, 60 months,22.99,F,F1,10+ years,RENT,52800.0,Not Verified,debt_consolidation,MD,39.52,0.0,715.0,719.0,1.0,73.3,26.0,Individual,5,High Risk,Manual Review
36261027,30375.0, 60 months,23.99,F,F2,,RENT,80000.0,Verified,debt_consolidation,NY,37.11,0.0,670.0,674.0,0.0,79.0,15.0,Individual,5,High Risk,Manual Review
36370953,35000.0, 60 months,22.99,F,F1,< 1 year,RENT,78000.0,Verified,debt_consolidation,NC,30.4,0.0,660.0,664.0,0.0,80.8,56.0,Individual,6,High Risk,Manual Review
36390912,13475.0, 60 months,19.99,E,E3,3 years,RENT,50000.0,Source Verified,credit_card,FL,36.51,0.0,685.0,689.0,0.0,83.3,14.0,Individual,6,High Risk,Manual Review
36290898,26775.0, 60 months,21.99,E,E5,10+ years,OWN,53685.84,Source Verified,debt_consolidation,MS,20.61,2.0,695.0,699.0,2.0,89.3,27.0,Individual,5,High Risk,Manual Review
36350838,11625.0, 60 months,22.99,F,F1,< 1 year,OWN,39000.0,Source Verified,debt_consolidation,IN,34.28,0.0,665.0,669.0,1.0,79.5,33.0,Individual,5,High Risk,Manual Review
35034114,4075.0, 36 months,19.24,E,E2,< 1 year,RENT,34000.0,Not Verified,debt_consolidation,PA,21.5,1.0,675.0,679.0,1.0,96.5,18.0,Individual,5,High Risk,Manual Review
36230918,8400.0, 36 months,18.54,E,E1,< 1 year,RENT,17280.0,Verified,debt_consolidation,NC,39.72,0.0,675.0,679.0,1.0,44.7,36.0,Individual,5,High Risk,Manual Review
36059302,9100.0, 36 months,16.49,D,D3,10+ years,MORTGAGE,45800.0,Not Verified,debt_consolidation,MD,39.49,1.0,690.0,694.0,1.0,95.7,25.0,Individual,5,High Risk,Manual Review
36300974,20000.0, 60 months,22.99,F,F1,10+ years,RENT,50000.0,Source Verified,debt_consolidation,TX,30.34,0.0,690.0,694.0,1.0,72.6,19.0,Individual,5,High Risk,Manual Review
36390833,10100.0, 60 months,20.99,E,E4,10+ years,MORTGAGE,24000.0,Verified,debt_consolidation,WI,30.7,0.0,665.0,669.0,1.0,87.8,15.0,Individual,6,High Risk,Manual Review
36109767,10850.0, 60 months,20.99,E,E4,10+ years,MORTGAGE,50388.0,Source Verified,debt_consolidation,NY,39.63,0.0,685.0,689.0,1.0,63.9,43.0,Individual,5,High Risk,Manual Review
36310441,10000.0, 36 months,19.99,E,E3,3 years,RENT,20400.0,Verified,debt_consolidation,FL,36.34,0.0,670.0,674.0,1.0,61.2,7.0,Individual,5,High Risk,Manual Review
36260357,5825.0, 36 months,18.54,E,E1,10+ years,OWN,27000.0,Source Verified,debt_consolidation,AL,38.98,0.0,665.0,669.0,0.0,49.5,13.0,Individual,5,High Risk,Manual Review
35226200,2400.0, 36 months,18.54,E,E1,< 1 year,RENT,50000.0,Not Verified,other,CA,34.25,0.0,705.0,709.0,3.0,75.8,21.0,Individual,5,High Risk,Manual Review
36260610,4375.0, 36 months,19.24,E,E2,,RENT,25200.0,Verified,debt_consolidation,GA,30.43,0.0,710.0,714.0,0.0,10.2,13.0,Individual,5,High Risk,Manual Review
36270166,19675.0, 36 months,19.24,E,E2,10+ years,MORTGAGE,58000.0,Verified,debt_consolidation,HI,31.57,1.0,665.0,669.0,1.0,35.9,35.0,Individual,6,High Risk,Manual Review
36430366,9175.0, 36 months,25.8,G,G1,3 years,RENT,23000.0,Verified,other,CA,37.0,0.0,710.0,714.0,2.0,22.3,14.0,Individual,5,High Risk,Manual Review
35307286,23975.0, 60 months,19.24,E,E2,10+ years,MORTGAGE,48000.0,Source Verified,debt_consolidation,SD,36.53,0.0,680.0,684.0,1.0,85.2,19.0,Individual,6,High Risk,Manual Review
36360597,28000.0, 60 months,18.54,E,E1,,MORTGAGE,82000.0,Verified,debt_consolidation,FL,35.27,0.0,665.0,669.0,0.0,100.9,16.0,Individual,6,High Risk,Manual Review
36260568,2200.0, 36 months,19.24,E,E2,3 years,MORTGAGE,47498.0,Verified,vacation,CT,32.64,1.0,660.0,664.0,0.0,65.4,22.0,Individual,6,High Risk,Manual Review
36210170,20475.0, 60 months,18.54,E,E1,< 1 year,MORTGAGE,60000.0,Source Verified,debt_consolidation,FL,31.42,0.0,700.0,704.0,0.0,69.3,37.0,Individual,5,High Risk,Manual Review
36350468,13600.0, 36 months,21.99,E,E5,,MORTGAGE,40082.0,Source Verified,debt_consolidation,WV,32.87,0.0,680.0,684.0,2.0,35.0,39.0,Individual,5,High Risk,Manual Review
36390533,16000.0, 60 months,23.99,F,F2,10+ years,OWN,40000.0,Source Verified,debt_consolidation,SC,38.55,0.0,665.0,669.0,0.0,70.4,21.0,Individual,5,High Risk,Manual Review
36270526,12050.0, 36 months,19.99,E,E3,10+ years,MORTGAGE,32000.0,Verified,other,IN,38.63,1.0,685.0,689.0,0.0,49.1,18.0,Individual,6,High Risk,Manual Review
36210539,4000.0, 36 months,19.24,E,E2,10+ years,RENT,67000.0,Not Verified,other,TX,30.57,0.0,665.0,669.0,0.0,63.7,22.0,Individual,5,High Risk,Manual Review
36340459,14600.0, 60 months,22.99,F,F1,3 years,MORTGAGE,41400.0,Verified,debt_consolidation,IL,33.71,0.0,705.0,709.0,1.0,67.0,35.0,Individual,5,High Risk,Manual Review
36108660,13100.0, 60 months,22.99,F,F1,10+ years,OWN,38700.0,Not Verified,debt_consolidation,CA,31.91,0.0,670.0,674.0,0.0,86.5,31.0,Individual,6,High Risk,Manual Review
36400422,28000.0, 36 months,15.99,D,D2,7 years,RENT,70000.0,Source Verified,debt_consolidation,FL,38.94,2.0,660.0,664.0,0.0,85.2,29.0,Individual,5,High Risk,Manual Review
36320544,5000.0, 36 months,18.54,E,E1,1 year,RENT,54000.0,Not Verified,moving,NY,35.58,2.0,660.0,664.0,0.0,95.8,18.0,Individual,7,High Risk,Manual Review
36290352,35000.0, 60 months,24.5,F,F3,10+ years,MORTGAGE,75000.0,Verified,debt_consolidation,AL,30.83,0.0,705.0,709.0,1.0,80.7,45.0,Individual,6,High Risk,Manual Review
36270281,15500.0, 60 months,19.99,E,E3,9 years,OWN,39000.0,Source Verified,debt_consolidation,LA,35.75,0.0,690.0,694.0,0.0,51.1,26.0,Individual,5,High Risk,Manual Review
36179482,16150.0, 60 months,25.57,F,F5,10+ years,RENT,54000.0,Source Verified,debt_consolidation,NC,31.13,0.0,665.0,669.0,0.0,69.8,28.0,Individual,5,High Risk,Manual Review
36330353,14375.0, 60 months,18.54,E,E1,3 years,RENT,48000.0,Verified,debt_consolidation,MN,31.85,0.0,665.0,669.0,1.0,62.9,66.0,Individual,5,High Risk,Manual Review
36049788,14000.0, 60 months,19.99,E,E3,,RENT,35000.0,Verified,debt_consolidation,FL,38.58,0.0,695.0,699.0,1.0,73.6,24.0,Individual,5,High Risk,Manual Review
36420388,12000.0, 60 months,17.86,D,D5,10+ years,OWN,53000.0,Verified,debt_consolidation,OH,35.96,1.0,680.0,684.0,0.0,87.3,31.0,Individual,5,High Risk,Manual Review
36250382,6050.0, 36 months,19.99,E,E3,3 years,RENT,19000.0,Source Verified,major_purchase,IL,39.99,0.0,690.0,694.0,0.0,40.8,7.0,Individual,5,High Risk,Manual Review
36039852,11925.0, 60 months,18.54,E,E1,2 years,MORTGAGE,69000.0,Not Verified,debt_consolidation,PA,12.9,1.0,660.0,664.0,2.0,89.7,15.0,Individual,5,High Risk,Manual Review
36230327,10000.0, 60 months,20.99,E,E4,10+ years,RENT,97000.0,Verified,debt_consolidation,TX,36.19,0.0,675.0,679.0,0.0,84.0,26.0,Individual,6,High Risk,Manual Review
36350302,24000.0, 60 months,21.99,E,E5,10+ years,RENT,75000.0,Verified,other,CA,31.23,0.0,690.0,694.0,1.0,49.9,37.0,Individual,5,High Risk,Manual Review
36430327,18450.0, 60 months,19.99,E,E3,9 years,RENT,44000.0,Source Verified,other,CO,30.17,0.0,685.0,689.0,1.0,70.3,24.0,Individual,5,High Risk,Manual Review
36290238,16000.0, 60 months,15.99,D,D2,10+ years,RENT,58000.0,Not Verified,debt_consolidation,NY,31.41,1.0,665.0,669.0,0.0,134.3,22.0,Individual,5,High Risk,Manual Review
36260325,16200.0, 60 months,19.24,E,E2,6 years,MORTGAGE,43000.0,Not Verified,home_improvement,LA,34.69,0.0,670.0,674.0,0.0,23.9,40.0,Individual,5,High Risk,Manual Review
36230234,30000.0, 60 months,20.99,E,E4,8 years,RENT,83000.0,Source Verified,debt_consolidation,FL,30.23,0.0,685.0,689.0,2.0,87.1,24.0,Individual,6,High Risk,Manual Review
36069458,25600.0, 60 months,20.99,E,E4,10+ years,MORTGAGE,55000.0,Source Verified,debt_consolidation,KY,30.55,0.0,660.0,664.0,2.0,99.9,28.0,Individual,6,High Risk,Manual Review
35763924,35000.0, 60 months,23.99,F,F2,10+ years,MORTGAGE,90000.0,Verified,credit_card,OH,32.74,0.0,715.0,719.0,0.0,100.9,22.0,Individual,6,High Risk,Manual Review
36360125,5375.0, 36 months,20.99,E,E4,,MORTGAGE,10788.0,Verified,home_improvement,NV,31.59,2.0,665.0,669.0,1.0,69.4,33.0,Individual,6,High Risk,Manual Review
34403771,16200.0, 60 months,24.5,F,F3,< 1 year,OWN,45000.0,Source Verified,debt_consolidation,SC,20.11,1.0,675.0,679.0,2.0,81.0,23.0,Individual,5,High Risk,Manual Review
36119815,14975.0, 60 months,20.99,E,E4,10+ years,OWN,62000.0,Verified,debt_consolidation,MN,30.37,0.0,710.0,714.0,0.0,60.0,22.0,Individual,5,High Risk,Manual Review
36039850,25325.0, 60 months,19.99,E,E3,,MORTGAGE,76200.0,Verified,debt_consolidation,AL,32.6,0.0,700.0,704.0,0.0,64.1,48.0,Individual,5,High Risk,Manual Review
36029826,3450.0, 36 months,20.99,E,E4,7 years,RENT,51900.0,Source Verified,moving,NY,11.08,1.0,685.0,689.0,0.0,100.2,8.0,Individual,5,High Risk,Manual Review
34443397,12250.0, 60 months,18.54,E,E1,8 years,MORTGAGE,43000.0,Source Verified,debt_consolidation,FL,32.45,0.0,660.0,664.0,0.0,39.6,13.0,Individual,5,High Risk,Manual Review
36119172,10150.0, 60 months,19.24,E,E2,10+ years,MORTGAGE,36000.0,Not Verified,debt_consolidation,CA,33.81,0.0,700.0,704.0,2.0,47.9,34.0,Individual,5,High Risk,Manual Review
36089596,19475.0, 60 months,19.24,E,E2,,OWN,134000.0,Verified,debt_consolidation,TX,30.71,0.0,685.0,689.0,1.0,66.2,32.0,Individual,5,High Risk,Manual Review
36029724,18000.0, 60 months,19.24,E,E2,7 years,RENT,38700.0,Verified,debt_consolidation,GA,35.19,0.0,720.0,724.0,0.0,57.4,36.0,Individual,5,High Risk,Manual Review
35094703,29325.0, 60 months,19.99,E,E3,,MORTGAGE,62000.0,Verified,debt_consolidation,PA,33.49,0.0,680.0,684.0,0.0,64.2,27.0,Individual,5,High Risk,Manual Review
36029550,31450.0, 60 months,20.99,E,E4,10+ years,MORTGAGE,63000.0,Verified,credit_card,GA,31.96,0.0,675.0,679.0,0.0,56.4,28.0,Individual,5,High Risk,Manual Review
35653246,12625.0, 60 months,19.24,E,E2,5 years,MORTGAGE,49563.0,Not Verified,debt_consolidation,TN,31.64,4.0,665.0,669.0,0.0,92.3,59.0,Individual,7,High Risk,Manual Review
36099558,24250.0, 60 months,19.24,E,E2,10+ years,OWN,55269.12,Verified,credit_card,NM,36.48,0.0,695.0,699.0,1.0,87.6,31.0,Individual,6,High Risk,Manual Review
36129431,28000.0, 60 months,20.99,E,E4,10+ years,OWN,120000.0,Source Verified,debt_consolidation,CA,37.58,0.0,710.0,714.0,0.0,65.0,46.0,Individual,5,High Risk,Manual Review
35939370,21700.0, 60 months,19.99,E,E3,10+ years,MORTGAGE,71472.96,Source Verified,debt_consolidation,TX,31.8,0.0,675.0,679.0,2.0,80.2,32.0,Individual,6,High Risk,Manual Review
36169403,10000.0, 36 months,23.99,F,F2,,MORTGAGE,44000.0,Verified,moving,TX,34.75,1.0,660.0,664.0,0.0,83.0,22.0,Individual,7,High Risk,Manual Review
36079449,15500.0, 60 months,21.99,E,E5,10+ years,MORTGAGE,62912.38,Not Verified,debt_consolidation,NV,39.41,0.0,665.0,669.0,1.0,73.6,53.0,Individual,5,High Risk,Manual Review
35803876,25000.0, 60 months,21.99,E,E5,3 years,RENT,53000.0,Verified,credit_card,NJ,33.77,0.0,690.0,694.0,1.0,83.7,42.0,Individual,6,High Risk,Manual Review
35988951,25525.0, 60 months,18.54,E,E1,10+ years,RENT,55606.0,Source Verified,credit_card,NV,37.51,0.0,690.0,694.0,0.0,92.4,13.0,Individual,6,High Risk,Manual Review
36099332,35000.0, 60 months,22.99,F,F1,10+ years,MORTGAGE,93000.0,Verified,debt_consolidation,PA,15.54,3.0,665.0,669.0,2.0,93.8,32.0,Individual,5,High Risk,Manual Review
36029405,10850.0, 60 months,19.24,E,E2,4 years,OWN,28000.0,Not Verified,debt_consolidation,TX,39.39,2.0,685.0,689.0,1.0,45.6,31.0,Individual,6,High Risk,Manual Review
36109290,15625.0, 60 months,24.99,F,F4,1 year,MORTGAGE,42900.0,Not Verified,credit_card,SC,32.25,0.0,680.0,684.0,1.0,77.0,26.0,Individual,5,High Risk,Manual Review
34903958,10125.0, 36 months,18.54,E,E1,6 years,RENT,73000.0,Verified,debt_consolidation,IL,32.29,0.0,670.0,674.0,2.0,84.1,33.0,Individual,6,High Risk,Manual Review
36149307,25725.0, 60 months,23.99,F,F2,< 1 year,MORTGAGE,72800.0,Verified,debt_consolidation,FL,36.28,1.0,675.0,679.0,0.0,56.1,22.0,Individual,6,High Risk,Manual Review
35969175,10650.0, 60 months,18.54,E,E1,,OWN,49620.0,Verified,debt_consolidation,CA,35.02,0.0,680.0,684.0,0.0,56.8,31.0,Individual,5,High Risk,Manual Review
27420352,11700.0, 60 months,18.54,E,E1,9 years,RENT,54600.0,Verified,credit_card,SC,30.77,0.0,695.0,699.0,1.0,8.6,31.0,Individual,5,High Risk,Manual Review
36179102,35000.0, 60 months,19.24,E,E2,10+ years,MORTGAGE,85000.0,Verified,debt_consolidation,UT,32.29,0.0,710.0,714.0,0.0,61.2,36.0,Individual,5,High Risk,Manual Review
36139164,9625.0, 36 months,21.99,E,E5,10+ years,RENT,56000.0,Source Verified,other,NJ,35.51,0.0,680.0,684.0,0.0,83.3,20.0,Individual,6,High Risk,Manual Review
35338634,30000.0, 60 months,19.24,E,E2,3 years,MORTGAGE,60000.0,Verified,debt_consolidation,MI,38.22,0.0,685.0,689.0,1.0,78.3,26.0,Individual,5,High Risk,Manual Review
35989251,27325.0, 60 months,24.99,F,F4,,OWN,72000.0,Verified,debt_consolidation,NV,37.36,0.0,690.0,694.0,1.0,73.6,24.0,Individual,5,High Risk,Manual Review
36068207,35000.0, 60 months,22.99,F,F1,10+ years,MORTGAGE,98200.0,Source Verified,other,TX,34.41,0.0,680.0,684.0,1.0,47.1,28.0,Individual,5,High Risk,Manual Review
35959024,3200.0, 36 months,19.24,E,E2,< 1 year,RENT,14000.0,Not Verified,moving,PA,24.1,1.0,660.0,664.0,0.0,88.0,27.0,Individual,5,High Risk,Manual Review
36128511,35000.0, 60 months,21.99,E,E5,,MORTGAGE,92064.0,Verified,major_purchase,NC,30.64,0.0,695.0,699.0,1.0,61.7,27.0,Individual,5,High Risk,Manual Review
35693990,9550.0, 36 months,19.99,E,E3,10+ years,OWN,37000.0,Source Verified,debt_consolidation,DE,31.5,1.0,690.0,694.0,1.0,34.6,25.0,Individual,6,High Risk,Manual Review
36088430,35000.0, 60 months,20.99,E,E4,10+ years,MORTGAGE,102044.8,Verified,credit_card,CA,20.79,2.0,665.0,669.0,0.0,84.7,13.0,Individual,5,High Risk,Manual Review
36049044,10750.0, 36 months,19.24,E,E2,3 years,RENT,30000.0,Source Verified,credit_card,CA,36.77,0.0,670.0,674.0,0.0,31.7,28.0,Individual,5,High Risk,Manual Review
34813545,4600.0, 36 months,24.99,F,F4,3 years,RENT,38000.0,Not Verified,debt_consolidation,CA,36.39,3.0,670.0,674.0,3.0,44.2,28.0,Individual,6,High Risk,Manual Review
36068976,30000.0, 36 months,19.24,E,E2,1 year,RENT,61000.0,Verified,debt_consolidation,TN,37.73,1.0,670.0,674.0,0.0,89.8,27.0,Individual,7,High Risk,Manual Review
35653636,35000.0, 60 months,18.54,E,E1,9 years,MORTGAGE,102500.0,Source Verified,credit_card,GA,28.38,1.0,675.0,679.0,0.0,92.9,22.0,Individual,5,High Risk,Manual Review
36098969,35000.0, 60 months,24.99,F,F4,1 year,MORTGAGE,150000.0,Verified,debt_consolidation,CA,22.25,1.0,675.0,679.0,0.0,97.3,52.0,Individual,5,High Risk,Manual Review
35988977,23600.0, 60 months,18.54,E,E1,10+ years,MORTGAGE,72566.0,Source Verified,debt_consolidation,FL,38.55,0.0,695.0,699.0,1.0,58.7,56.0,Individual,5,High Risk,Manual Review
36078928,30000.0, 60 months,20.99,E,E4,3 years,MORTGAGE,85000.0,Verified,debt_consolidation,CA,31.56,0.0,715.0,719.0,0.0,51.2,26.0,Individual,5,High Risk,Manual Review
36128897,11875.0, 60 months,18.54,E,E1,8 years,RENT,56000.0,Source Verified,debt_consolidation,CA,34.05,0.0,670.0,674.0,2.0,28.1,40.0,Individual,5,High Risk,Manual Review
35054730,14000.0, 60 months,21.99,E,E5,10+ years,MORTGAGE,28000.0,Source Verified,home_improvement,GA,37.54,0.0,665.0,669.0,0.0,61.4,35.0,Individual,5,High Risk,Manual Review
36148967,20000.0, 60 months,18.54,E,E1,10+ years,RENT,45000.0,Source Verified,debt_consolidation,AL,31.52,0.0,675.0,679.0,0.0,71.9,24.0,Individual,5,High Risk,Manual Review
36168842,14375.0, 36 months,21.99,E,E5,< 1 year,RENT,45000.0,Source Verified,other,VA,30.43,0.0,660.0,664.0,2.0,53.0,16.0,Individual,5,High Risk,Manual Review
36128674,14700.0, 60 months,19.24,E,E2,2 years,MORTGAGE,55000.0,Source Verified,home_improvement,NC,35.22,0.0,685.0,689.0,0.0,72.3,18.0,Individual,5,High Risk,Manual Review
35938876,16950.0, 60 months,19.99,E,E3,8 years,RENT,50000.0,Source Verified,debt_consolidation,CA,31.09,1.0,690.0,694.0,3.0,31.0,23.0,Individual,6,High Risk,Manual Review
33721657,22400.0, 60 months,19.99,E,E3,10+ years,OWN,45000.0,Source Verified,credit_card,KS,38.88,5.0,715.0,719.0,2.0,5.5,43.0,Individual,6,High Risk,Manual Review
35938825,11450.0, 60 months,25.57,F,F5,2 years,MORTGAGE,34000.0,Source Verified,debt_consolidation,MO,32.05,0.0,685.0,689.0,2.0,33.6,27.0,Individual,5,High Risk,Manual Review
34953470,25000.0, 60 months,22.99,F,F1,10+ years,MORTGAGE,52000.0,Verified,debt_consolidation,MI,37.11,1.0,685.0,689.0,1.0,50.3,29.0,Individual,6,High Risk,Manual Review
35988771,35000.0, 60 months,18.54,E,E1,,MORTGAGE,100000.0,Verified,credit_card,GA,33.9,0.0,675.0,679.0,0.0,77.8,44.0,Individual,5,High Risk,Manual Review
36108703,35000.0, 60 months,19.99,E,E3,< 1 year,RENT,92000.0,Verified,small_business,MD,32.38,0.0,720.0,724.0,2.0,33.7,55.0,Individual,5,High Risk,Manual Review
35358525,19150.0, 60 months,23.99,F,F2,10+ years,MORTGAGE,55000.0,Source Verified,home_improvement,FL,24.29,1.0,675.0,679.0,0.0,91.0,27.0,Individual,5,High Risk,Manual Review
35938635,10875.0, 60 months,18.54,E,E1,4 years,RENT,54500.0,Source Verified,credit_card,CA,26.34,1.0,680.0,684.0,0.0,87.0,27.0,Individual,5,High Risk,Manual Review
36058530,2500.0, 36 months,19.99,E,E3,5 years,RENT,68000.0,Verified,other,TX,36.9,0.0,665.0,669.0,1.0,88.1,37.0,Individual,6,High Risk,Manual Review
35246354,13925.0, 60 months,20.99,E,E4,4 years,RENT,41000.0,Source Verified,credit_card,FL,31.24,0.0,680.0,684.0,0.0,75.6,23.0,Individual,5,High Risk,Manual Review
35938532,10525.0, 60 months,21.99,E,E5,10+ years,RENT,54000.0,Verified,debt_consolidation,CA,37.0,1.0,665.0,669.0,2.0,77.5,22.0,Individual,6,High Risk,Manual Review
35683158,10725.0, 60 months,20.99,E,E4,10+ years,MORTGAGE,24500.0,Source Verified,credit_card,WV,38.9,0.0,675.0,679.0,0.0,86.7,45.0,Individual,6,High Risk,Manual Review
34393424,22800.0, 60 months,19.99,E,E3,10+ years,MORTGAGE,60000.0,Verified,debt_consolidation,MI,32.08,1.0,675.0,679.0,0.0,47.8,28.0,Individual,6,High Risk,Manual Review
35664015,11700.0, 60 months,19.99,E,E3,10+ years,MORTGAGE,60000.0,Not Verified,credit_card,NM,25.5,1.0,660.0,664.0,3.0,95.7,65.0,Individual,5,High Risk,Manual Review
34623009,19400.0, 60 months,19.24,E,E2,1 year,MORTGAGE,71000.0,Not Verified,credit_card,CA,18.44,1.0,680.0,684.0,0.0,96.8,10.0,Individual,5,High Risk,Manual Review
34773516,15075.0, 60 months,21.99,E,E5,8 years,RENT,34320.0,Source Verified,debt_consolidation,NJ,33.04,0.0,710.0,714.0,1.0,63.1,18.0,Individual,5,High Risk,Manual Review
36158347,10500.0, 60 months,15.59,D,D1,10+ years,MORTGAGE,35000.0,Not Verified,debt_consolidation,MI,33.44,1.0,675.0,679.0,1.0,91.5,12.0,Individual,5,High Risk,Manual Review
36068328,21250.0, 60 months,22.99,F,F1,8 years,MORTGAGE,70000.0,Verified,debt_consolidation,VA,30.34,0.0,675.0,679.0,2.0,48.4,62.0,Individual,5,High Risk,Manual Review
36138388,3300.0, 36 months,18.54,E,E1,10+ years,MORTGAGE,31000.0,Not Verified,debt_consolidation,OH,32.56,0.0,690.0,694.0,1.0,74.4,32.0,Individual,5,High Risk,Manual Review
35673570,11975.0, 36 months,19.99,E,E3,,MORTGAGE,50000.0,Verified,debt_consolidation,OH,36.85,0.0,665.0,669.0,2.0,62.0,28.0,Individual,5,High Risk,Manual Review
36038282,4450.0, 36 months,20.99,E,E4,,OWN,9000.0,Verified,home_improvement,KS,35.33,0.0,700.0,704.0,0.0,65.4,6.0,Individual,5,High Risk,Manual Review
36108378,16500.0, 36 months,21.99,E,E5,,MORTGAGE,46000.0,Verified,debt_consolidation,OH,34.62,0.0,660.0,664.0,0.0,87.2,31.0,Individual,6,High Risk,Manual Review
36098241,20000.0, 60 months,19.24,E,E2,10+ years,MORTGAGE,80000.0,Source Verified,debt_consolidation,CA,30.95,0.0,675.0,679.0,1.0,49.8,36.0,Individual,5,High Risk,Manual Review
35773805,15000.0, 60 months,19.99,E,E3,< 1 year,RENT,47000.0,Source Verified,medical,TX,31.22,0.0,695.0,699.0,0.0,38.7,15.0,Individual,5,High Risk,Manual Review
35683554,17850.0, 60 months,21.99,E,E5,10+ years,RENT,70000.0,Not Verified,debt_consolidation,NY,38.13,4.0,670.0,674.0,0.0,45.6,23.0,Individual,6,High Risk,Manual Review
36028219,35000.0, 60 months,23.99,F,F2,8 years,MORTGAGE,150000.0,Verified,home_improvement,NY,14.48,1.0,660.0,664.0,2.0,86.1,28.0,Individual,5,High Risk,Manual Review
36118172,15000.0, 60 months,23.99,F,F2,7 years,RENT,67000.0,Verified,moving,MD,35.61,3.0,660.0,664.0,1.0,25.8,39.0,Individual,6,High Risk,Manual Review
36048140,11200.0, 60 months,19.24,E,E2,2 years,RENT,28000.0,Source Verified,debt_consolidation,PA,36.01,0.0,670.0,674.0,0.0,90.2,29.0,Individual,6,High Risk,Manual Review
34413551,12775.0, 60 months,20.99,E,E4,10+ years,RENT,32000.0,Source Verified,debt_consolidation,CT,34.94,0.0,695.0,699.0,0.0,70.7,21.0,Individual,5,High Risk,Manual Review
35753289,10525.0, 60 months,19.99,E,E3,< 1 year,RENT,24000.0,Source Verified,debt_consolidation,CA,35.4,2.0,675.0,679.0,0.0,89.6,15.0,Individual,7,High Risk,Manual Review
34473862,18550.0, 60 months,19.99,E,E3,10+ years,MORTGAGE,83000.0,Verified,debt_consolidation,AL,33.12,2.0,665.0,669.0,0.0,97.4,27.0,Individual,7,High Risk,Manual Review
33300816,25000.0, 60 months,25.8,G,G1,9 years,RENT,70000.0,Source Verified,debt_consolidation,CA,32.14,0.0,710.0,714.0,2.0,36.2,24.0,Individual,5,High Risk,Manual Review
35883935,9125.0, 36 months,20.99,E,E4,< 1 year,MORTGAGE,32000.0,Not Verified,debt_consolidation,PA,36.87,0.0,665.0,669.0,0.0,89.6,18.0,Individual,6,High Risk,Manual Review
35653667,6500.0, 36 months,25.8,G,G1,8 years,RENT,22000.0,Source Verified,debt_consolidation,PA,37.42,0.0,685.0,689.0,1.0,44.9,19.0,Individual,5,High Risk,Manual Review
35873774,18300.0, 60 months,21.99,E,E5,7 years,MORTGAGE,41600.0,Not Verified,debt_consolidation,NC,22.07,1.0,665.0,669.0,0.0,91.0,19.0,Individual,5,High Risk,Manual Review
35843985,18150.0, 60 months,20.99,E,E4,8 years,MORTGAGE,41342.0,Not Verified,credit_card,SC,34.51,0.0,680.0,684.0,1.0,75.1,20.0,Individual,5,High Risk,Manual Review
35654135,17875.0, 60 months,18.54,E,E1,10+ years,MORTGAGE,70000.0,Verified,credit_card,NC,39.98,0.0,675.0,679.0,0.0,42.2,49.0,Individual,5,High Risk,Manual Review
35793734,27475.0, 60 months,24.5,F,F3,< 1 year,RENT,90000.0,Source Verified,debt_consolidation,CA,12.99,2.0,660.0,664.0,1.0,82.5,28.0,Individual,5,High Risk,Manual Review
36138113,16300.0, 60 months,25.83,G,G2,2 years,MORTGAGE,35000.0,Source Verified,debt_consolidation,AZ,26.92,1.0,665.0,669.0,0.0,80.9,12.0,Individual,5,High Risk,Manual Review
35843574,11025.0, 60 months,22.99,F,F1,10+ years,OWN,60000.0,Source Verified,credit_card,MI,33.94,0.0,665.0,669.0,2.0,68.0,49.0,Individual,5,High Risk,Manual Review
35683943,27450.0, 60 months,25.57,F,F5,10+ years,MORTGAGE,55000.0,Source Verified,debt_consolidation,IN,33.23,0.0,660.0,664.0,0.0,79.2,23.0,Individual,5,High Risk,Manual Review
34432843,35000.0, 60 months,20.99,E,E4,8 years,MORTGAGE,120000.0,Verified,debt_consolidation,TX,32.93,0.0,675.0,679.0,1.0,86.1,27.0,Individual,6,High Risk,Manual Review
35864005,25675.0, 60 months,19.24,E,E2,10+ years,OWN,66465.0,Source Verified,debt_consolidation,CA,30.48,0.0,695.0,699.0,1.0,71.7,27.0,Individual,5,High Risk,Manual Review
35206755,12150.0, 36 months,18.54,E,E1,,OWN,30474.0,Verified,debt_consolidation,FL,37.57,0.0,685.0,689.0,0.0,50.3,17.0,Individual,5,High Risk,Manual Review
35673852,30000.0, 60 months,25.57,F,F5,4 years,RENT,100000.0,Verified,small_business,WA,33.12,2.0,670.0,674.0,1.0,52.2,17.0,Individual,6,High Risk,Manual Review
35074779,10800.0, 36 months,19.24,E,E2,10+ years,RENT,36000.0,Verified,debt_consolidation,SC,34.43,0.0,685.0,689.0,1.0,96.8,14.0,Individual,6,High Risk,Manual Review
35733858,13000.0, 60 months,19.24,E,E2,7 years,RENT,50000.0,Source Verified,debt_consolidation,UT,39.68,0.0,685.0,689.0,1.0,66.4,12.0,Individual,5,High Risk,Manual Review
35348302,35000.0, 60 months,18.54,E,E1,10+ years,RENT,70000.0,Verified,debt_consolidation,VA,33.18,0.0,700.0,704.0,0.0,82.9,29.0,Individual,6,High Risk,Manual Review
35683788,8050.0, 36 months,19.99,E,E3,5 years,RENT,27000.0,Verified,debt_consolidation,CA,31.51,0.0,660.0,664.0,0.0,87.6,14.0,Individual,6,High Risk,Manual Review
35713830,21200.0, 60 months,24.5,F,F3,10+ years,RENT,53000.0,Source Verified,debt_consolidation,CO,32.34,0.0,680.0,684.0,2.0,88.2,47.0,Individual,6,High Risk,Manual Review
35873826,27425.0, 60 months,19.24,E,E2,,RENT,62412.0,Verified,credit_card,CO,36.53,0.0,665.0,669.0,0.0,100.6,11.0,Individual,6,High Risk,Manual Review
35783775,11975.0, 60 months,19.24,E,E2,9 years,MORTGAGE,40000.0,Verified,debt_consolidation,TX,30.48,1.0,665.0,669.0,1.0,97.1,18.0,Individual,7,High Risk,Manual Review
35713843,18100.0, 60 months,19.24,E,E2,10+ years,RENT,65000.0,Verified,credit_card,VA,37.94,0.0,690.0,694.0,0.0,57.9,26.0,Individual,5,High Risk,Manual Review
35893801,30750.0, 60 months,18.54,E,E1,10+ years,RENT,67000.0,Verified,credit_card,MA,32.72,0.0,665.0,669.0,0.0,61.5,46.0,Individual,5,High Risk,Manual Review
35823706,20000.0, 60 months,22.99,F,F1,,MORTGAGE,42000.0,Verified,debt_consolidation,AR,35.63,0.0,675.0,679.0,0.0,48.8,35.0,Individual,5,High Risk,Manual Review
35753568,16500.0, 60 months,19.24,E,E2,6 years,RENT,36000.0,Source Verified,credit_card,NC,37.17,0.0,685.0,689.0,1.0,83.5,26.0,Individual,6,High Risk,Manual Review
35084024,14950.0, 60 months,23.99,F,F2,8 years,MORTGAGE,53000.0,Not Verified,debt_consolidation,CT,31.57,0.0,710.0,714.0,3.0,48.9,40.0,Individual,5,High Risk,Manual Review
34923386,35000.0, 60 months,20.99,E,E4,6 years,MORTGAGE,80000.0,Verified,credit_card,LA,30.63,0.0,665.0,669.0,0.0,50.5,39.0,Individual,5,High Risk,Manual Review
35893632,13175.0, 60 months,19.99,E,E3,< 1 year,MORTGAGE,30000.0,Source Verified,debt_consolidation,AL,32.44,1.0,715.0,719.0,0.0,51.0,23.0,Individual,6,High Risk,Manual Review
34682753,27200.0, 60 months,19.24,E,E2,10+ years,RENT,65000.0,Source Verified,debt_consolidation,CA,31.22,0.0,680.0,684.0,0.0,81.9,29.0,Individual,6,High Risk,Manual Review
35823610,29450.0, 60 months,21.99,E,E5,10+ years,MORTGAGE,59000.0,Source Verified,debt_consolidation,MI,34.42,0.0,680.0,684.0,0.0,85.9,35.0,Individual,6,High Risk,Manual Review
35813609,19200.0, 60 months,20.99,E,E4,6 years,RENT,68315.0,Verified,debt_consolidation,OH,35.58,0.0,690.0,694.0,1.0,74.4,31.0,Individual,5,High Risk,Manual Review
34944850,15500.0, 36 months,19.24,E,E2,10+ years,OWN,45900.0,Source Verified,debt_consolidation,LA,34.64,0.0,690.0,694.0,0.0,62.6,21.0,Individual,5,High Risk,Manual Review
35833572,22400.0, 60 months,23.99,F,F2,10+ years,MORTGAGE,70000.0,Verified,debt_consolidation,OK,15.69,3.0,670.0,674.0,1.0,98.8,55.0,Individual,5,High Risk,Manual Review
35783504,2975.0, 36 months,18.54,E,E1,3 years,MORTGAGE,69300.0,Verified,debt_consolidation,TX,32.5,0.0,670.0,674.0,1.0,59.5,27.0,Individual,5,High Risk,Manual Review
35883463,18225.0, 36 months,17.86,D,D5,< 1 year,MORTGAGE,75000.0,Source Verified,debt_consolidation,MN,37.62,1.0,675.0,679.0,0.0,83.2,40.0,Individual,5,High Risk,Manual Review
34983710,14375.0, 60 months,24.99,F,F4,< 1 year,RENT,48000.0,Source Verified,debt_consolidation,PA,18.33,1.0,670.0,674.0,1.0,85.0,17.0,Individual,5,High Risk,Manual Review
34312890,22075.0, 36 months,18.54,E,E1,< 1 year,RENT,65000.0,Verified,credit_card,FL,36.45,0.0,665.0,669.0,0.0,58.8,31.0,Individual,5,High Risk,Manual Review
35833417,18350.0, 60 months,23.99,F,F2,5 years,RENT,40000.0,Verified,credit_card,SC,39.78,0.0,685.0,689.0,0.0,71.6,23.0,Individual,5,High Risk,Manual Review
35763383,29325.0, 60 months,19.24,E,E2,10+ years,RENT,64000.0,Source Verified,debt_consolidation,TX,39.64,0.0,720.0,724.0,0.0,40.4,24.0,Individual,5,High Risk,Manual Review
35653456,3275.0, 36 months,19.24,E,E2,10+ years,RENT,65000.0,Not Verified,debt_consolidation,NY,11.36,1.0,670.0,674.0,0.0,81.3,54.0,Individual,5,High Risk,Manual Review
33301839,1200.0, 36 months,20.99,E,E4,,RENT,45000.0,Verified,debt_consolidation,NY,32.29,0.0,685.0,689.0,0.0,50.9,14.0,Individual,5,High Risk,Manual Review
35863411,24125.0, 60 months,15.99,D,D2,1 year,RENT,55000.0,Verified,credit_card,CA,33.58,2.0,675.0,679.0,0.0,99.0,15.0,Individual,5,High Risk,Manual Review
35733354,19750.0, 60 months,20.99,E,E4,7 years,MORTGAGE,45000.0,Source Verified,debt_consolidation,FL,31.31,0.0,680.0,684.0,0.0,81.2,26.0,Individual,6,High Risk,Manual Review
35773378,11650.0, 60 months,20.99,E,E4,7 years,MORTGAGE,38000.0,Verified,debt_consolidation,IN,36.45,0.0,665.0,669.0,3.0,39.0,44.0,Individual,5,High Risk,Manual Review
35703359,12800.0, 60 months,23.99,F,F2,10+ years,RENT,32000.0,Source Verified,debt_consolidation,VA,37.32,0.0,695.0,699.0,0.0,63.6,26.0,Individual,5,High Risk,Manual Review
35358469,22000.0, 60 months,18.54,E,E1,10+ years,MORTGAGE,55000.0,Source Verified,debt_consolidation,MN,36.24,0.0,695.0,699.0,0.0,86.4,21.0,Individual,6,High Risk,Manual Review
35803440,12000.0, 60 months,19.99,E,E3,10+ years,MORTGAGE,44900.0,Source Verified,debt_consolidation,MO,19.89,3.0,660.0,664.0,0.0,82.4,18.0,Individual,5,High Risk,Manual Review
35783376,10800.0, 60 months,18.54,E,E1,10+ years,MORTGAGE,36000.0,Verified,home_improvement,VA,34.57,0.0,665.0,669.0,2.0,46.3,30.0,Individual,5,High Risk,Manual Review
35733316,20000.0, 60 months,18.54,E,E1,4 years,OWN,90000.0,Source Verified,home_improvement,GA,7.5,3.0,665.0,669.0,1.0,81.6,41.0,Individual,5,High Risk,Manual Review
34864529,10725.0, 36 months,19.99,E,E3,3 years,RENT,36000.0,Source Verified,debt_consolidation,GA,27.17,1.0,670.0,674.0,0.0,94.6,24.0,Individual,5,High Risk,Manual Review
35683362,12600.0, 36 months,19.24,E,E2,< 1 year,MORTGAGE,40000.0,Source Verified,debt_consolidation,TX,36.51,0.0,675.0,679.0,1.0,52.6,18.0,Individual,5,High Risk,Manual Review
35683315,24000.0, 60 months,19.99,E,E3,1 year,RENT,82500.0,Source Verified,house,CA,30.15,0.0,705.0,709.0,0.0,23.0,22.0,Individual,5,High Risk,Manual Review
35733256,11100.0, 60 months,19.99,E,E3,6 years,MORTGAGE,47000.0,Not Verified,debt_consolidation,FL,37.67,0.0,670.0,674.0,0.0,40.7,37.0,Individual,5,High Risk,Manual Review
35653230,25000.0, 60 months,20.99,E,E4,10+ years,MORTGAGE,98000.0,Source Verified,debt_consolidation,IL,39.53,3.0,675.0,679.0,0.0,50.6,50.0,Individual,6,High Risk,Manual Review
33160311,16700.0, 60 months,18.54,E,E1,10+ years,MORTGAGE,45771.0,Verified,credit_card,IL,38.12,0.0,660.0,664.0,0.0,91.1,30.0,Individual,6,High Risk,Manual Review
35893227,35000.0, 60 months,20.99,E,E4,10+ years,MORTGAGE,102000.0,Verified,debt_consolidation,HI,34.2,0.0,675.0,679.0,2.0,56.1,42.0,Individual,5,High Risk,Manual Review
35783193,18425.0, 60 months,25.83,G,G2,3 years,RENT,42000.0,Source Verified,credit_card,PA,36.86,0.0,695.0,699.0,1.0,68.7,39.0,Individual,5,High Risk,Manual Review
34221820,19450.0, 60 months,18.54,E,E1,8 years,MORTGAGE,71909.0,Verified,debt_consolidation,MI,30.98,0.0,745.0,749.0,2.0,19.0,42.0,Individual,5,High Risk,Manual Review
32159482,30000.0, 36 months,18.54,E,E1,10+ years,MORTGAGE,85000.0,Verified,debt_consolidation,NY,25.29,1.0,665.0,669.0,1.0,87.3,51.0,Individual,5,High Risk,Manual Review
34884325,13475.0, 60 months,22.99,F,F1,5 years,RENT,33800.0,Source Verified,debt_consolidation,NC,31.14,0.0,660.0,664.0,0.0,73.2,20.0,Individual,5,High Risk,Manual Review
35713160,14700.0, 60 months,20.99,E,E4,6 years,OWN,43500.0,Source Verified,debt_consolidation,TX,34.39,0.0,685.0,689.0,0.0,83.5,19.0,Individual,6,High Risk,Manual Review
35693162,18000.0, 36 months,15.99,D,D2,10+ years,OWN,45000.0,Source Verified,debt_consolidation,IN,30.96,1.0,665.0,669.0,0.0,88.0,12.0,Individual,5,High Risk,Manual Review
35703175,7475.0, 36 months,19.24,E,E2,10+ years,MORTGAGE,40000.0,Not Verified,debt_consolidation,PA,39.66,1.0,720.0,724.0,2.0,59.4,26.0,Individual,6,High Risk,Manual Review
35873157,15000.0, 60 months,18.54,E,E1,,MORTGAGE,44000.0,Verified,debt_consolidation,OH,36.69,2.0,680.0,684.0,1.0,62.7,33.0,Individual,6,High Risk,Manual Review
35491152,12225.0, 60 months,20.99,E,E4,2 years,RENT,36000.0,Source Verified,medical,NC,34.0,0.0,660.0,664.0,0.0,69.6,26.0,Individual,5,High Risk,Manual Review
34924095,24700.0, 60 months,20.99,E,E4,10+ years,MORTGAGE,65000.0,Source Verified,credit_card,SC,32.04,0.0,685.0,689.0,0.0,88.6,20.0,Individual,6,High Risk,Manual Review
35853114,2150.0, 36 months,18.54,E,E1,10+ years,MORTGAGE,42000.0,Verified,debt_consolidation,VA,31.29,0.0,695.0,699.0,4.0,29.3,24.0,Individual,5,High Risk,Manual Review
35471177,24000.0, 60 months,19.99,E,E3,10+ years,MORTGAGE,115000.0,Verified,home_improvement,NY,23.51,1.0,660.0,664.0,1.0,89.5,44.0,Individual,5,High Risk,Manual Review
35441117,10725.0, 60 months,25.89,G,G3,4 years,OWN,30000.0,Verified,debt_consolidation,VA,36.96,0.0,685.0,689.0,1.0,36.5,15.0,Individual,5,High Risk,Manual Review
35571112,35000.0, 60 months,25.57,F,F5,< 1 year,MORTGAGE,90000.0,Verified,debt_consolidation,HI,21.12,2.0,690.0,694.0,2.0,82.7,42.0,Individual,5,High Risk,Manual Review
35501148,20275.0, 60 months,18.54,E,E1,10+ years,MORTGAGE,44200.0,Source Verified,debt_consolidation,GA,33.42,0.0,720.0,724.0,0.0,46.5,39.0,Individual,5,High Risk,Manual Review
34461864,24075.0, 60 months,19.24,E,E2,10+ years,RENT,63440.0,Source Verified,debt_consolidation,AZ,34.98,0.0,670.0,674.0,1.0,73.6,37.0,Individual,5,High Risk,Manual Review
35216134,28250.0, 60 months,21.99,E,E5,5 years,RENT,60180.0,Source Verified,credit_card,IL,37.61,0.0,690.0,694.0,1.0,83.0,12.0,Individual,6,High Risk,Manual Review
29213917,15000.0, 60 months,19.99,E,E3,2 years,MORTGAGE,36000.0,Source Verified,debt_consolidation,SC,34.67,0.0,710.0,714.0,0.0,56.8,11.0,Individual,5,High Risk,Manual Review
35176412,17425.0, 60 months,19.99,E,E3,10+ years,MORTGAGE,58488.0,Source Verified,home_improvement,FL,23.86,2.0,665.0,669.0,1.0,84.8,22.0,Individual,5,High Risk,Manual Review
34803380,10000.0, 36 months,18.54,E,E1,5 years,RENT,25000.0,Source Verified,debt_consolidation,CT,33.94,1.0,660.0,664.0,0.0,80.6,22.0,Individual,7,High Risk,Manual Review
35034083,10000.0, 60 months,17.14,D,D4,5 years,RENT,44000.0,Source Verified,debt_consolidation,LA,35.0,1.0,660.0,664.0,0.0,98.5,31.0,Individual,5,High Risk,Manual Review
35136694,14000.0, 60 months,20.99,E,E4,7 years,RENT,56000.0,Verified,other,CA,30.22,0.0,665.0,669.0,0.0,52.1,16.0,Individual,5,High Risk,Manual Review
34904667,21600.0, 60 months,19.99,E,E3,10+ years,MORTGAGE,51627.0,Source Verified,credit_card,IL,34.03,0.0,680.0,684.0,1.0,69.2,31.0,Individual,5,High Risk,Manual Review
35338274,14150.0, 60 months,19.24,E,E2,7 years,RENT,28500.0,Source Verified,debt_consolidation,MD,39.75,1.0,680.0,684.0,0.0,44.5,34.0,Individual,6,High Risk,Manual Review
35196612,16750.0, 60 months,24.99,F,F4,10+ years,RENT,42000.0,Source Verified,debt_consolidation,NC,33.72,0.0,690.0,694.0,0.0,96.8,15.0,Individual,6,High Risk,Manual Review
35136575,18500.0, 60 months,21.99,E,E5,2 years,MORTGAGE,61500.0,Verified,debt_consolidation,IL,29.48,1.0,670.0,674.0,1.0,87.6,17.0,Individual,5,High Risk,Manual Review
35236698,15250.0, 60 months,23.99,F,F2,10+ years,OWN,45000.0,Source Verified,debt_consolidation,MN,35.01,0.0,695.0,699.0,1.0,87.1,14.0,Individual,6,High Risk,Manual Review
35186576,35000.0, 60 months,24.5,F,F3,1 year,MORTGAGE,95000.0,Verified,home_improvement,TX,39.89,0.0,730.0,734.0,1.0,32.9,39.0,Individual,5,High Risk,Manual Review
34793521,6225.0, 36 months,19.24,E,E2,2 years,RENT,26000.0,Source Verified,debt_consolidation,IL,31.41,0.0,695.0,699.0,0.0,94.3,11.0,Individual,6,High Risk,Manual Review
35327621,15100.0, 60 months,24.5,F,F3,9 years,RENT,42000.0,Source Verified,debt_consolidation,TX,38.83,0.0,660.0,664.0,0.0,90.4,22.0,Individual,6,High Risk,Manual Review
35004223,14000.0, 60 months,24.99,F,F4,10+ years,OWN,32000.0,Source Verified,debt_consolidation,PA,33.98,1.0,710.0,714.0,1.0,24.4,27.0,Individual,6,High Risk,Manual Review
34874442,18350.0, 60 months,19.24,E,E2,< 1 year,RENT,40000.0,Source Verified,debt_consolidation,TX,36.39,0.0,720.0,724.0,0.0,55.9,7.0,Individual,5,High Risk,Manual Review
35307500,23725.0, 60 months,18.54,E,E1,10+ years,RENT,103000.0,Source Verified,credit_card,AZ,38.33,0.0,680.0,684.0,0.0,82.2,51.0,Individual,6,High Risk,Manual Review
35256511,6500.0, 36 months,17.86,D,D5,,RENT,20400.0,Verified,other,TX,32.12,1.0,665.0,669.0,0.0,83.8,14.0,Individual,5,High Risk,Manual Review
35186526,20800.0, 60 months,18.54,E,E1,5 years,RENT,65000.0,Source Verified,debt_consolidation,HI,34.99,3.0,660.0,664.0,1.0,0.0,30.0,Individual,6,High Risk,Manual Review
35317556,12500.0, 60 months,19.99,E,E3,10+ years,MORTGAGE,35000.0,Source Verified,debt_consolidation,FL,32.13,0.0,680.0,684.0,1.0,74.6,13.0,Individual,5,High Risk,Manual Review
34914454,15000.0, 60 months,24.99,F,F4,10+ years,RENT,50000.0,Source Verified,debt_consolidation,CA,33.56,0.0,665.0,669.0,1.0,85.9,21.0,Individual,6,High Risk,Manual Review
34363745,5325.0, 36 months,20.99,E,E4,2 years,MORTGAGE,21000.0,Source Verified,home_improvement,NJ,35.26,0.0,710.0,714.0,0.0,95.4,9.0,Individual,6,High Risk,Manual Review
34933554,12600.0, 60 months,20.99,E,E4,7 years,MORTGAGE,35000.0,Not Verified,debt_consolidation,NY,30.83,0.0,685.0,689.0,0.0,72.5,35.0,Individual,5,High Risk,Manual Review
35236509,12675.0, 36 months,19.99,E,E3,2 years,MORTGAGE,40000.0,Not Verified,home_improvement,AZ,36.72,0.0,680.0,684.0,0.0,29.2,18.0,Individual,5,High Risk,Manual Review
35216450,21075.0, 60 months,19.99,E,E3,10+ years,MORTGAGE,94500.0,Source Verified,debt_consolidation,GA,34.53,0.0,695.0,699.0,0.0,90.6,24.0,Individual,6,High Risk,Manual Review
34302447,16750.0, 60 months,19.99,E,E3,7 years,RENT,40000.0,Source Verified,debt_consolidation,UT,34.44,0.0,665.0,669.0,1.0,71.9,19.0,Individual,5,High Risk,Manual Review
35003332,12000.0, 60 months,19.99,E,E3,4 years,RENT,30000.0,Source Verified,debt_consolidation,MI,30.76,0.0,695.0,699.0,1.0,67.6,21.0,Individual,5,High Risk,Manual Review
35196421,18000.0, 60 months,19.24,E,E2,7 years,MORTGAGE,90000.0,Verified,debt_consolidation,PA,32.4,0.0,690.0,694.0,1.0,65.6,39.0,Individual,5,High Risk,Manual Review
35216422,26950.0, 60 months,21.99,E,E5,10+ years,MORTGAGE,75000.0,Verified,debt_consolidation,OH,32.86,0.0,685.0,689.0,0.0,91.1,31.0,Individual,6,High Risk,Manual Review
35156333,20825.0, 60 months,21.99,E,E5,3 years,MORTGAGE,120000.0,Verified,debt_consolidation,VA,34.35,1.0,680.0,684.0,1.0,97.0,51.0,Individual,7,High Risk,Manual Review
35226385,14375.0, 60 months,19.99,E,E3,10+ years,RENT,41000.0,Source Verified,debt_consolidation,CA,33.99,0.0,680.0,684.0,0.0,66.0,25.0,Individual,5,High Risk,Manual Review
35226346,12000.0, 60 months,19.24,E,E2,3 years,MORTGAGE,35000.0,Source Verified,debt_consolidation,FL,38.0,0.0,710.0,714.0,0.0,58.4,13.0,Individual,5,High Risk,Manual Review
35246331,35000.0, 60 months,19.24,E,E2,10+ years,RENT,190000.0,Verified,debt_consolidation,CA,9.46,1.0,660.0,664.0,0.0,92.1,15.0,Individual,5,High Risk,Manual Review
35338340,35000.0, 36 months,20.99,E,E4,4 years,RENT,180000.0,Verified,debt_consolidation,CT,36.53,0.0,700.0,704.0,4.0,97.4,39.0,Individual,6,High Risk,Manual Review
35004814,15625.0, 60 months,18.54,E,E1,10+ years,RENT,34000.0,Source Verified,debt_consolidation,KS,30.64,3.0,695.0,699.0,0.0,78.3,15.0,Individual,6,High Risk,Manual Review
35348348,35000.0, 60 months,19.24,E,E2,7 years,MORTGAGE,75000.0,Verified,debt_consolidation,TN,30.82,2.0,665.0,669.0,0.0,70.9,60.0,Individual,6,High Risk,Manual Review
35186348,5000.0, 36 months,18.54,E,E1,,OWN,10212.0,Verified,debt_consolidation,IN,30.32,0.0,675.0,679.0,0.0,72.6,11.0,Individual,5,High Risk,Manual Review
35176190,15675.0, 60 months,23.99,F,F2,8 years,RENT,82000.0,Verified,debt_consolidation,OH,34.82,0.0,675.0,679.0,1.0,62.1,40.0,Individual,5,High Risk,Manual Review
35024550,10000.0, 60 months,18.54,E,E1,10+ years,MORTGAGE,60000.0,Source Verified,medical,TN,39.22,0.0,735.0,739.0,1.0,54.0,37.0,Individual,5,High Risk,Manual Review
35146218,11375.0, 60 months,23.99,F,F2,10+ years,RENT,37980.0,Source Verified,debt_consolidation,HI,33.33,0.0,670.0,674.0,0.0,89.1,18.0,Individual,6,High Risk,Manual Review
35136215,14075.0, 36 months,19.99,E,E3,4 years,OWN,47000.0,Verified,debt_consolidation,TN,31.79,0.0,660.0,664.0,3.0,82.2,21.0,Individual,6,High Risk,Manual Review
34333979,35000.0, 60 months,25.57,F,F5,1 year,MORTGAGE,120000.0,Verified,debt_consolidation,CO,17.6,2.0,660.0,664.0,1.0,95.1,44.0,Individual,5,High Risk,Manual Review
33340263,19875.0, 60 months,24.5,F,F3,7 years,MORTGAGE,80000.0,Source Verified,debt_consolidation,NY,7.34,1.0,665.0,669.0,1.0,84.0,19.0,Individual,5,High Risk,Manual Review
35116273,11975.0, 60 months,23.99,F,F2,10+ years,RENT,85558.0,Source Verified,debt_consolidation,DE,31.81,0.0,700.0,704.0,1.0,27.4,15.0,Individual,5,High Risk,Manual Review
35206302,4350.0, 36 months,19.99,E,E3,10+ years,RENT,32000.0,Not Verified,major_purchase,OH,34.55,1.0,660.0,664.0,1.0,66.6,15.0,Individual,6,High Risk,Manual Review
35196124,10000.0, 60 months,24.5,F,F3,1 year,MORTGAGE,37000.0,Source Verified,debt_consolidation,FL,34.38,0.0,690.0,694.0,1.0,56.8,24.0,Individual,5,High Risk,Manual Review
35348140,14675.0, 60 months,18.54,E,E1,10+ years,MORTGAGE,82000.0,Not Verified,debt_consolidation,NC,7.55,1.0,680.0,684.0,0.0,86.3,31.0,Individual,5,High Risk,Manual Review
30565904,10725.0, 60 months,22.99,F,F1,4 years,MORTGAGE,39000.0,Verified,debt_consolidation,FL,35.97,0.0,700.0,704.0,0.0,57.1,17.0,Individual,5,High Risk,Manual Review
35338172,4500.0, 36 months,18.54,E,E1,9 years,RENT,37812.32,Verified,house,OH,34.78,2.0,660.0,664.0,0.0,68.5,33.0,Individual,6,High Risk,Manual Review
35348116,22550.0, 60 months,21.99,E,E5,8 years,MORTGAGE,67300.0,Source Verified,debt_consolidation,SC,32.1,0.0,680.0,684.0,1.0,55.8,35.0,Individual,5,High Risk,Manual Review
34773470,15125.0, 60 months,21.99,E,E5,8 years,MORTGAGE,55000.0,Verified,home_improvement,FL,26.01,1.0,665.0,669.0,1.0,110.8,29.0,Individual,5,High Risk,Manual Review
35084953,15350.0, 60 months,22.99,F,F1,,RENT,30840.0,Verified,debt_consolidation,IN,37.47,0.0,660.0,664.0,1.0,50.2,13.0,Individual,5,High Risk,Manual Review
35044823,25000.0, 60 months,20.99,E,E4,10+ years,OWN,72000.0,Source Verified,debt_consolidation,AL,33.5,0.0,675.0,679.0,0.0,64.9,32.0,Individual,5,High Risk,Manual Review
35055022,4800.0, 36 months,18.54,E,E1,5 years,RENT,12000.0,Verified,debt_consolidation,HI,37.5,0.0,665.0,669.0,0.0,97.1,19.0,Individual,6,High Risk,Manual Review
35094704,11850.0, 60 months,24.99,F,F4,10+ years,RENT,39500.0,Source Verified,debt_consolidation,VT,35.3,1.0,675.0,679.0,0.0,28.9,20.0,Individual,6,High Risk,Manual Review
34803496,14625.0, 60 months,18.54,E,E1,10+ years,MORTGAGE,45774.56,Source Verified,debt_consolidation,NY,30.89,1.0,665.0,669.0,0.0,61.7,22.0,Individual,6,High Risk,Manual Review
35246113,11850.0, 60 months,19.99,E,E3,3 years,RENT,33000.0,Source Verified,debt_consolidation,MA,31.16,0.0,665.0,669.0,0.0,78.0,17.0,Individual,5,High Risk,Manual Review
34503803,9250.0, 36 months,22.99,F,F1,10+ years,OWN,31200.0,Source Verified,debt_consolidation,MS,30.38,0.0,665.0,669.0,1.0,102.2,27.0,Individual,6,High Risk,Manual Review
34874078,29500.0, 60 months,19.24,E,E2,2 years,OWN,82000.0,Source Verified,debt_consolidation,CA,13.83,1.0,680.0,684.0,0.0,83.3,15.0,Individual,5,High Risk,Manual Review
35084839,2600.0, 36 months,22.99,F,F1,2 years,MORTGAGE,35000.0,Not Verified,debt_consolidation,AZ,37.31,0.0,660.0,664.0,2.0,43.7,33.0,Individual,5,High Risk,Manual Review
34984106,4500.0, 36 months,19.24,E,E2,,RENT,43000.0,Verified,credit_card,IN,35.05,0.0,670.0,674.0,0.0,85.7,30.0,Individual,6,High Risk,Manual Review
34934771,25075.0, 60 months,19.99,E,E3,,MORTGAGE,80000.0,Verified,debt_consolidation,MI,32.04,0.0,700.0,704.0,0.0,82.9,28.0,Individual,6,High Risk,Manual Review
35024780,30000.0, 60 months,21.99,E,E5,10+ years,MORTGAGE,75000.0,Source Verified,debt_consolidation,FL,12.1,1.0,690.0,694.0,0.0,81.2,20.0,Individual,5,High Risk,Manual Review
34392634,12575.0, 60 months,23.99,F,F2,10+ years,RENT,53000.0,Source Verified,debt_consolidation,VA,33.94,0.0,670.0,674.0,1.0,86.3,34.0,Individual,6,High Risk,Manual Review
35084065,16000.0, 60 months,18.54,E,E1,10+ years,MORTGAGE,60000.0,Not Verified,credit_card,NY,13.78,1.0,670.0,674.0,0.0,95.5,24.0,Individual,5,High Risk,Manual Review
35004695,24650.0, 60 months,15.59,D,D1,10+ years,RENT,98000.0,Verified,credit_card,CA,31.39,3.0,665.0,669.0,1.0,91.0,23.0,Individual,5,High Risk,Manual Review
34894605,16000.0, 60 months,18.54,E,E1,10+ years,OWN,60000.0,Source Verified,debt_consolidation,LA,33.9,0.0,670.0,674.0,1.0,70.7,31.0,Individual,5,High Risk,Manual Review
34472845,13500.0, 60 months,19.99,E,E3,10+ years,RENT,43000.0,Source Verified,debt_consolidation,CA,34.17,1.0,680.0,684.0,0.0,57.1,21.0,Individual,6,High Risk,Manual Review
34994707,15500.0, 36 months,18.54,E,E1,4 years,MORTGAGE,45000.0,Source Verified,debt_consolidation,MO,37.84,0.0,695.0,699.0,0.0,49.6,24.0,Individual,5,High Risk,Manual Review
34874577,13400.0, 36 months,19.99,E,E3,10+ years,MORTGAGE,80000.0,Source Verified,small_business,TX,38.43,0.0,690.0,694.0,1.0,40.7,44.0,Individual,5,High Risk,Manual Review
35043367,12725.0, 60 months,24.5,F,F3,3 years,MORTGAGE,45000.0,Verified,debt_consolidation,MN,39.47,0.0,680.0,684.0,2.0,55.7,32.0,Individual,5,High Risk,Manual Review
35084687,12875.0, 36 months,21.99,E,E5,1 year,OWN,45700.0,Verified,debt_consolidation,OR,37.26,0.0,715.0,719.0,2.0,19.5,40.0,Individual,5,High Risk,Manual Review
34994687,11275.0, 36 months,24.5,F,F3,,RENT,37666.0,Verified,debt_consolidation,VT,31.71,0.0,700.0,704.0,1.0,69.2,19.0,Individual,5,High Risk,Manual Review
35004623,30375.0, 36 months,19.24,E,E2,10+ years,MORTGAGE,80000.0,Verified,debt_consolidation,AZ,30.06,0.0,695.0,699.0,2.0,53.4,25.0,Individual,5,High Risk,Manual Review
34974556,24000.0, 60 months,16.49,D,D3,10+ years,MORTGAGE,62000.0,Verified,debt_consolidation,AL,38.11,3.0,685.0,689.0,1.0,94.1,31.0,Individual,5,High Risk,Manual Review
35063991,11125.0, 60 months,24.5,F,F3,10+ years,MORTGAGE,52900.0,Source Verified,debt_consolidation,UT,26.07,1.0,675.0,679.0,1.0,80.6,30.0,Individual,5,High Risk,Manual Review
34884614,4000.0, 36 months,20.99,E,E4,5 years,RENT,42200.0,Verified,other,PA,34.81,0.0,665.0,669.0,0.0,101.8,9.0,Individual,6,High Risk,Manual Review
35014462,16850.0, 36 months,19.24,E,E2,10+ years,RENT,66000.0,Verified,debt_consolidation,NY,35.33,0.0,660.0,664.0,3.0,66.7,28.0,Individual,5,High Risk,Manual Review
34463877,17200.0, 60 months,18.54,E,E1,10+ years,MORTGAGE,43000.0,Source Verified,home_improvement,FL,32.57,0.0,685.0,689.0,2.0,82.1,25.0,Individual,6,High Risk,Manual Review
35094105,3200.0, 36 months,18.54,E,E1,7 years,MORTGAGE,42000.0,Not Verified,debt_consolidation,NC,23.14,1.0,665.0,669.0,0.0,97.1,13.0,Individual,5,High Risk,Manual Review
32919919,27200.0, 60 months,16.49,D,D3,1 year,MORTGAGE,65000.0,Source Verified,credit_card,FL,30.67,1.0,675.0,679.0,0.0,94.1,22.0,Individual,5,High Risk,Manual Review
34944432,10450.0, 60 months,24.5,F,F3,< 1 year,RENT,35000.0,Verified,debt_consolidation,NY,30.18,0.0,670.0,674.0,0.0,80.8,24.0,Individual,6,High Risk,Manual Review
35024553,35000.0, 36 months,22.99,F,F1,10+ years,OWN,80000.0,Source Verified,debt_consolidation,PA,39.79,0.0,725.0,729.0,0.0,94.9,13.0,Individual,6,High Risk,Manual Review
32309696,22400.0, 60 months,17.86,D,D5,3 years,MORTGAGE,65000.0,Source Verified,credit_card,AL,37.22,1.0,680.0,684.0,0.0,84.2,26.0,Individual,5,High Risk,Manual Review
34933948,17000.0, 60 months,17.86,D,D5,10+ years,MORTGAGE,78000.0,Verified,medical,IN,32.11,1.0,680.0,684.0,2.0,100.6,23.0,Individual,5,High Risk,Manual Review
34934387,18375.0, 60 months,21.99,E,E5,10+ years,MORTGAGE,37000.0,Source Verified,major_purchase,TX,36.94,0.0,755.0,759.0,0.0,25.2,17.0,Individual,5,High Risk,Manual Review
35014329,6700.0, 36 months,18.54,E,E1,4 years,RENT,21000.0,Source Verified,credit_card,MD,33.77,0.0,660.0,664.0,1.0,68.3,6.0,Individual,5,High Risk,Manual Review
35043930,29250.0, 36 months,23.99,F,F2,< 1 year,MORTGAGE,70500.0,Verified,debt_consolidation,VA,34.49,0.0,670.0,674.0,1.0,48.3,30.0,Individual,5,High Risk,Manual Review
35084447,16950.0, 60 months,19.24,E,E2,10+ years,RENT,100000.0,Verified,small_business,CA,23.06,1.0,665.0,669.0,0.0,80.6,16.0,Individual,5,High Risk,Manual Review
34743687,11000.0, 60 months,19.99,E,E3,2 years,RENT,30000.0,Source Verified,debt_consolidation,AL,32.4,0.0,665.0,669.0,1.0,36.4,21.0,Individual,5,High Risk,Manual Review
35004433,27200.0, 60 months,19.99,E,E3,8 years,MORTGAGE,62000.0,Not Verified,debt_consolidation,OH,30.55,0.0,665.0,669.0,0.0,56.5,33.0,Individual,5,High Risk,Manual Review
34954425,25975.0, 60 months,21.99,E,E5,10+ years,RENT,52000.0,Source Verified,debt_consolidation,WA,33.97,0.0,690.0,694.0,1.0,52.4,45.0,Individual,5,High Risk,Manual Review
34963352,11150.0, 60 months,18.54,E,E1,2 years,OWN,35000.0,Source Verified,debt_consolidation,NY,31.34,0.0,675.0,679.0,1.0,66.2,29.0,Individual,5,High Risk,Manual Review
33491768,4100.0, 36 months,23.99,F,F2,4 years,RENT,13000.0,Not Verified,debt_consolidation,IN,38.41,0.0,665.0,669.0,1.0,74.3,17.0,Individual,5,High Risk,Manual Review
35014411,27200.0, 36 months,19.24,E,E2,2 years,MORTGAGE,65800.0,Verified,debt_consolidation,FL,38.14,0.0,700.0,704.0,0.0,103.2,39.0,Individual,6,High Risk,Manual Review
35094050,22400.0, 60 months,19.99,E,E3,10+ years,MORTGAGE,82000.0,Source Verified,debt_consolidation,WA,37.39,0.0,680.0,684.0,0.0,74.5,28.0,Individual,5,High Risk,Manual Review
34864334,20000.0, 60 months,19.99,E,E3,6 years,MORTGAGE,78000.0,Source Verified,debt_consolidation,MO,31.38,0.0,675.0,679.0,1.0,35.3,26.0,Individual,5,High Risk,Manual Review
35054097,12000.0, 60 months,19.99,E,E3,,RENT,60000.0,Verified,debt_consolidation,CA,36.42,0.0,700.0,704.0,0.0,44.9,29.0,Individual,5,High Risk,Manual Review
35064373,21750.0, 60 months,21.99,E,E5,8 years,MORTGAGE,85000.0,Verified,debt_consolidation,NC,32.74,0.0,675.0,679.0,1.0,74.5,43.0,Individual,5,High Risk,Manual Review
35034385,3250.0, 36 months,20.99,E,E4,10+ years,RENT,24000.0,Not Verified,debt_consolidation,OH,37.05,0.0,805.0,809.0,0.0,26.9,12.0,Individual,5,High Risk,Manual Review
34984405,4750.0, 36 months,20.99,E,E4,< 1 year,MORTGAGE,34500.0,Not Verified,debt_consolidation,IL,34.26,4.0,665.0,669.0,2.0,67.5,33.0,Individual,6,High Risk,Manual Review
35044102,33100.0, 60 months,19.99,E,E3,2 years,MORTGAGE,87900.0,Verified,credit_card,MN,37.7,0.0,710.0,714.0,0.0,76.6,36.0,Individual,5,High Risk,Manual Review
34994278,8225.0, 36 months,20.99,E,E4,10+ years,RENT,23000.0,Source Verified,debt_consolidation,CA,34.19,0.0,675.0,679.0,0.0,53.2,20.0,Individual,5,High Risk,Manual Review
35074192,11625.0, 36 months,24.5,F,F3,6 years,RENT,29250.0,Verified,debt_consolidation,NY,31.68,0.0,680.0,684.0,0.0,52.8,9.0,Individual,5,High Risk,Manual Review
34884248,10000.0, 36 months,18.54,E,E1,6 years,OWN,32000.0,Source Verified,debt_consolidation,TX,38.26,0.0,695.0,699.0,0.0,49.9,9.0,Individual,5,High Risk,Manual Review
35084152,17550.0, 36 months,22.99,F,F1,4 years,MORTGAGE,39949.0,Verified,debt_consolidation,GA,31.9,0.0,695.0,699.0,0.0,83.3,16.0,Individual,6,High Risk,Manual Review
34323642,16300.0, 60 months,18.54,E,E1,7 years,MORTGAGE,40000.0,Not Verified,home_improvement,LA,36.36,0.0,715.0,719.0,0.0,78.4,25.0,Individual,5,High Risk,Manual Review
34954175,15350.0, 36 months,19.99,E,E3,8 years,MORTGAGE,45000.0,Not Verified,other,MO,31.23,1.0,670.0,674.0,1.0,42.9,28.0,Individual,6,High Risk,Manual Review
34964287,13775.0, 60 months,23.99,F,F2,6 years,OWN,30000.0,Source Verified,debt_consolidation,NC,30.84,0.0,680.0,684.0,3.0,90.9,17.0,Individual,6,High Risk,Manual Review
34864255,11475.0, 36 months,18.54,E,E1,7 years,OWN,25000.0,Verified,car,DE,30.28,0.0,680.0,684.0,1.0,48.3,9.0,Individual,5,High Risk,Manual Review
34924213,15600.0, 60 months,21.99,E,E5,< 1 year,RENT,31200.0,Source Verified,debt_consolidation,CA,39.0,0.0,695.0,699.0,2.0,92.3,12.0,Individual,6,High Risk,Manual Review
35064222,10000.0, 60 months,19.24,E,E2,10+ years,RENT,65713.0,Verified,other,GA,33.82,3.0,660.0,664.0,1.0,43.4,44.0,Individual,6,High Risk,Manual Review
33180941,14675.0, 60 months,20.99,E,E4,7 years,MORTGAGE,35000.0,Source Verified,debt_consolidation,SC,31.34,0.0,685.0,689.0,0.0,32.9,20.0,Individual,5,High Risk,Manual Review
35094008,19350.0, 60 months,19.24,E,E2,9 years,MORTGAGE,77000.0,Verified,debt_consolidation,CA,21.9,1.0,680.0,684.0,0.0,96.0,41.0,Individual,5,High Risk,Manual Review
34964026,14700.0, 60 months,19.99,E,E3,4 years,MORTGAGE,65000.0,Verified,credit_card,FL,35.47,0.0,705.0,709.0,0.0,65.2,20.0,Individual,5,High Risk,Manual Review
34944052,25000.0, 60 months,19.99,E,E3,10+ years,MORTGAGE,59000.0,Source Verified,debt_consolidation,MI,27.97,5.0,675.0,679.0,2.0,85.0,22.0,Individual,5,High Risk,Manual Review
34884080,18825.0, 60 months,19.99,E,E3,10+ years,MORTGAGE,67000.0,Verified,debt_consolidation,NY,32.47,0.0,700.0,704.0,1.0,84.3,48.0,Individual,6,High Risk,Manual Review
34503833,2275.0, 36 months,19.24,E,E2,4 years,MORTGAGE,46100.0,Verified,credit_card,KS,33.79,0.0,685.0,689.0,2.0,74.8,68.0,Individual,5,High Risk,Manual Review
28372767,12000.0, 60 months,18.54,E,E1,8 years,OWN,30000.0,Source Verified,debt_consolidation,MI,30.28,0.0,695.0,699.0,0.0,75.9,12.0,Individual,5,High Risk,Manual Review
35084143,24000.0, 60 months,15.99,D,D2,1 year,MORTGAGE,95000.0,Verified,debt_consolidation,VA,32.28,1.0,660.0,664.0,0.0,100.6,40.0,Individual,5,High Risk,Manual Review
34924070,19025.0, 60 months,24.5,F,F3,10+ years,OWN,56000.0,Source Verified,debt_consolidation,GA,33.97,0.0,695.0,699.0,1.0,55.0,28.0,Individual,5,High Risk,Manual Review
34913680,11175.0, 36 months,25.89,G,G3,3 years,RENT,25000.0,Verified,small_business,NY,32.6,0.0,670.0,674.0,0.0,80.0,15.0,Individual,5,High Risk,Manual Review
35074060,10500.0, 60 months,25.8,G,G1,< 1 year,OWN,35000.0,Verified,debt_consolidation,NJ,31.14,0.0,715.0,719.0,0.0,125.6,8.0,Individual,6,High Risk,Manual Review
35033314,16550.0, 60 months,21.99,E,E5,7 years,MORTGAGE,48000.0,Source Verified,debt_consolidation,MO,36.55,0.0,710.0,714.0,3.0,95.4,21.0,Individual,6,High Risk,Manual Review
34973934,5000.0, 36 months,22.99,F,F1,10+ years,MORTGAGE,60000.0,Verified,other,SC,31.18,2.0,670.0,674.0,1.0,38.7,33.0,Individual,6,High Risk,Manual Review
34813534,15875.0, 36 months,19.99,E,E3,,RENT,53000.0,Verified,debt_consolidation,AZ,30.32,0.0,670.0,674.0,2.0,62.4,34.0,Individual,5,High Risk,Manual Review
34913964,21350.0, 60 months,19.24,E,E2,6 years,OWN,70000.0,Source Verified,credit_card,CO,32.01,0.0,670.0,674.0,0.0,83.0,12.0,Individual,6,High Risk,Manual Review
34652991,14525.0, 60 months,18.54,E,E1,10+ years,RENT,44000.0,Verified,credit_card,OK,35.6,0.0,715.0,719.0,0.0,94.8,14.0,Individual,6,High Risk,Manual Review
35103981,31700.0, 60 months,21.99,E,E5,8 years,MORTGAGE,100000.0,Verified,major_purchase,FL,39.41,1.0,700.0,704.0,0.0,48.5,34.0,Individual,6,High Risk,Manual Review
34893683,14375.0, 60 months,18.54,E,E1,10+ years,MORTGAGE,40000.0,Source Verified,debt_consolidation,TX,34.17,0.0,705.0,709.0,1.0,24.8,27.0,Individual,5,High Risk,Manual Review
32520014,3975.0, 36 months,19.99,E,E3,6 years,RENT,22000.0,Source Verified,debt_consolidation,FL,37.32,0.0,675.0,679.0,0.0,55.4,11.0,Individual,5,High Risk,Manual Review
35083870,1500.0, 36 months,19.99,E,E3,2 years,RENT,4000.0,Not Verified,credit_card,NY,39.34,0.0,670.0,674.0,1.0,65.7,13.0,Individual,5,High Risk,Manual Review
34963919,7200.0, 36 months,18.54,E,E1,3 years,RENT,28000.0,Source Verified,other,GA,36.31,0.0,660.0,664.0,0.0,67.5,20.0,Individual,5,High Risk,Manual Review
34933864,11500.0, 36 months,25.89,G,G3,4 years,RENT,23000.0,Verified,debt_consolidation,NC,36.64,0.0,695.0,699.0,1.0,71.8,9.0,Individual,5,High Risk,Manual Review
34863869,12600.0, 60 months,19.99,E,E3,10+ years,RENT,35000.0,Source Verified,debt_consolidation,NY,35.32,0.0,675.0,679.0,0.0,57.9,21.0,Individual,5,High Risk,Manual Review
13427584,18950.0, 60 months,21.99,E,E5,4 years,RENT,38000.0,Source Verified,debt_consolidation,RI,33.61,0.0,705.0,709.0,2.0,63.4,20.0,Individual,5,High Risk,Manual Review
35063845,18150.0, 60 months,21.99,E,E5,6 years,RENT,45000.0,Source Verified,debt_consolidation,VA,33.68,0.0,715.0,719.0,3.0,73.6,18.0,Individual,5,High Risk,Manual Review
34883831,11700.0, 36 months,19.24,E,E2,,OWN,39000.0,Verified,debt_consolidation,TX,33.2,0.0,665.0,669.0,2.0,31.3,32.0,Individual,5,High Risk,Manual Review
35073706,2600.0, 36 months,18.54,E,E1,10+ years,MORTGAGE,41000.0,Not Verified,credit_card,TX,38.11,0.0,695.0,699.0,0.0,93.2,17.0,Individual,6,High Risk,Manual Review
34933776,10200.0, 60 months,18.54,E,E1,6 years,MORTGAGE,43600.0,Not Verified,debt_consolidation,NY,35.87,0.0,680.0,684.0,1.0,52.6,27.0,Individual,5,High Risk,Manual Review
33190479,11500.0, 36 months,18.54,E,E1,4 years,RENT,42000.0,Source Verified,debt_consolidation,CA,34.46,0.0,675.0,679.0,1.0,54.7,20.0,Individual,5,High Risk,Manual Review
34151976,20000.0, 60 months,23.99,F,F2,4 years,OWN,40000.0,Source Verified,house,AL,37.62,1.0,675.0,679.0,0.0,54.2,6.0,Individual,6,High Risk,Manual Review
35103761,22875.0, 60 months,22.99,F,F1,7 years,MORTGAGE,52000.0,Source Verified,debt_consolidation,SC,32.59,0.0,725.0,729.0,0.0,44.1,27.0,Individual,5,High Risk,Manual Review
35093744,19025.0, 60 months,18.54,E,E1,7 years,MORTGAGE,55000.0,Not Verified,debt_consolidation,NC,36.24,0.0,685.0,689.0,0.0,53.0,15.0,Individual,5,High Risk,Manual Review
34413217,11875.0, 36 months,21.99,E,E5,5 years,RENT,26000.0,Verified,debt_consolidation,CA,33.8,0.0,675.0,679.0,0.0,36.3,7.0,Individual,5,High Risk,Manual Review
35003687,16500.0, 60 months,21.99,E,E5,5 years,RENT,55000.0,Source Verified,debt_consolidation,AZ,38.73,0.0,675.0,679.0,1.0,83.2,30.0,Individual,6,High Risk,Manual Review
35103780,17625.0, 60 months,22.99,F,F1,6 years,MORTGAGE,49000.0,Not Verified,other,NC,31.13,1.0,675.0,679.0,2.0,72.7,27.0,Individual,6,High Risk,Manual Review
35013640,25325.0, 60 months,24.5,F,F3,6 years,MORTGAGE,70000.0,Source Verified,debt_consolidation,MO,32.08,0.0,700.0,704.0,0.0,90.4,23.0,Individual,6,High Risk,Manual Review
33381595,12175.0, 60 months,19.24,E,E2,1 year,RENT,34000.0,Source Verified,debt_consolidation,NY,35.83,0.0,660.0,664.0,0.0,83.5,30.0,Individual,6,High Risk,Manual Review
35033684,20000.0, 60 months,20.99,E,E4,10+ years,MORTGAGE,70000.0,Source Verified,debt_consolidation,PA,25.48,1.0,665.0,669.0,0.0,88.2,31.0,Individual,5,High Risk,Manual Review
35043725,35000.0, 60 months,22.99,F,F1,,RENT,175000.0,Verified,debt_consolidation,NY,7.3,1.0,675.0,679.0,0.0,82.1,15.0,Individual,5,High Risk,Manual Review
34993648,17750.0, 60 months,19.24,E,E2,10+ years,RENT,59200.0,Verified,debt_consolidation,NY,30.13,1.0,660.0,664.0,0.0,85.5,59.0,Individual,7,High Risk,Manual Review
34913585,16475.0, 60 months,18.54,E,E1,10+ years,MORTGAGE,90000.0,Not Verified,debt_consolidation,UT,14.82,2.0,665.0,669.0,0.0,87.3,25.0,Individual,5,High Risk,Manual Review
34943607,16025.0, 36 months,20.99,E,E4,5 years,MORTGAGE,47136.0,Verified,small_business,GA,16.17,1.0,660.0,664.0,1.0,88.7,16.0,Individual,5,High Risk,Manual Review
34913579,35000.0, 60 months,19.24,E,E2,3 years,OWN,128827.0,Verified,debt_consolidation,NY,28.18,3.0,670.0,674.0,0.0,96.3,24.0,Individual,5,High Risk,Manual Review
34933598,18375.0, 60 months,18.54,E,E1,10+ years,RENT,40000.0,Source Verified,debt_consolidation,IN,30.24,0.0,680.0,684.0,0.0,48.4,26.0,Individual,5,High Risk,Manual Review
34913631,25500.0, 60 months,19.99,E,E3,10+ years,MORTGAGE,70000.0,Source Verified,debt_consolidation,NC,19.7,1.0,675.0,679.0,0.0,81.9,20.0,Individual,5,High Risk,Manual Review
35033571,11800.0, 60 months,19.99,E,E3,10+ years,MORTGAGE,50000.0,Source Verified,debt_consolidation,KY,26.96,1.0,670.0,674.0,0.0,93.0,25.0,Individual,5,High Risk,Manual Review
34963393,20200.0, 60 months,19.24,E,E2,10+ years,OWN,55000.0,Source Verified,debt_consolidation,NJ,15.54,4.0,680.0,684.0,0.0,82.8,26.0,Individual,5,High Risk,Manual Review
34352110,21125.0, 60 months,21.99,E,E5,9 years,RENT,53000.0,Source Verified,debt_consolidation,PA,32.54,0.0,665.0,669.0,0.0,92.8,36.0,Individual,6,High Risk,Manual Review
34282644,35000.0, 60 months,18.54,E,E1,3 years,RENT,140000.0,Source Verified,debt_consolidation,WA,30.19,2.0,660.0,664.0,1.0,82.6,70.0,Individual,7,High Risk,Manual Review
34863451,21000.0, 60 months,19.99,E,E3,< 1 year,RENT,54573.0,Verified,debt_consolidation,MD,35.12,0.0,680.0,684.0,1.0,9.4,35.0,Individual,5,High Risk,Manual Review
35023502,21000.0, 60 months,18.54,E,E1,2 years,MORTGAGE,112000.0,Verified,credit_card,PA,20.96,1.0,660.0,664.0,1.0,90.4,33.0,Individual,5,High Risk,Manual Review
34903463,4700.0, 36 months,19.99,E,E3,10+ years,RENT,62000.0,Not Verified,debt_consolidation,MT,35.23,1.0,675.0,679.0,0.0,89.9,27.0,Individual,7,High Risk,Manual Review
34913445,6875.0, 36 months,18.54,E,E1,9 years,OWN,23000.0,Source Verified,other,CA,33.55,0.0,685.0,689.0,0.0,49.2,7.0,Individual,5,High Risk,Manual Review
34973432,10400.0, 60 months,19.99,E,E3,10+ years,MORTGAGE,42000.0,Verified,credit_card,PA,34.89,0.0,670.0,674.0,4.0,57.3,44.0,Individual,5,High Risk,Manual Review
34933382,19200.0, 60 months,19.99,E,E3,6 years,RENT,60000.0,Verified,debt_consolidation,NJ,36.48,0.0,675.0,679.0,2.0,89.1,58.0,Individual,6,High Risk,Manual Review
34603038,35000.0, 60 months,19.99,E,E3,10+ years,RENT,82000.0,Verified,debt_consolidation,NY,39.73,0.0,700.0,704.0,1.0,90.7,38.0,Individual,6,High Risk,Manual Review
35013349,27200.0, 60 months,19.24,E,E2,4 years,MORTGAGE,62000.0,Source Verified,debt_consolidation,MA,13.22,5.0,660.0,664.0,0.0,81.4,19.0,Individual,5,High Risk,Manual Review
34692846,20200.0, 60 months,18.54,E,E1,10+ years,MORTGAGE,55000.0,Source Verified,debt_consolidation,NV,31.75,0.0,700.0,704.0,1.0,51.1,24.0,Individual,5,High Risk,Manual Review
35053366,14625.0, 60 months,19.99,E,E3,10+ years,RENT,53000.0,Source Verified,major_purchase,NY,39.72,0.0,685.0,689.0,0.0,80.2,19.0,Individual,6,High Risk,Manual Review
35093310,13700.0, 60 months,18.54,E,E1,10+ years,MORTGAGE,30000.0,Source Verified,debt_consolidation,WV,33.28,0.0,680.0,684.0,0.0,80.5,22.0,Individual,6,High Risk,Manual Review
35083341,4300.0, 36 months,19.24,E,E2,,MORTGAGE,50000.0,Verified,debt_consolidation,FL,32.41,0.0,665.0,669.0,2.0,78.1,16.0,Individual,5,High Risk,Manual Review
35103248,7000.0, 36 months,22.99,F,F1,1 year,RENT,50000.0,Source Verified,debt_consolidation,NY,14.1,1.0,670.0,674.0,3.0,105.9,34.0,Individual,5,High Risk,Manual Review
34963250,10000.0, 60 months,20.99,E,E4,1 year,MORTGAGE,78000.0,Not Verified,debt_consolidation,CA,18.03,2.0,680.0,684.0,0.0,81.5,25.0,Individual,5,High Risk,Manual Review
34993295,17000.0, 60 months,24.5,F,F3,< 1 year,RENT,50000.0,Source Verified,debt_consolidation,CA,33.32,0.0,680.0,684.0,0.0,73.0,42.0,Individual,5,High Risk,Manual Review
34782810,13625.0, 60 months,21.99,E,E5,8 years,MORTGAGE,31000.0,Source Verified,debt_consolidation,NC,38.6,0.0,690.0,694.0,0.0,78.1,14.0,Individual,5,High Risk,Manual Review
34823592,25600.0, 60 months,24.5,F,F3,4 years,RENT,80000.0,Source Verified,debt_consolidation,CA,32.13,0.0,675.0,679.0,3.0,37.1,40.0,Individual,5,High Risk,Manual Review
34663664,12775.0, 36 months,22.99,F,F1,10+ years,RENT,41000.0,Verified,credit_card,NY,34.75,5.0,660.0,664.0,1.0,70.7,50.0,Individual,6,High Risk,Manual Review
34803495,22750.0, 60 months,24.99,F,F4,6 years,OWN,60000.0,Verified,debt_consolidation,OK,37.42,0.0,715.0,719.0,3.0,31.8,45.0,Individual,5,High Risk,Manual Review
34583668,14450.0, 60 months,19.99,E,E3,10+ years,RENT,33000.0,Source Verified,debt_consolidation,MN,32.55,1.0,660.0,664.0,0.0,82.1,16.0,Individual,7,High Risk,Manual Review
34633586,14000.0, 60 months,19.99,E,E3,,OWN,35017.68,Verified,debt_consolidation,PA,30.23,0.0,690.0,694.0,1.0,60.6,15.0,Individual,5,High Risk,Manual Review
34583652,10400.0, 60 months,18.54,E,E1,4 years,MORTGAGE,55076.0,Verified,debt_consolidation,CO,36.61,1.0,675.0,679.0,1.0,22.9,53.0,Individual,6,High Risk,Manual Review
34582890,13625.0, 60 months,18.54,E,E1,10+ years,RENT,40000.0,Not Verified,debt_consolidation,OH,34.86,0.0,715.0,719.0,0.0,54.5,32.0,Individual,5,High Risk,Manual Review
33250113,26775.0, 60 months,24.5,F,F3,3 years,MORTGAGE,69000.0,Verified,debt_consolidation,NC,34.96,0.0,685.0,689.0,0.0,62.6,31.0,Individual,5,High Risk,Manual Review
34643670,6150.0, 36 months,24.5,F,F3,8 years,OWN,25000.0,Source Verified,debt_consolidation,MO,35.67,0.0,665.0,669.0,1.0,50.5,16.0,Individual,5,High Risk,Manual Review
34372557,15950.0, 36 months,19.99,E,E3,,MORTGAGE,40000.0,Verified,debt_consolidation,AL,32.0,0.0,680.0,684.0,0.0,92.9,11.0,Individual,6,High Risk,Manual Review
34683451,24350.0, 36 months,20.99,E,E4,< 1 year,RENT,53000.0,Verified,medical,GA,38.75,0.0,715.0,719.0,1.0,44.7,40.0,Individual,5,High Risk,Manual Review
34623499,12725.0, 60 months,19.99,E,E3,10+ years,RENT,42646.0,Verified,debt_consolidation,FL,33.94,0.0,660.0,664.0,1.0,94.3,35.0,Individual,6,High Risk,Manual Review
34081858,6575.0, 36 months,19.24,E,E2,3 years,RENT,22000.0,Verified,other,HI,32.31,0.0,660.0,664.0,1.0,61.0,26.0,Individual,5,High Risk,Manual Review
34593524,22600.0, 60 months,19.24,E,E2,10+ years,MORTGAGE,72000.0,Source Verified,debt_consolidation,TX,35.08,0.0,685.0,689.0,0.0,62.0,35.0,Individual,5,High Risk,Manual Review
34743176,27450.0, 60 months,18.54,E,E1,10+ years,MORTGAGE,55000.0,Source Verified,debt_consolidation,NJ,34.87,1.0,690.0,694.0,1.0,40.3,39.0,Individual,6,High Risk,Manual Review
34713559,20000.0, 60 months,19.99,E,E3,3 years,MORTGAGE,65000.0,Source Verified,debt_consolidation,AR,32.68,8.0,660.0,664.0,1.0,87.7,24.0,Individual,7,High Risk,Manual Review
34653476,32500.0, 60 months,25.8,G,G1,10+ years,MORTGAGE,112500.0,Verified,debt_consolidation,IL,36.75,2.0,665.0,669.0,0.0,80.3,26.0,Individual,7,High Risk,Manual Review
34723420,13100.0, 60 months,20.99,E,E4,,MORTGAGE,36000.0,Verified,debt_consolidation,MI,33.13,1.0,680.0,684.0,0.0,70.8,16.0,Individual,6,High Risk,Manual Review
34773348,16000.0, 60 months,19.24,E,E2,10+ years,MORTGAGE,64000.0,Source Verified,debt_consolidation,MD,22.03,1.0,665.0,669.0,0.0,84.7,27.0,Individual,5,High Risk,Manual Review
34663021,5600.0, 36 months,21.99,E,E5,,RENT,16560.0,Verified,other,NY,37.75,0.0,680.0,684.0,0.0,82.7,11.0,Individual,6,High Risk,Manual Review
34813300,15875.0, 60 months,24.5,F,F3,3 years,OWN,53000.0,Source Verified,debt_consolidation,TN,11.93,1.0,680.0,684.0,0.0,88.9,9.0,Individual,5,High Risk,Manual Review
34643032,33575.0, 60 months,20.99,E,E4,10+ years,OWN,80000.0,Verified,credit_card,GA,31.42,1.0,705.0,709.0,1.0,53.5,29.0,Individual,6,High Risk,Manual Review
34583261,11200.0, 60 months,18.54,E,E1,4 years,OWN,36000.0,Source Verified,debt_consolidation,TX,36.3,0.0,695.0,699.0,0.0,65.9,10.0,Individual,5,High Risk,Manual Review
34673396,10450.0, 36 months,24.5,F,F3,4 years,RENT,35000.0,Source Verified,debt_consolidation,CA,37.55,0.0,675.0,679.0,0.0,49.6,47.0,Individual,5,High Risk,Manual Review
34412741,19800.0, 60 months,19.24,E,E2,2 years,MORTGAGE,55000.0,Source Verified,debt_consolidation,WA,37.29,0.0,670.0,674.0,2.0,33.5,38.0,Individual,5,High Risk,Manual Review
32089386,20950.0, 60 months,19.99,E,E3,6 years,MORTGAGE,50120.0,Source Verified,credit_card,CA,33.78,0.0,670.0,674.0,2.0,66.0,39.0,Individual,5,High Risk,Manual Review
34653337,25600.0, 60 months,25.83,G,G2,< 1 year,MORTGAGE,60000.0,Source Verified,debt_consolidation,TX,30.86,0.0,660.0,664.0,1.0,61.5,12.0,Individual,5,High Risk,Manual Review
34444151,19600.0, 36 months,19.99,E,E3,8 years,RENT,42000.0,Verified,debt_consolidation,CA,30.6,0.0,700.0,704.0,0.0,89.0,17.0,Individual,6,High Risk,Manual Review
34673324,13925.0, 36 months,19.24,E,E2,10+ years,RENT,35000.0,Source Verified,debt_consolidation,CO,31.24,0.0,665.0,669.0,0.0,90.6,14.0,Individual,6,High Risk,Manual Review
34484157,7000.0, 36 months,19.99,E,E3,2 years,RENT,30000.0,Verified,small_business,OH,34.16,0.0,700.0,704.0,1.0,44.8,13.0,Individual,5,High Risk,Manual Review
34663259,20725.0, 60 months,23.99,F,F2,,RENT,46267.2,Verified,debt_consolidation,CA,36.6,0.0,670.0,674.0,0.0,83.8,25.0,Individual,6,High Risk,Manual Review
34693220,17000.0, 60 months,19.99,E,E3,5 years,RENT,50000.0,Source Verified,credit_card,CA,31.18,0.0,685.0,689.0,3.0,62.4,25.0,Individual,5,High Risk,Manual Review
31657489,12000.0, 60 months,18.54,E,E1,8 years,RENT,135000.0,Verified,debt_consolidation,CA,32.27,0.0,680.0,684.0,2.0,75.2,50.0,Individual,5,High Risk,Manual Review
34383581,10525.0, 60 months,19.99,E,E3,2 years,OWN,30000.0,Source Verified,debt_consolidation,TX,35.57,0.0,700.0,704.0,0.0,55.5,35.0,Individual,5,High Risk,Manual Review
34303860,17200.0, 60 months,19.24,E,E2,5 years,MORTGAGE,34400.0,Source Verified,other,IN,32.87,0.0,660.0,664.0,1.0,55.0,35.0,Individual,5,High Risk,Manual Review
34733119,17325.0, 60 months,21.99,E,E5,1 year,MORTGAGE,60000.0,Not Verified,debt_consolidation,CO,36.3,1.0,670.0,674.0,3.0,28.0,29.0,Individual,6,High Risk,Manual Review
34592983,20400.0, 60 months,24.5,F,F3,10+ years,MORTGAGE,51000.0,Source Verified,credit_card,PA,32.8,0.0,670.0,674.0,2.0,82.4,35.0,Individual,6,High Risk,Manual Review
34663164,7475.0, 36 months,20.99,E,E4,1 year,RENT,25000.0,Source Verified,debt_consolidation,MI,34.33,0.0,660.0,664.0,2.0,60.8,19.0,Individual,5,High Risk,Manual Review
34272736,16475.0, 60 months,21.99,E,E5,10+ years,MORTGAGE,55000.0,Verified,car,NC,32.11,0.0,660.0,664.0,1.0,94.9,28.0,Individual,6,High Risk,Manual Review
34493717,26125.0, 36 months,18.54,E,E1,,MORTGAGE,69000.0,Verified,debt_consolidation,GA,32.45,0.0,675.0,679.0,3.0,61.3,44.0,Individual,5,High Risk,Manual Review
34823050,8200.0, 36 months,19.24,E,E2,4 years,MORTGAGE,36000.0,Source Verified,debt_consolidation,VA,38.53,10.0,670.0,674.0,0.0,32.2,50.0,Individual,6,High Risk,Manual Review
34603080,2975.0, 36 months,20.99,E,E4,2 years,RENT,42000.0,Not Verified,debt_consolidation,FL,38.26,0.0,665.0,669.0,0.0,98.9,18.0,Individual,6,High Risk,Manual Review
34632919,35000.0, 60 months,19.99,E,E3,10+ years,OWN,118000.0,Verified,debt_consolidation,NY,31.25,0.0,690.0,694.0,0.0,65.1,27.0,Individual,5,High Risk,Manual Review
34374115,32750.0, 60 months,23.99,F,F2,10+ years,MORTGAGE,78000.0,Verified,debt_consolidation,LA,32.44,1.0,680.0,684.0,1.0,61.8,26.0,Individual,6,High Risk,Manual Review
34653037,17600.0, 60 months,19.24,E,E2,7 years,RENT,88000.0,Source Verified,debt_consolidation,NV,38.85,1.0,685.0,689.0,0.0,79.2,42.0,Individual,6,High Risk,Manual Review
34722956,29975.0, 60 months,18.54,E,E1,2 years,MORTGAGE,60000.0,Source Verified,debt_consolidation,CA,30.04,0.0,690.0,694.0,0.0,56.5,38.0,Individual,5,High Risk,Manual Review
34822778,28975.0, 60 months,15.99,D,D2,10+ years,MORTGAGE,60000.0,Source Verified,credit_card,OR,33.6,1.0,690.0,694.0,0.0,84.8,19.0,Individual,5,High Risk,Manual Review
34503747,2500.0, 36 months,24.5,F,F3,,RENT,15072.0,Verified,medical,IL,36.23,0.0,665.0,669.0,0.0,79.8,24.0,Individual,5,High Risk,Manual Review
32279571,32225.0, 60 months,19.99,E,E3,10+ years,RENT,85000.0,Verified,debt_consolidation,MD,31.98,1.0,670.0,674.0,1.0,90.4,32.0,Individual,7,High Risk,Manual Review
34333982,1050.0, 36 months,24.99,F,F4,10+ years,MORTGAGE,49900.0,Not Verified,debt_consolidation,MN,38.84,0.0,660.0,664.0,0.0,71.7,51.0,Individual,5,High Risk,Manual Review
34622771,15000.0, 60 months,18.54,E,E1,< 1 year,MORTGAGE,115000.0,Verified,debt_consolidation,MD,16.35,3.0,670.0,674.0,2.0,88.5,35.0,Individual,5,High Risk,Manual Review
21851232,2400.0, 36 months,21.99,E,E5,3 years,RENT,18000.0,Verified,debt_consolidation,NY,32.27,0.0,670.0,674.0,0.0,92.3,17.0,Individual,6,High Risk,Manual Review
34782824,23600.0, 60 months,19.99,E,E3,2 years,RENT,59000.0,Verified,debt_consolidation,OH,34.64,0.0,675.0,679.0,0.0,65.3,33.0,Individual,5,High Risk,Manual Review
34712871,27975.0, 60 months,20.99,E,E4,2 years,MORTGAGE,71270.0,Verified,credit_card,NJ,30.46,0.0,670.0,674.0,0.0,83.3,35.0,Individual,6,High Risk,Manual Review
34463384,26750.0, 36 months,18.54,E,E1,6 years,OWN,83183.0,Verified,debt_consolidation,MD,35.98,0.0,710.0,714.0,0.0,77.5,30.0,Individual,5,High Risk,Manual Review
34514262,16850.0, 60 months,18.54,E,E1,10+ years,RENT,47000.0,Source Verified,debt_consolidation,NV,32.69,0.0,675.0,679.0,0.0,74.3,30.0,Individual,5,High Risk,Manual Review
34582795,18750.0, 60 months,17.14,D,D4,10+ years,OWN,56000.0,Not Verified,debt_consolidation,NV,30.73,2.0,660.0,664.0,0.0,89.5,19.0,Individual,5,High Risk,Manual Review
34362094,15775.0, 60 months,25.8,G,G1,10+ years,MORTGAGE,50000.0,Source Verified,debt_consolidation,MS,39.13,0.0,660.0,664.0,2.0,68.4,25.0,Individual,5,High Risk,Manual Review
34742887,12175.0, 60 months,18.54,E,E1,10+ years,MORTGAGE,42500.0,Verified,debt_consolidation,PA,31.54,0.0,660.0,664.0,0.0,65.7,32.0,Individual,5,High Risk,Manual Review
34602868,13100.0, 60 months,23.99,F,F2,10+ years,MORTGAGE,85000.0,Verified,debt_consolidation,OH,31.6,0.0,660.0,664.0,2.0,69.6,46.0,Individual,5,High Risk,Manual Review
34742839,25450.0, 60 months,22.99,F,F1,2 years,MORTGAGE,67000.0,Source Verified,debt_consolidation,AK,31.38,0.0,690.0,694.0,1.0,83.1,27.0,Individual,6,High Risk,Manual Review
34494062,4775.0, 36 months,19.24,E,E2,4 years,MORTGAGE,50003.0,Verified,debt_consolidation,VA,31.57,0.0,665.0,669.0,2.0,70.7,19.0,Individual,5,High Risk,Manual Review
33551340,12850.0, 36 months,19.24,E,E2,10+ years,MORTGAGE,50000.0,Not Verified,debt_consolidation,FL,36.05,0.0,690.0,694.0,1.0,60.2,16.0,Individual,5,High Risk,Manual Review
34413919,25975.0, 36 months,19.99,E,E3,10+ years,MORTGAGE,52000.0,Verified,debt_consolidation,GA,38.84,0.0,690.0,694.0,0.0,82.5,20.0,Individual,6,High Risk,Manual Review
34484171,21000.0, 60 months,19.99,E,E3,,OWN,69267.96,Verified,debt_consolidation,WI,20.17,1.0,660.0,664.0,0.0,99.2,11.0,Individual,5,High Risk,Manual Review
32108881,8325.0, 36 months,20.99,E,E4,10+ years,MORTGAGE,61000.0,Not Verified,debt_consolidation,VA,37.67,0.0,690.0,694.0,2.0,93.0,11.0,Individual,6,High Risk,Manual Review
34494021,10000.0, 60 months,21.99,E,E5,9 years,MORTGAGE,70000.0,Verified,medical,TN,32.62,2.0,680.0,684.0,0.0,57.5,28.0,Individual,6,High Risk,Manual Review
34464049,26275.0, 60 months,22.99,F,F1,2 years,RENT,57200.0,Verified,debt_consolidation,CA,35.4,0.0,695.0,699.0,1.0,60.2,33.0,Individual,5,High Risk,Manual Review
34274036,3000.0, 36 months,22.99,F,F1,1 year,MORTGAGE,65000.0,Source Verified,other,CA,30.89,0.0,665.0,669.0,1.0,75.1,12.0,Individual,5,High Risk,Manual Review
34732743,20975.0, 60 months,19.24,E,E2,,RENT,50000.0,Verified,credit_card,CA,33.25,0.0,665.0,669.0,0.0,57.4,26.0,Individual,5,High Risk,Manual Review
34293882,9875.0, 36 months,18.54,E,E1,5 years,RENT,27600.0,Source Verified,debt_consolidation,FL,38.04,0.0,675.0,679.0,3.0,45.8,20.0,Individual,5,High Risk,Manual Review
34334147,12000.0, 60 months,22.99,F,F1,1 year,OWN,34560.0,Source Verified,credit_card,CA,36.63,0.0,660.0,664.0,1.0,94.5,7.0,Individual,6,High Risk,Manual Review
34293859,17000.0, 60 months,24.99,F,F4,,MORTGAGE,54924.0,Verified,debt_consolidation,WI,35.72,0.0,675.0,679.0,0.0,66.3,18.0,Individual,5,High Risk,Manual Review
34423930,33600.0, 60 months,22.99,F,F1,10+ years,MORTGAGE,100000.0,Verified,debt_consolidation,TX,31.96,0.0,685.0,689.0,0.0,92.8,39.0,Individual,6,High Risk,Manual Review
34403772,13750.0, 60 months,19.24,E,E2,2 years,RENT,51080.0,Source Verified,debt_consolidation,SC,32.64,1.0,690.0,694.0,0.0,49.0,29.0,Individual,6,High Risk,Manual Review
34423692,10000.0, 60 months,24.99,F,F4,4 years,MORTGAGE,40000.0,Not Verified,credit_card,MN,11.22,1.0,660.0,664.0,0.0,99.6,39.0,Individual,5,High Risk,Manual Review
34403875,21875.0, 60 months,19.99,E,E3,10+ years,MORTGAGE,53550.0,Source Verified,debt_consolidation,MI,37.05,0.0,680.0,684.0,1.0,90.2,29.0,Individual,6,High Risk,Manual Review
34474058,6850.0, 36 months,18.54,E,E1,6 years,RENT,40000.0,Source Verified,debt_consolidation,CA,32.34,0.0,685.0,689.0,2.0,54.2,26.0,Individual,5,High Risk,Manual Review
33059914,5000.0, 36 months,20.99,E,E4,1 year,RENT,31000.0,Source Verified,debt_consolidation,CA,35.81,0.0,680.0,684.0,1.0,46.7,7.0,Individual,5,High Risk,Manual Review
34444302,13575.0, 60 months,24.5,F,F3,6 years,RENT,40000.0,Source Verified,debt_consolidation,TX,33.12,0.0,685.0,689.0,0.0,59.8,16.0,Individual,5,High Risk,Manual Review
34444413,18000.0, 60 months,19.24,E,E2,10+ years,RENT,72000.0,Source Verified,debt_consolidation,CA,32.8,2.0,660.0,664.0,2.0,48.5,48.0,Individual,6,High Risk,Manual Review
34463902,16375.0, 60 months,19.24,E,E2,2 years,RENT,58000.0,Verified,debt_consolidation,CA,38.8,1.0,670.0,674.0,1.0,46.1,54.0,Individual,6,High Risk,Manual Review
34283793,7500.0, 36 months,22.99,F,F1,1 year,OWN,25000.0,Verified,debt_consolidation,TX,33.37,0.0,670.0,674.0,1.0,70.0,39.0,Individual,5,High Risk,Manual Review
34323771,5075.0, 36 months,18.54,E,E1,,RENT,15600.0,Verified,debt_consolidation,GA,34.54,0.0,685.0,689.0,0.0,63.6,10.0,Individual,5,High Risk,Manual Review
34352790,6450.0, 36 months,18.54,E,E1,,OWN,17920.0,Verified,debt_consolidation,PA,30.07,0.0,680.0,684.0,2.0,32.9,11.0,Individual,5,High Risk,Manual Review
34293750,17000.0, 60 months,18.54,E,E1,< 1 year,RENT,37480.0,Source Verified,debt_consolidation,FL,32.4,0.0,660.0,664.0,0.0,64.3,46.0,Individual,5,High Risk,Manual Review
34343712,25000.0, 60 months,19.24,E,E2,7 years,OWN,63000.0,Verified,credit_card,IN,37.65,0.0,665.0,669.0,2.0,72.6,36.0,Individual,5,High Risk,Manual Review
34273097,19600.0, 60 months,19.24,E,E2,10+ years,MORTGAGE,59000.0,Verified,debt_consolidation,KY,32.26,0.0,705.0,709.0,0.0,56.2,51.0,Individual,5,High Risk,Manual Review
34373933,3825.0, 36 months,17.86,D,D5,10+ years,MORTGAGE,37536.0,Not Verified,debt_consolidation,UT,37.79,1.0,660.0,664.0,0.0,85.4,27.0,Individual,5,High Risk,Manual Review
34273834,11200.0, 60 months,18.54,E,E1,10+ years,RENT,49000.0,Source Verified,debt_consolidation,NY,35.19,0.0,675.0,679.0,3.0,80.4,39.0,Individual,6,High Risk,Manual Review
34443734,16425.0, 60 months,25.8,G,G1,7 years,RENT,45676.0,Source Verified,debt_consolidation,CO,34.92,0.0,685.0,689.0,0.0,75.1,32.0,Individual,5,High Risk,Manual Review
34463611,6725.0, 36 months,20.99,E,E4,10+ years,RENT,52000.0,Not Verified,debt_consolidation,KS,30.58,0.0,685.0,689.0,1.0,74.4,35.0,Individual,5,High Risk,Manual Review
34353551,12000.0, 60 months,19.99,E,E3,10+ years,MORTGAGE,57000.0,Source Verified,debt_consolidation,WV,33.43,0.0,670.0,674.0,0.0,74.3,46.0,Individual,5,High Risk,Manual Review
33200443,16250.0, 60 months,18.54,E,E1,10+ years,OWN,51000.0,Source Verified,debt_consolidation,AR,38.75,0.0,665.0,669.0,2.0,61.3,37.0,Individual,5,High Risk,Manual Review
34433109,18125.0, 60 months,18.54,E,E1,3 years,RENT,95000.0,Source Verified,debt_consolidation,FL,18.92,1.0,665.0,669.0,0.0,93.4,17.0,Individual,5,High Risk,Manual Review
32329198,12000.0, 60 months,18.54,E,E1,,RENT,30684.0,Verified,credit_card,CA,35.16,1.0,665.0,669.0,1.0,52.5,47.0,Individual,6,High Risk,Manual Review
34343621,7475.0, 36 months,19.24,E,E2,2 years,RENT,22000.0,Source Verified,debt_consolidation,OR,32.68,0.0,685.0,689.0,1.0,79.5,27.0,Individual,5,High Risk,Manual Review
33311861,9525.0, 36 months,21.99,E,E5,,MORTGAGE,32000.0,Verified,debt_consolidation,OH,30.38,0.0,665.0,669.0,3.0,76.2,24.0,Individual,5,High Risk,Manual Review
34413587,20000.0, 60 months,23.99,F,F2,1 year,RENT,40000.0,Source Verified,debt_consolidation,NY,31.65,0.0,675.0,679.0,0.0,81.0,14.0,Individual,6,High Risk,Manual Review
34293494,15000.0, 60 months,22.99,F,F1,2 years,MORTGAGE,40000.0,Source Verified,debt_consolidation,IL,30.15,0.0,680.0,684.0,0.0,53.7,38.0,Individual,5,High Risk,Manual Review
34463570,29975.0, 60 months,23.99,F,F2,8 years,RENT,75000.0,Source Verified,other,FL,32.45,0.0,715.0,719.0,0.0,84.4,33.0,Individual,6,High Risk,Manual Review
34463511,12000.0, 36 months,18.54,E,E1,6 years,RENT,48000.0,Source Verified,debt_consolidation,MD,36.1,0.0,695.0,699.0,0.0,27.8,17.0,Individual,5,High Risk,Manual Review
34363450,9875.0, 36 months,19.99,E,E3,10+ years,MORTGAGE,33030.0,Verified,debt_consolidation,OH,32.3,0.0,665.0,669.0,1.0,54.4,17.0,Individual,5,High Risk,Manual Review
34283523,7025.0, 36 months,19.24,E,E2,< 1 year,OWN,20000.0,Source Verified,debt_consolidation,NY,35.17,0.0,660.0,664.0,0.0,59.6,12.0,Individual,5,High Risk,Manual Review
34453327,24125.0, 60 months,19.99,E,E3,< 1 year,RENT,109000.0,Verified,debt_consolidation,IN,32.05,0.0,660.0,664.0,1.0,75.3,33.0,Individual,5,High Risk,Manual Review
34373410,32000.0, 60 months,20.99,E,E4,10+ years,MORTGAGE,90000.0,Verified,debt_consolidation,OK,38.73,2.0,660.0,664.0,0.0,94.0,31.0,Individual,7,High Risk,Manual Review
32409073,16950.0, 36 months,20.99,E,E4,5 years,RENT,50000.0,Verified,other,CA,35.47,0.0,695.0,699.0,0.0,70.7,16.0,Individual,5,High Risk,Manual Review
34323431,14900.0, 60 months,18.54,E,E1,10+ years,MORTGAGE,69000.0,Source Verified,car,VA,35.76,0.0,700.0,704.0,0.0,86.0,24.0,Individual,6,High Risk,Manual Review
34343335,27975.0, 60 months,21.99,E,E5,1 year,RENT,91600.0,Verified,debt_consolidation,WA,15.01,1.0,685.0,689.0,1.0,93.5,19.0,Individual,5,High Risk,Manual Review
34473363,1200.0, 36 months,18.54,E,E1,10+ years,OWN,21000.0,Verified,other,WI,32.57,0.0,660.0,664.0,0.0,56.6,49.0,Individual,5,High Risk,Manual Review
34041949,21975.0, 60 months,20.99,E,E4,2 years,MORTGAGE,50000.0,Source Verified,debt_consolidation,AZ,37.02,1.0,670.0,674.0,0.0,63.3,53.0,Individual,6,High Risk,Manual Review
34292953,10500.0, 60 months,18.54,E,E1,,OWN,35000.0,Verified,debt_consolidation,MD,35.6,1.0,670.0,674.0,2.0,78.5,19.0,Individual,6,High Risk,Manual Review
33541434,7575.0, 36 months,19.99,E,E3,10+ years,RENT,29717.28,Verified,debt_consolidation,FL,37.96,0.0,665.0,669.0,2.0,63.8,40.0,Individual,5,High Risk,Manual Review
34473444,17975.0, 60 months,24.5,F,F3,2 years,RENT,50000.0,Source Verified,debt_consolidation,NY,39.78,0.0,715.0,719.0,0.0,75.1,33.0,Individual,5,High Risk,Manual Review
34443631,16450.0, 60 months,19.24,E,E2,10+ years,RENT,55000.0,Source Verified,debt_consolidation,CO,36.5,0.0,675.0,679.0,2.0,88.2,19.0,Individual,6,High Risk,Manual Review
34293431,12375.0, 60 months,20.99,E,E4,10+ years,RENT,31000.0,Source Verified,debt_consolidation,WA,36.9,6.0,665.0,669.0,1.0,38.3,24.0,Individual,6,High Risk,Manual Review
34171999,18350.0, 60 months,19.24,E,E2,10+ years,MORTGAGE,40000.0,Not Verified,debt_consolidation,SD,32.31,0.0,710.0,714.0,0.0,52.5,30.0,Individual,5,High Risk,Manual Review
33431220,20500.0, 60 months,18.54,E,E1,10+ years,MORTGAGE,55000.0,Source Verified,debt_consolidation,MN,38.12,0.0,730.0,734.0,0.0,32.1,23.0,Individual,5,High Risk,Manual Review
34502927,7550.0, 36 months,18.54,E,E1,,OWN,23800.0,Verified,credit_card,PA,36.01,1.0,675.0,679.0,1.0,54.6,33.0,Individual,6,High Risk,Manual Review
33131860,3600.0, 36 months,19.24,E,E2,10+ years,MORTGAGE,25000.0,Not Verified,debt_consolidation,MI,39.8,0.0,665.0,669.0,2.0,29.0,24.0,Individual,5,High Risk,Manual Review
34433174,14375.0, 60 months,19.99,E,E3,2 years,OWN,40000.0,Source Verified,debt_consolidation,OH,31.2,1.0,660.0,664.0,1.0,49.4,19.0,Individual,6,High Risk,Manual Review
34273178,10100.0, 36 months,21.99,E,E5,2 years,MORTGAGE,52000.0,Verified,other,NY,39.26,1.0,695.0,699.0,0.0,94.5,17.0,Individual,7,High Risk,Manual Review
34353207,29975.0, 60 months,19.24,E,E2,10+ years,MORTGAGE,71000.0,Verified,debt_consolidation,VA,33.6,0.0,660.0,664.0,0.0,100.6,27.0,Individual,6,High Risk,Manual Review
32490006,10000.0, 60 months,18.54,E,E1,10+ years,MORTGAGE,50000.0,Verified,credit_card,MS,31.85,0.0,690.0,694.0,2.0,56.7,19.0,Individual,5,High Risk,Manual Review
34403111,9100.0, 36 months,21.99,E,E5,2 years,RENT,30721.6,Verified,small_business,FL,33.91,0.0,685.0,689.0,0.0,74.1,6.0,Individual,5,High Risk,Manual Review
34323250,13575.0, 60 months,21.99,E,E5,10+ years,MORTGAGE,62000.0,Verified,debt_consolidation,IL,37.13,0.0,705.0,709.0,2.0,57.2,32.0,Individual,5,High Risk,Manual Review
34413102,8200.0, 36 months,19.99,E,E3,1 year,MORTGAGE,36000.0,Source Verified,credit_card,TX,35.53,0.0,680.0,684.0,2.0,33.4,11.0,Individual,5,High Risk,Manual Review
34283242,24275.0, 60 months,19.99,E,E3,,MORTGAGE,52860.0,Verified,credit_card,SC,36.39,0.0,695.0,699.0,0.0,57.2,31.0,Individual,5,High Risk,Manual Review
34293159,17500.0, 60 months,21.99,E,E5,10+ years,MORTGAGE,45000.0,Source Verified,credit_card,IL,31.44,0.0,705.0,709.0,0.0,52.0,22.0,Individual,5,High Risk,Manual Review
34412273,4600.0, 36 months,23.99,F,F2,1 year,RENT,10000.0,Verified,debt_consolidation,NJ,35.89,0.0,700.0,704.0,0.0,34.0,33.0,Individual,5,High Risk,Manual Review
34393047,10500.0, 60 months,18.54,E,E1,7 years,RENT,33000.0,Source Verified,credit_card,TX,38.0,0.0,745.0,749.0,1.0,20.8,16.0,Individual,5,High Risk,Manual Review
34492613,27850.0, 36 months,19.99,E,E3,3 years,OWN,80000.0,Source Verified,credit_card,OR,20.0,2.0,665.0,669.0,0.0,83.6,22.0,Individual,5,High Risk,Manual Review
34352998,11850.0, 60 months,19.99,E,E3,6 years,RENT,37000.0,Source Verified,debt_consolidation,HI,32.67,3.0,670.0,674.0,0.0,47.4,14.0,Individual,6,High Risk,Manual Review
34473092,25000.0, 36 months,19.99,E,E3,10+ years,OWN,70000.0,Source Verified,debt_consolidation,VA,13.12,1.0,710.0,714.0,0.0,92.2,28.0,Individual,5,High Risk,Manual Review
28634143,20000.0, 60 months,19.99,E,E3,8 years,MORTGAGE,54000.0,Source Verified,major_purchase,MS,34.24,3.0,675.0,679.0,2.0,89.2,16.0,Individual,7,High Risk,Manual Review
34352985,2075.0, 36 months,20.99,E,E4,10+ years,MORTGAGE,64000.0,Verified,debt_consolidation,NH,32.23,0.0,685.0,689.0,2.0,62.1,44.0,Individual,5,High Risk,Manual Review
32519937,27200.0, 36 months,19.99,E,E3,10+ years,MORTGAGE,74000.0,Verified,debt_consolidation,NJ,37.4,1.0,670.0,674.0,1.0,70.7,71.0,Individual,6,High Risk,Manual Review
34492827,13600.0, 60 months,24.5,F,F3,7 years,MORTGAGE,40000.0,Source Verified,debt_consolidation,IN,38.43,0.0,700.0,704.0,0.0,82.9,38.0,Individual,6,High Risk,Manual Review
34302916,16750.0, 60 months,19.24,E,E2,4 years,RENT,46800.0,Source Verified,debt_consolidation,CO,34.41,1.0,680.0,684.0,1.0,33.2,33.0,Individual,6,High Risk,Manual Review
33381727,35000.0, 60 months,17.86,D,D5,10+ years,MORTGAGE,105000.0,Verified,debt_consolidation,MS,32.12,1.0,665.0,669.0,0.0,84.0,40.0,Individual,5,High Risk,Manual Review
34282791,35000.0, 36 months,18.54,E,E1,10+ years,MORTGAGE,169000.0,Verified,credit_card,CA,19.0,1.0,675.0,679.0,2.0,86.7,42.0,Individual,5,High Risk,Manual Review
32430406,11550.0, 60 months,24.5,F,F3,10+ years,MORTGAGE,38500.0,Verified,home_improvement,NC,32.04,0.0,665.0,669.0,0.0,47.6,32.0,Individual,5,High Risk,Manual Review
34372754,20325.0, 60 months,19.24,E,E2,10+ years,RENT,61000.0,Verified,debt_consolidation,NY,30.67,0.0,685.0,689.0,1.0,68.1,31.0,Individual,5,High Risk,Manual Review
34272673,15000.0, 60 months,18.54,E,E1,10+ years,MORTGAGE,60000.0,Not Verified,credit_card,MA,21.44,2.0,665.0,669.0,0.0,92.6,21.0,Individual,5,High Risk,Manual Review
34201914,16700.0, 36 months,18.54,E,E1,2 years,RENT,42000.0,Not Verified,debt_consolidation,CA,36.42,5.0,670.0,674.0,0.0,30.2,28.0,Individual,6,High Risk,Manual Review
34462744,20275.0, 36 months,19.99,E,E3,1 year,MORTGAGE,48500.0,Verified,home_improvement,FL,31.52,0.0,715.0,719.0,0.0,32.1,12.0,Individual,5,High Risk,Manual Review
34322742,13025.0, 60 months,20.99,E,E4,,MORTGAGE,32619.0,Verified,debt_consolidation,MI,37.42,0.0,690.0,694.0,0.0,55.1,22.0,Individual,5,High Risk,Manual Review
34292660,18625.0, 60 months,19.24,E,E2,< 1 year,MORTGAGE,52000.0,Verified,debt_consolidation,MA,39.26,1.0,665.0,669.0,1.0,26.2,40.0,Individual,6,High Risk,Manual Review
33231518,10650.0, 60 months,20.99,E,E4,5 years,OWN,40000.0,Source Verified,debt_consolidation,CA,21.12,1.0,660.0,664.0,1.0,81.5,14.0,Individual,5,High Risk,Manual Review
34462424,5500.0, 36 months,18.54,E,E1,,RENT,27000.0,Verified,debt_consolidation,NC,30.93,0.0,665.0,669.0,0.0,87.8,20.0,Individual,6,High Risk,Manual Review
34452523,26375.0, 60 months,24.5,F,F3,2 years,MORTGAGE,60000.0,Source Verified,debt_consolidation,SC,33.2,1.0,685.0,689.0,1.0,91.2,22.0,Individual,7,High Risk,Manual Review
32108827,35000.0, 60 months,18.54,E,E1,4 years,MORTGAGE,92000.0,Verified,home_improvement,PA,30.75,0.0,700.0,704.0,0.0,91.4,30.0,Individual,6,High Risk,Manual Review
34392253,22400.0, 36 months,19.99,E,E3,7 years,MORTGAGE,70000.0,Verified,debt_consolidation,IN,33.17,0.0,675.0,679.0,0.0,80.1,21.0,Individual,6,High Risk,Manual Review
34272530,12000.0, 60 months,18.54,E,E1,9 years,MORTGAGE,60000.0,Verified,debt_consolidation,AL,38.44,2.0,680.0,684.0,2.0,55.2,34.0,Individual,6,High Risk,Manual Review
34302646,11950.0, 60 months,19.24,E,E2,10+ years,OWN,33280.0,Source Verified,debt_consolidation,IL,25.89,2.0,660.0,664.0,1.0,85.6,31.0,Individual,5,High Risk,Manual Review
34442645,10200.0, 36 months,19.99,E,E3,8 years,RENT,30000.0,Source Verified,debt_consolidation,OH,38.32,0.0,695.0,699.0,3.0,34.3,42.0,Individual,5,High Risk,Manual Review
34292559,24450.0, 60 months,19.99,E,E3,5 years,OWN,49000.0,Source Verified,credit_card,MI,28.24,1.0,665.0,669.0,2.0,86.3,22.0,Individual,5,High Risk,Manual Review
31276940,29175.0, 60 months,22.99,F,F1,10+ years,MORTGAGE,74000.0,Verified,debt_consolidation,FL,31.69,0.0,700.0,704.0,0.0,67.4,34.0,Individual,5,High Risk,Manual Review
34442598,22000.0, 36 months,19.24,E,E2,4 years,OWN,50000.0,Verified,debt_consolidation,TX,33.61,0.0,720.0,724.0,0.0,101.3,8.0,Individual,6,High Risk,Manual Review
34422504,14375.0, 60 months,19.24,E,E2,10+ years,OWN,40000.0,Not Verified,debt_consolidation,IN,30.48,0.0,690.0,694.0,0.0,40.5,35.0,Individual,5,High Risk,Manual Review
34352568,4725.0, 36 months,18.54,E,E1,7 years,MORTGAGE,24000.0,Not Verified,debt_consolidation,GA,37.9,0.0,660.0,664.0,1.0,73.4,18.0,Individual,5,High Risk,Manual Review
34502508,7250.0, 36 months,19.99,E,E3,6 years,MORTGAGE,20000.0,Source Verified,debt_consolidation,FL,37.15,0.0,660.0,664.0,1.0,23.3,35.0,Individual,5,High Risk,Manual Review
34332476,20550.0, 60 months,21.99,E,E5,2 years,MORTGAGE,50000.0,Source Verified,debt_consolidation,IL,37.88,0.0,680.0,684.0,0.0,94.5,17.0,Individual,6,High Risk,Manual Review
34362411,9600.0, 36 months,19.24,E,E2,7 years,OWN,48000.0,Not Verified,debt_consolidation,NM,32.9,0.0,685.0,689.0,2.0,91.0,27.0,Individual,6,High Risk,Manual Review
34342416,13825.0, 60 months,21.99,E,E5,7 years,RENT,33000.0,Source Verified,debt_consolidation,NH,37.96,0.0,725.0,729.0,1.0,88.4,11.0,Individual,6,High Risk,Manual Review
34382461,11175.0, 60 months,20.99,E,E4,8 years,RENT,33000.0,Source Verified,debt_consolidation,CA,31.16,0.0,675.0,679.0,1.0,51.7,24.0,Individual,5,High Risk,Manual Review
34512456,7750.0, 36 months,23.99,F,F2,1 year,RENT,25920.0,Source Verified,other,AL,30.6,2.0,665.0,669.0,0.0,67.5,42.0,Individual,6,High Risk,Manual Review
34352353,12250.0, 60 months,19.24,E,E2,10+ years,RENT,30835.0,Source Verified,debt_consolidation,FL,37.17,0.0,675.0,679.0,0.0,83.0,13.0,Individual,6,High Risk,Manual Review
33110172,24450.0, 60 months,21.99,E,E5,10+ years,MORTGAGE,49000.0,Source Verified,debt_consolidation,OH,36.91,0.0,695.0,699.0,0.0,86.4,13.0,Individual,6,High Risk,Manual Review
34502412,35000.0, 60 months,19.99,E,E3,10+ years,MORTGAGE,89000.0,Verified,debt_consolidation,TN,31.55,0.0,670.0,674.0,0.0,92.5,36.0,Individual,6,High Risk,Manual Review
34472339,11125.0, 60 months,24.5,F,F3,< 1 year,RENT,35000.0,Source Verified,credit_card,IL,33.64,0.0,665.0,669.0,1.0,72.4,14.0,Individual,5,High Risk,Manual Review
34312334,14600.0, 36 months,20.99,E,E4,10+ years,RENT,60000.0,Source Verified,other,NY,7.38,2.0,665.0,669.0,0.0,94.0,18.0,Individual,5,High Risk,Manual Review
24274484,13250.0, 36 months,18.54,E,E1,7 years,RENT,31720.0,Verified,debt_consolidation,NJ,35.19,0.0,690.0,694.0,0.0,72.2,16.0,Individual,5,High Risk,Manual Review
34431880,30000.0, 60 months,19.24,E,E2,9 years,MORTGAGE,120000.0,Source Verified,small_business,TX,16.09,1.0,665.0,669.0,2.0,80.3,26.0,Individual,5,High Risk,Manual Review
34502267,12000.0, 60 months,18.54,E,E1,8 years,RENT,68500.0,Verified,debt_consolidation,GA,36.58,2.0,660.0,664.0,0.0,76.2,48.0,Individual,6,High Risk,Manual Review
34472291,11425.0, 36 months,18.54,E,E1,1 year,MORTGAGE,40000.0,Source Verified,debt_consolidation,FL,31.11,1.0,685.0,689.0,0.0,52.6,18.0,Individual,6,High Risk,Manual Review
34292242,10000.0, 60 months,19.99,E,E3,3 years,MORTGAGE,30000.0,Verified,debt_consolidation,NV,37.28,0.0,685.0,689.0,1.0,84.6,32.0,Individual,6,High Risk,Manual Review
34302214,5275.0, 36 months,19.24,E,E2,4 years,RENT,22000.0,Source Verified,home_improvement,FL,38.64,0.0,695.0,699.0,0.0,22.9,30.0,Individual,5,High Risk,Manual Review
33029971,11950.0, 36 months,18.54,E,E1,8 years,RENT,38000.0,Source Verified,debt_consolidation,FL,39.55,0.0,665.0,669.0,0.0,95.2,24.0,Individual,6,High Risk,Manual Review
34282248,30500.0, 60 months,25.57,F,F5,10+ years,MORTGAGE,85000.0,Verified,debt_consolidation,WI,30.13,0.0,700.0,704.0,0.0,90.0,32.0,Individual,6,High Risk,Manual Review
34372240,20000.0, 60 months,18.54,E,E1,10+ years,OWN,95000.0,Source Verified,credit_card,CO,14.05,1.0,670.0,674.0,3.0,92.2,26.0,Individual,5,High Risk,Manual Review
34512233,32425.0, 60 months,22.99,F,F1,5 years,MORTGAGE,89000.0,Verified,debt_consolidation,VA,31.51,0.0,675.0,679.0,0.0,77.6,31.0,Individual,5,High Risk,Manual Review
34472163,6600.0, 36 months,18.54,E,E1,1 year,RENT,33000.0,Source Verified,debt_consolidation,UT,33.96,0.0,665.0,669.0,1.0,86.2,13.0,Individual,6,High Risk,Manual Review
34402141,12000.0, 60 months,19.24,E,E2,9 years,OWN,30000.0,Source Verified,debt_consolidation,HI,30.32,2.0,660.0,664.0,0.0,90.7,28.0,Individual,7,High Risk,Manual Review
34332138,14825.0, 60 months,19.24,E,E2,5 years,RENT,41200.0,Verified,debt_consolidation,CA,33.0,0.0,675.0,679.0,1.0,41.4,22.0,Individual,5,High Risk,Manual Review
34331995,19800.0, 60 months,18.54,E,E1,1 year,RENT,45000.0,Source Verified,debt_consolidation,MA,39.63,0.0,710.0,714.0,0.0,55.6,35.0,Individual,5,High Risk,Manual Review
33230551,31450.0, 60 months,18.54,E,E1,1 year,MORTGAGE,75000.0,Verified,debt_consolidation,KY,36.66,1.0,670.0,674.0,0.0,85.7,38.0,Individual,7,High Risk,Manual Review
29794924,11700.0, 36 months,21.99,E,E5,10+ years,MORTGAGE,39000.0,Verified,debt_consolidation,NC,27.48,1.0,665.0,669.0,0.0,96.4,22.0,Individual,5,High Risk,Manual Review
32048921,19975.0, 60 months,19.99,E,E3,7 years,OWN,59000.0,Not Verified,debt_consolidation,CT,30.35,0.0,680.0,684.0,1.0,85.8,40.0,Individual,6,High Risk,Manual Review
34432056,35000.0, 60 months,20.99,E,E4,10+ years,RENT,75000.0,Verified,debt_consolidation,CA,39.15,0.0,710.0,714.0,0.0,98.1,24.0,Individual,6,High Risk,Manual Review
33212062,26375.0, 36 months,23.99,F,F2,1 year,OWN,60000.0,Verified,debt_consolidation,IN,17.34,1.0,665.0,669.0,0.0,93.1,19.0,Individual,5,High Risk,Manual Review
31597831,12550.0, 60 months,20.99,E,E4,10+ years,RENT,42000.0,Source Verified,debt_consolidation,CA,35.02,0.0,690.0,694.0,1.0,69.7,22.0,Individual,5,High Risk,Manual Review
34342054,12000.0, 60 months,18.54,E,E1,2 years,RENT,40000.0,Source Verified,debt_consolidation,FL,33.78,0.0,670.0,674.0,0.0,71.8,43.0,Individual,5,High Risk,Manual Review
34312040,19375.0, 60 months,19.99,E,E3,< 1 year,RENT,54000.0,Verified,debt_consolidation,TX,30.15,0.0,665.0,669.0,0.0,98.3,18.0,Individual,6,High Risk,Manual Review
34421985,20425.0, 60 months,18.54,E,E1,1 year,OWN,64000.0,Source Verified,debt_consolidation,MS,30.77,1.0,675.0,679.0,2.0,63.7,41.0,Individual,6,High Risk,Manual Review
34491964,18000.0, 60 months,20.99,E,E4,,OWN,36000.0,Verified,credit_card,NY,38.3,0.0,670.0,674.0,0.0,59.3,17.0,Individual,5,High Risk,Manual Review
34322013,30000.0, 60 months,18.54,E,E1,10+ years,MORTGAGE,105000.0,Verified,credit_card,NJ,21.5,1.0,690.0,694.0,1.0,86.0,26.0,Individual,5,High Risk,Manual Review
34151926,18000.0, 36 months,19.99,E,E3,8 years,RENT,36000.0,Verified,credit_card,MA,37.4,1.0,660.0,664.0,1.0,35.7,27.0,Individual,6,High Risk,Manual Review
34361943,22375.0, 60 months,19.99,E,E3,5 years,MORTGAGE,44856.0,Source Verified,debt_consolidation,NY,34.94,0.0,670.0,674.0,0.0,55.2,19.0,Individual,5,High Risk,Manual Review
34271897,5600.0, 36 months,18.54,E,E1,10+ years,OWN,19000.0,Source Verified,debt_consolidation,TX,39.42,0.0,665.0,669.0,2.0,79.4,21.0,Individual,5,High Risk,Manual Review
31257258,5375.0, 36 months,22.99,F,F1,2 years,OWN,15000.0,Source Verified,debt_consolidation,NV,38.56,0.0,660.0,664.0,0.0,28.2,19.0,Individual,5,High Risk,Manual Review
34411969,6700.0, 36 months,22.99,F,F1,,OWN,31000.0,Verified,debt_consolidation,CA,33.37,0.0,695.0,699.0,1.0,42.3,19.0,Individual,5,High Risk,Manual Review
33300738,13625.0, 60 months,22.99,F,F1,4 years,MORTGAGE,38000.0,Not Verified,debt_consolidation,FL,5.49,1.0,660.0,664.0,1.0,97.5,23.0,Individual,5,High Risk,Manual Review
34401874,30000.0, 60 months,20.99,E,E4,10+ years,OWN,60250.0,Verified,debt_consolidation,TN,30.5,1.0,695.0,699.0,1.0,60.7,38.0,Individual,6,High Risk,Manual Review
33621337,27450.0, 60 months,21.99,E,E5,10+ years,MORTGAGE,55000.0,Verified,credit_card,TX,31.15,0.0,695.0,699.0,1.0,67.8,47.0,Individual,5,High Risk,Manual Review
31316715,3300.0, 36 months,19.99,E,E3,1 year,RENT,32000.0,Not Verified,debt_consolidation,NY,36.8,0.0,675.0,679.0,0.0,92.2,11.0,Individual,6,High Risk,Manual Review
34021917,9250.0, 36 months,21.99,E,E5,3 years,RENT,26000.0,Source Verified,other,NC,38.23,0.0,690.0,694.0,0.0,69.3,11.0,Individual,5,High Risk,Manual Review
34231881,18675.0, 60 months,22.99,F,F1,10+ years,OWN,42508.0,Verified,debt_consolidation,KY,31.34,0.0,700.0,704.0,0.0,92.8,32.0,Individual,6,High Risk,Manual Review
33301615,5975.0, 36 months,19.99,E,E3,10+ years,MORTGAGE,15000.0,Verified,debt_consolidation,MN,33.84,0.0,670.0,674.0,0.0,51.0,20.0,Individual,5,High Risk,Manual Review
34051902,28000.0, 60 months,17.14,D,D4,10+ years,OWN,75000.0,Source Verified,debt_consolidation,WY,35.81,1.0,665.0,669.0,3.0,84.7,39.0,Individual,5,High Risk,Manual Review
33501460,12100.0, 36 months,20.99,E,E4,8 years,MORTGAGE,39000.0,Source Verified,debt_consolidation,TN,35.11,0.0,700.0,704.0,0.0,41.2,27.0,Individual,5,High Risk,Manual Review
34031980,3000.0, 36 months,19.24,E,E2,4 years,RENT,35360.0,Not Verified,other,MI,31.36,1.0,675.0,679.0,3.0,58.6,7.0,Individual,6,High Risk,Manual Review
34041867,24000.0, 60 months,19.24,E,E2,10+ years,RENT,67000.0,Source Verified,credit_card,HI,34.35,0.0,665.0,669.0,0.0,56.8,32.0,Individual,5,High Risk,Manual Review
34191920,4425.0, 36 months,20.99,E,E4,10+ years,RENT,20000.0,Verified,credit_card,NY,31.75,0.0,685.0,689.0,0.0,52.8,9.0,Individual,5,High Risk,Manual Review
34161972,24125.0, 60 months,19.99,E,E3,9 years,RENT,60500.0,Source Verified,debt_consolidation,NY,34.83,0.0,685.0,689.0,0.0,96.1,26.0,Individual,6,High Risk,Manual Review
28744679,11125.0, 36 months,19.24,E,E2,4 years,RENT,58000.0,Verified,small_business,OH,37.04,0.0,690.0,694.0,1.0,29.3,31.0,Individual,5,High Risk,Manual Review
34231845,17700.0, 60 months,21.99,E,E5,9 years,RENT,59200.0,Verified,debt_consolidation,CA,32.37,0.0,675.0,679.0,0.0,75.4,29.0,Individual,5,High Risk,Manual Review
33251838,18000.0, 60 months,15.59,D,D1,8 years,RENT,62813.0,Verified,credit_card,MI,38.75,3.0,680.0,684.0,1.0,85.4,44.0,Individual,5,High Risk,Manual Review
32278737,16725.0, 36 months,22.99,F,F1,7 years,MORTGAGE,66000.0,Verified,debt_consolidation,MN,30.71,0.0,685.0,689.0,1.0,51.0,52.0,Individual,5,High Risk,Manual Review
33281919,22525.0, 60 months,18.54,E,E1,< 1 year,RENT,72000.0,Verified,debt_consolidation,CA,32.55,0.0,665.0,669.0,0.0,89.2,33.0,Individual,6,High Risk,Manual Review
33871662,7250.0, 36 months,25.8,G,G1,2 years,MORTGAGE,26450.0,Verified,car,TN,31.27,1.0,665.0,669.0,2.0,35.9,18.0,Individual,6,High Risk,Manual Review
34001850,12275.0, 60 months,21.99,E,E5,10+ years,MORTGAGE,49000.0,Source Verified,medical,FL,31.64,0.0,665.0,669.0,0.0,76.1,25.0,Individual,5,High Risk,Manual Review
34131839,14500.0, 60 months,19.24,E,E2,< 1 year,RENT,40443.0,Verified,credit_card,MO,32.76,0.0,665.0,669.0,0.0,100.4,31.0,Individual,6,High Risk,Manual Review
33641606,14700.0, 60 months,21.99,E,E5,8 years,MORTGAGE,49000.0,Source Verified,debt_consolidation,MN,34.78,0.0,710.0,714.0,2.0,86.6,40.0,Individual,6,High Risk,Manual Review
33561670,33575.0, 60 months,23.99,F,F2,< 1 year,MORTGAGE,80000.0,Verified,debt_consolidation,IN,30.05,0.0,700.0,704.0,1.0,67.5,49.0,Individual,5,High Risk,Manual Review
33471553,10900.0, 36 months,18.54,E,E1,10+ years,MORTGAGE,48000.0,Source Verified,debt_consolidation,CA,34.5,0.0,660.0,664.0,1.0,53.4,23.0,Individual,5,High Risk,Manual Review
33431485,18075.0, 60 months,18.54,E,E1,3 years,RENT,55000.0,Source Verified,debt_consolidation,SC,30.87,0.0,685.0,689.0,0.0,52.4,34.0,Individual,5,High Risk,Manual Review
33601857,16300.0, 60 months,18.54,E,E1,9 years,RENT,52000.0,Source Verified,debt_consolidation,CA,30.02,0.0,665.0,669.0,0.0,85.1,15.0,Individual,6,High Risk,Manual Review
34191791,5700.0, 36 months,18.54,E,E1,,RENT,17964.0,Verified,other,OH,37.47,0.0,660.0,664.0,1.0,27.9,24.0,Individual,5,High Risk,Manual Review
31317679,18425.0, 60 months,21.99,E,E5,9 years,OWN,42000.0,Source Verified,debt_consolidation,CA,33.13,0.0,720.0,724.0,0.0,32.3,30.0,Individual,5,High Risk,Manual Review
31858117,34350.0, 36 months,20.99,E,E4,10+ years,MORTGAGE,68718.0,Verified,debt_consolidation,AR,38.46,1.0,670.0,674.0,0.0,51.0,38.0,Individual,6,High Risk,Manual Review
33621764,35000.0, 60 months,18.54,E,E1,10+ years,MORTGAGE,92000.0,Verified,debt_consolidation,IN,20.7,1.0,660.0,664.0,0.0,89.5,28.0,Individual,5,High Risk,Manual Review
33561555,11500.0, 60 months,23.99,F,F2,10+ years,MORTGAGE,71500.0,Source Verified,debt_consolidation,TN,23.93,1.0,670.0,674.0,2.0,83.9,16.0,Individual,5,High Risk,Manual Review
33181806,10975.0, 60 months,19.99,E,E3,10+ years,MORTGAGE,40000.0,Source Verified,debt_consolidation,WV,30.24,0.0,690.0,694.0,0.0,44.9,10.0,Individual,5,High Risk,Manual Review
30746112,17875.0, 60 months,19.24,E,E2,10+ years,OWN,72000.0,Source Verified,home_improvement,FL,31.92,2.0,660.0,664.0,0.0,75.2,36.0,Individual,6,High Risk,Manual Review
33661491,5000.0, 36 months,19.99,E,E3,4 years,RENT,36000.0,Source Verified,debt_consolidation,CA,39.87,0.0,690.0,694.0,0.0,51.0,35.0,Individual,5,High Risk,Manual Review
33501550,6925.0, 36 months,24.99,F,F4,,RENT,14904.0,Verified,debt_consolidation,AL,30.35,0.0,690.0,694.0,0.0,29.0,9.0,Individual,5,High Risk,Manual Review
33431514,11325.0, 60 months,18.54,E,E1,7 years,OWN,48000.0,Source Verified,debt_consolidation,MN,30.4,0.0,665.0,669.0,1.0,43.1,17.0,Individual,5,High Risk,Manual Review
33481650,16000.0, 60 months,18.54,E,E1,2 years,RENT,40000.0,Source Verified,debt_consolidation,CO,31.35,0.0,675.0,679.0,0.0,63.3,47.0,Individual,5,High Risk,Manual Review
32309833,14375.0, 60 months,19.24,E,E2,7 years,RENT,40000.0,Source Verified,debt_consolidation,CA,34.92,0.0,715.0,719.0,0.0,56.5,17.0,Individual,5,High Risk,Manual Review
29624411,35000.0, 60 months,22.99,F,F1,10+ years,RENT,75000.0,Verified,debt_consolidation,NH,35.39,0.0,720.0,724.0,0.0,48.2,45.0,Individual,5,High Risk,Manual Review
33301871,20000.0, 60 months,18.54,E,E1,< 1 year,MORTGAGE,42000.0,Source Verified,debt_consolidation,MS,31.54,0.0,695.0,699.0,1.0,54.1,23.0,Individual,5,High Risk,Manual Review
33541555,13025.0, 36 months,18.54,E,E1,,MORTGAGE,60000.0,Verified,debt_consolidation,NY,22.04,1.0,670.0,674.0,2.0,82.6,25.0,Individual,5,High Risk,Manual Review
33541573,12000.0, 60 months,18.54,E,E1,3 years,MORTGAGE,50000.0,Verified,debt_consolidation,VA,31.18,0.0,665.0,669.0,0.0,88.2,41.0,Individual,6,High Risk,Manual Review
33631617,24525.0, 60 months,19.99,E,E3,10+ years,MORTGAGE,56000.0,Source Verified,debt_consolidation,GA,39.46,0.0,730.0,734.0,1.0,57.6,18.0,Individual,5,High Risk,Manual Review
33491629,9775.0, 36 months,19.99,E,E3,,RENT,22307.0,Verified,debt_consolidation,MI,33.23,0.0,665.0,669.0,1.0,23.9,25.0,Individual,5,High Risk,Manual Review
33381143,18950.0, 60 months,18.54,E,E1,6 years,MORTGAGE,103000.0,Verified,debt_consolidation,OH,38.56,0.0,685.0,689.0,1.0,65.7,47.0,Individual,5,High Risk,Manual Review
33441373,5375.0, 36 months,19.24,E,E2,,RENT,16048.0,Verified,home_improvement,NC,36.65,0.0,685.0,689.0,1.0,67.5,20.0,Individual,5,High Risk,Manual Review
33611495,14000.0, 60 months,23.99,F,F2,1 year,RENT,70000.0,Not Verified,debt_consolidation,PA,28.92,7.0,685.0,689.0,3.0,81.1,54.0,Individual,5,High Risk,Manual Review
32429015,30375.0, 60 months,22.99,F,F1,1 year,MORTGAGE,80000.0,Verified,debt_consolidation,CO,32.1,0.0,675.0,679.0,1.0,47.1,56.0,Individual,5,High Risk,Manual Review
33201683,17600.0, 60 months,21.99,E,E5,6 years,MORTGAGE,52000.0,Not Verified,debt_consolidation,CA,33.0,0.0,680.0,684.0,3.0,50.3,35.0,Individual,5,High Risk,Manual Review
33501370,30000.0, 60 months,18.54,E,E1,10+ years,MORTGAGE,75000.0,Verified,debt_consolidation,TN,24.0,1.0,665.0,669.0,0.0,87.2,22.0,Individual,5,High Risk,Manual Review
33310908,13050.0, 60 months,19.24,E,E2,10+ years,MORTGAGE,41000.0,Not Verified,debt_consolidation,AR,39.37,2.0,660.0,664.0,0.0,78.9,22.0,Individual,6,High Risk,Manual Review
33561368,13500.0, 60 months,23.99,F,F2,10+ years,RENT,45000.0,Verified,other,CA,39.92,0.0,675.0,679.0,0.0,80.6,33.0,Individual,6,High Risk,Manual Review
33621449,25000.0, 60 months,19.24,E,E2,,MORTGAGE,80000.0,Verified,debt_consolidation,NC,37.94,1.0,660.0,664.0,0.0,81.4,42.0,Individual,7,High Risk,Manual Review
32339667,28775.0, 60 months,18.54,E,E1,1 year,RENT,60000.0,Source Verified,debt_consolidation,NY,33.86,0.0,735.0,739.0,0.0,52.5,32.0,Individual,5,High Risk,Manual Review
33641339,20150.0, 60 months,19.24,E,E2,1 year,RENT,60000.0,Verified,credit_card,MN,37.8,0.0,670.0,674.0,1.0,81.4,40.0,Individual,6,High Risk,Manual Review
31718210,14375.0, 60 months,19.99,E,E3,10+ years,RENT,45000.0,Source Verified,debt_consolidation,VA,31.01,0.0,675.0,679.0,0.0,79.9,15.0,Individual,5,High Risk,Manual Review
33400494,29050.0, 60 months,19.24,E,E2,1 year,MORTGAGE,80000.0,Verified,credit_card,PA,35.09,0.0,745.0,749.0,1.0,79.4,32.0,Individual,5,High Risk,Manual Review
33230859,8975.0, 36 months,22.99,F,F1,2 years,RENT,28204.2,Source Verified,other,VA,33.45,0.0,665.0,669.0,1.0,89.5,27.0,Individual,6,High Risk,Manual Review
33591299,28550.0, 60 months,23.99,F,F2,3 years,MORTGAGE,68000.0,Source Verified,debt_consolidation,WI,31.98,0.0,690.0,694.0,1.0,67.1,35.0,Individual,5,High Risk,Manual Review
33571195,32100.0, 36 months,19.24,E,E2,2 years,RENT,70000.0,Verified,credit_card,MI,32.09,0.0,665.0,669.0,0.0,58.4,62.0,Individual,5,High Risk,Manual Review
33461294,9925.0, 36 months,19.99,E,E3,8 years,MORTGAGE,54000.0,Source Verified,home_improvement,UT,10.93,3.0,665.0,669.0,1.0,94.5,37.0,Individual,5,High Risk,Manual Review
33181968,20000.0, 60 months,16.29,D,D2,10+ years,MORTGAGE,75000.0,Verified,debt_consolidation,RI,36.05,1.0,680.0,684.0,2.0,80.9,47.0,Individual,5,High Risk,Manual Review
33201903,10725.0, 60 months,21.99,E,E5,4 years,RENT,36000.0,Source Verified,debt_consolidation,GA,32.3,0.0,675.0,679.0,0.0,53.7,8.0,Individual,5,High Risk,Manual Review
33231982,20050.0, 60 months,19.99,E,E3,10+ years,MORTGAGE,56000.0,Source Verified,debt_consolidation,TN,30.75,0.0,700.0,704.0,1.0,97.3,9.0,Individual,6,High Risk,Manual Review
33111279,18075.0, 60 months,20.99,E,E4,10+ years,MORTGAGE,50000.0,Verified,credit_card,MO,36.29,0.0,690.0,694.0,0.0,99.6,18.0,Individual,6,High Risk,Manual Review
33131956,25600.0, 60 months,24.5,F,F3,10+ years,OWN,61000.0,Source Verified,debt_consolidation,MT,32.8,0.0,670.0,674.0,1.0,79.4,48.0,Individual,5,High Risk,Manual Review
33141894,12250.0, 60 months,23.43,F,F1,< 1 year,MORTGAGE,32400.0,Source Verified,credit_card,NM,35.48,0.0,670.0,674.0,0.0,74.8,11.0,Individual,5,High Risk,Manual Review
33431529,15575.0, 36 months,17.57,D,D4,4 years,OWN,42500.0,Source Verified,credit_card,AK,30.61,1.0,700.0,704.0,0.0,94.2,22.0,Individual,5,High Risk,Manual Review
32059115,15125.0, 60 months,21.99,E,E5,1 year,MORTGAGE,45000.0,Not Verified,debt_consolidation,FL,24.63,3.0,670.0,674.0,0.0,89.1,24.0,Individual,5,High Risk,Manual Review
33381709,25850.0, 60 months,21.99,E,E5,7 years,MORTGAGE,59000.0,Source Verified,credit_card,NC,37.9,1.0,675.0,679.0,0.0,67.2,37.0,Individual,6,High Risk,Manual Review
33141890,19200.0, 60 months,18.99,E,E1,1 year,MORTGAGE,110000.0,Not Verified,credit_card,TX,15.33,1.0,660.0,664.0,0.0,87.2,15.0,Individual,5,High Risk,Manual Review
33411494,20000.0, 60 months,23.43,F,F1,9 years,MORTGAGE,60000.0,Verified,debt_consolidation,TX,31.18,0.0,660.0,664.0,2.0,35.4,31.0,Individual,5,High Risk,Manual Review
30115443,10425.0, 60 months,19.52,E,E2,< 1 year,RENT,63000.0,Source Verified,moving,KY,18.32,3.0,670.0,674.0,0.0,88.1,14.0,Individual,5,High Risk,Manual Review
33141804,7450.0, 36 months,20.2,E,E3,5 years,OWN,22000.0,Source Verified,debt_consolidation,NM,37.92,0.0,680.0,684.0,0.0,58.0,25.0,Individual,5,High Risk,Manual Review
33401396,10250.0, 60 months,20.2,E,E3,10+ years,MORTGAGE,41000.0,Not Verified,debt_consolidation,AR,34.34,0.0,710.0,714.0,0.0,35.5,50.0,Individual,5,High Risk,Manual Review
33141835,24250.0, 60 months,20.99,E,E4,10+ years,MORTGAGE,64000.0,Verified,debt_consolidation,SC,35.16,0.0,670.0,674.0,0.0,50.4,57.0,Individual,5,High Risk,Manual Review
32509755,12000.0, 60 months,20.99,E,E4,9 years,RENT,66000.0,Verified,debt_consolidation,NH,34.65,0.0,690.0,694.0,1.0,30.9,37.0,Individual,5,High Risk,Manual Review
29294502,20950.0, 60 months,20.2,E,E3,< 1 year,RENT,42000.0,Source Verified,debt_consolidation,PA,38.57,0.0,705.0,709.0,0.0,56.1,23.0,Individual,5,High Risk,Manual Review
33271686,13150.0, 60 months,23.43,F,F1,4 years,MORTGAGE,67500.0,Verified,debt_consolidation,OR,34.4,3.0,665.0,669.0,1.0,72.8,47.0,Individual,6,High Risk,Manual Review
33240340,4725.0, 36 months,20.99,E,E4,,MORTGAGE,45500.0,Verified,medical,CA,33.44,2.0,695.0,699.0,2.0,57.4,39.0,Individual,6,High Risk,Manual Review
33431355,11375.0, 60 months,23.43,F,F1,6 years,MORTGAGE,38000.0,Source Verified,debt_consolidation,NC,36.64,0.0,665.0,669.0,0.0,35.9,16.0,Individual,5,High Risk,Manual Review
33231768,23475.0, 60 months,24.5,F,F3,8 years,MORTGAGE,60000.0,Source Verified,debt_consolidation,CO,35.4,0.0,695.0,699.0,0.0,61.9,36.0,Individual,5,High Risk,Manual Review
33230956,13050.0, 60 months,19.52,E,E2,9 years,OWN,45000.0,Source Verified,debt_consolidation,FL,32.75,0.0,690.0,694.0,0.0,88.9,49.0,Individual,6,High Risk,Manual Review
33391526,12800.0, 60 months,25.99,G,G4,4 years,RENT,34000.0,Not Verified,car,MO,30.11,0.0,665.0,669.0,0.0,57.3,29.0,Individual,5,High Risk,Manual Review
33381501,12350.0, 60 months,20.99,E,E4,10+ years,MORTGAGE,44000.0,Source Verified,debt_consolidation,MN,32.27,0.0,675.0,679.0,0.0,66.8,16.0,Individual,5,High Risk,Manual Review
33400843,10800.0, 60 months,24.08,F,F2,7 years,RENT,30000.0,Source Verified,debt_consolidation,NY,33.92,0.0,670.0,674.0,0.0,62.5,22.0,Individual,5,High Risk,Manual Review
33301603,10000.0, 60 months,19.52,E,E2,10+ years,MORTGAGE,54000.0,Verified,debt_consolidation,IL,28.07,2.0,670.0,674.0,1.0,97.4,34.0,Individual,5,High Risk,Manual Review
33401170,28000.0, 60 months,20.2,E,E3,,MORTGAGE,82000.0,Source Verified,debt_consolidation,SC,31.37,4.0,660.0,664.0,0.0,74.7,41.0,Individual,6,High Risk,Manual Review
30645787,21100.0, 60 months,20.99,E,E4,3 years,RENT,66000.0,Verified,credit_card,WI,37.05,0.0,665.0,669.0,0.0,85.4,39.0,Individual,6,High Risk,Manual Review
33411354,9850.0, 36 months,18.99,E,E1,7 years,MORTGAGE,53000.0,Source Verified,debt_consolidation,NV,32.63,1.0,715.0,719.0,0.0,7.2,25.0,Individual,6,High Risk,Manual Review
33371208,15750.0, 36 months,19.52,E,E2,10+ years,MORTGAGE,36000.0,Verified,debt_consolidation,CA,37.73,1.0,670.0,674.0,1.0,45.0,30.0,Individual,6,High Risk,Manual Review
33201604,29000.0, 60 months,19.52,E,E2,3 years,MORTGAGE,118000.0,Source Verified,debt_consolidation,TX,13.49,1.0,690.0,694.0,0.0,81.8,29.0,Individual,5,High Risk,Manual Review
33201593,12175.0, 60 months,19.52,E,E2,10+ years,MORTGAGE,35000.0,Source Verified,debt_consolidation,KY,33.85,2.0,660.0,664.0,1.0,55.0,25.0,Individual,6,High Risk,Manual Review
33191650,7875.0, 36 months,19.52,E,E2,5 years,RENT,23335.0,Source Verified,debt_consolidation,FL,34.93,0.0,680.0,684.0,1.0,33.2,12.0,Individual,5,High Risk,Manual Review
33231006,3500.0, 36 months,18.99,E,E1,,MORTGAGE,22788.0,Verified,home_improvement,TX,32.55,0.0,695.0,699.0,2.0,35.2,21.0,Individual,5,High Risk,Manual Review
33351453,25200.0, 60 months,24.08,F,F2,,MORTGAGE,60000.0,Verified,debt_consolidation,GA,32.48,0.0,675.0,679.0,0.0,76.3,39.0,Individual,5,High Risk,Manual Review
33141393,30000.0, 60 months,19.52,E,E2,10+ years,MORTGAGE,79385.76,Verified,debt_consolidation,FL,30.6,0.0,695.0,699.0,0.0,79.7,27.0,Individual,5,High Risk,Manual Review
33191510,8750.0, 36 months,18.99,E,E1,6 years,MORTGAGE,43000.0,Not Verified,debt_consolidation,PA,38.12,0.0,685.0,689.0,1.0,98.3,20.0,Individual,6,High Risk,Manual Review
33310949,35000.0, 60 months,25.8,G,G1,2 years,MORTGAGE,92000.0,Verified,credit_card,KS,30.75,4.0,695.0,699.0,2.0,61.5,67.0,Individual,6,High Risk,Manual Review
32048603,10175.0, 36 months,19.52,E,E2,10+ years,OWN,80500.0,Verified,debt_consolidation,OK,37.31,1.0,670.0,674.0,4.0,99.6,76.0,Individual,7,High Risk,Manual Review
33311439,25200.0, 60 months,20.2,E,E3,5 years,MORTGAGE,60000.0,Source Verified,debt_consolidation,MI,33.02,0.0,710.0,714.0,0.0,81.8,29.0,Individual,6,High Risk,Manual Review
33211597,22650.0, 60 months,25.89,G,G3,10+ years,MORTGAGE,55000.0,Source Verified,debt_consolidation,OR,14.79,3.0,660.0,664.0,0.0,87.8,12.0,Individual,5,High Risk,Manual Review
33421256,2500.0, 36 months,23.43,F,F1,2 years,MORTGAGE,32000.0,Verified,medical,OH,34.7,0.0,665.0,669.0,3.0,39.9,19.0,Individual,5,High Risk,Manual Review
33211481,24000.0, 60 months,22.15,E,E5,3 years,OWN,120000.0,Source Verified,debt_consolidation,PA,7.18,2.0,660.0,664.0,3.0,84.7,30.0,Individual,5,High Risk,Manual Review
33301076,16800.0, 36 months,20.2,E,E3,10+ years,MORTGAGE,88000.0,Verified,renewable_energy,FL,30.4,0.0,670.0,674.0,2.0,63.9,48.0,Individual,5,High Risk,Manual Review
32519530,14850.0, 60 months,20.99,E,E4,5 years,RENT,34000.0,Source Verified,debt_consolidation,CA,37.18,0.0,710.0,714.0,1.0,72.8,16.0,Individual,5,High Risk,Manual Review
33301288,11000.0, 60 months,20.2,E,E3,4 years,RENT,70000.0,Source Verified,debt_consolidation,MD,15.5,1.0,660.0,664.0,0.0,92.7,20.0,Individual,5,High Risk,Manual Review
33200994,14375.0, 36 months,20.99,E,E4,5 years,RENT,48000.0,Source Verified,moving,CA,30.85,0.0,670.0,674.0,3.0,70.2,18.0,Individual,5,High Risk,Manual Review
33391001,35000.0, 36 months,18.99,E,E1,4 years,MORTGAGE,106900.0,Verified,debt_consolidation,VA,30.8,0.0,680.0,684.0,0.0,0.4,28.0,Individual,5,High Risk,Manual Review
32420147,25000.0, 60 months,19.52,E,E2,9 years,MORTGAGE,87000.0,Verified,debt_consolidation,PA,30.14,0.0,680.0,684.0,0.0,79.8,16.0,Individual,5,High Risk,Manual Review
33231376,16150.0, 36 months,18.99,E,E1,10+ years,MORTGAGE,45000.0,Source Verified,debt_consolidation,AL,31.23,0.0,695.0,699.0,0.0,71.4,26.0,Individual,5,High Risk,Manual Review
33140259,19375.0, 60 months,23.43,F,F1,10+ years,MORTGAGE,57000.0,Verified,debt_consolidation,GA,36.97,0.0,670.0,674.0,1.0,50.8,42.0,Individual,5,High Risk,Manual Review
33191188,3725.0, 36 months,19.52,E,E2,,RENT,8900.0,Verified,credit_card,KS,33.6,0.0,680.0,684.0,0.0,40.5,13.0,Individual,5,High Risk,Manual Review
29783996,13700.0, 36 months,20.99,E,E4,8 years,RENT,55000.0,Verified,debt_consolidation,NV,39.15,0.0,665.0,669.0,1.0,74.6,34.0,Individual,5,High Risk,Manual Review
33281240,21550.0, 60 months,25.8,G,G1,10+ years,MORTGAGE,50000.0,Verified,home_improvement,OH,33.22,0.0,660.0,664.0,2.0,71.9,19.0,Individual,5,High Risk,Manual Review
33131090,23975.0, 60 months,19.52,E,E2,4 years,RENT,48000.0,Verified,debt_consolidation,WI,39.63,0.0,670.0,674.0,1.0,63.8,32.0,Individual,5,High Risk,Manual Review
32569742,23500.0, 60 months,18.99,E,E1,10+ years,RENT,47000.0,Source Verified,debt_consolidation,CA,32.74,0.0,685.0,689.0,0.0,83.1,13.0,Individual,6,High Risk,Manual Review
33141032,19875.0, 60 months,22.15,E,E5,10+ years,MORTGAGE,48000.0,Verified,debt_consolidation,IN,31.0,0.0,660.0,664.0,2.0,56.9,31.0,Individual,5,High Risk,Manual Review
33311039,22075.0, 60 months,24.08,F,F2,10+ years,RENT,45500.0,Source Verified,debt_consolidation,IL,38.83,0.0,660.0,664.0,1.0,84.2,28.0,Individual,6,High Risk,Manual Review
33330984,20000.0, 60 months,18.99,E,E1,< 1 year,RENT,50000.0,Source Verified,debt_consolidation,HI,36.27,0.0,705.0,709.0,0.0,100.2,29.0,Individual,6,High Risk,Manual Review
33231089,33300.0, 60 months,18.99,E,E1,9 years,RENT,90500.0,Verified,debt_consolidation,AZ,34.7,0.0,670.0,674.0,0.0,55.9,18.0,Individual,5,High Risk,Manual Review
33180663,14225.0, 36 months,20.99,E,E4,10+ years,RENT,42000.0,Source Verified,debt_consolidation,PA,39.6,2.0,680.0,684.0,1.0,73.9,42.0,Individual,6,High Risk,Manual Review
33430481,10950.0, 36 months,16.99,D,D3,8 years,MORTGAGE,35000.0,Not Verified,credit_card,CA,36.21,1.0,665.0,669.0,0.0,90.7,22.0,Individual,5,High Risk,Manual Review
33181135,10000.0, 36 months,19.52,E,E2,< 1 year,RENT,25000.0,Source Verified,debt_consolidation,CA,33.18,0.0,670.0,674.0,0.0,90.1,15.0,Individual,6,High Risk,Manual Review
31998771,18125.0, 60 months,19.52,E,E2,< 1 year,MORTGAGE,50000.0,Source Verified,debt_consolidation,IL,35.36,0.0,685.0,689.0,0.0,72.2,27.0,Individual,5,High Risk,Manual Review
33270752,12000.0, 60 months,18.99,E,E1,10+ years,MORTGAGE,88000.0,Source Verified,major_purchase,TN,35.13,0.0,705.0,709.0,3.0,71.2,25.0,Individual,5,High Risk,Manual Review
32939877,30000.0, 60 months,20.99,E,E4,10+ years,MORTGAGE,75000.0,Verified,debt_consolidation,GA,22.53,2.0,675.0,679.0,0.0,89.3,27.0,Individual,5,High Risk,Manual Review
33430656,13325.0, 60 months,19.52,E,E2,10+ years,MORTGAGE,33400.0,Source Verified,debt_consolidation,OH,14.3,1.0,675.0,679.0,1.0,92.8,18.0,Individual,5,High Risk,Manual Review
33270876,13600.0, 60 months,20.99,E,E4,1 year,MORTGAGE,40000.0,Source Verified,debt_consolidation,PA,37.02,0.0,665.0,669.0,2.0,78.1,28.0,Individual,5,High Risk,Manual Review
33240893,22625.0, 60 months,19.52,E,E2,1 year,RENT,106500.0,Verified,debt_consolidation,TX,16.21,1.0,670.0,674.0,0.0,81.2,20.0,Individual,5,High Risk,Manual Review
33330766,28000.0, 36 months,19.52,E,E2,3 years,RENT,160000.0,Verified,debt_consolidation,CA,34.09,0.0,670.0,674.0,2.0,82.1,44.0,Individual,6,High Risk,Manual Review
32489449,18900.0, 60 months,19.52,E,E2,7 years,MORTGAGE,43000.0,Not Verified,debt_consolidation,MI,34.75,0.0,710.0,714.0,0.0,80.6,14.0,Individual,6,High Risk,Manual Review
33300798,12250.0, 60 months,22.15,E,E5,8 years,RENT,52000.0,Verified,debt_consolidation,MD,32.29,0.0,665.0,669.0,1.0,93.3,38.0,Individual,6,High Risk,Manual Review
33390494,6675.0, 36 months,24.08,F,F2,7 years,OWN,28000.0,Source Verified,home_improvement,NJ,35.02,0.0,660.0,664.0,0.0,59.7,27.0,Individual,5,High Risk,Manual Review
33430516,10100.0, 36 months,22.15,E,E5,6 years,RENT,33800.0,Verified,debt_consolidation,GA,31.88,0.0,670.0,674.0,0.0,96.0,10.0,Individual,6,High Risk,Manual Review
33270790,23000.0, 36 months,18.24,D,D5,10+ years,MORTGAGE,72000.0,Not Verified,debt_consolidation,MA,35.55,1.0,685.0,689.0,0.0,84.0,34.0,Individual,5,High Risk,Manual Review
32390356,13450.0, 60 months,19.52,E,E2,10+ years,OWN,74352.0,Verified,debt_consolidation,MA,34.75,0.0,680.0,684.0,0.0,95.5,44.0,Individual,6,High Risk,Manual Review
33210785,14100.0, 60 months,20.99,E,E4,,MORTGAGE,41760.0,Verified,debt_consolidation,WV,32.39,1.0,690.0,694.0,1.0,34.1,31.0,Individual,6,High Risk,Manual Review
33130661,20000.0, 60 months,23.43,F,F1,10+ years,MORTGAGE,65000.0,Source Verified,debt_consolidation,UT,23.28,1.0,665.0,669.0,0.0,80.9,53.0,Individual,5,High Risk,Manual Review
33029911,20000.0, 60 months,20.99,E,E4,10+ years,RENT,45000.0,Source Verified,debt_consolidation,KS,33.28,2.0,660.0,664.0,2.0,61.9,59.0,Individual,6,High Risk,Manual Review
33310426,16850.0, 60 months,19.52,E,E2,5 years,MORTGAGE,58691.0,Not Verified,debt_consolidation,NC,32.55,0.0,710.0,714.0,1.0,61.4,25.0,Individual,5,High Risk,Manual Review
33210675,11325.0, 60 months,25.83,G,G2,10+ years,MORTGAGE,38000.0,Verified,debt_consolidation,IL,33.8,0.0,670.0,674.0,0.0,78.8,23.0,Individual,5,High Risk,Manual Review
33250691,18425.0, 60 months,19.52,E,E2,10+ years,MORTGAGE,70000.0,Verified,credit_card,OH,38.75,0.0,665.0,669.0,3.0,77.7,30.0,Individual,5,High Risk,Manual Review
33430383,8800.0, 36 months,20.2,E,E3,1 year,RENT,26000.0,Verified,debt_consolidation,KS,34.63,1.0,665.0,669.0,0.0,80.2,20.0,Individual,7,High Risk,Manual Review
33300591,35000.0, 60 months,20.2,E,E3,1 year,MORTGAGE,120000.0,Verified,debt_consolidation,CA,35.55,0.0,695.0,699.0,1.0,75.8,45.0,Individual,5,High Risk,Manual Review
33140617,14050.0, 60 months,25.57,F,F5,10+ years,RENT,32000.0,Source Verified,debt_consolidation,WI,30.13,0.0,695.0,699.0,0.0,90.9,10.0,Individual,6,High Risk,Manual Review
32218427,16800.0, 60 months,20.2,E,E3,4 years,MORTGAGE,62000.0,Verified,debt_consolidation,CT,31.86,0.0,665.0,669.0,0.0,77.3,37.0,Individual,5,High Risk,Manual Review
33310556,31450.0, 60 months,22.15,E,E5,1 year,MORTGAGE,105000.0,Verified,debt_consolidation,TN,35.79,0.0,700.0,704.0,0.0,77.5,34.0,Individual,5,High Risk,Manual Review
32669599,15350.0, 36 months,20.99,E,E4,5 years,RENT,35000.0,Verified,debt_consolidation,AL,35.8,0.0,670.0,674.0,0.0,23.5,18.0,Individual,5,High Risk,Manual Review
33270413,21000.0, 60 months,22.15,E,E5,10+ years,MORTGAGE,149000.0,Source Verified,credit_card,IL,17.94,1.0,710.0,714.0,2.0,90.2,58.0,Individual,5,High Risk,Manual Review
33210549,11100.0, 60 months,24.5,F,F3,2 years,RENT,32000.0,Source Verified,debt_consolidation,NY,34.4,0.0,695.0,699.0,0.0,44.0,15.0,Individual,5,High Risk,Manual Review
31717828,1475.0, 36 months,20.2,E,E3,2 years,RENT,35000.0,Not Verified,debt_consolidation,TX,30.04,1.0,680.0,684.0,3.0,72.8,22.0,Individual,6,High Risk,Manual Review
33180447,11625.0, 60 months,18.99,E,E1,5 years,RENT,46968.0,Source Verified,debt_consolidation,NJ,36.18,0.0,660.0,664.0,1.0,55.5,17.0,Individual,5,High Risk,Manual Review
33110385,12600.0, 60 months,23.43,F,F1,10+ years,MORTGAGE,37000.0,Source Verified,debt_consolidation,LA,33.83,1.0,685.0,689.0,0.0,40.7,18.0,Individual,6,High Risk,Manual Review
33260155,19500.0, 60 months,24.08,F,F2,4 years,MORTGAGE,61000.0,Verified,credit_card,KY,31.87,0.0,670.0,674.0,0.0,92.2,31.0,Individual,6,High Risk,Manual Review
33430237,23700.0, 60 months,20.99,E,E4,< 1 year,RENT,47500.0,Source Verified,debt_consolidation,OH,37.19,0.0,670.0,674.0,1.0,48.2,32.0,Individual,5,High Risk,Manual Review
33320394,25700.0, 60 months,18.99,E,E1,10+ years,MORTGAGE,72000.0,Source Verified,debt_consolidation,CA,21.4,1.0,670.0,674.0,0.0,85.8,27.0,Individual,5,High Risk,Manual Review
33150420,13000.0, 60 months,18.99,E,E1,< 1 year,RENT,85000.0,Verified,small_business,AZ,32.16,0.0,685.0,689.0,1.0,62.1,52.0,Individual,5,High Risk,Manual Review
32689603,16750.0, 60 months,22.15,E,E5,10+ years,RENT,49500.0,Verified,debt_consolidation,IL,36.92,0.0,690.0,694.0,1.0,78.4,33.0,Individual,5,High Risk,Manual Review
20728968,27000.0, 60 months,22.15,E,E5,2 years,MORTGAGE,70000.0,Source Verified,debt_consolidation,PA,31.44,0.0,730.0,734.0,2.0,33.5,27.0,Individual,5,High Risk,Manual Review
33300416,23325.0, 60 months,24.08,F,F2,10+ years,RENT,50710.0,Source Verified,debt_consolidation,CA,36.99,4.0,690.0,694.0,1.0,78.9,43.0,Individual,6,High Risk,Manual Review
33250412,24925.0, 60 months,22.15,E,E5,3 years,RENT,50000.0,Source Verified,home_improvement,HI,32.85,1.0,660.0,664.0,2.0,85.8,34.0,Individual,7,High Risk,Manual Review
13356656,8350.0, 36 months,18.99,E,E1,10+ years,RENT,35000.0,Source Verified,debt_consolidation,IL,30.69,0.0,670.0,674.0,0.0,51.3,27.0,Individual,5,High Risk,Manual Review
33280312,8975.0, 36 months,19.52,E,E2,,RENT,18102.6,Verified,credit_card,AL,34.75,0.0,670.0,674.0,1.0,54.4,16.0,Individual,5,High Risk,Manual Review
33190291,10750.0, 60 months,19.52,E,E2,6 years,OWN,33695.0,Verified,credit_card,OH,31.85,0.0,660.0,664.0,0.0,101.5,18.0,Individual,6,High Risk,Manual Review
33260231,17975.0, 60 months,19.52,E,E2,8 years,RENT,45000.0,Not Verified,debt_consolidation,OR,31.36,3.0,660.0,664.0,0.0,74.5,25.0,Individual,6,High Risk,Manual Review
33260237,31450.0, 36 months,19.52,E,E2,6 years,RENT,75000.0,Verified,debt_consolidation,CA,32.98,0.0,665.0,669.0,0.0,78.9,20.0,Individual,5,High Risk,Manual Review
32068430,13475.0, 60 months,23.43,F,F1,10+ years,RENT,27000.0,Source Verified,debt_consolidation,MA,33.11,0.0,680.0,684.0,2.0,43.9,17.0,Individual,5,High Risk,Manual Review
33280213,30000.0, 60 months,19.52,E,E2,10+ years,RENT,110000.0,Verified,debt_consolidation,CO,31.74,2.0,660.0,664.0,1.0,95.9,34.0,Individual,7,High Risk,Manual Review
33360210,21075.0, 60 months,24.08,F,F2,3 years,MORTGAGE,46000.0,Verified,debt_consolidation,MS,30.73,0.0,690.0,694.0,0.0,40.2,23.0,Individual,5,High Risk,Manual Review
32290077,18425.0, 60 months,25.8,G,G1,2 years,RENT,37000.0,Not Verified,debt_consolidation,OH,31.98,3.0,660.0,664.0,1.0,50.0,44.0,Individual,6,High Risk,Manual Review
33220204,25000.0, 60 months,20.2,E,E3,10+ years,RENT,66000.0,Verified,debt_consolidation,PA,30.6,0.0,700.0,704.0,4.0,37.0,52.0,Individual,5,High Risk,Manual Review
33320246,12175.0, 60 months,23.43,F,F1,3 years,MORTGAGE,34000.0,Source Verified,debt_consolidation,IN,34.7,0.0,690.0,694.0,1.0,87.7,24.0,Individual,6,High Risk,Manual Review
33230126,15000.0, 60 months,18.99,E,E1,10+ years,MORTGAGE,114000.0,Not Verified,debt_consolidation,OR,15.0,1.0,670.0,674.0,0.0,85.9,25.0,Individual,5,High Risk,Manual Review
33330105,16125.0, 60 months,20.99,E,E4,7 years,RENT,45000.0,Source Verified,other,CA,34.48,2.0,660.0,664.0,0.0,90.0,33.0,Individual,7,High Risk,Manual Review
33240176,2700.0, 36 months,18.99,E,E1,10+ years,MORTGAGE,51000.0,Verified,debt_consolidation,CA,37.36,0.0,660.0,664.0,0.0,65.0,51.0,Individual,5,High Risk,Manual Review
33350111,18000.0, 60 months,18.99,E,E1,8 years,OWN,54000.0,Source Verified,debt_consolidation,MS,35.29,2.0,660.0,664.0,0.0,70.1,27.0,Individual,6,High Risk,Manual Review
33069839,22000.0, 60 months,18.99,E,E1,3 years,RENT,55000.0,Verified,credit_card,LA,32.08,0.0,680.0,684.0,0.0,74.5,44.0,Individual,5,High Risk,Manual Review
33049873,15175.0, 60 months,23.43,F,F1,3 years,RENT,42340.0,Verified,debt_consolidation,CA,30.16,0.0,665.0,669.0,1.0,59.6,25.0,Individual,5,High Risk,Manual Review
33330087,24000.0, 36 months,18.99,E,E1,2 years,MORTGAGE,112000.0,Verified,other,MA,34.65,1.0,675.0,679.0,1.0,66.0,17.0,Individual,6,High Risk,Manual Review
33300083,8600.0, 36 months,20.99,E,E4,6 years,MORTGAGE,39000.0,Source Verified,debt_consolidation,KY,34.52,0.0,710.0,714.0,1.0,53.7,19.0,Individual,5,High Risk,Manual Review
33050047,8000.0, 36 months,22.15,E,E5,,RENT,120000.0,Verified,vacation,HI,38.53,1.0,670.0,674.0,1.0,76.5,41.0,Individual,6,High Risk,Manual Review
33130068,16000.0, 60 months,6.0,E,E2,10+ years,MORTGAGE,60000.0,Not Verified,debt_consolidation,GA,37.22,0.0,680.0,684.0,0.0,80.3,67.0,Individual,5,High Risk,Manual Review
33150082,27050.0, 60 months,24.5,F,F3,4 years,MORTGAGE,66000.0,Source Verified,debt_consolidation,TX,39.93,0.0,680.0,684.0,0.0,67.8,46.0,Individual,5,High Risk,Manual Review
23905209,14475.0, 60 months,24.5,F,F3,6 years,MORTGAGE,54000.0,Not Verified,debt_consolidation,TX,30.62,0.0,675.0,679.0,0.0,45.1,19.0,Individual,5,High Risk,Manual Review
32450062,13925.0, 60 months,20.99,E,E4,7 years,RENT,38752.0,Verified,credit_card,NY,34.62,0.0,700.0,704.0,1.0,77.6,22.0,Individual,5,High Risk,Manual Review
31226420,13625.0, 60 months,20.99,E,E4,10+ years,RENT,36000.0,Source Verified,credit_card,MI,37.43,0.0,695.0,699.0,1.0,91.4,24.0,Individual,6,High Risk,Manual Review
33029952,9400.0, 36 months,19.52,E,E2,< 1 year,MORTGAGE,54000.0,Source Verified,debt_consolidation,MD,32.42,0.0,690.0,694.0,1.0,44.4,32.0,Individual,5,High Risk,Manual Review
33069871,10000.0, 60 months,20.99,E,E4,10+ years,MORTGAGE,42400.0,Not Verified,debt_consolidation,SC,34.19,0.0,705.0,709.0,0.0,82.3,22.0,Individual,6,High Risk,Manual Review
33009889,4950.0, 36 months,19.52,E,E2,9 years,RENT,104000.0,Source Verified,debt_consolidation,TX,7.6,1.0,660.0,664.0,4.0,84.2,22.0,Individual,5,High Risk,Manual Review
32849837,20275.0, 36 months,18.99,E,E1,9 years,RENT,56477.0,Verified,debt_consolidation,MA,38.55,0.0,690.0,694.0,0.0,99.4,24.0,Individual,6,High Risk,Manual Review
32939979,18000.0, 60 months,18.99,E,E1,10+ years,RENT,42000.0,Source Verified,credit_card,OR,31.97,0.0,675.0,679.0,0.0,95.6,17.0,Individual,6,High Risk,Manual Review
31035999,13175.0, 60 months,24.08,F,F2,10+ years,RENT,44000.0,Verified,debt_consolidation,OH,37.1,0.0,690.0,694.0,1.0,22.4,36.0,Individual,5,High Risk,Manual Review
32939961,26575.0, 60 months,24.99,F,F4,7 years,MORTGAGE,74000.0,Source Verified,debt_consolidation,TX,33.64,0.0,690.0,694.0,1.0,60.2,33.0,Individual,5,High Risk,Manual Review
32979831,21975.0, 60 months,22.15,E,E5,6 years,MORTGAGE,45000.0,Source Verified,debt_consolidation,KS,30.91,1.0,670.0,674.0,0.0,59.6,16.0,Individual,6,High Risk,Manual Review
32189181,15100.0, 60 months,18.99,E,E1,10+ years,OWN,42000.0,Verified,debt_consolidation,CA,36.76,1.0,690.0,694.0,0.0,52.4,21.0,Individual,6,High Risk,Manual Review
32489370,12000.0, 36 months,18.99,E,E1,10+ years,MORTGAGE,90000.0,Source Verified,debt_consolidation,CA,14.47,2.0,670.0,674.0,0.0,80.1,37.0,Individual,5,High Risk,Manual Review
32619616,10000.0, 36 months,18.99,E,E1,5 years,MORTGAGE,52000.0,Source Verified,debt_consolidation,MN,31.36,0.0,675.0,679.0,0.0,67.2,24.0,Individual,5,High Risk,Manual Review
32739728,21575.0, 60 months,23.43,F,F1,8 years,MORTGAGE,60000.0,Verified,debt_consolidation,SD,32.86,0.0,685.0,689.0,2.0,82.6,21.0,Individual,6,High Risk,Manual Review
32749747,23600.0, 60 months,18.99,E,E1,9 years,RENT,65000.0,Verified,credit_card,IL,39.7,0.0,705.0,709.0,0.0,86.7,36.0,Individual,6,High Risk,Manual Review
32429541,14000.0, 60 months,19.52,E,E2,4 years,RENT,50000.0,Not Verified,debt_consolidation,GA,18.58,1.0,665.0,669.0,0.0,96.6,19.0,Individual,5,High Risk,Manual Review
32749752,16300.0, 60 months,20.99,E,E4,10+ years,OWN,68000.0,Verified,debt_consolidation,IL,37.22,2.0,670.0,674.0,2.0,70.3,31.0,Individual,6,High Risk,Manual Review
32659799,12600.0, 60 months,18.99,E,E1,10+ years,RENT,35000.0,Source Verified,debt_consolidation,MO,30.59,0.0,660.0,664.0,0.0,97.1,8.0,Individual,6,High Risk,Manual Review
32689774,12000.0, 60 months,20.99,E,E4,2 years,MORTGAGE,45000.0,Source Verified,debt_consolidation,TX,38.56,3.0,670.0,674.0,0.0,75.6,52.0,Individual,6,High Risk,Manual Review
22031402,21275.0, 60 months,26.06,G,G5,10+ years,RENT,60000.0,Verified,house,FL,30.18,0.0,695.0,699.0,0.0,50.3,11.0,Individual,5,High Risk,Manual Review
32649642,6000.0, 36 months,24.08,F,F2,4 years,RENT,20000.0,Source Verified,debt_consolidation,IL,36.19,0.0,670.0,674.0,0.0,48.9,15.0,Individual,5,High Risk,Manual Review
32659627,33000.0, 60 months,20.99,E,E4,10+ years,RENT,68000.0,Verified,debt_consolidation,TX,38.16,1.0,660.0,664.0,2.0,93.6,54.0,Individual,7,High Risk,Manual Review
32669651,18900.0, 36 months,18.99,E,E1,9 years,MORTGAGE,48000.0,Not Verified,debt_consolidation,IL,39.05,0.0,675.0,679.0,1.0,92.9,21.0,Individual,6,High Risk,Manual Review
32340344,15000.0, 60 months,20.99,E,E4,1 year,MORTGAGE,35000.0,Source Verified,home_improvement,NJ,38.92,0.0,670.0,674.0,0.0,71.0,24.0,Individual,5,High Risk,Manual Review
32689599,30900.0, 60 months,20.2,E,E3,10+ years,MORTGAGE,83000.0,Source Verified,debt_consolidation,MN,34.09,0.0,705.0,709.0,2.0,55.4,59.0,Individual,5,High Risk,Manual Review
32319660,20000.0, 60 months,20.2,E,E3,5 years,MORTGAGE,70000.0,Source Verified,debt_consolidation,NC,22.36,1.0,675.0,679.0,0.0,91.6,21.0,Individual,5,High Risk,Manual Review
32559654,23475.0, 60 months,19.52,E,E2,10+ years,RENT,60000.0,Source Verified,credit_card,VA,38.52,0.0,695.0,699.0,0.0,57.0,34.0,Individual,5,High Risk,Manual Review
31927940,20725.0, 60 months,24.99,F,F4,10+ years,RENT,41600.0,Verified,debt_consolidation,LA,34.1,0.0,665.0,669.0,1.0,41.2,44.0,Individual,5,High Risk,Manual Review
32609661,32425.0, 60 months,24.5,F,F3,10+ years,MORTGAGE,80000.0,Verified,debt_consolidation,MD,32.93,0.0,690.0,694.0,1.0,48.0,35.0,Individual,5,High Risk,Manual Review
32430003,11425.0, 60 months,18.99,E,E1,10+ years,MORTGAGE,95000.0,Verified,credit_card,HI,34.56,0.0,695.0,699.0,3.0,65.3,18.0,Individual,5,High Risk,Manual Review
30805783,21250.0, 60 months,18.99,E,E1,7 years,MORTGAGE,70000.0,Verified,debt_consolidation,CO,33.48,0.0,670.0,674.0,2.0,26.5,42.0,Individual,5,High Risk,Manual Review
32430399,12000.0, 60 months,19.52,E,E2,6 years,MORTGAGE,43000.0,Source Verified,debt_consolidation,FL,32.09,0.0,670.0,674.0,2.0,64.6,13.0,Individual,5,High Risk,Manual Review
32689578,20275.0, 60 months,20.2,E,E3,5 years,RENT,150000.0,Verified,debt_consolidation,CA,10.12,1.0,685.0,689.0,5.0,84.0,28.0,Individual,5,High Risk,Manual Review
32359756,12925.0, 60 months,22.15,E,E5,3 years,RENT,36000.0,Source Verified,other,NJ,38.3,0.0,715.0,719.0,1.0,28.3,25.0,Individual,5,High Risk,Manual Review
32470038,12575.0, 36 months,20.99,E,E4,4 years,OWN,37000.0,Verified,debt_consolidation,MN,33.54,0.0,685.0,689.0,2.0,51.7,39.0,Individual,5,High Risk,Manual Review
31688084,16000.0, 60 months,20.99,E,E4,10+ years,RENT,72000.0,Source Verified,medical,NY,21.13,1.0,685.0,689.0,0.0,90.5,26.0,Individual,5,High Risk,Manual Review
32509654,3250.0, 36 months,18.99,E,E1,10+ years,MORTGAGE,11000.0,Source Verified,other,OH,34.93,0.0,665.0,669.0,3.0,57.8,15.0,Individual,5,High Risk,Manual Review
32480204,5000.0, 36 months,20.2,E,E3,2 years,RENT,43500.0,Not Verified,moving,NY,31.06,0.0,685.0,689.0,1.0,68.6,20.0,Individual,5,High Risk,Manual Review
32280154,13150.0, 36 months,20.99,E,E4,8 years,RENT,34000.0,Source Verified,credit_card,FL,30.25,0.0,675.0,679.0,0.0,92.0,11.0,Individual,6,High Risk,Manual Review
32669591,20000.0, 60 months,20.2,E,E3,< 1 year,RENT,48000.0,Verified,debt_consolidation,CA,36.8,0.0,680.0,684.0,0.0,93.6,11.0,Individual,6,High Risk,Manual Review
32439718,8000.0, 36 months,19.52,E,E2,9 years,RENT,27000.0,Source Verified,debt_consolidation,KS,37.29,0.0,660.0,664.0,0.0,79.1,17.0,Individual,5,High Risk,Manual Review
32280081,13175.0, 60 months,18.99,E,E1,7 years,RENT,30000.0,Source Verified,debt_consolidation,GA,37.92,0.0,705.0,709.0,0.0,54.8,26.0,Individual,5,High Risk,Manual Review
32359976,24350.0, 36 months,20.2,E,E3,10+ years,OWN,58000.0,Verified,debt_consolidation,CO,36.17,0.0,685.0,689.0,0.0,50.4,34.0,Individual,5,High Risk,Manual Review
32399065,6000.0, 36 months,16.99,D,D3,6 years,RENT,46000.0,Source Verified,credit_card,LA,31.96,1.0,660.0,664.0,0.0,91.2,20.0,Individual,5,High Risk,Manual Review
32320005,12000.0, 60 months,20.2,E,E3,10+ years,MORTGAGE,46000.0,Source Verified,medical,AZ,38.77,0.0,660.0,664.0,1.0,35.8,45.0,Individual,5,High Risk,Manual Review
32199120,22800.0, 60 months,22.15,E,E5,10+ years,MORTGAGE,60000.0,Source Verified,debt_consolidation,GA,38.52,0.0,685.0,689.0,0.0,41.3,51.0,Individual,5,High Risk,Manual Review
28272549,28250.0, 60 months,24.08,F,F2,2 years,MORTGAGE,88500.0,Source Verified,debt_consolidation,MS,18.13,2.0,660.0,664.0,2.0,97.1,18.0,Individual,5,High Risk,Manual Review
32509613,18150.0, 60 months,20.99,E,E4,10+ years,MORTGAGE,50000.0,Source Verified,other,TX,34.76,0.0,675.0,679.0,0.0,55.3,19.0,Individual,5,High Risk,Manual Review
32300108,14000.0, 60 months,22.15,E,E5,5 years,MORTGAGE,35000.0,Source Verified,debt_consolidation,MA,31.76,0.0,695.0,699.0,0.0,102.1,17.0,Individual,6,High Risk,Manual Review
32390173,11750.0, 60 months,23.43,F,F1,10+ years,MORTGAGE,42000.0,Source Verified,debt_consolidation,TX,34.11,0.0,670.0,674.0,2.0,64.4,17.0,Individual,5,High Risk,Manual Review
32449983,35000.0, 60 months,20.2,E,E3,9 years,OWN,85000.0,Verified,debt_consolidation,FL,30.27,0.0,665.0,669.0,1.0,64.0,76.0,Individual,5,High Risk,Manual Review
32430215,13950.0, 60 months,20.2,E,E3,< 1 year,RENT,35000.0,Source Verified,debt_consolidation,TX,39.23,1.0,675.0,679.0,0.0,101.6,23.0,Individual,7,High Risk,Manual Review
32328951,27000.0, 60 months,22.15,E,E5,10+ years,MORTGAGE,71000.0,Source Verified,debt_consolidation,NJ,32.32,1.0,685.0,689.0,0.0,68.0,47.0,Individual,6,High Risk,Manual Review
32399993,25000.0, 60 months,18.99,E,E1,< 1 year,MORTGAGE,50000.0,Source Verified,home_improvement,FL,33.09,0.0,690.0,694.0,2.0,78.3,36.0,Individual,5,High Risk,Manual Review
32310037,19000.0, 60 months,20.99,E,E4,< 1 year,RENT,50800.0,Not Verified,credit_card,UT,30.38,0.0,670.0,674.0,2.0,65.0,33.0,Individual,5,High Risk,Manual Review
32340112,15050.0, 60 months,19.52,E,E2,< 1 year,RENT,40000.0,Source Verified,debt_consolidation,OR,31.05,1.0,685.0,689.0,0.0,62.3,8.0,Individual,6,High Risk,Manual Review
29785248,8350.0, 36 months,24.08,F,F2,10+ years,MORTGAGE,28000.0,Source Verified,debt_consolidation,MO,36.31,1.0,670.0,674.0,1.0,52.9,49.0,Individual,6,High Risk,Manual Review
32409873,12600.0, 60 months,24.08,F,F2,< 1 year,RENT,42000.0,Source Verified,debt_consolidation,NV,34.49,0.0,660.0,664.0,2.0,48.8,24.0,Individual,5,High Risk,Manual Review
32509961,15000.0, 60 months,19.52,E,E2,< 1 year,RENT,38000.0,Source Verified,debt_consolidation,IL,31.02,0.0,660.0,664.0,1.0,39.1,30.0,Individual,5,High Risk,Manual Review
32289787,11675.0, 36 months,19.52,E,E2,3 years,MORTGAGE,61000.0,Source Verified,debt_consolidation,OR,22.19,1.0,665.0,669.0,1.0,89.3,37.0,Individual,5,High Risk,Manual Review
32350017,35000.0, 60 months,18.99,E,E1,4 years,MORTGAGE,87000.0,Verified,credit_card,AL,36.29,0.0,660.0,664.0,0.0,79.6,34.0,Individual,5,High Risk,Manual Review
32439815,18000.0, 60 months,19.52,E,E2,4 years,MORTGAGE,50000.0,Not Verified,debt_consolidation,FL,30.63,1.0,680.0,684.0,1.0,60.5,37.0,Individual,6,High Risk,Manual Review
31467865,16000.0, 60 months,18.99,E,E1,7 years,RENT,70000.0,Source Verified,other,CA,7.97,1.0,660.0,664.0,1.0,89.7,38.0,Individual,5,High Risk,Manual Review
32519693,19650.0, 36 months,20.99,E,E4,5 years,RENT,50000.0,Source Verified,debt_consolidation,UT,30.56,2.0,665.0,669.0,3.0,69.5,44.0,Individual,6,High Risk,Manual Review
28724406,8775.0, 36 months,22.15,E,E5,1 year,OWN,26000.0,Verified,debt_consolidation,PA,37.63,0.0,660.0,664.0,1.0,59.5,42.0,Individual,5,High Risk,Manual Review
30244917,17475.0, 60 months,20.2,E,E3,10+ years,OWN,35000.0,Source Verified,home_improvement,IL,36.35,2.0,665.0,669.0,2.0,38.0,48.0,Individual,6,High Risk,Manual Review
32319714,32225.0, 60 months,25.8,G,G1,1 year,MORTGAGE,85000.0,Verified,debt_consolidation,CA,36.86,0.0,660.0,664.0,1.0,95.2,54.0,Individual,6,High Risk,Manual Review
32379729,10375.0, 60 months,22.15,E,E5,2 years,RENT,25000.0,Not Verified,debt_consolidation,CA,33.94,0.0,715.0,719.0,0.0,22.2,13.0,Individual,5,High Risk,Manual Review
32279642,14700.0, 36 months,19.52,E,E2,3 years,RENT,41000.0,Source Verified,debt_consolidation,GA,35.01,0.0,670.0,674.0,1.0,47.3,34.0,Individual,5,High Risk,Manual Review
32409669,10000.0, 60 months,22.15,E,E5,1 year,RENT,33000.0,Source Verified,debt_consolidation,FL,32.55,0.0,675.0,679.0,0.0,67.3,25.0,Individual,5,High Risk,Manual Review
32309816,8950.0, 36 months,18.99,E,E1,7 years,OWN,25000.0,Source Verified,debt_consolidation,TX,33.7,0.0,665.0,669.0,0.0,77.1,9.0,Individual,5,High Risk,Manual Review
32479488,13700.0, 60 months,20.2,E,E3,4 years,MORTGAGE,30000.0,Source Verified,debt_consolidation,PA,36.84,0.0,670.0,674.0,1.0,34.4,29.0,Individual,5,High Risk,Manual Review
32309827,14450.0, 60 months,24.5,F,F3,10+ years,RENT,54500.0,Verified,moving,CA,31.6,1.0,685.0,689.0,4.0,31.0,26.0,Individual,6,High Risk,Manual Review
32489743,21400.0, 36 months,19.52,E,E2,10+ years,RENT,80000.0,Verified,debt_consolidation,CO,30.37,1.0,740.0,744.0,0.0,23.4,16.0,Individual,6,High Risk,Manual Review
29694575,12000.0, 60 months,20.2,E,E3,2 years,RENT,37000.0,Source Verified,debt_consolidation,NY,35.8,0.0,700.0,704.0,0.0,53.6,38.0,Individual,5,High Risk,Manual Review
31237384,20950.0, 60 months,16.29,D,D2,10+ years,MORTGAGE,65500.0,Verified,debt_consolidation,PA,32.7,2.0,720.0,724.0,0.0,99.6,25.0,Individual,5,High Risk,Manual Review
29805009,6425.0, 36 months,22.15,E,E5,10+ years,RENT,30000.0,Source Verified,debt_consolidation,PA,32.12,1.0,695.0,699.0,2.0,73.4,40.0,Individual,6,High Risk,Manual Review
32429073,24300.0, 60 months,22.15,E,E5,7 years,MORTGAGE,80000.0,Source Verified,debt_consolidation,MS,36.95,1.0,675.0,679.0,2.0,85.5,38.0,Individual,7,High Risk,Manual Review
32279610,16000.0, 60 months,18.99,E,E1,10+ years,MORTGAGE,180000.0,Source Verified,debt_consolidation,UT,24.95,1.0,680.0,684.0,2.0,80.2,46.0,Individual,5,High Risk,Manual Review
32528886,10000.0, 60 months,20.2,E,E3,10+ years,OWN,36000.0,Source Verified,other,AR,31.83,0.0,680.0,684.0,0.0,35.1,13.0,Individual,5,High Risk,Manual Review
32339472,25000.0, 60 months,18.99,E,E1,10+ years,MORTGAGE,70000.0,Verified,debt_consolidation,MO,31.44,0.0,675.0,679.0,1.0,81.0,29.0,Individual,6,High Risk,Manual Review
32459366,14700.0, 60 months,24.08,F,F2,2 years,OWN,35000.0,Source Verified,debt_consolidation,MA,36.11,0.0,775.0,779.0,2.0,23.6,20.0,Individual,5,High Risk,Manual Review
32469410,12000.0, 60 months,22.15,E,E5,< 1 year,RENT,52512.0,Verified,moving,OK,32.7,0.0,720.0,724.0,1.0,55.4,18.0,Individual,5,High Risk,Manual Review
32089497,10850.0, 60 months,20.2,E,E3,8 years,RENT,32000.0,Source Verified,debt_consolidation,VA,36.28,0.0,660.0,664.0,0.0,50.9,21.0,Individual,5,High Risk,Manual Review
32379070,22850.0, 60 months,20.2,E,E3,10+ years,MORTGAGE,45760.0,Source Verified,debt_consolidation,AL,33.25,0.0,685.0,689.0,1.0,96.5,15.0,Individual,6,High Risk,Manual Review
32449292,34625.0, 60 months,24.08,F,F2,6 years,RENT,72375.0,Verified,debt_consolidation,NC,38.72,0.0,715.0,719.0,2.0,54.1,24.0,Individual,5,High Risk,Manual Review
29734126,11925.0, 60 months,18.99,E,E1,10+ years,RENT,42292.0,Source Verified,debt_consolidation,MD,32.8,0.0,705.0,709.0,1.0,70.0,18.0,Individual,5,High Risk,Manual Review
32409305,9700.0, 36 months,17.57,D,D4,1 year,MORTGAGE,77000.0,Verified,debt_consolidation,NJ,34.83,1.0,675.0,679.0,0.0,82.0,31.0,Individual,5,High Risk,Manual Review
32319043,18675.0, 60 months,18.99,E,E1,10+ years,MORTGAGE,52000.0,Verified,debt_consolidation,DE,30.19,0.0,665.0,669.0,2.0,33.9,37.0,Individual,5,High Risk,Manual Review
32369203,32000.0, 60 months,20.2,E,E3,4 years,MORTGAGE,100398.0,Verified,debt_consolidation,TX,35.58,4.0,670.0,674.0,0.0,86.0,63.0,Individual,7,High Risk,Manual Review
31256608,1750.0, 36 months,24.08,F,F2,10+ years,OWN,20000.0,Not Verified,debt_consolidation,SC,31.27,0.0,665.0,669.0,0.0,76.5,12.0,Individual,5,High Risk,Manual Review
32389323,12000.0, 60 months,19.52,E,E2,1 year,RENT,42000.0,Verified,moving,WA,33.31,1.0,690.0,694.0,0.0,45.8,35.0,Individual,6,High Risk,Manual Review
32498946,22675.0, 60 months,23.43,F,F1,10+ years,MORTGAGE,63000.0,Verified,debt_consolidation,KY,34.97,1.0,685.0,689.0,1.0,32.4,51.0,Individual,6,High Risk,Manual Review
32369067,30375.0, 36 months,19.52,E,E2,9 years,MORTGAGE,80000.0,Verified,debt_consolidation,OH,30.17,0.0,665.0,669.0,2.0,64.1,19.0,Individual,5,High Risk,Manual Review
32389020,6600.0, 36 months,18.99,E,E1,3 years,OWN,22000.0,Source Verified,debt_consolidation,CA,30.17,0.0,670.0,674.0,2.0,64.6,13.0,Individual,5,High Risk,Manual Review
32419070,19750.0, 60 months,20.2,E,E3,9 years,RENT,55000.0,Source Verified,debt_consolidation,CA,31.44,0.0,660.0,664.0,0.0,67.9,20.0,Individual,5,High Risk,Manual Review
32338800,14100.0, 60 months,22.15,E,E5,7 years,MORTGAGE,70000.0,Verified,debt_consolidation,FL,33.98,0.0,660.0,664.0,0.0,57.3,38.0,Individual,5,High Risk,Manual Review
32488984,30000.0, 60 months,23.43,F,F1,3 years,MORTGAGE,134000.0,Verified,debt_consolidation,FL,12.56,2.0,675.0,679.0,4.0,88.8,37.0,Individual,5,High Risk,Manual Review
32159245,6100.0, 36 months,20.2,E,E3,6 years,MORTGAGE,51000.0,Source Verified,debt_consolidation,CA,38.5,1.0,675.0,679.0,0.0,80.8,15.0,Individual,7,High Risk,Manual Review
29274264,18000.0, 60 months,18.99,E,E1,10+ years,MORTGAGE,75000.0,Verified,debt_consolidation,MA,32.53,0.0,695.0,699.0,4.0,19.6,60.0,Individual,5,High Risk,Manual Review
30445652,8425.0, 36 months,18.99,E,E1,,MORTGAGE,29000.0,Verified,debt_consolidation,MD,33.36,0.0,675.0,679.0,1.0,75.7,35.0,Individual,5,High Risk,Manual Review
31166613,20550.0, 60 months,20.99,E,E4,4 years,MORTGAGE,65000.0,Verified,debt_consolidation,AZ,14.36,1.0,675.0,679.0,1.0,95.6,25.0,Individual,5,High Risk,Manual Review
31557472,21075.0, 60 months,18.99,E,E1,4 years,RENT,48000.0,Source Verified,debt_consolidation,AL,36.28,0.0,705.0,709.0,0.0,75.9,16.0,Individual,5,High Risk,Manual Review
32389076,12000.0, 60 months,20.2,E,E3,7 years,RENT,83000.0,Verified,debt_consolidation,IL,20.65,1.0,660.0,664.0,0.0,88.0,13.0,Individual,5,High Risk,Manual Review
31828305,17350.0, 60 months,24.5,F,F3,8 years,RENT,58000.0,Source Verified,debt_consolidation,OH,34.2,0.0,660.0,664.0,0.0,78.5,20.0,Individual,5,High Risk,Manual Review
32089185,7950.0, 36 months,18.99,E,E1,10+ years,RENT,27608.0,Source Verified,debt_consolidation,AR,30.87,0.0,665.0,669.0,1.0,13.5,24.0,Individual,5,High Risk,Manual Review
32368925,10875.0, 60 months,22.15,E,E5,6 years,RENT,72000.0,Verified,debt_consolidation,IN,33.98,0.0,665.0,669.0,3.0,82.1,37.0,Individual,6,High Risk,Manual Review
32389058,25000.0, 60 months,19.52,E,E2,10+ years,MORTGAGE,70000.0,Verified,credit_card,GA,34.68,0.0,680.0,684.0,1.0,89.6,45.0,Individual,6,High Risk,Manual Review
31567167,12825.0, 60 months,22.15,E,E5,< 1 year,RENT,38000.0,Source Verified,debt_consolidation,WA,39.07,0.0,690.0,694.0,1.0,66.3,12.0,Individual,5,High Risk,Manual Review
28833929,10425.0, 60 months,18.99,E,E1,6 years,OWN,29000.0,Source Verified,debt_consolidation,FL,32.24,0.0,715.0,719.0,0.0,10.7,16.0,Individual,5,High Risk,Manual Review
32468947,28500.0, 60 months,18.99,E,E1,3 years,RENT,65000.0,Verified,debt_consolidation,FL,33.9,0.0,665.0,669.0,1.0,96.5,54.0,Individual,6,High Risk,Manual Review
32189368,10100.0, 60 months,22.15,E,E5,4 years,MORTGAGE,32000.0,Verified,debt_consolidation,MN,30.53,0.0,660.0,664.0,3.0,71.0,25.0,Individual,5,High Risk,Manual Review
32179629,35000.0, 36 months,20.2,E,E3,8 years,MORTGAGE,100000.0,Verified,debt_consolidation,TX,36.33,1.0,670.0,674.0,1.0,45.5,27.0,Individual,6,High Risk,Manual Review
32109349,11450.0, 36 months,20.2,E,E3,6 years,RENT,25000.0,Verified,debt_consolidation,PA,35.62,0.0,690.0,694.0,3.0,60.8,19.0,Individual,5,High Risk,Manual Review
31487697,9725.0, 36 months,16.99,D,D3,7 years,MORTGAGE,52000.0,Source Verified,debt_consolidation,IL,34.79,3.0,660.0,664.0,1.0,86.0,38.0,Individual,5,High Risk,Manual Review
31607487,10225.0, 36 months,16.99,D,D3,1 year,RENT,34087.56,Source Verified,debt_consolidation,FL,30.53,2.0,660.0,664.0,0.0,87.0,29.0,Individual,5,High Risk,Manual Review
32008832,27850.0, 60 months,24.5,F,F3,7 years,MORTGAGE,85000.0,Source Verified,debt_consolidation,TX,36.82,0.0,690.0,694.0,1.0,76.9,34.0,Individual,5,High Risk,Manual Review
32348818,20275.0, 60 months,20.2,E,E3,10+ years,RENT,44133.0,Source Verified,home_improvement,CO,36.87,1.0,660.0,664.0,1.0,37.5,18.0,Individual,6,High Risk,Manual Review
32358780,5000.0, 36 months,20.2,E,E3,2 years,RENT,13000.0,Source Verified,credit_card,OH,37.95,0.0,660.0,664.0,2.0,64.8,21.0,Individual,5,High Risk,Manual Review
31979197,18800.0, 60 months,19.52,E,E2,5 years,OWN,41000.0,Source Verified,debt_consolidation,TX,33.84,0.0,730.0,734.0,1.0,23.3,18.0,Individual,5,High Risk,Manual Review
32049432,14975.0, 60 months,18.99,E,E1,3 years,RENT,50000.0,Not Verified,debt_consolidation,NY,31.88,0.0,660.0,664.0,1.0,95.6,30.0,Individual,6,High Risk,Manual Review
32179303,8975.0, 36 months,20.2,E,E3,10+ years,OWN,30000.0,Source Verified,home_improvement,AL,38.0,0.0,705.0,709.0,1.0,48.9,15.0,Individual,5,High Risk,Manual Review
29705259,11375.0, 36 months,20.2,E,E3,,RENT,38000.0,Verified,debt_consolidation,FL,32.69,1.0,665.0,669.0,4.0,50.6,34.0,Individual,6,High Risk,Manual Review
32118955,20000.0, 60 months,20.2,E,E3,10+ years,MORTGAGE,55000.0,Source Verified,credit_card,NC,39.17,0.0,685.0,689.0,0.0,60.2,34.0,Individual,5,High Risk,Manual Review
32159285,11850.0, 60 months,22.15,E,E5,3 years,MORTGAGE,35000.0,Not Verified,debt_consolidation,SC,29.7,1.0,660.0,664.0,0.0,82.7,19.0,Individual,5,High Risk,Manual Review
32099219,19950.0, 60 months,24.08,F,F2,10+ years,MORTGAGE,40000.0,Verified,debt_consolidation,IN,33.66,0.0,660.0,664.0,0.0,59.2,25.0,Individual,5,High Risk,Manual Review
32089106,35000.0, 60 months,24.08,F,F2,5 years,OWN,100000.0,Verified,debt_consolidation,VA,34.09,1.0,665.0,669.0,1.0,33.9,34.0,Individual,6,High Risk,Manual Review
31197568,10200.0, 36 months,24.08,F,F2,10+ years,RENT,41000.0,Source Verified,debt_consolidation,CA,39.58,0.0,660.0,664.0,0.0,65.8,40.0,Individual,5,High Risk,Manual Review
31978976,10475.0, 36 months,24.08,F,F2,1 year,OWN,21000.0,Verified,debt_consolidation,TN,30.51,0.0,700.0,704.0,2.0,45.8,8.0,Individual,5,High Risk,Manual Review
32009135,10800.0, 60 months,25.83,G,G2,8 years,RENT,30000.0,Source Verified,debt_consolidation,AL,37.08,0.0,665.0,669.0,0.0,85.0,8.0,Individual,6,High Risk,Manual Review
28633991,4375.0, 36 months,19.52,E,E2,3 years,RENT,40000.0,Source Verified,debt_consolidation,NY,8.79,1.0,680.0,684.0,0.0,84.9,10.0,Individual,5,High Risk,Manual Review
31467489,12875.0, 36 months,19.52,E,E2,8 years,RENT,43000.0,Source Verified,debt_consolidation,CA,29.78,2.0,660.0,664.0,2.0,98.5,12.0,Individual,5,High Risk,Manual Review
31437287,34000.0, 60 months,19.52,E,E2,9 years,OWN,162000.0,Verified,debt_consolidation,NJ,21.75,1.0,685.0,689.0,0.0,86.0,34.0,Individual,5,High Risk,Manual Review
31187223,6475.0, 36 months,18.99,E,E1,10+ years,RENT,54000.0,Verified,debt_consolidation,TX,37.8,0.0,675.0,679.0,2.0,97.0,34.0,Individual,6,High Risk,Manual Review
32179068,16000.0, 60 months,22.15,E,E5,10+ years,OWN,40000.0,Source Verified,debt_consolidation,OH,35.37,0.0,700.0,704.0,3.0,89.1,13.0,Individual,6,High Risk,Manual Review
28442684,10450.0, 60 months,18.99,E,E1,4 years,RENT,35000.0,Source Verified,credit_card,SC,34.77,0.0,720.0,724.0,0.0,48.0,24.0,Individual,5,High Risk,Manual Review
32149097,4950.0, 36 months,18.99,E,E1,3 years,MORTGAGE,10000.0,Source Verified,debt_consolidation,MS,36.25,0.0,685.0,689.0,1.0,63.2,8.0,Individual,5,High Risk,Manual Review
32069047,9975.0, 36 months,20.99,E,E4,6 years,OWN,20000.0,Verified,debt_consolidation,KS,31.45,0.0,680.0,684.0,0.0,39.8,7.0,Individual,5,High Risk,Manual Review
32168960,24000.0, 60 months,18.99,E,E1,9 years,MORTGAGE,49000.0,Verified,debt_consolidation,TN,31.94,0.0,695.0,699.0,0.0,78.5,18.0,Individual,5,High Risk,Manual Review
31989026,9075.0, 36 months,18.99,E,E1,,OWN,32000.0,Verified,debt_consolidation,TX,30.87,0.0,700.0,704.0,0.0,46.1,31.0,Individual,5,High Risk,Manual Review
32108893,26200.0, 60 months,24.08,F,F2,1 year,OWN,86000.0,Verified,debt_consolidation,OH,32.75,0.0,660.0,664.0,1.0,8.4,28.0,Individual,5,High Risk,Manual Review
32108747,12600.0, 60 months,20.2,E,E3,10+ years,RENT,42000.0,Source Verified,debt_consolidation,VA,34.77,0.0,660.0,664.0,0.0,97.3,20.0,Individual,6,High Risk,Manual Review
28873895,15250.0, 60 months,24.5,F,F3,6 years,MORTGAGE,45000.0,Source Verified,debt_consolidation,WV,33.17,0.0,695.0,699.0,0.0,57.3,16.0,Individual,5,High Risk,Manual Review
32168463,7150.0, 36 months,19.52,E,E2,10+ years,MORTGAGE,48000.0,Verified,debt_consolidation,NJ,30.98,1.0,670.0,674.0,4.0,56.1,31.0,Individual,6,High Risk,Manual Review
32058769,4475.0, 36 months,20.2,E,E3,10+ years,RENT,21000.0,Not Verified,credit_card,PA,36.51,0.0,665.0,669.0,2.0,59.7,22.0,Individual,5,High Risk,Manual Review
31998819,10000.0, 60 months,24.99,F,F4,< 1 year,MORTGAGE,20000.0,Verified,debt_consolidation,GA,37.03,0.0,680.0,684.0,0.0,100.8,5.0,Individual,6,High Risk,Manual Review
31437487,10875.0, 36 months,20.2,E,E3,6 years,RENT,22800.0,Verified,debt_consolidation,CA,30.89,0.0,665.0,669.0,0.0,33.9,18.0,Individual,5,High Risk,Manual Review
30455987,6350.0, 36 months,20.2,E,E3,7 years,MORTGAGE,65000.0,Not Verified,debt_consolidation,GA,30.78,0.0,665.0,669.0,1.0,58.6,19.0,Individual,5,High Risk,Manual Review
32218663,7525.0, 36 months,19.52,E,E2,10+ years,MORTGAGE,26000.0,Source Verified,debt_consolidation,WI,30.29,0.0,660.0,664.0,1.0,70.1,22.0,Individual,5,High Risk,Manual Review
29244398,31100.0, 60 months,25.57,F,F5,8 years,MORTGAGE,112000.0,Verified,debt_consolidation,NY,17.69,1.0,685.0,689.0,0.0,87.0,17.0,Individual,5,High Risk,Manual Review
32208672,35000.0, 60 months,23.43,F,F1,4 years,MORTGAGE,123750.0,Verified,debt_consolidation,VA,26.52,1.0,660.0,664.0,0.0,90.0,24.0,Individual,5,High Risk,Manual Review
32038642,15000.0, 60 months,24.08,F,F2,2 years,MORTGAGE,56000.0,Verified,debt_consolidation,AZ,33.84,1.0,670.0,674.0,6.0,40.0,53.0,Individual,6,High Risk,Manual Review
32028647,18075.0, 36 months,20.2,E,E3,10+ years,MORTGAGE,125000.0,Not Verified,debt_consolidation,FL,32.02,0.0,660.0,664.0,3.0,46.7,34.0,Individual,5,High Risk,Manual Review
32198535,10000.0, 60 months,15.61,D,D1,1 year,RENT,41000.0,Not Verified,debt_consolidation,AZ,30.21,1.0,665.0,669.0,1.0,93.0,44.0,Individual,5,High Risk,Manual Review
30255213,16000.0, 60 months,19.52,E,E2,5 years,RENT,58000.0,Source Verified,debt_consolidation,FL,37.95,0.0,685.0,689.0,1.0,78.5,23.0,Individual,5,High Risk,Manual Review
32208491,20000.0, 36 months,16.29,D,D2,7 years,OWN,63000.0,Source Verified,debt_consolidation,WI,30.48,3.0,660.0,664.0,2.0,85.4,27.0,Individual,5,High Risk,Manual Review
32188498,12000.0, 60 months,20.99,E,E4,3 years,OWN,40200.0,Source Verified,other,AL,34.03,0.0,670.0,674.0,1.0,40.2,25.0,Individual,5,High Risk,Manual Review
29123695,11250.0, 60 months,25.57,F,F5,< 1 year,RENT,35360.0,Source Verified,debt_consolidation,NY,33.23,0.0,695.0,699.0,0.0,51.0,23.0,Individual,5,High Risk,Manual Review
28633816,12575.0, 60 months,18.99,E,E1,10+ years,MORTGAGE,30000.0,Not Verified,debt_consolidation,MI,33.08,0.0,670.0,674.0,0.0,71.7,19.0,Individual,5,High Risk,Manual Review
31837838,7625.0, 36 months,18.99,E,E1,5 years,MORTGAGE,77000.0,Verified,debt_consolidation,TX,39.1,1.0,675.0,679.0,2.0,86.2,41.0,Individual,7,High Risk,Manual Review
32018335,11200.0, 60 months,18.99,E,E1,1 year,RENT,47348.0,Source Verified,debt_consolidation,LA,38.66,0.0,675.0,679.0,0.0,65.5,12.0,Individual,5,High Risk,Manual Review
32008368,17600.0, 36 months,19.52,E,E2,7 years,MORTGAGE,40000.0,Verified,debt_consolidation,PA,29.46,1.0,665.0,669.0,0.0,100.0,17.0,Individual,5,High Risk,Manual Review
32208456,20000.0, 60 months,15.61,D,D1,,RENT,62300.0,Verified,credit_card,FL,32.15,1.0,685.0,689.0,1.0,94.8,28.0,Individual,5,High Risk,Manual Review
31908253,9975.0, 36 months,20.2,E,E3,10+ years,MORTGAGE,45000.0,Source Verified,debt_consolidation,GA,31.54,1.0,670.0,674.0,1.0,75.0,37.0,Individual,6,High Risk,Manual Review
31186317,16825.0, 36 months,24.08,F,F2,9 years,OWN,60000.0,Source Verified,debt_consolidation,FL,30.35,0.0,660.0,664.0,1.0,62.6,52.0,Individual,5,High Risk,Manual Review
32048304,11200.0, 60 months,18.24,D,D5,10+ years,MORTGAGE,59000.0,Not Verified,debt_consolidation,AL,37.69,4.0,660.0,664.0,2.0,82.3,32.0,Individual,5,High Risk,Manual Review
32088242,24650.0, 60 months,19.52,E,E2,7 years,MORTGAGE,68000.0,Source Verified,debt_consolidation,OH,35.88,1.0,660.0,664.0,0.0,91.3,21.0,Individual,7,High Risk,Manual Review
29705502,18000.0, 60 months,20.2,E,E3,4 years,MORTGAGE,58000.0,Not Verified,debt_consolidation,NY,30.64,2.0,685.0,689.0,0.0,46.8,23.0,Individual,6,High Risk,Manual Review
32048252,28500.0, 60 months,20.99,E,E4,8 years,MORTGAGE,75000.0,Source Verified,other,FL,21.2,1.0,665.0,669.0,0.0,83.0,23.0,Individual,5,High Risk,Manual Review
32088273,4350.0, 36 months,19.52,E,E2,< 1 year,RENT,30000.0,Not Verified,debt_consolidation,TX,35.93,0.0,705.0,709.0,0.0,69.3,24.0,Individual,5,High Risk,Manual Review
31587269,12075.0, 36 months,19.52,E,E2,< 1 year,RENT,38000.0,Source Verified,credit_card,GA,39.7,0.0,670.0,674.0,0.0,66.6,15.0,Individual,5,High Risk,Manual Review
32008263,16000.0, 60 months,20.2,E,E3,3 years,RENT,58000.0,Verified,credit_card,NJ,32.01,0.0,675.0,679.0,1.0,53.4,50.0,Individual,5,High Risk,Manual Review
32088303,9325.0, 36 months,20.2,E,E3,10+ years,RENT,26000.0,Source Verified,debt_consolidation,MO,39.66,0.0,670.0,674.0,0.0,55.3,25.0,Individual,5,High Risk,Manual Review
31788257,11375.0, 36 months,17.57,D,D4,6 years,RENT,30000.0,Source Verified,credit_card,PA,36.96,2.0,665.0,669.0,1.0,87.7,23.0,Individual,5,High Risk,Manual Review
32068157,13800.0, 36 months,22.15,E,E5,7 years,OWN,34654.0,Verified,debt_consolidation,IL,32.7,0.0,680.0,684.0,1.0,43.8,45.0,Individual,5,High Risk,Manual Review
32138124,7550.0, 36 months,18.99,E,E1,10+ years,MORTGAGE,97000.0,Verified,debt_consolidation,MA,11.73,3.0,665.0,669.0,2.0,80.4,25.0,Individual,5,High Risk,Manual Review
32138172,4450.0, 36 months,19.52,E,E2,9 years,OWN,15000.0,Not Verified,debt_consolidation,PA,31.36,0.0,660.0,664.0,1.0,36.2,19.0,Individual,5,High Risk,Manual Review
31998213,19225.0, 60 months,19.52,E,E2,,MORTGAGE,48336.0,Verified,debt_consolidation,TN,30.46,0.0,665.0,669.0,0.0,99.0,17.0,Individual,6,High Risk,Manual Review
31737865,32000.0, 60 months,22.15,E,E5,3 years,MORTGAGE,93000.0,Verified,debt_consolidation,MO,37.72,0.0,675.0,679.0,1.0,90.8,33.0,Individual,6,High Risk,Manual Review
31878175,11475.0, 60 months,20.99,E,E4,< 1 year,RENT,30000.0,Verified,debt_consolidation,PA,34.04,0.0,700.0,704.0,1.0,40.1,27.0,Individual,5,High Risk,Manual Review
21380335,24250.0, 36 months,20.99,E,E4,3 years,RENT,64000.0,Verified,credit_card,TX,30.47,0.0,685.0,689.0,0.0,93.5,20.0,Individual,6,High Risk,Manual Review
32038172,20000.0, 60 months,22.15,E,E5,8 years,RENT,84000.0,Verified,debt_consolidation,CA,36.58,0.0,665.0,669.0,2.0,40.0,42.0,Individual,5,High Risk,Manual Review
31848270,10950.0, 60 months,20.99,E,E4,1 year,RENT,40000.0,Source Verified,credit_card,NY,30.78,0.0,685.0,689.0,1.0,68.8,24.0,Individual,5,High Risk,Manual Review
31758263,9375.0, 36 months,25.57,F,F5,10+ years,MORTGAGE,23000.0,Verified,debt_consolidation,MO,31.52,0.0,685.0,689.0,2.0,70.3,28.0,Individual,5,High Risk,Manual Review
31838177,15425.0, 36 months,20.2,E,E3,5 years,RENT,43000.0,Source Verified,debt_consolidation,OH,33.67,0.0,680.0,684.0,0.0,99.4,16.0,Individual,6,High Risk,Manual Review
31798242,35000.0, 60 months,18.99,E,E1,3 years,MORTGAGE,90740.0,Verified,debt_consolidation,NC,32.52,1.0,715.0,719.0,1.0,46.1,43.0,Individual,6,High Risk,Manual Review
31778216,32950.0, 60 months,18.99,E,E1,6 years,MORTGAGE,102000.0,Verified,debt_consolidation,AR,38.94,0.0,705.0,709.0,0.0,67.6,42.0,Individual,5,High Risk,Manual Review
31757755,23875.0, 60 months,18.24,D,D5,3 years,MORTGAGE,65000.0,Source Verified,debt_consolidation,CT,31.26,1.0,700.0,704.0,0.0,84.1,31.0,Individual,5,High Risk,Manual Review
31798153,16700.0, 36 months,22.15,E,E5,10+ years,OWN,46448.0,Verified,debt_consolidation,CA,27.03,4.0,660.0,664.0,0.0,81.5,41.0,Individual,5,High Risk,Manual Review
31817981,16150.0, 36 months,18.99,E,E1,2 years,RENT,45000.0,Not Verified,other,NY,31.7,0.0,665.0,669.0,0.0,83.1,55.0,Individual,6,High Risk,Manual Review
31918147,13625.0, 60 months,20.2,E,E3,6 years,RENT,31000.0,Source Verified,debt_consolidation,OK,38.99,1.0,665.0,669.0,0.0,59.1,47.0,Individual,6,High Risk,Manual Review
31878063,11925.0, 60 months,19.52,E,E2,< 1 year,RENT,50000.0,Source Verified,debt_consolidation,CA,31.25,0.0,670.0,674.0,0.0,50.9,26.0,Individual,5,High Risk,Manual Review
31918122,18900.0, 60 months,18.99,E,E1,10+ years,MORTGAGE,65000.0,Source Verified,debt_consolidation,TX,36.62,0.0,695.0,699.0,1.0,72.0,23.0,Individual,5,High Risk,Manual Review
31848045,10075.0, 36 months,20.99,E,E4,10+ years,RENT,31000.0,Source Verified,debt_consolidation,MO,38.48,0.0,685.0,689.0,1.0,94.8,12.0,Individual,6,High Risk,Manual Review
31066315,6850.0, 36 months,20.2,E,E3,4 years,MORTGAGE,28000.0,Verified,debt_consolidation,TX,32.23,0.0,665.0,669.0,0.0,47.3,50.0,Individual,5,High Risk,Manual Review
31807980,7250.0, 36 months,24.5,F,F3,10+ years,RENT,30000.0,Source Verified,house,FL,30.12,2.0,700.0,704.0,1.0,45.0,12.0,Individual,6,High Risk,Manual Review
31778009,10000.0, 60 months,20.2,E,E3,10+ years,MORTGAGE,92000.0,Source Verified,debt_consolidation,GA,29.35,1.0,670.0,674.0,1.0,98.2,40.0,Individual,5,High Risk,Manual Review
31667922,24700.0, 60 months,20.2,E,E3,< 1 year,RENT,65000.0,Verified,debt_consolidation,NV,30.11,0.0,675.0,679.0,1.0,93.6,41.0,Individual,6,High Risk,Manual Review
31026125,14050.0, 60 months,25.8,G,G1,9 years,RENT,40000.0,Verified,credit_card,NY,31.63,0.0,700.0,704.0,2.0,84.6,28.0,Individual,6,High Risk,Manual Review
31687956,29850.0, 60 months,20.99,E,E4,8 years,RENT,65000.0,Verified,small_business,CA,39.99,0.0,735.0,739.0,0.0,31.9,25.0,Individual,5,High Risk,Manual Review
31727778,15175.0, 36 months,18.99,E,E1,8 years,RENT,36280.0,Verified,credit_card,IL,39.61,0.0,670.0,674.0,1.0,77.1,39.0,Individual,5,High Risk,Manual Review
31387079,14050.0, 60 months,20.99,E,E4,1 year,RENT,40000.0,Not Verified,credit_card,NM,31.8,0.0,660.0,664.0,1.0,59.5,38.0,Individual,5,High Risk,Manual Review
31867917,25850.0, 60 months,19.52,E,E2,10+ years,MORTGAGE,59000.0,Source Verified,debt_consolidation,KS,34.56,0.0,705.0,709.0,0.0,40.4,35.0,Individual,5,High Risk,Manual Review
31697796,8575.0, 36 months,19.52,E,E2,3 years,RENT,28600.0,Source Verified,debt_consolidation,OH,37.81,0.0,680.0,684.0,3.0,66.9,18.0,Individual,5,High Risk,Manual Review
31807764,10000.0, 60 months,22.15,E,E5,10+ years,RENT,27820.0,Source Verified,credit_card,VA,32.31,0.0,660.0,664.0,0.0,77.5,20.0,Individual,5,High Risk,Manual Review
31567593,30000.0, 60 months,23.43,F,F1,< 1 year,RENT,75000.0,Verified,credit_card,IL,38.19,0.0,660.0,664.0,2.0,83.4,46.0,Individual,6,High Risk,Manual Review
31727784,22800.0, 36 months,18.99,E,E1,2 years,MORTGAGE,70000.0,Verified,debt_consolidation,WY,19.84,2.0,660.0,664.0,1.0,91.0,37.0,Individual,5,High Risk,Manual Review
31537959,28000.0, 60 months,23.43,F,F1,10+ years,MORTGAGE,96400.0,Source Verified,debt_consolidation,MN,34.2,0.0,705.0,709.0,1.0,91.9,38.0,Individual,6,High Risk,Manual Review
31577853,16000.0, 60 months,18.99,E,E1,3 years,MORTGAGE,46000.0,Verified,debt_consolidation,PA,26.64,1.0,660.0,664.0,2.0,90.5,24.0,Individual,5,High Risk,Manual Review
31498020,11050.0, 60 months,22.15,E,E5,10+ years,RENT,37000.0,Source Verified,debt_consolidation,IN,18.94,1.0,665.0,669.0,1.0,82.2,17.0,Individual,5,High Risk,Manual Review
31757819,10000.0, 60 months,18.99,E,E1,10+ years,MORTGAGE,82000.0,Not Verified,medical,VA,33.18,0.0,695.0,699.0,0.0,87.1,30.0,Individual,6,High Risk,Manual Review
29725060,17750.0, 36 months,19.52,E,E2,1 year,MORTGAGE,52000.0,Not Verified,debt_consolidation,CO,30.69,1.0,665.0,669.0,0.0,80.3,29.0,Individual,7,High Risk,Manual Review
31667800,13475.0, 36 months,19.52,E,E2,8 years,RENT,45000.0,Verified,debt_consolidation,CA,36.29,0.0,660.0,664.0,0.0,72.4,26.0,Individual,5,High Risk,Manual Review
31547788,2500.0, 36 months,18.99,E,E1,5 years,RENT,42000.0,Not Verified,other,IN,31.89,0.0,670.0,674.0,0.0,72.3,13.0,Individual,5,High Risk,Manual Review
31607113,13325.0, 36 months,18.99,E,E1,10+ years,MORTGAGE,92000.0,Source Verified,home_improvement,OH,30.94,1.0,690.0,694.0,1.0,86.6,19.0,Individual,7,High Risk,Manual Review
31667762,7475.0, 36 months,24.08,F,F2,1 year,MORTGAGE,25000.0,Source Verified,credit_card,FL,32.36,0.0,675.0,679.0,0.0,82.6,8.0,Individual,6,High Risk,Manual Review
31487762,13500.0, 36 months,18.99,E,E1,< 1 year,RENT,40000.0,Not Verified,debt_consolidation,GA,37.29,1.0,705.0,709.0,0.0,35.2,28.0,Individual,6,High Risk,Manual Review
30505913,20950.0, 60 months,19.52,E,E2,2 years,RENT,50000.0,Source Verified,debt_consolidation,CA,32.24,0.0,670.0,674.0,0.0,78.9,20.0,Individual,5,High Risk,Manual Review
31177760,14400.0, 60 months,18.99,E,E1,2 years,RENT,47000.0,Source Verified,debt_consolidation,VA,37.49,1.0,660.0,664.0,0.0,80.2,10.0,Individual,7,High Risk,Manual Review
31307635,16500.0, 60 months,18.99,E,E1,10+ years,MORTGAGE,58000.0,Source Verified,debt_consolidation,NC,37.35,0.0,695.0,699.0,0.0,56.8,30.0,Individual,5,High Risk,Manual Review
31587887,15000.0, 60 months,20.99,E,E4,3 years,MORTGAGE,48000.0,Verified,small_business,TX,37.53,2.0,665.0,669.0,2.0,59.9,11.0,Individual,6,High Risk,Manual Review
31437876,6475.0, 36 months,18.99,E,E1,8 years,RENT,55000.0,Source Verified,debt_consolidation,CA,39.91,1.0,675.0,679.0,0.0,71.0,24.0,Individual,6,High Risk,Manual Review
31447919,3350.0, 36 months,20.99,E,E4,4 years,RENT,26500.0,Not Verified,debt_consolidation,IL,34.78,0.0,670.0,674.0,3.0,50.2,10.0,Individual,5,High Risk,Manual Review
31557798,15775.0, 60 months,20.99,E,E4,10+ years,MORTGAGE,44730.0,Verified,debt_consolidation,IN,32.22,0.0,700.0,704.0,0.0,78.4,58.0,Individual,5,High Risk,Manual Review
31597916,20175.0, 60 months,19.52,E,E2,8 years,MORTGAGE,60000.0,Verified,debt_consolidation,NJ,38.18,0.0,710.0,714.0,0.0,99.4,38.0,Individual,6,High Risk,Manual Review
31457756,10325.0, 36 months,19.52,E,E2,< 1 year,MORTGAGE,80000.0,Not Verified,credit_card,CA,37.68,0.0,680.0,684.0,0.0,45.4,34.0,Individual,5,High Risk,Manual Review
31567599,25975.0, 36 months,18.99,E,E1,6 years,MORTGAGE,60000.0,Verified,debt_consolidation,LA,30.3,0.0,685.0,689.0,0.0,91.2,15.0,Individual,6,High Risk,Manual Review
31517757,11975.0, 36 months,18.99,E,E1,5 years,MORTGAGE,40000.0,Source Verified,debt_consolidation,IN,33.03,0.0,665.0,669.0,1.0,66.0,22.0,Individual,5,High Risk,Manual Review
31487158,12750.0, 60 months,22.15,E,E5,10+ years,MORTGAGE,40000.0,Verified,other,IN,34.77,0.0,700.0,704.0,1.0,67.6,39.0,Individual,5,High Risk,Manual Review
31427865,12000.0, 60 months,19.52,E,E2,7 years,MORTGAGE,40000.0,Verified,debt_consolidation,IL,32.72,0.0,660.0,664.0,1.0,93.3,10.0,Individual,6,High Risk,Manual Review
31427857,15125.0, 60 months,20.99,E,E4,10+ years,MORTGAGE,70000.0,Verified,debt_consolidation,FL,38.68,0.0,660.0,664.0,1.0,95.8,60.0,Individual,6,High Risk,Manual Review
31437743,18000.0, 60 months,20.99,E,E4,8 years,OWN,40000.0,Source Verified,debt_consolidation,WV,34.44,0.0,660.0,664.0,0.0,46.7,38.0,Individual,5,High Risk,Manual Review
31597773,23200.0, 60 months,20.2,E,E3,10+ years,RENT,58188.0,Source Verified,debt_consolidation,CA,36.54,0.0,685.0,689.0,1.0,71.5,41.0,Individual,5,High Risk,Manual Review
31647699,18625.0, 60 months,20.99,E,E4,10+ years,RENT,52000.0,Verified,debt_consolidation,WA,31.12,0.0,700.0,704.0,2.0,42.6,41.0,Individual,5,High Risk,Manual Review
31607576,3500.0, 36 months,20.2,E,E3,10+ years,RENT,90000.0,Verified,debt_consolidation,OR,30.21,0.0,660.0,664.0,2.0,51.2,54.0,Individual,5,High Risk,Manual Review
31477530,24000.0, 60 months,19.52,E,E2,10+ years,MORTGAGE,67000.0,Verified,debt_consolidation,TX,34.05,0.0,720.0,724.0,1.0,35.6,48.0,Individual,5,High Risk,Manual Review
31247246,17600.0, 60 months,24.08,F,F2,< 1 year,RENT,52000.0,Source Verified,debt_consolidation,NV,26.59,2.0,670.0,674.0,3.0,98.9,28.0,Individual,5,High Risk,Manual Review
31547612,24000.0, 60 months,23.43,F,F1,< 1 year,RENT,75000.0,Verified,debt_consolidation,NJ,31.62,0.0,670.0,674.0,0.0,102.5,28.0,Individual,6,High Risk,Manual Review
31457503,15000.0, 60 months,20.99,E,E4,8 years,MORTGAGE,50018.0,Verified,debt_consolidation,GA,30.04,1.0,695.0,699.0,3.0,39.9,49.0,Individual,6,High Risk,Manual Review
31577463,13400.0, 60 months,24.99,F,F4,2 years,RENT,65000.0,Verified,car,CA,34.25,1.0,670.0,674.0,1.0,28.2,35.0,Individual,6,High Risk,Manual Review
31477521,13025.0, 60 months,19.52,E,E2,10+ years,RENT,34528.0,Verified,credit_card,MI,36.39,1.0,665.0,669.0,0.0,96.5,16.0,Individual,7,High Risk,Manual Review
31437701,15100.0, 60 months,20.99,E,E4,5 years,OWN,44700.0,Verified,debt_consolidation,TX,38.17,0.0,680.0,684.0,0.0,95.8,21.0,Individual,6,High Risk,Manual Review
31497654,17500.0, 60 months,19.52,E,E2,< 1 year,RENT,40000.0,Source Verified,credit_card,MT,39.72,2.0,670.0,674.0,0.0,67.4,21.0,Individual,6,High Risk,Manual Review
29714420,15225.0, 36 months,20.99,E,E4,10+ years,RENT,45000.0,Source Verified,debt_consolidation,MA,39.4,0.0,680.0,684.0,0.0,86.8,18.0,Individual,6,High Risk,Manual Review
31537477,17550.0, 36 months,20.99,E,E4,10+ years,MORTGAGE,40000.0,Verified,debt_consolidation,VA,38.01,0.0,710.0,714.0,0.0,45.6,22.0,Individual,5,High Risk,Manual Review
31647578,13175.0, 36 months,19.52,E,E2,,MORTGAGE,44000.0,Verified,debt_consolidation,TX,35.52,0.0,660.0,664.0,1.0,64.3,35.0,Individual,5,High Risk,Manual Review
31467371,4300.0, 36 months,18.99,E,E1,< 1 year,RENT,58000.0,Not Verified,debt_consolidation,OH,33.27,0.0,660.0,664.0,3.0,101.9,28.0,Individual,6,High Risk,Manual Review
31547417,7500.0, 36 months,19.52,E,E2,2 years,RENT,23000.0,Source Verified,debt_consolidation,CA,30.05,0.0,680.0,684.0,0.0,59.1,9.0,Individual,5,High Risk,Manual Review
31467347,11900.0, 60 months,25.8,G,G1,6 years,MORTGAGE,52000.0,Verified,debt_consolidation,CO,30.6,0.0,670.0,674.0,0.0,98.5,27.0,Individual,6,High Risk,Manual Review
31657299,15000.0, 60 months,18.99,E,E1,10+ years,MORTGAGE,38600.0,Verified,credit_card,AL,38.81,2.0,670.0,674.0,1.0,92.5,15.0,Individual,7,High Risk,Manual Review
30105033,35000.0, 60 months,16.29,D,D2,10+ years,MORTGAGE,88000.0,Verified,debt_consolidation,MN,33.42,1.0,670.0,674.0,0.0,91.1,24.0,Individual,5,High Risk,Manual Review
31657272,2550.0, 36 months,16.99,D,D3,,MORTGAGE,42200.0,Verified,debt_consolidation,CA,33.5,1.0,680.0,684.0,0.0,98.9,30.0,Individual,5,High Risk,Manual Review
31487253,20950.0, 60 months,18.99,E,E1,4 years,MORTGAGE,50000.0,Source Verified,credit_card,AL,39.58,1.0,680.0,684.0,0.0,68.7,24.0,Individual,6,High Risk,Manual Review
31577308,16125.0, 60 months,22.15,E,E5,,RENT,36000.0,Verified,debt_consolidation,AL,37.3,3.0,675.0,679.0,2.0,96.9,35.0,Individual,7,High Risk,Manual Review
31437376,33575.0, 60 months,24.5,F,F3,10+ years,RENT,70000.0,Verified,debt_consolidation,TN,39.95,0.0,690.0,694.0,0.0,103.8,33.0,Individual,6,High Risk,Manual Review
31427237,11250.0, 36 months,20.2,E,E3,10+ years,OWN,42000.0,Verified,debt_consolidation,CA,30.31,0.0,685.0,689.0,1.0,62.3,41.0,Individual,5,High Risk,Manual Review
31427292,15000.0, 60 months,23.43,F,F1,10+ years,RENT,135000.0,Source Verified,other,CA,15.87,3.0,665.0,669.0,2.0,84.4,32.0,Individual,5,High Risk,Manual Review
31427243,19350.0, 60 months,20.99,E,E4,10+ years,OWN,43000.0,Verified,debt_consolidation,MS,33.49,0.0,685.0,689.0,0.0,48.4,30.0,Individual,5,High Risk,Manual Review
31497219,20000.0, 60 months,18.99,E,E1,10+ years,MORTGAGE,60000.0,Source Verified,debt_consolidation,TX,32.34,2.0,685.0,689.0,0.0,88.4,54.0,Individual,7,High Risk,Manual Review
31597219,8450.0, 36 months,18.99,E,E1,3 years,MORTGAGE,25000.0,Verified,debt_consolidation,PA,39.22,0.0,705.0,709.0,0.0,47.7,31.0,Individual,5,High Risk,Manual Review
31467278,10800.0, 60 months,18.99,E,E1,3 years,MORTGAGE,30000.0,Source Verified,debt_consolidation,FL,35.51,0.0,680.0,684.0,1.0,97.5,17.0,Individual,6,High Risk,Manual Review
31627124,28650.0, 60 months,24.99,F,F4,4 years,MORTGAGE,111000.0,Verified,debt_consolidation,CA,30.01,0.0,660.0,664.0,1.0,66.5,41.0,Individual,5,High Risk,Manual Review
31617165,4200.0, 36 months,18.99,E,E1,5 years,RENT,35000.0,Not Verified,vacation,NM,38.51,0.0,705.0,709.0,2.0,49.2,20.0,Individual,5,High Risk,Manual Review
30265166,12375.0, 60 months,24.08,F,F2,1 year,RENT,40000.0,Source Verified,debt_consolidation,CO,30.33,0.0,680.0,684.0,0.0,68.7,15.0,Individual,5,High Risk,Manual Review
31487178,22000.0, 60 months,19.52,E,E2,10+ years,MORTGAGE,62000.0,Source Verified,credit_card,CT,30.96,0.0,665.0,669.0,3.0,60.2,54.0,Individual,5,High Risk,Manual Review
29204086,19175.0, 36 months,20.2,E,E3,10+ years,MORTGAGE,47000.0,Verified,debt_consolidation,NY,17.57,1.0,660.0,664.0,1.0,89.2,23.0,Individual,5,High Risk,Manual Review
31247519,30000.0, 36 months,18.99,E,E1,6 years,RENT,129000.0,Verified,small_business,FL,30.78,0.0,665.0,669.0,2.0,78.5,21.0,Individual,5,High Risk,Manual Review
30435499,10950.0, 60 months,20.99,E,E4,10+ years,RENT,36500.0,Verified,debt_consolidation,OK,36.78,1.0,670.0,674.0,0.0,99.3,11.0,Individual,7,High Risk,Manual Review
30846244,20000.0, 60 months,18.99,E,E1,5 years,MORTGAGE,57000.0,Source Verified,debt_consolidation,TX,30.73,2.0,665.0,669.0,1.0,77.2,42.0,Individual,6,High Risk,Manual Review
31297238,20575.0, 60 months,22.15,E,E5,10+ years,RENT,56000.0,Source Verified,debt_consolidation,NC,33.93,1.0,690.0,694.0,0.0,36.2,29.0,Individual,6,High Risk,Manual Review
30806061,13100.0, 60 months,24.99,F,F4,10+ years,MORTGAGE,43900.0,Not Verified,debt_consolidation,MI,33.35,0.0,670.0,674.0,3.0,94.4,18.0,Individual,6,High Risk,Manual Review
27502186,17350.0, 60 months,19.52,E,E2,,MORTGAGE,42346.32,Verified,debt_consolidation,GA,37.47,0.0,730.0,734.0,0.0,35.5,30.0,Individual,5,High Risk,Manual Review
31257533,10000.0, 60 months,18.99,E,E1,10+ years,MORTGAGE,48500.0,Verified,debt_consolidation,MA,33.23,0.0,660.0,664.0,1.0,58.6,32.0,Individual,5,High Risk,Manual Review
27682089,34475.0, 60 months,22.15,E,E5,4 years,MORTGAGE,75000.0,Verified,debt_consolidation,FL,30.08,0.0,725.0,729.0,0.0,45.9,39.0,Individual,5,High Risk,Manual Review
31287566,27725.0, 36 months,18.99,E,E1,10+ years,RENT,69446.0,Verified,other,CA,30.24,0.0,720.0,724.0,0.0,48.0,22.0,Individual,5,High Risk,Manual Review
31236993,7475.0, 36 months,18.99,E,E1,,RENT,28044.0,Verified,debt_consolidation,FL,31.24,0.0,680.0,684.0,0.0,30.0,23.0,Individual,5,High Risk,Manual Review
31367460,15125.0, 60 months,20.2,E,E3,8 years,OWN,41000.0,Not Verified,debt_consolidation,NY,34.63,0.0,710.0,714.0,0.0,78.6,21.0,Individual,5,High Risk,Manual Review
31327545,35000.0, 60 months,23.43,F,F1,10+ years,MORTGAGE,92000.0,Verified,debt_consolidation,CA,31.12,0.0,680.0,684.0,0.0,78.7,52.0,Individual,5,High Risk,Manual Review
30165914,23825.0, 36 months,20.2,E,E3,2 years,MORTGAGE,50000.0,Verified,major_purchase,CO,14.45,2.0,670.0,674.0,1.0,97.1,23.0,Individual,5,High Risk,Manual Review
31377540,16300.0, 60 months,18.99,E,E1,10+ years,MORTGAGE,63000.0,Source Verified,debt_consolidation,TX,30.91,0.0,685.0,689.0,1.0,59.4,35.0,Individual,5,High Risk,Manual Review
31217326,35000.0, 60 months,20.2,E,E3,3 years,RENT,280000.0,Verified,debt_consolidation,NY,2.35,4.0,670.0,674.0,1.0,90.6,48.0,Individual,5,High Risk,Manual Review
31297314,25925.0, 60 months,20.99,E,E4,10+ years,RENT,62000.0,Source Verified,debt_consolidation,GA,36.51,0.0,690.0,694.0,0.0,96.4,13.0,Individual,6,High Risk,Manual Review
31307357,4800.0, 36 months,19.52,E,E2,< 1 year,MORTGAGE,37435.0,Not Verified,debt_consolidation,AZ,34.31,6.0,660.0,664.0,1.0,89.6,40.0,Individual,7,High Risk,Manual Review
31177035,14875.0, 60 months,19.52,E,E2,3 years,MORTGAGE,90000.0,Verified,debt_consolidation,NC,34.81,0.0,690.0,694.0,0.0,53.5,34.0,Individual,5,High Risk,Manual Review
31327406,30000.0, 60 months,18.99,E,E1,10+ years,OWN,122000.0,Verified,debt_consolidation,CA,30.37,0.0,695.0,699.0,1.0,90.3,46.0,Individual,6,High Risk,Manual Review
31377275,28000.0, 60 months,20.99,E,E4,10+ years,MORTGAGE,70000.0,Source Verified,debt_consolidation,FL,35.93,0.0,680.0,684.0,0.0,63.0,35.0,Individual,5,High Risk,Manual Review
31376746,35000.0, 60 months,18.99,E,E1,10+ years,OWN,112000.0,Verified,debt_consolidation,NY,33.92,0.0,705.0,709.0,0.0,96.4,20.0,Individual,6,High Risk,Manual Review
31257195,32950.0, 60 months,18.99,E,E1,10+ years,RENT,75000.0,Verified,debt_consolidation,CA,29.04,1.0,680.0,684.0,0.0,98.4,31.0,Individual,5,High Risk,Manual Review
31207284,10000.0, 60 months,23.43,F,F1,10+ years,OWN,42000.0,Verified,debt_consolidation,FL,33.37,0.0,660.0,664.0,1.0,72.4,24.0,Individual,5,High Risk,Manual Review
31187242,7575.0, 36 months,24.5,F,F3,2 years,RENT,20000.0,Verified,small_business,NY,34.28,0.0,680.0,684.0,0.0,39.6,34.0,Individual,5,High Risk,Manual Review
31247094,35000.0, 60 months,20.99,E,E4,3 years,MORTGAGE,83000.0,Verified,debt_consolidation,IN,28.9,1.0,685.0,689.0,0.0,81.4,36.0,Individual,5,High Risk,Manual Review
31306370,35000.0, 60 months,25.57,F,F5,< 1 year,MORTGAGE,80000.0,Verified,debt_consolidation,WI,8.43,1.0,665.0,669.0,0.0,92.5,18.0,Individual,5,High Risk,Manual Review
31387146,12000.0, 60 months,19.52,E,E2,< 1 year,RENT,34000.0,Verified,debt_consolidation,OH,36.7,1.0,665.0,669.0,3.0,25.2,44.0,Individual,6,High Risk,Manual Review
30265480,12000.0, 36 months,22.15,E,E5,9 years,RENT,75000.0,Verified,debt_consolidation,AL,32.27,0.0,665.0,669.0,2.0,62.6,66.0,Individual,5,High Risk,Manual Review
28593162,10000.0, 60 months,22.15,E,E5,7 years,RENT,34000.0,Source Verified,debt_consolidation,CA,35.76,0.0,660.0,664.0,1.0,77.6,17.0,Individual,5,High Risk,Manual Review
31157253,17100.0, 60 months,19.52,E,E2,1 year,MORTGAGE,38000.0,Not Verified,debt_consolidation,NC,33.26,0.0,695.0,699.0,0.0,57.6,34.0,Individual,5,High Risk,Manual Review
31386715,14075.0, 36 months,19.52,E,E2,10+ years,MORTGAGE,47000.0,Verified,debt_consolidation,NC,38.43,0.0,660.0,664.0,1.0,72.6,74.0,Individual,5,High Risk,Manual Review
31226890,30000.0, 60 months,18.99,E,E1,5 years,MORTGAGE,92800.0,Verified,debt_consolidation,AL,34.89,0.0,710.0,714.0,1.0,82.4,28.0,Individual,6,High Risk,Manual Review
31217071,35000.0, 60 months,20.2,E,E3,10+ years,RENT,82000.0,Verified,debt_consolidation,CA,33.27,0.0,705.0,709.0,0.0,71.0,36.0,Individual,5,High Risk,Manual Review
31296978,11200.0, 60 months,19.52,E,E2,< 1 year,MORTGAGE,57000.0,Not Verified,debt_consolidation,CA,33.75,2.0,720.0,724.0,3.0,26.0,34.0,Individual,6,High Risk,Manual Review
31227057,17900.0, 60 months,20.2,E,E3,4 years,RENT,44862.0,Source Verified,debt_consolidation,MD,38.18,0.0,685.0,689.0,0.0,92.1,22.0,Individual,6,High Risk,Manual Review
31216816,11150.0, 60 months,24.99,F,F4,,RENT,76000.0,Verified,debt_consolidation,AL,26.81,1.0,675.0,679.0,0.0,94.7,32.0,Individual,5,High Risk,Manual Review
31336931,9400.0, 36 months,19.52,E,E2,9 years,RENT,25000.0,Source Verified,credit_card,WA,30.2,0.0,660.0,664.0,1.0,69.6,16.0,Individual,5,High Risk,Manual Review
31206988,24650.0, 60 months,19.52,E,E2,8 years,MORTGAGE,65000.0,Source Verified,debt_consolidation,MS,38.94,0.0,665.0,669.0,0.0,46.0,18.0,Individual,5,High Risk,Manual Review
31356907,15250.0, 60 months,19.52,E,E2,7 years,MORTGAGE,50000.0,Source Verified,other,FL,37.95,0.0,705.0,709.0,1.0,70.3,28.0,Individual,5,High Risk,Manual Review
31377052,26925.0, 36 months,19.52,E,E2,< 1 year,RENT,60000.0,Verified,debt_consolidation,CA,22.98,7.0,660.0,664.0,2.0,91.0,57.0,Individual,5,High Risk,Manual Review
29084008,10200.0, 36 months,24.5,F,F3,7 years,MORTGAGE,30000.0,Not Verified,debt_consolidation,NV,15.88,1.0,690.0,694.0,0.0,94.1,19.0,Individual,5,High Risk,Manual Review
31176910,15400.0, 60 months,20.99,E,E4,2 years,RENT,35000.0,Source Verified,debt_consolidation,WI,35.22,0.0,700.0,704.0,1.0,65.3,24.0,Individual,5,High Risk,Manual Review
31286923,20550.0, 60 months,20.99,E,E4,3 years,RENT,75000.0,Verified,debt_consolidation,MN,32.93,0.0,660.0,664.0,1.0,52.1,35.0,Individual,5,High Risk,Manual Review
26127179,25975.0, 60 months,20.99,E,E4,7 years,MORTGAGE,65000.0,Verified,credit_card,CA,31.98,0.0,665.0,669.0,0.0,41.0,27.0,Individual,5,High Risk,Manual Review
31306880,24925.0, 60 months,18.99,E,E1,10+ years,MORTGAGE,75000.0,Verified,credit_card,CT,35.49,0.0,675.0,679.0,0.0,80.8,19.0,Individual,6,High Risk,Manual Review
31336830,25000.0, 60 months,19.52,E,E2,10+ years,MORTGAGE,56000.0,Source Verified,debt_consolidation,NJ,12.02,1.0,680.0,684.0,0.0,89.9,34.0,Individual,5,High Risk,Manual Review
27721538,12000.0, 36 months,20.2,E,E3,2 years,RENT,56000.0,Verified,debt_consolidation,TX,35.49,0.0,665.0,669.0,3.0,58.1,21.0,Individual,5,High Risk,Manual Review
30775727,28500.0, 60 months,23.43,F,F1,10+ years,MORTGAGE,85000.0,Verified,debt_consolidation,MT,27.76,1.0,660.0,664.0,0.0,83.0,28.0,Individual,5,High Risk,Manual Review
31156856,5625.0, 36 months,20.99,E,E4,,MORTGAGE,14300.0,Verified,debt_consolidation,TX,35.35,0.0,700.0,704.0,0.0,97.1,9.0,Individual,6,High Risk,Manual Review
30405527,14600.0, 60 months,18.99,E,E1,< 1 year,MORTGAGE,80000.0,Source Verified,debt_consolidation,AZ,39.41,0.0,695.0,699.0,0.0,96.8,29.0,Individual,6,High Risk,Manual Review
31206748,18725.0, 36 months,15.61,D,D1,8 years,RENT,47000.0,Verified,debt_consolidation,NV,30.41,1.0,665.0,669.0,0.0,85.6,32.0,Individual,5,High Risk,Manual Review
31286358,14900.0, 60 months,18.99,E,E1,4 years,RENT,34000.0,Source Verified,credit_card,FL,33.0,0.0,690.0,694.0,0.0,62.9,7.0,Individual,5,High Risk,Manual Review
31366794,14300.0, 60 months,22.15,E,E5,,OWN,32571.36,Verified,home_improvement,TX,34.56,1.0,705.0,709.0,0.0,49.7,26.0,Individual,6,High Risk,Manual Review
31196848,12800.0, 60 months,19.52,E,E2,7 years,RENT,56000.0,Verified,house,FL,36.58,0.0,690.0,694.0,0.0,56.2,29.0,Individual,5,High Risk,Manual Review
30485433,35000.0, 60 months,22.15,E,E5,10+ years,MORTGAGE,96720.0,Verified,credit_card,WI,30.16,0.0,695.0,699.0,1.0,83.0,26.0,Individual,6,High Risk,Manual Review
31176618,1500.0, 36 months,16.99,D,D3,1 year,OWN,35000.0,Not Verified,other,IN,34.88,1.0,670.0,674.0,0.0,84.4,34.0,Individual,5,High Risk,Manual Review
31396674,19250.0, 60 months,18.99,E,E1,< 1 year,MORTGAGE,43000.0,Verified,credit_card,TX,32.43,0.0,660.0,664.0,0.0,66.4,35.0,Individual,5,High Risk,Manual Review
31196571,25000.0, 60 months,20.2,E,E3,2 years,MORTGAGE,92400.0,Verified,house,NM,35.36,1.0,660.0,664.0,1.0,72.4,35.0,Individual,6,High Risk,Manual Review
28834014,25200.0, 60 months,18.99,E,E1,10+ years,OWN,54000.0,Verified,credit_card,OK,37.72,0.0,670.0,674.0,1.0,63.1,41.0,Individual,5,High Risk,Manual Review
31216571,11125.0, 60 months,23.43,F,F1,4 years,RENT,35000.0,Source Verified,credit_card,NJ,30.9,0.0,665.0,669.0,2.0,64.1,15.0,Individual,5,High Risk,Manual Review
31286545,10450.0, 36 months,22.15,E,E5,8 years,OWN,25000.0,Verified,debt_consolidation,NC,36.15,0.0,685.0,689.0,0.0,41.9,36.0,Individual,5,High Risk,Manual Review
31366451,16000.0, 60 months,18.99,E,E1,10+ years,MORTGAGE,75000.0,Source Verified,debt_consolidation,GA,30.86,0.0,690.0,694.0,1.0,65.1,31.0,Individual,5,High Risk,Manual Review
31176437,6025.0, 36 months,23.43,F,F1,,RENT,20376.0,Verified,debt_consolidation,NY,37.22,0.0,675.0,679.0,1.0,69.8,21.0,Individual,5,High Risk,Manual Review
30595685,7650.0, 36 months,20.99,E,E4,10+ years,RENT,30000.0,Source Verified,debt_consolidation,CO,30.84,1.0,660.0,664.0,0.0,34.6,29.0,Individual,6,High Risk,Manual Review
30725894,6075.0, 36 months,20.2,E,E3,10+ years,MORTGAGE,40000.0,Verified,debt_consolidation,AR,38.88,0.0,670.0,674.0,0.0,47.9,27.0,Individual,5,High Risk,Manual Review
27542023,18450.0, 60 months,18.99,E,E1,8 years,RENT,50000.0,Not Verified,debt_consolidation,MO,30.41,2.0,670.0,674.0,1.0,62.9,31.0,Individual,6,High Risk,Manual Review
28863264,29450.0, 60 months,24.5,F,F3,3 years,MORTGAGE,72000.0,Source Verified,debt_consolidation,MD,30.67,0.0,710.0,714.0,1.0,82.0,27.0,Individual,6,High Risk,Manual Review
30095401,10725.0, 60 months,19.52,E,E2,2 years,MORTGAGE,70000.0,Not Verified,debt_consolidation,MN,36.4,1.0,695.0,699.0,0.0,37.9,32.0,Individual,6,High Risk,Manual Review
31156498,4725.0, 36 months,22.15,E,E5,2 years,RENT,14000.0,Not Verified,debt_consolidation,NJ,38.51,0.0,660.0,664.0,0.0,89.0,9.0,Individual,6,High Risk,Manual Review
28753402,11900.0, 60 months,20.99,E,E4,8 years,RENT,74000.0,Verified,debt_consolidation,FL,37.71,0.0,685.0,689.0,0.0,34.5,34.0,Individual,5,High Risk,Manual Review
30325910,10500.0, 36 months,18.99,E,E1,< 1 year,RENT,25000.0,Verified,debt_consolidation,PA,35.77,0.0,695.0,699.0,3.0,26.9,90.0,Individual,5,High Risk,Manual Review
28162387,32950.0, 36 months,20.2,E,E3,5 years,MORTGAGE,75000.0,Verified,debt_consolidation,CT,30.86,0.0,665.0,669.0,1.0,39.0,65.0,Individual,5,High Risk,Manual Review
31326402,23200.0, 60 months,20.99,E,E4,,MORTGAGE,55458.0,Verified,debt_consolidation,MN,36.53,0.0,685.0,689.0,2.0,58.5,32.0,Individual,5,High Risk,Manual Review
31256383,11875.0, 60 months,24.08,F,F2,10+ years,RENT,33000.0,Verified,debt_consolidation,CA,33.3,0.0,685.0,689.0,0.0,65.3,10.0,Individual,5,High Risk,Manual Review
31196439,19500.0, 60 months,24.99,F,F4,,RENT,65000.0,Source Verified,moving,CA,32.03,1.0,660.0,664.0,2.0,71.4,25.0,Individual,6,High Risk,Manual Review
31376403,29000.0, 36 months,20.2,E,E3,10+ years,OWN,58000.0,Verified,credit_card,CA,33.93,0.0,665.0,669.0,4.0,49.7,46.0,Individual,5,High Risk,Manual Review
29634936,29250.0, 60 months,24.99,F,F4,< 1 year,MORTGAGE,65000.0,Verified,debt_consolidation,PA,31.15,0.0,665.0,669.0,6.0,84.0,16.0,Individual,6,High Risk,Manual Review
31266348,18000.0, 60 months,20.2,E,E3,3 years,MORTGAGE,40000.0,Not Verified,debt_consolidation,MO,37.62,0.0,705.0,709.0,1.0,27.6,35.0,Individual,5,High Risk,Manual Review
31076404,10075.0, 60 months,20.2,E,E3,1 year,OWN,29700.0,Verified,debt_consolidation,FL,37.2,1.0,670.0,674.0,0.0,91.2,23.0,Individual,7,High Risk,Manual Review
30656200,20000.0, 60 months,18.99,E,E1,10+ years,MORTGAGE,70000.0,Source Verified,debt_consolidation,MS,34.43,1.0,710.0,714.0,1.0,37.5,31.0,Individual,6,High Risk,Manual Review
30605789,11100.0, 36 months,19.52,E,E2,5 years,MORTGAGE,69000.0,Verified,debt_consolidation,PA,30.33,2.0,670.0,674.0,2.0,15.6,18.0,Individual,6,High Risk,Manual Review
31266277,16000.0, 60 months,17.57,D,D4,10+ years,MORTGAGE,51979.0,Not Verified,major_purchase,CA,37.73,1.0,670.0,674.0,1.0,87.8,17.0,Individual,5,High Risk,Manual Review
31026363,34500.0, 60 months,24.5,F,F3,10+ years,RENT,104000.0,Verified,debt_consolidation,NY,36.01,0.0,680.0,684.0,0.0,93.2,46.0,Individual,6,High Risk,Manual Review
31366299,5825.0, 36 months,19.52,E,E2,3 years,RENT,19500.0,Source Verified,debt_consolidation,CA,36.98,1.0,670.0,674.0,0.0,71.6,20.0,Individual,6,High Risk,Manual Review
30024791,16000.0, 60 months,20.2,E,E3,10+ years,OWN,40000.0,Source Verified,debt_consolidation,MS,37.29,0.0,680.0,684.0,0.0,76.3,25.0,Individual,5,High Risk,Manual Review
30996285,28000.0, 60 months,25.57,F,F5,5 years,MORTGAGE,75000.0,Verified,debt_consolidation,CA,24.82,1.0,690.0,694.0,2.0,84.2,36.0,Individual,5,High Risk,Manual Review
31016303,13475.0, 60 months,19.52,E,E2,8 years,MORTGAGE,40000.0,Not Verified,debt_consolidation,VA,34.83,0.0,710.0,714.0,0.0,81.9,7.0,Individual,6,High Risk,Manual Review
30986261,5550.0, 36 months,18.99,E,E1,2 years,RENT,35000.0,Source Verified,debt_consolidation,TN,31.82,2.0,660.0,664.0,2.0,69.7,15.0,Individual,6,High Risk,Manual Review
29774087,14600.0, 60 months,22.15,E,E5,,OWN,35000.0,Verified,credit_card,NC,35.01,0.0,705.0,709.0,0.0,78.2,14.0,Individual,5,High Risk,Manual Review
31056189,29550.0, 36 months,18.99,E,E1,4 years,MORTGAGE,59300.8,Verified,debt_consolidation,SD,32.52,1.0,705.0,709.0,1.0,79.2,42.0,Individual,6,High Risk,Manual Review
31046038,19475.0, 60 months,22.15,E,E5,10+ years,MORTGAGE,54156.84,Verified,debt_consolidation,AL,32.97,0.0,675.0,679.0,1.0,51.4,57.0,Individual,5,High Risk,Manual Review
21511350,25975.0, 36 months,19.52,E,E2,,MORTGAGE,61980.0,Verified,debt_consolidation,MD,24.36,1.0,695.0,699.0,1.0,88.4,23.0,Individual,5,High Risk,Manual Review
31066112,12600.0, 60 months,20.99,E,E4,10+ years,RENT,42000.0,Verified,debt_consolidation,IL,36.11,0.0,670.0,674.0,1.0,71.8,26.0,Individual,5,High Risk,Manual Review
30946023,22400.0, 60 months,18.99,E,E1,10+ years,MORTGAGE,80000.0,Verified,credit_card,NJ,35.21,1.0,665.0,669.0,1.0,72.7,26.0,Individual,6,High Risk,Manual Review
30896144,34025.0, 60 months,23.43,F,F1,4 years,MORTGAGE,68087.0,Source Verified,debt_consolidation,TX,39.68,1.0,690.0,694.0,0.0,72.4,30.0,Individual,6,High Risk,Manual Review
31076109,17550.0, 60 months,25.8,G,G1,1 year,RENT,44000.0,Verified,debt_consolidation,NJ,30.64,0.0,675.0,679.0,0.0,55.3,28.0,Individual,5,High Risk,Manual Review
30926075,15000.0, 36 months,20.2,E,E3,5 years,RENT,40000.0,Verified,debt_consolidation,NV,32.61,0.0,675.0,679.0,0.0,68.3,24.0,Individual,5,High Risk,Manual Review
30856071,18000.0, 60 months,19.52,E,E2,7 years,RENT,40000.0,Source Verified,credit_card,TX,39.62,0.0,710.0,714.0,0.0,61.5,43.0,Individual,5,High Risk,Manual Review
30756333,7800.0, 36 months,19.52,E,E2,4 years,MORTGAGE,30000.0,Verified,other,FL,37.76,0.0,695.0,699.0,1.0,24.2,27.0,Individual,5,High Risk,Manual Review
30145982,12000.0, 60 months,22.15,E,E5,,RENT,27673.08,Verified,debt_consolidation,MO,37.9,0.0,685.0,689.0,0.0,59.5,27.0,Individual,5,High Risk,Manual Review
31125967,21000.0, 36 months,15.61,D,D1,10+ years,MORTGAGE,150000.0,Source Verified,debt_consolidation,MA,31.4,1.0,675.0,679.0,1.0,87.0,26.0,Individual,5,High Risk,Manual Review
30756330,2850.0, 36 months,18.99,E,E1,1 year,RENT,45000.0,Verified,debt_consolidation,NY,32.13,0.0,665.0,669.0,0.0,48.8,23.0,Individual,5,High Risk,Manual Review
30806151,15000.0, 60 months,18.99,E,E1,3 years,MORTGAGE,62500.0,Source Verified,debt_consolidation,AZ,35.52,0.0,660.0,664.0,1.0,63.0,24.0,Individual,5,High Risk,Manual Review
30575851,22125.0, 36 months,19.52,E,E2,5 years,MORTGAGE,70000.0,Verified,debt_consolidation,AZ,35.62,0.0,670.0,674.0,1.0,73.5,38.0,Individual,5,High Risk,Manual Review
28713821,12050.0, 60 months,20.2,E,E3,10+ years,MORTGAGE,109000.0,Not Verified,debt_consolidation,NY,12.61,3.0,680.0,684.0,0.0,82.6,33.0,Individual,5,High Risk,Manual Review
28733672,21075.0, 36 months,20.99,E,E4,4 years,MORTGAGE,62000.0,Source Verified,small_business,CA,39.01,0.0,685.0,689.0,2.0,31.6,14.0,Individual,5,High Risk,Manual Review
30495732,12000.0, 60 months,18.99,E,E1,,MORTGAGE,65000.0,Verified,major_purchase,FL,33.99,0.0,660.0,664.0,3.0,24.5,63.0,Individual,5,High Risk,Manual Review
30605992,27000.0, 60 months,18.99,E,E1,10+ years,RENT,98000.0,Source Verified,debt_consolidation,MD,12.25,1.0,665.0,669.0,0.0,96.9,17.0,Individual,5,High Risk,Manual Review
30736126,25925.0, 60 months,20.2,E,E3,2 years,MORTGAGE,52000.0,Source Verified,debt_consolidation,OH,32.03,0.0,700.0,704.0,1.0,66.1,25.0,Individual,5,High Risk,Manual Review
30816002,15750.0, 60 months,23.43,F,F1,7 years,MORTGAGE,35000.0,Not Verified,debt_consolidation,FL,37.28,0.0,675.0,679.0,1.0,60.0,19.0,Individual,5,High Risk,Manual Review
30836069,35000.0, 36 months,20.99,E,E4,1 year,MORTGAGE,105000.0,Verified,debt_consolidation,AZ,37.19,3.0,660.0,664.0,0.0,81.0,32.0,Individual,7,High Risk,Manual Review
30626068,35000.0, 60 months,20.2,E,E3,10+ years,MORTGAGE,88000.0,Verified,debt_consolidation,WI,31.04,0.0,685.0,689.0,0.0,87.0,30.0,Individual,6,High Risk,Manual Review
30355679,15000.0, 60 months,19.52,E,E2,< 1 year,RENT,40000.0,Source Verified,credit_card,CA,33.2,0.0,665.0,669.0,2.0,52.9,38.0,Individual,5,High Risk,Manual Review
29084161,8325.0, 36 months,20.2,E,E3,5 years,MORTGAGE,68000.0,Verified,debt_consolidation,VA,31.7,0.0,665.0,669.0,2.0,58.5,36.0,Individual,5,High Risk,Manual Review
30735899,12075.0, 60 months,20.99,E,E4,6 years,OWN,38000.0,Verified,credit_card,FL,35.94,0.0,660.0,664.0,3.0,50.5,50.0,Individual,5,High Risk,Manual Review
30625859,14975.0, 60 months,19.52,E,E2,1 year,RENT,50000.0,Source Verified,debt_consolidation,TX,33.66,0.0,665.0,669.0,2.0,77.2,26.0,Individual,5,High Risk,Manual Review
30695952,18450.0, 60 months,18.99,E,E1,4 years,RENT,55000.0,Verified,debt_consolidation,CA,33.04,0.0,740.0,744.0,1.0,17.8,26.0,Individual,5,High Risk,Manual Review
17122909,21750.0, 60 months,19.52,E,E2,7 years,MORTGAGE,55000.0,Source Verified,debt_consolidation,NM,34.28,0.0,685.0,689.0,0.0,46.4,31.0,Individual,5,High Risk,Manual Review
30726075,10200.0, 60 months,18.99,E,E1,10+ years,OWN,52000.0,Verified,debt_consolidation,TX,33.37,0.0,695.0,699.0,0.0,34.5,17.0,Individual,5,High Risk,Manual Review
28913520,14600.0, 60 months,20.99,E,E4,1 year,RENT,50000.0,Verified,credit_card,IL,30.87,0.0,690.0,694.0,3.0,79.4,11.0,Individual,5,High Risk,Manual Review
30685908,15175.0, 60 months,18.99,E,E1,6 years,MORTGAGE,117000.0,Not Verified,debt_consolidation,GA,10.08,1.0,660.0,664.0,1.0,92.5,30.0,Individual,5,High Risk,Manual Review
30826038,6400.0, 36 months,16.29,D,D2,7 years,OWN,45000.0,Verified,debt_consolidation,LA,34.19,1.0,685.0,689.0,0.0,81.2,39.0,Individual,5,High Risk,Manual Review
30815818,20225.0, 60 months,20.99,E,E4,10+ years,RENT,45000.0,Verified,credit_card,NY,32.87,0.0,690.0,694.0,0.0,70.2,22.0,Individual,5,High Risk,Manual Review
30736094,8325.0, 36 months,23.43,F,F1,8 years,MORTGAGE,30000.0,Verified,debt_consolidation,TN,37.0,0.0,695.0,699.0,2.0,83.9,25.0,Individual,6,High Risk,Manual Review
30775943,21000.0, 60 months,22.15,E,E5,10+ years,MORTGAGE,51000.0,Verified,debt_consolidation,OR,25.18,1.0,700.0,704.0,3.0,82.0,31.0,Individual,5,High Risk,Manual Review
30705896,19600.0, 60 months,20.99,E,E4,10+ years,MORTGAGE,54000.0,Source Verified,debt_consolidation,OH,36.53,1.0,675.0,679.0,0.0,97.0,31.0,Individual,7,High Risk,Manual Review
29824610,5225.0, 36 months,20.99,E,E4,< 1 year,OWN,17500.0,Source Verified,debt_consolidation,FL,33.26,0.0,685.0,689.0,1.0,32.3,11.0,Individual,5,High Risk,Manual Review
30705832,10575.0, 60 months,22.15,E,E5,10+ years,RENT,31150.0,Source Verified,debt_consolidation,IN,33.91,0.0,670.0,674.0,0.0,64.5,24.0,Individual,5,High Risk,Manual Review
30846035,35000.0, 60 months,25.89,G,G3,10+ years,RENT,102500.0,Verified,debt_consolidation,SD,36.55,12.0,665.0,669.0,2.0,26.6,43.0,Individual,6,High Risk,Manual Review
30755977,11950.0, 36 months,18.99,E,E1,< 1 year,RENT,42000.0,Source Verified,debt_consolidation,IL,35.82,0.0,660.0,664.0,2.0,50.8,28.0,Individual,5,High Risk,Manual Review
30665685,19675.0, 60 months,20.99,E,E4,8 years,OWN,46930.0,Source Verified,debt_consolidation,NM,33.07,0.0,685.0,689.0,0.0,56.3,25.0,Individual,5,High Risk,Manual Review
30275897,15400.0, 36 months,19.52,E,E2,,OWN,35100.0,Verified,debt_consolidation,AZ,37.95,0.0,725.0,729.0,0.0,65.0,22.0,Individual,5,High Risk,Manual Review
30695728,10000.0, 60 months,20.2,E,E3,6 years,RENT,26000.0,Source Verified,small_business,NY,35.64,0.0,660.0,664.0,0.0,62.8,34.0,Individual,5,High Risk,Manual Review
30825749,26850.0, 60 months,19.52,E,E2,5 years,MORTGAGE,108000.0,Source Verified,debt_consolidation,CO,27.92,2.0,670.0,674.0,0.0,83.2,25.0,Individual,5,High Risk,Manual Review
30835670,22000.0, 60 months,19.52,E,E2,10+ years,RENT,79000.0,Source Verified,debt_consolidation,VA,27.74,1.0,675.0,679.0,1.0,92.2,27.0,Individual,5,High Risk,Manual Review
30225896,23975.0, 60 months,19.52,E,E2,1 year,RENT,67000.0,Verified,debt_consolidation,CT,31.15,0.0,680.0,684.0,1.0,67.1,38.0,Individual,5,High Risk,Manual Review
30735808,35000.0, 60 months,18.99,E,E1,2 years,MORTGAGE,210000.0,Verified,debt_consolidation,TX,12.34,1.0,665.0,669.0,0.0,92.4,25.0,Individual,5,High Risk,Manual Review
30805680,16950.0, 36 months,24.99,F,F4,1 year,OWN,56500.0,Verified,debt_consolidation,LA,31.52,0.0,675.0,679.0,2.0,54.1,74.0,Individual,5,High Risk,Manual Review
30465491,8475.0, 36 months,18.99,E,E1,10+ years,RENT,26618.29,Source Verified,other,HI,33.81,0.0,665.0,669.0,1.0,73.5,10.0,Individual,5,High Risk,Manual Review
28833621,32100.0, 60 months,24.08,F,F2,8 years,RENT,130000.0,Verified,debt_consolidation,NV,31.81,1.0,665.0,669.0,0.0,87.1,59.0,Individual,7,High Risk,Manual Review
30645790,15625.0, 60 months,20.2,E,E3,9 years,RENT,60000.0,Source Verified,debt_consolidation,CA,37.0,1.0,670.0,674.0,0.0,57.4,23.0,Individual,6,High Risk,Manual Review
30745799,14250.0, 60 months,24.5,F,F3,,RENT,42000.0,Verified,debt_consolidation,MA,22.69,1.0,685.0,689.0,0.0,87.4,14.0,Individual,5,High Risk,Manual Review
30375886,10875.0, 60 months,18.99,E,E1,10+ years,RENT,41000.0,Not Verified,credit_card,CA,30.45,3.0,665.0,669.0,0.0,97.7,16.0,Individual,7,High Risk,Manual Review
30365874,15125.0, 60 months,20.2,E,E3,10+ years,RENT,43000.0,Source Verified,debt_consolidation,NV,34.08,0.0,690.0,694.0,0.0,72.7,21.0,Individual,5,High Risk,Manual Review
30596013,20750.0, 60 months,23.43,F,F1,10+ years,RENT,52000.0,Source Verified,debt_consolidation,MS,12.39,1.0,665.0,669.0,0.0,99.7,17.0,Individual,5,High Risk,Manual Review
30445929,10450.0, 60 months,20.2,E,E3,3 years,RENT,25000.0,Source Verified,credit_card,CA,34.71,0.0,685.0,689.0,1.0,43.6,16.0,Individual,5,High Risk,Manual Review
30165454,16175.0, 60 months,20.2,E,E3,< 1 year,MORTGAGE,36000.0,Verified,credit_card,MI,34.43,0.0,720.0,724.0,0.0,89.6,34.0,Individual,6,High Risk,Manual Review
30525900,15975.0, 36 months,22.15,E,E5,10+ years,RENT,55000.0,Verified,debt_consolidation,MD,30.51,1.0,730.0,734.0,1.0,13.2,26.0,Individual,6,High Risk,Manual Review
30435712,10100.0, 60 months,23.43,F,F1,10+ years,MORTGAGE,99586.0,Source Verified,debt_consolidation,CA,31.25,0.0,675.0,679.0,2.0,76.0,29.0,Individual,5,High Risk,Manual Review
30525845,17875.0, 60 months,19.52,E,E2,7 years,RENT,49920.0,Verified,credit_card,RI,32.94,0.0,670.0,674.0,0.0,86.0,27.0,Individual,6,High Risk,Manual Review
30456093,18125.0, 60 months,17.57,D,D4,5 years,MORTGAGE,60500.0,Not Verified,debt_consolidation,WV,31.54,1.0,690.0,694.0,0.0,80.9,37.0,Individual,5,High Risk,Manual Review
29023887,31000.0, 60 months,22.15,E,E5,2 years,RENT,79750.0,Verified,debt_consolidation,IL,31.26,1.0,660.0,664.0,2.0,54.7,39.0,Individual,6,High Risk,Manual Review
28653161,2500.0, 36 months,18.99,E,E1,1 year,MORTGAGE,40000.0,Not Verified,debt_consolidation,GA,31.08,0.0,690.0,694.0,2.0,86.9,16.0,Individual,6,High Risk,Manual Review
30535804,8850.0, 36 months,20.99,E,E4,1 year,MORTGAGE,24778.0,Source Verified,debt_consolidation,OK,31.01,0.0,680.0,684.0,1.0,65.7,30.0,Individual,5,High Risk,Manual Review
651688,22725.0, 60 months,22.15,E,E5,9 years,OWN,53150.0,Source Verified,debt_consolidation,NY,22.98,1.0,660.0,664.0,1.0,80.4,23.0,Individual,5,High Risk,Manual Review
30415549,7925.0, 36 months,19.52,E,E2,10+ years,MORTGAGE,56160.0,Verified,debt_consolidation,LA,39.44,5.0,670.0,674.0,0.0,74.9,40.0,Individual,6,High Risk,Manual Review
30535763,18000.0, 60 months,19.52,E,E2,10+ years,MORTGAGE,40000.0,Source Verified,credit_card,LA,30.03,0.0,710.0,714.0,0.0,80.2,18.0,Individual,6,High Risk,Manual Review
30395821,12350.0, 60 months,19.52,E,E2,10+ years,MORTGAGE,58000.0,Source Verified,debt_consolidation,FL,36.0,0.0,670.0,674.0,1.0,68.1,24.0,Individual,5,High Risk,Manual Review
29574700,26850.0, 60 months,19.52,E,E2,,MORTGAGE,64000.0,Verified,credit_card,DE,36.94,0.0,700.0,704.0,1.0,88.0,43.0,Individual,6,High Risk,Manual Review
27591897,26650.0, 60 months,22.15,E,E5,10+ years,MORTGAGE,87637.0,Source Verified,debt_consolidation,CA,23.35,2.0,670.0,674.0,0.0,81.7,36.0,Individual,5,High Risk,Manual Review
30345395,10975.0, 60 months,24.99,F,F4,< 1 year,RENT,25000.0,Source Verified,debt_consolidation,SC,33.99,0.0,670.0,674.0,0.0,84.3,11.0,Individual,6,High Risk,Manual Review
30565695,13475.0, 60 months,23.43,F,F1,6 years,MORTGAGE,49000.0,Source Verified,debt_consolidation,AL,39.77,2.0,700.0,704.0,0.0,47.5,32.0,Individual,6,High Risk,Manual Review
30505854,9000.0, 36 months,20.99,E,E4,8 years,RENT,30000.0,Source Verified,house,AR,39.28,0.0,660.0,664.0,1.0,39.7,28.0,Individual,5,High Risk,Manual Review
30405624,35000.0, 60 months,19.52,E,E2,10+ years,MORTGAGE,600000.0,Source Verified,credit_card,CT,8.07,2.0,665.0,669.0,0.0,94.0,21.0,Individual,5,High Risk,Manual Review
30575586,9525.0, 36 months,22.15,E,E5,< 1 year,RENT,32000.0,Source Verified,debt_consolidation,OR,34.13,0.0,675.0,679.0,0.0,99.0,11.0,Individual,6,High Risk,Manual Review
30465585,12550.0, 60 months,22.15,E,E5,,RENT,35000.0,Verified,car,TN,35.25,1.0,685.0,689.0,0.0,34.6,19.0,Individual,6,High Risk,Manual Review
30325907,29975.0, 36 months,22.15,E,E5,4 years,MORTGAGE,61000.0,Verified,debt_consolidation,AL,27.33,1.0,660.0,664.0,0.0,88.2,34.0,Individual,5,High Risk,Manual Review
30555693,19050.0, 36 months,16.99,D,D3,10+ years,MORTGAGE,300000.0,Verified,debt_consolidation,NY,37.37,2.0,660.0,664.0,0.0,92.8,23.0,Individual,5,High Risk,Manual Review
30385493,18900.0, 60 months,18.99,E,E1,3 years,OWN,42000.0,Source Verified,debt_consolidation,WI,15.49,1.0,660.0,664.0,1.0,96.7,38.0,Individual,5,High Risk,Manual Review
30225895,11300.0, 36 months,18.99,E,E1,10+ years,RENT,28288.0,Source Verified,debt_consolidation,WA,32.46,0.0,680.0,684.0,0.0,67.2,16.0,Individual,5,High Risk,Manual Review
30385569,33700.0, 60 months,20.2,E,E3,10+ years,MORTGAGE,73000.0,Verified,debt_consolidation,PA,32.55,0.0,695.0,699.0,1.0,34.1,47.0,Individual,5,High Risk,Manual Review
27731119,16950.0, 60 months,23.43,F,F1,3 years,RENT,50000.0,Source Verified,debt_consolidation,AK,32.98,0.0,700.0,704.0,2.0,93.8,6.0,Individual,6,High Risk,Manual Review
30485470,6900.0, 36 months,24.5,F,F3,,OWN,35000.0,Source Verified,debt_consolidation,MI,14.57,1.0,670.0,674.0,0.0,80.2,13.0,Individual,5,High Risk,Manual Review
30405468,30000.0, 60 months,19.52,E,E2,10+ years,RENT,84000.0,Verified,debt_consolidation,CA,26.19,1.0,660.0,664.0,0.0,91.6,29.0,Individual,5,High Risk,Manual Review
30445515,30000.0, 60 months,24.99,F,F4,< 1 year,RENT,78000.0,Verified,debt_consolidation,KS,9.28,1.0,665.0,669.0,1.0,95.6,24.0,Individual,5,High Risk,Manual Review
30445607,17200.0, 60 months,19.52,E,E2,10+ years,OWN,43000.0,Source Verified,debt_consolidation,WV,35.47,0.0,705.0,709.0,1.0,67.0,43.0,Individual,5,High Risk,Manual Review
30155952,14075.0, 60 months,19.52,E,E2,10+ years,OWN,32000.0,Source Verified,debt_consolidation,MO,36.08,1.0,660.0,664.0,0.0,73.7,13.0,Individual,6,High Risk,Manual Review
29064280,6625.0, 36 months,22.15,E,E5,2 years,OWN,23028.36,Source Verified,debt_consolidation,KY,37.1,0.0,670.0,674.0,1.0,52.9,32.0,Individual,5,High Risk,Manual Review
30135821,16200.0, 60 months,20.99,E,E4,6 years,RENT,38688.0,Source Verified,debt_consolidation,NC,39.8,0.0,695.0,699.0,0.0,63.6,28.0,Individual,5,High Risk,Manual Review
30184953,17275.0, 36 months,24.5,F,F3,< 1 year,OWN,54000.0,Source Verified,debt_consolidation,MN,33.87,0.0,665.0,669.0,1.0,66.6,32.0,Individual,5,High Risk,Manual Review
30215838,30000.0, 60 months,22.15,E,E5,10+ years,MORTGAGE,82000.0,Verified,debt_consolidation,IL,11.78,1.0,680.0,684.0,1.0,91.0,16.0,Individual,5,High Risk,Manual Review
28112154,30000.0, 60 months,19.52,E,E2,6 years,MORTGAGE,324000.0,Source Verified,debt_consolidation,TX,28.62,2.0,665.0,669.0,0.0,85.0,37.0,Individual,5,High Risk,Manual Review
28893374,8400.0, 36 months,18.99,E,E1,2 years,MORTGAGE,37000.0,Source Verified,debt_consolidation,OH,32.24,0.0,695.0,699.0,1.0,63.5,16.0,Individual,5,High Risk,Manual Review
30095993,17950.0, 60 months,16.29,D,D2,7 years,RENT,46803.0,Source Verified,debt_consolidation,CA,36.18,1.0,665.0,669.0,0.0,91.0,19.0,Individual,5,High Risk,Manual Review
30205954,2075.0, 36 months,18.99,E,E1,7 years,OWN,37000.0,Not Verified,debt_consolidation,TX,39.32,0.0,670.0,674.0,0.0,46.3,46.0,Individual,5,High Risk,Manual Review
30225943,13000.0, 60 months,18.24,D,D5,7 years,OWN,45000.0,Source Verified,debt_consolidation,MI,35.15,1.0,665.0,669.0,0.0,97.8,30.0,Individual,5,High Risk,Manual Review
30315881,13900.0, 36 months,18.99,E,E1,10+ years,OWN,41000.0,Verified,debt_consolidation,IN,35.4,0.0,665.0,669.0,0.0,52.4,32.0,Individual,5,High Risk,Manual Review
30266059,17325.0, 36 months,19.52,E,E2,,MORTGAGE,51024.0,Verified,debt_consolidation,NY,35.89,0.0,670.0,674.0,1.0,89.6,39.0,Individual,6,High Risk,Manual Review
30395435,12000.0, 60 months,19.52,E,E2,3 years,RENT,62145.0,Not Verified,moving,NV,38.88,0.0,675.0,679.0,0.0,75.2,30.0,Individual,5,High Risk,Manual Review
28772913,16575.0, 60 months,16.99,D,D3,10+ years,MORTGAGE,69000.0,Not Verified,debt_consolidation,CT,36.71,1.0,675.0,679.0,1.0,92.1,25.0,Individual,5,High Risk,Manual Review
30225772,14800.0, 36 months,18.99,E,E1,,MORTGAGE,33000.0,Verified,debt_consolidation,MO,32.47,0.0,665.0,669.0,3.0,44.1,42.0,Individual,5,High Risk,Manual Review
28402673,11975.0, 36 months,16.29,D,D2,10+ years,MORTGAGE,57000.0,Source Verified,debt_consolidation,MD,36.24,2.0,690.0,694.0,0.0,81.5,19.0,Individual,5,High Risk,Manual Review
30155739,25000.0, 60 months,19.52,E,E2,9 years,RENT,70000.0,Source Verified,debt_consolidation,CA,36.77,0.0,685.0,689.0,1.0,102.0,16.0,Individual,6,High Risk,Manual Review
30195870,10325.0, 36 months,19.52,E,E2,2 years,OWN,23000.0,Verified,credit_card,AL,39.72,0.0,690.0,694.0,0.0,62.2,20.0,Individual,5,High Risk,Manual Review
30315853,25000.0, 60 months,20.99,E,E4,10+ years,MORTGAGE,70000.0,Verified,debt_consolidation,CA,32.8,0.0,660.0,664.0,1.0,80.0,33.0,Individual,5,High Risk,Manual Review
27902022,7400.0, 36 months,19.52,E,E2,< 1 year,RENT,25000.0,Source Verified,other,CA,35.05,0.0,695.0,699.0,0.0,59.1,7.0,Individual,5,High Risk,Manual Review
30265904,2675.0, 36 months,23.43,F,F1,8 years,RENT,15000.0,Verified,debt_consolidation,FL,32.24,0.0,660.0,664.0,1.0,86.7,15.0,Individual,6,High Risk,Manual Review
30235800,11400.0, 60 months,18.99,E,E1,,MORTGAGE,53000.0,Verified,debt_consolidation,UT,11.42,4.0,660.0,664.0,0.0,92.4,32.0,Individual,5,High Risk,Manual Review
30235856,12325.0, 36 months,19.52,E,E2,4 years,RENT,42918.6,Source Verified,debt_consolidation,NV,33.86,0.0,710.0,714.0,1.0,49.3,11.0,Individual,5,High Risk,Manual Review
30125739,24925.0, 60 months,19.52,E,E2,4 years,MORTGAGE,68000.0,Source Verified,debt_consolidation,PA,31.49,0.0,685.0,689.0,1.0,76.2,19.0,Individual,5,High Risk,Manual Review
28642924,15550.0, 60 months,20.2,E,E3,7 years,RENT,52000.0,Source Verified,debt_consolidation,VA,39.46,0.0,675.0,679.0,1.0,62.6,23.0,Individual,5,High Risk,Manual Review
29575225,20225.0, 36 months,20.99,E,E4,7 years,MORTGAGE,45000.0,Verified,debt_consolidation,CA,28.35,1.0,660.0,664.0,0.0,97.5,22.0,Individual,5,High Risk,Manual Review
29724563,10750.0, 36 months,20.99,E,E4,,MORTGAGE,30000.0,Verified,credit_card,TX,30.12,0.0,710.0,714.0,0.0,70.2,20.0,Individual,5,High Risk,Manual Review
30185160,30750.0, 60 months,18.99,E,E1,1 year,RENT,67000.0,Verified,credit_card,TN,32.65,0.0,735.0,739.0,0.0,72.5,36.0,Individual,5,High Risk,Manual Review
28823901,33025.0, 36 months,20.2,E,E3,10+ years,MORTGAGE,92000.0,Verified,home_improvement,OR,39.8,1.0,665.0,669.0,1.0,88.6,12.0,Individual,7,High Risk,Manual Review
30315134,9400.0, 36 months,19.52,E,E2,10+ years,MORTGAGE,38685.0,Source Verified,small_business,CA,26.93,1.0,685.0,689.0,1.0,102.2,22.0,Individual,5,High Risk,Manual Review
30215557,32000.0, 60 months,18.99,E,E1,9 years,RENT,110000.0,Verified,debt_consolidation,GA,13.44,1.0,690.0,694.0,2.0,81.9,25.0,Individual,5,High Risk,Manual Review
30335610,19600.0, 60 months,20.2,E,E3,7 years,RENT,48950.0,Verified,debt_consolidation,PA,31.28,0.0,685.0,689.0,0.0,92.0,35.0,Individual,6,High Risk,Manual Review
28011996,26375.0, 60 months,18.99,E,E1,4 years,MORTGAGE,60000.0,Source Verified,debt_consolidation,TX,37.04,0.0,715.0,719.0,0.0,87.8,40.0,Individual,6,High Risk,Manual Review
30295215,27325.0, 60 months,22.15,E,E5,10+ years,OWN,72000.0,Verified,debt_consolidation,CA,33.32,0.0,680.0,684.0,0.0,94.2,30.0,Individual,6,High Risk,Manual Review
30325533,35000.0, 60 months,20.2,E,E3,< 1 year,MORTGAGE,125000.0,Source Verified,debt_consolidation,TX,28.17,1.0,685.0,689.0,1.0,82.8,30.0,Individual,5,High Risk,Manual Review
30215455,11400.0, 60 months,19.52,E,E2,8 years,RENT,30000.0,Source Verified,credit_card,MA,34.96,0.0,660.0,664.0,0.0,87.4,18.0,Individual,6,High Risk,Manual Review
29635175,15350.0, 60 months,20.2,E,E3,9 years,MORTGAGE,120000.0,Source Verified,debt_consolidation,GA,38.31,0.0,720.0,724.0,1.0,64.4,34.0,Individual,5,High Risk,Manual Review
29944963,31400.0, 60 months,24.99,F,F4,8 years,MORTGAGE,63000.0,Verified,debt_consolidation,CO,25.49,2.0,675.0,679.0,0.0,95.6,20.0,Individual,5,High Risk,Manual Review
29703922,15500.0, 36 months,22.15,E,E5,10+ years,RENT,41000.0,Verified,major_purchase,CA,17.56,1.0,660.0,664.0,0.0,87.1,9.0,Individual,5,High Risk,Manual Review
30095414,14975.0, 60 months,24.5,F,F3,6 years,RENT,60012.0,Verified,medical,AZ,34.63,0.0,675.0,679.0,0.0,19.4,36.0,Individual,5,High Risk,Manual Review
29624991,17975.0, 60 months,20.99,E,E4,10+ years,MORTGAGE,49800.0,Source Verified,debt_consolidation,FL,20.87,3.0,675.0,679.0,0.0,85.6,22.0,Individual,5,High Risk,Manual Review
30285311,10000.0, 60 months,18.99,E,E1,2 years,RENT,50000.0,Verified,debt_consolidation,NC,30.84,0.0,665.0,669.0,2.0,63.0,55.0,Individual,5,High Risk,Manual Review
30295216,21350.0, 60 months,24.99,F,F4,8 years,RENT,61500.0,Source Verified,debt_consolidation,CA,34.83,0.0,675.0,679.0,1.0,70.0,39.0,Individual,5,High Risk,Manual Review
30095297,30225.0, 36 months,19.52,E,E2,3 years,MORTGAGE,98000.0,Verified,credit_card,CA,33.83,0.0,695.0,699.0,2.0,63.3,61.0,Individual,5,High Risk,Manual Review
30305267,26400.0, 60 months,22.15,E,E5,10+ years,MORTGAGE,61000.0,Source Verified,debt_consolidation,MI,21.72,1.0,700.0,704.0,0.0,85.0,22.0,Individual,5,High Risk,Manual Review
30115268,13100.0, 60 months,25.57,F,F5,5 years,MORTGAGE,40400.0,Source Verified,debt_consolidation,AL,36.63,0.0,690.0,694.0,0.0,77.8,13.0,Individual,5,High Risk,Manual Review
30335229,33950.0, 60 months,20.99,E,E4,10+ years,MORTGAGE,68000.0,Verified,debt_consolidation,PA,30.97,0.0,675.0,679.0,0.0,69.0,43.0,Individual,5,High Risk,Manual Review
29795468,20000.0, 60 months,19.52,E,E2,6 years,MORTGAGE,60000.0,Verified,debt_consolidation,WY,33.98,0.0,680.0,684.0,0.0,81.9,19.0,Individual,6,High Risk,Manual Review
30185215,12000.0, 36 months,18.99,E,E1,6 years,MORTGAGE,80000.0,Source Verified,house,TX,34.68,2.0,665.0,669.0,1.0,22.6,60.0,Individual,6,High Risk,Manual Review
29784671,12000.0, 60 months,19.52,E,E2,4 years,MORTGAGE,37000.0,Source Verified,debt_consolidation,NY,36.7,1.0,670.0,674.0,1.0,44.4,21.0,Individual,6,High Risk,Manual Review
28714226,12000.0, 36 months,24.08,F,F2,7 years,MORTGAGE,40000.0,Source Verified,debt_consolidation,CA,38.94,0.0,660.0,664.0,0.0,78.0,19.0,Individual,5,High Risk,Manual Review
6311690,11525.0, 60 months,19.52,E,E2,1 year,MORTGAGE,30000.0,Not Verified,debt_consolidation,OK,35.92,0.0,700.0,704.0,0.0,75.4,14.0,Individual,5,High Risk,Manual Review
30215108,15750.0, 60 months,24.5,F,F3,10+ years,MORTGAGE,41239.0,Source Verified,debt_consolidation,AR,36.96,0.0,710.0,714.0,0.0,63.3,39.0,Individual,5,High Risk,Manual Review
30185066,25200.0, 36 months,18.99,E,E1,,OWN,60000.0,Verified,debt_consolidation,AR,37.2,1.0,670.0,674.0,1.0,101.9,13.0,Individual,7,High Risk,Manual Review
30295077,18825.0, 60 months,24.08,F,F2,10+ years,MORTGAGE,42000.0,Source Verified,debt_consolidation,AR,37.0,0.0,670.0,674.0,0.0,64.6,41.0,Individual,5,High Risk,Manual Review
30344988,9025.0, 36 months,19.52,E,E2,9 years,MORTGAGE,42000.0,Source Verified,debt_consolidation,MN,30.57,0.0,675.0,679.0,2.0,56.5,38.0,Individual,5,High Risk,Manual Review
30285196,32000.0, 60 months,22.15,E,E5,7 years,MORTGAGE,71500.0,Verified,debt_consolidation,TX,30.46,0.0,660.0,664.0,3.0,84.2,24.0,Individual,6,High Risk,Manual Review
29643916,27000.0, 60 months,22.15,E,E5,8 years,MORTGAGE,85000.0,Source Verified,major_purchase,TX,38.05,0.0,700.0,704.0,1.0,61.8,16.0,Individual,5,High Risk,Manual Review
13497188,13250.0, 60 months,18.99,E,E1,3 years,MORTGAGE,52000.0,Not Verified,debt_consolidation,TX,35.47,0.0,715.0,719.0,1.0,56.9,29.0,Individual,5,High Risk,Manual Review
29715707,14475.0, 36 months,20.2,E,E3,10+ years,RENT,33000.0,Verified,debt_consolidation,NC,30.11,0.0,680.0,684.0,0.0,67.5,9.0,Individual,5,High Risk,Manual Review
29093909,22125.0, 60 months,18.99,E,E1,10+ years,RENT,66000.0,Verified,credit_card,CA,16.55,1.0,660.0,664.0,1.0,91.7,32.0,Individual,5,High Risk,Manual Review
30235078,11500.0, 60 months,20.2,E,E3,10+ years,MORTGAGE,32000.0,Not Verified,debt_consolidation,KY,35.18,0.0,660.0,664.0,0.0,69.6,24.0,Individual,5,High Risk,Manual Review
30275059,13775.0, 60 months,20.99,E,E4,6 years,OWN,46000.0,Verified,debt_consolidation,MO,37.73,0.0,675.0,679.0,3.0,58.3,33.0,Individual,5,High Risk,Manual Review
30325049,13200.0, 60 months,15.61,D,D1,10+ years,MORTGAGE,40320.0,Verified,credit_card,IN,39.49,1.0,660.0,664.0,1.0,96.9,34.0,Individual,5,High Risk,Manual Review
30095089,25475.0, 60 months,20.2,E,E3,8 years,RENT,63892.0,Verified,credit_card,NJ,33.39,0.0,665.0,669.0,0.0,67.8,20.0,Individual,5,High Risk,Manual Review
30225036,35000.0, 60 months,18.24,D,D5,6 years,MORTGAGE,107300.0,Verified,debt_consolidation,AL,36.76,1.0,680.0,684.0,1.0,91.1,40.0,Individual,5,High Risk,Manual Review
29894970,29950.0, 60 months,22.15,E,E5,10+ years,MORTGAGE,60000.0,Source Verified,credit_card,NM,35.46,0.0,700.0,704.0,0.0,94.7,26.0,Individual,6,High Risk,Manual Review
29664642,20850.0, 60 months,24.99,F,F4,< 1 year,MORTGAGE,72500.0,Source Verified,debt_consolidation,MI,21.93,2.0,690.0,694.0,1.0,93.4,28.0,Individual,5,High Risk,Manual Review
27630863,8725.0, 36 months,22.15,E,E5,7 years,MORTGAGE,40000.0,Verified,debt_consolidation,AL,36.11,0.0,670.0,674.0,1.0,77.2,25.0,Individual,5,High Risk,Manual Review
30124959,10450.0, 60 months,25.8,G,G1,8 years,MORTGAGE,35000.0,Source Verified,credit_card,CA,30.45,0.0,700.0,704.0,1.0,68.4,22.0,Individual,5,High Risk,Manual Review
25207953,14400.0, 60 months,19.52,E,E2,5 years,MORTGAGE,90000.0,Not Verified,credit_card,PA,39.12,1.0,700.0,704.0,2.0,77.4,42.0,Individual,6,High Risk,Manual Review
29864954,22800.0, 60 months,20.99,E,E4,10+ years,MORTGAGE,57000.0,Source Verified,debt_consolidation,TN,37.05,13.0,670.0,674.0,0.0,85.6,58.0,Individual,7,High Risk,Manual Review
29954999,15100.0, 60 months,19.52,E,E2,10+ years,RENT,42000.0,Source Verified,medical,NY,32.86,0.0,705.0,709.0,0.0,67.2,25.0,Individual,5,High Risk,Manual Review
29834961,4800.0, 36 months,17.57,D,D4,10+ years,MORTGAGE,80000.0,Not Verified,other,AL,33.03,1.0,680.0,684.0,1.0,93.7,39.0,Individual,5,High Risk,Manual Review
30044840,8000.0, 36 months,23.43,F,F1,5 years,MORTGAGE,30000.0,Source Verified,debt_consolidation,MO,36.24,0.0,665.0,669.0,0.0,37.1,33.0,Individual,5,High Risk,Manual Review
27711728,4000.0, 36 months,19.52,E,E2,,MORTGAGE,49000.0,Verified,other,MN,31.41,1.0,665.0,669.0,1.0,17.7,27.0,Individual,6,High Risk,Manual Review
30044829,35000.0, 60 months,20.2,E,E3,4 years,MORTGAGE,70000.0,Verified,debt_consolidation,LA,35.8,0.0,700.0,704.0,0.0,48.4,32.0,Individual,5,High Risk,Manual Review
29984952,10000.0, 60 months,20.99,E,E4,10+ years,MORTGAGE,75000.0,Not Verified,moving,AR,37.75,0.0,725.0,729.0,0.0,96.9,37.0,Individual,6,High Risk,Manual Review
29994981,13600.0, 36 months,19.52,E,E2,10+ years,MORTGAGE,58000.0,Source Verified,debt_consolidation,OH,39.93,1.0,685.0,689.0,1.0,46.1,20.0,Individual,6,High Risk,Manual Review
29834786,14350.0, 36 months,18.99,E,E1,4 years,RENT,32000.0,Verified,debt_consolidation,TN,37.85,0.0,700.0,704.0,0.0,82.0,22.0,Individual,6,High Risk,Manual Review
30064617,11200.0, 60 months,24.08,F,F2,3 years,RENT,65000.0,Verified,other,OR,33.94,0.0,670.0,674.0,1.0,65.9,29.0,Individual,5,High Risk,Manual Review
29064096,23000.0, 60 months,18.99,E,E1,10+ years,MORTGAGE,50000.0,Source Verified,debt_consolidation,TN,32.19,0.0,705.0,709.0,0.0,87.7,21.0,Individual,6,High Risk,Manual Review
28302648,5125.0, 36 months,18.99,E,E1,10+ years,MORTGAGE,41000.0,Source Verified,debt_consolidation,IN,30.83,0.0,660.0,664.0,2.0,54.6,31.0,Individual,5,High Risk,Manual Review
29834876,2500.0, 36 months,19.52,E,E2,3 years,RENT,70000.0,Verified,moving,GA,31.39,0.0,675.0,679.0,3.0,76.2,26.0,Individual,5,High Risk,Manual Review
28553196,30000.0, 60 months,20.2,E,E3,10+ years,MORTGAGE,65071.0,Verified,debt_consolidation,VA,30.12,2.0,670.0,674.0,1.0,57.6,33.0,Individual,6,High Risk,Manual Review
28292515,2375.0, 36 months,19.52,E,E2,10+ years,MORTGAGE,30000.0,Not Verified,debt_consolidation,VT,36.36,0.0,675.0,679.0,0.0,99.6,6.0,Individual,6,High Risk,Manual Review
28754211,15550.0, 60 months,22.15,E,E5,10+ years,RENT,51886.8,Source Verified,debt_consolidation,NC,37.07,0.0,660.0,664.0,1.0,90.5,12.0,Individual,6,High Risk,Manual Review
28873922,35000.0, 60 months,19.52,E,E2,,RENT,120000.0,Verified,debt_consolidation,CA,35.86,0.0,710.0,714.0,0.0,51.6,34.0,Individual,5,High Risk,Manual Review
29123528,3350.0, 36 months,22.15,E,E5,< 1 year,MORTGAGE,40000.0,Not Verified,debt_consolidation,IN,36.03,0.0,700.0,704.0,0.0,99.6,37.0,Individual,6,High Risk,Manual Review
30004840,16700.0, 36 months,22.15,E,E5,10+ years,MORTGAGE,56000.0,Verified,debt_consolidation,PA,25.63,1.0,665.0,669.0,2.0,93.0,41.0,Individual,5,High Risk,Manual Review
29964787,35000.0, 36 months,18.99,E,E1,4 years,MORTGAGE,112740.0,Verified,debt_consolidation,CA,31.74,0.0,660.0,664.0,4.0,75.2,77.0,Individual,5,High Risk,Manual Review
29705342,18950.0, 60 months,18.99,E,E1,10+ years,RENT,52800.0,Source Verified,debt_consolidation,IL,38.11,0.0,675.0,679.0,2.0,82.2,28.0,Individual,6,High Risk,Manual Review
29944691,21575.0, 60 months,22.15,E,E5,10+ years,OWN,54000.0,Source Verified,debt_consolidation,HI,35.3,0.0,725.0,729.0,0.0,85.1,19.0,Individual,6,High Risk,Manual Review
29954740,9575.0, 36 months,24.08,F,F2,10+ years,MORTGAGE,32000.0,Verified,other,MI,33.36,0.0,675.0,679.0,0.0,28.3,36.0,Individual,5,High Risk,Manual Review
29924673,2225.0, 36 months,25.83,G,G2,5 years,OWN,35000.0,Not Verified,house,TX,18.9,1.0,665.0,669.0,2.0,80.3,13.0,Individual,5,High Risk,Manual Review
29635499,20000.0, 60 months,15.61,D,D1,10+ years,MORTGAGE,93000.0,Source Verified,home_improvement,MO,32.0,2.0,680.0,684.0,1.0,85.9,19.0,Individual,5,High Risk,Manual Review
29585568,7525.0, 36 months,18.99,E,E1,5 years,RENT,32000.0,Source Verified,debt_consolidation,IN,32.33,0.0,665.0,669.0,1.0,53.7,26.0,Individual,5,High Risk,Manual Review
29634300,30750.0, 60 months,19.52,E,E2,4 years,MORTGAGE,70000.0,Verified,debt_consolidation,MA,37.06,2.0,675.0,679.0,0.0,43.5,29.0,Individual,6,High Risk,Manual Review
29795532,32950.0, 60 months,25.8,G,G1,3 years,MORTGAGE,75000.0,Verified,debt_consolidation,NC,16.82,1.0,675.0,679.0,0.0,83.8,28.0,Individual,5,High Risk,Manual Review
29665627,11825.0, 36 months,20.99,E,E4,1 year,RENT,26326.0,Verified,debt_consolidation,MN,34.41,0.0,700.0,704.0,0.0,32.8,14.0,Individual,5,High Risk,Manual Review
29914627,13375.0, 60 months,23.43,F,F1,4 years,RENT,32000.0,Source Verified,debt_consolidation,NY,35.44,0.0,675.0,679.0,1.0,58.1,30.0,Individual,5,High Risk,Manual Review
29725549,32175.0, 60 months,24.5,F,F3,2 years,OWN,70000.0,Verified,home_improvement,MA,32.33,1.0,675.0,679.0,0.0,70.1,30.0,Individual,6,High Risk,Manual Review
29635476,9000.0, 36 months,19.52,E,E2,8 years,RENT,30000.0,Source Verified,medical,FL,36.48,0.0,670.0,674.0,0.0,61.5,20.0,Individual,5,High Risk,Manual Review
28694403,10275.0, 60 months,23.43,F,F1,3 years,OWN,28560.0,Source Verified,credit_card,CA,37.34,0.0,685.0,689.0,1.0,41.1,25.0,Individual,5,High Risk,Manual Review
29765295,12600.0, 36 months,20.2,E,E3,,RENT,54400.0,Verified,debt_consolidation,NY,37.19,1.0,660.0,664.0,0.0,58.1,21.0,Individual,6,High Risk,Manual Review
29625578,10000.0, 60 months,19.52,E,E2,,RENT,24200.0,Verified,credit_card,NC,38.94,0.0,670.0,674.0,0.0,76.0,14.0,Individual,5,High Risk,Manual Review
29605449,6300.0, 36 months,22.15,E,E5,2 years,MORTGAGE,35000.0,Verified,other,IL,34.43,0.0,670.0,674.0,1.0,88.4,16.0,Individual,6,High Risk,Manual Review
29715566,21550.0, 36 months,15.61,D,D1,10+ years,MORTGAGE,85000.0,Verified,debt_consolidation,MI,35.94,1.0,660.0,664.0,0.0,96.7,39.0,Individual,5,High Risk,Manual Review
29775282,11925.0, 60 months,18.99,E,E1,2 years,MORTGAGE,50000.0,Source Verified,debt_consolidation,MD,38.07,0.0,700.0,704.0,0.0,94.7,25.0,Individual,6,High Risk,Manual Review
28564747,12000.0, 60 months,17.57,D,D4,9 years,MORTGAGE,52000.0,Verified,credit_card,RI,30.3,1.0,675.0,679.0,0.0,95.1,20.0,Individual,5,High Risk,Manual Review
28743810,17550.0, 60 months,17.57,D,D4,4 years,OWN,44000.0,Source Verified,small_business,AK,39.23,1.0,670.0,674.0,2.0,85.1,15.0,Individual,5,High Risk,Manual Review
29585359,21550.0, 60 months,19.52,E,E2,10+ years,MORTGAGE,60000.0,Source Verified,debt_consolidation,FL,39.68,0.0,675.0,679.0,0.0,83.2,24.0,Individual,6,High Risk,Manual Review
29764754,6275.0, 36 months,18.99,E,E1,3 years,RENT,35000.0,Source Verified,debt_consolidation,FL,36.82,0.0,720.0,724.0,1.0,48.5,13.0,Individual,5,High Risk,Manual Review
29705320,23925.0, 60 months,23.43,F,F1,10+ years,RENT,48000.0,Source Verified,debt_consolidation,GA,34.93,0.0,670.0,674.0,0.0,94.5,22.0,Individual,6,High Risk,Manual Review
29605473,22800.0, 60 months,24.08,F,F2,7 years,RENT,60000.0,Source Verified,debt_consolidation,NY,30.03,0.0,700.0,704.0,0.0,50.5,20.0,Individual,5,High Risk,Manual Review
29605509,24925.0, 60 months,25.89,G,G3,10+ years,RENT,60000.0,Source Verified,debt_consolidation,NC,27.92,1.0,660.0,664.0,0.0,80.5,28.0,Individual,5,High Risk,Manual Review
29625328,13500.0, 60 months,22.15,E,E5,10+ years,RENT,30000.0,Verified,credit_card,NY,35.4,0.0,695.0,699.0,1.0,101.9,10.0,Individual,6,High Risk,Manual Review
29635255,16800.0, 60 months,23.43,F,F1,7 years,MORTGAGE,60000.0,Source Verified,debt_consolidation,AR,31.8,0.0,710.0,714.0,1.0,40.4,24.0,Individual,5,High Risk,Manual Review
29764095,32000.0, 60 months,20.2,E,E3,2 years,MORTGAGE,106000.0,Verified,home_improvement,NC,35.63,1.0,670.0,674.0,0.0,67.8,42.0,Individual,6,High Risk,Manual Review
26298848,19525.0, 60 months,19.52,E,E2,10+ years,MORTGAGE,64000.0,Not Verified,debt_consolidation,SC,32.35,0.0,695.0,699.0,1.0,58.9,29.0,Individual,5,High Risk,Manual Review
29003810,18125.0, 60 months,20.2,E,E3,10+ years,MORTGAGE,89000.0,Verified,debt_consolidation,GA,31.12,0.0,680.0,684.0,0.0,61.3,37.0,Individual,5,High Risk,Manual Review
29685370,12500.0, 60 months,18.99,E,E1,9 years,RENT,50000.0,Source Verified,debt_consolidation,VA,32.98,1.0,670.0,674.0,2.0,34.4,39.0,Individual,6,High Risk,Manual Review
29735308,10000.0, 60 months,18.99,E,E1,< 1 year,RENT,35000.0,Source Verified,debt_consolidation,CA,39.78,1.0,660.0,664.0,1.0,55.8,52.0,Individual,6,High Risk,Manual Review
29645377,26000.0, 60 months,19.52,E,E2,3 years,MORTGAGE,102000.0,Verified,debt_consolidation,TX,31.61,0.0,675.0,679.0,0.0,74.6,27.0,Individual,5,High Risk,Manual Review
29655383,14975.0, 60 months,18.99,E,E1,2 years,OWN,50000.0,Source Verified,debt_consolidation,LA,35.96,0.0,665.0,669.0,0.0,70.4,26.0,Individual,5,High Risk,Manual Review
28292481,17275.0, 60 months,19.52,E,E2,10+ years,MORTGAGE,48000.0,Source Verified,debt_consolidation,OH,34.35,0.0,690.0,694.0,0.0,69.1,37.0,Individual,5,High Risk,Manual Review
29124297,9325.0, 36 months,20.2,E,E3,7 years,MORTGAGE,45000.0,Verified,credit_card,FL,32.29,0.0,675.0,679.0,1.0,70.8,22.0,Individual,5,High Risk,Manual Review
29615148,16250.0, 60 months,20.2,E,E3,10+ years,RENT,48000.0,Source Verified,debt_consolidation,NJ,30.33,0.0,660.0,664.0,0.0,49.2,28.0,Individual,5,High Risk,Manual Review
29735129,8000.0, 36 months,18.99,E,E1,1 year,RENT,42900.0,Verified,small_business,AZ,36.76,0.0,685.0,689.0,0.0,62.2,19.0,Individual,5,High Risk,Manual Review
29654751,5150.0, 36 months,18.99,E,E1,2 years,RENT,19000.0,Verified,debt_consolidation,TX,31.02,0.0,740.0,744.0,0.0,7.5,10.0,Individual,5,High Risk,Manual Review
28624467,18900.0, 60 months,24.5,F,F3,3 years,RENT,42000.0,Source Verified,credit_card,KS,32.29,0.0,665.0,669.0,0.0,82.6,20.0,Individual,6,High Risk,Manual Review
29744973,10000.0, 60 months,19.52,E,E2,1 year,RENT,24728.0,Verified,debt_consolidation,FL,35.87,0.0,665.0,669.0,0.0,70.3,11.0,Individual,5,High Risk,Manual Review
29704094,22575.0, 60 months,24.5,F,F3,3 years,MORTGAGE,48000.0,Source Verified,other,CA,37.2,1.0,660.0,664.0,0.0,87.4,18.0,Individual,7,High Risk,Manual Review
29635128,16875.0, 60 months,20.2,E,E3,10+ years,RENT,37664.0,Source Verified,debt_consolidation,CA,36.35,0.0,715.0,719.0,0.0,76.2,27.0,Individual,5,High Risk,Manual Review
29655324,13475.0, 60 months,24.99,F,F4,< 1 year,RENT,38000.0,Verified,debt_consolidation,FL,33.32,0.0,660.0,664.0,0.0,100.9,19.0,Individual,6,High Risk,Manual Review
29715246,12650.0, 36 months,19.52,E,E2,< 1 year,RENT,44000.0,Verified,debt_consolidation,CA,30.88,0.0,665.0,669.0,1.0,45.7,30.0,Individual,5,High Risk,Manual Review
29615108,35000.0, 60 months,20.99,E,E4,10+ years,MORTGAGE,140000.0,Verified,debt_consolidation,MD,9.52,5.0,675.0,679.0,2.0,80.7,25.0,Individual,5,High Risk,Manual Review
29183817,28000.0, 60 months,23.43,F,F1,6 years,MORTGAGE,80000.0,Source Verified,debt_consolidation,FL,32.82,0.0,690.0,694.0,0.0,80.1,34.0,Individual,6,High Risk,Manual Review
29715060,11250.0, 36 months,24.08,F,F2,10+ years,OWN,55000.0,Not Verified,debt_consolidation,NY,36.71,0.0,705.0,709.0,1.0,82.5,27.0,Individual,6,High Risk,Manual Review
29805047,6950.0, 36 months,22.15,E,E5,10+ years,MORTGAGE,93160.0,Source Verified,debt_consolidation,MS,38.55,0.0,700.0,704.0,1.0,80.8,41.0,Individual,6,High Risk,Manual Review
29655004,10000.0, 60 months,20.2,E,E3,2 years,OWN,33150.0,Source Verified,debt_consolidation,IL,33.74,0.0,665.0,669.0,0.0,91.0,11.0,Individual,6,High Risk,Manual Review
29564999,12600.0, 60 months,19.52,E,E2,5 years,RENT,28000.0,Source Verified,debt_consolidation,IN,38.36,0.0,695.0,699.0,0.0,88.2,17.0,Individual,6,High Risk,Manual Review
29754918,22000.0, 60 months,20.99,E,E4,8 years,MORTGAGE,55000.0,Source Verified,debt_consolidation,FL,34.3,0.0,685.0,689.0,0.0,75.6,26.0,Individual,5,High Risk,Manual Review
29684724,12000.0, 60 months,20.2,E,E3,10+ years,MORTGAGE,135000.0,Verified,debt_consolidation,MD,34.42,0.0,695.0,699.0,0.0,88.0,36.0,Individual,6,High Risk,Manual Review
29634824,18650.0, 36 months,19.52,E,E2,,RENT,52000.0,Verified,debt_consolidation,VA,31.36,0.0,675.0,679.0,1.0,43.7,39.0,Individual,5,High Risk,Manual Review
29584533,26375.0, 60 months,22.15,E,E5,< 1 year,RENT,60000.0,Source Verified,debt_consolidation,NY,31.31,1.0,660.0,664.0,0.0,55.9,12.0,Individual,6,High Risk,Manual Review
29604889,35000.0, 60 months,23.43,F,F1,7 years,MORTGAGE,120000.0,Verified,debt_consolidation,MN,32.52,0.0,665.0,669.0,1.0,83.9,40.0,Individual,6,High Risk,Manual Review
29654932,4450.0, 36 months,19.52,E,E2,10+ years,MORTGAGE,38000.0,Source Verified,debt_consolidation,SC,35.09,2.0,665.0,669.0,2.0,43.6,26.0,Individual,6,High Risk,Manual Review
28724045,17525.0, 60 months,23.43,F,F1,10+ years,RENT,54900.0,Source Verified,debt_consolidation,MI,33.2,0.0,685.0,689.0,2.0,55.5,38.0,Individual,5,High Risk,Manual Review
28563490,16575.0, 60 months,24.08,F,F2,5 years,RENT,37000.0,Not Verified,credit_card,TX,38.53,0.0,665.0,669.0,0.0,75.4,68.0,Individual,5,High Risk,Manual Review
29774668,3250.0, 36 months,18.99,E,E1,10+ years,MORTGAGE,43000.0,Not Verified,debt_consolidation,CT,34.66,0.0,690.0,694.0,0.0,58.1,44.0,Individual,5,High Risk,Manual Review
28633545,11250.0, 60 months,20.99,E,E4,< 1 year,MORTGAGE,39000.0,Not Verified,credit_card,IL,35.48,0.0,680.0,684.0,3.0,61.2,26.0,Individual,5,High Risk,Manual Review
28332903,15000.0, 36 months,20.2,E,E3,10+ years,RENT,52000.0,Source Verified,debt_consolidation,CO,30.26,0.0,670.0,674.0,1.0,78.2,23.0,Individual,5,High Risk,Manual Review
28603314,25000.0, 60 months,19.52,E,E2,1 year,MORTGAGE,60000.0,Verified,debt_consolidation,TN,31.24,0.0,680.0,684.0,0.0,58.1,27.0,Individual,5,High Risk,Manual Review
28574298,16225.0, 60 months,24.5,F,F3,10+ years,MORTGAGE,46000.0,Not Verified,debt_consolidation,NC,32.48,0.0,680.0,684.0,0.0,71.9,35.0,Individual,5,High Risk,Manual Review
29754466,13000.0, 60 months,19.52,E,E2,10+ years,MORTGAGE,56400.0,Source Verified,debt_consolidation,KS,35.83,0.0,690.0,694.0,1.0,55.7,46.0,Individual,5,High Risk,Manual Review
29574531,4100.0, 36 months,23.43,F,F1,10+ years,RENT,59200.0,Verified,other,LA,37.32,0.0,660.0,664.0,0.0,64.4,23.0,Individual,5,High Risk,Manual Review
29644515,12600.0, 60 months,19.52,E,E2,1 year,RENT,35000.0,Source Verified,debt_consolidation,CA,39.88,0.0,695.0,699.0,0.0,72.4,22.0,Individual,5,High Risk,Manual Review
29584448,15000.0, 60 months,19.52,E,E2,8 years,RENT,50000.0,Source Verified,debt_consolidation,NC,35.45,0.0,680.0,684.0,2.0,24.4,29.0,Individual,5,High Risk,Manual Review
29084424,13400.0, 60 months,23.43,F,F1,3 years,RENT,30000.0,Source Verified,debt_consolidation,UT,35.2,0.0,685.0,689.0,0.0,38.2,15.0,Individual,5,High Risk,Manual Review
29774411,15925.0, 60 months,20.2,E,E3,10+ years,RENT,45000.0,Verified,debt_consolidation,CA,38.8,1.0,660.0,664.0,2.0,42.2,38.0,Individual,6,High Risk,Manual Review
23914802,3025.0, 36 months,16.29,D,D2,10+ years,MORTGAGE,51200.0,Not Verified,debt_consolidation,NJ,37.83,1.0,660.0,664.0,0.0,99.6,19.0,Individual,5,High Risk,Manual Review
29654431,12000.0, 36 months,23.43,F,F1,6 years,RENT,30000.0,Verified,credit_card,NH,31.0,0.0,665.0,669.0,1.0,45.3,7.0,Individual,5,High Risk,Manual Review
29734508,17125.0, 60 months,22.15,E,E5,5 years,MORTGAGE,70000.0,Source Verified,major_purchase,TN,36.28,0.0,675.0,679.0,2.0,80.3,18.0,Individual,6,High Risk,Manual Review
28833848,12000.0, 60 months,19.52,E,E2,10+ years,MORTGAGE,50000.0,Source Verified,other,KY,30.03,3.0,670.0,674.0,2.0,28.2,48.0,Individual,6,High Risk,Manual Review
29684412,30100.0, 60 months,20.99,E,E4,4 years,OWN,100000.0,Verified,credit_card,WY,36.71,2.0,670.0,674.0,0.0,82.6,52.0,Individual,7,High Risk,Manual Review
29193649,18200.0, 60 months,19.52,E,E2,9 years,MORTGAGE,70000.0,Verified,debt_consolidation,NV,36.29,0.0,720.0,724.0,0.0,53.2,22.0,Individual,5,High Risk,Manual Review
27631642,25075.0, 60 months,18.99,E,E1,10+ years,MORTGAGE,68000.0,Verified,debt_consolidation,NC,34.68,0.0,705.0,709.0,0.0,35.0,43.0,Individual,5,High Risk,Manual Review
29624351,6475.0, 36 months,22.15,E,E5,2 years,OWN,25000.0,Source Verified,other,FL,39.08,1.0,690.0,694.0,0.0,17.5,10.0,Individual,6,High Risk,Manual Review
29653976,32000.0, 60 months,18.99,E,E1,10+ years,MORTGAGE,90000.0,Verified,debt_consolidation,TX,30.65,0.0,715.0,719.0,0.0,93.5,21.0,Individual,6,High Risk,Manual Review
28784431,17525.0, 36 months,20.99,E,E4,5 years,RENT,39000.0,Verified,debt_consolidation,PA,38.06,0.0,700.0,704.0,3.0,38.2,40.0,Individual,5,High Risk,Manual Review
27612010,14825.0, 36 months,18.99,E,E1,2 years,RENT,33000.0,Verified,medical,WA,30.8,0.0,700.0,704.0,1.0,41.8,23.0,Individual,5,High Risk,Manual Review
29804473,21000.0, 36 months,18.99,E,E1,10+ years,MORTGAGE,180000.0,Source Verified,small_business,TX,38.91,2.0,660.0,664.0,3.0,68.4,45.0,Individual,6,High Risk,Manual Review
7050046,35000.0, 60 months,20.2,E,E3,5 years,MORTGAGE,79544.0,Verified,debt_consolidation,TX,31.4,0.0,705.0,709.0,0.0,94.8,35.0,Individual,6,High Risk,Manual Review
26189100,12000.0, 60 months,19.52,E,E2,10+ years,MORTGAGE,84000.0,Source Verified,debt_consolidation,CA,7.95,1.0,685.0,689.0,0.0,81.5,21.0,Individual,5,High Risk,Manual Review
29654261,26750.0, 60 months,19.52,E,E2,2 years,MORTGAGE,96000.0,Verified,home_improvement,TX,36.34,0.0,710.0,714.0,0.0,77.2,26.0,Individual,5,High Risk,Manual Review
29283982,24925.0, 60 months,20.99,E,E4,10+ years,MORTGAGE,94000.0,Verified,debt_consolidation,NJ,37.39,0.0,660.0,664.0,1.0,98.3,29.0,Individual,6,High Risk,Manual Review
29574186,9775.0, 36 months,20.2,E,E3,,MORTGAGE,56000.0,Verified,debt_consolidation,VA,34.39,0.0,680.0,684.0,2.0,99.7,20.0,Individual,6,High Risk,Manual Review
29624127,14400.0, 60 months,22.15,E,E5,10+ years,RENT,41000.0,Source Verified,debt_consolidation,PA,39.33,0.0,715.0,719.0,0.0,81.1,23.0,Individual,6,High Risk,Manual Review
29724226,28000.0, 60 months,24.99,F,F4,4 years,MORTGAGE,104000.0,Source Verified,debt_consolidation,WA,30.35,0.0,685.0,689.0,4.0,76.4,50.0,Individual,5,High Risk,Manual Review
29584208,15175.0, 60 months,18.24,D,D5,,MORTGAGE,57252.0,Verified,debt_consolidation,FL,36.08,4.0,680.0,684.0,0.0,94.8,28.0,Individual,5,High Risk,Manual Review
29724243,16000.0, 60 months,24.08,F,F2,7 years,MORTGAGE,64055.0,Verified,debt_consolidation,PA,31.89,0.0,660.0,664.0,1.0,81.7,30.0,Individual,6,High Risk,Manual Review
29564285,21850.0, 60 months,25.57,F,F5,10+ years,MORTGAGE,78634.0,Verified,debt_consolidation,NC,31.29,1.0,670.0,674.0,1.0,52.0,30.0,Individual,6,High Risk,Manual Review
28753738,10800.0, 60 months,20.99,E,E4,3 years,MORTGAGE,36000.0,Not Verified,home_improvement,NC,15.6,1.0,660.0,664.0,0.0,97.6,17.0,Individual,5,High Risk,Manual Review
29764115,4800.0, 36 months,19.52,E,E2,6 years,OWN,101000.0,Verified,major_purchase,NY,37.54,0.0,665.0,669.0,1.0,86.8,31.0,Individual,6,High Risk,Manual Review
29804079,10450.0, 60 months,24.5,F,F3,10+ years,OWN,35000.0,Source Verified,debt_consolidation,OH,36.32,4.0,660.0,664.0,0.0,52.0,19.0,Individual,6,High Risk,Manual Review
29694050,4200.0, 36 months,24.5,F,F3,9 years,RENT,35000.0,Source Verified,other,NY,32.27,1.0,705.0,709.0,1.0,19.9,22.0,Individual,6,High Risk,Manual Review
29713966,11500.0, 36 months,24.99,F,F4,7 years,RENT,34000.0,Verified,debt_consolidation,AR,36.29,0.0,670.0,674.0,0.0,52.8,17.0,Individual,5,High Risk,Manual Review
29783909,14300.0, 60 months,20.2,E,E3,10+ years,RENT,65000.0,Verified,debt_consolidation,OR,34.44,0.0,660.0,664.0,0.0,86.9,33.0,Individual,6,High Risk,Manual Review
29243723,10250.0, 36 months,20.99,E,E4,1 year,RENT,22880.0,Verified,debt_consolidation,TN,33.16,0.0,680.0,684.0,0.0,41.7,37.0,Individual,5,High Risk,Manual Review
29673935,10000.0, 60 months,19.52,E,E2,4 years,OWN,24000.0,Source Verified,credit_card,NJ,32.75,0.0,705.0,709.0,0.0,77.3,21.0,Individual,5,High Risk,Manual Review
29304566,5000.0, 36 months,18.99,E,E1,5 years,RENT,22000.0,Source Verified,debt_consolidation,NY,31.1,0.0,700.0,704.0,1.0,85.1,10.0,Individual,6,High Risk,Manual Review
29793916,20450.0, 60 months,19.52,E,E2,10+ years,RENT,57000.0,Source Verified,debt_consolidation,MD,16.46,1.0,670.0,674.0,1.0,96.6,25.0,Individual,5,High Risk,Manual Review
29393975,20600.0, 60 months,18.99,E,E1,10+ years,MORTGAGE,75000.0,Source Verified,home_improvement,FL,34.1,0.0,695.0,699.0,2.0,68.9,45.0,Individual,5,High Risk,Manual Review
29074570,21025.0, 60 months,20.99,E,E4,4 years,RENT,48500.0,Source Verified,debt_consolidation,TX,38.5,0.0,700.0,704.0,0.0,36.4,50.0,Individual,5,High Risk,Manual Review
29593863,32750.0, 60 months,20.2,E,E3,10+ years,MORTGAGE,78000.0,Verified,debt_consolidation,FL,36.69,0.0,695.0,699.0,0.0,95.2,16.0,Individual,6,High Risk,Manual Review
27300178,3900.0, 36 months,18.99,E,E1,10+ years,RENT,28000.0,Not Verified,debt_consolidation,UT,34.98,0.0,700.0,704.0,1.0,76.6,10.0,Individual,5,High Risk,Manual Review
29433888,15075.0, 60 months,18.99,E,E1,5 years,MORTGAGE,42000.0,Source Verified,debt_consolidation,FL,33.51,0.0,670.0,674.0,0.0,78.9,14.0,Individual,5,High Risk,Manual Review
28853253,7550.0, 36 months,24.08,F,F2,10+ years,RENT,38000.0,Verified,debt_consolidation,OH,34.81,1.0,660.0,664.0,3.0,0.5,37.0,Individual,6,High Risk,Manual Review
28482843,18700.0, 36 months,19.52,E,E2,10+ years,MORTGAGE,80000.0,Not Verified,debt_consolidation,MI,12.47,1.0,680.0,684.0,1.0,85.0,21.0,Individual,5,High Risk,Manual Review
29273931,10750.0, 60 months,20.2,E,E3,< 1 year,RENT,30000.0,Source Verified,debt_consolidation,MA,35.32,0.0,665.0,669.0,0.0,100.1,15.0,Individual,6,High Risk,Manual Review
28222220,23925.0, 60 months,24.99,F,F4,< 1 year,RENT,75000.0,Verified,other,OH,35.21,0.0,670.0,674.0,1.0,94.1,46.0,Individual,6,High Risk,Manual Review
28873223,19750.0, 60 months,24.99,F,F4,7 years,RENT,49500.0,Verified,credit_card,OH,30.52,0.0,675.0,679.0,3.0,44.3,60.0,Individual,5,High Risk,Manual Review
29064477,18000.0, 60 months,24.08,F,F2,10+ years,MORTGAGE,40000.0,Source Verified,debt_consolidation,NJ,32.01,0.0,675.0,679.0,0.0,64.8,25.0,Individual,5,High Risk,Manual Review
28903554,17500.0, 60 months,23.43,F,F1,6 years,MORTGAGE,60000.0,Not Verified,debt_consolidation,KS,32.12,0.0,675.0,679.0,1.0,69.1,22.0,Individual,5,High Risk,Manual Review
29174597,14000.0, 60 months,22.15,E,E5,10+ years,MORTGAGE,55000.0,Verified,debt_consolidation,MD,36.72,0.0,670.0,674.0,0.0,51.8,27.0,Individual,5,High Risk,Manual Review
28574282,16000.0, 60 months,19.52,E,E2,5 years,RENT,70000.0,Source Verified,debt_consolidation,CA,31.17,0.0,695.0,699.0,1.0,54.1,45.0,Individual,5,High Risk,Manual Review
29053673,19750.0, 60 months,19.52,E,E2,10+ years,MORTGAGE,43900.0,Verified,debt_consolidation,CA,30.67,0.0,685.0,689.0,1.0,80.1,24.0,Individual,6,High Risk,Manual Review
27430115,12000.0, 60 months,16.29,D,D2,3 years,MORTGAGE,41000.0,Source Verified,debt_consolidation,CA,37.38,1.0,700.0,704.0,2.0,83.2,33.0,Individual,5,High Risk,Manual Review
29084636,18675.0, 60 months,25.57,F,F5,10+ years,RENT,66824.0,Verified,debt_consolidation,CA,33.84,0.0,690.0,694.0,1.0,46.0,33.0,Individual,5,High Risk,Manual Review
18996122,17050.0, 36 months,19.52,E,E2,10+ years,OWN,57000.0,Source Verified,debt_consolidation,IL,34.83,2.0,670.0,674.0,2.0,69.4,21.0,Individual,6,High Risk,Manual Review
28923484,10150.0, 36 months,19.52,E,E2,1 year,OWN,30000.0,Source Verified,debt_consolidation,KS,32.28,0.0,695.0,699.0,0.0,72.4,26.0,Individual,5,High Risk,Manual Review
29184120,17225.0, 60 months,20.99,E,E4,10+ years,RENT,48000.0,Source Verified,debt_consolidation,MN,32.98,0.0,685.0,689.0,0.0,73.4,36.0,Individual,5,High Risk,Manual Review
27602148,16950.0, 60 months,24.5,F,F3,8 years,RENT,50000.0,Verified,debt_consolidation,KY,37.21,0.0,695.0,699.0,1.0,40.3,33.0,Individual,5,High Risk,Manual Review
29214536,12925.0, 60 months,24.5,F,F3,2 years,RENT,35966.4,Source Verified,debt_consolidation,AL,32.65,0.0,675.0,679.0,0.0,76.6,26.0,Individual,5,High Risk,Manual Review
29264543,11400.0, 60 months,19.52,E,E2,10+ years,MORTGAGE,65000.0,Not Verified,debt_consolidation,OH,28.72,4.0,660.0,664.0,0.0,100.0,41.0,Individual,5,High Risk,Manual Review
28222224,18300.0, 60 months,19.52,E,E2,10+ years,MORTGAGE,52000.0,Source Verified,credit_card,WI,38.7,1.0,665.0,669.0,1.0,85.3,37.0,Individual,7,High Risk,Manual Review
29294454,22950.0, 60 months,16.99,D,D3,3 years,MORTGAGE,72000.0,Source Verified,debt_consolidation,TX,32.19,1.0,670.0,674.0,0.0,94.9,23.0,Individual,5,High Risk,Manual Review
29194461,25375.0, 60 months,22.15,E,E5,8 years,MORTGAGE,72000.0,Verified,debt_consolidation,LA,39.15,1.0,660.0,664.0,0.0,90.4,28.0,Individual,7,High Risk,Manual Review
29194444,35000.0, 60 months,18.99,E,E1,10+ years,MORTGAGE,98000.0,Verified,debt_consolidation,AL,33.69,0.0,685.0,689.0,0.0,94.5,16.0,Individual,6,High Risk,Manual Review
28903515,5500.0, 36 months,25.8,G,G1,4 years,MORTGAGE,32000.0,Source Verified,debt_consolidation,TX,31.58,0.0,660.0,664.0,0.0,92.5,14.0,Individual,6,High Risk,Manual Review
28653022,14400.0, 60 months,19.52,E,E2,5 years,MORTGAGE,48000.0,Source Verified,debt_consolidation,NC,35.9,0.0,705.0,709.0,0.0,81.3,22.0,Individual,6,High Risk,Manual Review
29064678,22575.0, 60 months,25.83,G,G2,10+ years,RENT,74400.0,Verified,debt_consolidation,VA,36.68,0.0,670.0,674.0,0.0,60.5,40.0,Individual,5,High Risk,Manual Review
29074509,19350.0, 36 months,20.2,E,E3,8 years,RENT,43500.0,Verified,credit_card,NJ,31.67,0.0,660.0,664.0,0.0,69.4,27.0,Individual,5,High Risk,Manual Review
29173835,12375.0, 60 months,19.52,E,E2,7 years,MORTGAGE,64000.0,Not Verified,debt_consolidation,VA,34.33,0.0,665.0,669.0,0.0,91.1,35.0,Individual,6,High Risk,Manual Review
28973702,5125.0, 36 months,24.08,F,F2,9 years,MORTGAGE,42000.0,Source Verified,debt_consolidation,NC,38.54,0.0,700.0,704.0,0.0,55.1,15.0,Individual,5,High Risk,Manual Review
28762582,15175.0, 60 months,18.99,E,E1,10+ years,MORTGAGE,41000.0,Not Verified,debt_consolidation,FL,33.37,0.0,715.0,719.0,0.0,54.4,25.0,Individual,5,High Risk,Manual Review
26168070,8500.0, 36 months,22.15,E,E5,8 years,MORTGAGE,50024.0,Not Verified,debt_consolidation,MI,37.6,0.0,680.0,684.0,2.0,59.7,37.0,Individual,5,High Risk,Manual Review
29274321,26650.0, 60 months,18.24,D,D5,10+ years,MORTGAGE,101118.0,Verified,debt_consolidation,MD,30.03,2.0,665.0,669.0,1.0,84.9,57.0,Individual,5,High Risk,Manual Review
29174381,15400.0, 36 months,20.2,E,E3,< 1 year,RENT,55000.0,Not Verified,home_improvement,KY,31.03,1.0,660.0,664.0,2.0,17.9,47.0,Individual,6,High Risk,Manual Review
29304425,28100.0, 60 months,22.15,E,E5,10+ years,MORTGAGE,88400.0,Verified,debt_consolidation,MI,31.05,1.0,675.0,679.0,2.0,81.6,19.0,Individual,7,High Risk,Manual Review
29124311,24650.0, 60 months,20.99,E,E4,< 1 year,RENT,65000.0,Source Verified,debt_consolidation,MD,37.59,1.0,675.0,679.0,0.0,55.5,50.0,Individual,6,High Risk,Manual Review
29294251,14300.0, 60 months,22.15,E,E5,6 years,MORTGAGE,40000.0,Not Verified,home_improvement,TN,30.9,0.0,660.0,664.0,1.0,65.0,12.0,Individual,5,High Risk,Manual Review
29194185,2000.0, 36 months,20.99,E,E4,10+ years,MORTGAGE,96000.0,Verified,renewable_energy,GA,38.16,0.0,670.0,674.0,2.0,86.2,42.0,Individual,6,High Risk,Manual Review
29254242,32100.0, 60 months,20.2,E,E3,10+ years,MORTGAGE,73000.0,Verified,debt_consolidation,OH,30.49,0.0,690.0,694.0,1.0,89.0,11.0,Individual,6,High Risk,Manual Review
29254252,6000.0, 36 months,20.2,E,E3,3 years,RENT,40000.0,Source Verified,other,TX,39.0,0.0,665.0,669.0,0.0,72.6,17.0,Individual,5,High Risk,Manual Review
29124145,5750.0, 36 months,22.15,E,E5,1 year,RENT,30000.0,Source Verified,debt_consolidation,CA,34.48,0.0,670.0,674.0,0.0,81.7,16.0,Individual,6,High Risk,Manual Review
29274240,21000.0, 60 months,18.24,D,D5,1 year,RENT,65000.0,Verified,debt_consolidation,NJ,38.9,2.0,680.0,684.0,1.0,84.6,42.0,Individual,5,High Risk,Manual Review
28553085,13750.0, 60 months,23.43,F,F1,3 years,MORTGAGE,45936.0,Source Verified,debt_consolidation,NC,34.27,0.0,660.0,664.0,0.0,100.2,22.0,Individual,6,High Risk,Manual Review
29144161,25975.0, 60 months,20.2,E,E3,10+ years,RENT,52000.0,Source Verified,credit_card,PA,33.74,0.0,680.0,684.0,0.0,70.0,17.0,Individual,5,High Risk,Manual Review
29144176,35000.0, 60 months,16.29,D,D2,8 years,MORTGAGE,165000.0,Verified,debt_consolidation,WA,34.03,1.0,685.0,689.0,1.0,87.5,43.0,Individual,5,High Risk,Manual Review
29183863,20950.0, 60 months,20.2,E,E3,6 years,RENT,111250.0,Source Verified,debt_consolidation,IL,33.27,0.0,690.0,694.0,1.0,62.2,63.0,Individual,5,High Risk,Manual Review
28182378,12000.0, 60 months,18.99,E,E1,10+ years,RENT,42000.0,Source Verified,other,VA,31.89,0.0,680.0,684.0,1.0,94.3,17.0,Individual,6,High Risk,Manual Review
29204067,11700.0, 60 months,20.99,E,E4,10+ years,RENT,32640.0,Verified,debt_consolidation,PA,31.37,0.0,665.0,669.0,1.0,88.2,23.0,Individual,6,High Risk,Manual Review
29294133,10500.0, 36 months,16.99,D,D3,< 1 year,RENT,35000.0,Source Verified,debt_consolidation,WY,39.06,1.0,660.0,664.0,1.0,97.5,23.0,Individual,5,High Risk,Manual Review
28693853,6075.0, 36 months,20.2,E,E3,10+ years,MORTGAGE,18000.0,Source Verified,debt_consolidation,MS,37.6,0.0,680.0,684.0,1.0,34.6,33.0,Individual,5,High Risk,Manual Review
29204042,11200.0, 60 months,19.52,E,E2,< 1 year,RENT,40000.0,Verified,other,TX,36.0,0.0,685.0,689.0,0.0,45.1,24.0,Individual,5,High Risk,Manual Review
29074086,12100.0, 60 months,19.52,E,E2,3 years,OWN,40000.0,Source Verified,credit_card,CA,32.49,0.0,685.0,689.0,1.0,53.9,12.0,Individual,5,High Risk,Manual Review
27611474,20250.0, 60 months,18.99,E,E1,10+ years,MORTGAGE,45000.0,Source Verified,other,KS,18.32,1.0,685.0,689.0,0.0,86.8,21.0,Individual,5,High Risk,Manual Review
29064177,15175.0, 36 months,19.52,E,E2,8 years,RENT,38000.0,Source Verified,debt_consolidation,CA,36.2,1.0,665.0,669.0,0.0,66.6,18.0,Individual,6,High Risk,Manual Review
29263973,15000.0, 60 months,18.99,E,E1,< 1 year,MORTGAGE,35000.0,Not Verified,credit_card,OH,36.08,0.0,715.0,719.0,1.0,46.4,21.0,Individual,5,High Risk,Manual Review
29003609,9000.0, 36 months,19.52,E,E2,3 years,RENT,25000.0,Source Verified,debt_consolidation,IL,30.39,0.0,670.0,674.0,2.0,66.9,20.0,Individual,5,High Risk,Manual Review
29163934,10800.0, 60 months,18.24,D,D5,10+ years,MORTGAGE,75000.0,Verified,debt_consolidation,KY,34.9,2.0,675.0,679.0,2.0,94.9,38.0,Individual,5,High Risk,Manual Review
29213992,3000.0, 36 months,18.99,E,E1,10+ years,MORTGAGE,32000.0,Not Verified,other,OH,31.51,0.0,665.0,669.0,0.0,100.7,23.0,Individual,6,High Risk,Manual Review
29084004,12550.0, 36 months,18.24,D,D5,10+ years,OWN,35000.0,Source Verified,debt_consolidation,WA,39.13,1.0,670.0,674.0,0.0,88.8,19.0,Individual,5,High Risk,Manual Review
29184000,28950.0, 36 months,18.99,E,E1,7 years,MORTGAGE,58000.0,Verified,debt_consolidation,NC,33.93,1.0,710.0,714.0,0.0,51.3,21.0,Individual,6,High Risk,Manual Review
28372856,17925.0, 60 months,19.52,E,E2,9 years,MORTGAGE,64524.0,Not Verified,debt_consolidation,FL,37.49,0.0,710.0,714.0,0.0,78.0,40.0,Individual,5,High Risk,Manual Review
29013786,18000.0, 60 months,22.15,E,E5,10+ years,OWN,40000.0,Source Verified,credit_card,NY,27.75,2.0,665.0,669.0,1.0,96.1,13.0,Individual,5,High Risk,Manual Review
15271142,18000.0, 60 months,20.99,E,E4,6 years,MORTGAGE,50000.0,Verified,debt_consolidation,MO,33.56,0.0,660.0,664.0,1.0,82.0,9.0,Individual,6,High Risk,Manual Review
29233884,25000.0, 60 months,22.15,E,E5,5 years,MORTGAGE,90000.0,Verified,small_business,CO,33.61,0.0,705.0,709.0,2.0,33.1,26.0,Individual,5,High Risk,Manual Review
28642711,35000.0, 60 months,20.99,E,E4,10+ years,MORTGAGE,82000.0,Verified,debt_consolidation,OH,33.56,0.0,680.0,684.0,0.0,87.8,19.0,Individual,6,High Risk,Manual Review
27580646,11975.0, 36 months,22.15,E,E5,10+ years,OWN,40000.0,Source Verified,debt_consolidation,WA,32.04,2.0,675.0,679.0,0.0,53.1,20.0,Individual,6,High Risk,Manual Review
29303867,30000.0, 60 months,19.52,E,E2,10+ years,MORTGAGE,77197.45,Verified,debt_consolidation,IL,30.9,2.0,675.0,679.0,1.0,56.6,53.0,Individual,6,High Risk,Manual Review
29063921,12725.0, 60 months,22.15,E,E5,10+ years,MORTGAGE,29000.0,Source Verified,debt_consolidation,TX,33.49,1.0,670.0,674.0,0.0,87.1,26.0,Individual,7,High Risk,Manual Review
28202272,17025.0, 36 months,23.43,F,F1,4 years,RENT,58000.0,Verified,debt_consolidation,FL,35.22,0.0,680.0,684.0,3.0,15.8,37.0,Individual,5,High Risk,Manual Review
28853664,13100.0, 60 months,24.5,F,F3,5 years,OWN,55500.0,Source Verified,home_improvement,TX,39.26,0.0,670.0,674.0,1.0,30.1,33.0,Individual,5,High Risk,Manual Review
28883798,18225.0, 60 months,19.52,E,E2,7 years,MORTGAGE,65000.0,Verified,debt_consolidation,NV,37.68,0.0,695.0,699.0,0.0,70.5,33.0,Individual,5,High Risk,Manual Review
29263680,14400.0, 60 months,18.99,E,E1,< 1 year,MORTGAGE,40040.0,Source Verified,debt_consolidation,CO,34.17,0.0,695.0,699.0,0.0,62.5,15.0,Individual,5,High Risk,Manual Review
19096772,12250.0, 36 months,24.08,F,F2,10+ years,RENT,60000.0,Verified,debt_consolidation,TX,32.27,0.0,690.0,694.0,2.0,26.1,38.0,Individual,5,High Risk,Manual Review
29063855,22475.0, 60 months,20.2,E,E3,10+ years,MORTGAGE,64000.0,Source Verified,credit_card,PA,38.59,0.0,710.0,714.0,0.0,53.4,28.0,Individual,5,High Risk,Manual Review
28553779,6500.0, 36 months,19.52,E,E2,,OWN,24300.0,Verified,debt_consolidation,PA,38.02,1.0,675.0,679.0,0.0,35.3,15.0,Individual,6,High Risk,Manual Review
29193743,28975.0, 60 months,20.2,E,E3,6 years,RENT,58000.0,Source Verified,credit_card,AZ,35.38,0.0,725.0,729.0,1.0,78.3,14.0,Individual,5,High Risk,Manual Review
29293772,23225.0, 60 months,23.43,F,F1,,RENT,50500.0,Verified,debt_consolidation,WI,32.44,0.0,715.0,719.0,0.0,84.8,13.0,Individual,6,High Risk,Manual Review
29213616,4500.0, 36 months,20.99,E,E4,7 years,OWN,10000.0,Verified,debt_consolidation,PA,39.98,0.0,695.0,699.0,1.0,26.8,16.0,Individual,5,High Risk,Manual Review
29233639,26500.0, 36 months,22.15,E,E5,10+ years,RENT,83000.0,Verified,debt_consolidation,CA,35.28,0.0,670.0,674.0,3.0,83.9,35.0,Individual,6,High Risk,Manual Review
28222425,12375.0, 36 months,19.52,E,E2,< 1 year,RENT,36400.0,Source Verified,debt_consolidation,TN,36.77,0.0,700.0,704.0,0.0,36.0,16.0,Individual,5,High Risk,Manual Review
27610443,5675.0, 36 months,18.99,E,E1,< 1 year,RENT,28000.0,Source Verified,medical,FL,38.91,1.0,680.0,684.0,0.0,75.5,25.0,Individual,6,High Risk,Manual Review
28683998,3600.0, 36 months,18.99,E,E1,7 years,RENT,50000.0,Source Verified,debt_consolidation,CA,33.99,0.0,675.0,679.0,0.0,76.4,30.0,Individual,5,High Risk,Manual Review
29083652,3000.0, 36 months,16.99,D,D3,10+ years,RENT,41530.68,Source Verified,moving,SC,31.27,1.0,680.0,684.0,0.0,98.0,22.0,Individual,5,High Risk,Manual Review
29223670,8600.0, 36 months,25.57,F,F5,1 year,RENT,35000.0,Source Verified,house,TX,31.93,0.0,660.0,664.0,0.0,53.5,24.0,Individual,5,High Risk,Manual Review
29193619,19500.0, 60 months,19.52,E,E2,1 year,RENT,43500.0,Verified,debt_consolidation,NC,37.34,0.0,695.0,699.0,0.0,66.4,21.0,Individual,5,High Risk,Manual Review
29103665,32100.0, 60 months,18.99,E,E1,,MORTGAGE,70000.0,Verified,debt_consolidation,MO,17.38,1.0,695.0,699.0,0.0,87.9,18.0,Individual,5,High Risk,Manual Review
29183615,8600.0, 36 months,22.15,E,E5,2 years,RENT,72800.0,Not Verified,house,TX,33.71,0.0,665.0,669.0,0.0,50.0,29.0,Individual,5,High Risk,Manual Review
28332894,10050.0, 60 months,22.15,E,E5,5 years,RENT,42000.0,Source Verified,debt_consolidation,LA,31.91,0.0,670.0,674.0,0.0,86.9,14.0,Individual,6,High Risk,Manual Review
29113519,3525.0, 36 months,18.99,E,E1,1 year,RENT,42500.0,Not Verified,other,CA,31.15,1.0,670.0,674.0,0.0,82.8,15.0,Individual,7,High Risk,Manual Review
28854044,32100.0, 36 months,20.2,E,E3,,RENT,73140.0,Verified,debt_consolidation,CA,27.84,1.0,670.0,674.0,0.0,85.2,18.0,Individual,5,High Risk,Manual Review
28933985,35000.0, 60 months,22.15,E,E5,10+ years,OWN,102340.0,Verified,debt_consolidation,CA,31.19,0.0,680.0,684.0,1.0,4.1,45.0,Individual,5,High Risk,Manual Review
28924058,2000.0, 36 months,20.99,E,E4,,OWN,29000.0,Verified,other,MN,39.78,0.0,680.0,684.0,0.0,98.1,9.0,Individual,6,High Risk,Manual Review
29193522,10750.0, 60 months,24.08,F,F2,4 years,OWN,24000.0,Verified,debt_consolidation,AL,36.1,0.0,680.0,684.0,1.0,63.3,17.0,Individual,5,High Risk,Manual Review
29153565,9925.0, 36 months,19.52,E,E2,10+ years,MORTGAGE,67100.0,Source Verified,debt_consolidation,MD,32.93,0.0,690.0,694.0,2.0,36.0,31.0,Individual,5,High Risk,Manual Review
29153521,22375.0, 36 months,18.99,E,E1,4 years,RENT,56000.0,Source Verified,debt_consolidation,MI,37.46,2.0,680.0,684.0,1.0,51.0,55.0,Individual,6,High Risk,Manual Review
27601710,19750.0, 60 months,24.08,F,F2,10+ years,OWN,45000.0,Source Verified,credit_card,PA,35.83,0.0,675.0,679.0,1.0,60.4,39.0,Individual,5,High Risk,Manual Review
28653364,35000.0, 60 months,20.99,E,E4,2 years,MORTGAGE,80000.0,Verified,debt_consolidation,AR,32.79,0.0,710.0,714.0,0.0,69.2,33.0,Individual,5,High Risk,Manual Review
29034004,10500.0, 60 months,19.52,E,E2,1 year,RENT,53000.0,Source Verified,debt_consolidation,MS,26.1,2.0,675.0,679.0,1.0,87.7,25.0,Individual,5,High Risk,Manual Review
28984008,14900.0, 60 months,19.52,E,E2,3 years,RENT,58000.0,Verified,debt_consolidation,PA,31.51,0.0,685.0,689.0,2.0,56.8,48.0,Individual,5,High Risk,Manual Review
28352453,35000.0, 60 months,18.99,E,E1,< 1 year,MORTGAGE,85000.0,Verified,debt_consolidation,IL,23.15,1.0,685.0,689.0,0.0,80.4,26.0,Individual,5,High Risk,Manual Review
29023950,10575.0, 60 months,20.2,E,E3,2 years,RENT,31200.0,Source Verified,debt_consolidation,WI,39.85,0.0,705.0,709.0,1.0,97.4,19.0,Individual,6,High Risk,Manual Review
28893460,15350.0, 60 months,20.99,E,E4,10+ years,RENT,35000.0,Source Verified,debt_consolidation,PA,35.19,0.0,715.0,719.0,1.0,74.8,21.0,Individual,5,High Risk,Manual Review
28714318,10850.0, 60 months,24.08,F,F2,10+ years,MORTGAGE,50000.0,Verified,debt_consolidation,UT,32.3,0.0,680.0,684.0,0.0,79.2,29.0,Individual,5,High Risk,Manual Review
28963352,26575.0, 60 months,23.43,F,F1,10+ years,MORTGAGE,70000.0,Verified,debt_consolidation,SC,34.6,0.0,665.0,669.0,1.0,83.3,40.0,Individual,6,High Risk,Manual Review
28993827,17975.0, 60 months,22.15,E,E5,3 years,RENT,50000.0,Source Verified,debt_consolidation,CO,35.09,0.0,680.0,684.0,0.0,82.1,16.0,Individual,6,High Risk,Manual Review
13077400,13900.0, 60 months,22.15,E,E5,1 year,MORTGAGE,47000.0,Not Verified,debt_consolidation,MD,24.87,2.0,675.0,679.0,0.0,86.2,31.0,Individual,5,High Risk,Manual Review
29014104,23075.0, 60 months,22.15,E,E5,8 years,RENT,48000.0,Source Verified,car,NJ,38.85,0.0,710.0,714.0,0.0,99.2,13.0,Individual,6,High Risk,Manual Review
28823387,14300.0, 60 months,19.52,E,E2,10+ years,MORTGAGE,48750.0,Source Verified,debt_consolidation,GA,33.06,1.0,660.0,664.0,1.0,63.2,36.0,Individual,6,High Risk,Manual Review
28943773,35000.0, 36 months,17.57,D,D4,10+ years,RENT,90000.0,Verified,debt_consolidation,CO,30.72,2.0,665.0,669.0,2.0,85.2,24.0,Individual,5,High Risk,Manual Review
28943744,6050.0, 36 months,25.57,F,F5,1 year,RENT,50000.0,Verified,debt_consolidation,CA,37.25,1.0,670.0,674.0,2.0,36.2,27.0,Individual,6,High Risk,Manual Review
28893983,10000.0, 36 months,19.52,E,E2,< 1 year,MORTGAGE,120000.0,Verified,other,VA,36.56,0.0,695.0,699.0,0.0,35.1,35.0,Individual,5,High Risk,Manual Review
28853348,18000.0, 60 months,18.99,E,E1,9 years,MORTGAGE,40000.0,Source Verified,debt_consolidation,TX,32.64,1.0,675.0,679.0,0.0,45.7,15.0,Individual,6,High Risk,Manual Review
28833855,20000.0, 60 months,20.99,E,E4,9 years,MORTGAGE,70662.0,Source Verified,debt_consolidation,KY,32.34,2.0,680.0,684.0,0.0,19.9,28.0,Individual,6,High Risk,Manual Review
28764191,17500.0, 60 months,19.52,E,E2,2 years,MORTGAGE,39000.0,Verified,credit_card,CO,32.09,0.0,670.0,674.0,0.0,48.4,26.0,Individual,5,High Risk,Manual Review
28853817,19750.0, 60 months,19.52,E,E2,9 years,MORTGAGE,60000.0,Source Verified,home_improvement,NJ,35.85,6.0,690.0,694.0,1.0,23.0,40.0,Individual,6,High Risk,Manual Review
28963890,12825.0, 60 months,23.43,F,F1,10+ years,MORTGAGE,38000.0,Source Verified,debt_consolidation,MO,31.49,2.0,690.0,694.0,2.0,85.3,27.0,Individual,7,High Risk,Manual Review
28843849,2900.0, 36 months,20.99,E,E4,,RENT,9600.0,Verified,credit_card,AR,30.19,0.0,660.0,664.0,0.0,30.4,23.0,Individual,5,High Risk,Manual Review
28913937,12125.0, 60 months,22.15,E,E5,10+ years,MORTGAGE,32000.0,Source Verified,credit_card,OH,27.12,2.0,665.0,669.0,0.0,95.1,16.0,Individual,5,High Risk,Manual Review
28683693,14525.0, 60 months,22.15,E,E5,10+ years,RENT,48538.0,Source Verified,debt_consolidation,WA,35.91,2.0,675.0,679.0,3.0,82.9,27.0,Individual,7,High Risk,Manual Review
28642954,15025.0, 60 months,18.99,E,E1,10+ years,MORTGAGE,50000.0,Not Verified,credit_card,MI,33.17,2.0,670.0,674.0,0.0,83.1,16.0,Individual,7,High Risk,Manual Review
28893858,21075.0, 60 months,18.99,E,E1,10+ years,RENT,48000.0,Source Verified,debt_consolidation,CA,39.54,0.0,700.0,704.0,0.0,13.2,36.0,Individual,5,High Risk,Manual Review
28963766,16825.0, 60 months,20.99,E,E4,10+ years,MORTGAGE,56300.0,Verified,debt_consolidation,FL,32.04,0.0,660.0,664.0,3.0,51.1,63.0,Individual,5,High Risk,Manual Review
28873751,7500.0, 36 months,20.99,E,E4,10+ years,RENT,44000.0,Verified,debt_consolidation,MI,35.52,0.0,675.0,679.0,1.0,36.2,38.0,Individual,5,High Risk,Manual Review
28713167,13500.0, 36 months,18.99,E,E1,6 years,RENT,34000.0,Verified,debt_consolidation,AZ,38.93,0.0,665.0,669.0,0.0,91.4,23.0,Individual,6,High Risk,Manual Review
29014081,22300.0, 36 months,18.99,E,E1,9 years,MORTGAGE,62000.0,Source Verified,debt_consolidation,NM,32.06,0.0,685.0,689.0,1.0,63.4,32.0,Individual,5,High Risk,Manual Review
28973696,27450.0, 36 months,23.43,F,F1,< 1 year,RENT,55000.0,Verified,debt_consolidation,LA,36.2,0.0,720.0,724.0,0.0,59.4,16.0,Individual,5,High Risk,Manual Review
29053564,26500.0, 60 months,19.52,E,E2,,MORTGAGE,65307.28,Verified,debt_consolidation,CA,30.63,1.0,715.0,719.0,0.0,53.2,42.0,Individual,6,High Risk,Manual Review
28823618,20850.0, 60 months,19.52,E,E2,10+ years,RENT,62099.0,Verified,debt_consolidation,TX,33.8,0.0,675.0,679.0,0.0,76.1,22.0,Individual,5,High Risk,Manual Review
28853620,5950.0, 36 months,20.2,E,E3,,RENT,20037.84,Verified,debt_consolidation,VA,36.37,0.0,700.0,704.0,1.0,38.2,15.0,Individual,5,High Risk,Manual Review
28923683,35000.0, 60 months,20.2,E,E3,10+ years,MORTGAGE,72000.0,Verified,debt_consolidation,NV,32.75,0.0,680.0,684.0,1.0,57.3,23.0,Individual,5,High Risk,Manual Review
28913534,20075.0, 60 months,20.2,E,E3,8 years,MORTGAGE,63000.0,Source Verified,debt_consolidation,AL,38.19,3.0,660.0,664.0,3.0,92.4,37.0,Individual,7,High Risk,Manual Review
28112032,18000.0, 60 months,24.08,F,F2,10+ years,MORTGAGE,53000.0,Verified,debt_consolidation,MN,31.93,1.0,695.0,699.0,1.0,44.9,18.0,Individual,6,High Risk,Manual Review
29003628,17525.0, 60 months,22.15,E,E5,,MORTGAGE,54000.0,Verified,debt_consolidation,TX,32.58,0.0,700.0,704.0,0.0,28.3,36.0,Individual,5,High Risk,Manual Review
28963355,11375.0, 60 months,23.43,F,F1,7 years,RENT,38000.0,Verified,debt_consolidation,MI,34.62,0.0,660.0,664.0,3.0,81.3,40.0,Individual,6,High Risk,Manual Review
29003419,20000.0, 60 months,19.52,E,E2,7 years,MORTGAGE,69200.0,Verified,debt_consolidation,TX,30.02,0.0,695.0,699.0,1.0,36.8,37.0,Individual,5,High Risk,Manual Review
28943473,4950.0, 36 months,25.83,G,G2,,RENT,16689.0,Verified,debt_consolidation,PA,38.99,0.0,665.0,669.0,3.0,81.3,13.0,Individual,6,High Risk,Manual Review
27651924,13100.0, 60 months,19.52,E,E2,10+ years,OWN,42000.0,Source Verified,debt_consolidation,LA,32.26,0.0,700.0,704.0,1.0,52.3,16.0,Individual,5,High Risk,Manual Review
29053444,10750.0, 60 months,18.99,E,E1,10+ years,MORTGAGE,60000.0,Verified,debt_consolidation,OR,34.2,0.0,665.0,669.0,0.0,92.3,35.0,Individual,6,High Risk,Manual Review
28262334,20150.0, 60 months,24.08,F,F2,5 years,RENT,63000.0,Source Verified,debt_consolidation,NY,32.1,0.0,665.0,669.0,0.0,80.6,25.0,Individual,6,High Risk,Manual Review
25606973,10200.0, 60 months,22.15,E,E5,5 years,MORTGAGE,34000.0,Source Verified,credit_card,MS,30.5,0.0,670.0,674.0,2.0,78.9,17.0,Individual,5,High Risk,Manual Review
24686478,20800.0, 60 months,19.52,E,E2,10+ years,MORTGAGE,52000.0,Source Verified,debt_consolidation,VA,39.36,0.0,670.0,674.0,0.0,91.4,36.0,Individual,6,High Risk,Manual Review
28853489,15000.0, 60 months,19.52,E,E2,10+ years,MORTGAGE,84000.0,Verified,small_business,NC,20.66,5.0,670.0,674.0,1.0,87.1,33.0,Individual,5,High Risk,Manual Review
28813444,19800.0, 60 months,19.52,E,E2,8 years,MORTGAGE,44000.0,Source Verified,debt_consolidation,IN,35.3,0.0,685.0,689.0,0.0,92.1,16.0,Individual,6,High Risk,Manual Review
28664128,7250.0, 36 months,23.43,F,F1,10+ years,MORTGAGE,39900.0,Verified,debt_consolidation,MS,37.14,2.0,670.0,674.0,1.0,51.5,26.0,Individual,6,High Risk,Manual Review
28833567,26375.0, 60 months,24.08,F,F2,< 1 year,MORTGAGE,90000.0,Source Verified,debt_consolidation,TX,30.13,0.0,665.0,669.0,0.0,68.4,19.0,Individual,5,High Risk,Manual Review
28893534,19750.0, 60 months,20.2,E,E3,< 1 year,RENT,44064.0,Source Verified,debt_consolidation,FL,34.23,11.0,695.0,699.0,0.0,19.6,28.0,Individual,6,High Risk,Manual Review
28833220,4875.0, 36 months,23.43,F,F1,,RENT,15468.0,Verified,credit_card,CA,38.17,0.0,665.0,669.0,1.0,81.0,14.0,Individual,6,High Risk,Manual Review
28743942,18000.0, 60 months,20.99,E,E4,10+ years,MORTGAGE,40000.0,Not Verified,debt_consolidation,TN,32.91,4.0,680.0,684.0,0.0,65.9,53.0,Individual,6,High Risk,Manual Review
28873441,12700.0, 60 months,19.52,E,E2,10+ years,MORTGAGE,45000.0,Not Verified,debt_consolidation,MD,32.45,1.0,660.0,664.0,0.0,67.8,19.0,Individual,6,High Risk,Manual Review
25968131,35000.0, 60 months,18.99,E,E1,2 years,MORTGAGE,103000.0,Verified,debt_consolidation,OH,30.99,0.0,700.0,704.0,0.0,76.1,33.0,Individual,5,High Risk,Manual Review
29003252,25200.0, 60 months,19.52,E,E2,10+ years,MORTGAGE,62000.0,Verified,debt_consolidation,NJ,18.18,2.0,660.0,664.0,0.0,100.1,25.0,Individual,5,High Risk,Manual Review
28683221,3250.0, 36 months,24.5,F,F3,,RENT,10416.0,Verified,vacation,IN,30.73,0.0,670.0,674.0,0.0,73.6,10.0,Individual,5,High Risk,Manual Review
28673466,19050.0, 60 months,24.08,F,F2,1 year,MORTGAGE,60000.0,Source Verified,debt_consolidation,KS,32.54,1.0,695.0,699.0,1.0,65.9,25.0,Individual,6,High Risk,Manual Review
29003380,18350.0, 60 months,20.2,E,E3,1 year,MORTGAGE,46000.0,Source Verified,debt_consolidation,NC,31.1,0.0,665.0,669.0,0.0,96.0,15.0,Individual,6,High Risk,Manual Review
28774575,13150.0, 36 months,17.57,D,D4,10+ years,OWN,44000.0,Source Verified,debt_consolidation,NC,33.52,1.0,665.0,669.0,0.0,81.7,17.0,Individual,5,High Risk,Manual Review
28594530,15225.0, 60 months,20.2,E,E3,10+ years,MORTGAGE,95000.0,Not Verified,home_improvement,MI,36.06,0.0,665.0,669.0,1.0,57.7,30.0,Individual,5,High Risk,Manual Review
28564690,4075.0, 36 months,22.15,E,E5,6 years,MORTGAGE,37000.0,Source Verified,debt_consolidation,OR,37.79,4.0,665.0,669.0,1.0,38.2,50.0,Individual,6,High Risk,Manual Review
28694858,8050.0, 36 months,24.08,F,F2,8 years,OWN,27000.0,Source Verified,debt_consolidation,IL,38.89,2.0,670.0,674.0,1.0,66.3,27.0,Individual,6,High Risk,Manual Review
28594041,12200.0, 60 months,20.2,E,E3,1 year,MORTGAGE,51000.0,Verified,credit_card,AZ,37.91,2.0,665.0,669.0,0.0,35.8,40.0,Individual,6,High Risk,Manual Review
28544567,25000.0, 60 months,20.2,E,E3,10+ years,MORTGAGE,80000.0,Source Verified,debt_consolidation,CT,18.33,1.0,660.0,664.0,0.0,98.3,20.0,Individual,5,High Risk,Manual Review
21219807,20000.0, 60 months,24.5,F,F3,10+ years,RENT,46000.0,Source Verified,debt_consolidation,NC,32.05,1.0,660.0,664.0,3.0,82.6,33.0,Individual,7,High Risk,Manual Review
28594663,11500.0, 60 months,18.99,E,E1,4 years,MORTGAGE,67350.0,Not Verified,other,NJ,33.29,1.0,670.0,674.0,0.0,39.4,34.0,Individual,6,High Risk,Manual Review
28684598,10800.0, 36 months,20.2,E,E3,8 years,RENT,30000.0,Source Verified,debt_consolidation,HI,30.7,0.0,670.0,674.0,1.0,59.7,38.0,Individual,5,High Risk,Manual Review
28594632,16025.0, 60 months,20.99,E,E4,,MORTGAGE,44816.0,Verified,debt_consolidation,MA,38.73,2.0,670.0,674.0,1.0,81.8,23.0,Individual,7,High Risk,Manual Review
28734445,7550.0, 36 months,20.99,E,E4,3 years,MORTGAGE,40000.0,Source Verified,debt_consolidation,DE,30.84,0.0,660.0,664.0,0.0,64.5,9.0,Individual,5,High Risk,Manual Review
28574476,5625.0, 36 months,19.52,E,E2,10+ years,RENT,18750.0,Source Verified,debt_consolidation,PA,31.5,0.0,670.0,674.0,1.0,39.2,13.0,Individual,5,High Risk,Manual Review
28724673,9100.0, 36 months,19.52,E,E2,10+ years,RENT,60000.0,Source Verified,debt_consolidation,CA,32.52,1.0,660.0,664.0,0.0,43.0,57.0,Individual,6,High Risk,Manual Review
28624327,11225.0, 60 months,18.99,E,E1,3 years,RENT,70000.0,Source Verified,debt_consolidation,NC,26.38,2.0,660.0,664.0,1.0,103.6,18.0,Individual,5,High Risk,Manual Review
28582995,26200.0, 60 months,18.99,E,E1,2 years,MORTGAGE,57000.0,Source Verified,debt_consolidation,VA,39.73,0.0,695.0,699.0,0.0,68.7,25.0,Individual,5,High Risk,Manual Review
28754279,35000.0, 60 months,20.99,E,E4,10+ years,RENT,90000.0,Verified,debt_consolidation,AK,31.16,2.0,675.0,679.0,1.0,67.2,32.0,Individual,6,High Risk,Manual Review
28594319,13050.0, 60 months,23.43,F,F1,8 years,OWN,52000.0,Verified,debt_consolidation,FL,31.69,0.0,665.0,669.0,0.0,54.6,29.0,Individual,5,High Risk,Manual Review
28684509,6600.0, 36 months,18.99,E,E1,5 years,RENT,35000.0,Source Verified,debt_consolidation,CA,38.08,0.0,680.0,684.0,1.0,82.2,18.0,Individual,6,High Risk,Manual Review
28544397,29450.0, 60 months,20.99,E,E4,7 years,MORTGAGE,59000.0,Source Verified,debt_consolidation,PA,34.8,7.0,670.0,674.0,0.0,89.9,47.0,Individual,7,High Risk,Manual Review
28764521,10000.0, 36 months,18.99,E,E1,4 years,RENT,38000.0,Source Verified,debt_consolidation,GA,38.83,0.0,675.0,679.0,1.0,21.8,19.0,Individual,5,High Risk,Manual Review
28774375,5500.0, 36 months,15.61,D,D1,5 years,MORTGAGE,85000.0,Verified,other,MN,30.02,1.0,660.0,664.0,0.0,89.4,31.0,Individual,5,High Risk,Manual Review
28704318,16000.0, 60 months,19.52,E,E2,4 years,OWN,65000.0,Verified,debt_consolidation,CA,33.03,0.0,670.0,674.0,1.0,54.6,20.0,Individual,5,High Risk,Manual Review
28614292,20000.0, 60 months,20.2,E,E3,,RENT,63000.0,Verified,small_business,VA,30.59,0.0,680.0,684.0,0.0,75.0,27.0,Individual,5,High Risk,Manual Review
28644442,13475.0, 60 months,20.99,E,E4,10+ years,RENT,45000.0,Verified,debt_consolidation,TX,33.99,0.0,660.0,664.0,0.0,71.7,26.0,Individual,5,High Risk,Manual Review
28654508,14050.0, 60 months,20.2,E,E3,10+ years,OWN,37000.0,Source Verified,credit_card,PA,34.38,0.0,715.0,719.0,1.0,66.2,15.0,Individual,5,High Risk,Manual Review
28714326,17500.0, 60 months,20.99,E,E4,10+ years,MORTGAGE,53000.0,Not Verified,debt_consolidation,MS,28.74,1.0,660.0,664.0,2.0,82.0,30.0,Individual,5,High Risk,Manual Review
28594318,27200.0, 60 months,23.43,F,F1,10+ years,MORTGAGE,62000.0,Verified,debt_consolidation,NJ,34.11,0.0,715.0,719.0,1.0,48.0,35.0,Individual,5,High Risk,Manual Review
27562438,19350.0, 60 months,20.2,E,E3,10+ years,MORTGAGE,43000.0,Verified,debt_consolidation,TX,38.44,0.0,685.0,689.0,0.0,80.1,26.0,Individual,6,High Risk,Manual Review
28784232,22050.0, 60 months,20.2,E,E3,2 years,RENT,72000.0,Verified,debt_consolidation,NM,38.95,0.0,680.0,684.0,2.0,82.2,58.0,Individual,6,High Risk,Manual Review
28614103,8775.0, 36 months,24.5,F,F3,5 years,RENT,19500.0,Verified,debt_consolidation,GA,37.35,0.0,695.0,699.0,0.0,40.3,10.0,Individual,5,High Risk,Manual Review
28663889,20000.0, 36 months,18.99,E,E1,7 years,MORTGAGE,95000.0,Source Verified,debt_consolidation,TX,39.85,0.0,680.0,684.0,1.0,77.5,25.0,Individual,5,High Risk,Manual Review
28674077,28200.0, 60 months,24.99,F,F4,10+ years,MORTGAGE,88151.0,Verified,debt_consolidation,AZ,20.88,1.0,660.0,664.0,0.0,87.1,20.0,Individual,5,High Risk,Manual Review
28634241,10075.0, 60 months,24.08,F,F2,2 years,RENT,28000.0,Source Verified,debt_consolidation,CO,33.65,3.0,665.0,669.0,0.0,44.7,37.0,Individual,6,High Risk,Manual Review
28663907,21000.0, 60 months,18.99,E,E1,10+ years,MORTGAGE,110000.0,Verified,debt_consolidation,TX,38.96,0.0,695.0,699.0,0.0,97.0,58.0,Individual,6,High Risk,Manual Review
28724288,19200.0, 60 months,20.2,E,E3,10+ years,MORTGAGE,137000.0,Verified,debt_consolidation,OH,14.61,1.0,665.0,669.0,1.0,87.6,25.0,Individual,5,High Risk,Manual Review
28564434,6400.0, 36 months,18.99,E,E1,,OWN,17844.0,Verified,debt_consolidation,SC,34.43,1.0,665.0,669.0,0.0,60.3,22.0,Individual,6,High Risk,Manual Review
28554144,25200.0, 60 months,20.99,E,E4,10+ years,MORTGAGE,80000.0,Verified,debt_consolidation,TX,37.5,0.0,690.0,694.0,1.0,70.3,31.0,Individual,5,High Risk,Manual Review
28684219,12000.0, 60 months,18.99,E,E1,10+ years,RENT,27000.0,Source Verified,debt_consolidation,OH,35.82,0.0,665.0,669.0,0.0,91.0,9.0,Individual,6,High Risk,Manual Review
28664069,35000.0, 60 months,22.15,E,E5,< 1 year,MORTGAGE,118000.0,Verified,debt_consolidation,VA,33.0,1.0,680.0,684.0,0.0,90.0,25.0,Individual,7,High Risk,Manual Review
28663980,32000.0, 60 months,18.99,E,E1,10+ years,MORTGAGE,82000.0,Verified,debt_consolidation,IL,32.5,0.0,680.0,684.0,0.0,85.4,33.0,Individual,6,High Risk,Manual Review
28554302,27000.0, 60 months,24.5,F,F3,8 years,MORTGAGE,98000.0,Source Verified,debt_consolidation,NV,18.84,1.0,660.0,664.0,1.0,82.4,22.0,Individual,5,High Risk,Manual Review
28664081,14100.0, 60 months,25.8,G,G1,3 years,RENT,47000.0,Verified,debt_consolidation,CA,34.04,0.0,660.0,664.0,0.0,50.0,27.0,Individual,5,High Risk,Manual Review
28763976,10725.0, 60 months,24.99,F,F4,9 years,RENT,30000.0,Source Verified,debt_consolidation,AZ,33.16,0.0,670.0,674.0,0.0,91.3,28.0,Individual,6,High Risk,Manual Review
28773984,12225.0, 60 months,24.99,F,F4,6 years,MORTGAGE,41000.0,Source Verified,debt_consolidation,OH,33.99,0.0,660.0,664.0,2.0,96.1,17.0,Individual,6,High Risk,Manual Review
28703753,13375.0, 60 months,22.15,E,E5,5 years,RENT,44720.0,Verified,debt_consolidation,CA,32.37,0.0,660.0,664.0,1.0,93.5,24.0,Individual,6,High Risk,Manual Review
28623868,15825.0, 60 months,20.99,E,E4,2 years,RENT,45000.0,Source Verified,debt_consolidation,CA,38.72,0.0,670.0,674.0,0.0,78.4,34.0,Individual,5,High Risk,Manual Review
28693395,35000.0, 60 months,18.99,E,E1,5 years,MORTGAGE,139000.0,Verified,credit_card,WV,36.96,0.0,660.0,664.0,0.0,60.3,34.0,Individual,5,High Risk,Manual Review
28754040,24000.0, 60 months,18.99,E,E1,5 years,MORTGAGE,80000.0,Source Verified,debt_consolidation,WI,30.79,0.0,680.0,684.0,1.0,74.3,31.0,Individual,5,High Risk,Manual Review
28674003,12725.0, 36 months,20.99,E,E4,10+ years,OWN,48000.0,Source Verified,debt_consolidation,TN,37.53,0.0,685.0,689.0,0.0,76.7,28.0,Individual,5,High Risk,Manual Review
28674048,11850.0, 60 months,24.5,F,F3,9 years,RENT,27000.0,Source Verified,debt_consolidation,FL,32.62,0.0,705.0,709.0,0.0,56.9,29.0,Individual,5,High Risk,Manual Review
28613677,2500.0, 36 months,18.99,E,E1,,RENT,8652.0,Verified,other,IN,32.87,0.0,730.0,734.0,0.0,31.4,13.0,Individual,5,High Risk,Manual Review
28773896,35000.0, 60 months,23.43,F,F1,10+ years,OWN,85000.0,Verified,debt_consolidation,AK,39.02,2.0,685.0,689.0,0.0,91.3,40.0,Individual,7,High Risk,Manual Review
28723933,18800.0, 60 months,18.99,E,E1,10+ years,MORTGAGE,42848.0,Not Verified,debt_consolidation,MA,32.68,0.0,695.0,699.0,0.0,68.0,17.0,Individual,5,High Risk,Manual Review
28593406,35000.0, 60 months,18.99,E,E1,10+ years,MORTGAGE,80000.0,Verified,debt_consolidation,TX,36.81,1.0,680.0,684.0,0.0,93.1,31.0,Individual,7,High Risk,Manual Review
28743805,22000.0, 60 months,20.99,E,E4,9 years,MORTGAGE,84000.0,Verified,debt_consolidation,AZ,33.9,0.0,685.0,689.0,1.0,89.9,27.0,Individual,6,High Risk,Manual Review
28723889,20000.0, 60 months,18.99,E,E1,10+ years,RENT,75000.0,Source Verified,debt_consolidation,FL,38.07,0.0,680.0,684.0,0.0,71.4,24.0,Individual,5,High Risk,Manual Review
28773786,19125.0, 60 months,19.52,E,E2,10+ years,MORTGAGE,48000.0,Not Verified,debt_consolidation,OK,39.68,0.0,690.0,694.0,1.0,47.3,16.0,Individual,5,High Risk,Manual Review
28583823,22800.0, 36 months,16.99,D,D3,8 years,RENT,60000.0,Verified,debt_consolidation,NY,31.62,1.0,670.0,674.0,0.0,100.1,11.0,Individual,5,High Risk,Manual Review
28653188,17675.0, 60 months,18.99,E,E1,,MORTGAGE,49214.0,Verified,debt_consolidation,KY,32.75,0.0,670.0,674.0,0.0,66.4,30.0,Individual,5,High Risk,Manual Review
28643757,10500.0, 60 months,20.2,E,E3,3 years,RENT,48758.0,Verified,debt_consolidation,TX,34.59,0.0,680.0,684.0,3.0,49.5,33.0,Individual,5,High Risk,Manual Review
28613697,11400.0, 60 months,19.52,E,E2,3 years,RENT,38000.0,Source Verified,debt_consolidation,FL,34.62,3.0,660.0,664.0,1.0,82.8,22.0,Individual,7,High Risk,Manual Review
28753811,10300.0, 60 months,23.43,F,F1,2 years,MORTGAGE,72000.0,Not Verified,home_improvement,TX,16.89,2.0,665.0,669.0,1.0,95.7,21.0,Individual,5,High Risk,Manual Review
28713922,10550.0, 60 months,20.99,E,E4,,OWN,74000.0,Verified,debt_consolidation,IL,32.48,0.0,705.0,709.0,2.0,29.3,32.0,Individual,5,High Risk,Manual Review
28703541,33575.0, 60 months,23.43,F,F1,4 years,MORTGAGE,90000.0,Verified,credit_card,CO,39.55,0.0,670.0,674.0,1.0,78.9,26.0,Individual,5,High Risk,Manual Review
26147525,10000.0, 60 months,20.99,E,E4,3 years,RENT,38000.0,Source Verified,debt_consolidation,CA,33.23,0.0,685.0,689.0,1.0,78.3,5.0,Individual,5,High Risk,Manual Review
28633676,20700.0, 60 months,24.99,F,F4,8 years,OWN,57512.0,Source Verified,debt_consolidation,GA,30.53,0.0,665.0,669.0,2.0,71.7,29.0,Individual,5,High Risk,Manual Review
28683847,27200.0, 60 months,20.99,E,E4,8 years,MORTGAGE,70000.0,Source Verified,debt_consolidation,GA,34.08,0.0,675.0,679.0,1.0,64.5,40.0,Individual,5,High Risk,Manual Review
28693766,7075.0, 36 months,20.2,E,E3,,MORTGAGE,19779.0,Source Verified,debt_consolidation,MS,36.83,0.0,670.0,674.0,1.0,64.3,20.0,Individual,5,High Risk,Manual Review
28783530,12725.0, 60 months,20.99,E,E4,,RENT,35590.0,Verified,debt_consolidation,FL,35.31,0.0,675.0,679.0,0.0,78.9,28.0,Individual,5,High Risk,Manual Review
28663558,4500.0, 36 months,20.2,E,E3,10+ years,MORTGAGE,83500.0,Verified,other,GA,32.87,0.0,670.0,674.0,1.0,69.9,38.0,Individual,5,High Risk,Manual Review
28623394,22125.0, 60 months,23.43,F,F1,7 years,RENT,69300.0,Verified,debt_consolidation,KY,33.34,0.0,685.0,689.0,2.0,51.2,50.0,Individual,5,High Risk,Manual Review
28653280,12050.0, 60 months,22.15,E,E5,10+ years,RENT,42000.0,Source Verified,debt_consolidation,CA,30.35,0.0,660.0,664.0,1.0,84.8,18.0,Individual,6,High Risk,Manual Review
28663476,17100.0, 60 months,22.15,E,E5,6 years,RENT,38000.0,Source Verified,other,CA,31.33,0.0,670.0,674.0,0.0,69.8,26.0,Individual,5,High Risk,Manual Review
28673766,8225.0, 36 months,24.08,F,F2,4 years,RENT,23000.0,Source Verified,debt_consolidation,NC,37.25,0.0,665.0,669.0,0.0,74.9,7.0,Individual,5,High Risk,Manual Review
28633532,4525.0, 36 months,18.24,D,D5,,RENT,15240.0,Verified,debt_consolidation,NM,30.71,2.0,665.0,669.0,1.0,85.8,15.0,Individual,5,High Risk,Manual Review
28583641,14725.0, 60 months,19.52,E,E2,10+ years,MORTGAGE,56000.0,Source Verified,debt_consolidation,MD,33.73,0.0,680.0,684.0,2.0,37.3,45.0,Individual,5,High Risk,Manual Review
28573492,35000.0, 60 months,22.15,E,E5,2 years,RENT,84500.0,Verified,debt_consolidation,FL,34.2,0.0,715.0,719.0,0.0,95.1,52.0,Individual,6,High Risk,Manual Review
28643656,21200.0, 60 months,19.52,E,E2,10+ years,MORTGAGE,62147.0,Verified,debt_consolidation,LA,37.35,0.0,685.0,689.0,1.0,92.0,18.0,Individual,6,High Risk,Manual Review
28732763,33575.0, 60 months,20.99,E,E4,10+ years,RENT,84000.0,Verified,credit_card,CA,19.53,1.0,675.0,679.0,1.0,84.7,11.0,Individual,5,High Risk,Manual Review
28693606,14750.0, 60 months,20.2,E,E3,5 years,MORTGAGE,45000.0,Source Verified,debt_consolidation,GA,33.97,0.0,660.0,664.0,0.0,94.1,11.0,Individual,6,High Risk,Manual Review
27542400,8000.0, 36 months,20.2,E,E3,1 year,RENT,20000.0,Source Verified,debt_consolidation,MI,34.39,1.0,665.0,669.0,0.0,76.9,18.0,Individual,6,High Risk,Manual Review
28743334,10775.0, 60 months,18.99,E,E1,10+ years,MORTGAGE,48000.0,Verified,debt_consolidation,AZ,24.75,1.0,660.0,664.0,1.0,96.7,22.0,Individual,5,High Risk,Manual Review
28733291,20000.0, 60 months,20.99,E,E4,4 years,MORTGAGE,110000.0,Verified,home_improvement,FL,15.24,1.0,660.0,664.0,0.0,81.4,17.0,Individual,5,High Risk,Manual Review
28773378,35000.0, 60 months,19.52,E,E2,4 years,MORTGAGE,92000.0,Verified,debt_consolidation,OH,34.98,0.0,695.0,699.0,1.0,84.3,46.0,Individual,6,High Risk,Manual Review
28643350,18700.0, 60 months,20.2,E,E3,10+ years,RENT,52000.0,Source Verified,other,NY,32.82,0.0,685.0,689.0,1.0,56.8,34.0,Individual,5,High Risk,Manual Review
28723318,18625.0, 60 months,24.5,F,F3,7 years,MORTGAGE,56000.0,Verified,credit_card,UT,34.95,0.0,690.0,694.0,4.0,31.3,39.0,Individual,5,High Risk,Manual Review
28632902,27425.0, 36 months,15.61,D,D1,5 years,RENT,62500.0,Verified,debt_consolidation,PA,30.79,3.0,670.0,674.0,0.0,82.4,27.0,Individual,5,High Risk,Manual Review
28743007,18825.0, 60 months,19.52,E,E2,10+ years,MORTGAGE,65000.0,Source Verified,debt_consolidation,PA,22.19,3.0,665.0,669.0,1.0,89.7,29.0,Individual,5,High Risk,Manual Review
28543516,20725.0, 60 months,20.2,E,E3,10+ years,RENT,65000.0,Source Verified,debt_consolidation,VA,38.33,3.0,660.0,664.0,0.0,71.8,46.0,Individual,6,High Risk,Manual Review
28743261,17350.0, 60 months,23.43,F,F1,10+ years,MORTGAGE,67600.0,Source Verified,debt_consolidation,PA,35.47,2.0,665.0,669.0,0.0,57.9,19.0,Individual,6,High Risk,Manual Review
28733256,21100.0, 60 months,18.99,E,E1,,MORTGAGE,60000.0,Verified,credit_card,TN,31.86,0.0,715.0,719.0,0.0,64.7,31.0,Individual,5,High Risk,Manual Review
28782749,7350.0, 36 months,19.52,E,E2,9 years,MORTGAGE,50000.0,Source Verified,debt_consolidation,WI,36.17,0.0,680.0,684.0,2.0,84.2,16.0,Individual,6,High Risk,Manual Review
28603193,10750.0, 36 months,15.61,D,D1,< 1 year,RENT,27000.0,Source Verified,debt_consolidation,MN,34.98,1.0,670.0,674.0,0.0,89.1,30.0,Individual,5,High Risk,Manual Review
28703124,15125.0, 60 months,20.2,E,E3,10+ years,RENT,38000.0,Source Verified,debt_consolidation,OH,23.5,1.0,665.0,669.0,0.0,94.6,20.0,Individual,5,High Risk,Manual Review
28593317,12525.0, 36 months,20.2,E,E3,,OWN,49000.0,Verified,debt_consolidation,NY,34.63,0.0,685.0,689.0,0.0,92.8,25.0,Individual,6,High Risk,Manual Review
28703113,21225.0, 60 months,18.99,E,E1,10+ years,RENT,63363.0,Source Verified,debt_consolidation,TX,33.83,0.0,680.0,684.0,1.0,55.1,36.0,Individual,5,High Risk,Manual Review
28763186,9950.0, 36 months,20.99,E,E4,9 years,RENT,25000.0,Source Verified,debt_consolidation,FL,31.78,0.0,660.0,664.0,1.0,88.3,19.0,Individual,6,High Risk,Manual Review
28783083,7450.0, 36 months,20.2,E,E3,2 years,RENT,25000.0,Source Verified,debt_consolidation,CA,30.82,0.0,670.0,674.0,2.0,98.7,6.0,Individual,6,High Risk,Manual Review
28763296,17000.0, 60 months,19.52,E,E2,10+ years,MORTGAGE,59000.0,Verified,credit_card,OH,31.59,1.0,660.0,664.0,1.0,52.6,34.0,Individual,6,High Risk,Manual Review
28703104,12175.0, 36 months,20.2,E,E3,10+ years,RENT,60000.0,Verified,debt_consolidation,NY,39.26,0.0,700.0,704.0,0.0,91.8,29.0,Individual,6,High Risk,Manual Review
28623041,26000.0, 60 months,22.15,E,E5,2 years,MORTGAGE,52000.0,Verified,credit_card,IL,34.77,0.0,710.0,714.0,1.0,64.0,28.0,Individual,5,High Risk,Manual Review
28543488,35000.0, 60 months,20.99,E,E4,7 years,MORTGAGE,120000.0,Verified,debt_consolidation,TX,21.39,1.0,670.0,674.0,0.0,97.5,38.0,Individual,5,High Risk,Manual Review
28613262,21975.0, 60 months,20.99,E,E4,10+ years,RENT,68000.0,Verified,debt_consolidation,TX,33.11,1.0,660.0,664.0,0.0,31.6,29.0,Individual,6,High Risk,Manual Review
28633269,4950.0, 36 months,20.99,E,E4,1 year,RENT,16500.0,Not Verified,debt_consolidation,NY,36.29,0.0,665.0,669.0,2.0,78.1,28.0,Individual,5,High Risk,Manual Review
28402703,17550.0, 60 months,19.52,E,E2,10+ years,RENT,42000.0,Source Verified,house,NY,31.31,0.0,690.0,694.0,0.0,69.3,25.0,Individual,5,High Risk,Manual Review
28743053,30000.0, 60 months,19.52,E,E2,10+ years,OWN,119000.0,Source Verified,debt_consolidation,MI,21.65,1.0,660.0,664.0,1.0,81.5,37.0,Individual,5,High Risk,Manual Review
28733208,27450.0, 60 months,25.8,G,G1,8 years,RENT,55000.0,Source Verified,debt_consolidation,WI,36.03,0.0,700.0,704.0,0.0,65.6,21.0,Individual,5,High Risk,Manual Review
28702907,21000.0, 60 months,20.2,E,E3,7 years,MORTGAGE,95000.0,Source Verified,debt_consolidation,TX,32.58,0.0,670.0,674.0,1.0,36.6,20.0,Individual,5,High Risk,Manual Review
28733015,11575.0, 60 months,20.2,E,E3,8 years,MORTGAGE,37000.0,Not Verified,debt_consolidation,VA,33.6,0.0,675.0,679.0,0.0,97.5,25.0,Individual,6,High Risk,Manual Review
28332817,11275.0, 36 months,18.24,D,D5,10+ years,RENT,62000.0,Source Verified,credit_card,IL,36.39,1.0,670.0,674.0,1.0,82.1,33.0,Individual,5,High Risk,Manual Review
28563094,8600.0, 36 months,18.99,E,E1,2 years,RENT,24000.0,Source Verified,debt_consolidation,CA,35.7,0.0,670.0,674.0,1.0,81.5,11.0,Individual,6,High Risk,Manual Review
28662981,14900.0, 60 months,18.99,E,E1,< 1 year,RENT,42500.0,Not Verified,debt_consolidation,TN,32.17,0.0,665.0,669.0,0.0,86.5,34.0,Individual,6,High Risk,Manual Review
28563026,30625.0, 60 months,19.52,E,E2,10+ years,MORTGAGE,120000.0,Verified,credit_card,NY,37.67,0.0,710.0,714.0,2.0,64.8,43.0,Individual,5,High Risk,Manual Review
28583158,19800.0, 60 months,18.24,D,D5,4 years,RENT,55000.0,Source Verified,debt_consolidation,TX,39.8,1.0,665.0,669.0,0.0,82.5,15.0,Individual,5,High Risk,Manual Review
28543256,7000.0, 36 months,19.52,E,E2,1 year,RENT,21120.0,Source Verified,credit_card,FL,33.41,1.0,685.0,689.0,0.0,51.3,13.0,Individual,6,High Risk,Manual Review
28543315,16950.0, 60 months,18.99,E,E1,10+ years,OWN,47300.0,Source Verified,debt_consolidation,SC,36.64,0.0,660.0,664.0,1.0,24.0,33.0,Individual,5,High Risk,Manual Review
28683061,11550.0, 60 months,18.99,E,E1,10+ years,RENT,38500.0,Source Verified,debt_consolidation,NY,30.83,0.0,665.0,669.0,0.0,85.2,22.0,Individual,6,High Risk,Manual Review
28712990,10000.0, 60 months,18.99,E,E1,< 1 year,RENT,85000.0,Verified,debt_consolidation,SC,32.89,3.0,665.0,669.0,2.0,66.4,23.0,Individual,6,High Risk,Manual Review
28742926,20675.0, 60 months,24.5,F,F3,10+ years,MORTGAGE,47000.0,Source Verified,debt_consolidation,MD,30.85,0.0,700.0,704.0,2.0,67.1,19.0,Individual,5,High Risk,Manual Review
28763004,14975.0, 36 months,20.2,E,E3,10+ years,RENT,50000.0,Source Verified,debt_consolidation,WA,30.44,0.0,665.0,669.0,1.0,76.3,16.0,Individual,5,High Risk,Manual Review
28693025,21950.0, 60 months,20.2,E,E3,10+ years,OWN,55000.0,Source Verified,debt_consolidation,OK,39.25,3.0,665.0,669.0,1.0,45.3,28.0,Individual,6,High Risk,Manual Review
27712146,13600.0, 60 months,23.43,F,F1,10+ years,OWN,38000.0,Source Verified,debt_consolidation,KS,36.54,0.0,660.0,664.0,1.0,51.6,22.0,Individual,5,High Risk,Manual Review
28652841,11375.0, 36 months,22.15,E,E5,3 years,MORTGAGE,50000.0,Source Verified,small_business,FL,35.12,0.0,705.0,709.0,0.0,21.2,17.0,Individual,5,High Risk,Manual Review
28772929,28000.0, 60 months,18.99,E,E1,7 years,OWN,130000.0,Source Verified,home_improvement,MA,8.49,2.0,665.0,669.0,1.0,81.3,34.0,Individual,5,High Risk,Manual Review
28722864,13000.0, 60 months,18.99,E,E1,6 years,RENT,50000.0,Source Verified,credit_card,PA,38.86,2.0,680.0,684.0,3.0,12.1,16.0,Individual,6,High Risk,Manual Review
27621558,8050.0, 36 months,20.99,E,E4,< 1 year,MORTGAGE,22500.0,Source Verified,debt_consolidation,OR,38.29,0.0,665.0,669.0,0.0,70.4,23.0,Individual,5,High Risk,Manual Review
28742797,35000.0, 60 months,18.99,E,E1,10+ years,MORTGAGE,90344.0,Verified,debt_consolidation,NM,18.72,3.0,670.0,674.0,2.0,81.5,23.0,Individual,5,High Risk,Manual Review
28722965,25000.0, 60 months,18.99,E,E1,< 1 year,RENT,76500.0,Verified,debt_consolidation,NJ,18.95,4.0,665.0,669.0,2.0,93.4,25.0,Individual,5,High Risk,Manual Review
28222182,21600.0, 60 months,22.15,E,E5,2 years,MORTGAGE,60000.0,Source Verified,debt_consolidation,IN,37.14,0.0,660.0,664.0,0.0,81.7,39.0,Individual,6,High Risk,Manual Review
28782871,28700.0, 60 months,22.15,E,E5,10+ years,RENT,57500.0,Source Verified,debt_consolidation,IL,31.02,0.0,675.0,679.0,1.0,69.4,37.0,Individual,5,High Risk,Manual Review
28542920,10725.0, 36 months,20.2,E,E3,< 1 year,OWN,30000.0,Source Verified,debt_consolidation,FL,34.36,0.0,680.0,684.0,1.0,75.6,21.0,Individual,5,High Risk,Manual Review
28632870,3050.0, 36 months,18.99,E,E1,,OWN,13000.0,Verified,home_improvement,AR,31.12,0.0,700.0,704.0,0.0,100.4,4.0,Individual,6,High Risk,Manual Review
28772781,20950.0, 60 months,22.15,E,E5,,RENT,50000.0,Source Verified,credit_card,VA,35.0,0.0,675.0,679.0,0.0,73.6,20.0,Individual,5,High Risk,Manual Review
27502440,28550.0, 60 months,20.99,E,E4,10+ years,MORTGAGE,83500.0,Verified,debt_consolidation,TX,31.37,0.0,670.0,674.0,1.0,29.8,30.0,Individual,5,High Risk,Manual Review
28732765,20200.0, 60 months,20.2,E,E3,10+ years,RENT,45000.0,Source Verified,credit_card,MA,36.93,0.0,680.0,684.0,1.0,59.7,43.0,Individual,5,High Risk,Manual Review
28562755,12450.0, 36 months,20.2,E,E3,1 year,MORTGAGE,40000.0,Source Verified,debt_consolidation,GA,38.25,0.0,685.0,689.0,0.0,73.9,15.0,Individual,5,High Risk,Manual Review
28542756,14975.0, 36 months,18.99,E,E1,< 1 year,MORTGAGE,50000.0,Verified,debt_consolidation,VA,33.87,0.0,665.0,669.0,0.0,96.8,23.0,Individual,6,High Risk,Manual Review
28732722,12800.0, 60 months,22.15,E,E5,10+ years,RENT,65000.0,Verified,credit_card,TX,33.64,0.0,675.0,679.0,2.0,43.5,49.0,Individual,5,High Risk,Manual Review
2372298,27850.0, 60 months,25.57,F,F5,10+ years,MORTGAGE,81000.0,Verified,debt_consolidation,WA,37.77,2.0,670.0,674.0,0.0,63.2,32.0,Individual,6,High Risk,Manual Review
28772677,21550.0, 60 months,18.99,E,E1,10+ years,OWN,60000.0,Verified,debt_consolidation,TX,35.6,0.0,690.0,694.0,3.0,59.2,37.0,Individual,5,High Risk,Manual Review
28692745,17600.0, 60 months,18.99,E,E1,10+ years,RENT,40000.0,Source Verified,debt_consolidation,MS,38.7,1.0,680.0,684.0,0.0,66.8,28.0,Individual,6,High Risk,Manual Review
28422569,17100.0, 60 months,19.52,E,E2,5 years,MORTGAGE,41000.0,Source Verified,credit_card,GA,35.98,0.0,690.0,694.0,0.0,85.2,12.0,Individual,6,High Risk,Manual Review
28572681,11550.0, 36 months,19.52,E,E2,9 years,RENT,48000.0,Source Verified,credit_card,CA,38.73,0.0,670.0,674.0,0.0,76.7,22.0,Individual,5,High Risk,Manual Review
28682648,15075.0, 36 months,18.99,E,E1,< 1 year,RENT,42000.0,Source Verified,debt_consolidation,NV,39.79,0.0,705.0,709.0,0.0,98.4,13.0,Individual,6,High Risk,Manual Review
28122061,10225.0, 60 months,24.08,F,F2,10+ years,MORTGAGE,63878.0,Source Verified,debt_consolidation,MO,35.04,0.0,685.0,689.0,1.0,69.6,36.0,Individual,5,High Risk,Manual Review
28602568,21000.0, 60 months,20.2,E,E3,< 1 year,MORTGAGE,80000.0,Source Verified,debt_consolidation,OK,20.61,2.0,680.0,684.0,1.0,88.2,14.0,Individual,5,High Risk,Manual Review
28312872,35000.0, 60 months,20.99,E,E4,< 1 year,MORTGAGE,107200.0,Verified,debt_consolidation,AZ,39.16,0.0,690.0,694.0,0.0,92.0,47.0,Individual,6,High Risk,Manual Review
28052494,11600.0, 60 months,19.52,E,E2,4 years,MORTGAGE,41000.0,Source Verified,debt_consolidation,OK,34.54,0.0,685.0,689.0,0.0,64.2,14.0,Individual,5,High Risk,Manual Review
28392920,19350.0, 60 months,19.52,E,E2,10+ years,MORTGAGE,44000.0,Not Verified,debt_consolidation,LA,30.07,0.0,700.0,704.0,0.0,47.0,23.0,Individual,5,High Risk,Manual Review
28422909,19200.0, 60 months,20.99,E,E4,10+ years,OWN,60000.0,Verified,debt_consolidation,MN,34.4,1.0,670.0,674.0,0.0,99.1,28.0,Individual,7,High Risk,Manual Review
28572572,11725.0, 36 months,20.99,E,E4,9 years,RENT,39200.0,Source Verified,debt_consolidation,WI,35.58,0.0,665.0,669.0,1.0,98.6,15.0,Individual,6,High Risk,Manual Review
28322665,34475.0, 60 months,18.99,E,E1,10+ years,MORTGAGE,69000.0,Verified,debt_consolidation,PA,33.1,1.0,685.0,689.0,0.0,78.0,28.0,Individual,6,High Risk,Manual Review
28512561,35000.0, 60 months,22.15,E,E5,5 years,RENT,85000.0,Verified,debt_consolidation,CA,30.17,0.0,660.0,664.0,0.0,40.4,43.0,Individual,5,High Risk,Manual Review
28472795,20125.0, 60 months,23.43,F,F1,9 years,RENT,72000.0,Verified,debt_consolidation,NY,34.35,0.0,680.0,684.0,0.0,69.5,37.0,Individual,5,High Risk,Manual Review
27630866,15350.0, 60 months,23.43,F,F1,10+ years,MORTGAGE,38500.0,Source Verified,debt_consolidation,SC,33.92,0.0,675.0,679.0,0.0,40.2,37.0,Individual,5,High Risk,Manual Review
28512685,14875.0, 60 months,20.2,E,E3,10+ years,MORTGAGE,34000.0,Source Verified,debt_consolidation,CA,30.46,0.0,680.0,684.0,1.0,22.7,20.0,Individual,5,High Risk,Manual Review
28262305,25000.0, 60 months,24.99,F,F4,10+ years,RENT,50000.0,Verified,debt_consolidation,WA,38.96,0.0,660.0,664.0,3.0,28.0,41.0,Individual,5,High Risk,Manual Review
28042593,18000.0, 36 months,18.99,E,E1,10+ years,RENT,40000.0,Verified,debt_consolidation,VA,36.78,0.0,665.0,669.0,0.0,72.4,43.0,Individual,5,High Risk,Manual Review
28432713,10000.0, 36 months,18.99,E,E1,1 year,RENT,25000.0,Source Verified,debt_consolidation,CA,32.93,0.0,675.0,679.0,0.0,61.3,16.0,Individual,5,High Risk,Manual Review
28532746,17600.0, 36 months,18.99,E,E1,6 years,MORTGAGE,80000.0,Source Verified,debt_consolidation,OR,30.39,0.0,670.0,674.0,0.0,70.5,24.0,Individual,5,High Risk,Manual Review
28532655,12950.0, 60 months,22.15,E,E5,2 years,RENT,36000.0,Source Verified,debt_consolidation,VA,37.5,0.0,665.0,669.0,0.0,67.5,21.0,Individual,5,High Risk,Manual Review
28312561,15750.0, 60 months,25.57,F,F5,10+ years,MORTGAGE,50000.0,Source Verified,debt_consolidation,NC,32.55,0.0,660.0,664.0,0.0,77.8,13.0,Individual,5,High Risk,Manual Review
28402597,5775.0, 36 months,15.61,D,D1,10+ years,MORTGAGE,67500.0,Source Verified,debt_consolidation,MD,31.43,1.0,680.0,684.0,0.0,90.6,26.0,Individual,5,High Risk,Manual Review
21049962,12775.0, 60 months,19.52,E,E2,10+ years,RENT,29185.0,Source Verified,credit_card,CO,30.88,0.0,700.0,704.0,0.0,86.5,11.0,Individual,6,High Risk,Manual Review
28382490,24000.0, 60 months,19.52,E,E2,4 years,MORTGAGE,135000.0,Verified,debt_consolidation,TN,32.74,0.0,665.0,669.0,1.0,70.6,34.0,Individual,5,High Risk,Manual Review
28422620,29175.0, 60 months,25.89,G,G3,10+ years,MORTGAGE,66435.0,Source Verified,debt_consolidation,GA,36.94,1.0,660.0,664.0,0.0,77.7,45.0,Individual,6,High Risk,Manual Review
28432567,25000.0, 60 months,20.99,E,E4,10+ years,OWN,78000.0,Verified,debt_consolidation,GA,31.33,0.0,695.0,699.0,0.0,96.1,18.0,Individual,6,High Risk,Manual Review
28412616,24125.0, 60 months,19.52,E,E2,9 years,MORTGAGE,60000.0,Verified,debt_consolidation,NY,33.82,0.0,675.0,679.0,1.0,53.5,25.0,Individual,5,High Risk,Manual Review
27640890,6675.0, 36 months,20.2,E,E3,3 years,OWN,41953.0,Verified,debt_consolidation,NV,36.43,0.0,670.0,674.0,2.0,27.3,30.0,Individual,5,High Risk,Manual Review
28302580,7450.0, 36 months,20.99,E,E4,3 years,RENT,25000.0,Source Verified,debt_consolidation,IL,35.0,0.0,665.0,669.0,0.0,77.0,23.0,Individual,5,High Risk,Manual Review
28532600,20825.0, 60 months,24.08,F,F2,2 years,RENT,46500.0,Source Verified,credit_card,NC,33.77,1.0,665.0,669.0,0.0,70.1,24.0,Individual,6,High Risk,Manual Review
28462531,28500.0, 60 months,20.2,E,E3,10+ years,MORTGAGE,75000.0,Source Verified,debt_consolidation,WA,31.45,0.0,690.0,694.0,1.0,91.7,33.0,Individual,6,High Risk,Manual Review
17853093,24650.0, 60 months,20.2,E,E3,,MORTGAGE,77246.0,Verified,debt_consolidation,LA,35.89,0.0,670.0,674.0,2.0,66.3,44.0,Individual,5,High Risk,Manual Review
28332494,25000.0, 60 months,24.5,F,F3,10+ years,MORTGAGE,60000.0,Source Verified,debt_consolidation,FL,10.68,3.0,665.0,669.0,0.0,94.8,28.0,Individual,5,High Risk,Manual Review
28322554,14825.0, 60 months,24.08,F,F2,8 years,MORTGAGE,37488.0,Verified,credit_card,CO,31.27,0.0,695.0,699.0,0.0,96.7,20.0,Individual,6,High Risk,Manual Review
28302531,22950.0, 60 months,24.99,F,F4,10+ years,MORTGAGE,72000.0,Verified,debt_consolidation,IL,16.17,1.0,660.0,664.0,4.0,89.7,29.0,Individual,5,High Risk,Manual Review
28502584,15100.0, 60 months,20.99,E,E4,3 years,OWN,55000.0,Source Verified,debt_consolidation,SC,35.84,0.0,670.0,674.0,0.0,66.6,43.0,Individual,5,High Risk,Manual Review
28442460,5000.0, 36 months,18.99,E,E1,2 years,RENT,28000.0,Source Verified,debt_consolidation,IL,36.05,0.0,670.0,674.0,0.0,97.5,17.0,Individual,6,High Risk,Manual Review
28512501,14375.0, 60 months,16.99,D,D3,2 years,RENT,40000.0,Verified,debt_consolidation,TX,34.38,3.0,670.0,674.0,0.0,97.1,24.0,Individual,5,High Risk,Manual Review
28052708,25000.0, 36 months,19.52,E,E2,< 1 year,RENT,80000.0,Verified,debt_consolidation,CA,36.17,0.0,680.0,684.0,1.0,75.5,28.0,Individual,5,High Risk,Manual Review
28122417,35000.0, 36 months,20.99,E,E4,8 years,MORTGAGE,110000.0,Verified,other,CA,23.45,2.0,665.0,669.0,0.0,95.3,29.0,Individual,5,High Risk,Manual Review
28192682,10000.0, 36 months,17.57,D,D4,10+ years,RENT,45000.0,Source Verified,debt_consolidation,CA,37.95,1.0,660.0,664.0,0.0,80.5,13.0,Individual,5,High Risk,Manual Review
27670610,26950.0, 60 months,20.99,E,E4,< 1 year,MORTGAGE,77500.0,Verified,debt_consolidation,MA,31.47,0.0,685.0,689.0,1.0,76.4,38.0,Individual,5,High Risk,Manual Review
28082309,14700.0, 60 months,20.99,E,E4,,RENT,37000.0,Source Verified,other,FL,32.24,0.0,730.0,734.0,0.0,33.6,33.0,Individual,5,High Risk,Manual Review
28192608,14375.0, 36 months,20.2,E,E3,3 years,OWN,36000.0,Verified,debt_consolidation,NJ,39.27,0.0,660.0,664.0,1.0,73.5,32.0,Individual,5,High Risk,Manual Review
28192434,13250.0, 60 months,24.5,F,F3,4 years,RENT,50000.0,Source Verified,debt_consolidation,MA,39.85,0.0,690.0,694.0,1.0,67.1,34.0,Individual,5,High Risk,Manual Review
28232286,35000.0, 60 months,18.24,D,D5,10+ years,MORTGAGE,90000.0,Verified,credit_card,MN,31.23,1.0,665.0,669.0,0.0,85.5,27.0,Individual,5,High Risk,Manual Review
28142731,28250.0, 60 months,22.15,E,E5,3 years,OWN,60000.0,Source Verified,debt_consolidation,IN,32.65,0.0,720.0,724.0,0.0,84.5,42.0,Individual,6,High Risk,Manual Review
28112502,5800.0, 36 months,18.99,E,E1,,MORTGAGE,19400.0,Verified,other,CA,36.63,1.0,660.0,664.0,1.0,80.8,11.0,Individual,7,High Risk,Manual Review
28192487,10375.0, 60 months,22.15,E,E5,8 years,OWN,23308.8,Source Verified,debt_consolidation,NC,34.29,0.0,660.0,664.0,0.0,86.6,14.0,Individual,6,High Risk,Manual Review
27722339,18000.0, 60 months,19.52,E,E2,7 years,OWN,76000.0,Not Verified,house,IL,38.59,0.0,670.0,674.0,1.0,42.4,44.0,Individual,5,High Risk,Manual Review
28102192,25325.0, 60 months,22.15,E,E5,10+ years,MORTGAGE,60500.0,Source Verified,credit_card,IL,25.71,2.0,665.0,669.0,0.0,100.1,11.0,Individual,5,High Risk,Manual Review
28012055,20000.0, 60 months,18.99,E,E1,10+ years,RENT,100000.0,Verified,major_purchase,TX,31.63,0.0,675.0,679.0,0.0,39.3,49.0,Individual,5,High Risk,Manual Review
27561293,20000.0, 60 months,20.2,E,E3,,MORTGAGE,52800.0,Verified,debt_consolidation,NC,38.82,0.0,695.0,699.0,1.0,67.2,26.0,Individual,5,High Risk,Manual Review
17765058,13500.0, 60 months,18.99,E,E1,6 years,MORTGAGE,50000.0,Not Verified,credit_card,OR,33.63,0.0,690.0,694.0,0.0,100.0,16.0,Individual,6,High Risk,Manual Review
28262477,10425.0, 60 months,18.99,E,E1,10+ years,MORTGAGE,55400.0,Verified,other,CO,32.63,0.0,660.0,664.0,0.0,82.8,35.0,Individual,6,High Risk,Manual Review
28252436,13475.0, 36 months,20.99,E,E4,,MORTGAGE,30768.0,Verified,debt_consolidation,AL,34.91,0.0,695.0,699.0,0.0,60.3,31.0,Individual,5,High Risk,Manual Review
28132189,4800.0, 36 months,22.15,E,E5,7 years,RENT,70000.0,Verified,house,NV,32.72,0.0,680.0,684.0,4.0,43.2,25.0,Individual,5,High Risk,Manual Review
28152435,22675.0, 60 months,20.2,E,E3,9 years,MORTGAGE,66412.0,Verified,debt_consolidation,DE,32.91,0.0,710.0,714.0,3.0,39.9,39.0,Individual,5,High Risk,Manual Review
28242408,20975.0, 60 months,25.83,G,G2,10+ years,MORTGAGE,46800.0,Source Verified,debt_consolidation,TN,30.15,0.0,680.0,684.0,2.0,67.2,22.0,Individual,5,High Risk,Manual Review
27552024,15550.0, 60 months,18.24,D,D5,7 years,MORTGAGE,52000.0,Not Verified,debt_consolidation,MO,31.25,1.0,675.0,679.0,1.0,85.7,19.0,Individual,5,High Risk,Manual Review
28032314,18075.0, 60 months,25.83,G,G2,10+ years,MORTGAGE,45300.0,Source Verified,debt_consolidation,MA,22.91,2.0,660.0,664.0,1.0,86.8,21.0,Individual,5,High Risk,Manual Review
28142381,10000.0, 60 months,22.15,E,E5,10+ years,MORTGAGE,63200.0,Verified,debt_consolidation,MN,37.93,0.0,710.0,714.0,0.0,72.2,16.0,Individual,5,High Risk,Manual Review
28112085,16000.0, 60 months,20.99,E,E4,2 years,MORTGAGE,115000.0,Source Verified,debt_consolidation,NC,15.13,1.0,660.0,664.0,0.0,90.4,32.0,Individual,5,High Risk,Manual Review
28192137,12200.0, 60 months,20.99,E,E4,< 1 year,RENT,42500.0,Verified,debt_consolidation,CO,39.82,0.0,675.0,679.0,0.0,43.6,47.0,Individual,5,High Risk,Manual Review
28062282,20000.0, 60 months,20.2,E,E3,10+ years,MORTGAGE,75400.0,Verified,debt_consolidation,NJ,30.54,0.0,660.0,664.0,1.0,103.5,27.0,Individual,6,High Risk,Manual Review
28272118,31575.0, 60 months,20.99,E,E4,10+ years,MORTGAGE,72000.0,Verified,debt_consolidation,MT,30.02,0.0,665.0,669.0,0.0,85.6,24.0,Individual,6,High Risk,Manual Review
28172208,30000.0, 60 months,22.15,E,E5,3 years,RENT,120000.0,Verified,debt_consolidation,GA,32.96,0.0,665.0,669.0,1.0,94.6,41.0,Individual,6,High Risk,Manual Review
28172250,15350.0, 36 months,19.52,E,E2,7 years,RENT,70000.0,Verified,debt_consolidation,CA,34.36,0.0,720.0,724.0,3.0,59.6,71.0,Individual,5,High Risk,Manual Review
28171984,6000.0, 36 months,19.52,E,E2,< 1 year,RENT,55000.0,Verified,debt_consolidation,NY,2.88,4.0,665.0,669.0,0.0,88.7,24.0,Individual,5,High Risk,Manual Review
7064032,17925.0, 60 months,20.99,E,E4,10+ years,MORTGAGE,56000.0,Source Verified,debt_consolidation,TX,34.09,1.0,665.0,669.0,0.0,28.3,32.0,Individual,6,High Risk,Manual Review
28081978,7000.0, 36 months,20.2,E,E3,2 years,RENT,29390.0,Source Verified,debt_consolidation,OH,34.42,0.0,665.0,669.0,3.0,54.1,12.0,Individual,5,High Risk,Manual Review
28262006,15000.0, 60 months,20.2,E,E3,5 years,RENT,76800.0,Verified,debt_consolidation,NV,33.63,0.0,675.0,679.0,0.0,90.1,18.0,Individual,6,High Risk,Manual Review
28252050,2725.0, 36 months,18.99,E,E1,,OWN,21300.0,Verified,car,KY,35.77,0.0,665.0,669.0,1.0,37.9,18.0,Individual,5,High Risk,Manual Review
28072048,11200.0, 60 months,18.99,E,E1,10+ years,MORTGAGE,63000.0,Verified,debt_consolidation,CA,31.14,0.0,685.0,689.0,1.0,66.0,42.0,Individual,5,High Risk,Manual Review
27782011,4450.0, 36 months,20.2,E,E3,5 years,RENT,42500.0,Verified,credit_card,CA,30.53,2.0,675.0,679.0,4.0,49.4,13.0,Individual,6,High Risk,Manual Review
28011994,25000.0, 60 months,19.52,E,E2,10+ years,RENT,75000.0,Source Verified,debt_consolidation,LA,32.53,0.0,675.0,679.0,2.0,88.7,23.0,Individual,6,High Risk,Manual Review
27491867,11925.0, 60 months,20.2,E,E3,7 years,MORTGAGE,43680.0,Not Verified,debt_consolidation,VA,34.7,0.0,730.0,734.0,0.0,90.2,36.0,Individual,6,High Risk,Manual Review
27851964,24000.0, 60 months,20.99,E,E4,2 years,RENT,75000.0,Verified,debt_consolidation,NY,33.05,0.0,680.0,684.0,4.0,52.0,67.0,Individual,5,High Risk,Manual Review
27562472,8000.0, 36 months,18.24,D,D5,,MORTGAGE,23748.0,Verified,other,TX,37.19,1.0,660.0,664.0,1.0,86.6,37.0,Individual,5,High Risk,Manual Review
27712570,17525.0, 60 months,23.43,F,F1,10+ years,MORTGAGE,45000.0,Source Verified,home_improvement,VA,30.77,0.0,690.0,694.0,2.0,65.3,25.0,Individual,5,High Risk,Manual Review
27522133,4000.0, 36 months,18.99,E,E1,,RENT,14000.0,Verified,debt_consolidation,OK,37.99,0.0,670.0,674.0,0.0,57.0,9.0,Individual,5,High Risk,Manual Review
27662237,12350.0, 60 months,25.99,G,G4,10+ years,MORTGAGE,36000.0,Source Verified,home_improvement,MI,34.0,0.0,685.0,689.0,1.0,70.6,20.0,Individual,5,High Risk,Manual Review
27582277,21000.0, 60 months,18.99,E,E1,10+ years,RENT,58434.0,Source Verified,debt_consolidation,CA,37.06,1.0,660.0,664.0,1.0,99.6,31.0,Individual,7,High Risk,Manual Review
27522256,11075.0, 60 months,20.99,E,E4,10+ years,RENT,33000.0,Source Verified,debt_consolidation,TN,32.87,0.0,680.0,684.0,0.0,38.1,19.0,Individual,5,High Risk,Manual Review
27682246,10850.0, 60 months,25.57,F,F5,9 years,OWN,26000.0,Source Verified,debt_consolidation,GA,34.95,0.0,695.0,699.0,0.0,54.6,49.0,Individual,5,High Risk,Manual Review
27612232,22950.0, 60 months,19.52,E,E2,10+ years,RENT,50400.0,Source Verified,debt_consolidation,TX,38.31,0.0,670.0,674.0,0.0,79.3,25.0,Individual,5,High Risk,Manual Review
27702124,19150.0, 36 months,18.24,D,D5,7 years,RENT,60000.0,Source Verified,debt_consolidation,NJ,34.28,1.0,665.0,669.0,0.0,98.7,19.0,Individual,5,High Risk,Manual Review
27670630,9300.0, 36 months,24.99,F,F4,6 years,RENT,31000.0,Source Verified,debt_consolidation,AZ,35.31,0.0,675.0,679.0,0.0,51.9,17.0,Individual,5,High Risk,Manual Review
27700702,30000.0, 60 months,20.99,E,E4,10+ years,MORTGAGE,109000.0,Verified,debt_consolidation,WA,32.94,0.0,690.0,694.0,1.0,67.4,60.0,Individual,5,High Risk,Manual Review
27100143,22000.0, 60 months,18.99,E,E1,2 years,RENT,50000.0,Source Verified,debt_consolidation,VA,38.96,0.0,710.0,714.0,0.0,78.3,13.0,Individual,5,High Risk,Manual Review
27632203,22575.0, 60 months,23.43,F,F1,1 year,MORTGAGE,130000.0,Source Verified,debt_consolidation,CA,30.63,1.0,665.0,669.0,1.0,68.9,33.0,Individual,6,High Risk,Manual Review
27661946,25000.0, 60 months,20.2,E,E3,10+ years,MORTGAGE,80000.0,Source Verified,debt_consolidation,NY,17.19,4.0,675.0,679.0,0.0,96.8,35.0,Individual,5,High Risk,Manual Review
27602075,30000.0, 60 months,18.99,E,E1,10+ years,MORTGAGE,100000.0,Verified,debt_consolidation,NJ,32.76,0.0,685.0,689.0,2.0,63.9,22.0,Individual,5,High Risk,Manual Review
27512115,2400.0, 36 months,24.5,F,F3,8 years,MORTGAGE,40000.0,Verified,other,OH,34.41,0.0,675.0,679.0,1.0,80.8,30.0,Individual,6,High Risk,Manual Review
27652058,16000.0, 36 months,18.99,E,E1,10+ years,MORTGAGE,92000.0,Verified,debt_consolidation,TX,34.23,2.0,680.0,684.0,1.0,46.6,64.0,Individual,6,High Risk,Manual Review
27622107,16150.0, 60 months,20.2,E,E3,8 years,RENT,54000.0,Verified,debt_consolidation,OR,35.0,1.0,665.0,669.0,0.0,93.7,26.0,Individual,7,High Risk,Manual Review
27652122,27300.0, 60 months,19.52,E,E2,10+ years,MORTGAGE,65000.0,Source Verified,debt_consolidation,NY,30.05,1.0,660.0,664.0,0.0,20.3,27.0,Individual,6,High Risk,Manual Review
27712307,12050.0, 36 months,19.52,E,E2,4 years,MORTGAGE,41600.0,Not Verified,debt_consolidation,TN,37.03,0.0,660.0,664.0,0.0,83.2,36.0,Individual,6,High Risk,Manual Review
27581932,15425.0, 36 months,20.99,E,E4,3 years,MORTGAGE,43000.0,Verified,debt_consolidation,TX,33.18,1.0,670.0,674.0,1.0,59.6,16.0,Individual,6,High Risk,Manual Review
27492094,14375.0, 60 months,25.8,G,G1,2 years,RENT,40000.0,Source Verified,debt_consolidation,MA,34.89,0.0,680.0,684.0,1.0,83.1,21.0,Individual,6,High Risk,Manual Review
27661950,27200.0, 60 months,23.43,F,F1,10+ years,MORTGAGE,56406.0,Verified,credit_card,NM,32.25,0.0,675.0,679.0,1.0,81.9,39.0,Individual,6,High Risk,Manual Review
27581591,11050.0, 60 months,19.52,E,E2,1 year,RENT,41000.0,Source Verified,debt_consolidation,WA,38.0,0.0,695.0,699.0,0.0,43.4,29.0,Individual,5,High Risk,Manual Review
27541383,11325.0, 60 months,19.52,E,E2,3 years,RENT,70000.0,Verified,debt_consolidation,CA,35.83,0.0,690.0,694.0,0.0,58.6,21.0,Individual,5,High Risk,Manual Review
27571932,14400.0, 60 months,20.99,E,E4,2 years,RENT,51000.0,Verified,debt_consolidation,FL,34.47,0.0,665.0,669.0,2.0,92.7,68.0,Individual,6,High Risk,Manual Review
27712238,35000.0, 60 months,24.5,F,F3,1 year,RENT,100000.0,Source Verified,major_purchase,NY,9.34,1.0,675.0,679.0,1.0,90.9,16.0,Individual,5,High Risk,Manual Review
26387887,21000.0, 60 months,19.52,E,E2,6 years,MORTGAGE,400000.0,Source Verified,debt_consolidation,NJ,13.48,1.0,680.0,684.0,1.0,97.4,26.0,Individual,5,High Risk,Manual Review
27631059,18625.0, 60 months,24.08,F,F2,2 years,RENT,55000.0,Source Verified,debt_consolidation,FL,36.7,0.0,680.0,684.0,0.0,74.9,22.0,Individual,5,High Risk,Manual Review
27671965,10200.0, 60 months,19.52,E,E2,10+ years,MORTGAGE,65000.0,Source Verified,home_improvement,NC,24.52,1.0,665.0,669.0,0.0,89.1,17.0,Individual,5,High Risk,Manual Review
27701508,30000.0, 36 months,19.52,E,E2,10+ years,MORTGAGE,65000.0,Verified,debt_consolidation,MI,33.07,0.0,720.0,724.0,0.0,101.9,26.0,Individual,6,High Risk,Manual Review
27501847,18300.0, 36 months,19.52,E,E2,3 years,MORTGAGE,54600.0,Verified,debt_consolidation,TX,30.68,1.0,665.0,669.0,2.0,83.3,80.0,Individual,7,High Risk,Manual Review
27561994,25450.0, 36 months,22.15,E,E5,6 years,RENT,70720.0,Verified,other,WA,36.5,2.0,680.0,684.0,3.0,53.4,57.0,Individual,6,High Risk,Manual Review
27621862,12775.0, 60 months,22.15,E,E5,,MORTGAGE,28536.0,Verified,home_improvement,WA,39.02,0.0,660.0,664.0,1.0,55.5,41.0,Individual,5,High Risk,Manual Review
27571676,10125.0, 60 months,22.15,E,E5,< 1 year,RENT,30000.0,Source Verified,debt_consolidation,FL,32.4,0.0,660.0,664.0,0.0,94.3,19.0,Individual,6,High Risk,Manual Review
27711949,10525.0, 60 months,18.99,E,E1,5 years,RENT,30000.0,Source Verified,debt_consolidation,GA,30.98,0.0,670.0,674.0,0.0,74.7,41.0,Individual,5,High Risk,Manual Review
27501893,34350.0, 36 months,24.08,F,F2,1 year,RENT,86000.0,Verified,credit_card,CA,34.29,0.0,675.0,679.0,1.0,53.3,38.0,Individual,5,High Risk,Manual Review
27561862,35000.0, 60 months,24.5,F,F3,6 years,MORTGAGE,95000.0,Verified,debt_consolidation,CA,35.83,0.0,680.0,684.0,0.0,71.3,28.0,Individual,5,High Risk,Manual Review
27551729,14000.0, 60 months,18.99,E,E1,10+ years,MORTGAGE,70000.0,Verified,home_improvement,LA,32.78,1.0,665.0,669.0,0.0,93.2,29.0,Individual,7,High Risk,Manual Review
27591610,24850.0, 60 months,19.52,E,E2,2 years,MORTGAGE,77764.0,Source Verified,debt_consolidation,OH,34.66,0.0,685.0,689.0,1.0,62.2,40.0,Individual,5,High Risk,Manual Review
27640565,21825.0, 60 months,23.43,F,F1,6 years,MORTGAGE,54781.0,Source Verified,debt_consolidation,NM,18.62,2.0,675.0,679.0,0.0,83.1,48.0,Individual,5,High Risk,Manual Review
27491723,28500.0, 60 months,18.99,E,E1,10+ years,OWN,65000.0,Source Verified,debt_consolidation,AR,31.94,0.0,695.0,699.0,0.0,87.3,37.0,Individual,6,High Risk,Manual Review
27601632,23325.0, 36 months,19.52,E,E2,10+ years,MORTGAGE,65000.0,Source Verified,debt_consolidation,LA,18.28,1.0,670.0,674.0,0.0,93.3,24.0,Individual,5,High Risk,Manual Review
27661623,23225.0, 60 months,18.99,E,E1,7 years,MORTGAGE,69000.0,Source Verified,debt_consolidation,CO,28.61,1.0,675.0,679.0,0.0,82.3,26.0,Individual,5,High Risk,Manual Review
27731719,26575.0, 60 months,24.99,F,F4,,MORTGAGE,57780.0,Verified,home_improvement,TX,31.94,0.0,685.0,689.0,0.0,78.0,28.0,Individual,5,High Risk,Manual Review
27691553,18750.0, 60 months,22.15,E,E5,10+ years,MORTGAGE,41916.0,Source Verified,debt_consolidation,PA,36.22,0.0,690.0,694.0,0.0,89.8,23.0,Individual,6,High Risk,Manual Review
27691559,10625.0, 60 months,22.15,E,E5,10+ years,MORTGAGE,65000.0,Verified,debt_consolidation,CO,31.33,0.0,675.0,679.0,1.0,103.2,50.0,Individual,6,High Risk,Manual Review
27571463,25000.0, 60 months,19.52,E,E2,6 years,OWN,65000.0,Source Verified,debt_consolidation,LA,30.06,0.0,730.0,734.0,1.0,15.5,29.0,Individual,5,High Risk,Manual Review
27681513,10800.0, 60 months,20.2,E,E3,,MORTGAGE,38000.0,Verified,debt_consolidation,VA,34.05,0.0,675.0,679.0,0.0,44.1,20.0,Individual,5,High Risk,Manual Review
27611590,35000.0, 60 months,23.43,F,F1,4 years,RENT,100000.0,Verified,debt_consolidation,CA,35.6,0.0,690.0,694.0,0.0,70.1,45.0,Individual,5,High Risk,Manual Review
27651467,15000.0, 60 months,19.52,E,E2,,MORTGAGE,53000.0,Verified,debt_consolidation,FL,32.43,0.0,675.0,679.0,4.0,46.1,50.0,Individual,5,High Risk,Manual Review
27701328,21925.0, 60 months,22.15,E,E5,3 years,MORTGAGE,51000.0,Source Verified,debt_consolidation,SC,39.62,0.0,665.0,669.0,0.0,59.7,32.0,Individual,5,High Risk,Manual Review
27511394,18700.0, 60 months,24.99,F,F4,10+ years,OWN,56000.0,Not Verified,debt_consolidation,KS,35.98,0.0,700.0,704.0,0.0,74.5,35.0,Individual,5,High Risk,Manual Review
27491381,18675.0, 60 months,20.2,E,E3,10+ years,RENT,62000.0,Verified,credit_card,KY,32.38,0.0,660.0,664.0,0.0,61.4,48.0,Individual,5,High Risk,Manual Review
27491450,5000.0, 36 months,19.52,E,E2,,RENT,16728.0,Verified,debt_consolidation,CA,30.99,1.0,675.0,679.0,1.0,42.6,25.0,Individual,6,High Risk,Manual Review
27541362,35000.0, 60 months,22.15,E,E5,6 years,MORTGAGE,72000.0,Verified,debt_consolidation,MO,37.57,0.0,665.0,669.0,1.0,76.8,19.0,Individual,5,High Risk,Manual Review
27681260,21225.0, 60 months,18.99,E,E1,10+ years,RENT,59227.0,Source Verified,debt_consolidation,PA,14.71,1.0,660.0,664.0,0.0,84.5,34.0,Individual,5,High Risk,Manual Review
27721504,11475.0, 60 months,20.99,E,E4,< 1 year,RENT,32000.0,Source Verified,credit_card,NH,33.59,0.0,670.0,674.0,1.0,65.1,17.0,Individual,5,High Risk,Manual Review
27681191,17525.0, 60 months,18.99,E,E1,10+ years,RENT,40000.0,Source Verified,credit_card,KS,30.45,0.0,680.0,684.0,2.0,57.5,22.0,Individual,5,High Risk,Manual Review
27721366,11125.0, 60 months,19.52,E,E2,10+ years,RENT,50000.0,Not Verified,debt_consolidation,NY,32.5,0.0,690.0,694.0,0.0,47.7,57.0,Individual,5,High Risk,Manual Review
27721292,19225.0, 60 months,22.15,E,E5,10+ years,RENT,42737.0,Verified,debt_consolidation,VA,32.69,0.0,705.0,709.0,0.0,90.4,11.0,Individual,6,High Risk,Manual Review
27581207,17100.0, 60 months,24.5,F,F3,,MORTGAGE,45000.0,Verified,home_improvement,CA,38.37,0.0,680.0,684.0,0.0,98.0,36.0,Individual,6,High Risk,Manual Review
27691141,24000.0, 60 months,20.2,E,E3,5 years,OWN,50000.0,Source Verified,credit_card,CA,30.75,0.0,700.0,704.0,1.0,50.3,17.0,Individual,5,High Risk,Manual Review
27631124,11000.0, 60 months,19.52,E,E2,10+ years,MORTGAGE,80000.0,Source Verified,debt_consolidation,AZ,11.46,1.0,660.0,664.0,0.0,85.6,18.0,Individual,5,High Risk,Manual Review
27701082,10775.0, 60 months,25.57,F,F5,8 years,MORTGAGE,75000.0,Source Verified,debt_consolidation,SC,14.62,1.0,700.0,704.0,1.0,91.0,17.0,Individual,5,High Risk,Manual Review
27099917,35000.0, 60 months,24.99,F,F4,10+ years,MORTGAGE,93000.0,Verified,debt_consolidation,VA,24.34,1.0,670.0,674.0,1.0,88.3,23.0,Individual,5,High Risk,Manual Review
27601016,2850.0, 36 months,23.43,F,F1,< 1 year,RENT,8000.0,Not Verified,debt_consolidation,NJ,31.08,1.0,660.0,664.0,0.0,89.0,13.0,Individual,7,High Risk,Manual Review
27590987,23075.0, 60 months,20.99,E,E4,7 years,MORTGAGE,74000.0,Source Verified,debt_consolidation,SC,37.03,0.0,670.0,674.0,2.0,70.4,45.0,Individual,5,High Risk,Manual Review
25537058,22400.0, 60 months,20.2,E,E3,10+ years,RENT,56000.0,Source Verified,debt_consolidation,UT,32.85,2.0,675.0,679.0,0.0,79.4,31.0,Individual,6,High Risk,Manual Review
27650944,3150.0, 36 months,16.99,D,D3,10+ years,MORTGAGE,31200.0,Not Verified,debt_consolidation,FL,33.69,1.0,685.0,689.0,0.0,83.3,30.0,Individual,5,High Risk,Manual Review
27500949,18000.0, 60 months,19.52,E,E2,10+ years,MORTGAGE,60000.0,Not Verified,debt_consolidation,NC,31.83,0.0,675.0,679.0,1.0,67.8,26.0,Individual,5,High Risk,Manual Review
27700938,19725.0, 60 months,18.99,E,E1,4 years,MORTGAGE,47000.0,Not Verified,debt_consolidation,SC,31.58,0.0,670.0,674.0,1.0,37.8,39.0,Individual,5,High Risk,Manual Review
27660996,35000.0, 60 months,24.08,F,F2,9 years,RENT,100000.0,Verified,credit_card,CA,26.28,1.0,675.0,679.0,1.0,82.4,26.0,Individual,5,High Risk,Manual Review
25967271,24650.0, 60 months,23.43,F,F1,10+ years,MORTGAGE,65000.0,Source Verified,debt_consolidation,WY,29.3,2.0,665.0,669.0,0.0,99.7,20.0,Individual,5,High Risk,Manual Review
27560959,4950.0, 36 months,24.5,F,F3,6 years,RENT,35000.0,Verified,debt_consolidation,TN,31.52,0.0,690.0,694.0,1.0,8.2,21.0,Individual,5,High Risk,Manual Review
26359992,16000.0, 60 months,20.99,E,E4,9 years,RENT,90000.0,Verified,major_purchase,MD,30.85,1.0,685.0,689.0,1.0,37.4,63.0,Individual,6,High Risk,Manual Review
27700934,24625.0, 60 months,22.15,E,E5,10+ years,MORTGAGE,65000.0,Source Verified,debt_consolidation,CO,34.38,0.0,690.0,694.0,2.0,65.8,62.0,Individual,5,High Risk,Manual Review
27640965,12300.0, 60 months,23.43,F,F1,3 years,RENT,30888.0,Source Verified,debt_consolidation,LA,39.2,0.0,680.0,684.0,2.0,54.8,41.0,Individual,5,High Risk,Manual Review
27600819,13475.0, 60 months,20.2,E,E3,6 years,RENT,30000.0,Source Verified,debt_consolidation,FL,31.88,0.0,730.0,734.0,1.0,75.5,19.0,Individual,5,High Risk,Manual Review
27660896,18000.0, 60 months,19.52,E,E2,10+ years,OWN,41000.0,Source Verified,debt_consolidation,MD,38.0,0.0,710.0,714.0,0.0,65.2,24.0,Individual,5,High Risk,Manual Review
27650835,5000.0, 36 months,18.99,E,E1,6 years,RENT,22000.0,Source Verified,other,NY,33.11,0.0,675.0,679.0,0.0,39.3,17.0,Individual,5,High Risk,Manual Review
26227741,10000.0, 60 months,25.83,G,G2,6 years,RENT,37000.0,Source Verified,debt_consolidation,IN,39.34,0.0,690.0,694.0,0.0,92.7,15.0,Individual,6,High Risk,Manual Review
27550772,17000.0, 60 months,24.5,F,F3,5 years,RENT,50000.0,Source Verified,debt_consolidation,PA,39.61,1.0,670.0,674.0,3.0,57.4,50.0,Individual,6,High Risk,Manual Review
27490824,26500.0, 60 months,20.99,E,E4,7 years,RENT,70000.0,Source Verified,debt_consolidation,FL,32.92,0.0,675.0,679.0,1.0,81.4,31.0,Individual,6,High Risk,Manual Review
27550702,3450.0, 36 months,19.52,E,E2,9 years,RENT,43000.0,Not Verified,debt_consolidation,HI,35.72,0.0,690.0,694.0,1.0,44.1,24.0,Individual,5,High Risk,Manual Review
27550671,25000.0, 60 months,20.2,E,E3,10+ years,OWN,82000.0,Source Verified,debt_consolidation,VT,37.49,0.0,690.0,694.0,2.0,78.2,29.0,Individual,5,High Risk,Manual Review
27660692,35000.0, 60 months,18.99,E,E1,2 years,OWN,121000.0,Source Verified,debt_consolidation,TX,30.84,0.0,680.0,684.0,0.0,87.9,30.0,Individual,6,High Risk,Manual Review
26018019,8950.0, 36 months,19.52,E,E2,,RENT,25000.0,Verified,debt_consolidation,IN,33.08,0.0,660.0,664.0,0.0,72.8,22.0,Individual,5,High Risk,Manual Review
26409688,29900.0, 60 months,19.52,E,E2,9 years,MORTGAGE,65000.0,Verified,debt_consolidation,NC,34.08,0.0,710.0,714.0,1.0,47.4,34.0,Individual,5,High Risk,Manual Review
27620803,24925.0, 60 months,25.83,G,G2,10+ years,MORTGAGE,60000.0,Source Verified,debt_consolidation,TX,38.04,0.0,665.0,669.0,0.0,62.7,17.0,Individual,5,High Risk,Manual Review
27510796,14975.0, 60 months,19.52,E,E2,10+ years,MORTGAGE,50000.0,Verified,debt_consolidation,IL,15.48,1.0,665.0,669.0,1.0,82.9,23.0,Individual,5,High Risk,Manual Review
27640724,10000.0, 60 months,18.99,E,E1,5 years,MORTGAGE,60000.0,Verified,debt_consolidation,NM,39.08,0.0,665.0,669.0,2.0,52.4,54.0,Individual,5,High Risk,Manual Review
27710747,6600.0, 36 months,18.99,E,E1,6 years,OWN,45000.0,Source Verified,debt_consolidation,PA,35.01,0.0,675.0,679.0,1.0,45.0,13.0,Individual,5,High Risk,Manual Review
26939575,18075.0, 60 months,20.2,E,E3,4 years,RENT,53000.0,Source Verified,credit_card,TX,25.68,1.0,670.0,674.0,0.0,84.7,38.0,Individual,5,High Risk,Manual Review
27540591,18450.0, 60 months,23.43,F,F1,1 year,RENT,55000.0,Source Verified,debt_consolidation,FL,32.99,0.0,670.0,674.0,1.0,47.2,38.0,Individual,5,High Risk,Manual Review
27670658,21000.0, 60 months,18.99,E,E1,10+ years,RENT,78000.0,Verified,debt_consolidation,HI,30.52,0.0,670.0,674.0,3.0,65.4,18.0,Individual,5,High Risk,Manual Review
27560598,35000.0, 60 months,18.99,E,E1,< 1 year,MORTGAGE,200000.0,Verified,debt_consolidation,CA,11.84,1.0,660.0,664.0,1.0,93.4,66.0,Individual,5,High Risk,Manual Review
26719674,20200.0, 60 months,24.08,F,F2,10+ years,OWN,45000.0,Verified,small_business,CA,36.64,3.0,690.0,694.0,0.0,40.7,27.0,Individual,6,High Risk,Manual Review
27670440,9750.0, 36 months,24.08,F,F2,4 years,RENT,40000.0,Source Verified,medical,TX,34.5,0.0,660.0,664.0,1.0,45.1,15.0,Individual,5,High Risk,Manual Review
27450364,21400.0, 60 months,18.99,E,E1,9 years,MORTGAGE,50000.0,Source Verified,debt_consolidation,IN,37.95,0.0,720.0,724.0,0.0,71.2,32.0,Individual,5,High Risk,Manual Review
27630403,35000.0, 36 months,18.99,E,E1,< 1 year,OWN,90000.0,Source Verified,debt_consolidation,VA,31.17,0.0,705.0,709.0,0.0,78.5,35.0,Individual,5,High Risk,Manual Review
27650332,30500.0, 36 months,20.2,E,E3,9 years,MORTGAGE,80500.0,Source Verified,debt_consolidation,NM,30.89,0.0,665.0,669.0,0.0,52.7,45.0,Individual,5,High Risk,Manual Review
27660330,15000.0, 60 months,19.52,E,E2,10+ years,RENT,53000.0,Verified,debt_consolidation,CA,32.2,0.0,665.0,669.0,3.0,47.9,58.0,Individual,5,High Risk,Manual Review
27650384,8375.0, 36 months,18.99,E,E1,8 years,RENT,24912.0,Verified,debt_consolidation,OK,36.27,0.0,660.0,664.0,1.0,70.9,12.0,Individual,5,High Risk,Manual Review
27230385,17575.0, 60 months,18.99,E,E1,6 years,RENT,40000.0,Source Verified,debt_consolidation,CA,34.38,0.0,745.0,749.0,1.0,27.4,34.0,Individual,5,High Risk,Manual Review
27340455,12000.0, 60 months,18.99,E,E1,3 years,OWN,66200.0,Source Verified,debt_consolidation,SD,37.58,3.0,660.0,664.0,2.0,91.8,50.0,Individual,7,High Risk,Manual Review
27310311,25000.0, 60 months,20.99,E,E4,8 years,MORTGAGE,68343.0,Source Verified,debt_consolidation,OH,32.64,0.0,690.0,694.0,0.0,90.1,30.0,Individual,6,High Risk,Manual Review
27260359,24000.0, 60 months,18.99,E,E1,1 year,OWN,59000.0,Verified,credit_card,MO,33.42,0.0,660.0,664.0,2.0,69.7,34.0,Individual,5,High Risk,Manual Review
27370442,8000.0, 36 months,17.57,D,D4,10+ years,RENT,106000.0,Verified,other,CA,34.39,2.0,660.0,664.0,1.0,82.5,29.0,Individual,5,High Risk,Manual Review
27450412,12575.0, 60 months,22.15,E,E5,< 1 year,RENT,42000.0,Verified,debt_consolidation,CA,34.0,0.0,670.0,674.0,1.0,89.5,61.0,Individual,6,High Risk,Manual Review
27450323,11675.0, 60 months,20.2,E,E3,2 years,OWN,26000.0,Source Verified,debt_consolidation,TX,39.7,1.0,675.0,679.0,1.0,44.9,30.0,Individual,6,High Risk,Manual Review
23924776,28100.0, 60 months,24.5,F,F3,1 year,MORTGAGE,67000.0,Source Verified,debt_consolidation,WV,33.67,2.0,675.0,679.0,0.0,81.7,29.0,Individual,7,High Risk,Manual Review
27370307,17350.0, 36 months,23.43,F,F1,10+ years,MORTGAGE,68000.0,Source Verified,debt_consolidation,MA,30.92,3.0,690.0,694.0,0.0,4.3,21.0,Individual,6,High Risk,Manual Review
27260274,10725.0, 60 months,23.43,F,F1,10+ years,MORTGAGE,55000.0,Verified,debt_consolidation,NM,38.14,0.0,660.0,664.0,1.0,97.7,29.0,Individual,6,High Risk,Manual Review
27300217,11200.0, 60 months,22.15,E,E5,10+ years,MORTGAGE,44000.0,Source Verified,renewable_energy,FL,37.75,0.0,660.0,664.0,0.0,63.6,31.0,Individual,5,High Risk,Manual Review
27460227,15000.0, 36 months,18.99,E,E1,10+ years,RENT,48000.0,Verified,small_business,CA,38.65,0.0,690.0,694.0,0.0,89.1,15.0,Individual,6,High Risk,Manual Review
27410205,26250.0, 60 months,18.99,E,E1,2 years,RENT,75500.0,Verified,credit_card,CA,39.83,0.0,695.0,699.0,0.0,41.9,44.0,Individual,5,High Risk,Manual Review
26519731,10650.0, 60 months,18.99,E,E1,,MORTGAGE,25000.0,Not Verified,debt_consolidation,PA,30.87,0.0,735.0,739.0,0.0,37.9,14.0,Individual,5,High Risk,Manual Review
26579404,10000.0, 60 months,20.99,E,E4,1 year,OWN,39000.0,Source Verified,debt_consolidation,OH,31.54,0.0,675.0,679.0,1.0,44.1,16.0,Individual,5,High Risk,Manual Review
27340132,4800.0, 36 months,19.52,E,E2,2 years,MORTGAGE,110000.0,Verified,other,GA,33.9,1.0,670.0,674.0,1.0,59.7,45.0,Individual,6,High Risk,Manual Review
25217080,17500.0, 60 months,20.2,E,E3,4 years,MORTGAGE,40000.0,Source Verified,debt_consolidation,TN,38.88,0.0,670.0,674.0,0.0,47.7,16.0,Individual,5,High Risk,Manual Review
27040365,19675.0, 60 months,18.99,E,E1,7 years,MORTGAGE,47000.0,Source Verified,debt_consolidation,CA,34.09,0.0,700.0,704.0,2.0,51.3,23.0,Individual,5,High Risk,Manual Review
27200262,35000.0, 60 months,18.99,E,E1,10+ years,RENT,70000.0,Verified,debt_consolidation,CA,35.42,0.0,685.0,689.0,0.0,85.2,15.0,Individual,6,High Risk,Manual Review
26619583,4200.0, 36 months,18.99,E,E1,10+ years,MORTGAGE,50000.0,Verified,debt_consolidation,VA,32.93,0.0,670.0,674.0,1.0,91.0,21.0,Individual,6,High Risk,Manual Review
27120297,9000.0, 36 months,16.29,D,D2,10+ years,OWN,55000.0,Source Verified,debt_consolidation,NJ,31.27,1.0,670.0,674.0,0.0,92.4,16.0,Individual,5,High Risk,Manual Review
26849985,28000.0, 60 months,20.99,E,E4,5 years,OWN,97000.0,Verified,debt_consolidation,FL,35.81,0.0,680.0,684.0,0.0,41.1,45.0,Individual,5,High Risk,Manual Review
26180354,20500.0, 60 months,20.2,E,E3,10+ years,MORTGAGE,130000.0,Not Verified,home_improvement,NY,24.45,1.0,670.0,674.0,0.0,81.6,34.0,Individual,5,High Risk,Manual Review
26979961,11200.0, 60 months,18.99,E,E1,2 years,RENT,35000.0,Verified,debt_consolidation,FL,33.13,1.0,670.0,674.0,0.0,60.1,34.0,Individual,6,High Risk,Manual Review
27160043,20000.0, 60 months,18.99,E,E1,6 years,MORTGAGE,100000.0,Source Verified,home_improvement,TX,12.18,1.0,660.0,664.0,0.0,86.0,29.0,Individual,5,High Risk,Manual Review
26170038,9425.0, 36 months,22.15,E,E5,,MORTGAGE,80000.0,Verified,credit_card,SC,35.03,0.0,685.0,689.0,0.0,99.0,23.0,Individual,6,High Risk,Manual Review
27209926,15000.0, 60 months,22.15,E,E5,10+ years,MORTGAGE,90000.0,Verified,other,NY,32.51,0.0,680.0,684.0,1.0,101.1,21.0,Individual,6,High Risk,Manual Review
27019817,10750.0, 60 months,24.08,F,F2,4 years,RENT,36000.0,Verified,debt_consolidation,CA,31.3,0.0,675.0,679.0,0.0,79.8,23.0,Individual,5,High Risk,Manual Review
25837202,10650.0, 60 months,25.57,F,F5,1 year,RENT,35500.0,Verified,debt_consolidation,AR,36.82,0.0,670.0,674.0,1.0,76.8,37.0,Individual,5,High Risk,Manual Review
26729891,14825.0, 60 months,18.99,E,E1,2 years,MORTGAGE,64000.0,Verified,debt_consolidation,MT,38.12,0.0,720.0,724.0,1.0,86.8,40.0,Individual,6,High Risk,Manual Review
26740207,11850.0, 60 months,20.2,E,E3,,MORTGAGE,37000.0,Source Verified,debt_consolidation,MI,35.48,6.0,680.0,684.0,0.0,54.4,33.0,Individual,6,High Risk,Manual Review
26720215,19150.0, 60 months,20.2,E,E3,10+ years,RENT,59000.0,Source Verified,credit_card,MA,38.1,2.0,665.0,669.0,0.0,68.6,16.0,Individual,6,High Risk,Manual Review
27189738,15050.0, 60 months,18.99,E,E1,10+ years,MORTGAGE,42000.0,Verified,debt_consolidation,TX,37.97,1.0,705.0,709.0,1.0,42.9,34.0,Individual,6,High Risk,Manual Review
26569115,22675.0, 60 months,20.99,E,E4,2 years,MORTGAGE,63000.0,Verified,debt_consolidation,GA,30.3,0.0,665.0,669.0,0.0,84.9,28.0,Individual,6,High Risk,Manual Review
26979720,28775.0, 36 months,22.15,E,E5,4 years,MORTGAGE,76000.0,Verified,major_purchase,MI,31.09,0.0,665.0,669.0,2.0,16.2,21.0,Individual,5,High Risk,Manual Review
26910161,14000.0, 60 months,20.2,E,E3,7 years,MORTGAGE,32760.0,Verified,debt_consolidation,IN,34.36,0.0,670.0,674.0,1.0,78.5,19.0,Individual,5,High Risk,Manual Review
27149717,18000.0, 36 months,19.52,E,E2,3 years,RENT,40000.0,Verified,car,FL,35.55,0.0,705.0,709.0,1.0,32.4,19.0,Individual,5,High Risk,Manual Review
26740273,25000.0, 60 months,18.99,E,E1,9 years,MORTGAGE,110000.0,Verified,debt_consolidation,CA,31.5,0.0,690.0,694.0,0.0,89.8,17.0,Individual,6,High Risk,Manual Review
26930228,14700.0, 60 months,20.99,E,E4,10+ years,MORTGAGE,54840.0,Source Verified,debt_consolidation,CO,32.56,0.0,705.0,709.0,1.0,29.5,25.0,Individual,5,High Risk,Manual Review
26909726,27450.0, 60 months,19.52,E,E2,5 years,RENT,55000.0,Source Verified,debt_consolidation,FL,30.18,0.0,715.0,719.0,0.0,37.8,15.0,Individual,5,High Risk,Manual Review
26740094,35000.0, 60 months,20.2,E,E3,4 years,MORTGAGE,79000.0,Verified,debt_consolidation,OH,34.53,0.0,690.0,694.0,1.0,99.4,33.0,Individual,6,High Risk,Manual Review
26830010,16475.0, 60 months,18.99,E,E1,7 years,RENT,55000.0,Verified,debt_consolidation,CA,38.41,0.0,665.0,669.0,0.0,86.1,20.0,Individual,6,High Risk,Manual Review
26729953,15000.0, 60 months,19.52,E,E2,10+ years,RENT,50400.0,Verified,debt_consolidation,FL,35.62,0.0,665.0,669.0,0.0,67.0,52.0,Individual,5,High Risk,Manual Review
26909890,14325.0, 60 months,20.2,E,E3,10+ years,RENT,31886.0,Source Verified,debt_consolidation,AL,30.41,0.0,660.0,664.0,0.0,54.6,35.0,Individual,5,High Risk,Manual Review
26889856,7125.0, 36 months,25.89,G,G3,< 1 year,RENT,24012.0,Verified,small_business,DE,32.93,0.0,675.0,679.0,0.0,83.8,5.0,Individual,6,High Risk,Manual Review
26839919,8975.0, 36 months,20.99,E,E4,1 year,OWN,25000.0,Source Verified,debt_consolidation,AZ,34.04,0.0,660.0,664.0,0.0,51.1,24.0,Individual,5,High Risk,Manual Review
26749616,8450.0, 36 months,20.99,E,E4,8 years,OWN,25000.0,Source Verified,debt_consolidation,FL,34.33,0.0,690.0,694.0,0.0,69.3,13.0,Individual,5,High Risk,Manual Review
26899644,35000.0, 60 months,23.43,F,F1,10+ years,MORTGAGE,94000.0,Verified,credit_card,TX,36.78,0.0,690.0,694.0,2.0,77.6,50.0,Individual,5,High Risk,Manual Review
26819771,24125.0, 60 months,20.2,E,E3,10+ years,MORTGAGE,55000.0,Source Verified,debt_consolidation,TX,30.02,0.0,715.0,719.0,1.0,86.6,19.0,Individual,6,High Risk,Manual Review
26759529,16650.0, 60 months,20.2,E,E3,10+ years,MORTGAGE,37000.0,Verified,debt_consolidation,IL,35.03,0.0,735.0,739.0,0.0,54.9,18.0,Individual,5,High Risk,Manual Review
9036491,25975.0, 60 months,25.8,G,G1,10+ years,RENT,62000.0,Source Verified,debt_consolidation,HI,30.69,0.0,695.0,699.0,0.0,96.8,18.0,Individual,6,High Risk,Manual Review
26929635,24625.0, 60 months,20.2,E,E3,7 years,MORTGAGE,65000.0,Source Verified,debt_consolidation,CA,19.2,1.0,670.0,674.0,0.0,89.0,20.0,Individual,5,High Risk,Manual Review
26749528,10750.0, 60 months,23.43,F,F1,9 years,OWN,30000.0,Source Verified,debt_consolidation,NY,38.52,0.0,695.0,699.0,0.0,67.9,51.0,Individual,5,High Risk,Manual Review
26919530,12000.0, 60 months,24.08,F,F2,10+ years,MORTGAGE,105000.0,Not Verified,debt_consolidation,TX,26.56,1.0,700.0,704.0,0.0,83.8,26.0,Individual,5,High Risk,Manual Review
26869483,12000.0, 60 months,18.99,E,E1,7 years,OWN,40000.0,Source Verified,debt_consolidation,TX,32.91,0.0,680.0,684.0,2.0,53.1,22.0,Individual,5,High Risk,Manual Review
26699443,10725.0, 60 months,18.99,E,E1,2 years,RENT,50000.0,Source Verified,debt_consolidation,PA,34.09,8.0,660.0,664.0,0.0,63.2,26.0,Individual,6,High Risk,Manual Review
25957603,11175.0, 60 months,25.83,G,G2,2 years,MORTGAGE,33000.0,Verified,debt_consolidation,RI,1.6,2.0,670.0,674.0,0.0,88.6,13.0,Individual,5,High Risk,Manual Review
26769441,4500.0, 36 months,18.99,E,E1,4 years,RENT,33800.0,Not Verified,major_purchase,IL,34.11,0.0,675.0,679.0,1.0,45.5,9.0,Individual,5,High Risk,Manual Review
26799514,18675.0, 60 months,19.52,E,E2,2 years,OWN,52000.0,Source Verified,debt_consolidation,NY,34.96,0.0,695.0,699.0,0.0,82.0,20.0,Individual,6,High Risk,Manual Review
26759484,25475.0, 60 months,25.57,F,F5,10+ years,MORTGAGE,51000.0,Source Verified,debt_consolidation,FL,37.86,0.0,685.0,689.0,1.0,71.0,20.0,Individual,5,High Risk,Manual Review
26629712,18000.0, 36 months,16.29,D,D2,4 years,MORTGAGE,40000.0,Verified,debt_consolidation,TN,33.75,4.0,660.0,664.0,0.0,99.2,21.0,Individual,5,High Risk,Manual Review
26429588,26000.0, 60 months,18.99,E,E1,10+ years,MORTGAGE,80000.0,Verified,debt_consolidation,OH,38.04,0.0,665.0,669.0,1.0,94.5,37.0,Individual,6,High Risk,Manual Review
24495010,17350.0, 60 months,22.15,E,E5,1 year,MORTGAGE,99000.0,Source Verified,debt_consolidation,CA,26.44,1.0,680.0,684.0,0.0,97.9,26.0,Individual,5,High Risk,Manual Review
26589563,16900.0, 60 months,18.99,E,E1,4 years,MORTGAGE,43463.0,Verified,credit_card,SC,39.41,1.0,670.0,674.0,0.0,78.4,32.0,Individual,6,High Risk,Manual Review
26529406,25000.0, 60 months,19.52,E,E2,10+ years,MORTGAGE,59000.0,Source Verified,credit_card,OH,24.98,4.0,690.0,694.0,1.0,96.8,37.0,Individual,5,High Risk,Manual Review
26387836,33000.0, 36 months,16.29,D,D2,3 years,MORTGAGE,78863.0,Verified,debt_consolidation,AZ,38.9,2.0,665.0,669.0,0.0,88.3,31.0,Individual,5,High Risk,Manual Review
26249415,18000.0, 60 months,20.99,E,E4,7 years,OWN,40000.0,Verified,debt_consolidation,FL,33.45,0.0,680.0,684.0,0.0,90.3,15.0,Individual,6,High Risk,Manual Review
26300406,15000.0, 60 months,20.99,E,E4,,MORTGAGE,50000.0,Verified,major_purchase,NY,30.94,0.0,660.0,664.0,0.0,83.5,18.0,Individual,6,High Risk,Manual Review
26459135,4125.0, 36 months,19.52,E,E2,10+ years,RENT,13000.0,Verified,debt_consolidation,PA,31.12,4.0,670.0,674.0,1.0,58.1,15.0,Individual,6,High Risk,Manual Review
26499146,11375.0, 60 months,20.99,E,E4,10+ years,MORTGAGE,121000.0,Source Verified,home_improvement,CA,6.43,1.0,660.0,664.0,1.0,87.2,15.0,Individual,5,High Risk,Manual Review
24795147,6000.0, 36 months,24.5,F,F3,10+ years,MORTGAGE,45000.0,Verified,home_improvement,AL,36.67,0.0,660.0,664.0,2.0,60.1,22.0,Individual,5,High Risk,Manual Review
26410179,14000.0, 36 months,18.99,E,E1,2 years,OWN,41500.0,Not Verified,medical,SD,37.85,1.0,690.0,694.0,1.0,69.0,42.0,Individual,6,High Risk,Manual Review
24434930,19800.0, 60 months,18.99,E,E1,10+ years,MORTGAGE,56000.0,Source Verified,debt_consolidation,TX,37.23,1.0,695.0,699.0,0.0,63.3,36.0,Individual,6,High Risk,Manual Review
26249021,11200.0, 60 months,20.2,E,E3,10+ years,MORTGAGE,25000.0,Source Verified,debt_consolidation,IN,38.07,0.0,670.0,674.0,1.0,52.9,36.0,Individual,5,High Risk,Manual Review
25556850,5300.0, 36 months,25.89,G,G3,10+ years,MORTGAGE,26000.0,Source Verified,debt_consolidation,MI,36.38,0.0,660.0,664.0,2.0,86.7,23.0,Individual,6,High Risk,Manual Review
26118217,26375.0, 60 months,18.99,E,E1,10+ years,RENT,60000.0,Source Verified,other,MD,35.74,0.0,740.0,744.0,0.0,39.2,23.0,Individual,5,High Risk,Manual Review
26330671,11200.0, 60 months,19.52,E,E2,6 years,MORTGAGE,90000.0,Not Verified,debt_consolidation,OK,15.87,3.0,660.0,664.0,1.0,86.1,26.0,Individual,5,High Risk,Manual Review
26097374,15000.0, 36 months,20.2,E,E3,10+ years,MORTGAGE,60000.0,Not Verified,debt_consolidation,FL,26.82,1.0,685.0,689.0,0.0,95.0,21.0,Individual,5,High Risk,Manual Review
26170562,3500.0, 36 months,19.52,E,E2,3 years,RENT,19000.0,Verified,debt_consolidation,TN,31.53,0.0,685.0,689.0,0.0,40.9,13.0,Individual,5,High Risk,Manual Review
26350651,16000.0, 60 months,24.08,F,F2,6 years,MORTGAGE,61000.0,Source Verified,debt_consolidation,OH,18.14,1.0,680.0,684.0,0.0,85.1,20.0,Individual,5,High Risk,Manual Review
26190377,12800.0, 60 months,24.99,F,F4,4 years,RENT,46000.0,Source Verified,medical,MO,32.12,0.0,660.0,664.0,2.0,43.3,28.0,Individual,5,High Risk,Manual Review
26220474,28000.0, 60 months,20.99,E,E4,10+ years,MORTGAGE,100800.0,Verified,debt_consolidation,NY,30.79,0.0,685.0,689.0,0.0,87.0,23.0,Individual,6,High Risk,Manual Review
26240450,11950.0, 60 months,26.06,G,G5,8 years,RENT,40000.0,Source Verified,debt_consolidation,UT,39.69,0.0,665.0,669.0,1.0,59.7,34.0,Individual,5,High Risk,Manual Review
26390473,3600.0, 36 months,18.99,E,E1,7 years,OWN,38000.0,Not Verified,car,GA,39.99,0.0,670.0,674.0,1.0,38.1,21.0,Individual,5,High Risk,Manual Review
26330355,27875.0, 60 months,18.99,E,E1,10+ years,MORTGAGE,83000.0,Verified,medical,TX,32.04,0.0,750.0,754.0,0.0,44.2,20.0,Individual,5,High Risk,Manual Review
26190297,17500.0, 60 months,24.08,F,F2,10+ years,RENT,69000.0,Not Verified,debt_consolidation,VA,38.59,1.0,680.0,684.0,0.0,80.2,27.0,Individual,7,High Risk,Manual Review
26280315,30000.0, 60 months,25.99,G,G4,7 years,MORTGAGE,254000.0,Verified,debt_consolidation,IL,19.29,2.0,690.0,694.0,3.0,84.4,63.0,Individual,5,High Risk,Manual Review
26230338,10000.0, 36 months,19.52,E,E2,10+ years,RENT,51600.0,Source Verified,credit_card,CA,39.91,0.0,700.0,704.0,2.0,81.1,31.0,Individual,6,High Risk,Manual Review
26200612,24750.0, 60 months,24.08,F,F2,1 year,MORTGAGE,65000.0,Source Verified,debt_consolidation,LA,36.0,0.0,680.0,684.0,0.0,71.5,36.0,Individual,5,High Risk,Manual Review
26180247,24000.0, 60 months,24.5,F,F3,10+ years,MORTGAGE,125000.0,Verified,debt_consolidation,PA,34.58,1.0,660.0,664.0,2.0,80.4,58.0,Individual,7,High Risk,Manual Review
26350533,24000.0, 60 months,18.24,D,D5,10+ years,MORTGAGE,75000.0,Source Verified,debt_consolidation,KS,31.94,2.0,670.0,674.0,0.0,82.8,28.0,Individual,5,High Risk,Manual Review
26269351,35000.0, 36 months,25.83,G,G2,< 1 year,MORTGAGE,254000.0,Source Verified,home_improvement,NJ,8.68,1.0,680.0,684.0,2.0,91.7,20.0,Individual,5,High Risk,Manual Review
26180198,2500.0, 36 months,20.99,E,E4,7 years,RENT,45000.0,Not Verified,debt_consolidation,NJ,38.19,0.0,660.0,664.0,1.0,78.8,37.0,Individual,5,High Risk,Manual Review
26180206,10000.0, 60 months,18.99,E,E1,3 years,MORTGAGE,80000.0,Source Verified,debt_consolidation,TX,38.79,0.0,710.0,714.0,1.0,65.8,29.0,Individual,5,High Risk,Manual Review
26350360,25000.0, 60 months,16.29,D,D2,9 years,OWN,92000.0,Source Verified,debt_consolidation,TX,39.97,1.0,670.0,674.0,0.0,81.8,46.0,Individual,5,High Risk,Manual Review
26289898,8925.0, 36 months,19.52,E,E2,3 years,RENT,25000.0,Source Verified,debt_consolidation,TX,39.61,1.0,660.0,664.0,0.0,91.8,24.0,Individual,7,High Risk,Manual Review
25777486,25000.0, 60 months,18.99,E,E1,7 years,MORTGAGE,90000.0,Source Verified,debt_consolidation,AZ,31.56,0.0,680.0,684.0,0.0,60.4,43.0,Individual,5,High Risk,Manual Review
26210157,19750.0, 60 months,19.52,E,E2,10+ years,RENT,55000.0,Source Verified,debt_consolidation,CA,32.98,1.0,670.0,674.0,2.0,55.5,35.0,Individual,6,High Risk,Manual Review
26200360,6000.0, 36 months,22.15,E,E5,,RENT,24500.0,Verified,medical,NJ,32.24,0.0,665.0,669.0,0.0,10.2,30.0,Individual,5,High Risk,Manual Review
25597131,25000.0, 60 months,24.99,F,F4,10+ years,RENT,107224.0,Source Verified,debt_consolidation,PA,16.52,1.0,675.0,679.0,0.0,96.3,10.0,Individual,5,High Risk,Manual Review
26219679,4750.0, 36 months,25.57,F,F5,3 years,OWN,38348.0,Verified,debt_consolidation,NY,31.52,0.0,670.0,674.0,1.0,50.5,35.0,Individual,5,High Risk,Manual Review
26137267,9000.0, 36 months,18.99,E,E1,7 years,MORTGAGE,49000.0,Source Verified,credit_card,WI,14.25,1.0,660.0,664.0,0.0,98.7,8.0,Individual,5,High Risk,Manual Review
26350097,30000.0, 60 months,20.2,E,E3,10+ years,OWN,115000.0,Verified,debt_consolidation,CA,38.52,0.0,710.0,714.0,1.0,69.9,40.0,Individual,5,High Risk,Manual Review
26340092,10000.0, 60 months,20.2,E,E3,1 year,RENT,26000.0,Source Verified,debt_consolidation,NV,33.54,0.0,675.0,679.0,0.0,40.9,19.0,Individual,5,High Risk,Manual Review
26190015,10225.0, 36 months,25.8,G,G1,5 years,RENT,56800.0,Verified,debt_consolidation,CA,39.0,9.0,670.0,674.0,3.0,51.6,39.0,Individual,6,High Risk,Manual Review
24676622,21600.0, 36 months,24.5,F,F3,,MORTGAGE,60000.0,Verified,debt_consolidation,TX,37.02,0.0,685.0,689.0,2.0,71.3,48.0,Individual,5,High Risk,Manual Review
26359836,21400.0, 60 months,25.57,F,F5,10+ years,MORTGAGE,51000.0,Source Verified,credit_card,WI,32.6,0.0,670.0,674.0,1.0,52.7,85.0,Individual,5,High Risk,Manual Review
25988363,23875.0, 60 months,20.2,E,E3,10+ years,MORTGAGE,57000.0,Verified,debt_consolidation,OH,30.55,2.0,675.0,679.0,1.0,89.2,30.0,Individual,7,High Risk,Manual Review
26389931,20200.0, 60 months,22.15,E,E5,1 year,RENT,45000.0,Source Verified,debt_consolidation,CA,33.31,1.0,665.0,669.0,0.0,42.6,41.0,Individual,6,High Risk,Manual Review
26379799,10800.0, 60 months,23.43,F,F1,,MORTGAGE,30000.0,Verified,debt_consolidation,GA,36.76,6.0,660.0,664.0,2.0,79.8,49.0,Individual,6,High Risk,Manual Review
26179835,12500.0, 36 months,20.99,E,E4,3 years,RENT,46256.64,Verified,debt_consolidation,TX,30.9,0.0,685.0,689.0,1.0,86.8,31.0,Individual,6,High Risk,Manual Review
25747281,20300.0, 60 months,20.2,E,E3,,MORTGAGE,50000.0,Verified,debt_consolidation,WV,30.32,0.0,705.0,709.0,0.0,52.0,37.0,Individual,5,High Risk,Manual Review
25546936,29775.0, 60 months,19.52,E,E2,10+ years,MORTGAGE,132000.0,Verified,debt_consolidation,AL,30.69,1.0,670.0,674.0,0.0,68.7,48.0,Individual,6,High Risk,Manual Review
26248965,35000.0, 60 months,22.15,E,E5,< 1 year,RENT,95000.0,Verified,debt_consolidation,TX,37.92,0.0,670.0,674.0,1.0,66.0,46.0,Individual,5,High Risk,Manual Review
26339827,6400.0, 36 months,22.15,E,E5,10+ years,MORTGAGE,82000.0,Verified,credit_card,TX,27.71,3.0,660.0,664.0,0.0,99.4,27.0,Individual,5,High Risk,Manual Review
26307975,16750.0, 60 months,24.08,F,F2,4 years,OWN,42000.0,Verified,credit_card,PA,39.72,0.0,685.0,689.0,1.0,67.3,49.0,Individual,5,High Risk,Manual Review
26289835,13500.0, 60 months,22.15,E,E5,10+ years,MORTGAGE,30000.0,Verified,debt_consolidation,TN,11.04,3.0,660.0,664.0,1.0,84.5,18.0,Individual,5,High Risk,Manual Review
26249786,26500.0, 60 months,20.99,E,E4,10+ years,MORTGAGE,70000.0,Verified,debt_consolidation,MD,27.4,1.0,675.0,679.0,1.0,95.4,28.0,Individual,5,High Risk,Manual Review
26319405,1600.0, 36 months,22.15,E,E5,10+ years,MORTGAGE,80000.0,Verified,other,CT,22.04,4.0,680.0,684.0,0.0,94.9,14.0,Individual,5,High Risk,Manual Review
26289736,30375.0, 36 months,20.99,E,E4,10+ years,OWN,80000.0,Verified,debt_consolidation,TX,31.41,0.0,660.0,664.0,2.0,59.0,31.0,Individual,5,High Risk,Manual Review
26199784,2400.0, 36 months,24.08,F,F2,8 years,RENT,48000.0,Verified,other,MO,33.16,0.0,660.0,664.0,2.0,94.0,30.0,Individual,6,High Risk,Manual Review
26247686,15000.0, 60 months,18.99,E,E1,10+ years,MORTGAGE,72000.0,Source Verified,debt_consolidation,MA,31.68,0.0,660.0,664.0,0.0,94.9,17.0,Individual,6,High Risk,Manual Review
25957878,9000.0, 36 months,23.43,F,F1,10+ years,RENT,82000.0,Verified,credit_card,NY,30.46,0.0,690.0,694.0,0.0,100.6,15.0,Individual,6,High Risk,Manual Review
26168808,30000.0, 60 months,20.99,E,E4,10+ years,RENT,92000.0,Verified,debt_consolidation,CA,34.57,0.0,675.0,679.0,0.0,86.8,20.0,Individual,6,High Risk,Manual Review
26389703,5000.0, 36 months,22.15,E,E5,,RENT,16000.0,Verified,other,CT,33.61,0.0,700.0,704.0,1.0,35.7,23.0,Individual,5,High Risk,Manual Review
26249636,25000.0, 60 months,18.99,E,E1,10+ years,MORTGAGE,65000.0,Source Verified,debt_consolidation,NC,20.05,1.0,670.0,674.0,0.0,91.9,13.0,Individual,5,High Risk,Manual Review
26359690,12900.0, 60 months,24.5,F,F3,10+ years,RENT,43000.0,Verified,debt_consolidation,MI,30.09,0.0,670.0,674.0,1.0,68.9,36.0,Individual,5,High Risk,Manual Review
26359607,25000.0, 60 months,19.52,E,E2,10+ years,MORTGAGE,56000.0,Source Verified,home_improvement,TN,30.5,1.0,690.0,694.0,0.0,25.8,27.0,Individual,6,High Risk,Manual Review
26389563,24925.0, 36 months,26.06,G,G5,10+ years,MORTGAGE,60000.0,Verified,debt_consolidation,UT,33.72,0.0,670.0,674.0,0.0,82.7,27.0,Individual,6,High Risk,Manual Review
26229622,1500.0, 36 months,24.08,F,F2,7 years,RENT,38000.0,Verified,moving,WI,30.75,0.0,660.0,664.0,0.0,69.2,37.0,Individual,5,High Risk,Manual Review
26299476,30000.0, 60 months,25.83,G,G2,10+ years,MORTGAGE,120000.0,Verified,debt_consolidation,IL,17.55,1.0,680.0,684.0,0.0,90.8,33.0,Individual,5,High Risk,Manual Review
26309568,11000.0, 36 months,18.24,D,D5,10+ years,OWN,98000.0,Source Verified,other,SC,35.45,3.0,665.0,669.0,0.0,99.5,23.0,Individual,5,High Risk,Manual Review
25396803,6200.0, 36 months,18.99,E,E1,10+ years,OWN,65000.0,Source Verified,credit_card,GA,33.31,0.0,680.0,684.0,1.0,54.3,9.0,Individual,5,High Risk,Manual Review
26289552,3000.0, 36 months,20.2,E,E3,< 1 year,RENT,85000.0,Not Verified,moving,IL,25.01,1.0,660.0,664.0,1.0,80.5,74.0,Individual,5,High Risk,Manual Review
26289569,20400.0, 60 months,19.52,E,E2,10+ years,MORTGAGE,71525.0,Verified,debt_consolidation,OH,30.49,0.0,715.0,719.0,1.0,67.3,16.0,Individual,5,High Risk,Manual Review
26259458,1125.0, 36 months,24.08,F,F2,10+ years,MORTGAGE,30000.0,Verified,debt_consolidation,VA,32.48,2.0,675.0,679.0,1.0,48.6,31.0,Individual,6,High Risk,Manual Review
26349373,15850.0, 60 months,23.43,F,F1,3 years,OWN,52000.0,Verified,home_improvement,IL,34.66,0.0,665.0,669.0,1.0,56.7,38.0,Individual,5,High Risk,Manual Review
26389239,10000.0, 36 months,20.2,E,E3,1 year,MORTGAGE,130800.0,Source Verified,other,FL,19.45,1.0,685.0,689.0,3.0,80.7,29.0,Individual,5,High Risk,Manual Review
25957677,23000.0, 60 months,18.99,E,E1,2 years,MORTGAGE,60000.0,Source Verified,debt_consolidation,CA,30.83,0.0,705.0,709.0,0.0,28.2,32.0,Individual,5,High Risk,Manual Review
26239346,3000.0, 36 months,18.99,E,E1,1 year,RENT,40000.0,Not Verified,home_improvement,MO,31.8,0.0,665.0,669.0,0.0,52.6,15.0,Individual,5,High Risk,Manual Review
25217530,30000.0, 60 months,19.52,E,E2,5 years,MORTGAGE,92000.0,Source Verified,debt_consolidation,NC,32.73,0.0,690.0,694.0,1.0,87.8,22.0,Individual,6,High Risk,Manual Review
26349274,19375.0, 60 months,18.99,E,E1,5 years,MORTGAGE,65000.0,Source Verified,debt_consolidation,MI,39.79,0.0,665.0,669.0,0.0,92.3,36.0,Individual,6,High Risk,Manual Review
26209212,5000.0, 36 months,19.52,E,E2,9 years,MORTGAGE,95000.0,Not Verified,other,TX,14.13,1.0,660.0,664.0,1.0,84.5,66.0,Individual,5,High Risk,Manual Review
26348770,4775.0, 36 months,20.99,E,E4,2 years,RENT,25000.0,Not Verified,credit_card,IL,35.0,1.0,685.0,689.0,3.0,31.6,19.0,Individual,6,High Risk,Manual Review
26339161,6000.0, 36 months,20.99,E,E4,1 year,RENT,97000.0,Not Verified,moving,CO,19.58,1.0,665.0,669.0,0.0,99.7,29.0,Individual,5,High Risk,Manual Review
26209131,20000.0, 60 months,25.8,G,G1,10+ years,MORTGAGE,60000.0,Verified,debt_consolidation,MD,33.96,0.0,685.0,689.0,2.0,75.2,47.0,Individual,5,High Risk,Manual Review
26229109,10200.0, 60 months,26.06,G,G5,2 years,RENT,34000.0,Verified,debt_consolidation,AZ,34.63,0.0,665.0,669.0,0.0,85.7,46.0,Individual,6,High Risk,Manual Review
26349201,13475.0, 60 months,18.99,E,E1,9 years,OWN,30000.0,Source Verified,debt_consolidation,WV,34.8,0.0,690.0,694.0,0.0,55.6,25.0,Individual,5,High Risk,Manual Review
26199157,18750.0, 60 months,20.2,E,E3,9 years,MORTGAGE,41820.0,Not Verified,debt_consolidation,FL,23.62,1.0,675.0,679.0,0.0,95.5,23.0,Individual,5,High Risk,Manual Review
26339021,4250.0, 36 months,20.99,E,E4,8 years,MORTGAGE,50000.0,Not Verified,debt_consolidation,GA,6.63,1.0,665.0,669.0,0.0,81.9,6.0,Individual,5,High Risk,Manual Review
26249020,16000.0, 60 months,24.08,F,F2,10+ years,RENT,105000.0,Source Verified,other,GA,33.02,3.0,690.0,694.0,1.0,94.5,39.0,Individual,7,High Risk,Manual Review
25918080,16750.0, 36 months,22.15,E,E5,2 years,RENT,50000.0,Verified,credit_card,CA,35.46,0.0,665.0,669.0,0.0,94.6,41.0,Individual,6,High Risk,Manual Review
26198784,9550.0, 36 months,20.2,E,E3,,MORTGAGE,34685.52,Verified,debt_consolidation,NC,37.27,0.0,695.0,699.0,2.0,55.7,22.0,Individual,5,High Risk,Manual Review
26278903,3100.0, 36 months,25.57,F,F5,10+ years,RENT,120000.0,Verified,other,CA,20.92,1.0,670.0,674.0,1.0,86.7,19.0,Individual,5,High Risk,Manual Review
26378464,20950.0, 60 months,18.99,E,E1,1 year,MORTGAGE,50000.0,Source Verified,credit_card,CA,33.5,0.0,700.0,704.0,0.0,83.8,15.0,Individual,6,High Risk,Manual Review
26178741,4000.0, 36 months,24.08,F,F2,10+ years,RENT,47502.0,Not Verified,moving,NY,32.54,1.0,695.0,699.0,0.0,65.3,17.0,Individual,6,High Risk,Manual Review
26388722,25450.0, 36 months,19.52,E,E2,1 year,RENT,120000.0,Source Verified,credit_card,TX,8.5,2.0,670.0,674.0,2.0,83.0,16.0,Individual,5,High Risk,Manual Review
26208812,2500.0, 36 months,19.52,E,E2,4 years,RENT,46200.0,Source Verified,debt_consolidation,VA,33.01,4.0,675.0,679.0,0.0,60.4,33.0,Individual,6,High Risk,Manual Review
26358838,1000.0, 36 months,19.52,E,E2,7 years,MORTGAGE,65520.0,Not Verified,other,TX,33.41,0.0,660.0,664.0,0.0,86.7,46.0,Individual,6,High Risk,Manual Review
25897420,3775.0, 36 months,22.15,E,E5,< 1 year,RENT,28000.0,Source Verified,debt_consolidation,IL,33.73,0.0,695.0,699.0,1.0,45.9,17.0,Individual,5,High Risk,Manual Review
26198774,6000.0, 36 months,23.43,F,F1,< 1 year,RENT,28800.0,Not Verified,debt_consolidation,NC,30.58,0.0,660.0,664.0,1.0,75.6,35.0,Individual,5,High Risk,Manual Review
26128241,21000.0, 60 months,18.99,E,E1,10+ years,RENT,74000.0,Source Verified,debt_consolidation,CA,35.89,0.0,720.0,724.0,1.0,88.5,17.0,Individual,6,High Risk,Manual Review
26098018,15475.0, 36 months,25.89,G,G3,10+ years,MORTGAGE,55000.0,Not Verified,debt_consolidation,CO,27.6,6.0,665.0,669.0,1.0,98.0,28.0,Individual,5,High Risk,Manual Review
25918266,3150.0, 36 months,24.5,F,F3,,MORTGAGE,36000.0,Verified,home_improvement,TX,33.17,0.0,660.0,664.0,0.0,86.9,16.0,Individual,6,High Risk,Manual Review
26298683,2400.0, 36 months,20.2,E,E3,1 year,RENT,32000.0,Not Verified,debt_consolidation,OR,31.92,0.0,660.0,664.0,0.0,39.4,6.0,Individual,5,High Risk,Manual Review
26218790,8275.0, 36 months,24.99,F,F4,3 years,RENT,32000.0,Source Verified,major_purchase,FL,33.23,0.0,660.0,664.0,0.0,66.9,16.0,Individual,5,High Risk,Manual Review
26228751,9600.0, 36 months,25.8,G,G1,9 years,RENT,32000.0,Source Verified,debt_consolidation,OH,35.6,0.0,680.0,684.0,0.0,29.5,16.0,Individual,5,High Risk,Manual Review
24625538,5025.0, 36 months,24.5,F,F3,9 years,RENT,28000.0,Verified,debt_consolidation,NY,33.22,1.0,675.0,679.0,1.0,50.7,18.0,Individual,6,High Risk,Manual Review
26398605,29850.0, 36 months,23.43,F,F1,7 years,RENT,83000.0,Verified,debt_consolidation,CA,37.3,0.0,680.0,684.0,1.0,89.9,45.0,Individual,6,High Risk,Manual Review
26298568,9250.0, 36 months,24.5,F,F3,,OWN,38000.0,Verified,debt_consolidation,MI,17.59,4.0,670.0,674.0,0.0,96.7,25.0,Individual,5,High Risk,Manual Review
26198659,18450.0, 60 months,18.99,E,E1,1 year,OWN,44000.0,Source Verified,credit_card,WV,35.68,0.0,700.0,704.0,1.0,97.4,15.0,Individual,6,High Risk,Manual Review
22473823,20000.0, 60 months,24.08,F,F2,10+ years,OWN,94000.0,Verified,debt_consolidation,MD,16.1,1.0,660.0,664.0,3.0,94.2,28.0,Individual,5,High Risk,Manual Review
26388553,24000.0, 36 months,18.99,E,E1,10+ years,MORTGAGE,80000.0,Source Verified,debt_consolidation,CA,34.15,0.0,690.0,694.0,1.0,72.2,36.0,Individual,5,High Risk,Manual Review
26248514,10000.0, 60 months,18.99,E,E1,1 year,OWN,28000.0,Source Verified,debt_consolidation,AZ,37.85,0.0,670.0,674.0,0.0,66.2,21.0,Individual,5,High Risk,Manual Review
26208539,26575.0, 36 months,24.99,F,F4,< 1 year,MORTGAGE,70000.0,Verified,debt_consolidation,PA,30.64,1.0,675.0,679.0,2.0,48.2,71.0,Individual,6,High Risk,Manual Review
26268620,32000.0, 60 months,20.2,E,E3,10+ years,RENT,80927.0,Verified,debt_consolidation,WA,21.98,1.0,675.0,679.0,1.0,86.0,25.0,Individual,5,High Risk,Manual Review
26218577,4000.0, 36 months,24.08,F,F2,9 years,RENT,50000.0,Verified,major_purchase,CA,34.66,0.0,665.0,669.0,1.0,56.2,28.0,Individual,5,High Risk,Manual Review
26398447,12450.0, 36 months,25.8,G,G1,10+ years,MORTGAGE,65000.0,Verified,debt_consolidation,NY,34.77,1.0,675.0,679.0,1.0,95.1,31.0,Individual,7,High Risk,Manual Review
26188486,3000.0, 36 months,18.99,E,E1,1 year,RENT,28724.0,Verified,other,FL,31.99,0.0,690.0,694.0,0.0,48.8,31.0,Individual,5,High Risk,Manual Review
26248440,26925.0, 60 months,20.99,E,E4,10+ years,RENT,60000.0,Verified,debt_consolidation,GA,30.84,1.0,695.0,699.0,1.0,44.0,59.0,Individual,6,High Risk,Manual Review
26408277,4200.0, 36 months,20.2,E,E3,10+ years,MORTGAGE,81000.0,Not Verified,home_improvement,MD,9.97,1.0,665.0,669.0,0.0,83.2,15.0,Individual,5,High Risk,Manual Review
25226404,14400.0, 60 months,17.57,D,D4,10+ years,RENT,85000.0,Source Verified,debt_consolidation,NY,35.37,1.0,680.0,684.0,0.0,92.0,27.0,Individual,5,High Risk,Manual Review
26258435,10400.0, 36 months,20.99,E,E4,10+ years,MORTGAGE,60000.0,Verified,medical,TX,35.0,2.0,685.0,689.0,0.0,99.5,44.0,Individual,7,High Risk,Manual Review
26308459,2400.0, 36 months,18.99,E,E1,3 years,MORTGAGE,107800.0,Not Verified,moving,TX,20.66,2.0,660.0,664.0,0.0,88.8,16.0,Individual,5,High Risk,Manual Review
26298375,21000.0, 60 months,18.99,E,E1,10+ years,RENT,96000.0,Source Verified,debt_consolidation,TX,26.23,1.0,680.0,684.0,1.0,82.5,39.0,Individual,5,High Risk,Manual Review
26258332,6000.0, 36 months,18.99,E,E1,,MORTGAGE,54000.0,Verified,other,NC,32.89,0.0,685.0,689.0,0.0,61.9,23.0,Individual,5,High Risk,Manual Review
25346060,6000.0, 36 months,22.15,E,E5,10+ years,RENT,18500.0,Source Verified,medical,SC,33.51,0.0,695.0,699.0,0.0,66.1,16.0,Individual,5,High Risk,Manual Review
26368286,6000.0, 36 months,20.2,E,E3,1 year,RENT,61500.0,Source Verified,medical,GA,34.91,5.0,660.0,664.0,1.0,63.5,52.0,Individual,6,High Risk,Manual Review
26308362,5000.0, 36 months,22.15,E,E5,3 years,RENT,37000.0,Verified,debt_consolidation,VA,32.08,0.0,660.0,664.0,0.0,66.5,53.0,Individual,5,High Risk,Manual Review
26358374,18175.0, 60 months,20.2,E,E3,10+ years,MORTGAGE,40500.0,Source Verified,debt_consolidation,NM,30.57,1.0,685.0,689.0,0.0,54.1,40.0,Individual,6,High Risk,Manual Review
26268273,16200.0, 60 months,25.57,F,F5,10+ years,OWN,36000.0,Not Verified,credit_card,FL,38.73,2.0,670.0,674.0,1.0,78.7,45.0,Individual,6,High Risk,Manual Review
26188279,10500.0, 36 months,22.15,E,E5,10+ years,MORTGAGE,48000.0,Not Verified,credit_card,VT,39.32,0.0,700.0,704.0,2.0,93.0,16.0,Individual,6,High Risk,Manual Review
26168100,6000.0, 36 months,22.15,E,E5,10+ years,RENT,41600.0,Source Verified,other,UT,36.38,0.0,665.0,669.0,1.0,81.1,24.0,Individual,6,High Risk,Manual Review
26408172,1600.0, 36 months,20.2,E,E3,7 years,RENT,34000.0,Not Verified,other,CA,31.31,0.0,675.0,679.0,0.0,81.6,9.0,Individual,6,High Risk,Manual Review
26298124,6350.0, 36 months,20.2,E,E3,8 years,MORTGAGE,59885.0,Not Verified,debt_consolidation,NY,30.03,1.0,685.0,689.0,1.0,68.4,61.0,Individual,6,High Risk,Manual Review
26157959,24000.0, 60 months,24.99,F,F4,10+ years,RENT,68000.0,Source Verified,debt_consolidation,IL,32.92,0.0,665.0,669.0,1.0,73.4,26.0,Individual,5,High Risk,Manual Review
26117467,7075.0, 36 months,18.24,D,D5,10+ years,MORTGAGE,30000.0,Not Verified,other,LA,35.64,3.0,675.0,679.0,0.0,82.7,14.0,Individual,5,High Risk,Manual Review
26408066,14700.0, 36 months,20.99,E,E4,5 years,MORTGAGE,132000.0,Verified,credit_card,TX,10.29,1.0,660.0,664.0,1.0,101.4,18.0,Individual,5,High Risk,Manual Review
26198081,15000.0, 60 months,23.43,F,F1,10+ years,MORTGAGE,90000.0,Verified,debt_consolidation,CA,32.11,0.0,675.0,679.0,0.0,87.7,36.0,Individual,6,High Risk,Manual Review
26217972,32500.0, 60 months,20.2,E,E3,10+ years,RENT,74000.0,Verified,debt_consolidation,VA,34.61,0.0,665.0,669.0,0.0,96.4,24.0,Individual,6,High Risk,Manual Review
26267988,10200.0, 60 months,26.06,G,G5,10+ years,MORTGAGE,63000.0,Verified,debt_consolidation,VA,34.77,0.0,685.0,689.0,1.0,88.0,29.0,Individual,6,High Risk,Manual Review
26367892,4675.0, 36 months,20.2,E,E3,3 years,MORTGAGE,62385.0,Verified,debt_consolidation,TX,39.57,0.0,700.0,704.0,0.0,86.5,22.0,Individual,6,High Risk,Manual Review
24444953,34550.0, 60 months,20.2,E,E3,2 years,MORTGAGE,78600.0,Source Verified,debt_consolidation,FL,32.08,0.0,695.0,699.0,4.0,60.3,35.0,Individual,5,High Risk,Manual Review
23763382,8000.0, 36 months,18.99,E,E1,,OWN,25000.0,Verified,debt_consolidation,MD,30.34,0.0,660.0,664.0,0.0,10.2,43.0,Individual,5,High Risk,Manual Review
24846880,3825.0, 36 months,25.83,G,G2,9 years,RENT,53229.0,Not Verified,debt_consolidation,CA,31.59,0.0,695.0,699.0,0.0,77.0,14.0,Individual,5,High Risk,Manual Review
26177820,10000.0, 36 months,19.52,E,E2,8 years,RENT,42900.0,Verified,debt_consolidation,MS,32.9,0.0,685.0,689.0,1.0,42.3,17.0,Individual,5,High Risk,Manual Review
25487166,5000.0, 36 months,20.99,E,E4,,RENT,63800.0,Source Verified,other,IL,28.66,1.0,670.0,674.0,0.0,83.5,18.0,Individual,5,High Risk,Manual Review
26167799,30625.0, 60 months,20.99,E,E4,10+ years,RENT,80628.0,Verified,debt_consolidation,SC,33.23,0.0,680.0,684.0,0.0,98.6,33.0,Individual,6,High Risk,Manual Review
26167710,5000.0, 36 months,23.43,F,F1,3 years,MORTGAGE,56000.0,Verified,debt_consolidation,TX,31.57,0.0,670.0,674.0,1.0,94.8,45.0,Individual,6,High Risk,Manual Review
26197782,8000.0, 36 months,20.2,E,E3,2 years,RENT,25000.0,Verified,debt_consolidation,CA,36.15,0.0,695.0,699.0,0.0,57.6,13.0,Individual,5,High Risk,Manual Review
25937455,10725.0, 36 months,24.5,F,F3,1 year,OWN,48000.0,Not Verified,moving,AL,38.4,0.0,705.0,709.0,3.0,81.6,21.0,Individual,6,High Risk,Manual Review
25988245,12850.0, 36 months,22.15,E,E5,,OWN,43200.0,Verified,debt_consolidation,VA,38.26,0.0,675.0,679.0,0.0,73.8,31.0,Individual,5,High Risk,Manual Review
26177682,17425.0, 60 months,23.43,F,F1,1 year,MORTGAGE,48600.0,Verified,debt_consolidation,LA,31.53,0.0,695.0,699.0,2.0,54.7,39.0,Individual,5,High Risk,Manual Review
26037602,15700.0, 60 months,20.2,E,E3,2 years,OWN,35000.0,Not Verified,debt_consolidation,KY,39.95,0.0,695.0,699.0,0.0,68.1,36.0,Individual,5,High Risk,Manual Review
26367672,3600.0, 36 months,20.2,E,E3,6 years,RENT,105000.0,Not Verified,other,KY,14.07,2.0,675.0,679.0,1.0,83.1,18.0,Individual,5,High Risk,Manual Review
26088308,30000.0, 60 months,20.2,E,E3,9 years,MORTGAGE,88000.0,Verified,debt_consolidation,OH,31.41,0.0,695.0,699.0,0.0,69.2,29.0,Individual,5,High Risk,Manual Review
26138045,35000.0, 60 months,20.99,E,E4,10+ years,MORTGAGE,100000.0,Verified,debt_consolidation,MS,32.74,0.0,685.0,689.0,2.0,60.5,33.0,Individual,5,High Risk,Manual Review
25456907,18825.0, 36 months,20.99,E,E4,7 years,MORTGAGE,45000.0,Verified,credit_card,TX,34.83,3.0,660.0,664.0,0.0,72.1,24.0,Individual,6,High Risk,Manual Review
26018392,27000.0, 60 months,25.99,G,G4,< 1 year,RENT,69805.0,Verified,debt_consolidation,CA,30.45,2.0,675.0,679.0,1.0,32.7,23.0,Individual,6,High Risk,Manual Review
26018282,20175.0, 36 months,25.89,G,G3,2 years,RENT,45000.0,Source Verified,debt_consolidation,FL,34.96,0.0,675.0,679.0,2.0,69.6,10.0,Individual,5,High Risk,Manual Review
25948259,15125.0, 60 months,18.99,E,E1,8 years,RENT,58000.0,Source Verified,debt_consolidation,NY,35.46,0.0,675.0,679.0,1.0,58.8,21.0,Individual,5,High Risk,Manual Review
25206059,10850.0, 36 months,24.5,F,F3,9 years,MORTGAGE,48500.0,Not Verified,other,IL,27.12,1.0,675.0,679.0,0.0,95.7,30.0,Individual,5,High Risk,Manual Review
23773181,10900.0, 60 months,20.2,E,E3,5 years,OWN,52000.0,Source Verified,debt_consolidation,MD,30.64,0.0,700.0,704.0,0.0,71.7,11.0,Individual,5,High Risk,Manual Review
25157987,15250.0, 60 months,20.99,E,E4,,MORTGAGE,51000.0,Verified,debt_consolidation,IL,30.12,0.0,665.0,669.0,0.0,62.2,35.0,Individual,5,High Risk,Manual Review
25918198,18625.0, 60 months,18.99,E,E1,10+ years,MORTGAGE,54964.0,Source Verified,debt_consolidation,AR,30.17,0.0,715.0,719.0,0.0,79.1,20.0,Individual,5,High Risk,Manual Review
24074736,23350.0, 60 months,19.52,E,E2,6 years,MORTGAGE,70000.0,Source Verified,debt_consolidation,PA,36.74,0.0,695.0,699.0,0.0,69.6,34.0,Individual,5,High Risk,Manual Review
26097620,27300.0, 60 months,25.8,G,G1,9 years,MORTGAGE,72000.0,Verified,debt_consolidation,GA,34.02,1.0,665.0,669.0,0.0,96.4,24.0,Individual,7,High Risk,Manual Review
26158188,2625.0, 36 months,24.5,F,F3,10+ years,OWN,53500.0,Verified,small_business,WI,14.6,2.0,665.0,669.0,3.0,85.3,23.0,Individual,5,High Risk,Manual Review
26018173,2000.0, 36 months,25.8,G,G1,8 years,MORTGAGE,74094.0,Verified,home_improvement,PA,35.33,0.0,690.0,694.0,1.0,88.3,36.0,Individual,6,High Risk,Manual Review
25427252,12000.0, 60 months,20.99,E,E4,10+ years,MORTGAGE,72000.0,Not Verified,debt_consolidation,MA,37.47,2.0,660.0,664.0,0.0,92.4,20.0,Individual,7,High Risk,Manual Review
25937948,10200.0, 36 months,20.2,E,E3,10+ years,OWN,30000.0,Source Verified,debt_consolidation,MS,39.76,1.0,715.0,719.0,2.0,25.5,42.0,Individual,6,High Risk,Manual Review
26037996,7000.0, 36 months,18.99,E,E1,1 year,MORTGAGE,47000.0,Not Verified,debt_consolidation,IN,33.27,0.0,665.0,669.0,0.0,39.3,56.0,Individual,5,High Risk,Manual Review
26087881,16200.0, 60 months,24.5,F,F3,3 years,RENT,45000.0,Source Verified,debt_consolidation,CA,38.69,3.0,660.0,664.0,1.0,81.6,33.0,Individual,7,High Risk,Manual Review
26047928,35000.0, 60 months,25.83,G,G2,10+ years,MORTGAGE,100912.0,Verified,debt_consolidation,GA,34.3,0.0,685.0,689.0,2.0,64.1,38.0,Individual,5,High Risk,Manual Review
25606874,10000.0, 60 months,24.5,F,F3,< 1 year,OWN,35000.0,Source Verified,debt_consolidation,LA,30.14,3.0,660.0,664.0,0.0,90.1,26.0,Individual,7,High Risk,Manual Review
24785167,15950.0, 60 months,23.43,F,F1,2 years,MORTGAGE,52000.0,Not Verified,debt_consolidation,WI,35.86,2.0,660.0,664.0,0.0,59.9,47.0,Individual,6,High Risk,Manual Review
24375053,10000.0, 60 months,25.8,G,G1,2 years,RENT,36000.0,Source Verified,debt_consolidation,MA,21.33,1.0,660.0,664.0,0.0,89.9,30.0,Individual,5,High Risk,Manual Review
25947843,15000.0, 60 months,19.52,E,E2,10+ years,MORTGAGE,70766.0,Source Verified,debt_consolidation,TX,37.14,0.0,680.0,684.0,0.0,48.0,42.0,Individual,5,High Risk,Manual Review
26097917,14675.0, 60 months,25.57,F,F5,7 years,OWN,49000.0,Verified,debt_consolidation,NC,33.5,0.0,660.0,664.0,0.0,96.6,21.0,Individual,6,High Risk,Manual Review
26107816,10000.0, 60 months,25.8,G,G1,10+ years,OWN,130000.0,Verified,debt_consolidation,PA,21.08,1.0,675.0,679.0,3.0,83.7,35.0,Individual,5,High Risk,Manual Review
26097837,2000.0, 36 months,20.99,E,E4,5 years,RENT,50000.0,Verified,debt_consolidation,NJ,19.35,2.0,660.0,664.0,0.0,100.5,16.0,Individual,5,High Risk,Manual Review
25587083,11875.0, 36 months,19.52,E,E2,4 years,RENT,35000.0,Source Verified,debt_consolidation,NY,36.19,0.0,675.0,679.0,0.0,87.1,17.0,Individual,6,High Risk,Manual Review
26047855,12825.0, 36 months,23.43,F,F1,,MORTGAGE,40000.0,Verified,debt_consolidation,AL,38.13,5.0,675.0,679.0,0.0,34.5,24.0,Individual,6,High Risk,Manual Review
25987933,2500.0, 36 months,22.15,E,E5,3 years,MORTGAGE,35500.0,Not Verified,medical,IL,32.18,4.0,660.0,664.0,1.0,50.0,42.0,Individual,6,High Risk,Manual Review
25977866,15625.0, 36 months,20.2,E,E3,9 years,MORTGAGE,55000.0,Verified,debt_consolidation,TN,38.1,0.0,670.0,674.0,3.0,57.8,44.0,Individual,5,High Risk,Manual Review
24765994,22000.0, 60 months,20.99,E,E4,10+ years,MORTGAGE,76666.0,Source Verified,debt_consolidation,AZ,17.81,1.0,660.0,664.0,2.0,82.9,55.0,Individual,5,High Risk,Manual Review
26087774,19150.0, 60 months,18.99,E,E1,6 years,RENT,48000.0,Source Verified,debt_consolidation,VA,30.08,0.0,660.0,664.0,1.0,75.5,29.0,Individual,5,High Risk,Manual Review
26117691,9250.0, 36 months,24.08,F,F2,,MORTGAGE,31000.0,Verified,debt_consolidation,MN,30.35,3.0,675.0,679.0,3.0,70.7,35.0,Individual,6,High Risk,Manual Review
26137752,10725.0, 60 months,25.57,F,F5,,RENT,24000.0,Verified,credit_card,CA,38.2,0.0,690.0,694.0,0.0,67.1,17.0,Individual,5,High Risk,Manual Review
26087292,20200.0, 60 months,24.08,F,F2,2 years,MORTGAGE,45000.0,Source Verified,debt_consolidation,CA,35.73,0.0,685.0,689.0,1.0,64.0,26.0,Individual,5,High Risk,Manual Review
26067494,6575.0, 36 months,23.43,F,F1,2 years,RENT,62500.0,Verified,credit_card,FL,31.84,0.0,660.0,664.0,0.0,62.3,29.0,Individual,5,High Risk,Manual Review
25797396,22250.0, 36 months,24.5,F,F3,10+ years,RENT,62000.0,Source Verified,debt_consolidation,FL,34.44,0.0,680.0,684.0,2.0,67.4,31.0,Individual,5,High Risk,Manual Review
25266705,11400.0, 60 months,18.99,E,E1,10+ years,RENT,30000.0,Source Verified,credit_card,IL,39.28,0.0,680.0,684.0,0.0,68.1,26.0,Individual,5,High Risk,Manual Review
25917395,4200.0, 36 months,23.43,F,F1,1 year,RENT,40000.0,Not Verified,debt_consolidation,TN,21.29,2.0,665.0,669.0,0.0,92.4,8.0,Individual,5,High Risk,Manual Review
26137438,20050.0, 60 months,25.8,G,G1,10+ years,MORTGAGE,75000.0,Source Verified,debt_consolidation,KY,29.91,1.0,665.0,669.0,0.0,84.1,27.0,Individual,5,High Risk,Manual Review
25987341,12825.0, 60 months,25.57,F,F5,< 1 year,RENT,33000.0,Verified,credit_card,CA,33.2,0.0,675.0,679.0,0.0,43.5,21.0,Individual,5,High Risk,Manual Review
25997346,19150.0, 60 months,20.2,E,E3,10+ years,RENT,48000.0,Source Verified,debt_consolidation,HI,38.28,0.0,710.0,714.0,0.0,88.4,31.0,Individual,6,High Risk,Manual Review
26087402,4575.0, 36 months,19.52,E,E2,10+ years,MORTGAGE,49600.0,Not Verified,home_improvement,TX,30.9,2.0,660.0,664.0,1.0,49.5,19.0,Individual,6,High Risk,Manual Review
26057379,14400.0, 60 months,24.08,F,F2,10+ years,RENT,113000.0,Source Verified,debt_consolidation,MI,15.17,1.0,660.0,664.0,1.0,88.3,26.0,Individual,5,High Risk,Manual Review
26147345,4000.0, 36 months,18.99,E,E1,9 years,RENT,100000.0,Not Verified,major_purchase,NY,37.22,0.0,670.0,674.0,1.0,95.3,16.0,Individual,6,High Risk,Manual Review
25787286,22800.0, 60 months,25.57,F,F5,5 years,RENT,60000.0,Verified,debt_consolidation,FL,34.75,0.0,695.0,699.0,0.0,83.5,38.0,Individual,6,High Risk,Manual Review
26107213,21000.0, 60 months,15.61,D,D1,9 years,RENT,55000.0,Source Verified,debt_consolidation,CA,32.51,1.0,675.0,679.0,0.0,89.5,12.0,Individual,5,High Risk,Manual Review
26157235,23400.0, 60 months,18.99,E,E1,10+ years,MORTGAGE,65000.0,Source Verified,debt_consolidation,FL,31.76,0.0,710.0,714.0,0.0,96.7,30.0,Individual,6,High Risk,Manual Review
26157275,35000.0, 60 months,20.2,E,E3,10+ years,MORTGAGE,149956.0,Verified,debt_consolidation,GA,21.04,1.0,700.0,704.0,0.0,81.8,35.0,Individual,5,High Risk,Manual Review
26007216,21025.0, 60 months,18.99,E,E1,10+ years,MORTGAGE,54000.0,Source Verified,credit_card,MI,32.21,0.0,710.0,714.0,0.0,72.4,34.0,Individual,5,High Risk,Manual Review
25376683,16375.0, 60 months,19.52,E,E2,10+ years,MORTGAGE,49926.0,Not Verified,debt_consolidation,VT,19.95,1.0,670.0,674.0,1.0,93.0,21.0,Individual,5,High Risk,Manual Review
25897388,19875.0, 60 months,25.83,G,G2,,MORTGAGE,62388.0,Verified,debt_consolidation,MI,39.2,0.0,680.0,684.0,1.0,70.3,23.0,Individual,5,High Risk,Manual Review
26067167,15000.0, 60 months,20.99,E,E4,6 years,OWN,40000.0,Source Verified,debt_consolidation,IL,31.02,0.0,670.0,674.0,0.0,53.2,22.0,Individual,5,High Risk,Manual Review
25837350,22800.0, 60 months,20.2,E,E3,10+ years,RENT,60000.0,Source Verified,debt_consolidation,HI,39.34,0.0,720.0,724.0,0.0,73.0,16.0,Individual,5,High Risk,Manual Review
25677358,8900.0, 36 months,18.99,E,E1,,MORTGAGE,36852.0,Verified,debt_consolidation,MD,29.01,1.0,675.0,679.0,2.0,93.9,22.0,Individual,5,High Risk,Manual Review
25477116,25225.0, 36 months,18.99,E,E1,7 years,RENT,73000.0,Verified,debt_consolidation,CA,32.42,0.0,680.0,684.0,1.0,72.8,27.0,Individual,5,High Risk,Manual Review
25867175,18000.0, 60 months,22.15,E,E5,< 1 year,RENT,83200.0,Not Verified,credit_card,FL,30.54,0.0,690.0,694.0,2.0,21.5,30.0,Individual,5,High Risk,Manual Review
25837251,9000.0, 36 months,18.99,E,E1,2 years,OWN,40000.0,Not Verified,debt_consolidation,NY,35.01,2.0,660.0,664.0,1.0,56.4,39.0,Individual,6,High Risk,Manual Review
25897295,10000.0, 36 months,22.15,E,E5,4 years,RENT,62134.0,Verified,debt_consolidation,CA,30.6,1.0,660.0,664.0,3.0,76.1,14.0,Individual,6,High Risk,Manual Review
24625249,20000.0, 60 months,24.08,F,F2,2 years,MORTGAGE,50000.0,Source Verified,debt_consolidation,NV,32.67,0.0,675.0,679.0,0.0,83.7,23.0,Individual,6,High Risk,Manual Review
25687305,18000.0, 60 months,18.99,E,E1,6 years,MORTGAGE,47500.0,Verified,debt_consolidation,NC,30.7,0.0,680.0,684.0,1.0,68.5,34.0,Individual,5,High Risk,Manual Review
25576966,6425.0, 36 months,19.52,E,E2,,OWN,16199.4,Verified,debt_consolidation,MD,30.1,0.0,680.0,684.0,0.0,83.8,9.0,Individual,6,High Risk,Manual Review
25737178,20200.0, 60 months,18.99,E,E1,10+ years,MORTGAGE,45000.0,Source Verified,debt_consolidation,FL,37.68,0.0,675.0,679.0,0.0,76.0,32.0,Individual,5,High Risk,Manual Review
25897218,10000.0, 36 months,18.99,E,E1,4 years,RENT,55000.0,Source Verified,medical,IL,33.04,0.0,665.0,669.0,1.0,46.9,25.0,Individual,5,High Risk,Manual Review
25226099,14500.0, 60 months,24.5,F,F3,10+ years,RENT,48000.0,Source Verified,debt_consolidation,OH,36.65,0.0,700.0,704.0,0.0,75.6,13.0,Individual,5,High Risk,Manual Review
25227526,30000.0, 60 months,19.52,E,E2,,MORTGAGE,70000.0,Verified,debt_consolidation,TN,31.43,0.0,685.0,689.0,0.0,98.5,28.0,Individual,6,High Risk,Manual Review
25417085,29975.0, 36 months,18.99,E,E1,1 year,RENT,60000.0,Verified,debt_consolidation,TX,32.28,0.0,710.0,714.0,1.0,64.6,24.0,Individual,5,High Risk,Manual Review
23824037,12600.0, 36 months,18.99,E,E1,10+ years,RENT,46000.0,Source Verified,debt_consolidation,NY,37.05,0.0,670.0,674.0,0.0,77.1,42.0,Individual,5,High Risk,Manual Review
25337728,30000.0, 60 months,22.15,E,E5,10+ years,RENT,135000.0,Verified,home_improvement,VA,31.59,1.0,665.0,669.0,2.0,76.9,53.0,Individual,6,High Risk,Manual Review
25847171,26375.0, 60 months,22.15,E,E5,2 years,RENT,60000.0,Source Verified,credit_card,MA,35.66,0.0,705.0,709.0,1.0,99.0,37.0,Individual,6,High Risk,Manual Review
25887103,15000.0, 60 months,18.99,E,E1,7 years,RENT,36000.0,Not Verified,credit_card,NY,32.49,1.0,660.0,664.0,1.0,93.6,30.0,Individual,7,High Risk,Manual Review
25477023,3500.0, 36 months,22.15,E,E5,2 years,MORTGAGE,69000.0,Not Verified,debt_consolidation,PA,12.3,1.0,660.0,664.0,1.0,89.2,14.0,Individual,5,High Risk,Manual Review
25847126,18000.0, 60 months,20.2,E,E3,10+ years,MORTGAGE,110000.0,Verified,debt_consolidation,NJ,33.16,2.0,680.0,684.0,0.0,76.3,43.0,Individual,6,High Risk,Manual Review
25667064,12000.0, 60 months,25.57,F,F5,10+ years,MORTGAGE,58000.0,Verified,debt_consolidation,OH,30.29,0.0,660.0,664.0,0.0,91.3,52.0,Individual,6,High Risk,Manual Review
25487067,4875.0, 36 months,24.99,F,F4,2 years,OWN,55000.0,Verified,house,CA,14.53,1.0,685.0,689.0,0.0,82.9,8.0,Individual,5,High Risk,Manual Review
25557245,11675.0, 60 months,22.15,E,E5,7 years,RENT,27000.0,Source Verified,debt_consolidation,MS,39.78,1.0,665.0,669.0,0.0,65.8,16.0,Individual,6,High Risk,Manual Review
25857020,5000.0, 36 months,18.99,E,E1,10+ years,MORTGAGE,35735.0,Source Verified,home_improvement,VA,33.76,0.0,665.0,669.0,0.0,65.4,13.0,Individual,5,High Risk,Manual Review
25777046,5000.0, 36 months,22.15,E,E5,3 years,RENT,34000.0,Verified,other,CA,32.37,0.0,665.0,669.0,1.0,30.3,20.0,Individual,5,High Risk,Manual Review
25727045,10000.0, 60 months,18.99,E,E1,2 years,RENT,35000.0,Source Verified,debt_consolidation,TX,20.59,1.0,665.0,669.0,0.0,85.9,8.0,Individual,5,High Risk,Manual Review
25437182,14250.0, 60 months,24.08,F,F2,10+ years,MORTGAGE,60000.0,Not Verified,home_improvement,MN,31.13,1.0,670.0,674.0,0.0,71.8,42.0,Individual,6,High Risk,Manual Review
25237665,5000.0, 36 months,23.43,F,F1,,OWN,19000.0,Verified,debt_consolidation,FL,33.0,0.0,675.0,679.0,1.0,37.8,28.0,Individual,5,High Risk,Manual Review
25227718,16000.0, 60 months,18.99,E,E1,,MORTGAGE,52840.0,Verified,debt_consolidation,CA,33.36,0.0,675.0,679.0,0.0,82.3,15.0,Individual,6,High Risk,Manual Review
25617237,18625.0, 60 months,18.99,E,E1,10+ years,RENT,47615.0,Source Verified,debt_consolidation,NY,30.07,0.0,695.0,699.0,0.0,67.0,17.0,Individual,5,High Risk,Manual Review
25227319,19775.0, 60 months,22.15,E,E5,10+ years,MORTGAGE,82000.0,Source Verified,debt_consolidation,TN,23.69,2.0,680.0,684.0,2.0,89.6,23.0,Individual,5,High Risk,Manual Review
24795259,8400.0, 36 months,20.2,E,E3,10+ years,RENT,34680.0,Verified,debt_consolidation,AL,30.87,0.0,660.0,664.0,1.0,28.4,28.0,Individual,5,High Risk,Manual Review
25217272,2000.0, 36 months,24.08,F,F2,1 year,RENT,45000.0,Verified,moving,AZ,30.03,0.0,705.0,709.0,1.0,30.8,12.0,Individual,5,High Risk,Manual Review
25187169,33425.0, 60 months,24.5,F,F3,10+ years,MORTGAGE,76000.0,Verified,debt_consolidation,WA,23.23,2.0,670.0,674.0,0.0,90.2,27.0,Individual,5,High Risk,Manual Review
24645029,12000.0, 60 months,20.99,E,E4,10+ years,MORTGAGE,55000.0,Verified,debt_consolidation,KS,36.97,1.0,665.0,669.0,2.0,39.8,36.0,Individual,6,High Risk,Manual Review
25397041,11250.0, 60 months,25.89,G,G3,< 1 year,MORTGAGE,25000.0,Source Verified,debt_consolidation,OR,31.49,0.0,675.0,679.0,0.0,75.5,33.0,Individual,5,High Risk,Manual Review
21461012,24000.0, 60 months,20.2,E,E3,2 years,MORTGAGE,115000.0,Verified,debt_consolidation,IL,20.89,1.0,660.0,664.0,0.0,92.0,30.0,Individual,5,High Risk,Manual Review
25527033,4500.0, 36 months,19.52,E,E2,10+ years,RENT,42000.0,Verified,credit_card,IL,38.37,0.0,675.0,679.0,1.0,66.3,57.0,Individual,5,High Risk,Manual Review
25537026,18900.0, 60 months,20.2,E,E3,6 years,RENT,65000.0,Source Verified,debt_consolidation,NY,36.96,0.0,660.0,664.0,0.0,75.3,38.0,Individual,5,High Risk,Manual Review
25466980,35000.0, 60 months,23.43,F,F1,10+ years,MORTGAGE,125000.0,Verified,credit_card,VA,32.55,0.0,690.0,694.0,2.0,65.4,46.0,Individual,5,High Risk,Manual Review
25486977,12800.0, 36 months,18.99,E,E1,4 years,RENT,45000.0,Source Verified,debt_consolidation,TX,32.61,0.0,685.0,689.0,0.0,74.9,19.0,Individual,5,High Risk,Manual Review
25537037,25000.0, 60 months,20.99,E,E4,,MORTGAGE,50000.0,Verified,debt_consolidation,NY,37.57,1.0,690.0,694.0,0.0,59.5,24.0,Individual,6,High Risk,Manual Review
25457038,10500.0, 60 months,20.2,E,E3,3 years,MORTGAGE,51000.0,Not Verified,car,VA,31.22,1.0,665.0,669.0,0.0,68.1,35.0,Individual,6,High Risk,Manual Review
25547016,17500.0, 60 months,19.52,E,E2,10+ years,RENT,72656.0,Source Verified,debt_consolidation,TX,24.0,1.0,675.0,679.0,2.0,80.4,27.0,Individual,5,High Risk,Manual Review
25517047,1450.0, 36 months,24.08,F,F2,3 years,RENT,60000.0,Not Verified,moving,TX,31.42,0.0,665.0,669.0,2.0,75.0,13.0,Individual,5,High Risk,Manual Review
25426845,2200.0, 36 months,23.43,F,F1,10+ years,MORTGAGE,77000.0,Source Verified,debt_consolidation,NC,20.37,2.0,660.0,664.0,0.0,97.1,25.0,Individual,5,High Risk,Manual Review
25576926,28000.0, 60 months,19.52,E,E2,6 years,MORTGAGE,140000.0,Source Verified,home_improvement,HI,25.02,1.0,675.0,679.0,0.0,97.3,46.0,Individual,5,High Risk,Manual Review
25406941,3600.0, 36 months,22.15,E,E5,6 years,RENT,46000.0,Not Verified,vacation,CA,39.79,1.0,660.0,664.0,0.0,93.7,22.0,Individual,7,High Risk,Manual Review
25636921,2400.0, 36 months,22.15,E,E5,1 year,RENT,42000.0,Verified,debt_consolidation,GA,31.2,0.0,670.0,674.0,1.0,22.5,24.0,Individual,5,High Risk,Manual Review
25247788,1000.0, 36 months,25.83,G,G2,1 year,RENT,32000.0,Verified,debt_consolidation,MS,39.72,0.0,660.0,664.0,2.0,14.4,50.0,Individual,5,High Risk,Manual Review
25357226,10725.0, 36 months,24.99,F,F4,10+ years,RENT,36000.0,Source Verified,other,CA,38.6,0.0,685.0,689.0,1.0,74.4,9.0,Individual,5,High Risk,Manual Review
25377786,4125.0, 36 months,19.52,E,E2,10+ years,RENT,38000.0,Source Verified,debt_consolidation,NY,32.94,0.0,665.0,669.0,0.0,43.2,10.0,Individual,5,High Risk,Manual Review
25626770,10750.0, 36 months,23.43,F,F1,4 years,MORTGAGE,36000.0,Not Verified,debt_consolidation,FL,34.0,2.0,670.0,674.0,1.0,28.1,16.0,Individual,6,High Risk,Manual Review
25596811,17875.0, 36 months,23.43,F,F1,,RENT,44983.0,Verified,credit_card,NY,36.62,0.0,675.0,679.0,0.0,77.2,13.0,Individual,5,High Risk,Manual Review
25347971,8000.0, 36 months,18.99,E,E1,10+ years,MORTGAGE,155000.0,Verified,home_improvement,MA,17.06,2.0,660.0,664.0,1.0,93.0,55.0,Individual,5,High Risk,Manual Review
25217820,35000.0, 60 months,20.2,E,E3,10+ years,OWN,95000.0,Source Verified,debt_consolidation,NY,31.68,1.0,665.0,669.0,0.0,58.0,41.0,Individual,6,High Risk,Manual Review
25167991,17000.0, 60 months,24.99,F,F4,< 1 year,MORTGAGE,87360.0,Not Verified,debt_consolidation,PA,11.41,1.0,670.0,674.0,0.0,98.5,17.0,Individual,5,High Risk,Manual Review
25337839,14500.0, 36 months,18.99,E,E1,10+ years,MORTGAGE,55000.0,Source Verified,debt_consolidation,MO,19.27,1.0,665.0,669.0,0.0,95.2,20.0,Individual,5,High Risk,Manual Review
25186269,17225.0, 36 months,19.52,E,E2,2 years,OWN,48000.0,Source Verified,debt_consolidation,IL,37.9,0.0,675.0,679.0,3.0,86.1,23.0,Individual,6,High Risk,Manual Review
25197884,18000.0, 60 months,19.52,E,E2,< 1 year,RENT,60000.0,Source Verified,debt_consolidation,NY,36.15,0.0,695.0,699.0,0.0,74.9,32.0,Individual,5,High Risk,Manual Review
25217966,12400.0, 60 months,25.99,G,G4,8 years,MORTGAGE,52000.0,Verified,debt_consolidation,FL,36.5,0.0,675.0,679.0,0.0,51.2,18.0,Individual,5,High Risk,Manual Review
25156986,16975.0, 36 months,20.2,E,E3,5 years,RENT,50000.0,Source Verified,debt_consolidation,KS,32.55,0.0,670.0,674.0,2.0,56.3,56.0,Individual,5,High Risk,Manual Review
25248007,4000.0, 36 months,24.99,F,F4,,RENT,24000.0,Verified,credit_card,OH,36.65,0.0,660.0,664.0,3.0,88.4,27.0,Individual,6,High Risk,Manual Review
25387729,4800.0, 36 months,20.2,E,E3,6 years,RENT,36000.0,Source Verified,credit_card,CA,30.57,1.0,660.0,664.0,0.0,60.4,23.0,Individual,6,High Risk,Manual Review
25367793,5000.0, 36 months,18.99,E,E1,,RENT,78000.0,Verified,small_business,HI,35.11,1.0,705.0,709.0,0.0,83.1,19.0,Individual,7,High Risk,Manual Review
25167715,14450.0, 60 months,18.99,E,E1,< 1 year,RENT,33000.0,Source Verified,credit_card,MI,39.02,0.0,685.0,689.0,0.0,71.8,29.0,Individual,5,High Risk,Manual Review
25157790,4625.0, 36 months,20.99,E,E4,10+ years,MORTGAGE,40000.0,Not Verified,debt_consolidation,TX,35.46,4.0,675.0,679.0,0.0,53.0,30.0,Individual,6,High Risk,Manual Review
25317599,5000.0, 36 months,24.5,F,F3,8 years,OWN,55000.0,Verified,debt_consolidation,VA,35.17,0.0,675.0,679.0,0.0,101.5,15.0,Individual,6,High Risk,Manual Review
24646804,9000.0, 36 months,19.52,E,E2,5 years,OWN,25000.0,Verified,credit_card,TX,36.29,0.0,670.0,674.0,0.0,82.6,14.0,Individual,6,High Risk,Manual Review
24725710,10000.0, 60 months,19.52,E,E2,10+ years,MORTGAGE,58000.0,Not Verified,debt_consolidation,RI,21.25,1.0,685.0,689.0,0.0,89.2,12.0,Individual,5,High Risk,Manual Review
25187653,15000.0, 60 months,18.99,E,E1,10+ years,RENT,65700.0,Source Verified,debt_consolidation,TX,28.89,2.0,670.0,674.0,0.0,94.1,9.0,Individual,5,High Risk,Manual Review
23022869,15225.0, 60 months,20.2,E,E3,1 year,OWN,35000.0,Not Verified,credit_card,PA,31.31,0.0,695.0,699.0,1.0,66.9,13.0,Individual,5,High Risk,Manual Review
25237864,28425.0, 60 months,19.52,E,E2,2 years,MORTGAGE,63300.0,Source Verified,debt_consolidation,GA,37.91,2.0,685.0,689.0,0.0,70.2,36.0,Individual,6,High Risk,Manual Review
24765840,18200.0, 60 months,18.99,E,E1,,OWN,76000.0,Verified,debt_consolidation,AZ,31.39,0.0,695.0,699.0,0.0,83.5,36.0,Individual,6,High Risk,Manual Review
25347560,3000.0, 36 months,23.43,F,F1,4 years,RENT,50000.0,Not Verified,moving,CT,35.84,0.0,670.0,674.0,0.0,77.2,14.0,Individual,5,High Risk,Manual Review
25207559,11625.0, 60 months,22.15,E,E5,10+ years,MORTGAGE,79000.0,Source Verified,debt_consolidation,FL,39.39,1.0,700.0,704.0,1.0,87.7,39.0,Individual,7,High Risk,Manual Review
25177368,9500.0, 36 months,19.52,E,E2,1 year,RENT,35520.0,Verified,debt_consolidation,OH,38.75,0.0,670.0,674.0,1.0,64.9,29.0,Individual,5,High Risk,Manual Review
24394919,6000.0, 36 months,25.57,F,F5,2 years,RENT,20000.0,Verified,debt_consolidation,OH,33.67,0.0,670.0,674.0,2.0,96.1,37.0,Individual,6,High Risk,Manual Review
25286421,12000.0, 60 months,19.52,E,E2,2 years,MORTGAGE,78000.0,Not Verified,debt_consolidation,TX,30.65,0.0,670.0,674.0,1.0,73.1,29.0,Individual,5,High Risk,Manual Review
17433146,14375.0, 60 months,20.99,E,E4,< 1 year,MORTGAGE,40000.0,Verified,debt_consolidation,TX,33.27,0.0,670.0,674.0,1.0,61.9,27.0,Individual,5,High Risk,Manual Review
25307573,5000.0, 36 months,18.99,E,E1,10+ years,RENT,48500.0,Source Verified,debt_consolidation,WI,38.13,0.0,680.0,684.0,0.0,81.0,31.0,Individual,6,High Risk,Manual Review
25277346,20000.0, 60 months,20.99,E,E4,10+ years,MORTGAGE,125000.0,Verified,debt_consolidation,IL,29.11,4.0,660.0,664.0,0.0,89.0,19.0,Individual,5,High Risk,Manual Review
24635727,10450.0, 36 months,20.2,E,E3,10+ years,RENT,36500.0,Verified,debt_consolidation,MO,32.19,0.0,665.0,669.0,0.0,28.7,42.0,Individual,5,High Risk,Manual Review
24304866,15950.0, 60 months,24.5,F,F3,10+ years,OWN,40000.0,Source Verified,debt_consolidation,MS,23.04,1.0,700.0,704.0,0.0,88.2,45.0,Individual,5,High Risk,Manual Review
25176691,28550.0, 60 months,20.99,E,E4,2 years,MORTGAGE,65000.0,Source Verified,debt_consolidation,GA,30.02,0.0,715.0,719.0,1.0,76.1,29.0,Individual,5,High Risk,Manual Review
25307323,2200.0, 36 months,22.15,E,E5,10+ years,OWN,40000.0,Not Verified,other,PA,35.19,0.0,710.0,714.0,0.0,63.5,17.0,Individual,5,High Risk,Manual Review
25247287,29325.0, 60 months,24.08,F,F2,8 years,OWN,70000.0,Source Verified,home_improvement,LA,33.56,0.0,660.0,664.0,0.0,47.8,26.0,Individual,5,High Risk,Manual Review
25237367,5000.0, 36 months,19.52,E,E2,7 years,MORTGAGE,170000.0,Source Verified,debt_consolidation,OH,8.12,1.0,660.0,664.0,2.0,105.5,21.0,Individual,5,High Risk,Manual Review
25297282,21075.0, 60 months,19.52,E,E2,5 years,RENT,60000.0,Source Verified,debt_consolidation,CA,35.92,0.0,675.0,679.0,1.0,78.5,28.0,Individual,5,High Risk,Manual Review
25367104,15475.0, 36 months,17.57,D,D4,3 years,RENT,45000.0,Source Verified,debt_consolidation,LA,39.69,1.0,670.0,674.0,1.0,88.8,24.0,Individual,5,High Risk,Manual Review
25357150,4000.0, 36 months,20.2,E,E3,10+ years,MORTGAGE,40000.0,Not Verified,other,KY,33.33,0.0,690.0,694.0,0.0,74.3,18.0,Individual,5,High Risk,Manual Review
25257241,4225.0, 36 months,22.15,E,E5,,MORTGAGE,33580.0,Verified,home_improvement,VT,35.13,0.0,670.0,674.0,2.0,49.4,46.0,Individual,5,High Risk,Manual Review
23032773,28500.0, 60 months,20.99,E,E4,10+ years,MORTGAGE,65000.0,Source Verified,credit_card,MT,33.16,0.0,705.0,709.0,0.0,92.1,22.0,Individual,6,High Risk,Manual Review
25257235,14000.0, 60 months,22.15,E,E5,10+ years,MORTGAGE,95000.0,Verified,debt_consolidation,IL,36.77,0.0,700.0,704.0,1.0,75.4,36.0,Individual,5,High Risk,Manual Review
24686733,3150.0, 36 months,20.2,E,E3,10+ years,MORTGAGE,42000.0,Not Verified,debt_consolidation,MN,36.89,0.0,670.0,674.0,1.0,49.7,29.0,Individual,5,High Risk,Manual Review
25346998,10200.0, 60 months,25.83,G,G2,7 years,OWN,35000.0,Source Verified,debt_consolidation,LA,38.94,0.0,670.0,674.0,0.0,47.2,40.0,Individual,5,High Risk,Manual Review
25327014,3000.0, 36 months,18.99,E,E1,10+ years,MORTGAGE,35000.0,Verified,other,MS,33.4,0.0,690.0,694.0,0.0,41.3,64.0,Individual,5,High Risk,Manual Review
25307151,3000.0, 36 months,24.08,F,F2,10+ years,RENT,80000.0,Verified,medical,OH,30.99,1.0,670.0,674.0,2.0,75.3,16.0,Individual,6,High Risk,Manual Review
25327156,16000.0, 60 months,25.57,F,F5,,MORTGAGE,59000.0,Verified,debt_consolidation,MD,26.42,2.0,665.0,669.0,2.0,97.0,15.0,Individual,5,High Risk,Manual Review
24154477,15400.0, 60 months,18.99,E,E1,3 years,RENT,35000.0,Source Verified,debt_consolidation,NJ,33.81,0.0,680.0,684.0,0.0,75.6,26.0,Individual,5,High Risk,Manual Review
25296904,7500.0, 36 months,24.99,F,F4,10+ years,RENT,35000.0,Verified,debt_consolidation,AL,33.98,0.0,705.0,709.0,2.0,38.8,41.0,Individual,5,High Risk,Manual Review
24616517,4500.0, 36 months,24.99,F,F4,9 years,MORTGAGE,36000.0,Not Verified,other,AR,30.93,0.0,675.0,679.0,2.0,51.8,17.0,Individual,5,High Risk,Manual Review
25346919,3400.0, 36 months,20.99,E,E4,< 1 year,OWN,30972.27,Not Verified,other,NJ,36.47,0.0,700.0,704.0,2.0,62.6,17.0,Individual,5,High Risk,Manual Review
25306849,12975.0, 60 months,25.99,G,G4,10+ years,MORTGAGE,43264.0,Verified,credit_card,SC,35.06,0.0,675.0,679.0,1.0,91.5,20.0,Individual,6,High Risk,Manual Review
25276805,12000.0, 60 months,25.57,F,F5,8 years,OWN,37000.0,Source Verified,debt_consolidation,IN,37.74,0.0,695.0,699.0,1.0,97.9,23.0,Individual,6,High Risk,Manual Review
25366852,19750.0, 60 months,25.57,F,F5,10+ years,RENT,49500.0,Verified,debt_consolidation,TX,37.62,5.0,670.0,674.0,0.0,101.2,27.0,Individual,7,High Risk,Manual Review
25376859,5000.0, 36 months,23.43,F,F1,7 years,MORTGAGE,48012.0,Verified,other,TX,34.97,0.0,680.0,684.0,0.0,83.7,17.0,Individual,6,High Risk,Manual Review
25285971,18600.0, 60 months,20.99,E,E4,10+ years,RENT,73200.0,Source Verified,debt_consolidation,AL,34.9,0.0,665.0,669.0,3.0,43.0,34.0,Individual,5,High Risk,Manual Review
23976123,24500.0, 60 months,19.52,E,E2,10+ years,MORTGAGE,71802.0,Source Verified,debt_consolidation,PA,34.44,2.0,675.0,679.0,1.0,97.6,19.0,Individual,7,High Risk,Manual Review
25176775,20000.0, 60 months,20.2,E,E3,1 year,MORTGAGE,55000.0,Source Verified,debt_consolidation,TX,36.83,0.0,680.0,684.0,2.0,49.5,20.0,Individual,5,High Risk,Manual Review
25366753,10800.0, 60 months,24.5,F,F3,< 1 year,RENT,30000.0,Source Verified,debt_consolidation,CO,33.12,0.0,660.0,664.0,3.0,50.1,20.0,Individual,5,High Risk,Manual Review
23894509,33825.0, 60 months,19.52,E,E2,10+ years,MORTGAGE,80000.0,Verified,credit_card,PA,34.52,0.0,680.0,684.0,0.0,79.5,41.0,Individual,5,High Risk,Manual Review
25246659,16200.0, 60 months,23.43,F,F1,3 years,RENT,45000.0,Source Verified,debt_consolidation,FL,30.83,1.0,670.0,674.0,1.0,95.9,16.0,Individual,7,High Risk,Manual Review
25166654,25000.0, 60 months,20.2,E,E3,10+ years,MORTGAGE,80000.0,Verified,debt_consolidation,OK,31.3,0.0,705.0,709.0,0.0,87.5,39.0,Individual,6,High Risk,Manual Review
25266649,30000.0, 60 months,20.2,E,E3,3 years,MORTGAGE,82000.0,Verified,debt_consolidation,WA,30.06,0.0,695.0,699.0,1.0,78.3,32.0,Individual,5,High Risk,Manual Review
25216667,25475.0, 36 months,18.99,E,E1,2 years,RENT,71000.0,Source Verified,debt_consolidation,CA,31.1,9.0,675.0,679.0,0.0,69.9,29.0,Individual,6,High Risk,Manual Review
24756710,10375.0, 60 months,20.99,E,E4,7 years,RENT,45000.0,Source Verified,debt_consolidation,CA,35.84,0.0,665.0,669.0,0.0,71.2,11.0,Individual,5,High Risk,Manual Review
25176531,16150.0, 60 months,22.15,E,E5,4 years,MORTGAGE,65000.0,Not Verified,home_improvement,IL,31.19,0.0,680.0,684.0,0.0,79.8,32.0,Individual,5,High Risk,Manual Review
25166521,3000.0, 36 months,19.52,E,E2,7 years,MORTGAGE,90000.0,Verified,home_improvement,GA,22.07,2.0,660.0,664.0,3.0,80.7,33.0,Individual,5,High Risk,Manual Review
25316473,13675.0, 36 months,15.61,D,D1,10+ years,OWN,38000.0,Source Verified,debt_consolidation,VA,31.46,1.0,665.0,669.0,0.0,89.9,16.0,Individual,5,High Risk,Manual Review
25316435,16100.0, 60 months,25.8,G,G1,5 years,MORTGAGE,63000.0,Not Verified,debt_consolidation,IN,33.85,0.0,660.0,664.0,2.0,84.6,25.0,Individual,6,High Risk,Manual Review
25246506,35000.0, 60 months,20.99,E,E4,7 years,RENT,79800.0,Verified,credit_card,MO,26.02,3.0,660.0,664.0,0.0,91.5,38.0,Individual,5,High Risk,Manual Review
25266466,25000.0, 60 months,23.43,F,F1,10+ years,MORTGAGE,97000.0,Verified,debt_consolidation,KY,22.06,1.0,665.0,669.0,3.0,90.9,18.0,Individual,5,High Risk,Manual Review
25346413,8000.0, 36 months,16.99,D,D3,10+ years,MORTGAGE,70000.0,Source Verified,debt_consolidation,VA,33.28,1.0,665.0,669.0,0.0,83.3,38.0,Individual,5,High Risk,Manual Review
25196391,6425.0, 36 months,23.43,F,F1,,RENT,19000.0,Verified,debt_consolidation,NY,34.93,1.0,685.0,689.0,0.0,34.5,25.0,Individual,6,High Risk,Manual Review
25166405,11950.0, 60 months,26.06,G,G5,2 years,MORTGAGE,40000.0,Verified,debt_consolidation,MI,30.72,0.0,665.0,669.0,0.0,85.0,19.0,Individual,6,High Risk,Manual Review
15690693,7000.0, 36 months,18.99,E,E1,6 years,RENT,75000.0,Source Verified,other,CA,9.23,1.0,660.0,664.0,0.0,81.4,23.0,Individual,5,High Risk,Manual Review
25326398,1500.0, 36 months,24.99,F,F4,10+ years,MORTGAGE,30000.0,Not Verified,debt_consolidation,MS,33.36,0.0,665.0,669.0,2.0,86.1,85.0,Individual,6,High Risk,Manual Review
25246461,18000.0, 60 months,19.52,E,E2,3 years,MORTGAGE,95500.0,Verified,credit_card,NY,30.26,0.0,675.0,679.0,2.0,45.6,58.0,Individual,5,High Risk,Manual Review
25186401,20000.0, 60 months,25.8,G,G1,10+ years,MORTGAGE,135100.0,Source Verified,debt_consolidation,KY,30.64,1.0,660.0,664.0,4.0,78.4,44.0,Individual,6,High Risk,Manual Review
9655401,35000.0, 60 months,20.99,E,E4,10+ years,OWN,80000.0,Verified,debt_consolidation,NJ,17.78,1.0,690.0,694.0,0.0,90.2,24.0,Individual,5,High Risk,Manual Review
24685427,6000.0, 36 months,18.99,E,E1,10+ years,MORTGAGE,53000.0,Not Verified,home_improvement,TX,35.53,0.0,705.0,709.0,0.0,62.2,28.0,Individual,5,High Risk,Manual Review
24755065,25450.0, 60 months,25.83,G,G2,2 years,MORTGAGE,67000.0,Source Verified,debt_consolidation,TX,32.37,0.0,690.0,694.0,1.0,71.0,28.0,Individual,5,High Risk,Manual Review
25326356,5000.0, 36 months,23.43,F,F1,10+ years,RENT,78500.0,Verified,debt_consolidation,GA,31.8,0.0,660.0,664.0,3.0,58.0,30.0,Individual,5,High Risk,Manual Review
14490093,18000.0, 60 months,20.99,E,E4,6 years,MORTGAGE,46000.0,Verified,debt_consolidation,CA,30.68,2.0,670.0,674.0,0.0,45.9,16.0,Individual,6,High Risk,Manual Review
24524814,13775.0, 36 months,19.52,E,E2,2 years,MORTGAGE,64000.0,Verified,debt_consolidation,TX,32.98,5.0,665.0,669.0,0.0,37.0,28.0,Individual,6,High Risk,Manual Review
25226244,28000.0, 60 months,18.99,E,E1,4 years,MORTGAGE,95000.0,Verified,credit_card,WA,22.99,1.0,665.0,669.0,1.0,86.3,34.0,Individual,5,High Risk,Manual Review
25346201,22400.0, 60 months,22.15,E,E5,1 year,OWN,72000.0,Source Verified,debt_consolidation,OK,31.98,1.0,665.0,669.0,1.0,85.9,32.0,Individual,7,High Risk,Manual Review
25156212,6000.0, 36 months,18.99,E,E1,2 years,RENT,37440.0,Source Verified,debt_consolidation,CA,31.41,0.0,665.0,669.0,2.0,76.1,13.0,Individual,5,High Risk,Manual Review
25276153,25000.0, 60 months,25.8,G,G1,10+ years,MORTGAGE,75646.0,Verified,debt_consolidation,OR,31.92,0.0,700.0,704.0,3.0,45.8,27.0,Individual,5,High Risk,Manual Review
24786346,30000.0, 60 months,19.52,E,E2,4 years,MORTGAGE,85000.0,Verified,debt_consolidation,PA,30.88,0.0,675.0,679.0,1.0,64.9,32.0,Individual,5,High Risk,Manual Review
25216211,35000.0, 60 months,25.8,G,G1,4 years,MORTGAGE,105000.0,Verified,debt_consolidation,NC,33.57,0.0,665.0,669.0,2.0,29.5,33.0,Individual,5,High Risk,Manual Review
23963928,35000.0, 60 months,23.43,F,F1,3 years,MORTGAGE,237000.0,Verified,debt_consolidation,CA,23.4,1.0,690.0,694.0,2.0,80.6,31.0,Individual,5,High Risk,Manual Review
25336082,35000.0, 60 months,17.57,D,D4,10+ years,MORTGAGE,100000.0,Verified,credit_card,FL,33.61,1.0,670.0,674.0,0.0,86.1,22.0,Individual,5,High Risk,Manual Review
25226076,18450.0, 60 months,19.52,E,E2,10+ years,MORTGAGE,60000.0,Not Verified,debt_consolidation,NY,39.58,1.0,705.0,709.0,0.0,73.9,30.0,Individual,6,High Risk,Manual Review
25286049,18625.0, 36 months,18.99,E,E1,6 years,OWN,110000.0,Source Verified,other,TX,38.23,0.0,680.0,684.0,3.0,59.3,30.0,Individual,5,High Risk,Manual Review
25316102,27125.0, 60 months,22.15,E,E5,10+ years,RENT,71424.48,Source Verified,debt_consolidation,CA,19.77,1.0,670.0,674.0,1.0,94.6,20.0,Individual,5,High Risk,Manual Review
24776654,10975.0, 36 months,23.43,F,F1,,RENT,36772.0,Verified,debt_consolidation,CA,31.01,0.0,660.0,664.0,0.0,91.8,22.0,Individual,6,High Risk,Manual Review
25276119,14250.0, 60 months,20.99,E,E4,< 1 year,RENT,34000.0,Source Verified,debt_consolidation,NJ,34.13,0.0,685.0,689.0,1.0,42.6,34.0,Individual,5,High Risk,Manual Review
24745072,35000.0, 60 months,22.15,E,E5,10+ years,MORTGAGE,302000.0,Verified,debt_consolidation,NJ,10.23,1.0,665.0,669.0,3.0,89.6,25.0,Individual,5,High Risk,Manual Review
24685183,18000.0, 36 months,22.15,E,E5,2 years,MORTGAGE,62000.0,Verified,debt_consolidation,TX,34.33,0.0,680.0,684.0,0.0,80.9,39.0,Individual,6,High Risk,Manual Review
23944295,35000.0, 60 months,20.99,E,E4,10+ years,MORTGAGE,180000.0,Source Verified,debt_consolidation,MA,7.3,2.0,670.0,674.0,1.0,84.8,38.0,Individual,5,High Risk,Manual Review
24494845,27725.0, 60 months,19.52,E,E2,7 years,RENT,73000.0,Source Verified,debt_consolidation,OR,30.41,0.0,690.0,694.0,0.0,92.4,16.0,Individual,6,High Risk,Manual Review
23914915,26375.0, 60 months,18.99,E,E1,7 years,MORTGAGE,60000.0,Source Verified,debt_consolidation,KY,24.09,1.0,670.0,674.0,0.0,94.1,20.0,Individual,5,High Risk,Manual Review
25345983,3600.0, 36 months,23.43,F,F1,4 years,RENT,71000.0,Verified,debt_consolidation,FL,34.58,1.0,660.0,664.0,2.0,88.2,71.0,Individual,7,High Risk,Manual Review
25366001,12600.0, 60 months,19.52,E,E2,6 years,OWN,35000.0,Source Verified,debt_consolidation,IL,30.11,0.0,675.0,679.0,1.0,40.2,43.0,Individual,5,High Risk,Manual Review
25275983,6575.0, 36 months,24.99,F,F4,10+ years,RENT,36500.0,Source Verified,credit_card,CA,32.65,0.0,665.0,669.0,3.0,44.6,41.0,Individual,5,High Risk,Manual Review
24916021,17600.0, 60 months,23.43,F,F1,10+ years,RENT,49000.0,Source Verified,debt_consolidation,TX,30.12,0.0,670.0,674.0,0.0,58.4,14.0,Individual,5,High Risk,Manual Review
24676286,11700.0, 36 months,18.99,E,E1,9 years,OWN,28000.0,Verified,debt_consolidation,MI,32.84,0.0,685.0,689.0,0.0,47.1,23.0,Individual,5,High Risk,Manual Review
24706688,12750.0, 60 months,24.5,F,F3,< 1 year,OWN,50000.0,Verified,debt_consolidation,NY,31.36,2.0,690.0,694.0,1.0,43.3,18.0,Individual,6,High Risk,Manual Review
25206005,17875.0, 60 months,24.5,F,F3,2 years,MORTGAGE,61000.0,Verified,debt_consolidation,NC,32.5,0.0,660.0,664.0,0.0,85.1,16.0,Individual,6,High Risk,Manual Review
25225962,9725.0, 36 months,19.52,E,E2,4 years,RENT,31000.0,Source Verified,other,IN,33.25,1.0,670.0,674.0,1.0,41.2,17.0,Individual,6,High Risk,Manual Review
24996026,7200.0, 36 months,23.43,F,F1,1 year,RENT,83500.0,Source Verified,moving,NJ,13.12,6.0,665.0,669.0,2.0,91.1,31.0,Individual,5,High Risk,Manual Review
25156057,15250.0, 36 months,25.57,F,F5,7 years,MORTGAGE,51000.0,Verified,debt_consolidation,MI,34.45,0.0,660.0,664.0,3.0,88.4,27.0,Individual,6,High Risk,Manual Review
23924406,5000.0, 36 months,18.99,E,E1,2 years,MORTGAGE,81000.0,Verified,debt_consolidation,IL,35.6,0.0,690.0,694.0,0.0,98.3,25.0,Individual,6,High Risk,Manual Review
24033988,25000.0, 60 months,18.99,E,E1,9 years,MORTGAGE,67101.0,Verified,debt_consolidation,CA,32.83,0.0,675.0,679.0,0.0,94.8,30.0,Individual,6,High Risk,Manual Review
24985984,1500.0, 36 months,24.08,F,F2,,RENT,24000.0,Verified,debt_consolidation,OR,31.1,0.0,665.0,669.0,2.0,87.9,18.0,Individual,6,High Risk,Manual Review
24746904,24925.0, 60 months,25.83,G,G2,10+ years,RENT,78034.0,Verified,debt_consolidation,SC,31.47,0.0,670.0,674.0,1.0,71.9,39.0,Individual,5,High Risk,Manual Review
25045978,11900.0, 60 months,25.83,G,G2,1 year,MORTGAGE,72012.0,Verified,small_business,TX,38.86,0.0,705.0,709.0,3.0,37.4,48.0,Individual,5,High Risk,Manual Review
24646787,24000.0, 60 months,25.99,G,G4,,MORTGAGE,95033.0,Verified,debt_consolidation,HI,10.48,1.0,670.0,674.0,1.0,93.6,28.0,Individual,5,High Risk,Manual Review
24626973,13450.0, 36 months,23.43,F,F1,2 years,RENT,45000.0,Verified,debt_consolidation,CA,30.44,0.0,660.0,664.0,2.0,87.3,21.0,Individual,6,High Risk,Manual Review
24826314,18000.0, 36 months,18.99,E,E1,6 years,RENT,54000.0,Source Verified,other,CA,14.0,1.0,675.0,679.0,0.0,90.2,30.0,Individual,5,High Risk,Manual Review
24656666,30000.0, 60 months,18.99,E,E1,10+ years,OWN,80000.0,Verified,credit_card,MI,30.22,0.0,680.0,684.0,0.0,64.4,45.0,Individual,5,High Risk,Manual Review
24636807,23000.0, 60 months,25.57,F,F5,5 years,MORTGAGE,88000.0,Source Verified,debt_consolidation,OH,15.48,1.0,660.0,664.0,0.0,101.1,21.0,Individual,5,High Risk,Manual Review
24606776,35000.0, 60 months,20.99,E,E4,6 years,MORTGAGE,92000.0,Verified,debt_consolidation,CA,14.99,2.0,665.0,669.0,0.0,84.1,30.0,Individual,5,High Risk,Manual Review
24786753,23000.0, 60 months,24.08,F,F2,10+ years,MORTGAGE,75000.0,Verified,debt_consolidation,IN,33.62,0.0,680.0,684.0,1.0,92.2,42.0,Individual,6,High Risk,Manual Review
24746748,28775.0, 60 months,25.8,G,G1,10+ years,MORTGAGE,80000.0,Verified,debt_consolidation,LA,33.71,0.0,695.0,699.0,1.0,30.6,29.0,Individual,5,High Risk,Manual Review
24756813,23900.0, 60 months,18.99,E,E1,5 years,RENT,52000.0,Source Verified,major_purchase,NY,30.03,2.0,690.0,694.0,0.0,31.0,23.0,Individual,6,High Risk,Manual Review
24124867,4800.0, 36 months,24.08,F,F2,2 years,RENT,59000.0,Verified,other,FL,33.89,0.0,665.0,669.0,3.0,62.6,64.0,Individual,5,High Risk,Manual Review
24775593,10025.0, 36 months,16.29,D,D2,2 years,RENT,39100.0,Source Verified,credit_card,AZ,36.49,1.0,680.0,684.0,1.0,82.8,22.0,Individual,5,High Risk,Manual Review
24746749,11175.0, 60 months,18.99,E,E1,6 years,RENT,33000.0,Verified,home_improvement,NC,37.67,0.0,715.0,719.0,3.0,25.5,36.0,Individual,5,High Risk,Manual Review
24676053,5000.0, 36 months,24.5,F,F3,5 years,MORTGAGE,59000.0,Verified,debt_consolidation,KS,32.65,0.0,680.0,684.0,3.0,71.1,23.0,Individual,5,High Risk,Manual Review
24726795,35000.0, 36 months,20.2,E,E3,10+ years,MORTGAGE,160000.0,Verified,debt_consolidation,VA,32.62,0.0,685.0,689.0,2.0,99.7,28.0,Individual,6,High Risk,Manual Review
24726810,33500.0, 60 months,20.99,E,E4,< 1 year,MORTGAGE,72961.0,Verified,debt_consolidation,AZ,36.94,0.0,705.0,709.0,0.0,75.0,21.0,Individual,5,High Risk,Manual Review
24756714,4000.0, 36 months,24.08,F,F2,7 years,OWN,40000.0,Source Verified,vacation,CA,31.05,0.0,675.0,679.0,2.0,90.8,13.0,Individual,6,High Risk,Manual Review
24786559,12075.0, 36 months,17.57,D,D4,10+ years,RENT,56731.0,Verified,credit_card,FL,36.83,1.0,675.0,679.0,0.0,96.2,26.0,Individual,5,High Risk,Manual Review
24706514,5000.0, 36 months,24.5,F,F3,10+ years,RENT,50000.0,Verified,debt_consolidation,TX,39.25,0.0,665.0,669.0,0.0,88.1,25.0,Individual,6,High Risk,Manual Review
24646704,20950.0, 36 months,23.43,F,F1,,RENT,67300.0,Verified,debt_consolidation,GA,32.7,0.0,670.0,674.0,2.0,62.2,24.0,Individual,5,High Risk,Manual Review
24706528,10200.0, 60 months,25.83,G,G2,10+ years,MORTGAGE,92000.0,Verified,debt_consolidation,SC,30.93,1.0,665.0,669.0,3.0,74.0,40.0,Individual,6,High Risk,Manual Review
24716699,25000.0, 36 months,20.2,E,E3,8 years,OWN,67000.0,Verified,debt_consolidation,CA,32.14,0.0,660.0,664.0,2.0,62.5,35.0,Individual,5,High Risk,Manual Review
24806473,27750.0, 60 months,25.8,G,G1,,MORTGAGE,73188.36,Verified,debt_consolidation,CO,34.27,0.0,675.0,679.0,0.0,97.0,52.0,Individual,6,High Risk,Manual Review
24766547,13475.0, 36 months,18.99,E,E1,< 1 year,RENT,45000.0,Source Verified,debt_consolidation,MA,30.48,0.0,675.0,679.0,1.0,71.7,13.0,Individual,5,High Risk,Manual Review
24716634,6625.0, 36 months,20.99,E,E4,2 years,OWN,39500.0,Verified,home_improvement,TX,36.49,0.0,705.0,709.0,4.0,46.0,12.0,Individual,5,High Risk,Manual Review
24755794,23725.0, 60 months,25.57,F,F5,1 year,RENT,66000.0,Source Verified,other,PA,34.16,2.0,670.0,674.0,0.0,76.1,22.0,Individual,6,High Risk,Manual Review
24726581,10000.0, 36 months,18.99,E,E1,8 years,MORTGAGE,65000.0,Not Verified,home_improvement,NJ,37.5,3.0,670.0,674.0,2.0,68.5,34.0,Individual,6,High Risk,Manual Review
24816530,4550.0, 36 months,25.57,F,F5,2 years,RENT,19000.0,Not Verified,debt_consolidation,CA,34.49,0.0,675.0,679.0,4.0,86.8,6.0,Individual,6,High Risk,Manual Review
23703506,16000.0, 60 months,23.43,F,F1,10+ years,MORTGAGE,59000.0,Verified,debt_consolidation,PA,37.44,1.0,665.0,669.0,0.0,70.6,34.0,Individual,6,High Risk,Manual Review
24036075,2000.0, 36 months,20.99,E,E4,,RENT,22000.0,Verified,debt_consolidation,IL,36.17,0.0,680.0,684.0,1.0,15.6,13.0,Individual,5,High Risk,Manual Review
24184571,15475.0, 36 months,25.57,F,F5,5 years,RENT,85000.0,Source Verified,house,AZ,12.55,1.0,670.0,674.0,3.0,87.7,24.0,Individual,5,High Risk,Manual Review
24756437,13550.0, 36 months,22.15,E,E5,< 1 year,MORTGAGE,40000.0,Source Verified,debt_consolidation,PA,35.28,0.0,665.0,669.0,0.0,53.2,17.0,Individual,5,High Risk,Manual Review
21531113,28000.0, 60 months,24.08,F,F2,5 years,MORTGAGE,120000.0,Verified,debt_consolidation,CA,30.71,0.0,685.0,689.0,4.0,47.0,58.0,Individual,5,High Risk,Manual Review
24735962,4800.0, 36 months,19.52,E,E2,3 years,OWN,32000.0,Not Verified,other,GA,35.78,0.0,660.0,664.0,0.0,69.3,11.0,Individual,5,High Risk,Manual Review
24706076,5000.0, 36 months,24.08,F,F2,10+ years,MORTGAGE,30000.0,Verified,other,OH,31.76,0.0,685.0,689.0,4.0,37.6,23.0,Individual,5,High Risk,Manual Review
24796407,10200.0, 36 months,24.08,F,F2,5 years,OWN,42000.0,Verified,debt_consolidation,FL,36.6,0.0,675.0,679.0,0.0,69.1,19.0,Individual,5,High Risk,Manual Review
24726295,7525.0, 36 months,23.43,F,F1,10+ years,RENT,35000.0,Verified,major_purchase,FL,34.8,0.0,660.0,664.0,1.0,91.4,25.0,Individual,6,High Risk,Manual Review
24616351,28550.0, 36 months,18.99,E,E1,1 year,OWN,65000.0,Verified,debt_consolidation,MS,35.6,0.0,680.0,684.0,1.0,67.1,40.0,Individual,5,High Risk,Manual Review
24224371,20000.0, 60 months,18.99,E,E1,9 years,MORTGAGE,105000.0,Source Verified,debt_consolidation,TN,25.55,3.0,670.0,674.0,3.0,80.3,43.0,Individual,5,High Risk,Manual Review
24765973,6500.0, 36 months,25.8,G,G1,8 years,MORTGAGE,22000.0,Source Verified,other,GA,34.04,0.0,670.0,674.0,3.0,60.5,20.0,Individual,5,High Risk,Manual Review
24846187,13450.0, 60 months,20.2,E,E3,4 years,RENT,30000.0,Source Verified,debt_consolidation,NC,37.12,0.0,685.0,689.0,1.0,82.1,15.0,Individual,6,High Risk,Manual Review
24746199,1500.0, 36 months,18.99,E,E1,5 years,OWN,75000.0,Verified,home_improvement,NY,32.99,0.0,685.0,689.0,1.0,91.3,37.0,Individual,6,High Risk,Manual Review
24786180,21350.0, 36 months,22.15,E,E5,1 year,RENT,47500.0,Verified,major_purchase,AR,37.01,1.0,685.0,689.0,0.0,47.0,16.0,Individual,6,High Risk,Manual Review
24806283,8000.0, 36 months,20.2,E,E3,3 years,RENT,27148.8,Source Verified,debt_consolidation,AZ,30.64,0.0,665.0,669.0,2.0,46.7,38.0,Individual,5,High Risk,Manual Review
24756257,12000.0, 36 months,18.24,D,D5,10+ years,MORTGAGE,77000.0,Verified,other,MN,31.02,1.0,660.0,664.0,0.0,94.3,25.0,Individual,5,High Risk,Manual Review
24676126,15625.0, 60 months,20.2,E,E3,< 1 year,MORTGAGE,46500.0,Verified,debt_consolidation,MI,36.28,0.0,705.0,709.0,0.0,64.7,23.0,Individual,5,High Risk,Manual Review
24646230,28175.0, 36 months,20.2,E,E3,2 years,MORTGAGE,74222.0,Source Verified,home_improvement,NM,31.73,0.0,660.0,664.0,1.0,71.9,35.0,Individual,5,High Risk,Manual Review
24626240,2800.0, 36 months,24.08,F,F2,10+ years,MORTGAGE,100200.0,Verified,other,NY,34.51,0.0,665.0,669.0,2.0,65.7,49.0,Individual,5,High Risk,Manual Review
24686276,7750.0, 36 months,22.15,E,E5,3 years,OWN,30012.0,Source Verified,major_purchase,TX,30.39,0.0,705.0,709.0,1.0,14.7,12.0,Individual,5,High Risk,Manual Review
24625394,14800.0, 60 months,19.52,E,E2,10+ years,RENT,37000.0,Source Verified,debt_consolidation,MI,36.01,0.0,700.0,704.0,0.0,50.9,36.0,Individual,5,High Risk,Manual Review
24825907,15950.0, 36 months,25.83,G,G2,3 years,RENT,50000.0,Verified,small_business,CA,33.73,0.0,670.0,674.0,0.0,55.8,13.0,Individual,5,High Risk,Manual Review
24786094,35000.0, 60 months,18.99,E,E1,3 years,MORTGAGE,325000.0,Source Verified,home_improvement,IL,19.47,1.0,695.0,699.0,0.0,92.2,39.0,Individual,5,High Risk,Manual Review
24716079,32950.0, 60 months,24.5,F,F3,1 year,MORTGAGE,75000.0,Verified,debt_consolidation,TN,35.97,0.0,690.0,694.0,1.0,66.7,41.0,Individual,5,High Risk,Manual Review
24666096,3000.0, 36 months,18.99,E,E1,10+ years,OWN,42000.0,Source Verified,other,GA,38.17,0.0,665.0,669.0,0.0,93.6,30.0,Individual,6,High Risk,Manual Review
24655987,8000.0, 36 months,24.08,F,F2,2 years,RENT,35000.0,Source Verified,debt_consolidation,TN,37.89,1.0,665.0,669.0,1.0,22.9,23.0,Individual,6,High Risk,Manual Review
23995278,12600.0, 36 months,20.2,E,E3,5 years,RENT,42000.0,Verified,debt_consolidation,FL,31.94,0.0,660.0,664.0,1.0,95.3,26.0,Individual,6,High Risk,Manual Review
24846001,12000.0, 60 months,24.99,F,F4,7 years,RENT,57900.0,Verified,debt_consolidation,NJ,6.78,1.0,660.0,664.0,1.0,86.2,18.0,Individual,5,High Risk,Manual Review
24806010,1500.0, 36 months,23.43,F,F1,,OWN,72000.0,Verified,other,NY,27.85,3.0,660.0,664.0,2.0,92.4,20.0,Individual,5,High Risk,Manual Review
24726034,12000.0, 60 months,19.52,E,E2,< 1 year,OWN,50000.0,Source Verified,debt_consolidation,OK,35.31,0.0,670.0,674.0,1.0,75.4,31.0,Individual,5,High Risk,Manual Review
24756025,15000.0, 60 months,17.57,D,D4,10+ years,MORTGAGE,88000.0,Source Verified,debt_consolidation,AL,33.98,1.0,675.0,679.0,0.0,91.0,34.0,Individual,5,High Risk,Manual Review
24736029,30000.0, 60 months,25.83,G,G2,10+ years,RENT,102000.0,Verified,other,NY,34.75,0.0,680.0,684.0,2.0,76.9,39.0,Individual,5,High Risk,Manual Review
24776170,10075.0, 60 months,23.43,F,F1,,RENT,30000.0,Verified,debt_consolidation,MI,31.4,0.0,680.0,684.0,0.0,12.3,38.0,Individual,5,High Risk,Manual Review
24816059,5500.0, 36 months,24.5,F,F3,,RENT,23735.0,Verified,debt_consolidation,PA,35.86,3.0,660.0,664.0,1.0,31.4,25.0,Individual,6,High Risk,Manual Review
14237950,13425.0, 60 months,20.99,E,E4,9 years,MORTGAGE,37500.0,Source Verified,debt_consolidation,SC,30.22,0.0,700.0,704.0,2.0,67.2,23.0,Individual,5,High Risk,Manual Review
24625981,35000.0, 60 months,24.08,F,F2,< 1 year,MORTGAGE,80000.0,Verified,credit_card,MN,33.92,0.0,685.0,689.0,1.0,83.8,48.0,Individual,6,High Risk,Manual Review
24765538,6575.0, 36 months,16.29,D,D2,5 years,RENT,31700.0,Source Verified,debt_consolidation,UT,37.1,1.0,660.0,664.0,0.0,81.9,16.0,Individual,5,High Risk,Manual Review
24735849,1000.0, 36 months,20.99,E,E4,< 1 year,RENT,53500.0,Verified,debt_consolidation,CT,39.66,4.0,660.0,664.0,1.0,86.3,34.0,Individual,7,High Risk,Manual Review
24625918,12250.0, 36 months,24.99,F,F4,8 years,RENT,55000.0,Verified,debt_consolidation,CA,30.93,0.0,665.0,669.0,3.0,94.2,23.0,Individual,6,High Risk,Manual Review
24715806,12000.0, 60 months,25.8,G,G1,10+ years,MORTGAGE,45000.0,Verified,debt_consolidation,IL,32.24,2.0,665.0,669.0,2.0,79.0,16.0,Individual,6,High Risk,Manual Review
24705853,4800.0, 36 months,24.5,F,F3,10+ years,MORTGAGE,52800.0,Verified,other,CA,12.34,1.0,670.0,674.0,0.0,94.5,17.0,Individual,5,High Risk,Manual Review
24645860,10000.0, 60 months,22.15,E,E5,7 years,RENT,27500.0,Source Verified,debt_consolidation,GA,32.82,0.0,680.0,684.0,0.0,81.4,17.0,Individual,6,High Risk,Manual Review
24655810,16075.0, 60 months,23.43,F,F1,10+ years,OWN,52000.0,Source Verified,debt_consolidation,KY,36.88,0.0,700.0,704.0,1.0,70.6,40.0,Individual,5,High Risk,Manual Review
24715975,28000.0, 60 months,23.43,F,F1,8 years,MORTGAGE,93066.0,Verified,debt_consolidation,SC,37.96,0.0,690.0,694.0,0.0,81.6,21.0,Individual,6,High Risk,Manual Review
24665882,18000.0, 60 months,16.99,D,D3,< 1 year,RENT,70000.0,Not Verified,debt_consolidation,NY,32.3,1.0,675.0,679.0,0.0,99.7,30.0,Individual,5,High Risk,Manual Review
17633832,27725.0, 60 months,22.15,E,E5,1 year,OWN,95000.0,Source Verified,debt_consolidation,OH,33.1,0.0,680.0,684.0,4.0,81.7,27.0,Individual,6,High Risk,Manual Review
23993916,26250.0, 60 months,24.99,F,F4,10+ years,MORTGAGE,73000.0,Verified,debt_consolidation,IN,33.29,0.0,695.0,699.0,1.0,87.5,30.0,Individual,6,High Risk,Manual Review
24835830,17975.0, 60 months,18.99,E,E1,1 year,RENT,40000.0,Source Verified,moving,WA,32.85,0.0,665.0,669.0,1.0,16.2,63.0,Individual,5,High Risk,Manual Review
24655775,2000.0, 36 months,24.08,F,F2,2 years,RENT,25000.0,Not Verified,other,NY,33.51,0.0,670.0,674.0,1.0,87.1,18.0,Individual,6,High Risk,Manual Review
24825837,9625.0, 36 months,25.89,G,G3,1 year,MORTGAGE,60000.0,Source Verified,debt_consolidation,WA,32.28,0.0,675.0,679.0,2.0,88.7,20.0,Individual,6,High Risk,Manual Review
24805763,30300.0, 60 months,18.99,E,E1,10+ years,OWN,90000.0,Verified,debt_consolidation,NY,32.31,1.0,690.0,694.0,1.0,86.2,24.0,Individual,7,High Risk,Manual Review
24745684,10000.0, 36 months,18.99,E,E1,10+ years,MORTGAGE,100000.0,Source Verified,other,CT,30.22,0.0,705.0,709.0,3.0,63.4,27.0,Individual,5,High Risk,Manual Review
24785639,10325.0, 60 months,20.2,E,E3,2 years,OWN,26000.0,Source Verified,debt_consolidation,NC,31.95,0.0,670.0,674.0,0.0,61.8,25.0,Individual,5,High Risk,Manual Review
24755357,14375.0, 60 months,22.15,E,E5,5 years,OWN,40000.0,Source Verified,debt_consolidation,MN,33.81,0.0,675.0,679.0,0.0,57.8,14.0,Individual,5,High Risk,Manual Review
24655612,5000.0, 36 months,18.99,E,E1,10+ years,OWN,30000.0,Source Verified,home_improvement,CA,32.68,1.0,690.0,694.0,4.0,49.8,31.0,Individual,6,High Risk,Manual Review
24605698,9000.0, 36 months,20.2,E,E3,10+ years,OWN,35000.0,Source Verified,debt_consolidation,NC,33.13,1.0,670.0,674.0,2.0,52.3,28.0,Individual,6,High Risk,Manual Review
24845621,14475.0, 60 months,20.99,E,E4,4 years,OWN,33133.0,Verified,debt_consolidation,FL,36.29,0.0,695.0,699.0,1.0,47.2,27.0,Individual,5,High Risk,Manual Review
24775707,21575.0, 60 months,25.8,G,G1,7 years,RENT,75000.0,Verified,debt_consolidation,MD,34.66,0.0,685.0,689.0,2.0,96.9,41.0,Individual,6,High Risk,Manual Review
24815638,24525.0, 60 months,24.08,F,F2,10+ years,RENT,100000.0,Verified,debt_consolidation,WA,33.41,0.0,675.0,679.0,1.0,79.1,51.0,Individual,5,High Risk,Manual Review
24745560,13675.0, 60 months,20.2,E,E3,10+ years,MORTGAGE,39624.0,Not Verified,credit_card,MI,30.92,0.0,690.0,694.0,2.0,86.7,23.0,Individual,6,High Risk,Manual Review
24715619,19950.0, 60 months,20.2,E,E3,1 year,RENT,50000.0,Not Verified,debt_consolidation,NY,38.0,3.0,665.0,669.0,0.0,34.0,17.0,Individual,6,High Risk,Manual Review
24835664,13100.0, 60 months,19.52,E,E2,10+ years,MORTGAGE,57000.0,Source Verified,debt_consolidation,NY,30.23,4.0,665.0,669.0,0.0,58.7,36.0,Individual,6,High Risk,Manual Review
24685578,20000.0, 60 months,18.99,E,E1,8 years,MORTGAGE,135000.0,Verified,debt_consolidation,AL,33.97,0.0,685.0,689.0,0.0,71.4,42.0,Individual,5,High Risk,Manual Review
24815643,29000.0, 60 months,23.43,F,F1,10+ years,MORTGAGE,78180.0,Source Verified,home_improvement,NV,33.17,0.0,670.0,674.0,2.0,94.9,50.0,Individual,6,High Risk,Manual Review
24605682,28975.0, 60 months,20.99,E,E4,10+ years,MORTGAGE,63000.0,Source Verified,credit_card,OH,33.83,0.0,685.0,689.0,1.0,57.9,40.0,Individual,5,High Risk,Manual Review
24735541,16000.0, 60 months,25.89,G,G3,9 years,MORTGAGE,80000.0,Source Verified,major_purchase,TX,30.14,0.0,670.0,674.0,1.0,81.6,33.0,Individual,6,High Risk,Manual Review
24735510,11200.0, 60 months,24.08,F,F2,< 1 year,MORTGAGE,45000.0,Not Verified,credit_card,OK,34.93,3.0,670.0,674.0,2.0,86.4,38.0,Individual,7,High Risk,Manual Review
24625527,8000.0, 36 months,20.99,E,E4,10+ years,RENT,70000.0,Source Verified,moving,DC,34.84,0.0,665.0,669.0,0.0,88.1,34.0,Individual,6,High Risk,Manual Review
23826196,33000.0, 60 months,26.06,G,G5,10+ years,MORTGAGE,150000.0,Verified,credit_card,OK,31.1,0.0,690.0,694.0,2.0,98.0,20.0,Individual,6,High Risk,Manual Review
23844947,22750.0, 60 months,23.43,F,F1,5 years,MORTGAGE,60000.0,Source Verified,debt_consolidation,GA,37.56,1.0,675.0,679.0,1.0,64.9,28.0,Individual,6,High Risk,Manual Review
24124931,4050.0, 36 months,25.89,G,G3,10+ years,MORTGAGE,33840.0,Verified,debt_consolidation,MI,22.09,1.0,660.0,664.0,2.0,83.5,30.0,Individual,5,High Risk,Manual Review
24675442,24000.0, 60 months,19.52,E,E2,10+ years,MORTGAGE,85100.0,Source Verified,debt_consolidation,TX,24.72,1.0,690.0,694.0,1.0,93.9,19.0,Individual,5,High Risk,Manual Review
24695355,9550.0, 36 months,22.15,E,E5,10+ years,MORTGAGE,32000.0,Not Verified,debt_consolidation,TN,35.86,1.0,665.0,669.0,1.0,76.2,32.0,Individual,6,High Risk,Manual Review
24744986,18000.0, 60 months,24.5,F,F3,10+ years,MORTGAGE,50000.0,Not Verified,debt_consolidation,WV,31.37,0.0,670.0,674.0,0.0,52.6,22.0,Individual,5,High Risk,Manual Review
24695398,4000.0, 36 months,24.08,F,F2,8 years,MORTGAGE,48012.0,Verified,debt_consolidation,MN,20.49,2.0,685.0,689.0,1.0,80.2,37.0,Individual,5,High Risk,Manual Review
24785365,10000.0, 36 months,20.99,E,E4,9 years,RENT,29000.0,Verified,debt_consolidation,TX,36.71,0.0,685.0,689.0,2.0,99.6,19.0,Individual,6,High Risk,Manual Review
24835407,15000.0, 60 months,20.99,E,E4,10+ years,MORTGAGE,73000.0,Verified,credit_card,GA,32.65,0.0,670.0,674.0,1.0,96.2,63.0,Individual,6,High Risk,Manual Review
24775282,18350.0, 60 months,20.99,E,E4,10+ years,MORTGAGE,43442.0,Not Verified,debt_consolidation,VA,36.49,0.0,690.0,694.0,1.0,87.5,37.0,Individual,6,High Risk,Manual Review
24695333,6900.0, 36 months,20.2,E,E3,10+ years,MORTGAGE,72000.0,Verified,home_improvement,VA,31.45,0.0,665.0,669.0,1.0,81.6,33.0,Individual,6,High Risk,Manual Review
24605288,2400.0, 36 months,24.99,F,F4,7 years,RENT,32000.0,Not Verified,debt_consolidation,NJ,36.68,0.0,665.0,669.0,3.0,93.1,18.0,Individual,6,High Risk,Manual Review
24685054,6400.0, 36 months,19.52,E,E2,2 years,MORTGAGE,49000.0,Source Verified,debt_consolidation,IL,37.94,0.0,665.0,669.0,1.0,70.4,25.0,Individual,5,High Risk,Manual Review
24665305,35000.0, 60 months,22.15,E,E5,10+ years,MORTGAGE,178000.0,Verified,debt_consolidation,NM,16.51,2.0,675.0,679.0,0.0,92.7,27.0,Individual,5,High Risk,Manual Review
24675326,30000.0, 36 months,20.99,E,E4,7 years,OWN,109000.0,Verified,credit_card,CT,17.53,1.0,665.0,669.0,2.0,80.2,45.0,Individual,5,High Risk,Manual Review
24815283,5325.0, 36 months,18.99,E,E1,7 years,MORTGAGE,42265.6,Not Verified,debt_consolidation,NV,38.84,0.0,710.0,714.0,0.0,52.9,23.0,Individual,5,High Risk,Manual Review
24715307,28000.0, 60 months,20.2,E,E3,10+ years,OWN,72000.0,Source Verified,debt_consolidation,MD,36.63,2.0,670.0,674.0,0.0,78.9,34.0,Individual,6,High Risk,Manual Review
24775296,5800.0, 36 months,22.15,E,E5,10+ years,RENT,90000.0,Verified,debt_consolidation,CT,30.76,0.0,680.0,684.0,3.0,71.0,26.0,Individual,5,High Risk,Manual Review
24013838,12800.0, 60 months,24.5,F,F3,,MORTGAGE,61417.0,Verified,credit_card,MD,33.78,0.0,670.0,674.0,0.0,82.6,47.0,Individual,6,High Risk,Manual Review
24045791,26375.0, 36 months,19.52,E,E2,,RENT,60000.0,Verified,debt_consolidation,FL,31.72,3.0,680.0,684.0,1.0,21.8,69.0,Individual,6,High Risk,Manual Review
24765243,20000.0, 60 months,23.43,F,F1,10+ years,MORTGAGE,60000.0,Source Verified,other,CA,30.62,0.0,685.0,689.0,2.0,28.4,32.0,Individual,5,High Risk,Manual Review
24454790,13975.0, 60 months,23.43,F,F1,4 years,MORTGAGE,115000.0,Source Verified,debt_consolidation,IL,14.02,1.0,660.0,664.0,3.0,82.1,30.0,Individual,5,High Risk,Manual Review
24695176,18950.0, 36 months,25.83,G,G2,10+ years,RENT,50000.0,Verified,major_purchase,CA,37.4,1.0,680.0,684.0,1.0,94.1,16.0,Individual,7,High Risk,Manual Review
24845257,7625.0, 36 months,19.52,E,E2,10+ years,MORTGAGE,65000.0,Verified,home_improvement,MN,12.15,5.0,670.0,674.0,1.0,84.4,18.0,Individual,5,High Risk,Manual Review
24815139,12500.0, 60 months,19.52,E,E2,10+ years,RENT,62400.0,Verified,credit_card,OK,38.12,0.0,695.0,699.0,1.0,54.8,31.0,Individual,5,High Risk,Manual Review
24204736,22875.0, 60 months,25.83,G,G2,10+ years,MORTGAGE,63654.0,Verified,debt_consolidation,CA,34.67,0.0,660.0,664.0,0.0,73.3,26.0,Individual,5,High Risk,Manual Review
23873462,24000.0, 60 months,20.99,E,E4,10+ years,MORTGAGE,200000.0,Verified,major_purchase,CA,10.41,1.0,695.0,699.0,0.0,91.5,15.0,Individual,5,High Risk,Manual Review
17322696,12475.0, 60 months,19.52,E,E2,2 years,MORTGAGE,71000.0,Source Verified,debt_consolidation,SC,25.74,1.0,680.0,684.0,2.0,98.4,29.0,Individual,5,High Risk,Manual Review
24705084,10000.0, 36 months,15.61,D,D1,< 1 year,MORTGAGE,60000.0,Verified,debt_consolidation,GA,32.18,1.0,660.0,664.0,1.0,90.1,26.0,Individual,5,High Risk,Manual Review
24705141,3000.0, 36 months,23.43,F,F1,,RENT,24000.0,Source Verified,credit_card,CA,31.65,0.0,670.0,674.0,1.0,37.6,12.0,Individual,5,High Risk,Manual Review
22191284,7200.0, 36 months,18.99,E,E1,6 years,RENT,21000.0,Source Verified,house,WA,32.46,0.0,695.0,699.0,0.0,74.3,7.0,Individual,5,High Risk,Manual Review
24725112,17600.0, 60 months,20.2,E,E3,10+ years,MORTGAGE,70000.0,Source Verified,debt_consolidation,IL,14.02,1.0,665.0,669.0,4.0,90.5,21.0,Individual,5,High Risk,Manual Review
23995032,12000.0, 60 months,22.15,E,E5,10+ years,RENT,32000.0,Source Verified,credit_card,CO,33.98,0.0,690.0,694.0,2.0,37.5,13.0,Individual,5,High Risk,Manual Review
24635054,1500.0, 36 months,20.99,E,E4,< 1 year,MORTGAGE,140000.0,Source Verified,debt_consolidation,AR,30.44,1.0,690.0,694.0,4.0,56.5,36.0,Individual,6,High Risk,Manual Review
24765062,18250.0, 36 months,18.99,E,E1,1 year,MORTGAGE,74000.0,Not Verified,debt_consolidation,CO,31.3,0.0,695.0,699.0,0.0,94.1,28.0,Individual,6,High Risk,Manual Review
24825120,14375.0, 36 months,20.2,E,E3,10+ years,RENT,40000.0,Source Verified,credit_card,OH,33.54,0.0,660.0,664.0,1.0,76.3,16.0,Individual,5,High Risk,Manual Review
24685059,24000.0, 60 months,19.52,E,E2,10+ years,MORTGAGE,52372.0,Source Verified,debt_consolidation,WI,31.48,0.0,730.0,734.0,1.0,80.7,29.0,Individual,6,High Risk,Manual Review
24795065,35000.0, 60 months,20.2,E,E3,,MORTGAGE,94000.0,Source Verified,credit_card,FL,30.79,0.0,660.0,664.0,2.0,73.2,45.0,Individual,5,High Risk,Manual Review
24655043,2400.0, 36 months,20.99,E,E4,4 years,RENT,35000.0,Not Verified,debt_consolidation,CA,32.34,0.0,675.0,679.0,0.0,72.9,13.0,Individual,5,High Risk,Manual Review
24604969,14400.0, 60 months,19.52,E,E2,10+ years,RENT,65000.0,Source Verified,debt_consolidation,WA,34.12,2.0,660.0,664.0,3.0,67.2,17.0,Individual,6,High Risk,Manual Review
24524921,9600.0, 36 months,18.99,E,E1,1 year,RENT,32000.0,Verified,debt_consolidation,WI,33.8,0.0,660.0,664.0,2.0,31.6,55.0,Individual,5,High Risk,Manual Review
24114531,12000.0, 36 months,19.52,E,E2,10+ years,MORTGAGE,137440.0,Verified,home_improvement,NC,32.5,0.0,695.0,699.0,2.0,65.9,65.0,Individual,5,High Risk,Manual Review
24485133,16850.0, 60 months,22.15,E,E5,10+ years,RENT,42300.0,Source Verified,debt_consolidation,CA,35.32,0.0,665.0,669.0,0.0,75.6,25.0,Individual,5,High Risk,Manual Review
24475143,8000.0, 36 months,24.5,F,F3,7 years,RENT,98000.0,Verified,debt_consolidation,CA,38.35,0.0,670.0,674.0,0.0,100.7,30.0,Individual,6,High Risk,Manual Review
24545127,3000.0, 36 months,20.99,E,E4,10+ years,OWN,36000.0,Not Verified,credit_card,CA,36.0,0.0,680.0,684.0,0.0,81.2,43.0,Individual,6,High Risk,Manual Review
24575150,15075.0, 36 months,15.61,D,D1,10+ years,MORTGAGE,66000.0,Verified,debt_consolidation,OR,35.75,2.0,670.0,674.0,0.0,92.7,22.0,Individual,5,High Risk,Manual Review
23824714,12000.0, 60 months,20.99,E,E4,4 years,OWN,32000.0,Verified,major_purchase,TN,30.91,1.0,660.0,664.0,0.0,81.8,38.0,Individual,7,High Risk,Manual Review
24455052,2000.0, 36 months,24.99,F,F4,10+ years,RENT,16000.0,Not Verified,moving,CA,35.93,0.0,670.0,674.0,1.0,28.7,5.0,Individual,5,High Risk,Manual Review
24365123,35000.0, 60 months,22.15,E,E5,10+ years,MORTGAGE,109000.0,Verified,debt_consolidation,CA,4.29,2.0,670.0,674.0,2.0,98.0,10.0,Individual,5,High Risk,Manual Review
24575043,28500.0, 60 months,19.52,E,E2,3 years,MORTGAGE,62000.0,Source Verified,debt_consolidation,CO,30.1,0.0,685.0,689.0,0.0,81.2,22.0,Individual,6,High Risk,Manual Review
24575046,20000.0, 60 months,24.08,F,F2,1 year,MORTGAGE,75000.0,Verified,other,MD,14.66,1.0,680.0,684.0,0.0,92.8,25.0,Individual,5,High Risk,Manual Review
24425092,7000.0, 36 months,19.52,E,E2,8 years,MORTGAGE,51000.0,Source Verified,other,CA,16.58,1.0,665.0,669.0,0.0,86.6,10.0,Individual,5,High Risk,Manual Review
24505116,30000.0, 60 months,20.2,E,E3,2 years,MORTGAGE,125000.0,Source Verified,debt_consolidation,FL,17.24,4.0,660.0,664.0,1.0,92.7,36.0,Individual,5,High Risk,Manual Review
24364975,25000.0, 60 months,22.15,E,E5,10+ years,MORTGAGE,88000.0,Source Verified,debt_consolidation,OH,39.73,1.0,660.0,664.0,0.0,84.9,23.0,Individual,7,High Risk,Manual Review
23773455,4200.0, 36 months,18.99,E,E1,10+ years,MORTGAGE,42000.0,Not Verified,other,SC,26.06,1.0,660.0,664.0,1.0,84.2,37.0,Individual,5,High Risk,Manual Review
24154818,11775.0, 60 months,20.99,E,E4,4 years,MORTGAGE,48000.0,Verified,debt_consolidation,TX,33.58,0.0,685.0,689.0,3.0,33.1,63.0,Individual,5,High Risk,Manual Review
24534926,10500.0, 60 months,25.8,G,G1,10+ years,MORTGAGE,60000.0,Verified,debt_consolidation,IL,30.46,0.0,680.0,684.0,1.0,87.6,26.0,Individual,6,High Risk,Manual Review
24104569,5000.0, 36 months,23.43,F,F1,10+ years,MORTGAGE,32000.0,Source Verified,vacation,CA,33.08,2.0,660.0,664.0,2.0,75.0,49.0,Individual,6,High Risk,Manual Review
24504957,6000.0, 36 months,24.5,F,F3,5 years,MORTGAGE,55000.0,Verified,other,IL,38.08,0.0,670.0,674.0,3.0,54.5,31.0,Individual,5,High Risk,Manual Review
24414804,8200.0, 36 months,18.99,E,E1,5 years,RENT,23000.0,Source Verified,debt_consolidation,IL,39.04,0.0,715.0,719.0,0.0,50.4,14.0,Individual,5,High Risk,Manual Review
22041628,21750.0, 60 months,20.99,E,E4,10+ years,RENT,54500.0,Source Verified,debt_consolidation,CA,34.68,1.0,680.0,684.0,0.0,75.4,18.0,Individual,6,High Risk,Manual Review
23373328,11500.0, 60 months,24.5,F,F3,10+ years,MORTGAGE,72000.0,Not Verified,credit_card,MA,22.52,1.0,665.0,669.0,1.0,85.4,17.0,Individual,5,High Risk,Manual Review
24424798,28000.0, 60 months,25.83,G,G2,8 years,MORTGAGE,130000.0,Source Verified,credit_card,CO,14.38,2.0,660.0,664.0,2.0,94.8,36.0,Individual,5,High Risk,Manual Review
24214433,14800.0, 60 months,25.99,G,G4,1 year,MORTGAGE,65000.0,Source Verified,debt_consolidation,AL,31.23,0.0,685.0,689.0,2.0,72.4,44.0,Individual,5,High Risk,Manual Review
23875131,35000.0, 60 months,20.2,E,E3,3 years,MORTGAGE,85000.0,Verified,debt_consolidation,OK,30.99,0.0,670.0,674.0,0.0,89.0,66.0,Individual,6,High Risk,Manual Review
24114869,9600.0, 36 months,23.43,F,F1,,RENT,32000.0,Verified,debt_consolidation,AR,31.55,3.0,665.0,669.0,0.0,85.1,15.0,Individual,7,High Risk,Manual Review
23964713,16150.0, 60 months,20.99,E,E4,8 years,MORTGAGE,36000.0,Verified,debt_consolidation,MD,38.57,0.0,690.0,694.0,0.0,51.9,31.0,Individual,5,High Risk,Manual Review
24234875,13175.0, 60 months,18.99,E,E1,< 1 year,MORTGAGE,36748.0,Source Verified,debt_consolidation,IL,32.63,0.0,665.0,669.0,1.0,75.6,34.0,Individual,5,High Risk,Manual Review
24264757,5000.0, 36 months,18.99,E,E1,10+ years,MORTGAGE,58000.0,Not Verified,debt_consolidation,NM,19.56,5.0,660.0,664.0,3.0,94.4,44.0,Individual,5,High Risk,Manual Review
24294691,1600.0, 36 months,25.8,G,G1,,MORTGAGE,36000.0,Verified,other,NC,38.15,2.0,660.0,664.0,1.0,90.5,12.0,Individual,7,High Risk,Manual Review
24184764,20500.0, 60 months,19.52,E,E2,6 years,MORTGAGE,49000.0,Source Verified,debt_consolidation,FL,32.55,0.0,685.0,689.0,1.0,80.9,37.0,Individual,6,High Risk,Manual Review
24003926,13625.0, 36 months,19.52,E,E2,10+ years,MORTGAGE,49000.0,Source Verified,vacation,MD,35.53,0.0,665.0,669.0,1.0,75.2,41.0,Individual,5,High Risk,Manual Review
24124812,24000.0, 60 months,18.99,E,E1,10+ years,MORTGAGE,83000.0,Source Verified,debt_consolidation,PA,36.6,0.0,695.0,699.0,0.0,59.6,56.0,Individual,5,High Risk,Manual Review
24164727,20000.0, 60 months,25.99,G,G4,3 years,MORTGAGE,104000.0,Verified,credit_card,WI,31.0,0.0,660.0,664.0,1.0,86.8,25.0,Individual,6,High Risk,Manual Review
23836335,13000.0, 60 months,15.61,D,D1,10+ years,RENT,35000.0,Source Verified,debt_consolidation,MA,34.6,1.0,660.0,664.0,0.0,89.5,20.0,Individual,5,High Risk,Manual Review
23885730,6475.0, 36 months,25.57,F,F5,,RENT,18000.0,Source Verified,debt_consolidation,OH,38.73,0.0,665.0,669.0,0.0,68.7,17.0,Individual,5,High Risk,Manual Review
24274579,2500.0, 36 months,22.15,E,E5,,RENT,50000.0,Verified,credit_card,NJ,30.54,0.0,675.0,679.0,3.0,92.5,48.0,Individual,6,High Risk,Manual Review
24254730,10000.0, 36 months,24.5,F,F3,,RENT,35000.0,Verified,debt_consolidation,MD,36.08,1.0,660.0,664.0,1.0,71.4,27.0,Individual,6,High Risk,Manual Review
24184638,15000.0, 36 months,20.99,E,E4,9 years,MORTGAGE,63000.0,Verified,debt_consolidation,IL,34.38,0.0,690.0,694.0,0.0,96.0,26.0,Individual,6,High Risk,Manual Review
24264641,35000.0, 36 months,18.99,E,E1,10+ years,MORTGAGE,125000.0,Verified,other,TX,36.34,0.0,695.0,699.0,0.0,51.4,39.0,Individual,5,High Risk,Manual Review
24264682,10000.0, 36 months,18.99,E,E1,10+ years,RENT,46000.0,Verified,debt_consolidation,MS,39.76,0.0,670.0,674.0,1.0,65.4,58.0,Individual,5,High Risk,Manual Review
24234741,8000.0, 36 months,18.24,D,D5,10+ years,OWN,32000.0,Source Verified,credit_card,TX,34.7,1.0,660.0,664.0,0.0,93.6,55.0,Individual,5,High Risk,Manual Review
24254712,30000.0, 60 months,18.99,E,E1,5 years,MORTGAGE,78000.0,Verified,debt_consolidation,MS,33.35,1.0,670.0,674.0,2.0,54.0,26.0,Individual,6,High Risk,Manual Review
24254629,20400.0, 60 months,18.99,E,E1,7 years,MORTGAGE,86000.0,Source Verified,credit_card,CA,33.57,0.0,705.0,709.0,0.0,83.3,40.0,Individual,6,High Risk,Manual Review
24224659,22200.0, 60 months,18.99,E,E1,< 1 year,OWN,50650.0,Verified,debt_consolidation,CT,30.61,1.0,690.0,694.0,1.0,67.5,38.0,Individual,6,High Risk,Manual Review
24254698,28000.0, 60 months,18.99,E,E1,10+ years,MORTGAGE,124000.0,Source Verified,debt_consolidation,OK,21.52,1.0,700.0,704.0,2.0,97.6,30.0,Individual,5,High Risk,Manual Review
24294653,10400.0, 60 months,19.52,E,E2,< 1 year,OWN,35000.0,Verified,other,NY,30.66,2.0,680.0,684.0,0.0,92.4,17.0,Individual,7,High Risk,Manual Review
24114604,25000.0, 60 months,20.2,E,E3,8 years,RENT,67000.0,Source Verified,credit_card,LA,23.36,1.0,665.0,669.0,0.0,90.5,21.0,Individual,5,High Risk,Manual Review
24064698,11750.0, 60 months,18.99,E,E1,,MORTGAGE,40000.0,Verified,debt_consolidation,IL,38.64,0.0,720.0,724.0,0.0,79.9,20.0,Individual,5,High Risk,Manual Review
24244608,6000.0, 36 months,24.5,F,F3,3 years,MORTGAGE,45000.0,Source Verified,debt_consolidation,GA,31.49,0.0,680.0,684.0,0.0,73.6,23.0,Individual,5,High Risk,Manual Review
24284545,7075.0, 36 months,22.15,E,E5,9 years,RENT,21000.0,Source Verified,debt_consolidation,FL,38.8,1.0,670.0,674.0,2.0,69.5,16.0,Individual,6,High Risk,Manual Review
24214556,5725.0, 36 months,24.5,F,F3,3 years,RENT,24000.0,Source Verified,debt_consolidation,OH,30.8,0.0,675.0,679.0,0.0,91.7,11.0,Individual,6,High Risk,Manual Review
24124575,4800.0, 36 months,24.5,F,F3,10+ years,RENT,37000.0,Source Verified,debt_consolidation,NV,38.21,0.0,670.0,674.0,1.0,85.1,26.0,Individual,6,High Risk,Manual Review
24124618,15000.0, 60 months,25.89,G,G3,4 years,MORTGAGE,57000.0,Source Verified,debt_consolidation,NV,38.38,1.0,660.0,664.0,0.0,41.9,40.0,Individual,6,High Risk,Manual Review
24164601,10000.0, 36 months,22.15,E,E5,2 years,OWN,82243.0,Source Verified,debt_consolidation,IL,34.46,0.0,680.0,684.0,3.0,88.5,31.0,Individual,6,High Risk,Manual Review
24184482,12475.0, 60 months,22.15,E,E5,8 years,RENT,44000.0,Verified,debt_consolidation,OH,33.17,0.0,665.0,669.0,3.0,49.2,39.0,Individual,5,High Risk,Manual Review
24204580,15000.0, 60 months,18.24,D,D5,< 1 year,RENT,70000.0,Source Verified,debt_consolidation,TX,35.3,1.0,660.0,664.0,1.0,80.9,19.0,Individual,5,High Risk,Manual Review
24234470,12600.0, 60 months,18.99,E,E1,< 1 year,RENT,35000.0,Source Verified,debt_consolidation,NY,34.39,0.0,660.0,664.0,1.0,91.0,13.0,Individual,6,High Risk,Manual Review
24214440,24000.0, 60 months,24.5,F,F3,7 years,MORTGAGE,96000.0,Verified,home_improvement,TX,19.51,3.0,675.0,679.0,0.0,92.2,102.0,Individual,5,High Risk,Manual Review
24224464,2500.0, 36 months,20.99,E,E4,,RENT,8508.0,Verified,debt_consolidation,OR,30.32,0.0,735.0,739.0,0.0,26.0,6.0,Individual,5,High Risk,Manual Review
24184388,27575.0, 60 months,19.52,E,E2,8 years,RENT,60000.0,Source Verified,debt_consolidation,TX,32.32,0.0,695.0,699.0,0.0,56.9,34.0,Individual,5,High Risk,Manual Review
24084437,16225.0, 60 months,25.57,F,F5,10+ years,RENT,47900.0,Source Verified,debt_consolidation,LA,32.12,0.0,700.0,704.0,0.0,94.1,31.0,Individual,6,High Risk,Manual Review
22273342,15000.0, 36 months,18.99,E,E1,10+ years,MORTGAGE,108000.0,Verified,debt_consolidation,MD,20.7,1.0,675.0,679.0,0.0,81.2,36.0,Individual,5,High Risk,Manual Review
23915072,8000.0, 36 months,23.43,F,F1,10+ years,MORTGAGE,27000.0,Source Verified,debt_consolidation,NH,31.33,0.0,665.0,669.0,0.0,92.9,11.0,Individual,6,High Risk,Manual Review
24026347,18500.0, 60 months,24.08,F,F2,9 years,MORTGAGE,69000.0,Verified,debt_consolidation,FL,34.72,0.0,695.0,699.0,1.0,59.5,29.0,Individual,5,High Risk,Manual Review
23823598,10175.0, 60 months,24.08,F,F2,8 years,RENT,30000.0,Verified,debt_consolidation,MN,31.63,0.0,670.0,674.0,1.0,53.3,45.0,Individual,5,High Risk,Manual Review
24224372,8000.0, 36 months,25.8,G,G1,,MORTGAGE,26818.8,Verified,debt_consolidation,AZ,34.24,0.0,675.0,679.0,1.0,61.8,10.0,Individual,5,High Risk,Manual Review
24304412,17775.0, 36 months,20.2,E,E3,10+ years,RENT,60000.0,Verified,debt_consolidation,SC,37.52,0.0,675.0,679.0,1.0,82.3,38.0,Individual,6,High Risk,Manual Review
24244408,16300.0, 60 months,25.83,G,G2,10+ years,MORTGAGE,54432.0,Verified,debt_consolidation,WI,28.11,1.0,670.0,674.0,5.0,82.2,44.0,Individual,5,High Risk,Manual Review
23925967,19200.0, 60 months,20.2,E,E3,10+ years,RENT,54000.0,Source Verified,credit_card,MA,31.06,0.0,665.0,669.0,1.0,52.5,30.0,Individual,5,High Risk,Manual Review
23956132,3000.0, 36 months,23.43,F,F1,10+ years,MORTGAGE,100000.0,Verified,debt_consolidation,NY,23.24,1.0,675.0,679.0,3.0,89.2,41.0,Individual,5,High Risk,Manual Review
22962612,22000.0, 60 months,19.52,E,E2,< 1 year,RENT,55000.0,Verified,debt_consolidation,NM,31.9,0.0,690.0,694.0,3.0,53.8,28.0,Individual,5,High Risk,Manual Review
23885749,24925.0, 60 months,19.52,E,E2,10+ years,MORTGAGE,100000.0,Verified,debt_consolidation,PA,38.17,0.0,680.0,684.0,4.0,63.9,20.0,Individual,5,High Risk,Manual Review
24046192,9650.0, 36 months,18.99,E,E1,10+ years,MORTGAGE,68000.0,Verified,debt_consolidation,VA,36.55,1.0,670.0,674.0,0.0,46.2,34.0,Individual,6,High Risk,Manual Review
24056415,12000.0, 36 months,18.99,E,E1,4 years,OWN,70000.0,Source Verified,debt_consolidation,OR,36.1,0.0,670.0,674.0,1.0,80.8,20.0,Individual,6,High Risk,Manual Review
23975877,35000.0, 60 months,25.57,F,F5,< 1 year,RENT,120000.0,Source Verified,debt_consolidation,MS,23.29,1.0,665.0,669.0,2.0,91.0,39.0,Individual,5,High Risk,Manual Review
23904875,16125.0, 60 months,20.99,E,E4,6 years,OWN,45000.0,Source Verified,debt_consolidation,TN,16.11,2.0,660.0,664.0,0.0,99.7,30.0,Individual,5,High Risk,Manual Review
23916308,4000.0, 36 months,23.43,F,F1,,RENT,25200.0,Verified,other,AZ,28.24,1.0,695.0,699.0,0.0,97.4,22.0,Individual,5,High Risk,Manual Review
23925916,26925.0, 60 months,25.89,G,G3,3 years,MORTGAGE,75000.0,Verified,debt_consolidation,NJ,30.22,1.0,680.0,684.0,1.0,48.1,35.0,Individual,6,High Risk,Manual Review
23906474,19350.0, 60 months,19.52,E,E2,,OWN,55000.0,Verified,credit_card,KY,38.08,2.0,660.0,664.0,0.0,59.5,35.0,Individual,6,High Risk,Manual Review
23816087,25600.0, 60 months,25.57,F,F5,1 year,RENT,80000.0,Source Verified,debt_consolidation,FL,25.92,1.0,660.0,664.0,3.0,104.6,26.0,Individual,5,High Risk,Manual Review
23816104,10000.0, 60 months,22.15,E,E5,< 1 year,RENT,25000.0,Source Verified,debt_consolidation,NY,30.05,0.0,665.0,669.0,0.0,60.4,23.0,Individual,5,High Risk,Manual Review
22632451,25450.0, 60 months,20.99,E,E4,3 years,RENT,67000.0,Source Verified,debt_consolidation,TN,26.58,4.0,660.0,664.0,0.0,84.2,46.0,Individual,5,High Risk,Manual Review
24045999,35000.0, 60 months,19.52,E,E2,10+ years,OWN,100000.0,Verified,debt_consolidation,MA,31.94,0.0,710.0,714.0,2.0,93.7,29.0,Individual,6,High Risk,Manual Review
23996145,1500.0, 36 months,23.43,F,F1,7 years,MORTGAGE,56000.0,Not Verified,home_improvement,WA,26.46,1.0,670.0,674.0,1.0,81.1,21.0,Individual,5,High Risk,Manual Review
24016161,15975.0, 60 months,23.43,F,F1,2 years,MORTGAGE,40000.0,Not Verified,debt_consolidation,MA,35.94,0.0,730.0,734.0,1.0,29.2,53.0,Individual,5,High Risk,Manual Review
24005968,13950.0, 60 months,24.99,F,F4,10+ years,RENT,39000.0,Source Verified,debt_consolidation,MS,38.18,0.0,665.0,669.0,1.0,68.1,23.0,Individual,5,High Risk,Manual Review
23936069,13300.0, 36 months,25.83,G,G2,10+ years,MORTGAGE,80000.0,Verified,debt_consolidation,HI,23.56,1.0,665.0,669.0,2.0,97.8,20.0,Individual,5,High Risk,Manual Review
23925826,18000.0, 60 months,19.52,E,E2,1 year,RENT,58000.0,Source Verified,debt_consolidation,IL,33.91,0.0,665.0,669.0,1.0,93.1,25.0,Individual,6,High Risk,Manual Review
23925800,12450.0, 36 months,22.15,E,E5,10+ years,MORTGAGE,67000.0,Verified,debt_consolidation,WA,34.16,0.0,660.0,664.0,2.0,88.0,35.0,Individual,6,High Risk,Manual Review
23925814,8050.0, 36 months,24.99,F,F4,8 years,RENT,27013.26,Verified,debt_consolidation,WA,30.85,0.0,685.0,689.0,0.0,78.4,13.0,Individual,5,High Risk,Manual Review
23945528,10725.0, 60 months,22.15,E,E5,5 years,RENT,27000.0,Not Verified,debt_consolidation,VA,39.78,0.0,685.0,689.0,1.0,69.4,26.0,Individual,5,High Risk,Manual Review
23994399,11725.0, 36 months,20.2,E,E3,10+ years,RENT,37000.0,Source Verified,other,MD,33.9,0.0,670.0,674.0,0.0,52.4,18.0,Individual,5,High Risk,Manual Review
23513303,12800.0, 60 months,24.5,F,F3,10+ years,MORTGAGE,52000.0,Verified,debt_consolidation,KY,36.64,0.0,685.0,689.0,3.0,58.9,38.0,Individual,5,High Risk,Manual Review
23864878,17100.0, 60 months,19.52,E,E2,10+ years,RENT,40820.0,Source Verified,debt_consolidation,PA,31.46,0.0,700.0,704.0,0.0,78.4,18.0,Individual,5,High Risk,Manual Review
23825956,12950.0, 60 months,18.99,E,E1,2 years,OWN,42000.0,Source Verified,debt_consolidation,TN,34.49,0.0,670.0,674.0,1.0,48.2,58.0,Individual,5,High Risk,Manual Review
23152714,1000.0, 36 months,25.8,G,G1,2 years,RENT,85000.0,Source Verified,vacation,NY,17.21,1.0,660.0,664.0,6.0,85.8,15.0,Individual,5,High Risk,Manual Review
23866222,27750.0, 36 months,25.99,G,G4,10+ years,MORTGAGE,87000.0,Verified,debt_consolidation,TX,28.98,2.0,660.0,664.0,5.0,80.5,25.0,Individual,5,High Risk,Manual Review
24035362,24550.0, 36 months,25.89,G,G3,,MORTGAGE,64653.72,Verified,debt_consolidation,TN,38.82,0.0,675.0,679.0,0.0,93.5,44.0,Individual,6,High Risk,Manual Review
24026133,20000.0, 60 months,18.99,E,E1,10+ years,MORTGAGE,70000.0,Source Verified,other,NY,33.89,0.0,680.0,684.0,1.0,81.7,26.0,Individual,6,High Risk,Manual Review
24035788,15000.0, 60 months,18.99,E,E1,6 years,OWN,57000.0,Verified,debt_consolidation,MA,35.83,0.0,670.0,674.0,0.0,80.3,44.0,Individual,6,High Risk,Manual Review
23825908,35000.0, 60 months,25.8,G,G1,8 years,MORTGAGE,110000.0,Source Verified,debt_consolidation,SD,32.44,1.0,670.0,674.0,1.0,96.6,43.0,Individual,7,High Risk,Manual Review
23995409,9000.0, 36 months,19.52,E,E2,2 years,RENT,25000.0,Source Verified,debt_consolidation,NY,35.77,0.0,660.0,664.0,1.0,93.6,13.0,Individual,6,High Risk,Manual Review
23935883,10000.0, 60 months,25.83,G,G2,10+ years,MORTGAGE,60000.0,Not Verified,debt_consolidation,UT,31.56,0.0,670.0,674.0,1.0,86.8,26.0,Individual,6,High Risk,Manual Review
23935507,8325.0, 36 months,24.5,F,F3,,RENT,26078.0,Verified,medical,FL,37.32,0.0,665.0,669.0,1.0,28.7,34.0,Individual,5,High Risk,Manual Review
23815814,11100.0, 60 months,25.57,F,F5,3 years,RENT,34000.0,Verified,debt_consolidation,NJ,34.42,0.0,680.0,684.0,1.0,80.5,17.0,Individual,6,High Risk,Manual Review
23793207,11200.0, 60 months,19.52,E,E2,4 years,OWN,73000.0,Not Verified,debt_consolidation,MD,12.33,2.0,675.0,679.0,0.0,83.1,40.0,Individual,5,High Risk,Manual Review
24055837,6000.0, 36 months,20.2,E,E3,8 years,RENT,85000.0,Verified,debt_consolidation,NJ,27.22,1.0,680.0,684.0,2.0,97.8,31.0,Individual,5,High Risk,Manual Review
23995651,7475.0, 36 months,18.99,E,E1,3 years,RENT,18720.0,Source Verified,debt_consolidation,FL,31.86,0.0,675.0,679.0,2.0,74.1,12.0,Individual,5,High Risk,Manual Review
23875941,18000.0, 60 months,19.52,E,E2,10+ years,OWN,57000.0,Verified,debt_consolidation,FL,30.55,0.0,685.0,689.0,4.0,59.3,41.0,Individual,5,High Risk,Manual Review
23955392,35000.0, 36 months,25.8,G,G1,2 years,OWN,165000.0,Verified,debt_consolidation,AK,17.65,1.0,690.0,694.0,5.0,80.2,29.0,Individual,5,High Risk,Manual Review
5041510,14950.0, 36 months,25.89,G,G3,10+ years,MORTGAGE,82000.0,Source Verified,wedding,CA,30.42,0.0,710.0,714.0,4.0,75.6,21.0,Individual,5,High Risk,Manual Review
23866046,12000.0, 60 months,25.83,G,G2,2 years,MORTGAGE,60000.0,Verified,debt_consolidation,NV,30.14,0.0,695.0,699.0,2.0,73.4,22.0,Individual,5,High Risk,Manual Review
23994837,30000.0, 60 months,25.89,G,G3,10+ years,MORTGAGE,155000.0,Source Verified,credit_card,NJ,12.4,1.0,665.0,669.0,3.0,88.5,43.0,Individual,5,High Risk,Manual Review
23915516,12550.0, 36 months,18.99,E,E1,4 years,MORTGAGE,42000.0,Verified,debt_consolidation,TX,21.77,2.0,660.0,664.0,0.0,90.9,22.0,Individual,5,High Risk,Manual Review
23915600,14975.0, 60 months,25.57,F,F5,7 years,RENT,50000.0,Source Verified,debt_consolidation,TX,17.28,1.0,660.0,664.0,0.0,93.3,23.0,Individual,5,High Risk,Manual Review
23935371,20000.0, 60 months,24.08,F,F2,6 years,MORTGAGE,63000.0,Verified,debt_consolidation,NC,38.81,0.0,695.0,699.0,3.0,58.3,54.0,Individual,5,High Risk,Manual Review
23905693,3000.0, 36 months,16.99,D,D3,6 years,MORTGAGE,57000.0,Not Verified,credit_card,IL,37.87,1.0,665.0,669.0,0.0,81.9,42.0,Individual,5,High Risk,Manual Review
23844771,3200.0, 36 months,25.8,G,G1,,RENT,9624.0,Verified,medical,AL,32.92,0.0,670.0,674.0,1.0,70.7,15.0,Individual,5,High Risk,Manual Review
23855450,3825.0, 36 months,25.83,G,G2,2 years,OWN,13000.0,Not Verified,other,MS,35.64,2.0,685.0,689.0,0.0,42.6,16.0,Individual,6,High Risk,Manual Review
19446200,5000.0, 36 months,20.2,E,E3,< 1 year,RENT,110000.0,Not Verified,debt_consolidation,WA,10.27,3.0,665.0,669.0,0.0,100.0,39.0,Individual,5,High Risk,Manual Review
24015327,24000.0, 60 months,18.99,E,E1,10+ years,MORTGAGE,124000.0,Source Verified,debt_consolidation,NY,20.91,1.0,665.0,669.0,0.0,98.7,39.0,Individual,5,High Risk,Manual Review
24025169,35000.0, 60 months,22.15,E,E5,1 year,RENT,160000.0,Source Verified,debt_consolidation,CA,15.41,1.0,660.0,664.0,1.0,82.3,26.0,Individual,5,High Risk,Manual Review
23935192,8000.0, 36 months,20.2,E,E3,10+ years,OWN,38000.0,Source Verified,debt_consolidation,GA,34.59,0.0,680.0,684.0,1.0,68.7,50.0,Individual,5,High Risk,Manual Review
23914497,10150.0, 60 months,25.89,G,G3,,MORTGAGE,30000.0,Verified,debt_consolidation,IN,34.2,0.0,660.0,664.0,0.0,50.5,30.0,Individual,5,High Risk,Manual Review
24015200,20175.0, 36 months,17.57,D,D4,10+ years,RENT,45961.0,Verified,credit_card,NY,35.87,2.0,670.0,674.0,0.0,87.8,28.0,Individual,5,High Risk,Manual Review
23885179,18000.0, 36 months,20.2,E,E3,6 years,RENT,94000.0,Verified,debt_consolidation,GA,32.58,0.0,660.0,664.0,1.0,98.9,22.0,Individual,6,High Risk,Manual Review
23895231,12000.0, 36 months,23.43,F,F1,7 years,MORTGAGE,300000.0,Source Verified,debt_consolidation,NJ,16.27,1.0,665.0,669.0,5.0,101.3,48.0,Individual,5,High Risk,Manual Review
24005116,1000.0, 36 months,24.08,F,F2,10+ years,MORTGAGE,43000.0,Verified,medical,FL,31.68,0.0,675.0,679.0,2.0,91.8,18.0,Individual,6,High Risk,Manual Review
23955131,16900.0, 60 months,19.52,E,E2,10+ years,RENT,42400.0,Source Verified,debt_consolidation,TX,35.44,1.0,680.0,684.0,4.0,53.1,23.0,Individual,6,High Risk,Manual Review
23955112,14700.0, 60 months,25.57,F,F5,9 years,RENT,41000.0,Source Verified,debt_consolidation,GA,37.21,1.0,660.0,664.0,1.0,92.6,15.0,Individual,7,High Risk,Manual Review
24025242,10000.0, 60 months,25.83,G,G2,10+ years,RENT,57000.0,Verified,medical,WA,34.08,0.0,685.0,689.0,3.0,52.6,47.0,Individual,5,High Risk,Manual Review
24045124,12000.0, 60 months,18.99,E,E1,< 1 year,RENT,50000.0,Source Verified,credit_card,NJ,37.97,0.0,680.0,684.0,1.0,66.6,27.0,Individual,5,High Risk,Manual Review
23955128,30000.0, 60 months,18.99,E,E1,8 years,MORTGAGE,117200.0,Source Verified,credit_card,PA,30.86,0.0,700.0,704.0,1.0,48.1,32.0,Individual,5,High Risk,Manual Review
23924867,12000.0, 60 months,26.06,G,G5,,OWN,51780.0,Source Verified,other,IN,33.96,0.0,685.0,689.0,1.0,91.4,21.0,Individual,6,High Risk,Manual Review
23845109,28000.0, 60 months,22.15,E,E5,10+ years,OWN,100000.0,Verified,debt_consolidation,KY,33.17,0.0,685.0,689.0,2.0,56.0,50.0,Individual,5,High Risk,Manual Review
21500653,7200.0, 36 months,24.99,F,F4,1 year,OWN,24000.0,Source Verified,debt_consolidation,PA,32.35,0.0,675.0,679.0,1.0,95.9,13.0,Individual,6,High Risk,Manual Review
23894953,14350.0, 60 months,26.06,G,G5,7 years,RENT,40000.0,Verified,debt_consolidation,NY,35.82,0.0,685.0,689.0,1.0,70.9,32.0,Individual,5,High Risk,Manual Review
18384319,26925.0, 60 months,25.8,G,G1,10+ years,MORTGAGE,106585.0,Verified,debt_consolidation,VA,31.54,4.0,685.0,689.0,1.0,82.2,55.0,Individual,7,High Risk,Manual Review
24054977,35000.0, 60 months,22.15,E,E5,5 years,MORTGAGE,125000.0,Verified,home_improvement,HI,28.09,1.0,705.0,709.0,1.0,81.9,48.0,Individual,5,High Risk,Manual Review
24025163,25975.0, 36 months,18.24,D,D5,10+ years,RENT,77000.0,Verified,debt_consolidation,AL,31.17,1.0,665.0,669.0,0.0,83.0,24.0,Individual,5,High Risk,Manual Review
23994974,18625.0, 60 months,25.8,G,G1,10+ years,MORTGAGE,61000.0,Source Verified,debt_consolidation,GA,35.75,0.0,670.0,674.0,3.0,56.3,25.0,Individual,5,High Risk,Manual Review
23994844,12600.0, 60 months,20.2,E,E3,1 year,RENT,35000.0,Source Verified,credit_card,PA,32.06,0.0,670.0,674.0,1.0,57.2,26.0,Individual,5,High Risk,Manual Review
23974998,25000.0, 60 months,20.2,E,E3,,MORTGAGE,76500.0,Verified,credit_card,NC,34.43,0.0,680.0,684.0,3.0,83.6,24.0,Individual,6,High Risk,Manual Review
23974966,14275.0, 36 months,22.15,E,E5,10+ years,RENT,42000.0,Source Verified,debt_consolidation,FL,39.82,0.0,665.0,669.0,2.0,62.3,32.0,Individual,5,High Risk,Manual Review
23954904,7475.0, 36 months,24.08,F,F2,10+ years,OWN,25000.0,Source Verified,other,VA,30.53,1.0,665.0,669.0,0.0,85.7,13.0,Individual,7,High Risk,Manual Review
22291640,5550.0, 36 months,20.99,E,E4,10+ years,MORTGAGE,53000.0,Not Verified,other,TN,15.31,3.0,665.0,669.0,4.0,80.4,28.0,Individual,5,High Risk,Manual Review
23964902,5000.0, 36 months,20.2,E,E3,,MORTGAGE,48500.0,Verified,debt_consolidation,IN,28.09,1.0,670.0,674.0,0.0,81.6,42.0,Individual,5,High Risk,Manual Review
23994852,1800.0, 36 months,24.08,F,F2,1 year,RENT,32000.0,Not Verified,moving,OK,33.42,1.0,695.0,699.0,2.0,16.3,25.0,Individual,6,High Risk,Manual Review
23974842,16100.0, 36 months,20.2,E,E3,,MORTGAGE,40428.0,Verified,credit_card,NY,38.13,0.0,695.0,699.0,0.0,90.5,18.0,Individual,6,High Risk,Manual Review
23954799,15000.0, 60 months,24.08,F,F2,10+ years,MORTGAGE,66000.0,Source Verified,debt_consolidation,NY,34.42,1.0,670.0,674.0,3.0,80.4,24.0,Individual,7,High Risk,Manual Review
23974816,11200.0, 36 months,18.99,E,E1,3 years,RENT,55000.0,Verified,debt_consolidation,FL,32.45,0.0,685.0,689.0,1.0,78.2,23.0,Individual,5,High Risk,Manual Review
23994854,12000.0, 60 months,19.52,E,E2,< 1 year,MORTGAGE,131000.0,Not Verified,debt_consolidation,PA,26.86,2.0,680.0,684.0,3.0,84.6,48.0,Individual,5,High Risk,Manual Review
24034734,24575.0, 60 months,18.99,E,E1,10+ years,OWN,56000.0,Verified,debt_consolidation,AL,30.39,0.0,705.0,709.0,1.0,90.4,15.0,Individual,6,High Risk,Manual Review
23814847,24650.0, 60 months,25.57,F,F5,10+ years,MORTGAGE,65000.0,Verified,debt_consolidation,NY,32.85,0.0,675.0,679.0,1.0,80.1,32.0,Individual,6,High Risk,Manual Review
23884823,8400.0, 36 months,22.15,E,E5,10+ years,RENT,87000.0,Verified,debt_consolidation,FL,33.42,0.0,660.0,664.0,3.0,72.4,32.0,Individual,5,High Risk,Manual Review
23874064,10850.0, 36 months,20.99,E,E4,,RENT,32200.0,Verified,debt_consolidation,OR,35.93,1.0,685.0,689.0,0.0,92.9,27.0,Individual,7,High Risk,Manual Review
23915001,22475.0, 60 months,20.2,E,E3,8 years,MORTGAGE,78000.0,Source Verified,debt_consolidation,NJ,31.95,0.0,700.0,704.0,3.0,56.9,45.0,Individual,5,High Risk,Manual Review
10914595,28000.0, 60 months,25.83,G,G2,3 years,RENT,84000.0,Verified,debt_consolidation,IL,13.89,1.0,665.0,669.0,2.0,83.4,35.0,Individual,5,High Risk,Manual Review
24024837,2800.0, 36 months,24.08,F,F2,1 year,RENT,65000.0,Not Verified,moving,DC,30.8,0.0,665.0,669.0,0.0,101.9,25.0,Individual,6,High Risk,Manual Review
24024873,32100.0, 60 months,25.89,G,G3,6 years,MORTGAGE,165000.0,Source Verified,home_improvement,WA,16.52,1.0,670.0,674.0,6.0,87.3,37.0,Individual,5,High Risk,Manual Review
23123371,15775.0, 60 months,18.99,E,E1,2 years,RENT,36000.0,Not Verified,debt_consolidation,VA,33.46,0.0,680.0,684.0,0.0,87.0,28.0,Individual,6,High Risk,Manual Review
23923943,23150.0, 60 months,24.08,F,F2,6 years,MORTGAGE,61000.0,Source Verified,debt_consolidation,AL,34.35,5.0,665.0,669.0,1.0,78.6,33.0,Individual,6,High Risk,Manual Review
24054535,7000.0, 36 months,19.52,E,E2,< 1 year,RENT,84000.0,Verified,credit_card,NY,3.36,1.0,660.0,664.0,2.0,89.9,35.0,Individual,5,High Risk,Manual Review
23914781,8400.0, 36 months,19.52,E,E2,< 1 year,RENT,31000.0,Source Verified,debt_consolidation,NY,30.93,0.0,660.0,664.0,2.0,90.8,8.0,Individual,6,High Risk,Manual Review
24014609,14375.0, 36 months,24.5,F,F3,10+ years,OWN,38000.0,Verified,credit_card,NH,37.21,0.0,665.0,669.0,0.0,73.8,37.0,Individual,5,High Risk,Manual Review
23914737,35000.0, 60 months,20.99,E,E4,10+ years,MORTGAGE,92000.0,Verified,credit_card,FL,30.09,0.0,715.0,719.0,1.0,61.4,41.0,Individual,5,High Risk,Manual Review
23904622,19800.0, 60 months,19.52,E,E2,10+ years,MORTGAGE,45000.0,Source Verified,credit_card,MS,31.04,0.0,670.0,674.0,2.0,73.3,24.0,Individual,5,High Risk,Manual Review
23413319,29325.0, 60 months,19.52,E,E2,10+ years,MORTGAGE,70000.0,Source Verified,debt_consolidation,NJ,15.21,1.0,670.0,674.0,1.0,95.4,18.0,Individual,5,High Risk,Manual Review
23874008,14000.0, 60 months,26.06,G,G5,5 years,OWN,39000.0,Verified,debt_consolidation,PA,35.11,0.0,660.0,664.0,1.0,74.3,36.0,Individual,5,High Risk,Manual Review
23874715,20750.0, 60 months,20.99,E,E4,10+ years,MORTGAGE,74000.0,Source Verified,debt_consolidation,NY,37.54,0.0,670.0,674.0,0.0,96.4,32.0,Individual,6,High Risk,Manual Review
21180021,35000.0, 60 months,20.2,E,E3,10+ years,RENT,94209.0,Source Verified,debt_consolidation,MD,23.35,1.0,665.0,669.0,1.0,81.8,34.0,Individual,5,High Risk,Manual Review
24024598,12000.0, 60 months,20.2,E,E3,2 years,MORTGAGE,67000.0,Source Verified,debt_consolidation,GA,21.04,1.0,665.0,669.0,0.0,96.3,13.0,Individual,5,High Risk,Manual Review
23874612,9600.0, 36 months,20.99,E,E4,9 years,RENT,48000.0,Verified,debt_consolidation,TX,37.23,0.0,660.0,664.0,1.0,30.7,117.0,Individual,5,High Risk,Manual Review
23864476,4800.0, 36 months,22.15,E,E5,3 years,RENT,48100.0,Not Verified,debt_consolidation,KS,22.0,2.0,665.0,669.0,2.0,93.6,21.0,Individual,5,High Risk,Manual Review
23934442,19675.0, 60 months,18.99,E,E1,7 years,MORTGAGE,47000.0,Source Verified,debt_consolidation,LA,39.91,0.0,670.0,674.0,0.0,72.1,17.0,Individual,5,High Risk,Manual Review
23974541,16200.0, 60 months,18.99,E,E1,10+ years,MORTGAGE,45000.0,Source Verified,debt_consolidation,NY,39.44,0.0,705.0,709.0,1.0,61.7,54.0,Individual,5,High Risk,Manual Review
23904495,18900.0, 60 months,18.99,E,E1,6 years,RENT,63000.0,Source Verified,debt_consolidation,CA,27.3,1.0,660.0,664.0,1.0,85.8,29.0,Individual,5,High Risk,Manual Review
23974446,1000.0, 36 months,24.08,F,F2,3 years,RENT,40000.0,Not Verified,other,CA,33.99,1.0,660.0,664.0,1.0,53.2,33.0,Individual,6,High Risk,Manual Review
23994443,24550.0, 36 months,24.08,F,F2,10+ years,MORTGAGE,65000.0,Verified,debt_consolidation,MS,32.31,0.0,660.0,664.0,4.0,55.3,62.0,Individual,5,High Risk,Manual Review
23874400,17500.0, 60 months,25.8,G,G1,6 years,RENT,49000.0,Verified,credit_card,NC,35.98,0.0,695.0,699.0,4.0,47.7,30.0,Individual,5,High Risk,Manual Review
23814481,20000.0, 60 months,25.8,G,G1,6 years,OWN,79300.0,Verified,other,CA,31.42,0.0,685.0,689.0,4.0,86.5,48.0,Individual,6,High Risk,Manual Review
24024224,17550.0, 60 months,23.43,F,F1,,RENT,42000.0,Verified,debt_consolidation,CA,30.69,0.0,670.0,674.0,0.0,63.2,28.0,Individual,5,High Risk,Manual Review
23884158,15225.0, 36 months,19.52,E,E2,1 year,RENT,42600.0,Not Verified,debt_consolidation,SC,32.42,0.0,670.0,674.0,3.0,71.1,49.0,Individual,5,High Risk,Manual Review
23824144,19375.0, 60 months,23.43,F,F1,10+ years,MORTGAGE,54000.0,Source Verified,debt_consolidation,NC,29.73,1.0,675.0,679.0,0.0,94.9,27.0,Individual,5,High Risk,Manual Review
23974086,6875.0, 36 months,16.29,D,D2,< 1 year,MORTGAGE,52000.0,Not Verified,debt_consolidation,VA,35.66,1.0,675.0,679.0,0.0,81.9,45.0,Individual,5,High Risk,Manual Review
22442217,12575.0, 60 months,20.2,E,E3,10+ years,MORTGAGE,60000.0,Source Verified,debt_consolidation,GA,34.42,0.0,690.0,694.0,0.0,76.0,14.0,Individual,5,High Risk,Manual Review
23854138,13000.0, 60 months,20.99,E,E4,1 year,RENT,40000.0,Verified,debt_consolidation,TX,31.38,0.0,675.0,679.0,1.0,54.8,11.0,Individual,5,High Risk,Manual Review
23923768,10000.0, 60 months,25.83,G,G2,3 years,RENT,40000.0,Source Verified,debt_consolidation,UT,36.12,0.0,665.0,669.0,1.0,41.3,14.0,Individual,5,High Risk,Manual Review
23974117,3600.0, 36 months,24.5,F,F3,10+ years,OWN,33400.0,Verified,debt_consolidation,GA,36.29,0.0,660.0,664.0,3.0,42.3,45.0,Individual,5,High Risk,Manual Review
23914237,6475.0, 36 months,20.99,E,E4,< 1 year,MORTGAGE,36000.0,Not Verified,debt_consolidation,LA,39.06,1.0,675.0,679.0,0.0,21.6,17.0,Individual,6,High Risk,Manual Review
24044121,12800.0, 60 months,18.99,E,E1,2 years,MORTGAGE,40000.0,Source Verified,credit_card,MO,38.37,0.0,700.0,704.0,1.0,61.1,25.0,Individual,5,High Risk,Manual Review
23914290,8000.0, 36 months,23.43,F,F1,5 years,RENT,34000.0,Source Verified,debt_consolidation,CA,33.64,0.0,660.0,664.0,1.0,59.4,24.0,Individual,5,High Risk,Manual Review
22652536,4875.0, 36 months,25.57,F,F5,,OWN,13705.0,Verified,debt_consolidation,FL,32.66,0.0,680.0,684.0,3.0,41.0,15.0,Individual,5,High Risk,Manual Review
24044031,13000.0, 60 months,20.2,E,E3,< 1 year,RENT,52500.0,Verified,debt_consolidation,CA,12.01,9.0,680.0,684.0,1.0,92.7,35.0,Individual,5,High Risk,Manual Review
23943548,19675.0, 60 months,25.83,G,G2,9 years,RENT,58000.0,Verified,debt_consolidation,OH,39.38,0.0,680.0,684.0,3.0,88.4,21.0,Individual,6,High Risk,Manual Review
23914228,33575.0, 36 months,18.99,E,E1,2 years,OWN,93600.0,Verified,moving,TX,23.31,1.0,670.0,674.0,1.0,88.7,41.0,Individual,5,High Risk,Manual Review
23844118,3000.0, 36 months,23.43,F,F1,< 1 year,RENT,30000.0,Verified,debt_consolidation,TX,35.64,2.0,670.0,674.0,3.0,56.2,30.0,Individual,6,High Risk,Manual Review
23844124,5000.0, 36 months,20.2,E,E3,10+ years,MORTGAGE,39000.0,Not Verified,home_improvement,KS,37.77,1.0,690.0,694.0,0.0,95.6,39.0,Individual,7,High Risk,Manual Review
23994035,18000.0, 36 months,20.99,E,E4,6 years,MORTGAGE,75000.0,Verified,other,VA,38.35,0.0,675.0,679.0,1.0,85.0,39.0,Individual,6,High Risk,Manual Review
23904133,18000.0, 60 months,22.15,E,E5,7 years,RENT,57600.0,Verified,debt_consolidation,GA,38.06,0.0,680.0,684.0,0.0,51.3,36.0,Individual,5,High Risk,Manual Review
23934077,28775.0, 36 months,25.57,F,F5,10+ years,MORTGAGE,80004.0,Verified,debt_consolidation,IL,15.28,1.0,690.0,694.0,5.0,85.7,25.0,Individual,5,High Risk,Manual Review
21030036,3500.0, 36 months,18.99,E,E1,5 years,MORTGAGE,56500.0,Not Verified,other,NJ,20.2,2.0,660.0,664.0,0.0,100.6,22.0,Individual,5,High Risk,Manual Review
23863859,32000.0, 60 months,25.99,G,G4,2 years,MORTGAGE,85696.0,Verified,debt_consolidation,PA,30.19,0.0,690.0,694.0,3.0,78.5,35.0,Individual,5,High Risk,Manual Review
24033781,12000.0, 60 months,20.2,E,E3,10+ years,OWN,125000.0,Source Verified,credit_card,MA,28.92,1.0,695.0,699.0,0.0,88.6,41.0,Individual,5,High Risk,Manual Review
23943966,8000.0, 36 months,23.43,F,F1,10+ years,MORTGAGE,34000.0,Source Verified,home_improvement,FL,34.03,0.0,670.0,674.0,1.0,31.5,55.0,Individual,5,High Risk,Manual Review
24024025,8000.0, 36 months,19.52,E,E2,3 years,RENT,40000.0,Verified,debt_consolidation,NJ,30.79,0.0,670.0,674.0,4.0,41.0,20.0,Individual,5,High Risk,Manual Review
23874042,7000.0, 36 months,22.15,E,E5,10+ years,MORTGAGE,133000.0,Verified,debt_consolidation,NC,29.26,1.0,680.0,684.0,1.0,97.0,48.0,Individual,5,High Risk,Manual Review
24014085,7000.0, 36 months,25.8,G,G1,,OWN,23500.0,Verified,debt_consolidation,GA,37.13,4.0,675.0,679.0,0.0,41.3,32.0,Individual,6,High Risk,Manual Review
23943936,5975.0, 36 months,18.99,E,E1,3 years,RENT,21000.0,Source Verified,debt_consolidation,NJ,35.31,0.0,675.0,679.0,0.0,45.9,13.0,Individual,5,High Risk,Manual Review
23833961,2800.0, 36 months,23.43,F,F1,2 years,RENT,39000.0,Not Verified,other,DC,32.4,3.0,660.0,664.0,1.0,83.7,21.0,Individual,7,High Risk,Manual Review
21570798,1200.0, 36 months,19.52,E,E2,2 years,MORTGAGE,48000.0,Not Verified,home_improvement,TX,30.98,0.0,670.0,674.0,1.0,68.5,26.0,Individual,5,High Risk,Manual Review
23813931,14575.0, 60 months,19.52,E,E2,7 years,MORTGAGE,40700.0,Source Verified,debt_consolidation,PA,38.31,0.0,720.0,724.0,0.0,92.7,27.0,Individual,6,High Risk,Manual Review
23643399,4200.0, 36 months,20.99,E,E4,2 years,MORTGAGE,39000.0,Not Verified,debt_consolidation,VA,30.18,0.0,690.0,694.0,1.0,56.1,9.0,Individual,5,High Risk,Manual Review
24033809,12175.0, 36 months,24.08,F,F2,10+ years,OWN,63000.0,Source Verified,home_improvement,OH,36.72,3.0,665.0,669.0,3.0,63.7,27.0,Individual,6,High Risk,Manual Review
23843956,25000.0, 60 months,22.15,E,E5,10+ years,MORTGAGE,70000.0,Source Verified,debt_consolidation,IN,37.29,0.0,700.0,704.0,0.0,83.3,47.0,Individual,6,High Risk,Manual Review
23893842,14500.0, 36 months,19.52,E,E2,2 years,RENT,33000.0,Verified,debt_consolidation,MN,32.12,0.0,730.0,734.0,0.0,53.2,19.0,Individual,5,High Risk,Manual Review
23573382,35000.0, 36 months,19.52,E,E2,2 years,MORTGAGE,104000.0,Verified,debt_consolidation,MD,16.47,4.0,660.0,664.0,0.0,91.2,27.0,Individual,5,High Risk,Manual Review
23973880,14700.0, 60 months,20.2,E,E3,10+ years,RENT,53515.0,Source Verified,debt_consolidation,NY,37.7,0.0,705.0,709.0,1.0,84.3,21.0,Individual,6,High Risk,Manual Review
23833893,19000.0, 36 months,18.99,E,E1,10+ years,RENT,80662.0,Verified,debt_consolidation,MD,21.25,1.0,670.0,674.0,5.0,87.5,40.0,Individual,5,High Risk,Manual Review
22332285,16225.0, 60 months,25.8,G,G1,1 year,RENT,45244.0,Verified,debt_consolidation,KY,13.66,1.0,660.0,664.0,1.0,91.9,18.0,Individual,5,High Risk,Manual Review
23893765,14000.0, 36 months,18.99,E,E1,4 years,MORTGAGE,280000.0,Verified,debt_consolidation,MI,10.6,3.0,680.0,684.0,0.0,86.5,48.0,Individual,5,High Risk,Manual Review
23883828,15000.0, 60 months,18.99,E,E1,8 years,RENT,60180.0,Verified,credit_card,WY,34.06,0.0,685.0,689.0,1.0,95.3,29.0,Individual,6,High Risk,Manual Review
23903594,12000.0, 36 months,18.99,E,E1,7 years,MORTGAGE,50000.0,Not Verified,credit_card,OK,33.15,0.0,680.0,684.0,1.0,62.7,34.0,Individual,5,High Risk,Manual Review
23173033,27725.0, 60 months,24.08,F,F2,9 years,MORTGAGE,73000.0,Source Verified,debt_consolidation,VA,14.27,1.0,660.0,664.0,0.0,92.1,24.0,Individual,5,High Risk,Manual Review
23823816,30500.0, 60 months,19.52,E,E2,8 years,RENT,71000.0,Verified,credit_card,CA,33.54,0.0,685.0,689.0,1.0,70.3,26.0,Individual,5,High Risk,Manual Review
24053767,4000.0, 36 months,24.08,F,F2,10+ years,RENT,80000.0,Not Verified,other,CA,32.24,1.0,670.0,674.0,1.0,83.4,31.0,Individual,7,High Risk,Manual Review
23913813,26850.0, 60 months,18.99,E,E1,8 years,MORTGAGE,80000.0,Source Verified,debt_consolidation,VA,10.83,2.0,670.0,674.0,1.0,95.6,19.0,Individual,5,High Risk,Manual Review
23953734,27325.0, 60 months,18.99,E,E1,1 year,MORTGAGE,62116.0,Source Verified,debt_consolidation,TX,14.05,3.0,670.0,674.0,0.0,97.9,17.0,Individual,5,High Risk,Manual Review
23873522,21525.0, 60 months,24.5,F,F3,10+ years,MORTGAGE,60000.0,Source Verified,debt_consolidation,TX,22.6,1.0,695.0,699.0,5.0,87.6,15.0,Individual,5,High Risk,Manual Review
23823649,13225.0, 36 months,18.99,E,E1,10+ years,MORTGAGE,44068.0,Not Verified,debt_consolidation,PA,30.01,0.0,715.0,719.0,2.0,94.4,39.0,Individual,6,High Risk,Manual Review
20779634,17550.0, 60 months,18.99,E,E1,9 years,RENT,40000.0,Not Verified,debt_consolidation,AL,34.17,0.0,665.0,669.0,0.0,53.6,52.0,Individual,5,High Risk,Manual Review
23823581,15000.0, 60 months,20.2,E,E3,5 years,RENT,45000.0,Source Verified,debt_consolidation,OR,35.73,0.0,700.0,704.0,1.0,30.1,46.0,Individual,5,High Risk,Manual Review
23993605,14250.0, 60 months,20.2,E,E3,,MORTGAGE,34000.0,Verified,credit_card,VA,33.15,0.0,665.0,669.0,4.0,57.1,24.0,Individual,5,High Risk,Manual Review
23793471,6850.0, 36 months,24.99,F,F4,3 years,RENT,33724.28,Source Verified,debt_consolidation,CT,35.02,0.0,665.0,669.0,1.0,71.3,16.0,Individual,5,High Risk,Manual Review
24003507,19350.0, 36 months,18.99,E,E1,10+ years,MORTGAGE,43000.0,Verified,debt_consolidation,PA,30.34,0.0,680.0,684.0,1.0,53.0,42.0,Individual,5,High Risk,Manual Review
23853493,20000.0, 60 months,22.15,E,E5,6 years,MORTGAGE,82000.0,Verified,credit_card,DE,24.06,2.0,665.0,669.0,2.0,82.9,24.0,Individual,5,High Risk,Manual Review
23763465,8675.0, 36 months,22.15,E,E5,< 1 year,OWN,29000.0,Not Verified,debt_consolidation,PA,38.74,0.0,665.0,669.0,1.0,82.6,38.0,Individual,6,High Risk,Manual Review
23973414,5625.0, 36 months,24.99,F,F4,10+ years,RENT,46000.0,Verified,debt_consolidation,NY,33.06,0.0,665.0,669.0,0.0,72.1,24.0,Individual,5,High Risk,Manual Review
23993375,19200.0, 60 months,22.15,E,E5,10+ years,OWN,48000.0,Source Verified,debt_consolidation,CA,30.98,0.0,670.0,674.0,0.0,43.1,34.0,Individual,5,High Risk,Manual Review
23953364,14075.0, 60 months,26.06,G,G5,4 years,RENT,90000.0,Verified,other,NJ,38.09,0.0,690.0,694.0,1.0,55.0,39.0,Individual,5,High Risk,Manual Review
24053436,16000.0, 36 months,20.2,E,E3,10+ years,RENT,88000.0,Verified,car,CA,32.13,0.0,660.0,664.0,3.0,50.6,43.0,Individual,5,High Risk,Manual Review
23873371,5000.0, 36 months,24.5,F,F3,10+ years,MORTGAGE,75000.0,Verified,other,KS,30.19,0.0,665.0,669.0,0.0,76.7,24.0,Individual,5,High Risk,Manual Review
23963474,17675.0, 36 months,19.52,E,E2,3 years,RENT,52000.0,Verified,debt_consolidation,NY,33.35,0.0,680.0,684.0,4.0,78.6,38.0,Individual,5,High Risk,Manual Review
23863359,7000.0, 36 months,20.99,E,E4,9 years,OWN,80000.0,Source Verified,other,GA,3.95,1.0,660.0,664.0,0.0,92.2,6.0,Individual,5,High Risk,Manual Review
23653328,2100.0, 36 months,16.99,D,D3,10+ years,OWN,42000.0,Not Verified,debt_consolidation,IL,32.57,1.0,690.0,694.0,0.0,96.6,14.0,Individual,5,High Risk,Manual Review
23653664,25725.0, 60 months,19.52,E,E2,10+ years,OWN,56000.0,Source Verified,debt_consolidation,NY,30.34,0.0,680.0,684.0,0.0,65.7,20.0,Individual,5,High Risk,Manual Review
23953334,28550.0, 60 months,19.52,E,E2,10+ years,MORTGAGE,65000.0,Source Verified,debt_consolidation,MI,31.52,2.0,665.0,669.0,0.0,73.1,29.0,Individual,6,High Risk,Manual Review
23963317,13475.0, 36 months,18.99,E,E1,9 years,RENT,55000.0,Source Verified,debt_consolidation,MA,10.45,1.0,680.0,684.0,1.0,88.6,32.0,Individual,5,High Risk,Manual Review
23723600,5875.0, 36 months,20.2,E,E3,2 years,MORTGAGE,29000.0,Source Verified,home_improvement,PA,34.06,1.0,660.0,664.0,0.0,53.7,12.0,Individual,6,High Risk,Manual Review
23953374,7000.0, 36 months,20.99,E,E4,6 years,OWN,112000.0,Source Verified,debt_consolidation,CA,10.28,2.0,675.0,679.0,2.0,92.3,26.0,Individual,5,High Risk,Manual Review
23963367,26575.0, 36 months,25.99,G,G4,7 years,RENT,70000.0,Source Verified,major_purchase,MA,4.01,1.0,660.0,664.0,1.0,80.2,10.0,Individual,5,High Risk,Manual Review
24053328,13000.0, 60 months,19.52,E,E2,10+ years,OWN,45000.0,Source Verified,debt_consolidation,NY,32.37,0.0,665.0,669.0,2.0,78.7,21.0,Individual,5,High Risk,Manual Review
23903342,18300.0, 60 months,22.15,E,E5,6 years,RENT,60000.0,Not Verified,debt_consolidation,MD,35.82,0.0,665.0,669.0,1.0,60.4,52.0,Individual,5,High Risk,Manual Review
23753229,7350.0, 36 months,19.52,E,E2,4 years,RENT,25000.0,Source Verified,moving,FL,31.45,0.0,705.0,709.0,0.0,48.7,13.0,Individual,5,High Risk,Manual Review
22341497,20125.0, 60 months,20.2,E,E3,4 years,RENT,48000.0,Source Verified,credit_card,TX,34.57,0.0,670.0,674.0,2.0,69.0,30.0,Individual,5,High Risk,Manual Review
23693522,10000.0, 36 months,23.43,F,F1,1 year,RENT,85000.0,Verified,medical,MD,31.6,0.0,660.0,664.0,2.0,92.1,29.0,Individual,6,High Risk,Manual Review
23733635,7475.0, 36 months,20.99,E,E4,< 1 year,RENT,25000.0,Source Verified,debt_consolidation,OR,31.78,0.0,670.0,674.0,1.0,61.7,12.0,Individual,5,High Risk,Manual Review
23763497,15000.0, 60 months,18.99,E,E1,4 years,RENT,101000.0,Verified,debt_consolidation,MA,28.91,1.0,675.0,679.0,0.0,87.7,31.0,Individual,5,High Risk,Manual Review
23763512,8000.0, 36 months,23.43,F,F1,2 years,RENT,31000.0,Verified,medical,CO,31.32,0.0,695.0,699.0,4.0,26.5,39.0,Individual,5,High Risk,Manual Review
23223236,2400.0, 36 months,18.99,E,E1,< 1 year,MORTGAGE,52000.0,Not Verified,other,GA,34.8,6.0,675.0,679.0,1.0,39.0,26.0,Individual,6,High Risk,Manual Review
23693384,4000.0, 36 months,15.61,D,D1,10+ years,MORTGAGE,120000.0,Verified,home_improvement,NJ,34.74,1.0,675.0,679.0,1.0,93.5,33.0,Individual,5,High Risk,Manual Review
23693366,14450.0, 60 months,26.06,G,G5,8 years,MORTGAGE,112000.0,Verified,debt_consolidation,NY,33.09,0.0,675.0,679.0,1.0,82.9,31.0,Individual,6,High Risk,Manual Review
23723199,13000.0, 36 months,22.15,E,E5,10+ years,MORTGAGE,98000.0,Verified,debt_consolidation,TX,35.81,0.0,680.0,684.0,1.0,83.6,37.0,Individual,6,High Risk,Manual Review
22441807,12000.0, 60 months,22.15,E,E5,10+ years,MORTGAGE,43000.0,Not Verified,debt_consolidation,SC,14.4,3.0,670.0,674.0,1.0,94.3,30.0,Individual,5,High Risk,Manual Review
23553413,5000.0, 36 months,20.2,E,E3,3 years,MORTGAGE,38000.0,Source Verified,small_business,CA,30.57,0.0,660.0,664.0,6.0,90.0,17.0,Individual,6,High Risk,Manual Review
23743450,9900.0, 36 months,19.52,E,E2,9 years,MORTGAGE,34500.0,Verified,debt_consolidation,TX,37.37,0.0,690.0,694.0,1.0,17.2,15.0,Individual,5,High Risk,Manual Review
23763384,18000.0, 60 months,20.2,E,E3,3 years,MORTGAGE,50000.0,Source Verified,debt_consolidation,MD,35.36,1.0,670.0,674.0,1.0,95.5,19.0,Individual,7,High Risk,Manual Review
23593320,4800.0, 36 months,20.99,E,E4,10+ years,RENT,37000.0,Not Verified,debt_consolidation,NJ,33.18,0.0,660.0,664.0,0.0,96.9,11.0,Individual,6,High Risk,Manual Review
21180020,35000.0, 60 months,22.15,E,E5,10+ years,MORTGAGE,185000.0,Source Verified,debt_consolidation,NY,8.5,4.0,660.0,664.0,0.0,96.6,24.0,Individual,5,High Risk,Manual Review
23693213,15025.0, 60 months,20.99,E,E4,< 1 year,RENT,42000.0,Source Verified,debt_consolidation,VA,34.03,1.0,660.0,664.0,1.0,75.9,23.0,Individual,6,High Risk,Manual Review
23733199,12625.0, 60 months,25.89,G,G3,7 years,MORTGAGE,37200.0,Verified,debt_consolidation,NC,30.57,0.0,700.0,704.0,0.0,79.5,38.0,Individual,5,High Risk,Manual Review
21240808,20000.0, 60 months,18.99,E,E1,10+ years,MORTGAGE,160000.0,Verified,debt_consolidation,TX,31.96,0.0,690.0,694.0,3.0,53.8,63.0,Individual,5,High Risk,Manual Review
23443364,15000.0, 60 months,20.2,E,E3,10+ years,MORTGAGE,60000.0,Not Verified,debt_consolidation,OH,31.24,0.0,660.0,664.0,1.0,77.6,27.0,Individual,5,High Risk,Manual Review
23202847,11000.0, 60 months,19.52,E,E2,6 years,OWN,30000.0,Source Verified,debt_consolidation,TX,32.42,0.0,680.0,684.0,0.0,69.9,28.0,Individual,5,High Risk,Manual Review
23443457,10000.0, 60 months,19.52,E,E2,7 years,MORTGAGE,55000.0,Source Verified,home_improvement,PA,30.5,2.0,680.0,684.0,3.0,51.0,24.0,Individual,6,High Risk,Manual Review
23253361,35000.0, 60 months,22.15,E,E5,10+ years,RENT,95000.0,Verified,debt_consolidation,WV,13.47,2.0,660.0,664.0,0.0,90.7,14.0,Individual,5,High Risk,Manual Review
23303291,17975.0, 60 months,19.52,E,E2,7 years,MORTGAGE,41000.0,Not Verified,debt_consolidation,OH,32.55,0.0,710.0,714.0,0.0,85.5,27.0,Individual,6,High Risk,Manual Review
23283290,13150.0, 60 months,20.2,E,E3,10+ years,MORTGAGE,40000.0,Source Verified,debt_consolidation,DE,31.02,5.0,670.0,674.0,0.0,54.0,20.0,Individual,6,High Risk,Manual Review
816554,27200.0, 60 months,18.99,E,E1,10+ years,MORTGAGE,250000.0,Verified,major_purchase,TX,15.97,1.0,675.0,679.0,0.0,99.9,21.0,Individual,5,High Risk,Manual Review
23383326,6850.0, 36 months,20.2,E,E3,6 years,RENT,30000.0,Not Verified,credit_card,MA,35.4,0.0,685.0,689.0,1.0,70.7,36.0,Individual,5,High Risk,Manual Review
23483278,4350.0, 36 months,18.24,D,D5,8 years,MORTGAGE,44907.0,Not Verified,credit_card,NC,34.66,4.0,665.0,669.0,0.0,88.3,27.0,Individual,5,High Risk,Manual Review
23473425,20950.0, 60 months,20.99,E,E4,10+ years,MORTGAGE,50000.0,Source Verified,debt_consolidation,UT,31.45,0.0,750.0,754.0,1.0,5.1,22.0,Individual,5,High Risk,Manual Review
23453234,27200.0, 60 months,22.15,E,E5,10+ years,MORTGAGE,82000.0,Source Verified,debt_consolidation,MD,39.75,0.0,705.0,709.0,0.0,57.5,45.0,Individual,5,High Risk,Manual Review
23443268,5950.0, 36 months,19.52,E,E2,4 years,RENT,25000.0,Verified,credit_card,CA,32.79,0.0,685.0,689.0,1.0,49.6,14.0,Individual,5,High Risk,Manual Review
23503161,20000.0, 60 months,25.57,F,F5,10+ years,MORTGAGE,55000.0,Verified,debt_consolidation,NY,33.12,0.0,695.0,699.0,0.0,67.7,36.0,Individual,5,High Risk,Manual Review
23293212,5000.0, 36 months,24.08,F,F2,4 years,MORTGAGE,98000.0,Verified,home_improvement,VA,17.53,1.0,665.0,669.0,3.0,81.8,47.0,Individual,5,High Risk,Manual Review
23493136,16450.0, 60 months,25.83,G,G2,10+ years,MORTGAGE,55000.0,Not Verified,debt_consolidation,VA,34.45,0.0,660.0,664.0,0.0,68.4,38.0,Individual,5,High Risk,Manual Review
23303160,10000.0, 36 months,24.08,F,F2,10+ years,RENT,91200.0,Source Verified,medical,FL,25.38,4.0,670.0,674.0,3.0,95.7,26.0,Individual,5,High Risk,Manual Review
22892674,10000.0, 60 months,25.57,F,F5,7 years,RENT,34300.5,Source Verified,other,PA,34.29,0.0,705.0,709.0,1.0,59.4,23.0,Individual,5,High Risk,Manual Review
23473156,9475.0, 36 months,23.43,F,F1,10+ years,RENT,56000.0,Source Verified,debt_consolidation,CA,34.55,0.0,680.0,684.0,4.0,50.4,29.0,Individual,5,High Risk,Manual Review
23463011,16000.0, 60 months,20.2,E,E3,2 years,RENT,52000.0,Verified,credit_card,MD,31.25,0.0,675.0,679.0,2.0,85.9,36.0,Individual,6,High Risk,Manual Review
23493087,20750.0, 60 months,24.5,F,F3,10+ years,RENT,52000.0,Source Verified,debt_consolidation,CA,34.8,0.0,685.0,689.0,0.0,71.9,20.0,Individual,5,High Risk,Manual Review
23453081,25200.0, 60 months,19.52,E,E2,10+ years,MORTGAGE,77000.0,Source Verified,credit_card,MN,20.92,1.0,660.0,664.0,1.0,97.0,29.0,Individual,5,High Risk,Manual Review
23403149,17100.0, 60 months,25.8,G,G1,10+ years,RENT,68000.0,Verified,debt_consolidation,NY,37.38,0.0,685.0,689.0,1.0,94.6,32.0,Individual,6,High Risk,Manual Review
23412989,26375.0, 60 months,24.5,F,F3,8 years,MORTGAGE,69420.0,Verified,debt_consolidation,GA,30.46,0.0,695.0,699.0,2.0,80.8,35.0,Individual,6,High Risk,Manual Review
23283063,25925.0, 60 months,26.06,G,G5,10+ years,MORTGAGE,78360.0,Verified,credit_card,MN,33.71,0.0,665.0,669.0,0.0,97.9,28.0,Individual,6,High Risk,Manual Review
21129580,25000.0, 60 months,20.2,E,E3,10+ years,MORTGAGE,80000.0,Source Verified,debt_consolidation,IL,21.89,4.0,665.0,669.0,0.0,83.2,40.0,Individual,5,High Risk,Manual Review
20782470,14400.0, 60 months,23.43,F,F1,3 years,MORTGAGE,59000.0,Not Verified,debt_consolidation,TN,30.55,0.0,660.0,664.0,0.0,63.7,31.0,Individual,5,High Risk,Manual Review
23363015,1000.0, 36 months,20.99,E,E4,,RENT,8820.0,Verified,debt_consolidation,OK,32.79,0.0,700.0,704.0,2.0,6.9,19.0,Individual,5,High Risk,Manual Review
23312976,30000.0, 36 months,19.52,E,E2,2 years,MORTGAGE,170000.0,Source Verified,debt_consolidation,IL,22.73,2.0,670.0,674.0,0.0,84.6,38.0,Individual,5,High Risk,Manual Review
23173660,19050.0, 60 months,24.08,F,F2,10+ years,OWN,87000.0,Source Verified,debt_consolidation,CA,9.88,4.0,675.0,679.0,1.0,86.2,24.0,Individual,5,High Risk,Manual Review
23163614,6675.0, 36 months,24.5,F,F3,10+ years,MORTGAGE,56000.0,Verified,debt_consolidation,OK,30.3,0.0,660.0,664.0,2.0,71.1,53.0,Individual,5,High Risk,Manual Review
23213638,24725.0, 60 months,25.83,G,G2,< 1 year,RENT,86000.0,Verified,debt_consolidation,CA,29.75,1.0,660.0,664.0,1.0,86.2,18.0,Individual,5,High Risk,Manual Review
23053473,25000.0, 60 months,18.99,E,E1,10+ years,MORTGAGE,80000.0,Source Verified,debt_consolidation,GA,34.14,2.0,695.0,699.0,1.0,18.0,39.0,Individual,6,High Risk,Manual Review
22231572,7875.0, 36 months,20.99,E,E4,1 year,RENT,22000.0,Verified,debt_consolidation,VT,33.99,0.0,685.0,689.0,1.0,71.9,7.0,Individual,5,High Risk,Manual Review
23103495,7200.0, 36 months,18.99,E,E1,4 years,RENT,48000.0,Source Verified,credit_card,NY,30.7,0.0,680.0,684.0,0.0,70.6,15.0,Individual,5,High Risk,Manual Review
23133568,18950.0, 60 months,25.57,F,F5,10+ years,RENT,56000.0,Source Verified,debt_consolidation,NC,17.53,1.0,660.0,664.0,0.0,97.2,15.0,Individual,5,High Risk,Manual Review
23033522,6000.0, 36 months,23.43,F,F1,10+ years,RENT,25000.0,Source Verified,debt_consolidation,MI,33.27,1.0,670.0,674.0,2.0,61.1,22.0,Individual,6,High Risk,Manual Review
23073081,11775.0, 36 months,19.52,E,E2,10+ years,OWN,40800.0,Source Verified,debt_consolidation,TN,33.82,0.0,675.0,679.0,0.0,57.8,15.0,Individual,5,High Risk,Manual Review
23043513,13250.0, 60 months,20.99,E,E4,3 years,RENT,35000.0,Source Verified,credit_card,FL,34.65,0.0,670.0,674.0,0.0,73.5,13.0,Individual,5,High Risk,Manual Review
23193516,10000.0, 36 months,22.15,E,E5,1 year,OWN,130000.0,Verified,debt_consolidation,MD,32.1,0.0,675.0,679.0,3.0,101.8,17.0,Individual,6,High Risk,Manual Review
23203468,1000.0, 36 months,22.15,E,E5,1 year,RENT,43000.0,Not Verified,other,CA,18.39,1.0,660.0,664.0,0.0,81.8,23.0,Individual,5,High Risk,Manual Review
23083460,6500.0, 36 months,22.15,E,E5,1 year,OWN,40000.0,Not Verified,debt_consolidation,GA,11.76,2.0,670.0,674.0,0.0,83.5,17.0,Individual,5,High Risk,Manual Review
23073501,18450.0, 60 months,26.06,G,G5,1 year,RENT,51500.0,Verified,credit_card,AK,30.83,0.0,675.0,679.0,3.0,60.7,47.0,Individual,5,High Risk,Manual Review
23133384,16825.0, 36 months,23.43,F,F1,< 1 year,MORTGAGE,47000.0,Verified,debt_consolidation,NJ,15.63,1.0,660.0,664.0,0.0,106.6,24.0,Individual,5,High Risk,Manual Review
23053287,18000.0, 60 months,19.52,E,E2,3 years,RENT,45000.0,Source Verified,debt_consolidation,NY,34.32,0.0,715.0,719.0,0.0,72.1,14.0,Individual,5,High Risk,Manual Review
23193341,11150.0, 36 months,19.52,E,E2,< 1 year,RENT,31200.0,Source Verified,debt_consolidation,CA,34.69,0.0,670.0,674.0,2.0,79.5,20.0,Individual,5,High Risk,Manual Review
23083347,21350.0, 60 months,20.99,E,E4,6 years,OWN,48589.0,Source Verified,debt_consolidation,NC,33.49,0.0,690.0,694.0,0.0,84.5,25.0,Individual,6,High Risk,Manual Review
23173295,5400.0, 36 months,22.15,E,E5,,RENT,117990.0,Verified,vacation,OH,9.74,1.0,675.0,679.0,0.0,98.5,15.0,Individual,5,High Risk,Manual Review
23262879,11400.0, 60 months,24.5,F,F3,9 years,MORTGAGE,38000.0,Source Verified,debt_consolidation,FL,30.07,0.0,675.0,679.0,1.0,67.1,29.0,Individual,5,High Risk,Manual Review
8364707,35000.0, 60 months,20.99,E,E4,10+ years,OWN,150000.0,Verified,debt_consolidation,CA,10.62,1.0,680.0,684.0,0.0,89.6,21.0,Individual,5,High Risk,Manual Review
23173090,2500.0, 36 months,22.15,E,E5,8 years,RENT,36210.0,Source Verified,debt_consolidation,FL,32.56,0.0,670.0,674.0,1.0,12.2,26.0,Individual,5,High Risk,Manual Review
23073101,16150.0, 60 months,26.06,G,G5,8 years,RENT,45000.0,Verified,debt_consolidation,FL,31.17,0.0,665.0,669.0,0.0,85.7,30.0,Individual,6,High Risk,Manual Review
23093034,1000.0, 36 months,18.99,E,E1,10+ years,MORTGAGE,47000.0,Not Verified,home_improvement,NC,14.56,1.0,665.0,669.0,2.0,87.3,17.0,Individual,5,High Risk,Manual Review
23112987,10000.0, 36 months,22.15,E,E5,7 years,MORTGAGE,170000.0,Verified,debt_consolidation,NJ,20.82,1.0,680.0,684.0,3.0,86.4,41.0,Individual,5,High Risk,Manual Review
23073092,11375.0, 60 months,19.52,E,E2,8 years,RENT,26053.0,Source Verified,debt_consolidation,TX,31.18,0.0,660.0,664.0,1.0,75.0,17.0,Individual,5,High Risk,Manual Review
22832697,17000.0, 60 months,25.8,G,G1,10+ years,RENT,56600.0,Verified,debt_consolidation,VA,33.68,0.0,680.0,684.0,2.0,45.9,46.0,Individual,5,High Risk,Manual Review
23033035,8000.0, 36 months,20.99,E,E4,< 1 year,RENT,34000.0,Source Verified,debt_consolidation,CA,34.53,0.0,660.0,664.0,1.0,98.4,20.0,Individual,6,High Risk,Manual Review
4455249,10000.0, 60 months,23.43,F,F1,9 years,OWN,35000.0,Source Verified,other,OK,34.74,0.0,675.0,679.0,1.0,77.7,23.0,Individual,5,High Risk,Manual Review
23062992,21000.0, 60 months,20.2,E,E3,2 years,MORTGAGE,85000.0,Source Verified,debt_consolidation,WA,31.75,0.0,695.0,699.0,1.0,96.2,30.0,Individual,6,High Risk,Manual Review
22892826,22400.0, 60 months,24.08,F,F2,10+ years,MORTGAGE,70000.0,Source Verified,debt_consolidation,NC,13.08,1.0,665.0,669.0,1.0,80.5,28.0,Individual,5,High Risk,Manual Review
23212954,2000.0, 36 months,24.08,F,F2,8 years,RENT,52000.0,Not Verified,other,PA,32.77,2.0,670.0,674.0,2.0,41.1,26.0,Individual,6,High Risk,Manual Review
23142965,35000.0, 60 months,24.08,F,F2,6 years,RENT,110000.0,Verified,debt_consolidation,NH,31.59,0.0,670.0,674.0,0.0,56.4,41.0,Individual,5,High Risk,Manual Review
23192955,10000.0, 36 months,18.99,E,E1,5 years,RENT,62000.0,Not Verified,debt_consolidation,TN,34.19,0.0,680.0,684.0,0.0,71.8,27.0,Individual,5,High Risk,Manual Review
23242854,4075.0, 36 months,24.08,F,F2,3 years,RENT,19000.0,Not Verified,debt_consolidation,NJ,34.81,0.0,680.0,684.0,3.0,54.3,11.0,Individual,5,High Risk,Manual Review
22471965,8975.0, 36 months,19.52,E,E2,8 years,RENT,50000.0,Source Verified,debt_consolidation,TX,30.27,0.0,670.0,674.0,1.0,64.0,38.0,Individual,5,High Risk,Manual Review
23042877,1000.0, 36 months,19.52,E,E2,10+ years,RENT,21000.0,Not Verified,credit_card,FL,33.26,0.0,705.0,709.0,1.0,94.0,6.0,Individual,6,High Risk,Manual Review
22393159,12600.0, 60 months,20.99,E,E4,3 years,OWN,48000.0,Source Verified,debt_consolidation,FL,33.66,0.0,675.0,679.0,4.0,57.7,19.0,Individual,5,High Risk,Manual Review
23022837,9000.0, 36 months,19.52,E,E2,1 year,MORTGAGE,43000.0,Verified,credit_card,MO,34.19,0.0,705.0,709.0,4.0,32.5,28.0,Individual,5,High Risk,Manual Review
22722595,11000.0, 60 months,24.5,F,F3,2 years,MORTGAGE,75000.0,Source Verified,debt_consolidation,IN,11.38,1.0,660.0,664.0,1.0,94.3,22.0,Individual,5,High Risk,Manual Review
22912795,1450.0, 36 months,20.2,E,E3,10+ years,RENT,76500.0,Not Verified,home_improvement,SC,20.73,1.0,695.0,699.0,4.0,82.4,40.0,Individual,5,High Risk,Manual Review
22264361,26375.0, 60 months,19.52,E,E2,10+ years,MORTGAGE,55000.0,Source Verified,home_improvement,TX,34.28,0.0,730.0,734.0,0.0,14.1,36.0,Individual,5,High Risk,Manual Review
23032825,19575.0, 60 months,24.08,F,F2,10+ years,MORTGAGE,61368.0,Verified,debt_consolidation,FL,25.91,1.0,670.0,674.0,3.0,90.4,22.0,Individual,5,High Risk,Manual Review
22812772,27200.0, 60 months,20.99,E,E4,10+ years,MORTGAGE,65000.0,Verified,credit_card,WA,30.17,0.0,670.0,674.0,0.0,101.7,26.0,Individual,6,High Risk,Manual Review
22852640,4200.0, 36 months,20.99,E,E4,2 years,RENT,42000.0,Source Verified,debt_consolidation,OR,26.77,1.0,675.0,679.0,1.0,92.6,35.0,Individual,5,High Risk,Manual Review
22882761,2800.0, 36 months,20.2,E,E3,10+ years,MORTGAGE,54000.0,Not Verified,debt_consolidation,IL,31.0,1.0,680.0,684.0,1.0,59.5,44.0,Individual,6,High Risk,Manual Review
22892721,10000.0, 60 months,20.99,E,E4,5 years,MORTGAGE,54192.0,Source Verified,credit_card,AL,24.44,1.0,670.0,674.0,0.0,82.5,15.0,Individual,5,High Risk,Manual Review
22962680,24625.0, 60 months,22.15,E,E5,6 years,OWN,65000.0,Verified,debt_consolidation,OK,20.37,1.0,665.0,669.0,0.0,94.7,19.0,Individual,5,High Risk,Manual Review
22792643,16000.0, 36 months,18.99,E,E1,2 years,MORTGAGE,192000.0,Source Verified,debt_consolidation,IL,15.91,2.0,685.0,689.0,1.0,105.7,29.0,Individual,5,High Risk,Manual Review
22572532,4000.0, 36 months,23.43,F,F1,< 1 year,RENT,26000.0,Not Verified,moving,KY,18.36,1.0,665.0,669.0,0.0,98.7,11.0,Individual,5,High Risk,Manual Review
22472571,16950.0, 60 months,24.08,F,F2,5 years,RENT,50000.0,Verified,small_business,CA,32.5,0.0,660.0,664.0,0.0,90.2,6.0,Individual,6,High Risk,Manual Review
22304457,11400.0, 60 months,18.99,E,E1,10+ years,RENT,40630.0,Source Verified,debt_consolidation,WA,33.44,0.0,705.0,709.0,0.0,61.3,23.0,Individual,5,High Risk,Manual Review
21331121,35000.0, 60 months,20.99,E,E4,10+ years,MORTGAGE,154000.0,Verified,home_improvement,CA,21.9,2.0,660.0,664.0,1.0,96.1,43.0,Individual,5,High Risk,Manual Review
22682534,5825.0, 36 months,19.52,E,E2,10+ years,OWN,43000.0,Verified,debt_consolidation,NY,34.33,0.0,670.0,674.0,0.0,97.3,23.0,Individual,6,High Risk,Manual Review
22642607,27200.0, 60 months,25.83,G,G2,10+ years,RENT,65000.0,Verified,debt_consolidation,FL,33.01,0.0,665.0,669.0,0.0,85.0,33.0,Individual,6,High Risk,Manual Review
22682559,35000.0, 60 months,24.08,F,F2,10+ years,RENT,100000.0,Verified,debt_consolidation,OH,18.73,2.0,665.0,669.0,1.0,81.7,21.0,Individual,5,High Risk,Manual Review
22622502,20275.0, 36 months,24.99,F,F4,10+ years,RENT,77490.0,Verified,debt_consolidation,CA,26.13,1.0,660.0,664.0,0.0,88.1,9.0,Individual,5,High Risk,Manual Review
22542453,12000.0, 36 months,16.99,D,D3,10+ years,MORTGAGE,100000.0,Source Verified,debt_consolidation,PA,33.02,2.0,670.0,674.0,0.0,87.7,33.0,Individual,5,High Risk,Manual Review
22532548,5650.0, 36 months,19.52,E,E2,1 year,RENT,19000.0,Source Verified,debt_consolidation,AZ,37.71,0.0,675.0,679.0,0.0,48.8,12.0,Individual,5,High Risk,Manual Review
22542546,27200.0, 60 months,24.5,F,F3,6 years,RENT,65000.0,Verified,debt_consolidation,FL,30.26,0.0,700.0,704.0,4.0,14.7,44.0,Individual,5,High Risk,Manual Review
22592580,21000.0, 60 months,19.52,E,E2,10+ years,MORTGAGE,85000.0,Verified,debt_consolidation,MS,6.4,2.0,660.0,664.0,1.0,82.0,22.0,Individual,5,High Risk,Manual Review
22403486,25000.0, 36 months,19.52,E,E2,10+ years,MORTGAGE,100000.0,Source Verified,debt_consolidation,NJ,31.41,1.0,675.0,679.0,3.0,91.8,33.0,Individual,7,High Risk,Manual Review
22314096,6000.0, 36 months,20.2,E,E3,4 years,MORTGAGE,50000.0,Not Verified,other,OH,31.93,1.0,665.0,669.0,3.0,72.8,27.0,Individual,6,High Risk,Manual Review
22464848,16000.0, 60 months,19.52,E,E2,< 1 year,RENT,115000.0,Not Verified,debt_consolidation,VA,6.98,1.0,680.0,684.0,3.0,97.3,18.0,Individual,5,High Risk,Manual Review
22434720,12275.0, 60 months,20.2,E,E3,10+ years,MORTGAGE,35000.0,Source Verified,debt_consolidation,MN,32.65,0.0,700.0,704.0,1.0,46.8,31.0,Individual,5,High Risk,Manual Review
22374488,15575.0, 60 months,19.52,E,E2,10+ years,MORTGAGE,44405.0,Not Verified,debt_consolidation,TX,32.51,0.0,705.0,709.0,1.0,49.8,44.0,Individual,5,High Risk,Manual Review
20790889,12450.0, 60 months,22.15,E,E5,1 year,MORTGAGE,60000.0,Not Verified,debt_consolidation,NJ,34.1,0.0,695.0,699.0,0.0,62.3,28.0,Individual,5,High Risk,Manual Review
22464524,21000.0, 36 months,22.15,E,E5,5 years,MORTGAGE,77000.0,Verified,house,GA,33.82,1.0,660.0,664.0,2.0,58.9,39.0,Individual,6,High Risk,Manual Review
22294597,25000.0, 36 months,16.99,D,D3,8 years,RENT,75000.0,Source Verified,debt_consolidation,SC,31.18,1.0,660.0,664.0,1.0,87.5,23.0,Individual,5,High Risk,Manual Review
22404683,7925.0, 36 months,19.52,E,E2,9 years,RENT,42000.0,Verified,other,NY,31.09,0.0,665.0,669.0,4.0,44.0,23.0,Individual,5,High Risk,Manual Review
22302797,16050.0, 60 months,26.06,G,G5,10+ years,MORTGAGE,60000.0,Verified,debt_consolidation,CT,21.9,1.0,685.0,689.0,0.0,92.3,19.0,Individual,5,High Risk,Manual Review
20150496,35000.0, 60 months,24.5,F,F3,10+ years,MORTGAGE,91000.0,Source Verified,home_improvement,IL,26.24,2.0,660.0,664.0,0.0,83.2,38.0,Individual,5,High Risk,Manual Review
22354424,20000.0, 60 months,22.15,E,E5,2 years,MORTGAGE,63000.0,Source Verified,debt_consolidation,NC,32.3,1.0,675.0,679.0,2.0,90.2,28.0,Individual,7,High Risk,Manual Review
22364390,4000.0, 36 months,23.43,F,F1,10+ years,MORTGAGE,43000.0,Not Verified,home_improvement,AL,34.02,0.0,670.0,674.0,1.0,58.1,25.0,Individual,5,High Risk,Manual Review
22474235,15000.0, 60 months,18.99,E,E1,10+ years,RENT,44000.0,Source Verified,debt_consolidation,MD,32.05,0.0,665.0,669.0,0.0,63.5,22.0,Individual,5,High Risk,Manual Review
22324214,10200.0, 60 months,18.99,E,E1,10+ years,MORTGAGE,80000.0,Not Verified,debt_consolidation,NY,30.66,0.0,700.0,704.0,0.0,97.5,14.0,Individual,6,High Risk,Manual Review
22233140,16000.0, 60 months,18.99,E,E1,1 year,MORTGAGE,53000.0,Verified,home_improvement,FL,21.42,1.0,660.0,664.0,0.0,81.3,30.0,Individual,5,High Risk,Manual Review
22244268,2800.0, 36 months,19.52,E,E2,10+ years,RENT,90000.0,Verified,moving,IL,32.35,0.0,680.0,684.0,5.0,68.0,42.0,Individual,5,High Risk,Manual Review
22474158,4875.0, 36 months,20.2,E,E3,< 1 year,MORTGAGE,57500.0,Not Verified,debt_consolidation,TN,14.65,1.0,680.0,684.0,3.0,95.6,22.0,Individual,5,High Risk,Manual Review
22244117,12250.0, 60 months,20.2,E,E3,,RENT,34128.0,Verified,debt_consolidation,NC,34.56,3.0,665.0,669.0,1.0,57.2,33.0,Individual,6,High Risk,Manual Review
22294016,7475.0, 36 months,25.8,G,G1,5 years,RENT,25000.0,Source Verified,medical,OR,31.69,0.0,670.0,674.0,1.0,51.9,16.0,Individual,5,High Risk,Manual Review
22363939,20175.0, 60 months,19.52,E,E2,10+ years,RENT,45900.0,Source Verified,credit_card,CO,32.44,0.0,665.0,669.0,0.0,84.1,20.0,Individual,6,High Risk,Manual Review
22384199,14000.0, 60 months,19.52,E,E2,3 years,MORTGAGE,98000.0,Verified,debt_consolidation,CA,4.52,4.0,665.0,669.0,1.0,81.4,21.0,Individual,5,High Risk,Manual Review
22413822,7700.0, 36 months,24.99,F,F4,7 years,MORTGAGE,45000.0,Source Verified,home_improvement,TX,12.4,1.0,680.0,684.0,2.0,87.2,16.0,Individual,5,High Risk,Manual Review
22444154,12000.0, 60 months,22.15,E,E5,3 years,RENT,68000.0,Source Verified,debt_consolidation,CA,21.57,2.0,665.0,669.0,2.0,86.2,43.0,Individual,5,High Risk,Manual Review
22282661,27000.0, 60 months,24.99,F,F4,< 1 year,OWN,81000.0,Verified,debt_consolidation,GA,32.76,0.0,690.0,694.0,0.0,87.1,23.0,Individual,6,High Risk,Manual Review
21821050,25825.0, 60 months,25.83,G,G2,10+ years,MORTGAGE,72000.0,Source Verified,debt_consolidation,FL,12.08,1.0,670.0,674.0,1.0,80.3,38.0,Individual,5,High Risk,Manual Review
22463912,3975.0, 36 months,20.99,E,E4,10+ years,RENT,100000.0,Source Verified,debt_consolidation,MI,10.73,2.0,660.0,664.0,1.0,95.6,12.0,Individual,5,High Risk,Manual Review
22343854,25000.0, 60 months,25.83,G,G2,8 years,MORTGAGE,250000.0,Source Verified,debt_consolidation,VA,11.55,1.0,660.0,664.0,0.0,97.7,20.0,Individual,5,High Risk,Manual Review
22383549,20325.0, 36 months,24.08,F,F2,3 years,RENT,60000.0,Source Verified,other,TX,34.6,0.0,660.0,664.0,0.0,32.7,13.0,Individual,5,High Risk,Manual Review
22373815,17975.0, 60 months,24.08,F,F2,1 year,MORTGAGE,43000.0,Source Verified,debt_consolidation,IN,30.62,0.0,665.0,669.0,0.0,66.7,28.0,Individual,5,High Risk,Manual Review
22313665,12800.0, 60 months,25.57,F,F5,< 1 year,RENT,40000.0,Source Verified,debt_consolidation,NY,32.32,0.0,680.0,684.0,0.0,96.3,33.0,Individual,6,High Risk,Manual Review
22372220,12575.0, 60 months,18.99,E,E1,8 years,RENT,30000.0,Source Verified,credit_card,FL,32.16,3.0,660.0,664.0,0.0,48.3,33.0,Individual,6,High Risk,Manual Review
22372367,12000.0, 60 months,19.52,E,E2,10+ years,MORTGAGE,65000.0,Verified,debt_consolidation,CA,26.72,1.0,660.0,664.0,0.0,81.3,26.0,Individual,5,High Risk,Manual Review
22413445,8975.0, 36 months,20.99,E,E4,3 years,RENT,25000.0,Verified,debt_consolidation,MA,31.54,0.0,660.0,664.0,0.0,100.1,10.0,Individual,6,High Risk,Manual Review
22323377,24000.0, 60 months,20.2,E,E3,10+ years,MORTGAGE,193200.0,Source Verified,home_improvement,NM,6.63,1.0,670.0,674.0,4.0,84.1,32.0,Individual,5,High Risk,Manual Review
22453334,5000.0, 36 months,19.52,E,E2,10+ years,MORTGAGE,102000.0,Verified,other,NJ,6.47,1.0,675.0,679.0,1.0,81.4,33.0,Individual,5,High Risk,Manual Review
22473454,25000.0, 60 months,18.99,E,E1,10+ years,MORTGAGE,75000.0,Verified,debt_consolidation,GA,32.91,0.0,695.0,699.0,2.0,58.7,35.0,Individual,5,High Risk,Manual Review
22403314,11675.0, 60 months,18.99,E,E1,2 years,OWN,28000.0,Source Verified,credit_card,GA,34.76,0.0,690.0,694.0,1.0,51.0,14.0,Individual,5,High Risk,Manual Review
22343470,35000.0, 36 months,16.29,D,D2,10+ years,MORTGAGE,110000.0,Verified,debt_consolidation,SD,31.02,1.0,685.0,689.0,0.0,86.7,53.0,Individual,5,High Risk,Manual Review
22243407,14225.0, 36 months,20.99,E,E4,10+ years,RENT,51000.0,Source Verified,debt_consolidation,CT,31.55,0.0,660.0,664.0,0.0,72.1,48.0,Individual,5,High Risk,Manual Review
22463413,31825.0, 60 months,19.52,E,E2,2 years,MORTGAGE,69328.0,Source Verified,debt_consolidation,MI,26.67,1.0,680.0,684.0,0.0,81.1,44.0,Individual,5,High Risk,Manual Review
22383277,20225.0, 60 months,18.99,E,E1,,RENT,45000.0,Verified,debt_consolidation,NY,31.15,0.0,680.0,684.0,0.0,56.7,24.0,Individual,5,High Risk,Manual Review
22383195,20000.0, 60 months,19.52,E,E2,10+ years,MORTGAGE,130000.0,Source Verified,debt_consolidation,VA,28.84,2.0,675.0,679.0,1.0,98.6,28.0,Individual,5,High Risk,Manual Review
22373177,19750.0, 60 months,20.2,E,E3,3 years,MORTGAGE,55000.0,Not Verified,debt_consolidation,FL,26.99,1.0,675.0,679.0,0.0,98.1,8.0,Individual,5,High Risk,Manual Review
22373132,15100.0, 60 months,24.99,F,F4,10+ years,RENT,42000.0,Verified,debt_consolidation,CA,29.14,1.0,665.0,669.0,1.0,92.6,28.0,Individual,5,High Risk,Manual Review
22423037,7250.0, 36 months,19.52,E,E2,2 years,RENT,20000.0,Source Verified,car,NM,30.85,0.0,675.0,679.0,2.0,61.3,11.0,Individual,5,High Risk,Manual Review
22242861,31450.0, 36 months,25.99,G,G4,10+ years,MORTGAGE,75000.0,Verified,debt_consolidation,MO,33.54,0.0,710.0,714.0,6.0,86.7,30.0,Individual,6,High Risk,Manual Review
22191271,18000.0, 60 months,20.2,E,E3,10+ years,RENT,52000.0,Source Verified,debt_consolidation,CA,31.87,0.0,665.0,669.0,0.0,92.1,15.0,Individual,6,High Risk,Manual Review
19306394,19350.0, 60 months,22.15,E,E5,10+ years,MORTGAGE,77000.0,Not Verified,debt_consolidation,MO,17.3,2.0,660.0,664.0,0.0,90.7,15.0,Individual,5,High Risk,Manual Review
22293025,12975.0, 60 months,20.99,E,E4,3 years,MORTGAGE,31000.0,Source Verified,debt_consolidation,OH,32.06,0.0,665.0,669.0,0.0,65.7,12.0,Individual,5,High Risk,Manual Review
21510976,25200.0, 60 months,20.2,E,E3,,MORTGAGE,55000.0,Verified,home_improvement,SC,32.64,1.0,715.0,719.0,1.0,37.6,28.0,Individual,6,High Risk,Manual Review
22472940,12000.0, 60 months,23.43,F,F1,2 years,RENT,76000.0,Source Verified,other,NY,10.94,1.0,660.0,664.0,0.0,94.7,31.0,Individual,5,High Risk,Manual Review
21961018,14000.0, 60 months,22.15,E,E5,2 years,MORTGAGE,40500.0,Not Verified,debt_consolidation,NC,30.87,1.0,670.0,674.0,0.0,62.1,17.0,Individual,6,High Risk,Manual Review
22452642,20000.0, 60 months,18.99,E,E1,10+ years,MORTGAGE,64400.0,Source Verified,debt_consolidation,MN,19.87,2.0,675.0,679.0,1.0,83.9,30.0,Individual,5,High Risk,Manual Review
22332259,5000.0, 36 months,24.08,F,F2,10+ years,MORTGAGE,59000.0,Source Verified,medical,MI,26.45,2.0,660.0,664.0,0.0,86.7,26.0,Individual,5,High Risk,Manual Review
22272655,14300.0, 36 months,19.52,E,E2,1 year,RENT,40000.0,Verified,debt_consolidation,NJ,33.6,0.0,675.0,679.0,5.0,33.0,11.0,Individual,5,High Risk,Manual Review
22342348,12125.0, 60 months,20.99,E,E4,6 years,MORTGAGE,34000.0,Not Verified,debt_consolidation,TX,29.16,1.0,670.0,674.0,1.0,95.2,22.0,Individual,5,High Risk,Manual Review
22462370,21000.0, 60 months,20.2,E,E3,10+ years,MORTGAGE,56000.0,Source Verified,debt_consolidation,OH,31.65,4.0,660.0,664.0,0.0,99.8,33.0,Individual,7,High Risk,Manual Review
21310099,27200.0, 60 months,24.08,F,F2,6 years,MORTGAGE,65000.0,Source Verified,debt_consolidation,VA,34.55,0.0,670.0,674.0,0.0,86.7,26.0,Individual,6,High Risk,Manual Review
22262572,14350.0, 60 months,19.52,E,E2,5 years,OWN,32800.0,Source Verified,debt_consolidation,NJ,32.67,0.0,720.0,724.0,2.0,42.1,20.0,Individual,5,High Risk,Manual Review
22362475,20000.0, 36 months,18.99,E,E1,6 years,RENT,54000.0,Verified,credit_card,CA,30.22,1.0,670.0,674.0,4.0,93.6,32.0,Individual,7,High Risk,Manual Review
22372411,35000.0, 60 months,20.99,E,E4,< 1 year,RENT,140000.0,Verified,debt_consolidation,GA,30.89,0.0,680.0,684.0,1.0,84.9,28.0,Individual,6,High Risk,Manual Review
22282362,5000.0, 36 months,18.99,E,E1,10+ years,MORTGAGE,34642.0,Not Verified,home_improvement,PA,30.94,3.0,670.0,674.0,1.0,60.1,35.0,Individual,6,High Risk,Manual Review
22452234,35000.0, 36 months,18.99,E,E1,10+ years,MORTGAGE,120000.0,Verified,debt_consolidation,MI,14.63,1.0,675.0,679.0,1.0,88.8,21.0,Individual,5,High Risk,Manual Review
22432290,7925.0, 36 months,18.99,E,E1,10+ years,MORTGAGE,62000.0,Verified,debt_consolidation,AL,33.43,2.0,685.0,689.0,4.0,78.5,33.0,Individual,6,High Risk,Manual Review
22342372,9925.0, 36 months,18.99,E,E1,10+ years,MORTGAGE,67000.0,Verified,debt_consolidation,CA,13.86,1.0,670.0,674.0,0.0,93.8,8.0,Individual,5,High Risk,Manual Review
22431436,20000.0, 60 months,20.99,E,E4,10+ years,MORTGAGE,50000.0,Source Verified,debt_consolidation,VA,31.73,0.0,670.0,674.0,3.0,64.7,37.0,Individual,5,High Risk,Manual Review
22462318,10800.0, 60 months,18.99,E,E1,3 years,RENT,43300.0,Source Verified,debt_consolidation,CA,31.96,0.0,685.0,689.0,0.0,76.1,18.0,Individual,5,High Risk,Manual Review
20618529,13650.0, 36 months,18.99,E,E1,10+ years,RENT,60000.0,Source Verified,debt_consolidation,NC,30.64,0.0,665.0,669.0,0.0,70.7,21.0,Individual,5,High Risk,Manual Review
22251718,5625.0, 36 months,22.15,E,E5,10+ years,OWN,54000.0,Source Verified,debt_consolidation,GA,23.13,2.0,670.0,674.0,3.0,80.9,24.0,Individual,5,High Risk,Manual Review
22272169,28000.0, 60 months,20.2,E,E3,10+ years,MORTGAGE,152000.0,Source Verified,other,FL,12.21,2.0,670.0,674.0,0.0,90.1,17.0,Individual,5,High Risk,Manual Review
22372161,30300.0, 60 months,20.2,E,E3,10+ years,MORTGAGE,66000.0,Verified,debt_consolidation,CA,30.62,0.0,680.0,684.0,0.0,81.3,36.0,Individual,6,High Risk,Manual Review
22442157,21000.0, 60 months,18.99,E,E1,6 years,RENT,55000.0,Verified,debt_consolidation,NJ,31.4,0.0,680.0,684.0,0.0,93.9,15.0,Individual,6,High Risk,Manual Review
22342159,22375.0, 60 months,22.15,E,E5,5 years,RENT,56100.0,Source Verified,debt_consolidation,MI,32.97,0.0,690.0,694.0,0.0,99.1,8.0,Individual,6,High Risk,Manual Review
22331968,19150.0, 36 months,18.24,D,D5,10+ years,RENT,84000.0,Not Verified,debt_consolidation,TX,33.0,4.0,670.0,674.0,3.0,93.9,18.0,Individual,5,High Risk,Manual Review
22352056,35000.0, 60 months,20.2,E,E3,1 year,RENT,165000.0,Source Verified,debt_consolidation,MD,8.66,1.0,665.0,669.0,1.0,84.7,35.0,Individual,5,High Risk,Manual Review
20782214,20150.0, 60 months,19.52,E,E2,10+ years,MORTGAGE,60000.0,Source Verified,debt_consolidation,FL,31.24,0.0,705.0,709.0,1.0,76.4,26.0,Individual,5,High Risk,Manual Review
22272001,19800.0, 60 months,19.52,E,E2,10+ years,RENT,45000.0,Source Verified,debt_consolidation,GA,33.79,0.0,670.0,674.0,0.0,90.7,19.0,Individual,6,High Risk,Manual Review
22442000,35000.0, 60 months,25.89,G,G3,10+ years,MORTGAGE,119000.0,Verified,debt_consolidation,CA,16.99,1.0,660.0,664.0,1.0,81.7,14.0,Individual,5,High Risk,Manual Review
22361922,24450.0, 60 months,19.52,E,E2,10+ years,MORTGAGE,95000.0,Source Verified,debt_consolidation,OK,15.26,2.0,660.0,664.0,2.0,87.4,26.0,Individual,5,High Risk,Manual Review
22391977,20225.0, 60 months,20.99,E,E4,10+ years,MORTGAGE,46000.0,Source Verified,debt_consolidation,MA,32.9,0.0,695.0,699.0,2.0,29.2,25.0,Individual,5,High Risk,Manual Review
22381954,10000.0, 36 months,20.99,E,E4,10+ years,MORTGAGE,88000.0,Not Verified,medical,WA,18.7,1.0,660.0,664.0,1.0,85.0,31.0,Individual,5,High Risk,Manual Review
16522857,18225.0, 60 months,19.52,E,E2,< 1 year,MORTGAGE,80000.0,Verified,debt_consolidation,CA,20.9,1.0,700.0,704.0,6.0,86.1,22.0,Individual,5,High Risk,Manual Review
21851197,35000.0, 60 months,20.2,E,E3,6 years,MORTGAGE,140000.0,Source Verified,debt_consolidation,OK,19.93,1.0,700.0,704.0,1.0,90.0,26.0,Individual,5,High Risk,Manual Review
22471871,21000.0, 60 months,16.29,D,D2,10+ years,MORTGAGE,84000.0,Verified,debt_consolidation,LA,33.19,2.0,705.0,709.0,1.0,86.0,54.0,Individual,5,High Risk,Manual Review
22461907,30375.0, 60 months,22.15,E,E5,2 years,MORTGAGE,80000.0,Verified,debt_consolidation,CA,28.33,1.0,675.0,679.0,1.0,92.2,23.0,Individual,5,High Risk,Manual Review
22331728,4425.0, 36 months,20.2,E,E3,10+ years,MORTGAGE,14000.0,Not Verified,other,FL,30.7,1.0,665.0,669.0,1.0,75.9,12.0,Individual,6,High Risk,Manual Review
22271793,12800.0, 36 months,18.99,E,E1,2 years,RENT,58000.0,Source Verified,moving,TX,12.31,2.0,665.0,669.0,2.0,86.1,20.0,Individual,5,High Risk,Manual Review
22311875,12000.0, 60 months,20.2,E,E3,1 year,RENT,40000.0,Source Verified,debt_consolidation,TX,30.06,0.0,685.0,689.0,2.0,48.0,33.0,Individual,5,High Risk,Manual Review
22361694,15000.0, 60 months,18.99,E,E1,10+ years,MORTGAGE,42000.0,Source Verified,debt_consolidation,OK,33.69,0.0,665.0,669.0,2.0,39.1,26.0,Individual,5,High Risk,Manual Review
20060191,5025.0, 36 months,24.08,F,F2,10+ years,MORTGAGE,39500.0,Not Verified,home_improvement,GA,30.6,0.0,665.0,669.0,1.0,84.7,25.0,Individual,6,High Risk,Manual Review
22341636,20725.0, 36 months,18.99,E,E1,6 years,MORTGAGE,70000.0,Verified,debt_consolidation,OH,34.96,0.0,675.0,679.0,4.0,78.0,40.0,Individual,5,High Risk,Manual Review
22341603,7200.0, 36 months,18.99,E,E1,,MORTGAGE,32580.0,Verified,debt_consolidation,TN,23.79,2.0,660.0,664.0,0.0,90.1,20.0,Individual,5,High Risk,Manual Review
22241640,25850.0, 36 months,20.2,E,E3,3 years,OWN,54000.0,Verified,home_improvement,PA,34.18,1.0,695.0,699.0,0.0,47.5,23.0,Individual,6,High Risk,Manual Review
21451242,25000.0, 60 months,22.15,E,E5,,RENT,64738.2,Source Verified,debt_consolidation,GA,19.65,1.0,680.0,684.0,0.0,92.2,12.0,Individual,5,High Risk,Manual Review
20719918,23975.0, 60 months,20.99,E,E4,6 years,MORTGAGE,68350.0,Source Verified,debt_consolidation,AL,33.52,0.0,690.0,694.0,0.0,82.9,39.0,Individual,6,High Risk,Manual Review
22381445,35000.0, 60 months,24.99,F,F4,8 years,OWN,395000.0,Verified,home_improvement,CA,2.72,1.0,690.0,694.0,1.0,117.5,16.0,Individual,5,High Risk,Manual Review
22311537,18700.0, 60 months,25.57,F,F5,10+ years,OWN,55000.0,Source Verified,debt_consolidation,WA,26.6,1.0,670.0,674.0,0.0,90.3,38.0,Individual,5,High Risk,Manual Review
22361434,16300.0, 60 months,24.5,F,F3,,MORTGAGE,50000.0,Verified,home_improvement,NJ,23.62,3.0,680.0,684.0,0.0,85.8,13.0,Individual,5,High Risk,Manual Review
22181652,29975.0, 36 months,26.06,G,G5,8 years,MORTGAGE,100000.0,Verified,house,CA,10.13,2.0,665.0,669.0,0.0,82.1,20.0,Individual,5,High Risk,Manual Review
22011702,6200.0, 36 months,19.52,E,E2,10+ years,MORTGAGE,50000.0,Not Verified,debt_consolidation,MS,33.22,0.0,670.0,674.0,2.0,73.1,29.0,Individual,5,High Risk,Manual Review
20811470,24125.0, 60 months,20.2,E,E3,10+ years,MORTGAGE,55000.0,Source Verified,debt_consolidation,OH,33.66,1.0,695.0,699.0,1.0,66.8,17.0,Individual,6,High Risk,Manual Review
22181256,18000.0, 60 months,20.2,E,E3,1 year,RENT,45000.0,Source Verified,debt_consolidation,NJ,30.8,0.0,675.0,679.0,1.0,70.3,21.0,Individual,5,High Risk,Manual Review
22191626,13900.0, 60 months,20.99,E,E4,2 years,RENT,35000.0,Source Verified,debt_consolidation,RI,33.16,0.0,685.0,689.0,1.0,43.6,11.0,Individual,5,High Risk,Manual Review
22061583,8650.0, 36 months,20.2,E,E3,10+ years,MORTGAGE,37000.0,Source Verified,debt_consolidation,IL,28.28,1.0,665.0,669.0,1.0,93.2,15.0,Individual,5,High Risk,Manual Review
21800985,11150.0, 60 months,19.52,E,E2,6 years,RENT,31000.0,Source Verified,car,KY,32.14,0.0,680.0,684.0,0.0,46.7,14.0,Individual,5,High Risk,Manual Review
21120298,28000.0, 60 months,24.99,F,F4,10+ years,MORTGAGE,160000.0,Verified,debt_consolidation,CA,27.51,1.0,700.0,704.0,5.0,83.1,23.0,Individual,5,High Risk,Manual Review
22141368,16300.0, 60 months,25.89,G,G3,10+ years,RENT,48000.0,Source Verified,other,MA,33.18,7.0,680.0,684.0,3.0,49.5,39.0,Individual,6,High Risk,Manual Review
21791255,15250.0, 60 months,20.99,E,E4,8 years,MORTGAGE,55000.0,Not Verified,home_improvement,MT,21.23,1.0,660.0,664.0,0.0,95.7,23.0,Individual,5,High Risk,Manual Review
22131394,24000.0, 60 months,20.2,E,E3,10+ years,RENT,60000.0,Source Verified,other,TX,31.12,0.0,705.0,709.0,0.0,86.7,19.0,Individual,6,High Risk,Manual Review
21210206,11850.0, 60 months,20.2,E,E3,10+ years,RENT,33000.0,Source Verified,debt_consolidation,CT,32.91,0.0,700.0,704.0,0.0,87.5,19.0,Individual,6,High Risk,Manual Review
21821207,1600.0, 36 months,18.99,E,E1,10+ years,MORTGAGE,68000.0,Verified,other,WA,13.82,1.0,665.0,669.0,0.0,96.9,20.0,Individual,5,High Risk,Manual Review
21551040,31700.0, 60 months,20.2,E,E3,4 years,MORTGAGE,69000.0,Verified,debt_consolidation,FL,30.26,1.0,690.0,694.0,0.0,55.1,24.0,Individual,6,High Risk,Manual Review
22151216,25000.0, 36 months,18.99,E,E1,10+ years,MORTGAGE,72000.0,Source Verified,debt_consolidation,CO,20.13,5.0,665.0,669.0,0.0,83.3,38.0,Individual,5,High Risk,Manual Review
21891305,9125.0, 36 months,24.08,F,F2,4 years,MORTGAGE,40000.0,Source Verified,debt_consolidation,GA,22.89,1.0,665.0,669.0,0.0,90.2,12.0,Individual,5,High Risk,Manual Review
21771366,18550.0, 60 months,24.5,F,F3,10+ years,RENT,63500.0,Verified,debt_consolidation,KS,30.32,0.0,670.0,674.0,4.0,65.0,8.0,Individual,5,High Risk,Manual Review
20812216,28000.0, 60 months,25.83,G,G2,10+ years,MORTGAGE,120000.0,Source Verified,other,NC,22.96,1.0,690.0,694.0,3.0,82.4,38.0,Individual,5,High Risk,Manual Review
21851212,25000.0, 60 months,20.99,E,E4,5 years,RENT,60000.0,Source Verified,debt_consolidation,NJ,33.56,2.0,680.0,684.0,1.0,56.1,44.0,Individual,6,High Risk,Manual Review
21901267,15400.0, 60 months,18.99,E,E1,10+ years,MORTGAGE,70000.0,Verified,credit_card,AK,33.29,0.0,695.0,699.0,0.0,112.0,26.0,Individual,6,High Risk,Manual Review
21871047,35000.0, 60 months,19.52,E,E2,< 1 year,MORTGAGE,136000.0,Verified,debt_consolidation,TX,34.53,0.0,685.0,689.0,3.0,59.2,35.0,Individual,5,High Risk,Manual Review
21851255,3200.0, 36 months,22.15,E,E5,< 1 year,MORTGAGE,75000.0,Not Verified,home_improvement,GA,34.19,1.0,720.0,724.0,0.0,69.3,28.0,Individual,6,High Risk,Manual Review
21210862,28250.0, 60 months,24.5,F,F3,3 years,RENT,234000.0,Verified,debt_consolidation,IL,17.55,1.0,680.0,684.0,0.0,96.2,31.0,Individual,5,High Risk,Manual Review
21881029,21000.0, 60 months,18.99,E,E1,2 years,MORTGAGE,125000.0,Verified,other,TN,4.53,3.0,665.0,669.0,0.0,81.4,35.0,Individual,5,High Risk,Manual Review
21771154,10000.0, 60 months,24.99,F,F4,10+ years,OWN,45000.0,Source Verified,other,VT,32.88,0.0,715.0,719.0,2.0,18.5,24.0,Individual,5,High Risk,Manual Review
20719414,31500.0, 60 months,20.2,E,E3,10+ years,MORTGAGE,140000.0,Verified,debt_consolidation,NJ,28.2,1.0,695.0,699.0,2.0,83.1,49.0,Individual,5,High Risk,Manual Review
21760921,20750.0, 36 months,20.2,E,E3,10+ years,MORTGAGE,65000.0,Source Verified,debt_consolidation,GA,26.31,1.0,665.0,669.0,3.0,88.0,22.0,Individual,5,High Risk,Manual Review
21840946,30000.0, 60 months,22.15,E,E5,1 year,RENT,75000.0,Verified,debt_consolidation,TX,32.83,0.0,705.0,709.0,0.0,85.6,33.0,Individual,6,High Risk,Manual Review
21820976,15000.0, 36 months,18.99,E,E1,5 years,RENT,77000.0,Source Verified,debt_consolidation,CA,27.98,1.0,670.0,674.0,2.0,82.7,26.0,Individual,5,High Risk,Manual Review
21490555,18150.0, 60 months,19.52,E,E2,2 years,RENT,54000.0,Source Verified,debt_consolidation,MA,31.53,0.0,695.0,699.0,1.0,61.8,51.0,Individual,5,High Risk,Manual Review
21730917,16000.0, 60 months,18.99,E,E1,< 1 year,RENT,55000.0,Source Verified,credit_card,MA,30.15,0.0,670.0,674.0,1.0,79.6,19.0,Individual,5,High Risk,Manual Review
21471344,27200.0, 60 months,24.99,F,F4,8 years,MORTGAGE,62000.0,Source Verified,debt_consolidation,CO,25.65,1.0,675.0,679.0,0.0,80.2,30.0,Individual,5,High Risk,Manual Review
21721008,16300.0, 60 months,22.15,E,E5,< 1 year,RENT,41000.0,Source Verified,debt_consolidation,MN,32.9,0.0,680.0,684.0,0.0,54.3,20.0,Individual,5,High Risk,Manual Review
21680864,15000.0, 60 months,20.2,E,E3,9 years,RENT,75000.0,Verified,debt_consolidation,NM,33.82,0.0,665.0,669.0,2.0,83.3,32.0,Individual,6,High Risk,Manual Review
21810912,25000.0, 60 months,19.52,E,E2,10+ years,MORTGAGE,150000.0,Verified,debt_consolidation,PA,30.58,1.0,670.0,674.0,1.0,86.8,32.0,Individual,7,High Risk,Manual Review
21561297,10000.0, 36 months,19.52,E,E2,3 years,MORTGAGE,100000.0,Source Verified,small_business,VA,22.0,1.0,670.0,674.0,0.0,84.9,38.0,Individual,5,High Risk,Manual Review
21580724,16125.0, 60 months,19.52,E,E2,6 years,MORTGAGE,42000.0,Source Verified,credit_card,IN,32.37,0.0,690.0,694.0,1.0,82.3,27.0,Individual,6,High Risk,Manual Review
21461376,15875.0, 60 months,19.52,E,E2,8 years,MORTGAGE,124000.0,Not Verified,debt_consolidation,CA,31.14,0.0,665.0,669.0,0.0,69.1,54.0,Individual,5,High Risk,Manual Review
21521236,35000.0, 36 months,19.52,E,E2,10+ years,RENT,115000.0,Verified,debt_consolidation,MD,30.18,1.0,660.0,664.0,2.0,78.3,24.0,Individual,6,High Risk,Manual Review
21280454,24700.0, 60 months,20.99,E,E4,4 years,RENT,65000.0,Source Verified,debt_consolidation,MD,34.73,1.0,665.0,669.0,0.0,90.9,29.0,Individual,7,High Risk,Manual Review
21211225,7225.0, 36 months,18.99,E,E1,1 year,MORTGAGE,37000.0,Source Verified,debt_consolidation,PA,31.63,0.0,680.0,684.0,1.0,65.6,15.0,Individual,5,High Risk,Manual Review
21311379,8950.0, 36 months,20.2,E,E3,2 years,RENT,25000.0,Source Verified,debt_consolidation,IL,34.9,0.0,680.0,684.0,2.0,88.3,26.0,Individual,6,High Risk,Manual Review
20839333,20000.0, 60 months,25.57,F,F5,10+ years,RENT,89000.0,Source Verified,debt_consolidation,MO,3.34,1.0,665.0,669.0,2.0,86.3,34.0,Individual,5,High Risk,Manual Review
19567169,24000.0, 60 months,20.99,E,E4,1 year,RENT,65000.0,Source Verified,debt_consolidation,CA,30.41,0.0,675.0,679.0,2.0,77.5,43.0,Individual,5,High Risk,Manual Review
21670808,9975.0, 36 months,15.61,D,D1,5 years,MORTGAGE,75000.0,Source Verified,debt_consolidation,PA,30.57,1.0,665.0,669.0,0.0,94.1,41.0,Individual,5,High Risk,Manual Review
21581256,10000.0, 60 months,23.43,F,F1,2 years,RENT,45000.0,Source Verified,debt_consolidation,CO,33.04,0.0,670.0,674.0,1.0,51.8,25.0,Individual,5,High Risk,Manual Review
21660711,14175.0, 60 months,22.15,E,E5,,RENT,35688.0,Verified,debt_consolidation,CA,32.58,0.0,700.0,704.0,0.0,99.3,18.0,Individual,6,High Risk,Manual Review
21501186,26650.0, 60 months,20.2,E,E3,10+ years,MORTGAGE,57941.0,Source Verified,debt_consolidation,MS,27.44,1.0,680.0,684.0,0.0,89.5,29.0,Individual,5,High Risk,Manual Review
20718963,7750.0, 36 months,24.5,F,F3,10+ years,MORTGAGE,40000.0,Source Verified,other,NC,31.8,0.0,695.0,699.0,1.0,35.4,16.0,Individual,5,High Risk,Manual Review
21360306,17600.0, 60 months,23.43,F,F1,10+ years,MORTGAGE,48051.0,Not Verified,credit_card,SC,32.57,0.0,685.0,689.0,0.0,100.5,21.0,Individual,6,High Risk,Manual Review
21581169,14575.0, 60 months,18.99,E,E1,2 years,MORTGAGE,55970.0,Not Verified,debt_consolidation,SC,34.52,0.0,690.0,694.0,1.0,79.3,37.0,Individual,5,High Risk,Manual Review
21511108,4675.0, 36 months,18.99,E,E1,9 years,RENT,64000.0,Verified,debt_consolidation,CA,26.02,1.0,670.0,674.0,6.0,82.9,21.0,Individual,5,High Risk,Manual Review
21510991,10000.0, 60 months,22.15,E,E5,2 years,RENT,83739.24,Source Verified,debt_consolidation,RI,24.89,1.0,670.0,674.0,0.0,101.8,24.0,Individual,5,High Risk,Manual Review
21201499,14825.0, 60 months,19.52,E,E2,10+ years,MORTGAGE,44400.0,Source Verified,debt_consolidation,NC,31.97,0.0,730.0,734.0,2.0,80.4,15.0,Individual,6,High Risk,Manual Review
21370723,11475.0, 60 months,20.99,E,E4,10+ years,MORTGAGE,32000.0,Verified,debt_consolidation,WA,5.96,3.0,665.0,669.0,1.0,94.3,25.0,Individual,5,High Risk,Manual Review
21590598,25000.0, 60 months,20.2,E,E3,10+ years,MORTGAGE,66000.0,Source Verified,debt_consolidation,AL,17.15,3.0,670.0,674.0,0.0,102.1,26.0,Individual,5,High Risk,Manual Review
21520712,22800.0, 60 months,20.99,E,E4,7 years,MORTGAGE,60000.0,Verified,debt_consolidation,AR,27.02,1.0,665.0,669.0,2.0,84.6,16.0,Individual,5,High Risk,Manual Review
21560656,14350.0, 36 months,19.52,E,E2,10+ years,OWN,48000.0,Not Verified,debt_consolidation,AZ,23.28,1.0,660.0,664.0,2.0,80.1,14.0,Individual,5,High Risk,Manual Review
21520726,14325.0, 60 months,25.57,F,F5,< 1 year,RENT,40000.0,Verified,debt_consolidation,VA,33.99,1.0,710.0,714.0,1.0,27.8,35.0,Individual,6,High Risk,Manual Review
21490865,20675.0, 60 months,19.52,E,E2,10+ years,OWN,46000.0,Source Verified,debt_consolidation,TX,32.56,0.0,680.0,684.0,1.0,54.6,36.0,Individual,5,High Risk,Manual Review
21520757,20000.0, 60 months,20.99,E,E4,4 years,MORTGAGE,129000.0,Source Verified,medical,WA,21.14,1.0,660.0,664.0,2.0,86.9,48.0,Individual,5,High Risk,Manual Review
21351283,5750.0, 36 months,18.99,E,E1,10+ years,MORTGAGE,24000.0,Source Verified,home_improvement,NM,33.95,1.0,685.0,689.0,0.0,39.7,23.0,Individual,6,High Risk,Manual Review
21560564,2500.0, 36 months,22.15,E,E5,10+ years,MORTGAGE,38000.0,Not Verified,debt_consolidation,NC,32.03,1.0,685.0,689.0,2.0,67.7,21.0,Individual,6,High Risk,Manual Review
21570626,30000.0, 60 months,22.15,E,E5,9 years,MORTGAGE,100000.0,Verified,other,AZ,30.58,0.0,720.0,724.0,0.0,82.8,23.0,Individual,6,High Risk,Manual Review
21570671,12000.0, 60 months,19.52,E,E2,< 1 year,OWN,30000.0,Source Verified,debt_consolidation,GA,32.96,1.0,660.0,664.0,1.0,41.9,22.0,Individual,6,High Risk,Manual Review
21480599,28000.0, 60 months,20.2,E,E3,6 years,MORTGAGE,91230.0,Source Verified,debt_consolidation,CA,30.43,0.0,725.0,729.0,2.0,65.4,21.0,Individual,5,High Risk,Manual Review
21510639,18450.0, 60 months,18.99,E,E1,10+ years,MORTGAGE,42000.0,Source Verified,debt_consolidation,AR,31.97,0.0,705.0,709.0,0.0,41.2,34.0,Individual,5,High Risk,Manual Review
21450407,12850.0, 60 months,18.99,E,E1,1 year,MORTGAGE,103000.0,Not Verified,credit_card,TX,34.31,0.0,700.0,704.0,2.0,61.8,37.0,Individual,5,High Risk,Manual Review
21361371,4000.0, 36 months,23.43,F,F1,10+ years,MORTGAGE,69000.0,Not Verified,home_improvement,CT,32.16,0.0,700.0,704.0,2.0,65.8,28.0,Individual,5,High Risk,Manual Review
21431392,35000.0, 60 months,18.99,E,E1,4 years,MORTGAGE,140000.0,Verified,debt_consolidation,MD,17.74,2.0,685.0,689.0,0.0,98.8,24.0,Individual,5,High Risk,Manual Review
21381308,33150.0, 60 months,20.2,E,E3,2 years,RENT,72158.84,Verified,credit_card,DC,30.43,9.0,665.0,669.0,1.0,47.2,32.0,Individual,6,High Risk,Manual Review
21341290,22000.0, 60 months,20.2,E,E3,6 years,MORTGAGE,60000.0,Source Verified,debt_consolidation,KY,30.2,0.0,670.0,674.0,3.0,100.1,38.0,Individual,6,High Risk,Manual Review
21381333,13375.0, 60 months,24.5,F,F3,10+ years,RENT,32000.0,Verified,debt_consolidation,SC,33.27,0.0,705.0,709.0,0.0,40.7,18.0,Individual,5,High Risk,Manual Review
21381332,12075.0, 60 months,20.2,E,E3,2 years,MORTGAGE,32000.0,Source Verified,credit_card,OK,31.96,0.0,690.0,694.0,0.0,46.9,13.0,Individual,5,High Risk,Manual Review
21281322,12000.0, 60 months,19.52,E,E2,8 years,MORTGAGE,45000.0,Not Verified,debt_consolidation,FL,32.0,0.0,680.0,684.0,0.0,101.7,17.0,Individual,6,High Risk,Manual Review
21221555,24350.0, 60 months,19.52,E,E2,10+ years,MORTGAGE,58000.0,Source Verified,debt_consolidation,VA,31.31,1.0,675.0,679.0,0.0,76.0,22.0,Individual,6,High Risk,Manual Review
20080507,19750.0, 60 months,20.2,E,E3,10+ years,MORTGAGE,45000.0,Not Verified,debt_consolidation,PA,30.94,0.0,700.0,704.0,0.0,55.1,32.0,Individual,5,High Risk,Manual Review
21380645,35000.0, 36 months,19.52,E,E2,7 years,MORTGAGE,90000.0,Verified,debt_consolidation,CO,33.39,0.0,690.0,694.0,0.0,68.0,30.0,Individual,5,High Risk,Manual Review
21260304,35000.0, 60 months,19.52,E,E2,10+ years,MORTGAGE,115000.0,Verified,debt_consolidation,VA,11.56,1.0,665.0,669.0,0.0,91.2,15.0,Individual,5,High Risk,Manual Review
21141261,9050.0, 36 months,18.99,E,E1,3 years,OWN,24000.0,Source Verified,credit_card,TX,30.8,0.0,685.0,689.0,1.0,74.8,18.0,Individual,5,High Risk,Manual Review
21221460,16000.0, 60 months,25.83,G,G2,< 1 year,RENT,150000.0,Verified,moving,NC,15.86,1.0,670.0,674.0,0.0,91.0,30.0,Individual,5,High Risk,Manual Review
21411077,10200.0, 60 months,18.99,E,E1,10+ years,MORTGAGE,75000.0,Source Verified,debt_consolidation,CA,15.12,1.0,665.0,669.0,2.0,86.4,40.0,Individual,5,High Risk,Manual Review
21241445,3600.0, 36 months,19.52,E,E2,10+ years,MORTGAGE,100000.0,Not Verified,medical,CA,32.13,0.0,710.0,714.0,1.0,74.6,39.0,Individual,5,High Risk,Manual Review
21381050,16000.0, 60 months,22.15,E,E5,10+ years,MORTGAGE,40000.0,Source Verified,debt_consolidation,NC,33.15,0.0,670.0,674.0,0.0,101.1,22.0,Individual,6,High Risk,Manual Review
21241443,31450.0, 60 months,18.99,E,E1,,MORTGAGE,75000.0,Verified,debt_consolidation,VA,10.62,1.0,670.0,674.0,0.0,85.2,17.0,Individual,5,High Risk,Manual Review
21340964,19950.0, 60 months,20.2,E,E3,10+ years,RENT,50000.0,Source Verified,debt_consolidation,NY,32.53,0.0,670.0,674.0,0.0,47.5,27.0,Individual,5,High Risk,Manual Review
20811319,35000.0, 60 months,23.43,F,F1,3 years,MORTGAGE,106000.0,Verified,debt_consolidation,MD,10.63,1.0,675.0,679.0,0.0,87.4,25.0,Individual,5,High Risk,Manual Review
21360972,15175.0, 60 months,20.2,E,E3,4 years,MORTGAGE,38000.0,Source Verified,debt_consolidation,IN,33.13,0.0,690.0,694.0,0.0,49.4,12.0,Individual,5,High Risk,Manual Review
21370974,15775.0, 60 months,20.2,E,E3,1 year,RENT,36000.0,Source Verified,debt_consolidation,NY,30.87,0.0,675.0,679.0,0.0,92.9,27.0,Individual,6,High Risk,Manual Review
21340921,20000.0, 36 months,18.99,E,E1,10+ years,MORTGAGE,70000.0,Source Verified,debt_consolidation,CO,19.03,1.0,670.0,674.0,0.0,85.1,28.0,Individual,5,High Risk,Manual Review
20692034,20000.0, 60 months,18.99,E,E1,9 years,MORTGAGE,63000.0,Source Verified,debt_consolidation,NY,31.23,0.0,705.0,709.0,1.0,47.2,34.0,Individual,5,High Risk,Manual Review
20790952,10850.0, 60 months,19.52,E,E2,< 1 year,OWN,28800.0,Source Verified,credit_card,OH,31.58,0.0,665.0,669.0,0.0,74.3,31.0,Individual,5,High Risk,Manual Review
21039640,10075.0, 60 months,19.52,E,E2,10+ years,RENT,30000.0,Verified,credit_card,MI,31.72,0.0,680.0,684.0,1.0,38.0,23.0,Individual,5,High Risk,Manual Review
21291200,18000.0, 60 months,20.99,E,E4,8 years,MORTGAGE,45000.0,Source Verified,debt_consolidation,TN,34.16,0.0,690.0,694.0,0.0,80.1,37.0,Individual,6,High Risk,Manual Review
21390888,21000.0, 60 months,19.52,E,E2,10+ years,MORTGAGE,300000.0,Verified,debt_consolidation,IL,3.49,2.0,685.0,689.0,3.0,83.3,34.0,Individual,5,High Risk,Manual Review
20712116,20625.0, 60 months,23.43,F,F1,6 years,MORTGAGE,58000.0,Verified,debt_consolidation,VA,33.27,0.0,685.0,689.0,1.0,53.4,41.0,Individual,5,High Risk,Manual Review
21420680,6150.0, 36 months,24.5,F,F3,10+ years,RENT,60000.0,Verified,small_business,CA,15.5,1.0,660.0,664.0,3.0,89.8,11.0,Individual,5,High Risk,Manual Review
21330644,24000.0, 60 months,20.99,E,E4,7 years,MORTGAGE,72000.0,Source Verified,debt_consolidation,IN,34.92,0.0,675.0,679.0,1.0,88.1,53.0,Individual,6,High Risk,Manual Review
21380586,15400.0, 60 months,20.99,E,E4,4 years,RENT,35000.0,Source Verified,debt_consolidation,TX,34.71,0.0,690.0,694.0,2.0,62.6,33.0,Individual,5,High Risk,Manual Review
21210946,16800.0, 36 months,16.99,D,D3,10+ years,RENT,52000.0,Source Verified,debt_consolidation,FL,33.69,2.0,660.0,664.0,2.0,91.2,22.0,Individual,5,High Risk,Manual Review
21241040,20000.0, 60 months,20.2,E,E3,3 years,RENT,77000.0,Source Verified,debt_consolidation,OH,15.01,2.0,675.0,679.0,4.0,83.3,32.0,Individual,5,High Risk,Manual Review
20701039,15400.0, 60 months,20.2,E,E3,< 1 year,MORTGAGE,43000.0,Source Verified,debt_consolidation,NJ,32.49,0.0,670.0,674.0,3.0,90.4,26.0,Individual,6,High Risk,Manual Review
21390519,35000.0, 60 months,22.15,E,E5,6 years,MORTGAGE,93500.0,Verified,credit_card,NV,29.84,1.0,680.0,684.0,3.0,94.0,14.0,Individual,5,High Risk,Manual Review
21280904,19250.0, 60 months,22.15,E,E5,,MORTGAGE,44000.0,Verified,debt_consolidation,DE,33.31,0.0,690.0,694.0,1.0,64.9,31.0,Individual,5,High Risk,Manual Review
21280272,22850.0, 36 months,18.24,D,D5,10+ years,MORTGAGE,52000.0,Verified,debt_consolidation,CO,31.43,1.0,680.0,684.0,0.0,88.6,16.0,Individual,5,High Risk,Manual Review
21350295,15000.0, 60 months,18.99,E,E1,10+ years,MORTGAGE,63648.0,Not Verified,debt_consolidation,PA,34.13,5.0,670.0,674.0,2.0,91.4,39.0,Individual,7,High Risk,Manual Review
21210833,15000.0, 60 months,20.2,E,E3,10+ years,MORTGAGE,70000.0,Verified,debt_consolidation,MD,15.17,2.0,675.0,679.0,0.0,88.0,28.0,Individual,5,High Risk,Manual Review
20671737,13475.0, 60 months,20.99,E,E4,10+ years,MORTGAGE,45000.0,Source Verified,debt_consolidation,AR,32.45,0.0,675.0,679.0,3.0,58.6,23.0,Individual,5,High Risk,Manual Review
21220541,9250.0, 36 months,20.2,E,E3,5 years,MORTGAGE,50000.0,Source Verified,debt_consolidation,TX,33.27,0.0,665.0,669.0,1.0,48.9,33.0,Individual,5,High Risk,Manual Review
21400414,25000.0, 60 months,18.24,D,D5,,RENT,72000.0,Verified,debt_consolidation,CA,32.86,1.0,670.0,674.0,0.0,95.9,22.0,Individual,5,High Risk,Manual Review
21380085,7200.0, 36 months,24.99,F,F4,8 years,RENT,55000.0,Source Verified,debt_consolidation,CA,33.1,0.0,690.0,694.0,4.0,42.9,19.0,Individual,5,High Risk,Manual Review
20168009,17225.0, 60 months,19.52,E,E2,10+ years,MORTGAGE,78000.0,Not Verified,debt_consolidation,MO,33.89,0.0,680.0,684.0,0.0,80.1,45.0,Individual,6,High Risk,Manual Review
21230606,28000.0, 60 months,18.99,E,E1,10+ years,MORTGAGE,90000.0,Source Verified,debt_consolidation,VA,31.63,0.0,665.0,669.0,0.0,90.9,52.0,Individual,6,High Risk,Manual Review
21410238,16000.0, 60 months,19.52,E,E2,10+ years,OWN,42367.0,Source Verified,major_purchase,NC,30.48,0.0,685.0,689.0,0.0,71.9,20.0,Individual,5,High Risk,Manual Review
21300720,12825.0, 60 months,20.2,E,E3,4 years,RENT,32250.0,Source Verified,debt_consolidation,NC,33.53,1.0,670.0,674.0,2.0,79.6,26.0,Individual,6,High Risk,Manual Review
21310689,20000.0, 60 months,22.15,E,E5,10+ years,MORTGAGE,60000.0,Source Verified,debt_consolidation,AL,32.82,0.0,675.0,679.0,1.0,61.7,40.0,Individual,5,High Risk,Manual Review
20959467,25175.0, 60 months,23.43,F,F1,10+ years,RENT,60000.0,Source Verified,debt_consolidation,MN,30.06,0.0,675.0,679.0,1.0,68.0,21.0,Individual,5,High Risk,Manual Review
21240400,12350.0, 60 months,23.43,F,F1,10+ years,MORTGAGE,41401.0,Not Verified,debt_consolidation,IL,28.29,1.0,670.0,674.0,2.0,83.6,16.0,Individual,5,High Risk,Manual Review
21160929,25000.0, 60 months,20.99,E,E4,< 1 year,MORTGAGE,110000.0,Source Verified,debt_consolidation,AZ,23.11,1.0,680.0,684.0,1.0,85.9,28.0,Individual,5,High Risk,Manual Review
20740694,30000.0, 60 months,24.5,F,F3,8 years,MORTGAGE,80250.0,Verified,home_improvement,NJ,32.66,0.0,670.0,674.0,5.0,92.7,35.0,Individual,6,High Risk,Manual Review
20169551,18000.0, 60 months,20.2,E,E3,4 years,MORTGAGE,57000.0,Not Verified,debt_consolidation,OH,33.28,0.0,690.0,694.0,1.0,93.6,24.0,Individual,6,High Risk,Manual Review
21370070,23500.0, 36 months,20.2,E,E3,6 years,MORTGAGE,62000.0,Source Verified,debt_consolidation,LA,32.13,1.0,675.0,679.0,1.0,84.6,28.0,Individual,7,High Risk,Manual Review
21380186,22500.0, 60 months,20.99,E,E4,3 years,OWN,82000.0,Verified,debt_consolidation,GA,34.64,0.0,695.0,699.0,0.0,100.2,21.0,Individual,6,High Risk,Manual Review
21220463,27525.0, 60 months,25.89,G,G3,10+ years,MORTGAGE,72548.0,Source Verified,debt_consolidation,IN,19.32,1.0,670.0,674.0,1.0,83.0,31.0,Individual,5,High Risk,Manual Review
20428739,7550.0, 36 months,23.43,F,F1,7 years,OWN,46300.0,Not Verified,credit_card,GA,34.19,1.0,665.0,669.0,1.0,89.0,16.0,Individual,7,High Risk,Manual Review
21249784,17925.0, 36 months,19.52,E,E2,10+ years,MORTGAGE,70000.0,Verified,debt_consolidation,GA,25.85,1.0,660.0,664.0,1.0,89.6,14.0,Individual,5,High Risk,Manual Review
20712083,23000.0, 60 months,19.52,E,E2,10+ years,RENT,65000.0,Source Verified,debt_consolidation,OH,32.48,0.0,670.0,674.0,0.0,67.8,31.0,Individual,5,High Risk,Manual Review
20919580,4625.0, 36 months,20.2,E,E3,5 years,RENT,36000.0,Not Verified,debt_consolidation,PA,30.04,4.0,670.0,674.0,3.0,58.0,27.0,Individual,6,High Risk,Manual Review
21190300,21250.0, 60 months,18.99,E,E1,2 years,MORTGAGE,76125.0,Verified,debt_consolidation,SC,32.92,0.0,675.0,679.0,0.0,69.3,29.0,Individual,5,High Risk,Manual Review
10111102,10000.0, 60 months,20.2,E,E3,,MORTGAGE,37884.0,Verified,credit_card,MO,33.23,0.0,685.0,689.0,1.0,69.4,23.0,Individual,5,High Risk,Manual Review
21310114,11200.0, 60 months,18.99,E,E1,< 1 year,OWN,36000.0,Not Verified,home_improvement,TX,31.4,0.0,685.0,689.0,1.0,72.4,45.0,Individual,5,High Risk,Manual Review
21270023,27200.0, 60 months,25.57,F,F5,10+ years,MORTGAGE,62000.0,Verified,debt_consolidation,TN,34.22,0.0,680.0,684.0,3.0,50.0,41.0,Individual,5,High Risk,Manual Review
21230025,27325.0, 36 months,18.99,E,E1,5 years,MORTGAGE,328600.0,Source Verified,medical,NC,3.31,1.0,665.0,669.0,0.0,82.9,20.0,Individual,5,High Risk,Manual Review
21220077,12725.0, 60 months,23.43,F,F1,3 years,MORTGAGE,40000.0,Not Verified,debt_consolidation,SC,30.69,0.0,680.0,684.0,2.0,53.0,31.0,Individual,5,High Risk,Manual Review
21199821,35000.0, 60 months,20.2,E,E3,4 years,MORTGAGE,93000.0,Verified,debt_consolidation,FL,30.04,0.0,680.0,684.0,0.0,81.4,46.0,Individual,6,High Risk,Manual Review
21169677,10200.0, 60 months,18.99,E,E1,1 year,RENT,32000.0,Source Verified,debt_consolidation,OK,34.1,0.0,665.0,669.0,4.0,90.6,31.0,Individual,6,High Risk,Manual Review
21199961,29325.0, 60 months,25.99,G,G4,10+ years,OWN,226000.0,Verified,home_improvement,TX,1.67,1.0,670.0,674.0,0.0,83.1,7.0,Individual,5,High Risk,Manual Review
19927287,23225.0, 60 months,24.99,F,F4,10+ years,MORTGAGE,57000.0,Source Verified,debt_consolidation,MD,32.95,0.0,670.0,674.0,2.0,76.9,40.0,Individual,5,High Risk,Manual Review
21159455,21000.0, 60 months,18.99,E,E1,10+ years,RENT,72000.0,Verified,debt_consolidation,TX,30.22,0.0,665.0,669.0,2.0,53.2,52.0,Individual,5,High Risk,Manual Review
21111113,18450.0, 60 months,19.52,E,E2,< 1 year,RENT,42000.0,Source Verified,credit_card,WA,20.44,1.0,690.0,694.0,0.0,92.9,23.0,Individual,5,High Risk,Manual Review
21111043,1500.0, 36 months,22.15,E,E5,,OWN,12000.0,Verified,other,OR,30.9,0.0,765.0,769.0,0.0,15.1,22.0,Individual,5,High Risk,Manual Review
21051095,22300.0, 60 months,19.52,E,E2,6 years,RENT,70500.0,Verified,debt_consolidation,CA,32.94,0.0,715.0,719.0,0.0,55.9,24.0,Individual,5,High Risk,Manual Review
21031073,22675.0, 60 months,18.99,E,E1,10+ years,MORTGAGE,59099.0,Source Verified,debt_consolidation,MI,34.69,1.0,715.0,719.0,2.0,40.2,26.0,Individual,6,High Risk,Manual Review
12438561,10000.0, 36 months,19.52,E,E2,7 years,RENT,75000.0,Source Verified,other,CA,33.38,3.0,685.0,689.0,3.0,56.9,23.0,Individual,6,High Risk,Manual Review
20379753,35000.0, 60 months,19.52,E,E2,10+ years,MORTGAGE,85077.0,Verified,debt_consolidation,TX,18.39,1.0,700.0,704.0,0.0,90.1,13.0,Individual,5,High Risk,Manual Review
21090130,14125.0, 60 months,18.99,E,E1,10+ years,OWN,31500.0,Source Verified,debt_consolidation,LA,32.15,0.0,680.0,684.0,0.0,67.1,18.0,Individual,5,High Risk,Manual Review
21140846,26575.0, 60 months,23.43,F,F1,10+ years,RENT,70000.0,Source Verified,debt_consolidation,CA,12.67,2.0,670.0,674.0,0.0,87.4,15.0,Individual,5,High Risk,Manual Review
19076117,32000.0, 60 months,20.99,E,E4,< 1 year,MORTGAGE,95000.0,Verified,debt_consolidation,CA,17.08,1.0,700.0,704.0,2.0,86.2,26.0,Individual,5,High Risk,Manual Review
21021009,20000.0, 60 months,20.2,E,E3,1 year,RENT,50000.0,Source Verified,debt_consolidation,FL,30.29,0.0,675.0,679.0,1.0,65.0,20.0,Individual,5,High Risk,Manual Review
19197420,13625.0, 60 months,24.5,F,F3,3 years,MORTGAGE,38000.0,Source Verified,debt_consolidation,FL,28.4,2.0,665.0,669.0,0.0,91.3,11.0,Individual,5,High Risk,Manual Review
20741263,24725.0, 36 months,20.99,E,E4,1 year,OWN,59000.0,Verified,debt_consolidation,OR,21.11,3.0,660.0,664.0,0.0,85.6,33.0,Individual,5,High Risk,Manual Review
19677863,34550.0, 60 months,20.2,E,E3,10+ years,RENT,78540.0,Verified,debt_consolidation,KS,31.7,0.0,715.0,719.0,0.0,50.0,28.0,Individual,5,High Risk,Manual Review
21150393,35000.0, 36 months,18.99,E,E1,10+ years,MORTGAGE,85000.0,Verified,debt_consolidation,TN,34.63,0.0,695.0,699.0,2.0,78.4,34.0,Individual,5,High Risk,Manual Review
21110443,15800.0, 60 months,19.52,E,E2,1 year,MORTGAGE,45000.0,Source Verified,debt_consolidation,FL,32.27,0.0,715.0,719.0,2.0,32.9,16.0,Individual,5,High Risk,Manual Review
21090505,9450.0, 36 months,17.57,D,D4,1 year,MORTGAGE,25000.0,Source Verified,credit_card,NJ,32.36,6.0,660.0,664.0,1.0,90.9,30.0,Individual,5,High Risk,Manual Review
21150274,30000.0, 60 months,22.15,E,E5,10+ years,MORTGAGE,74500.0,Verified,debt_consolidation,MN,18.65,1.0,665.0,669.0,2.0,85.3,21.0,Individual,5,High Risk,Manual Review
21060132,35000.0, 60 months,20.2,E,E3,10+ years,MORTGAGE,103532.0,Verified,debt_consolidation,OH,21.11,1.0,680.0,684.0,2.0,89.9,36.0,Individual,5,High Risk,Manual Review
21050177,15100.0, 60 months,24.99,F,F4,10+ years,OWN,42000.0,Source Verified,other,FL,30.11,0.0,660.0,664.0,2.0,71.9,23.0,Individual,5,High Risk,Manual Review
20889380,13150.0, 36 months,19.52,E,E2,8 years,MORTGAGE,55000.0,Source Verified,debt_consolidation,TX,34.39,1.0,670.0,674.0,1.0,67.9,20.0,Individual,6,High Risk,Manual Review
19096860,35000.0, 36 months,18.99,E,E1,10+ years,MORTGAGE,134000.0,Verified,debt_consolidation,FL,11.87,2.0,670.0,674.0,0.0,87.5,34.0,Individual,5,High Risk,Manual Review
21009976,8000.0, 36 months,24.08,F,F2,10+ years,MORTGAGE,40000.0,Verified,car,WA,20.16,2.0,665.0,669.0,1.0,90.5,26.0,Individual,5,High Risk,Manual Review
20751377,35000.0, 36 months,19.52,E,E2,10+ years,MORTGAGE,128000.0,Verified,debt_consolidation,PA,34.16,0.0,665.0,669.0,4.0,69.8,67.0,Individual,5,High Risk,Manual Review
21009979,5950.0, 36 months,23.43,F,F1,,MORTGAGE,16800.0,Verified,debt_consolidation,IN,31.64,0.0,665.0,669.0,2.0,97.8,16.0,Individual,6,High Risk,Manual Review
20969751,21475.0, 36 months,18.99,E,E1,6 years,OWN,64000.0,Source Verified,debt_consolidation,TX,34.34,0.0,715.0,719.0,2.0,60.2,38.0,Individual,5,High Risk,Manual Review
20672403,22875.0, 60 months,24.08,F,F2,10+ years,MORTGAGE,52000.0,Source Verified,debt_consolidation,AZ,31.32,0.0,690.0,694.0,2.0,84.4,30.0,Individual,6,High Risk,Manual Review
21039383,29600.0, 36 months,18.99,E,E1,10+ years,MORTGAGE,105000.0,Verified,debt_consolidation,VA,32.47,0.0,705.0,709.0,0.0,81.8,22.0,Individual,6,High Risk,Manual Review
20879892,11450.0, 36 months,25.57,F,F5,10+ years,MORTGAGE,75000.0,Not Verified,medical,KS,29.73,1.0,665.0,669.0,2.0,83.2,46.0,Individual,5,High Risk,Manual Review
17944516,10500.0, 60 months,23.43,F,F1,7 years,RENT,67810.0,Verified,house,CA,12.58,1.0,660.0,664.0,0.0,83.5,21.0,Individual,5,High Risk,Manual Review
20649012,12000.0, 60 months,20.2,E,E3,10+ years,MORTGAGE,64000.0,Not Verified,credit_card,IL,32.31,0.0,665.0,669.0,4.0,75.0,39.0,Individual,5,High Risk,Manual Review
20919642,10000.0, 60 months,19.52,E,E2,4 years,MORTGAGE,27209.0,Source Verified,debt_consolidation,TN,30.48,1.0,660.0,664.0,1.0,45.6,20.0,Individual,6,High Risk,Manual Review
20959440,6000.0, 36 months,19.52,E,E2,10+ years,RENT,80000.0,Source Verified,other,NJ,30.12,0.0,675.0,679.0,2.0,62.2,32.0,Individual,5,High Risk,Manual Review
20899309,12350.0, 60 months,20.99,E,E4,8 years,RENT,42942.0,Source Verified,debt_consolidation,CA,31.39,0.0,660.0,664.0,0.0,96.6,9.0,Individual,6,High Risk,Manual Review
20889442,15000.0, 60 months,19.52,E,E2,2 years,RENT,90000.0,Source Verified,debt_consolidation,CA,15.12,5.0,660.0,664.0,1.0,85.6,26.0,Individual,5,High Risk,Manual Review
20919298,16000.0, 60 months,18.99,E,E1,10+ years,MORTGAGE,40000.0,Source Verified,debt_consolidation,MS,34.17,0.0,675.0,679.0,1.0,6.3,16.0,Individual,5,High Risk,Manual Review
20939358,3800.0, 36 months,23.43,F,F1,10+ years,RENT,50000.0,Not Verified,other,CA,11.95,1.0,665.0,669.0,0.0,84.6,20.0,Individual,5,High Risk,Manual Review
20792383,19200.0, 60 months,20.99,E,E4,10+ years,MORTGAGE,99000.0,Verified,debt_consolidation,CA,30.85,0.0,670.0,674.0,1.0,77.9,44.0,Individual,5,High Risk,Manual Review
20789733,15000.0, 60 months,18.99,E,E1,,MORTGAGE,46800.0,Verified,credit_card,MI,31.21,0.0,670.0,674.0,0.0,66.1,28.0,Individual,5,High Risk,Manual Review
20959283,35000.0, 60 months,26.06,G,G5,10+ years,MORTGAGE,88000.0,Verified,debt_consolidation,FL,27.55,1.0,690.0,694.0,1.0,92.0,40.0,Individual,5,High Risk,Manual Review
20810392,29550.0, 60 months,20.2,E,E3,2 years,RENT,70512.0,Source Verified,debt_consolidation,CA,30.48,0.0,660.0,664.0,0.0,67.4,35.0,Individual,5,High Risk,Manual Review
20762696,14975.0, 60 months,24.99,F,F4,< 1 year,MORTGAGE,43000.0,Verified,home_improvement,AL,30.7,0.0,665.0,669.0,2.0,53.6,68.0,Individual,5,High Risk,Manual Review
20702927,11500.0, 60 months,22.15,E,E5,2 years,RENT,32000.0,Source Verified,debt_consolidation,CO,31.13,1.0,670.0,674.0,0.0,86.4,16.0,Individual,7,High Risk,Manual Review
19136583,25200.0, 60 months,19.52,E,E2,5 years,RENT,55000.0,Source Verified,debt_consolidation,IL,34.69,0.0,680.0,684.0,1.0,66.6,25.0,Individual,5,High Risk,Manual Review
20409393,28125.0, 60 months,20.99,E,E4,3 years,MORTGAGE,64000.0,Source Verified,debt_consolidation,GA,32.81,0.0,695.0,699.0,0.0,89.6,21.0,Individual,6,High Risk,Manual Review
20812310,15000.0, 60 months,18.99,E,E1,10+ years,MORTGAGE,76000.0,Not Verified,debt_consolidation,CA,27.24,1.0,665.0,669.0,2.0,97.8,32.0,Individual,5,High Risk,Manual Review
20782368,7900.0, 36 months,18.99,E,E1,2 years,RENT,22000.0,Source Verified,debt_consolidation,NV,30.22,0.0,670.0,674.0,1.0,86.2,6.0,Individual,6,High Risk,Manual Review
20702504,7150.0, 36 months,19.52,E,E2,,OWN,20000.0,Verified,debt_consolidation,MI,30.49,1.0,700.0,704.0,1.0,27.7,21.0,Individual,6,High Risk,Manual Review
20810436,15225.0, 60 months,18.99,E,E1,10+ years,MORTGAGE,54000.0,Source Verified,debt_consolidation,LA,34.89,1.0,700.0,704.0,0.0,89.8,29.0,Individual,7,High Risk,Manual Review
20742062,4000.0, 36 months,24.99,F,F4,10+ years,MORTGAGE,70000.0,Not Verified,debt_consolidation,MO,32.81,1.0,715.0,719.0,0.0,80.5,25.0,Individual,7,High Risk,Manual Review
20007163,10400.0, 60 months,18.99,E,E1,10+ years,RENT,38443.36,Source Verified,debt_consolidation,OH,19.45,2.0,670.0,674.0,0.0,88.0,21.0,Individual,5,High Risk,Manual Review
18515491,29575.0, 60 months,19.52,E,E2,< 1 year,RENT,78000.0,Source Verified,debt_consolidation,PA,33.37,0.0,705.0,709.0,3.0,29.7,20.0,Individual,5,High Risk,Manual Review
20702227,12800.0, 36 months,20.99,E,E4,10+ years,RENT,47000.0,Source Verified,debt_consolidation,FL,32.23,0.0,670.0,674.0,2.0,64.4,12.0,Individual,5,High Risk,Manual Review
19086835,24250.0, 60 months,22.15,E,E5,2 years,RENT,64000.0,Source Verified,debt_consolidation,CT,30.68,0.0,680.0,684.0,2.0,46.5,35.0,Individual,5,High Risk,Manual Review
20702221,19200.0, 60 months,18.99,E,E1,10+ years,MORTGAGE,60000.0,Source Verified,debt_consolidation,NJ,15.46,1.0,685.0,689.0,1.0,87.0,22.0,Individual,5,High Risk,Manual Review
20801746,12500.0, 60 months,19.52,E,E2,3 years,RENT,35000.0,Source Verified,debt_consolidation,MA,31.51,0.0,660.0,664.0,1.0,66.9,12.0,Individual,5,High Risk,Manual Review
19927104,25000.0, 60 months,20.2,E,E3,8 years,MORTGAGE,68000.0,Source Verified,debt_consolidation,AK,16.9,1.0,675.0,679.0,0.0,87.3,19.0,Individual,5,High Risk,Manual Review
20691780,2975.0, 36 months,18.99,E,E1,< 1 year,MORTGAGE,65000.0,Not Verified,debt_consolidation,MI,12.02,4.0,670.0,674.0,2.0,82.3,16.0,Individual,5,High Risk,Manual Review
20751640,12000.0, 60 months,18.99,E,E1,10+ years,MORTGAGE,80000.0,Source Verified,debt_consolidation,CA,22.79,1.0,685.0,689.0,1.0,98.6,11.0,Individual,5,High Risk,Manual Review
20781276,24000.0, 60 months,23.43,F,F1,10+ years,RENT,68000.0,Source Verified,debt_consolidation,NH,34.56,1.0,675.0,679.0,4.0,91.8,28.0,Individual,7,High Risk,Manual Review
20791668,13625.0, 36 months,18.99,E,E1,10+ years,RENT,62000.0,Verified,debt_consolidation,GA,33.95,0.0,680.0,684.0,1.0,75.0,47.0,Individual,5,High Risk,Manual Review
20691595,15225.0, 36 months,18.99,E,E1,2 years,OWN,45000.0,Source Verified,other,MD,33.9,2.0,665.0,669.0,2.0,63.9,30.0,Individual,6,High Risk,Manual Review
20781510,33425.0, 60 months,25.57,F,F5,10+ years,MORTGAGE,76000.0,Source Verified,debt_consolidation,VT,33.75,0.0,705.0,709.0,0.0,43.0,42.0,Individual,5,High Risk,Manual Review
20811035,10000.0, 36 months,18.99,E,E1,9 years,MORTGAGE,72000.0,Source Verified,debt_consolidation,AL,32.33,2.0,675.0,679.0,3.0,58.0,69.0,Individual,6,High Risk,Manual Review
20731317,26000.0, 60 months,19.52,E,E2,< 1 year,MORTGAGE,175000.0,Verified,debt_consolidation,TX,21.98,1.0,680.0,684.0,1.0,94.2,42.0,Individual,5,High Risk,Manual Review
20741227,25000.0, 60 months,24.99,F,F4,10+ years,RENT,80000.0,Source Verified,debt_consolidation,MS,26.3,1.0,675.0,679.0,1.0,86.4,42.0,Individual,5,High Risk,Manual Review
20810937,11000.0, 60 months,25.89,G,G3,< 1 year,RENT,54000.0,Source Verified,other,IL,21.18,2.0,670.0,674.0,1.0,84.7,39.0,Individual,5,High Risk,Manual Review
20691364,10000.0, 60 months,18.99,E,E1,10+ years,OWN,37315.0,Source Verified,debt_consolidation,AR,33.9,0.0,670.0,674.0,0.0,64.6,13.0,Individual,5,High Risk,Manual Review
20691330,30000.0, 60 months,19.52,E,E2,7 years,MORTGAGE,105000.0,Verified,debt_consolidation,FL,33.25,0.0,700.0,704.0,0.0,52.9,62.0,Individual,5,High Risk,Manual Review
20760905,15000.0, 36 months,24.08,F,F2,2 years,RENT,126600.0,Verified,debt_consolidation,GA,15.48,1.0,680.0,684.0,1.0,92.8,33.0,Individual,5,High Risk,Manual Review
20671034,35000.0, 60 months,20.99,E,E4,10+ years,MORTGAGE,153000.0,Verified,debt_consolidation,CA,9.41,1.0,670.0,674.0,2.0,81.7,32.0,Individual,5,High Risk,Manual Review
20800874,19725.0, 60 months,23.43,F,F1,10+ years,MORTGAGE,55000.0,Not Verified,debt_consolidation,AZ,32.01,1.0,660.0,664.0,2.0,69.9,23.0,Individual,6,High Risk,Manual Review
20791083,16000.0, 60 months,20.99,E,E4,9 years,OWN,71600.0,Verified,home_improvement,NJ,18.52,1.0,660.0,664.0,1.0,95.0,35.0,Individual,5,High Risk,Manual Review
20750860,10450.0, 60 months,25.89,G,G3,2 years,MORTGAGE,35000.0,Not Verified,debt_consolidation,NC,33.54,0.0,660.0,664.0,0.0,99.6,14.0,Individual,6,High Risk,Manual Review
20690769,15000.0, 60 months,18.99,E,E1,10+ years,MORTGAGE,42000.0,Source Verified,debt_consolidation,FL,34.46,0.0,705.0,709.0,0.0,74.1,24.0,Individual,5,High Risk,Manual Review
20680583,35000.0, 60 months,20.99,E,E4,10+ years,RENT,110000.0,Verified,debt_consolidation,IL,22.28,1.0,665.0,669.0,1.0,87.7,18.0,Individual,5,High Risk,Manual Review
20689347,12175.0, 36 months,20.2,E,E3,3 years,RENT,34000.0,Source Verified,debt_consolidation,PA,34.56,0.0,675.0,679.0,1.0,87.6,13.0,Individual,6,High Risk,Manual Review
20730499,24000.0, 60 months,23.43,F,F1,5 years,MORTGAGE,65000.0,Source Verified,debt_consolidation,OH,34.27,0.0,665.0,669.0,2.0,79.4,23.0,Individual,5,High Risk,Manual Review
20729956,24000.0, 60 months,18.99,E,E1,9 years,MORTGAGE,65000.0,Source Verified,debt_consolidation,MI,30.06,2.0,675.0,679.0,1.0,37.1,38.0,Individual,6,High Risk,Manual Review
20800464,26375.0, 60 months,24.08,F,F2,10+ years,MORTGAGE,60000.0,Source Verified,debt_consolidation,CO,33.94,1.0,715.0,719.0,0.0,60.8,26.0,Individual,6,High Risk,Manual Review
20669785,15000.0, 60 months,19.52,E,E2,8 years,MORTGAGE,75200.0,Not Verified,home_improvement,IL,17.22,4.0,665.0,669.0,3.0,83.0,18.0,Individual,5,High Risk,Manual Review
20730442,35000.0, 60 months,20.99,E,E4,4 years,MORTGAGE,160700.0,Verified,debt_consolidation,VA,25.49,1.0,690.0,694.0,1.0,93.4,45.0,Individual,5,High Risk,Manual Review
20730403,10000.0, 36 months,19.52,E,E2,< 1 year,MORTGAGE,45000.0,Not Verified,other,FL,31.73,0.0,665.0,669.0,1.0,72.8,19.0,Individual,5,High Risk,Manual Review
20730354,20000.0, 60 months,24.08,F,F2,10+ years,RENT,198000.0,Source Verified,debt_consolidation,VA,13.13,4.0,690.0,694.0,1.0,95.1,29.0,Individual,5,High Risk,Manual Review
20208477,10025.0, 36 months,22.15,E,E5,7 years,RENT,52500.0,Not Verified,house,FL,32.27,0.0,660.0,664.0,2.0,44.1,27.0,Individual,5,High Risk,Manual Review
20799499,10800.0, 60 months,22.15,E,E5,10+ years,MORTGAGE,50000.0,Verified,debt_consolidation,MD,34.61,0.0,690.0,694.0,5.0,15.4,48.0,Individual,5,High Risk,Manual Review
20548964,24525.0, 60 months,18.99,E,E1,10+ years,MORTGAGE,56000.0,Verified,debt_consolidation,AL,33.86,1.0,700.0,704.0,0.0,25.3,85.0,Individual,6,High Risk,Manual Review
20680017,18000.0, 60 months,19.52,E,E2,< 1 year,MORTGAGE,61329.0,Source Verified,debt_consolidation,MD,20.57,1.0,665.0,669.0,1.0,99.3,11.0,Individual,5,High Risk,Manual Review
20689911,10625.0, 60 months,20.99,E,E4,7 years,MORTGAGE,70000.0,Source Verified,debt_consolidation,FL,32.47,1.0,700.0,704.0,2.0,28.2,26.0,Individual,6,High Risk,Manual Review
11045206,16825.0, 36 months,24.5,F,F3,< 1 year,MORTGAGE,50000.0,Source Verified,debt_consolidation,TX,31.3,1.0,665.0,669.0,1.0,56.3,27.0,Individual,6,High Risk,Manual Review
14469704,7800.0, 36 months,18.99,E,E1,8 years,MORTGAGE,60000.0,Source Verified,credit_card,AK,31.48,0.0,665.0,669.0,5.0,63.9,20.0,Individual,5,High Risk,Manual Review
20699820,14350.0, 60 months,18.99,E,E1,10+ years,RENT,36000.0,Source Verified,debt_consolidation,CA,32.17,1.0,665.0,669.0,1.0,92.2,20.0,Individual,7,High Risk,Manual Review
20439024,16950.0, 60 months,24.99,F,F4,8 years,RENT,53000.0,Source Verified,debt_consolidation,OK,32.25,0.0,680.0,684.0,0.0,100.8,13.0,Individual,6,High Risk,Manual Review
20789524,11275.0, 60 months,24.99,F,F4,10+ years,RENT,29725.08,Source Verified,credit_card,CA,34.88,0.0,685.0,689.0,2.0,56.0,17.0,Individual,5,High Risk,Manual Review
20759379,11775.0, 36 months,23.43,F,F1,5 years,MORTGAGE,53000.0,Verified,home_improvement,NM,31.36,0.0,660.0,664.0,6.0,51.2,15.0,Individual,5,High Risk,Manual Review
20709359,21075.0, 60 months,18.99,E,E1,10+ years,MORTGAGE,48000.0,Source Verified,debt_consolidation,MS,31.33,0.0,730.0,734.0,0.0,45.7,21.0,Individual,5,High Risk,Manual Review
20167611,8575.0, 36 months,22.15,E,E5,10+ years,RENT,24000.0,Verified,debt_consolidation,OH,31.55,0.0,685.0,689.0,0.0,50.8,14.0,Individual,5,High Risk,Manual Review
19696477,20000.0, 60 months,16.29,D,D2,10+ years,MORTGAGE,72000.0,Source Verified,credit_card,IL,32.32,1.0,690.0,694.0,0.0,80.1,34.0,Individual,5,High Risk,Manual Review
18966059,22875.0, 60 months,18.99,E,E1,3 years,MORTGAGE,69230.0,Verified,credit_card,NJ,31.89,0.0,700.0,704.0,1.0,87.6,28.0,Individual,6,High Risk,Manual Review
20578872,33700.0, 60 months,23.43,F,F1,5 years,MORTGAGE,99349.0,Verified,debt_consolidation,IL,30.2,0.0,705.0,709.0,0.0,81.7,27.0,Individual,6,High Risk,Manual Review
20759056,3500.0, 36 months,16.99,D,D3,4 years,MORTGAGE,127000.0,Not Verified,debt_consolidation,CO,31.95,1.0,680.0,684.0,1.0,93.3,30.0,Individual,5,High Risk,Manual Review
20718922,16000.0, 60 months,25.57,F,F5,1 year,MORTGAGE,62000.0,Not Verified,debt_consolidation,AZ,34.42,0.0,675.0,679.0,2.0,63.5,36.0,Individual,5,High Risk,Manual Review
20789449,17425.0, 60 months,22.15,E,E5,1 year,RENT,135000.0,Source Verified,other,NY,7.41,3.0,665.0,669.0,1.0,94.4,40.0,Individual,5,High Risk,Manual Review
20799069,27450.0, 60 months,26.06,G,G5,10+ years,MORTGAGE,86000.0,Verified,debt_consolidation,MA,12.17,1.0,670.0,674.0,0.0,86.1,41.0,Individual,5,High Risk,Manual Review
20709213,16150.0, 36 months,22.15,E,E5,10+ years,OWN,45000.0,Source Verified,debt_consolidation,CA,34.08,1.0,660.0,664.0,2.0,58.7,31.0,Individual,6,High Risk,Manual Review
20699351,25850.0, 60 months,25.89,G,G3,10+ years,MORTGAGE,81000.0,Verified,debt_consolidation,SC,23.93,2.0,660.0,664.0,3.0,93.5,42.0,Individual,5,High Risk,Manual Review
15729830,2700.0, 36 months,22.15,E,E5,10+ years,MORTGAGE,83000.0,Source Verified,medical,VA,31.69,0.0,700.0,704.0,0.0,69.2,39.0,Individual,5,High Risk,Manual Review
20638753,35000.0, 60 months,19.52,E,E2,10+ years,MORTGAGE,136000.0,Verified,debt_consolidation,LA,33.68,0.0,710.0,714.0,0.0,57.6,22.0,Individual,5,High Risk,Manual Review
20738634,10200.0, 60 months,26.06,G,G5,< 1 year,RENT,34000.0,Verified,debt_consolidation,IN,31.77,0.0,670.0,674.0,3.0,43.5,21.0,Individual,5,High Risk,Manual Review
20798829,28875.0, 60 months,18.99,E,E1,10+ years,MORTGAGE,129000.0,Verified,debt_consolidation,IL,32.66,0.0,705.0,709.0,0.0,44.7,61.0,Individual,5,High Risk,Manual Review
20718887,29325.0, 36 months,20.99,E,E4,< 1 year,RENT,70000.0,Verified,debt_consolidation,NY,33.58,0.0,680.0,684.0,0.0,76.5,19.0,Individual,5,High Risk,Manual Review
19897883,10700.0, 60 months,18.99,E,E1,10+ years,MORTGAGE,39500.0,Source Verified,home_improvement,AL,34.0,0.0,695.0,699.0,0.0,75.7,31.0,Individual,5,High Risk,Manual Review
20668768,20000.0, 60 months,20.99,E,E4,10+ years,RENT,108000.0,Source Verified,debt_consolidation,UT,23.32,1.0,665.0,669.0,3.0,86.4,31.0,Individual,5,High Risk,Manual Review
20709019,22000.0, 60 months,20.2,E,E3,10+ years,MORTGAGE,80000.0,Verified,debt_consolidation,LA,28.98,1.0,680.0,684.0,0.0,83.0,21.0,Individual,5,High Risk,Manual Review
20768690,25850.0, 60 months,19.52,E,E2,10+ years,OWN,51796.0,Source Verified,debt_consolidation,KY,32.39,1.0,700.0,704.0,1.0,54.2,28.0,Individual,6,High Risk,Manual Review
20778618,16000.0, 60 months,23.43,F,F1,5 years,MORTGAGE,69000.0,Source Verified,debt_consolidation,TX,34.56,0.0,685.0,689.0,3.0,91.6,17.0,Individual,6,High Risk,Manual Review
20788790,23450.0, 60 months,22.15,E,E5,1 year,MORTGAGE,62000.0,Source Verified,debt_consolidation,MN,30.47,0.0,675.0,679.0,1.0,65.6,37.0,Individual,5,High Risk,Manual Review
20728623,14825.0, 60 months,18.99,E,E1,10+ years,MORTGAGE,33000.0,Source Verified,debt_consolidation,NC,34.73,0.0,685.0,689.0,0.0,50.8,34.0,Individual,5,High Risk,Manual Review
20688745,35000.0, 36 months,20.99,E,E4,4 years,RENT,140000.0,Verified,other,CT,18.59,1.0,670.0,674.0,0.0,95.3,19.0,Individual,5,High Risk,Manual Review
20628945,17625.0, 60 months,20.2,E,E3,3 years,RENT,42000.0,Source Verified,debt_consolidation,TX,31.77,0.0,695.0,699.0,1.0,76.8,23.0,Individual,5,High Risk,Manual Review
20588900,10000.0, 60 months,20.2,E,E3,9 years,MORTGAGE,48000.0,Not Verified,other,FL,34.43,0.0,700.0,704.0,0.0,60.1,33.0,Individual,5,High Risk,Manual Review
20548898,7200.0, 36 months,20.2,E,E3,4 years,RENT,200000.0,Source Verified,debt_consolidation,OK,9.8,1.0,670.0,674.0,3.0,83.4,36.0,Individual,5,High Risk,Manual Review
20548823,19800.0, 60 months,19.52,E,E2,4 years,MORTGAGE,45000.0,Not Verified,debt_consolidation,TX,32.8,0.0,665.0,669.0,0.0,61.7,37.0,Individual,5,High Risk,Manual Review
20558881,11975.0, 60 months,24.99,F,F4,10+ years,RENT,50000.0,Source Verified,debt_consolidation,WA,34.93,0.0,670.0,674.0,0.0,87.1,21.0,Individual,6,High Risk,Manual Review
20589048,13000.0, 60 months,18.99,E,E1,1 year,MORTGAGE,36000.0,Source Verified,credit_card,MT,33.87,0.0,695.0,699.0,0.0,54.6,42.0,Individual,5,High Risk,Manual Review
20608771,14150.0, 60 months,19.52,E,E2,10+ years,MORTGAGE,55000.0,Verified,debt_consolidation,NM,32.4,0.0,665.0,669.0,0.0,49.8,22.0,Individual,5,High Risk,Manual Review
20070417,12300.0, 60 months,25.89,G,G3,9 years,MORTGAGE,35000.0,Not Verified,debt_consolidation,FL,30.45,0.0,670.0,674.0,0.0,71.0,18.0,Individual,5,High Risk,Manual Review
19086054,27500.0, 60 months,23.43,F,F1,10+ years,MORTGAGE,90000.0,Source Verified,debt_consolidation,WI,31.87,1.0,680.0,684.0,0.0,79.1,45.0,Individual,6,High Risk,Manual Review
20429288,13800.0, 60 months,19.52,E,E2,10+ years,OWN,85000.0,Verified,credit_card,MD,17.72,2.0,660.0,664.0,1.0,85.0,51.0,Individual,5,High Risk,Manual Review
20140252,2975.0, 36 months,19.52,E,E2,3 years,RENT,38000.0,Not Verified,house,CA,32.06,0.0,660.0,664.0,0.0,72.5,13.0,Individual,5,High Risk,Manual Review
20178345,23400.0, 60 months,20.99,E,E4,10+ years,MORTGAGE,58500.0,Source Verified,debt_consolidation,OH,24.47,3.0,660.0,664.0,2.0,95.7,19.0,Individual,5,High Risk,Manual Review
20409317,14000.0, 60 months,19.52,E,E2,9 years,MORTGAGE,60000.0,Not Verified,debt_consolidation,CA,20.8,1.0,670.0,674.0,2.0,103.5,18.0,Individual,5,High Risk,Manual Review
20369491,20000.0, 60 months,24.99,F,F4,,MORTGAGE,63800.0,Verified,debt_consolidation,NY,11.03,1.0,675.0,679.0,0.0,93.3,11.0,Individual,5,High Risk,Manual Review
20429220,21600.0, 60 months,20.2,E,E3,5 years,RENT,62000.0,Source Verified,debt_consolidation,CA,31.99,0.0,695.0,699.0,0.0,62.9,44.0,Individual,5,High Risk,Manual Review
20359393,30000.0, 60 months,20.2,E,E3,10+ years,MORTGAGE,95000.0,Verified,debt_consolidation,OH,31.36,1.0,685.0,689.0,0.0,81.4,37.0,Individual,7,High Risk,Manual Review
15330014,10000.0, 36 months,18.99,E,E1,9 years,MORTGAGE,57500.0,Source Verified,major_purchase,CA,17.49,1.0,660.0,664.0,2.0,86.5,12.0,Individual,5,High Risk,Manual Review
20140450,17225.0, 60 months,23.43,F,F1,10+ years,MORTGAGE,48000.0,Not Verified,debt_consolidation,SC,14.15,1.0,680.0,684.0,0.0,85.9,14.0,Individual,5,High Risk,Manual Review
20418980,27000.0, 60 months,17.57,D,D4,10+ years,MORTGAGE,90000.0,Source Verified,debt_consolidation,TX,30.87,2.0,680.0,684.0,0.0,84.1,35.0,Individual,5,High Risk,Manual Review
19917852,3600.0, 36 months,23.43,F,F1,< 1 year,RENT,43000.0,Not Verified,moving,MD,4.83,1.0,660.0,664.0,0.0,83.1,9.0,Individual,5,High Risk,Manual Review
14559737,12000.0, 60 months,19.52,E,E2,< 1 year,RENT,40000.0,Source Verified,debt_consolidation,CA,32.43,0.0,680.0,684.0,6.0,75.9,19.0,Individual,5,High Risk,Manual Review
20349046,35000.0, 60 months,24.08,F,F2,10+ years,MORTGAGE,130000.0,Verified,debt_consolidation,TN,18.91,2.0,665.0,669.0,1.0,97.5,13.0,Individual,5,High Risk,Manual Review
20399055,15000.0, 36 months,24.08,F,F2,10+ years,MORTGAGE,68500.0,Verified,debt_consolidation,CA,20.36,1.0,665.0,669.0,1.0,85.2,30.0,Individual,5,High Risk,Manual Review
20188616,25075.0, 60 months,20.99,E,E4,10+ years,RENT,57000.0,Source Verified,debt_consolidation,NJ,32.86,0.0,700.0,704.0,1.0,63.2,36.0,Individual,5,High Risk,Manual Review
20428834,20000.0, 60 months,25.83,G,G2,7 years,MORTGAGE,50000.0,Verified,other,MD,31.9,1.0,670.0,674.0,6.0,32.0,27.0,Individual,6,High Risk,Manual Review
20067833,24000.0, 60 months,19.52,E,E2,10+ years,MORTGAGE,81233.0,Source Verified,debt_consolidation,IL,14.05,3.0,675.0,679.0,2.0,81.7,28.0,Individual,5,High Risk,Manual Review
20408549,18825.0, 60 months,24.5,F,F3,< 1 year,RENT,72000.0,Source Verified,small_business,CA,10.87,2.0,675.0,679.0,1.0,80.2,31.0,Individual,5,High Risk,Manual Review
20378748,16000.0, 60 months,20.2,E,E3,5 years,OWN,48000.0,Verified,debt_consolidation,NJ,32.13,0.0,680.0,684.0,5.0,43.0,26.0,Individual,5,High Risk,Manual Review
20418650,35000.0, 60 months,26.06,G,G5,10+ years,MORTGAGE,168701.0,Source Verified,debt_consolidation,OH,6.95,1.0,660.0,664.0,0.0,88.7,9.0,Individual,5,High Risk,Manual Review
20348628,15000.0, 60 months,20.99,E,E4,1 year,MORTGAGE,90000.0,Not Verified,vacation,OK,14.04,1.0,680.0,684.0,1.0,91.4,29.0,Individual,5,High Risk,Manual Review
20458551,35000.0, 60 months,18.99,E,E1,10+ years,RENT,98000.0,Verified,credit_card,OK,30.01,0.0,695.0,699.0,1.0,88.8,46.0,Individual,6,High Risk,Manual Review
20378517,14000.0, 60 months,20.2,E,E3,,RENT,48396.0,Verified,debt_consolidation,PA,32.04,0.0,670.0,674.0,2.0,81.6,16.0,Individual,6,High Risk,Manual Review
20378518,13475.0, 60 months,24.99,F,F4,< 1 year,RENT,45000.0,Source Verified,other,LA,30.67,0.0,665.0,669.0,2.0,79.0,11.0,Individual,5,High Risk,Manual Review
20218214,13000.0, 60 months,19.52,E,E2,10+ years,MORTGAGE,89000.0,Verified,home_improvement,MS,6.61,1.0,670.0,674.0,5.0,85.4,23.0,Individual,5,High Risk,Manual Review
20418213,10000.0, 60 months,20.2,E,E3,3 years,RENT,25000.0,Source Verified,debt_consolidation,RI,30.68,0.0,670.0,674.0,1.0,72.0,20.0,Individual,5,High Risk,Manual Review
20388414,25000.0, 60 months,20.99,E,E4,2 years,RENT,60000.0,Source Verified,debt_consolidation,CA,34.4,0.0,685.0,689.0,0.0,39.0,26.0,Individual,5,High Risk,Manual Review
20368396,18025.0, 60 months,18.99,E,E1,9 years,MORTGAGE,50000.0,Source Verified,credit_card,WV,33.46,0.0,675.0,679.0,0.0,81.6,18.0,Individual,6,High Risk,Manual Review
20398290,11500.0, 60 months,20.99,E,E4,6 years,RENT,32000.0,Source Verified,debt_consolidation,FL,33.87,0.0,665.0,669.0,0.0,76.8,45.0,Individual,5,High Risk,Manual Review
20448253,16000.0, 60 months,19.52,E,E2,10+ years,MORTGAGE,56300.0,Not Verified,debt_consolidation,TX,32.42,0.0,700.0,704.0,0.0,110.5,13.0,Individual,6,High Risk,Manual Review
20478320,20000.0, 60 months,20.99,E,E4,10+ years,MORTGAGE,55000.0,Source Verified,debt_consolidation,PA,14.92,1.0,675.0,679.0,0.0,88.7,16.0,Individual,5,High Risk,Manual Review
19637363,10850.0, 60 months,18.99,E,E1,4 years,MORTGAGE,38272.0,Not Verified,credit_card,WI,33.55,0.0,690.0,694.0,0.0,88.5,22.0,Individual,6,High Risk,Manual Review
20298582,13375.0, 60 months,23.43,F,F1,8 years,RENT,74000.0,Source Verified,debt_consolidation,MD,27.05,1.0,675.0,679.0,0.0,84.2,29.0,Individual,5,High Risk,Manual Review
17964682,22750.0, 60 months,23.43,F,F1,5 years,MORTGAGE,60000.0,Source Verified,debt_consolidation,VA,31.9,0.0,670.0,674.0,0.0,73.3,38.0,Individual,5,High Risk,Manual Review
20238622,17875.0, 60 months,20.99,E,E4,5 years,MORTGAGE,65000.0,Not Verified,debt_consolidation,OK,15.34,1.0,660.0,664.0,0.0,92.7,21.0,Individual,5,High Risk,Manual Review
20029862,22300.0, 60 months,20.2,E,E3,6 years,MORTGAGE,50800.0,Source Verified,debt_consolidation,AR,33.22,1.0,700.0,704.0,0.0,72.0,33.0,Individual,6,High Risk,Manual Review
20318338,15000.0, 60 months,18.99,E,E1,2 years,RENT,51000.0,Verified,debt_consolidation,CA,30.14,0.0,675.0,679.0,0.0,66.0,19.0,Individual,5,High Risk,Manual Review
20268270,12275.0, 60 months,19.52,E,E2,10+ years,OWN,28000.0,Source Verified,debt_consolidation,PA,33.86,2.0,660.0,664.0,0.0,52.8,38.0,Individual,6,High Risk,Manual Review
17974363,12000.0, 60 months,19.52,E,E2,10+ years,MORTGAGE,75000.0,Source Verified,home_improvement,CA,30.26,0.0,675.0,679.0,0.0,92.1,16.0,Individual,6,High Risk,Manual Review
15970689,14700.0, 60 months,22.15,E,E5,10+ years,RENT,85000.0,Source Verified,debt_consolidation,FL,12.93,1.0,660.0,664.0,2.0,89.6,19.0,Individual,5,High Risk,Manual Review
20248222,15000.0, 60 months,24.08,F,F2,9 years,RENT,48100.0,Source Verified,debt_consolidation,NJ,31.83,1.0,675.0,679.0,0.0,64.6,20.0,Individual,6,High Risk,Manual Review
19196846,11700.0, 60 months,16.29,D,D2,10+ years,RENT,37915.0,Source Verified,debt_consolidation,NY,30.29,1.0,675.0,679.0,0.0,94.7,24.0,Individual,5,High Risk,Manual Review
20288084,6000.0, 36 months,19.52,E,E2,10+ years,RENT,72000.0,Source Verified,moving,LA,33.34,5.0,660.0,664.0,3.0,78.7,27.0,Individual,6,High Risk,Manual Review
20278034,32500.0, 60 months,25.83,G,G2,3 years,MORTGAGE,125000.0,Verified,other,CA,19.08,1.0,665.0,669.0,1.0,85.2,50.0,Individual,5,High Risk,Manual Review
20128148,12250.0, 36 months,18.99,E,E1,2 years,RENT,71000.0,Not Verified,debt_consolidation,CO,26.05,3.0,665.0,669.0,0.0,91.3,30.0,Individual,5,High Risk,Manual Review
20237988,5725.0, 36 months,23.43,F,F1,6 years,MORTGAGE,45000.0,Source Verified,other,CA,30.91,0.0,670.0,674.0,0.0,56.4,14.0,Individual,5,High Risk,Manual Review
20129880,18375.0, 36 months,19.52,E,E2,< 1 year,MORTGAGE,72000.0,Verified,debt_consolidation,MO,32.88,0.0,670.0,674.0,1.0,50.0,26.0,Individual,5,High Risk,Manual Review
20248088,22025.0, 60 months,24.5,F,F3,10+ years,RENT,75000.0,Verified,debt_consolidation,CA,23.39,1.0,680.0,684.0,0.0,92.9,21.0,Individual,5,High Risk,Manual Review
20068473,22500.0, 60 months,18.99,E,E1,4 years,MORTGAGE,140000.0,Source Verified,home_improvement,OH,24.1,2.0,690.0,694.0,0.0,89.5,22.0,Individual,5,High Risk,Manual Review
20168154,22500.0, 60 months,20.99,E,E4,6 years,MORTGAGE,65000.0,Source Verified,credit_card,AL,26.16,1.0,665.0,669.0,3.0,81.6,33.0,Individual,5,High Risk,Manual Review
13095819,35000.0, 60 months,20.2,E,E3,10+ years,MORTGAGE,82000.0,Verified,credit_card,TX,30.9,2.0,665.0,669.0,2.0,73.2,24.0,Individual,6,High Risk,Manual Review
20050234,2200.0, 36 months,20.2,E,E3,8 years,OWN,70000.0,Not Verified,debt_consolidation,UT,17.42,1.0,660.0,664.0,1.0,84.3,26.0,Individual,5,High Risk,Manual Review
20130423,26925.0, 60 months,24.99,F,F4,10+ years,MORTGAGE,71180.0,Verified,debt_consolidation,NJ,19.14,2.0,660.0,664.0,0.0,89.2,25.0,Individual,5,High Risk,Manual Review
19858153,24375.0, 60 months,20.2,E,E3,5 years,MORTGAGE,53000.0,Source Verified,home_improvement,TX,34.06,0.0,715.0,719.0,2.0,88.7,26.0,Individual,6,High Risk,Manual Review
20100184,15000.0, 60 months,22.15,E,E5,5 years,MORTGAGE,45000.0,Not Verified,home_improvement,IN,34.45,1.0,665.0,669.0,0.0,74.5,29.0,Individual,6,High Risk,Manual Review
20137972,35000.0, 60 months,24.5,F,F3,4 years,MORTGAGE,130000.0,Verified,debt_consolidation,NC,14.62,1.0,680.0,684.0,0.0,88.2,24.0,Individual,5,High Risk,Manual Review
20100290,11000.0, 60 months,19.52,E,E2,4 years,OWN,31000.0,Source Verified,other,NY,31.59,0.0,660.0,664.0,2.0,59.5,22.0,Individual,5,High Risk,Manual Review
19445983,27575.0, 60 months,18.99,E,E1,7 years,RENT,60000.0,Source Verified,debt_consolidation,NY,32.2,1.0,680.0,684.0,2.0,60.7,43.0,Individual,6,High Risk,Manual Review
19796574,13575.0, 60 months,20.99,E,E4,10+ years,MORTGAGE,52000.0,Not Verified,home_improvement,DE,32.06,2.0,665.0,669.0,1.0,92.1,25.0,Individual,7,High Risk,Manual Review
20030077,16150.0, 60 months,20.2,E,E3,10+ years,RENT,45000.0,Source Verified,debt_consolidation,IN,31.39,0.0,665.0,669.0,1.0,54.5,59.0,Individual,5,High Risk,Manual Review
10163363,15125.0, 36 months,18.99,E,E1,9 years,RENT,38000.0,Verified,debt_consolidation,MI,32.0,0.0,675.0,679.0,6.0,45.6,54.0,Individual,5,High Risk,Manual Review
20090019,17500.0, 60 months,20.2,E,E3,6 years,RENT,95908.0,Verified,other,MD,4.55,1.0,670.0,674.0,1.0,99.0,58.0,Individual,5,High Risk,Manual Review
17753688,22200.0, 60 months,23.43,F,F1,10+ years,MORTGAGE,92000.0,Verified,debt_consolidation,IL,20.91,2.0,680.0,684.0,1.0,80.9,21.0,Individual,5,High Risk,Manual Review
20089867,3000.0, 36 months,23.43,F,F1,10+ years,MORTGAGE,116000.0,Verified,other,CA,9.62,7.0,660.0,664.0,0.0,87.8,24.0,Individual,5,High Risk,Manual Review
20119654,35000.0, 60 months,23.43,F,F1,8 years,MORTGAGE,170000.0,Verified,debt_consolidation,CA,13.54,3.0,665.0,669.0,0.0,93.2,14.0,Individual,5,High Risk,Manual Review
20129632,3600.0, 36 months,15.61,D,D1,10+ years,RENT,23400.0,Not Verified,other,CT,32.15,2.0,665.0,669.0,0.0,90.4,17.0,Individual,5,High Risk,Manual Review
14308557,8000.0, 36 months,17.57,D,D4,8 years,MORTGAGE,92000.0,Not Verified,debt_consolidation,TN,32.66,1.0,660.0,664.0,1.0,89.5,42.0,Individual,5,High Risk,Manual Review
20159480,14375.0, 60 months,22.15,E,E5,9 years,RENT,40000.0,Source Verified,debt_consolidation,MO,34.49,0.0,680.0,684.0,2.0,50.8,26.0,Individual,5,High Risk,Manual Review
20109479,24875.0, 60 months,20.99,E,E4,5 years,MORTGAGE,63000.0,Verified,debt_consolidation,NV,30.61,1.0,665.0,669.0,0.0,76.3,23.0,Individual,6,High Risk,Manual Review
20099485,10000.0, 36 months,18.99,E,E1,10+ years,MORTGAGE,101000.0,Verified,debt_consolidation,CA,17.91,4.0,675.0,679.0,3.0,90.5,25.0,Individual,5,High Risk,Manual Review
20099519,2800.0, 36 months,20.2,E,E3,< 1 year,MORTGAGE,62000.0,Not Verified,medical,OK,34.38,0.0,685.0,689.0,1.0,72.6,37.0,Individual,5,High Risk,Manual Review
20079367,14375.0, 60 months,20.2,E,E3,< 1 year,MORTGAGE,40000.0,Source Verified,debt_consolidation,NC,31.35,3.0,660.0,664.0,0.0,76.2,33.0,Individual,6,High Risk,Manual Review
20079503,18000.0, 60 months,19.52,E,E2,< 1 year,MORTGAGE,125000.0,Source Verified,debt_consolidation,NJ,10.09,1.0,670.0,674.0,3.0,92.0,23.0,Individual,5,High Risk,Manual Review
20069043,35000.0, 60 months,24.08,F,F2,< 1 year,RENT,90000.0,Verified,debt_consolidation,CO,31.17,0.0,665.0,669.0,0.0,90.4,26.0,Individual,6,High Risk,Manual Review
17695290,17275.0, 60 months,23.43,F,F1,10+ years,RENT,48000.0,Verified,credit_card,AZ,27.23,5.0,665.0,669.0,4.0,99.3,27.0,Individual,5,High Risk,Manual Review
19816713,17775.0, 60 months,25.57,F,F5,6 years,MORTGAGE,49500.0,Not Verified,debt_consolidation,KY,16.97,1.0,660.0,664.0,0.0,93.2,20.0,Individual,5,High Risk,Manual Review
20149207,10000.0, 60 months,20.2,E,E3,9 years,MORTGAGE,67000.0,Source Verified,debt_consolidation,MI,19.68,2.0,660.0,664.0,1.0,81.0,29.0,Individual,5,High Risk,Manual Review
20169206,25000.0, 60 months,20.99,E,E4,10+ years,MORTGAGE,80000.0,Verified,debt_consolidation,TX,30.18,0.0,725.0,729.0,2.0,37.4,32.0,Individual,5,High Risk,Manual Review
20109240,6000.0, 36 months,22.15,E,E5,10+ years,OWN,95610.0,Source Verified,debt_consolidation,GA,20.3,2.0,660.0,664.0,2.0,82.6,53.0,Individual,5,High Risk,Manual Review
20048996,18350.0, 60 months,23.43,F,F1,5 years,MORTGAGE,46000.0,Source Verified,debt_consolidation,SC,34.96,0.0,675.0,679.0,0.0,68.5,30.0,Individual,5,High Risk,Manual Review
19878130,22400.0, 60 months,20.2,E,E3,5 years,RENT,51000.0,Source Verified,debt_consolidation,OR,32.38,0.0,715.0,719.0,0.0,44.0,34.0,Individual,5,High Risk,Manual Review
20168163,16500.0, 60 months,20.2,E,E3,2 years,MORTGAGE,50000.0,Source Verified,debt_consolidation,TN,33.53,0.0,670.0,674.0,2.0,62.5,49.0,Individual,5,High Risk,Manual Review
20169142,5000.0, 36 months,19.52,E,E2,,RENT,120000.0,Verified,other,CA,16.8,2.0,670.0,674.0,0.0,93.2,18.0,Individual,5,High Risk,Manual Review
20109124,25000.0, 60 months,23.43,F,F1,10+ years,MORTGAGE,75000.0,Source Verified,debt_consolidation,NJ,31.46,0.0,665.0,669.0,0.0,94.0,33.0,Individual,6,High Risk,Manual Review
20118935,26050.0, 36 months,20.2,E,E3,10+ years,MORTGAGE,62218.0,Verified,credit_card,LA,31.5,0.0,685.0,689.0,0.0,75.4,15.0,Individual,5,High Risk,Manual Review
12478989,10850.0, 60 months,23.43,F,F1,5 years,MORTGAGE,42000.0,Verified,credit_card,UT,24.8,2.0,660.0,664.0,0.0,87.1,40.0,Individual,5,High Risk,Manual Review
19857133,6125.0, 36 months,18.99,E,E1,10+ years,RENT,58200.0,Source Verified,credit_card,CA,30.52,1.0,680.0,684.0,1.0,47.1,31.0,Individual,6,High Risk,Manual Review
20168871,20950.0, 60 months,18.99,E,E1,1 year,RENT,50160.48,Source Verified,debt_consolidation,CA,32.66,0.0,665.0,669.0,0.0,89.8,41.0,Individual,6,High Risk,Manual Review
20137131,24000.0, 60 months,20.2,E,E3,7 years,MORTGAGE,102684.0,Source Verified,debt_consolidation,CO,33.62,0.0,680.0,684.0,2.0,74.0,41.0,Individual,5,High Risk,Manual Review
19706661,10500.0, 60 months,23.43,F,F1,10+ years,OWN,45000.0,Source Verified,debt_consolidation,FL,31.15,3.0,670.0,674.0,1.0,84.3,40.0,Individual,7,High Risk,Manual Review
20158630,11875.0, 36 months,25.57,F,F5,5 years,RENT,35000.0,Source Verified,home_improvement,CA,31.96,0.0,660.0,664.0,0.0,92.4,6.0,Individual,6,High Risk,Manual Review
20058569,8475.0, 36 months,19.52,E,E2,10+ years,OWN,25000.0,Source Verified,home_improvement,AZ,30.48,0.0,665.0,669.0,1.0,67.3,10.0,Individual,5,High Risk,Manual Review
20107341,22075.0, 60 months,18.99,E,E1,< 1 year,RENT,85000.0,Source Verified,debt_consolidation,OH,10.5,1.0,675.0,679.0,0.0,88.0,19.0,Individual,5,High Risk,Manual Review
20048703,15000.0, 36 months,19.52,E,E2,8 years,MORTGAGE,98000.0,Not Verified,credit_card,CA,17.18,1.0,670.0,674.0,1.0,96.1,23.0,Individual,5,High Risk,Manual Review
19566501,7250.0, 36 months,18.99,E,E1,< 1 year,RENT,40000.0,Source Verified,other,NH,30.33,2.0,665.0,669.0,1.0,69.7,22.0,Individual,6,High Risk,Manual Review
20168401,14000.0, 60 months,25.57,F,F5,2 years,OWN,90000.0,Not Verified,other,OH,32.47,0.0,675.0,679.0,2.0,100.5,16.0,Individual,6,High Risk,Manual Review
20128565,29850.0, 60 months,20.2,E,E3,10+ years,MORTGAGE,80000.0,Source Verified,home_improvement,CO,34.22,0.0,700.0,704.0,0.0,72.1,26.0,Individual,5,High Risk,Manual Review
19666633,8600.0, 36 months,22.15,E,E5,5 years,RENT,24000.0,Source Verified,debt_consolidation,MI,32.05,0.0,670.0,674.0,0.0,94.1,12.0,Individual,6,High Risk,Manual Review
20127975,10950.0, 60 months,18.99,E,E1,,OWN,25000.0,Verified,debt_consolidation,OH,33.46,0.0,710.0,714.0,4.0,47.9,29.0,Individual,5,High Risk,Manual Review
20158447,11025.0, 36 months,20.99,E,E4,2 years,RENT,63000.0,Source Verified,vacation,CA,30.93,0.0,680.0,684.0,1.0,25.1,38.0,Individual,5,High Risk,Manual Review
20127290,12000.0, 60 months,22.15,E,E5,9 years,RENT,80000.0,Source Verified,debt_consolidation,CA,25.7,3.0,665.0,669.0,1.0,95.5,21.0,Individual,5,High Risk,Manual Review
20138447,35000.0, 60 months,19.52,E,E2,3 years,RENT,91754.0,Verified,debt_consolidation,CA,32.56,1.0,670.0,674.0,0.0,59.9,37.0,Individual,6,High Risk,Manual Review
19117799,9350.0, 36 months,18.99,E,E1,< 1 year,MORTGAGE,75000.0,Source Verified,debt_consolidation,CT,17.04,2.0,660.0,664.0,2.0,82.7,18.0,Individual,5,High Risk,Manual Review
17645600,14000.0, 60 months,20.99,E,E4,5 years,MORTGAGE,80000.0,Source Verified,debt_consolidation,MT,16.43,2.0,660.0,664.0,5.0,87.8,34.0,Individual,5,High Risk,Manual Review
19567358,16750.0, 60 months,23.43,F,F1,,MORTGAGE,48000.0,Verified,debt_consolidation,IL,32.08,0.0,710.0,714.0,0.0,91.4,19.0,Individual,6,High Risk,Manual Review
20117990,17225.0, 60 months,18.99,E,E1,10+ years,RENT,90000.0,Verified,debt_consolidation,CA,29.45,1.0,665.0,669.0,1.0,83.7,40.0,Individual,5,High Risk,Manual Review
19556369,32750.0, 60 months,22.15,E,E5,10+ years,MORTGAGE,75000.0,Verified,debt_consolidation,MS,33.33,0.0,700.0,704.0,0.0,65.5,31.0,Individual,5,High Risk,Manual Review
20037936,30000.0, 60 months,23.43,F,F1,10+ years,MORTGAGE,81500.0,Verified,debt_consolidation,CA,19.44,3.0,670.0,674.0,0.0,85.0,33.0,Individual,5,High Risk,Manual Review
20047887,7800.0, 36 months,18.99,E,E1,1 year,MORTGAGE,145000.0,Verified,vacation,CA,25.1,1.0,670.0,674.0,1.0,84.6,30.0,Individual,5,High Risk,Manual Review
20087871,7125.0, 36 months,24.5,F,F3,10+ years,RENT,24000.0,Source Verified,debt_consolidation,IN,31.15,0.0,660.0,664.0,2.0,70.7,44.0,Individual,5,High Risk,Manual Review
19566646,20775.0, 36 months,18.99,E,E1,7 years,MORTGAGE,52000.0,Source Verified,debt_consolidation,IL,32.75,0.0,685.0,689.0,1.0,86.4,8.0,Individual,6,High Risk,Manual Review
20037141,18400.0, 60 months,24.08,F,F2,1 year,MORTGAGE,52400.0,Not Verified,debt_consolidation,FL,34.08,0.0,690.0,694.0,1.0,77.1,19.0,Individual,5,High Risk,Manual Review
17073006,28425.0, 60 months,19.52,E,E2,1 year,OWN,62000.0,Source Verified,credit_card,TN,28.76,1.0,680.0,684.0,0.0,90.6,22.0,Individual,5,High Risk,Manual Review
19577394,19500.0, 60 months,23.43,F,F1,6 years,MORTGAGE,46588.0,Not Verified,debt_consolidation,NC,31.56,0.0,710.0,714.0,1.0,50.4,21.0,Individual,5,High Risk,Manual Review
20077699,8475.0, 36 months,19.52,E,E2,1 year,RENT,37000.0,Source Verified,debt_consolidation,WI,30.91,0.0,685.0,689.0,2.0,51.9,12.0,Individual,5,High Risk,Manual Review
20047795,29000.0, 60 months,18.99,E,E1,10+ years,MORTGAGE,58000.0,Source Verified,debt_consolidation,NC,33.0,0.0,705.0,709.0,0.0,58.4,31.0,Individual,5,High Risk,Manual Review
20027732,25150.0, 60 months,24.5,F,F3,10+ years,MORTGAGE,63000.0,Source Verified,other,NM,30.08,0.0,700.0,704.0,0.0,76.7,19.0,Individual,5,High Risk,Manual Review
20117646,14375.0, 60 months,23.43,F,F1,< 1 year,MORTGAGE,40000.0,Not Verified,debt_consolidation,MD,32.28,0.0,675.0,679.0,0.0,53.2,26.0,Individual,5,High Risk,Manual Review
20137640,20850.0, 60 months,23.43,F,F1,2 years,RENT,52196.0,Verified,debt_consolidation,CA,32.73,0.0,665.0,669.0,0.0,97.8,14.0,Individual,6,High Risk,Manual Review
19687234,22000.0, 60 months,20.2,E,E3,2 years,MORTGAGE,50000.0,Source Verified,debt_consolidation,GA,31.13,1.0,695.0,699.0,2.0,36.0,22.0,Individual,6,High Risk,Manual Review
19887690,1500.0, 36 months,20.99,E,E4,7 years,RENT,38000.0,Not Verified,vacation,CA,32.66,0.0,690.0,694.0,0.0,78.3,18.0,Individual,5,High Risk,Manual Review
20047483,5750.0, 36 months,19.52,E,E2,1 year,RENT,50000.0,Source Verified,house,LA,31.64,0.0,670.0,674.0,2.0,50.3,39.0,Individual,5,High Risk,Manual Review
19597062,12000.0, 60 months,20.99,E,E4,10+ years,MORTGAGE,55000.0,Verified,debt_consolidation,IL,16.98,2.0,675.0,679.0,0.0,80.8,21.0,Individual,5,High Risk,Manual Review
20067303,29325.0, 60 months,24.5,F,F3,10+ years,RENT,70000.0,Source Verified,debt_consolidation,OR,31.27,0.0,680.0,684.0,2.0,62.6,47.0,Individual,5,High Risk,Manual Review
18885419,10750.0, 60 months,18.99,E,E1,3 years,OWN,30000.0,Source Verified,debt_consolidation,MD,33.28,0.0,675.0,679.0,1.0,82.6,15.0,Individual,6,High Risk,Manual Review
20047218,21000.0, 60 months,18.99,E,E1,10+ years,RENT,100000.0,Source Verified,debt_consolidation,CO,13.9,3.0,660.0,664.0,1.0,84.7,19.0,Individual,5,High Risk,Manual Review
17864658,18150.0, 60 months,25.8,G,G1,2 years,MORTGAGE,95000.0,Source Verified,home_improvement,KY,12.72,1.0,660.0,664.0,2.0,81.9,22.0,Individual,5,High Risk,Manual Review
19928185,14400.0, 60 months,18.99,E,E1,10+ years,OWN,50000.0,Source Verified,debt_consolidation,TX,32.55,0.0,685.0,689.0,1.0,58.3,57.0,Individual,5,High Risk,Manual Review
20008158,25150.0, 60 months,22.15,E,E5,10+ years,MORTGAGE,60000.0,Source Verified,debt_consolidation,OH,33.15,3.0,695.0,699.0,0.0,63.3,64.0,Individual,6,High Risk,Manual Review
20037104,21725.0, 60 months,19.52,E,E2,10+ years,OWN,115000.0,Source Verified,credit_card,LA,30.2,0.0,705.0,709.0,1.0,87.9,26.0,Individual,6,High Risk,Manual Review
19977419,28000.0, 60 months,20.2,E,E3,10+ years,RENT,84000.0,Source Verified,debt_consolidation,TX,21.39,5.0,665.0,669.0,0.0,80.5,30.0,Individual,5,High Risk,Manual Review
19157755,15075.0, 60 months,20.2,E,E3,5 years,RENT,42000.0,Verified,debt_consolidation,NY,30.91,0.0,700.0,704.0,3.0,38.7,26.0,Individual,5,High Risk,Manual Review
19076104,17225.0, 60 months,22.15,E,E5,8 years,MORTGAGE,48000.0,Not Verified,debt_consolidation,PA,23.6,1.0,670.0,674.0,0.0,83.0,39.0,Individual,5,High Risk,Manual Review
19867111,21250.0, 60 months,25.57,F,F5,10+ years,MORTGAGE,56000.0,Source Verified,home_improvement,FL,16.42,2.0,660.0,664.0,1.0,85.3,20.0,Individual,5,High Risk,Manual Review
19997848,10050.0, 60 months,20.99,E,E4,10+ years,RENT,35000.0,Source Verified,debt_consolidation,TN,33.4,0.0,695.0,699.0,1.0,60.7,24.0,Individual,5,High Risk,Manual Review
19957855,5000.0, 36 months,18.99,E,E1,7 years,RENT,42000.0,Source Verified,other,NV,31.03,2.0,660.0,664.0,0.0,65.0,30.0,Individual,6,High Risk,Manual Review
19887939,5000.0, 36 months,20.99,E,E4,3 years,OWN,40000.0,Source Verified,car,MN,34.23,0.0,660.0,664.0,2.0,84.3,9.0,Individual,6,High Risk,Manual Review
17814955,35000.0, 60 months,23.43,F,F1,2 years,OWN,98800.0,Verified,debt_consolidation,NV,30.92,1.0,685.0,689.0,0.0,85.7,39.0,Individual,7,High Risk,Manual Review
19987847,14975.0, 60 months,25.99,G,G4,8 years,MORTGAGE,50000.0,Verified,debt_consolidation,FL,20.56,1.0,670.0,674.0,2.0,82.9,26.0,Individual,5,High Risk,Manual Review
19937513,10000.0, 36 months,19.52,E,E2,1 year,RENT,60000.0,Verified,small_business,CA,33.28,0.0,670.0,674.0,1.0,71.8,19.0,Individual,5,High Risk,Manual Review
19937662,2800.0, 36 months,22.15,E,E5,10+ years,MORTGAGE,50000.0,Not Verified,home_improvement,NC,31.11,0.0,715.0,719.0,0.0,64.1,40.0,Individual,5,High Risk,Manual Review
19937608,24000.0, 60 months,24.5,F,F3,10+ years,RENT,115000.0,Source Verified,debt_consolidation,CA,30.93,0.0,695.0,699.0,1.0,78.7,30.0,Individual,5,High Risk,Manual Review
19897640,25000.0, 60 months,20.2,E,E3,5 years,MORTGAGE,75000.0,Source Verified,credit_card,VA,33.39,0.0,685.0,689.0,0.0,99.2,26.0,Individual,6,High Risk,Manual Review
19557206,24175.0, 60 months,24.5,F,F3,< 1 year,MORTGAGE,84000.0,Source Verified,debt_consolidation,AL,24.34,1.0,675.0,679.0,0.0,97.3,21.0,Individual,5,High Risk,Manual Review
19967518,2000.0, 36 months,18.99,E,E1,10+ years,OWN,58400.0,Source Verified,other,IL,8.82,1.0,670.0,674.0,1.0,95.1,32.0,Individual,5,High Risk,Manual Review
19997491,28250.0, 60 months,25.89,G,G3,10+ years,MORTGAGE,157100.0,Verified,debt_consolidation,NY,12.57,1.0,685.0,689.0,4.0,90.1,20.0,Individual,5,High Risk,Manual Review
19596489,33825.0, 60 months,20.99,E,E4,,MORTGAGE,77000.0,Verified,debt_consolidation,NJ,20.18,1.0,670.0,674.0,0.0,88.3,24.0,Individual,5,High Risk,Manual Review
19967246,12825.0, 60 months,25.8,G,G1,5 years,MORTGAGE,42066.0,Source Verified,other,GA,30.41,1.0,660.0,664.0,1.0,98.3,34.0,Individual,7,High Risk,Manual Review
19967407,3200.0, 36 months,18.99,E,E1,5 years,RENT,170000.0,Not Verified,medical,PA,17.87,3.0,670.0,674.0,2.0,97.4,22.0,Individual,5,High Risk,Manual Review
19967427,20000.0, 60 months,18.99,E,E1,1 year,MORTGAGE,50000.0,Source Verified,debt_consolidation,FL,32.43,0.0,690.0,694.0,1.0,64.6,30.0,Individual,5,High Risk,Manual Review
10614616,19600.0, 60 months,22.15,E,E5,8 years,RENT,49000.0,Verified,debt_consolidation,WV,31.79,0.0,690.0,694.0,3.0,51.3,23.0,Individual,5,High Risk,Manual Review
19947213,27300.0, 60 months,24.5,F,F3,1 year,MORTGAGE,65000.0,Source Verified,debt_consolidation,FL,34.55,0.0,675.0,679.0,3.0,61.8,29.0,Individual,5,High Risk,Manual Review
19877240,12600.0, 60 months,18.99,E,E1,10+ years,MORTGAGE,35000.0,Not Verified,debt_consolidation,NC,34.53,0.0,705.0,709.0,0.0,50.0,19.0,Individual,5,High Risk,Manual Review
19646850,31000.0, 60 months,22.15,E,E5,6 years,MORTGAGE,75000.0,Verified,debt_consolidation,AZ,30.62,1.0,685.0,689.0,0.0,81.8,37.0,Individual,7,High Risk,Manual Review
17843114,23450.0, 60 months,20.2,E,E3,2 years,MORTGAGE,53527.0,Not Verified,home_improvement,OR,21.67,2.0,675.0,679.0,0.0,93.1,18.0,Individual,5,High Risk,Manual Review
19977034,18150.0, 60 months,20.99,E,E4,10+ years,MORTGAGE,50660.0,Source Verified,debt_consolidation,MA,18.48,1.0,665.0,669.0,0.0,97.8,24.0,Individual,5,High Risk,Manual Review
19996877,17550.0, 60 months,19.52,E,E2,10+ years,RENT,40000.0,Source Verified,credit_card,TX,30.72,0.0,680.0,684.0,3.0,42.2,18.0,Individual,5,High Risk,Manual Review
19916765,20000.0, 36 months,19.52,E,E2,8 years,OWN,190000.0,Verified,home_improvement,NY,32.31,1.0,680.0,684.0,1.0,50.1,21.0,Individual,6,High Risk,Manual Review
17282677,4300.0, 36 months,25.83,G,G2,2 years,MORTGAGE,36000.0,Not Verified,home_improvement,CO,32.23,0.0,660.0,664.0,3.0,77.4,10.0,Individual,5,High Risk,Manual Review
19956631,7975.0, 36 months,18.99,E,E1,10+ years,MORTGAGE,72000.0,Source Verified,debt_consolidation,OH,33.55,1.0,680.0,684.0,1.0,69.8,31.0,Individual,6,High Risk,Manual Review
19786809,18000.0, 60 months,20.99,E,E4,2 years,RENT,63000.0,Source Verified,debt_consolidation,FL,31.54,0.0,665.0,669.0,0.0,68.7,20.0,Individual,5,High Risk,Manual Review
19726771,15600.0, 60 months,22.15,E,E5,10+ years,MORTGAGE,72000.0,Source Verified,debt_consolidation,NY,22.91,5.0,665.0,669.0,2.0,87.5,40.0,Individual,5,High Risk,Manual Review
19696791,23575.0, 36 months,25.99,G,G4,2 years,MORTGAGE,87000.0,Source Verified,small_business,MI,31.66,0.0,680.0,684.0,3.0,50.9,28.0,Individual,5,High Risk,Manual Review
19696750,12000.0, 36 months,16.29,D,D2,10+ years,MORTGAGE,77478.24,Not Verified,home_improvement,MD,30.99,1.0,665.0,669.0,0.0,94.6,34.0,Individual,5,High Risk,Manual Review
19577167,4200.0, 36 months,23.43,F,F1,10+ years,MORTGAGE,76668.0,Not Verified,other,CA,13.07,2.0,660.0,664.0,1.0,84.4,12.0,Individual,5,High Risk,Manual Review
19736707,15950.0, 36 months,18.24,D,D5,6 years,RENT,40000.0,Source Verified,debt_consolidation,NC,30.09,3.0,660.0,664.0,0.0,101.6,22.0,Individual,5,High Risk,Manual Review
19756621,35000.0, 60 months,25.89,G,G3,7 years,MORTGAGE,114000.0,Verified,credit_card,GA,20.65,1.0,665.0,669.0,3.0,81.6,53.0,Individual,5,High Risk,Manual Review
19816709,35000.0, 60 months,20.99,E,E4,10+ years,MORTGAGE,150000.0,Verified,debt_consolidation,MI,8.33,1.0,660.0,664.0,0.0,81.9,12.0,Individual,5,High Risk,Manual Review
19826639,7500.0, 36 months,19.52,E,E2,1 year,MORTGAGE,170000.0,Verified,moving,MI,19.66,1.0,670.0,674.0,0.0,96.0,26.0,Individual,5,High Risk,Manual Review
19786595,18525.0, 60 months,24.08,F,F2,10+ years,RENT,51600.0,Source Verified,debt_consolidation,IL,30.26,1.0,665.0,669.0,2.0,63.0,19.0,Individual,6,High Risk,Manual Review
19806665,20000.0, 36 months,22.15,E,E5,10+ years,OWN,125000.0,Verified,debt_consolidation,GA,25.07,1.0,675.0,679.0,1.0,88.9,36.0,Individual,5,High Risk,Manual Review
19657179,12800.0, 60 months,22.15,E,E5,10+ years,MORTGAGE,32000.0,Not Verified,debt_consolidation,SD,32.56,1.0,670.0,674.0,0.0,40.7,22.0,Individual,6,High Risk,Manual Review
19696544,10000.0, 60 months,23.43,F,F1,10+ years,OWN,35000.0,Source Verified,debt_consolidation,NC,30.14,0.0,660.0,664.0,3.0,51.5,25.0,Individual,5,High Risk,Manual Review
19617451,16000.0, 60 months,20.2,E,E3,2 years,RENT,70000.0,Verified,debt_consolidation,VA,17.9,1.0,660.0,664.0,0.0,89.3,22.0,Individual,5,High Risk,Manual Review
19086170,21000.0, 60 months,24.08,F,F2,10+ years,RENT,110000.0,Source Verified,debt_consolidation,CA,2.62,1.0,665.0,669.0,2.0,96.0,15.0,Individual,5,High Risk,Manual Review
19567865,15000.0, 60 months,20.2,E,E3,4 years,MORTGAGE,40000.0,Source Verified,credit_card,TX,34.65,1.0,665.0,669.0,1.0,84.7,24.0,Individual,7,High Risk,Manual Review
18515668,20975.0, 60 months,20.99,E,E4,10+ years,RENT,50000.0,Verified,debt_consolidation,CA,30.47,0.0,680.0,684.0,0.0,63.3,34.0,Individual,5,High Risk,Manual Review
15229519,27200.0, 60 months,18.99,E,E1,10+ years,MORTGAGE,62000.0,Verified,credit_card,NC,19.32,7.0,675.0,679.0,0.0,109.5,22.0,Individual,5,High Risk,Manual Review
13487071,26850.0, 60 months,24.5,F,F3,10+ years,MORTGAGE,100000.0,Source Verified,debt_consolidation,NY,34.81,0.0,690.0,694.0,2.0,70.8,66.0,Individual,5,High Risk,Manual Review
19607588,26000.0, 60 months,20.99,E,E4,< 1 year,OWN,253000.0,Source Verified,debt_consolidation,AZ,10.64,3.0,660.0,664.0,1.0,88.4,42.0,Individual,5,High Risk,Manual Review
19187594,11000.0, 60 months,24.5,F,F3,2 years,RENT,39000.0,Source Verified,debt_consolidation,KS,33.85,0.0,680.0,684.0,3.0,91.0,19.0,Individual,6,High Risk,Manual Review
19567588,29250.0, 60 months,25.8,G,G1,9 years,OWN,112200.0,Verified,home_improvement,NC,32.66,1.0,670.0,674.0,1.0,65.9,46.0,Individual,6,High Risk,Manual Review
14849178,20300.0, 60 months,19.52,E,E2,,OWN,77000.0,Source Verified,debt_consolidation,GA,28.8,2.0,675.0,679.0,0.0,80.2,31.0,Individual,5,High Risk,Manual Review
19577109,10500.0, 60 months,23.43,F,F1,3 years,MORTGAGE,43000.0,Source Verified,debt_consolidation,WI,23.33,1.0,690.0,694.0,1.0,87.0,16.0,Individual,5,High Risk,Manual Review
19667443,10000.0, 36 months,18.99,E,E1,10+ years,OWN,62410.0,Source Verified,home_improvement,AL,31.29,0.0,660.0,664.0,1.0,69.2,17.0,Individual,5,High Risk,Manual Review
19577440,28375.0, 60 months,25.89,G,G3,,MORTGAGE,74870.0,Verified,debt_consolidation,GA,33.74,0.0,725.0,729.0,2.0,83.3,21.0,Individual,6,High Risk,Manual Review
19577436,22000.0, 60 months,18.99,E,E1,< 1 year,RENT,62000.0,Source Verified,debt_consolidation,TX,32.64,0.0,665.0,669.0,0.0,81.0,14.0,Individual,6,High Risk,Manual Review
18995577,25000.0, 60 months,24.99,F,F4,5 years,MORTGAGE,62000.0,Source Verified,debt_consolidation,FL,30.95,0.0,685.0,689.0,1.0,70.9,21.0,Individual,5,High Risk,Manual Review
18985854,20400.0, 60 months,25.8,G,G1,10+ years,MORTGAGE,90000.0,Verified,debt_consolidation,CA,17.41,1.0,675.0,679.0,0.0,90.6,33.0,Individual,5,High Risk,Manual Review
19687309,2500.0, 36 months,20.2,E,E3,9 years,RENT,56000.0,Not Verified,moving,TX,31.88,0.0,670.0,674.0,1.0,47.7,36.0,Individual,5,High Risk,Manual Review
19166389,20400.0, 36 months,19.52,E,E2,10+ years,MORTGAGE,51000.0,Source Verified,debt_consolidation,NH,33.53,1.0,685.0,689.0,0.0,90.7,31.0,Individual,7,High Risk,Manual Review
19557226,35000.0, 60 months,22.15,E,E5,7 years,OWN,190000.0,Source Verified,debt_consolidation,TX,16.66,2.0,665.0,669.0,0.0,86.1,37.0,Individual,5,High Risk,Manual Review
19597314,10500.0, 60 months,25.57,F,F5,< 1 year,RENT,35000.0,Source Verified,debt_consolidation,TX,21.91,1.0,660.0,664.0,2.0,98.5,33.0,Individual,5,High Risk,Manual Review
19676887,20475.0, 60 months,19.52,E,E2,10+ years,MORTGAGE,70000.0,Source Verified,debt_consolidation,FL,23.79,2.0,665.0,669.0,0.0,96.2,25.0,Individual,5,High Risk,Manual Review
19476057,19575.0, 60 months,23.43,F,F1,3 years,MORTGAGE,75000.0,Source Verified,debt_consolidation,GA,34.59,0.0,660.0,664.0,0.0,68.6,36.0,Individual,5,High Risk,Manual Review
19415973,28100.0, 60 months,22.15,E,E5,2 years,MORTGAGE,67000.0,Verified,home_improvement,MI,31.29,0.0,665.0,669.0,4.0,73.7,55.0,Individual,5,High Risk,Manual Review
19656963,12725.0, 60 months,19.52,E,E2,10+ years,RENT,28948.0,Source Verified,debt_consolidation,VA,31.34,0.0,700.0,704.0,0.0,73.8,10.0,Individual,5,High Risk,Manual Review
19576868,35000.0, 60 months,18.99,E,E1,5 years,MORTGAGE,100000.0,Verified,home_improvement,TX,32.67,1.0,690.0,694.0,1.0,10.9,47.0,Individual,6,High Risk,Manual Review
19656967,24000.0, 60 months,18.99,E,E1,10+ years,MORTGAGE,91200.0,Source Verified,debt_consolidation,TN,32.32,1.0,680.0,684.0,4.0,57.0,31.0,Individual,6,High Risk,Manual Review
19636854,24700.0, 36 months,18.99,E,E1,10+ years,MORTGAGE,65000.0,Source Verified,debt_consolidation,GA,30.15,0.0,690.0,694.0,3.0,65.1,14.0,Individual,5,High Risk,Manual Review
19586805,12875.0, 36 months,23.43,F,F1,6 years,OWN,43000.0,Source Verified,debt_consolidation,FL,32.88,0.0,665.0,669.0,1.0,43.6,21.0,Individual,5,High Risk,Manual Review
19556709,28000.0, 60 months,20.99,E,E4,10+ years,MORTGAGE,130000.0,Source Verified,debt_consolidation,SC,21.29,1.0,660.0,664.0,0.0,88.3,28.0,Individual,5,High Risk,Manual Review
19596301,10375.0, 36 months,18.99,E,E1,4 years,MORTGAGE,44738.0,Source Verified,debt_consolidation,WI,31.79,0.0,695.0,699.0,0.0,73.9,28.0,Individual,5,High Risk,Manual Review
19686532,32500.0, 60 months,16.29,D,D2,< 1 year,MORTGAGE,80000.0,Verified,credit_card,FL,32.66,1.0,695.0,699.0,0.0,96.7,12.0,Individual,5,High Risk,Manual Review
19666393,17825.0, 60 months,20.99,E,E4,4 years,MORTGAGE,62000.0,Source Verified,debt_consolidation,IL,27.64,1.0,660.0,664.0,0.0,95.4,21.0,Individual,5,High Risk,Manual Review
19596300,8725.0, 36 months,23.43,F,F1,9 years,RENT,26000.0,Not Verified,other,FL,32.18,0.0,680.0,684.0,2.0,88.9,36.0,Individual,6,High Risk,Manual Review
19586315,5000.0, 36 months,19.52,E,E2,10+ years,OWN,60000.0,Not Verified,debt_consolidation,TX,33.96,0.0,660.0,664.0,2.0,76.8,20.0,Individual,5,High Risk,Manual Review
18495828,18800.0, 60 months,20.99,E,E4,10+ years,RENT,56000.0,Source Verified,debt_consolidation,CA,34.27,2.0,680.0,684.0,0.0,84.7,20.0,Individual,7,High Risk,Manual Review
19496510,6800.0, 36 months,24.08,F,F2,10+ years,MORTGAGE,66400.0,Not Verified,other,GA,22.56,2.0,665.0,669.0,1.0,91.7,22.0,Individual,5,High Risk,Manual Review
19516314,18600.0, 60 months,18.99,E,E1,10+ years,OWN,47500.0,Source Verified,credit_card,TX,31.18,5.0,660.0,664.0,0.0,76.8,44.0,Individual,6,High Risk,Manual Review
19456500,5000.0, 36 months,20.99,E,E4,5 years,RENT,22000.0,Source Verified,home_improvement,KY,31.91,0.0,700.0,704.0,1.0,56.2,7.0,Individual,5,High Risk,Manual Review
19127239,21725.0, 60 months,23.43,F,F1,10+ years,MORTGAGE,52000.0,Source Verified,credit_card,PA,34.34,0.0,715.0,719.0,0.0,82.5,35.0,Individual,6,High Risk,Manual Review
19486326,15000.0, 60 months,18.99,E,E1,9 years,MORTGAGE,78490.0,Not Verified,home_improvement,MI,23.38,1.0,665.0,669.0,1.0,92.7,59.0,Individual,5,High Risk,Manual Review
19426253,15000.0, 60 months,19.52,E,E2,10+ years,MORTGAGE,90947.0,Not Verified,other,IL,26.85,2.0,695.0,699.0,0.0,93.4,45.0,Individual,5,High Risk,Manual Review
19476356,9000.0, 36 months,25.57,F,F5,9 years,OWN,30000.0,Not Verified,home_improvement,TN,28.6,5.0,665.0,669.0,1.0,80.1,22.0,Individual,5,High Risk,Manual Review
14518856,13500.0, 60 months,19.52,E,E2,10+ years,MORTGAGE,65000.0,Verified,credit_card,OR,24.32,2.0,665.0,669.0,3.0,81.0,42.0,Individual,5,High Risk,Manual Review
17744344,35000.0, 36 months,20.2,E,E3,1 year,MORTGAGE,135000.0,Verified,debt_consolidation,UT,33.74,1.0,660.0,664.0,2.0,76.0,45.0,Individual,6,High Risk,Manual Review
18946042,11475.0, 60 months,20.2,E,E3,5 years,RENT,45000.0,Source Verified,debt_consolidation,MA,33.09,0.0,680.0,684.0,0.0,84.3,14.0,Individual,6,High Risk,Manual Review
19516172,14000.0, 36 months,18.99,E,E1,10+ years,MORTGAGE,98000.0,Not Verified,debt_consolidation,TX,17.08,1.0,665.0,669.0,1.0,92.5,18.0,Individual,5,High Risk,Manual Review
19446180,8000.0, 36 months,18.99,E,E1,7 years,RENT,80000.0,Source Verified,other,FL,12.11,1.0,675.0,679.0,3.0,96.8,14.0,Individual,5,High Risk,Manual Review
19426118,11975.0, 36 months,19.52,E,E2,3 years,RENT,35000.0,Verified,debt_consolidation,NV,31.0,0.0,710.0,714.0,0.0,99.8,10.0,Individual,6,High Risk,Manual Review
19496012,25000.0, 60 months,20.2,E,E3,5 years,MORTGAGE,105000.0,Source Verified,debt_consolidation,FL,18.66,1.0,675.0,679.0,3.0,85.9,25.0,Individual,5,High Risk,Manual Review
19476074,10000.0, 60 months,20.99,E,E4,10+ years,MORTGAGE,57200.0,Not Verified,debt_consolidation,OH,23.69,1.0,665.0,669.0,1.0,83.1,23.0,Individual,5,High Risk,Manual Review
19296425,22000.0, 60 months,19.52,E,E2,7 years,MORTGAGE,106000.0,Verified,debt_consolidation,TX,20.0,1.0,670.0,674.0,1.0,88.2,49.0,Individual,5,High Risk,Manual Review
19316526,20750.0, 60 months,20.2,E,E3,10+ years,MORTGAGE,52000.0,Source Verified,debt_consolidation,UT,23.91,1.0,660.0,664.0,0.0,96.9,26.0,Individual,5,High Risk,Manual Review
19435967,15700.0, 36 months,17.57,D,D4,6 years,RENT,39295.0,Not Verified,debt_consolidation,KS,32.87,2.0,670.0,674.0,0.0,93.6,37.0,Individual,5,High Risk,Manual Review
19216548,10575.0, 60 months,20.2,E,E3,10+ years,RENT,41000.0,Source Verified,debt_consolidation,TN,33.14,0.0,675.0,679.0,0.0,67.8,28.0,Individual,5,High Risk,Manual Review
19025278,3000.0, 36 months,19.52,E,E2,,OWN,14400.0,Verified,home_improvement,KS,32.17,0.0,675.0,679.0,0.0,79.3,14.0,Individual,5,High Risk,Manual Review
18484857,12900.0, 36 months,20.2,E,E3,6 years,MORTGAGE,36000.0,Source Verified,debt_consolidation,OR,33.93,0.0,685.0,689.0,0.0,93.2,18.0,Individual,6,High Risk,Manual Review
15770613,14975.0, 60 months,22.15,E,E5,9 years,MORTGAGE,37500.0,Verified,debt_consolidation,GA,21.98,1.0,665.0,669.0,0.0,95.7,15.0,Individual,5,High Risk,Manual Review
19236434,25000.0, 60 months,18.99,E,E1,< 1 year,RENT,77000.0,Source Verified,credit_card,NJ,34.23,2.0,660.0,664.0,1.0,82.6,36.0,Individual,7,High Risk,Manual Review
19236324,22000.0, 60 months,18.99,E,E1,< 1 year,MORTGAGE,50000.0,Source Verified,debt_consolidation,MI,30.48,1.0,705.0,709.0,0.0,18.5,23.0,Individual,6,High Risk,Manual Review
16692376,6500.0, 36 months,20.2,E,E3,10+ years,MORTGAGE,65000.0,Not Verified,medical,TX,32.05,0.0,685.0,689.0,0.0,99.8,30.0,Individual,6,High Risk,Manual Review
19137457,10800.0, 60 months,20.99,E,E4,10+ years,MORTGAGE,40000.0,Source Verified,debt_consolidation,TN,22.17,2.0,675.0,679.0,1.0,86.1,21.0,Individual,5,High Risk,Manual Review
19296186,10000.0, 60 months,24.99,F,F4,3 years,MORTGAGE,40000.0,Source Verified,medical,MO,27.48,1.0,680.0,684.0,0.0,86.2,14.0,Individual,5,High Risk,Manual Review
19326254,25000.0, 60 months,22.15,E,E5,10+ years,RENT,76000.0,Source Verified,debt_consolidation,CT,31.33,2.0,660.0,664.0,1.0,61.8,45.0,Individual,6,High Risk,Manual Review
19216143,15000.0, 60 months,23.43,F,F1,10+ years,MORTGAGE,100000.0,Verified,home_improvement,IN,21.89,2.0,665.0,669.0,2.0,89.8,31.0,Individual,5,High Risk,Manual Review
18794786,15000.0, 60 months,23.43,F,F1,< 1 year,MORTGAGE,45000.0,Not Verified,credit_card,PA,26.8,1.0,685.0,689.0,0.0,94.4,12.0,Individual,5,High Risk,Manual Review
19296035,18000.0, 60 months,15.61,D,D1,10+ years,RENT,60000.0,Verified,credit_card,AZ,34.48,1.0,660.0,664.0,0.0,82.8,22.0,Individual,5,High Risk,Manual Review
19346089,20250.0, 60 months,20.2,E,E3,9 years,MORTGAGE,45000.0,Source Verified,credit_card,NC,33.25,1.0,690.0,694.0,0.0,52.2,33.0,Individual,6,High Risk,Manual Review
19216030,24925.0, 60 months,26.06,G,G5,8 years,MORTGAGE,105000.0,Verified,debt_consolidation,NJ,30.75,1.0,685.0,689.0,5.0,84.6,42.0,Individual,7,High Risk,Manual Review
19196738,3000.0, 60 months,25.89,G,G3,,RENT,37000.0,Verified,moving,OH,30.93,0.0,670.0,674.0,0.0,89.8,24.0,Individual,6,High Risk,Manual Review
19256017,3500.0, 36 months,23.43,F,F1,5 years,MORTGAGE,35000.0,Not Verified,debt_consolidation,MN,24.97,1.0,660.0,664.0,2.0,85.4,22.0,Individual,5,High Risk,Manual Review
19236087,15850.0, 60 months,19.52,E,E2,4 years,RENT,65000.0,Verified,debt_consolidation,GA,8.6,2.0,670.0,674.0,1.0,87.1,22.0,Individual,5,High Risk,Manual Review
18616027,18825.0, 60 months,18.99,E,E1,10+ years,MORTGAGE,52500.0,Source Verified,debt_consolidation,SC,32.34,0.0,670.0,674.0,0.0,47.7,58.0,Individual,5,High Risk,Manual Review
19167818,31500.0, 60 months,18.99,E,E1,3 years,MORTGAGE,100451.0,Verified,debt_consolidation,GA,29.65,5.0,665.0,669.0,0.0,87.8,50.0,Individual,5,High Risk,Manual Review
19235873,35000.0, 60 months,19.52,E,E2,< 1 year,OWN,85000.0,Verified,debt_consolidation,IL,25.7,1.0,665.0,669.0,0.0,87.8,37.0,Individual,5,High Risk,Manual Review
19127770,4200.0, 36 months,23.43,F,F1,2 years,RENT,85000.0,Verified,small_business,CA,21.96,1.0,670.0,674.0,1.0,91.7,19.0,Individual,5,High Risk,Manual Review
19117879,21500.0, 60 months,19.52,E,E2,10+ years,RENT,74000.0,Verified,major_purchase,NY,33.54,4.0,665.0,669.0,2.0,77.5,21.0,Individual,6,High Risk,Manual Review
19067632,11000.0, 60 months,16.99,D,D3,< 1 year,RENT,30000.0,Source Verified,debt_consolidation,IN,33.44,2.0,665.0,669.0,0.0,85.3,17.0,Individual,5,High Risk,Manual Review
19077810,12625.0, 60 months,20.2,E,E3,10+ years,MORTGAGE,55000.0,Not Verified,debt_consolidation,VA,32.47,3.0,685.0,689.0,1.0,74.9,30.0,Individual,6,High Risk,Manual Review
19166998,12600.0, 36 months,19.52,E,E2,9 years,MORTGAGE,43000.0,Not Verified,debt_consolidation,FL,33.27,0.0,665.0,669.0,0.0,19.4,29.0,Individual,5,High Risk,Manual Review
19127371,22000.0, 60 months,24.08,F,F2,3 years,MORTGAGE,50000.0,Source Verified,debt_consolidation,MS,30.63,0.0,705.0,709.0,3.0,89.1,16.0,Individual,6,High Risk,Manual Review
6209933,19750.0, 60 months,20.99,E,E4,1 year,RENT,55000.0,Not Verified,debt_consolidation,CA,30.85,0.0,670.0,674.0,2.0,84.3,41.0,Individual,6,High Risk,Manual Review
19147332,35000.0, 60 months,18.99,E,E1,10+ years,MORTGAGE,88766.0,Verified,credit_card,KS,32.43,0.0,660.0,664.0,1.0,83.0,31.0,Individual,6,High Risk,Manual Review
19167315,5000.0, 36 months,20.2,E,E3,10+ years,MORTGAGE,48000.0,Source Verified,other,TX,23.55,1.0,665.0,669.0,0.0,92.1,23.0,Individual,5,High Risk,Manual Review
19117443,12075.0, 60 months,19.52,E,E2,8 years,OWN,32000.0,Source Verified,credit_card,VA,31.85,0.0,685.0,689.0,1.0,77.5,16.0,Individual,5,High Risk,Manual Review
19097334,24000.0, 60 months,18.99,E,E1,6 years,MORTGAGE,95000.0,Source Verified,debt_consolidation,WA,7.16,1.0,670.0,674.0,0.0,97.7,21.0,Individual,5,High Risk,Manual Review
19065653,18000.0, 60 months,24.08,F,F2,7 years,RENT,45000.0,Source Verified,debt_consolidation,NV,32.56,0.0,680.0,684.0,1.0,64.5,27.0,Individual,5,High Risk,Manual Review
19087288,16000.0, 60 months,25.57,F,F5,7 years,MORTGAGE,80000.0,Source Verified,debt_consolidation,NC,12.57,1.0,660.0,664.0,0.0,92.8,19.0,Individual,5,High Risk,Manual Review
19087365,27000.0, 60 months,18.99,E,E1,10+ years,MORTGAGE,91200.0,Source Verified,credit_card,TN,31.76,0.0,685.0,689.0,1.0,85.7,43.0,Individual,6,High Risk,Manual Review
19067171,14575.0, 60 months,19.52,E,E2,10+ years,MORTGAGE,65000.0,Not Verified,debt_consolidation,IL,30.04,0.0,715.0,719.0,0.0,64.4,26.0,Individual,5,High Risk,Manual Review
19187231,9975.0, 36 months,18.99,E,E1,6 years,RENT,28000.0,Source Verified,other,CA,34.42,0.0,680.0,684.0,1.0,49.5,12.0,Individual,5,High Risk,Manual Review
19157191,28000.0, 60 months,22.15,E,E5,10+ years,MORTGAGE,135000.0,Source Verified,debt_consolidation,UT,34.6,0.0,660.0,664.0,0.0,93.5,53.0,Individual,6,High Risk,Manual Review
19147195,35000.0, 60 months,18.99,E,E1,10+ years,MORTGAGE,118800.0,Verified,debt_consolidation,NJ,30.87,0.0,710.0,714.0,1.0,55.2,39.0,Individual,5,High Risk,Manual Review
18794833,18075.0, 60 months,19.52,E,E2,10+ years,MORTGAGE,75000.0,Not Verified,debt_consolidation,NJ,13.8,1.0,670.0,674.0,0.0,85.8,19.0,Individual,5,High Risk,Manual Review
19176979,13200.0, 60 months,24.08,F,F2,10+ years,RENT,55000.0,Source Verified,debt_consolidation,NC,32.76,0.0,660.0,664.0,0.0,90.2,17.0,Individual,6,High Risk,Manual Review
19177049,27800.0, 60 months,22.15,E,E5,10+ years,RENT,79000.0,Source Verified,credit_card,CO,31.61,0.0,685.0,689.0,2.0,73.5,26.0,Individual,5,High Risk,Manual Review
19166917,16200.0, 60 months,20.99,E,E4,7 years,RENT,45000.0,Source Verified,debt_consolidation,NC,30.75,0.0,675.0,679.0,0.0,93.0,18.0,Individual,6,High Risk,Manual Review
19106953,22200.0, 60 months,24.08,F,F2,2 years,RENT,53000.0,Source Verified,debt_consolidation,OK,30.52,0.0,685.0,689.0,0.0,44.9,36.0,Individual,5,High Risk,Manual Review
19146840,28775.0, 60 months,23.43,F,F1,10+ years,RENT,80000.0,Source Verified,debt_consolidation,VA,17.7,1.0,660.0,664.0,1.0,91.4,46.0,Individual,5,High Risk,Manual Review
19186842,11775.0, 36 months,19.52,E,E2,2 years,RENT,39400.0,Source Verified,debt_consolidation,TX,31.13,0.0,675.0,679.0,1.0,67.9,18.0,Individual,5,High Risk,Manual Review
19146831,10725.0, 36 months,19.52,E,E2,< 1 year,RENT,35975.0,Source Verified,debt_consolidation,TX,26.52,1.0,660.0,664.0,0.0,93.2,12.0,Individual,5,High Risk,Manual Review
19156903,32100.0, 60 months,18.99,E,E1,10+ years,MORTGAGE,96188.0,Verified,debt_consolidation,CA,19.19,1.0,670.0,674.0,0.0,87.0,36.0,Individual,5,High Risk,Manual Review
19166681,14775.0, 60 months,18.99,E,E1,6 years,RENT,49070.99,Source Verified,debt_consolidation,CA,32.43,0.0,715.0,719.0,0.0,49.6,11.0,Individual,5,High Risk,Manual Review
18955715,11100.0, 60 months,20.99,E,E4,6 years,RENT,31000.0,Source Verified,debt_consolidation,MS,33.84,0.0,670.0,674.0,2.0,71.6,31.0,Individual,5,High Risk,Manual Review
19146765,31500.0, 60 months,20.2,E,E3,1 year,RENT,175000.0,Source Verified,home_improvement,NY,6.86,2.0,675.0,679.0,0.0,87.9,24.0,Individual,5,High Risk,Manual Review
19206664,19000.0, 60 months,20.2,E,E3,,MORTGAGE,59000.0,Verified,debt_consolidation,NC,32.42,1.0,690.0,694.0,0.0,83.8,37.0,Individual,7,High Risk,Manual Review
19056677,21750.0, 60 months,20.99,E,E4,5 years,RENT,52000.0,Source Verified,credit_card,CA,32.28,0.0,660.0,664.0,0.0,84.5,24.0,Individual,6,High Risk,Manual Review
19206506,11350.0, 60 months,18.99,E,E1,4 years,RENT,37000.0,Source Verified,credit_card,MA,34.74,0.0,675.0,679.0,1.0,70.4,23.0,Individual,5,High Risk,Manual Review
19116637,16425.0, 60 months,22.15,E,E5,10+ years,OWN,45000.0,Source Verified,credit_card,NY,28.91,2.0,660.0,664.0,0.0,92.6,31.0,Individual,5,High Risk,Manual Review
19156544,4800.0, 36 months,20.99,E,E4,< 1 year,MORTGAGE,40000.0,Not Verified,car,WA,31.53,2.0,665.0,669.0,3.0,73.6,60.0,Individual,6,High Risk,Manual Review
19136033,35000.0, 60 months,20.2,E,E3,< 1 year,MORTGAGE,300000.0,Source Verified,debt_consolidation,VA,6.4,1.0,675.0,679.0,1.0,87.6,29.0,Individual,5,High Risk,Manual Review
19126239,35000.0, 60 months,18.99,E,E1,6 years,MORTGAGE,125000.0,Verified,debt_consolidation,NJ,31.95,0.0,710.0,714.0,0.0,85.9,52.0,Individual,6,High Risk,Manual Review
19146424,35000.0, 60 months,20.99,E,E4,4 years,RENT,120000.0,Verified,debt_consolidation,WA,22.41,2.0,665.0,669.0,2.0,94.6,20.0,Individual,5,High Risk,Manual Review
18935112,27975.0, 60 months,20.99,E,E4,10+ years,MORTGAGE,89000.0,Source Verified,credit_card,CO,24.57,3.0,660.0,664.0,0.0,95.0,41.0,Individual,5,High Risk,Manual Review
18815032,14000.0, 60 months,18.99,E,E1,1 year,RENT,51000.0,Source Verified,credit_card,CO,32.26,0.0,680.0,684.0,2.0,73.2,25.0,Individual,5,High Risk,Manual Review
19086339,35000.0, 60 months,24.5,F,F3,1 year,MORTGAGE,110000.0,Verified,debt_consolidation,VA,9.84,4.0,680.0,684.0,1.0,99.2,10.0,Individual,5,High Risk,Manual Review
19086172,35000.0, 60 months,20.2,E,E3,10+ years,MORTGAGE,115000.0,Verified,debt_consolidation,WA,20.24,1.0,680.0,684.0,0.0,83.5,32.0,Individual,5,High Risk,Manual Review
19056111,17950.0, 60 months,18.99,E,E1,10+ years,MORTGAGE,40000.0,Not Verified,credit_card,PA,34.23,0.0,680.0,684.0,0.0,86.3,33.0,Individual,6,High Risk,Manual Review
19176118,3500.0, 36 months,19.52,E,E2,9 years,RENT,40000.0,Source Verified,car,TX,33.84,0.0,670.0,674.0,1.0,49.4,26.0,Individual,5,High Risk,Manual Review
19196007,24000.0, 60 months,19.52,E,E2,10+ years,MORTGAGE,102000.0,Verified,credit_card,KS,21.47,2.0,680.0,684.0,3.0,86.5,31.0,Individual,5,High Risk,Manual Review
19136001,16950.0, 36 months,24.5,F,F3,10+ years,RENT,66400.0,Source Verified,moving,NY,33.36,0.0,680.0,684.0,1.0,55.9,43.0,Individual,5,High Risk,Manual Review
18925306,31000.0, 60 months,22.15,E,E5,9 years,MORTGAGE,96200.0,Verified,debt_consolidation,TX,32.95,0.0,680.0,684.0,1.0,64.9,43.0,Individual,5,High Risk,Manual Review
14520317,35000.0, 60 months,18.99,E,E1,3 years,MORTGAGE,101500.0,Verified,debt_consolidation,GA,17.54,1.0,690.0,694.0,1.0,81.3,26.0,Individual,5,High Risk,Manual Review
19115819,18875.0, 60 months,20.2,E,E3,2 years,MORTGAGE,61250.0,Source Verified,debt_consolidation,CT,21.83,3.0,660.0,664.0,0.0,92.4,35.0,Individual,5,High Risk,Manual Review
19145720,23450.0, 60 months,20.2,E,E3,9 years,MORTGAGE,65000.0,Verified,debt_consolidation,FL,31.94,0.0,675.0,679.0,1.0,61.7,32.0,Individual,5,High Risk,Manual Review
19065675,22000.0, 60 months,18.99,E,E1,10+ years,MORTGAGE,50000.0,Source Verified,debt_consolidation,NY,32.1,0.0,680.0,684.0,1.0,78.9,20.0,Individual,5,High Risk,Manual Review
18996160,25000.0, 60 months,20.2,E,E3,10+ years,MORTGAGE,70000.0,Source Verified,credit_card,PA,33.79,0.0,705.0,709.0,3.0,58.4,32.0,Individual,5,High Risk,Manual Review
19125648,1800.0, 36 months,20.99,E,E4,10+ years,MORTGAGE,30000.0,Not Verified,debt_consolidation,PA,31.63,0.0,670.0,674.0,2.0,66.7,35.0,Individual,5,High Risk,Manual Review
19185651,25000.0, 60 months,20.99,E,E4,6 years,MORTGAGE,98000.0,Source Verified,home_improvement,GA,14.45,2.0,665.0,669.0,1.0,87.7,24.0,Individual,5,High Risk,Manual Review
19125559,17775.0, 60 months,24.08,F,F2,5 years,OWN,44500.0,Source Verified,debt_consolidation,NY,34.41,0.0,695.0,699.0,0.0,99.2,23.0,Individual,6,High Risk,Manual Review
19105562,15200.0, 36 months,18.99,E,E1,,MORTGAGE,42300.0,Verified,debt_consolidation,OK,30.84,0.0,710.0,714.0,6.0,37.2,30.0,Individual,5,High Risk,Manual Review
19075519,15400.0, 36 months,19.52,E,E2,10+ years,MORTGAGE,55000.0,Not Verified,debt_consolidation,TX,34.61,2.0,670.0,674.0,0.0,87.2,24.0,Individual,7,High Risk,Manual Review
19135535,15775.0, 60 months,24.08,F,F2,,RENT,43953.0,Verified,debt_consolidation,OR,30.64,0.0,670.0,674.0,0.0,59.3,40.0,Individual,5,High Risk,Manual Review
19135483,7475.0, 36 months,22.15,E,E5,< 1 year,OWN,25000.0,Verified,debt_consolidation,IN,34.95,0.0,660.0,664.0,3.0,27.6,53.0,Individual,5,High Risk,Manual Review
19115529,35000.0, 60 months,18.99,E,E1,< 1 year,MORTGAGE,91412.0,Verified,debt_consolidation,CA,15.12,2.0,665.0,669.0,0.0,86.6,28.0,Individual,5,High Risk,Manual Review
19115476,20000.0, 36 months,16.29,D,D2,10+ years,MORTGAGE,65000.0,Source Verified,debt_consolidation,CA,34.53,1.0,675.0,679.0,0.0,81.4,25.0,Individual,5,High Risk,Manual Review
18885391,10075.0, 36 months,20.2,E,E3,5 years,RENT,33000.0,Source Verified,medical,AR,33.93,0.0,690.0,694.0,1.0,58.2,12.0,Individual,5,High Risk,Manual Review
19075327,22525.0, 60 months,18.99,E,E1,,RENT,49000.0,Verified,debt_consolidation,NY,30.93,0.0,680.0,684.0,0.0,76.8,33.0,Individual,5,High Risk,Manual Review
17914606,35000.0, 60 months,18.99,E,E1,10+ years,OWN,85000.0,Verified,debt_consolidation,MD,31.81,0.0,725.0,729.0,0.0,74.3,20.0,Individual,5,High Risk,Manual Review
19135243,11500.0, 60 months,23.43,F,F1,5 years,OWN,32000.0,Source Verified,debt_consolidation,FL,30.46,0.0,685.0,689.0,3.0,52.5,26.0,Individual,5,High Risk,Manual Review
18896326,12450.0, 60 months,20.99,E,E4,1 year,OWN,31290.0,Source Verified,debt_consolidation,TN,33.86,0.0,665.0,669.0,1.0,71.6,31.0,Individual,5,High Risk,Manual Review
18926041,17000.0, 60 months,18.99,E,E1,7 years,RENT,80000.0,Source Verified,debt_consolidation,CA,23.33,1.0,680.0,684.0,1.0,89.2,30.0,Individual,5,High Risk,Manual Review
14979152,22325.0, 36 months,20.99,E,E4,2 years,MORTGAGE,52000.0,Verified,debt_consolidation,PA,30.88,0.0,680.0,684.0,1.0,83.2,30.0,Individual,6,High Risk,Manual Review
18945984,35000.0, 36 months,24.99,F,F4,1 year,MORTGAGE,250000.0,Verified,debt_consolidation,WA,10.3,1.0,665.0,669.0,1.0,80.1,20.0,Individual,5,High Risk,Manual Review
18935922,35000.0, 60 months,20.99,E,E4,1 year,RENT,107500.0,Verified,debt_consolidation,VA,34.36,1.0,685.0,689.0,0.0,61.0,23.0,Individual,6,High Risk,Manual Review
18995805,9625.0, 36 months,18.99,E,E1,10+ years,MORTGAGE,64000.0,Source Verified,other,AL,19.69,1.0,665.0,669.0,1.0,87.6,25.0,Individual,5,High Risk,Manual Review
18995796,11925.0, 36 months,18.99,E,E1,< 1 year,MORTGAGE,45000.0,Verified,debt_consolidation,MI,34.35,0.0,680.0,684.0,0.0,42.6,16.0,Individual,5,High Risk,Manual Review
18895855,7000.0, 36 months,19.52,E,E2,6 years,RENT,32000.0,Source Verified,vacation,CA,30.31,0.0,665.0,669.0,2.0,91.7,9.0,Individual,6,High Risk,Manual Review
18605471,15000.0, 60 months,18.99,E,E1,7 years,RENT,42000.0,Verified,debt_consolidation,CA,33.94,0.0,700.0,704.0,1.0,55.5,20.0,Individual,5,High Risk,Manual Review
18935673,21275.0, 60 months,18.99,E,E1,1 year,MORTGAGE,80000.0,Verified,other,LA,31.35,1.0,710.0,714.0,0.0,11.9,24.0,Individual,6,High Risk,Manual Review
19015667,17225.0, 36 months,20.2,E,E3,7 years,MORTGAGE,48000.0,Source Verified,debt_consolidation,CA,32.02,0.0,680.0,684.0,0.0,78.3,17.0,Individual,5,High Risk,Manual Review
18505877,29250.0, 60 months,22.15,E,E5,,MORTGAGE,65000.0,Verified,debt_consolidation,MS,30.41,0.0,685.0,689.0,0.0,61.9,31.0,Individual,5,High Risk,Manual Review
18915634,16750.0, 60 months,20.2,E,E3,1 year,MORTGAGE,42000.0,Source Verified,debt_consolidation,WA,30.71,0.0,670.0,674.0,0.0,62.6,21.0,Individual,5,High Risk,Manual Review
18824769,19500.0, 60 months,24.5,F,F3,10+ years,MORTGAGE,93000.0,Source Verified,debt_consolidation,IL,14.8,1.0,665.0,669.0,3.0,86.3,23.0,Individual,5,High Risk,Manual Review
18915574,13100.0, 60 months,20.2,E,E3,5 years,MORTGAGE,36916.0,Not Verified,debt_consolidation,OH,30.07,0.0,700.0,704.0,0.0,77.6,22.0,Individual,5,High Risk,Manual Review
19015330,30750.0, 60 months,19.52,E,E2,2 years,MORTGAGE,95000.0,Verified,debt_consolidation,TX,33.35,0.0,690.0,694.0,1.0,61.9,28.0,Individual,5,High Risk,Manual Review
19015455,29775.0, 60 months,22.15,E,E5,10+ years,MORTGAGE,71000.0,Source Verified,debt_consolidation,CA,22.95,3.0,660.0,664.0,1.0,89.5,32.0,Individual,5,High Risk,Manual Review
18955452,35000.0, 60 months,20.99,E,E4,,MORTGAGE,150000.0,Verified,debt_consolidation,VA,10.6,2.0,660.0,664.0,0.0,98.3,18.0,Individual,5,High Risk,Manual Review
18935149,35000.0, 60 months,20.99,E,E4,4 years,MORTGAGE,80000.0,Verified,debt_consolidation,OH,25.53,3.0,670.0,674.0,3.0,92.2,34.0,Individual,5,High Risk,Manual Review
18885432,15600.0, 36 months,18.99,E,E1,10+ years,RENT,136419.0,Verified,other,CA,28.56,1.0,660.0,664.0,0.0,80.8,36.0,Individual,5,High Risk,Manual Review
18935305,35000.0, 60 months,23.43,F,F1,2 years,MORTGAGE,88406.0,Verified,credit_card,NY,20.86,4.0,665.0,669.0,2.0,83.9,26.0,Individual,5,High Risk,Manual Review
18995278,9750.0, 60 months,16.29,D,D2,10+ years,MORTGAGE,160000.0,Not Verified,credit_card,CA,30.56,2.0,660.0,664.0,0.0,99.4,42.0,Individual,5,High Risk,Manual Review
18995226,30000.0, 60 months,23.43,F,F1,2 years,MORTGAGE,111000.0,Verified,debt_consolidation,KY,33.73,0.0,700.0,704.0,4.0,64.6,32.0,Individual,5,High Risk,Manual Review
18985209,14125.0, 60 months,18.99,E,E1,7 years,MORTGAGE,35000.0,Not Verified,debt_consolidation,OR,33.26,0.0,695.0,699.0,0.0,54.3,17.0,Individual,5,High Risk,Manual Review
17805130,35000.0, 60 months,19.52,E,E2,10+ years,MORTGAGE,93000.0,Verified,debt_consolidation,SC,19.46,2.0,670.0,674.0,0.0,84.3,23.0,Individual,5,High Risk,Manual Review
18584977,7550.0, 60 months,19.52,E,E2,5 years,MORTGAGE,27200.0,Not Verified,debt_consolidation,OH,34.47,0.0,695.0,699.0,3.0,59.0,21.0,Individual,5,High Risk,Manual Review
18925231,16700.0, 60 months,19.52,E,E2,7 years,RENT,75000.0,Verified,debt_consolidation,MA,30.94,0.0,700.0,704.0,3.0,31.5,33.0,Individual,5,High Risk,Manual Review
17724216,9250.0, 36 months,18.99,E,E1,,MORTGAGE,53684.0,Verified,debt_consolidation,FL,31.34,0.0,675.0,679.0,1.0,90.8,28.0,Individual,6,High Risk,Manual Review
14570741,23925.0, 60 months,19.52,E,E2,7 years,OWN,63000.0,Source Verified,debt_consolidation,IL,24.44,1.0,690.0,694.0,0.0,84.4,26.0,Individual,5,High Risk,Manual Review
17714590,22400.0, 60 months,22.15,E,E5,10+ years,MORTGAGE,56000.0,Source Verified,debt_consolidation,IN,30.03,0.0,670.0,674.0,1.0,83.3,32.0,Individual,6,High Risk,Manual Review
17635665,15500.0, 60 months,24.5,F,F3,5 years,MORTGAGE,48000.0,Not Verified,debt_consolidation,IN,28.1,1.0,665.0,669.0,0.0,100.0,29.0,Individual,5,High Risk,Manual Review
17293096,24175.0, 60 months,20.99,E,E4,8 years,RENT,55000.0,Source Verified,debt_consolidation,MN,30.24,0.0,710.0,714.0,0.0,92.4,32.0,Individual,6,High Risk,Manual Review
18845590,10800.0, 60 months,23.43,F,F1,10+ years,MORTGAGE,67000.0,Source Verified,other,CT,33.44,1.0,675.0,679.0,2.0,37.6,37.0,Individual,6,High Risk,Manual Review
18725522,10000.0, 60 months,20.2,E,E3,10+ years,MORTGAGE,62000.0,Verified,debt_consolidation,GA,32.06,0.0,680.0,684.0,2.0,45.3,40.0,Individual,5,High Risk,Manual Review
18805598,13700.0, 60 months,20.99,E,E4,7 years,MORTGAGE,42000.0,Source Verified,debt_consolidation,WV,34.71,0.0,660.0,664.0,0.0,50.3,11.0,Individual,5,High Risk,Manual Review
18685464,18125.0, 60 months,24.99,F,F4,,MORTGAGE,50541.0,Verified,debt_consolidation,IN,33.05,0.0,690.0,694.0,1.0,68.7,26.0,Individual,5,High Risk,Manual Review
18725468,19500.0, 60 months,19.52,E,E2,< 1 year,RENT,56000.0,Source Verified,debt_consolidation,CA,30.52,0.0,690.0,694.0,2.0,69.5,21.0,Individual,5,High Risk,Manual Review
18615897,19000.0, 60 months,22.15,E,E5,3 years,MORTGAGE,60000.0,Not Verified,debt_consolidation,NC,15.22,1.0,675.0,679.0,3.0,87.3,30.0,Individual,5,High Risk,Manual Review
17724110,15625.0, 60 months,19.52,E,E2,10+ years,MORTGAGE,73000.0,Not Verified,debt_consolidation,NY,30.36,0.0,695.0,699.0,2.0,86.9,34.0,Individual,6,High Risk,Manual Review
18865337,18000.0, 60 months,18.99,E,E1,10+ years,MORTGAGE,58000.0,Source Verified,debt_consolidation,AL,30.06,1.0,670.0,674.0,1.0,35.6,27.0,Individual,6,High Risk,Manual Review
18835269,20750.0, 60 months,20.2,E,E3,4 years,MORTGAGE,52000.0,Source Verified,debt_consolidation,MD,17.42,1.0,670.0,674.0,0.0,86.1,18.0,Individual,5,High Risk,Manual Review
18825335,19500.0, 60 months,25.89,G,G3,5 years,MORTGAGE,72000.0,Not Verified,other,NC,20.1,3.0,670.0,674.0,3.0,103.9,37.0,Individual,5,High Risk,Manual Review
17713510,15475.0, 60 months,19.52,E,E2,3 years,MORTGAGE,43000.0,Source Verified,debt_consolidation,IN,33.85,0.0,660.0,664.0,0.0,76.8,33.0,Individual,5,High Risk,Manual Review
18865097,18000.0, 60 months,18.99,E,E1,10+ years,OWN,47000.0,Source Verified,debt_consolidation,PA,33.71,0.0,660.0,664.0,0.0,66.9,42.0,Individual,5,High Risk,Manual Review
18685089,14375.0, 36 months,20.99,E,E4,< 1 year,RENT,40000.0,Source Verified,debt_consolidation,CA,34.23,0.0,665.0,669.0,1.0,65.2,16.0,Individual,5,High Risk,Manual Review
18795098,7150.0, 36 months,24.08,F,F2,3 years,MORTGAGE,130000.0,Source Verified,home_improvement,WA,10.74,5.0,665.0,669.0,4.0,85.4,31.0,Individual,5,High Risk,Manual Review
18724991,28000.0, 60 months,22.15,E,E5,10+ years,MORTGAGE,102232.0,Source Verified,debt_consolidation,VA,23.21,1.0,680.0,684.0,3.0,93.3,33.0,Individual,5,High Risk,Manual Review
18725124,17050.0, 60 months,20.2,E,E3,1 year,RENT,75000.0,Not Verified,debt_consolidation,VA,34.78,1.0,670.0,674.0,0.0,45.0,36.0,Individual,6,High Risk,Manual Review
18795150,10400.0, 60 months,18.99,E,E1,5 years,RENT,35000.0,Verified,debt_consolidation,FL,34.67,2.0,690.0,694.0,0.0,11.9,27.0,Individual,6,High Risk,Manual Review
18605710,28000.0, 60 months,24.5,F,F3,7 years,OWN,240000.0,Source Verified,debt_consolidation,NJ,23.61,1.0,665.0,669.0,2.0,87.4,24.0,Individual,5,High Risk,Manual Review
18585921,3250.0, 36 months,18.99,E,E1,10+ years,RENT,54000.0,Not Verified,other,CA,23.51,3.0,665.0,669.0,1.0,82.9,38.0,Individual,5,High Risk,Manual Review
18874795,31500.0, 60 months,25.89,G,G3,10+ years,RENT,125000.0,Verified,debt_consolidation,NJ,20.09,1.0,665.0,669.0,1.0,82.2,34.0,Individual,5,High Risk,Manual Review
18824831,19500.0, 60 months,18.99,E,E1,3 years,OWN,175000.0,Not Verified,home_improvement,MD,18.0,1.0,700.0,704.0,2.0,96.0,22.0,Individual,5,High Risk,Manual Review
18555881,30000.0, 60 months,26.06,G,G5,9 years,MORTGAGE,110000.0,Verified,debt_consolidation,NJ,28.02,1.0,660.0,664.0,2.0,94.2,23.0,Individual,5,High Risk,Manual Review
18625254,28000.0, 60 months,19.52,E,E2,2 years,MORTGAGE,98000.0,Source Verified,debt_consolidation,WA,9.55,2.0,685.0,689.0,0.0,85.2,25.0,Individual,5,High Risk,Manual Review
18626194,28775.0, 36 months,19.52,E,E2,10+ years,MORTGAGE,78000.0,Source Verified,debt_consolidation,VA,29.84,1.0,680.0,684.0,1.0,85.5,36.0,Individual,5,High Risk,Manual Review
16392741,3200.0, 36 months,19.52,E,E2,10+ years,MORTGAGE,46000.0,Verified,other,CO,21.88,1.0,665.0,669.0,3.0,90.8,51.0,Individual,5,High Risk,Manual Review
9856896,12450.0, 36 months,24.5,F,F3,2 years,MORTGAGE,45000.0,Source Verified,debt_consolidation,CA,25.08,1.0,670.0,674.0,1.0,92.5,22.0,Individual,5,High Risk,Manual Review
18605959,5725.0, 36 months,25.8,G,G1,3 years,RENT,18000.0,Source Verified,moving,OH,30.47,0.0,725.0,729.0,2.0,10.5,9.0,Individual,5,High Risk,Manual Review
18496119,13100.0, 60 months,18.99,E,E1,4 years,MORTGAGE,45000.0,Source Verified,debt_consolidation,MA,30.85,0.0,705.0,709.0,1.0,36.5,22.0,Individual,5,High Risk,Manual Review
18555903,19800.0, 60 months,18.99,E,E1,3 years,RENT,45000.0,Not Verified,debt_consolidation,NY,30.72,1.0,670.0,674.0,1.0,65.1,24.0,Individual,6,High Risk,Manual Review
18595931,2200.0, 36 months,18.99,E,E1,10+ years,RENT,32000.0,Not Verified,other,KS,32.56,0.0,715.0,719.0,0.0,38.0,14.0,Individual,5,High Risk,Manual Review
16391716,22750.0, 60 months,23.43,F,F1,4 years,MORTGAGE,60000.0,Source Verified,debt_consolidation,PA,31.5,0.0,660.0,664.0,1.0,79.1,35.0,Individual,5,High Risk,Manual Review
18605793,7500.0, 36 months,22.15,E,E5,5 years,RENT,25000.0,Source Verified,small_business,IL,5.71,1.0,670.0,674.0,0.0,87.6,13.0,Individual,5,High Risk,Manual Review
18515648,20000.0, 60 months,22.15,E,E5,10+ years,MORTGAGE,60000.0,Source Verified,debt_consolidation,CA,18.54,1.0,665.0,669.0,2.0,82.8,22.0,Individual,5,High Risk,Manual Review
17634755,29850.0, 60 months,19.52,E,E2,6 years,OWN,65000.0,Source Verified,debt_consolidation,FL,30.36,0.0,680.0,684.0,0.0,58.8,24.0,Individual,5,High Risk,Manual Review
18485863,5025.0, 36 months,22.15,E,E5,10+ years,MORTGAGE,71000.0,Verified,moving,CA,34.35,0.0,685.0,689.0,0.0,84.9,30.0,Individual,6,High Risk,Manual Review
12438696,35000.0, 60 months,22.15,E,E5,10+ years,MORTGAGE,110000.0,Verified,debt_consolidation,TX,30.12,0.0,690.0,694.0,3.0,57.5,30.0,Individual,5,High Risk,Manual Review
18624823,35000.0, 60 months,20.2,E,E3,3 years,MORTGAGE,154000.0,Verified,debt_consolidation,NC,17.62,1.0,670.0,674.0,0.0,84.4,28.0,Individual,5,High Risk,Manual Review
18575502,20000.0, 60 months,18.99,E,E1,6 years,MORTGAGE,100796.0,Source Verified,debt_consolidation,GA,22.52,1.0,675.0,679.0,0.0,84.0,41.0,Individual,5,High Risk,Manual Review
18534533,14375.0, 60 months,20.99,E,E4,7 years,OWN,38000.0,Not Verified,credit_card,GA,32.0,0.0,675.0,679.0,2.0,50.3,42.0,Individual,5,High Risk,Manual Review
17685311,14825.0, 60 months,24.5,F,F3,10+ years,RENT,49520.0,Verified,debt_consolidation,VA,32.79,0.0,660.0,664.0,1.0,76.2,30.0,Individual,5,High Risk,Manual Review
18595411,25000.0, 60 months,20.2,E,E3,10+ years,MORTGAGE,126000.0,Source Verified,debt_consolidation,NC,18.1,2.0,660.0,664.0,0.0,88.5,36.0,Individual,5,High Risk,Manual Review
18615382,1000.0, 36 months,19.52,E,E2,3 years,OWN,54183.0,Source Verified,other,FL,26.4,1.0,680.0,684.0,0.0,96.4,19.0,Individual,5,High Risk,Manual Review
18615415,20000.0, 60 months,20.2,E,E3,10+ years,MORTGAGE,100000.0,Source Verified,debt_consolidation,WA,34.3,1.0,660.0,664.0,2.0,86.9,38.0,Individual,7,High Risk,Manual Review
17964257,13550.0, 60 months,25.89,G,G3,2 years,MORTGAGE,56700.0,Source Verified,debt_consolidation,CO,8.74,1.0,665.0,669.0,1.0,83.6,21.0,Individual,5,High Risk,Manual Review
18575324,5400.0, 36 months,24.08,F,F2,,MORTGAGE,55000.0,Verified,debt_consolidation,AK,31.09,1.0,675.0,679.0,1.0,98.1,20.0,Individual,7,High Risk,Manual Review
18555366,28000.0, 60 months,18.99,E,E1,10+ years,MORTGAGE,160000.0,Source Verified,debt_consolidation,NY,8.45,6.0,670.0,674.0,0.0,86.7,36.0,Individual,5,High Risk,Manual Review
18575328,3500.0, 36 months,16.99,D,D3,10+ years,MORTGAGE,130000.0,Source Verified,other,AL,31.09,1.0,670.0,674.0,0.0,99.0,37.0,Individual,5,High Risk,Manual Review
18515230,19350.0, 60 months,18.99,E,E1,< 1 year,MORTGAGE,43000.0,Not Verified,credit_card,TX,30.98,0.0,670.0,674.0,0.0,78.6,27.0,Individual,5,High Risk,Manual Review
18464838,35000.0, 60 months,20.99,E,E4,< 1 year,MORTGAGE,165000.0,Verified,home_improvement,IL,9.21,4.0,665.0,669.0,0.0,85.5,28.0,Individual,5,High Risk,Manual Review
18495267,16750.0, 60 months,20.2,E,E3,7 years,MORTGAGE,40000.0,Verified,credit_card,MS,34.22,0.0,675.0,679.0,1.0,64.8,31.0,Individual,5,High Risk,Manual Review
18615194,28000.0, 60 months,20.99,E,E4,10+ years,MORTGAGE,68000.0,Source Verified,debt_consolidation,PA,32.53,0.0,685.0,689.0,0.0,46.4,30.0,Individual,5,High Risk,Manual Review
18585066,34225.0, 60 months,24.5,F,F3,4 years,MORTGAGE,78000.0,Verified,debt_consolidation,TX,33.42,0.0,665.0,669.0,0.0,61.4,25.0,Individual,5,High Risk,Manual Review
17814576,15875.0, 36 months,19.52,E,E2,5 years,MORTGAGE,50000.0,Source Verified,debt_consolidation,NC,33.93,0.0,695.0,699.0,3.0,87.1,23.0,Individual,6,High Risk,Manual Review
17804838,22325.0, 36 months,22.15,E,E5,< 1 year,MORTGAGE,70000.0,Source Verified,debt_consolidation,MN,31.75,0.0,670.0,674.0,4.0,75.8,27.0,Individual,5,High Risk,Manual Review
17744719,25675.0, 60 months,18.99,E,E1,10+ years,MORTGAGE,70000.0,Source Verified,home_improvement,IN,15.46,1.0,665.0,669.0,0.0,86.2,28.0,Individual,5,High Risk,Manual Review
18605007,3300.0, 36 months,20.2,E,E3,< 1 year,RENT,29120.0,Not Verified,credit_card,OR,31.41,0.0,670.0,674.0,0.0,68.7,10.0,Individual,5,High Risk,Manual Review
18495045,4575.0, 36 months,18.99,E,E1,1 year,MORTGAGE,72100.0,Verified,debt_consolidation,TX,32.37,0.0,680.0,684.0,2.0,45.6,31.0,Individual,5,High Risk,Manual Review
18495026,10000.0, 60 months,19.52,E,E2,1 year,MORTGAGE,42000.0,Source Verified,debt_consolidation,CA,31.11,0.0,665.0,669.0,0.0,92.5,31.0,Individual,6,High Risk,Manual Review
18504995,12950.0, 36 months,20.99,E,E4,10+ years,MORTGAGE,40000.0,Source Verified,debt_consolidation,OH,30.1,0.0,670.0,674.0,1.0,71.4,33.0,Individual,5,High Risk,Manual Review
18584895,2000.0, 36 months,20.99,E,E4,,RENT,32000.0,Verified,other,IL,34.62,0.0,725.0,729.0,1.0,45.7,23.0,Individual,5,High Risk,Manual Review
18484812,35000.0, 60 months,19.52,E,E2,5 years,MORTGAGE,99600.0,Verified,debt_consolidation,NY,23.8,4.0,685.0,689.0,1.0,83.7,42.0,Individual,5,High Risk,Manual Review
18534892,35000.0, 60 months,20.2,E,E3,< 1 year,MORTGAGE,175000.0,Verified,debt_consolidation,NJ,10.07,1.0,695.0,699.0,3.0,83.8,27.0,Individual,5,High Risk,Manual Review
17894726,23975.0, 60 months,22.15,E,E5,< 1 year,MORTGAGE,58000.0,Source Verified,debt_consolidation,TN,31.74,0.0,685.0,689.0,1.0,53.5,32.0,Individual,5,High Risk,Manual Review
18594899,17600.0, 60 months,20.2,E,E3,3 years,MORTGAGE,105000.0,Not Verified,debt_consolidation,PA,31.77,0.0,665.0,669.0,3.0,78.6,49.0,Individual,5,High Risk,Manual Review
18554764,22750.0, 60 months,22.15,E,E5,10+ years,MORTGAGE,68000.0,Source Verified,debt_consolidation,OH,32.6,0.0,665.0,669.0,0.0,74.2,26.0,Individual,5,High Risk,Manual Review
17794319,35000.0, 60 months,20.99,E,E4,< 1 year,MORTGAGE,84000.0,Verified,debt_consolidation,TX,31.1,0.0,705.0,709.0,0.0,86.4,42.0,Individual,6,High Risk,Manual Review
16612466,5750.0, 36 months,18.99,E,E1,< 1 year,MORTGAGE,40000.0,Not Verified,debt_consolidation,OR,33.18,0.0,680.0,684.0,1.0,79.5,24.0,Individual,5,High Risk,Manual Review
18514563,29900.0, 60 months,20.99,E,E4,10+ years,RENT,68000.0,Source Verified,debt_consolidation,SC,33.52,0.0,720.0,724.0,1.0,83.1,21.0,Individual,6,High Risk,Manual Review
17764184,15750.0, 60 months,19.52,E,E2,10+ years,MORTGAGE,50700.0,Not Verified,debt_consolidation,NY,31.27,0.0,685.0,689.0,1.0,85.9,43.0,Individual,6,High Risk,Manual Review
18604483,10650.0, 60 months,20.99,E,E4,10+ years,MORTGAGE,37000.0,Not Verified,debt_consolidation,VA,19.49,1.0,685.0,689.0,0.0,85.0,43.0,Individual,5,High Risk,Manual Review
17765153,2500.0, 36 months,24.5,F,F3,10+ years,MORTGAGE,24000.0,Not Verified,other,NV,31.9,0.0,705.0,709.0,2.0,71.7,15.0,Individual,5,High Risk,Manual Review
18184329,9000.0, 36 months,18.99,E,E1,< 1 year,MORTGAGE,72500.0,Verified,home_improvement,TX,31.02,0.0,680.0,684.0,3.0,63.4,33.0,Individual,5,High Risk,Manual Review
18514551,29975.0, 60 months,23.43,F,F1,10+ years,MORTGAGE,110000.0,Source Verified,debt_consolidation,NJ,15.51,7.0,665.0,669.0,0.0,94.5,24.0,Individual,5,High Risk,Manual Review
17994737,29850.0, 60 months,22.15,E,E5,2 years,MORTGAGE,68000.0,Source Verified,debt_consolidation,CO,31.49,2.0,670.0,674.0,0.0,74.3,19.0,Individual,6,High Risk,Manual Review
18454638,16000.0, 60 months,20.99,E,E4,10+ years,RENT,112000.0,Verified,debt_consolidation,HI,21.58,1.0,665.0,669.0,1.0,96.7,22.0,Individual,5,High Risk,Manual Review
18344559,19500.0, 60 months,18.99,E,E1,10+ years,MORTGAGE,90000.0,Source Verified,debt_consolidation,NC,34.86,1.0,700.0,704.0,4.0,56.9,40.0,Individual,6,High Risk,Manual Review
16461938,23450.0, 60 months,23.43,F,F1,9 years,OWN,62000.0,Verified,debt_consolidation,NY,19.73,1.0,670.0,674.0,1.0,95.4,28.0,Individual,5,High Risk,Manual Review
17644342,13400.0, 60 months,19.52,E,E2,10+ years,MORTGAGE,30000.0,Source Verified,credit_card,IL,34.32,0.0,700.0,704.0,0.0,60.0,21.0,Individual,5,High Risk,Manual Review
18344482,15000.0, 60 months,19.52,E,E2,10+ years,MORTGAGE,43000.0,Source Verified,credit_card,KY,32.91,0.0,695.0,699.0,0.0,79.6,37.0,Individual,5,High Risk,Manual Review
18424392,27575.0, 60 months,24.08,F,F2,8 years,MORTGAGE,60000.0,Source Verified,credit_card,MN,33.94,0.0,675.0,679.0,0.0,66.9,20.0,Individual,5,High Risk,Manual Review
18424336,12000.0, 60 months,18.99,E,E1,7 years,MORTGAGE,47000.0,Source Verified,debt_consolidation,MI,33.16,0.0,665.0,669.0,0.0,69.3,31.0,Individual,5,High Risk,Manual Review
18404465,11950.0, 60 months,19.52,E,E2,1 year,MORTGAGE,52000.0,Source Verified,debt_consolidation,VA,33.26,0.0,660.0,664.0,0.0,68.0,38.0,Individual,5,High Risk,Manual Review
17994849,2200.0, 36 months,20.2,E,E3,10+ years,RENT,82019.0,Source Verified,vacation,MD,33.55,1.0,665.0,669.0,0.0,58.8,21.0,Individual,6,High Risk,Manual Review
17974389,19750.0, 60 months,19.52,E,E2,10+ years,MORTGAGE,55000.0,Not Verified,debt_consolidation,WI,31.6,0.0,700.0,704.0,2.0,78.6,28.0,Individual,5,High Risk,Manual Review
18394373,13175.0, 60 months,18.99,E,E1,9 years,RENT,30000.0,Source Verified,credit_card,IL,34.75,0.0,705.0,709.0,1.0,44.7,21.0,Individual,5,High Risk,Manual Review
17954906,10400.0, 60 months,18.99,E,E1,8 years,MORTGAGE,37000.0,Verified,credit_card,VA,33.99,0.0,670.0,674.0,2.0,86.4,20.0,Individual,6,High Risk,Manual Review
18394278,24475.0, 60 months,20.2,E,E3,10+ years,OWN,65000.0,Source Verified,debt_consolidation,AK,21.18,1.0,660.0,664.0,0.0,93.4,20.0,Individual,5,High Risk,Manual Review
18294351,30000.0, 60 months,19.52,E,E2,10+ years,MORTGAGE,87400.0,Source Verified,debt_consolidation,NJ,23.45,1.0,675.0,679.0,0.0,88.7,25.0,Individual,5,High Risk,Manual Review
17994311,25000.0, 60 months,20.2,E,E3,10+ years,MORTGAGE,135000.0,Source Verified,home_improvement,VA,14.61,3.0,670.0,674.0,2.0,92.0,39.0,Individual,5,High Risk,Manual Review
17905055,3000.0, 36 months,18.99,E,E1,6 years,RENT,41600.0,Not Verified,moving,NY,11.74,1.0,660.0,664.0,0.0,88.0,18.0,Individual,5,High Risk,Manual Review
16392794,16700.0, 60 months,22.15,E,E5,8 years,MORTGAGE,42000.0,Verified,other,AZ,30.51,0.0,730.0,734.0,0.0,39.8,29.0,Individual,5,High Risk,Manual Review
17634142,11200.0, 60 months,18.99,E,E1,,RENT,36000.0,Verified,debt_consolidation,NY,33.73,0.0,665.0,669.0,0.0,82.9,23.0,Individual,6,High Risk,Manual Review
16702089,14375.0, 60 months,20.99,E,E4,8 years,MORTGAGE,40000.0,Not Verified,debt_consolidation,TX,32.46,0.0,670.0,674.0,0.0,68.4,38.0,Individual,5,High Risk,Manual Review
17924029,8000.0, 36 months,18.99,E,E1,10+ years,RENT,25239.0,Source Verified,debt_consolidation,PA,30.43,0.0,665.0,669.0,0.0,63.0,25.0,Individual,5,High Risk,Manual Review
17954637,5600.0, 36 months,22.15,E,E5,1 year,RENT,35698.0,Source Verified,debt_consolidation,AK,34.99,1.0,670.0,674.0,1.0,64.4,38.0,Individual,6,High Risk,Manual Review
17944737,11700.0, 60 months,19.52,E,E2,10+ years,MORTGAGE,68000.0,Verified,debt_consolidation,WI,30.41,0.0,685.0,689.0,1.0,63.0,21.0,Individual,5,High Risk,Manual Review
17283434,30000.0, 60 months,19.52,E,E2,10+ years,MORTGAGE,87900.0,Verified,debt_consolidation,MS,23.0,1.0,670.0,674.0,0.0,97.1,23.0,Individual,5,High Risk,Manual Review
17864509,22800.0, 60 months,19.52,E,E2,10+ years,MORTGAGE,54295.0,Source Verified,debt_consolidation,IL,32.38,0.0,695.0,699.0,0.0,82.1,29.0,Individual,6,High Risk,Manual Review
17874553,14000.0, 60 months,24.08,F,F2,10+ years,MORTGAGE,58150.0,Source Verified,debt_consolidation,NY,30.86,0.0,685.0,689.0,1.0,53.1,24.0,Individual,5,High Risk,Manual Review
17974477,10200.0, 60 months,18.99,E,E1,8 years,MORTGAGE,52500.0,Source Verified,debt_consolidation,CT,20.85,9.0,660.0,664.0,1.0,99.3,39.0,Individual,5,High Risk,Manual Review
17894509,22500.0, 60 months,20.2,E,E3,,RENT,67000.0,Verified,debt_consolidation,PA,31.15,0.0,690.0,694.0,1.0,46.0,23.0,Individual,5,High Risk,Manual Review
17724973,35000.0, 60 months,24.08,F,F2,4 years,MORTGAGE,185000.0,Source Verified,credit_card,AR,18.0,1.0,660.0,664.0,1.0,82.6,28.0,Individual,5,High Risk,Manual Review
17954193,35000.0, 60 months,19.52,E,E2,6 years,MORTGAGE,105000.0,Verified,debt_consolidation,TX,33.14,4.0,670.0,674.0,2.0,40.6,31.0,Individual,6,High Risk,Manual Review
17934212,1000.0, 36 months,19.52,E,E2,10+ years,RENT,30000.0,Not Verified,other,FL,30.4,0.0,660.0,664.0,0.0,74.8,16.0,Individual,5,High Risk,Manual Review
17904379,3500.0, 36 months,23.43,F,F1,8 years,MORTGAGE,48000.0,Not Verified,other,LA,18.28,1.0,695.0,699.0,0.0,87.1,6.0,Individual,5,High Risk,Manual Review
16602289,21600.0, 60 months,18.24,D,D5,10+ years,MORTGAGE,87000.0,Verified,home_improvement,GA,33.96,2.0,695.0,699.0,1.0,84.5,52.0,Individual,5,High Risk,Manual Review
17864176,6000.0, 36 months,22.15,E,E5,10+ years,MORTGAGE,92000.0,Verified,debt_consolidation,TX,22.18,1.0,660.0,664.0,2.0,88.0,39.0,Individual,5,High Risk,Manual Review
17853542,13475.0, 60 months,20.99,E,E4,,RENT,35516.0,Verified,credit_card,OH,32.11,0.0,665.0,669.0,3.0,88.7,22.0,Individual,6,High Risk,Manual Review
17643988,15000.0, 36 months,23.43,F,F1,5 years,RENT,40000.0,Source Verified,home_improvement,OH,32.91,0.0,665.0,669.0,4.0,55.9,24.0,Individual,5,High Risk,Manual Review
17984029,2700.0, 36 months,20.2,E,E3,,OWN,40000.0,Verified,debt_consolidation,AL,30.96,1.0,685.0,689.0,2.0,15.6,36.0,Individual,6,High Risk,Manual Review
17815702,3000.0, 36 months,18.99,E,E1,10+ years,MORTGAGE,50000.0,Not Verified,other,FL,26.43,1.0,670.0,674.0,0.0,97.3,31.0,Individual,5,High Risk,Manual Review
17745777,12500.0, 60 months,19.52,E,E2,4 years,MORTGAGE,67000.0,Not Verified,home_improvement,NV,31.6,1.0,695.0,699.0,3.0,20.0,38.0,Individual,6,High Risk,Manual Review
17645886,28000.0, 60 months,19.52,E,E2,10+ years,MORTGAGE,92000.0,Source Verified,credit_card,NH,32.6,1.0,670.0,674.0,2.0,59.7,61.0,Individual,6,High Risk,Manual Review
15630501,14000.0, 60 months,19.52,E,E2,9 years,MORTGAGE,60000.0,Not Verified,credit_card,MN,34.24,0.0,675.0,679.0,1.0,77.6,35.0,Individual,5,High Risk,Manual Review
17735608,14450.0, 60 months,22.15,E,E5,4 years,MORTGAGE,52000.0,Not Verified,debt_consolidation,MN,31.55,0.0,665.0,669.0,1.0,70.1,23.0,Individual,5,High Risk,Manual Review
17735667,32100.0, 60 months,20.2,E,E3,8 years,MORTGAGE,67000.0,Source Verified,debt_consolidation,MS,30.36,0.0,715.0,719.0,0.0,59.1,28.0,Individual,5,High Risk,Manual Review
17645797,35000.0, 60 months,23.43,F,F1,4 years,RENT,95000.0,Source Verified,debt_consolidation,CA,34.37,1.0,675.0,679.0,0.0,75.4,24.0,Individual,6,High Risk,Manual Review
17645751,20400.0, 60 months,22.15,E,E5,7 years,MORTGAGE,51000.0,Source Verified,debt_consolidation,NV,32.92,1.0,695.0,699.0,0.0,66.1,24.0,Individual,6,High Risk,Manual Review
17645718,14375.0, 36 months,19.52,E,E2,1 year,OWN,50000.0,Not Verified,debt_consolidation,TX,34.4,0.0,660.0,664.0,0.0,66.3,41.0,Individual,5,High Risk,Manual Review
17815416,14000.0, 60 months,24.99,F,F4,8 years,RENT,75000.0,Source Verified,medical,TN,30.89,1.0,660.0,664.0,0.0,88.9,34.0,Individual,7,High Risk,Manual Review
17685447,15000.0, 36 months,18.99,E,E1,1 year,RENT,48000.0,Source Verified,other,MA,34.85,0.0,710.0,714.0,1.0,86.6,13.0,Individual,6,High Risk,Manual Review
17735550,20000.0, 60 months,18.99,E,E1,7 years,MORTGAGE,72000.0,Verified,debt_consolidation,MI,33.72,0.0,660.0,664.0,1.0,95.2,31.0,Individual,6,High Risk,Manual Review
17684599,20125.0, 60 months,22.15,E,E5,10+ years,RENT,56000.0,Source Verified,debt_consolidation,NY,34.29,0.0,660.0,664.0,4.0,75.2,42.0,Individual,5,High Risk,Manual Review
12928473,18750.0, 60 months,24.08,F,F2,7 years,MORTGAGE,60000.0,Not Verified,debt_consolidation,MN,13.38,1.0,660.0,664.0,1.0,80.8,36.0,Individual,5,High Risk,Manual Review
17754212,13575.0, 60 months,25.8,G,G1,10+ years,MORTGAGE,38000.0,Not Verified,other,NY,34.89,0.0,685.0,689.0,1.0,73.6,21.0,Individual,5,High Risk,Manual Review
15741572,13625.0, 60 months,23.43,F,F1,10+ years,MORTGAGE,38000.0,Source Verified,debt_consolidation,GA,30.32,0.0,675.0,679.0,1.0,61.7,24.0,Individual,5,High Risk,Manual Review
17595365,15000.0, 60 months,22.15,E,E5,6 years,RENT,80000.0,Verified,debt_consolidation,CA,33.74,3.0,675.0,679.0,0.0,51.1,26.0,Individual,6,High Risk,Manual Review
16201817,27200.0, 60 months,24.5,F,F3,10+ years,MORTGAGE,81000.0,Source Verified,debt_consolidation,NJ,30.89,0.0,675.0,679.0,3.0,60.8,42.0,Individual,5,High Risk,Manual Review
17583455,30000.0, 60 months,20.2,E,E3,6 years,MORTGAGE,113000.0,Source Verified,debt_consolidation,MD,16.57,3.0,665.0,669.0,3.0,83.9,19.0,Individual,5,High Risk,Manual Review
17805055,20000.0, 36 months,20.99,E,E4,4 years,MORTGAGE,60000.0,Source Verified,debt_consolidation,OH,5.92,2.0,665.0,669.0,0.0,83.4,18.0,Individual,5,High Risk,Manual Review
17795251,24000.0, 60 months,20.2,E,E3,10+ years,RENT,70000.0,Source Verified,debt_consolidation,TX,31.29,1.0,680.0,684.0,2.0,54.5,25.0,Individual,6,High Risk,Manual Review
17804892,15000.0, 60 months,19.52,E,E2,7 years,MORTGAGE,75000.0,Source Verified,debt_consolidation,IL,33.28,1.0,660.0,664.0,0.0,65.6,28.0,Individual,6,High Risk,Manual Review
17754787,15050.0, 60 months,19.52,E,E2,8 years,RENT,88250.0,Source Verified,debt_consolidation,CA,18.06,1.0,665.0,669.0,1.0,90.7,32.0,Individual,5,High Risk,Manual Review
17634887,15000.0, 60 months,20.99,E,E4,2 years,RENT,42000.0,Source Verified,small_business,IL,33.23,1.0,660.0,664.0,0.0,92.1,32.0,Individual,7,High Risk,Manual Review
17754957,14350.0, 60 months,20.2,E,E3,8 years,RENT,36000.0,Source Verified,debt_consolidation,MT,32.77,0.0,670.0,674.0,0.0,93.2,13.0,Individual,6,High Risk,Manual Review
16912475,6600.0, 36 months,18.99,E,E1,2 years,MORTGAGE,50000.0,Not Verified,other,IL,25.18,4.0,670.0,674.0,1.0,94.9,27.0,Individual,5,High Risk,Manual Review
17744898,21075.0, 60 months,18.99,E,E1,7 years,MORTGAGE,52885.2,Source Verified,credit_card,MN,21.01,4.0,660.0,664.0,0.0,85.5,28.0,Individual,5,High Risk,Manual Review
17814825,28000.0, 60 months,22.15,E,E5,3 years,MORTGAGE,262000.0,Source Verified,debt_consolidation,CA,11.15,1.0,670.0,674.0,1.0,94.3,51.0,Individual,5,High Risk,Manual Review
16792272,13000.0, 60 months,23.43,F,F1,4 years,RENT,38000.0,Source Verified,debt_consolidation,MA,31.24,0.0,665.0,669.0,0.0,96.9,17.0,Individual,6,High Risk,Manual Review
17633723,10000.0, 36 months,20.99,E,E4,8 years,RENT,27840.0,Verified,debt_consolidation,IL,29.57,1.0,670.0,674.0,2.0,89.1,28.0,Individual,5,High Risk,Manual Review
17654703,11400.0, 60 months,20.99,E,E4,7 years,MORTGAGE,40800.0,Source Verified,debt_consolidation,VA,22.38,1.0,665.0,669.0,2.0,96.5,30.0,Individual,5,High Risk,Manual Review
17754664,22000.0, 60 months,19.52,E,E2,10+ years,MORTGAGE,73000.0,Verified,debt_consolidation,TX,23.57,1.0,660.0,664.0,1.0,86.4,47.0,Individual,5,High Risk,Manual Review
17322776,7000.0, 36 months,19.52,E,E2,3 years,MORTGAGE,37000.0,Source Verified,debt_consolidation,FL,31.63,0.0,660.0,664.0,2.0,96.8,8.0,Individual,6,High Risk,Manual Review
17532793,9550.0, 36 months,24.5,F,F3,1 year,MORTGAGE,30000.0,Source Verified,other,VA,22.8,1.0,660.0,664.0,2.0,98.5,12.0,Individual,5,High Risk,Manual Review
17814457,30000.0, 60 months,19.52,E,E2,10+ years,MORTGAGE,125000.0,Source Verified,debt_consolidation,MI,31.8,2.0,715.0,719.0,4.0,34.3,48.0,Individual,6,High Risk,Manual Review
17814388,25000.0, 60 months,20.99,E,E4,6 years,MORTGAGE,78000.0,Not Verified,debt_consolidation,AZ,19.6,1.0,665.0,669.0,2.0,86.7,18.0,Individual,5,High Risk,Manual Review
17744435,12150.0, 36 months,24.5,F,F3,8 years,RENT,68000.0,Verified,debt_consolidation,CA,24.96,2.0,670.0,674.0,2.0,81.2,24.0,Individual,5,High Risk,Manual Review
17814405,4450.0, 36 months,20.2,E,E3,2 years,MORTGAGE,45000.0,Not Verified,debt_consolidation,CA,30.03,0.0,670.0,674.0,2.0,69.1,15.0,Individual,5,High Risk,Manual Review
17594455,18875.0, 36 months,18.99,E,E1,5 years,MORTGAGE,75000.0,Not Verified,debt_consolidation,OR,11.73,1.0,670.0,674.0,0.0,81.0,24.0,Individual,5,High Risk,Manual Review
17714380,10000.0, 60 months,20.99,E,E4,2 years,MORTGAGE,29000.0,Source Verified,home_improvement,VA,34.2,0.0,690.0,694.0,3.0,59.3,25.0,Individual,5,High Risk,Manual Review
16422338,21725.0, 60 months,26.06,G,G5,4 years,RENT,68000.0,Source Verified,debt_consolidation,WV,32.72,1.0,665.0,669.0,5.0,73.8,31.0,Individual,6,High Risk,Manual Review
17724262,30725.0, 60 months,20.2,E,E3,3 years,RENT,70000.0,Source Verified,other,IL,31.17,0.0,710.0,714.0,0.0,86.8,29.0,Individual,6,High Risk,Manual Review
17724298,2400.0, 36 months,24.5,F,F3,10+ years,MORTGAGE,115000.0,Verified,debt_consolidation,NY,20.81,5.0,660.0,664.0,1.0,84.2,59.0,Individual,5,High Risk,Manual Review
16852827,19875.0, 36 months,20.2,E,E3,1 year,MORTGAGE,57500.0,Not Verified,debt_consolidation,TX,23.54,1.0,660.0,664.0,1.0,80.1,24.0,Individual,5,High Risk,Manual Review
17723599,25000.0, 60 months,20.2,E,E3,8 years,MORTGAGE,100000.0,Source Verified,debt_consolidation,NY,18.18,2.0,660.0,664.0,4.0,87.3,29.0,Individual,5,High Risk,Manual Review
17734122,19050.0, 60 months,23.43,F,F1,,OWN,70000.0,Verified,credit_card,WY,31.53,1.0,690.0,694.0,3.0,38.5,37.0,Individual,6,High Risk,Manual Review
17734057,15000.0, 60 months,18.99,E,E1,7 years,MORTGAGE,54000.0,Source Verified,debt_consolidation,TX,21.47,3.0,665.0,669.0,3.0,85.2,17.0,Individual,5,High Risk,Manual Review
17744095,24125.0, 60 months,25.99,G,G4,10+ years,MORTGAGE,67572.0,Verified,debt_consolidation,VA,25.55,1.0,675.0,679.0,0.0,92.6,53.0,Individual,5,High Risk,Manual Review
16401968,22400.0, 60 months,25.89,G,G3,6 years,MORTGAGE,70000.0,Source Verified,debt_consolidation,SC,25.03,1.0,665.0,669.0,1.0,82.9,18.0,Individual,5,High Risk,Manual Review
14979165,10800.0, 60 months,19.52,E,E2,10+ years,MORTGAGE,85000.0,Verified,debt_consolidation,IN,17.08,5.0,670.0,674.0,2.0,90.0,41.0,Individual,5,High Risk,Manual Review
17753882,18900.0, 60 months,22.15,E,E5,3 years,RENT,43000.0,Not Verified,debt_consolidation,CT,30.45,0.0,680.0,684.0,0.0,76.2,21.0,Individual,5,High Risk,Manual Review
17793996,30000.0, 60 months,20.99,E,E4,< 1 year,OWN,98000.0,Source Verified,debt_consolidation,FL,12.07,1.0,665.0,669.0,0.0,84.1,22.0,Individual,5,High Risk,Manual Review
17813840,25600.0, 60 months,26.06,G,G5,10+ years,MORTGAGE,80000.0,Verified,debt_consolidation,DE,15.98,1.0,665.0,669.0,1.0,95.5,25.0,Individual,5,High Risk,Manual Review
17733903,13750.0, 60 months,19.52,E,E2,10+ years,MORTGAGE,36045.0,Not Verified,credit_card,IN,32.77,0.0,710.0,714.0,0.0,80.1,15.0,Individual,6,High Risk,Manual Review
17272849,5000.0, 36 months,22.15,E,E5,8 years,RENT,49000.0,Source Verified,other,HI,27.85,1.0,675.0,679.0,1.0,85.3,24.0,Individual,5,High Risk,Manual Review
17803807,35000.0, 60 months,19.52,E,E2,,MORTGAGE,91948.0,Verified,debt_consolidation,KY,32.22,0.0,690.0,694.0,3.0,56.3,32.0,Individual,5,High Risk,Manual Review
17803549,25000.0, 60 months,20.99,E,E4,2 years,MORTGAGE,70000.0,Source Verified,debt_consolidation,KY,16.15,1.0,665.0,669.0,1.0,96.8,32.0,Individual,5,High Risk,Manual Review
17162855,10450.0, 60 months,20.99,E,E4,< 1 year,MORTGAGE,100000.0,Verified,debt_consolidation,NC,31.69,0.0,675.0,679.0,4.0,62.5,25.0,Individual,5,High Risk,Manual Review
16363043,15000.0, 60 months,20.99,E,E4,8 years,RENT,45000.0,Not Verified,debt_consolidation,FL,30.88,0.0,670.0,674.0,1.0,94.9,25.0,Individual,6,High Risk,Manual Review
16081708,21600.0, 36 months,18.99,E,E1,10+ years,MORTGAGE,75000.0,Source Verified,debt_consolidation,GA,18.21,5.0,660.0,664.0,2.0,81.5,15.0,Individual,5,High Risk,Manual Review
17593722,9100.0, 36 months,18.99,E,E1,10+ years,RENT,24000.0,Verified,credit_card,CA,34.9,0.0,685.0,689.0,1.0,69.8,21.0,Individual,5,High Risk,Manual Review
17763505,20000.0, 60 months,18.99,E,E1,10+ years,OWN,74000.0,Source Verified,debt_consolidation,NY,31.06,1.0,690.0,694.0,0.0,71.9,21.0,Individual,6,High Risk,Manual Review
17743589,6350.0, 36 months,23.43,F,F1,2 years,MORTGAGE,38000.0,Not Verified,other,WV,33.29,3.0,660.0,664.0,2.0,39.0,59.0,Individual,6,High Risk,Manual Review
17743458,35000.0, 60 months,20.2,E,E3,6 years,RENT,160000.0,Verified,debt_consolidation,IL,13.69,1.0,665.0,669.0,1.0,82.2,57.0,Individual,5,High Risk,Manual Review
17363381,6200.0, 36 months,19.52,E,E2,5 years,MORTGAGE,30000.0,Verified,debt_consolidation,FL,30.12,0.0,680.0,684.0,2.0,36.9,12.0,Individual,5,High Risk,Manual Review
17633455,22400.0, 60 months,18.99,E,E1,1 year,MORTGAGE,56000.0,Source Verified,debt_consolidation,WI,31.16,0.0,685.0,689.0,2.0,72.1,44.0,Individual,5,High Risk,Manual Review
15680154,13875.0, 60 months,22.15,E,E5,10+ years,RENT,68250.0,Source Verified,debt_consolidation,CA,29.57,1.0,675.0,679.0,1.0,86.2,44.0,Individual,5,High Risk,Manual Review
16772264,18000.0, 60 months,19.52,E,E2,< 1 year,RENT,50000.0,Verified,debt_consolidation,IL,20.21,1.0,670.0,674.0,0.0,83.1,20.0,Individual,5,High Risk,Manual Review
17763220,19600.0, 60 months,22.15,E,E5,3 years,RENT,49000.0,Source Verified,debt_consolidation,MO,33.75,0.0,680.0,684.0,0.0,87.2,34.0,Individual,6,High Risk,Manual Review
17653422,4000.0, 36 months,22.15,E,E5,10+ years,MORTGAGE,88000.0,Verified,other,MI,24.52,2.0,660.0,664.0,1.0,92.1,21.0,Individual,5,High Risk,Manual Review
17363297,35000.0, 60 months,24.08,F,F2,10+ years,MORTGAGE,160000.0,Source Verified,debt_consolidation,AZ,19.31,2.0,685.0,689.0,0.0,86.9,48.0,Individual,5,High Risk,Manual Review
13947951,35000.0, 60 months,20.2,E,E3,1 year,MORTGAGE,165000.0,Source Verified,debt_consolidation,VT,7.59,1.0,695.0,699.0,2.0,86.2,17.0,Individual,5,High Risk,Manual Review
17493341,35000.0, 60 months,23.43,F,F1,1 year,MORTGAGE,85000.0,Verified,debt_consolidation,NV,20.98,1.0,690.0,694.0,0.0,86.5,23.0,Individual,5,High Risk,Manual Review
17643196,18825.0, 60 months,18.99,E,E1,5 years,MORTGAGE,42000.0,Not Verified,credit_card,KY,31.89,0.0,700.0,704.0,0.0,66.9,29.0,Individual,5,High Risk,Manual Review
17633116,10475.0, 60 months,24.5,F,F3,10+ years,MORTGAGE,30000.0,Verified,other,IN,31.88,0.0,670.0,674.0,1.0,85.0,18.0,Individual,6,High Risk,Manual Review
17123274,14100.0, 36 months,20.2,E,E3,10+ years,MORTGAGE,52000.0,Not Verified,debt_consolidation,NY,19.39,3.0,670.0,674.0,1.0,94.2,21.0,Individual,5,High Risk,Manual Review
17113177,17725.0, 36 months,22.15,E,E5,6 years,MORTGAGE,54000.0,Source Verified,debt_consolidation,AL,33.13,0.0,665.0,669.0,0.0,83.3,20.0,Individual,6,High Risk,Manual Review
17513485,6400.0, 36 months,19.52,E,E2,7 years,RENT,30000.0,Source Verified,debt_consolidation,OH,34.48,0.0,670.0,674.0,3.0,67.0,10.0,Individual,5,High Risk,Manual Review
17633036,11325.0, 60 months,18.99,E,E1,10+ years,MORTGAGE,69000.0,Not Verified,debt_consolidation,CT,14.75,1.0,665.0,669.0,1.0,91.0,22.0,Individual,5,High Risk,Manual Review
17533385,18950.0, 60 months,20.2,E,E3,10+ years,OWN,45123.0,Source Verified,debt_consolidation,IN,34.39,0.0,700.0,704.0,0.0,85.0,31.0,Individual,6,High Risk,Manual Review
17503408,30000.0, 60 months,18.99,E,E1,10+ years,MORTGAGE,78000.0,Source Verified,debt_consolidation,MA,25.37,2.0,665.0,669.0,0.0,81.2,22.0,Individual,5,High Risk,Manual Review
17523090,18900.0, 60 months,18.99,E,E1,10+ years,MORTGAGE,45000.0,Source Verified,debt_consolidation,MO,31.28,0.0,705.0,709.0,0.0,90.6,14.0,Individual,6,High Risk,Manual Review
17513388,9550.0, 36 months,19.52,E,E2,7 years,RENT,30000.0,Source Verified,credit_card,NY,34.32,0.0,660.0,664.0,1.0,65.4,21.0,Individual,5,High Risk,Manual Review
16362253,7950.0, 36 months,16.29,D,D2,6 years,RENT,36000.0,Source Verified,debt_consolidation,OH,33.9,2.0,675.0,679.0,1.0,87.8,43.0,Individual,5,High Risk,Manual Review
17543296,7025.0, 36 months,18.99,E,E1,,OWN,17616.0,Verified,debt_consolidation,WV,31.95,0.0,695.0,699.0,1.0,55.5,14.0,Individual,5,High Risk,Manual Review
17522984,35000.0, 60 months,25.8,G,G1,10+ years,MORTGAGE,112000.0,Verified,debt_consolidation,PA,20.98,1.0,675.0,679.0,2.0,87.5,25.0,Individual,5,High Risk,Manual Review
17523259,35000.0, 60 months,20.99,E,E4,10+ years,MORTGAGE,106000.0,Source Verified,debt_consolidation,AR,22.72,3.0,680.0,684.0,2.0,98.0,31.0,Individual,5,High Risk,Manual Review
16922564,11975.0, 60 months,19.52,E,E2,8 years,RENT,56000.0,Source Verified,other,CA,17.3,2.0,685.0,689.0,0.0,100.1,20.0,Individual,5,High Risk,Manual Review
17432919,19600.0, 60 months,17.57,D,D4,10+ years,MORTGAGE,61000.0,Not Verified,debt_consolidation,TX,32.53,1.0,670.0,674.0,0.0,80.1,20.0,Individual,5,High Risk,Manual Review
16462235,20000.0, 36 months,22.15,E,E5,6 years,MORTGAGE,57000.0,Verified,home_improvement,IL,19.35,1.0,660.0,664.0,2.0,82.1,34.0,Individual,5,High Risk,Manual Review
17393248,10900.0, 60 months,26.06,G,G5,4 years,MORTGAGE,40000.0,Source Verified,other,OK,34.44,0.0,685.0,689.0,3.0,39.5,15.0,Individual,5,High Risk,Manual Review
16352935,16000.0, 60 months,20.99,E,E4,10+ years,MORTGAGE,72000.0,Verified,debt_consolidation,MN,10.68,2.0,660.0,664.0,0.0,88.8,15.0,Individual,5,High Risk,Manual Review
17073519,29975.0, 60 months,20.99,E,E4,,MORTGAGE,75000.0,Verified,credit_card,NC,30.5,0.0,710.0,714.0,0.0,51.3,46.0,Individual,5,High Risk,Manual Review
17553259,19200.0, 60 months,20.2,E,E3,5 years,MORTGAGE,48000.0,Source Verified,debt_consolidation,CO,18.77,3.0,680.0,684.0,1.0,94.5,25.0,Individual,5,High Risk,Manual Review
17473187,28125.0, 36 months,18.99,E,E1,,OWN,152400.0,Verified,home_improvement,KS,11.18,2.0,680.0,684.0,3.0,81.7,20.0,Individual,5,High Risk,Manual Review
17493182,35000.0, 60 months,20.99,E,E4,10+ years,MORTGAGE,145000.0,Source Verified,debt_consolidation,IN,34.48,0.0,675.0,679.0,1.0,84.3,32.0,Individual,6,High Risk,Manual Review
17193549,8500.0, 36 months,22.15,E,E5,2 years,RENT,33500.0,Source Verified,debt_consolidation,FL,31.28,0.0,670.0,674.0,1.0,87.6,9.0,Individual,6,High Risk,Manual Review
17343207,26000.0, 60 months,18.99,E,E1,10+ years,MORTGAGE,92000.0,Source Verified,debt_consolidation,KS,33.36,0.0,690.0,694.0,1.0,66.4,38.0,Individual,5,High Risk,Manual Review
12977874,13750.0, 60 months,22.15,E,E5,10+ years,RENT,57700.0,Verified,other,AZ,21.57,1.0,675.0,679.0,1.0,88.0,39.0,Individual,5,High Risk,Manual Review
17542931,20000.0, 60 months,20.2,E,E3,,MORTGAGE,83320.0,Verified,debt_consolidation,MD,17.05,4.0,665.0,669.0,0.0,84.0,26.0,Individual,5,High Risk,Manual Review
17493018,16325.0, 60 months,20.2,E,E3,4 years,RENT,41000.0,Source Verified,debt_consolidation,TX,34.88,0.0,690.0,694.0,0.0,67.2,18.0,Individual,5,High Risk,Manual Review
17243215,24525.0, 60 months,20.99,E,E4,< 1 year,MORTGAGE,59800.0,Source Verified,credit_card,MN,12.84,1.0,670.0,674.0,2.0,88.5,52.0,Individual,5,High Risk,Manual Review
16381555,13700.0, 60 months,20.2,E,E3,10+ years,MORTGAGE,70000.0,Not Verified,credit_card,IL,31.05,1.0,675.0,679.0,3.0,73.5,21.0,Individual,6,High Risk,Manual Review
15782082,25000.0, 60 months,20.99,E,E4,4 years,MORTGAGE,65000.0,Verified,credit_card,IL,33.35,0.0,660.0,664.0,3.0,86.0,28.0,Individual,6,High Risk,Manual Review
17462858,22675.0, 60 months,24.08,F,F2,10+ years,MORTGAGE,54000.0,Source Verified,debt_consolidation,NY,31.67,0.0,690.0,694.0,0.0,74.2,21.0,Individual,5,High Risk,Manual Review
17442912,25000.0, 60 months,20.99,E,E4,10+ years,MORTGAGE,87000.0,Source Verified,debt_consolidation,FL,22.68,2.0,670.0,674.0,1.0,86.8,19.0,Individual,5,High Risk,Manual Review
17392807,23200.0, 60 months,23.43,F,F1,10+ years,MORTGAGE,58000.0,Source Verified,debt_consolidation,OR,33.48,0.0,670.0,674.0,0.0,77.0,56.0,Individual,5,High Risk,Manual Review
17412865,6000.0, 36 months,18.99,E,E1,2 years,RENT,22000.0,Source Verified,debt_consolidation,CA,31.39,0.0,670.0,674.0,0.0,70.8,35.0,Individual,5,High Risk,Manual Review
17552784,25000.0, 60 months,18.99,E,E1,,MORTGAGE,64379.13,Verified,debt_consolidation,OH,30.92,0.0,695.0,699.0,1.0,68.8,27.0,Individual,5,High Risk,Manual Review
17472768,25000.0, 60 months,19.52,E,E2,10+ years,MORTGAGE,84500.0,Source Verified,debt_consolidation,GA,14.88,3.0,660.0,664.0,0.0,80.7,22.0,Individual,5,High Risk,Manual Review
17492787,25000.0, 60 months,22.15,E,E5,1 year,MORTGAGE,260000.0,Verified,debt_consolidation,IL,11.48,2.0,665.0,669.0,2.0,96.6,32.0,Individual,5,High Risk,Manual Review
17183413,14300.0, 60 months,25.89,G,G3,4 years,MORTGAGE,52000.0,Not Verified,debt_consolidation,FL,32.37,1.0,665.0,669.0,1.0,91.3,28.0,Individual,7,High Risk,Manual Review
17313299,23750.0, 60 months,18.99,E,E1,3 years,MORTGAGE,65000.0,Source Verified,credit_card,NV,34.99,0.0,695.0,699.0,2.0,78.0,35.0,Individual,5,High Risk,Manual Review
17293354,35000.0, 36 months,15.61,D,D1,9 years,MORTGAGE,96000.0,Source Verified,credit_card,TX,34.95,1.0,680.0,684.0,0.0,91.0,20.0,Individual,5,High Risk,Manual Review
17313262,20475.0, 60 months,24.99,F,F4,10+ years,MORTGAGE,69848.0,Verified,debt_consolidation,AL,19.57,1.0,670.0,674.0,1.0,83.2,35.0,Individual,5,High Risk,Manual Review
17133381,18000.0, 60 months,19.52,E,E2,1 year,RENT,45000.0,Source Verified,debt_consolidation,CO,30.56,0.0,665.0,669.0,0.0,62.8,57.0,Individual,5,High Risk,Manual Review
17242760,33150.0, 60 months,20.2,E,E3,10+ years,MORTGAGE,103700.0,Source Verified,debt_consolidation,NJ,30.93,2.0,695.0,699.0,0.0,85.0,22.0,Individual,7,High Risk,Manual Review
17263251,20000.0, 60 months,25.8,G,G1,,MORTGAGE,62000.0,Verified,major_purchase,MI,16.36,2.0,660.0,664.0,2.0,94.1,28.0,Individual,5,High Risk,Manual Review
17303132,16200.0, 60 months,22.15,E,E5,3 years,RENT,45000.0,Source Verified,debt_consolidation,CO,32.51,0.0,670.0,674.0,2.0,75.2,31.0,Individual,5,High Risk,Manual Review
17103176,30000.0, 60 months,24.08,F,F2,10+ years,MORTGAGE,80000.0,Verified,home_improvement,TX,18.35,1.0,670.0,674.0,2.0,88.0,25.0,Individual,5,High Risk,Manual Review
17143201,11875.0, 60 months,22.15,E,E5,10+ years,MORTGAGE,36950.0,Verified,debt_consolidation,CA,30.1,0.0,665.0,669.0,0.0,77.0,9.0,Individual,5,High Risk,Manual Review
16131524,3500.0, 36 months,22.15,E,E5,10+ years,RENT,59000.0,Not Verified,major_purchase,CA,30.74,0.0,680.0,684.0,0.0,65.5,19.0,Individual,5,High Risk,Manual Review
17233118,22950.0, 60 months,20.99,E,E4,5 years,RENT,62000.0,Source Verified,debt_consolidation,MT,32.19,4.0,665.0,669.0,0.0,28.0,42.0,Individual,6,High Risk,Manual Review
17192977,17000.0, 60 months,20.2,E,E3,10+ years,MORTGAGE,42000.0,Not Verified,credit_card,NY,30.49,0.0,700.0,704.0,2.0,85.7,15.0,Individual,6,High Risk,Manual Review
17212941,14400.0, 60 months,24.5,F,F3,2 years,MORTGAGE,62000.0,Not Verified,debt_consolidation,GA,22.07,1.0,670.0,674.0,1.0,95.6,13.0,Individual,5,High Risk,Manual Review
16792313,7750.0, 36 months,22.15,E,E5,3 years,RENT,32700.0,Source Verified,debt_consolidation,SD,32.62,0.0,680.0,684.0,1.0,75.9,33.0,Individual,5,High Risk,Manual Review
16972809,6850.0, 36 months,18.99,E,E1,10+ years,MORTGAGE,50000.0,Source Verified,debt_consolidation,SC,30.24,0.0,660.0,664.0,2.0,16.6,30.0,Individual,5,High Risk,Manual Review
17112730,10200.0, 60 months,23.43,F,F1,8 years,OWN,71000.0,Source Verified,other,TX,30.73,0.0,705.0,709.0,0.0,80.1,18.0,Individual,6,High Risk,Manual Review
17152803,5000.0, 36 months,23.43,F,F1,10+ years,RENT,45000.0,Source Verified,other,NY,30.16,0.0,700.0,704.0,0.0,72.4,23.0,Individual,5,High Risk,Manual Review
17272791,22500.0, 60 months,18.99,E,E1,3 years,MORTGAGE,127000.0,Source Verified,debt_consolidation,VA,30.78,0.0,660.0,664.0,0.0,94.4,36.0,Individual,6,High Risk,Manual Review
15730863,15000.0, 60 months,18.99,E,E1,10+ years,MORTGAGE,53000.0,Not Verified,debt_consolidation,FL,30.66,0.0,720.0,724.0,1.0,95.0,31.0,Individual,6,High Risk,Manual Review
16373379,35000.0, 60 months,19.52,E,E2,10+ years,MORTGAGE,125000.0,Source Verified,debt_consolidation,GA,16.22,1.0,690.0,694.0,1.0,82.5,26.0,Individual,5,High Risk,Manual Review
17142626,23275.0, 60 months,25.57,F,F5,10+ years,MORTGAGE,68953.0,Source Verified,debt_consolidation,FL,6.84,2.0,660.0,664.0,0.0,83.9,15.0,Individual,5,High Risk,Manual Review
16302233,18000.0, 60 months,20.2,E,E3,3 years,OWN,41000.0,Source Verified,major_purchase,LA,34.51,0.0,675.0,679.0,0.0,13.2,19.0,Individual,5,High Risk,Manual Review
17062654,10300.0, 36 months,19.52,E,E2,7 years,MORTGAGE,40000.0,Not Verified,home_improvement,NJ,19.68,2.0,675.0,679.0,1.0,85.5,25.0,Individual,5,High Risk,Manual Review
16642444,7950.0, 36 months,20.99,E,E4,4 years,RENT,20000.0,Source Verified,debt_consolidation,CA,32.41,0.0,685.0,689.0,3.0,92.9,11.0,Individual,6,High Risk,Manual Review
14590446,4025.0, 36 months,20.2,E,E3,10+ years,MORTGAGE,80427.0,Not Verified,debt_consolidation,WA,11.33,1.0,675.0,679.0,0.0,94.7,25.0,Individual,5,High Risk,Manual Review
16892652,27500.0, 60 months,18.99,E,E1,10+ years,MORTGAGE,75950.0,Source Verified,home_improvement,TN,20.48,2.0,675.0,679.0,1.0,80.4,31.0,Individual,5,High Risk,Manual Review
16832687,10875.0, 36 months,19.52,E,E2,10+ years,MORTGAGE,32000.0,Verified,debt_consolidation,UT,19.09,2.0,665.0,669.0,0.0,82.2,21.0,Individual,5,High Risk,Manual Review
16862702,25000.0, 60 months,20.2,E,E3,10+ years,MORTGAGE,65000.0,Source Verified,debt_consolidation,LA,33.95,0.0,660.0,664.0,0.0,61.9,60.0,Individual,5,High Risk,Manual Review
13577833,7000.0, 36 months,24.99,F,F4,10+ years,RENT,136000.0,Verified,home_improvement,NC,32.33,0.0,680.0,684.0,5.0,85.9,47.0,Individual,6,High Risk,Manual Review
15441285,30000.0, 60 months,19.52,E,E2,10+ years,MORTGAGE,93000.0,Source Verified,debt_consolidation,AL,32.36,0.0,675.0,679.0,0.0,81.5,40.0,Individual,6,High Risk,Manual Review
16922531,24500.0, 60 months,26.06,G,G5,10+ years,RENT,90000.0,Verified,debt_consolidation,CT,27.39,1.0,660.0,664.0,2.0,87.5,37.0,Individual,5,High Risk,Manual Review
16952593,18000.0, 60 months,19.52,E,E2,10+ years,MORTGAGE,180000.0,Source Verified,debt_consolidation,NC,32.05,0.0,670.0,674.0,2.0,66.5,58.0,Individual,5,High Risk,Manual Review
16842573,27300.0, 60 months,24.08,F,F2,2 years,RENT,65000.0,Source Verified,other,CA,34.33,0.0,695.0,699.0,0.0,85.7,20.0,Individual,6,High Risk,Manual Review
16982521,26250.0, 60 months,22.15,E,E5,3 years,MORTGAGE,62500.0,Source Verified,debt_consolidation,SC,31.6,0.0,660.0,664.0,0.0,59.0,22.0,Individual,5,High Risk,Manual Review
16462022,27975.0, 60 months,18.99,E,E1,10+ years,MORTGAGE,71000.0,Source Verified,credit_card,MO,33.47,0.0,690.0,694.0,4.0,66.0,21.0,Individual,5,High Risk,Manual Review
16912484,16150.0, 60 months,18.99,E,E1,2 years,MORTGAGE,45000.0,Verified,debt_consolidation,OR,10.27,1.0,670.0,674.0,0.0,91.7,25.0,Individual,5,High Risk,Manual Review
16912438,5000.0, 36 months,15.61,D,D1,1 year,RENT,52000.0,Source Verified,debt_consolidation,NY,32.66,6.0,660.0,664.0,1.0,95.6,20.0,Individual,5,High Risk,Manual Review
16882417,23675.0, 60 months,19.52,E,E2,10+ years,MORTGAGE,54000.0,Source Verified,credit_card,SC,31.42,0.0,675.0,679.0,0.0,81.1,16.0,Individual,6,High Risk,Manual Review
16742480,19050.0, 60 months,25.8,G,G1,6 years,MORTGAGE,53000.0,Source Verified,debt_consolidation,TN,34.62,1.0,660.0,664.0,0.0,83.1,11.0,Individual,7,High Risk,Manual Review
16572391,15100.0, 60 months,19.52,E,E2,5 years,RENT,38000.0,Source Verified,debt_consolidation,NH,31.46,0.0,695.0,699.0,0.0,79.1,14.0,Individual,5,High Risk,Manual Review
16343195,21850.0, 60 months,19.52,E,E2,3 years,RENT,56700.0,Source Verified,debt_consolidation,VA,33.16,0.0,710.0,714.0,0.0,62.4,15.0,Individual,5,High Risk,Manual Review
16642420,3050.0, 36 months,19.52,E,E2,,MORTGAGE,59000.0,Verified,debt_consolidation,NY,19.96,1.0,665.0,669.0,1.0,94.0,25.0,Individual,5,High Risk,Manual Review
16632314,14675.0, 60 months,18.99,E,E1,5 years,OWN,35000.0,Source Verified,credit_card,CA,31.41,0.0,715.0,719.0,0.0,44.9,20.0,Individual,5,High Risk,Manual Review
16622452,31450.0, 60 months,20.99,E,E4,10+ years,MORTGAGE,75000.0,Source Verified,debt_consolidation,KY,14.64,1.0,665.0,669.0,0.0,94.7,26.0,Individual,5,High Risk,Manual Review
16742288,35000.0, 60 months,22.15,E,E5,10+ years,MORTGAGE,145000.0,Source Verified,debt_consolidation,TX,14.09,1.0,670.0,674.0,1.0,100.4,16.0,Individual,5,High Risk,Manual Review
16582261,24700.0, 60 months,18.99,E,E1,10+ years,MORTGAGE,115000.0,Source Verified,debt_consolidation,AL,32.15,0.0,680.0,684.0,1.0,94.1,62.0,Individual,6,High Risk,Manual Review
16712264,5000.0, 36 months,18.99,E,E1,4 years,OWN,30000.0,Verified,debt_consolidation,NJ,31.12,1.0,660.0,664.0,4.0,61.0,30.0,Individual,6,High Risk,Manual Review
16533214,25000.0, 60 months,23.43,F,F1,10+ years,MORTGAGE,70000.0,Verified,debt_consolidation,AZ,11.76,2.0,675.0,679.0,2.0,82.0,22.0,Individual,5,High Risk,Manual Review
16463070,17650.0, 60 months,20.99,E,E4,10+ years,MORTGAGE,48000.0,Not Verified,credit_card,GA,31.75,0.0,685.0,689.0,2.0,66.4,21.0,Individual,5,High Risk,Manual Review
16612285,33000.0, 60 months,22.15,E,E5,10+ years,MORTGAGE,110000.0,Source Verified,debt_consolidation,PA,33.32,1.0,670.0,674.0,2.0,86.9,41.0,Individual,7,High Risk,Manual Review
14678600,17975.0, 36 months,19.52,E,E2,5 years,RENT,50000.0,Source Verified,debt_consolidation,LA,31.25,0.0,665.0,669.0,2.0,90.1,21.0,Individual,6,High Risk,Manual Review
16602211,25000.0, 60 months,20.2,E,E3,9 years,MORTGAGE,70700.0,Verified,debt_consolidation,NJ,31.72,0.0,690.0,694.0,2.0,75.5,27.0,Individual,5,High Risk,Manual Review
16672189,22800.0, 60 months,20.2,E,E3,8 years,MORTGAGE,65000.0,Source Verified,debt_consolidation,OR,25.76,2.0,680.0,684.0,0.0,88.8,20.0,Individual,5,High Risk,Manual Review
16422439,20000.0, 36 months,16.29,D,D2,7 years,MORTGAGE,67000.0,Source Verified,debt_consolidation,OH,33.31,1.0,675.0,679.0,1.0,84.8,41.0,Individual,5,High Risk,Manual Review
16403036,25000.0, 60 months,18.99,E,E1,6 years,MORTGAGE,55000.0,Source Verified,major_purchase,GA,31.05,0.0,715.0,719.0,1.0,45.0,24.0,Individual,5,High Risk,Manual Review
16403247,32625.0, 60 months,18.99,E,E1,10+ years,MORTGAGE,68000.0,Verified,credit_card,KY,31.36,0.0,725.0,729.0,0.0,82.3,20.0,Individual,6,High Risk,Manual Review
16383404,13175.0, 36 months,20.99,E,E4,4 years,MORTGAGE,40000.0,Not Verified,debt_consolidation,MS,34.95,0.0,675.0,679.0,1.0,58.9,25.0,Individual,5,High Risk,Manual Review
16411459,20000.0, 60 months,24.08,F,F2,10+ years,MORTGAGE,150000.0,Verified,small_business,NC,11.29,1.0,685.0,689.0,0.0,80.1,32.0,Individual,5,High Risk,Manual Review
15270731,20725.0, 60 months,20.2,E,E3,10+ years,RENT,52000.0,Source Verified,debt_consolidation,NY,31.09,0.0,680.0,684.0,0.0,67.7,22.0,Individual,5,High Risk,Manual Review
15782034,26375.0, 60 months,22.15,E,E5,3 years,OWN,60000.0,Source Verified,credit_card,NY,31.56,0.0,670.0,674.0,0.0,79.3,23.0,Individual,5,High Risk,Manual Review
15360808,12000.0, 60 months,18.99,E,E1,10+ years,MORTGAGE,65000.0,Not Verified,debt_consolidation,AR,32.13,0.0,675.0,679.0,2.0,60.0,32.0,Individual,5,High Risk,Manual Review
16543212,32100.0, 60 months,24.5,F,F3,< 1 year,MORTGAGE,110000.0,Verified,debt_consolidation,OH,33.22,2.0,660.0,664.0,1.0,62.9,47.0,Individual,6,High Risk,Manual Review
15541001,12150.0, 60 months,19.52,E,E2,10+ years,RENT,47000.0,Source Verified,debt_consolidation,NY,6.77,1.0,660.0,664.0,0.0,94.1,33.0,Individual,5,High Risk,Manual Review
16533174,19200.0, 60 months,16.99,D,D3,8 years,MORTGAGE,95000.0,Source Verified,credit_card,LA,34.03,1.0,685.0,689.0,1.0,80.6,42.0,Individual,5,High Risk,Manual Review
16373333,35000.0, 60 months,18.99,E,E1,4 years,MORTGAGE,116000.0,Verified,debt_consolidation,SC,22.29,2.0,665.0,669.0,0.0,87.9,36.0,Individual,5,High Risk,Manual Review
16402996,15600.0, 36 months,15.61,D,D1,< 1 year,RENT,40000.0,Source Verified,debt_consolidation,MO,30.57,1.0,665.0,669.0,0.0,91.9,32.0,Individual,5,High Risk,Manual Review
11936533,7000.0, 36 months,24.5,F,F3,9 years,MORTGAGE,54326.0,Source Verified,debt_consolidation,NC,30.84,0.0,670.0,674.0,3.0,77.1,35.0,Individual,5,High Risk,Manual Review
16392669,14375.0, 60 months,19.52,E,E2,8 years,OWN,60000.0,Not Verified,debt_consolidation,LA,33.84,0.0,675.0,679.0,0.0,59.1,63.0,Individual,5,High Risk,Manual Review
16362776,14175.0, 36 months,19.52,E,E2,2 years,MORTGAGE,49500.0,Verified,debt_consolidation,AZ,9.72,1.0,670.0,674.0,0.0,95.4,19.0,Individual,5,High Risk,Manual Review
16523017,23050.0, 60 months,18.99,E,E1,10+ years,MORTGAGE,65700.0,Verified,debt_consolidation,GA,32.46,0.0,720.0,724.0,0.0,57.3,20.0,Individual,5,High Risk,Manual Review
16372867,19950.0, 60 months,20.99,E,E4,10+ years,RENT,50000.0,Source Verified,debt_consolidation,NJ,34.54,0.0,695.0,699.0,0.0,68.6,24.0,Individual,5,High Risk,Manual Review
16301822,11000.0, 60 months,25.8,G,G1,10+ years,RENT,56000.0,Verified,other,MD,34.23,0.0,660.0,664.0,1.0,55.1,47.0,Individual,5,High Risk,Manual Review
16140993,18675.0, 36 months,18.24,D,D5,10+ years,RENT,52000.0,Source Verified,debt_consolidation,CA,33.79,1.0,680.0,684.0,0.0,91.4,10.0,Individual,5,High Risk,Manual Review
16392838,19125.0, 60 months,20.99,E,E4,3 years,RENT,48000.0,Source Verified,debt_consolidation,TX,31.6,1.0,660.0,664.0,1.0,31.8,21.0,Individual,6,High Risk,Manual Review
16482837,21000.0, 60 months,20.2,E,E3,1 year,MORTGAGE,67000.0,Not Verified,debt_consolidation,PA,31.72,0.0,705.0,709.0,1.0,91.7,34.0,Individual,6,High Risk,Manual Review
16512862,16150.0, 60 months,24.99,F,F4,3 years,RENT,55000.0,Source Verified,medical,TX,30.5,0.0,660.0,664.0,2.0,71.6,24.0,Individual,5,High Risk,Manual Review
16382486,8000.0, 36 months,19.52,E,E2,6 years,RENT,42000.0,Verified,other,NJ,31.2,0.0,660.0,664.0,1.0,83.2,21.0,Individual,6,High Risk,Manual Review
16442834,5000.0, 60 months,20.99,E,E4,6 years,RENT,40000.0,Source Verified,other,FL,30.24,0.0,680.0,684.0,2.0,86.8,19.0,Individual,6,High Risk,Manual Review
16392449,25200.0, 60 months,20.2,E,E3,2 years,RENT,60000.0,Source Verified,debt_consolidation,VA,31.07,0.0,690.0,694.0,2.0,53.6,26.0,Individual,5,High Risk,Manual Review
16312706,25325.0, 60 months,18.99,E,E1,10+ years,OWN,64000.0,Not Verified,credit_card,TX,31.37,0.0,690.0,694.0,0.0,59.3,60.0,Individual,5,High Risk,Manual Review
15781089,14250.0, 36 months,22.15,E,E5,10+ years,RENT,50000.0,Source Verified,other,KY,30.99,0.0,685.0,689.0,1.0,79.1,15.0,Individual,5,High Risk,Manual Review
16532332,19950.0, 60 months,20.2,E,E3,4 years,MORTGAGE,50000.0,Not Verified,debt_consolidation,MI,29.72,1.0,660.0,664.0,0.0,91.6,36.0,Individual,5,High Risk,Manual Review
16502597,13250.0, 60 months,20.99,E,E4,10+ years,MORTGAGE,35000.0,Not Verified,credit_card,PA,31.34,0.0,695.0,699.0,0.0,70.2,30.0,Individual,5,High Risk,Manual Review
16382731,8500.0, 36 months,23.43,F,F1,10+ years,RENT,47000.0,Source Verified,other,NJ,32.61,0.0,680.0,684.0,1.0,60.1,25.0,Individual,5,High Risk,Manual Review
15810828,27200.0, 60 months,19.52,E,E2,< 1 year,RENT,65000.0,Source Verified,debt_consolidation,AZ,31.56,0.0,685.0,689.0,1.0,56.2,42.0,Individual,5,High Risk,Manual Review
16512206,24500.0, 60 months,18.99,E,E1,4 years,MORTGAGE,96000.0,Verified,debt_consolidation,KY,18.51,1.0,690.0,694.0,2.0,81.9,30.0,Individual,5,High Risk,Manual Review
16532142,35000.0, 60 months,19.52,E,E2,< 1 year,MORTGAGE,305000.0,Source Verified,credit_card,CA,9.37,1.0,680.0,684.0,0.0,94.7,19.0,Individual,5,High Risk,Manual Review
16442596,19950.0, 60 months,18.99,E,E1,1 year,RENT,50000.0,Source Verified,debt_consolidation,AZ,18.75,1.0,660.0,664.0,0.0,90.7,23.0,Individual,5,High Risk,Manual Review
16372624,24650.0, 60 months,23.43,F,F1,10+ years,RENT,65000.0,Not Verified,debt_consolidation,NY,32.63,1.0,670.0,674.0,1.0,74.7,54.0,Individual,6,High Risk,Manual Review
16382571,12000.0, 60 months,19.52,E,E2,5 years,OWN,62000.0,Verified,debt_consolidation,MA,30.8,0.0,710.0,714.0,0.0,58.4,26.0,Individual,5,High Risk,Manual Review
16312482,13025.0, 60 months,20.99,E,E4,7 years,RENT,34450.89,Source Verified,credit_card,WI,34.18,0.0,675.0,679.0,0.0,78.3,13.0,Individual,5,High Risk,Manual Review
16452452,11300.0, 60 months,19.52,E,E2,,OWN,27300.0,Verified,debt_consolidation,PA,33.45,0.0,690.0,694.0,1.0,66.9,21.0,Individual,5,High Risk,Manual Review
16462434,19875.0, 60 months,26.06,G,G5,3 years,MORTGAGE,100000.0,Verified,small_business,NC,21.82,1.0,675.0,679.0,0.0,87.2,25.0,Individual,5,High Risk,Manual Review
16472108,27975.0, 60 months,20.99,E,E4,9 years,MORTGAGE,100000.0,Verified,debt_consolidation,CA,30.48,0.0,715.0,719.0,2.0,34.0,39.0,Individual,5,High Risk,Manual Review
16402287,11425.0, 60 months,18.99,E,E1,10+ years,MORTGAGE,48000.0,Not Verified,debt_consolidation,NC,32.1,0.0,725.0,729.0,0.0,10.3,30.0,Individual,5,High Risk,Manual Review
15601318,33600.0, 60 months,19.52,E,E2,10+ years,MORTGAGE,92000.0,Verified,debt_consolidation,TX,15.07,1.0,680.0,684.0,3.0,83.6,22.0,Individual,5,High Risk,Manual Review
14610348,16300.0, 60 months,20.99,E,E4,6 years,MORTGAGE,55000.0,Not Verified,debt_consolidation,AZ,33.17,0.0,705.0,709.0,0.0,45.4,29.0,Individual,5,High Risk,Manual Review
16542312,19825.0, 60 months,24.99,F,F4,5 years,MORTGAGE,87000.0,Source Verified,debt_consolidation,WA,5.36,1.0,670.0,674.0,1.0,82.4,20.0,Individual,5,High Risk,Manual Review
15471076,35000.0, 60 months,26.06,G,G5,10+ years,MORTGAGE,300000.0,Verified,other,VA,15.7,1.0,675.0,679.0,1.0,84.9,27.0,Individual,5,High Risk,Manual Review
16191921,10000.0, 60 months,22.15,E,E5,8 years,RENT,93000.0,Verified,small_business,FL,27.57,2.0,685.0,689.0,1.0,90.7,35.0,Individual,5,High Risk,Manual Review
16512319,23075.0, 60 months,20.99,E,E4,10+ years,MORTGAGE,55000.0,Not Verified,debt_consolidation,PA,32.8,0.0,690.0,694.0,0.0,53.4,32.0,Individual,5,High Risk,Manual Review
10764765,15000.0, 36 months,23.43,F,F1,10+ years,MORTGAGE,102000.0,Verified,debt_consolidation,NY,16.45,1.0,665.0,669.0,1.0,94.1,21.0,Individual,5,High Risk,Manual Review
16372280,15875.0, 36 months,20.99,E,E4,10+ years,RENT,71100.0,Source Verified,debt_consolidation,FL,31.93,1.0,665.0,669.0,1.0,69.0,25.0,Individual,6,High Risk,Manual Review
16472253,10725.0, 60 months,19.52,E,E2,1 year,RENT,27000.0,Source Verified,debt_consolidation,WA,33.42,0.0,705.0,709.0,0.0,25.7,22.0,Individual,5,High Risk,Manual Review
16531996,11100.0, 60 months,20.99,E,E4,2 years,RENT,35000.0,Source Verified,credit_card,UT,32.29,0.0,665.0,669.0,3.0,75.8,10.0,Individual,5,High Risk,Manual Review
16462104,30000.0, 60 months,18.99,E,E1,10+ years,OWN,80000.0,Verified,credit_card,MN,14.88,4.0,665.0,669.0,2.0,94.5,25.0,Individual,5,High Risk,Manual Review
12956639,35000.0, 60 months,24.5,F,F3,10+ years,MORTGAGE,126000.0,Verified,debt_consolidation,CA,27.51,2.0,670.0,674.0,0.0,101.6,22.0,Individual,5,High Risk,Manual Review
16502077,29050.0, 60 months,23.43,F,F1,9 years,MORTGAGE,69217.13,Verified,debt_consolidation,IL,32.11,1.0,660.0,664.0,0.0,88.6,35.0,Individual,7,High Risk,Manual Review
16472034,11800.0, 36 months,20.2,E,E3,10+ years,MORTGAGE,35000.0,Not Verified,credit_card,NY,13.81,2.0,660.0,664.0,1.0,89.6,17.0,Individual,5,High Risk,Manual Review
16332082,30000.0, 60 months,25.8,G,G1,10+ years,MORTGAGE,85000.0,Verified,debt_consolidation,DE,27.25,1.0,690.0,694.0,3.0,84.5,52.0,Individual,5,High Risk,Manual Review
16432009,30375.0, 36 months,18.99,E,E1,10+ years,RENT,79985.0,Verified,home_improvement,CA,9.86,1.0,665.0,669.0,1.0,93.9,25.0,Individual,5,High Risk,Manual Review
16342056,10000.0, 36 months,22.15,E,E5,1 year,RENT,41000.0,Source Verified,debt_consolidation,NC,27.02,1.0,660.0,664.0,3.0,92.8,30.0,Individual,5,High Risk,Manual Review
16351801,18000.0, 60 months,19.52,E,E2,10+ years,MORTGAGE,55000.0,Not Verified,medical,TN,30.59,0.0,695.0,699.0,0.0,96.5,18.0,Individual,6,High Risk,Manual Review
16541910,24725.0, 60 months,18.99,E,E1,10+ years,RENT,58900.0,Source Verified,debt_consolidation,NV,24.31,1.0,675.0,679.0,0.0,101.0,23.0,Individual,5,High Risk,Manual Review
16381982,31375.0, 60 months,20.2,E,E3,1 year,MORTGAGE,100000.0,Verified,debt_consolidation,NJ,31.09,1.0,695.0,699.0,0.0,74.3,30.0,Individual,6,High Risk,Manual Review
16521892,9600.0, 60 months,24.99,F,F4,10+ years,MORTGAGE,70000.0,Not Verified,other,MI,31.77,1.0,680.0,684.0,1.0,58.5,24.0,Individual,6,High Risk,Manual Review
16381844,15000.0, 60 months,18.99,E,E1,10+ years,OWN,66785.0,Not Verified,debt_consolidation,MS,30.03,0.0,710.0,714.0,0.0,84.2,52.0,Individual,6,High Risk,Manual Review
16341861,15600.0, 60 months,20.2,E,E3,7 years,MORTGAGE,61500.0,Verified,debt_consolidation,PA,32.04,0.0,680.0,684.0,3.0,58.4,32.0,Individual,5,High Risk,Manual Review
16262057,10100.0, 60 months,18.99,E,E1,5 years,MORTGAGE,40000.0,Not Verified,debt_consolidation,NC,33.93,0.0,685.0,689.0,0.0,72.1,36.0,Individual,5,High Risk,Manual Review
16461756,26375.0, 60 months,19.52,E,E2,10+ years,MORTGAGE,63000.0,Not Verified,debt_consolidation,OK,28.82,1.0,660.0,664.0,0.0,88.2,38.0,Individual,5,High Risk,Manual Review
16491778,16500.0, 60 months,23.43,F,F1,2 years,RENT,55000.0,Source Verified,major_purchase,NM,20.12,1.0,685.0,689.0,0.0,83.1,19.0,Individual,5,High Risk,Manual Review
16221388,31450.0, 60 months,25.99,G,G4,10+ years,MORTGAGE,75000.0,Verified,debt_consolidation,IL,20.3,2.0,680.0,684.0,3.0,80.6,42.0,Individual,5,High Risk,Manual Review
14509108,8000.0, 36 months,18.99,E,E1,10+ years,MORTGAGE,52000.0,Not Verified,home_improvement,MN,18.97,1.0,675.0,679.0,1.0,83.2,23.0,Individual,5,High Risk,Manual Review
16461706,2500.0, 60 months,18.99,E,E1,10+ years,MORTGAGE,70000.0,Not Verified,major_purchase,MS,16.05,2.0,670.0,674.0,0.0,93.3,11.0,Individual,5,High Risk,Manual Review
16301659,3075.0, 36 months,25.83,G,G2,< 1 year,RENT,13700.0,Verified,small_business,FL,33.04,0.0,675.0,679.0,0.0,55.4,18.0,Individual,5,High Risk,Manual Review
14358484,11700.0, 60 months,18.99,E,E1,10+ years,MORTGAGE,28000.0,Source Verified,debt_consolidation,OH,31.46,0.0,705.0,709.0,0.0,54.9,19.0,Individual,5,High Risk,Manual Review
15770406,24500.0, 60 months,20.2,E,E3,2 years,RENT,162000.0,Verified,other,NY,6.24,2.0,665.0,669.0,0.0,92.6,9.0,Individual,5,High Risk,Manual Review
16391616,35000.0, 60 months,19.52,E,E2,10+ years,OWN,135000.0,Source Verified,debt_consolidation,IL,27.66,1.0,670.0,674.0,0.0,80.3,30.0,Individual,5,High Risk,Manual Review
16441327,6000.0, 36 months,18.99,E,E1,,MORTGAGE,30000.0,Verified,debt_consolidation,NC,33.84,1.0,660.0,664.0,2.0,54.0,35.0,Individual,6,High Risk,Manual Review
16331558,14075.0, 60 months,24.5,F,F3,10+ years,MORTGAGE,47000.0,Not Verified,other,NC,30.11,0.0,665.0,669.0,2.0,74.6,36.0,Individual,5,High Risk,Manual Review
16341428,26575.0, 60 months,22.15,E,E5,8 years,OWN,70000.0,Source Verified,debt_consolidation,NJ,17.19,1.0,665.0,669.0,0.0,80.1,23.0,Individual,5,High Risk,Manual Review
16331516,10625.0, 60 months,25.83,G,G2,7 years,RENT,33392.0,Source Verified,other,AZ,30.34,0.0,675.0,679.0,0.0,86.1,15.0,Individual,6,High Risk,Manual Review
15700936,17375.0, 60 months,18.99,E,E1,10+ years,RENT,66000.0,Verified,debt_consolidation,FL,32.32,0.0,685.0,689.0,1.0,95.3,34.0,Individual,6,High Risk,Manual Review
16431387,2250.0, 36 months,19.52,E,E2,4 years,MORTGAGE,60000.0,Not Verified,home_improvement,AR,30.58,5.0,670.0,674.0,1.0,13.3,46.0,Individual,6,High Risk,Manual Review
16481331,9000.0, 36 months,18.99,E,E1,,OWN,25000.0,Verified,debt_consolidation,TX,33.61,6.0,660.0,664.0,1.0,43.7,19.0,Individual,6,High Risk,Manual Review
16371381,33000.0, 60 months,23.43,F,F1,5 years,MORTGAGE,124000.0,Verified,debt_consolidation,CO,30.06,0.0,660.0,664.0,2.0,64.6,34.0,Individual,5,High Risk,Manual Review
16131879,18100.0, 60 months,25.99,G,G4,10+ years,MORTGAGE,87000.0,Not Verified,debt_consolidation,WI,30.19,1.0,680.0,684.0,3.0,76.1,34.0,Individual,6,High Risk,Manual Review
16371382,11150.0, 60 months,25.83,G,G2,10+ years,RENT,55000.0,Source Verified,other,FL,30.85,0.0,670.0,674.0,1.0,49.7,41.0,Individual,5,High Risk,Manual Review
16331320,19225.0, 60 months,20.99,E,E4,7 years,MORTGAGE,317625.0,Source Verified,home_improvement,NY,19.37,3.0,675.0,679.0,2.0,92.1,45.0,Individual,5,High Risk,Manual Review
15511477,11850.0, 36 months,19.52,E,E2,7 years,RENT,33000.0,Source Verified,debt_consolidation,PA,32.25,0.0,670.0,674.0,1.0,76.7,25.0,Individual,5,High Risk,Manual Review
16491282,14000.0, 60 months,20.2,E,E3,10+ years,MORTGAGE,90000.0,Source Verified,debt_consolidation,CA,19.23,1.0,665.0,669.0,0.0,100.5,25.0,Individual,5,High Risk,Manual Review
16351291,18000.0, 36 months,20.99,E,E4,9 years,MORTGAGE,50000.0,Not Verified,debt_consolidation,OH,31.01,1.0,665.0,669.0,2.0,51.8,44.0,Individual,6,High Risk,Manual Review
16401311,14375.0, 60 months,23.43,F,F1,5 years,MORTGAGE,58000.0,Not Verified,credit_card,MO,32.86,0.0,660.0,664.0,5.0,67.1,44.0,Individual,5,High Risk,Manual Review
16222075,32000.0, 60 months,20.99,E,E4,2 years,RENT,85000.0,Verified,debt_consolidation,MS,30.44,0.0,665.0,669.0,1.0,81.5,34.0,Individual,6,High Risk,Manual Review
16212169,25000.0, 60 months,20.2,E,E3,< 1 year,OWN,67000.0,Source Verified,debt_consolidation,FL,31.0,0.0,695.0,699.0,0.0,96.8,17.0,Individual,6,High Risk,Manual Review
13567810,11000.0, 60 months,19.52,E,E2,2 years,OWN,52000.0,Not Verified,other,TX,34.76,0.0,675.0,679.0,1.0,77.7,33.0,Individual,5,High Risk,Manual Review
16172075,35000.0, 60 months,20.99,E,E4,4 years,MORTGAGE,145000.0,Verified,debt_consolidation,OK,11.21,1.0,670.0,674.0,0.0,103.0,16.0,Individual,5,High Risk,Manual Review
16252050,11100.0, 36 months,22.15,E,E5,1 year,RENT,37000.0,Source Verified,debt_consolidation,DE,31.17,0.0,675.0,679.0,1.0,66.4,16.0,Individual,5,High Risk,Manual Review
16272055,12000.0, 60 months,22.15,E,E5,10+ years,MORTGAGE,72000.0,Verified,debt_consolidation,PA,11.5,1.0,660.0,664.0,0.0,83.9,24.0,Individual,5,High Risk,Manual Review
16062031,30000.0, 60 months,20.2,E,E3,7 years,MORTGAGE,145364.0,Verified,debt_consolidation,VA,30.55,0.0,670.0,674.0,1.0,89.8,37.0,Individual,6,High Risk,Manual Review
16261847,35000.0, 60 months,24.08,F,F2,10+ years,MORTGAGE,114000.0,Verified,debt_consolidation,AK,30.91,0.0,685.0,689.0,0.0,86.4,38.0,Individual,6,High Risk,Manual Review
16231298,18225.0, 60 months,18.99,E,E1,5 years,MORTGAGE,50000.0,Verified,credit_card,NC,32.96,0.0,685.0,689.0,0.0,57.3,26.0,Individual,5,High Risk,Manual Review
16101847,13000.0, 60 months,19.52,E,E2,4 years,MORTGAGE,80000.0,Source Verified,debt_consolidation,NC,14.93,1.0,660.0,664.0,0.0,85.3,14.0,Individual,5,High Risk,Manual Review
16281767,19500.0, 60 months,19.52,E,E2,2 years,RENT,66000.0,Source Verified,debt_consolidation,CO,30.78,1.0,665.0,669.0,0.0,82.5,47.0,Individual,7,High Risk,Manual Review
16261758,2500.0, 36 months,24.99,F,F4,,RENT,29112.0,Verified,other,OR,30.63,0.0,675.0,679.0,0.0,61.7,26.0,Individual,5,High Risk,Manual Review
16231474,8750.0, 36 months,19.52,E,E2,10+ years,RENT,30000.0,Verified,debt_consolidation,MO,33.44,0.0,665.0,669.0,0.0,86.6,12.0,Individual,6,High Risk,Manual Review
16041815,25000.0, 60 months,19.52,E,E2,3 years,RENT,65000.0,Verified,credit_card,CT,32.56,0.0,690.0,694.0,1.0,78.2,51.0,Individual,5,High Risk,Manual Review
15551662,35000.0, 60 months,23.43,F,F1,10+ years,MORTGAGE,180000.0,Verified,credit_card,CA,14.28,1.0,685.0,689.0,6.0,90.8,16.0,Individual,5,High Risk,Manual Review
14600337,27725.0, 60 months,19.52,E,E2,8 years,MORTGAGE,77876.0,Verified,debt_consolidation,TX,31.92,1.0,690.0,694.0,0.0,64.3,31.0,Individual,6,High Risk,Manual Review
16261361,20000.0, 60 months,24.08,F,F2,10+ years,MORTGAGE,60000.0,Not Verified,debt_consolidation,IN,23.0,1.0,670.0,674.0,3.0,81.4,39.0,Individual,5,High Risk,Manual Review
16271772,20000.0, 60 months,20.99,E,E4,10+ years,OWN,77000.0,Not Verified,debt_consolidation,MS,32.84,1.0,680.0,684.0,5.0,74.2,40.0,Individual,6,High Risk,Manual Review
16111751,35000.0, 36 months,20.99,E,E4,10+ years,MORTGAGE,103000.0,Verified,debt_consolidation,MA,30.63,0.0,680.0,684.0,2.0,75.4,38.0,Individual,5,High Risk,Manual Review
16121816,13900.0, 36 months,24.5,F,F3,,OWN,46505.0,Verified,debt_consolidation,CA,28.44,1.0,660.0,664.0,0.0,95.8,36.0,Individual,5,High Risk,Manual Review
16111763,12000.0, 60 months,18.99,E,E1,9 years,RENT,46000.0,Verified,credit_card,KY,33.16,0.0,675.0,679.0,3.0,61.4,40.0,Individual,5,High Risk,Manual Review
15521127,26850.0, 60 months,18.99,E,E1,8 years,RENT,95000.0,Verified,debt_consolidation,CA,33.68,0.0,700.0,704.0,0.0,45.4,25.0,Individual,5,High Risk,Manual Review
16041706,3125.0, 36 months,23.43,F,F1,1 year,MORTGAGE,38000.0,Verified,debt_consolidation,WA,30.35,2.0,680.0,684.0,1.0,40.2,26.0,Individual,6,High Risk,Manual Review
15511344,11325.0, 60 months,22.15,E,E5,1 year,RENT,32500.0,Verified,debt_consolidation,MO,32.05,0.0,675.0,679.0,1.0,64.0,14.0,Individual,5,High Risk,Manual Review
15330183,13500.0, 60 months,19.52,E,E2,10+ years,MORTGAGE,42000.0,Verified,other,MA,10.63,2.0,670.0,674.0,1.0,81.7,20.0,Individual,5,High Risk,Manual Review
16111615,8725.0, 36 months,24.08,F,F2,10+ years,MORTGAGE,35500.0,Verified,debt_consolidation,MS,33.37,0.0,665.0,669.0,0.0,97.8,26.0,Individual,6,High Risk,Manual Review
8836000,17600.0, 60 months,19.52,E,E2,10+ years,RENT,87576.0,Verified,home_improvement,CA,34.33,0.0,690.0,694.0,3.0,47.2,28.0,Individual,5,High Risk,Manual Review
16081508,9075.0, 60 months,19.52,E,E2,3 years,MORTGAGE,23400.0,Source Verified,debt_consolidation,IN,33.81,0.0,700.0,704.0,0.0,51.6,21.0,Individual,5,High Risk,Manual Review
13957619,19575.0, 60 months,20.2,E,E3,3 years,MORTGAGE,49000.0,Not Verified,debt_consolidation,WI,30.81,0.0,695.0,699.0,2.0,80.2,22.0,Individual,6,High Risk,Manual Review
16181419,26000.0, 60 months,20.2,E,E3,< 1 year,MORTGAGE,65000.0,Not Verified,debt_consolidation,AL,23.58,2.0,665.0,669.0,1.0,101.2,18.0,Individual,5,High Risk,Manual Review
15550319,10525.0, 36 months,19.52,E,E2,10+ years,MORTGAGE,75000.0,Verified,home_improvement,CA,21.36,1.0,700.0,704.0,1.0,91.6,16.0,Individual,5,High Risk,Manual Review
15550990,30750.0, 60 months,20.99,E,E4,1 year,RENT,81000.0,Verified,debt_consolidation,WA,18.58,1.0,660.0,664.0,2.0,95.6,10.0,Individual,5,High Risk,Manual Review
16101315,23000.0, 60 months,22.15,E,E5,3 years,RENT,103000.0,Verified,debt_consolidation,TX,31.59,1.0,660.0,664.0,2.0,42.6,34.0,Individual,6,High Risk,Manual Review
16171412,11475.0, 60 months,19.52,E,E2,5 years,RENT,110000.0,Not Verified,debt_consolidation,NC,30.34,0.0,680.0,684.0,0.0,82.7,47.0,Individual,6,High Risk,Manual Review
16271335,14400.0, 60 months,20.99,E,E4,10+ years,MORTGAGE,50000.0,Not Verified,debt_consolidation,OH,32.48,1.0,665.0,669.0,2.0,57.7,29.0,Individual,6,High Risk,Manual Review
16171389,25200.0, 60 months,24.08,F,F2,6 years,MORTGAGE,60000.0,Source Verified,debt_consolidation,NJ,30.1,0.0,675.0,679.0,0.0,61.0,20.0,Individual,5,High Risk,Manual Review
15671110,5400.0, 36 months,23.43,F,F1,10+ years,RENT,38500.0,Source Verified,other,NJ,30.27,0.0,680.0,684.0,0.0,85.6,13.0,Individual,6,High Risk,Manual Review
16091267,29250.0, 60 months,20.99,E,E4,3 years,RENT,85000.0,Verified,debt_consolidation,IL,32.88,0.0,675.0,679.0,1.0,35.2,29.0,Individual,5,High Risk,Manual Review
14660828,35000.0, 60 months,24.99,F,F4,10+ years,MORTGAGE,98000.0,Verified,debt_consolidation,NY,14.68,1.0,660.0,664.0,0.0,84.6,30.0,Individual,5,High Risk,Manual Review
14648061,20550.0, 60 months,25.83,G,G2,5 years,MORTGAGE,130000.0,Not Verified,debt_consolidation,CA,5.52,2.0,665.0,669.0,3.0,82.4,25.0,Individual,5,High Risk,Manual Review
15409848,23450.0, 60 months,19.52,E,E2,10+ years,OWN,51000.0,Source Verified,credit_card,NJ,31.88,0.0,705.0,709.0,0.0,83.9,10.0,Individual,6,High Risk,Manual Review
14590667,30000.0, 60 months,19.52,E,E2,2 years,MORTGAGE,77000.0,Verified,debt_consolidation,NJ,30.88,0.0,680.0,684.0,1.0,91.5,20.0,Individual,6,High Risk,Manual Review
15250830,22000.0, 60 months,24.5,F,F3,10+ years,RENT,55000.0,Source Verified,debt_consolidation,NY,23.41,2.0,660.0,664.0,2.0,87.9,31.0,Individual,5,High Risk,Manual Review
16291207,15000.0, 60 months,20.2,E,E3,2 years,MORTGAGE,72000.0,Not Verified,debt_consolidation,VA,31.45,1.0,695.0,699.0,3.0,63.1,42.0,Individual,6,High Risk,Manual Review
16281108,10000.0, 60 months,20.2,E,E3,3 years,RENT,35000.0,Source Verified,debt_consolidation,NM,32.0,0.0,660.0,664.0,1.0,53.0,45.0,Individual,5,High Risk,Manual Review
16271157,16000.0, 36 months,19.52,E,E2,10+ years,RENT,100000.0,Not Verified,house,NY,16.0,6.0,665.0,669.0,1.0,83.4,32.0,Individual,5,High Risk,Manual Review
14878996,9050.0, 36 months,18.99,E,E1,10+ years,MORTGAGE,42000.0,Not Verified,debt_consolidation,MI,19.83,1.0,665.0,669.0,3.0,94.6,30.0,Individual,5,High Risk,Manual Review
15731460,13500.0, 60 months,20.99,E,E4,10+ years,MORTGAGE,67600.0,Verified,debt_consolidation,NY,30.89,3.0,670.0,674.0,0.0,77.3,41.0,Individual,6,High Risk,Manual Review
16291133,4825.0, 36 months,18.99,E,E1,10+ years,RENT,29000.0,Not Verified,other,TX,34.73,1.0,660.0,664.0,2.0,46.8,41.0,Individual,6,High Risk,Manual Review
16230955,30700.0, 60 months,19.52,E,E2,1 year,MORTGAGE,70000.0,Verified,debt_consolidation,TX,33.86,0.0,680.0,684.0,0.0,88.3,25.0,Individual,6,High Risk,Manual Review
16190976,20950.0, 60 months,25.57,F,F5,10+ years,MORTGAGE,152000.0,Verified,other,KS,8.0,3.0,670.0,674.0,0.0,97.6,16.0,Individual,5,High Risk,Manual Review
16090956,18250.0, 60 months,19.52,E,E2,10+ years,MORTGAGE,57000.0,Not Verified,debt_consolidation,PA,25.58,1.0,670.0,674.0,0.0,82.6,30.0,Individual,5,High Risk,Manual Review
16140936,4000.0, 60 months,19.52,E,E2,1 year,RENT,80000.0,Not Verified,medical,NY,25.4,1.0,665.0,669.0,0.0,92.7,40.0,Individual,5,High Risk,Manual Review
15580944,21725.0, 60 months,22.15,E,E5,5 years,RENT,64000.0,Verified,small_business,CO,30.32,0.0,665.0,669.0,0.0,40.5,16.0,Individual,5,High Risk,Manual Review
16060832,28875.0, 60 months,18.99,E,E1,6 years,MORTGAGE,65900.0,Not Verified,debt_consolidation,TN,27.61,1.0,695.0,699.0,0.0,86.2,25.0,Individual,5,High Risk,Manual Review
14650853,11275.0, 60 months,20.2,E,E3,10+ years,OWN,60000.0,Source Verified,debt_consolidation,CT,30.62,0.0,700.0,704.0,2.0,37.8,34.0,Individual,5,High Risk,Manual Review
13667934,17975.0, 60 months,20.99,E,E4,,OWN,45000.0,Verified,debt_consolidation,FL,34.62,0.0,685.0,689.0,0.0,51.2,27.0,Individual,5,High Risk,Manual Review
15850871,24700.0, 60 months,22.15,E,E5,< 1 year,OWN,73052.0,Verified,medical,MT,33.28,0.0,695.0,699.0,2.0,24.2,19.0,Individual,5,High Risk,Manual Review
15621579,8875.0, 36 months,18.99,E,E1,10+ years,RENT,29750.0,Source Verified,debt_consolidation,MI,30.38,0.0,675.0,679.0,1.0,70.5,23.0,Individual,5,High Risk,Manual Review
15840715,15950.0, 60 months,20.2,E,E3,10+ years,RENT,40000.0,Source Verified,debt_consolidation,WA,23.82,2.0,660.0,664.0,0.0,83.4,6.0,Individual,5,High Risk,Manual Review
15731390,8775.0, 36 months,21.99,E,E4,2 years,MORTGAGE,52000.0,Not Verified,debt_consolidation,NY,33.54,0.0,660.0,664.0,1.0,89.1,33.0,Individual,6,High Risk,Manual Review
15661527,29550.0, 60 months,22.45,E,E5,10+ years,MORTGAGE,78000.0,Not Verified,debt_consolidation,PA,25.34,1.0,695.0,699.0,0.0,92.1,31.0,Individual,5,High Risk,Manual Review
15299261,20825.0, 60 months,21.18,E,E3,5 years,RENT,55000.0,Verified,small_business,TX,30.37,0.0,695.0,699.0,1.0,33.6,48.0,Individual,5,High Risk,Manual Review
13166536,10950.0, 60 months,19.99,E,E1,1 year,RENT,25000.0,Source Verified,debt_consolidation,RI,32.31,0.0,700.0,704.0,2.0,11.8,14.0,Individual,5,High Risk,Manual Review
15731206,3300.0, 36 months,24.5,F,F3,7 years,RENT,20000.0,Not Verified,moving,FL,30.19,0.0,665.0,669.0,0.0,36.7,6.0,Individual,5,High Risk,Manual Review
15340340,12000.0, 60 months,18.25,D,D3,,RENT,48000.0,Verified,debt_consolidation,FL,34.43,2.0,670.0,674.0,1.0,89.7,25.0,Individual,5,High Risk,Manual Review
15501522,25000.0, 60 months,20.49,E,E2,,MORTGAGE,75000.0,Not Verified,debt_consolidation,GA,30.92,2.0,670.0,674.0,2.0,77.5,19.0,Individual,6,High Risk,Manual Review
15670635,33000.0, 60 months,24.08,F,F2,10+ years,RENT,110000.0,Verified,debt_consolidation,CA,6.14,1.0,680.0,684.0,0.0,96.5,11.0,Individual,5,High Risk,Manual Review
15521413,22000.0, 60 months,20.49,E,E2,9 years,RENT,55000.0,Source Verified,major_purchase,CA,16.45,4.0,670.0,674.0,0.0,85.0,22.0,Individual,5,High Risk,Manual Review
15651386,5200.0, 36 months,15.61,C,C5,10+ years,MORTGAGE,72000.0,Verified,car,OK,34.35,2.0,660.0,664.0,1.0,80.5,38.0,Individual,5,High Risk,Manual Review
15631440,11975.0, 60 months,25.89,G,G3,< 1 year,RENT,40000.0,Verified,debt_consolidation,NC,31.75,0.0,660.0,664.0,1.0,93.3,31.0,Individual,6,High Risk,Manual Review
15751167,13475.0, 60 months,21.99,E,E4,5 years,MORTGAGE,62000.0,Verified,debt_consolidation,IN,30.18,0.0,675.0,679.0,0.0,98.6,19.0,Individual,6,High Risk,Manual Review
15641301,22000.0, 60 months,19.99,E,E1,8 years,MORTGAGE,55000.0,Source Verified,debt_consolidation,SC,31.97,1.0,685.0,689.0,0.0,63.4,34.0,Individual,6,High Risk,Manual Review
15671371,11850.0, 60 months,20.49,E,E2,10+ years,RENT,74000.0,Source Verified,debt_consolidation,OH,31.04,0.0,665.0,669.0,2.0,47.4,38.0,Individual,5,High Risk,Manual Review
14928965,10200.0, 60 months,24.99,F,F4,1 year,RENT,41000.0,Source Verified,debt_consolidation,NY,31.06,1.0,665.0,669.0,0.0,39.9,30.0,Individual,6,High Risk,Manual Review
15250259,13000.0, 36 months,16.59,D,D1,10+ years,MORTGAGE,58000.0,Not Verified,debt_consolidation,TX,31.41,1.0,670.0,674.0,2.0,89.5,37.0,Individual,5,High Risk,Manual Review
15531234,35000.0, 60 months,21.18,E,E3,8 years,MORTGAGE,130000.0,Verified,debt_consolidation,NC,13.34,1.0,670.0,674.0,0.0,102.6,20.0,Individual,5,High Risk,Manual Review
15611142,16550.0, 60 months,20.49,E,E2,10+ years,MORTGAGE,65000.0,Verified,debt_consolidation,CA,26.0,1.0,685.0,689.0,1.0,88.4,16.0,Individual,5,High Risk,Manual Review
15561134,18000.0, 60 months,21.18,E,E3,9 years,RENT,56000.0,Source Verified,debt_consolidation,DC,23.9,3.0,675.0,679.0,1.0,84.9,35.0,Individual,5,High Risk,Manual Review
15521098,10000.0, 60 months,17.57,D,D2,10+ years,RENT,41000.0,Source Verified,debt_consolidation,DE,34.28,1.0,665.0,669.0,0.0,97.9,20.0,Individual,5,High Risk,Manual Review
15290398,18000.0, 60 months,24.99,F,F4,10+ years,MORTGAGE,50000.0,Source Verified,debt_consolidation,MN,30.82,0.0,695.0,699.0,0.0,96.0,13.0,Individual,6,High Risk,Manual Review
15661011,8000.0, 36 months,19.99,E,E1,10+ years,RENT,103000.0,Source Verified,debt_consolidation,LA,20.05,1.0,685.0,689.0,2.0,95.7,18.0,Individual,5,High Risk,Manual Review
15250789,17625.0, 60 months,22.45,E,E5,7 years,RENT,50000.0,Source Verified,debt_consolidation,FL,31.13,0.0,685.0,689.0,2.0,64.4,49.0,Individual,5,High Risk,Manual Review
15310268,32950.0, 60 months,23.43,F,F1,10+ years,MORTGAGE,90000.0,Verified,debt_consolidation,TX,30.89,0.0,670.0,674.0,0.0,94.2,22.0,Individual,6,High Risk,Manual Review
15670864,30000.0, 60 months,21.18,E,E3,10+ years,RENT,110000.0,Verified,debt_consolidation,TX,30.34,0.0,705.0,709.0,0.0,96.0,26.0,Individual,6,High Risk,Manual Review
15700783,11000.0, 36 months,15.61,C,C5,10+ years,MORTGAGE,88000.0,Source Verified,debt_consolidation,MO,31.61,2.0,660.0,664.0,0.0,85.3,42.0,Individual,5,High Risk,Manual Review
15600774,8000.0, 36 months,21.18,E,E3,,MORTGAGE,34700.0,Verified,debt_consolidation,LA,33.28,1.0,680.0,684.0,0.0,48.2,9.0,Individual,6,High Risk,Manual Review
15640794,28100.0, 60 months,25.89,G,G3,,RENT,74000.0,Verified,debt_consolidation,IL,14.24,1.0,675.0,679.0,0.0,99.3,16.0,Individual,5,High Risk,Manual Review
15419349,6600.0, 36 months,20.49,E,E2,10+ years,MORTGAGE,28000.0,Not Verified,debt_consolidation,CO,10.42,1.0,670.0,674.0,0.0,94.8,13.0,Individual,5,High Risk,Manual Review
15270026,29000.0, 60 months,21.18,E,E3,9 years,MORTGAGE,70000.0,Not Verified,debt_consolidation,NM,31.0,0.0,680.0,684.0,0.0,92.3,27.0,Individual,6,High Risk,Manual Review
15370616,16000.0, 60 months,25.8,G,G1,10+ years,MORTGAGE,85000.0,Source Verified,debt_consolidation,RI,14.91,1.0,660.0,664.0,1.0,89.7,23.0,Individual,5,High Risk,Manual Review
15710655,3925.0, 36 months,20.49,E,E2,2 years,MORTGAGE,37400.0,Not Verified,home_improvement,GA,30.87,0.0,660.0,664.0,0.0,45.6,31.0,Individual,5,High Risk,Manual Review
15420882,24925.0, 60 months,24.5,F,F3,2 years,MORTGAGE,78000.0,Source Verified,debt_consolidation,NJ,30.89,0.0,670.0,674.0,3.0,61.8,35.0,Individual,5,High Risk,Manual Review
12596979,29850.0, 60 months,19.99,E,E1,10+ years,RENT,95000.0,Verified,debt_consolidation,PA,25.18,1.0,680.0,684.0,0.0,98.6,33.0,Individual,5,High Risk,Manual Review
15280002,7000.0, 36 months,16.59,D,D1,10+ years,MORTGAGE,31000.0,Verified,debt_consolidation,TN,34.03,3.0,660.0,664.0,0.0,90.0,51.0,Individual,5,High Risk,Manual Review
15670683,24000.0, 60 months,19.99,E,E1,10+ years,RENT,79000.0,Source Verified,debt_consolidation,KY,31.23,1.0,690.0,694.0,4.0,61.3,34.0,Individual,6,High Risk,Manual Review
15550631,32750.0, 60 months,19.99,E,E1,7 years,OWN,108000.0,Verified,debt_consolidation,CA,31.71,0.0,695.0,699.0,0.0,76.1,41.0,Individual,5,High Risk,Manual Review
12795978,29175.0, 60 months,21.99,E,E4,7 years,MORTGAGE,82000.0,Verified,credit_card,GA,30.42,0.0,690.0,694.0,0.0,95.3,32.0,Individual,6,High Risk,Manual Review
12975576,4100.0, 36 months,24.99,F,F4,8 years,RENT,23000.0,Verified,other,NJ,29.44,1.0,660.0,664.0,0.0,85.5,25.0,Individual,5,High Risk,Manual Review
15550452,35000.0, 60 months,19.99,E,E1,10+ years,MORTGAGE,89024.0,Verified,debt_consolidation,IL,31.1,0.0,725.0,729.0,0.0,83.9,33.0,Individual,6,High Risk,Manual Review
15570406,29700.0, 60 months,20.49,E,E2,10+ years,MORTGAGE,62000.0,Not Verified,credit_card,WI,31.75,0.0,705.0,709.0,0.0,81.3,33.0,Individual,6,High Risk,Manual Review
15461171,34625.0, 60 months,25.89,G,G3,< 1 year,MORTGAGE,105000.0,Verified,debt_consolidation,CT,15.85,3.0,665.0,669.0,1.0,91.6,44.0,Individual,5,High Risk,Manual Review
15249363,11450.0, 60 months,22.45,E,E5,2 years,RENT,32000.0,Verified,debt_consolidation,TX,32.75,0.0,670.0,674.0,0.0,76.4,13.0,Individual,5,High Risk,Manual Review
14739035,6000.0, 36 months,25.57,F,F5,10+ years,MORTGAGE,110000.0,Not Verified,other,OH,31.21,1.0,675.0,679.0,0.0,86.7,34.0,Individual,7,High Risk,Manual Review
15710325,27300.0, 60 months,24.08,F,F2,10+ years,MORTGAGE,65000.0,Not Verified,debt_consolidation,TX,30.97,0.0,680.0,684.0,1.0,88.4,23.0,Individual,6,High Risk,Manual Review
15630289,10000.0, 60 months,24.08,F,F2,10+ years,MORTGAGE,75000.0,Source Verified,other,TX,31.63,2.0,660.0,664.0,0.0,73.9,28.0,Individual,6,High Risk,Manual Review
15630175,30000.0, 60 months,19.99,E,E1,10+ years,MORTGAGE,86000.0,Verified,debt_consolidation,IL,15.59,1.0,675.0,679.0,1.0,86.8,21.0,Individual,5,High Risk,Manual Review
12936308,28500.0, 60 months,22.45,E,E5,9 years,MORTGAGE,65000.0,Not Verified,credit_card,AR,32.29,0.0,705.0,709.0,1.0,70.9,40.0,Individual,5,High Risk,Manual Review
15560154,22000.0, 60 months,25.8,G,G1,10+ years,MORTGAGE,50000.0,Verified,home_improvement,IL,33.63,1.0,680.0,684.0,4.0,69.2,40.0,Individual,6,High Risk,Manual Review
15289373,35000.0, 36 months,21.99,E,E4,2 years,MORTGAGE,147000.0,Verified,debt_consolidation,CA,8.38,4.0,660.0,664.0,0.0,89.0,27.0,Individual,5,High Risk,Manual Review
15310512,11125.0, 36 months,24.5,F,F3,10+ years,MORTGAGE,53000.0,Verified,debt_consolidation,MO,15.53,1.0,675.0,679.0,3.0,82.2,15.0,Individual,5,High Risk,Manual Review
15549974,24000.0, 60 months,21.18,E,E3,10+ years,MORTGAGE,67708.42,Not Verified,debt_consolidation,TN,34.6,0.0,685.0,689.0,1.0,84.0,27.0,Individual,6,High Risk,Manual Review
15509926,20000.0, 36 months,18.25,D,D3,2 years,MORTGAGE,60000.0,Source Verified,home_improvement,WA,31.86,1.0,675.0,679.0,0.0,89.2,13.0,Individual,5,High Risk,Manual Review
15699882,16175.0, 60 months,21.99,E,E4,2 years,MORTGAGE,45000.0,Not Verified,credit_card,FL,26.24,1.0,670.0,674.0,1.0,95.1,25.0,Individual,5,High Risk,Manual Review
15579877,15000.0, 60 months,19.99,E,E1,4 years,MORTGAGE,70000.0,Verified,debt_consolidation,TN,18.46,3.0,660.0,664.0,2.0,82.0,22.0,Individual,5,High Risk,Manual Review
15579852,29000.0, 60 months,21.18,E,E3,2 years,MORTGAGE,90000.0,Verified,debt_consolidation,OH,30.18,0.0,680.0,684.0,4.0,52.9,23.0,Individual,5,High Risk,Manual Review
15159257,7100.0, 36 months,16.59,D,D1,< 1 year,RENT,27040.0,Source Verified,debt_consolidation,MD,30.32,2.0,660.0,664.0,0.0,90.7,40.0,Individual,5,High Risk,Manual Review
15441194,22675.0, 36 months,19.99,E,E1,10+ years,MORTGAGE,80000.0,Source Verified,debt_consolidation,LA,23.37,1.0,665.0,669.0,1.0,95.4,34.0,Individual,5,High Risk,Manual Review
15421145,3500.0, 36 months,19.99,E,E1,10+ years,MORTGAGE,38000.0,Not Verified,credit_card,OH,33.94,1.0,715.0,719.0,0.0,46.6,44.0,Individual,6,High Risk,Manual Review
14337842,10000.0, 36 months,20.49,E,E2,10+ years,RENT,40000.0,Source Verified,debt_consolidation,FL,32.95,1.0,665.0,669.0,0.0,69.8,26.0,Individual,6,High Risk,Manual Review
15251114,16400.0, 36 months,19.99,E,E1,5 years,OWN,41083.0,Source Verified,credit_card,MD,33.68,0.0,685.0,689.0,3.0,60.4,15.0,Individual,5,High Risk,Manual Review
15471062,35000.0, 60 months,21.18,E,E3,2 years,OWN,115000.0,Verified,debt_consolidation,GA,30.33,3.0,710.0,714.0,2.0,58.1,59.0,Individual,6,High Risk,Manual Review
15390284,27075.0, 60 months,21.18,E,E3,< 1 year,RENT,75000.0,Verified,debt_consolidation,CA,31.65,2.0,665.0,669.0,0.0,90.3,32.0,Individual,7,High Risk,Manual Review
15401030,28875.0, 60 months,20.49,E,E2,8 years,RENT,69000.0,Source Verified,debt_consolidation,HI,33.12,0.0,700.0,704.0,0.0,56.7,23.0,Individual,5,High Risk,Manual Review
15341147,22375.0, 60 months,21.18,E,E3,5 years,MORTGAGE,56000.0,Source Verified,debt_consolidation,KS,30.82,0.0,670.0,674.0,0.0,73.8,32.0,Individual,5,High Risk,Manual Review
15450374,31450.0, 60 months,23.43,F,F1,10+ years,OWN,75000.0,Verified,debt_consolidation,AL,30.35,0.0,730.0,734.0,0.0,98.3,11.0,Individual,6,High Risk,Manual Review
15421040,14075.0, 36 months,24.5,F,F3,2 years,RENT,101000.0,Verified,debt_consolidation,TN,10.47,1.0,665.0,669.0,1.0,89.1,13.0,Individual,5,High Risk,Manual Review
15420786,13475.0, 60 months,19.99,E,E1,8 years,MORTGAGE,89000.0,Not Verified,debt_consolidation,NY,30.65,0.0,695.0,699.0,1.0,75.0,37.0,Individual,5,High Risk,Manual Review
15251077,26375.0, 60 months,21.99,E,E4,1 year,MORTGAGE,60000.0,Not Verified,debt_consolidation,FL,34.8,0.0,690.0,694.0,1.0,56.7,31.0,Individual,5,High Risk,Manual Review
14460114,13200.0, 60 months,19.99,E,E1,10+ years,MORTGAGE,80000.0,Source Verified,debt_consolidation,CA,23.37,1.0,690.0,694.0,1.0,82.2,29.0,Individual,5,High Risk,Manual Review
15411007,11700.0, 60 months,25.99,G,G4,10+ years,MORTGAGE,80000.0,Verified,debt_consolidation,WA,23.57,1.0,670.0,674.0,1.0,96.3,44.0,Individual,5,High Risk,Manual Review
15380949,30000.0, 60 months,23.43,F,F1,10+ years,MORTGAGE,160000.0,Verified,debt_consolidation,OH,30.89,1.0,695.0,699.0,0.0,90.2,46.0,Individual,7,High Risk,Manual Review
15280332,34350.0, 60 months,25.8,G,G1,4 years,RENT,186000.0,Verified,debt_consolidation,TN,8.58,1.0,660.0,664.0,3.0,84.1,12.0,Individual,5,High Risk,Manual Review
15290983,19600.0, 60 months,23.43,F,F1,6 years,RENT,49085.0,Source Verified,debt_consolidation,TX,33.35,0.0,685.0,689.0,1.0,83.7,31.0,Individual,6,High Risk,Manual Review
15290015,16500.0, 60 months,24.5,F,F3,3 years,RENT,53000.0,Source Verified,debt_consolidation,NJ,30.46,0.0,670.0,674.0,1.0,61.7,14.0,Individual,5,High Risk,Manual Review
15109070,11550.0, 60 months,21.99,E,E4,10+ years,MORTGAGE,34000.0,Source Verified,credit_card,IN,34.38,0.0,665.0,669.0,3.0,63.5,30.0,Individual,5,High Risk,Manual Review
15440792,19500.0, 36 months,19.99,E,E1,6 years,RENT,65000.0,Source Verified,debt_consolidation,TX,30.99,0.0,665.0,669.0,1.0,58.6,26.0,Individual,5,High Risk,Manual Review
15489942,31500.0, 60 months,22.45,E,E5,9 years,MORTGAGE,77000.0,Verified,home_improvement,AL,33.23,0.0,705.0,709.0,2.0,69.0,37.0,Individual,5,High Risk,Manual Review
15290865,1500.0, 36 months,19.99,E,E1,< 1 year,RENT,12000.0,Not Verified,other,NC,31.3,0.0,675.0,679.0,2.0,35.9,34.0,Individual,5,High Risk,Manual Review
15290868,32950.0, 60 months,20.49,E,E2,5 years,MORTGAGE,75000.0,Verified,credit_card,TX,31.71,0.0,670.0,674.0,0.0,66.2,35.0,Individual,5,High Risk,Manual Review
14529134,10000.0, 60 months,21.99,E,E4,10+ years,MORTGAGE,90000.0,Verified,debt_consolidation,NY,13.44,1.0,695.0,699.0,2.0,85.5,30.0,Individual,5,High Risk,Manual Review
15420747,22500.0, 60 months,25.8,G,G1,10+ years,MORTGAGE,100000.0,Verified,debt_consolidation,MO,25.83,1.0,665.0,669.0,3.0,91.8,20.0,Individual,5,High Risk,Manual Review
15299513,30000.0, 60 months,19.99,E,E1,10+ years,MORTGAGE,82000.0,Verified,debt_consolidation,TX,31.03,0.0,715.0,719.0,0.0,63.0,28.0,Individual,5,High Risk,Manual Review
15300455,12000.0, 60 months,21.99,E,E4,10+ years,RENT,65000.0,Source Verified,debt_consolidation,AK,33.01,1.0,665.0,669.0,1.0,45.9,33.0,Individual,6,High Risk,Manual Review
15310626,22000.0, 60 months,21.99,E,E4,10+ years,RENT,73000.0,Verified,debt_consolidation,CA,34.91,0.0,665.0,669.0,0.0,52.8,37.0,Individual,5,High Risk,Manual Review
14758968,14700.0, 60 months,20.49,E,E2,2 years,MORTGAGE,35000.0,Source Verified,credit_card,AR,30.59,0.0,675.0,679.0,1.0,39.7,16.0,Individual,5,High Risk,Manual Review
15330481,4400.0, 36 months,21.99,E,E4,10+ years,OWN,53000.0,Verified,debt_consolidation,MI,30.14,0.0,685.0,689.0,0.0,75.8,33.0,Individual,5,High Risk,Manual Review
15280164,30750.0, 60 months,21.18,E,E3,7 years,RENT,70000.0,Verified,debt_consolidation,NY,30.94,0.0,690.0,694.0,0.0,71.3,37.0,Individual,5,High Risk,Manual Review
15250428,12600.0, 60 months,24.08,F,F2,2 years,RENT,35000.0,Source Verified,debt_consolidation,CA,32.28,2.0,670.0,674.0,1.0,63.9,18.0,Individual,6,High Risk,Manual Review
15480346,3500.0, 36 months,19.99,E,E1,,MORTGAGE,95200.0,Source Verified,credit_card,CO,21.67,1.0,660.0,664.0,0.0,80.6,33.0,Individual,5,High Risk,Manual Review
15360370,15700.0, 60 months,22.45,E,E5,10+ years,RENT,40102.0,Source Verified,other,TX,33.16,0.0,740.0,744.0,1.0,25.5,32.0,Individual,5,High Risk,Manual Review
15480271,14375.0, 60 months,21.99,E,E4,3 years,OWN,40000.0,Source Verified,debt_consolidation,CT,32.4,0.0,665.0,669.0,0.0,57.1,25.0,Individual,5,High Risk,Manual Review
15470343,11950.0, 60 months,22.45,E,E5,8 years,RENT,50000.0,Source Verified,credit_card,CA,31.71,0.0,690.0,694.0,1.0,59.0,13.0,Individual,5,High Risk,Manual Review
15350326,11000.0, 60 months,21.99,E,E4,10+ years,MORTGAGE,51000.0,Not Verified,debt_consolidation,UT,32.8,1.0,665.0,669.0,0.0,85.9,23.0,Individual,7,High Risk,Manual Review
14619462,21000.0, 60 months,22.45,E,E5,10+ years,MORTGAGE,130000.0,Verified,debt_consolidation,NY,30.22,0.0,690.0,694.0,2.0,61.6,50.0,Individual,5,High Risk,Manual Review
15420118,9525.0, 36 months,19.99,E,E1,3 years,MORTGAGE,45000.0,Source Verified,debt_consolidation,FL,31.65,1.0,665.0,669.0,1.0,50.7,23.0,Individual,6,High Risk,Manual Review
15490152,15625.0, 60 months,23.43,F,F1,4 years,RENT,43502.0,Source Verified,debt_consolidation,TX,32.8,0.0,665.0,669.0,1.0,96.3,8.0,Individual,6,High Risk,Manual Review
15419884,29750.0, 60 months,19.99,E,E1,7 years,MORTGAGE,110000.0,Not Verified,debt_consolidation,CA,13.25,1.0,665.0,669.0,0.0,101.8,25.0,Individual,5,High Risk,Manual Review
15339807,16225.0, 60 months,25.8,G,G1,2 years,OWN,84924.0,Verified,debt_consolidation,MO,34.59,0.0,665.0,669.0,1.0,58.0,26.0,Individual,5,High Risk,Manual Review
14550078,32100.0, 60 months,20.49,E,E2,10+ years,MORTGAGE,70000.0,Verified,debt_consolidation,VA,32.44,0.0,725.0,729.0,0.0,75.2,37.0,Individual,5,High Risk,Manual Review
14610873,15400.0, 60 months,19.99,E,E1,2 years,MORTGAGE,62000.0,Not Verified,debt_consolidation,TX,34.63,0.0,680.0,684.0,0.0,64.3,54.0,Individual,5,High Risk,Manual Review
14788815,19750.0, 60 months,21.99,E,E4,7 years,MORTGAGE,55000.0,Not Verified,debt_consolidation,TX,23.5,1.0,665.0,669.0,0.0,95.0,10.0,Individual,5,High Risk,Manual Review
15489822,19750.0, 60 months,22.45,E,E5,10+ years,MORTGAGE,64124.0,Source Verified,debt_consolidation,FL,32.53,0.0,670.0,674.0,2.0,51.8,42.0,Individual,5,High Risk,Manual Review
14799084,18900.0, 60 months,22.45,E,E5,,MORTGAGE,42000.0,Verified,debt_consolidation,MI,31.6,0.0,660.0,664.0,2.0,40.0,16.0,Individual,5,High Risk,Manual Review
15320001,22000.0, 60 months,19.99,E,E1,5 years,MORTGAGE,50000.0,Source Verified,debt_consolidation,TX,31.45,0.0,700.0,704.0,1.0,56.8,34.0,Individual,5,High Risk,Manual Review
12347036,14950.0, 60 months,24.99,F,F4,3 years,OWN,64000.0,Source Verified,home_improvement,NC,20.68,3.0,670.0,674.0,5.0,85.0,25.0,Individual,5,High Risk,Manual Review
15439815,12800.0, 60 months,19.99,E,E1,1 year,RENT,39000.0,Verified,credit_card,WI,32.31,2.0,680.0,684.0,5.0,27.9,27.0,Individual,6,High Risk,Manual Review
15309790,10675.0, 60 months,23.43,F,F1,5 years,OWN,37000.0,Verified,debt_consolidation,CA,32.4,0.0,665.0,669.0,1.0,40.0,11.0,Individual,5,High Risk,Manual Review
15279684,14000.0, 60 months,20.49,E,E2,5 years,MORTGAGE,45000.0,Source Verified,credit_card,NY,11.67,2.0,660.0,664.0,1.0,81.4,13.0,Individual,5,High Risk,Manual Review
14539444,22950.0, 60 months,23.43,F,F1,10+ years,MORTGAGE,62000.0,Not Verified,debt_consolidation,NC,33.06,2.0,700.0,704.0,1.0,65.9,30.0,Individual,6,High Risk,Manual Review
15249728,19500.0, 60 months,21.18,E,E3,10+ years,RENT,78000.0,Verified,credit_card,CA,30.83,0.0,695.0,699.0,3.0,54.7,47.0,Individual,5,High Risk,Manual Review
14628419,10200.0, 60 months,25.83,G,G2,,RENT,34300.0,Verified,debt_consolidation,GA,27.43,1.0,665.0,669.0,0.0,94.1,23.0,Individual,5,High Risk,Manual Review
14638971,13275.0, 60 months,21.18,E,E3,10+ years,RENT,37000.0,Source Verified,debt_consolidation,CA,30.17,0.0,695.0,699.0,0.0,59.9,30.0,Individual,5,High Risk,Manual Review
15479683,24700.0, 60 months,19.99,E,E1,10+ years,MORTGAGE,75000.0,Source Verified,credit_card,TX,30.37,0.0,680.0,684.0,2.0,67.4,44.0,Individual,5,High Risk,Manual Review
14939039,12000.0, 36 months,20.49,E,E2,4 years,RENT,75000.0,Source Verified,vacation,CA,26.88,2.0,670.0,674.0,1.0,96.3,28.0,Individual,5,High Risk,Manual Review
15199122,9750.0, 36 months,20.49,E,E2,10+ years,MORTGAGE,27300.0,Source Verified,debt_consolidation,OK,30.68,0.0,675.0,679.0,0.0,69.7,14.0,Individual,5,High Risk,Manual Review
15399596,30000.0, 60 months,21.18,E,E3,10+ years,MORTGAGE,85000.0,Verified,debt_consolidation,MS,33.76,0.0,685.0,689.0,1.0,89.6,34.0,Individual,6,High Risk,Manual Review
15349585,35000.0, 36 months,22.45,E,E5,4 years,RENT,200000.0,Source Verified,small_business,CA,13.42,1.0,680.0,684.0,1.0,92.3,19.0,Individual,5,High Risk,Manual Review
15459565,19950.0, 60 months,21.99,E,E4,6 years,MORTGAGE,50000.0,Source Verified,debt_consolidation,NV,31.61,0.0,680.0,684.0,0.0,73.8,17.0,Individual,5,High Risk,Manual Review
14620526,2000.0, 36 months,24.99,F,F4,8 years,RENT,31000.0,Not Verified,vacation,UT,34.26,0.0,670.0,674.0,1.0,87.8,14.0,Individual,6,High Risk,Manual Review
15359585,21750.0, 60 months,19.99,E,E1,10+ years,MORTGAGE,70000.0,Not Verified,debt_consolidation,FL,19.27,1.0,685.0,689.0,2.0,89.9,26.0,Individual,5,High Risk,Manual Review
15369557,15750.0, 60 months,24.99,F,F4,2 years,RENT,44000.0,Source Verified,other,PA,30.36,4.0,660.0,664.0,3.0,40.5,23.0,Individual,6,High Risk,Manual Review
15439468,20000.0, 60 months,21.18,E,E3,,MORTGAGE,60000.0,Verified,credit_card,CA,25.78,2.0,665.0,669.0,1.0,93.0,30.0,Individual,5,High Risk,Manual Review
15389419,22000.0, 60 months,21.18,E,E3,< 1 year,MORTGAGE,69000.0,Not Verified,debt_consolidation,TX,30.26,1.0,670.0,674.0,0.0,92.4,20.0,Individual,7,High Risk,Manual Review
15479426,35000.0, 60 months,21.18,E,E3,6 years,MORTGAGE,125000.0,Verified,other,NH,17.72,1.0,690.0,694.0,1.0,82.2,46.0,Individual,5,High Risk,Manual Review
15439365,25000.0, 60 months,20.49,E,E2,10+ years,RENT,57000.0,Source Verified,credit_card,LA,14.53,1.0,670.0,674.0,0.0,94.9,23.0,Individual,5,High Risk,Manual Review
13456822,11775.0, 36 months,19.99,E,E1,8 years,RENT,37000.0,Source Verified,credit_card,NY,31.17,0.0,675.0,679.0,0.0,98.6,11.0,Individual,6,High Risk,Manual Review
15479309,33000.0, 36 months,15.31,C,C4,10+ years,MORTGAGE,100500.0,Verified,credit_card,TX,33.39,1.0,665.0,669.0,0.0,81.1,48.0,Individual,5,High Risk,Manual Review
15359306,18000.0, 60 months,24.08,F,F2,10+ years,RENT,50000.0,Source Verified,debt_consolidation,CA,32.55,0.0,660.0,664.0,1.0,84.8,24.0,Individual,6,High Risk,Manual Review
10716644,16025.0, 60 months,20.49,E,E2,3 years,RENT,38400.0,Verified,debt_consolidation,VT,32.28,0.0,685.0,689.0,2.0,83.8,25.0,Individual,6,High Risk,Manual Review
15189372,24775.0, 60 months,21.18,E,E3,3 years,MORTGAGE,85000.0,Not Verified,debt_consolidation,OH,24.11,1.0,665.0,669.0,2.0,90.1,23.0,Individual,5,High Risk,Manual Review
15099350,21600.0, 60 months,24.08,F,F2,7 years,MORTGAGE,100000.0,Verified,debt_consolidation,CO,15.18,1.0,695.0,699.0,0.0,83.4,19.0,Individual,5,High Risk,Manual Review
15049138,21000.0, 60 months,19.99,E,E1,2 years,RENT,65000.0,Source Verified,credit_card,CA,30.95,0.0,670.0,674.0,0.0,75.1,24.0,Individual,5,High Risk,Manual Review
15009380,9325.0, 36 months,19.99,E,E1,,MORTGAGE,26000.0,Verified,debt_consolidation,KS,33.66,0.0,690.0,694.0,3.0,77.4,7.0,Individual,5,High Risk,Manual Review
14989365,7200.0, 36 months,22.45,E,E5,,RENT,26000.0,Verified,other,MI,34.58,0.0,685.0,689.0,0.0,101.0,13.0,Individual,6,High Risk,Manual Review
14849073,10975.0, 36 months,19.99,E,E1,5 years,RENT,32000.0,Source Verified,debt_consolidation,GA,16.92,1.0,660.0,664.0,1.0,88.6,24.0,Individual,5,High Risk,Manual Review
15149308,4750.0, 36 months,20.49,E,E2,2 years,MORTGAGE,143000.0,Not Verified,debt_consolidation,MI,8.75,3.0,665.0,669.0,5.0,95.8,11.0,Individual,5,High Risk,Manual Review
14979169,13200.0, 60 months,24.5,F,F3,6 years,MORTGAGE,78000.0,Verified,medical,CA,23.57,3.0,685.0,689.0,4.0,99.6,26.0,Individual,5,High Risk,Manual Review
15019250,13625.0, 60 months,21.99,E,E4,10+ years,RENT,36000.0,Source Verified,moving,DC,31.13,0.0,725.0,729.0,1.0,47.0,35.0,Individual,5,High Risk,Manual Review
13067854,25650.0, 60 months,21.99,E,E4,1 year,MORTGAGE,65000.0,Verified,debt_consolidation,WI,34.56,0.0,675.0,679.0,0.0,87.6,40.0,Individual,6,High Risk,Manual Review
15219263,26000.0, 60 months,19.99,E,E1,10+ years,MORTGAGE,80000.0,Not Verified,debt_consolidation,CA,31.3,0.0,665.0,669.0,0.0,80.4,24.0,Individual,6,High Risk,Manual Review
15029217,13150.0, 36 months,21.18,E,E3,10+ years,MORTGAGE,76400.0,Source Verified,debt_consolidation,GA,11.07,1.0,670.0,674.0,1.0,81.6,26.0,Individual,5,High Risk,Manual Review
14799139,2800.0, 36 months,19.99,E,E1,4 years,RENT,34700.0,Verified,moving,GA,32.83,0.0,685.0,689.0,0.0,42.9,22.0,Individual,5,High Risk,Manual Review
14478991,25000.0, 60 months,21.18,E,E3,,RENT,70000.0,Verified,debt_consolidation,CA,32.54,1.0,705.0,709.0,0.0,68.9,34.0,Individual,6,High Risk,Manual Review
14909277,13850.0, 60 months,24.08,F,F2,3 years,RENT,33000.0,Source Verified,credit_card,MN,30.02,0.0,700.0,704.0,2.0,40.6,12.0,Individual,5,High Risk,Manual Review
14829011,15000.0, 60 months,21.18,E,E3,5 years,MORTGAGE,46800.0,Verified,debt_consolidation,NC,33.26,1.0,665.0,669.0,0.0,97.7,16.0,Individual,7,High Risk,Manual Review
14648914,24250.0, 60 months,21.18,E,E3,9 years,MORTGAGE,58000.0,Source Verified,debt_consolidation,IL,30.4,0.0,720.0,724.0,0.0,64.6,37.0,Individual,5,High Risk,Manual Review
14638550,25000.0, 60 months,20.49,E,E2,10+ years,MORTGAGE,127000.0,Source Verified,debt_consolidation,OH,17.54,1.0,685.0,689.0,2.0,84.5,26.0,Individual,5,High Risk,Manual Review
13247841,24800.0, 60 months,20.49,E,E2,10+ years,MORTGAGE,54000.0,Verified,home_improvement,NY,4.64,1.0,670.0,674.0,0.0,89.7,19.0,Individual,5,High Risk,Manual Review
14839202,11600.0, 60 months,22.45,E,E5,3 years,OWN,29000.0,Source Verified,debt_consolidation,CA,32.97,0.0,700.0,704.0,1.0,95.8,9.0,Individual,6,High Risk,Manual Review
14889135,24925.0, 60 months,23.43,F,F1,10+ years,MORTGAGE,78000.0,Verified,debt_consolidation,IL,32.32,0.0,670.0,674.0,4.0,73.8,24.0,Individual,5,High Risk,Manual Review
14759162,12000.0, 60 months,24.08,F,F2,2 years,RENT,42000.0,Source Verified,debt_consolidation,WA,18.69,1.0,660.0,664.0,0.0,93.6,12.0,Individual,5,High Risk,Manual Review
13848142,11400.0, 60 months,24.5,F,F3,7 years,MORTGAGE,50000.0,Not Verified,debt_consolidation,SC,12.84,1.0,660.0,664.0,0.0,84.8,11.0,Individual,5,High Risk,Manual Review
14879108,20275.0, 36 months,21.99,E,E4,< 1 year,MORTGAGE,442000.0,Source Verified,other,GA,13.86,2.0,660.0,664.0,2.0,95.0,28.0,Individual,5,High Risk,Manual Review
14889009,24000.0, 60 months,19.99,E,E1,10+ years,RENT,57200.0,Source Verified,debt_consolidation,NY,31.62,1.0,660.0,664.0,1.0,56.4,32.0,Individual,6,High Risk,Manual Review
14819172,3000.0, 36 months,19.99,E,E1,< 1 year,MORTGAGE,45000.0,Not Verified,home_improvement,CA,11.25,1.0,665.0,669.0,0.0,87.2,22.0,Individual,5,High Risk,Manual Review
14788897,20000.0, 60 months,21.18,E,E3,10+ years,MORTGAGE,76000.0,Not Verified,debt_consolidation,KS,31.49,0.0,660.0,664.0,2.0,54.1,62.0,Individual,5,High Risk,Manual Review
14918954,24950.0, 60 months,20.49,E,E2,10+ years,OWN,52000.0,Not Verified,credit_card,OH,31.36,0.0,690.0,694.0,0.0,76.8,26.0,Individual,5,High Risk,Manual Review
14859050,11700.0, 60 months,20.49,E,E2,10+ years,MORTGAGE,62000.0,Source Verified,debt_consolidation,MD,33.49,2.0,680.0,684.0,0.0,71.2,44.0,Individual,6,High Risk,Manual Review
14858955,22000.0, 60 months,16.59,D,D1,8 years,MORTGAGE,68000.0,Verified,debt_consolidation,GA,31.42,2.0,660.0,664.0,0.0,80.1,20.0,Individual,5,High Risk,Manual Review
14729062,3125.0, 36 months,21.18,E,E3,3 years,OWN,45000.0,Source Verified,other,TX,16.13,1.0,660.0,664.0,0.0,96.0,51.0,Individual,5,High Risk,Manual Review
14568541,18000.0, 60 months,23.43,F,F1,8 years,RENT,63000.0,Verified,small_business,CA,30.74,0.0,715.0,719.0,1.0,20.5,26.0,Individual,5,High Risk,Manual Review
14708697,27500.0, 60 months,20.49,E,E2,,RENT,65000.0,Verified,debt_consolidation,NY,31.63,0.0,665.0,669.0,1.0,73.1,32.0,Individual,5,High Risk,Manual Review
14650455,12500.0, 60 months,20.49,E,E2,8 years,MORTGAGE,102000.0,Verified,credit_card,MO,32.75,0.0,680.0,684.0,0.0,76.0,50.0,Individual,5,High Risk,Manual Review
14288329,25000.0, 60 months,21.99,E,E4,10+ years,MORTGAGE,86736.0,Not Verified,debt_consolidation,IL,17.82,1.0,680.0,684.0,0.0,93.5,38.0,Individual,5,High Risk,Manual Review
12468587,3600.0, 36 months,22.45,E,E5,10+ years,RENT,34122.0,Not Verified,debt_consolidation,RI,34.29,0.0,680.0,684.0,0.0,58.6,21.0,Individual,5,High Risk,Manual Review
14838817,20000.0, 60 months,21.99,E,E4,3 years,MORTGAGE,68000.0,Source Verified,debt_consolidation,CA,31.38,0.0,690.0,694.0,4.0,42.0,15.0,Individual,5,High Risk,Manual Review
14630895,15600.0, 60 months,19.99,E,E1,10+ years,RENT,115000.0,Not Verified,debt_consolidation,CA,32.23,0.0,680.0,684.0,4.0,53.9,56.0,Individual,5,High Risk,Manual Review
14580864,4750.0, 36 months,24.99,F,F4,2 years,RENT,16000.0,Source Verified,debt_consolidation,MD,33.08,0.0,670.0,674.0,2.0,62.7,6.0,Individual,5,High Risk,Manual Review
14600995,9100.0, 36 months,21.99,E,E4,9 years,MORTGAGE,78000.0,Not Verified,debt_consolidation,CA,32.74,0.0,710.0,714.0,1.0,84.5,26.0,Individual,6,High Risk,Manual Review
14550913,25725.0, 60 months,23.43,F,F1,6 years,MORTGAGE,61400.0,Not Verified,debt_consolidation,FL,20.6,1.0,680.0,684.0,0.0,98.5,26.0,Individual,5,High Risk,Manual Review
14530928,1500.0, 36 months,21.99,E,E4,4 years,MORTGAGE,46000.0,Not Verified,other,RI,33.08,0.0,660.0,664.0,2.0,90.0,16.0,Individual,6,High Risk,Manual Review
14470942,35000.0, 60 months,21.18,E,E3,10+ years,MORTGAGE,104000.0,Verified,debt_consolidation,DC,30.03,1.0,675.0,679.0,0.0,77.4,22.0,Individual,6,High Risk,Manual Review
14670798,25000.0, 60 months,24.5,F,F3,2 years,MORTGAGE,60000.0,Not Verified,debt_consolidation,MN,32.36,0.0,695.0,699.0,1.0,90.3,21.0,Individual,6,High Risk,Manual Review
14600586,11800.0, 60 months,23.43,F,F1,10+ years,MORTGAGE,56500.0,Not Verified,debt_consolidation,GA,33.75,0.0,685.0,689.0,0.0,50.7,28.0,Individual,5,High Risk,Manual Review
14510804,25000.0, 60 months,24.08,F,F2,10+ years,MORTGAGE,70000.0,Verified,other,MN,6.05,4.0,675.0,679.0,1.0,86.2,28.0,Individual,5,High Risk,Manual Review
14520865,26375.0, 60 months,23.43,F,F1,10+ years,MORTGAGE,60000.0,Source Verified,debt_consolidation,TX,31.9,0.0,680.0,684.0,0.0,95.0,30.0,Individual,6,High Risk,Manual Review
14520907,27300.0, 60 months,25.89,G,G3,,OWN,72000.0,Verified,debt_consolidation,GA,31.7,0.0,660.0,664.0,0.0,93.1,21.0,Individual,6,High Risk,Manual Review
14670709,34475.0, 36 months,19.99,E,E1,10+ years,OWN,75000.0,Verified,credit_card,IL,34.09,0.0,690.0,694.0,1.0,96.6,41.0,Individual,6,High Risk,Manual Review
14680823,17000.0, 60 months,19.99,E,E1,7 years,RENT,46000.0,Source Verified,debt_consolidation,MN,32.72,0.0,665.0,669.0,0.0,88.2,27.0,Individual,6,High Risk,Manual Review
14650715,10500.0, 36 months,22.45,E,E5,1 year,MORTGAGE,35000.0,Verified,small_business,CT,33.92,0.0,730.0,734.0,0.0,26.7,18.0,Individual,5,High Risk,Manual Review
14570616,19000.0, 60 months,23.43,F,F1,< 1 year,RENT,185000.0,Not Verified,debt_consolidation,CA,16.24,1.0,665.0,669.0,2.0,89.1,23.0,Individual,5,High Risk,Manual Review
13406950,35000.0, 60 months,21.18,E,E3,2 years,MORTGAGE,125000.0,Verified,debt_consolidation,NH,27.49,1.0,675.0,679.0,1.0,86.8,28.0,Individual,5,High Risk,Manual Review
14500688,20000.0, 60 months,21.18,E,E3,10+ years,MORTGAGE,62000.0,Verified,credit_card,CA,34.59,0.0,670.0,674.0,1.0,99.1,19.0,Individual,6,High Risk,Manual Review
14680601,22400.0, 60 months,24.99,F,F4,9 years,MORTGAGE,75000.0,Source Verified,debt_consolidation,CA,18.4,2.0,690.0,694.0,0.0,85.1,25.0,Individual,5,High Risk,Manual Review
14690562,18075.0, 60 months,19.99,E,E1,4 years,RENT,64069.0,Verified,debt_consolidation,CA,33.17,0.0,690.0,694.0,0.0,55.6,29.0,Individual,5,High Risk,Manual Review
14640557,22500.0, 60 months,19.99,E,E1,10+ years,MORTGAGE,80000.0,Not Verified,debt_consolidation,MD,25.59,1.0,675.0,679.0,0.0,82.6,34.0,Individual,5,High Risk,Manual Review
14590469,35000.0, 60 months,24.08,F,F2,2 years,MORTGAGE,77300.0,Verified,credit_card,MI,33.75,0.0,680.0,684.0,1.0,86.7,34.0,Individual,6,High Risk,Manual Review
14670541,21550.0, 60 months,24.5,F,F3,9 years,RENT,54000.0,Verified,debt_consolidation,NY,31.18,0.0,680.0,684.0,1.0,59.2,12.0,Individual,5,High Risk,Manual Review
13378223,11350.0, 60 months,21.18,E,E3,10+ years,MORTGAGE,54000.0,Not Verified,other,PA,31.22,0.0,685.0,689.0,0.0,59.3,37.0,Individual,5,High Risk,Manual Review
14480571,6925.0, 36 months,21.99,E,E4,8 years,MORTGAGE,81000.0,Not Verified,debt_consolidation,IN,32.95,2.0,705.0,709.0,2.0,33.1,35.0,Individual,6,High Risk,Manual Review
14680505,35000.0, 60 months,21.99,E,E4,,MORTGAGE,100000.0,Verified,debt_consolidation,CA,14.58,1.0,665.0,669.0,0.0,82.1,36.0,Individual,5,High Risk,Manual Review
14620403,29325.0, 60 months,24.08,F,F2,7 years,RENT,70000.0,Source Verified,debt_consolidation,CA,30.62,1.0,660.0,664.0,1.0,70.0,18.0,Individual,6,High Risk,Manual Review
14480418,20125.0, 36 months,22.45,E,E5,5 years,MORTGAGE,56000.0,Source Verified,debt_consolidation,TX,30.56,0.0,670.0,674.0,0.0,78.0,21.0,Individual,5,High Risk,Manual Review
14580298,27200.0, 60 months,23.43,F,F1,2 years,OWN,65000.0,Source Verified,debt_consolidation,SC,30.78,0.0,675.0,679.0,1.0,83.6,37.0,Individual,6,High Risk,Manual Review
14530231,16475.0, 60 months,21.99,E,E4,10+ years,MORTGAGE,40000.0,Verified,debt_consolidation,NC,31.62,1.0,670.0,674.0,0.0,48.0,31.0,Individual,6,High Risk,Manual Review
13216389,33700.0, 60 months,21.18,E,E3,10+ years,MORTGAGE,70404.0,Verified,credit_card,IL,31.07,0.0,720.0,724.0,0.0,68.7,19.0,Individual,5,High Risk,Manual Review
14700056,35000.0, 60 months,21.18,E,E3,7 years,MORTGAGE,110000.0,Verified,debt_consolidation,LA,25.37,2.0,675.0,679.0,3.0,89.0,32.0,Individual,5,High Risk,Manual Review
14600047,5600.0, 36 months,21.18,E,E3,9 years,RENT,40000.0,Source Verified,medical,WA,31.11,0.0,680.0,684.0,0.0,42.0,19.0,Individual,5,High Risk,Manual Review
14610178,8750.0, 36 months,20.49,E,E2,7 years,MORTGAGE,34071.0,Verified,debt_consolidation,NV,31.1,0.0,690.0,694.0,0.0,41.7,18.0,Individual,5,High Risk,Manual Review
14640044,20000.0, 60 months,20.49,E,E2,1 year,RENT,50000.0,Source Verified,credit_card,TN,30.99,4.0,665.0,669.0,2.0,85.2,27.0,Individual,7,High Risk,Manual Review
14640090,25000.0, 60 months,21.99,E,E4,4 years,MORTGAGE,65000.0,Source Verified,credit_card,AZ,31.04,0.0,675.0,679.0,1.0,73.6,33.0,Individual,5,High Risk,Manual Review
14560002,19900.0, 60 months,21.99,E,E4,1 year,MORTGAGE,120000.0,Source Verified,debt_consolidation,CA,17.22,1.0,660.0,664.0,3.0,85.0,37.0,Individual,5,High Risk,Manual Review
14510082,22000.0, 60 months,20.49,E,E2,10+ years,MORTGAGE,55000.0,Not Verified,debt_consolidation,OH,33.28,1.0,690.0,694.0,1.0,55.2,39.0,Individual,6,High Risk,Manual Review
14479717,18000.0, 60 months,21.99,E,E4,< 1 year,OWN,50000.0,Source Verified,debt_consolidation,FL,33.85,0.0,665.0,669.0,1.0,62.2,18.0,Individual,5,High Risk,Manual Review
14470051,13000.0, 60 months,19.99,E,E1,5 years,RENT,37000.0,Not Verified,debt_consolidation,MS,30.53,0.0,680.0,684.0,0.0,56.9,42.0,Individual,5,High Risk,Manual Review
13286721,35000.0, 60 months,21.99,E,E4,1 year,MORTGAGE,115000.0,Verified,debt_consolidation,MD,33.1,0.0,680.0,684.0,1.0,91.2,28.0,Individual,6,High Risk,Manual Review
14670009,2350.0, 36 months,19.99,E,E1,,RENT,13824.0,Verified,vacation,OR,34.38,0.0,660.0,664.0,1.0,87.3,9.0,Individual,6,High Risk,Manual Review
14670034,29450.0, 60 months,21.18,E,E3,10+ years,RENT,67000.0,Source Verified,debt_consolidation,WA,32.49,0.0,670.0,674.0,0.0,78.3,63.0,Individual,5,High Risk,Manual Review
14639960,8975.0, 36 months,19.99,E,E1,6 years,RENT,120000.0,Source Verified,debt_consolidation,TX,15.44,1.0,660.0,664.0,1.0,85.4,31.0,Individual,5,High Risk,Manual Review
14699788,32000.0, 60 months,24.99,F,F4,8 years,MORTGAGE,90000.0,Verified,debt_consolidation,OH,31.2,0.0,670.0,674.0,3.0,74.4,35.0,Individual,5,High Risk,Manual Review
14639841,15950.0, 60 months,24.99,F,F4,8 years,OWN,40000.0,Source Verified,credit_card,OR,31.56,0.0,690.0,694.0,1.0,54.8,20.0,Individual,5,High Risk,Manual Review
14659769,15600.0, 60 months,21.99,E,E4,4 years,MORTGAGE,240000.0,Verified,debt_consolidation,MA,3.6,2.0,665.0,669.0,1.0,83.5,26.0,Individual,5,High Risk,Manual Review
14659810,14075.0, 60 months,21.18,E,E3,7 years,MORTGAGE,53000.0,Verified,debt_consolidation,VA,30.59,0.0,660.0,664.0,0.0,89.3,20.0,Individual,6,High Risk,Manual Review
14529757,3000.0, 36 months,21.18,E,E3,,OWN,40000.0,Verified,other,MD,34.35,0.0,660.0,664.0,1.0,55.0,27.0,Individual,5,High Risk,Manual Review
14499796,27175.0, 60 months,20.49,E,E2,3 years,MORTGAGE,68000.0,Verified,credit_card,MN,16.54,2.0,670.0,674.0,1.0,92.3,41.0,Individual,5,High Risk,Manual Review
14639757,18700.0, 60 months,19.99,E,E1,6 years,MORTGAGE,75000.0,Not Verified,debt_consolidation,AR,24.32,2.0,700.0,704.0,1.0,90.3,41.0,Individual,5,High Risk,Manual Review
14669686,22800.0, 60 months,22.45,E,E5,10+ years,MORTGAGE,63650.0,Source Verified,debt_consolidation,MN,22.64,1.0,680.0,684.0,2.0,94.3,22.0,Individual,5,High Risk,Manual Review
14659708,31175.0, 60 months,20.49,E,E2,6 years,MORTGAGE,71000.0,Verified,debt_consolidation,CA,22.95,2.0,685.0,689.0,0.0,80.2,35.0,Individual,5,High Risk,Manual Review
13196993,12600.0, 60 months,20.49,E,E2,2 years,RENT,30000.0,Source Verified,debt_consolidation,NV,31.14,0.0,680.0,684.0,0.0,77.2,15.0,Individual,5,High Risk,Manual Review
14278216,13425.0, 60 months,20.49,E,E2,10+ years,MORTGAGE,80000.0,Not Verified,debt_consolidation,MO,30.03,0.0,695.0,699.0,0.0,91.1,33.0,Individual,6,High Risk,Manual Review
13767393,3550.0, 36 months,19.99,E,E1,10+ years,MORTGAGE,60000.0,Not Verified,debt_consolidation,OH,32.76,0.0,670.0,674.0,0.0,92.5,17.0,Individual,6,High Risk,Manual Review
14599732,12050.0, 60 months,19.99,E,E1,10+ years,MORTGAGE,97000.0,Source Verified,debt_consolidation,CO,26.74,4.0,670.0,674.0,1.0,97.5,24.0,Individual,5,High Risk,Manual Review
14529560,25200.0, 60 months,21.99,E,E4,10+ years,OWN,60000.0,Source Verified,debt_consolidation,GA,30.01,0.0,670.0,674.0,0.0,79.3,16.0,Individual,5,High Risk,Manual Review
14519651,10750.0, 36 months,19.99,E,E1,< 1 year,RENT,36000.0,Source Verified,debt_consolidation,NV,30.4,0.0,660.0,664.0,1.0,61.8,16.0,Individual,5,High Risk,Manual Review
14578026,6275.0, 36 months,24.99,F,F4,2 years,MORTGAGE,40000.0,Source Verified,debt_consolidation,CO,30.81,1.0,660.0,664.0,4.0,69.8,21.0,Individual,6,High Risk,Manual Review
14639564,19200.0, 60 months,21.18,E,E3,2 years,MORTGAGE,48000.0,Not Verified,debt_consolidation,OH,33.9,0.0,670.0,674.0,1.0,61.6,35.0,Individual,5,High Risk,Manual Review
13867628,30000.0, 60 months,23.43,F,F1,7 years,MORTGAGE,80000.0,Verified,major_purchase,OH,30.21,2.0,690.0,694.0,0.0,90.0,22.0,Individual,7,High Risk,Manual Review
14658283,11550.0, 60 months,22.45,E,E5,,MORTGAGE,32172.0,Verified,debt_consolidation,MD,32.04,0.0,660.0,664.0,0.0,89.4,25.0,Individual,6,High Risk,Manual Review
14669493,25600.0, 36 months,21.18,E,E3,< 1 year,RENT,65000.0,Source Verified,credit_card,OK,30.04,0.0,680.0,684.0,1.0,65.0,14.0,Individual,5,High Risk,Manual Review
14599438,10325.0, 60 months,25.89,G,G3,2 years,MORTGAGE,48000.0,Source Verified,debt_consolidation,IL,32.44,0.0,660.0,664.0,2.0,54.3,17.0,Individual,5,High Risk,Manual Review
14569263,20000.0, 60 months,20.49,E,E2,10+ years,RENT,68288.0,Source Verified,debt_consolidation,CA,21.88,1.0,670.0,674.0,2.0,98.6,25.0,Individual,5,High Risk,Manual Review
13647436,27325.0, 36 months,25.8,G,G1,8 years,MORTGAGE,89017.0,Verified,moving,MO,32.89,0.0,685.0,689.0,1.0,68.1,15.0,Individual,5,High Risk,Manual Review
14469411,15750.0, 60 months,20.49,E,E2,6 years,OWN,42000.0,Not Verified,debt_consolidation,FL,31.68,0.0,700.0,704.0,1.0,40.1,41.0,Individual,5,High Risk,Manual Review
14479388,4200.0, 36 months,21.18,E,E3,10+ years,RENT,56758.0,Verified,debt_consolidation,TX,30.98,0.0,670.0,674.0,2.0,54.0,48.0,Individual,5,High Risk,Manual Review
14609353,28100.0, 60 months,22.45,E,E5,10+ years,MORTGAGE,75000.0,Verified,credit_card,NY,31.41,4.0,660.0,664.0,3.0,55.4,34.0,Individual,6,High Risk,Manual Review
14619259,7200.0, 36 months,15.31,C,C4,10+ years,MORTGAGE,70000.0,Not Verified,debt_consolidation,DE,32.25,1.0,665.0,669.0,1.0,95.6,51.0,Individual,5,High Risk,Manual Review
14519245,10775.0, 36 months,25.8,G,G1,3 years,OWN,45000.0,Source Verified,other,TX,34.32,0.0,660.0,664.0,0.0,85.7,9.0,Individual,6,High Risk,Manual Review
14669304,12175.0, 60 months,19.99,E,E1,1 year,MORTGAGE,29120.0,Not Verified,debt_consolidation,IL,17.48,1.0,685.0,689.0,2.0,87.3,18.0,Individual,5,High Risk,Manual Review
14599205,19450.0, 60 months,20.49,E,E2,< 1 year,MORTGAGE,77000.0,Verified,debt_consolidation,TX,26.42,1.0,675.0,679.0,0.0,92.8,33.0,Individual,5,High Risk,Manual Review
14699146,25000.0, 60 months,19.99,E,E1,6 years,OWN,70000.0,Source Verified,debt_consolidation,OH,33.64,0.0,685.0,689.0,1.0,69.6,43.0,Individual,5,High Risk,Manual Review
14519247,19800.0, 36 months,21.18,E,E3,7 years,MORTGAGE,55000.0,Source Verified,debt_consolidation,IN,24.15,1.0,660.0,664.0,0.0,93.5,20.0,Individual,5,High Risk,Manual Review
14559206,9925.0, 36 months,18.92,D,D4,1 year,RENT,26500.0,Source Verified,debt_consolidation,TX,33.92,1.0,660.0,664.0,0.0,84.4,25.0,Individual,5,High Risk,Manual Review
14559228,30000.0, 60 months,24.08,F,F2,10+ years,RENT,144000.0,Verified,debt_consolidation,VA,30.33,0.0,690.0,694.0,0.0,91.1,35.0,Individual,6,High Risk,Manual Review
14488863,12175.0, 60 months,25.57,F,F5,8 years,MORTGAGE,37000.0,Source Verified,debt_consolidation,IL,34.48,0.0,680.0,684.0,1.0,97.9,23.0,Individual,6,High Risk,Manual Review
13408128,3125.0, 36 months,19.99,E,E1,10+ years,MORTGAGE,85000.0,Source Verified,small_business,FL,5.13,1.0,660.0,664.0,1.0,81.2,26.0,Individual,5,High Risk,Manual Review
11986225,8300.0, 36 months,19.99,E,E1,10+ years,RENT,28600.0,Source Verified,debt_consolidation,KS,31.56,0.0,665.0,669.0,1.0,100.2,33.0,Individual,6,High Risk,Manual Review
14659077,4200.0, 36 months,19.99,E,E1,6 years,RENT,32020.0,Not Verified,debt_consolidation,CT,20.2,1.0,675.0,679.0,3.0,80.9,7.0,Individual,5,High Risk,Manual Review
14539076,26375.0, 60 months,19.99,E,E1,10+ years,RENT,63000.0,Verified,debt_consolidation,VA,20.8,1.0,660.0,664.0,0.0,85.0,27.0,Individual,5,High Risk,Manual Review
14578273,14225.0, 60 months,21.18,E,E3,6 years,MORTGAGE,59340.0,Source Verified,debt_consolidation,FL,19.51,1.0,670.0,674.0,1.0,80.5,36.0,Individual,5,High Risk,Manual Review
14539035,3375.0, 36 months,21.18,E,E3,9 years,OWN,23500.0,Not Verified,debt_consolidation,VA,33.5,0.0,685.0,689.0,3.0,91.3,21.0,Individual,6,High Risk,Manual Review
14649111,7000.0, 36 months,22.45,E,E5,10+ years,RENT,40000.0,Source Verified,other,MA,30.78,0.0,665.0,669.0,0.0,80.7,18.0,Individual,6,High Risk,Manual Review
14427867,30000.0, 60 months,20.49,E,E2,8 years,MORTGAGE,100000.0,Verified,credit_card,NJ,30.45,0.0,665.0,669.0,1.0,50.9,35.0,Individual,5,High Risk,Manual Review
14469072,7475.0, 36 months,21.18,E,E3,6 years,RENT,57000.0,Source Verified,debt_consolidation,AZ,33.45,0.0,660.0,664.0,2.0,30.0,24.0,Individual,5,High Risk,Manual Review
14628408,13100.0, 36 months,20.49,E,E2,10+ years,MORTGAGE,111625.0,Verified,home_improvement,NJ,33.52,0.0,675.0,679.0,3.0,82.4,26.0,Individual,6,High Risk,Manual Review
14508889,31500.0, 60 months,19.99,E,E1,4 years,MORTGAGE,97000.0,Verified,debt_consolidation,MD,23.46,1.0,670.0,674.0,1.0,91.8,40.0,Individual,5,High Risk,Manual Review
14538861,15225.0, 36 months,20.49,E,E2,2 years,RENT,38369.0,Source Verified,debt_consolidation,CA,33.21,0.0,690.0,694.0,1.0,63.2,13.0,Individual,5,High Risk,Manual Review
14548986,13225.0, 60 months,21.18,E,E3,10+ years,MORTGAGE,45000.0,Verified,medical,OH,31.21,0.0,690.0,694.0,0.0,71.3,28.0,Individual,5,High Risk,Manual Review
14458874,22750.0, 60 months,21.99,E,E4,10+ years,MORTGAGE,57000.0,Not Verified,debt_consolidation,CA,19.18,2.0,690.0,694.0,1.0,98.6,16.0,Individual,5,High Risk,Manual Review
14638893,35000.0, 36 months,23.43,F,F1,10+ years,MORTGAGE,175000.0,Source Verified,small_business,PA,6.34,1.0,690.0,694.0,1.0,82.4,15.0,Individual,5,High Risk,Manual Review
14558835,35000.0, 60 months,21.99,E,E4,10+ years,MORTGAGE,90000.0,Verified,debt_consolidation,TX,16.1,1.0,670.0,674.0,1.0,82.3,21.0,Individual,5,High Risk,Manual Review
14598784,20000.0, 36 months,19.99,E,E1,10+ years,MORTGAGE,75000.0,Source Verified,debt_consolidation,MO,32.29,0.0,670.0,674.0,1.0,55.2,24.0,Individual,5,High Risk,Manual Review
14558757,2675.0, 36 months,23.43,F,F1,,MORTGAGE,43000.0,Verified,home_improvement,VT,22.36,1.0,695.0,699.0,2.0,82.3,18.0,Individual,5,High Risk,Manual Review
14558797,23075.0, 60 months,21.99,E,E4,1 year,MORTGAGE,55000.0,Not Verified,other,MI,24.74,2.0,680.0,684.0,0.0,84.6,36.0,Individual,5,High Risk,Manual Review
12667543,18500.0, 60 months,20.49,E,E2,5 years,MORTGAGE,70200.0,Source Verified,credit_card,TX,32.48,0.0,690.0,694.0,0.0,73.5,44.0,Individual,5,High Risk,Manual Review
14458624,35000.0, 60 months,23.43,F,F1,7 years,MORTGAGE,100000.0,Verified,home_improvement,TX,25.02,1.0,660.0,664.0,0.0,87.6,29.0,Individual,5,High Risk,Manual Review
14528659,16500.0, 60 months,24.99,F,F4,10+ years,MORTGAGE,46000.0,Verified,debt_consolidation,IL,13.85,1.0,660.0,664.0,1.0,87.5,12.0,Individual,5,High Risk,Manual Review
14548513,18500.0, 60 months,19.99,E,E1,2 years,RENT,46200.0,Source Verified,debt_consolidation,CA,32.62,0.0,680.0,684.0,0.0,69.9,40.0,Individual,5,High Risk,Manual Review
14458374,26000.0, 60 months,21.18,E,E3,10+ years,MORTGAGE,82100.0,Not Verified,home_improvement,NY,19.91,1.0,670.0,674.0,1.0,82.2,28.0,Individual,5,High Risk,Manual Review
14668324,14375.0, 60 months,21.99,E,E4,5 years,MORTGAGE,40000.0,Source Verified,debt_consolidation,MA,32.49,0.0,675.0,679.0,0.0,85.2,23.0,Individual,6,High Risk,Manual Review
14578428,26250.0, 60 months,19.99,E,E1,9 years,RENT,57334.0,Source Verified,credit_card,NV,32.36,0.0,700.0,704.0,0.0,30.4,36.0,Individual,5,High Risk,Manual Review
14398581,24000.0, 36 months,20.49,E,E2,2 years,MORTGAGE,117450.0,Source Verified,debt_consolidation,MN,11.12,2.0,665.0,669.0,2.0,94.1,16.0,Individual,5,High Risk,Manual Review
14488406,1400.0, 36 months,23.43,F,F1,,RENT,22400.0,Verified,home_improvement,FL,21.3,1.0,660.0,664.0,1.0,82.1,18.0,Individual,5,High Risk,Manual Review
13707595,5750.0, 36 months,22.45,E,E5,10+ years,MORTGAGE,100000.0,Not Verified,home_improvement,FL,18.68,1.0,660.0,664.0,1.0,96.1,37.0,Individual,5,High Risk,Manual Review
14508190,15000.0, 60 months,19.99,E,E1,10+ years,RENT,43000.0,Source Verified,debt_consolidation,NY,33.31,1.0,670.0,674.0,3.0,64.3,24.0,Individual,6,High Risk,Manual Review
14488283,12050.0, 60 months,20.49,E,E2,6 years,RENT,45000.0,Source Verified,debt_consolidation,OR,30.93,0.0,670.0,674.0,1.0,44.2,25.0,Individual,5,High Risk,Manual Review
14558163,12850.0, 60 months,24.99,F,F4,9 years,MORTGAGE,60000.0,Not Verified,home_improvement,CA,10.21,5.0,665.0,669.0,2.0,82.9,32.0,Individual,5,High Risk,Manual Review
13206659,27975.0, 60 months,21.18,E,E3,10+ years,MORTGAGE,70000.0,Source Verified,other,MD,20.16,1.0,670.0,674.0,0.0,84.5,24.0,Individual,5,High Risk,Manual Review
14458126,15000.0, 36 months,20.49,E,E2,5 years,RENT,54080.0,Source Verified,debt_consolidation,IN,32.13,0.0,685.0,689.0,2.0,50.4,17.0,Individual,5,High Risk,Manual Review
14518069,13200.0, 60 months,20.49,E,E2,10+ years,MORTGAGE,41000.0,Verified,debt_consolidation,AL,21.84,3.0,660.0,664.0,0.0,81.5,13.0,Individual,5,High Risk,Manual Review
14697967,25775.0, 36 months,19.99,E,E1,10+ years,MORTGAGE,85000.0,Not Verified,debt_consolidation,WI,29.9,1.0,670.0,674.0,3.0,80.1,52.0,Individual,5,High Risk,Manual Review
14448585,35000.0, 60 months,19.99,E,E1,4 years,OWN,130000.0,Verified,debt_consolidation,TX,20.81,1.0,660.0,664.0,1.0,96.6,59.0,Individual,5,High Risk,Manual Review
14477982,13000.0, 60 months,19.99,E,E1,2 years,RENT,33000.0,Source Verified,debt_consolidation,CA,34.17,0.0,670.0,674.0,0.0,75.0,20.0,Individual,5,High Risk,Manual Review
14228523,10000.0, 60 months,19.99,E,E1,,MORTGAGE,43610.0,Verified,debt_consolidation,MD,31.15,0.0,690.0,694.0,0.0,65.3,24.0,Individual,5,High Risk,Manual Review
14418261,16300.0, 60 months,20.49,E,E2,10+ years,RENT,66000.0,Verified,credit_card,GA,32.31,0.0,675.0,679.0,0.0,86.7,35.0,Individual,6,High Risk,Manual Review
14258484,11325.0, 60 months,19.99,E,E1,3 years,MORTGAGE,49900.0,Verified,debt_consolidation,NC,30.32,2.0,675.0,679.0,0.0,85.4,48.0,Individual,7,High Risk,Manual Review
13587301,6300.0, 36 months,24.08,F,F2,3 years,MORTGAGE,87500.0,Verified,debt_consolidation,CA,15.55,1.0,670.0,674.0,3.0,81.7,26.0,Individual,5,High Risk,Manual Review
14208487,30225.0, 60 months,24.5,F,F3,7 years,MORTGAGE,72000.0,Verified,debt_consolidation,UT,30.85,1.0,670.0,674.0,1.0,75.5,48.0,Individual,6,High Risk,Manual Review
14258400,6800.0, 36 months,22.45,E,E5,3 years,MORTGAGE,60000.0,Verified,debt_consolidation,AL,22.3,1.0,670.0,674.0,1.0,84.2,23.0,Individual,5,High Risk,Manual Review
14318307,13100.0, 36 months,20.49,E,E2,8 years,MORTGAGE,88000.0,Source Verified,debt_consolidation,NJ,30.64,0.0,680.0,684.0,4.0,67.5,26.0,Individual,5,High Risk,Manual Review
14368259,10500.0, 60 months,20.49,E,E2,6 years,MORTGAGE,37000.0,Source Verified,credit_card,PA,33.73,1.0,660.0,664.0,3.0,39.2,51.0,Individual,6,High Risk,Manual Review
14338193,22500.0, 60 months,25.99,G,G4,2 years,RENT,73000.0,Not Verified,debt_consolidation,NY,30.92,0.0,660.0,664.0,1.0,87.3,36.0,Individual,6,High Risk,Manual Review
14308233,8400.0, 36 months,21.99,E,E4,9 years,RENT,28000.0,Source Verified,debt_consolidation,CA,34.64,0.0,665.0,669.0,1.0,67.4,15.0,Individual,5,High Risk,Manual Review
13098118,11425.0, 60 months,22.45,E,E5,2 years,RENT,48000.0,Source Verified,major_purchase,FL,16.56,1.0,665.0,669.0,0.0,83.1,12.0,Individual,5,High Risk,Manual Review
14438206,35000.0, 60 months,21.99,E,E4,10+ years,MORTGAGE,105000.0,Verified,credit_card,CA,32.9,0.0,680.0,684.0,0.0,82.6,30.0,Individual,6,High Risk,Manual Review
13848179,12225.0, 60 months,21.18,E,E3,5 years,MORTGAGE,51000.0,Source Verified,major_purchase,IL,7.81,1.0,660.0,664.0,0.0,84.1,4.0,Individual,5,High Risk,Manual Review
14447906,35000.0, 60 months,21.99,E,E4,8 years,MORTGAGE,85396.0,Verified,debt_consolidation,MO,34.35,0.0,680.0,684.0,0.0,78.1,56.0,Individual,5,High Risk,Manual Review
14327982,33700.0, 60 months,22.45,E,E5,1 year,RENT,73440.0,Verified,debt_consolidation,MA,26.36,1.0,680.0,684.0,0.0,86.5,25.0,Individual,5,High Risk,Manual Review
13397476,11500.0, 60 months,23.43,F,F1,,MORTGAGE,32065.0,Verified,debt_consolidation,KY,31.7,0.0,720.0,724.0,0.0,58.9,16.0,Individual,5,High Risk,Manual Review
13166725,24000.0, 60 months,24.5,F,F3,10+ years,OWN,59000.0,Source Verified,home_improvement,NY,33.97,0.0,675.0,679.0,0.0,63.1,22.0,Individual,5,High Risk,Manual Review
12937868,35000.0, 60 months,20.49,E,E2,10+ years,MORTGAGE,172250.0,Verified,home_improvement,CA,15.12,2.0,700.0,704.0,0.0,96.5,47.0,Individual,5,High Risk,Manual Review
14327821,18000.0, 60 months,20.49,E,E2,10+ years,MORTGAGE,90000.0,Source Verified,debt_consolidation,MI,32.55,0.0,700.0,704.0,1.0,42.5,26.0,Individual,5,High Risk,Manual Review
12576967,20225.0, 60 months,24.99,F,F4,2 years,MORTGAGE,300000.0,Source Verified,debt_consolidation,MD,9.65,1.0,680.0,684.0,2.0,81.8,23.0,Individual,5,High Risk,Manual Review
14437842,25000.0, 60 months,24.5,F,F3,< 1 year,MORTGAGE,390000.0,Source Verified,other,PA,12.45,7.0,665.0,669.0,1.0,83.4,33.0,Individual,5,High Risk,Manual Review
13898344,35000.0, 60 months,19.99,E,E1,10+ years,MORTGAGE,342000.0,Verified,other,NJ,8.64,2.0,675.0,679.0,0.0,87.0,44.0,Individual,5,High Risk,Manual Review
13267173,12000.0, 60 months,21.18,E,E3,7 years,MORTGAGE,80000.0,Source Verified,debt_consolidation,NY,14.05,1.0,680.0,684.0,2.0,87.8,20.0,Individual,5,High Risk,Manual Review
14127987,2000.0, 60 months,24.5,F,F3,,OWN,30000.0,Verified,home_improvement,CA,13.84,1.0,680.0,684.0,3.0,88.2,28.0,Individual,5,High Risk,Manual Review
11936943,35000.0, 60 months,20.49,E,E2,5 years,MORTGAGE,100000.0,Verified,debt_consolidation,OH,19.1,7.0,665.0,669.0,2.0,93.0,52.0,Individual,5,High Risk,Manual Review
13117062,32350.0, 60 months,19.99,E,E1,3 years,MORTGAGE,82000.0,Verified,debt_consolidation,UT,31.11,0.0,730.0,734.0,0.0,72.0,23.0,Individual,5,High Risk,Manual Review
13597468,28975.0, 60 months,19.99,E,E1,3 years,MORTGAGE,74000.0,Source Verified,debt_consolidation,TN,30.64,0.0,730.0,734.0,0.0,53.3,29.0,Individual,5,High Risk,Manual Review
12936535,18000.0, 60 months,22.45,E,E5,3 years,RENT,45000.0,Not Verified,car,NY,34.08,1.0,670.0,674.0,1.0,70.5,40.0,Individual,6,High Risk,Manual Review
13897745,25000.0, 60 months,21.18,E,E3,< 1 year,RENT,115000.0,Verified,debt_consolidation,NJ,34.03,1.0,665.0,669.0,0.0,87.6,44.0,Individual,7,High Risk,Manual Review
13898181,12050.0, 36 months,20.49,E,E2,2 years,RENT,38500.0,Source Verified,debt_consolidation,CO,30.52,0.0,660.0,664.0,0.0,95.0,15.0,Individual,6,High Risk,Manual Review
13978113,15050.0, 60 months,20.49,E,E2,1 year,MORTGAGE,42000.0,Not Verified,debt_consolidation,NC,32.61,0.0,665.0,669.0,0.0,75.3,36.0,Individual,5,High Risk,Manual Review
12846762,19550.0, 36 months,19.99,E,E1,10+ years,MORTGAGE,84000.0,Source Verified,debt_consolidation,MD,31.64,2.0,660.0,664.0,0.0,85.1,37.0,Individual,7,High Risk,Manual Review
13787567,17500.0, 36 months,19.47,D,D5,8 years,MORTGAGE,48929.0,Source Verified,debt_consolidation,GA,33.65,1.0,660.0,664.0,0.0,93.8,15.0,Individual,5,High Risk,Manual Review
13958032,28500.0, 60 months,20.49,E,E2,2 years,MORTGAGE,78000.0,Source Verified,debt_consolidation,NJ,11.92,1.0,675.0,679.0,0.0,84.4,25.0,Individual,5,High Risk,Manual Review
13918061,6500.0, 36 months,21.99,E,E4,2 years,RENT,70000.0,Verified,medical,AZ,9.89,1.0,665.0,669.0,1.0,83.0,13.0,Individual,5,High Risk,Manual Review
13106790,28000.0, 60 months,20.49,E,E2,10+ years,RENT,90000.0,Not Verified,debt_consolidation,TX,33.26,1.0,670.0,674.0,2.0,89.6,33.0,Individual,7,High Risk,Manual Review
13987942,13400.0, 60 months,21.18,E,E3,,OWN,39500.0,Verified,home_improvement,WV,30.32,0.0,705.0,709.0,0.0,72.1,12.0,Individual,5,High Risk,Manual Review
13847742,7625.0, 36 months,21.18,E,E3,,OWN,24000.0,Verified,major_purchase,OH,21.05,1.0,700.0,704.0,0.0,82.8,16.0,Individual,5,High Risk,Manual Review
13927976,13500.0, 60 months,24.08,F,F2,10+ years,MORTGAGE,55000.0,Verified,debt_consolidation,WA,30.81,0.0,675.0,679.0,1.0,61.2,26.0,Individual,5,High Risk,Manual Review
14017651,16225.0, 36 months,19.99,E,E1,,RENT,38664.0,Verified,debt_consolidation,NV,30.2,0.0,695.0,699.0,1.0,90.8,10.0,Individual,6,High Risk,Manual Review
13987824,29700.0, 60 months,25.8,G,G1,10+ years,OWN,118000.0,Verified,debt_consolidation,CA,32.36,1.0,660.0,664.0,2.0,79.3,36.0,Individual,6,High Risk,Manual Review
13166341,11500.0, 60 months,24.08,F,F2,6 years,OWN,36000.0,Source Verified,other,NY,34.0,0.0,665.0,669.0,0.0,41.6,12.0,Individual,5,High Risk,Manual Review
13737691,13975.0, 36 months,21.99,E,E4,9 years,MORTGAGE,80000.0,Source Verified,debt_consolidation,NC,10.64,3.0,675.0,679.0,1.0,84.4,18.0,Individual,5,High Risk,Manual Review
13937695,5700.0, 36 months,21.99,E,E4,8 years,RENT,16000.0,Source Verified,debt_consolidation,OH,30.68,0.0,660.0,664.0,0.0,45.4,8.0,Individual,5,High Risk,Manual Review
13967644,1000.0, 36 months,20.49,E,E2,10+ years,MORTGAGE,75000.0,Not Verified,major_purchase,IL,33.51,1.0,685.0,689.0,0.0,81.2,37.0,Individual,7,High Risk,Manual Review
13937684,11500.0, 60 months,20.49,E,E2,1 year,RENT,32000.0,Source Verified,debt_consolidation,NY,31.3,0.0,710.0,714.0,1.0,70.5,18.0,Individual,5,High Risk,Manual Review
13907503,20550.0, 60 months,22.45,E,E5,10+ years,MORTGAGE,57140.04,Source Verified,debt_consolidation,TX,33.02,0.0,670.0,674.0,0.0,76.0,29.0,Individual,5,High Risk,Manual Review
13797707,4100.0, 36 months,19.99,E,E1,3 years,OWN,48368.0,Verified,debt_consolidation,KY,28.49,1.0,660.0,664.0,1.0,92.7,24.0,Individual,5,High Risk,Manual Review
13767584,19600.0, 60 months,19.99,E,E1,10+ years,MORTGAGE,68000.0,Verified,debt_consolidation,PA,33.15,2.0,680.0,684.0,0.0,75.5,49.0,Individual,6,High Risk,Manual Review
13727587,17100.0, 60 months,24.99,F,F4,7 years,MORTGAGE,125000.0,Verified,debt_consolidation,IL,30.66,1.0,665.0,669.0,0.0,91.0,20.0,Individual,7,High Risk,Manual Review
13737474,15000.0, 36 months,19.99,E,E1,1 year,RENT,60000.0,Source Verified,debt_consolidation,CA,32.15,0.0,680.0,684.0,4.0,69.3,19.0,Individual,5,High Risk,Manual Review
13757373,15000.0, 60 months,20.49,E,E2,2 years,MORTGAGE,78000.0,Verified,other,MA,13.6,1.0,670.0,674.0,0.0,92.3,22.0,Individual,5,High Risk,Manual Review
13797489,30000.0, 60 months,19.99,E,E1,9 years,MORTGAGE,70000.0,Verified,credit_card,AL,30.84,0.0,690.0,694.0,3.0,70.7,39.0,Individual,5,High Risk,Manual Review
13737402,22400.0, 60 months,25.57,F,F5,10+ years,MORTGAGE,84060.0,Verified,debt_consolidation,WA,17.04,1.0,665.0,669.0,0.0,85.6,27.0,Individual,5,High Risk,Manual Review
13547451,10375.0, 60 months,21.99,E,E4,10+ years,RENT,32000.0,Verified,other,CA,33.12,0.0,680.0,684.0,1.0,31.0,46.0,Individual,5,High Risk,Manual Review
7343301,34350.0, 60 months,21.99,E,E4,8 years,MORTGAGE,82000.0,Verified,debt_consolidation,TX,16.45,1.0,690.0,694.0,1.0,85.3,17.0,Individual,5,High Risk,Manual Review
13707360,6950.0, 36 months,21.99,E,E4,10+ years,MORTGAGE,83000.0,Source Verified,debt_consolidation,IL,14.86,1.0,660.0,664.0,2.0,94.3,26.0,Individual,5,High Risk,Manual Review
13747375,25975.0, 60 months,24.08,F,F2,10+ years,RENT,62000.0,Source Verified,debt_consolidation,OH,33.35,0.0,680.0,684.0,2.0,62.0,22.0,Individual,5,High Risk,Manual Review
13627648,10375.0, 60 months,25.57,F,F5,8 years,RENT,40194.0,Source Verified,debt_consolidation,TX,34.25,0.0,660.0,664.0,0.0,84.4,15.0,Individual,6,High Risk,Manual Review
13567501,18550.0, 60 months,23.43,F,F1,< 1 year,MORTGAGE,55000.0,Verified,debt_consolidation,TX,30.07,2.0,670.0,674.0,0.0,98.2,42.0,Individual,7,High Risk,Manual Review
13447653,10000.0, 60 months,19.99,E,E1,9 years,OWN,39000.0,Source Verified,debt_consolidation,NH,31.57,0.0,660.0,664.0,2.0,89.3,31.0,Individual,6,High Risk,Manual Review
13627932,26500.0, 60 months,20.49,E,E2,1 year,MORTGAGE,65000.0,Not Verified,debt_consolidation,KS,30.35,0.0,695.0,699.0,0.0,91.5,46.0,Individual,6,High Risk,Manual Review
13617761,7000.0, 36 months,20.49,E,E2,,MORTGAGE,26000.0,Verified,debt_consolidation,MI,31.9,0.0,695.0,699.0,0.0,81.6,15.0,Individual,6,High Risk,Manual Review
13627835,8750.0, 36 months,21.18,E,E3,5 years,RENT,70000.0,Verified,moving,TN,32.06,1.0,725.0,729.0,3.0,52.8,36.0,Individual,6,High Risk,Manual Review
13557294,16000.0, 60 months,24.99,F,F4,7 years,RENT,79000.0,Not Verified,house,CA,32.36,0.0,680.0,684.0,0.0,48.9,14.0,Individual,5,High Risk,Manual Review
13378402,19350.0, 60 months,22.45,E,E5,9 years,MORTGAGE,60000.0,Source Verified,home_improvement,GA,34.56,1.0,700.0,704.0,0.0,70.4,26.0,Individual,6,High Risk,Manual Review
13627556,24325.0, 60 months,21.18,E,E3,10+ years,MORTGAGE,58000.0,Verified,debt_consolidation,NH,33.09,0.0,705.0,709.0,1.0,53.8,42.0,Individual,5,High Risk,Manual Review
13478795,16000.0, 36 months,19.99,E,E1,6 years,RENT,51600.0,Source Verified,debt_consolidation,CA,31.35,0.0,665.0,669.0,1.0,33.1,44.0,Individual,5,High Risk,Manual Review
11708097,7000.0, 36 months,19.99,E,E1,,MORTGAGE,81834.0,Verified,credit_card,WI,11.22,1.0,670.0,674.0,5.0,104.5,23.0,Individual,5,High Risk,Manual Review
13617398,12500.0, 60 months,19.99,E,E1,< 1 year,RENT,55000.0,Source Verified,debt_consolidation,PA,31.75,0.0,685.0,689.0,2.0,47.8,22.0,Individual,5,High Risk,Manual Review
13597422,25600.0, 60 months,21.99,E,E4,< 1 year,OWN,80000.0,Source Verified,debt_consolidation,MA,12.08,1.0,675.0,679.0,0.0,90.6,37.0,Individual,5,High Risk,Manual Review
13577423,22750.0, 60 months,23.43,F,F1,5 years,MORTGAGE,60000.0,Source Verified,debt_consolidation,KY,33.09,0.0,665.0,669.0,0.0,95.3,25.0,Individual,6,High Risk,Manual Review
13677262,12725.0, 60 months,21.99,E,E4,< 1 year,RENT,32000.0,Source Verified,debt_consolidation,FL,30.83,0.0,710.0,714.0,1.0,27.2,8.0,Individual,5,High Risk,Manual Review
13597381,11200.0, 36 months,19.47,D,D5,< 1 year,RENT,31200.0,Source Verified,debt_consolidation,CO,34.31,1.0,670.0,674.0,1.0,89.8,39.0,Individual,5,High Risk,Manual Review
13427642,3175.0, 36 months,20.49,E,E2,10+ years,MORTGAGE,53000.0,Verified,debt_consolidation,MO,28.17,1.0,660.0,664.0,3.0,86.7,37.0,Individual,5,High Risk,Manual Review
11637553,17975.0, 60 months,25.57,F,F5,10+ years,OWN,75000.0,Source Verified,home_improvement,MI,31.01,0.0,675.0,679.0,2.0,46.7,31.0,Individual,5,High Risk,Manual Review
13647212,12950.0, 60 months,19.99,E,E1,4 years,RENT,32500.0,Source Verified,debt_consolidation,MA,33.09,3.0,690.0,694.0,1.0,19.1,27.0,Individual,6,High Risk,Manual Review
13498769,21000.0, 60 months,19.99,E,E1,10+ years,MORTGAGE,135000.0,Verified,credit_card,MD,15.97,3.0,690.0,694.0,1.0,95.4,26.0,Individual,5,High Risk,Manual Review
13458111,35000.0, 60 months,22.45,E,E5,10+ years,MORTGAGE,111000.0,Verified,debt_consolidation,GA,26.72,4.0,660.0,664.0,0.0,90.1,32.0,Individual,5,High Risk,Manual Review
13086533,28975.0, 60 months,21.18,E,E3,6 years,MORTGAGE,66000.0,Verified,credit_card,PA,31.93,0.0,710.0,714.0,1.0,57.9,43.0,Individual,5,High Risk,Manual Review
13448579,20275.0, 60 months,24.08,F,F2,10+ years,OWN,59000.0,Verified,debt_consolidation,NY,32.28,1.0,670.0,674.0,2.0,81.9,33.0,Individual,7,High Risk,Manual Review
13267688,19950.0, 60 months,24.99,F,F4,8 years,OWN,58955.0,Not Verified,debt_consolidation,KY,27.4,1.0,670.0,674.0,2.0,91.4,11.0,Individual,5,High Risk,Manual Review
13428777,14375.0, 36 months,21.99,E,E4,3 years,RENT,40004.0,Source Verified,debt_consolidation,TX,33.06,0.0,695.0,699.0,1.0,47.4,17.0,Individual,5,High Risk,Manual Review
12449077,10800.0, 60 months,21.99,E,E4,6 years,RENT,45000.0,Source Verified,debt_consolidation,NY,33.5,1.0,675.0,679.0,0.0,91.6,25.0,Individual,7,High Risk,Manual Review
13508475,20000.0, 60 months,19.99,E,E1,,MORTGAGE,60000.0,Verified,debt_consolidation,AL,31.94,0.0,705.0,709.0,0.0,98.2,46.0,Individual,6,High Risk,Manual Review
13508553,14350.0, 60 months,19.99,E,E1,,MORTGAGE,36000.0,Verified,debt_consolidation,PA,32.47,0.0,675.0,679.0,1.0,83.3,22.0,Individual,6,High Risk,Manual Review
13468158,20125.0, 60 months,20.49,E,E2,10+ years,RENT,55997.0,Source Verified,debt_consolidation,NY,31.44,0.0,710.0,714.0,1.0,92.8,39.0,Individual,6,High Risk,Manual Review
12245243,30000.0, 60 months,19.99,E,E1,9 years,MORTGAGE,100000.0,Verified,debt_consolidation,VA,14.06,1.0,660.0,664.0,2.0,92.3,25.0,Individual,5,High Risk,Manual Review
13526836,3225.0, 36 months,15.31,C,C4,< 1 year,MORTGAGE,40000.0,Source Verified,credit_card,VA,30.24,1.0,700.0,704.0,1.0,88.7,16.0,Individual,5,High Risk,Manual Review
13508390,35000.0, 60 months,19.99,E,E1,10+ years,MORTGAGE,197000.0,Source Verified,debt_consolidation,CA,11.42,3.0,675.0,679.0,1.0,98.3,19.0,Individual,5,High Risk,Manual Review
13508303,16425.0, 60 months,24.5,F,F3,5 years,OWN,45684.0,Verified,debt_consolidation,WA,33.44,1.0,675.0,679.0,0.0,57.3,23.0,Individual,6,High Risk,Manual Review
13538436,3975.0, 36 months,24.99,F,F4,10+ years,OWN,35000.0,Verified,home_improvement,NC,5.73,2.0,660.0,664.0,3.0,94.8,12.0,Individual,5,High Risk,Manual Review
13527086,2000.0, 36 months,21.99,E,E4,2 years,RENT,25000.0,Verified,small_business,CA,32.99,4.0,665.0,669.0,0.0,37.9,13.0,Individual,6,High Risk,Manual Review
13416898,35000.0, 60 months,22.45,E,E5,5 years,MORTGAGE,430000.0,Verified,debt_consolidation,TX,13.13,1.0,690.0,694.0,1.0,82.2,43.0,Individual,5,High Risk,Manual Review
13428490,10550.0, 60 months,23.43,F,F1,3 years,MORTGAGE,31948.0,Not Verified,debt_consolidation,NV,31.4,0.0,660.0,664.0,1.0,94.0,21.0,Individual,6,High Risk,Manual Review
13407431,19200.0, 36 months,15.61,C,C5,10+ years,MORTGAGE,65000.0,Source Verified,debt_consolidation,WI,34.66,2.0,665.0,669.0,0.0,91.3,32.0,Individual,5,High Risk,Manual Review
12666303,12000.0, 60 months,24.08,F,F2,2 years,RENT,60000.0,Source Verified,debt_consolidation,CA,7.84,1.0,660.0,664.0,0.0,84.3,11.0,Individual,5,High Risk,Manual Review
13498362,14800.0, 60 months,20.49,E,E2,3 years,RENT,37000.0,Source Verified,debt_consolidation,AK,30.94,0.0,660.0,664.0,0.0,69.4,27.0,Individual,5,High Risk,Manual Review
13487511,25000.0, 60 months,22.45,E,E5,10+ years,MORTGAGE,84205.0,Source Verified,debt_consolidation,HI,23.86,1.0,665.0,669.0,0.0,98.2,17.0,Individual,5,High Risk,Manual Review
12735519,20800.0, 60 months,21.18,E,E3,10+ years,MORTGAGE,72000.0,Source Verified,credit_card,KY,20.08,1.0,660.0,664.0,1.0,87.6,18.0,Individual,5,High Risk,Manual Review
13468254,15000.0, 60 months,19.99,E,E1,1 year,RENT,62000.0,Source Verified,debt_consolidation,MO,30.04,0.0,695.0,699.0,0.0,71.0,34.0,Individual,5,High Risk,Manual Review
13077857,12000.0, 60 months,23.43,F,F1,10+ years,MORTGAGE,51300.0,Source Verified,debt_consolidation,AL,32.89,0.0,680.0,684.0,0.0,76.9,26.0,Individual,5,High Risk,Manual Review
13428202,7200.0, 60 months,20.49,E,E2,5 years,OWN,60000.0,Source Verified,home_improvement,CA,7.82,1.0,665.0,669.0,2.0,92.4,21.0,Individual,5,High Risk,Manual Review
13448026,22375.0, 60 months,19.99,E,E1,,MORTGAGE,56000.0,Verified,debt_consolidation,NY,18.32,1.0,685.0,689.0,1.0,81.0,19.0,Individual,5,High Risk,Manual Review
12998088,12000.0, 60 months,22.45,E,E5,10+ years,MORTGAGE,83000.0,Verified,debt_consolidation,VT,18.19,1.0,660.0,664.0,0.0,96.3,31.0,Individual,5,High Risk,Manual Review
13447868,3175.0, 36 months,19.99,E,E1,6 years,MORTGAGE,45000.0,Verified,other,VA,33.25,2.0,660.0,664.0,2.0,82.0,58.0,Individual,7,High Risk,Manual Review
13438032,10500.0, 60 months,21.18,E,E3,< 1 year,MORTGAGE,83000.0,Verified,debt_consolidation,NV,34.92,0.0,695.0,699.0,2.0,69.0,26.0,Individual,5,High Risk,Manual Review
13528014,23125.0, 60 months,19.99,E,E1,10+ years,OWN,58000.0,Not Verified,debt_consolidation,NY,34.6,2.0,690.0,694.0,0.0,35.4,30.0,Individual,6,High Risk,Manual Review
13397783,6850.0, 36 months,19.99,E,E1,8 years,RENT,70000.0,Verified,debt_consolidation,AZ,34.73,0.0,660.0,664.0,5.0,91.6,26.0,Individual,6,High Risk,Manual Review
13507783,35000.0, 60 months,21.18,E,E3,10+ years,MORTGAGE,129500.0,Verified,debt_consolidation,CA,33.05,0.0,670.0,674.0,1.0,82.8,61.0,Individual,6,High Risk,Manual Review
13497867,33000.0, 60 months,25.89,G,G3,10+ years,RENT,114000.0,Verified,debt_consolidation,VA,27.84,1.0,680.0,684.0,2.0,92.1,27.0,Individual,5,High Risk,Manual Review
13497169,21000.0, 60 months,19.99,E,E1,8 years,MORTGAGE,90000.0,Not Verified,debt_consolidation,NC,30.74,0.0,665.0,669.0,1.0,96.0,33.0,Individual,6,High Risk,Manual Review
13186331,18000.0, 60 months,22.45,E,E5,4 years,RENT,45000.0,Source Verified,debt_consolidation,CA,31.55,1.0,675.0,679.0,0.0,87.1,14.0,Individual,7,High Risk,Manual Review
12926545,15825.0, 36 months,21.18,E,E3,1 year,RENT,44000.0,Verified,debt_consolidation,FL,30.41,2.0,670.0,674.0,1.0,73.1,18.0,Individual,6,High Risk,Manual Review
13487737,24350.0, 60 months,21.99,E,E4,7 years,MORTGAGE,58000.0,Verified,debt_consolidation,VA,32.4,2.0,660.0,664.0,2.0,50.7,57.0,Individual,6,High Risk,Manual Review
13537805,5475.0, 36 months,25.83,G,G2,,MORTGAGE,45000.0,Verified,debt_consolidation,OR,20.75,1.0,660.0,664.0,5.0,100.0,32.0,Individual,5,High Risk,Manual Review
13287657,20275.0, 60 months,19.99,E,E1,10+ years,MORTGAGE,120000.0,Source Verified,debt_consolidation,AZ,19.89,2.0,675.0,679.0,3.0,85.1,33.0,Individual,5,High Risk,Manual Review
13427543,22475.0, 60 months,25.83,G,G2,5 years,RENT,91000.0,Source Verified,credit_card,TX,24.66,2.0,660.0,664.0,1.0,90.6,33.0,Individual,5,High Risk,Manual Review
13537599,14000.0, 60 months,20.49,E,E2,7 years,RENT,40000.0,Source Verified,debt_consolidation,IN,31.23,0.0,680.0,684.0,0.0,88.6,17.0,Individual,6,High Risk,Manual Review
13477576,30750.0, 60 months,20.49,E,E2,10+ years,MORTGAGE,70000.0,Verified,debt_consolidation,OH,33.84,0.0,705.0,709.0,0.0,87.3,20.0,Individual,6,High Risk,Manual Review
13517379,23975.0, 60 months,23.43,F,F1,10+ years,RENT,67200.0,Source Verified,debt_consolidation,MD,23.11,1.0,660.0,664.0,0.0,100.4,17.0,Individual,5,High Risk,Manual Review
13517082,14000.0, 60 months,20.49,E,E2,10+ years,MORTGAGE,130000.0,Not Verified,other,NC,10.5,1.0,660.0,664.0,1.0,93.2,26.0,Individual,5,High Risk,Manual Review
13467507,24000.0, 60 months,19.99,E,E1,7 years,MORTGAGE,97760.0,Not Verified,debt_consolidation,TX,21.35,1.0,700.0,704.0,2.0,90.1,43.0,Individual,5,High Risk,Manual Review
12755748,6000.0, 36 months,19.99,E,E1,2 years,OWN,52000.0,Source Verified,credit_card,OH,33.83,0.0,695.0,699.0,0.0,92.2,26.0,Individual,6,High Risk,Manual Review
13047637,12750.0, 60 months,20.49,E,E2,10+ years,MORTGAGE,60000.0,Source Verified,debt_consolidation,CA,29.25,2.0,665.0,669.0,0.0,95.4,25.0,Individual,5,High Risk,Manual Review
12946911,18000.0, 36 months,23.43,F,F1,10+ years,RENT,115000.0,Not Verified,other,MD,19.29,1.0,675.0,679.0,3.0,85.4,35.0,Individual,5,High Risk,Manual Review
13457380,12050.0, 36 months,18.92,D,D4,10+ years,MORTGAGE,51000.0,Not Verified,debt_consolidation,OK,32.35,2.0,685.0,689.0,1.0,80.5,38.0,Individual,5,High Risk,Manual Review
13417402,29975.0, 60 months,21.18,E,E3,9 years,MORTGAGE,79000.0,Verified,debt_consolidation,NY,34.25,0.0,675.0,679.0,2.0,47.0,55.0,Individual,5,High Risk,Manual Review
13036458,10675.0, 36 months,20.49,E,E2,4 years,MORTGAGE,52350.0,Verified,debt_consolidation,NC,18.39,1.0,680.0,684.0,0.0,89.1,35.0,Individual,5,High Risk,Manual Review
13457367,12000.0, 60 months,24.08,F,F2,3 years,MORTGAGE,60000.0,Source Verified,debt_consolidation,SD,24.26,1.0,660.0,664.0,1.0,81.7,48.0,Individual,5,High Risk,Manual Review
13407328,15350.0, 36 months,15.31,C,C4,9 years,MORTGAGE,75000.0,Source Verified,debt_consolidation,TN,33.92,3.0,670.0,674.0,0.0,87.0,50.0,Individual,5,High Risk,Manual Review
13417415,10000.0, 60 months,21.18,E,E3,1 year,RENT,35000.0,Verified,debt_consolidation,WV,32.85,0.0,660.0,664.0,2.0,90.2,17.0,Individual,6,High Risk,Manual Review
13537342,1200.0, 36 months,22.45,E,E5,10+ years,MORTGAGE,45000.0,Verified,small_business,NC,31.63,0.0,715.0,719.0,0.0,96.1,21.0,Individual,6,High Risk,Manual Review
13276938,25000.0, 60 months,19.99,E,E1,,MORTGAGE,68000.0,Verified,debt_consolidation,VA,3.64,1.0,665.0,669.0,0.0,80.9,13.0,Individual,5,High Risk,Manual Review
12918552,20400.0, 60 months,21.99,E,E4,7 years,RENT,69000.0,Not Verified,debt_consolidation,OH,30.56,1.0,680.0,684.0,4.0,69.4,34.0,Individual,6,High Risk,Manual Review
13507020,13250.0, 60 months,24.5,F,F3,6 years,RENT,35000.0,Source Verified,credit_card,IL,30.62,0.0,665.0,669.0,2.0,58.2,18.0,Individual,5,High Risk,Manual Review
13517054,14700.0, 60 months,21.18,E,E3,2 years,MORTGAGE,110000.0,Not Verified,debt_consolidation,FL,18.31,1.0,670.0,674.0,1.0,85.4,40.0,Individual,5,High Risk,Manual Review
13487152,20400.0, 60 months,19.99,E,E1,8 years,MORTGAGE,78000.0,Verified,debt_consolidation,AL,32.51,0.0,715.0,719.0,2.0,49.1,29.0,Individual,5,High Risk,Manual Review
12577018,24000.0, 60 months,21.18,E,E3,7 years,MORTGAGE,105000.0,Source Verified,debt_consolidation,OH,18.78,1.0,670.0,674.0,3.0,89.9,21.0,Individual,5,High Risk,Manual Review
13436957,10000.0, 60 months,19.99,E,E1,10+ years,MORTGAGE,72000.0,Source Verified,major_purchase,CA,31.56,2.0,665.0,669.0,1.0,63.4,26.0,Individual,6,High Risk,Manual Review
13486992,35000.0, 60 months,20.49,E,E2,10+ years,MORTGAGE,100615.0,Verified,debt_consolidation,TX,31.93,0.0,665.0,669.0,0.0,70.9,53.0,Individual,5,High Risk,Manual Review
12965959,26500.0, 60 months,21.18,E,E3,10+ years,MORTGAGE,90000.0,Source Verified,credit_card,NJ,21.01,2.0,680.0,684.0,1.0,93.2,28.0,Individual,5,High Risk,Manual Review
13227527,24000.0, 60 months,23.43,F,F1,5 years,MORTGAGE,90000.0,Source Verified,debt_consolidation,CO,13.55,1.0,675.0,679.0,1.0,94.0,36.0,Individual,5,High Risk,Manual Review
13237774,35000.0, 60 months,25.57,F,F5,10+ years,MORTGAGE,130000.0,Verified,debt_consolidation,TX,31.44,2.0,675.0,679.0,1.0,38.6,24.0,Individual,6,High Risk,Manual Review
13277697,30375.0, 60 months,21.99,E,E4,2 years,MORTGAGE,63500.0,Verified,debt_consolidation,WI,32.22,0.0,725.0,729.0,4.0,87.0,17.0,Individual,6,High Risk,Manual Review
13287731,30375.0, 36 months,18.92,D,D4,,OWN,76000.0,Verified,credit_card,TX,31.53,2.0,670.0,674.0,0.0,89.6,21.0,Individual,5,High Risk,Manual Review
13347599,18000.0, 60 months,20.49,E,E2,3 years,MORTGAGE,95000.0,Source Verified,debt_consolidation,IL,16.3,5.0,675.0,679.0,1.0,98.1,20.0,Individual,5,High Risk,Manual Review
13327601,10000.0, 36 months,22.45,E,E5,5 years,MORTGAGE,270000.0,Source Verified,small_business,CA,2.52,1.0,680.0,684.0,0.0,99.7,14.0,Individual,5,High Risk,Manual Review
13357643,29575.0, 60 months,20.49,E,E2,< 1 year,MORTGAGE,100000.0,Source Verified,debt_consolidation,PA,32.62,1.0,675.0,679.0,2.0,81.9,37.0,Individual,7,High Risk,Manual Review
13156569,10800.0, 60 months,24.99,F,F4,4 years,OWN,36000.0,Verified,debt_consolidation,MT,17.43,1.0,670.0,674.0,1.0,96.0,25.0,Individual,5,High Risk,Manual Review
13367488,26850.0, 60 months,19.99,E,E1,10+ years,MORTGAGE,64000.0,Source Verified,debt_consolidation,TX,11.28,2.0,660.0,664.0,2.0,84.5,21.0,Individual,5,High Risk,Manual Review
13317445,6000.0, 36 months,22.45,E,E5,10+ years,RENT,58600.0,Source Verified,medical,DC,34.46,0.0,665.0,669.0,1.0,69.9,31.0,Individual,5,High Risk,Manual Review
12916659,16000.0, 60 months,19.99,E,E1,10+ years,MORTGAGE,57000.0,Verified,debt_consolidation,NY,32.57,1.0,675.0,679.0,2.0,83.0,19.0,Individual,7,High Risk,Manual Review
13207332,4775.0, 36 months,18.92,D,D4,10+ years,MORTGAGE,40000.0,Source Verified,credit_card,TX,33.12,5.0,665.0,669.0,0.0,87.5,34.0,Individual,5,High Risk,Manual Review
13297428,18000.0, 36 months,15.61,C,C5,10+ years,MORTGAGE,87000.0,Source Verified,debt_consolidation,AK,34.54,2.0,675.0,679.0,0.0,87.6,31.0,Individual,5,High Risk,Manual Review
13287221,19950.0, 60 months,21.18,E,E3,8 years,MORTGAGE,50000.0,Not Verified,debt_consolidation,FL,34.13,2.0,675.0,679.0,2.0,80.3,22.0,Individual,7,High Risk,Manual Review
13237131,28500.0, 60 months,21.18,E,E3,3 years,MORTGAGE,65000.0,Verified,credit_card,OK,31.31,0.0,670.0,674.0,0.0,84.1,38.0,Individual,6,High Risk,Manual Review
13297231,14000.0, 36 months,20.49,E,E2,3 years,MORTGAGE,60000.0,Source Verified,debt_consolidation,LA,20.44,1.0,665.0,669.0,2.0,101.3,16.0,Individual,5,High Risk,Manual Review
13346998,28000.0, 60 months,22.45,E,E5,10+ years,MORTGAGE,94000.0,Source Verified,credit_card,NC,13.85,1.0,680.0,684.0,0.0,86.8,21.0,Individual,5,High Risk,Manual Review
13367315,20550.0, 60 months,19.99,E,E1,10+ years,MORTGAGE,46900.0,Source Verified,debt_consolidation,GA,30.35,0.0,685.0,689.0,0.0,86.6,23.0,Individual,6,High Risk,Manual Review
12566810,20825.0, 60 months,23.43,F,F1,10+ years,MORTGAGE,58000.0,Source Verified,debt_consolidation,OR,32.71,1.0,670.0,674.0,1.0,63.8,39.0,Individual,6,High Risk,Manual Review
13286935,6375.0, 36 months,20.49,E,E2,6 years,RENT,41000.0,Source Verified,debt_consolidation,CT,30.59,3.0,670.0,674.0,3.0,55.6,38.0,Individual,6,High Risk,Manual Review
13367111,13700.0, 36 months,24.99,F,F4,10+ years,MORTGAGE,46000.0,Source Verified,debt_consolidation,MD,7.96,1.0,665.0,669.0,1.0,81.8,20.0,Individual,5,High Risk,Manual Review
13257030,8600.0, 36 months,24.5,F,F3,2 years,RENT,43600.0,Verified,debt_consolidation,MN,20.56,1.0,675.0,679.0,0.0,97.7,22.0,Individual,5,High Risk,Manual Review
13297084,4000.0, 36 months,24.5,F,F3,1 year,MORTGAGE,50000.0,Not Verified,other,OK,32.48,0.0,670.0,674.0,4.0,61.0,54.0,Individual,5,High Risk,Manual Review
13347090,5000.0, 36 months,24.5,F,F3,10+ years,RENT,65807.4,Source Verified,other,WA,34.0,0.0,670.0,674.0,1.0,76.2,40.0,Individual,5,High Risk,Manual Review
13297035,23075.0, 60 months,21.18,E,E3,10+ years,MORTGAGE,55000.0,Source Verified,debt_consolidation,FL,31.81,0.0,705.0,709.0,1.0,47.9,38.0,Individual,5,High Risk,Manual Review
13366973,16000.0, 60 months,21.18,E,E3,1 year,RENT,40000.0,Source Verified,debt_consolidation,PA,31.23,1.0,665.0,669.0,2.0,61.6,17.0,Individual,6,High Risk,Manual Review
13286925,30000.0, 60 months,20.49,E,E2,10+ years,MORTGAGE,205000.0,Verified,debt_consolidation,SC,12.46,1.0,685.0,689.0,0.0,99.3,23.0,Individual,5,High Risk,Manual Review
13336955,2625.0, 36 months,25.57,F,F5,5 years,MORTGAGE,37000.0,Source Verified,debt_consolidation,TX,8.01,1.0,675.0,679.0,1.0,82.6,22.0,Individual,5,High Risk,Manual Review
13207339,35000.0, 60 months,21.18,E,E3,10+ years,MORTGAGE,200000.0,Source Verified,other,AZ,6.36,1.0,660.0,664.0,0.0,88.6,49.0,Individual,5,High Risk,Manual Review
13306833,2425.0, 36 months,19.99,E,E1,2 years,RENT,40000.0,Source Verified,debt_consolidation,IL,31.8,1.0,680.0,684.0,1.0,85.6,33.0,Individual,7,High Risk,Manual Review
13296720,1500.0, 36 months,20.49,E,E2,10+ years,OWN,38000.0,Verified,vacation,NY,9.35,2.0,675.0,679.0,0.0,86.3,26.0,Individual,5,High Risk,Manual Review
13296865,24000.0, 60 months,23.43,F,F1,7 years,RENT,120000.0,Verified,debt_consolidation,NJ,16.66,1.0,660.0,664.0,2.0,98.7,11.0,Individual,5,High Risk,Manual Review
13276566,6675.0, 36 months,25.8,G,G1,2 years,RENT,37700.0,Source Verified,car,AR,32.16,0.0,685.0,689.0,4.0,95.8,20.0,Individual,6,High Risk,Manual Review
13118530,35000.0, 36 months,19.99,E,E1,5 years,RENT,160000.0,Source Verified,debt_consolidation,TX,12.6,2.0,665.0,669.0,2.0,91.6,25.0,Individual,5,High Risk,Manual Review
13138564,35000.0, 60 months,19.99,E,E1,10+ years,RENT,84000.0,Verified,debt_consolidation,CA,34.56,1.0,685.0,689.0,0.0,66.5,44.0,Individual,6,High Risk,Manual Review
13058425,12000.0, 60 months,19.99,E,E1,9 years,MORTGAGE,39279.0,Source Verified,debt_consolidation,MN,30.4,0.0,700.0,704.0,0.0,74.4,18.0,Individual,5,High Risk,Manual Review
13195992,16000.0, 60 months,19.99,E,E1,4 years,OWN,58800.0,Verified,debt_consolidation,GA,30.55,0.0,680.0,684.0,4.0,26.0,22.0,Individual,5,High Risk,Manual Review
13168278,7200.0, 36 months,22.45,E,E5,10+ years,OWN,30000.0,Source Verified,debt_consolidation,MI,16.4,1.0,665.0,669.0,1.0,95.3,24.0,Individual,5,High Risk,Manual Review
13198178,10650.0, 60 months,19.99,E,E1,8 years,RENT,32000.0,Source Verified,debt_consolidation,TX,30.53,0.0,665.0,669.0,0.0,79.7,48.0,Individual,5,High Risk,Manual Review
13098274,22250.0, 60 months,21.99,E,E4,2 years,RENT,70000.0,Verified,small_business,TX,30.97,1.0,675.0,679.0,0.0,42.7,32.0,Individual,6,High Risk,Manual Review
13058122,18825.0, 60 months,24.99,F,F4,< 1 year,OWN,200000.0,Source Verified,home_improvement,CA,5.33,1.0,665.0,669.0,2.0,91.3,19.0,Individual,5,High Risk,Manual Review
13128151,10025.0, 60 months,21.99,E,E4,4 years,MORTGAGE,65000.0,Verified,home_improvement,NM,30.98,1.0,675.0,679.0,1.0,43.0,24.0,Individual,6,High Risk,Manual Review
13188014,15600.0, 60 months,20.49,E,E2,10+ years,MORTGAGE,76000.0,Verified,debt_consolidation,CA,32.15,0.0,660.0,664.0,1.0,82.6,19.0,Individual,6,High Risk,Manual Review
13148033,30000.0, 60 months,20.49,E,E2,< 1 year,MORTGAGE,105000.0,Verified,debt_consolidation,OH,31.35,1.0,680.0,684.0,0.0,82.1,40.0,Individual,7,High Risk,Manual Review
13178053,5950.0, 36 months,23.43,F,F1,4 years,RENT,31000.0,Verified,small_business,WI,33.6,0.0,710.0,714.0,1.0,9.1,30.0,Individual,5,High Risk,Manual Review
13058010,10000.0, 36 months,19.99,E,E1,10+ years,MORTGAGE,52000.0,Not Verified,other,NC,30.33,0.0,685.0,689.0,1.0,72.2,47.0,Individual,5,High Risk,Manual Review
13046538,8000.0, 36 months,15.31,C,C4,10+ years,MORTGAGE,81621.0,Verified,debt_consolidation,OH,32.29,8.0,660.0,664.0,0.0,82.9,38.0,Individual,5,High Risk,Manual Review
13177909,20000.0, 60 months,22.45,E,E5,10+ years,MORTGAGE,50000.0,Verified,debt_consolidation,NY,32.55,0.0,705.0,709.0,0.0,80.0,33.0,Individual,5,High Risk,Manual Review
13147851,1800.0, 36 months,19.99,E,E1,10+ years,MORTGAGE,29000.0,Not Verified,debt_consolidation,MN,30.71,0.0,685.0,689.0,0.0,97.5,13.0,Individual,6,High Risk,Manual Review
13097981,35000.0, 60 months,23.43,F,F1,10+ years,RENT,105000.0,Verified,debt_consolidation,MA,32.54,0.0,660.0,664.0,1.0,68.0,40.0,Individual,5,High Risk,Manual Review
13127910,29675.0, 60 months,22.45,E,E5,10+ years,RENT,70800.0,Verified,debt_consolidation,OK,31.51,0.0,660.0,664.0,1.0,73.0,36.0,Individual,5,High Risk,Manual Review
13167919,18350.0, 60 months,20.49,E,E2,,OWN,48000.0,Verified,home_improvement,GA,32.58,0.0,675.0,679.0,2.0,63.3,18.0,Individual,5,High Risk,Manual Review
13157586,10300.0, 60 months,21.18,E,E3,,RENT,24600.0,Verified,debt_consolidation,OR,31.17,0.0,685.0,689.0,0.0,70.2,18.0,Individual,5,High Risk,Manual Review
13047901,9600.0, 36 months,16.59,D,D1,< 1 year,RENT,42000.0,Verified,car,CA,34.51,2.0,680.0,684.0,0.0,98.9,12.0,Individual,5,High Risk,Manual Review
13127838,6250.0, 36 months,19.99,E,E1,10+ years,MORTGAGE,65000.0,Not Verified,debt_consolidation,VA,32.0,4.0,675.0,679.0,1.0,19.8,26.0,Individual,6,High Risk,Manual Review
13087771,17050.0, 36 months,21.99,E,E4,10+ years,RENT,65000.0,Source Verified,credit_card,CA,30.16,0.0,670.0,674.0,3.0,68.9,37.0,Individual,5,High Risk,Manual Review
13147635,35000.0, 60 months,22.45,E,E5,9 years,MORTGAGE,91000.0,Verified,debt_consolidation,TX,27.78,1.0,690.0,694.0,0.0,94.9,24.0,Individual,5,High Risk,Manual Review
13147603,4000.0, 36 months,21.99,E,E4,3 years,OWN,21000.0,Not Verified,other,IL,30.46,0.0,735.0,739.0,3.0,32.8,37.0,Individual,5,High Risk,Manual Review
12475323,22250.0, 60 months,21.18,E,E3,10+ years,MORTGAGE,55700.0,Verified,debt_consolidation,WV,34.58,0.0,745.0,749.0,4.0,21.6,28.0,Individual,5,High Risk,Manual Review
13095830,16000.0, 60 months,21.99,E,E4,2 years,RENT,92000.0,Verified,small_business,NY,33.8,0.0,730.0,734.0,2.0,33.0,31.0,Individual,5,High Risk,Manual Review
13077473,11975.0, 36 months,23.43,F,F1,10+ years,OWN,40000.0,Source Verified,debt_consolidation,NC,34.57,0.0,665.0,669.0,1.0,93.0,12.0,Individual,6,High Risk,Manual Review
13127580,14000.0, 60 months,19.99,E,E1,< 1 year,RENT,40000.0,Source Verified,debt_consolidation,WA,33.48,0.0,665.0,669.0,2.0,52.7,26.0,Individual,5,High Risk,Manual Review
13087501,5000.0, 36 months,24.08,F,F2,3 years,MORTGAGE,42000.0,Not Verified,debt_consolidation,MT,28.16,2.0,695.0,699.0,0.0,91.0,58.0,Individual,5,High Risk,Manual Review
13087459,27125.0, 60 months,21.99,E,E4,10+ years,MORTGAGE,60000.0,Not Verified,debt_consolidation,AR,32.24,1.0,700.0,704.0,0.0,30.9,43.0,Individual,6,High Risk,Manual Review
13077072,30200.0, 60 months,19.99,E,E1,10+ years,MORTGAGE,89000.0,Verified,debt_consolidation,NY,28.38,1.0,680.0,684.0,0.0,93.0,34.0,Individual,5,High Risk,Manual Review
9189663,11875.0, 36 months,24.08,F,F2,10+ years,MORTGAGE,79000.0,Verified,debt_consolidation,CT,17.44,1.0,665.0,669.0,1.0,89.0,30.0,Individual,5,High Risk,Manual Review
13056755,24000.0, 60 months,24.5,F,F3,9 years,OWN,85000.0,Verified,debt_consolidation,CA,25.4,1.0,660.0,664.0,0.0,97.8,40.0,Individual,5,High Risk,Manual Review
13157348,14850.0, 60 months,23.43,F,F1,< 1 year,RENT,41353.0,Source Verified,debt_consolidation,MN,32.85,0.0,665.0,669.0,0.0,93.0,10.0,Individual,6,High Risk,Manual Review
13177335,2400.0, 36 months,24.08,F,F2,7 years,MORTGAGE,27248.0,Not Verified,other,MI,34.49,0.0,660.0,664.0,0.0,91.1,12.0,Individual,6,High Risk,Manual Review
13097392,3975.0, 36 months,21.18,E,E3,10+ years,RENT,43000.0,Verified,other,OH,34.3,1.0,670.0,674.0,0.0,88.0,22.0,Individual,7,High Risk,Manual Review
13107283,19750.0, 60 months,25.8,G,G1,10+ years,RENT,75000.0,Source Verified,debt_consolidation,LA,20.8,1.0,660.0,664.0,1.0,99.2,34.0,Individual,5,High Risk,Manual Review
13087281,3250.0, 36 months,21.99,E,E4,10+ years,RENT,22561.0,Not Verified,moving,AZ,30.37,2.0,665.0,669.0,0.0,32.1,10.0,Individual,6,High Risk,Manual Review
13077215,10000.0, 60 months,21.18,E,E3,10+ years,RENT,45000.0,Verified,car,NJ,34.69,0.0,660.0,664.0,2.0,36.0,30.0,Individual,5,High Risk,Manual Review
13106694,4000.0, 36 months,19.99,E,E1,10+ years,OWN,30000.0,Verified,debt_consolidation,WV,30.96,2.0,675.0,679.0,0.0,31.9,28.0,Individual,6,High Risk,Manual Review
13206146,4075.0, 36 months,21.18,E,E3,< 1 year,MORTGAGE,28000.0,Not Verified,other,KS,32.19,1.0,705.0,709.0,0.0,71.1,14.0,Individual,6,High Risk,Manual Review
13177113,19200.0, 60 months,20.49,E,E2,2 years,MORTGAGE,62500.0,Not Verified,debt_consolidation,TN,31.09,2.0,670.0,674.0,1.0,44.3,57.0,Individual,6,High Risk,Manual Review
13126658,10750.0, 60 months,24.99,F,F4,10+ years,MORTGAGE,38000.0,Not Verified,debt_consolidation,OH,30.92,0.0,675.0,679.0,4.0,88.5,21.0,Individual,6,High Risk,Manual Review
13157110,22950.0, 60 months,21.99,E,E4,10+ years,MORTGAGE,84000.0,Not Verified,credit_card,TX,31.37,1.0,670.0,674.0,3.0,56.3,54.0,Individual,6,High Risk,Manual Review
13087088,14450.0, 60 months,21.18,E,E3,10+ years,MORTGAGE,43400.0,Not Verified,debt_consolidation,SC,30.03,0.0,710.0,714.0,1.0,46.7,23.0,Individual,5,High Risk,Manual Review
13067090,18000.0, 36 months,22.45,E,E5,10+ years,RENT,50000.0,Not Verified,debt_consolidation,IN,18.22,1.0,665.0,669.0,2.0,93.5,29.0,Individual,5,High Risk,Manual Review
13167059,14375.0, 60 months,23.43,F,F1,10+ years,MORTGAGE,40000.0,Source Verified,debt_consolidation,OK,33.39,4.0,675.0,679.0,0.0,73.9,19.0,Individual,6,High Risk,Manual Review
13107008,31450.0, 60 months,20.49,E,E2,< 1 year,MORTGAGE,75000.0,Verified,debt_consolidation,MN,9.34,7.0,665.0,669.0,0.0,85.4,49.0,Individual,5,High Risk,Manual Review
13117024,30375.0, 60 months,24.99,F,F4,10+ years,OWN,155000.0,Verified,home_improvement,MD,10.13,1.0,660.0,664.0,3.0,88.1,39.0,Individual,5,High Risk,Manual Review
12499053,20000.0, 36 months,21.18,E,E3,9 years,MORTGAGE,70000.0,Source Verified,debt_consolidation,MI,20.95,2.0,665.0,669.0,0.0,94.7,34.0,Individual,5,High Risk,Manual Review
13176756,14350.0, 60 months,22.45,E,E5,9 years,MORTGAGE,40000.0,Source Verified,debt_consolidation,VA,17.79,1.0,670.0,674.0,0.0,85.3,18.0,Individual,5,High Risk,Manual Review
13116806,25000.0, 60 months,19.99,E,E1,10+ years,MORTGAGE,110000.0,Verified,debt_consolidation,VA,21.62,3.0,680.0,684.0,2.0,93.8,55.0,Individual,5,High Risk,Manual Review
13066808,11000.0, 60 months,25.83,G,G2,4 years,RENT,53000.0,Source Verified,moving,CA,32.88,1.0,660.0,664.0,2.0,48.4,15.0,Individual,6,High Risk,Manual Review
13096681,10000.0, 60 months,19.99,E,E1,,MORTGAGE,60322.0,Verified,home_improvement,CA,14.98,1.0,670.0,674.0,2.0,91.2,33.0,Individual,5,High Risk,Manual Review
12765518,35000.0, 60 months,20.49,E,E2,6 years,MORTGAGE,96415.0,Verified,debt_consolidation,MO,31.08,1.0,665.0,669.0,0.0,71.4,46.0,Individual,6,High Risk,Manual Review
13156516,20000.0, 60 months,21.99,E,E4,2 years,MORTGAGE,63000.0,Not Verified,debt_consolidation,GA,30.34,1.0,680.0,684.0,4.0,91.3,34.0,Individual,7,High Risk,Manual Review
13056598,12575.0, 36 months,19.99,E,E1,3 years,RENT,35000.0,Source Verified,debt_consolidation,WI,30.66,0.0,685.0,689.0,0.0,47.3,24.0,Individual,5,High Risk,Manual Review
13076101,28700.0, 60 months,22.45,E,E5,10+ years,MORTGAGE,68455.0,Verified,debt_consolidation,OH,18.69,2.0,665.0,669.0,2.0,88.3,26.0,Individual,5,High Risk,Manual Review
12707227,35000.0, 60 months,23.43,F,F1,10+ years,MORTGAGE,150000.0,Verified,debt_consolidation,NJ,11.76,2.0,665.0,669.0,0.0,84.3,30.0,Individual,5,High Risk,Manual Review
13186250,19950.0, 60 months,24.5,F,F3,10+ years,OWN,150000.0,Not Verified,home_improvement,IL,11.71,2.0,670.0,674.0,3.0,92.0,20.0,Individual,5,High Risk,Manual Review
13156221,35000.0, 60 months,19.99,E,E1,4 years,RENT,300000.0,Verified,debt_consolidation,CA,8.5,1.0,685.0,689.0,1.0,85.3,39.0,Individual,5,High Risk,Manual Review
13086299,5000.0, 36 months,19.99,E,E1,10+ years,MORTGAGE,82000.0,Verified,other,GA,20.23,1.0,665.0,669.0,2.0,86.8,28.0,Individual,5,High Risk,Manual Review
13056277,14800.0, 60 months,21.18,E,E3,2 years,MORTGAGE,90000.0,Not Verified,home_improvement,WY,32.95,0.0,665.0,669.0,0.0,90.6,34.0,Individual,6,High Risk,Manual Review
13056263,26775.0, 60 months,22.45,E,E5,6 years,MORTGAGE,61000.0,Not Verified,debt_consolidation,TX,30.22,1.0,685.0,689.0,0.0,55.3,35.0,Individual,6,High Risk,Manual Review
13106116,28750.0, 60 months,20.49,E,E2,< 1 year,MORTGAGE,237687.0,Source Verified,home_improvement,WV,7.51,1.0,680.0,684.0,0.0,117.7,30.0,Individual,5,High Risk,Manual Review
13056093,35000.0, 60 months,21.18,E,E3,10+ years,MORTGAGE,87000.0,Verified,debt_consolidation,PA,28.24,1.0,670.0,674.0,0.0,94.8,40.0,Individual,5,High Risk,Manual Review
12478446,27200.0, 60 months,23.43,F,F1,< 1 year,RENT,65000.0,Source Verified,debt_consolidation,NY,29.06,1.0,690.0,694.0,0.0,84.2,19.0,Individual,5,High Risk,Manual Review
10576202,35000.0, 60 months,25.89,G,G3,10+ years,MORTGAGE,91000.0,Verified,debt_consolidation,CO,31.1,0.0,660.0,664.0,1.0,70.7,26.0,Individual,5,High Risk,Manual Review
13156075,2500.0, 36 months,20.49,E,E2,10+ years,OWN,36000.0,Not Verified,other,TX,33.87,1.0,660.0,664.0,0.0,70.3,34.0,Individual,6,High Risk,Manual Review
13165895,4800.0, 36 months,21.99,E,E4,,RENT,42000.0,Verified,medical,AZ,33.75,0.0,670.0,674.0,0.0,65.4,17.0,Individual,5,High Risk,Manual Review
13145842,15450.0, 60 months,21.99,E,E4,2 years,MORTGAGE,40100.0,Verified,debt_consolidation,GA,34.66,0.0,670.0,674.0,0.0,49.7,31.0,Individual,5,High Risk,Manual Review
13115917,32950.0, 60 months,21.18,E,E3,9 years,RENT,75000.0,Verified,debt_consolidation,AZ,30.56,0.0,705.0,709.0,0.0,77.5,16.0,Individual,5,High Risk,Manual Review
13185813,3000.0, 36 months,21.18,E,E3,10+ years,MORTGAGE,65000.0,Not Verified,debt_consolidation,OH,26.38,3.0,670.0,674.0,1.0,86.3,26.0,Individual,5,High Risk,Manual Review
12937664,13350.0, 60 months,20.49,E,E2,9 years,RENT,40000.0,Source Verified,debt_consolidation,PA,30.15,0.0,710.0,714.0,0.0,16.6,14.0,Individual,5,High Risk,Manual Review
13038752,35000.0, 60 months,20.49,E,E2,10+ years,MORTGAGE,115000.0,Verified,medical,NC,14.59,1.0,695.0,699.0,0.0,92.0,27.0,Individual,5,High Risk,Manual Review
12978687,4650.0, 36 months,19.99,E,E1,10+ years,MORTGAGE,57298.0,Verified,debt_consolidation,OH,34.63,5.0,660.0,664.0,0.0,83.4,18.0,Individual,7,High Risk,Manual Review
12988560,1500.0, 36 months,23.43,F,F1,10+ years,MORTGAGE,65000.0,Source Verified,home_improvement,IL,13.87,1.0,670.0,674.0,0.0,94.9,25.0,Individual,5,High Risk,Manual Review
12515575,18000.0, 36 months,21.18,E,E3,10+ years,OWN,45000.0,Verified,debt_consolidation,MA,32.39,0.0,690.0,694.0,1.0,77.8,18.0,Individual,5,High Risk,Manual Review
12388890,27325.0, 60 months,24.5,F,F3,10+ years,RENT,72000.0,Source Verified,debt_consolidation,AL,31.02,0.0,695.0,699.0,2.0,69.1,28.0,Individual,5,High Risk,Manual Review
13038650,19375.0, 60 months,22.45,E,E5,10+ years,MORTGAGE,54000.0,Source Verified,debt_consolidation,IN,31.87,0.0,685.0,689.0,1.0,85.7,37.0,Individual,6,High Risk,Manual Review
12918579,25200.0, 60 months,19.99,E,E1,10+ years,OWN,135000.0,Verified,home_improvement,NJ,10.56,2.0,685.0,689.0,1.0,85.3,40.0,Individual,5,High Risk,Manual Review
12977129,2950.0, 36 months,20.49,E,E2,4 years,RENT,30000.0,Source Verified,debt_consolidation,IL,34.4,0.0,680.0,684.0,3.0,75.3,22.0,Individual,5,High Risk,Manual Review
13017157,18000.0, 60 months,21.18,E,E3,10+ years,MORTGAGE,68000.0,Source Verified,debt_consolidation,OH,16.89,1.0,670.0,674.0,3.0,86.0,22.0,Individual,5,High Risk,Manual Review
12285467,4725.0, 36 months,20.49,E,E2,2 years,RENT,42000.0,Source Verified,major_purchase,NV,31.35,1.0,665.0,669.0,0.0,70.5,18.0,Individual,6,High Risk,Manual Review
12928444,3725.0, 36 months,19.99,E,E1,8 years,MORTGAGE,115000.0,Source Verified,home_improvement,IL,17.33,1.0,665.0,669.0,0.0,91.4,20.0,Individual,5,High Risk,Manual Review
12968272,5975.0, 36 months,19.99,E,E1,10+ years,RENT,65000.0,Verified,debt_consolidation,TX,21.25,2.0,660.0,664.0,2.0,96.4,42.0,Individual,5,High Risk,Manual Review
12968245,4600.0, 36 months,19.99,E,E1,10+ years,MORTGAGE,135000.0,Source Verified,other,TN,34.55,3.0,665.0,669.0,0.0,98.9,25.0,Individual,7,High Risk,Manual Review
12998157,20000.0, 60 months,19.99,E,E1,8 years,MORTGAGE,68000.0,Source Verified,debt_consolidation,CA,30.92,0.0,685.0,689.0,0.0,52.7,23.0,Individual,5,High Risk,Manual Review
12926215,22800.0, 60 months,24.99,F,F4,2 years,RENT,60000.0,Source Verified,debt_consolidation,CA,33.88,0.0,660.0,664.0,1.0,81.2,21.0,Individual,6,High Risk,Manual Review
12968174,3725.0, 36 months,20.49,E,E2,,RENT,26500.0,Verified,debt_consolidation,CA,13.45,1.0,660.0,664.0,0.0,91.4,10.0,Individual,5,High Risk,Manual Review
13028074,19950.0, 60 months,21.18,E,E3,5 years,MORTGAGE,78000.0,Verified,debt_consolidation,IL,30.05,1.0,700.0,704.0,0.0,76.4,36.0,Individual,6,High Risk,Manual Review
12977985,35000.0, 60 months,21.18,E,E3,10+ years,MORTGAGE,80000.0,Verified,debt_consolidation,IL,18.8,1.0,695.0,699.0,0.0,84.6,37.0,Individual,5,High Risk,Manual Review
12957943,13150.0, 60 months,19.99,E,E1,1 year,RENT,33000.0,Source Verified,debt_consolidation,PA,30.04,1.0,660.0,664.0,1.0,83.1,22.0,Individual,7,High Risk,Manual Review
12917920,12000.0, 36 months,19.99,E,E1,4 years,MORTGAGE,79000.0,Source Verified,debt_consolidation,TX,33.04,0.0,695.0,699.0,1.0,62.7,22.0,Individual,5,High Risk,Manual Review
12917941,30000.0, 60 months,25.57,F,F5,9 years,MORTGAGE,108000.0,Source Verified,debt_consolidation,TX,30.8,0.0,660.0,664.0,0.0,66.1,61.0,Individual,5,High Risk,Manual Review
13027793,14050.0, 60 months,21.99,E,E4,10+ years,RENT,80000.0,Source Verified,debt_consolidation,NY,31.68,1.0,695.0,699.0,0.0,38.5,26.0,Individual,6,High Risk,Manual Review
13007756,21000.0, 60 months,17.57,D,D2,10+ years,MORTGAGE,91000.0,Source Verified,credit_card,MI,30.31,1.0,685.0,689.0,3.0,91.0,44.0,Individual,5,High Risk,Manual Review
13047333,10000.0, 60 months,24.08,F,F2,,OWN,75075.0,Verified,vacation,NY,12.44,1.0,670.0,674.0,1.0,85.9,43.0,Individual,5,High Risk,Manual Review
13037962,17550.0, 60 months,23.43,F,F1,4 years,RENT,44000.0,Source Verified,debt_consolidation,MI,30.28,0.0,705.0,709.0,0.0,40.2,17.0,Individual,5,High Risk,Manual Review
13047849,23800.0, 36 months,19.99,E,E1,10+ years,RENT,93072.0,Source Verified,debt_consolidation,CA,32.9,0.0,680.0,684.0,3.0,60.2,46.0,Individual,5,High Risk,Manual Review
12927130,19200.0, 60 months,20.49,E,E2,2 years,MORTGAGE,82000.0,Source Verified,debt_consolidation,TX,33.82,0.0,705.0,709.0,0.0,66.0,29.0,Individual,5,High Risk,Manual Review
12917886,18975.0, 60 months,19.99,E,E1,3 years,OWN,51000.0,Source Verified,debt_consolidation,PA,32.14,0.0,660.0,664.0,0.0,32.1,21.0,Individual,5,High Risk,Manual Review
12306691,35000.0, 60 months,21.99,E,E4,< 1 year,MORTGAGE,195000.0,Verified,debt_consolidation,CA,8.89,1.0,680.0,684.0,0.0,91.8,28.0,Individual,5,High Risk,Manual Review
12907755,35000.0, 60 months,24.5,F,F3,10+ years,MORTGAGE,150000.0,Source Verified,other,CA,14.67,1.0,685.0,689.0,0.0,99.6,24.0,Individual,5,High Risk,Manual Review
12409072,35000.0, 60 months,21.18,E,E3,10+ years,MORTGAGE,140000.0,Verified,debt_consolidation,IL,19.66,2.0,690.0,694.0,2.0,81.3,63.0,Individual,5,High Risk,Manual Review
13017486,2875.0, 36 months,19.99,E,E1,1 year,MORTGAGE,40000.0,Source Verified,debt_consolidation,NC,5.55,1.0,660.0,664.0,0.0,99.7,24.0,Individual,5,High Risk,Manual Review
12967713,18000.0, 60 months,20.49,E,E2,6 years,MORTGAGE,68000.0,Verified,home_improvement,VA,13.38,3.0,665.0,669.0,0.0,92.0,32.0,Individual,5,High Risk,Manual Review
12997472,30000.0, 60 months,19.99,E,E1,10+ years,MORTGAGE,122000.0,Source Verified,debt_consolidation,CA,11.45,2.0,680.0,684.0,0.0,97.1,20.0,Individual,5,High Risk,Manual Review
13027409,18000.0, 60 months,19.99,E,E1,10+ years,MORTGAGE,67500.0,Source Verified,debt_consolidation,AK,33.24,0.0,670.0,674.0,1.0,86.0,26.0,Individual,6,High Risk,Manual Review
13007552,12275.0, 60 months,22.45,E,E5,3 years,MORTGAGE,66000.0,Source Verified,debt_consolidation,WI,14.71,1.0,660.0,664.0,4.0,84.4,17.0,Individual,5,High Risk,Manual Review
12486378,10400.0, 36 months,25.57,F,F5,,MORTGAGE,50000.0,Verified,other,TX,31.17,0.0,680.0,684.0,1.0,60.7,19.0,Individual,5,High Risk,Manual Review
12597033,14375.0, 60 months,25.57,F,F5,< 1 year,RENT,50000.0,Source Verified,other,NY,33.46,0.0,700.0,704.0,0.0,67.2,43.0,Individual,5,High Risk,Manual Review
12907275,11900.0, 60 months,20.49,E,E2,2 years,MORTGAGE,91250.0,Verified,debt_consolidation,CO,12.84,1.0,660.0,664.0,1.0,88.5,24.0,Individual,5,High Risk,Manual Review
12356902,12550.0, 60 months,23.43,F,F1,7 years,MORTGAGE,35000.0,Source Verified,debt_consolidation,NC,28.64,1.0,665.0,669.0,0.0,89.2,15.0,Individual,5,High Risk,Manual Review
12967178,10000.0, 36 months,21.99,E,E4,10+ years,MORTGAGE,75112.14,Verified,debt_consolidation,VT,13.63,3.0,670.0,674.0,2.0,100.4,35.0,Individual,5,High Risk,Manual Review
12926507,5050.0, 36 months,24.5,F,F3,7 years,RENT,23700.0,Source Verified,debt_consolidation,NM,32.2,0.0,675.0,679.0,5.0,94.7,9.0,Individual,6,High Risk,Manual Review
13037098,17450.0, 60 months,21.18,E,E3,10+ years,RENT,52000.0,Verified,debt_consolidation,NC,33.14,2.0,675.0,679.0,4.0,64.2,43.0,Individual,6,High Risk,Manual Review
12957048,34875.0, 36 months,20.49,E,E2,4 years,MORTGAGE,76000.0,Source Verified,home_improvement,OH,31.38,0.0,685.0,689.0,1.0,52.5,11.0,Individual,5,High Risk,Manual Review
12927031,8000.0, 36 months,21.18,E,E3,8 years,MORTGAGE,48160.0,Source Verified,medical,MN,30.87,5.0,660.0,664.0,1.0,76.5,52.0,Individual,6,High Risk,Manual Review
12976401,30000.0, 60 months,19.99,E,E1,2 years,MORTGAGE,115000.0,Verified,debt_consolidation,PA,29.74,1.0,670.0,674.0,0.0,86.7,24.0,Individual,5,High Risk,Manual Review
12956915,3000.0, 36 months,24.5,F,F3,10+ years,MORTGAGE,67356.0,Source Verified,home_improvement,NC,7.8,1.0,670.0,674.0,1.0,88.5,26.0,Individual,5,High Risk,Manual Review
12966009,35000.0, 36 months,21.99,E,E4,2 years,MORTGAGE,190486.0,Verified,credit_card,FL,26.31,2.0,670.0,674.0,0.0,89.2,49.0,Individual,5,High Risk,Manual Review
12936921,24000.0, 60 months,24.08,F,F2,2 years,RENT,100000.0,Source Verified,debt_consolidation,PA,22.8,4.0,665.0,669.0,3.0,81.9,41.0,Individual,5,High Risk,Manual Review
12916889,33825.0, 60 months,24.08,F,F2,10+ years,RENT,120000.0,Source Verified,debt_consolidation,FL,15.15,1.0,685.0,689.0,2.0,80.9,19.0,Individual,5,High Risk,Manual Review
12996828,5900.0, 36 months,21.18,E,E3,< 1 year,RENT,75000.0,Source Verified,debt_consolidation,NV,4.38,4.0,660.0,664.0,0.0,94.0,16.0,Individual,5,High Risk,Manual Review
12936793,1000.0, 36 months,24.5,F,F3,9 years,OWN,50000.0,Source Verified,medical,IL,25.61,1.0,665.0,669.0,1.0,88.8,25.0,Individual,5,High Risk,Manual Review
13036675,10000.0, 60 months,24.08,F,F2,10+ years,RENT,100000.0,Source Verified,other,CA,19.92,1.0,660.0,664.0,1.0,83.4,53.0,Individual,5,High Risk,Manual Review
12906727,15000.0, 60 months,22.45,E,E5,3 years,MORTGAGE,85000.0,Verified,debt_consolidation,IL,26.77,4.0,660.0,664.0,0.0,81.6,44.0,Individual,5,High Risk,Manual Review
12936678,3850.0, 36 months,21.18,E,E3,6 years,RENT,27000.0,Source Verified,debt_consolidation,KS,34.53,0.0,670.0,674.0,0.0,87.2,24.0,Individual,6,High Risk,Manual Review
11698087,11900.0, 60 months,20.49,E,E2,10+ years,MORTGAGE,32000.0,Verified,debt_consolidation,MO,13.17,2.0,670.0,674.0,1.0,92.2,27.0,Individual,5,High Risk,Manual Review
12996660,29450.0, 60 months,20.49,E,E2,2 years,MORTGAGE,70000.0,Source Verified,credit_card,HI,32.13,0.0,700.0,704.0,0.0,76.8,31.0,Individual,5,High Risk,Manual Review
12906559,19800.0, 60 months,21.99,E,E4,10+ years,RENT,55000.0,Source Verified,debt_consolidation,NC,31.38,2.0,675.0,679.0,2.0,64.4,25.0,Individual,6,High Risk,Manual Review
12956592,27300.0, 60 months,21.99,E,E4,7 years,OWN,70000.0,Source Verified,debt_consolidation,OH,32.44,1.0,660.0,664.0,1.0,80.3,23.0,Individual,7,High Risk,Manual Review
13006529,12575.0, 60 months,19.99,E,E1,2 years,RENT,28800.0,Source Verified,debt_consolidation,OH,30.5,0.0,700.0,704.0,0.0,60.4,18.0,Individual,5,High Risk,Manual Review
12916445,4250.0, 36 months,19.99,E,E1,7 years,RENT,30000.0,Source Verified,medical,IN,16.16,3.0,690.0,694.0,0.0,90.8,25.0,Individual,5,High Risk,Manual Review
13006418,29575.0, 60 months,22.45,E,E5,10+ years,MORTGAGE,78000.0,Source Verified,debt_consolidation,NC,13.31,1.0,670.0,674.0,0.0,95.0,18.0,Individual,5,High Risk,Manual Review
12946473,35000.0, 60 months,19.99,E,E1,10+ years,RENT,180000.0,Verified,debt_consolidation,NJ,17.02,1.0,660.0,664.0,1.0,90.4,41.0,Individual,5,High Risk,Manual Review
13046338,13900.0, 60 months,19.99,E,E1,2 years,RENT,60000.0,Source Verified,debt_consolidation,CA,21.43,1.0,670.0,674.0,2.0,82.6,29.0,Individual,5,High Risk,Manual Review
13016116,20000.0, 60 months,21.99,E,E4,4 years,OWN,110000.0,Verified,debt_consolidation,CA,14.92,4.0,670.0,674.0,3.0,86.4,27.0,Individual,5,High Risk,Manual Review
12965648,13825.0, 60 months,22.45,E,E5,10+ years,MORTGAGE,40000.0,Verified,debt_consolidation,PA,33.03,0.0,660.0,664.0,0.0,49.9,35.0,Individual,5,High Risk,Manual Review
12916220,35000.0, 36 months,20.49,E,E2,10+ years,MORTGAGE,120000.0,Verified,debt_consolidation,AK,18.33,2.0,680.0,684.0,2.0,89.9,37.0,Individual,5,High Risk,Manual Review
13015922,20000.0, 60 months,25.8,G,G1,10+ years,MORTGAGE,106400.0,Source Verified,debt_consolidation,GA,21.87,2.0,660.0,664.0,0.0,97.8,27.0,Individual,5,High Risk,Manual Review
12995882,13175.0, 36 months,20.49,E,E2,10+ years,RENT,37000.0,Source Verified,debt_consolidation,PA,30.33,0.0,660.0,664.0,3.0,53.4,30.0,Individual,5,High Risk,Manual Review
13005994,17500.0, 60 months,21.18,E,E3,10+ years,OWN,44000.0,Source Verified,other,NY,33.89,0.0,705.0,709.0,1.0,34.6,50.0,Individual,5,High Risk,Manual Review
13035603,10000.0, 60 months,21.99,E,E4,2 years,MORTGAGE,71600.0,Source Verified,other,CA,34.71,0.0,665.0,669.0,3.0,63.1,51.0,Individual,5,High Risk,Manual Review
13015886,19000.0, 60 months,19.99,E,E1,10+ years,MORTGAGE,54000.0,Verified,credit_card,IN,34.58,0.0,670.0,674.0,0.0,89.9,26.0,Individual,6,High Risk,Manual Review
12955964,3825.0, 36 months,21.99,E,E4,5 years,RENT,24000.0,Verified,other,TN,33.2,0.0,660.0,664.0,1.0,59.0,13.0,Individual,5,High Risk,Manual Review
12955957,23700.0, 60 months,22.45,E,E5,10+ years,MORTGAGE,62000.0,Verified,debt_consolidation,AL,30.99,0.0,660.0,664.0,3.0,100.1,31.0,Individual,6,High Risk,Manual Review
12936053,22400.0, 36 months,19.99,E,E1,10+ years,RENT,70000.0,Verified,debt_consolidation,CA,21.0,3.0,660.0,664.0,1.0,88.7,27.0,Individual,5,High Risk,Manual Review
12965880,18600.0, 60 months,20.49,E,E2,10+ years,RENT,46800.0,Source Verified,debt_consolidation,NJ,30.69,0.0,685.0,689.0,0.0,77.5,13.0,Individual,5,High Risk,Manual Review
12995656,7700.0, 36 months,19.99,E,E1,< 1 year,RENT,26880.0,Source Verified,debt_consolidation,CA,33.17,0.0,675.0,679.0,0.0,76.4,11.0,Individual,5,High Risk,Manual Review
12925740,35000.0, 60 months,22.45,E,E5,5 years,RENT,78000.0,Verified,debt_consolidation,HI,33.86,3.0,685.0,689.0,0.0,68.4,34.0,Individual,6,High Risk,Manual Review
12945577,24000.0, 60 months,19.99,E,E1,3 years,MORTGAGE,115000.0,Source Verified,debt_consolidation,CO,15.63,1.0,670.0,674.0,1.0,88.6,35.0,Individual,5,High Risk,Manual Review
12686515,17225.0, 60 months,21.99,E,E4,3 years,RENT,48000.0,Verified,debt_consolidation,CA,33.75,0.0,695.0,699.0,1.0,52.1,22.0,Individual,5,High Risk,Manual Review
12866891,11000.0, 60 months,24.08,F,F2,1 year,RENT,34000.0,Source Verified,debt_consolidation,PA,33.71,1.0,675.0,679.0,0.0,14.5,24.0,Individual,6,High Risk,Manual Review
12896920,20000.0, 60 months,20.49,E,E2,< 1 year,MORTGAGE,120000.0,Source Verified,debt_consolidation,CO,2.21,3.0,695.0,699.0,0.0,88.5,20.0,Individual,5,High Risk,Manual Review
12866941,6000.0, 36 months,21.18,E,E3,8 years,OWN,40000.0,Source Verified,medical,WA,30.06,0.0,665.0,669.0,0.0,66.6,22.0,Individual,5,High Risk,Manual Review
12866952,13475.0, 36 months,21.18,E,E3,10+ years,MORTGAGE,45000.0,Source Verified,debt_consolidation,MD,30.8,0.0,665.0,669.0,4.0,70.2,30.0,Individual,5,High Risk,Manual Review
12796984,2000.0, 36 months,21.18,E,E3,10+ years,MORTGAGE,35000.0,Source Verified,other,TX,31.32,0.0,665.0,669.0,0.0,72.7,29.0,Individual,5,High Risk,Manual Review
12785637,35000.0, 36 months,19.99,E,E1,3 years,MORTGAGE,210000.0,Verified,credit_card,CA,18.24,2.0,660.0,664.0,3.0,96.7,33.0,Individual,5,High Risk,Manual Review
12806921,10000.0, 60 months,21.99,E,E4,1 year,MORTGAGE,95000.0,Verified,debt_consolidation,NY,31.2,0.0,660.0,664.0,0.0,66.0,15.0,Individual,5,High Risk,Manual Review
12676682,23475.0, 60 months,23.43,F,F1,7 years,MORTGAGE,65000.0,Verified,debt_consolidation,UT,33.31,0.0,665.0,669.0,0.0,77.9,21.0,Individual,5,High Risk,Manual Review
12776688,18000.0, 60 months,20.49,E,E2,2 years,RENT,45000.0,Source Verified,credit_card,CA,33.6,1.0,690.0,694.0,0.0,49.5,18.0,Individual,6,High Risk,Manual Review
12786665,35000.0, 60 months,24.5,F,F3,10+ years,MORTGAGE,113400.0,Verified,credit_card,VA,23.57,1.0,665.0,669.0,4.0,90.9,45.0,Individual,5,High Risk,Manual Review
12697651,35000.0, 60 months,19.99,E,E1,10+ years,RENT,90000.0,Verified,debt_consolidation,MD,30.59,0.0,710.0,714.0,0.0,84.2,40.0,Individual,6,High Risk,Manual Review
12566263,35000.0, 36 months,20.49,E,E2,3 years,MORTGAGE,235000.0,Verified,major_purchase,NY,8.14,2.0,660.0,664.0,4.0,82.3,28.0,Individual,5,High Risk,Manual Review
12856558,30000.0, 60 months,24.99,F,F4,1 year,RENT,80000.0,Source Verified,debt_consolidation,WA,15.41,1.0,660.0,664.0,3.0,84.6,32.0,Individual,5,High Risk,Manual Review
12806072,35000.0, 36 months,20.49,E,E2,6 years,MORTGAGE,188000.0,Source Verified,debt_consolidation,MI,13.47,1.0,670.0,674.0,0.0,81.8,12.0,Individual,5,High Risk,Manual Review
9857978,24725.0, 60 months,22.45,E,E5,5 years,MORTGAGE,55000.0,Verified,debt_consolidation,IL,33.01,1.0,725.0,729.0,0.0,96.0,23.0,Individual,7,High Risk,Manual Review
12427116,16825.0, 60 months,25.89,G,G3,5 years,RENT,56200.0,Source Verified,debt_consolidation,IL,33.95,0.0,675.0,679.0,1.0,71.0,25.0,Individual,5,High Risk,Manual Review
12826169,30000.0, 60 months,24.08,F,F2,10+ years,MORTGAGE,90000.0,Source Verified,debt_consolidation,WA,34.44,0.0,670.0,674.0,4.0,78.8,49.0,Individual,5,High Risk,Manual Review
12816408,19200.0, 60 months,22.45,E,E5,2 years,RENT,48000.0,Source Verified,debt_consolidation,OH,11.8,1.0,670.0,674.0,0.0,84.1,12.0,Individual,5,High Risk,Manual Review
12866278,12375.0, 60 months,19.47,D,D5,6 years,RENT,31000.0,Source Verified,debt_consolidation,TX,31.32,2.0,665.0,669.0,1.0,88.5,23.0,Individual,5,High Risk,Manual Review
12886351,19475.0, 60 months,21.18,E,E3,6 years,MORTGAGE,105000.0,Verified,debt_consolidation,IL,30.53,1.0,680.0,684.0,2.0,60.1,50.0,Individual,6,High Risk,Manual Review
12856288,20800.0, 60 months,19.99,E,E1,10+ years,MORTGAGE,80000.0,Source Verified,credit_card,IN,23.78,1.0,675.0,679.0,1.0,96.4,28.0,Individual,5,High Risk,Manual Review
12816291,24125.0, 60 months,19.99,E,E1,9 years,MORTGAGE,55000.0,Source Verified,debt_consolidation,IL,34.24,0.0,700.0,704.0,0.0,85.5,20.0,Individual,6,High Risk,Manual Review
12184961,17800.0, 60 months,19.99,E,E1,10+ years,MORTGAGE,82000.0,Verified,debt_consolidation,FL,34.03,4.0,710.0,714.0,0.0,93.3,29.0,Individual,7,High Risk,Manual Review
11675873,17925.0, 60 months,22.45,E,E5,1 year,MORTGAGE,52000.0,Verified,debt_consolidation,OH,32.13,0.0,715.0,719.0,0.0,42.5,46.0,Individual,5,High Risk,Manual Review
12866106,21050.0, 36 months,20.49,E,E2,10+ years,RENT,66000.0,Source Verified,credit_card,NJ,31.45,0.0,660.0,664.0,0.0,90.6,21.0,Individual,6,High Risk,Manual Review
12886150,15000.0, 60 months,19.99,E,E1,,OWN,60000.0,Verified,debt_consolidation,TX,31.06,0.0,680.0,684.0,2.0,34.0,33.0,Individual,5,High Risk,Manual Review
12806238,14975.0, 36 months,21.18,E,E3,10+ years,MORTGAGE,52000.0,Verified,debt_consolidation,TX,32.59,1.0,680.0,684.0,2.0,46.9,32.0,Individual,6,High Risk,Manual Review
12796098,15000.0, 60 months,19.99,E,E1,6 years,RENT,52000.0,Verified,debt_consolidation,PA,32.56,0.0,670.0,674.0,4.0,76.0,38.0,Individual,5,High Risk,Manual Review
12567531,25000.0, 60 months,21.99,E,E4,10+ years,MORTGAGE,57000.0,Source Verified,debt_consolidation,FL,30.8,0.0,710.0,714.0,0.0,79.1,23.0,Individual,5,High Risk,Manual Review
12646729,18000.0, 60 months,24.99,F,F4,2 years,RENT,45000.0,Source Verified,debt_consolidation,GA,32.32,0.0,670.0,674.0,0.0,54.5,26.0,Individual,5,High Risk,Manual Review
12675395,30000.0, 60 months,21.99,E,E4,3 years,MORTGAGE,135000.0,Source Verified,home_improvement,CA,25.96,1.0,685.0,689.0,3.0,92.7,50.0,Individual,5,High Risk,Manual Review
12825710,35000.0, 60 months,22.45,E,E5,1 year,MORTGAGE,100000.0,Verified,debt_consolidation,VA,21.38,5.0,660.0,664.0,2.0,82.2,33.0,Individual,5,High Risk,Manual Review
11875016,28000.0, 60 months,19.99,E,E1,10+ years,RENT,83000.0,Verified,credit_card,OK,31.9,0.0,705.0,709.0,2.0,74.0,23.0,Individual,5,High Risk,Manual Review
12676462,11500.0, 60 months,25.57,F,F5,1 year,OWN,32000.0,Source Verified,debt_consolidation,NC,31.59,0.0,670.0,674.0,0.0,44.9,33.0,Individual,5,High Risk,Manual Review
12627041,19200.0, 60 months,23.43,F,F1,10+ years,OWN,54000.0,Verified,debt_consolidation,WV,32.69,0.0,660.0,664.0,1.0,52.7,41.0,Individual,5,High Risk,Manual Review
12276904,17700.0, 60 months,21.99,E,E4,5 years,MORTGAGE,53000.0,Source Verified,credit_card,GA,31.89,0.0,690.0,694.0,0.0,99.8,34.0,Individual,6,High Risk,Manual Review
12615549,32625.0, 60 months,24.99,F,F4,7 years,MORTGAGE,86000.0,Verified,debt_consolidation,NJ,31.43,0.0,710.0,714.0,0.0,93.7,17.0,Individual,6,High Risk,Manual Review
12637421,31575.0, 36 months,21.18,E,E3,5 years,MORTGAGE,75433.8,Source Verified,debt_consolidation,AZ,31.12,0.0,685.0,689.0,3.0,68.6,18.0,Individual,5,High Risk,Manual Review
12627398,8775.0, 36 months,18.25,D,D3,5 years,RENT,29000.0,Verified,credit_card,IN,32.2,1.0,660.0,664.0,0.0,92.7,7.0,Individual,5,High Risk,Manual Review
12587450,8000.0, 36 months,21.99,E,E4,4 years,RENT,42000.0,Verified,debt_consolidation,NM,33.69,0.0,665.0,669.0,2.0,56.7,9.0,Individual,5,High Risk,Manual Review
12697289,17275.0, 36 months,19.99,E,E1,10+ years,RENT,60000.0,Source Verified,credit_card,CO,33.3,0.0,675.0,679.0,0.0,79.6,39.0,Individual,5,High Risk,Manual Review
12697188,11400.0, 60 months,21.18,E,E3,8 years,MORTGAGE,41000.0,Source Verified,debt_consolidation,OK,32.23,1.0,690.0,694.0,0.0,63.9,27.0,Individual,6,High Risk,Manual Review
12606234,28250.0, 60 months,25.57,F,F5,10+ years,MORTGAGE,75000.0,Verified,debt_consolidation,UT,33.44,1.0,675.0,679.0,5.0,76.0,27.0,Individual,6,High Risk,Manual Review
12596153,20000.0, 60 months,25.83,G,G2,10+ years,MORTGAGE,69000.0,Verified,debt_consolidation,NY,25.3,1.0,665.0,669.0,0.0,110.1,13.0,Individual,5,High Risk,Manual Review
12388094,10075.0, 60 months,21.18,E,E3,3 years,RENT,35000.0,Source Verified,debt_consolidation,FL,34.02,0.0,680.0,684.0,1.0,80.1,14.0,Individual,6,High Risk,Manual Review
12706743,15825.0, 60 months,24.5,F,F3,10+ years,MORTGAGE,44000.0,Source Verified,debt_consolidation,CO,22.39,3.0,660.0,664.0,1.0,88.1,15.0,Individual,5,High Risk,Manual Review
12655768,35000.0, 60 months,22.45,E,E5,10+ years,MORTGAGE,120000.0,Verified,debt_consolidation,MO,32.45,2.0,660.0,664.0,1.0,99.2,51.0,Individual,7,High Risk,Manual Review
12666562,18500.0, 36 months,19.99,E,E1,6 years,MORTGAGE,43000.0,Verified,credit_card,KS,31.76,0.0,680.0,684.0,0.0,82.7,27.0,Individual,6,High Risk,Manual Review
12586503,14400.0, 60 months,21.99,E,E4,10+ years,RENT,90000.0,Verified,debt_consolidation,CA,4.39,1.0,665.0,669.0,0.0,96.8,16.0,Individual,5,High Risk,Manual Review
12646448,25525.0, 36 months,23.43,F,F1,3 years,OWN,92000.0,Verified,debt_consolidation,NY,9.61,1.0,665.0,669.0,0.0,86.7,20.0,Individual,5,High Risk,Manual Review
12606457,23725.0, 60 months,23.43,F,F1,10+ years,MORTGAGE,62688.0,Source Verified,debt_consolidation,NC,30.97,1.0,670.0,674.0,0.0,77.5,37.0,Individual,6,High Risk,Manual Review
12626331,35000.0, 60 months,21.18,E,E3,5 years,MORTGAGE,121688.0,Verified,debt_consolidation,NJ,18.36,1.0,685.0,689.0,1.0,84.8,20.0,Individual,5,High Risk,Manual Review
12335425,15225.0, 60 months,25.8,G,G1,< 1 year,MORTGAGE,50000.0,Verified,other,GA,30.36,1.0,685.0,689.0,1.0,80.9,26.0,Individual,7,High Risk,Manual Review
12448051,35000.0, 60 months,22.45,E,E5,10+ years,RENT,120000.0,Source Verified,debt_consolidation,SC,20.36,1.0,680.0,684.0,2.0,91.9,31.0,Individual,5,High Risk,Manual Review
12656174,25075.0, 60 months,21.18,E,E3,2 years,MORTGAGE,87000.0,Source Verified,debt_consolidation,MA,13.57,2.0,660.0,664.0,0.0,87.8,15.0,Individual,5,High Risk,Manual Review
12686118,30000.0, 60 months,25.89,G,G3,10+ years,MORTGAGE,85000.0,Source Verified,debt_consolidation,HI,26.85,1.0,680.0,684.0,3.0,97.8,23.0,Individual,5,High Risk,Manual Review
12616194,13950.0, 60 months,22.45,E,E5,10+ years,MORTGAGE,42000.0,Verified,debt_consolidation,CO,34.94,3.0,715.0,719.0,2.0,33.5,36.0,Individual,6,High Risk,Manual Review
12616077,21200.0, 60 months,21.18,E,E3,5 years,MORTGAGE,101308.0,Source Verified,debt_consolidation,OR,32.33,1.0,670.0,674.0,0.0,96.7,38.0,Individual,7,High Risk,Manual Review
12566095,29250.0, 60 months,23.43,F,F1,9 years,MORTGAGE,130000.0,Source Verified,home_improvement,NY,11.22,2.0,660.0,664.0,0.0,81.1,15.0,Individual,5,High Risk,Manual Review
12566027,7325.0, 36 months,19.99,E,E1,7 years,OWN,56500.0,Not Verified,debt_consolidation,CA,8.94,1.0,660.0,664.0,1.0,88.8,10.0,Individual,5,High Risk,Manual Review
12347433,3500.0, 36 months,20.49,E,E2,10+ years,MORTGAGE,70000.0,Not Verified,debt_consolidation,NC,15.46,1.0,660.0,664.0,0.0,84.1,15.0,Individual,5,High Risk,Manual Review
12645526,18000.0, 60 months,21.99,E,E4,3 years,RENT,50000.0,Source Verified,debt_consolidation,PA,33.41,0.0,675.0,679.0,1.0,93.3,24.0,Individual,6,High Risk,Manual Review
12575937,19400.0, 60 months,21.18,E,E3,9 years,OWN,58000.0,Source Verified,home_improvement,OH,34.51,0.0,660.0,664.0,4.0,68.4,36.0,Individual,5,High Risk,Manual Review
12427515,21975.0, 36 months,21.99,E,E4,,OWN,64000.0,Verified,debt_consolidation,TN,32.72,0.0,660.0,664.0,0.0,67.9,22.0,Individual,5,High Risk,Manual Review
12427023,2875.0, 36 months,17.57,D,D2,,MORTGAGE,55250.0,Verified,debt_consolidation,MI,34.4,3.0,670.0,674.0,2.0,88.0,46.0,Individual,5,High Risk,Manual Review
12675710,20475.0, 60 months,24.5,F,F3,10+ years,RENT,57000.0,Source Verified,debt_consolidation,MI,30.76,0.0,690.0,694.0,1.0,76.0,37.0,Individual,5,High Risk,Manual Review
12419090,24000.0, 60 months,21.18,E,E3,10+ years,MORTGAGE,86000.0,Source Verified,debt_consolidation,CA,31.82,0.0,665.0,669.0,2.0,77.5,51.0,Individual,5,High Risk,Manual Review
12605695,20000.0, 60 months,21.18,E,E3,9 years,MORTGAGE,102000.0,Verified,small_business,TX,34.42,0.0,685.0,689.0,0.0,82.8,44.0,Individual,6,High Risk,Manual Review
12705637,10000.0, 60 months,21.99,E,E4,8 years,RENT,53000.0,Source Verified,debt_consolidation,CA,30.75,2.0,665.0,669.0,4.0,79.5,34.0,Individual,6,High Risk,Manual Review
12625560,24925.0, 60 months,19.99,E,E1,10+ years,MORTGAGE,52000.0,Verified,home_improvement,TX,33.33,1.0,725.0,729.0,1.0,58.0,12.0,Individual,6,High Risk,Manual Review
12419324,14375.0, 60 months,24.99,F,F4,,MORTGAGE,40000.0,Verified,debt_consolidation,OH,32.88,2.0,695.0,699.0,0.0,22.8,34.0,Individual,6,High Risk,Manual Review
12385383,35000.0, 60 months,20.49,E,E2,10+ years,MORTGAGE,103641.0,Verified,debt_consolidation,MO,31.16,0.0,720.0,724.0,1.0,91.0,18.0,Individual,6,High Risk,Manual Review
12595413,19600.0, 60 months,21.99,E,E4,1 year,MORTGAGE,49000.0,Source Verified,debt_consolidation,IN,33.09,0.0,670.0,674.0,0.0,75.1,14.0,Individual,5,High Risk,Manual Review
12675347,21350.0, 60 months,21.99,E,E4,1 year,MORTGAGE,51000.0,Source Verified,debt_consolidation,SC,30.13,0.0,685.0,689.0,1.0,93.9,35.0,Individual,6,High Risk,Manual Review
12685424,3600.0, 36 months,21.18,E,E3,,RENT,57000.0,Verified,vacation,MI,30.48,0.0,675.0,679.0,1.0,64.3,31.0,Individual,5,High Risk,Manual Review
12346241,22700.0, 36 months,21.99,E,E4,10+ years,MORTGAGE,60000.0,Source Verified,debt_consolidation,TN,30.78,0.0,710.0,714.0,1.0,83.7,32.0,Individual,6,High Risk,Manual Review
12296389,31425.0, 60 months,23.43,F,F1,3 years,MORTGAGE,75000.0,Source Verified,debt_consolidation,MI,30.02,0.0,705.0,709.0,0.0,75.2,14.0,Individual,5,High Risk,Manual Review
12675201,26700.0, 60 months,19.99,E,E1,3 years,RENT,72000.0,Source Verified,debt_consolidation,IL,32.83,0.0,680.0,684.0,0.0,92.7,40.0,Individual,6,High Risk,Manual Review
12575221,16150.0, 36 months,23.43,F,F1,8 years,OWN,45000.0,Verified,debt_consolidation,KY,30.19,2.0,685.0,689.0,0.0,33.2,20.0,Individual,6,High Risk,Manual Review
12595256,20000.0, 60 months,21.18,E,E3,5 years,RENT,55000.0,Source Verified,debt_consolidation,FL,32.86,0.0,685.0,689.0,0.0,81.5,32.0,Individual,6,High Risk,Manual Review
12625146,15325.0, 60 months,21.99,E,E4,10+ years,MORTGAGE,70000.0,Source Verified,debt_consolidation,CA,31.24,2.0,690.0,694.0,0.0,73.4,36.0,Individual,6,High Risk,Manual Review
12419378,15250.0, 36 months,21.99,E,E4,9 years,RENT,120000.0,Source Verified,debt_consolidation,FL,9.28,1.0,660.0,664.0,0.0,98.2,4.0,Individual,5,High Risk,Manual Review
12355418,21250.0, 60 months,21.18,E,E3,3 years,RENT,50820.0,Source Verified,debt_consolidation,CA,33.91,0.0,715.0,719.0,0.0,92.0,20.0,Individual,6,High Risk,Manual Review
12399307,19050.0, 60 months,20.49,E,E2,2 years,RENT,53000.0,Source Verified,other,IL,33.76,0.0,715.0,719.0,2.0,35.1,37.0,Individual,5,High Risk,Manual Review
12459327,1000.0, 36 months,19.99,E,E1,< 1 year,MORTGAGE,65000.0,Source Verified,debt_consolidation,MD,12.7,1.0,685.0,689.0,0.0,81.0,20.0,Individual,5,High Risk,Manual Review
12469292,13475.0, 60 months,22.45,E,E5,10+ years,RENT,50000.0,Verified,debt_consolidation,IL,34.06,2.0,680.0,684.0,2.0,65.0,30.0,Individual,6,High Risk,Manual Review
12449311,1800.0, 36 months,21.18,E,E3,5 years,RENT,40100.0,Source Verified,major_purchase,NY,31.34,0.0,675.0,679.0,1.0,34.8,22.0,Individual,5,High Risk,Manual Review
12398972,12275.0, 60 months,19.99,E,E1,5 years,MORTGAGE,30700.0,Verified,debt_consolidation,MD,31.9,0.0,660.0,664.0,0.0,65.7,25.0,Individual,5,High Risk,Manual Review
7699474,25525.0, 60 months,24.5,F,F3,6 years,MORTGAGE,92000.0,Verified,home_improvement,CA,31.06,0.0,660.0,664.0,4.0,67.0,36.0,Individual,5,High Risk,Manual Review
12479036,20000.0, 60 months,24.08,F,F2,6 years,RENT,99500.0,Verified,debt_consolidation,OR,34.18,2.0,660.0,664.0,0.0,96.1,17.0,Individual,7,High Risk,Manual Review
12478532,11625.0, 36 months,21.18,E,E3,,RENT,32385.0,Verified,debt_consolidation,AZ,30.5,0.0,675.0,679.0,1.0,64.2,13.0,Individual,5,High Risk,Manual Review
12518891,18000.0, 60 months,22.45,E,E5,10+ years,RENT,70000.0,Verified,credit_card,CA,31.82,0.0,660.0,664.0,1.0,54.5,26.0,Individual,5,High Risk,Manual Review
12398838,11350.0, 60 months,21.99,E,E4,4 years,MORTGAGE,43000.0,Source Verified,debt_consolidation,AL,30.45,1.0,685.0,689.0,1.0,40.0,27.0,Individual,6,High Risk,Manual Review
12418816,5000.0, 36 months,24.08,F,F2,10+ years,OWN,15942.0,Verified,small_business,IL,32.15,1.0,700.0,704.0,1.0,37.0,13.0,Individual,6,High Risk,Manual Review
12295149,8000.0, 36 months,19.99,E,E1,7 years,OWN,32000.0,Source Verified,medical,KS,31.1,0.0,675.0,679.0,0.0,75.1,23.0,Individual,5,High Risk,Manual Review
11438039,12850.0, 60 months,21.99,E,E4,10+ years,RENT,36000.0,Verified,debt_consolidation,FL,30.2,0.0,720.0,724.0,0.0,87.7,13.0,Individual,6,High Risk,Manual Review
12508431,10000.0, 36 months,22.45,E,E5,< 1 year,MORTGAGE,47500.0,Verified,debt_consolidation,OH,27.44,1.0,685.0,689.0,2.0,95.2,38.0,Individual,5,High Risk,Manual Review
12448547,16000.0, 60 months,20.49,E,E2,10+ years,RENT,120000.0,Source Verified,debt_consolidation,IL,17.32,2.0,680.0,684.0,1.0,96.5,27.0,Individual,5,High Risk,Manual Review
12448558,17275.0, 36 months,19.99,E,E1,9 years,RENT,48000.0,Verified,credit_card,TX,31.23,0.0,660.0,664.0,0.0,74.5,39.0,Individual,5,High Risk,Manual Review
12428570,20275.0, 60 months,21.99,E,E4,10+ years,MORTGAGE,62000.0,Source Verified,debt_consolidation,NY,22.88,2.0,675.0,679.0,0.0,95.8,40.0,Individual,5,High Risk,Manual Review
12478539,35000.0, 60 months,25.57,F,F5,< 1 year,MORTGAGE,120000.0,Source Verified,home_improvement,CA,4.22,1.0,680.0,684.0,1.0,84.4,13.0,Individual,5,High Risk,Manual Review
12437560,12000.0, 60 months,25.8,G,G1,3 years,MORTGAGE,45000.0,Verified,debt_consolidation,OH,24.37,1.0,670.0,674.0,2.0,95.6,32.0,Individual,5,High Risk,Manual Review
12448536,18575.0, 60 months,23.43,F,F1,1 year,MORTGAGE,64300.0,Verified,debt_consolidation,TN,30.23,0.0,680.0,684.0,2.0,67.4,63.0,Individual,5,High Risk,Manual Review
11686698,4725.0, 36 months,21.18,E,E3,7 years,RENT,77000.0,Not Verified,other,NY,3.6,1.0,660.0,664.0,1.0,89.0,19.0,Individual,5,High Risk,Manual Review
12388473,29975.0, 60 months,21.18,E,E3,2 years,MORTGAGE,75000.0,Source Verified,debt_consolidation,LA,31.1,0.0,690.0,694.0,0.0,61.2,29.0,Individual,5,High Risk,Manual Review
12418263,24000.0, 60 months,21.99,E,E4,8 years,OWN,78000.0,Source Verified,credit_card,CA,32.1,0.0,710.0,714.0,3.0,79.4,24.0,Individual,5,High Risk,Manual Review
12447273,25000.0, 60 months,21.18,E,E3,3 years,MORTGAGE,122000.0,Verified,credit_card,TX,28.85,1.0,670.0,674.0,3.0,89.0,22.0,Individual,5,High Risk,Manual Review
12407921,14025.0, 60 months,21.18,E,E3,< 1 year,MORTGAGE,33000.0,Source Verified,debt_consolidation,NC,32.51,0.0,680.0,684.0,0.0,88.2,20.0,Individual,6,High Risk,Manual Review
12418249,27650.0, 60 months,22.45,E,E5,5 years,RENT,63000.0,Verified,debt_consolidation,PA,30.4,0.0,665.0,669.0,0.0,81.8,32.0,Individual,6,High Risk,Manual Review
12448464,28375.0, 60 months,24.5,F,F3,10+ years,MORTGAGE,68537.0,Source Verified,debt_consolidation,OH,30.91,0.0,680.0,684.0,0.0,89.0,32.0,Individual,6,High Risk,Manual Review
11885591,7100.0, 36 months,21.18,E,E3,10+ years,MORTGAGE,61379.0,Source Verified,other,IN,32.15,1.0,670.0,674.0,0.0,67.6,21.0,Individual,6,High Risk,Manual Review
12438273,2650.0, 60 months,21.18,E,E3,5 years,RENT,68852.0,Source Verified,other,WA,14.98,2.0,660.0,664.0,1.0,83.3,25.0,Individual,5,High Risk,Manual Review
12508184,21600.0, 60 months,21.18,E,E3,7 years,RENT,51557.0,Verified,debt_consolidation,WY,34.33,0.0,710.0,714.0,0.0,66.9,41.0,Individual,5,High Risk,Manual Review
12418120,16500.0, 60 months,22.45,E,E5,< 1 year,OWN,46000.0,Verified,debt_consolidation,SC,32.27,0.0,690.0,694.0,2.0,43.9,15.0,Individual,5,High Risk,Manual Review
12415316,23475.0, 36 months,21.18,E,E3,,MORTGAGE,62000.0,Verified,debt_consolidation,TX,30.6,0.0,660.0,664.0,0.0,75.6,31.0,Individual,5,High Risk,Manual Review
12336496,8050.0, 36 months,20.49,E,E2,2 years,RENT,32000.0,Source Verified,debt_consolidation,CA,33.72,0.0,665.0,669.0,3.0,76.0,52.0,Individual,5,High Risk,Manual Review
11815139,15000.0, 60 months,19.99,E,E1,10+ years,RENT,69500.0,Source Verified,credit_card,GA,19.18,1.0,660.0,664.0,1.0,94.4,27.0,Individual,5,High Risk,Manual Review
12517923,11200.0, 60 months,21.18,E,E3,9 years,RENT,42000.0,Verified,debt_consolidation,IN,31.34,0.0,680.0,684.0,1.0,33.0,44.0,Individual,5,High Risk,Manual Review
12397850,18525.0, 60 months,25.89,G,G3,1 year,MORTGAGE,300000.0,Verified,debt_consolidation,NJ,3.42,1.0,660.0,664.0,2.0,82.0,17.0,Individual,5,High Risk,Manual Review
12468030,18150.0, 60 months,22.45,E,E5,5 years,RENT,50000.0,Verified,debt_consolidation,MI,25.66,1.0,660.0,664.0,2.0,93.7,14.0,Individual,5,High Risk,Manual Review
12427542,35000.0, 60 months,21.18,E,E3,10+ years,MORTGAGE,135000.0,Source Verified,debt_consolidation,MO,21.56,1.0,685.0,689.0,0.0,83.0,30.0,Individual,5,High Risk,Manual Review
10884756,25000.0, 60 months,19.99,E,E1,9 years,RENT,68000.0,Verified,credit_card,WA,34.36,0.0,665.0,669.0,2.0,66.7,53.0,Individual,5,High Risk,Manual Review
12447918,5400.0, 36 months,22.45,E,E5,10+ years,MORTGAGE,75000.0,Verified,debt_consolidation,OH,17.3,1.0,660.0,664.0,2.0,87.8,50.0,Individual,5,High Risk,Manual Review
12437851,25000.0, 60 months,26.06,G,G5,10+ years,MORTGAGE,110000.0,Verified,house,IN,30.13,0.0,705.0,709.0,6.0,85.1,29.0,Individual,6,High Risk,Manual Review
12417510,11500.0, 60 months,21.18,E,E3,10+ years,RENT,29000.0,Source Verified,debt_consolidation,TN,30.63,0.0,680.0,684.0,0.0,77.7,19.0,Individual,5,High Risk,Manual Review
12497643,21200.0, 60 months,19.99,E,E1,4 years,MORTGAGE,95000.0,Source Verified,debt_consolidation,IL,33.17,0.0,680.0,684.0,4.0,33.4,47.0,Individual,5,High Risk,Manual Review
12457757,11175.0, 60 months,21.99,E,E4,5 years,RENT,35000.0,Source Verified,credit_card,KY,30.83,0.0,670.0,674.0,2.0,90.1,11.0,Individual,6,High Risk,Manual Review
12517719,30225.0, 60 months,22.45,E,E5,10+ years,MORTGAGE,98000.0,Verified,debt_consolidation,CA,14.4,1.0,665.0,669.0,2.0,96.8,28.0,Individual,5,High Risk,Manual Review
12437787,3150.0, 36 months,18.92,D,D4,10+ years,OWN,55000.0,Source Verified,debt_consolidation,OH,31.74,1.0,660.0,664.0,1.0,82.3,15.0,Individual,5,High Risk,Manual Review
12427627,20000.0, 36 months,20.49,E,E2,5 years,MORTGAGE,90000.0,Verified,other,MI,3.8,1.0,670.0,674.0,0.0,87.6,14.0,Individual,5,High Risk,Manual Review
12527637,16750.0, 60 months,23.43,F,F1,7 years,MORTGAGE,42000.0,Source Verified,debt_consolidation,MO,32.31,0.0,705.0,709.0,1.0,52.9,26.0,Individual,5,High Risk,Manual Review
12467686,21725.0, 60 months,24.99,F,F4,10+ years,RENT,75000.0,Source Verified,debt_consolidation,CA,6.82,1.0,665.0,669.0,3.0,88.4,25.0,Individual,5,High Risk,Manual Review
12256357,5000.0, 36 months,22.45,E,E5,10+ years,OWN,40000.0,Not Verified,debt_consolidation,MD,15.87,1.0,670.0,674.0,0.0,87.6,21.0,Individual,5,High Risk,Manual Review
12457282,20675.0, 60 months,19.99,E,E1,4 years,RENT,47000.0,Source Verified,debt_consolidation,PA,34.32,0.0,690.0,694.0,1.0,44.6,12.0,Individual,5,High Risk,Manual Review
12447270,24925.0, 60 months,22.45,E,E5,10+ years,MORTGAGE,102000.0,Verified,debt_consolidation,CA,14.47,2.0,665.0,669.0,1.0,87.9,23.0,Individual,5,High Risk,Manual Review
12487177,17250.0, 60 months,24.5,F,F3,< 1 year,MORTGAGE,48000.0,Verified,debt_consolidation,OH,34.78,0.0,660.0,664.0,5.0,58.0,23.0,Individual,5,High Risk,Manual Review
12497285,25200.0, 60 months,22.45,E,E5,,MORTGAGE,60938.88,Verified,home_improvement,WA,34.84,0.0,675.0,679.0,1.0,47.9,25.0,Individual,5,High Risk,Manual Review
12456591,19950.0, 60 months,23.43,F,F1,9 years,MORTGAGE,73000.0,Verified,debt_consolidation,NY,34.03,3.0,670.0,674.0,0.0,91.1,30.0,Individual,7,High Risk,Manual Review
12447118,14000.0, 60 months,20.49,E,E2,6 years,MORTGAGE,93000.0,Not Verified,debt_consolidation,VA,8.57,1.0,660.0,664.0,0.0,85.0,17.0,Individual,5,High Risk,Manual Review
12525404,30500.0, 60 months,24.99,F,F4,10+ years,MORTGAGE,75233.6,Source Verified,debt_consolidation,OH,27.47,1.0,670.0,674.0,2.0,81.8,47.0,Individual,5,High Risk,Manual Review
11637779,17225.0, 36 months,19.99,E,E1,10+ years,MORTGAGE,48000.0,Source Verified,debt_consolidation,NJ,31.2,0.0,675.0,679.0,0.0,93.8,14.0,Individual,6,High Risk,Manual Review
11438593,28000.0, 60 months,20.49,E,E2,10+ years,MORTGAGE,105000.0,Not Verified,credit_card,MA,31.12,2.0,710.0,714.0,2.0,16.6,20.0,Individual,6,High Risk,Manual Review
12525915,18000.0, 60 months,19.99,E,E1,10+ years,MORTGAGE,95000.0,Verified,credit_card,DC,4.7,1.0,660.0,664.0,2.0,86.1,18.0,Individual,5,High Risk,Manual Review
12487058,17750.0, 60 months,23.43,F,F1,10+ years,RENT,67000.0,Not Verified,debt_consolidation,MI,34.59,2.0,680.0,684.0,0.0,52.0,15.0,Individual,6,High Risk,Manual Review
12416964,4500.0, 36 months,21.18,E,E3,,MORTGAGE,15000.0,Verified,debt_consolidation,CA,30.4,0.0,670.0,674.0,1.0,51.9,12.0,Individual,5,High Risk,Manual Review
12476804,22075.0, 60 months,20.49,E,E2,10+ years,MORTGAGE,73000.0,Not Verified,credit_card,FL,7.94,1.0,660.0,664.0,0.0,93.7,12.0,Individual,5,High Risk,Manual Review
12347345,35000.0, 60 months,21.99,E,E4,7 years,MORTGAGE,93000.0,Not Verified,debt_consolidation,AZ,30.86,2.0,660.0,664.0,1.0,95.4,36.0,Individual,7,High Risk,Manual Review
11707864,18075.0, 60 months,25.57,F,F5,10+ years,MORTGAGE,50378.66,Not Verified,debt_consolidation,TX,34.35,0.0,675.0,679.0,3.0,52.8,56.0,Individual,5,High Risk,Manual Review
11935479,34550.0, 60 months,19.99,E,E1,4 years,MORTGAGE,140000.0,Verified,debt_consolidation,SC,22.06,1.0,680.0,684.0,0.0,82.5,29.0,Individual,5,High Risk,Manual Review
12406375,15475.0, 36 months,19.99,E,E1,8 years,MORTGAGE,88518.0,Verified,debt_consolidation,MD,20.16,3.0,665.0,669.0,0.0,91.8,44.0,Individual,5,High Risk,Manual Review
12406710,27100.0, 60 months,22.45,E,E5,3 years,RENT,70000.0,Source Verified,debt_consolidation,NY,16.0,4.0,665.0,669.0,0.0,86.4,23.0,Individual,5,High Risk,Manual Review
12406620,35000.0, 36 months,19.99,E,E1,2 years,RENT,98880.0,Source Verified,credit_card,VA,21.35,1.0,680.0,684.0,3.0,88.1,45.0,Individual,5,High Risk,Manual Review
12476788,13475.0, 60 months,25.89,G,G3,10+ years,RENT,45000.0,Verified,small_business,NJ,31.31,0.0,660.0,664.0,1.0,81.3,28.0,Individual,6,High Risk,Manual Review
11704854,5400.0, 36 months,23.43,F,F1,,MORTGAGE,26000.0,Verified,debt_consolidation,NC,32.87,1.0,685.0,689.0,0.0,65.7,18.0,Individual,6,High Risk,Manual Review
12436519,16675.0, 60 months,21.99,E,E4,3 years,MORTGAGE,49800.0,Source Verified,debt_consolidation,OH,30.72,0.0,670.0,674.0,1.0,58.8,19.0,Individual,5,High Risk,Manual Review
11678235,12075.0, 60 months,22.45,E,E5,10+ years,RENT,38000.0,Source Verified,debt_consolidation,MI,30.32,0.0,675.0,679.0,1.0,24.4,13.0,Individual,5,High Risk,Manual Review
12386409,4000.0, 36 months,20.49,E,E2,7 years,RENT,42000.0,Not Verified,medical,KS,30.89,0.0,675.0,679.0,1.0,36.6,28.0,Individual,5,High Risk,Manual Review
11357758,30375.0, 36 months,19.99,E,E1,6 years,RENT,80000.0,Source Verified,debt_consolidation,VA,33.24,0.0,680.0,684.0,0.0,94.9,25.0,Individual,6,High Risk,Manual Review
12516200,23000.0, 60 months,25.83,G,G2,10+ years,MORTGAGE,80000.0,Source Verified,debt_consolidation,MA,21.26,1.0,670.0,674.0,1.0,92.9,40.0,Individual,5,High Risk,Manual Review
12466136,35000.0, 60 months,25.83,G,G2,10+ years,MORTGAGE,125000.0,Verified,debt_consolidation,VA,21.53,1.0,665.0,669.0,1.0,98.1,29.0,Individual,5,High Risk,Manual Review
12396239,19200.0, 60 months,20.49,E,E2,10+ years,MORTGAGE,54000.0,Verified,debt_consolidation,NC,32.2,1.0,660.0,664.0,2.0,84.0,21.0,Individual,7,High Risk,Manual Review
12436200,10625.0, 36 months,22.45,E,E5,10+ years,RENT,49450.0,Source Verified,debt_consolidation,MN,20.97,1.0,660.0,664.0,2.0,89.4,15.0,Individual,5,High Risk,Manual Review
10695490,16700.0, 60 months,21.99,E,E4,< 1 year,RENT,42000.0,Source Verified,debt_consolidation,CA,31.57,0.0,690.0,694.0,1.0,40.2,17.0,Individual,5,High Risk,Manual Review
11418094,13975.0, 36 months,20.49,E,E2,6 years,RENT,35067.6,Verified,debt_consolidation,CO,30.39,0.0,680.0,684.0,1.0,96.3,11.0,Individual,6,High Risk,Manual Review
11445103,14575.0, 60 months,21.18,E,E3,4 years,MORTGAGE,72000.0,Verified,debt_consolidation,UT,34.42,4.0,670.0,674.0,1.0,45.7,37.0,Individual,6,High Risk,Manual Review
12526048,11925.0, 60 months,21.18,E,E3,10+ years,MORTGAGE,56000.0,Source Verified,debt_consolidation,CO,30.97,0.0,680.0,684.0,2.0,86.5,19.0,Individual,6,High Risk,Manual Review
12486082,11575.0, 60 months,20.49,E,E2,8 years,RENT,44170.0,Source Verified,debt_consolidation,MI,34.7,0.0,665.0,669.0,0.0,82.8,26.0,Individual,6,High Risk,Manual Review
12257491,2125.0, 36 months,21.99,E,E4,2 years,RENT,43000.0,Not Verified,moving,NY,4.41,1.0,665.0,669.0,1.0,91.6,21.0,Individual,5,High Risk,Manual Review
12545218,8000.0, 36 months,24.5,F,F3,,MORTGAGE,37224.0,Verified,home_improvement,WA,30.92,0.0,660.0,664.0,1.0,92.0,41.0,Individual,6,High Risk,Manual Review
11946306,10750.0, 60 months,22.45,E,E5,4 years,RENT,27000.0,Source Verified,debt_consolidation,MN,31.16,1.0,675.0,679.0,0.0,68.7,46.0,Individual,6,High Risk,Manual Review
12455868,24000.0, 60 months,19.99,E,E1,< 1 year,MORTGAGE,90000.0,Source Verified,debt_consolidation,RI,16.05,1.0,685.0,689.0,2.0,81.0,23.0,Individual,5,High Risk,Manual Review
12415744,23600.0, 60 months,21.18,E,E3,10+ years,RENT,59000.0,Source Verified,debt_consolidation,CA,13.77,2.0,660.0,664.0,0.0,90.6,22.0,Individual,5,High Risk,Manual Review
12515648,21825.0, 60 months,21.18,E,E3,10+ years,MORTGAGE,74962.0,Verified,credit_card,CT,23.85,1.0,665.0,669.0,1.0,89.0,17.0,Individual,5,High Risk,Manual Review
12485785,5000.0, 36 months,22.45,E,E5,10+ years,RENT,33000.0,Verified,debt_consolidation,AL,31.85,1.0,660.0,664.0,1.0,97.2,21.0,Individual,7,High Risk,Manual Review
12455684,29850.0, 60 months,20.49,E,E2,< 1 year,MORTGAGE,71200.0,Verified,debt_consolidation,NC,24.06,1.0,665.0,669.0,0.0,87.9,13.0,Individual,5,High Risk,Manual Review
11708265,14000.0, 60 months,19.99,E,E1,8 years,MORTGAGE,37460.81,Source Verified,debt_consolidation,NY,28.42,1.0,685.0,689.0,1.0,91.6,18.0,Individual,5,High Risk,Manual Review
11705158,23850.0, 60 months,21.18,E,E3,9 years,RENT,65000.0,Source Verified,debt_consolidation,CA,31.48,0.0,685.0,689.0,0.0,76.4,38.0,Individual,5,High Risk,Manual Review
11765009,19575.0, 60 months,24.5,F,F3,10+ years,MORTGAGE,54602.61,Verified,debt_consolidation,CA,34.95,0.0,695.0,699.0,0.0,42.1,24.0,Individual,5,High Risk,Manual Review
11926540,31000.0, 60 months,19.99,E,E1,1 year,OWN,72000.0,Source Verified,credit_card,PA,25.63,1.0,680.0,684.0,0.0,93.6,23.0,Individual,5,High Risk,Manual Review
12465595,35000.0, 60 months,20.49,E,E2,< 1 year,OWN,74475.0,Verified,debt_consolidation,PA,32.76,0.0,685.0,689.0,0.0,96.3,24.0,Individual,6,High Risk,Manual Review
12317119,4800.0, 36 months,19.99,E,E1,3 years,MORTGAGE,72000.0,Verified,home_improvement,CA,15.25,1.0,665.0,669.0,0.0,89.4,15.0,Individual,5,High Risk,Manual Review
12267082,13250.0, 36 months,19.99,E,E1,10+ years,MORTGAGE,37000.0,Verified,debt_consolidation,IN,10.61,1.0,660.0,664.0,0.0,84.6,17.0,Individual,5,High Risk,Manual Review
12297370,16500.0, 60 months,19.99,E,E1,< 1 year,RENT,40000.0,Source Verified,debt_consolidation,VA,33.99,0.0,710.0,714.0,1.0,76.8,26.0,Individual,5,High Risk,Manual Review
11398847,20600.0, 60 months,21.99,E,E4,2 years,RENT,51500.0,Source Verified,debt_consolidation,LA,15.5,3.0,665.0,669.0,0.0,83.9,20.0,Individual,5,High Risk,Manual Review
12485218,28000.0, 60 months,19.99,E,E1,10+ years,MORTGAGE,75000.0,Source Verified,home_improvement,CA,34.79,0.0,705.0,709.0,1.0,39.1,27.0,Individual,5,High Risk,Manual Review
12465275,24000.0, 60 months,19.99,E,E1,,RENT,69000.0,Verified,debt_consolidation,MA,32.19,0.0,695.0,699.0,0.0,58.3,29.0,Individual,5,High Risk,Manual Review
11696689,3900.0, 36 months,24.5,F,F3,8 years,MORTGAGE,42500.0,Source Verified,debt_consolidation,MN,32.31,0.0,665.0,669.0,3.0,97.8,21.0,Individual,6,High Risk,Manual Review
12495184,5000.0, 36 months,19.99,E,E1,3 years,MORTGAGE,25000.0,Source Verified,debt_consolidation,AL,31.88,0.0,660.0,664.0,1.0,96.9,23.0,Individual,6,High Risk,Manual Review
12495143,12875.0, 60 months,19.99,E,E1,3 years,MORTGAGE,98202.0,Source Verified,debt_consolidation,TX,34.95,0.0,715.0,719.0,3.0,43.9,38.0,Individual,5,High Risk,Manual Review
12267379,25000.0, 60 months,19.99,E,E1,9 years,MORTGAGE,81000.0,Source Verified,debt_consolidation,MA,18.28,2.0,665.0,669.0,0.0,95.3,16.0,Individual,5,High Risk,Manual Review
12297433,20000.0, 36 months,21.99,E,E4,1 year,MORTGAGE,108900.0,Verified,home_improvement,IN,14.64,2.0,690.0,694.0,1.0,97.6,31.0,Individual,5,High Risk,Manual Review
12297443,18000.0, 60 months,21.18,E,E3,10+ years,OWN,45000.0,Source Verified,debt_consolidation,OH,31.26,0.0,705.0,709.0,0.0,56.9,24.0,Individual,5,High Risk,Manual Review
11657187,35000.0, 60 months,23.43,F,F1,10+ years,MORTGAGE,96000.0,Verified,debt_consolidation,KS,30.4,0.0,685.0,689.0,1.0,89.5,19.0,Individual,6,High Risk,Manual Review
12286183,20825.0, 60 months,24.5,F,F3,10+ years,MORTGAGE,80000.0,Verified,debt_consolidation,GA,33.21,0.0,690.0,694.0,2.0,65.8,25.0,Individual,5,High Risk,Manual Review
12347387,13300.0, 60 months,21.99,E,E4,10+ years,RENT,37137.6,Source Verified,debt_consolidation,LA,29.54,2.0,660.0,664.0,2.0,86.1,20.0,Individual,5,High Risk,Manual Review
12347346,15950.0, 60 months,21.99,E,E4,10+ years,MORTGAGE,40000.0,Verified,debt_consolidation,KY,31.21,0.0,665.0,669.0,0.0,81.3,13.0,Individual,6,High Risk,Manual Review
12327278,14900.0, 60 months,21.18,E,E3,10+ years,MORTGAGE,83000.0,Source Verified,debt_consolidation,NC,17.68,3.0,680.0,684.0,0.0,93.2,26.0,Individual,5,High Risk,Manual Review
12257136,17300.0, 60 months,20.49,E,E2,< 1 year,RENT,59500.0,Verified,credit_card,NY,2.56,1.0,665.0,669.0,1.0,90.9,4.0,Individual,5,High Risk,Manual Review
11358477,29850.0, 60 months,20.49,E,E2,< 1 year,MORTGAGE,68000.0,Not Verified,credit_card,GA,32.05,0.0,715.0,719.0,0.0,72.3,21.0,Individual,5,High Risk,Manual Review
12356923,22750.0, 36 months,21.18,E,E3,10+ years,MORTGAGE,75000.0,Source Verified,debt_consolidation,CA,11.25,1.0,690.0,694.0,0.0,89.6,27.0,Individual,5,High Risk,Manual Review
12296779,31200.0, 60 months,22.45,E,E5,1 year,MORTGAGE,75000.0,Source Verified,debt_consolidation,WY,34.73,0.0,710.0,714.0,2.0,94.5,30.0,Individual,6,High Risk,Manual Review
12246890,10000.0, 60 months,21.99,E,E4,10+ years,MORTGAGE,54000.0,Source Verified,credit_card,KY,22.0,1.0,660.0,664.0,2.0,91.9,21.0,Individual,5,High Risk,Manual Review
11794685,11500.0, 60 months,21.18,E,E3,6 years,MORTGAGE,32040.0,Verified,home_improvement,AL,34.19,1.0,710.0,714.0,1.0,34.5,11.0,Individual,6,High Risk,Manual Review
12356786,30000.0, 60 months,19.99,E,E1,6 years,MORTGAGE,125000.0,Source Verified,debt_consolidation,TX,7.9,1.0,665.0,669.0,0.0,90.9,20.0,Individual,5,High Risk,Manual Review
12316423,17975.0, 60 months,21.18,E,E3,6 years,MORTGAGE,50000.0,Verified,debt_consolidation,PA,30.08,0.0,705.0,709.0,0.0,84.7,27.0,Individual,6,High Risk,Manual Review
11688572,22000.0, 60 months,19.99,E,E1,10+ years,OWN,50000.0,Verified,debt_consolidation,NJ,33.08,0.0,680.0,684.0,0.0,89.5,25.0,Individual,6,High Risk,Manual Review
12336796,12950.0, 60 months,22.45,E,E5,,RENT,36000.0,Verified,debt_consolidation,AZ,34.63,0.0,670.0,674.0,1.0,78.6,15.0,Individual,5,High Risk,Manual Review
11446684,11800.0, 36 months,21.18,E,E3,5 years,OWN,33000.0,Source Verified,debt_consolidation,VA,32.84,0.0,670.0,674.0,0.0,65.3,26.0,Individual,5,High Risk,Manual Review
12336720,18950.0, 36 months,20.49,E,E2,10+ years,MORTGAGE,52641.79,Not Verified,credit_card,CA,10.42,2.0,670.0,674.0,1.0,86.6,25.0,Individual,5,High Risk,Manual Review
12305502,22075.0, 60 months,22.45,E,E5,10+ years,OWN,85000.0,Source Verified,debt_consolidation,IL,25.54,1.0,680.0,684.0,0.0,88.4,19.0,Individual,5,High Risk,Manual Review
12356676,25000.0, 60 months,24.08,F,F2,4 years,MORTGAGE,160000.0,Source Verified,home_improvement,NJ,2.92,2.0,665.0,669.0,0.0,91.8,36.0,Individual,5,High Risk,Manual Review
12256618,35000.0, 60 months,21.99,E,E4,10+ years,MORTGAGE,165275.0,Verified,debt_consolidation,VA,10.07,4.0,665.0,669.0,2.0,85.1,37.0,Individual,5,High Risk,Manual Review
12246578,21000.0, 60 months,19.99,E,E1,10+ years,MORTGAGE,100000.0,Source Verified,debt_consolidation,NY,22.57,1.0,665.0,669.0,1.0,92.7,34.0,Individual,5,High Risk,Manual Review
11995074,19100.0, 60 months,19.99,E,E1,5 years,MORTGAGE,54926.0,Source Verified,debt_consolidation,IL,30.11,0.0,740.0,744.0,0.0,81.9,14.0,Individual,6,High Risk,Manual Review
12306366,3200.0, 36 months,23.43,F,F1,< 1 year,RENT,75000.0,Verified,moving,CA,17.71,1.0,675.0,679.0,1.0,97.4,19.0,Individual,5,High Risk,Manual Review
12306288,30000.0, 60 months,23.43,F,F1,8 years,MORTGAGE,105000.0,Source Verified,debt_consolidation,GA,16.96,5.0,680.0,684.0,0.0,94.1,25.0,Individual,5,High Risk,Manual Review
11325338,35000.0, 60 months,21.18,E,E3,< 1 year,MORTGAGE,190000.0,Source Verified,debt_consolidation,MA,30.7,0.0,735.0,739.0,3.0,57.9,49.0,Individual,5,High Risk,Manual Review
12274954,25450.0, 60 months,25.89,G,G3,1 year,MORTGAGE,75000.0,Source Verified,other,VA,30.3,1.0,660.0,664.0,1.0,59.4,50.0,Individual,6,High Risk,Manual Review
12345630,13000.0, 60 months,19.99,E,E1,10+ years,MORTGAGE,62000.0,Verified,moving,AR,34.71,3.0,710.0,714.0,1.0,54.3,34.0,Individual,6,High Risk,Manual Review
12315377,15000.0, 60 months,19.99,E,E1,7 years,MORTGAGE,69200.0,Verified,debt_consolidation,TX,34.21,0.0,665.0,669.0,0.0,67.8,52.0,Individual,5,High Risk,Manual Review
12245528,7850.0, 36 months,22.45,E,E5,8 years,OWN,75000.0,Source Verified,debt_consolidation,IL,13.44,2.0,660.0,664.0,2.0,97.6,17.0,Individual,5,High Risk,Manual Review
12214908,35000.0, 60 months,20.49,E,E2,10+ years,MORTGAGE,146000.0,Source Verified,home_improvement,AZ,17.24,1.0,685.0,689.0,2.0,94.0,52.0,Individual,5,High Risk,Manual Review
12345338,8000.0, 36 months,24.5,F,F3,10+ years,RENT,40000.0,Source Verified,debt_consolidation,UT,33.0,0.0,660.0,664.0,1.0,98.5,19.0,Individual,6,High Risk,Manual Review
12315335,32500.0, 60 months,21.99,E,E4,6 years,MORTGAGE,77600.0,Verified,debt_consolidation,IL,33.95,8.0,675.0,679.0,1.0,53.5,46.0,Individual,6,High Risk,Manual Review
12245289,11200.0, 60 months,21.99,E,E4,10+ years,MORTGAGE,42000.0,Source Verified,credit_card,CA,30.57,0.0,660.0,664.0,2.0,52.7,45.0,Individual,5,High Risk,Manual Review
11955794,31450.0, 60 months,21.18,E,E3,1 year,RENT,75000.0,Verified,debt_consolidation,NJ,32.11,0.0,690.0,694.0,0.0,66.7,34.0,Individual,5,High Risk,Manual Review
12255367,15225.0, 36 months,25.57,F,F5,7 years,MORTGAGE,45000.0,Verified,small_business,PA,31.63,1.0,710.0,714.0,0.0,12.0,24.0,Individual,6,High Risk,Manual Review
11398386,3575.0, 36 months,19.99,E,E1,10+ years,MORTGAGE,79000.0,Source Verified,debt_consolidation,GA,30.65,0.0,710.0,714.0,1.0,99.7,16.0,Individual,6,High Risk,Manual Review
12355128,12600.0, 60 months,22.45,E,E5,6 years,MORTGAGE,35000.0,Source Verified,debt_consolidation,OR,17.18,3.0,665.0,669.0,0.0,101.4,8.0,Individual,5,High Risk,Manual Review
12325176,14350.0, 60 months,20.49,E,E2,,RENT,38000.0,Verified,credit_card,MD,30.04,0.0,660.0,664.0,3.0,74.3,17.0,Individual,5,High Risk,Manual Review
12295218,10000.0, 60 months,19.99,E,E1,10+ years,RENT,71313.0,Source Verified,medical,MN,32.36,1.0,670.0,674.0,2.0,69.8,18.0,Individual,6,High Risk,Manual Review
12295096,7750.0, 36 months,20.49,E,E2,5 years,MORTGAGE,51437.0,Verified,debt_consolidation,LA,31.54,1.0,665.0,669.0,2.0,57.5,16.0,Individual,6,High Risk,Manual Review
12255049,15000.0, 60 months,21.18,E,E3,10+ years,RENT,75000.0,Verified,credit_card,OK,34.27,0.0,665.0,669.0,2.0,64.3,37.0,Individual,5,High Risk,Manual Review
12185010,10325.0, 60 months,21.99,E,E4,4 years,MORTGAGE,45000.0,Verified,debt_consolidation,NY,32.35,0.0,665.0,669.0,0.0,71.1,42.0,Individual,5,High Risk,Manual Review
12134906,17800.0, 36 months,19.99,E,E1,5 years,MORTGAGE,49500.0,Source Verified,debt_consolidation,FL,30.59,0.0,675.0,679.0,0.0,79.8,30.0,Individual,5,High Risk,Manual Review
12174876,15000.0, 60 months,19.99,E,E1,3 years,RENT,89500.0,Verified,debt_consolidation,TX,30.3,0.0,710.0,714.0,1.0,56.8,21.0,Individual,5,High Risk,Manual Review
12204897,22750.0, 60 months,25.83,G,G2,10+ years,MORTGAGE,75000.0,Source Verified,debt_consolidation,KY,8.42,4.0,675.0,679.0,1.0,88.9,14.0,Individual,5,High Risk,Manual Review
11946515,26375.0, 60 months,21.18,E,E3,10+ years,MORTGAGE,63000.0,Source Verified,debt_consolidation,VA,20.13,1.0,670.0,674.0,1.0,80.4,12.0,Individual,5,High Risk,Manual Review
12034821,15475.0, 36 months,18.25,D,D3,6 years,MORTGAGE,94097.61,Verified,debt_consolidation,PA,30.37,1.0,685.0,689.0,0.0,98.3,31.0,Individual,5,High Risk,Manual Review
12114840,26875.0, 36 months,15.31,C,C4,10+ years,RENT,70875.0,Verified,debt_consolidation,OR,31.36,1.0,695.0,699.0,0.0,85.5,25.0,Individual,5,High Risk,Manual Review
11996824,14300.0, 60 months,22.45,E,E5,10+ years,MORTGAGE,42800.0,Source Verified,debt_consolidation,PA,33.31,1.0,665.0,669.0,0.0,87.9,23.0,Individual,7,High Risk,Manual Review
11936777,21000.0, 60 months,20.49,E,E2,10+ years,MORTGAGE,113412.0,Verified,debt_consolidation,NY,24.38,4.0,675.0,679.0,1.0,97.9,49.0,Individual,5,High Risk,Manual Review
11936667,28000.0, 60 months,19.99,E,E1,10+ years,RENT,145000.0,Source Verified,debt_consolidation,MO,13.83,3.0,665.0,669.0,1.0,88.2,25.0,Individual,5,High Risk,Manual Review
11956723,11100.0, 60 months,21.99,E,E4,< 1 year,RENT,31000.0,Verified,debt_consolidation,MI,31.36,0.0,675.0,679.0,0.0,93.6,51.0,Individual,6,High Risk,Manual Review
11986551,12925.0, 36 months,19.99,E,E1,10+ years,MORTGAGE,60000.0,Verified,debt_consolidation,IN,28.92,7.0,665.0,669.0,0.0,95.9,27.0,Individual,5,High Risk,Manual Review
10905172,27050.0, 60 months,25.8,G,G1,6 years,MORTGAGE,80000.0,Verified,home_improvement,TX,19.23,1.0,675.0,679.0,5.0,91.0,18.0,Individual,5,High Risk,Manual Review
11936541,13925.0, 60 months,22.45,E,E5,2 years,RENT,35000.0,Verified,debt_consolidation,MA,33.92,0.0,685.0,689.0,1.0,82.2,15.0,Individual,6,High Risk,Manual Review
11864801,15000.0, 60 months,19.99,E,E1,1 year,RENT,50000.0,Source Verified,other,WA,31.61,1.0,685.0,689.0,0.0,46.4,24.0,Individual,6,High Risk,Manual Review
11694771,16575.0, 36 months,19.99,E,E1,4 years,MORTGAGE,45000.0,Verified,home_improvement,IN,30.73,0.0,665.0,669.0,1.0,54.4,35.0,Individual,5,High Risk,Manual Review
11966279,35000.0, 60 months,24.08,F,F2,10+ years,MORTGAGE,90000.0,Verified,debt_consolidation,PA,31.27,1.0,660.0,664.0,0.0,66.0,44.0,Individual,6,High Risk,Manual Review
11936498,6000.0, 36 months,17.57,D,D2,10+ years,MORTGAGE,59000.0,Verified,debt_consolidation,TN,32.85,3.0,675.0,679.0,0.0,98.2,14.0,Individual,5,High Risk,Manual Review
11896031,8600.0, 36 months,21.18,E,E3,5 years,RENT,55000.0,Source Verified,debt_consolidation,VA,31.79,0.0,665.0,669.0,2.0,71.0,35.0,Individual,5,High Risk,Manual Review
11916016,6150.0, 36 months,17.57,D,D2,10+ years,MORTGAGE,88367.0,Verified,home_improvement,WA,30.07,3.0,660.0,664.0,0.0,88.7,35.0,Individual,5,High Risk,Manual Review
11926026,22175.0, 60 months,19.99,E,E1,5 years,MORTGAGE,99700.0,Verified,debt_consolidation,IL,31.93,0.0,705.0,709.0,2.0,78.2,28.0,Individual,5,High Risk,Manual Review
11905908,16750.0, 60 months,19.99,E,E1,2 years,MORTGAGE,40000.0,Source Verified,debt_consolidation,KY,30.24,0.0,695.0,699.0,0.0,36.5,38.0,Individual,5,High Risk,Manual Review
11255616,33150.0, 60 months,25.83,G,G2,10+ years,MORTGAGE,83000.0,Verified,credit_card,PA,23.52,1.0,675.0,679.0,0.0,85.1,11.0,Individual,5,High Risk,Manual Review
11764900,9250.0, 36 months,19.99,E,E1,8 years,MORTGAGE,45000.0,Verified,debt_consolidation,FL,30.64,1.0,665.0,669.0,1.0,97.3,28.0,Individual,7,High Risk,Manual Review
11995480,21000.0, 36 months,21.18,E,E3,10+ years,MORTGAGE,94000.0,Source Verified,debt_consolidation,GA,22.0,1.0,670.0,674.0,1.0,83.5,21.0,Individual,5,High Risk,Manual Review
11925604,11375.0, 60 months,24.08,F,F2,9 years,RENT,58000.0,Verified,debt_consolidation,IL,25.26,1.0,660.0,664.0,2.0,88.9,34.0,Individual,5,High Risk,Manual Review
10765762,35000.0, 60 months,21.18,E,E3,2 years,MORTGAGE,140000.0,Verified,debt_consolidation,TX,21.36,1.0,675.0,679.0,1.0,89.5,38.0,Individual,5,High Risk,Manual Review
11628505,10000.0, 60 months,19.99,E,E1,10+ years,RENT,37000.0,Source Verified,debt_consolidation,OH,30.23,0.0,670.0,674.0,0.0,34.3,15.0,Individual,5,High Risk,Manual Review
11945448,16000.0, 60 months,21.99,E,E4,5 years,MORTGAGE,44500.0,Verified,debt_consolidation,IN,34.41,0.0,670.0,674.0,1.0,73.9,28.0,Individual,5,High Risk,Manual Review
11825202,8500.0, 36 months,16.59,D,D1,1 year,RENT,40000.0,Source Verified,debt_consolidation,WA,30.96,3.0,680.0,684.0,0.0,93.7,19.0,Individual,5,High Risk,Manual Review
11975252,16000.0, 60 months,21.99,E,E4,10+ years,OWN,65000.0,Source Verified,debt_consolidation,FL,30.19,1.0,675.0,679.0,2.0,60.3,42.0,Individual,6,High Risk,Manual Review
11698319,7200.0, 36 months,21.99,E,E4,1 year,MORTGAGE,90000.0,Verified,debt_consolidation,CT,30.08,2.0,660.0,664.0,0.0,99.5,28.0,Individual,7,High Risk,Manual Review
11975194,4200.0, 36 months,24.99,F,F4,5 years,RENT,33151.32,Not Verified,debt_consolidation,AZ,13.18,1.0,665.0,669.0,1.0,88.0,28.0,Individual,5,High Risk,Manual Review
11686197,8150.0, 36 months,19.99,E,E1,10+ years,RENT,34000.0,Source Verified,debt_consolidation,VA,32.62,0.0,665.0,669.0,1.0,66.4,37.0,Individual,5,High Risk,Manual Review
11367313,28250.0, 60 months,20.49,E,E2,5 years,MORTGAGE,102000.0,Verified,debt_consolidation,GA,33.94,0.0,685.0,689.0,0.0,45.0,60.0,Individual,5,High Risk,Manual Review
11904839,19150.0, 60 months,24.99,F,F4,2 years,RENT,60000.0,Source Verified,debt_consolidation,OH,31.94,0.0,670.0,674.0,3.0,67.0,25.0,Individual,5,High Risk,Manual Review
11964738,10000.0, 60 months,25.83,G,G2,,MORTGAGE,65000.0,Verified,other,CA,30.61,0.0,670.0,674.0,0.0,64.5,25.0,Individual,5,High Risk,Manual Review
11667577,35000.0, 60 months,19.99,E,E1,1 year,MORTGAGE,100000.0,Verified,debt_consolidation,OR,21.37,1.0,675.0,679.0,2.0,83.1,29.0,Individual,5,High Risk,Manual Review
11884783,18200.0, 60 months,19.99,E,E1,10+ years,MORTGAGE,68000.0,Source Verified,debt_consolidation,CT,33.39,1.0,675.0,679.0,0.0,42.6,21.0,Individual,6,High Risk,Manual Review
11815256,35000.0, 36 months,20.49,E,E2,10+ years,RENT,120000.0,Verified,debt_consolidation,CA,20.14,2.0,660.0,664.0,1.0,81.7,23.0,Individual,5,High Risk,Manual Review
11745157,16000.0, 60 months,19.99,E,E1,10+ years,MORTGAGE,50000.0,Source Verified,other,WA,11.94,1.0,660.0,664.0,2.0,93.0,23.0,Individual,5,High Risk,Manual Review
11784982,24250.0, 60 months,24.99,F,F4,8 years,MORTGAGE,84000.0,Verified,debt_consolidation,TX,33.31,0.0,680.0,684.0,5.0,52.2,18.0,Individual,5,High Risk,Manual Review
11754945,9175.0, 60 months,21.18,E,E3,,OWN,23000.0,Verified,major_purchase,LA,31.96,0.0,695.0,699.0,1.0,13.8,22.0,Individual,5,High Risk,Manual Review
11824951,10000.0, 60 months,19.99,E,E1,9 years,MORTGAGE,210000.0,Source Verified,other,PA,9.78,7.0,675.0,679.0,3.0,98.8,17.0,Individual,5,High Risk,Manual Review
11714809,6575.0, 36 months,22.45,E,E5,1 year,MORTGAGE,72000.0,Source Verified,debt_consolidation,NJ,24.4,1.0,665.0,669.0,0.0,95.7,25.0,Individual,5,High Risk,Manual Review
11844830,5000.0, 36 months,24.99,F,F4,10+ years,MORTGAGE,60000.0,Verified,medical,MI,29.16,4.0,660.0,664.0,3.0,99.9,29.0,Individual,5,High Risk,Manual Review
11794799,9600.0, 60 months,21.99,E,E4,2 years,MORTGAGE,49000.0,Source Verified,home_improvement,OH,16.72,2.0,660.0,664.0,1.0,81.8,29.0,Individual,5,High Risk,Manual Review
11854766,22600.0, 60 months,24.99,F,F4,2 years,RENT,60000.0,Source Verified,debt_consolidation,CA,33.64,0.0,675.0,679.0,2.0,63.5,18.0,Individual,5,High Risk,Manual Review
11265174,22250.0, 60 months,21.18,E,E3,7 years,RENT,62400.0,Verified,debt_consolidation,CA,30.67,0.0,690.0,694.0,0.0,87.8,25.0,Individual,6,High Risk,Manual Review
11425926,23925.0, 60 months,21.99,E,E4,10+ years,RENT,63000.0,Verified,debt_consolidation,NJ,33.07,0.0,705.0,709.0,0.0,42.8,31.0,Individual,5,High Risk,Manual Review
11638413,31575.0, 60 months,21.99,E,E4,6 years,MORTGAGE,72000.0,Verified,debt_consolidation,OH,27.25,4.0,680.0,684.0,1.0,81.0,31.0,Individual,5,High Risk,Manual Review
11744755,35000.0, 60 months,21.18,E,E3,4 years,RENT,131000.0,Verified,debt_consolidation,IL,34.55,1.0,700.0,704.0,0.0,82.9,45.0,Individual,7,High Risk,Manual Review
11678639,25000.0, 60 months,24.08,F,F2,3 years,MORTGAGE,97000.0,Verified,small_business,NM,31.31,0.0,675.0,679.0,1.0,79.3,27.0,Individual,5,High Risk,Manual Review
11638546,18000.0, 60 months,24.08,F,F2,,MORTGAGE,52000.0,Verified,debt_consolidation,AR,33.1,1.0,675.0,679.0,2.0,58.4,42.0,Individual,6,High Risk,Manual Review
11708699,11725.0, 60 months,21.48,E,E2,2 years,RENT,37000.0,Verified,credit_card,CA,31.66,0.0,675.0,679.0,1.0,55.5,15.0,Individual,5,High Risk,Manual Review
11628593,14825.0, 60 months,24.08,F,F2,7 years,MORTGAGE,110000.0,Verified,debt_consolidation,CT,9.88,1.0,660.0,664.0,2.0,80.4,26.0,Individual,5,High Risk,Manual Review
11728471,29325.0, 60 months,22.4,E,E3,5 years,MORTGAGE,70000.0,Verified,debt_consolidation,MT,26.97,1.0,665.0,669.0,0.0,82.5,35.0,Individual,5,High Risk,Manual Review
11688400,18425.0, 60 months,23.4,E,E5,4 years,MORTGAGE,78000.0,Verified,debt_consolidation,MD,33.63,0.0,695.0,699.0,2.0,77.8,22.0,Individual,5,High Risk,Manual Review
11638376,2500.0, 36 months,20.5,E,E1,3 years,MORTGAGE,100000.0,Not Verified,other,MI,14.62,1.0,660.0,664.0,3.0,88.5,32.0,Individual,5,High Risk,Manual Review
11638494,12600.0, 60 months,25.89,G,G3,10+ years,MORTGAGE,42000.0,Source Verified,debt_consolidation,TX,28.51,1.0,660.0,664.0,1.0,98.0,23.0,Individual,5,High Risk,Manual Review
11698324,14000.0, 60 months,24.08,F,F2,10+ years,OWN,39000.0,Verified,debt_consolidation,CA,31.38,1.0,660.0,664.0,0.0,86.5,18.0,Individual,7,High Risk,Manual Review
11648439,32200.0, 60 months,20.5,E,E1,1 year,RENT,88000.0,Source Verified,debt_consolidation,TX,31.12,0.0,675.0,679.0,2.0,81.8,63.0,Individual,6,High Risk,Manual Review
11678329,15600.0, 60 months,23.4,E,E5,10+ years,MORTGAGE,60000.0,Source Verified,debt_consolidation,VA,28.52,1.0,670.0,674.0,2.0,84.7,32.0,Individual,5,High Risk,Manual Review
11698160,6350.0, 36 months,25.8,G,G1,,RENT,31344.0,Verified,home_improvement,OH,30.51,0.0,660.0,664.0,0.0,93.2,13.0,Individual,6,High Risk,Manual Review
11668249,14700.0, 60 months,21.48,E,E2,6 years,RENT,35000.0,Source Verified,debt_consolidation,KY,33.44,1.0,710.0,714.0,0.0,78.9,11.0,Individual,6,High Risk,Manual Review
11627653,31025.0, 60 months,24.5,F,F3,< 1 year,RENT,74000.0,Verified,debt_consolidation,AZ,30.5,1.0,665.0,669.0,1.0,72.1,26.0,Individual,6,High Risk,Manual Review
11636665,20950.0, 60 months,20.5,E,E1,9 years,MORTGAGE,50000.0,Verified,debt_consolidation,IL,32.89,0.0,670.0,674.0,0.0,79.7,30.0,Individual,5,High Risk,Manual Review
11657898,14400.0, 36 months,21.48,E,E2,10+ years,MORTGAGE,83000.0,Verified,debt_consolidation,NY,33.53,0.0,670.0,674.0,2.0,80.7,29.0,Individual,6,High Risk,Manual Review
11657877,15050.0, 60 months,23.7,F,F1,7 years,RENT,34220.0,Source Verified,debt_consolidation,NY,19.36,1.0,710.0,714.0,0.0,93.8,14.0,Individual,5,High Risk,Manual Review
11657929,23575.0, 36 months,20.5,E,E1,10+ years,MORTGAGE,96113.0,Verified,small_business,GA,30.84,0.0,725.0,729.0,0.0,90.9,21.0,Individual,6,High Risk,Manual Review
11647997,3600.0, 36 months,19.97,D,D5,8 years,MORTGAGE,30000.0,Verified,credit_card,KY,34.96,2.0,670.0,674.0,1.0,102.3,22.0,Individual,5,High Risk,Manual Review
11697767,3425.0, 36 months,24.99,F,F4,1 year,MORTGAGE,130000.0,Source Verified,debt_consolidation,PA,17.88,3.0,660.0,664.0,3.0,95.6,23.0,Individual,5,High Risk,Manual Review
11428526,18725.0, 36 months,24.5,F,F3,7 years,RENT,94000.0,Source Verified,small_business,HI,10.47,2.0,660.0,664.0,1.0,81.3,16.0,Individual,5,High Risk,Manual Review
11697604,16000.0, 60 months,24.5,F,F3,10+ years,MORTGAGE,80000.0,Source Verified,debt_consolidation,MT,8.21,1.0,660.0,664.0,1.0,84.7,17.0,Individual,5,High Risk,Manual Review
11657710,30000.0, 60 months,22.9,E,E4,10+ years,MORTGAGE,95000.0,Verified,debt_consolidation,KS,32.35,0.0,660.0,664.0,2.0,59.6,43.0,Individual,5,High Risk,Manual Review
11697231,27900.0, 60 months,21.48,E,E2,7 years,RENT,76000.0,Verified,debt_consolidation,PA,32.83,0.0,695.0,699.0,3.0,61.2,42.0,Individual,5,High Risk,Manual Review
11707171,21925.0, 60 months,23.4,E,E5,6 years,MORTGAGE,55000.0,Source Verified,debt_consolidation,FL,30.38,0.0,705.0,709.0,2.0,23.4,31.0,Individual,5,High Risk,Manual Review
11697092,11325.0, 36 months,19.22,D,D4,2 years,RENT,30000.0,Verified,small_business,NY,32.6,1.0,725.0,729.0,0.0,87.1,7.0,Individual,5,High Risk,Manual Review
11717074,15000.0, 60 months,22.4,E,E3,4 years,MORTGAGE,63440.0,Source Verified,debt_consolidation,AR,13.92,1.0,660.0,664.0,3.0,80.7,10.0,Individual,5,High Risk,Manual Review
11727010,9000.0, 36 months,20.5,E,E1,7 years,MORTGAGE,50000.0,Verified,debt_consolidation,OR,21.84,2.0,670.0,674.0,1.0,96.1,20.0,Individual,5,High Risk,Manual Review
11697036,24000.0, 60 months,20.5,E,E1,10+ years,RENT,78000.0,Verified,debt_consolidation,SC,32.84,0.0,670.0,674.0,6.0,84.3,36.0,Individual,6,High Risk,Manual Review
11637052,18000.0, 60 months,23.7,F,F1,10+ years,MORTGAGE,45000.0,Verified,other,TX,32.75,0.0,700.0,704.0,1.0,62.8,35.0,Individual,5,High Risk,Manual Review
11635951,18000.0, 60 months,23.4,E,E5,3 years,RENT,66000.0,Source Verified,debt_consolidation,NC,24.65,2.0,660.0,664.0,3.0,95.1,63.0,Individual,5,High Risk,Manual Review
11666881,16200.0, 60 months,25.83,G,G2,10+ years,MORTGAGE,52000.0,Verified,debt_consolidation,NY,17.98,1.0,670.0,674.0,0.0,83.7,21.0,Individual,5,High Risk,Manual Review
11626985,35000.0, 60 months,20.5,E,E1,10+ years,MORTGAGE,125000.0,Verified,debt_consolidation,LA,28.85,1.0,670.0,674.0,0.0,97.2,31.0,Individual,5,High Risk,Manual Review
11646935,15000.0, 60 months,23.4,E,E5,10+ years,MORTGAGE,52000.0,Verified,debt_consolidation,AZ,20.08,1.0,660.0,664.0,2.0,87.2,22.0,Individual,5,High Risk,Manual Review
11726722,30000.0, 60 months,21.48,E,E2,,MORTGAGE,121000.0,Verified,small_business,GA,33.84,0.0,725.0,729.0,3.0,71.3,26.0,Individual,5,High Risk,Manual Review
10786815,8975.0, 36 months,24.5,F,F3,10+ years,MORTGAGE,80000.0,Source Verified,home_improvement,CA,14.97,1.0,670.0,674.0,1.0,95.1,21.0,Individual,5,High Risk,Manual Review
11706533,22600.0, 60 months,23.7,F,F1,6 years,MORTGAGE,72000.0,Verified,medical,NJ,34.32,0.0,665.0,669.0,0.0,95.5,31.0,Individual,6,High Risk,Manual Review
11666490,20000.0, 36 months,22.9,E,E4,10+ years,MORTGAGE,60000.0,Verified,debt_consolidation,IL,30.34,13.0,670.0,674.0,5.0,87.9,43.0,Individual,7,High Risk,Manual Review
11655942,11875.0, 60 months,25.83,G,G2,7 years,RENT,33000.0,Source Verified,debt_consolidation,NY,31.49,0.0,690.0,694.0,0.0,57.2,46.0,Individual,5,High Risk,Manual Review
11636476,2800.0, 36 months,25.83,G,G2,10+ years,MORTGAGE,48000.0,Verified,other,MI,33.22,4.0,665.0,669.0,0.0,90.8,30.0,Individual,7,High Risk,Manual Review
11676357,18000.0, 60 months,20.5,E,E1,10+ years,MORTGAGE,52000.0,Source Verified,debt_consolidation,GA,31.48,2.0,660.0,664.0,0.0,27.6,31.0,Individual,6,High Risk,Manual Review
11675997,18000.0, 60 months,22.4,E,E3,10+ years,MORTGAGE,43000.0,Source Verified,debt_consolidation,FL,30.39,0.0,695.0,699.0,0.0,79.1,13.0,Individual,5,High Risk,Manual Review
11635971,35000.0, 60 months,24.5,F,F3,10+ years,RENT,97000.0,Verified,debt_consolidation,NY,30.12,0.0,670.0,674.0,2.0,61.8,41.0,Individual,5,High Risk,Manual Review
11645941,20000.0, 60 months,22.4,E,E3,,MORTGAGE,98352.0,Verified,debt_consolidation,FL,31.03,0.0,665.0,669.0,1.0,60.0,38.0,Individual,5,High Risk,Manual Review
11635848,15000.0, 60 months,25.8,G,G1,2 years,MORTGAGE,65000.0,Source Verified,other,CO,28.47,1.0,665.0,669.0,1.0,85.7,27.0,Individual,5,High Risk,Manual Review
11655789,4000.0, 36 months,23.7,F,F1,,RENT,13500.0,Verified,debt_consolidation,NV,32.98,0.0,665.0,669.0,0.0,93.7,31.0,Individual,6,High Risk,Manual Review
11665819,5550.0, 36 months,20.5,E,E1,10+ years,MORTGAGE,32664.0,Verified,debt_consolidation,GA,32.15,0.0,665.0,669.0,3.0,51.3,53.0,Individual,5,High Risk,Manual Review
9209481,13600.0, 60 months,19.22,D,D4,3 years,RENT,100000.0,Verified,debt_consolidation,KS,31.9,3.0,680.0,684.0,0.0,96.9,33.0,Individual,5,High Risk,Manual Review
11725643,4000.0, 36 months,23.7,F,F1,10+ years,MORTGAGE,55000.0,Source Verified,credit_card,GA,26.66,1.0,675.0,679.0,1.0,96.9,19.0,Individual,5,High Risk,Manual Review
11675611,28000.0, 60 months,20.5,E,E1,10+ years,MORTGAGE,119000.0,Verified,debt_consolidation,NC,9.29,1.0,690.0,694.0,0.0,83.0,32.0,Individual,5,High Risk,Manual Review
11675449,20000.0, 60 months,24.08,F,F2,8 years,MORTGAGE,105000.0,Verified,debt_consolidation,NC,21.97,1.0,680.0,684.0,3.0,81.1,25.0,Individual,5,High Risk,Manual Review
11645328,21275.0, 36 months,16.99,D,D1,2 years,RENT,53365.88,Source Verified,debt_consolidation,VA,32.81,3.0,665.0,669.0,0.0,89.6,26.0,Individual,5,High Risk,Manual Review
11675168,28875.0, 60 months,25.83,G,G2,10+ years,MORTGAGE,85000.0,Verified,small_business,FL,23.29,1.0,665.0,669.0,0.0,81.1,27.0,Individual,5,High Risk,Manual Review
11504683,13050.0, 60 months,20.5,E,E1,7 years,MORTGAGE,32000.0,Source Verified,credit_card,AZ,32.41,0.0,690.0,694.0,1.0,46.9,20.0,Individual,5,High Risk,Manual Review
11714956,19200.0, 60 months,25.89,G,G3,< 1 year,OWN,60000.0,Verified,small_business,AK,15.48,1.0,670.0,674.0,1.0,86.5,11.0,Individual,5,High Risk,Manual Review
11634998,20400.0, 60 months,20.5,E,E1,10+ years,RENT,51000.0,Source Verified,credit_card,NJ,29.67,1.0,670.0,674.0,1.0,84.6,28.0,Individual,5,High Risk,Manual Review
11684871,10000.0, 60 months,25.8,G,G1,7 years,RENT,50000.0,Verified,small_business,UT,7.3,1.0,670.0,674.0,0.0,83.9,27.0,Individual,5,High Risk,Manual Review
11704846,15000.0, 60 months,22.4,E,E3,10+ years,RENT,125000.0,Source Verified,small_business,GA,9.7,1.0,670.0,674.0,3.0,92.8,27.0,Individual,5,High Risk,Manual Review
11654932,10800.0, 36 months,16.24,C,C5,1 year,RENT,37000.0,Source Verified,debt_consolidation,MA,30.17,2.0,665.0,669.0,0.0,85.4,35.0,Individual,5,High Risk,Manual Review
11714655,17125.0, 60 months,24.08,F,F2,10+ years,MORTGAGE,41000.0,Source Verified,debt_consolidation,PA,33.49,0.0,680.0,684.0,0.0,85.6,21.0,Individual,6,High Risk,Manual Review
11684748,15750.0, 36 months,24.08,F,F2,,RENT,44000.0,Verified,debt_consolidation,FL,33.69,1.0,680.0,684.0,3.0,72.3,20.0,Individual,6,High Risk,Manual Review
11644706,32500.0, 60 months,23.4,E,E5,3 years,MORTGAGE,90000.0,Verified,debt_consolidation,IL,30.56,0.0,690.0,694.0,1.0,75.1,40.0,Individual,5,High Risk,Manual Review
11407160,10000.0, 60 months,23.4,E,E5,10+ years,RENT,34000.0,Verified,vacation,TX,32.09,0.0,695.0,699.0,0.0,75.0,15.0,Individual,5,High Risk,Manual Review
11624723,10750.0, 60 months,24.99,F,F4,2 years,RENT,36000.0,Verified,debt_consolidation,MN,31.33,0.0,660.0,664.0,0.0,98.6,13.0,Individual,6,High Risk,Manual Review
11514657,21000.0, 60 months,20.5,E,E1,5 years,MORTGAGE,150000.0,Verified,other,TX,16.02,5.0,670.0,674.0,0.0,96.3,26.0,Individual,5,High Risk,Manual Review
11437797,20225.0, 60 months,22.9,E,E4,7 years,MORTGAGE,60000.0,Source Verified,debt_consolidation,OH,27.83,1.0,675.0,679.0,2.0,89.2,61.0,Individual,5,High Risk,Manual Review
11437340,19200.0, 36 months,16.99,D,D1,< 1 year,MORTGAGE,70000.0,Source Verified,debt_consolidation,TX,30.52,1.0,685.0,689.0,1.0,87.5,42.0,Individual,5,High Risk,Manual Review
11438450,20000.0, 60 months,24.5,F,F3,10+ years,MORTGAGE,65000.0,Source Verified,debt_consolidation,KS,26.2,1.0,670.0,674.0,3.0,80.6,22.0,Individual,5,High Risk,Manual Review
11418338,12000.0, 60 months,21.48,E,E2,3 years,RENT,49000.0,Source Verified,debt_consolidation,CO,31.57,0.0,675.0,679.0,1.0,89.9,63.0,Individual,6,High Risk,Manual Review
11448431,12000.0, 36 months,20.5,E,E1,10+ years,OWN,58000.0,Source Verified,debt_consolidation,TX,23.55,1.0,660.0,664.0,2.0,88.4,27.0,Individual,5,High Risk,Manual Review
11408362,24000.0, 60 months,23.7,F,F1,10+ years,MORTGAGE,85000.0,Verified,credit_card,PA,24.18,2.0,680.0,684.0,2.0,93.8,43.0,Individual,5,High Risk,Manual Review
11438047,5475.0, 36 months,21.48,E,E2,10+ years,RENT,42000.0,Verified,debt_consolidation,CA,32.46,0.0,680.0,684.0,0.0,85.2,18.0,Individual,6,High Risk,Manual Review
11448119,35000.0, 60 months,22.4,E,E3,7 years,OWN,92000.0,Verified,debt_consolidation,CA,19.48,1.0,680.0,684.0,1.0,97.4,20.0,Individual,5,High Risk,Manual Review
10607440,35000.0, 60 months,20.5,E,E1,1 year,MORTGAGE,83000.0,Verified,debt_consolidation,MO,30.42,0.0,695.0,699.0,0.0,78.8,45.0,Individual,5,High Risk,Manual Review
11457918,4000.0, 36 months,16.24,C,C5,,OWN,10550.0,Verified,debt_consolidation,MI,34.7,1.0,665.0,669.0,0.0,87.0,12.0,Individual,5,High Risk,Manual Review
11457902,3500.0, 36 months,20.5,E,E1,2 years,RENT,50000.0,Not Verified,medical,TX,25.49,1.0,675.0,679.0,1.0,83.4,47.0,Individual,5,High Risk,Manual Review
11417732,10000.0, 60 months,20.5,E,E1,3 years,MORTGAGE,40000.0,Verified,debt_consolidation,PA,33.06,0.0,685.0,689.0,1.0,64.0,27.0,Individual,5,High Risk,Manual Review
11377956,6500.0, 36 months,20.5,E,E1,10+ years,MORTGAGE,30500.0,Verified,other,IL,31.13,0.0,665.0,669.0,0.0,79.6,19.0,Individual,5,High Risk,Manual Review
11397986,24000.0, 60 months,23.4,E,E5,10+ years,RENT,80000.0,Verified,debt_consolidation,CA,17.6,3.0,670.0,674.0,1.0,89.6,24.0,Individual,5,High Risk,Manual Review
11457713,25000.0, 60 months,19.97,D,D5,10+ years,OWN,70000.0,Verified,debt_consolidation,GA,33.93,1.0,665.0,669.0,0.0,91.1,21.0,Individual,5,High Risk,Manual Review
11377893,14000.0, 60 months,23.4,E,E5,10+ years,MORTGAGE,106000.0,Verified,debt_consolidation,CA,19.3,1.0,675.0,679.0,1.0,86.2,54.0,Individual,5,High Risk,Manual Review
10535861,18000.0, 60 months,20.5,E,E1,8 years,MORTGAGE,64480.0,Verified,debt_consolidation,AL,33.87,2.0,660.0,664.0,1.0,77.2,29.0,Individual,6,High Risk,Manual Review
11357481,14975.0, 60 months,24.08,F,F2,< 1 year,RENT,41652.0,Verified,debt_consolidation,FL,33.59,1.0,660.0,664.0,0.0,94.2,26.0,Individual,7,High Risk,Manual Review
11427359,18000.0, 60 months,20.5,E,E1,< 1 year,MORTGAGE,45000.0,Verified,debt_consolidation,NY,33.89,0.0,660.0,664.0,0.0,10.7,34.0,Individual,5,High Risk,Manual Review
11234742,27850.0, 60 months,24.5,F,F3,10+ years,RENT,66500.0,Verified,debt_consolidation,CA,34.09,0.0,680.0,684.0,2.0,96.1,28.0,Individual,6,High Risk,Manual Review
11437106,4800.0, 36 months,20.5,E,E1,10+ years,MORTGAGE,71000.0,Source Verified,home_improvement,OH,32.01,0.0,705.0,709.0,0.0,75.9,22.0,Individual,5,High Risk,Manual Review
10598183,22950.0, 60 months,20.5,E,E1,10+ years,OWN,50000.0,Verified,credit_card,AL,32.96,0.0,700.0,704.0,0.0,41.4,35.0,Individual,5,High Risk,Manual Review
11387011,18350.0, 60 months,24.5,F,F3,,MORTGAGE,55000.0,Verified,debt_consolidation,AZ,20.49,1.0,660.0,664.0,2.0,91.8,12.0,Individual,5,High Risk,Manual Review
11436801,16250.0, 36 months,20.5,E,E1,10+ years,RENT,90000.0,Verified,other,MD,31.95,0.0,665.0,669.0,0.0,48.0,62.0,Individual,5,High Risk,Manual Review
10955139,13375.0, 36 months,23.4,E,E5,2 years,RENT,42000.0,Verified,small_business,CA,34.4,0.0,685.0,689.0,4.0,63.2,39.0,Individual,5,High Risk,Manual Review
11455074,35000.0, 60 months,21.48,E,E2,< 1 year,RENT,120000.0,Source Verified,debt_consolidation,FL,15.07,4.0,670.0,674.0,0.0,141.8,33.0,Individual,5,High Risk,Manual Review
11376735,2000.0, 36 months,22.4,E,E3,9 years,MORTGAGE,45000.0,Verified,debt_consolidation,AL,25.79,7.0,675.0,679.0,1.0,85.7,19.0,Individual,5,High Risk,Manual Review
11416513,25825.0, 60 months,20.5,E,E1,10+ years,MORTGAGE,90000.0,Source Verified,debt_consolidation,GA,30.93,5.0,680.0,684.0,2.0,70.3,41.0,Individual,6,High Risk,Manual Review
11235344,30000.0, 36 months,22.9,E,E4,10+ years,MORTGAGE,250000.0,Verified,other,TX,32.01,2.0,675.0,679.0,3.0,89.6,37.0,Individual,7,High Risk,Manual Review
11445729,12725.0, 60 months,23.4,E,E5,7 years,MORTGAGE,42000.0,Source Verified,debt_consolidation,GA,34.0,0.0,670.0,674.0,0.0,57.8,16.0,Individual,5,High Risk,Manual Review
11386401,11450.0, 60 months,22.9,E,E4,10+ years,RENT,40000.0,Source Verified,debt_consolidation,TX,30.66,1.0,665.0,669.0,0.0,69.6,29.0,Individual,6,High Risk,Manual Review
11456061,22825.0, 36 months,18.25,D,D3,2 years,MORTGAGE,75500.0,Verified,debt_consolidation,MD,31.74,2.0,675.0,679.0,0.0,88.8,27.0,Individual,5,High Risk,Manual Review
11446142,2400.0, 36 months,23.7,F,F1,3 years,RENT,41000.0,Not Verified,medical,SC,26.49,3.0,665.0,669.0,0.0,80.1,21.0,Individual,5,High Risk,Manual Review
11446097,28000.0, 60 months,23.7,F,F1,10+ years,MORTGAGE,99000.0,Source Verified,debt_consolidation,WV,25.26,1.0,670.0,674.0,0.0,87.0,15.0,Individual,5,High Risk,Manual Review
11366189,16375.0, 60 months,23.4,E,E5,8 years,MORTGAGE,54000.0,Source Verified,debt_consolidation,NY,29.6,1.0,680.0,684.0,2.0,85.8,41.0,Individual,5,High Risk,Manual Review
11435753,27500.0, 60 months,22.4,E,E3,5 years,MORTGAGE,65520.0,Verified,debt_consolidation,FL,31.79,0.0,665.0,669.0,0.0,101.3,23.0,Individual,6,High Risk,Manual Review
11405752,7700.0, 36 months,22.9,E,E4,< 1 year,RENT,45000.0,Not Verified,debt_consolidation,IL,5.84,1.0,660.0,664.0,2.0,93.2,20.0,Individual,5,High Risk,Manual Review
11385726,16000.0, 60 months,20.5,E,E1,< 1 year,MORTGAGE,70000.0,Source Verified,home_improvement,IN,7.83,3.0,675.0,679.0,2.0,94.5,31.0,Individual,5,High Risk,Manual Review
11405528,21475.0, 60 months,23.7,F,F1,3 years,RENT,59700.0,Source Verified,debt_consolidation,AZ,33.03,0.0,670.0,674.0,0.0,88.2,41.0,Individual,6,High Risk,Manual Review
10945908,15050.0, 60 months,22.4,E,E3,10+ years,OWN,57000.0,Source Verified,credit_card,SD,20.59,1.0,680.0,684.0,0.0,85.2,54.0,Individual,5,High Risk,Manual Review
11405010,30000.0, 60 months,18.25,D,D3,5 years,MORTGAGE,81000.0,Verified,debt_consolidation,FL,31.97,3.0,675.0,679.0,0.0,81.1,29.0,Individual,5,High Risk,Manual Review
11354847,4200.0, 60 months,23.7,F,F1,3 years,OWN,90000.0,Source Verified,other,CO,31.7,0.0,665.0,669.0,2.0,79.9,44.0,Individual,5,High Risk,Manual Review
11374566,24525.0, 36 months,22.4,E,E3,,RENT,64740.0,Verified,debt_consolidation,PA,31.66,0.0,685.0,689.0,1.0,63.3,31.0,Individual,5,High Risk,Manual Review
11305775,12000.0, 60 months,21.48,E,E2,2 years,RENT,51000.0,Source Verified,other,TX,30.47,1.0,720.0,724.0,0.0,37.1,19.0,Individual,6,High Risk,Manual Review
11326301,14350.0, 60 months,20.5,E,E1,6 years,RENT,40000.0,Verified,other,CA,32.17,0.0,675.0,679.0,1.0,74.3,50.0,Individual,5,High Risk,Manual Review
11286138,35000.0, 60 months,22.4,E,E3,2 years,MORTGAGE,92000.0,Source Verified,debt_consolidation,NJ,9.9,2.0,660.0,664.0,2.0,93.4,24.0,Individual,5,High Risk,Manual Review
11235937,21000.0, 60 months,23.7,F,F1,< 1 year,MORTGAGE,121000.0,Verified,debt_consolidation,AL,17.84,3.0,665.0,669.0,1.0,93.0,27.0,Individual,5,High Risk,Manual Review
11256139,25200.0, 60 months,25.83,G,G2,8 years,MORTGAGE,65000.0,Verified,debt_consolidation,WA,19.04,1.0,700.0,704.0,1.0,92.0,26.0,Individual,5,High Risk,Manual Review
11256161,27425.0, 60 months,22.9,E,E4,10+ years,MORTGAGE,62400.0,Verified,debt_consolidation,CA,31.1,0.0,690.0,694.0,3.0,58.9,35.0,Individual,5,High Risk,Manual Review
11285845,9600.0, 36 months,24.5,F,F3,3 years,OWN,32000.0,Not Verified,debt_consolidation,CA,7.88,1.0,660.0,664.0,1.0,85.1,6.0,Individual,5,High Risk,Manual Review
11235784,35000.0, 36 months,22.4,E,E3,3 years,RENT,99950.0,Verified,debt_consolidation,PA,17.6,1.0,665.0,669.0,1.0,89.2,21.0,Individual,5,High Risk,Manual Review
11275632,10000.0, 36 months,20.5,E,E1,5 years,RENT,42009.0,Verified,moving,WI,34.06,0.0,695.0,699.0,2.0,37.2,22.0,Individual,5,High Risk,Manual Review
11305469,30000.0, 60 months,22.9,E,E4,10+ years,MORTGAGE,69000.0,Verified,credit_card,CA,26.22,3.0,660.0,664.0,1.0,95.4,29.0,Individual,5,High Risk,Manual Review
11295489,15000.0, 60 months,22.4,E,E3,10+ years,MORTGAGE,100241.0,Verified,debt_consolidation,OH,15.05,1.0,670.0,674.0,2.0,92.0,25.0,Individual,5,High Risk,Manual Review
11335301,18000.0, 60 months,20.5,E,E1,8 years,MORTGAGE,200000.0,Verified,home_improvement,NJ,5.53,1.0,670.0,674.0,0.0,93.7,16.0,Individual,5,High Risk,Manual Review
6708492,2500.0, 36 months,18.25,D,D3,2 years,RENT,60000.0,Verified,debt_consolidation,IL,30.41,4.0,660.0,664.0,4.0,91.7,61.0,Individual,5,High Risk,Manual Review
11275307,11975.0, 60 months,20.5,E,E1,2 years,OWN,38000.0,Source Verified,debt_consolidation,TX,33.61,0.0,660.0,664.0,0.0,51.9,27.0,Individual,5,High Risk,Manual Review
11265335,11550.0, 60 months,23.7,F,F1,10+ years,MORTGAGE,62000.0,Verified,debt_consolidation,WA,28.94,1.0,660.0,664.0,1.0,96.5,22.0,Individual,5,High Risk,Manual Review
11275276,2100.0, 36 months,21.48,E,E2,7 years,RENT,55000.0,Not Verified,medical,AZ,8.71,3.0,675.0,679.0,0.0,86.4,31.0,Individual,5,High Risk,Manual Review
11335272,30000.0, 36 months,18.25,D,D3,10+ years,OWN,93000.0,Verified,debt_consolidation,SC,32.15,1.0,700.0,704.0,3.0,95.9,52.0,Individual,5,High Risk,Manual Review
11285100,27325.0, 60 months,21.48,E,E2,6 years,MORTGAGE,97000.0,Verified,debt_consolidation,OH,30.93,2.0,670.0,674.0,0.0,65.4,42.0,Individual,6,High Risk,Manual Review
11234947,31300.0, 36 months,22.4,E,E3,1 year,MORTGAGE,82500.0,Source Verified,debt_consolidation,CO,29.5,2.0,660.0,664.0,3.0,82.4,21.0,Individual,5,High Risk,Manual Review
11334783,12575.0, 60 months,22.9,E,E4,5 years,MORTGAGE,40000.0,Verified,debt_consolidation,CO,30.24,1.0,675.0,679.0,1.0,88.3,33.0,Individual,7,High Risk,Manual Review
10715942,34475.0, 60 months,22.4,E,E3,10+ years,MORTGAGE,91652.0,Verified,debt_consolidation,AL,34.35,2.0,690.0,694.0,0.0,80.4,42.0,Individual,7,High Risk,Manual Review
11024927,2000.0, 36 months,20.5,E,E1,4 years,MORTGAGE,36000.0,Verified,other,HI,19.07,1.0,660.0,664.0,1.0,80.6,33.0,Individual,5,High Risk,Manual Review
11204729,16525.0, 60 months,20.5,E,E1,8 years,OWN,46000.0,Verified,debt_consolidation,FL,32.98,0.0,685.0,689.0,3.0,46.0,51.0,Individual,5,High Risk,Manual Review
10825327,19150.0, 60 months,23.4,E,E5,8 years,MORTGAGE,48000.0,Source Verified,debt_consolidation,FL,22.13,1.0,685.0,689.0,0.0,85.5,15.0,Individual,5,High Risk,Manual Review
11054953,20000.0, 60 months,21.48,E,E2,10+ years,MORTGAGE,72000.0,Source Verified,debt_consolidation,OR,18.45,1.0,680.0,684.0,0.0,92.3,22.0,Individual,5,High Risk,Manual Review
11015049,12150.0, 60 months,24.5,F,F3,4 years,MORTGAGE,56000.0,Verified,debt_consolidation,UT,31.55,0.0,675.0,679.0,1.0,81.5,24.0,Individual,6,High Risk,Manual Review
10975079,16000.0, 60 months,23.4,E,E5,1 year,MORTGAGE,80000.0,Source Verified,debt_consolidation,FL,15.47,1.0,670.0,674.0,0.0,95.8,33.0,Individual,5,High Risk,Manual Review
11054776,4275.0, 36 months,24.5,F,F3,5 years,RENT,67000.0,Not Verified,debt_consolidation,NY,12.86,2.0,670.0,674.0,2.0,93.0,14.0,Individual,5,High Risk,Manual Review
10984789,7000.0, 36 months,23.4,E,E5,< 1 year,RENT,85000.0,Verified,house,CA,31.9,0.0,675.0,679.0,1.0,72.9,50.0,Individual,5,High Risk,Manual Review
10855424,35000.0, 60 months,20.5,E,E1,10+ years,MORTGAGE,92000.0,Source Verified,debt_consolidation,VA,34.5,2.0,690.0,694.0,0.0,85.9,32.0,Individual,7,High Risk,Manual Review
10835317,6450.0, 36 months,22.9,E,E4,4 years,RENT,24000.0,Source Verified,debt_consolidation,VA,34.8,0.0,665.0,669.0,0.0,86.2,11.0,Individual,6,High Risk,Manual Review
10854571,9450.0, 36 months,24.5,F,F3,10+ years,RENT,99247.0,Verified,other,TX,28.54,2.0,675.0,679.0,1.0,83.9,41.0,Individual,5,High Risk,Manual Review
10844579,25975.0, 60 months,24.08,F,F2,10+ years,MORTGAGE,60000.0,Verified,debt_consolidation,NC,30.22,0.0,675.0,679.0,0.0,56.4,40.0,Individual,5,High Risk,Manual Review
10875145,13225.0, 60 months,22.4,E,E3,2 years,MORTGAGE,40000.0,Verified,debt_consolidation,TX,32.07,0.0,665.0,669.0,0.0,83.8,15.0,Individual,6,High Risk,Manual Review
10924823,10000.0, 60 months,18.25,D,D3,10+ years,MORTGAGE,37490.0,Verified,medical,WV,30.63,1.0,685.0,689.0,0.0,96.3,17.0,Individual,5,High Risk,Manual Review
10934945,13700.0, 60 months,23.7,F,F1,7 years,RENT,57000.0,Source Verified,other,AK,29.37,2.0,670.0,674.0,3.0,90.6,23.0,Individual,5,High Risk,Manual Review
10914789,20000.0, 60 months,20.5,E,E1,10+ years,MORTGAGE,101000.0,Verified,debt_consolidation,GA,8.12,2.0,660.0,664.0,0.0,100.3,21.0,Individual,5,High Risk,Manual Review
10904946,5500.0, 36 months,22.9,E,E4,2 years,OWN,19000.0,Verified,debt_consolidation,MD,34.3,0.0,660.0,664.0,2.0,67.7,32.0,Individual,5,High Risk,Manual Review
10716123,2600.0, 60 months,23.4,E,E5,5 years,MORTGAGE,70000.0,Verified,debt_consolidation,WA,33.79,0.0,670.0,674.0,1.0,72.2,31.0,Individual,5,High Risk,Manual Review
10884626,1000.0, 36 months,20.5,E,E1,< 1 year,MORTGAGE,34500.0,Source Verified,debt_consolidation,NY,16.14,2.0,660.0,664.0,0.0,93.9,9.0,Individual,5,High Risk,Manual Review
10884681,8000.0, 36 months,22.4,E,E3,< 1 year,RENT,24725.0,Verified,debt_consolidation,CA,32.04,0.0,670.0,674.0,1.0,45.2,16.0,Individual,5,High Risk,Manual Review
10735749,15000.0, 60 months,18.25,D,D3,10+ years,MORTGAGE,55000.0,Source Verified,debt_consolidation,TX,33.49,1.0,660.0,664.0,0.0,96.3,29.0,Individual,5,High Risk,Manual Review
10844565,19000.0, 60 months,23.4,E,E5,10+ years,MORTGAGE,72000.0,Verified,debt_consolidation,CA,16.55,1.0,675.0,679.0,2.0,83.2,22.0,Individual,5,High Risk,Manual Review
10737323,3000.0, 36 months,21.48,E,E2,10+ years,MORTGAGE,80000.0,Verified,other,NY,30.41,1.0,690.0,694.0,0.0,73.8,31.0,Individual,6,High Risk,Manual Review
10727179,35000.0, 60 months,23.7,F,F1,1 year,MORTGAGE,165000.0,Verified,debt_consolidation,MN,7.71,5.0,670.0,674.0,1.0,103.8,32.0,Individual,5,High Risk,Manual Review
10746517,30000.0, 36 months,21.48,E,E2,10+ years,RENT,100800.0,Source Verified,debt_consolidation,MA,14.07,1.0,665.0,669.0,2.0,101.3,44.0,Individual,5,High Risk,Manual Review
10776318,15875.0, 36 months,20.5,E,E1,6 years,RENT,78000.0,Verified,debt_consolidation,LA,13.45,4.0,665.0,669.0,1.0,85.4,31.0,Individual,5,High Risk,Manual Review
10676478,12000.0, 60 months,24.99,F,F4,10+ years,MORTGAGE,58000.0,Source Verified,debt_consolidation,MO,16.76,1.0,685.0,689.0,1.0,96.7,20.0,Individual,5,High Risk,Manual Review
10786823,8975.0, 36 months,20.5,E,E1,10+ years,MORTGAGE,80000.0,Source Verified,debt_consolidation,CA,17.39,2.0,680.0,684.0,2.0,89.6,43.0,Individual,5,High Risk,Manual Review
10776436,20500.0, 60 months,20.5,E,E1,10+ years,MORTGAGE,78000.0,Verified,home_improvement,MN,18.4,1.0,680.0,684.0,2.0,92.2,22.0,Individual,5,High Risk,Manual Review
10776525,15375.0, 60 months,25.89,G,G3,10+ years,RENT,46000.0,Source Verified,other,AZ,31.75,0.0,675.0,679.0,0.0,48.8,18.0,Individual,5,High Risk,Manual Review
10696693,5600.0, 36 months,22.9,E,E4,10+ years,MORTGAGE,43000.0,Source Verified,debt_consolidation,CA,31.09,0.0,670.0,674.0,0.0,69.9,40.0,Individual,5,High Risk,Manual Review
10766356,16000.0, 60 months,24.5,F,F3,2 years,OWN,72000.0,Source Verified,debt_consolidation,NY,20.87,3.0,665.0,669.0,0.0,99.9,17.0,Individual,5,High Risk,Manual Review
10706414,3000.0, 36 months,23.4,E,E5,,RENT,67640.0,Verified,other,WA,26.93,3.0,665.0,669.0,0.0,95.3,23.0,Individual,5,High Risk,Manual Review
10775807,24000.0, 60 months,20.5,E,E1,10+ years,MORTGAGE,100000.0,Verified,debt_consolidation,TX,14.7,1.0,670.0,674.0,0.0,84.2,32.0,Individual,5,High Risk,Manual Review
10725583,20500.0, 60 months,21.48,E,E2,,OWN,50000.0,Verified,debt_consolidation,NY,30.99,0.0,690.0,694.0,0.0,52.7,37.0,Individual,5,High Risk,Manual Review
9794773,10600.0, 60 months,22.4,E,E3,9 years,RENT,70000.0,Verified,debt_consolidation,OR,21.91,1.0,675.0,679.0,0.0,85.6,20.0,Individual,5,High Risk,Manual Review
10675700,15850.0, 60 months,22.4,E,E3,4 years,MORTGAGE,41000.0,Verified,debt_consolidation,SD,30.36,1.0,695.0,699.0,0.0,92.4,38.0,Individual,7,High Risk,Manual Review
10785324,10625.0, 60 months,22.4,E,E3,2 years,MORTGAGE,47000.0,Source Verified,debt_consolidation,CA,34.6,0.0,670.0,674.0,0.0,77.5,20.0,Individual,5,High Risk,Manual Review
10765200,35000.0, 60 months,24.5,F,F3,10+ years,MORTGAGE,101000.0,Verified,debt_consolidation,WA,30.19,0.0,690.0,694.0,0.0,75.3,31.0,Individual,5,High Risk,Manual Review
10464728,30225.0, 60 months,24.99,F,F4,5 years,OWN,80000.0,Verified,debt_consolidation,OK,30.22,4.0,660.0,664.0,0.0,69.2,33.0,Individual,6,High Risk,Manual Review
10735193,35000.0, 60 months,20.5,E,E1,10+ years,MORTGAGE,100000.0,Verified,debt_consolidation,MD,15.01,1.0,665.0,669.0,0.0,90.0,20.0,Individual,5,High Risk,Manual Review
10675225,12000.0, 36 months,20.5,E,E1,8 years,RENT,42000.0,Verified,debt_consolidation,CA,30.14,0.0,660.0,664.0,0.0,94.8,13.0,Individual,6,High Risk,Manual Review
10675013,13225.0, 60 months,24.08,F,F2,,RENT,37000.0,Verified,debt_consolidation,VA,30.13,0.0,665.0,669.0,0.0,82.7,13.0,Individual,6,High Risk,Manual Review
10648893,22000.0, 60 months,21.48,E,E2,5 years,MORTGAGE,55000.0,Verified,debt_consolidation,MI,18.07,1.0,680.0,684.0,0.0,90.3,29.0,Individual,5,High Risk,Manual Review
10549000,35000.0, 60 months,21.48,E,E2,< 1 year,MORTGAGE,102000.0,Verified,debt_consolidation,MD,30.74,0.0,690.0,694.0,0.0,94.9,22.0,Individual,6,High Risk,Manual Review
8934625,28800.0, 60 months,25.8,G,G1,4 years,MORTGAGE,99000.0,Verified,debt_consolidation,MD,31.55,2.0,665.0,669.0,1.0,80.2,55.0,Individual,7,High Risk,Manual Review
10724649,25225.0, 60 months,21.48,E,E2,1 year,RENT,56000.0,Verified,credit_card,CO,34.63,0.0,680.0,684.0,0.0,96.8,28.0,Individual,6,High Risk,Manual Review
10648788,8000.0, 36 months,20.5,E,E1,7 years,MORTGAGE,71000.0,Source Verified,home_improvement,TX,30.58,0.0,685.0,689.0,1.0,41.1,28.0,Individual,5,High Risk,Manual Review
10568892,1750.0, 36 months,20.5,E,E1,6 years,RENT,39000.0,Verified,debt_consolidation,MN,31.51,0.0,670.0,674.0,2.0,60.3,52.0,Individual,5,High Risk,Manual Review
10608824,35000.0, 60 months,26.06,G,G5,10+ years,MORTGAGE,115000.0,Verified,debt_consolidation,WV,20.52,2.0,670.0,674.0,3.0,87.1,24.0,Individual,5,High Risk,Manual Review
10648665,18000.0, 60 months,22.9,E,E4,2 years,RENT,45000.0,Source Verified,credit_card,FL,23.7,1.0,665.0,669.0,0.0,95.0,11.0,Individual,5,High Risk,Manual Review
10558649,4200.0, 36 months,22.4,E,E3,,MORTGAGE,56000.0,Verified,debt_consolidation,NY,25.83,4.0,665.0,669.0,1.0,92.2,30.0,Individual,5,High Risk,Manual Review
10548691,18825.0, 60 months,22.9,E,E4,4 years,MORTGAGE,48000.0,Verified,debt_consolidation,TN,34.48,0.0,665.0,669.0,0.0,21.4,18.0,Individual,5,High Risk,Manual Review
10588494,33425.0, 36 months,20.5,E,E1,7 years,RENT,80000.0,Verified,debt_consolidation,WV,26.94,1.0,675.0,679.0,2.0,81.5,32.0,Individual,5,High Risk,Manual Review
10140260,11500.0, 60 months,21.48,E,E2,7 years,MORTGAGE,34000.0,Source Verified,debt_consolidation,FL,30.71,0.0,670.0,674.0,0.0,85.8,21.0,Individual,6,High Risk,Manual Review
10558489,10200.0, 60 months,24.08,F,F2,10+ years,MORTGAGE,75500.0,Source Verified,house,NY,31.44,0.0,710.0,714.0,0.0,47.5,33.0,Individual,5,High Risk,Manual Review
10628275,14125.0, 60 months,21.48,E,E2,8 years,OWN,40518.0,Verified,debt_consolidation,MD,30.21,0.0,660.0,664.0,0.0,59.9,19.0,Individual,5,High Risk,Manual Review
10558248,16000.0, 60 months,16.24,C,C5,8 years,RENT,73000.0,Source Verified,credit_card,VA,32.22,2.0,665.0,669.0,0.0,91.5,38.0,Individual,5,High Risk,Manual Review
10567674,12375.0, 36 months,22.4,E,E3,5 years,MORTGAGE,80000.0,Verified,home_improvement,GA,26.44,1.0,665.0,669.0,0.0,85.3,20.0,Individual,5,High Risk,Manual Review
10548106,20000.0, 60 months,15.61,C,C4,10+ years,MORTGAGE,115000.0,Source Verified,credit_card,TN,30.04,4.0,680.0,684.0,1.0,93.1,60.0,Individual,5,High Risk,Manual Review
10547651,35000.0, 60 months,24.08,F,F2,< 1 year,RENT,105000.0,Verified,debt_consolidation,TN,22.26,1.0,665.0,669.0,0.0,92.7,17.0,Individual,5,High Risk,Manual Review
10637824,11500.0, 60 months,21.48,E,E2,4 years,MORTGAGE,34944.0,Source Verified,medical,TX,15.45,1.0,670.0,674.0,0.0,86.4,10.0,Individual,5,High Risk,Manual Review
10617927,17000.0, 60 months,23.4,E,E5,10+ years,MORTGAGE,66000.0,Source Verified,debt_consolidation,GA,16.9,1.0,665.0,669.0,0.0,85.4,44.0,Individual,5,High Risk,Manual Review
10637580,25000.0, 36 months,22.9,E,E4,10+ years,MORTGAGE,225000.0,Verified,small_business,AZ,5.88,2.0,665.0,669.0,2.0,86.0,21.0,Individual,5,High Risk,Manual Review
10607675,12000.0, 36 months,17.57,D,D2,,OWN,75000.0,Verified,debt_consolidation,NY,30.78,1.0,680.0,684.0,1.0,80.3,40.0,Individual,5,High Risk,Manual Review
10635622,25000.0, 60 months,20.5,E,E1,10+ years,MORTGAGE,95000.0,Verified,debt_consolidation,GA,34.04,0.0,690.0,694.0,2.0,71.2,37.0,Individual,5,High Risk,Manual Review
10567598,35000.0, 36 months,22.4,E,E3,4 years,MORTGAGE,230000.0,Verified,debt_consolidation,LA,13.14,7.0,685.0,689.0,3.0,91.6,34.0,Individual,5,High Risk,Manual Review
10637269,15875.0, 60 months,21.48,E,E2,10+ years,OWN,40000.0,Verified,debt_consolidation,NJ,34.56,0.0,685.0,689.0,0.0,49.1,26.0,Individual,5,High Risk,Manual Review
10634619,27800.0, 60 months,20.5,E,E1,10+ years,MORTGAGE,66100.0,Source Verified,debt_consolidation,AL,30.01,0.0,710.0,714.0,0.0,66.2,27.0,Individual,5,High Risk,Manual Review
10555383,13225.0, 60 months,20.5,E,E1,10+ years,MORTGAGE,54000.0,Verified,debt_consolidation,PA,20.53,1.0,665.0,669.0,1.0,88.5,25.0,Individual,5,High Risk,Manual Review
10597016,11000.0, 36 months,15.61,C,C4,3 years,RENT,39520.0,Source Verified,debt_consolidation,AZ,31.65,1.0,670.0,674.0,1.0,86.6,28.0,Individual,5,High Risk,Manual Review
10597078,17625.0, 36 months,17.57,D,D2,,RENT,45000.0,Verified,other,MD,33.04,1.0,680.0,684.0,0.0,82.8,44.0,Individual,5,High Risk,Manual Review
10617016,15000.0, 36 months,17.57,D,D2,10+ years,MORTGAGE,108000.0,Verified,debt_consolidation,GA,34.0,1.0,670.0,674.0,0.0,89.8,46.0,Individual,5,High Risk,Manual Review
10586835,17325.0, 60 months,25.83,G,G2,1 year,RENT,50000.0,Source Verified,debt_consolidation,FL,33.86,1.0,670.0,674.0,3.0,51.6,63.0,Individual,6,High Risk,Manual Review
10626780,20800.0, 60 months,22.4,E,E3,,MORTGAGE,72000.0,Verified,debt_consolidation,NY,30.08,2.0,680.0,684.0,3.0,38.9,52.0,Individual,6,High Risk,Manual Review
10566750,14675.0, 60 months,21.48,E,E2,3 years,OWN,42000.0,Verified,medical,FL,30.76,1.0,690.0,694.0,0.0,13.5,21.0,Individual,6,High Risk,Manual Review
10556261,24975.0, 60 months,20.5,E,E1,5 years,RENT,58567.0,Verified,credit_card,NC,34.36,0.0,665.0,669.0,1.0,84.4,52.0,Individual,6,High Risk,Manual Review
10636592,11100.0, 60 months,21.48,E,E2,3 years,RENT,75000.0,Verified,debt_consolidation,OH,17.87,1.0,690.0,694.0,0.0,87.2,11.0,Individual,5,High Risk,Manual Review
10636692,11875.0, 36 months,20.5,E,E1,10+ years,MORTGAGE,65300.0,Verified,debt_consolidation,FL,32.35,1.0,680.0,684.0,3.0,59.7,38.0,Individual,6,High Risk,Manual Review
10594997,15250.0, 60 months,22.4,E,E3,1 year,RENT,55000.0,Source Verified,debt_consolidation,CO,33.49,0.0,685.0,689.0,0.0,69.2,23.0,Individual,5,High Risk,Manual Review
10626292,17325.0, 60 months,21.48,E,E2,< 1 year,MORTGAGE,41000.0,Verified,credit_card,TX,33.61,0.0,660.0,664.0,0.0,87.2,20.0,Individual,6,High Risk,Manual Review
10606289,5375.0, 36 months,19.97,D,D5,,MORTGAGE,19200.0,Verified,debt_consolidation,AL,33.31,1.0,665.0,669.0,2.0,88.0,29.0,Individual,5,High Risk,Manual Review
10624563,19750.0, 60 months,21.48,E,E2,10+ years,RENT,50820.0,Verified,debt_consolidation,CA,33.0,1.0,660.0,664.0,0.0,44.2,23.0,Individual,6,High Risk,Manual Review
10161425,17475.0, 60 months,23.7,F,F1,< 1 year,RENT,102000.0,Verified,credit_card,CA,33.35,0.0,680.0,684.0,0.0,62.7,27.0,Individual,5,High Risk,Manual Review
10146054,3000.0, 36 months,23.4,E,E5,,MORTGAGE,31836.0,Verified,medical,PA,29.82,1.0,710.0,714.0,2.0,82.3,13.0,Individual,5,High Risk,Manual Review
9836325,27050.0, 60 months,24.08,F,F2,9 years,OWN,65000.0,Verified,debt_consolidation,PA,32.16,0.0,700.0,704.0,3.0,73.6,18.0,Individual,5,High Risk,Manual Review
10585673,2000.0, 36 months,20.5,E,E1,7 years,RENT,55400.0,Source Verified,other,KS,30.26,0.0,680.0,684.0,0.0,84.9,11.0,Individual,6,High Risk,Manual Review
10565767,35000.0, 60 months,22.4,E,E3,10+ years,MORTGAGE,115000.0,Source Verified,medical,MN,9.89,2.0,670.0,674.0,0.0,81.7,17.0,Individual,5,High Risk,Manual Review
10645606,35000.0, 60 months,21.48,E,E2,7 years,RENT,130000.0,Source Verified,debt_consolidation,TN,14.71,1.0,660.0,664.0,1.0,82.3,39.0,Individual,5,High Risk,Manual Review
10645409,13200.0, 60 months,25.83,G,G2,5 years,MORTGAGE,70000.0,Verified,debt_consolidation,PA,9.08,2.0,660.0,664.0,3.0,86.2,30.0,Individual,5,High Risk,Manual Review
10585345,5000.0, 36 months,23.4,E,E5,,MORTGAGE,48000.0,Source Verified,home_improvement,AZ,24.55,1.0,660.0,664.0,2.0,90.7,36.0,Individual,5,High Risk,Manual Review
10605407,7125.0, 36 months,21.48,E,E2,4 years,MORTGAGE,38000.0,Verified,debt_consolidation,AR,34.14,0.0,660.0,664.0,0.0,21.6,12.0,Individual,5,High Risk,Manual Review
10645181,19750.0, 60 months,23.4,E,E5,10+ years,OWN,45000.0,Verified,credit_card,NY,30.35,0.0,670.0,674.0,0.0,60.4,36.0,Individual,5,High Risk,Manual Review
10615057,10000.0, 36 months,20.5,E,E1,2 years,RENT,97000.0,Not Verified,debt_consolidation,IL,8.59,1.0,660.0,664.0,2.0,93.6,11.0,Individual,5,High Risk,Manual Review
10150111,15375.0, 60 months,20.5,E,E1,2 years,RENT,35000.0,Verified,credit_card,WA,34.99,0.0,695.0,699.0,2.0,45.4,28.0,Individual,5,High Risk,Manual Review
10614968,4800.0, 36 months,22.9,E,E4,3 years,RENT,37000.0,Verified,small_business,CA,34.35,1.0,680.0,684.0,0.0,17.3,12.0,Individual,6,High Risk,Manual Review
10574954,20000.0, 36 months,20.5,E,E1,10+ years,MORTGAGE,80000.0,Verified,debt_consolidation,CA,26.07,1.0,690.0,694.0,3.0,95.0,16.0,Individual,5,High Risk,Manual Review
10129030,12800.0, 36 months,24.08,F,F2,10+ years,MORTGAGE,88000.0,Not Verified,debt_consolidation,NV,18.86,1.0,660.0,664.0,2.0,82.9,28.0,Individual,5,High Risk,Manual Review
10162685,5000.0, 36 months,22.9,E,E4,10+ years,MORTGAGE,69000.0,Not Verified,credit_card,FL,16.63,1.0,670.0,674.0,0.0,84.7,24.0,Individual,5,High Risk,Manual Review
10544958,10000.0, 60 months,23.4,E,E5,1 year,RENT,65000.0,Verified,debt_consolidation,CO,30.52,0.0,670.0,674.0,2.0,85.5,25.0,Individual,6,High Risk,Manual Review
10634644,35000.0, 60 months,20.5,E,E1,10+ years,MORTGAGE,250000.0,Verified,debt_consolidation,CA,24.53,1.0,685.0,689.0,4.0,81.8,57.0,Individual,5,High Risk,Manual Review
10132516,10000.0, 60 months,20.5,E,E1,2 years,RENT,120000.0,Verified,other,FL,10.66,1.0,705.0,709.0,0.0,85.4,22.0,Individual,5,High Risk,Manual Review
10594636,19200.0, 36 months,16.24,C,C5,2 years,RENT,78000.0,Verified,debt_consolidation,NM,30.63,1.0,665.0,669.0,0.0,86.6,29.0,Individual,5,High Risk,Manual Review
10614583,21000.0, 60 months,18.25,D,D3,3 years,MORTGAGE,145000.0,Verified,credit_card,PA,31.8,3.0,660.0,664.0,6.0,80.6,34.0,Individual,5,High Risk,Manual Review
10455080,10000.0, 36 months,20.5,E,E1,8 years,RENT,40000.0,Source Verified,debt_consolidation,CA,31.11,0.0,675.0,679.0,1.0,82.9,41.0,Individual,6,High Risk,Manual Review
10125743,17700.0, 60 months,20.5,E,E1,10+ years,MORTGAGE,70000.0,Source Verified,credit_card,CA,34.92,0.0,680.0,684.0,5.0,84.8,36.0,Individual,6,High Risk,Manual Review
10161013,16000.0, 60 months,20.5,E,E1,< 1 year,MORTGAGE,75000.0,Verified,debt_consolidation,TX,33.46,0.0,685.0,689.0,0.0,92.5,30.0,Individual,6,High Risk,Manual Review
10183426,3000.0, 36 months,22.4,E,E3,,MORTGAGE,40000.0,Verified,other,GA,31.23,0.0,675.0,679.0,0.0,88.3,27.0,Individual,6,High Risk,Manual Review
10474606,19750.0, 60 months,24.99,F,F4,< 1 year,MORTGAGE,50000.0,Source Verified,debt_consolidation,MN,34.52,0.0,680.0,684.0,1.0,78.8,16.0,Individual,5,High Risk,Manual Review
10143797,13225.0, 60 months,24.08,F,F2,4 years,MORTGAGE,58000.0,Source Verified,debt_consolidation,MN,30.33,0.0,665.0,669.0,0.0,76.0,17.0,Individual,5,High Risk,Manual Review
10139288,4750.0, 36 months,20.5,E,E1,1 year,RENT,45000.0,Source Verified,credit_card,NC,31.71,0.0,665.0,669.0,3.0,68.8,24.0,Individual,5,High Risk,Manual Review
10235581,20000.0, 60 months,24.5,F,F3,8 years,RENT,65000.0,Verified,other,VA,25.88,1.0,665.0,669.0,1.0,84.0,20.0,Individual,5,High Risk,Manual Review
10123670,23500.0, 36 months,21.48,E,E2,1 year,MORTGAGE,80000.0,Source Verified,debt_consolidation,CA,21.45,1.0,665.0,669.0,1.0,80.4,23.0,Individual,5,High Risk,Manual Review
10077021,14825.0, 36 months,20.5,E,E1,10+ years,MORTGAGE,65000.0,Verified,debt_consolidation,PA,27.95,1.0,670.0,674.0,2.0,92.7,22.0,Individual,5,High Risk,Manual Review
10163246,30000.0, 60 months,20.5,E,E1,7 years,RENT,180000.0,Verified,debt_consolidation,NY,19.11,1.0,675.0,679.0,0.0,82.6,55.0,Individual,5,High Risk,Manual Review
10153313,10000.0, 60 months,20.5,E,E1,7 years,RENT,38000.0,Source Verified,debt_consolidation,FL,30.89,5.0,670.0,674.0,2.0,92.0,37.0,Individual,7,High Risk,Manual Review
10080359,32225.0, 60 months,22.4,E,E3,10+ years,MORTGAGE,74000.0,Verified,debt_consolidation,AZ,34.24,0.0,700.0,704.0,1.0,73.1,37.0,Individual,5,High Risk,Manual Review
10173215,12300.0, 60 months,22.9,E,E4,5 years,RENT,42000.0,Verified,debt_consolidation,FL,24.66,2.0,665.0,669.0,1.0,83.7,29.0,Individual,5,High Risk,Manual Review
10183156,11700.0, 60 months,23.4,E,E5,1 year,RENT,32500.0,Source Verified,debt_consolidation,OK,32.68,0.0,665.0,669.0,0.0,78.5,35.0,Individual,5,High Risk,Manual Review
10065738,10000.0, 36 months,23.7,F,F1,10+ years,RENT,49000.0,Verified,other,WA,30.32,0.0,665.0,669.0,1.0,49.5,21.0,Individual,5,High Risk,Manual Review
9934915,16750.0, 60 months,21.48,E,E2,7 years,RENT,42000.0,Source Verified,credit_card,TX,19.46,1.0,670.0,674.0,1.0,95.3,16.0,Individual,5,High Risk,Manual Review
10123026,17050.0, 36 months,19.22,D,D4,6 years,RENT,43000.0,Source Verified,credit_card,MA,31.68,1.0,660.0,664.0,0.0,82.2,19.0,Individual,5,High Risk,Manual Review
10132975,1500.0, 36 months,22.9,E,E4,1 year,MORTGAGE,40000.0,Verified,other,CA,32.43,0.0,680.0,684.0,0.0,67.0,10.0,Individual,5,High Risk,Manual Review
10182895,7200.0, 36 months,20.5,E,E1,10+ years,MORTGAGE,60000.0,Not Verified,other,NY,26.94,1.0,665.0,669.0,1.0,84.6,28.0,Individual,5,High Risk,Manual Review
10113286,27050.0, 36 months,21.48,E,E2,,RENT,72000.0,Verified,debt_consolidation,CA,32.92,0.0,675.0,679.0,3.0,86.0,34.0,Individual,6,High Risk,Manual Review
10085133,20000.0, 60 months,23.7,F,F1,10+ years,MORTGAGE,62000.0,Verified,debt_consolidation,MA,11.25,1.0,670.0,674.0,2.0,84.0,29.0,Individual,5,High Risk,Manual Review
10082899,22000.0, 60 months,20.5,E,E1,5 years,MORTGAGE,56227.0,Verified,debt_consolidation,KY,33.93,0.0,685.0,689.0,0.0,53.5,53.0,Individual,5,High Risk,Manual Review
10093088,30000.0, 60 months,25.8,G,G1,10+ years,MORTGAGE,165000.0,Verified,medical,NC,21.86,2.0,660.0,664.0,1.0,90.5,31.0,Individual,5,High Risk,Manual Review
10182775,4000.0, 36 months,20.5,E,E1,10+ years,MORTGAGE,61320.0,Verified,other,CA,33.15,2.0,695.0,699.0,2.0,78.9,47.0,Individual,6,High Risk,Manual Review
10141597,10000.0, 60 months,21.48,E,E2,1 year,MORTGAGE,75000.0,Source Verified,other,OH,25.17,2.0,670.0,674.0,0.0,91.5,32.0,Individual,5,High Risk,Manual Review
10072741,13700.0, 60 months,20.5,E,E1,2 years,RENT,43000.0,Source Verified,debt_consolidation,CA,30.11,0.0,660.0,664.0,0.0,71.0,25.0,Individual,5,High Risk,Manual Review
10132565,28625.0, 60 months,23.4,E,E5,9 years,RENT,83000.0,Verified,debt_consolidation,CA,19.39,2.0,670.0,674.0,2.0,86.9,45.0,Individual,5,High Risk,Manual Review
10122688,15875.0, 60 months,22.4,E,E3,4 years,MORTGAGE,40000.0,Verified,debt_consolidation,CA,34.86,0.0,700.0,704.0,2.0,61.1,21.0,Individual,5,High Risk,Manual Review
9786591,19200.0, 60 months,21.48,E,E2,7 years,MORTGAGE,75000.0,Verified,debt_consolidation,TX,31.9,0.0,690.0,694.0,2.0,57.0,45.0,Individual,5,High Risk,Manual Review
10152497,20000.0, 60 months,25.83,G,G2,6 years,MORTGAGE,146000.0,Verified,moving,MN,13.36,1.0,665.0,669.0,2.0,83.8,18.0,Individual,5,High Risk,Manual Review
10172407,18200.0, 60 months,25.89,G,G3,1 year,RENT,78000.0,Verified,credit_card,MA,28.68,1.0,665.0,669.0,1.0,82.7,31.0,Individual,5,High Risk,Manual Review
10162555,19575.0, 60 months,23.7,F,F1,2 years,MORTGAGE,66000.0,Verified,debt_consolidation,LA,31.02,0.0,680.0,684.0,0.0,80.6,27.0,Individual,6,High Risk,Manual Review
10132436,16625.0, 36 months,21.48,E,E2,,MORTGAGE,60183.0,Verified,debt_consolidation,TN,31.89,0.0,670.0,674.0,1.0,68.9,15.0,Individual,5,High Risk,Manual Review
10092619,15000.0, 60 months,16.24,C,C5,10+ years,MORTGAGE,52000.0,Source Verified,debt_consolidation,TX,31.16,1.0,680.0,684.0,0.0,87.7,27.0,Individual,5,High Risk,Manual Review
10092629,31825.0, 60 months,20.5,E,E1,10+ years,MORTGAGE,70000.0,Verified,debt_consolidation,TX,31.47,0.0,715.0,719.0,0.0,87.5,14.0,Individual,6,High Risk,Manual Review
10112661,30000.0, 60 months,23.7,F,F1,10+ years,OWN,106000.0,Verified,debt_consolidation,MN,23.7,1.0,670.0,674.0,2.0,87.6,37.0,Individual,5,High Risk,Manual Review
9777140,10000.0, 60 months,22.9,E,E4,10+ years,MORTGAGE,90000.0,Source Verified,debt_consolidation,NY,11.22,2.0,675.0,679.0,1.0,92.7,12.0,Individual,5,High Risk,Manual Review
10172197,5500.0, 36 months,20.5,E,E1,7 years,MORTGAGE,82000.0,Source Verified,other,NV,23.71,1.0,665.0,669.0,0.0,95.4,26.0,Individual,5,High Risk,Manual Review
10112368,30075.0, 60 months,23.4,E,E5,9 years,MORTGAGE,81250.0,Verified,debt_consolidation,NH,34.58,0.0,715.0,719.0,2.0,93.7,36.0,Individual,6,High Risk,Manual Review
10102068,35000.0, 60 months,20.5,E,E1,8 years,MORTGAGE,218000.0,Verified,credit_card,VA,8.0,2.0,675.0,679.0,0.0,86.9,42.0,Individual,5,High Risk,Manual Review
10120606,10000.0, 36 months,21.48,E,E2,2 years,OWN,250000.0,Source Verified,moving,NC,9.27,1.0,660.0,664.0,0.0,82.8,41.0,Individual,5,High Risk,Manual Review
10171858,15450.0, 60 months,21.48,E,E2,10+ years,MORTGAGE,47000.0,Verified,debt_consolidation,OK,31.05,0.0,695.0,699.0,2.0,59.1,47.0,Individual,5,High Risk,Manual Review
10071900,2000.0, 36 months,21.48,E,E2,10+ years,MORTGAGE,189000.0,Verified,home_improvement,NY,13.12,1.0,660.0,664.0,0.0,86.5,21.0,Individual,5,High Risk,Manual Review
10131591,15000.0, 60 months,25.57,F,F5,10+ years,MORTGAGE,80000.0,Source Verified,debt_consolidation,IL,15.57,1.0,660.0,664.0,2.0,88.3,34.0,Individual,5,High Risk,Manual Review
10181501,31300.0, 60 months,22.4,E,E3,10+ years,OWN,66000.0,Verified,house,AR,33.44,0.0,730.0,734.0,3.0,40.5,51.0,Individual,5,High Risk,Manual Review
10071537,5000.0, 36 months,23.4,E,E5,5 years,MORTGAGE,97000.0,Source Verified,home_improvement,FL,6.78,1.0,660.0,664.0,0.0,95.2,23.0,Individual,5,High Risk,Manual Review
10081378,10000.0, 60 months,21.48,E,E2,< 1 year,RENT,50000.0,Verified,credit_card,HI,31.5,0.0,660.0,664.0,0.0,85.8,17.0,Individual,6,High Risk,Manual Review
10151315,24250.0, 60 months,22.9,E,E4,2 years,RENT,65000.0,Verified,debt_consolidation,TX,32.57,1.0,665.0,669.0,0.0,82.8,32.0,Individual,7,High Risk,Manual Review
10091272,33425.0, 60 months,20.5,E,E1,10+ years,OWN,73000.0,Verified,credit_card,TX,30.35,0.0,690.0,694.0,0.0,94.9,19.0,Individual,6,High Risk,Manual Review
10091327,29175.0, 60 months,20.5,E,E1,10+ years,RENT,69519.0,Verified,debt_consolidation,CA,29.58,2.0,665.0,669.0,0.0,82.8,21.0,Individual,5,High Risk,Manual Review
10101103,12700.0, 36 months,21.48,E,E2,,OWN,36000.0,Verified,small_business,TX,30.17,0.0,750.0,754.0,0.0,49.7,15.0,Individual,5,High Risk,Manual Review
10151034,30000.0, 60 months,20.5,E,E1,8 years,RENT,126000.0,Verified,credit_card,NY,16.32,3.0,670.0,674.0,0.0,93.7,21.0,Individual,5,High Risk,Manual Review
10101150,8500.0, 36 months,20.5,E,E1,3 years,RENT,113000.0,Source Verified,other,MI,7.23,1.0,660.0,664.0,2.0,85.0,16.0,Individual,5,High Risk,Manual Review
10080969,14825.0, 60 months,20.5,E,E1,7 years,OWN,38000.0,Verified,debt_consolidation,MD,31.96,0.0,675.0,679.0,0.0,72.9,29.0,Individual,5,High Risk,Manual Review
10076689,26375.0, 60 months,24.08,F,F2,10+ years,MORTGAGE,62400.0,Verified,debt_consolidation,AL,32.37,0.0,675.0,679.0,0.0,101.2,37.0,Individual,6,High Risk,Manual Review
10157982,12000.0, 60 months,20.5,E,E1,10+ years,RENT,155000.0,Verified,other,LA,31.53,1.0,675.0,679.0,0.0,92.0,39.0,Individual,7,High Risk,Manual Review
10139531,6950.0, 36 months,22.4,E,E3,2 years,RENT,60000.0,Not Verified,debt_consolidation,WA,29.67,1.0,660.0,664.0,2.0,86.7,17.0,Individual,5,High Risk,Manual Review
9805648,28000.0, 60 months,22.9,E,E4,3 years,MORTGAGE,90000.0,Source Verified,home_improvement,WA,13.59,1.0,675.0,679.0,2.0,82.2,17.0,Individual,5,High Risk,Manual Review
10070584,7125.0, 36 months,22.9,E,E4,10+ years,MORTGAGE,89000.0,Verified,other,MI,10.38,1.0,660.0,664.0,2.0,85.0,27.0,Individual,5,High Risk,Manual Review
10170479,13675.0, 60 months,23.7,F,F1,1 year,MORTGAGE,135000.0,Verified,debt_consolidation,LA,12.94,1.0,680.0,684.0,1.0,89.8,25.0,Individual,5,High Risk,Manual Review
10150337,10000.0, 36 months,23.4,E,E5,2 years,MORTGAGE,66000.0,Verified,debt_consolidation,AL,30.56,1.0,660.0,664.0,1.0,93.7,22.0,Individual,7,High Risk,Manual Review
10180191,25975.0, 60 months,24.08,F,F2,2 years,MORTGAGE,62000.0,Source Verified,debt_consolidation,FL,30.76,0.0,705.0,709.0,1.0,74.2,29.0,Individual,5,High Risk,Manual Review
9776283,13475.0, 60 months,22.9,E,E4,3 years,RENT,50000.0,Verified,debt_consolidation,MN,34.11,0.0,685.0,689.0,1.0,56.9,29.0,Individual,5,High Risk,Manual Review
10167361,20050.0, 60 months,23.7,F,F1,10+ years,OWN,68400.0,Verified,home_improvement,TX,32.84,0.0,670.0,674.0,2.0,67.4,20.0,Individual,5,High Risk,Manual Review
10179630,24000.0, 60 months,22.4,E,E3,10+ years,RENT,84000.0,Source Verified,debt_consolidation,FL,22.26,3.0,660.0,664.0,1.0,93.4,30.0,Individual,5,High Risk,Manual Review
10119695,13250.0, 60 months,20.5,E,E1,10+ years,OWN,36500.0,Source Verified,credit_card,WV,33.67,0.0,660.0,664.0,1.0,62.3,23.0,Individual,5,High Risk,Manual Review
10109308,13975.0, 36 months,20.5,E,E1,10+ years,RENT,44000.0,Verified,car,NY,33.86,2.0,660.0,664.0,1.0,57.6,34.0,Individual,6,High Risk,Manual Review
8644709,13750.0, 60 months,19.22,D,D4,10+ years,MORTGAGE,50000.0,Verified,debt_consolidation,PA,33.77,1.0,675.0,679.0,0.0,90.2,29.0,Individual,5,High Risk,Manual Review
10178919,20000.0, 60 months,16.24,C,C5,10+ years,MORTGAGE,98000.0,Source Verified,debt_consolidation,AK,31.49,1.0,675.0,679.0,1.0,85.0,53.0,Individual,5,High Risk,Manual Review
10118373,8575.0, 36 months,24.08,F,F2,10+ years,MORTGAGE,34000.0,Verified,debt_consolidation,AR,30.89,0.0,665.0,669.0,3.0,66.8,24.0,Individual,5,High Risk,Manual Review
10108408,24000.0, 60 months,19.97,D,D5,9 years,MORTGAGE,143000.0,Verified,debt_consolidation,TX,32.0,1.0,690.0,694.0,0.0,95.6,41.0,Individual,5,High Risk,Manual Review
10097949,28000.0, 60 months,21.48,E,E2,10+ years,RENT,110000.0,Verified,debt_consolidation,NJ,32.18,1.0,690.0,694.0,2.0,67.5,36.0,Individual,6,High Risk,Manual Review
10156531,22900.0, 60 months,23.4,E,E5,10+ years,MORTGAGE,96500.0,Verified,debt_consolidation,PA,30.64,1.0,685.0,689.0,3.0,71.4,31.0,Individual,6,High Risk,Manual Review
9755029,24375.0, 36 months,21.48,E,E2,8 years,MORTGAGE,300000.0,Verified,debt_consolidation,IL,11.27,1.0,675.0,679.0,2.0,89.6,58.0,Individual,5,High Risk,Manual Review
9767996,24000.0, 60 months,25.83,G,G2,10+ years,MORTGAGE,60000.0,Verified,medical,AL,26.27,1.0,660.0,664.0,0.0,94.1,38.0,Individual,5,High Risk,Manual Review
144858623,8000.0, 36 months,23.4,E,E1,10+ years,OWN,43000.0,Source Verified,debt_consolidation,AL,33.24,0.0,685.0,689.0,0.0,81.3,16.0,Individual,6,High Risk,Manual Review
145434168,16000.0, 60 months,26.31,E,E4,< 1 year,RENT,33000.0,Source Verified,credit_card,SC,33.62,0.0,690.0,694.0,1.0,65.5,22.0,Individual,5,High Risk,Manual Review
145233976,13000.0, 36 months,23.4,E,E1,2 years,MORTGAGE,90000.0,Verified,other,PA,39.73,0.0,705.0,709.0,0.0,83.1,20.0,Individual,6,High Risk,Manual Review
145599857,30000.0, 60 months,26.31,E,E4,10+ years,OWN,62000.0,Source Verified,debt_consolidation,CA,37.24,0.0,670.0,674.0,0.0,39.8,36.0,Individual,5,High Risk,Manual Review
145327020,7075.0, 36 months,23.4,E,E1,,RENT,19200.0,Not Verified,debt_consolidation,MO,30.34,0.0,670.0,674.0,0.0,71.0,13.0,Individual,5,High Risk,Manual Review
144540581,16000.0, 36 months,23.4,E,E1,10+ years,MORTGAGE,140000.0,Not Verified,credit_card,CA,18.39,1.0,660.0,664.0,0.0,103.4,33.0,Individual,5,High Risk,Manual Review
145606698,23000.0, 60 months,19.92,D,D3,,OWN,75000.0,Not Verified,debt_consolidation,NY,32.14,1.0,690.0,694.0,0.0,92.7,16.0,Individual,5,High Risk,Manual Review
145593397,12000.0, 36 months,26.31,E,E4,5 years,OWN,19000.0,Not Verified,credit_card,IL,35.88,0.0,720.0,724.0,0.0,70.5,11.0,Individual,5,High Risk,Manual Review
145626844,1000.0, 36 months,23.4,E,E1,4 years,RENT,35000.0,Source Verified,credit_card,IL,36.45,0.0,685.0,689.0,1.0,42.8,31.0,Individual,5,High Risk,Manual Review
144944917,2500.0, 36 months,23.4,E,E1,5 years,OWN,33000.0,Not Verified,debt_consolidation,PA,43.64,0.0,755.0,759.0,3.0,20.5,32.0,Joint App,5,High Risk,Manual Review
145598521,1200.0, 36 months,26.31,E,E4,5 years,MORTGAGE,35000.0,Not Verified,other,TX,30.8,0.0,700.0,704.0,1.0,39.9,36.0,Individual,5,High Risk,Manual Review
145295195,24825.0, 36 months,23.4,E,E1,10+ years,MORTGAGE,85000.0,Verified,debt_consolidation,NC,33.74,0.0,665.0,669.0,0.0,86.9,30.0,Joint App,6,High Risk,Manual Review
145416414,1000.0, 36 months,23.4,E,E1,10+ years,OWN,59500.0,Not Verified,major_purchase,NY,30.11,0.0,660.0,664.0,1.0,33.9,16.0,Individual,5,High Risk,Manual Review
145447091,2825.0, 36 months,26.31,E,E4,10+ years,RENT,204060.0,Not Verified,credit_card,CA,30.81,0.0,685.0,689.0,1.0,71.3,20.0,Individual,5,High Risk,Manual Review
145054272,10000.0, 60 months,26.31,E,E4,10+ years,MORTGAGE,47000.0,Verified,debt_consolidation,NY,34.96,0.0,715.0,719.0,0.0,51.6,19.0,Individual,5,High Risk,Manual Review
145479182,20000.0, 36 months,24.37,E,E2,10+ years,RENT,50000.0,Not Verified,debt_consolidation,OR,37.13,0.0,690.0,694.0,1.0,63.9,12.0,Individual,5,High Risk,Manual Review
145561591,5000.0, 36 months,24.37,E,E2,2 years,OWN,36000.0,Source Verified,other,CO,35.4,0.0,715.0,719.0,3.0,43.6,14.0,Individual,5,High Risk,Manual Review
145562457,10000.0, 36 months,23.4,E,E1,1 year,MORTGAGE,73000.0,Source Verified,debt_consolidation,CT,18.26,1.0,670.0,674.0,1.0,146.3,27.0,Individual,5,High Risk,Manual Review
145521549,40000.0, 60 months,25.34,E,E3,2 years,MORTGAGE,40000.0,Verified,debt_consolidation,PA,38.46,1.0,685.0,689.0,1.0,56.3,23.0,Joint App,6,High Risk,Manual Review
145451322,25000.0, 36 months,17.97,D,D1,10+ years,RENT,81000.0,Not Verified,debt_consolidation,WI,33.94,3.0,700.0,704.0,1.0,85.5,26.0,Individual,5,High Risk,Manual Review
145547641,29900.0, 36 months,23.4,E,E1,7 years,MORTGAGE,37600.0,Not Verified,credit_card,MO,95.65,0.0,700.0,704.0,1.0,81.9,17.0,Joint App,6,High Risk,Manual Review
145469046,10000.0, 36 months,23.4,E,E1,< 1 year,RENT,28000.0,Verified,credit_card,CA,38.92,0.0,675.0,679.0,0.0,45.6,6.0,Individual,5,High Risk,Manual Review
145414396,4000.0, 36 months,23.4,E,E1,8 years,RENT,93000.0,Not Verified,other,CA,33.78,0.0,670.0,674.0,1.0,85.1,20.0,Individual,6,High Risk,Manual Review
145533024,9000.0, 36 months,26.31,E,E4,< 1 year,MORTGAGE,36000.0,Not Verified,debt_consolidation,AR,31.37,0.0,700.0,704.0,0.0,38.0,37.0,Individual,5,High Risk,Manual Review
145055058,11000.0, 60 months,27.27,E,E5,,RENT,16410.0,Verified,debt_consolidation,ID,32.11,0.0,680.0,684.0,0.0,93.3,15.0,Individual,6,High Risk,Manual Review
145291067,10000.0, 36 months,25.34,E,E3,6 years,RENT,25000.0,Verified,other,IN,35.0,0.0,690.0,694.0,0.0,74.9,13.0,Individual,5,High Risk,Manual Review
145410790,10000.0, 60 months,25.34,E,E3,10+ years,MORTGAGE,75000.0,Not Verified,home_improvement,NY,39.9,0.0,675.0,679.0,0.0,75.5,45.0,Individual,5,High Risk,Manual Review
145321866,20000.0, 60 months,27.27,E,E5,< 1 year,RENT,60000.0,Not Verified,debt_consolidation,FL,34.12,3.0,670.0,674.0,0.0,77.6,26.0,Individual,6,High Risk,Manual Review
145449978,1000.0, 36 months,23.4,E,E1,10+ years,MORTGAGE,75000.0,Source Verified,other,OH,30.59,1.0,715.0,719.0,0.0,36.7,28.0,Individual,6,High Risk,Manual Review
145268108,10000.0, 36 months,24.37,E,E2,1 year,RENT,67000.0,Verified,other,TX,54.22,0.0,710.0,714.0,0.0,79.3,47.0,Joint App,5,High Risk,Manual Review
145167945,8525.0, 36 months,26.31,E,E4,10+ years,MORTGAGE,72000.0,Verified,debt_consolidation,VA,31.17,1.0,665.0,669.0,4.0,73.0,42.0,Individual,6,High Risk,Manual Review
145503660,20925.0, 60 months,26.31,E,E4,10+ years,MORTGAGE,150000.0,Not Verified,debt_consolidation,MD,32.0,1.0,700.0,704.0,1.0,65.6,18.0,Individual,6,High Risk,Manual Review
144801657,18000.0, 60 months,27.27,E,E5,10+ years,RENT,37211.0,Source Verified,debt_consolidation,IN,35.19,0.0,660.0,664.0,0.0,40.0,35.0,Individual,5,High Risk,Manual Review
145337939,10000.0, 36 months,24.37,E,E2,10+ years,OWN,37525.0,Source Verified,debt_consolidation,CA,38.47,0.0,700.0,704.0,0.0,56.9,21.0,Individual,5,High Risk,Manual Review
145482560,2000.0, 36 months,24.37,E,E2,6 years,RENT,3500.0,Verified,vacation,VA,358.76,0.0,695.0,699.0,0.0,95.2,20.0,Joint App,6,High Risk,Manual Review
145469050,9600.0, 36 months,23.4,E,E1,5 years,RENT,75000.0,Not Verified,debt_consolidation,NJ,31.62,0.0,705.0,709.0,0.0,27.5,24.0,Individual,5,High Risk,Manual Review
145500350,16000.0, 60 months,15.02,C,C3,10+ years,MORTGAGE,82000.0,Not Verified,debt_consolidation,OR,30.94,1.0,680.0,684.0,0.0,82.3,19.0,Individual,5,High Risk,Manual Review
145501590,25000.0, 60 months,27.27,E,E5,5 years,RENT,52500.0,Source Verified,debt_consolidation,NC,38.04,0.0,745.0,749.0,0.0,28.3,28.0,Individual,5,High Risk,Manual Review
145424782,18000.0, 60 months,19.92,D,D3,1 year,MORTGAGE,35000.0,Source Verified,debt_consolidation,MO,54.94,1.0,665.0,669.0,0.0,87.7,16.0,Joint App,5,High Risk,Manual Review
145053634,8000.0, 36 months,24.37,E,E2,10+ years,OWN,65000.0,Verified,debt_consolidation,AK,36.56,1.0,710.0,714.0,0.0,44.5,34.0,Individual,6,High Risk,Manual Review
145489418,25825.0, 60 months,26.31,E,E4,10+ years,MORTGAGE,59995.0,Not Verified,debt_consolidation,WA,68.66,0.0,715.0,719.0,0.0,76.9,27.0,Joint App,5,High Risk,Manual Review
145483698,13200.0, 60 months,27.27,E,E5,10+ years,RENT,91000.0,Not Verified,debt_consolidation,CA,34.09,0.0,695.0,699.0,0.0,60.9,37.0,Individual,5,High Risk,Manual Review
144816924,10000.0, 36 months,25.34,E,E3,3 years,RENT,31000.0,Verified,debt_consolidation,NY,50.95,2.0,660.0,664.0,2.0,63.0,27.0,Joint App,6,High Risk,Manual Review
144616340,20000.0, 60 months,27.27,E,E5,10+ years,RENT,46000.0,Verified,credit_card,CA,30.37,2.0,690.0,694.0,1.0,71.9,22.0,Individual,6,High Risk,Manual Review
145457760,25000.0, 36 months,27.27,E,E5,10+ years,MORTGAGE,114000.0,Not Verified,debt_consolidation,NY,34.34,0.0,700.0,704.0,1.0,79.0,34.0,Individual,5,High Risk,Manual Review
144894092,10400.0, 36 months,23.4,E,E1,2 years,MORTGAGE,84200.0,Verified,debt_consolidation,TX,30.59,2.0,710.0,714.0,3.0,29.8,53.0,Individual,6,High Risk,Manual Review
145457261,21000.0, 60 months,25.34,E,E3,10+ years,MORTGAGE,45000.0,Verified,debt_consolidation,CA,91.17,0.0,715.0,719.0,0.0,92.5,19.0,Joint App,6,High Risk,Manual Review
145213405,15500.0, 36 months,24.37,E,E2,< 1 year,MORTGAGE,64000.0,Source Verified,debt_consolidation,NV,20.57,2.0,670.0,674.0,0.0,85.6,23.0,Individual,5,High Risk,Manual Review
145474883,24000.0, 60 months,27.27,E,E5,10+ years,MORTGAGE,80000.0,Not Verified,other,CA,47.03,0.0,670.0,674.0,0.0,58.8,49.0,Joint App,5,High Risk,Manual Review
144709124,10000.0, 60 months,26.31,E,E4,10+ years,RENT,57550.0,Source Verified,debt_consolidation,IL,44.07,0.0,675.0,679.0,0.0,51.7,65.0,Joint App,5,High Risk,Manual Review
145348457,10000.0, 36 months,24.37,E,E2,,OWN,68000.0,Not Verified,car,PA,32.17,0.0,665.0,669.0,1.0,79.4,24.0,Individual,5,High Risk,Manual Review
145457101,28000.0, 60 months,25.34,E,E3,6 years,MORTGAGE,39000.0,Verified,debt_consolidation,TX,48.72,6.0,665.0,669.0,1.0,4.3,34.0,Joint App,6,High Risk,Manual Review
145061141,20000.0, 60 months,27.27,E,E5,,MORTGAGE,38000.0,Verified,debt_consolidation,TX,111.15,2.0,730.0,734.0,1.0,8.3,24.0,Joint App,6,High Risk,Manual Review
145292091,5000.0, 36 months,23.4,E,E1,8 years,OWN,40000.0,Verified,small_business,SC,30.57,1.0,685.0,689.0,0.0,32.9,18.0,Individual,6,High Risk,Manual Review
145158681,16000.0, 36 months,23.4,E,E1,10+ years,MORTGAGE,80000.0,Verified,credit_card,WV,11.25,1.0,665.0,669.0,0.0,90.5,11.0,Joint App,5,High Risk,Manual Review
145452400,12000.0, 60 months,16.14,C,C4,,RENT,75000.0,Not Verified,credit_card,TX,30.7,1.0,690.0,694.0,0.0,96.3,26.0,Individual,5,High Risk,Manual Review
144724954,17800.0, 36 months,23.4,E,E1,8 years,RENT,65000.0,Not Verified,debt_consolidation,IL,33.26,0.0,690.0,694.0,0.0,44.9,23.0,Individual,5,High Risk,Manual Review
145153007,7200.0, 36 months,23.4,E,E1,8 years,RENT,20000.0,Verified,debt_consolidation,NY,36.07,0.0,705.0,709.0,1.0,34.5,24.0,Individual,5,High Risk,Manual Review
145433469,5000.0, 36 months,23.4,E,E1,10+ years,OWN,33500.0,Not Verified,debt_consolidation,TX,37.08,0.0,725.0,729.0,1.0,45.2,19.0,Individual,5,High Risk,Manual Review
145446119,10000.0, 36 months,23.4,E,E1,10+ years,RENT,22000.0,Verified,small_business,NJ,59.52,0.0,670.0,674.0,1.0,51.7,20.0,Joint App,5,High Risk,Manual Review
145099225,5000.0, 36 months,23.4,E,E1,5 years,RENT,35000.0,Verified,debt_consolidation,NV,31.69,0.0,665.0,669.0,1.0,46.8,19.0,Individual,5,High Risk,Manual Review
145428045,13375.0, 36 months,25.34,E,E3,10+ years,OWN,25000.0,Verified,debt_consolidation,CO,37.88,0.0,685.0,689.0,1.0,53.7,17.0,Individual,5,High Risk,Manual Review
144175377,16000.0, 60 months,25.34,E,E3,10+ years,MORTGAGE,46000.0,Source Verified,debt_consolidation,AZ,30.84,1.0,670.0,674.0,0.0,77.5,26.0,Individual,6,High Risk,Manual Review
145413289,2000.0, 36 months,23.4,E,E1,3 years,RENT,32000.0,Source Verified,other,NY,32.82,0.0,740.0,744.0,4.0,21.5,17.0,Individual,5,High Risk,Manual Review
145450885,1000.0, 36 months,23.4,E,E1,3 years,MORTGAGE,28000.0,Source Verified,medical,IN,61.42,1.0,695.0,699.0,1.0,55.4,15.0,Joint App,6,High Risk,Manual Review
145426432,14000.0, 36 months,23.4,E,E1,10+ years,RENT,115000.0,Source Verified,credit_card,IL,31.45,3.0,660.0,664.0,0.0,50.0,17.0,Individual,6,High Risk,Manual Review
144771065,22000.0, 60 months,23.4,E,E1,5 years,MORTGAGE,41000.0,Not Verified,debt_consolidation,NY,39.84,0.0,690.0,694.0,1.0,38.7,28.0,Joint App,5,High Risk,Manual Review
145362570,10000.0, 36 months,23.4,E,E1,,MORTGAGE,60000.0,Not Verified,medical,TX,32.1,0.0,670.0,674.0,0.0,68.9,10.0,Joint App,5,High Risk,Manual Review
145413318,16000.0, 60 months,27.27,E,E5,9 years,MORTGAGE,134294.0,Source Verified,home_improvement,WV,32.51,0.0,670.0,674.0,5.0,36.6,39.0,Individual,5,High Risk,Manual Review
144939581,20000.0, 60 months,25.34,E,E3,10+ years,MORTGAGE,70000.0,Not Verified,debt_consolidation,OH,31.12,0.0,660.0,664.0,1.0,77.1,38.0,Individual,5,High Risk,Manual Review
145368769,5000.0, 36 months,15.02,C,C3,2 years,RENT,43000.0,Source Verified,other,TX,34.3,1.0,695.0,699.0,0.0,83.0,26.0,Individual,5,High Risk,Manual Review
145346226,30000.0, 60 months,23.4,E,E1,10+ years,MORTGAGE,80000.0,Verified,debt_consolidation,GA,37.04,0.0,720.0,724.0,0.0,56.8,30.0,Individual,5,High Risk,Manual Review
145054912,9500.0, 36 months,23.4,E,E1,,RENT,16800.0,Not Verified,debt_consolidation,CA,33.71,0.0,680.0,684.0,0.0,45.2,17.0,Individual,5,High Risk,Manual Review
145362531,24000.0, 60 months,15.02,C,C3,< 1 year,MORTGAGE,45000.0,Source Verified,debt_consolidation,VA,49.72,1.0,705.0,709.0,0.0,94.1,14.0,Joint App,5,High Risk,Manual Review
145297539,5000.0, 36 months,27.27,E,E5,3 years,MORTGAGE,95000.0,Not Verified,debt_consolidation,ID,34.63,0.0,710.0,714.0,1.0,80.9,38.0,Individual,6,High Risk,Manual Review
145408023,17000.0, 60 months,26.31,E,E4,6 years,MORTGAGE,120000.0,Source Verified,debt_consolidation,GA,18.78,1.0,665.0,669.0,1.0,90.8,37.0,Individual,5,High Risk,Manual Review
145412714,27275.0, 60 months,27.27,E,E5,10+ years,OWN,85000.0,Not Verified,debt_consolidation,MT,38.12,0.0,700.0,704.0,2.0,39.0,32.0,Individual,5,High Risk,Manual Review
145414386,15000.0, 36 months,23.4,E,E1,< 1 year,MORTGAGE,156000.0,Source Verified,debt_consolidation,GA,17.06,1.0,660.0,664.0,1.0,90.5,29.0,Individual,5,High Risk,Manual Review
145406608,20000.0, 60 months,25.34,E,E3,10+ years,MORTGAGE,88000.0,Not Verified,home_improvement,MA,31.41,0.0,755.0,759.0,2.0,6.8,26.0,Individual,5,High Risk,Manual Review
145405608,25000.0, 36 months,23.4,E,E1,5 years,OWN,62000.0,Not Verified,debt_consolidation,NY,34.36,0.0,705.0,709.0,0.0,49.2,27.0,Individual,5,High Risk,Manual Review
145299763,4000.0, 36 months,24.37,E,E2,9 years,MORTGAGE,42000.0,Not Verified,vacation,MN,34.91,2.0,660.0,664.0,0.0,91.9,21.0,Individual,7,High Risk,Manual Review
145279831,11575.0, 60 months,27.27,E,E5,10+ years,MORTGAGE,63000.0,Source Verified,debt_consolidation,NY,18.86,1.0,675.0,679.0,0.0,96.5,19.0,Individual,5,High Risk,Manual Review
145397320,30000.0, 60 months,26.31,E,E4,2 years,RENT,70000.0,Not Verified,debt_consolidation,TX,39.16,0.0,710.0,714.0,0.0,38.5,37.0,Individual,5,High Risk,Manual Review
145399640,8000.0, 36 months,17.97,D,D1,< 1 year,MORTGAGE,30000.0,Not Verified,home_improvement,NC,31.84,2.0,665.0,669.0,0.0,82.5,19.0,Individual,5,High Risk,Manual Review
145395115,30000.0, 36 months,25.34,E,E3,2 years,MORTGAGE,72000.0,Verified,credit_card,MA,32.93,0.0,665.0,669.0,0.0,79.0,24.0,Joint App,5,High Risk,Manual Review
143815839,12000.0, 60 months,23.4,E,E1,1 year,RENT,73000.0,Source Verified,debt_consolidation,FL,32.32,0.0,705.0,709.0,1.0,36.3,26.0,Individual,5,High Risk,Manual Review
145370487,12000.0, 36 months,23.4,E,E1,,RENT,15000.0,Not Verified,debt_consolidation,NY,54.72,0.0,660.0,664.0,0.0,71.5,8.0,Joint App,5,High Risk,Manual Review
144616950,20000.0, 36 months,23.4,E,E1,10+ years,ANY,61645.0,Source Verified,credit_card,CA,36.75,0.0,665.0,669.0,1.0,56.8,30.0,Individual,5,High Risk,Manual Review
145241097,14400.0, 60 months,26.31,E,E4,10+ years,RENT,65000.0,Source Verified,debt_consolidation,IL,33.12,0.0,660.0,664.0,1.0,46.0,23.0,Individual,5,High Risk,Manual Review
145369473,13575.0, 36 months,23.4,E,E1,10+ years,OWN,125000.0,Not Verified,debt_consolidation,IL,35.38,0.0,700.0,704.0,0.0,50.7,49.0,Individual,5,High Risk,Manual Review
145357023,10000.0, 36 months,27.27,E,E5,10+ years,MORTGAGE,140000.0,Not Verified,major_purchase,NY,30.37,0.0,705.0,709.0,3.0,44.3,51.0,Individual,5,High Risk,Manual Review
145324811,5500.0, 36 months,23.4,E,E1,1 year,MORTGAGE,131805.0,Verified,other,NY,14.8,3.0,700.0,704.0,2.0,97.9,25.0,Individual,5,High Risk,Manual Review
145087545,5000.0, 36 months,23.4,E,E1,10+ years,RENT,22000.0,Not Verified,other,CA,36.01,0.0,680.0,684.0,0.0,57.3,10.0,Individual,5,High Risk,Manual Review
145364286,20000.0, 36 months,24.37,E,E2,,MORTGAGE,67000.0,Verified,debt_consolidation,MD,34.03,0.0,665.0,669.0,2.0,75.0,24.0,Individual,5,High Risk,Manual Review
145080785,10000.0, 36 months,23.4,E,E1,10+ years,MORTGAGE,84000.0,Verified,major_purchase,CA,30.98,0.0,660.0,664.0,0.0,57.2,26.0,Individual,5,High Risk,Manual Review
145106823,8300.0, 36 months,23.4,E,E1,2 years,MORTGAGE,51000.0,Not Verified,debt_consolidation,SD,32.38,0.0,760.0,764.0,0.0,10.3,33.0,Individual,5,High Risk,Manual Review
145335248,18000.0, 60 months,19.92,D,D3,10+ years,RENT,68000.0,Not Verified,debt_consolidation,VA,37.01,1.0,665.0,669.0,1.0,81.9,34.0,Individual,5,High Risk,Manual Review
145338997,7000.0, 36 months,20.89,D,D4,5 years,RENT,20000.0,Source Verified,debt_consolidation,UT,78.45,1.0,660.0,664.0,0.0,91.6,12.0,Joint App,5,High Risk,Manual Review
144962686,20000.0, 36 months,23.4,E,E1,3 years,MORTGAGE,35000.0,Source Verified,home_improvement,FL,32.06,0.0,695.0,699.0,0.0,57.7,17.0,Joint App,5,High Risk,Manual Review
144991399,19000.0, 36 months,16.91,C,C5,3 years,MORTGAGE,55000.0,Source Verified,debt_consolidation,MI,33.93,4.0,685.0,689.0,0.0,86.3,31.0,Individual,5,High Risk,Manual Review
145340526,9600.0, 36 months,25.34,E,E3,10+ years,MORTGAGE,65000.0,Source Verified,debt_consolidation,UT,33.59,1.0,685.0,689.0,0.0,87.4,23.0,Joint App,7,High Risk,Manual Review
144426684,8175.0, 36 months,27.27,E,E5,10+ years,MORTGAGE,42996.0,Source Verified,debt_consolidation,OK,32.15,0.0,730.0,734.0,0.0,39.7,32.0,Individual,5,High Risk,Manual Review
145332006,17700.0, 36 months,23.4,E,E1,10+ years,MORTGAGE,85000.0,Verified,debt_consolidation,LA,38.63,0.0,685.0,689.0,1.0,82.0,15.0,Individual,6,High Risk,Manual Review
145082582,35000.0, 36 months,25.34,E,E3,5 years,RENT,60000.0,Verified,debt_consolidation,FL,32.3,0.0,675.0,679.0,0.0,49.7,19.0,Joint App,5,High Risk,Manual Review
145340407,15000.0, 36 months,24.37,E,E2,2 years,RENT,75000.0,Not Verified,debt_consolidation,VA,32.4,0.0,700.0,704.0,1.0,39.5,32.0,Individual,5,High Risk,Manual Review
145282047,1000.0, 36 months,24.37,E,E2,10+ years,OWN,35000.0,Verified,house,MS,36.45,0.0,725.0,729.0,1.0,8.3,47.0,Individual,5,High Risk,Manual Review
145207611,15000.0, 36 months,25.34,E,E3,3 years,MORTGAGE,128000.0,Verified,debt_consolidation,MD,31.16,0.0,695.0,699.0,0.0,89.8,19.0,Individual,6,High Risk,Manual Review
145212388,20000.0, 60 months,27.27,E,E5,5 years,OWN,73000.0,Not Verified,debt_consolidation,TX,32.11,0.0,685.0,689.0,0.0,50.2,24.0,Individual,5,High Risk,Manual Review
145333016,9600.0, 36 months,27.27,E,E5,6 years,MORTGAGE,102000.0,Not Verified,debt_consolidation,NY,32.41,1.0,665.0,669.0,1.0,94.3,34.0,Joint App,7,High Risk,Manual Review
145317857,30000.0, 60 months,26.31,E,E4,10+ years,MORTGAGE,130000.0,Source Verified,house,AL,8.88,4.0,670.0,674.0,0.0,92.1,31.0,Individual,5,High Risk,Manual Review
145338682,20000.0, 36 months,23.4,E,E1,,OWN,60000.0,Not Verified,debt_consolidation,KS,30.79,2.0,675.0,679.0,1.0,72.3,13.0,Individual,6,High Risk,Manual Review
145310667,22000.0, 36 months,23.4,E,E1,,MORTGAGE,15000.0,Verified,credit_card,SC,73.04,0.0,700.0,704.0,2.0,33.5,27.0,Joint App,5,High Risk,Manual Review
145310682,3900.0, 36 months,27.27,E,E5,,MORTGAGE,43000.0,Not Verified,other,CT,30.45,1.0,685.0,689.0,1.0,98.6,10.0,Individual,7,High Risk,Manual Review
144945040,6500.0, 36 months,24.37,E,E2,10+ years,RENT,47032.73,Source Verified,other,GA,39.91,0.0,680.0,684.0,0.0,70.5,29.0,Individual,5,High Risk,Manual Review
145165364,12600.0, 36 months,27.27,E,E5,1 year,OWN,45000.0,Source Verified,debt_consolidation,FL,31.04,0.0,710.0,714.0,1.0,27.1,24.0,Individual,5,High Risk,Manual Review
145287120,4800.0, 36 months,27.27,E,E5,3 years,RENT,3400.0,Not Verified,other,CA,108.48,0.0,675.0,679.0,1.0,52.8,12.0,Joint App,5,High Risk,Manual Review
144133947,20000.0, 60 months,26.31,E,E4,5 years,RENT,100000.0,Verified,debt_consolidation,MT,34.81,0.0,720.0,724.0,1.0,47.3,45.0,Individual,5,High Risk,Manual Review
145320116,20000.0, 60 months,26.31,E,E4,3 years,MORTGAGE,80000.0,Not Verified,other,NC,38.31,1.0,670.0,674.0,0.0,54.8,42.0,Individual,6,High Risk,Manual Review
145309586,10000.0, 36 months,23.4,E,E1,10+ years,RENT,110000.0,Not Verified,debt_consolidation,AZ,10.46,1.0,665.0,669.0,1.0,89.1,47.0,Individual,5,High Risk,Manual Review
145316475,3500.0, 36 months,25.34,E,E3,2 years,RENT,41000.0,Not Verified,other,TX,35.32,0.0,720.0,724.0,0.0,8.6,31.0,Individual,5,High Risk,Manual Review
145243484,12600.0, 36 months,26.31,E,E4,2 years,MORTGAGE,51870.0,Verified,debt_consolidation,NY,31.28,0.0,665.0,669.0,0.0,60.0,36.0,Individual,5,High Risk,Manual Review
145177724,20575.0, 36 months,27.27,E,E5,,RENT,47457.72,Verified,debt_consolidation,OH,39.68,0.0,680.0,684.0,3.0,64.2,28.0,Individual,5,High Risk,Manual Review
145172729,3400.0, 36 months,27.27,E,E5,10+ years,RENT,35000.0,Verified,debt_consolidation,IL,32.2,0.0,715.0,719.0,2.0,3.0,22.0,Individual,5,High Risk,Manual Review
145261638,10000.0, 60 months,25.34,E,E3,10+ years,MORTGAGE,32000.0,Not Verified,medical,NJ,36.98,0.0,710.0,714.0,0.0,37.4,28.0,Joint App,5,High Risk,Manual Review
145276335,1000.0, 36 months,24.37,E,E2,,RENT,12000.0,Not Verified,other,FL,37.54,1.0,680.0,684.0,0.0,72.2,23.0,Joint App,6,High Risk,Manual Review
145272837,3500.0, 36 months,23.4,E,E1,10+ years,RENT,43000.0,Verified,debt_consolidation,PA,38.46,9.0,685.0,689.0,1.0,44.4,45.0,Individual,6,High Risk,Manual Review
145104868,5000.0, 36 months,23.4,E,E1,< 1 year,RENT,30000.0,Verified,house,OR,34.48,0.0,680.0,684.0,0.0,7.7,15.0,Joint App,5,High Risk,Manual Review
145316173,30000.0, 60 months,27.27,E,E5,2 years,MORTGAGE,75000.0,Not Verified,debt_consolidation,CA,30.05,0.0,705.0,709.0,1.0,39.1,25.0,Individual,5,High Risk,Manual Review
145193694,25000.0, 36 months,23.4,E,E1,3 years,MORTGAGE,100000.0,Source Verified,credit_card,OK,36.76,0.0,710.0,714.0,0.0,58.7,74.0,Individual,5,High Risk,Manual Review
144802854,20000.0, 60 months,17.97,D,D1,6 years,MORTGAGE,36000.0,Source Verified,credit_card,ND,32.87,5.0,680.0,684.0,0.0,87.7,21.0,Joint App,5,High Risk,Manual Review
145239277,18200.0, 36 months,24.37,E,E2,,MORTGAGE,35000.0,Verified,debt_consolidation,WA,52.37,0.0,740.0,744.0,0.0,57.8,18.0,Joint App,5,High Risk,Manual Review
144994587,10000.0, 36 months,24.37,E,E2,7 years,RENT,35000.0,Not Verified,debt_consolidation,MD,36.76,0.0,675.0,679.0,0.0,98.0,8.0,Individual,6,High Risk,Manual Review
145085644,35000.0, 36 months,27.27,E,E5,,RENT,25000.0,Source Verified,debt_consolidation,GA,70.81,0.0,690.0,694.0,0.0,70.2,16.0,Joint App,5,High Risk,Manual Review
145276011,1000.0, 36 months,25.34,E,E3,3 years,RENT,70000.0,Source Verified,debt_consolidation,CA,31.56,0.0,705.0,709.0,0.0,88.9,27.0,Individual,6,High Risk,Manual Review
145280236,12000.0, 60 months,25.34,E,E3,6 years,RENT,35000.0,Source Verified,debt_consolidation,FL,32.34,0.0,700.0,704.0,0.0,13.2,23.0,Individual,5,High Risk,Manual Review
145285775,25000.0, 36 months,23.4,E,E1,2 years,RENT,108000.0,Source Verified,debt_consolidation,AZ,35.63,0.0,715.0,719.0,0.0,76.5,23.0,Individual,5,High Risk,Manual Review
144309838,14500.0, 36 months,23.4,E,E1,4 years,RENT,27000.0,Verified,debt_consolidation,IN,33.69,0.0,665.0,669.0,2.0,40.8,30.0,Individual,5,High Risk,Manual Review
144905064,40000.0, 60 months,27.27,E,E5,10+ years,RENT,55000.0,Not Verified,debt_consolidation,FL,40.17,0.0,695.0,699.0,0.0,61.1,19.0,Joint App,5,High Risk,Manual Review
145248333,9100.0, 36 months,23.4,E,E1,10+ years,OWN,56000.0,Verified,other,NM,41.64,0.0,690.0,694.0,2.0,34.6,49.0,Joint App,5,High Risk,Manual Review
145201342,15000.0, 36 months,25.34,E,E3,10+ years,MORTGAGE,95000.0,Not Verified,debt_consolidation,SC,35.25,0.0,660.0,664.0,2.0,62.4,43.0,Individual,5,High Risk,Manual Review
145109544,16000.0, 60 months,27.27,E,E5,10+ years,OWN,42000.0,Source Verified,debt_consolidation,TX,63.91,2.0,665.0,669.0,0.0,81.3,33.0,Joint App,7,High Risk,Manual Review
145065740,30000.0, 36 months,23.4,E,E1,9 years,MORTGAGE,35000.0,Source Verified,debt_consolidation,NH,35.36,0.0,730.0,734.0,0.0,84.1,12.0,Joint App,6,High Risk,Manual Review
145270123,20000.0, 60 months,25.34,E,E3,,RENT,8652.0,Verified,debt_consolidation,OH,139.94,0.0,660.0,664.0,0.0,80.9,13.0,Joint App,6,High Risk,Manual Review
145049735,15100.0, 36 months,25.34,E,E3,< 1 year,RENT,78000.0,Not Verified,small_business,CA,32.88,0.0,670.0,674.0,0.0,30.7,19.0,Individual,5,High Risk,Manual Review
144975635,40000.0, 60 months,16.14,C,C4,3 years,MORTGAGE,42000.0,Verified,debt_consolidation,MO,52.15,1.0,695.0,699.0,0.0,81.0,28.0,Joint App,5,High Risk,Manual Review
145164387,36550.0, 60 months,16.14,C,C4,10+ years,MORTGAGE,75000.0,Source Verified,home_improvement,MS,31.56,1.0,690.0,694.0,0.0,91.0,18.0,Individual,5,High Risk,Manual Review
144966265,10000.0, 60 months,27.27,E,E5,7 years,RENT,45000.0,Verified,debt_consolidation,GA,37.41,1.0,715.0,719.0,2.0,33.2,29.0,Individual,6,High Risk,Manual Review
145079704,9650.0, 36 months,18.94,D,D2,5 years,RENT,55000.0,Verified,debt_consolidation,WA,32.21,2.0,660.0,664.0,1.0,94.0,19.0,Individual,5,High Risk,Manual Review
144331667,21550.0, 60 months,27.27,E,E5,10+ years,RENT,40000.0,Source Verified,debt_consolidation,OH,31.83,0.0,695.0,699.0,0.0,39.5,7.0,Joint App,5,High Risk,Manual Review
144906909,10000.0, 60 months,25.34,E,E3,7 years,OWN,126825.0,Not Verified,debt_consolidation,AR,31.61,0.0,710.0,714.0,0.0,91.1,19.0,Individual,6,High Risk,Manual Review
145228937,8000.0, 36 months,23.4,E,E1,4 years,MORTGAGE,71991.0,Source Verified,debt_consolidation,MI,35.56,0.0,710.0,714.0,1.0,33.8,48.0,Individual,5,High Risk,Manual Review
145202378,20000.0, 36 months,23.4,E,E1,,MORTGAGE,35000.0,Not Verified,debt_consolidation,NC,30.86,1.0,660.0,664.0,0.0,62.8,25.0,Individual,6,High Risk,Manual Review
144894001,35000.0, 36 months,25.34,E,E3,10+ years,MORTGAGE,120000.0,Verified,debt_consolidation,TX,32.4,0.0,695.0,699.0,3.0,82.0,24.0,Individual,6,High Risk,Manual Review
144669268,6000.0, 36 months,23.4,E,E1,10+ years,MORTGAGE,67000.0,Verified,major_purchase,TX,36.65,0.0,690.0,694.0,0.0,81.8,25.0,Individual,6,High Risk,Manual Review
144992189,20000.0, 36 months,23.4,E,E1,< 1 year,MORTGAGE,100000.0,Source Verified,debt_consolidation,PA,37.66,0.0,685.0,689.0,3.0,57.0,32.0,Individual,5,High Risk,Manual Review
144623967,10000.0, 36 months,25.34,E,E3,10+ years,MORTGAGE,96000.0,Source Verified,debt_consolidation,AZ,24.71,2.0,675.0,679.0,1.0,85.1,33.0,Individual,5,High Risk,Manual Review
145192795,20000.0, 60 months,25.34,E,E3,10+ years,MORTGAGE,73000.0,Not Verified,debt_consolidation,IL,35.41,1.0,665.0,669.0,2.0,62.0,24.0,Individual,6,High Risk,Manual Review
145203647,20000.0, 36 months,23.4,E,E1,3 years,RENT,68000.0,Not Verified,other,TN,35.74,0.0,660.0,664.0,1.0,59.3,45.0,Individual,5,High Risk,Manual Review
145203433,8000.0, 36 months,23.4,E,E1,10+ years,MORTGAGE,119000.0,Verified,major_purchase,TX,40.74,10.0,670.0,674.0,1.0,88.1,29.0,Joint App,7,High Risk,Manual Review
145247610,25000.0, 36 months,24.37,E,E2,10+ years,MORTGAGE,35000.0,Verified,debt_consolidation,AR,60.87,0.0,670.0,674.0,2.0,69.0,18.0,Joint App,5,High Risk,Manual Review
145194009,6000.0, 36 months,24.37,E,E2,5 years,OWN,60000.0,Not Verified,medical,NY,33.96,0.0,665.0,669.0,0.0,47.8,22.0,Individual,5,High Risk,Manual Review
144550312,30000.0, 60 months,27.27,E,E5,10+ years,MORTGAGE,90000.0,Source Verified,debt_consolidation,GA,18.41,1.0,685.0,689.0,1.0,99.9,21.0,Individual,5,High Risk,Manual Review
145221724,1000.0, 36 months,30.84,G,G2,,MORTGAGE,57000.0,Not Verified,house,OR,32.27,0.0,715.0,719.0,3.0,95.0,17.0,Individual,6,High Risk,Manual Review
144966522,15000.0, 36 months,23.4,E,E1,10+ years,RENT,40000.0,Not Verified,debt_consolidation,FL,30.12,0.0,705.0,709.0,1.0,33.9,22.0,Individual,5,High Risk,Manual Review
145227145,12000.0, 60 months,26.31,E,E4,9 years,MORTGAGE,54148.0,Source Verified,debt_consolidation,CO,6.59,2.0,660.0,664.0,1.0,98.2,65.0,Individual,5,High Risk,Manual Review
145082578,20000.0, 36 months,24.37,E,E2,10+ years,MORTGAGE,90000.0,Verified,home_improvement,CA,35.48,0.0,660.0,664.0,1.0,45.8,30.0,Joint App,5,High Risk,Manual Review
145135156,1000.0, 36 months,23.4,E,E1,,RENT,37000.0,Not Verified,major_purchase,PA,30.85,0.0,715.0,719.0,0.0,46.6,19.0,Individual,5,High Risk,Manual Review
144571233,3500.0, 36 months,23.4,E,E1,1 year,RENT,29000.0,Source Verified,credit_card,WI,34.5,0.0,665.0,669.0,1.0,40.6,38.0,Individual,5,High Risk,Manual Review
143872151,15750.0, 60 months,23.4,E,E1,7 years,MORTGAGE,49500.0,Verified,debt_consolidation,PA,35.13,0.0,705.0,709.0,1.0,94.0,19.0,Individual,6,High Risk,Manual Review
145223323,30000.0, 60 months,25.34,E,E3,< 1 year,MORTGAGE,120000.0,Verified,debt_consolidation,CO,32.2,6.0,670.0,674.0,0.0,61.3,24.0,Individual,6,High Risk,Manual Review
144695546,18200.0, 60 months,27.27,E,E5,1 year,RENT,35000.0,Source Verified,debt_consolidation,FL,33.74,0.0,670.0,674.0,0.0,85.2,9.0,Individual,6,High Risk,Manual Review
145192349,12600.0, 60 months,26.31,E,E4,7 years,RENT,25000.0,Source Verified,debt_consolidation,CA,33.65,0.0,710.0,714.0,0.0,27.0,12.0,Individual,5,High Risk,Manual Review
145210889,10000.0, 36 months,18.94,D,D2,< 1 year,MORTGAGE,160000.0,Source Verified,debt_consolidation,MI,37.76,1.0,680.0,684.0,1.0,94.2,48.0,Individual,5,High Risk,Manual Review
144957625,23000.0, 60 months,26.31,E,E4,,RENT,60000.0,Verified,debt_consolidation,NY,36.76,0.0,695.0,699.0,0.0,54.2,29.0,Individual,5,High Risk,Manual Review
145207476,35000.0, 60 months,16.14,C,C4,9 years,MORTGAGE,65000.0,Verified,credit_card,AR,30.74,1.0,690.0,694.0,1.0,84.0,30.0,Joint App,5,High Risk,Manual Review
144813997,15000.0, 36 months,24.37,E,E2,7 years,RENT,42000.0,Source Verified,debt_consolidation,NY,40.2,1.0,660.0,664.0,0.0,78.2,17.0,Joint App,6,High Risk,Manual Review
145153984,25000.0, 60 months,26.31,E,E4,1 year,RENT,52000.0,Source Verified,debt_consolidation,GA,36.88,1.0,685.0,689.0,0.0,82.8,16.0,Joint App,7,High Risk,Manual Review
144510322,15000.0, 60 months,26.31,E,E4,5 years,MORTGAGE,83000.0,Verified,debt_consolidation,CA,32.53,0.0,730.0,734.0,0.0,50.2,35.0,Individual,5,High Risk,Manual Review
144948109,25000.0, 60 months,26.31,E,E4,,RENT,37872.0,Not Verified,debt_consolidation,FL,30.23,0.0,700.0,704.0,0.0,50.1,12.0,Individual,5,High Risk,Manual Review
145070817,10000.0, 36 months,23.4,E,E1,1 year,RENT,120000.0,Not Verified,credit_card,CA,24.29,1.0,670.0,674.0,0.0,94.8,43.0,Individual,5,High Risk,Manual Review
145009326,25000.0, 60 months,27.27,E,E5,10+ years,MORTGAGE,72000.0,Verified,debt_consolidation,NC,31.98,0.0,695.0,699.0,0.0,87.6,16.0,Individual,6,High Risk,Manual Review
145171063,20000.0, 36 months,23.4,E,E1,5 years,OWN,17680.0,Verified,debt_consolidation,FL,82.08,0.0,685.0,689.0,0.0,55.8,31.0,Joint App,5,High Risk,Manual Review
144785157,11475.0, 60 months,27.27,E,E5,10+ years,MORTGAGE,43000.0,Not Verified,debt_consolidation,NM,36.78,0.0,695.0,699.0,0.0,59.9,22.0,Individual,5,High Risk,Manual Review
145188721,20000.0, 36 months,26.31,E,E4,6 years,RENT,67992.0,Not Verified,debt_consolidation,CA,16.84,1.0,660.0,664.0,0.0,85.5,27.0,Individual,5,High Risk,Manual Review
145182476,4000.0, 36 months,24.37,E,E2,10+ years,MORTGAGE,48500.0,Not Verified,other,FL,27.47,1.0,665.0,669.0,0.0,82.9,17.0,Individual,5,High Risk,Manual Review
144466270,21850.0, 36 months,23.4,E,E1,1 year,RENT,40000.0,Source Verified,debt_consolidation,NC,32.88,0.0,745.0,749.0,0.0,70.7,10.0,Individual,5,High Risk,Manual Review
145197616,12000.0, 60 months,27.27,E,E5,6 years,RENT,71000.0,Source Verified,debt_consolidation,KY,31.39,0.0,660.0,664.0,1.0,99.1,10.0,Individual,6,High Risk,Manual Review
145199044,2000.0, 36 months,24.37,E,E2,10+ years,OWN,62000.0,Source Verified,vacation,NY,33.24,0.0,710.0,714.0,1.0,97.7,20.0,Individual,6,High Risk,Manual Review
145195324,10000.0, 36 months,23.4,E,E1,< 1 year,MORTGAGE,50000.0,Not Verified,debt_consolidation,ME,30.58,1.0,685.0,689.0,3.0,86.2,15.0,Individual,7,High Risk,Manual Review
145205585,30000.0, 60 months,26.31,E,E4,10+ years,RENT,95000.0,Source Verified,debt_consolidation,CA,35.43,0.0,695.0,699.0,0.0,55.2,24.0,Individual,5,High Risk,Manual Review
144973121,30000.0, 60 months,27.27,E,E5,10+ years,MORTGAGE,170000.0,Source Verified,debt_consolidation,MA,8.37,6.0,665.0,669.0,0.0,86.9,32.0,Individual,5,High Risk,Manual Review
144990514,7500.0, 36 months,23.4,E,E1,10+ years,MORTGAGE,30000.0,Not Verified,debt_consolidation,IN,61.68,3.0,670.0,674.0,1.0,78.2,20.0,Joint App,6,High Risk,Manual Review
145118068,3000.0, 36 months,23.4,E,E1,4 years,OWN,30000.0,Not Verified,debt_consolidation,OH,39.8,0.0,685.0,689.0,1.0,53.1,30.0,Individual,5,High Risk,Manual Review
144992839,16500.0, 36 months,23.4,E,E1,< 1 year,MORTGAGE,40000.0,Verified,debt_consolidation,OK,40.82,0.0,700.0,704.0,2.0,61.9,25.0,Joint App,5,High Risk,Manual Review
144983960,30925.0, 36 months,23.4,E,E1,,MORTGAGE,45000.0,Source Verified,debt_consolidation,IL,74.93,0.0,755.0,759.0,1.0,42.9,10.0,Joint App,5,High Risk,Manual Review
145002154,23000.0, 36 months,25.34,E,E3,10+ years,MORTGAGE,28500.0,Verified,debt_consolidation,AR,41.22,0.0,690.0,694.0,0.0,55.3,15.0,Joint App,5,High Risk,Manual Review
145095696,14500.0, 36 months,27.27,E,E5,,MORTGAGE,129016.0,Source Verified,debt_consolidation,PA,20.81,5.0,660.0,664.0,1.0,94.4,34.0,Individual,5,High Risk,Manual Review
145122277,40000.0, 36 months,26.31,E,E4,10+ years,MORTGAGE,83000.0,Verified,debt_consolidation,RI,34.21,0.0,725.0,729.0,0.0,68.7,37.0,Joint App,5,High Risk,Manual Review
143970816,10650.0, 60 months,26.31,E,E4,7 years,MORTGAGE,50000.0,Verified,other,OK,31.54,0.0,660.0,664.0,1.0,30.3,29.0,Individual,5,High Risk,Manual Review
144811466,10000.0, 36 months,23.4,E,E1,10+ years,OWN,70000.0,Source Verified,debt_consolidation,NY,37.39,0.0,680.0,684.0,1.0,72.3,40.0,Individual,5,High Risk,Manual Review
145050473,22325.0, 60 months,25.34,E,E3,5 years,MORTGAGE,57000.0,Not Verified,debt_consolidation,SC,38.65,0.0,705.0,709.0,0.0,42.2,27.0,Individual,5,High Risk,Manual Review
144995660,7000.0, 36 months,23.4,E,E1,< 1 year,RENT,10000.0,Not Verified,credit_card,FL,95.56,0.0,665.0,669.0,0.0,94.4,5.0,Joint App,6,High Risk,Manual Review
144636409,19000.0, 36 months,23.4,E,E1,10+ years,OWN,64000.0,Not Verified,credit_card,MA,37.95,0.0,670.0,674.0,0.0,68.4,42.0,Individual,5,High Risk,Manual Review
144686097,12000.0, 36 months,23.4,E,E1,9 years,MORTGAGE,56000.0,Source Verified,debt_consolidation,NJ,35.04,0.0,685.0,689.0,0.0,52.1,19.0,Joint App,5,High Risk,Manual Review
144979574,15000.0, 36 months,23.4,E,E1,10+ years,MORTGAGE,45000.0,Verified,credit_card,MO,34.32,0.0,700.0,704.0,0.0,45.0,23.0,Individual,5,High Risk,Manual Review
144963086,12425.0, 36 months,26.31,E,E4,4 years,MORTGAGE,36500.0,Verified,debt_consolidation,IN,50.58,0.0,680.0,684.0,1.0,75.2,33.0,Joint App,5,High Risk,Manual Review
145103992,38000.0, 60 months,27.27,E,E5,< 1 year,RENT,31000.0,Verified,debt_consolidation,CO,46.38,0.0,660.0,664.0,0.0,91.2,13.0,Joint App,6,High Risk,Manual Review
144610185,20000.0, 36 months,23.4,E,E1,10+ years,MORTGAGE,95000.0,Source Verified,debt_consolidation,OH,14.94,3.0,660.0,664.0,0.0,87.4,16.0,Joint App,5,High Risk,Manual Review
144461783,7200.0, 36 months,26.31,E,E4,,RENT,37000.0,Source Verified,other,CA,57.25,0.0,680.0,684.0,0.0,87.8,22.0,Joint App,6,High Risk,Manual Review
144919304,26000.0, 60 months,23.4,E,E1,5 years,MORTGAGE,85000.0,Verified,debt_consolidation,AZ,34.67,0.0,665.0,669.0,1.0,22.3,31.0,Individual,5,High Risk,Manual Review
145050976,32000.0, 60 months,20.89,D,D4,10+ years,RENT,100000.0,Source Verified,credit_card,CA,33.21,1.0,665.0,669.0,0.0,82.0,21.0,Individual,5,High Risk,Manual Review
144943157,4500.0, 36 months,24.37,E,E2,3 years,RENT,35000.0,Source Verified,vacation,FL,46.4,0.0,665.0,669.0,0.0,101.0,16.0,Joint App,6,High Risk,Manual Review
145155027,35000.0, 60 months,23.4,E,E1,< 1 year,RENT,180000.0,Not Verified,debt_consolidation,SC,34.44,0.0,710.0,714.0,1.0,79.5,38.0,Individual,5,High Risk,Manual Review
144689273,3000.0, 36 months,25.34,E,E3,10+ years,RENT,30000.0,Verified,debt_consolidation,RI,53.12,0.0,690.0,694.0,0.0,71.3,15.0,Joint App,5,High Risk,Manual Review
144563948,25000.0, 60 months,27.27,E,E5,8 years,MORTGAGE,68500.0,Verified,debt_consolidation,TX,29.8,1.0,685.0,689.0,0.0,88.3,27.0,Individual,5,High Risk,Manual Review
144204433,32000.0, 60 months,15.02,C,C3,1 year,MORTGAGE,53000.0,Verified,debt_consolidation,MO,35.78,3.0,680.0,684.0,0.0,100.0,29.0,Joint App,5,High Risk,Manual Review
145130036,16800.0, 60 months,27.27,E,E5,10+ years,MORTGAGE,72999.0,Not Verified,debt_consolidation,FL,36.22,0.0,685.0,689.0,0.0,51.9,33.0,Individual,5,High Risk,Manual Review
145054349,15000.0, 36 months,23.4,E,E1,,OWN,19300.0,Verified,credit_card,GA,34.13,0.0,700.0,704.0,0.0,74.8,23.0,Individual,5,High Risk,Manual Review
145135182,10000.0, 36 months,23.4,E,E1,10+ years,MORTGAGE,180000.0,Source Verified,debt_consolidation,NJ,30.97,0.0,680.0,684.0,0.0,83.0,23.0,Individual,6,High Risk,Manual Review
145051740,4500.0, 36 months,23.4,E,E1,10+ years,MORTGAGE,32160.0,Not Verified,other,OK,31.68,0.0,720.0,724.0,3.0,82.6,14.0,Individual,6,High Risk,Manual Review
145054607,35000.0, 60 months,23.4,E,E1,10+ years,MORTGAGE,425000.0,Source Verified,debt_consolidation,CT,10.7,2.0,670.0,674.0,2.0,116.0,22.0,Individual,5,High Risk,Manual Review
145054201,5000.0, 36 months,26.31,E,E4,,RENT,23796.0,Not Verified,medical,OK,39.89,1.0,665.0,669.0,0.0,71.6,16.0,Individual,6,High Risk,Manual Review
145054432,6025.0, 36 months,23.4,E,E1,4 years,RENT,65000.0,Source Verified,major_purchase,MA,30.1,0.0,670.0,674.0,0.0,76.3,29.0,Individual,5,High Risk,Manual Review
145095176,8000.0, 36 months,23.4,E,E1,1 year,RENT,42000.0,Verified,other,NC,43.77,0.0,715.0,719.0,0.0,93.7,10.0,Joint App,6,High Risk,Manual Review
144904912,20000.0, 60 months,23.4,E,E1,5 years,MORTGAGE,93600.0,Source Verified,debt_consolidation,GA,33.54,0.0,715.0,719.0,0.0,54.1,17.0,Individual,5,High Risk,Manual Review
145091908,12000.0, 36 months,24.37,E,E2,< 1 year,MORTGAGE,25000.0,Not Verified,debt_consolidation,MA,30.05,0.0,675.0,679.0,0.0,49.5,64.0,Individual,5,High Risk,Manual Review
144704084,12500.0, 36 months,26.31,E,E4,,RENT,22428.0,Verified,credit_card,RI,38.2,0.0,685.0,689.0,0.0,56.5,19.0,Individual,5,High Risk,Manual Review
145068842,1000.0, 36 months,23.4,E,E1,2 years,RENT,45000.0,Source Verified,other,CA,32.32,0.0,670.0,674.0,0.0,96.0,13.0,Individual,6,High Risk,Manual Review
145067667,35000.0, 60 months,16.91,C,C5,10+ years,MORTGAGE,70200.0,Verified,debt_consolidation,WI,42.56,1.0,685.0,689.0,0.0,80.2,22.0,Joint App,5,High Risk,Manual Review
144179379,35000.0, 60 months,28.72,F,F1,10+ years,MORTGAGE,47297.28,Verified,debt_consolidation,OH,49.45,0.0,680.0,684.0,0.0,66.5,27.0,Joint App,5,High Risk,Manual Review
145085497,12000.0, 60 months,27.27,E,E5,6 years,RENT,41000.0,Source Verified,debt_consolidation,NC,33.75,0.0,665.0,669.0,0.0,49.6,39.0,Individual,5,High Risk,Manual Review
144860537,2200.0, 36 months,23.4,E,E1,,RENT,9665.0,Not Verified,debt_consolidation,CA,31.43,2.0,705.0,709.0,0.0,19.7,12.0,Individual,6,High Risk,Manual Review
144636130,35000.0, 36 months,25.34,E,E3,< 1 year,RENT,50000.0,Not Verified,credit_card,CA,37.74,0.0,660.0,664.0,1.0,74.7,19.0,Joint App,5,High Risk,Manual Review
144876022,1500.0, 36 months,23.4,E,E1,,MORTGAGE,40000.0,Verified,other,TN,30.72,1.0,700.0,704.0,1.0,0.4,27.0,Joint App,6,High Risk,Manual Review
145073450,2000.0, 36 months,23.4,E,E1,10+ years,MORTGAGE,55000.0,Not Verified,debt_consolidation,LA,36.25,0.0,680.0,684.0,1.0,,14.0,Individual,5,High Risk,Manual Review
144804628,11550.0, 36 months,24.37,E,E2,,RENT,3500.0,Not Verified,other,NY,347.77,0.0,720.0,724.0,0.0,49.2,18.0,Joint App,5,High Risk,Manual Review
144562694,25000.0, 36 months,23.4,E,E1,4 years,RENT,75000.0,Source Verified,debt_consolidation,MD,34.61,0.0,660.0,664.0,0.0,29.6,20.0,Individual,5,High Risk,Manual Review
144981195,5000.0, 36 months,19.92,D,D3,1 year,MORTGAGE,68500.0,Verified,debt_consolidation,NH,31.36,1.0,665.0,669.0,1.0,85.5,16.0,Joint App,5,High Risk,Manual Review
144946192,6000.0, 36 months,23.4,E,E1,10+ years,MORTGAGE,30000.0,Verified,credit_card,KY,36.12,0.0,685.0,689.0,2.0,49.0,13.0,Individual,5,High Risk,Manual Review
144984935,1000.0, 36 months,24.37,E,E2,2 years,MORTGAGE,95600.0,Not Verified,debt_consolidation,VA,35.97,0.0,680.0,684.0,0.0,66.5,29.0,Individual,5,High Risk,Manual Review
145059880,14000.0, 60 months,24.37,E,E2,10+ years,RENT,65000.0,Not Verified,debt_consolidation,MO,30.48,2.0,675.0,679.0,0.0,96.7,29.0,Individual,7,High Risk,Manual Review
144995517,30000.0, 60 months,25.34,E,E3,5 years,MORTGAGE,51750.0,Source Verified,debt_consolidation,IL,31.59,0.0,660.0,664.0,1.0,62.4,27.0,Joint App,5,High Risk,Manual Review
145050215,20000.0, 60 months,27.27,E,E5,,OWN,59917.0,Not Verified,credit_card,TX,31.02,0.0,700.0,704.0,0.0,28.7,28.0,Individual,5,High Risk,Manual Review
144896620,5000.0, 36 months,20.89,D,D4,,MORTGAGE,84000.0,Verified,major_purchase,VA,35.69,1.0,690.0,694.0,0.0,81.5,33.0,Individual,5,High Risk,Manual Review
145045109,1000.0, 36 months,30.65,F,F4,,RENT,10000.0,Not Verified,other,RI,39.86,0.0,675.0,679.0,1.0,48.7,8.0,Individual,5,High Risk,Manual Review
145001338,30325.0, 36 months,23.4,E,E1,3 years,MORTGAGE,195000.0,Verified,debt_consolidation,TX,25.45,1.0,675.0,679.0,0.0,91.9,29.0,Joint App,5,High Risk,Manual Review
144940390,16000.0, 60 months,19.92,D,D3,10+ years,MORTGAGE,20000.0,Source Verified,debt_consolidation,KS,198.8,1.0,660.0,664.0,2.0,84.5,33.0,Joint App,5,High Risk,Manual Review
145027645,3025.0, 36 months,27.27,E,E5,< 1 year,MORTGAGE,30000.0,Source Verified,other,GA,30.24,0.0,705.0,709.0,0.0,99.0,13.0,Joint App,6,High Risk,Manual Review
145037666,18000.0, 36 months,23.4,E,E1,10+ years,OWN,40000.0,Verified,debt_consolidation,TX,30.45,1.0,670.0,674.0,1.0,60.0,18.0,Individual,6,High Risk,Manual Review
144484954,26600.0, 60 months,27.27,E,E5,10+ years,RENT,35000.0,Source Verified,debt_consolidation,CA,55.25,0.0,705.0,709.0,0.0,98.3,13.0,Joint App,6,High Risk,Manual Review
144709323,9500.0, 36 months,27.27,E,E5,2 years,MORTGAGE,100000.0,Source Verified,small_business,KY,5.58,1.0,660.0,664.0,0.0,90.1,23.0,Individual,5,High Risk,Manual Review
144733454,3125.0, 36 months,26.31,E,E4,,RENT,8700.0,Verified,credit_card,LA,32.55,0.0,665.0,669.0,0.0,59.8,8.0,Individual,5,High Risk,Manual Review
145008707,15000.0, 60 months,23.4,E,E1,10+ years,RENT,74000.0,Source Verified,debt_consolidation,PA,31.53,1.0,660.0,664.0,0.0,82.1,21.0,Individual,7,High Risk,Manual Review
144748321,11500.0, 60 months,26.31,E,E4,6 years,MORTGAGE,75000.0,Source Verified,debt_consolidation,FL,30.43,0.0,670.0,674.0,1.0,41.1,22.0,Individual,5,High Risk,Manual Review
145008055,9000.0, 36 months,19.92,D,D3,2 years,MORTGAGE,45244.0,Not Verified,debt_consolidation,PA,34.59,1.0,680.0,684.0,0.0,88.8,13.0,Individual,5,High Risk,Manual Review
144984095,15000.0, 36 months,23.4,E,E1,10+ years,OWN,185000.0,Source Verified,debt_consolidation,VA,19.71,1.0,665.0,669.0,1.0,92.9,38.0,Individual,5,High Risk,Manual Review
144833100,16000.0, 36 months,23.4,E,E1,< 1 year,RENT,25000.0,Source Verified,debt_consolidation,NJ,68.51,0.0,755.0,759.0,0.0,28.5,27.0,Joint App,5,High Risk,Manual Review
144535680,2500.0, 36 months,24.37,E,E2,10+ years,RENT,116000.0,Not Verified,other,DC,11.06,1.0,660.0,664.0,0.0,85.1,17.0,Individual,5,High Risk,Manual Review
144688097,11300.0, 36 months,24.37,E,E2,10+ years,MORTGAGE,80000.0,Source Verified,debt_consolidation,FL,16.62,1.0,675.0,679.0,0.0,81.2,18.0,Individual,5,High Risk,Manual Review
144555764,4500.0, 36 months,19.92,D,D3,5 years,MORTGAGE,30000.0,Not Verified,debt_consolidation,WI,34.8,1.0,670.0,674.0,0.0,90.0,12.0,Joint App,5,High Risk,Manual Review
144998466,21000.0, 60 months,25.34,E,E3,10+ years,RENT,107000.0,Verified,credit_card,VA,35.23,0.0,705.0,709.0,0.0,45.0,37.0,Joint App,5,High Risk,Manual Review
144991626,40000.0, 36 months,17.97,D,D1,,RENT,60000.0,Source Verified,other,NY,45.4,1.0,670.0,674.0,0.0,83.6,25.0,Joint App,5,High Risk,Manual Review
144796917,15000.0, 36 months,23.4,E,E1,4 years,RENT,22000.0,Verified,debt_consolidation,FL,31.21,0.0,715.0,719.0,0.0,51.5,4.0,Joint App,5,High Risk,Manual Review
144621034,15000.0, 36 months,16.91,C,C5,10+ years,MORTGAGE,57000.0,Verified,small_business,TX,40.36,1.0,685.0,689.0,0.0,87.2,14.0,Joint App,5,High Risk,Manual Review
144124320,5000.0, 36 months,23.4,E,E1,,RENT,12300.0,Source Verified,vacation,TX,72.78,3.0,665.0,669.0,0.0,71.0,32.0,Joint App,6,High Risk,Manual Review
144997900,30000.0, 60 months,25.34,E,E3,5 years,MORTGAGE,65000.0,Verified,credit_card,CA,51.29,0.0,715.0,719.0,0.0,87.3,16.0,Joint App,6,High Risk,Manual Review
144654733,28000.0, 60 months,26.31,E,E4,10+ years,RENT,75000.0,Source Verified,credit_card,CA,35.7,1.0,675.0,679.0,0.0,83.8,16.0,Individual,7,High Risk,Manual Review
144909768,2000.0, 36 months,26.31,E,E4,,RENT,2500.0,Verified,debt_consolidation,MS,356.73,1.0,675.0,679.0,1.0,56.0,32.0,Joint App,6,High Risk,Manual Review
144837518,20000.0, 36 months,23.4,E,E1,10+ years,MORTGAGE,128000.0,Source Verified,debt_consolidation,MD,21.12,1.0,665.0,669.0,0.0,81.6,19.0,Individual,5,High Risk,Manual Review
144473922,24000.0, 36 months,26.31,E,E4,10+ years,MORTGAGE,39000.0,Verified,renewable_energy,CA,41.08,0.0,665.0,669.0,2.0,70.9,13.0,Joint App,5,High Risk,Manual Review
144228399,3000.0, 36 months,23.4,E,E1,,MORTGAGE,58969.0,Not Verified,debt_consolidation,FL,33.09,0.0,710.0,714.0,0.0,81.9,17.0,Individual,6,High Risk,Manual Review
144980062,35000.0, 60 months,26.31,E,E4,10+ years,MORTGAGE,125000.0,Verified,credit_card,IL,30.51,0.0,670.0,674.0,1.0,74.0,57.0,Individual,5,High Risk,Manual Review
144626035,21575.0, 36 months,26.31,E,E4,1 year,MORTGAGE,30000.0,Not Verified,credit_card,NM,36.32,0.0,705.0,709.0,0.0,83.0,6.0,Individual,6,High Risk,Manual Review
144893880,35000.0, 36 months,23.4,E,E1,10+ years,RENT,126000.0,Source Verified,credit_card,MD,30.3,0.0,715.0,719.0,1.0,99.0,31.0,Individual,6,High Risk,Manual Review
144990747,13825.0, 60 months,24.37,E,E2,5 years,MORTGAGE,43000.0,Not Verified,debt_consolidation,NC,34.94,0.0,795.0,799.0,0.0,12.5,45.0,Individual,5,High Risk,Manual Review
144994136,7500.0, 36 months,23.4,E,E1,< 1 year,RENT,125000.0,Verified,debt_consolidation,FL,17.19,1.0,665.0,669.0,0.0,98.5,22.0,Individual,5,High Risk,Manual Review
144267650,13000.0, 36 months,26.31,E,E4,8 years,RENT,75000.0,Source Verified,credit_card,CO,32.02,0.0,675.0,679.0,2.0,75.9,23.0,Individual,5,High Risk,Manual Review
144992245,15000.0, 36 months,23.4,E,E1,10+ years,MORTGAGE,63000.0,Not Verified,other,NY,30.99,0.0,680.0,684.0,0.0,62.2,16.0,Individual,5,High Risk,Manual Review
144960616,6200.0, 36 months,26.31,E,E4,< 1 year,RENT,28000.0,Not Verified,moving,NY,35.92,0.0,720.0,724.0,0.0,72.9,5.0,Individual,5,High Risk,Manual Review
144994200,10000.0, 60 months,27.27,E,E5,10+ years,RENT,60000.0,Not Verified,vacation,NY,33.56,0.0,695.0,699.0,0.0,54.6,36.0,Individual,5,High Risk,Manual Review
144707249,15000.0, 36 months,23.4,E,E1,,MORTGAGE,25000.0,Verified,debt_consolidation,NM,97.65,1.0,660.0,664.0,0.0,65.5,14.0,Joint App,6,High Risk,Manual Review
144190643,24825.0, 36 months,23.4,E,E1,10+ years,RENT,50000.0,Not Verified,credit_card,VA,33.65,0.0,675.0,679.0,0.0,59.6,19.0,Individual,5,High Risk,Manual Review
144861082,20000.0, 36 months,23.4,E,E1,,RENT,30000.0,Verified,debt_consolidation,CA,33.32,1.0,695.0,699.0,0.0,33.0,25.0,Individual,6,High Risk,Manual Review
144970722,6825.0, 36 months,25.34,E,E3,3 years,OWN,35620.0,Verified,other,TX,31.77,0.0,660.0,664.0,2.0,26.1,46.0,Joint App,5,High Risk,Manual Review
143639374,20000.0, 36 months,25.34,E,E3,< 1 year,OWN,48000.0,Not Verified,debt_consolidation,FL,35.33,0.0,740.0,744.0,0.0,57.0,18.0,Individual,5,High Risk,Manual Review
144850238,5000.0, 36 months,27.27,E,E5,10+ years,RENT,28000.0,Source Verified,vacation,CT,35.15,0.0,725.0,729.0,1.0,73.2,11.0,Individual,5,High Risk,Manual Review
144959473,12000.0, 60 months,27.27,E,E5,3 years,RENT,30160.0,Source Verified,debt_consolidation,AL,39.79,0.0,710.0,714.0,3.0,11.0,19.0,Individual,5,High Risk,Manual Review
144469034,1600.0, 36 months,23.4,E,E1,,MORTGAGE,40000.0,Not Verified,medical,WI,34.8,1.0,700.0,704.0,1.0,23.7,20.0,Individual,6,High Risk,Manual Review
144586740,8000.0, 36 months,16.14,C,C4,< 1 year,MORTGAGE,33000.0,Verified,debt_consolidation,AZ,31.71,4.0,675.0,679.0,0.0,87.5,16.0,Individual,5,High Risk,Manual Review
144880459,8000.0, 36 months,23.4,E,E1,< 1 year,OWN,34000.0,Not Verified,debt_consolidation,IL,35.72,0.0,715.0,719.0,1.0,46.1,17.0,Individual,5,High Risk,Manual Review
144023482,12750.0, 60 months,25.34,E,E3,4 years,RENT,16800.0,Verified,debt_consolidation,TX,73.21,0.0,710.0,714.0,0.0,53.1,14.0,Joint App,5,High Risk,Manual Review
144860945,14000.0, 60 months,25.34,E,E3,10+ years,OWN,72049.0,Source Verified,debt_consolidation,AL,32.93,0.0,675.0,679.0,2.0,55.6,31.0,Individual,5,High Risk,Manual Review
144899868,20000.0, 36 months,24.37,E,E2,1 year,MORTGAGE,134380.0,Not Verified,major_purchase,GA,35.55,0.0,660.0,664.0,3.0,96.0,41.0,Individual,6,High Risk,Manual Review
144579639,14425.0, 36 months,27.27,E,E5,< 1 year,MORTGAGE,42000.0,Verified,debt_consolidation,AZ,18.46,1.0,665.0,669.0,0.0,97.9,9.0,Individual,5,High Risk,Manual Review
144798307,13300.0, 36 months,16.91,C,C5,< 1 year,MORTGAGE,40000.0,Verified,debt_consolidation,OR,54.94,2.0,675.0,679.0,1.0,97.4,35.0,Joint App,5,High Risk,Manual Review
144750429,10000.0, 60 months,23.4,E,E1,,RENT,26000.0,Not Verified,credit_card,IN,38.46,0.0,685.0,689.0,0.0,36.5,18.0,Individual,5,High Risk,Manual Review
144302153,10000.0, 36 months,27.27,E,E5,7 years,MORTGAGE,119298.0,Source Verified,credit_card,PA,32.93,0.0,705.0,709.0,0.0,93.0,31.0,Individual,6,High Risk,Manual Review
144933774,25000.0, 60 months,26.31,E,E4,10+ years,OWN,72000.0,Source Verified,debt_consolidation,NC,34.58,0.0,680.0,684.0,1.0,51.2,30.0,Individual,5,High Risk,Manual Review
144937568,25000.0, 36 months,23.4,E,E1,10+ years,RENT,110000.0,Not Verified,debt_consolidation,MO,36.82,0.0,705.0,709.0,0.0,51.2,28.0,Individual,5,High Risk,Manual Review
144943683,28000.0, 60 months,27.27,E,E5,10+ years,MORTGAGE,93984.0,Source Verified,debt_consolidation,AL,37.01,0.0,700.0,704.0,1.0,80.1,24.0,Individual,6,High Risk,Manual Review
144795549,10000.0, 60 months,26.31,E,E4,< 1 year,RENT,45000.0,Source Verified,moving,OR,12.87,1.0,680.0,684.0,1.0,81.8,17.0,Joint App,5,High Risk,Manual Review
144919761,9100.0, 36 months,25.34,E,E3,6 years,RENT,30000.0,Verified,debt_consolidation,NJ,31.4,0.0,680.0,684.0,2.0,62.0,10.0,Individual,5,High Risk,Manual Review
144785026,2800.0, 36 months,27.27,E,E5,3 years,MORTGAGE,40000.0,Not Verified,other,AR,35.22,0.0,715.0,719.0,0.0,51.1,15.0,Individual,5,High Risk,Manual Review
144891332,17800.0, 60 months,23.4,E,E1,10+ years,MORTGAGE,75000.0,Verified,debt_consolidation,NY,34.32,16.0,665.0,669.0,2.0,31.0,50.0,Individual,6,High Risk,Manual Review
144552974,15000.0, 60 months,24.37,E,E2,10+ years,RENT,40000.0,Verified,credit_card,CA,34.58,0.0,700.0,704.0,0.0,41.4,17.0,Individual,5,High Risk,Manual Review
144837203,11500.0, 60 months,23.4,E,E1,,MORTGAGE,26560.0,Verified,debt_consolidation,TX,56.98,1.0,750.0,754.0,0.0,32.3,25.0,Joint App,6,High Risk,Manual Review
144878244,7000.0, 36 months,24.37,E,E2,10+ years,OWN,18000.0,Not Verified,debt_consolidation,TX,33.59,0.0,715.0,719.0,0.0,62.2,26.0,Individual,5,High Risk,Manual Review
144786768,36000.0, 60 months,18.94,D,D2,2 years,MORTGAGE,125000.0,Source Verified,home_improvement,GA,30.63,1.0,680.0,684.0,0.0,80.2,28.0,Joint App,5,High Risk,Manual Review
144903568,10000.0, 60 months,26.31,E,E4,7 years,RENT,31000.0,Verified,house,CO,38.21,0.0,665.0,669.0,0.0,56.0,27.0,Individual,5,High Risk,Manual Review
144418171,14750.0, 36 months,25.34,E,E3,10+ years,RENT,48000.0,Verified,credit_card,CA,34.53,0.0,680.0,684.0,0.0,41.8,32.0,Individual,5,High Risk,Manual Review
144734804,10000.0, 36 months,19.92,D,D3,,MORTGAGE,72000.0,Not Verified,debt_consolidation,NM,33.12,1.0,660.0,664.0,0.0,83.8,31.0,Individual,5,High Risk,Manual Review
144881851,20000.0, 60 months,16.14,C,C4,10+ years,RENT,64000.0,Verified,debt_consolidation,VA,35.46,1.0,680.0,684.0,0.0,90.5,25.0,Joint App,5,High Risk,Manual Review
144319134,16950.0, 60 months,26.31,E,E4,7 years,OWN,45000.0,Source Verified,credit_card,TX,39.81,1.0,690.0,694.0,0.0,31.7,25.0,Individual,6,High Risk,Manual Review
144728525,10000.0, 36 months,23.4,E,E1,3 years,MORTGAGE,123000.0,Verified,debt_consolidation,MD,43.09,0.0,675.0,679.0,3.0,76.5,30.0,Joint App,5,High Risk,Manual Review
144356330,25000.0, 36 months,23.4,E,E1,1 year,RENT,99000.0,Not Verified,debt_consolidation,NC,38.73,0.0,670.0,674.0,1.0,69.6,34.0,Individual,5,High Risk,Manual Review
144891096,6000.0, 36 months,27.27,E,E5,10+ years,RENT,255000.0,Not Verified,debt_consolidation,GA,19.78,3.0,670.0,674.0,1.0,100.8,30.0,Individual,5,High Risk,Manual Review
144865015,25000.0, 60 months,27.27,E,E5,2 years,MORTGAGE,30000.0,Source Verified,debt_consolidation,TN,31.4,0.0,680.0,684.0,0.0,72.2,24.0,Joint App,5,High Risk,Manual Review
144887468,16800.0, 60 months,25.34,E,E3,10+ years,MORTGAGE,120000.0,Source Verified,credit_card,CA,31.24,1.0,660.0,664.0,2.0,59.1,32.0,Individual,6,High Risk,Manual Review
144135842,35000.0, 36 months,24.37,E,E2,10+ years,MORTGAGE,90000.0,Source Verified,debt_consolidation,NJ,27.43,2.0,660.0,664.0,0.0,90.6,15.0,Joint App,5,High Risk,Manual Review
144758768,6000.0, 36 months,25.34,E,E3,,MORTGAGE,30000.0,Verified,debt_consolidation,MN,37.32,1.0,670.0,674.0,0.0,65.7,20.0,Joint App,6,High Risk,Manual Review
144253422,9200.0, 36 months,27.27,E,E5,6 years,RENT,33700.0,Verified,debt_consolidation,PA,32.73,0.0,720.0,724.0,1.0,28.5,16.0,Individual,5,High Risk,Manual Review
144883195,15000.0, 60 months,18.94,D,D2,< 1 year,MORTGAGE,40000.0,Not Verified,debt_consolidation,MI,32.58,1.0,685.0,689.0,1.0,92.9,22.0,Joint App,5,High Risk,Manual Review
144693182,17725.0, 36 months,23.4,E,E1,,MORTGAGE,56065.32,Not Verified,debt_consolidation,VA,36.07,0.0,715.0,719.0,2.0,40.2,19.0,Individual,5,High Risk,Manual Review
144837982,15000.0, 60 months,17.97,D,D1,,MORTGAGE,42000.0,Verified,debt_consolidation,GA,63.29,1.0,675.0,679.0,2.0,90.4,16.0,Joint App,5,High Risk,Manual Review
144873520,18000.0, 60 months,26.31,E,E4,10+ years,OWN,85000.0,Source Verified,debt_consolidation,TX,31.15,1.0,670.0,674.0,0.0,86.4,25.0,Individual,7,High Risk,Manual Review
144853428,18000.0, 60 months,26.31,E,E4,10+ years,OWN,85000.0,Verified,debt_consolidation,CA,34.34,0.0,690.0,694.0,0.0,88.0,35.0,Individual,6,High Risk,Manual Review
144878432,2000.0, 36 months,26.31,E,E4,10+ years,MORTGAGE,58452.0,Source Verified,other,TN,31.04,1.0,675.0,679.0,0.0,81.1,33.0,Individual,7,High Risk,Manual Review
144552082,20000.0, 60 months,27.27,E,E5,2 years,MORTGAGE,24000.0,Not Verified,debt_consolidation,TX,71.9,3.0,660.0,664.0,0.0,0.0,26.0,Joint App,6,High Risk,Manual Review
144355247,20000.0, 36 months,20.89,D,D4,,MORTGAGE,33000.0,Verified,debt_consolidation,TX,49.55,1.0,680.0,684.0,0.0,92.5,18.0,Joint App,5,High Risk,Manual Review
144873542,2500.0, 36 months,24.37,E,E2,2 years,MORTGAGE,154000.0,Source Verified,debt_consolidation,VA,36.4,0.0,685.0,689.0,2.0,89.0,34.0,Individual,6,High Risk,Manual Review
144620959,4000.0, 36 months,23.4,E,E1,10+ years,OWN,28000.0,Verified,credit_card,PA,33.6,2.0,665.0,669.0,0.0,58.1,21.0,Individual,6,High Risk,Manual Review
143983071,35000.0, 36 months,23.4,E,E1,1 year,RENT,100000.0,Verified,debt_consolidation,NV,34.43,0.0,680.0,684.0,2.0,74.0,38.0,Individual,5,High Risk,Manual Review
144841713,1000.0, 36 months,27.27,E,E5,< 1 year,MORTGAGE,30000.0,Not Verified,other,NC,12.6,2.0,665.0,669.0,1.0,81.8,32.0,Individual,5,High Risk,Manual Review
144816041,40000.0, 60 months,27.27,E,E5,5 years,MORTGAGE,20000.0,Source Verified,home_improvement,MO,32.17,0.0,700.0,704.0,0.0,84.8,22.0,Joint App,6,High Risk,Manual Review
144734986,20000.0, 60 months,25.34,E,E3,5 years,OWN,42000.0,Verified,credit_card,NY,31.34,0.0,665.0,669.0,1.0,58.0,25.0,Individual,5,High Risk,Manual Review
144772594,16000.0, 60 months,25.34,E,E3,10+ years,RENT,60000.0,Not Verified,other,VA,35.83,0.0,735.0,739.0,0.0,14.4,49.0,Individual,5,High Risk,Manual Review
144795278,1000.0, 36 months,23.4,E,E1,1 year,RENT,15000.0,Source Verified,moving,NC,39.76,0.0,740.0,744.0,1.0,36.7,7.0,Individual,5,High Risk,Manual Review
144733387,21600.0, 36 months,23.4,E,E1,9 years,OWN,45000.0,Source Verified,home_improvement,NJ,30.53,0.0,685.0,689.0,0.0,39.0,18.0,Individual,5,High Risk,Manual Review
143962742,16950.0, 36 months,27.27,E,E5,2 years,RENT,26000.0,Verified,debt_consolidation,CA,39.94,0.0,705.0,709.0,0.0,9.1,20.0,Joint App,5,High Risk,Manual Review
144695028,10000.0, 36 months,23.4,E,E1,1 year,MORTGAGE,39000.0,Source Verified,other,NY,35.42,1.0,670.0,674.0,2.0,31.5,27.0,Joint App,6,High Risk,Manual Review
143938295,5000.0, 36 months,23.4,E,E1,< 1 year,RENT,30000.0,Source Verified,debt_consolidation,FL,37.2,0.0,665.0,669.0,0.0,101.0,7.0,Individual,6,High Risk,Manual Review
144822184,25000.0, 36 months,23.4,E,E1,1 year,MORTGAGE,160000.0,Not Verified,debt_consolidation,OK,27.61,3.0,660.0,664.0,0.0,87.7,37.0,Individual,5,High Risk,Manual Review
144390376,1500.0, 36 months,23.4,E,E1,10+ years,MORTGAGE,50000.0,Verified,house,IL,30.41,1.0,695.0,699.0,1.0,45.0,20.0,Individual,6,High Risk,Manual Review
144655506,5000.0, 36 months,27.27,E,E5,< 1 year,OWN,29475.0,Not Verified,other,NJ,31.88,0.0,740.0,744.0,3.0,21.4,10.0,Individual,5,High Risk,Manual Review
144487857,30000.0, 36 months,23.4,E,E1,4 years,MORTGAGE,32000.0,Verified,other,CA,72.28,1.0,680.0,684.0,0.0,48.2,12.0,Joint App,6,High Risk,Manual Review
144812916,16600.0, 36 months,23.4,E,E1,10+ years,RENT,40000.0,Not Verified,credit_card,NY,35.94,0.0,675.0,679.0,0.0,51.5,11.0,Individual,5,High Risk,Manual Review
143867472,10000.0, 36 months,24.37,E,E2,10+ years,OWN,33000.0,Source Verified,debt_consolidation,MI,34.65,0.0,665.0,669.0,1.0,52.8,22.0,Individual,5,High Risk,Manual Review
144659675,5525.0, 36 months,27.27,E,E5,9 years,MORTGAGE,85000.0,Not Verified,debt_consolidation,MD,34.38,0.0,715.0,719.0,0.0,39.5,17.0,Individual,5,High Risk,Manual Review
144465425,25000.0, 60 months,27.27,E,E5,3 years,OWN,48000.0,Verified,debt_consolidation,NJ,36.5,1.0,675.0,679.0,0.0,0.0,18.0,Individual,6,High Risk,Manual Review
144756699,28650.0, 60 months,27.27,E,E5,10+ years,RENT,105000.0,Source Verified,debt_consolidation,TX,36.82,0.0,710.0,714.0,1.0,76.8,43.0,Individual,5,High Risk,Manual Review
144655073,21075.0, 60 months,26.31,E,E4,8 years,MORTGAGE,27500.0,Not Verified,credit_card,CA,56.83,0.0,675.0,679.0,0.0,85.8,34.0,Joint App,6,High Risk,Manual Review
144808999,8000.0, 36 months,23.4,E,E1,10+ years,MORTGAGE,56000.0,Source Verified,debt_consolidation,IN,30.41,0.0,700.0,704.0,0.0,50.1,19.0,Individual,5,High Risk,Manual Review
144546614,1600.0, 36 months,27.27,E,E5,,OWN,64800.0,Not Verified,other,NY,35.98,0.0,720.0,724.0,0.0,83.5,12.0,Individual,6,High Risk,Manual Review
144819600,5000.0, 36 months,27.27,E,E5,1 year,OWN,58700.0,Source Verified,major_purchase,FL,31.4,2.0,670.0,674.0,0.0,38.5,28.0,Individual,6,High Risk,Manual Review
144666887,18000.0, 36 months,27.27,E,E5,< 1 year,RENT,45000.0,Source Verified,debt_consolidation,AZ,32.93,0.0,700.0,704.0,2.0,56.1,27.0,Individual,5,High Risk,Manual Review
144524192,3150.0, 36 months,23.4,E,E1,8 years,RENT,42000.0,Verified,credit_card,PA,12.86,1.0,670.0,674.0,0.0,89.7,24.0,Individual,5,High Risk,Manual Review
144108821,18450.0, 36 months,27.27,E,E5,10+ years,MORTGAGE,147472.0,Verified,debt_consolidation,NY,43.65,0.0,690.0,694.0,0.0,89.5,54.0,Joint App,6,High Risk,Manual Review
144816435,1000.0, 36 months,30.84,G,G2,,OWN,30000.0,Not Verified,other,PA,39.08,0.0,740.0,744.0,1.0,0.0,11.0,Individual,5,High Risk,Manual Review
144219254,5075.0, 36 months,23.4,E,E1,9 years,MORTGAGE,70000.0,Not Verified,debt_consolidation,MS,35.9,0.0,725.0,729.0,1.0,53.0,23.0,Individual,5,High Risk,Manual Review
144504304,24775.0, 60 months,27.27,E,E5,10+ years,MORTGAGE,129500.0,Not Verified,debt_consolidation,MD,30.66,0.0,725.0,729.0,2.0,53.5,33.0,Individual,5,High Risk,Manual Review
144792971,10000.0, 60 months,27.27,E,E5,1 year,OWN,70000.0,Not Verified,debt_consolidation,SC,32.64,1.0,675.0,679.0,0.0,48.3,47.0,Individual,6,High Risk,Manual Review
144375238,20000.0, 60 months,27.27,E,E5,10+ years,MORTGAGE,45000.0,Source Verified,home_improvement,TX,30.27,1.0,705.0,709.0,1.0,26.6,31.0,Individual,6,High Risk,Manual Review
144297662,8825.0, 36 months,26.31,E,E4,3 years,MORTGAGE,50000.0,Verified,home_improvement,MD,50.43,0.0,690.0,694.0,0.0,88.1,11.0,Joint App,6,High Risk,Manual Review
144779219,10000.0, 60 months,25.34,E,E3,10+ years,MORTGAGE,139000.0,Source Verified,house,HI,25.04,1.0,685.0,689.0,1.0,81.0,25.0,Individual,5,High Risk,Manual Review
144791848,2400.0, 36 months,23.4,E,E1,5 years,RENT,68820.0,Not Verified,other,CA,36.13,0.0,680.0,684.0,0.0,83.3,32.0,Joint App,6,High Risk,Manual Review
144712076,9000.0, 36 months,24.37,E,E2,3 years,MORTGAGE,95000.0,Verified,debt_consolidation,WV,34.5,0.0,700.0,704.0,2.0,84.3,28.0,Joint App,6,High Risk,Manual Review
143714243,17500.0, 36 months,23.4,E,E1,2 years,RENT,38132.0,Source Verified,debt_consolidation,IN,30.5,0.0,685.0,689.0,0.0,63.6,22.0,Individual,5,High Risk,Manual Review
144398992,1000.0, 36 months,23.4,E,E1,8 years,RENT,42000.0,Source Verified,other,CA,35.3,0.0,700.0,704.0,2.0,23.3,32.0,Individual,5,High Risk,Manual Review
144736865,35000.0, 60 months,23.4,E,E1,< 1 year,MORTGAGE,400000.0,Verified,debt_consolidation,NY,8.35,3.0,670.0,674.0,0.0,91.0,24.0,Individual,5,High Risk,Manual Review
144744335,10200.0, 36 months,23.4,E,E1,10+ years,OWN,70000.0,Not Verified,house,CT,35.74,1.0,680.0,684.0,3.0,40.3,34.0,Individual,6,High Risk,Manual Review
144753331,8000.0, 36 months,23.4,E,E1,< 1 year,MORTGAGE,50000.0,Source Verified,credit_card,CO,37.04,0.0,680.0,684.0,0.0,63.7,38.0,Individual,5,High Risk,Manual Review
144429579,11900.0, 36 months,24.37,E,E2,2 years,OWN,54000.0,Source Verified,house,CA,37.2,0.0,685.0,689.0,0.0,56.3,13.0,Individual,5,High Risk,Manual Review
144725914,10000.0, 60 months,25.34,E,E3,4 years,OWN,60000.0,Not Verified,home_improvement,CO,33.23,0.0,660.0,664.0,1.0,72.3,26.0,Individual,5,High Risk,Manual Review
144357683,4500.0, 36 months,23.4,E,E1,3 years,MORTGAGE,30000.0,Verified,debt_consolidation,AR,32.08,0.0,675.0,679.0,0.0,44.2,15.0,Individual,5,High Risk,Manual Review
142995654,30000.0, 60 months,27.27,E,E5,,OWN,44000.0,Verified,debt_consolidation,TN,44.0,0.0,660.0,664.0,2.0,92.1,21.0,Joint App,6,High Risk,Manual Review
144250704,4200.0, 36 months,23.4,E,E1,< 1 year,MORTGAGE,45000.0,Not Verified,small_business,AL,31.05,0.0,670.0,674.0,0.0,76.1,11.0,Individual,5,High Risk,Manual Review
144626794,18000.0, 60 months,26.31,E,E4,10+ years,MORTGAGE,99000.0,Not Verified,credit_card,WV,31.67,0.0,665.0,669.0,1.0,71.8,31.0,Individual,5,High Risk,Manual Review
144670884,40000.0, 60 months,15.02,C,C3,3 years,MORTGAGE,65000.0,Verified,debt_consolidation,PA,41.97,2.0,700.0,704.0,0.0,93.3,32.0,Joint App,5,High Risk,Manual Review
144718967,25000.0, 60 months,26.31,E,E4,1 year,RENT,65000.0,Not Verified,credit_card,NC,31.67,0.0,705.0,709.0,0.0,57.8,17.0,Individual,5,High Risk,Manual Review
143899701,12300.0, 36 months,23.4,E,E1,8 years,MORTGAGE,65000.0,Not Verified,credit_card,NY,33.44,0.0,705.0,709.0,0.0,55.9,37.0,Individual,5,High Risk,Manual Review
144668785,40000.0, 60 months,27.27,E,E5,5 years,RENT,44000.0,Verified,credit_card,CA,43.67,0.0,700.0,704.0,1.0,48.6,28.0,Joint App,5,High Risk,Manual Review
144706833,1000.0, 36 months,27.27,E,E5,,MORTGAGE,55000.0,Verified,other,NE,34.32,1.0,690.0,694.0,0.0,45.8,24.0,Individual,6,High Risk,Manual Review
144714220,1400.0, 36 months,23.4,E,E1,8 years,RENT,36000.0,Source Verified,medical,PA,32.33,0.0,750.0,754.0,2.0,2.7,29.0,Individual,5,High Risk,Manual Review
144719127,15000.0, 36 months,23.4,E,E1,3 years,MORTGAGE,105000.0,Not Verified,home_improvement,NJ,32.97,0.0,705.0,709.0,1.0,61.5,33.0,Individual,5,High Risk,Manual Review
144625875,12000.0, 60 months,26.31,E,E4,2 years,OWN,36500.0,Not Verified,credit_card,KS,34.2,0.0,705.0,709.0,1.0,71.9,12.0,Individual,5,High Risk,Manual Review
144584690,16000.0, 60 months,20.89,D,D4,,RENT,11000.0,Verified,car,LA,161.68,6.0,660.0,664.0,0.0,83.6,29.0,Joint App,5,High Risk,Manual Review
144516749,28000.0, 60 months,27.27,E,E5,10+ years,MORTGAGE,50000.0,Verified,debt_consolidation,MI,39.29,1.0,670.0,674.0,0.0,88.0,39.0,Joint App,7,High Risk,Manual Review
144331512,20000.0, 36 months,27.27,E,E5,10+ years,RENT,325000.0,Source Verified,debt_consolidation,CA,16.02,1.0,665.0,669.0,0.0,88.6,19.0,Individual,5,High Risk,Manual Review
144280752,7975.0, 36 months,24.37,E,E2,1 year,RENT,24000.0,Source Verified,debt_consolidation,WA,32.55,0.0,660.0,664.0,0.0,31.8,18.0,Joint App,5,High Risk,Manual Review
144584064,10000.0, 60 months,27.27,E,E5,,RENT,56000.0,Verified,debt_consolidation,NM,38.08,0.0,670.0,674.0,2.0,35.4,47.0,Individual,5,High Risk,Manual Review
144666028,18100.0, 60 months,26.31,E,E4,8 years,MORTGAGE,40000.0,Verified,debt_consolidation,FL,85.6,0.0,665.0,669.0,0.0,69.2,23.0,Joint App,5,High Risk,Manual Review
144393815,7000.0, 36 months,23.4,E,E1,1 year,MORTGAGE,63500.0,Source Verified,credit_card,TX,31.89,0.0,690.0,694.0,0.0,42.7,21.0,Individual,5,High Risk,Manual Review
144648431,13000.0, 60 months,24.37,E,E2,3 years,RENT,58000.0,Not Verified,debt_consolidation,TN,37.0,0.0,680.0,684.0,0.0,30.6,33.0,Individual,5,High Risk,Manual Review
144668944,19000.0, 60 months,27.27,E,E5,5 years,RENT,41000.0,Source Verified,other,NY,37.53,0.0,755.0,759.0,1.0,25.5,24.0,Individual,5,High Risk,Manual Review
144624323,7000.0, 36 months,27.27,E,E5,,MORTGAGE,11000.0,Not Verified,debt_consolidation,GA,37.66,0.0,695.0,699.0,0.0,37.2,7.0,Individual,5,High Risk,Manual Review
144625480,14850.0, 36 months,23.4,E,E1,,RENT,31941.0,Verified,debt_consolidation,CT,38.52,0.0,690.0,694.0,0.0,39.1,28.0,Individual,5,High Risk,Manual Review
144491535,13000.0, 60 months,27.27,E,E5,10+ years,RENT,65000.0,Source Verified,debt_consolidation,NV,31.48,1.0,675.0,679.0,0.0,43.3,18.0,Individual,6,High Risk,Manual Review
143636759,30000.0, 60 months,27.27,E,E5,10+ years,MORTGAGE,60000.0,Verified,debt_consolidation,CT,35.42,0.0,715.0,719.0,0.0,62.0,23.0,Individual,5,High Risk,Manual Review
144518924,20000.0, 60 months,25.34,E,E3,7 years,RENT,65000.0,Not Verified,other,CA,30.65,0.0,680.0,684.0,0.0,58.0,17.0,Individual,5,High Risk,Manual Review
144397742,13375.0, 36 months,27.27,E,E5,< 1 year,MORTGAGE,80000.0,Not Verified,debt_consolidation,CO,30.8,0.0,700.0,704.0,1.0,84.1,17.0,Individual,6,High Risk,Manual Review
144564986,12000.0, 60 months,27.27,E,E5,6 years,RENT,21541.0,Verified,debt_consolidation,NJ,42.73,0.0,730.0,734.0,0.0,45.2,59.0,Joint App,5,High Risk,Manual Review
144225991,35000.0, 36 months,27.27,E,E5,3 years,MORTGAGE,50000.0,Source Verified,renewable_energy,MA,34.52,1.0,700.0,704.0,0.0,48.0,19.0,Joint App,6,High Risk,Manual Review
144491600,18900.0, 60 months,27.27,E,E5,,OWN,42055.44,Verified,debt_consolidation,AR,38.36,0.0,700.0,704.0,0.0,84.0,19.0,Individual,6,High Risk,Manual Review
143627015,35000.0, 36 months,23.4,E,E1,< 1 year,MORTGAGE,97000.0,Verified,major_purchase,IL,17.37,1.0,665.0,669.0,0.0,90.0,9.0,Individual,5,High Risk,Manual Review
144683525,18000.0, 60 months,17.97,D,D1,< 1 year,MORTGAGE,97858.0,Not Verified,debt_consolidation,MD,30.18,1.0,665.0,669.0,0.0,90.0,16.0,Individual,5,High Risk,Manual Review
144620265,20000.0, 36 months,23.4,E,E1,1 year,RENT,35000.0,Source Verified,debt_consolidation,SC,30.83,1.0,680.0,684.0,1.0,57.6,15.0,Joint App,6,High Risk,Manual Review
144267170,22000.0, 60 months,27.27,E,E5,2 years,MORTGAGE,57838.0,Verified,debt_consolidation,NY,37.44,0.0,715.0,719.0,2.0,12.7,35.0,Joint App,5,High Risk,Manual Review
144531120,25000.0, 36 months,26.31,E,E4,2 years,RENT,120000.0,Not Verified,vacation,IL,30.32,0.0,680.0,684.0,1.0,62.2,35.0,Individual,5,High Risk,Manual Review
144671174,4800.0, 36 months,23.4,E,E1,,MORTGAGE,55000.0,Source Verified,car,MO,42.44,0.0,690.0,694.0,0.0,71.5,21.0,Joint App,5,High Risk,Manual Review
143888144,20000.0, 60 months,25.34,E,E3,1 year,MORTGAGE,52000.0,Verified,debt_consolidation,TN,32.47,1.0,665.0,669.0,0.0,93.0,22.0,Individual,7,High Risk,Manual Review
144653184,6000.0, 36 months,23.4,E,E1,,RENT,32000.0,Not Verified,debt_consolidation,CA,33.91,0.0,660.0,664.0,2.0,30.1,16.0,Individual,5,High Risk,Manual Review
144668240,25000.0, 60 months,25.34,E,E3,3 years,RENT,62400.0,Not Verified,debt_consolidation,CO,20.62,1.0,675.0,679.0,0.0,86.9,24.0,Individual,5,High Risk,Manual Review
144670473,30000.0, 60 months,27.27,E,E5,2 years,MORTGAGE,166000.0,Source Verified,debt_consolidation,CA,31.06,0.0,685.0,689.0,0.0,79.8,40.0,Individual,5,High Risk,Manual Review
143941887,16800.0, 36 months,25.34,E,E3,1 year,OWN,13440.0,Verified,other,NY,31.34,0.0,680.0,684.0,0.0,62.8,6.0,Joint App,5,High Risk,Manual Review
143872613,7700.0, 36 months,23.4,E,E1,6 years,OWN,80000.0,Not Verified,debt_consolidation,TN,33.74,2.0,710.0,714.0,2.0,13.9,41.0,Individual,6,High Risk,Manual Review
144497468,10000.0, 36 months,25.34,E,E3,8 years,MORTGAGE,22000.0,Verified,debt_consolidation,NJ,41.57,0.0,690.0,694.0,0.0,65.8,18.0,Joint App,5,High Risk,Manual Review
144592829,12000.0, 36 months,23.4,E,E1,10+ years,MORTGAGE,63000.0,Source Verified,debt_consolidation,NC,37.47,0.0,675.0,679.0,0.0,53.8,30.0,Joint App,5,High Risk,Manual Review
144595485,20000.0, 36 months,25.34,E,E3,5 years,RENT,69372.0,Not Verified,debt_consolidation,WA,35.91,0.0,660.0,664.0,0.0,89.0,22.0,Individual,6,High Risk,Manual Review
144546562,14000.0, 36 months,25.34,E,E3,1 year,RENT,60000.0,Verified,credit_card,CA,30.34,1.0,670.0,674.0,0.0,98.7,13.0,Individual,7,High Risk,Manual Review
144426670,10000.0, 36 months,23.4,E,E1,10+ years,RENT,40000.0,Not Verified,debt_consolidation,NV,36.24,1.0,660.0,664.0,0.0,71.4,17.0,Individual,6,High Risk,Manual Review
144503169,8000.0, 36 months,25.34,E,E3,,RENT,10944.0,Verified,credit_card,AZ,63.6,0.0,670.0,674.0,0.0,68.9,6.0,Joint App,5,High Risk,Manual Review
143942614,15000.0, 36 months,25.34,E,E3,1 year,RENT,120000.0,Not Verified,other,MD,31.54,4.0,660.0,664.0,2.0,91.1,59.0,Individual,7,High Risk,Manual Review
144542999,12000.0, 60 months,27.27,E,E5,7 years,MORTGAGE,42000.0,Source Verified,credit_card,IN,32.29,0.0,665.0,669.0,0.0,61.6,25.0,Individual,5,High Risk,Manual Review
144300979,12000.0, 36 months,23.4,E,E1,4 years,RENT,37747.0,Verified,major_purchase,PA,72.5,0.0,740.0,744.0,0.0,7.8,7.0,Joint App,5,High Risk,Manual Review
144592563,10000.0, 60 months,25.34,E,E3,,RENT,20000.0,Not Verified,medical,IL,35.05,0.0,755.0,759.0,0.0,8.8,15.0,Individual,5,High Risk,Manual Review
144505289,4000.0, 36 months,23.4,E,E1,2 years,RENT,21000.0,Source Verified,credit_card,CA,53.09,0.0,685.0,689.0,0.0,36.0,9.0,Joint App,5,High Risk,Manual Review
144601210,10000.0, 36 months,20.89,D,D4,,RENT,23000.0,Not Verified,debt_consolidation,NY,31.76,6.0,675.0,679.0,0.0,87.1,21.0,Individual,5,High Risk,Manual Review
144257478,19300.0, 36 months,24.37,E,E2,,MORTGAGE,50000.0,Not Verified,debt_consolidation,PA,31.01,0.0,725.0,729.0,0.0,52.1,25.0,Individual,5,High Risk,Manual Review
144246999,19200.0, 60 months,27.27,E,E5,6 years,RENT,27000.0,Verified,credit_card,WA,56.98,0.0,685.0,689.0,0.0,50.5,31.0,Joint App,5,High Risk,Manual Review
144605192,20000.0, 60 months,27.27,E,E5,,MORTGAGE,75000.0,Not Verified,debt_consolidation,TX,30.31,0.0,685.0,689.0,1.0,84.8,15.0,Individual,6,High Risk,Manual Review
144592020,16000.0, 60 months,23.4,E,E1,2 years,MORTGAGE,65000.0,Not Verified,debt_consolidation,VA,36.95,0.0,715.0,719.0,0.0,78.3,22.0,Individual,5,High Risk,Manual Review
144557464,25000.0, 36 months,24.37,E,E2,10+ years,OWN,126000.0,Not Verified,debt_consolidation,HI,33.7,0.0,715.0,719.0,2.0,57.9,36.0,Individual,5,High Risk,Manual Review
144310016,30000.0, 60 months,27.27,E,E5,10+ years,MORTGAGE,80500.0,Verified,debt_consolidation,TX,35.99,0.0,670.0,674.0,0.0,92.0,22.0,Individual,6,High Risk,Manual Review
144332201,6000.0, 36 months,26.31,E,E4,,OWN,70000.0,Not Verified,debt_consolidation,NY,29.66,1.0,665.0,669.0,1.0,80.5,31.0,Individual,5,High Risk,Manual Review
144413927,10700.0, 36 months,23.4,E,E1,,MORTGAGE,36000.0,Not Verified,debt_consolidation,GA,37.9,0.0,680.0,684.0,0.0,58.1,18.0,Individual,5,High Risk,Manual Review
144590605,1000.0, 36 months,23.4,E,E1,9 years,RENT,41000.0,Not Verified,other,FL,37.15,0.0,670.0,674.0,0.0,93.3,23.0,Individual,6,High Risk,Manual Review
144541707,8400.0, 36 months,23.4,E,E1,10+ years,MORTGAGE,43000.0,Verified,home_improvement,TX,51.41,0.0,725.0,729.0,0.0,46.5,40.0,Joint App,5,High Risk,Manual Review
144491892,8700.0, 36 months,23.4,E,E1,10+ years,MORTGAGE,50000.0,Not Verified,debt_consolidation,GA,33.15,0.0,675.0,679.0,3.0,58.3,16.0,Individual,5,High Risk,Manual Review
144570472,20000.0, 36 months,25.34,E,E3,10+ years,OWN,51060.0,Not Verified,other,CA,37.7,0.0,720.0,724.0,0.0,79.5,28.0,Individual,5,High Risk,Manual Review
144526483,9600.0, 36 months,23.4,E,E1,2 years,MORTGAGE,12000.0,Not Verified,car,DE,111.1,2.0,665.0,669.0,1.0,45.3,25.0,Joint App,6,High Risk,Manual Review
144548073,2000.0, 36 months,23.4,E,E1,3 years,RENT,35000.0,Source Verified,other,CA,36.11,3.0,670.0,674.0,1.0,62.7,13.0,Joint App,6,High Risk,Manual Review
144574908,5000.0, 36 months,25.34,E,E3,2 years,RENT,52000.0,Not Verified,debt_consolidation,SC,37.41,0.0,675.0,679.0,0.0,103.4,51.0,Individual,6,High Risk,Manual Review
144541329,25000.0, 36 months,24.37,E,E2,1 year,MORTGAGE,45000.0,Source Verified,debt_consolidation,NM,37.23,0.0,660.0,664.0,0.0,66.1,22.0,Joint App,5,High Risk,Manual Review
144335678,25000.0, 60 months,27.27,E,E5,8 years,OWN,99640.0,Not Verified,debt_consolidation,AL,33.7,0.0,715.0,719.0,2.0,57.4,22.0,Individual,5,High Risk,Manual Review
144549939,24225.0, 60 months,26.31,E,E4,< 1 year,OWN,40700.0,Not Verified,major_purchase,OH,31.29,0.0,675.0,679.0,0.0,47.7,17.0,Individual,5,High Risk,Manual Review
144473790,13250.0, 36 months,23.4,E,E1,< 1 year,RENT,100000.0,Source Verified,credit_card,ND,30.92,0.0,705.0,709.0,0.0,79.3,17.0,Joint App,5,High Risk,Manual Review
144329436,4300.0, 36 months,23.4,E,E1,8 years,RENT,45000.0,Not Verified,debt_consolidation,CA,32.27,0.0,700.0,704.0,2.0,63.3,19.0,Individual,5,High Risk,Manual Review
144370803,20200.0, 36 months,23.4,E,E1,3 years,MORTGAGE,61360.0,Source Verified,debt_consolidation,PA,38.29,0.0,725.0,729.0,0.0,44.0,34.0,Individual,5,High Risk,Manual Review
144471519,7700.0, 36 months,23.4,E,E1,,OWN,20000.0,Verified,credit_card,TX,36.87,0.0,675.0,679.0,0.0,31.8,49.0,Individual,5,High Risk,Manual Review
144525472,2500.0, 36 months,23.4,E,E1,3 years,MORTGAGE,36000.0,Source Verified,other,IN,57.6,5.0,660.0,664.0,2.0,78.1,14.0,Joint App,6,High Risk,Manual Review
143790705,30000.0, 60 months,27.27,E,E5,4 years,MORTGAGE,134133.0,Verified,debt_consolidation,AL,31.56,1.0,685.0,689.0,1.0,76.9,38.0,Individual,6,High Risk,Manual Review
144475737,13000.0, 36 months,23.4,E,E1,4 years,RENT,30000.0,Verified,other,CA,60.24,0.0,685.0,689.0,0.0,93.2,12.0,Joint App,6,High Risk,Manual Review
144358544,13900.0, 36 months,27.27,E,E5,3 years,MORTGAGE,50000.0,Source Verified,home_improvement,NC,31.11,0.0,710.0,714.0,2.0,44.7,25.0,Individual,5,High Risk,Manual Review
144382247,9400.0, 36 months,26.31,E,E4,1 year,RENT,46000.0,Verified,other,MA,31.62,0.0,685.0,689.0,1.0,58.1,17.0,Individual,5,High Risk,Manual Review
143119465,11200.0, 36 months,23.4,E,E1,10+ years,RENT,43000.0,Not Verified,home_improvement,HI,30.39,0.0,660.0,664.0,0.0,95.2,18.0,Individual,6,High Risk,Manual Review
144438989,10000.0, 36 months,23.4,E,E1,2 years,RENT,33000.0,Verified,debt_consolidation,FL,38.04,0.0,710.0,714.0,0.0,57.5,13.0,Individual,5,High Risk,Manual Review
144523507,30000.0, 36 months,25.34,E,E3,1 year,MORTGAGE,65000.0,Verified,debt_consolidation,KY,25.26,1.0,670.0,674.0,0.0,99.0,42.0,Joint App,5,High Risk,Manual Review
144309525,18050.0, 60 months,27.27,E,E5,,RENT,26400.0,Not Verified,debt_consolidation,IL,30.14,1.0,705.0,709.0,1.0,18.3,29.0,Individual,6,High Risk,Manual Review
144507368,3600.0, 36 months,27.27,E,E5,3 years,RENT,22800.0,Verified,credit_card,CA,51.26,0.0,710.0,714.0,1.0,57.4,17.0,Joint App,5,High Risk,Manual Review
144494698,30000.0, 60 months,27.27,E,E5,2 years,MORTGAGE,75000.0,Not Verified,debt_consolidation,TX,30.06,0.0,665.0,669.0,0.0,95.6,24.0,Joint App,6,High Risk,Manual Review
144244539,30000.0, 60 months,27.27,E,E5,1 year,RENT,110000.0,Verified,credit_card,FL,39.65,0.0,695.0,699.0,0.0,74.5,35.0,Individual,5,High Risk,Manual Review
144433376,30000.0, 60 months,23.4,E,E1,10+ years,MORTGAGE,100000.0,Verified,credit_card,MI,31.23,0.0,685.0,689.0,0.0,77.5,34.0,Individual,5,High Risk,Manual Review
144498480,24000.0, 60 months,26.31,E,E4,< 1 year,MORTGAGE,154000.0,Verified,debt_consolidation,VA,10.81,1.0,685.0,689.0,1.0,95.9,17.0,Joint App,5,High Risk,Manual Review
144314332,32000.0, 60 months,25.34,E,E3,1 year,MORTGAGE,65000.0,Verified,debt_consolidation,WI,49.56,0.0,750.0,754.0,1.0,55.7,33.0,Joint App,5,High Risk,Manual Review
144407912,7000.0, 36 months,23.4,E,E1,10+ years,RENT,40000.0,Not Verified,other,NC,38.58,0.0,690.0,694.0,0.0,61.1,32.0,Individual,5,High Risk,Manual Review
144188093,32225.0, 36 months,23.4,E,E1,,MORTGAGE,28000.0,Verified,debt_consolidation,FL,32.88,0.0,705.0,709.0,0.0,27.3,19.0,Joint App,5,High Risk,Manual Review
144028523,10000.0, 36 months,23.4,E,E1,4 years,RENT,83000.0,Verified,other,PA,33.89,0.0,665.0,669.0,2.0,63.0,19.0,Individual,5,High Risk,Manual Review
144379197,30000.0, 36 months,18.94,D,D2,10+ years,MORTGAGE,98000.0,Verified,credit_card,CO,39.64,1.0,670.0,674.0,0.0,83.2,29.0,Individual,5,High Risk,Manual Review
144484816,15150.0, 60 months,26.31,E,E4,10+ years,MORTGAGE,111800.0,Not Verified,debt_consolidation,CO,38.86,0.0,715.0,719.0,0.0,96.4,22.0,Individual,6,High Risk,Manual Review
144491118,15000.0, 60 months,26.31,E,E4,10+ years,RENT,30000.0,Not Verified,debt_consolidation,CA,31.34,0.0,685.0,689.0,0.0,52.6,39.0,Individual,5,High Risk,Manual Review
144044314,10000.0, 60 months,25.34,E,E3,10+ years,RENT,30000.0,Source Verified,credit_card,IL,39.32,0.0,670.0,674.0,0.0,39.2,21.0,Individual,5,High Risk,Manual Review
144437505,19800.0, 60 months,26.31,E,E4,5 years,MORTGAGE,67620.0,Source Verified,debt_consolidation,TX,36.65,0.0,700.0,704.0,1.0,43.3,24.0,Individual,5,High Risk,Manual Review
144285846,20000.0, 60 months,25.34,E,E3,2 years,MORTGAGE,36000.0,Verified,debt_consolidation,NC,33.53,0.0,680.0,684.0,0.0,34.8,31.0,Individual,5,High Risk,Manual Review
144475693,10000.0, 36 months,25.34,E,E3,10+ years,MORTGAGE,60000.0,Not Verified,debt_consolidation,IL,31.86,0.0,690.0,694.0,0.0,91.8,18.0,Joint App,6,High Risk,Manual Review
143426622,15000.0, 36 months,24.37,E,E2,10+ years,MORTGAGE,25000.0,Source Verified,credit_card,OR,34.71,0.0,685.0,689.0,0.0,86.3,9.0,Joint App,6,High Risk,Manual Review
144295535,3575.0, 36 months,27.27,E,E5,< 1 year,MORTGAGE,30000.0,Source Verified,debt_consolidation,OH,34.6,0.0,730.0,734.0,0.0,11.9,15.0,Individual,5,High Risk,Manual Review
143827982,12550.0, 36 months,23.4,E,E1,10+ years,MORTGAGE,55000.0,Source Verified,debt_consolidation,FL,35.7,0.0,700.0,704.0,1.0,97.7,20.0,Individual,6,High Risk,Manual Review
144474225,4000.0, 36 months,23.4,E,E1,< 1 year,MORTGAGE,150000.0,Verified,debt_consolidation,IL,15.52,1.0,675.0,679.0,0.0,93.3,31.0,Individual,5,High Risk,Manual Review
144073269,30000.0, 36 months,23.4,E,E1,1 year,MORTGAGE,35000.0,Source Verified,debt_consolidation,MI,33.81,0.0,660.0,664.0,3.0,56.6,31.0,Joint App,5,High Risk,Manual Review
144421663,16000.0, 36 months,23.4,E,E1,7 years,RENT,2600.0,Not Verified,credit_card,NV,372.22,0.0,715.0,719.0,0.0,32.1,14.0,Joint App,5,High Risk,Manual Review
144352975,18000.0, 36 months,23.4,E,E1,10+ years,OWN,44000.0,Not Verified,debt_consolidation,SC,36.5,0.0,660.0,664.0,0.0,64.1,13.0,Joint App,5,High Risk,Manual Review
144267134,23900.0, 36 months,23.4,E,E1,< 1 year,MORTGAGE,35471.0,Verified,debt_consolidation,AL,83.99,0.0,705.0,709.0,0.0,99.4,15.0,Joint App,6,High Risk,Manual Review
144334424,6000.0, 36 months,26.31,E,E4,10+ years,RENT,40000.0,Source Verified,debt_consolidation,OR,32.34,0.0,675.0,679.0,0.0,74.8,24.0,Individual,5,High Risk,Manual Review
144468271,12000.0, 36 months,23.4,E,E1,3 years,RENT,120000.0,Not Verified,debt_consolidation,CA,18.72,1.0,665.0,669.0,0.0,86.5,20.0,Individual,5,High Risk,Manual Review
144373279,25000.0, 36 months,26.31,E,E4,10+ years,MORTGAGE,105000.0,Verified,debt_consolidation,CA,33.5,0.0,680.0,684.0,0.0,61.1,23.0,Individual,5,High Risk,Manual Review
144135705,15000.0, 36 months,23.4,E,E1,,MORTGAGE,49578.0,Verified,debt_consolidation,ME,37.09,0.0,710.0,714.0,0.0,88.2,19.0,Individual,6,High Risk,Manual Review
143648528,40000.0, 36 months,23.4,E,E1,5 years,MORTGAGE,100000.0,Verified,other,MI,38.04,1.0,700.0,704.0,0.0,87.9,34.0,Joint App,7,High Risk,Manual Review
144352075,18325.0, 36 months,23.4,E,E1,5 years,MORTGAGE,55000.0,Verified,debt_consolidation,CT,30.33,0.0,705.0,709.0,0.0,53.2,23.0,Individual,5,High Risk,Manual Review
143875550,22725.0, 36 months,23.4,E,E1,,MORTGAGE,50952.0,Not Verified,debt_consolidation,CA,38.29,0.0,710.0,714.0,0.0,83.5,16.0,Individual,6,High Risk,Manual Review
144433934,12000.0, 36 months,23.4,E,E1,1 year,MORTGAGE,87013.0,Source Verified,moving,SC,39.57,0.0,700.0,704.0,0.0,59.3,28.0,Individual,5,High Risk,Manual Review
144278627,19000.0, 60 months,27.27,E,E5,10+ years,RENT,52000.0,Source Verified,debt_consolidation,MS,36.03,0.0,685.0,689.0,0.0,65.0,18.0,Individual,5,High Risk,Manual Review
144423612,25000.0, 36 months,24.37,E,E2,2 years,MORTGAGE,100000.0,Not Verified,credit_card,MI,31.37,0.0,700.0,704.0,0.0,74.8,47.0,Individual,5,High Risk,Manual Review
144385599,17000.0, 36 months,27.27,E,E5,2 years,MORTGAGE,52000.0,Not Verified,debt_consolidation,LA,41.1,1.0,695.0,699.0,1.0,70.3,39.0,Joint App,6,High Risk,Manual Review
144407384,10000.0, 36 months,24.37,E,E2,10+ years,OWN,44000.0,Not Verified,debt_consolidation,GA,33.09,0.0,670.0,674.0,0.0,50.1,17.0,Individual,5,High Risk,Manual Review
144374746,10000.0, 36 months,27.27,E,E5,,MORTGAGE,95000.0,Not Verified,debt_consolidation,FL,32.06,0.0,730.0,734.0,3.0,12.1,28.0,Individual,5,High Risk,Manual Review
144409238,20000.0, 60 months,26.31,E,E4,7 years,RENT,57000.0,Not Verified,debt_consolidation,NJ,39.35,1.0,700.0,704.0,0.0,47.2,37.0,Individual,6,High Risk,Manual Review
144388715,10000.0, 36 months,24.37,E,E2,10+ years,MORTGAGE,200000.0,Not Verified,home_improvement,FL,31.38,0.0,675.0,679.0,0.0,71.8,37.0,Individual,5,High Risk,Manual Review
144282400,10525.0, 60 months,27.27,E,E5,10+ years,MORTGAGE,50000.0,Verified,debt_consolidation,VA,44.46,0.0,680.0,684.0,1.0,51.3,12.0,Joint App,5,High Risk,Manual Review
144307446,7200.0, 36 months,18.94,D,D2,< 1 year,MORTGAGE,36000.0,Verified,debt_consolidation,AZ,39.13,1.0,665.0,669.0,1.0,99.6,16.0,Joint App,5,High Risk,Manual Review
144396171,16000.0, 60 months,26.31,E,E4,10+ years,RENT,62000.0,Source Verified,credit_card,VA,39.41,0.0,710.0,714.0,1.0,42.3,17.0,Individual,5,High Risk,Manual Review
144379083,24000.0, 36 months,23.4,E,E1,< 1 year,OWN,20000.0,Not Verified,credit_card,CA,68.97,0.0,675.0,679.0,0.0,62.3,14.0,Joint App,5,High Risk,Manual Review
143161378,28000.0, 60 months,27.27,E,E5,10+ years,RENT,28000.0,Not Verified,debt_consolidation,VT,56.19,0.0,695.0,699.0,0.0,48.0,18.0,Joint App,5,High Risk,Manual Review
144272035,17000.0, 36 months,23.4,E,E1,1 year,RENT,40000.0,Source Verified,debt_consolidation,MN,36.69,0.0,680.0,684.0,1.0,83.2,12.0,Joint App,6,High Risk,Manual Review
144043607,4000.0, 36 months,23.4,E,E1,3 years,RENT,87000.0,Not Verified,credit_card,CA,37.43,0.0,715.0,719.0,0.0,54.4,22.0,Individual,5,High Risk,Manual Review
144261780,25000.0, 36 months,25.34,E,E3,10+ years,MORTGAGE,69000.0,Verified,debt_consolidation,PA,37.62,0.0,665.0,669.0,1.0,78.5,46.0,Individual,5,High Risk,Manual Review
144016136,24675.0, 60 months,27.27,E,E5,4 years,MORTGAGE,55000.0,Source Verified,debt_consolidation,CA,31.16,0.0,685.0,689.0,0.0,19.5,21.0,Individual,5,High Risk,Manual Review
144042699,5000.0, 36 months,23.4,E,E1,,RENT,21372.0,Not Verified,credit_card,GA,37.68,0.0,665.0,669.0,0.0,67.9,15.0,Individual,5,High Risk,Manual Review
144320014,20000.0, 60 months,15.02,C,C3,,MORTGAGE,8000.0,Source Verified,debt_consolidation,AL,273.02,3.0,670.0,674.0,1.0,91.3,26.0,Joint App,5,High Risk,Manual Review
144301356,16000.0, 36 months,23.4,E,E1,3 years,MORTGAGE,144000.0,Source Verified,debt_consolidation,MO,43.0,1.0,670.0,674.0,0.0,85.2,28.0,Joint App,7,High Risk,Manual Review
143923654,14400.0, 36 months,23.4,E,E1,10+ years,RENT,57000.0,Source Verified,debt_consolidation,NE,38.65,1.0,710.0,714.0,0.0,34.2,26.0,Individual,6,High Risk,Manual Review
143884981,11000.0, 36 months,15.02,C,C3,6 years,RENT,52000.0,Not Verified,debt_consolidation,CA,32.15,1.0,670.0,674.0,0.0,81.3,24.0,Individual,5,High Risk,Manual Review
144297004,13200.0, 36 months,27.27,E,E5,4 years,MORTGAGE,20000.0,Verified,credit_card,NV,71.79,1.0,705.0,709.0,0.0,19.9,12.0,Joint App,6,High Risk,Manual Review
143976792,8000.0, 36 months,25.34,E,E3,10+ years,MORTGAGE,155000.0,Verified,credit_card,PA,33.04,1.0,665.0,669.0,0.0,69.6,43.0,Individual,6,High Risk,Manual Review
143837915,20000.0, 60 months,25.34,E,E3,10+ years,MORTGAGE,85000.0,Verified,debt_consolidation,CA,30.66,2.0,660.0,664.0,0.0,93.5,34.0,Joint App,7,High Risk,Manual Review
144359665,10000.0, 36 months,16.14,C,C4,10+ years,MORTGAGE,145148.0,Source Verified,debt_consolidation,DC,34.68,1.0,675.0,679.0,0.0,87.7,37.0,Individual,5,High Risk,Manual Review
144257375,30000.0, 60 months,27.27,E,E5,,MORTGAGE,72000.0,Verified,debt_consolidation,MA,32.65,0.0,680.0,684.0,0.0,91.1,24.0,Individual,6,High Risk,Manual Review
143875976,25000.0, 60 months,16.91,C,C5,10+ years,MORTGAGE,51000.0,Verified,debt_consolidation,IN,36.21,2.0,675.0,679.0,0.0,85.7,20.0,Joint App,5,High Risk,Manual Review
144103604,23375.0, 36 months,23.4,E,E1,10+ years,MORTGAGE,36000.0,Verified,debt_consolidation,MD,65.5,0.0,705.0,709.0,1.0,23.9,34.0,Joint App,5,High Risk,Manual Review
143456472,21200.0, 60 months,27.27,E,E5,3 years,RENT,41000.0,Not Verified,debt_consolidation,NV,31.79,0.0,745.0,749.0,1.0,9.8,25.0,Individual,5,High Risk,Manual Review
144052865,35000.0, 36 months,23.4,E,E1,,MORTGAGE,40100.0,Source Verified,debt_consolidation,VA,55.76,0.0,695.0,699.0,0.0,54.0,26.0,Joint App,5,High Risk,Manual Review
144307507,10000.0, 36 months,15.02,C,C3,1 year,RENT,60000.0,Not Verified,debt_consolidation,FL,31.23,1.0,660.0,664.0,0.0,89.2,17.0,Individual,5,High Risk,Manual Review
144319410,15000.0, 36 months,23.4,E,E1,3 years,MORTGAGE,80000.0,Not Verified,debt_consolidation,WV,38.82,0.0,665.0,669.0,1.0,78.0,38.0,Joint App,5,High Risk,Manual Review
144216104,5500.0, 36 months,27.27,E,E5,8 years,MORTGAGE,44000.0,Verified,other,SC,58.48,0.0,700.0,704.0,1.0,48.1,28.0,Joint App,5,High Risk,Manual Review
140236826,19175.0, 36 months,23.4,E,E1,3 years,MORTGAGE,137000.0,Not Verified,debt_consolidation,FL,31.25,0.0,670.0,674.0,0.0,26.4,68.0,Individual,5,High Risk,Manual Review
143954778,20000.0, 60 months,25.34,E,E3,1 year,RENT,40000.0,Source Verified,debt_consolidation,WY,42.36,0.0,660.0,664.0,0.0,86.2,15.0,Joint App,6,High Risk,Manual Review
143575167,25000.0, 36 months,24.37,E,E2,2 years,MORTGAGE,65000.0,Verified,debt_consolidation,VA,37.68,1.0,665.0,669.0,1.0,88.9,13.0,Individual,7,High Risk,Manual Review
144309204,15000.0, 36 months,25.34,E,E3,,MORTGAGE,85000.0,Verified,debt_consolidation,CA,32.05,0.0,695.0,699.0,1.0,48.0,25.0,Individual,5,High Risk,Manual Review
144200777,1000.0, 36 months,23.4,E,E1,,RENT,50000.0,Not Verified,other,NJ,34.2,2.0,660.0,664.0,0.0,86.8,20.0,Individual,7,High Risk,Manual Review
144080979,19200.0, 36 months,25.34,E,E3,3 years,RENT,37500.0,Verified,credit_card,CA,36.83,0.0,720.0,724.0,0.0,55.0,12.0,Individual,5,High Risk,Manual Review
143911973,12600.0, 36 months,23.4,E,E1,,MORTGAGE,36000.0,Verified,credit_card,MA,35.63,1.0,660.0,664.0,0.0,68.8,23.0,Individual,6,High Risk,Manual Review
143947666,15500.0, 60 months,25.34,E,E3,1 year,RENT,32000.0,Source Verified,debt_consolidation,KS,31.73,0.0,675.0,679.0,0.0,67.4,19.0,Individual,5,High Risk,Manual Review
144295766,2700.0, 36 months,24.37,E,E2,,MORTGAGE,72750.0,Not Verified,debt_consolidation,FL,33.85,0.0,715.0,719.0,2.0,4.0,40.0,Individual,5,High Risk,Manual Review
144306209,24000.0, 60 months,27.27,E,E5,8 years,MORTGAGE,95000.0,Not Verified,debt_consolidation,TN,32.2,0.0,715.0,719.0,0.0,52.6,25.0,Joint App,5,High Risk,Manual Review
144271844,15000.0, 60 months,25.34,E,E3,3 years,MORTGAGE,50000.0,Not Verified,credit_card,IN,33.61,1.0,690.0,694.0,0.0,30.9,22.0,Joint App,6,High Risk,Manual Review
144196460,11900.0, 36 months,23.4,E,E1,10+ years,OWN,87420.0,Verified,debt_consolidation,NY,54.25,0.0,705.0,709.0,0.0,76.1,53.0,Joint App,5,High Risk,Manual Review
143565843,3500.0, 36 months,23.4,E,E1,,RENT,22844.4,Verified,credit_card,FL,38.31,1.0,680.0,684.0,1.0,64.8,18.0,Individual,6,High Risk,Manual Review
144255565,2400.0, 36 months,23.4,E,E1,10+ years,MORTGAGE,56000.0,Not Verified,other,OH,33.15,0.0,715.0,719.0,0.0,26.6,49.0,Individual,5,High Risk,Manual Review
144285079,30000.0, 60 months,27.27,E,E5,1 year,RENT,140000.0,Source Verified,debt_consolidation,AZ,32.51,0.0,665.0,669.0,0.0,94.9,50.0,Individual,6,High Risk,Manual Review
142185029,23575.0, 60 months,27.27,E,E5,1 year,RENT,47000.0,Verified,debt_consolidation,FL,36.62,0.0,720.0,724.0,1.0,36.9,26.0,Joint App,5,High Risk,Manual Review
143214615,17350.0, 36 months,27.27,E,E5,5 years,MORTGAGE,30000.0,Not Verified,home_improvement,MO,106.92,0.0,680.0,684.0,0.0,95.7,19.0,Joint App,6,High Risk,Manual Review
144273502,25000.0, 60 months,27.27,E,E5,8 years,MORTGAGE,65000.0,Source Verified,debt_consolidation,NC,39.38,0.0,705.0,709.0,0.0,57.8,24.0,Individual,5,High Risk,Manual Review
144267231,7800.0, 36 months,23.4,E,E1,< 1 year,RENT,35000.0,Source Verified,debt_consolidation,NY,30.42,0.0,675.0,679.0,0.0,96.8,18.0,Individual,6,High Risk,Manual Review
144208763,10000.0, 60 months,25.34,E,E3,6 years,MORTGAGE,46000.0,Source Verified,debt_consolidation,CO,39.08,0.0,675.0,679.0,0.0,96.6,9.0,Joint App,6,High Risk,Manual Review
143157427,27325.0, 60 months,26.31,E,E4,10+ years,OWN,46000.0,Verified,debt_consolidation,NJ,31.65,0.0,705.0,709.0,0.0,39.4,16.0,Individual,5,High Risk,Manual Review
143958756,20000.0, 60 months,25.34,E,E3,5 years,MORTGAGE,95000.0,Source Verified,credit_card,GA,35.02,0.0,705.0,709.0,0.0,42.9,30.0,Individual,5,High Risk,Manual Review
144283187,35000.0, 60 months,17.97,D,D1,10+ years,MORTGAGE,100000.0,Not Verified,debt_consolidation,NJ,48.48,1.0,665.0,669.0,0.0,92.4,22.0,Joint App,5,High Risk,Manual Review
143992808,10000.0, 60 months,25.34,E,E3,,MORTGAGE,32800.0,Verified,debt_consolidation,PA,54.41,0.0,670.0,674.0,0.0,35.4,17.0,Joint App,5,High Risk,Manual Review
144199647,2400.0, 36 months,23.4,E,E1,6 years,OWN,64992.0,Source Verified,debt_consolidation,TX,39.07,0.0,685.0,689.0,1.0,18.9,53.0,Individual,5,High Risk,Manual Review
144269462,15000.0, 60 months,27.27,E,E5,< 1 year,MORTGAGE,130000.0,Not Verified,home_improvement,VA,37.48,1.0,680.0,684.0,0.0,75.0,43.0,Individual,6,High Risk,Manual Review
143564127,10000.0, 36 months,23.4,E,E1,4 years,MORTGAGE,77000.0,Source Verified,debt_consolidation,IN,33.65,0.0,665.0,669.0,1.0,67.5,26.0,Individual,5,High Risk,Manual Review
144272416,17875.0, 36 months,23.4,E,E1,8 years,MORTGAGE,198000.0,Source Verified,credit_card,NC,30.21,0.0,680.0,684.0,2.0,70.2,23.0,Individual,5,High Risk,Manual Review
144261153,8000.0, 36 months,26.31,E,E4,10+ years,RENT,42000.0,Not Verified,other,FL,32.03,0.0,680.0,684.0,0.0,50.5,21.0,Individual,5,High Risk,Manual Review
143678692,12450.0, 36 months,23.4,E,E1,10+ years,MORTGAGE,55000.0,Source Verified,debt_consolidation,NY,30.24,0.0,720.0,724.0,1.0,48.4,34.0,Individual,5,High Risk,Manual Review
144137804,10000.0, 36 months,25.34,E,E3,3 years,MORTGAGE,40000.0,Source Verified,car,GA,31.05,0.0,675.0,679.0,1.0,67.2,22.0,Individual,5,High Risk,Manual Review
144266806,17000.0, 60 months,27.27,E,E5,3 years,RENT,180000.0,Not Verified,debt_consolidation,GA,32.97,1.0,675.0,679.0,0.0,98.4,54.0,Individual,7,High Risk,Manual Review
144263424,16000.0, 36 months,15.02,C,C3,5 years,MORTGAGE,105854.0,Not Verified,debt_consolidation,MI,36.55,2.0,695.0,699.0,1.0,98.2,26.0,Individual,5,High Risk,Manual Review
144220096,2500.0, 36 months,23.4,E,E1,2 years,RENT,45760.0,Not Verified,credit_card,NC,39.23,0.0,710.0,714.0,0.0,91.4,26.0,Individual,6,High Risk,Manual Review
143997237,1500.0, 36 months,25.34,E,E3,10+ years,OWN,42000.0,Verified,vacation,NV,36.77,0.0,675.0,679.0,0.0,36.8,18.0,Individual,5,High Risk,Manual Review
144164158,2000.0, 36 months,26.31,E,E4,3 years,MORTGAGE,150000.0,Not Verified,other,MD,15.67,2.0,675.0,679.0,0.0,95.2,36.0,Individual,5,High Risk,Manual Review
142530308,18000.0, 36 months,23.4,E,E1,6 years,MORTGAGE,49000.0,Source Verified,debt_consolidation,GA,37.08,0.0,675.0,679.0,0.0,45.1,14.0,Individual,5,High Risk,Manual Review
143042027,25000.0, 60 months,30.75,F,F5,10+ years,RENT,98115.0,Not Verified,debt_consolidation,GA,34.22,0.0,690.0,694.0,0.0,77.9,23.0,Individual,5,High Risk,Manual Review
144020059,20000.0, 60 months,25.34,E,E3,10+ years,MORTGAGE,63000.0,Source Verified,credit_card,AR,30.82,1.0,675.0,679.0,1.0,41.2,13.0,Individual,6,High Risk,Manual Review
143212555,14500.0, 36 months,28.72,F,F1,10+ years,MORTGAGE,68000.0,Verified,debt_consolidation,SC,49.4,0.0,675.0,679.0,1.0,93.8,14.0,Joint App,6,High Risk,Manual Review
143975186,27500.0, 60 months,27.27,E,E5,,RENT,76000.0,Verified,other,CA,36.03,0.0,665.0,669.0,0.0,71.0,27.0,Individual,5,High Risk,Manual Review
144203610,20000.0, 36 months,23.4,E,E1,10+ years,MORTGAGE,67000.0,Not Verified,debt_consolidation,GA,35.77,0.0,660.0,664.0,1.0,23.8,24.0,Joint App,5,High Risk,Manual Review
143544550,25000.0, 60 months,27.27,E,E5,3 years,MORTGAGE,32000.0,Source Verified,debt_consolidation,CA,31.62,0.0,660.0,664.0,0.0,93.1,8.0,Joint App,6,High Risk,Manual Review
144245813,40000.0, 36 months,26.31,E,E4,4 years,RENT,58000.0,Not Verified,debt_consolidation,TX,46.45,1.0,705.0,709.0,0.0,83.2,18.0,Joint App,7,High Risk,Manual Review
144253255,20000.0, 60 months,27.27,E,E5,8 years,MORTGAGE,65000.0,Not Verified,debt_consolidation,IN,30.54,0.0,695.0,699.0,0.0,63.6,33.0,Individual,5,High Risk,Manual Review
143987637,15175.0, 60 months,27.27,E,E5,,RENT,21000.0,Not Verified,debt_consolidation,NE,30.29,1.0,660.0,664.0,0.0,49.6,6.0,Individual,6,High Risk,Manual Review
144227044,7300.0, 36 months,24.37,E,E2,4 years,MORTGAGE,55000.0,Not Verified,debt_consolidation,GA,32.15,0.0,675.0,679.0,0.0,35.1,39.0,Individual,5,High Risk,Manual Review
144224233,36000.0, 36 months,23.4,E,E1,10+ years,MORTGAGE,101000.0,Source Verified,debt_consolidation,GA,33.19,0.0,695.0,699.0,0.0,80.4,14.0,Joint App,6,High Risk,Manual Review
144249465,20000.0, 36 months,23.4,E,E1,4 years,RENT,53000.0,Source Verified,debt_consolidation,CA,31.3,0.0,665.0,669.0,0.0,56.8,37.0,Individual,5,High Risk,Manual Review
144254317,5000.0, 36 months,18.94,D,D2,10+ years,RENT,68000.0,Source Verified,debt_consolidation,FL,35.58,16.0,660.0,664.0,0.0,80.9,42.0,Individual,5,High Risk,Manual Review
144061610,35000.0, 60 months,27.27,E,E5,1 year,MORTGAGE,30000.0,Not Verified,debt_consolidation,CT,54.28,0.0,740.0,744.0,0.0,37.8,46.0,Joint App,5,High Risk,Manual Review
144208026,20000.0, 36 months,23.4,E,E1,10+ years,RENT,140000.0,Source Verified,debt_consolidation,VA,14.38,4.0,660.0,664.0,0.0,84.5,49.0,Individual,5,High Risk,Manual Review
144223059,10000.0, 60 months,24.37,E,E2,2 years,RENT,33760.0,Source Verified,debt_consolidation,VA,37.54,0.0,715.0,719.0,1.0,25.6,14.0,Individual,5,High Risk,Manual Review
143677129,31150.0, 60 months,26.31,E,E4,4 years,MORTGAGE,73000.0,Verified,debt_consolidation,CT,49.45,0.0,715.0,719.0,0.0,52.8,44.0,Joint App,5,High Risk,Manual Review
143962890,6000.0, 36 months,24.37,E,E2,10+ years,RENT,63000.0,Source Verified,credit_card,MI,39.77,0.0,665.0,669.0,0.0,73.8,51.0,Individual,5,High Risk,Manual Review
144224615,8600.0, 36 months,23.4,E,E1,3 years,RENT,34000.0,Source Verified,debt_consolidation,FL,35.23,0.0,685.0,689.0,0.0,55.2,8.0,Individual,5,High Risk,Manual Review
143888615,10000.0, 36 months,23.4,E,E1,,RENT,22080.0,Verified,credit_card,CA,34.46,0.0,660.0,664.0,1.0,57.1,21.0,Individual,5,High Risk,Manual Review
143661972,17500.0, 36 months,23.4,E,E1,10+ years,MORTGAGE,124000.0,Source Verified,debt_consolidation,FL,33.8,0.0,770.0,774.0,1.0,43.3,21.0,Individual,5,High Risk,Manual Review
143903328,20000.0, 60 months,25.34,E,E3,8 years,MORTGAGE,45000.0,Verified,debt_consolidation,AL,35.39,0.0,705.0,709.0,0.0,48.0,21.0,Individual,5,High Risk,Manual Review
144179393,7225.0, 36 months,17.97,D,D1,,MORTGAGE,22400.0,Source Verified,debt_consolidation,MA,32.45,1.0,675.0,679.0,0.0,91.9,13.0,Joint App,5,High Risk,Manual Review
143716774,20000.0, 60 months,27.27,E,E5,1 year,MORTGAGE,36000.0,Verified,debt_consolidation,NM,33.93,1.0,705.0,709.0,0.0,27.6,37.0,Individual,6,High Risk,Manual Review
143680151,26675.0, 36 months,24.37,E,E2,,MORTGAGE,14400.0,Verified,debt_consolidation,AL,41.33,0.0,740.0,744.0,0.0,74.5,10.0,Joint App,5,High Risk,Manual Review
144018257,27000.0, 60 months,25.34,E,E3,10+ years,MORTGAGE,75000.0,Source Verified,credit_card,NY,32.1,1.0,665.0,669.0,2.0,46.2,38.0,Individual,6,High Risk,Manual Review
144208021,2000.0, 36 months,25.34,E,E3,6 years,OWN,42000.0,Not Verified,other,TX,35.89,0.0,735.0,739.0,2.0,10.3,33.0,Individual,5,High Risk,Manual Review
143862663,10000.0, 36 months,23.4,E,E1,10+ years,OWN,225000.0,Not Verified,debt_consolidation,NY,14.56,1.0,670.0,674.0,0.0,91.8,24.0,Individual,5,High Risk,Manual Review
143680473,20000.0, 60 months,25.34,E,E3,4 years,OWN,40500.0,Verified,debt_consolidation,PA,40.41,1.0,700.0,704.0,1.0,21.2,25.0,Joint App,6,High Risk,Manual Review
144177649,28000.0, 36 months,25.34,E,E3,8 years,MORTGAGE,110000.0,Source Verified,debt_consolidation,OH,34.19,0.0,675.0,679.0,1.0,85.0,24.0,Individual,6,High Risk,Manual Review
143775427,10500.0, 60 months,27.27,E,E5,6 years,RENT,26000.0,Source Verified,debt_consolidation,AL,33.7,0.0,670.0,674.0,0.0,43.0,31.0,Individual,5,High Risk,Manual Review
144208617,14000.0, 60 months,25.34,E,E3,,RENT,48000.0,Verified,debt_consolidation,GA,39.78,0.0,685.0,689.0,0.0,34.2,21.0,Individual,5,High Risk,Manual Review
144028420,1000.0, 36 months,28.72,F,F1,10+ years,MORTGAGE,55000.0,Verified,other,CO,33.52,0.0,705.0,709.0,0.0,69.0,19.0,Individual,5,High Risk,Manual Review
143917574,15000.0, 60 months,27.27,E,E5,2 years,RENT,51000.0,Source Verified,debt_consolidation,WA,36.64,0.0,665.0,669.0,0.0,58.7,29.0,Individual,5,High Risk,Manual Review
144049532,15000.0, 36 months,20.89,D,D4,10+ years,RENT,60000.0,Source Verified,credit_card,NJ,31.24,1.0,675.0,679.0,0.0,85.4,13.0,Joint App,5,High Risk,Manual Review
143917180,10000.0, 60 months,26.31,E,E4,,OWN,9000.0,Verified,debt_consolidation,FL,86.52,0.0,700.0,704.0,0.0,53.1,21.0,Joint App,5,High Risk,Manual Review
144153106,10000.0, 36 months,25.34,E,E3,5 years,MORTGAGE,300000.0,Not Verified,debt_consolidation,NY,8.81,1.0,685.0,689.0,1.0,96.3,26.0,Individual,5,High Risk,Manual Review
144047803,35000.0, 60 months,25.34,E,E3,2 years,MORTGAGE,12000.0,Verified,debt_consolidation,TX,170.71,0.0,690.0,694.0,1.0,68.5,15.0,Joint App,5,High Risk,Manual Review
143873470,13675.0, 36 months,24.37,E,E2,8 years,MORTGAGE,64500.0,Source Verified,debt_consolidation,VT,34.77,0.0,715.0,719.0,1.0,81.4,20.0,Individual,6,High Risk,Manual Review
143919286,14000.0, 36 months,25.34,E,E3,2 years,RENT,30000.0,Verified,debt_consolidation,CA,66.28,0.0,710.0,714.0,0.0,60.7,17.0,Joint App,5,High Risk,Manual Review
144152544,18425.0, 36 months,23.4,E,E1,< 1 year,RENT,70000.0,Source Verified,debt_consolidation,GA,35.47,0.0,685.0,689.0,0.0,48.0,23.0,Individual,5,High Risk,Manual Review
144194815,30000.0, 60 months,27.27,E,E5,10+ years,MORTGAGE,171200.0,Not Verified,debt_consolidation,NC,30.7,0.0,705.0,709.0,0.0,72.0,51.0,Individual,5,High Risk,Manual Review
144174917,15000.0, 60 months,27.27,E,E5,8 years,RENT,60000.0,Source Verified,debt_consolidation,MN,38.36,1.0,685.0,689.0,1.0,81.5,15.0,Individual,7,High Risk,Manual Review
144130938,13600.0, 60 months,26.31,E,E4,5 years,RENT,37111.0,Not Verified,debt_consolidation,MD,38.42,0.0,715.0,719.0,0.0,58.7,8.0,Individual,5,High Risk,Manual Review
143518637,35000.0, 36 months,25.34,E,E3,10+ years,MORTGAGE,31600.0,Verified,debt_consolidation,LA,72.05,0.0,695.0,699.0,0.0,63.2,29.0,Joint App,5,High Risk,Manual Review
142919746,15000.0, 36 months,23.4,E,E1,2 years,RENT,62400.0,Verified,other,OH,32.63,0.0,705.0,709.0,3.0,76.0,20.0,Individual,5,High Risk,Manual Review
144186914,8000.0, 36 months,23.4,E,E1,,OWN,26000.0,Not Verified,debt_consolidation,OK,34.86,0.0,690.0,694.0,0.0,55.8,22.0,Individual,5,High Risk,Manual Review
144180881,15000.0, 36 months,19.92,D,D3,10+ years,MORTGAGE,82000.0,Source Verified,debt_consolidation,LA,35.96,2.0,665.0,669.0,1.0,86.9,26.0,Individual,5,High Risk,Manual Review
143999177,20000.0, 60 months,27.27,E,E5,5 years,RENT,42000.0,Source Verified,debt_consolidation,CA,38.46,0.0,745.0,749.0,0.0,13.8,15.0,Individual,5,High Risk,Manual Review
144168440,5500.0, 36 months,25.34,E,E3,2 years,MORTGAGE,56000.0,Not Verified,major_purchase,FL,31.29,0.0,710.0,714.0,3.0,55.6,15.0,Joint App,5,High Risk,Manual Review
142921493,8000.0, 36 months,27.27,E,E5,,RENT,20000.0,Verified,debt_consolidation,CA,50.18,0.0,665.0,669.0,1.0,39.3,25.0,Joint App,5,High Risk,Manual Review
143091830,24025.0, 60 months,26.31,E,E4,3 years,RENT,41000.0,Source Verified,other,SD,31.76,0.0,730.0,734.0,1.0,86.6,7.0,Individual,6,High Risk,Manual Review
143961973,22700.0, 60 months,27.27,E,E5,5 years,MORTGAGE,32000.0,Verified,credit_card,VA,42.57,0.0,675.0,679.0,0.0,92.3,12.0,Joint App,6,High Risk,Manual Review
143295713,20000.0, 36 months,25.34,E,E3,< 1 year,MORTGAGE,12000.0,Not Verified,debt_consolidation,MD,38.0,0.0,675.0,679.0,0.0,78.3,10.0,Joint App,5,High Risk,Manual Review
144093653,21325.0, 60 months,25.34,E,E3,10+ years,MORTGAGE,14000.0,Verified,debt_consolidation,MS,91.25,0.0,700.0,704.0,0.0,96.5,19.0,Joint App,6,High Risk,Manual Review
144034902,10000.0, 60 months,26.31,E,E4,,OWN,57000.0,Not Verified,debt_consolidation,TN,33.14,0.0,670.0,674.0,0.0,62.2,27.0,Individual,5,High Risk,Manual Review
144149074,1500.0, 36 months,23.4,E,E1,10+ years,MORTGAGE,36000.0,Verified,other,SC,50.73,0.0,685.0,689.0,0.0,85.4,18.0,Joint App,6,High Risk,Manual Review
143877261,15000.0, 36 months,24.37,E,E2,9 years,MORTGAGE,70271.0,Verified,credit_card,IN,36.53,1.0,660.0,664.0,0.0,78.7,24.0,Joint App,6,High Risk,Manual Review
144015772,2600.0, 36 months,23.4,E,E1,,RENT,32000.0,Verified,debt_consolidation,VA,36.46,0.0,715.0,719.0,0.0,37.1,31.0,Individual,5,High Risk,Manual Review
144138860,25000.0, 36 months,23.4,E,E1,10+ years,RENT,130000.0,Not Verified,debt_consolidation,CA,35.14,0.0,715.0,719.0,0.0,70.9,24.0,Individual,5,High Risk,Manual Review
143854230,5000.0, 36 months,23.4,E,E1,,MORTGAGE,12000.0,Not Verified,debt_consolidation,KS,112.8,0.0,670.0,674.0,0.0,75.0,20.0,Joint App,5,High Risk,Manual Review
143484392,25000.0, 60 months,19.92,D,D3,5 years,MORTGAGE,100000.0,Verified,debt_consolidation,CA,38.35,1.0,675.0,679.0,0.0,97.4,12.0,Joint App,5,High Risk,Manual Review
143814924,31500.0, 36 months,26.31,E,E4,,MORTGAGE,25000.0,Verified,debt_consolidation,WI,59.29,0.0,660.0,664.0,0.0,24.9,16.0,Joint App,5,High Risk,Manual Review
143909882,35000.0, 60 months,23.4,E,E1,< 1 year,MORTGAGE,45000.0,Source Verified,debt_consolidation,NY,37.95,0.0,670.0,674.0,0.0,37.3,30.0,Joint App,5,High Risk,Manual Review
143311620,29050.0, 60 months,30.75,F,F5,,MORTGAGE,78000.0,Verified,debt_consolidation,WI,22.98,1.0,660.0,664.0,0.0,90.0,21.0,Individual,5,High Risk,Manual Review
144055624,12000.0, 36 months,23.4,E,E1,9 years,OWN,30000.0,Verified,debt_consolidation,FL,35.2,0.0,715.0,719.0,0.0,22.1,33.0,Individual,5,High Risk,Manual Review
143921635,10000.0, 36 months,27.27,E,E5,10+ years,MORTGAGE,149000.0,Verified,debt_consolidation,MN,39.77,0.0,675.0,679.0,0.0,91.4,35.0,Individual,6,High Risk,Manual Review
144133187,16000.0, 60 months,27.27,E,E5,10+ years,MORTGAGE,108395.0,Verified,moving,NC,30.53,0.0,665.0,669.0,3.0,53.1,78.0,Individual,5,High Risk,Manual Review
143457373,32000.0, 60 months,26.31,E,E4,10+ years,MORTGAGE,80000.0,Source Verified,debt_consolidation,AZ,48.39,0.0,670.0,674.0,1.0,76.6,38.0,Joint App,5,High Risk,Manual Review
144134429,10000.0, 60 months,25.34,E,E3,< 1 year,MORTGAGE,1000.0,Not Verified,debt_consolidation,VA,999.0,0.0,735.0,739.0,0.0,65.0,19.0,Joint App,5,High Risk,Manual Review
143953860,20200.0, 60 months,24.37,E,E2,5 years,OWN,49000.0,Verified,debt_consolidation,MO,38.23,0.0,705.0,709.0,0.0,59.4,20.0,Individual,5,High Risk,Manual Review
144034729,20000.0, 60 months,25.34,E,E3,7 years,MORTGAGE,104000.0,Not Verified,debt_consolidation,OH,31.25,0.0,690.0,694.0,1.0,78.2,28.0,Individual,5,High Risk,Manual Review
143982225,20000.0, 60 months,24.37,E,E2,,OWN,35000.0,Not Verified,debt_consolidation,FL,38.2,0.0,690.0,694.0,0.0,57.1,14.0,Individual,5,High Risk,Manual Review
144129458,4000.0, 36 months,24.37,E,E2,1 year,RENT,45000.0,Source Verified,debt_consolidation,CO,33.71,0.0,660.0,664.0,0.0,73.0,24.0,Individual,5,High Risk,Manual Review
143867081,1000.0, 36 months,23.4,E,E1,10+ years,RENT,65000.0,Not Verified,vacation,TX,23.8,2.0,660.0,664.0,0.0,84.5,32.0,Individual,5,High Risk,Manual Review
144105328,20000.0, 60 months,23.4,E,E1,< 1 year,RENT,45000.0,Verified,credit_card,NJ,30.67,0.0,660.0,664.0,0.0,103.0,34.0,Individual,6,High Risk,Manual Review
144072561,30000.0, 60 months,26.31,E,E4,6 years,RENT,138000.0,Source Verified,other,PA,33.03,0.0,680.0,684.0,0.0,79.1,48.0,Individual,5,High Risk,Manual Review
143956077,10000.0, 60 months,25.34,E,E3,1 year,RENT,33972.0,Verified,major_purchase,MI,34.23,0.0,765.0,769.0,1.0,14.0,25.0,Individual,5,High Risk,Manual Review
142655728,29725.0, 36 months,23.4,E,E1,10+ years,RENT,70000.0,Verified,debt_consolidation,CA,40.91,0.0,740.0,744.0,1.0,80.3,25.0,Joint App,6,High Risk,Manual Review
144134317,12000.0, 60 months,27.27,E,E5,6 years,MORTGAGE,63000.0,Source Verified,credit_card,OH,34.38,0.0,660.0,664.0,0.0,66.1,25.0,Individual,5,High Risk,Manual Review
143916790,5000.0, 36 months,23.4,E,E1,10+ years,MORTGAGE,85000.0,Source Verified,other,VA,32.25,0.0,660.0,664.0,1.0,76.0,19.0,Joint App,5,High Risk,Manual Review
144048996,14850.0, 60 months,26.31,E,E4,10+ years,MORTGAGE,85000.0,Verified,debt_consolidation,MD,34.56,0.0,675.0,679.0,2.0,41.8,28.0,Individual,5,High Risk,Manual Review
143901566,8700.0, 36 months,23.4,E,E1,1 year,OWN,45000.0,Source Verified,car,AL,31.31,0.0,725.0,729.0,0.0,50.7,12.0,Individual,5,High Risk,Manual Review
143634365,8000.0, 36 months,23.4,E,E1,< 1 year,RENT,62000.0,Not Verified,debt_consolidation,HI,37.03,1.0,670.0,674.0,0.0,63.4,11.0,Individual,6,High Risk,Manual Review
144133143,19875.0, 60 months,25.34,E,E3,5 years,MORTGAGE,115000.0,Not Verified,credit_card,TX,34.9,1.0,690.0,694.0,0.0,57.1,27.0,Individual,6,High Risk,Manual Review
144117112,20000.0, 60 months,25.34,E,E3,10+ years,RENT,93000.0,Verified,debt_consolidation,NY,32.52,0.0,685.0,689.0,0.0,90.0,52.0,Individual,6,High Risk,Manual Review
144120793,7225.0, 36 months,17.97,D,D1,10+ years,MORTGAGE,58783.0,Source Verified,debt_consolidation,MA,31.75,1.0,700.0,704.0,0.0,98.2,14.0,Individual,5,High Risk,Manual Review
143982464,8000.0, 36 months,23.4,E,E1,2 years,MORTGAGE,80000.0,Not Verified,debt_consolidation,CA,30.41,2.0,695.0,699.0,1.0,80.7,35.0,Individual,7,High Risk,Manual Review
143877649,15000.0, 60 months,25.34,E,E3,7 years,MORTGAGE,52000.0,Source Verified,debt_consolidation,MN,30.42,0.0,670.0,674.0,1.0,62.7,35.0,Individual,5,High Risk,Manual Review
143857120,15000.0, 60 months,27.27,E,E5,10+ years,MORTGAGE,98000.0,Source Verified,debt_consolidation,KS,37.8,0.0,680.0,684.0,0.0,82.7,38.0,Individual,6,High Risk,Manual Review
144078463,40000.0, 60 months,23.4,E,E1,10+ years,MORTGAGE,60000.0,Not Verified,debt_consolidation,TN,41.29,0.0,705.0,709.0,0.0,49.7,29.0,Joint App,5,High Risk,Manual Review
144073384,20100.0, 36 months,19.92,D,D3,10+ years,MORTGAGE,44720.0,Verified,home_improvement,HI,37.25,1.0,665.0,669.0,0.0,96.0,15.0,Individual,5,High Risk,Manual Review
144054098,16525.0, 36 months,23.4,E,E1,6 years,MORTGAGE,97500.0,Source Verified,credit_card,MA,39.14,0.0,665.0,669.0,0.0,68.3,47.0,Individual,5,High Risk,Manual Review
143213986,20000.0, 36 months,25.34,E,E3,10+ years,MORTGAGE,101000.0,Not Verified,debt_consolidation,TN,39.76,0.0,685.0,689.0,1.0,40.8,49.0,Joint App,5,High Risk,Manual Review
143781808,25000.0, 36 months,23.4,E,E1,1 year,RENT,88000.0,Source Verified,debt_consolidation,TX,13.27,1.0,670.0,674.0,0.0,81.7,19.0,Individual,5,High Risk,Manual Review
144043737,4000.0, 36 months,18.94,D,D2,10+ years,MORTGAGE,50000.0,Source Verified,other,AZ,34.57,1.0,680.0,684.0,1.0,83.2,32.0,Individual,5,High Risk,Manual Review
144040908,5500.0, 36 months,23.4,E,E1,< 1 year,RENT,40539.0,Not Verified,credit_card,MO,30.11,0.0,725.0,729.0,2.0,22.5,15.0,Individual,5,High Risk,Manual Review
144065322,1000.0, 36 months,24.37,E,E2,10+ years,MORTGAGE,85000.0,Source Verified,debt_consolidation,KY,34.55,0.0,700.0,704.0,0.0,85.7,21.0,Individual,6,High Risk,Manual Review
144041619,4700.0, 36 months,16.91,C,C5,1 year,MORTGAGE,55000.0,Source Verified,credit_card,TX,37.73,1.0,695.0,699.0,0.0,85.5,22.0,Individual,5,High Risk,Manual Review
144020055,5000.0, 36 months,23.4,E,E1,10+ years,RENT,35000.0,Source Verified,debt_consolidation,PA,39.16,0.0,705.0,709.0,1.0,81.0,13.0,Individual,6,High Risk,Manual Review
142950931,12500.0, 60 months,24.37,E,E2,10+ years,MORTGAGE,32000.0,Verified,credit_card,IN,65.19,0.0,665.0,669.0,0.0,42.9,22.0,Joint App,5,High Risk,Manual Review
143395840,10000.0, 60 months,27.27,E,E5,,RENT,18468.0,Not Verified,debt_consolidation,CA,32.36,0.0,720.0,724.0,0.0,82.6,8.0,Individual,6,High Risk,Manual Review
143914098,20000.0, 60 months,22.35,D,D5,2 years,MORTGAGE,15000.0,Verified,debt_consolidation,WY,61.44,2.0,660.0,664.0,0.0,96.7,15.0,Joint App,5,High Risk,Manual Review
143112555,11000.0, 60 months,27.27,E,E5,9 years,MORTGAGE,52000.0,Verified,debt_consolidation,OR,36.97,0.0,665.0,669.0,0.0,42.4,28.0,Joint App,5,High Risk,Manual Review
143729155,4600.0, 36 months,25.34,E,E3,< 1 year,RENT,38800.0,Not Verified,home_improvement,AL,37.92,0.0,725.0,729.0,0.0,15.5,10.0,Individual,5,High Risk,Manual Review
143968043,10000.0, 36 months,24.37,E,E2,7 years,OWN,45000.0,Not Verified,major_purchase,AL,38.69,0.0,715.0,719.0,1.0,75.1,21.0,Joint App,5,High Risk,Manual Review
143866594,15000.0, 36 months,23.4,E,E1,10+ years,MORTGAGE,95000.0,Source Verified,other,NJ,30.14,0.0,700.0,704.0,1.0,42.5,27.0,Individual,5,High Risk,Manual Review
143976229,20000.0, 60 months,27.27,E,E5,10+ years,MORTGAGE,46000.0,Not Verified,debt_consolidation,TN,48.29,1.0,720.0,724.0,1.0,0.0,12.0,Joint App,6,High Risk,Manual Review
143880801,19200.0, 60 months,27.27,E,E5,10+ years,MORTGAGE,80000.0,Verified,debt_consolidation,UT,46.61,0.0,690.0,694.0,1.0,5.3,47.0,Joint App,5,High Risk,Manual Review
143912479,8000.0, 36 months,23.4,E,E1,10+ years,MORTGAGE,35000.0,Verified,debt_consolidation,ID,41.87,1.0,665.0,669.0,0.0,57.8,38.0,Joint App,6,High Risk,Manual Review
143937459,3000.0, 36 months,23.4,E,E1,< 1 year,RENT,45000.0,Verified,major_purchase,TX,46.35,0.0,670.0,674.0,1.0,66.8,27.0,Joint App,5,High Risk,Manual Review
143869051,2700.0, 36 months,23.4,E,E1,,RENT,20000.0,Not Verified,debt_consolidation,MI,34.63,0.0,670.0,674.0,1.0,30.6,13.0,Individual,5,High Risk,Manual Review
143610644,4000.0, 36 months,25.34,E,E3,,RENT,15000.0,Source Verified,other,AZ,31.92,0.0,720.0,724.0,0.0,47.0,19.0,Individual,5,High Risk,Manual Review
143924080,8000.0, 36 months,24.37,E,E2,1 year,RENT,30000.0,Verified,home_improvement,MN,46.76,0.0,730.0,734.0,0.0,39.6,16.0,Joint App,5,High Risk,Manual Review
143716470,20000.0, 60 months,19.92,D,D3,2 years,RENT,68500.0,Source Verified,credit_card,TX,36.65,2.0,660.0,664.0,0.0,91.6,28.0,Individual,5,High Risk,Manual Review
143888961,3925.0, 36 months,20.89,D,D4,,OWN,17400.0,Verified,home_improvement,MI,37.66,9.0,670.0,674.0,3.0,86.0,26.0,Individual,5,High Risk,Manual Review
143890039,9800.0, 36 months,27.27,E,E5,10+ years,MORTGAGE,52000.0,Verified,debt_consolidation,OH,30.09,0.0,690.0,694.0,2.0,38.6,27.0,Individual,5,High Risk,Manual Review
143283769,14000.0, 36 months,24.37,E,E2,10+ years,MORTGAGE,37600.0,Not Verified,major_purchase,NV,32.65,0.0,675.0,679.0,0.0,48.5,8.0,Joint App,5,High Risk,Manual Review
143052036,4000.0, 36 months,23.4,E,E1,< 1 year,RENT,4800.0,Not Verified,moving,CA,57.25,0.0,700.0,704.0,0.0,29.7,16.0,Joint App,5,High Risk,Manual Review
142700644,21100.0, 36 months,23.4,E,E1,10+ years,MORTGAGE,65000.0,Verified,debt_consolidation,PA,39.29,0.0,700.0,704.0,1.0,81.5,31.0,Joint App,6,High Risk,Manual Review
143956469,1000.0, 36 months,23.4,E,E1,4 years,RENT,48000.0,Source Verified,vacation,CA,31.4,0.0,690.0,694.0,0.0,38.3,16.0,Individual,5,High Risk,Manual Review
143941671,25000.0, 60 months,27.27,E,E5,10+ years,MORTGAGE,37232.0,Verified,debt_consolidation,OH,33.46,1.0,685.0,689.0,0.0,53.9,27.0,Joint App,6,High Risk,Manual Review
143878524,12000.0, 60 months,27.27,E,E5,1 year,RENT,26400.0,Verified,debt_consolidation,CA,48.82,1.0,665.0,669.0,0.0,45.1,15.0,Joint App,6,High Risk,Manual Review
143066070,30000.0, 60 months,27.27,E,E5,10+ years,RENT,77000.0,Source Verified,debt_consolidation,CA,36.44,0.0,675.0,679.0,0.0,82.5,29.0,Individual,6,High Risk,Manual Review
143607898,10250.0, 60 months,23.4,E,E1,5 years,OWN,100000.0,Source Verified,debt_consolidation,IL,32.59,1.0,750.0,754.0,1.0,27.6,23.0,Individual,6,High Risk,Manual Review
142786079,1000.0, 36 months,23.4,E,E1,,RENT,34000.0,Not Verified,debt_consolidation,NY,30.07,0.0,670.0,674.0,1.0,52.9,19.0,Individual,5,High Risk,Manual Review
143393809,35000.0, 36 months,26.31,E,E4,10+ years,MORTGAGE,104000.0,Verified,debt_consolidation,MO,44.9,1.0,685.0,689.0,0.0,62.9,42.0,Joint App,6,High Risk,Manual Review
143071577,21150.0, 60 months,28.72,F,F1,1 year,RENT,47000.0,Verified,debt_consolidation,NM,34.96,0.0,680.0,684.0,0.0,95.0,30.0,Individual,6,High Risk,Manual Review
142764564,22500.0, 60 months,23.4,E,E1,1 year,MORTGAGE,50000.0,Verified,debt_consolidation,NY,35.41,1.0,680.0,684.0,2.0,47.0,35.0,Individual,6,High Risk,Manual Review
143223088,15000.0, 36 months,24.37,E,E2,,RENT,30000.0,Verified,debt_consolidation,MO,44.6,0.0,660.0,664.0,1.0,78.9,21.0,Joint App,5,High Risk,Manual Review
143942876,32275.0, 60 months,26.31,E,E4,10+ years,RENT,110000.0,Verified,debt_consolidation,GA,32.82,0.0,670.0,674.0,0.0,80.0,32.0,Individual,5,High Risk,Manual Review
143955819,3000.0, 36 months,26.31,E,E4,5 years,MORTGAGE,46000.0,Source Verified,major_purchase,FL,35.95,0.0,700.0,704.0,3.0,21.6,37.0,Individual,5,High Risk,Manual Review
143856526,12950.0, 60 months,27.27,E,E5,10+ years,MORTGAGE,84000.0,Not Verified,debt_consolidation,TX,35.84,0.0,735.0,739.0,0.0,38.8,28.0,Individual,5,High Risk,Manual Review
143303068,4000.0, 36 months,25.34,E,E3,1 year,MORTGAGE,55000.0,Not Verified,home_improvement,IN,25.77,2.0,680.0,684.0,0.0,89.8,33.0,Joint App,5,High Risk,Manual Review
143906388,10000.0, 36 months,26.31,E,E4,4 years,OWN,23000.0,Not Verified,debt_consolidation,FL,31.05,0.0,705.0,709.0,0.0,27.6,27.0,Individual,5,High Risk,Manual Review
143716049,10000.0, 60 months,23.4,E,E1,10+ years,MORTGAGE,33000.0,Verified,debt_consolidation,NC,36.99,0.0,660.0,664.0,0.0,80.9,19.0,Individual,6,High Risk,Manual Review
143973262,9200.0, 36 months,23.4,E,E1,10+ years,MORTGAGE,50000.0,Source Verified,credit_card,UT,7.73,1.0,660.0,664.0,0.0,86.2,14.0,Individual,5,High Risk,Manual Review
143841026,10000.0, 60 months,18.94,D,D2,1 year,MORTGAGE,45000.0,Verified,debt_consolidation,PA,31.97,1.0,660.0,664.0,0.0,85.0,24.0,Individual,5,High Risk,Manual Review
143954989,5000.0, 36 months,24.37,E,E2,10+ years,OWN,70250.0,Source Verified,medical,FL,39.12,0.0,720.0,724.0,1.0,69.0,28.0,Individual,5,High Risk,Manual Review
143189002,22000.0, 36 months,23.4,E,E1,10+ years,OWN,55000.0,Not Verified,debt_consolidation,MI,32.86,0.0,725.0,729.0,0.0,96.4,21.0,Individual,6,High Risk,Manual Review
143295517,1000.0, 36 months,23.4,E,E1,10+ years,RENT,70000.0,Source Verified,other,MD,34.84,0.0,690.0,694.0,0.0,85.7,22.0,Individual,6,High Risk,Manual Review
143926553,33250.0, 36 months,26.31,E,E4,6 years,MORTGAGE,30000.0,Verified,debt_consolidation,GA,56.08,0.0,710.0,714.0,0.0,73.3,17.0,Joint App,5,High Risk,Manual Review
143043125,1000.0, 36 months,23.4,E,E1,,RENT,30096.0,Verified,other,FL,34.85,0.0,730.0,734.0,0.0,33.2,25.0,Individual,5,High Risk,Manual Review
142831404,15000.0, 36 months,24.37,E,E2,,MORTGAGE,3600.0,Verified,home_improvement,AL,272.0,0.0,670.0,674.0,1.0,55.0,18.0,Joint App,5,High Risk,Manual Review
143204628,12000.0, 60 months,28.72,F,F1,10+ years,MORTGAGE,40000.0,Verified,home_improvement,VA,70.95,1.0,670.0,674.0,0.0,63.8,23.0,Joint App,6,High Risk,Manual Review
143414861,24000.0, 60 months,27.27,E,E5,1 year,MORTGAGE,39600.0,Source Verified,debt_consolidation,ID,46.42,0.0,690.0,694.0,1.0,65.8,15.0,Joint App,5,High Risk,Manual Review
143163965,4000.0, 36 months,23.4,E,E1,1 year,RENT,16800.0,Source Verified,debt_consolidation,OR,35.71,1.0,715.0,719.0,0.0,27.6,15.0,Individual,6,High Risk,Manual Review
143911643,25000.0, 36 months,25.34,E,E3,,RENT,47500.0,Verified,credit_card,TN,33.96,0.0,700.0,704.0,0.0,78.7,25.0,Individual,5,High Risk,Manual Review
142961189,14600.0, 36 months,27.27,E,E5,1 year,RENT,38000.0,Source Verified,debt_consolidation,CA,38.82,0.0,715.0,719.0,1.0,51.4,30.0,Joint App,5,High Risk,Manual Review
143224229,2400.0, 36 months,26.31,E,E4,6 years,MORTGAGE,62000.0,Source Verified,home_improvement,AL,36.31,0.0,660.0,664.0,2.0,45.9,42.0,Joint App,5,High Risk,Manual Review
143831019,10000.0, 36 months,23.4,E,E1,10+ years,RENT,44000.0,Source Verified,debt_consolidation,NE,37.94,1.0,670.0,674.0,0.0,48.5,23.0,Individual,6,High Risk,Manual Review
143872296,8000.0, 36 months,17.97,D,D1,10+ years,MORTGAGE,42000.0,Not Verified,debt_consolidation,KY,30.66,2.0,665.0,669.0,0.0,85.1,16.0,Individual,5,High Risk,Manual Review
143573080,30000.0, 36 months,27.27,E,E5,3 years,RENT,36090.0,Verified,debt_consolidation,MA,43.37,0.0,715.0,719.0,0.0,40.3,27.0,Joint App,5,High Risk,Manual Review
143683036,20000.0, 60 months,27.27,E,E5,< 1 year,OWN,110000.0,Source Verified,small_business,KY,9.45,2.0,670.0,674.0,0.0,88.3,27.0,Individual,5,High Risk,Manual Review
143663687,3000.0, 36 months,23.4,E,E1,,RENT,10968.0,Verified,debt_consolidation,TN,33.26,0.0,670.0,674.0,1.0,47.6,16.0,Individual,5,High Risk,Manual Review
143793478,8625.0, 36 months,25.34,E,E3,,RENT,8000.0,Verified,debt_consolidation,CA,40.69,0.0,670.0,674.0,1.0,61.4,11.0,Joint App,5,High Risk,Manual Review
143776047,25000.0, 60 months,27.27,E,E5,10+ years,MORTGAGE,41000.0,Not Verified,medical,AZ,57.61,0.0,690.0,694.0,0.0,62.4,20.0,Joint App,5,High Risk,Manual Review
143509727,8050.0, 36 months,23.4,E,E1,10+ years,MORTGAGE,188000.0,Source Verified,debt_consolidation,OR,31.5,0.0,700.0,704.0,1.0,63.8,32.0,Individual,5,High Risk,Manual Review
143633770,8950.0, 36 months,23.4,E,E1,,MORTGAGE,82000.0,Verified,debt_consolidation,AZ,35.34,0.0,735.0,739.0,0.0,19.6,25.0,Individual,5,High Risk,Manual Review
143887889,1200.0, 36 months,23.4,E,E1,5 years,RENT,66000.0,Source Verified,debt_consolidation,MN,35.27,1.0,685.0,689.0,0.0,45.5,33.0,Individual,6,High Risk,Manual Review
143679372,10000.0, 36 months,23.4,E,E1,10+ years,MORTGAGE,60000.0,Source Verified,debt_consolidation,PA,20.24,1.0,665.0,669.0,1.0,81.3,19.0,Individual,5,High Risk,Manual Review
141821237,15000.0, 60 months,27.27,E,E5,6 years,OWN,28000.0,Verified,credit_card,NC,34.16,0.0,670.0,674.0,0.0,64.6,14.0,Joint App,5,High Risk,Manual Review
143883836,18000.0, 60 months,27.27,E,E5,2 years,MORTGAGE,68500.0,Source Verified,credit_card,AR,35.1,0.0,690.0,694.0,2.0,19.4,41.0,Individual,5,High Risk,Manual Review
143905971,15600.0, 60 months,25.34,E,E3,,MORTGAGE,54816.0,Not Verified,debt_consolidation,MD,37.92,0.0,725.0,729.0,1.0,33.5,19.0,Individual,5,High Risk,Manual Review
143757509,21900.0, 36 months,23.4,E,E1,8 years,RENT,55000.0,Not Verified,debt_consolidation,TX,35.02,0.0,705.0,709.0,0.0,43.4,26.0,Individual,5,High Risk,Manual Review
143897723,25000.0, 60 months,19.92,D,D3,5 years,MORTGAGE,158000.0,Source Verified,debt_consolidation,MD,37.21,1.0,710.0,714.0,0.0,87.6,24.0,Individual,5,High Risk,Manual Review
143897084,18000.0, 60 months,27.27,E,E5,4 years,RENT,44000.0,Verified,debt_consolidation,MA,32.65,0.0,700.0,704.0,1.0,23.9,33.0,Individual,5,High Risk,Manual Review
143880810,10000.0, 36 months,23.4,E,E1,1 year,RENT,80000.0,Not Verified,debt_consolidation,CA,38.9,0.0,700.0,704.0,0.0,78.7,27.0,Individual,5,High Risk,Manual Review
143582474,20975.0, 36 months,25.34,E,E3,10+ years,MORTGAGE,57000.0,Verified,other,IL,36.59,0.0,705.0,709.0,0.0,66.6,23.0,Individual,5,High Risk,Manual Review
143157559,5000.0, 36 months,24.37,E,E2,4 years,OWN,31000.0,Verified,home_improvement,VA,39.21,0.0,680.0,684.0,1.0,66.7,11.0,Individual,5,High Risk,Manual Review
142991661,10000.0, 36 months,23.4,E,E1,< 1 year,MORTGAGE,3000.0,Verified,debt_consolidation,NY,179.65,0.0,665.0,669.0,0.0,59.0,8.0,Joint App,5,High Risk,Manual Review
142369441,15000.0, 36 months,24.37,E,E2,1 year,MORTGAGE,63000.0,Verified,debt_consolidation,TX,35.6,0.0,695.0,699.0,0.0,51.0,24.0,Individual,5,High Risk,Manual Review
143599386,2000.0, 36 months,25.34,E,E3,8 years,MORTGAGE,56000.0,Source Verified,other,TX,37.59,0.0,675.0,679.0,0.0,66.0,27.0,Joint App,5,High Risk,Manual Review
143873788,3625.0, 36 months,23.4,E,E1,3 years,MORTGAGE,120000.0,Not Verified,other,GA,33.65,1.0,670.0,674.0,1.0,85.1,20.0,Joint App,7,High Risk,Manual Review
143886473,1600.0, 36 months,23.4,E,E1,4 years,MORTGAGE,45000.0,Not Verified,home_improvement,OH,25.01,2.0,680.0,684.0,0.0,95.4,23.0,Individual,5,High Risk,Manual Review
143716352,2750.0, 36 months,23.4,E,E1,,RENT,9240.0,Verified,debt_consolidation,SD,33.12,0.0,700.0,704.0,0.0,83.0,10.0,Individual,6,High Risk,Manual Review
143881594,1000.0, 36 months,23.4,E,E1,10+ years,OWN,30000.0,Not Verified,other,SC,36.4,0.0,700.0,704.0,0.0,71.1,19.0,Individual,5,High Risk,Manual Review
143715800,8000.0, 36 months,23.4,E,E1,,OWN,11808.0,Not Verified,debt_consolidation,TX,38.52,0.0,715.0,719.0,0.0,73.0,6.0,Individual,5,High Risk,Manual Review
143873338,20000.0, 36 months,24.37,E,E2,10+ years,RENT,70000.0,Source Verified,debt_consolidation,FL,38.06,0.0,695.0,699.0,1.0,62.4,29.0,Individual,5,High Risk,Manual Review
143469471,10000.0, 36 months,27.27,E,E5,10+ years,MORTGAGE,64000.0,Verified,house,FL,33.69,9.0,680.0,684.0,2.0,45.8,41.0,Individual,6,High Risk,Manual Review
143729924,9000.0, 36 months,23.4,E,E1,< 1 year,MORTGAGE,180000.0,Not Verified,home_improvement,GA,30.43,1.0,660.0,664.0,0.0,65.6,31.0,Individual,6,High Risk,Manual Review
143588187,15000.0, 36 months,23.4,E,E1,10+ years,MORTGAGE,91147.0,Verified,debt_consolidation,NJ,32.8,0.0,670.0,674.0,0.0,53.3,47.0,Individual,5,High Risk,Manual Review
143511907,22000.0, 60 months,27.27,E,E5,,RENT,32100.0,Verified,credit_card,IN,92.56,0.0,695.0,699.0,0.0,51.8,25.0,Joint App,5,High Risk,Manual Review
143716866,30000.0, 60 months,26.31,E,E4,5 years,MORTGAGE,59000.0,Not Verified,debt_consolidation,IL,30.55,0.0,700.0,704.0,1.0,46.7,20.0,Individual,5,High Risk,Manual Review
143734751,2500.0, 36 months,23.4,E,E1,1 year,MORTGAGE,167760.0,Not Verified,medical,TX,13.51,2.0,665.0,669.0,0.0,98.1,36.0,Individual,5,High Risk,Manual Review
143393600,24400.0, 36 months,24.37,E,E2,10+ years,MORTGAGE,125000.0,Verified,credit_card,MD,29.03,1.0,680.0,684.0,0.0,92.9,48.0,Individual,5,High Risk,Manual Review
143835629,30000.0, 60 months,24.37,E,E2,2 years,MORTGAGE,96000.0,Verified,debt_consolidation,GA,31.66,0.0,685.0,689.0,0.0,47.1,28.0,Individual,5,High Risk,Manual Review
143509630,4000.0, 36 months,23.4,E,E1,10+ years,RENT,26000.0,Verified,debt_consolidation,OH,35.41,0.0,690.0,694.0,0.0,34.8,22.0,Individual,5,High Risk,Manual Review
143078826,15000.0, 36 months,23.4,E,E1,10+ years,OWN,30000.0,Verified,renewable_energy,FL,37.87,0.0,665.0,669.0,0.0,69.8,15.0,Individual,5,High Risk,Manual Review
143852449,25000.0, 36 months,23.4,E,E1,5 years,MORTGAGE,60000.0,Not Verified,debt_consolidation,NY,62.12,0.0,680.0,684.0,1.0,54.5,44.0,Joint App,5,High Risk,Manual Review
143853408,10000.0, 60 months,23.4,E,E1,,MORTGAGE,95000.0,Not Verified,debt_consolidation,MD,36.7,0.0,700.0,704.0,0.0,74.7,30.0,Individual,5,High Risk,Manual Review
143251846,11500.0, 60 months,23.4,E,E1,3 years,RENT,62000.0,Source Verified,credit_card,CA,31.63,0.0,690.0,694.0,0.0,37.5,19.0,Individual,5,High Risk,Manual Review
143600173,5000.0, 36 months,27.27,E,E5,3 years,MORTGAGE,72000.0,Verified,credit_card,ID,30.62,0.0,720.0,724.0,2.0,0.0,11.0,Individual,5,High Risk,Manual Review
143861291,21000.0, 60 months,27.27,E,E5,7 years,RENT,47000.0,Source Verified,credit_card,GA,35.8,0.0,745.0,749.0,0.0,42.0,11.0,Individual,5,High Risk,Manual Review
143842515,24000.0, 36 months,23.4,E,E1,3 years,MORTGAGE,24856.0,Verified,debt_consolidation,CA,42.3,0.0,670.0,674.0,0.0,63.2,23.0,Joint App,5,High Risk,Manual Review
143837944,10000.0, 60 months,25.34,E,E3,4 years,MORTGAGE,42000.0,Source Verified,credit_card,IL,35.06,0.0,710.0,714.0,0.0,52.7,33.0,Individual,5,High Risk,Manual Review
143617709,20700.0, 36 months,23.4,E,E1,7 years,OWN,170000.0,Source Verified,debt_consolidation,IL,34.09,0.0,675.0,679.0,0.0,82.3,33.0,Individual,6,High Risk,Manual Review
143860120,21050.0, 36 months,23.4,E,E1,10+ years,MORTGAGE,83000.0,Not Verified,debt_consolidation,IL,30.84,0.0,710.0,714.0,0.0,85.0,29.0,Individual,6,High Risk,Manual Review
142891967,35000.0, 60 months,27.27,E,E5,10+ years,MORTGAGE,49000.0,Verified,debt_consolidation,PA,35.19,0.0,680.0,684.0,3.0,30.5,19.0,Joint App,5,High Risk,Manual Review
143642159,5000.0, 36 months,25.34,E,E3,,OWN,47800.0,Not Verified,medical,OH,39.37,0.0,675.0,679.0,0.0,83.9,17.0,Individual,6,High Risk,Manual Review
143848280,16800.0, 60 months,27.27,E,E5,10+ years,MORTGAGE,49900.0,Source Verified,other,IL,39.15,0.0,715.0,719.0,0.0,65.2,41.0,Individual,5,High Risk,Manual Review
143842037,3000.0, 36 months,16.14,C,C4,5 years,MORTGAGE,60000.0,Not Verified,medical,SC,33.64,1.0,680.0,684.0,0.0,82.4,16.0,Joint App,5,High Risk,Manual Review
143111207,25000.0, 60 months,25.34,E,E3,10+ years,MORTGAGE,50000.0,Verified,debt_consolidation,SD,53.29,0.0,705.0,709.0,0.0,68.4,35.0,Joint App,5,High Risk,Manual Review
143592700,30000.0, 60 months,26.31,E,E4,,MORTGAGE,82000.0,Source Verified,credit_card,FL,33.25,0.0,675.0,679.0,1.0,80.4,33.0,Individual,6,High Risk,Manual Review
143563899,17000.0, 36 months,23.4,E,E1,10+ years,MORTGAGE,36000.0,Verified,debt_consolidation,VA,39.23,0.0,660.0,664.0,0.0,95.6,18.0,Individual,6,High Risk,Manual Review
143635082,15000.0, 36 months,23.4,E,E1,10+ years,MORTGAGE,60000.0,Source Verified,debt_consolidation,AL,33.56,0.0,665.0,669.0,1.0,54.7,30.0,Individual,5,High Risk,Manual Review
143084821,12000.0, 60 months,27.27,E,E5,10+ years,MORTGAGE,110000.0,Not Verified,debt_consolidation,TX,37.75,0.0,700.0,704.0,1.0,76.6,31.0,Individual,5,High Risk,Manual Review
143755399,21200.0, 36 months,23.4,E,E1,9 years,RENT,52000.0,Source Verified,debt_consolidation,NY,36.88,0.0,720.0,724.0,0.0,74.5,17.0,Individual,5,High Risk,Manual Review
143835289,35000.0, 36 months,24.37,E,E2,< 1 year,MORTGAGE,52000.0,Source Verified,debt_consolidation,IN,40.5,1.0,665.0,669.0,0.0,63.7,35.0,Joint App,6,High Risk,Manual Review
143003982,7500.0, 36 months,23.4,E,E1,6 years,RENT,35000.0,Not Verified,debt_consolidation,AR,16.77,1.0,695.0,699.0,0.0,91.5,22.0,Individual,5,High Risk,Manual Review
143661712,10250.0, 60 months,24.37,E,E2,3 years,RENT,60000.0,Not Verified,debt_consolidation,TN,19.88,4.0,670.0,674.0,0.0,83.0,15.0,Individual,5,High Risk,Manual Review
143790528,22000.0, 36 months,23.4,E,E1,< 1 year,RENT,128000.0,Source Verified,credit_card,FL,12.45,1.0,660.0,664.0,0.0,90.0,22.0,Individual,5,High Risk,Manual Review
143792607,18000.0, 36 months,27.27,E,E5,6 years,MORTGAGE,85000.0,Source Verified,debt_consolidation,SC,33.64,0.0,715.0,719.0,0.0,45.5,52.0,Individual,5,High Risk,Manual Review
142830996,20000.0, 36 months,24.37,E,E2,10+ years,MORTGAGE,300000.0,Not Verified,home_improvement,AR,15.62,2.0,670.0,674.0,2.0,90.4,49.0,Individual,5,High Risk,Manual Review
142503085,1000.0, 36 months,23.4,E,E1,< 1 year,RENT,38000.0,Source Verified,other,NY,33.95,0.0,705.0,709.0,1.0,37.9,15.0,Individual,5,High Risk,Manual Review
143810232,13250.0, 60 months,27.27,E,E5,3 years,RENT,48000.0,Not Verified,major_purchase,MA,38.8,0.0,680.0,684.0,0.0,83.7,17.0,Individual,6,High Risk,Manual Review
143781677,5000.0, 36 months,23.4,E,E1,2 years,RENT,28000.0,Source Verified,other,CA,33.56,0.0,675.0,679.0,1.0,32.0,14.0,Individual,5,High Risk,Manual Review
143787336,1000.0, 36 months,24.37,E,E2,10+ years,RENT,75000.0,Not Verified,other,AZ,35.89,1.0,660.0,664.0,0.0,92.0,18.0,Individual,7,High Risk,Manual Review
143705801,24000.0, 60 months,27.27,E,E5,10+ years,RENT,70000.0,Source Verified,debt_consolidation,HI,19.89,1.0,665.0,669.0,0.0,95.9,15.0,Individual,5,High Risk,Manual Review
143773519,11425.0, 36 months,27.27,E,E5,5 years,RENT,178000.0,Source Verified,debt_consolidation,CA,37.34,0.0,710.0,714.0,1.0,83.9,39.0,Individual,6,High Risk,Manual Review
143250472,20000.0, 36 months,25.34,E,E3,< 1 year,MORTGAGE,100000.0,Not Verified,debt_consolidation,VA,33.75,0.0,690.0,694.0,0.0,65.5,25.0,Joint App,5,High Risk,Manual Review
143780673,20000.0, 60 months,25.34,E,E3,10+ years,OWN,36000.0,Source Verified,debt_consolidation,MI,33.16,0.0,660.0,664.0,0.0,19.2,26.0,Individual,5,High Risk,Manual Review
143738671,23000.0, 60 months,27.27,E,E5,< 1 year,RENT,55567.0,Source Verified,major_purchase,VA,37.21,0.0,685.0,689.0,1.0,74.1,27.0,Individual,5,High Risk,Manual Review
143772741,18000.0, 60 months,15.02,C,C3,7 years,MORTGAGE,135000.0,Not Verified,credit_card,TX,32.04,1.0,695.0,699.0,0.0,97.3,21.0,Individual,5,High Risk,Manual Review
143716370,18200.0, 60 months,23.4,E,E1,10+ years,MORTGAGE,52000.0,Not Verified,debt_consolidation,VA,32.04,0.0,725.0,729.0,0.0,80.2,27.0,Individual,6,High Risk,Manual Review
143775809,25000.0, 60 months,26.31,E,E4,6 years,RENT,90000.0,Not Verified,debt_consolidation,CA,30.07,0.0,665.0,669.0,0.0,77.4,11.0,Individual,5,High Risk,Manual Review
142973559,13650.0, 60 months,27.27,E,E5,8 years,MORTGAGE,60000.0,Verified,debt_consolidation,NJ,30.86,0.0,685.0,689.0,0.0,62.7,23.0,Individual,5,High Risk,Manual Review
143576062,20000.0, 36 months,25.34,E,E3,,RENT,20000.0,Verified,home_improvement,AZ,30.25,0.0,685.0,689.0,0.0,16.6,6.0,Joint App,5,High Risk,Manual Review
143085820,20000.0, 60 months,25.34,E,E3,8 years,MORTGAGE,84000.0,Not Verified,debt_consolidation,VA,31.57,0.0,705.0,709.0,0.0,57.0,27.0,Joint App,5,High Risk,Manual Review
143252653,20000.0, 60 months,26.31,E,E4,10+ years,MORTGAGE,74000.0,Verified,debt_consolidation,IL,36.96,0.0,710.0,714.0,0.0,86.3,35.0,Individual,6,High Risk,Manual Review
143711213,30000.0, 36 months,23.4,E,E1,10+ years,MORTGAGE,89000.0,Not Verified,debt_consolidation,TX,46.24,0.0,685.0,689.0,1.0,65.6,33.0,Joint App,5,High Risk,Manual Review
143506852,5000.0, 36 months,23.4,E,E1,4 years,MORTGAGE,86000.0,Verified,home_improvement,CA,34.13,0.0,690.0,694.0,0.0,90.3,17.0,Individual,6,High Risk,Manual Review
143709542,25500.0, 60 months,27.27,E,E5,6 years,MORTGAGE,87000.0,Source Verified,debt_consolidation,MI,33.16,0.0,660.0,664.0,2.0,73.4,34.0,Individual,5,High Risk,Manual Review
143690067,30000.0, 60 months,27.27,E,E5,10+ years,RENT,111000.0,Not Verified,debt_consolidation,CA,34.31,0.0,680.0,684.0,1.0,64.6,50.0,Individual,5,High Risk,Manual Review
143654247,3000.0, 36 months,23.4,E,E1,,RENT,21276.0,Verified,debt_consolidation,MO,32.94,0.0,680.0,684.0,1.0,85.3,31.0,Individual,6,High Risk,Manual Review
143646437,25000.0, 36 months,24.37,E,E2,10+ years,MORTGAGE,500000.0,Source Verified,debt_consolidation,CA,5.64,2.0,665.0,669.0,0.0,97.5,26.0,Individual,5,High Risk,Manual Review
141833388,3175.0, 36 months,27.27,E,E5,7 years,OWN,95000.0,Not Verified,debt_consolidation,CA,35.9,0.0,770.0,774.0,3.0,14.8,26.0,Individual,5,High Risk,Manual Review
143395871,18000.0, 60 months,25.34,E,E3,10+ years,RENT,62000.0,Verified,debt_consolidation,TX,37.8,1.0,700.0,704.0,2.0,52.0,43.0,Individual,6,High Risk,Manual Review
143272282,26650.0, 60 months,27.27,E,E5,10+ years,MORTGAGE,94000.0,Not Verified,debt_consolidation,VA,33.22,0.0,705.0,709.0,0.0,92.3,35.0,Individual,6,High Risk,Manual Review
143679791,10900.0, 36 months,25.34,E,E3,9 years,MORTGAGE,31155.0,Verified,debt_consolidation,WA,34.82,0.0,685.0,689.0,1.0,99.0,8.0,Individual,6,High Risk,Manual Review
143706216,33500.0, 36 months,23.4,E,E1,5 years,MORTGAGE,104000.0,Verified,credit_card,WI,34.06,0.0,665.0,669.0,1.0,72.8,96.0,Joint App,5,High Risk,Manual Review
143199707,28000.0, 36 months,23.4,E,E1,,MORTGAGE,40000.0,Verified,debt_consolidation,NJ,61.5,0.0,685.0,689.0,0.0,102.1,5.0,Joint App,6,High Risk,Manual Review
143674554,35000.0, 60 months,23.4,E,E1,10+ years,MORTGAGE,140500.0,Verified,debt_consolidation,MO,32.62,2.0,670.0,674.0,0.0,86.0,25.0,Individual,7,High Risk,Manual Review
143508592,15000.0, 36 months,23.4,E,E1,3 years,OWN,40000.0,Source Verified,debt_consolidation,AR,47.58,0.0,690.0,694.0,1.0,62.1,22.0,Joint App,5,High Risk,Manual Review
143674983,27000.0, 60 months,23.4,E,E1,5 years,RENT,48000.0,Not Verified,debt_consolidation,ID,30.28,0.0,695.0,699.0,0.0,14.6,35.0,Individual,5,High Risk,Manual Review
143639434,8000.0, 36 months,23.4,E,E1,10+ years,MORTGAGE,104000.0,Source Verified,debt_consolidation,CA,31.68,0.0,675.0,679.0,0.0,66.1,39.0,Individual,5,High Risk,Manual Review
143151043,12000.0, 36 months,27.27,E,E5,7 years,OWN,1500.0,Source Verified,other,IN,994.4,0.0,665.0,669.0,2.0,87.8,23.0,Joint App,6,High Risk,Manual Review
143663055,25000.0, 36 months,23.4,E,E1,2 years,OWN,120000.0,Not Verified,debt_consolidation,CO,38.41,0.0,700.0,704.0,0.0,85.6,24.0,Individual,6,High Risk,Manual Review
143687448,4500.0, 36 months,20.89,D,D4,< 1 year,MORTGAGE,45874.0,Verified,home_improvement,OH,42.33,1.0,660.0,664.0,0.0,83.6,51.0,Joint App,5,High Risk,Manual Review
143620217,40000.0, 60 months,25.34,E,E3,1 year,MORTGAGE,80000.0,Verified,credit_card,MI,41.91,0.0,680.0,684.0,0.0,62.7,28.0,Joint App,5,High Risk,Manual Review
143568883,25000.0, 36 months,15.02,C,C3,3 years,MORTGAGE,83000.0,Verified,debt_consolidation,PA,32.45,3.0,690.0,694.0,0.0,88.8,22.0,Individual,5,High Risk,Manual Review
143275793,11525.0, 60 months,27.27,E,E5,,MORTGAGE,36000.0,Not Verified,debt_consolidation,VA,37.6,0.0,705.0,709.0,0.0,37.3,25.0,Individual,5,High Risk,Manual Review
143183547,12000.0, 60 months,26.31,E,E4,10+ years,MORTGAGE,72000.0,Source Verified,debt_consolidation,MD,24.3,2.0,660.0,664.0,1.0,82.7,20.0,Individual,5,High Risk,Manual Review
143585574,25000.0, 36 months,24.37,E,E2,< 1 year,MORTGAGE,240000.0,Verified,other,FL,11.66,1.0,675.0,679.0,0.0,83.2,31.0,Individual,5,High Risk,Manual Review
143673501,10000.0, 36 months,23.4,E,E1,3 years,RENT,83000.0,Source Verified,credit_card,IL,33.7,0.0,690.0,694.0,1.0,45.9,68.0,Individual,5,High Risk,Manual Review
143647067,2000.0, 36 months,23.4,E,E1,,RENT,14400.0,Verified,other,PA,70.0,0.0,675.0,679.0,0.0,92.0,22.0,Joint App,6,High Risk,Manual Review
143651417,22175.0, 36 months,27.27,E,E5,< 1 year,RENT,530000.0,Not Verified,debt_consolidation,NC,19.34,1.0,700.0,704.0,1.0,99.3,40.0,Individual,5,High Risk,Manual Review
143670004,12000.0, 36 months,26.31,E,E4,10+ years,MORTGAGE,58000.0,Not Verified,debt_consolidation,NM,42.0,1.0,695.0,699.0,1.0,48.7,24.0,Joint App,6,High Risk,Manual Review
143289748,12125.0, 36 months,23.4,E,E1,3 years,OWN,55000.0,Source Verified,debt_consolidation,CT,30.24,0.0,710.0,714.0,0.0,60.5,24.0,Individual,5,High Risk,Manual Review
143664907,13525.0, 60 months,27.27,E,E5,2 years,RENT,50000.0,Not Verified,credit_card,CT,33.03,1.0,700.0,704.0,1.0,33.0,32.0,Individual,6,High Risk,Manual Review
143296940,6000.0, 36 months,26.31,E,E4,4 years,OWN,40000.0,Verified,home_improvement,MO,36.18,0.0,700.0,704.0,1.0,74.5,18.0,Joint App,5,High Risk,Manual Review
143595620,10000.0, 36 months,20.89,D,D4,3 years,MORTGAGE,23200.0,Source Verified,debt_consolidation,MN,61.15,3.0,690.0,694.0,1.0,91.0,47.0,Joint App,5,High Risk,Manual Review
143665289,6725.0, 36 months,27.27,E,E5,,RENT,8460.0,Verified,car,MA,22.41,1.0,700.0,704.0,0.0,89.6,6.0,Joint App,5,High Risk,Manual Review
143046621,25000.0, 36 months,16.91,C,C5,10+ years,MORTGAGE,125000.0,Verified,debt_consolidation,CA,36.47,1.0,695.0,699.0,0.0,84.3,15.0,Individual,5,High Risk,Manual Review
143286238,24425.0, 60 months,27.27,E,E5,9 years,MORTGAGE,47675.0,Verified,credit_card,TX,52.67,0.0,660.0,664.0,0.0,84.7,35.0,Joint App,6,High Risk,Manual Review
143658895,11000.0, 60 months,27.27,E,E5,5 years,MORTGAGE,45000.0,Not Verified,debt_consolidation,OH,38.83,2.0,665.0,669.0,1.0,45.0,35.0,Individual,6,High Risk,Manual Review
143517875,10800.0, 60 months,27.27,E,E5,10+ years,OWN,68000.0,Not Verified,medical,KY,34.2,1.0,745.0,749.0,3.0,6.8,35.0,Individual,6,High Risk,Manual Review
143077338,35000.0, 60 months,27.27,E,E5,10+ years,OWN,26000.0,Verified,debt_consolidation,CA,49.12,0.0,695.0,699.0,1.0,50.6,15.0,Joint App,5,High Risk,Manual Review
143651080,13600.0, 36 months,23.4,E,E1,10+ years,RENT,45000.0,Not Verified,credit_card,CA,53.95,0.0,695.0,699.0,0.0,85.2,17.0,Joint App,6,High Risk,Manual Review
143520082,1000.0, 36 months,30.84,G,G2,3 years,RENT,19437.0,Source Verified,other,OH,30.27,0.0,710.0,714.0,1.0,92.0,7.0,Individual,6,High Risk,Manual Review
143139355,35000.0, 36 months,27.27,E,E5,< 1 year,RENT,90000.0,Verified,debt_consolidation,IL,34.27,0.0,725.0,729.0,1.0,79.7,9.0,Joint App,5,High Risk,Manual Review
143581468,12000.0, 60 months,27.27,E,E5,,MORTGAGE,38000.0,Verified,debt_consolidation,AL,34.4,0.0,685.0,689.0,1.0,64.5,32.0,Individual,5,High Risk,Manual Review
142896981,35000.0, 60 months,23.4,E,E1,6 years,MORTGAGE,158000.0,Verified,credit_card,NY,12.96,1.0,690.0,694.0,1.0,87.0,20.0,Individual,5,High Risk,Manual Review
143010178,4000.0, 36 months,25.34,E,E3,10+ years,MORTGAGE,70100.0,Verified,moving,TX,40.16,0.0,690.0,694.0,0.0,79.8,43.0,Joint App,5,High Risk,Manual Review
143652041,13000.0, 60 months,27.27,E,E5,10+ years,MORTGAGE,87000.0,Not Verified,debt_consolidation,PA,36.57,0.0,700.0,704.0,2.0,81.9,22.0,Individual,6,High Risk,Manual Review
143487980,4000.0, 36 months,23.4,E,E1,5 years,OWN,35000.0,Not Verified,debt_consolidation,DE,32.0,0.0,675.0,679.0,0.0,40.7,25.0,Individual,5,High Risk,Manual Review
143663122,35000.0, 60 months,28.72,F,F1,10+ years,MORTGAGE,114649.6,Verified,debt_consolidation,OH,33.87,0.0,695.0,699.0,2.0,61.0,25.0,Individual,5,High Risk,Manual Review
143480785,24000.0, 60 months,19.92,D,D3,,MORTGAGE,62400.0,Source Verified,debt_consolidation,FL,50.77,1.0,675.0,679.0,0.0,80.4,31.0,Joint App,5,High Risk,Manual Review
143471422,11000.0, 36 months,23.4,E,E1,,RENT,8250.0,Verified,debt_consolidation,IL,77.0,0.0,675.0,679.0,0.0,65.2,10.0,Joint App,5,High Risk,Manual Review
143523799,35000.0, 60 months,27.27,E,E5,10+ years,OWN,15000.0,Verified,debt_consolidation,SC,45.6,0.0,720.0,724.0,0.0,54.4,15.0,Joint App,5,High Risk,Manual Review
143412302,7000.0, 36 months,23.4,E,E1,10+ years,MORTGAGE,37310.0,Verified,credit_card,PA,33.68,0.0,720.0,724.0,0.0,62.1,16.0,Individual,5,High Risk,Manual Review
143318422,2000.0, 36 months,23.4,E,E1,10+ years,MORTGAGE,35000.0,Source Verified,home_improvement,VA,32.17,3.0,670.0,674.0,0.0,34.2,22.0,Individual,6,High Risk,Manual Review
142897830,23000.0, 36 months,23.4,E,E1,10+ years,MORTGAGE,60102.64,Not Verified,credit_card,NH,32.99,0.0,660.0,664.0,1.0,63.5,25.0,Individual,5,High Risk,Manual Review
143581314,14175.0, 60 months,30.79,G,G1,,RENT,31404.0,Not Verified,debt_consolidation,OH,35.92,0.0,675.0,679.0,0.0,79.5,15.0,Individual,5,High Risk,Manual Review
143472745,35000.0, 60 months,17.97,D,D1,4 years,MORTGAGE,56000.0,Verified,credit_card,WA,46.89,1.0,690.0,694.0,0.0,92.4,24.0,Joint App,5,High Risk,Manual Review
143287444,8475.0, 36 months,23.4,E,E1,4 years,RENT,80000.0,Source Verified,debt_consolidation,TN,32.3,1.0,665.0,669.0,1.0,19.3,45.0,Joint App,6,High Risk,Manual Review
143446074,11375.0, 60 months,27.27,E,E5,< 1 year,MORTGAGE,32850.0,Verified,debt_consolidation,TX,122.51,0.0,685.0,689.0,0.0,73.9,45.0,Joint App,5,High Risk,Manual Review
143625909,13975.0, 60 months,27.27,E,E5,8 years,MORTGAGE,100000.0,Verified,credit_card,TX,37.23,0.0,705.0,709.0,1.0,65.5,44.0,Individual,5,High Risk,Manual Review
143650114,24000.0, 60 months,27.27,E,E5,10+ years,OWN,82500.0,Source Verified,debt_consolidation,MA,36.26,0.0,705.0,709.0,2.0,48.0,20.0,Individual,5,High Risk,Manual Review
143622850,13675.0, 60 months,25.34,E,E3,1 year,MORTGAGE,72800.0,Source Verified,credit_card,OR,35.53,0.0,680.0,684.0,3.0,60.0,38.0,Individual,5,High Risk,Manual Review
143593090,15350.0, 36 months,23.4,E,E1,10+ years,MORTGAGE,125000.0,Not Verified,debt_consolidation,NY,38.29,0.0,700.0,704.0,0.0,77.5,22.0,Individual,5,High Risk,Manual Review
143594922,18000.0, 36 months,24.37,E,E2,10+ years,MORTGAGE,42000.0,Not Verified,debt_consolidation,MD,42.11,0.0,710.0,714.0,2.0,47.6,16.0,Joint App,5,High Risk,Manual Review
143600868,5500.0, 36 months,26.31,E,E4,10+ years,RENT,65088.0,Verified,debt_consolidation,WI,45.63,0.0,710.0,714.0,1.0,91.6,24.0,Joint App,6,High Risk,Manual Review
143483871,15000.0, 36 months,27.27,E,E5,10+ years,MORTGAGE,104865.0,Verified,debt_consolidation,MI,32.31,0.0,675.0,679.0,3.0,95.0,36.0,Individual,6,High Risk,Manual Review
143609786,14000.0, 60 months,27.27,E,E5,2 years,OWN,52000.0,Source Verified,debt_consolidation,TX,33.13,0.0,690.0,694.0,1.0,19.1,14.0,Individual,5,High Risk,Manual Review
143260338,26575.0, 36 months,23.4,E,E1,10+ years,MORTGAGE,85000.0,Not Verified,debt_consolidation,CA,39.11,0.0,710.0,714.0,1.0,34.1,38.0,Joint App,5,High Risk,Manual Review
143620148,18000.0, 36 months,26.31,E,E4,4 years,OWN,45000.0,Source Verified,debt_consolidation,FL,34.29,0.0,680.0,684.0,0.0,71.8,8.0,Individual,5,High Risk,Manual Review
143255725,4825.0, 36 months,23.4,E,E1,< 1 year,RENT,70000.0,Source Verified,debt_consolidation,MD,32.28,0.0,720.0,724.0,2.0,0.3,57.0,Individual,5,High Risk,Manual Review
143277027,10000.0, 60 months,24.37,E,E2,10+ years,OWN,33600.0,Source Verified,debt_consolidation,NV,33.43,0.0,675.0,679.0,0.0,57.5,16.0,Individual,5,High Risk,Manual Review
143619471,20000.0, 36 months,17.97,D,D1,2 years,OWN,54000.0,Verified,debt_consolidation,CA,35.29,1.0,665.0,669.0,1.0,89.0,16.0,Individual,5,High Risk,Manual Review
142210352,5575.0, 36 months,27.27,E,E5,8 years,MORTGAGE,34000.0,Source Verified,debt_consolidation,NV,30.32,0.0,695.0,699.0,0.0,35.4,12.0,Individual,5,High Risk,Manual Review
143063357,14200.0, 36 months,25.34,E,E3,10+ years,MORTGAGE,98000.0,Source Verified,debt_consolidation,NY,31.41,1.0,705.0,709.0,0.0,90.3,20.0,Individual,7,High Risk,Manual Review
143534648,2000.0, 36 months,23.4,E,E1,4 years,RENT,55000.0,Not Verified,other,VA,37.99,1.0,710.0,714.0,0.0,72.0,14.0,Individual,6,High Risk,Manual Review
143535096,5000.0, 36 months,17.97,D,D1,10+ years,MORTGAGE,140000.0,Not Verified,credit_card,NC,32.86,5.0,660.0,664.0,0.0,97.6,26.0,Individual,5,High Risk,Manual Review
143485545,10500.0, 60 months,26.31,E,E4,2 years,RENT,48000.0,Not Verified,other,NJ,31.55,1.0,665.0,669.0,0.0,35.3,17.0,Individual,6,High Risk,Manual Review
143411265,18000.0, 60 months,26.31,E,E4,10+ years,OWN,48000.0,Source Verified,debt_consolidation,VA,31.3,0.0,695.0,699.0,1.0,70.1,8.0,Individual,5,High Risk,Manual Review
143203617,30000.0, 36 months,23.4,E,E1,10+ years,RENT,25000.0,Verified,debt_consolidation,FL,84.5,0.0,690.0,694.0,0.0,27.2,39.0,Joint App,5,High Risk,Manual Review
143533398,14000.0, 60 months,27.27,E,E5,10+ years,OWN,49000.0,Source Verified,debt_consolidation,TX,35.29,0.0,715.0,719.0,0.0,30.5,21.0,Individual,5,High Risk,Manual Review
143046386,16000.0, 60 months,26.31,E,E4,2 years,RENT,45000.0,Source Verified,car,NY,37.04,0.0,665.0,669.0,0.0,21.9,11.0,Individual,5,High Risk,Manual Review
143494314,12000.0, 60 months,27.27,E,E5,2 years,MORTGAGE,30000.0,Source Verified,home_improvement,OH,86.56,0.0,680.0,684.0,0.0,46.2,8.0,Joint App,5,High Risk,Manual Review
143537754,10400.0, 36 months,23.4,E,E1,3 years,OWN,32000.0,Not Verified,debt_consolidation,WY,37.92,0.0,695.0,699.0,1.0,55.2,8.0,Individual,5,High Risk,Manual Review
143520787,20000.0, 60 months,30.17,F,F3,5 years,MORTGAGE,55000.0,Source Verified,debt_consolidation,GA,36.29,0.0,680.0,684.0,0.0,83.3,16.0,Joint App,6,High Risk,Manual Review
143561336,17850.0, 36 months,26.31,E,E4,10+ years,OWN,22000.0,Verified,debt_consolidation,MO,37.42,0.0,670.0,674.0,0.0,0.0,20.0,Joint App,5,High Risk,Manual Review
143508824,7500.0, 36 months,23.4,E,E1,9 years,RENT,48500.0,Source Verified,credit_card,NY,33.88,0.0,690.0,694.0,2.0,71.2,9.0,Individual,5,High Risk,Manual Review
143092785,18500.0, 60 months,25.34,E,E3,2 years,MORTGAGE,41600.0,Source Verified,other,MI,50.2,1.0,680.0,684.0,0.0,80.4,31.0,Joint App,7,High Risk,Manual Review
143580143,13525.0, 60 months,27.27,E,E5,,OWN,16000.53,Source Verified,debt_consolidation,FL,33.38,1.0,685.0,689.0,0.0,8.8,19.0,Individual,6,High Risk,Manual Review
143584580,18000.0, 36 months,23.4,E,E1,4 years,MORTGAGE,36000.0,Source Verified,debt_consolidation,AR,30.07,0.0,675.0,679.0,0.0,73.9,15.0,Joint App,5,High Risk,Manual Review
143536129,20000.0, 36 months,23.4,E,E1,10+ years,RENT,75750.0,Verified,debt_consolidation,NY,37.5,1.0,660.0,664.0,0.0,82.7,16.0,Individual,7,High Risk,Manual Review
143568059,5275.0, 36 months,23.4,E,E1,< 1 year,RENT,25200.0,Verified,debt_consolidation,NC,34.95,0.0,700.0,704.0,0.0,100.0,5.0,Individual,6,High Risk,Manual Review
143254842,3200.0, 36 months,23.4,E,E1,10+ years,RENT,56000.0,Not Verified,debt_consolidation,FL,36.07,2.0,700.0,704.0,2.0,13.0,22.0,Individual,6,High Risk,Manual Review
142739119,25000.0, 36 months,23.4,E,E1,< 1 year,MORTGAGE,100000.0,Not Verified,debt_consolidation,KS,30.97,0.0,660.0,664.0,0.0,48.5,23.0,Individual,5,High Risk,Manual Review
143499297,23875.0, 60 months,27.27,E,E5,10+ years,MORTGAGE,82192.0,Not Verified,debt_consolidation,MO,33.22,1.0,675.0,679.0,0.0,87.9,19.0,Individual,7,High Risk,Manual Review
143147058,30000.0, 36 months,26.31,E,E4,6 years,RENT,35000.0,Verified,debt_consolidation,FL,37.11,0.0,690.0,694.0,1.0,76.2,8.0,Joint App,5,High Risk,Manual Review
143516402,5000.0, 36 months,23.4,E,E1,6 years,RENT,25000.0,Verified,debt_consolidation,PA,32.02,0.0,685.0,689.0,1.0,36.9,12.0,Joint App,5,High Risk,Manual Review
142019362,23450.0, 60 months,27.27,E,E5,10+ years,MORTGAGE,77000.0,Not Verified,debt_consolidation,NY,30.41,0.0,710.0,714.0,1.0,28.5,21.0,Individual,5,High Risk,Manual Review
143441443,15950.0, 36 months,24.37,E,E2,10+ years,OWN,30000.0,Verified,debt_consolidation,MO,30.32,0.0,785.0,789.0,2.0,45.9,15.0,Individual,5,High Risk,Manual Review
143262876,9000.0, 36 months,23.4,E,E1,5 years,MORTGAGE,57000.0,Verified,car,OH,53.96,0.0,695.0,699.0,0.0,46.9,18.0,Joint App,5,High Risk,Manual Review
143543577,30000.0, 60 months,26.31,E,E4,10+ years,MORTGAGE,85000.0,Source Verified,debt_consolidation,KY,31.78,0.0,710.0,714.0,0.0,72.0,24.0,Individual,5,High Risk,Manual Review
143475234,1000.0, 36 months,27.27,E,E5,,RENT,23000.0,Verified,medical,KS,39.54,0.0,660.0,664.0,1.0,80.9,16.0,Individual,6,High Risk,Manual Review
143525583,24000.0, 36 months,20.89,D,D4,6 years,MORTGAGE,48000.0,Source Verified,debt_consolidation,NJ,38.25,1.0,665.0,669.0,0.0,89.7,16.0,Individual,5,High Risk,Manual Review
143275632,30000.0, 60 months,26.31,E,E4,5 years,MORTGAGE,87000.0,Verified,debt_consolidation,FL,31.64,0.0,695.0,699.0,0.0,83.6,23.0,Individual,6,High Risk,Manual Review
143090380,2000.0, 36 months,26.31,E,E4,5 years,MORTGAGE,40000.0,Not Verified,other,WI,49.99,0.0,695.0,699.0,0.0,82.4,16.0,Joint App,6,High Risk,Manual Review
143043822,40000.0, 60 months,16.91,C,C5,8 years,MORTGAGE,10000.0,Verified,credit_card,VT,132.41,1.0,680.0,684.0,0.0,95.9,20.0,Joint App,5,High Risk,Manual Review
143542378,30000.0, 60 months,26.31,E,E4,8 years,MORTGAGE,48000.0,Not Verified,debt_consolidation,GA,41.83,0.0,710.0,714.0,0.0,22.5,16.0,Joint App,5,High Risk,Manual Review
143460905,6000.0, 36 months,24.37,E,E2,10+ years,MORTGAGE,40000.0,Verified,debt_consolidation,NJ,41.85,0.0,670.0,674.0,0.0,84.8,15.0,Joint App,6,High Risk,Manual Review
143276968,6900.0, 36 months,23.4,E,E1,,OWN,36000.0,Not Verified,debt_consolidation,AZ,33.2,1.0,670.0,674.0,0.0,54.3,13.0,Individual,6,High Risk,Manual Review
143191456,35000.0, 60 months,24.37,E,E2,10+ years,MORTGAGE,116500.0,Verified,debt_consolidation,AL,33.78,0.0,700.0,704.0,0.0,93.6,22.0,Joint App,6,High Risk,Manual Review
143109507,10175.0, 36 months,27.27,E,E5,< 1 year,MORTGAGE,10000.0,Not Verified,home_improvement,FL,130.49,0.0,700.0,704.0,0.0,42.6,15.0,Joint App,5,High Risk,Manual Review
143461492,4850.0, 36 months,23.4,E,E1,,MORTGAGE,35000.0,Verified,home_improvement,GA,88.24,3.0,680.0,684.0,0.0,97.4,45.0,Joint App,7,High Risk,Manual Review
143395465,16000.0, 60 months,22.35,D,D5,8 years,RENT,55000.0,Source Verified,credit_card,MT,31.73,1.0,690.0,694.0,0.0,99.9,13.0,Individual,5,High Risk,Manual Review
142337524,10000.0, 36 months,27.27,E,E5,2 years,OWN,85000.0,Not Verified,car,IN,30.61,0.0,680.0,684.0,0.0,19.5,65.0,Joint App,5,High Risk,Manual Review
143213596,24825.0, 36 months,27.27,E,E5,< 1 year,RENT,30000.0,Verified,debt_consolidation,NY,44.36,0.0,710.0,714.0,0.0,26.7,27.0,Joint App,5,High Risk,Manual Review
142845565,25000.0, 60 months,25.34,E,E3,2 years,MORTGAGE,78000.0,Verified,debt_consolidation,MN,31.38,0.0,660.0,664.0,0.0,75.0,26.0,Individual,5,High Risk,Manual Review
143515852,30000.0, 60 months,26.31,E,E4,10+ years,MORTGAGE,78278.28,Source Verified,debt_consolidation,GA,26.56,1.0,675.0,679.0,0.0,85.3,62.0,Individual,5,High Risk,Manual Review
143506724,10000.0, 36 months,19.92,D,D3,10+ years,MORTGAGE,84000.0,Not Verified,debt_consolidation,MD,35.2,1.0,680.0,684.0,0.0,80.5,26.0,Individual,5,High Risk,Manual Review
143223161,30750.0, 36 months,23.4,E,E1,10+ years,MORTGAGE,60000.0,Verified,home_improvement,PA,34.38,0.0,695.0,699.0,0.0,94.2,11.0,Joint App,6,High Risk,Manual Review
143274738,18000.0, 36 months,27.27,E,E5,10+ years,MORTGAGE,70000.0,Verified,debt_consolidation,MD,38.59,1.0,675.0,679.0,0.0,66.9,30.0,Joint App,6,High Risk,Manual Review
143195061,15900.0, 60 months,27.27,E,E5,,MORTGAGE,38088.0,Verified,other,NV,44.39,0.0,755.0,759.0,0.0,83.5,8.0,Joint App,6,High Risk,Manual Review
143213305,15000.0, 36 months,27.27,E,E5,10+ years,MORTGAGE,107000.0,Source Verified,credit_card,GA,34.94,0.0,695.0,699.0,0.0,98.5,18.0,Individual,6,High Risk,Manual Review
143292036,30000.0, 36 months,24.37,E,E2,10+ years,OWN,86000.0,Source Verified,debt_consolidation,OH,31.24,0.0,680.0,684.0,2.0,78.6,40.0,Joint App,5,High Risk,Manual Review
143446140,24375.0, 60 months,28.72,F,F1,,MORTGAGE,10200.0,Verified,debt_consolidation,CA,164.35,0.0,670.0,674.0,0.0,63.3,35.0,Joint App,5,High Risk,Manual Review
142703073,12000.0, 60 months,25.34,E,E3,10+ years,RENT,78000.0,Source Verified,debt_consolidation,CA,31.32,0.0,680.0,684.0,0.0,75.1,27.0,Individual,5,High Risk,Manual Review
143373330,6900.0, 36 months,25.34,E,E3,2 years,MORTGAGE,27000.0,Not Verified,home_improvement,WI,59.96,0.0,700.0,704.0,1.0,10.7,20.0,Joint App,5,High Risk,Manual Review
143395599,10000.0, 36 months,15.02,C,C3,10+ years,MORTGAGE,49000.0,Source Verified,debt_consolidation,MO,33.09,3.0,700.0,704.0,1.0,82.1,29.0,Individual,5,High Risk,Manual Review
143077289,27050.0, 36 months,27.27,E,E5,10+ years,MORTGAGE,35000.0,Verified,house,OH,56.52,0.0,740.0,744.0,1.0,6.0,26.0,Joint App,5,High Risk,Manual Review
142224645,1600.0, 36 months,26.31,E,E4,,MORTGAGE,27000.0,Verified,debt_consolidation,OH,13.2,2.0,675.0,679.0,0.0,101.5,11.0,Individual,5,High Risk,Manual Review
143496144,24000.0, 60 months,26.31,E,E4,10+ years,MORTGAGE,96000.0,Source Verified,debt_consolidation,VA,34.61,0.0,685.0,689.0,0.0,69.3,19.0,Individual,5,High Risk,Manual Review
143305880,20675.0, 36 months,24.37,E,E2,,OWN,12000.0,Source Verified,credit_card,MA,71.7,2.0,670.0,674.0,0.0,79.9,15.0,Joint App,6,High Risk,Manual Review
142636570,12025.0, 60 months,27.27,E,E5,10+ years,MORTGAGE,35000.0,Verified,credit_card,MI,39.81,0.0,720.0,724.0,0.0,69.2,18.0,Individual,5,High Risk,Manual Review
143395133,25200.0, 60 months,27.27,E,E5,,MORTGAGE,55800.0,Verified,debt_consolidation,GA,32.09,0.0,695.0,699.0,0.0,45.3,41.0,Individual,5,High Risk,Manual Review
143208205,1000.0, 36 months,30.65,F,F4,,RENT,26000.0,Verified,other,MD,37.77,0.0,715.0,719.0,0.0,96.5,11.0,Individual,6,High Risk,Manual Review
143404031,1550.0, 36 months,27.27,E,E5,10+ years,MORTGAGE,60000.0,Verified,debt_consolidation,WA,32.4,1.0,700.0,704.0,0.0,0.3,29.0,Individual,6,High Risk,Manual Review
143006976,6300.0, 36 months,24.37,E,E2,10+ years,MORTGAGE,65000.0,Not Verified,debt_consolidation,NY,15.6,3.0,665.0,669.0,0.0,94.0,22.0,Individual,5,High Risk,Manual Review
142978356,13000.0, 36 months,27.27,E,E5,10+ years,MORTGAGE,48000.0,Verified,debt_consolidation,UT,32.33,0.0,705.0,709.0,1.0,82.6,32.0,Individual,6,High Risk,Manual Review
143461219,5700.0, 36 months,23.4,E,E1,< 1 year,RENT,50000.0,Source Verified,debt_consolidation,MO,31.2,0.0,710.0,714.0,1.0,15.4,10.0,Individual,5,High Risk,Manual Review
143221695,18000.0, 60 months,25.34,E,E3,4 years,MORTGAGE,90000.0,Source Verified,debt_consolidation,AZ,37.71,0.0,665.0,669.0,1.0,90.5,40.0,Joint App,6,High Risk,Manual Review
142537263,16000.0, 60 months,27.27,E,E5,< 1 year,MORTGAGE,80000.0,Verified,debt_consolidation,AZ,32.81,0.0,695.0,699.0,1.0,78.0,22.0,Individual,5,High Risk,Manual Review
143463045,5000.0, 36 months,23.4,E,E1,4 years,RENT,35000.0,Not Verified,debt_consolidation,WI,38.99,0.0,675.0,679.0,1.0,61.3,37.0,Individual,5,High Risk,Manual Review
143428072,25500.0, 60 months,26.31,E,E4,8 years,RENT,37000.0,Verified,debt_consolidation,NY,46.84,0.0,675.0,679.0,0.0,71.3,28.0,Joint App,5,High Risk,Manual Review
143145986,16000.0, 60 months,25.34,E,E3,6 years,MORTGAGE,100000.0,Verified,debt_consolidation,MD,34.35,0.0,730.0,734.0,0.0,105.6,14.0,Joint App,6,High Risk,Manual Review
143279824,10000.0, 36 months,24.37,E,E2,4 years,RENT,26000.0,Verified,car,SC,54.32,1.0,670.0,674.0,0.0,41.6,12.0,Joint App,6,High Risk,Manual Review
143472152,1000.0, 36 months,24.37,E,E2,10+ years,MORTGAGE,86000.0,Verified,other,OH,21.31,1.0,665.0,669.0,1.0,81.2,18.0,Individual,5,High Risk,Manual Review
142910114,40000.0, 60 months,25.34,E,E3,6 years,RENT,48500.0,Verified,debt_consolidation,ID,40.61,1.0,680.0,684.0,2.0,85.8,23.0,Joint App,7,High Risk,Manual Review
143446094,18000.0, 36 months,16.91,C,C5,9 years,MORTGAGE,103500.0,Source Verified,debt_consolidation,TX,30.94,1.0,665.0,669.0,0.0,89.6,41.0,Individual,5,High Risk,Manual Review
143362905,11050.0, 36 months,27.27,E,E5,10+ years,MORTGAGE,135765.0,Source Verified,credit_card,AL,37.38,0.0,695.0,699.0,0.0,94.3,29.0,Individual,6,High Risk,Manual Review
143375315,23000.0, 60 months,27.27,E,E5,< 1 year,MORTGAGE,65000.0,Not Verified,debt_consolidation,FL,45.62,0.0,675.0,679.0,0.0,63.6,47.0,Joint App,5,High Risk,Manual Review
143396841,26400.0, 60 months,25.34,E,E3,< 1 year,RENT,72000.0,Verified,credit_card,CA,30.6,0.0,675.0,679.0,0.0,74.6,31.0,Individual,5,High Risk,Manual Review
143196533,40000.0, 60 months,28.72,F,F1,10+ years,MORTGAGE,40000.0,Verified,debt_consolidation,FL,38.13,1.0,680.0,684.0,1.0,58.5,17.0,Joint App,6,High Risk,Manual Review
143461807,20000.0, 60 months,29.69,F,F2,,OWN,48000.0,Not Verified,home_improvement,MD,34.73,2.0,670.0,674.0,1.0,22.5,25.0,Individual,6,High Risk,Manual Review
143445805,16000.0, 60 months,27.27,E,E5,10+ years,RENT,45000.0,Not Verified,debt_consolidation,NY,45.49,0.0,660.0,664.0,0.0,93.4,24.0,Joint App,6,High Risk,Manual Review
143451122,28200.0, 60 months,26.31,E,E4,6 years,MORTGAGE,37000.0,Source Verified,debt_consolidation,CA,30.06,2.0,695.0,699.0,0.0,52.7,14.0,Joint App,6,High Risk,Manual Review
142679362,6700.0, 36 months,28.72,F,F1,10+ years,MORTGAGE,62600.0,Not Verified,debt_consolidation,CO,31.86,0.0,710.0,714.0,1.0,77.5,22.0,Individual,5,High Risk,Manual Review
142966992,25000.0, 60 months,26.31,E,E4,10+ years,RENT,52004.0,Verified,debt_consolidation,FL,30.21,0.0,770.0,774.0,0.0,19.2,25.0,Individual,5,High Risk,Manual Review
142972659,10950.0, 36 months,23.4,E,E1,10+ years,MORTGAGE,60000.0,Verified,credit_card,PA,36.74,1.0,670.0,674.0,0.0,97.0,16.0,Individual,7,High Risk,Manual Review
143424321,16000.0, 60 months,26.31,E,E4,3 years,RENT,48000.0,Source Verified,debt_consolidation,UT,35.45,0.0,700.0,704.0,0.0,70.3,17.0,Individual,5,High Risk,Manual Review
143424674,3000.0, 36 months,16.91,C,C5,1 year,RENT,25000.0,Not Verified,credit_card,TX,30.82,2.0,660.0,664.0,0.0,95.3,12.0,Individual,5,High Risk,Manual Review
142514999,10000.0, 60 months,24.37,E,E2,10+ years,MORTGAGE,76000.0,Source Verified,debt_consolidation,IL,34.09,1.0,720.0,724.0,1.0,60.0,52.0,Individual,6,High Risk,Manual Review
143392548,15500.0, 36 months,24.37,E,E2,10+ years,OWN,65000.0,Not Verified,debt_consolidation,SC,38.9,0.0,680.0,684.0,0.0,62.6,17.0,Individual,5,High Risk,Manual Review
143305468,11200.0, 60 months,27.27,E,E5,5 years,RENT,109000.0,Verified,debt_consolidation,FL,39.52,0.0,695.0,699.0,1.0,63.1,66.0,Individual,5,High Risk,Manual Review
143379784,1000.0, 36 months,23.4,E,E1,2 years,RENT,35000.0,Source Verified,vacation,NC,37.38,0.0,670.0,674.0,0.0,79.3,25.0,Individual,5,High Risk,Manual Review
143389859,30000.0, 60 months,25.34,E,E3,< 1 year,OWN,24960.0,Not Verified,debt_consolidation,GA,89.95,0.0,740.0,744.0,0.0,32.1,39.0,Joint App,5,High Risk,Manual Review
143292830,3000.0, 36 months,24.37,E,E2,6 years,RENT,57000.0,Verified,other,TX,30.92,0.0,660.0,664.0,3.0,15.0,46.0,Individual,5,High Risk,Manual Review
143282266,19375.0, 60 months,27.27,E,E5,6 years,MORTGAGE,65580.0,Not Verified,debt_consolidation,WA,34.25,0.0,695.0,699.0,1.0,40.2,50.0,Individual,5,High Risk,Manual Review
143276984,12000.0, 60 months,27.27,E,E5,,MORTGAGE,38000.0,Not Verified,credit_card,OH,32.88,0.0,685.0,689.0,0.0,52.3,34.0,Individual,5,High Risk,Manual Review
143005850,28400.0, 36 months,23.4,E,E1,10+ years,MORTGAGE,76000.0,Verified,debt_consolidation,AR,52.74,3.0,695.0,699.0,2.0,77.5,40.0,Joint App,6,High Risk,Manual Review
143257878,20750.0, 60 months,27.27,E,E5,,MORTGAGE,31527.0,Verified,debt_consolidation,AZ,41.3,0.0,705.0,709.0,1.0,72.9,11.0,Joint App,5,High Risk,Manual Review
143375503,15000.0, 60 months,24.37,E,E2,< 1 year,RENT,74000.0,Not Verified,debt_consolidation,MN,14.35,1.0,675.0,679.0,1.0,97.8,10.0,Individual,5,High Risk,Manual Review
143276960,20000.0, 60 months,27.27,E,E5,8 years,MORTGAGE,70000.0,Not Verified,debt_consolidation,TN,30.21,0.0,675.0,679.0,0.0,76.1,24.0,Individual,5,High Risk,Manual Review
143261368,30000.0, 60 months,26.31,E,E4,< 1 year,RENT,47000.0,Verified,debt_consolidation,FL,33.61,1.0,720.0,724.0,1.0,12.9,24.0,Individual,6,High Risk,Manual Review
143345256,20000.0, 60 months,24.37,E,E2,,RENT,13000.0,Verified,debt_consolidation,CA,57.34,0.0,675.0,679.0,0.0,78.0,17.0,Joint App,5,High Risk,Manual Review
142988368,8000.0, 36 months,24.37,E,E2,4 years,OWN,55000.0,Verified,credit_card,FL,34.06,3.0,685.0,689.0,0.0,59.3,38.0,Joint App,6,High Risk,Manual Review
143314008,23400.0, 60 months,23.4,E,E1,< 1 year,OWN,50000.0,Not Verified,debt_consolidation,MO,35.21,0.0,660.0,664.0,2.0,61.7,32.0,Individual,5,High Risk,Manual Review
143366445,15000.0, 36 months,23.4,E,E1,4 years,RENT,65000.0,Not Verified,debt_consolidation,MA,33.29,0.0,730.0,734.0,0.0,95.5,22.0,Individual,6,High Risk,Manual Review
142948307,9000.0, 36 months,25.34,E,E3,< 1 year,MORTGAGE,45000.0,Not Verified,debt_consolidation,OH,35.04,0.0,690.0,694.0,0.0,89.2,8.0,Individual,6,High Risk,Manual Review
143077856,12100.0, 36 months,26.31,E,E4,3 years,RENT,84000.0,Verified,debt_consolidation,VA,31.24,0.0,735.0,739.0,0.0,27.0,53.0,Individual,5,High Risk,Manual Review
143327709,15000.0, 60 months,27.27,E,E5,,OWN,53000.0,Not Verified,debt_consolidation,TX,33.88,0.0,705.0,709.0,2.0,37.5,33.0,Individual,5,High Risk,Manual Review
143339794,20000.0, 60 months,25.34,E,E3,10+ years,MORTGAGE,110000.0,Source Verified,debt_consolidation,SC,34.2,0.0,680.0,684.0,0.0,73.4,45.0,Individual,5,High Risk,Manual Review
143317418,1000.0, 36 months,25.34,E,E3,2 years,MORTGAGE,36000.0,Verified,other,OH,31.6,1.0,665.0,669.0,0.0,13.6,21.0,Individual,6,High Risk,Manual Review
143276593,20000.0, 60 months,26.31,E,E4,10+ years,MORTGAGE,55000.0,Source Verified,debt_consolidation,WV,35.11,0.0,680.0,684.0,0.0,85.0,29.0,Individual,6,High Risk,Manual Review
143104974,6025.0, 36 months,23.4,E,E1,10+ years,MORTGAGE,40000.0,Source Verified,debt_consolidation,MA,32.49,0.0,685.0,689.0,0.0,54.6,15.0,Joint App,5,High Risk,Manual Review
142822854,5000.0, 36 months,18.94,D,D2,10+ years,MORTGAGE,20000.0,Verified,other,AL,126.95,1.0,695.0,699.0,2.0,81.6,21.0,Joint App,5,High Risk,Manual Review
143134497,3000.0, 36 months,23.4,E,E1,10+ years,MORTGAGE,70000.0,Verified,other,CO,37.91,0.0,710.0,714.0,0.0,90.0,25.0,Individual,6,High Risk,Manual Review
143283234,25000.0, 36 months,24.37,E,E2,10+ years,MORTGAGE,102000.0,Verified,debt_consolidation,VA,38.82,0.0,680.0,684.0,0.0,66.3,61.0,Individual,5,High Risk,Manual Review
143297787,8000.0, 36 months,18.94,D,D2,5 years,MORTGAGE,60000.0,Source Verified,debt_consolidation,TX,36.88,1.0,670.0,674.0,0.0,84.9,26.0,Joint App,5,High Risk,Manual Review
143187853,10000.0, 36 months,23.4,E,E1,10+ years,MORTGAGE,28000.0,Verified,debt_consolidation,MI,41.41,1.0,660.0,664.0,1.0,73.5,23.0,Joint App,6,High Risk,Manual Review
143154970,17625.0, 36 months,30.94,G,G4,10+ years,OWN,42000.0,Not Verified,debt_consolidation,MS,30.14,0.0,665.0,669.0,0.0,66.2,22.0,Individual,5,High Risk,Manual Review
143275363,20000.0, 60 months,24.37,E,E2,1 year,RENT,35000.0,Not Verified,debt_consolidation,FL,34.74,0.0,660.0,664.0,0.0,62.1,12.0,Individual,5,High Risk,Manual Review
142650121,7150.0, 36 months,24.37,E,E2,,MORTGAGE,30000.0,Verified,debt_consolidation,TX,37.76,0.0,685.0,689.0,1.0,54.0,22.0,Individual,5,High Risk,Manual Review
143084465,13000.0, 60 months,28.72,F,F1,4 years,OWN,20384.0,Source Verified,credit_card,TX,85.51,0.0,690.0,694.0,0.0,100.5,21.0,Joint App,6,High Risk,Manual Review
142633829,10000.0, 36 months,24.37,E,E2,2 years,MORTGAGE,51000.0,Verified,debt_consolidation,NY,38.52,0.0,660.0,664.0,1.0,90.0,26.0,Individual,6,High Risk,Manual Review
143237929,20800.0, 36 months,25.34,E,E3,10+ years,RENT,75000.0,Source Verified,debt_consolidation,FL,35.04,2.0,670.0,674.0,1.0,76.6,53.0,Joint App,6,High Risk,Manual Review
143252303,17000.0, 60 months,27.27,E,E5,10+ years,MORTGAGE,86182.0,Verified,credit_card,MD,33.88,0.0,680.0,684.0,0.0,84.3,18.0,Individual,6,High Risk,Manual Review
143250305,4025.0, 36 months,27.27,E,E5,8 years,OWN,72000.0,Not Verified,debt_consolidation,NJ,32.55,0.0,735.0,739.0,0.0,25.6,29.0,Individual,5,High Risk,Manual Review
143302449,9350.0, 36 months,23.4,E,E1,10+ years,OWN,90000.0,Not Verified,debt_consolidation,MD,44.76,0.0,695.0,699.0,0.0,61.0,33.0,Joint App,5,High Risk,Manual Review
143285334,1000.0, 36 months,25.34,E,E3,10+ years,MORTGAGE,50000.0,Verified,debt_consolidation,SC,24.82,1.0,675.0,679.0,0.0,99.5,14.0,Individual,5,High Risk,Manual Review
142895442,13550.0, 36 months,27.27,E,E5,,OWN,16908.0,Verified,debt_consolidation,NY,77.36,0.0,705.0,709.0,1.0,91.6,12.0,Joint App,6,High Risk,Manual Review
142082786,24000.0, 60 months,28.72,F,F1,4 years,RENT,51000.0,Not Verified,credit_card,TN,33.55,0.0,680.0,684.0,0.0,80.4,16.0,Individual,6,High Risk,Manual Review
143218206,24875.0, 36 months,26.31,E,E4,10+ years,RENT,44000.0,Verified,debt_consolidation,CA,42.42,0.0,695.0,699.0,1.0,48.3,27.0,Joint App,5,High Risk,Manual Review
143153524,16000.0, 36 months,23.4,E,E1,,RENT,21600.0,Source Verified,other,MI,52.11,1.0,665.0,669.0,0.0,6.1,9.0,Joint App,6,High Risk,Manual Review
143265693,10200.0, 36 months,26.31,E,E4,,MORTGAGE,21780.0,Verified,home_improvement,CA,55.7,0.0,695.0,699.0,0.0,81.9,15.0,Joint App,6,High Risk,Manual Review
143201638,26450.0, 60 months,26.31,E,E4,10+ years,OWN,110000.0,Not Verified,debt_consolidation,GA,32.06,0.0,675.0,679.0,1.0,73.7,28.0,Individual,5,High Risk,Manual Review
143253827,30250.0, 36 months,23.4,E,E1,< 1 year,MORTGAGE,112000.0,Verified,debt_consolidation,IL,30.11,0.0,665.0,669.0,1.0,83.9,26.0,Joint App,6,High Risk,Manual Review
143033825,10000.0, 36 months,23.4,E,E1,10+ years,MORTGAGE,75000.0,Verified,credit_card,NV,32.61,0.0,670.0,674.0,0.0,69.3,18.0,Individual,5,High Risk,Manual Review
143257158,10000.0, 36 months,24.37,E,E2,10+ years,MORTGAGE,102000.0,Not Verified,vacation,WV,30.12,1.0,700.0,704.0,0.0,69.5,36.0,Individual,6,High Risk,Manual Review
143243897,1200.0, 36 months,27.27,E,E5,3 years,RENT,36000.0,Not Verified,medical,CA,30.37,0.0,675.0,679.0,0.0,82.3,14.0,Individual,6,High Risk,Manual Review
143209503,5000.0, 36 months,24.37,E,E2,6 years,RENT,28000.0,Source Verified,credit_card,ND,30.22,0.0,705.0,709.0,2.0,21.4,22.0,Individual,5,High Risk,Manual Review
143154512,20000.0, 60 months,30.89,G,G3,,RENT,36870.0,Verified,debt_consolidation,WY,30.47,0.0,680.0,684.0,0.0,91.4,9.0,Individual,6,High Risk,Manual Review
143162538,33425.0, 36 months,26.31,E,E4,10+ years,RENT,48000.0,Verified,other,CA,30.1,0.0,665.0,669.0,0.0,56.4,17.0,Joint App,5,High Risk,Manual Review
143284289,15000.0, 60 months,27.27,E,E5,1 year,MORTGAGE,85000.0,Verified,debt_consolidation,IL,15.49,1.0,660.0,664.0,1.0,98.4,18.0,Individual,5,High Risk,Manual Review
142973963,10000.0, 60 months,27.27,E,E5,10+ years,MORTGAGE,40000.0,Source Verified,debt_consolidation,PA,31.74,0.0,665.0,669.0,0.0,44.3,28.0,Individual,5,High Risk,Manual Review
143223932,3500.0, 36 months,23.4,E,E1,,RENT,13524.0,Verified,debt_consolidation,AL,163.09,0.0,665.0,669.0,1.0,46.7,38.0,Joint App,5,High Risk,Manual Review
142663127,16250.0, 60 months,27.27,E,E5,5 years,MORTGAGE,51000.0,Source Verified,debt_consolidation,NC,38.52,0.0,700.0,704.0,0.0,33.1,24.0,Individual,5,High Risk,Manual Review
142681036,1000.0, 36 months,23.4,E,E1,3 years,RENT,24000.0,Not Verified,other,TX,37.43,1.0,665.0,669.0,0.0,20.4,36.0,Individual,6,High Risk,Manual Review
143150483,25000.0, 36 months,27.27,E,E5,3 years,MORTGAGE,60000.0,Not Verified,debt_consolidation,WI,32.98,0.0,705.0,709.0,0.0,99.4,22.0,Individual,6,High Risk,Manual Review
140660332,9750.0, 36 months,23.4,E,E1,4 years,OWN,28000.0,Verified,other,MS,41.62,0.0,660.0,664.0,0.0,72.4,13.0,Joint App,5,High Risk,Manual Review
142945130,14750.0, 36 months,19.92,D,D3,,MORTGAGE,44610.0,Verified,debt_consolidation,MI,38.53,2.0,670.0,674.0,0.0,90.0,23.0,Individual,5,High Risk,Manual Review
143034513,25000.0, 60 months,25.34,E,E3,2 years,MORTGAGE,49600.0,Source Verified,debt_consolidation,FL,36.44,0.0,705.0,709.0,0.0,35.7,22.0,Individual,5,High Risk,Manual Review
143246483,15400.0, 36 months,23.4,E,E1,1 year,RENT,65000.0,Source Verified,debt_consolidation,UT,37.48,0.0,715.0,719.0,0.0,66.0,9.0,Individual,5,High Risk,Manual Review
143053055,2400.0, 36 months,23.4,E,E1,10+ years,MORTGAGE,112000.0,Source Verified,home_improvement,FL,32.11,1.0,660.0,664.0,1.0,83.2,41.0,Individual,7,High Risk,Manual Review
143064292,4000.0, 36 months,23.4,E,E1,6 years,MORTGAGE,25000.0,Not Verified,other,NY,33.99,0.0,700.0,704.0,0.0,25.2,25.0,Individual,5,High Risk,Manual Review
142987696,15000.0, 36 months,26.31,E,E4,1 year,RENT,25000.0,Verified,debt_consolidation,PA,53.72,0.0,685.0,689.0,0.0,56.5,12.0,Joint App,5,High Risk,Manual Review
142478014,29475.0, 60 months,27.27,E,E5,< 1 year,OWN,66000.0,Verified,debt_consolidation,AL,36.22,1.0,705.0,709.0,2.0,34.5,39.0,Individual,6,High Risk,Manual Review
143177393,20000.0, 60 months,27.27,E,E5,7 years,RENT,52000.0,Source Verified,credit_card,DC,39.21,0.0,700.0,704.0,0.0,48.8,27.0,Individual,5,High Risk,Manual Review
142313399,30000.0, 60 months,23.4,E,E1,10+ years,MORTGAGE,95720.0,Not Verified,credit_card,AL,36.65,0.0,680.0,684.0,1.0,72.0,37.0,Individual,5,High Risk,Manual Review
143205235,35000.0, 36 months,23.4,E,E1,10+ years,MORTGAGE,60000.0,Verified,debt_consolidation,GA,38.52,0.0,670.0,674.0,0.0,45.4,31.0,Joint App,5,High Risk,Manual Review
143203992,2000.0, 36 months,26.31,E,E4,2 years,OWN,85000.0,Verified,medical,TX,35.99,0.0,660.0,664.0,1.0,50.5,36.0,Joint App,5,High Risk,Manual Review
143238815,5000.0, 36 months,23.4,E,E1,10+ years,MORTGAGE,105000.0,Source Verified,home_improvement,CT,30.82,0.0,685.0,689.0,0.0,84.6,30.0,Individual,6,High Risk,Manual Review
143239504,25000.0, 36 months,23.4,E,E1,3 years,MORTGAGE,150000.0,Not Verified,debt_consolidation,UT,15.78,1.0,680.0,684.0,1.0,89.7,15.0,Individual,5,High Risk,Manual Review
143118217,10000.0, 36 months,25.34,E,E3,,OWN,15000.0,Verified,credit_card,IL,78.48,0.0,670.0,674.0,1.0,52.6,17.0,Joint App,5,High Risk,Manual Review
143238526,15500.0, 60 months,27.27,E,E5,10+ years,RENT,61000.0,Not Verified,debt_consolidation,AL,34.12,0.0,715.0,719.0,0.0,93.1,25.0,Individual,6,High Risk,Manual Review
143213104,30000.0, 60 months,25.34,E,E3,10+ years,MORTGAGE,120000.0,Not Verified,debt_consolidation,VA,44.19,0.0,720.0,724.0,1.0,34.2,52.0,Joint App,5,High Risk,Manual Review
143221886,15000.0, 60 months,27.27,E,E5,3 years,RENT,68000.0,Not Verified,debt_consolidation,OH,7.38,1.0,670.0,674.0,1.0,89.5,9.0,Individual,5,High Risk,Manual Review
143189184,12000.0, 36 months,23.4,E,E1,10+ years,OWN,53000.0,Source Verified,debt_consolidation,TX,33.24,0.0,700.0,704.0,3.0,32.0,25.0,Joint App,5,High Risk,Manual Review
142910883,25000.0, 36 months,23.4,E,E1,2 years,RENT,28000.0,Source Verified,debt_consolidation,KY,43.46,0.0,670.0,674.0,0.0,92.6,10.0,Joint App,6,High Risk,Manual Review
143044560,20000.0, 36 months,23.4,E,E1,< 1 year,RENT,120000.0,Verified,debt_consolidation,CA,23.19,7.0,660.0,664.0,0.0,96.3,30.0,Joint App,5,High Risk,Manual Review
143133231,10000.0, 60 months,26.31,E,E4,3 years,OWN,23420.0,Verified,credit_card,PA,38.24,1.0,660.0,664.0,0.0,63.2,19.0,Individual,6,High Risk,Manual Review
143064226,22850.0, 36 months,23.4,E,E1,10+ years,MORTGAGE,85000.0,Not Verified,debt_consolidation,TX,35.85,0.0,700.0,704.0,0.0,51.9,32.0,Individual,5,High Risk,Manual Review
143195342,17925.0, 60 months,26.31,E,E4,8 years,MORTGAGE,90000.0,Source Verified,debt_consolidation,TN,30.88,0.0,725.0,729.0,1.0,50.5,19.0,Individual,5,High Risk,Manual Review
143004246,10000.0, 36 months,24.37,E,E2,10+ years,MORTGAGE,125000.0,Source Verified,other,TN,31.85,0.0,720.0,724.0,0.0,88.7,26.0,Individual,6,High Risk,Manual Review
143083244,27000.0, 60 months,27.27,E,E5,2 years,RENT,65000.0,Source Verified,debt_consolidation,NY,30.32,0.0,670.0,674.0,1.0,57.0,67.0,Individual,5,High Risk,Manual Review
143196410,20000.0, 60 months,27.27,E,E5,5 years,RENT,39000.0,Not Verified,debt_consolidation,NV,39.11,0.0,705.0,709.0,0.0,51.9,8.0,Individual,5,High Risk,Manual Review
143115280,7000.0, 36 months,24.37,E,E2,10+ years,MORTGAGE,75000.0,Source Verified,credit_card,IL,34.82,1.0,665.0,669.0,0.0,71.8,25.0,Individual,6,High Risk,Manual Review
142995551,35000.0, 36 months,15.02,C,C3,< 1 year,MORTGAGE,50000.0,Source Verified,small_business,WA,33.61,2.0,675.0,679.0,1.0,89.1,24.0,Joint App,5,High Risk,Manual Review
142942850,20000.0, 60 months,27.27,E,E5,10+ years,MORTGAGE,78436.0,Verified,home_improvement,CA,16.08,1.0,690.0,694.0,0.0,82.2,20.0,Individual,5,High Risk,Manual Review
141811130,3000.0, 36 months,23.4,E,E1,10+ years,MORTGAGE,49350.0,Source Verified,debt_consolidation,ME,37.45,1.0,670.0,674.0,1.0,59.9,79.0,Individual,6,High Risk,Manual Review
142647336,8550.0, 36 months,23.4,E,E1,10+ years,OWN,55000.0,Verified,debt_consolidation,UT,31.51,0.0,665.0,669.0,2.0,71.0,37.0,Individual,5,High Risk,Manual Review
143204396,12000.0, 60 months,27.27,E,E5,< 1 year,OWN,40000.0,Not Verified,credit_card,NC,39.3,0.0,680.0,684.0,0.0,45.5,28.0,Individual,5,High Risk,Manual Review
142972993,16275.0, 60 months,26.31,E,E4,,MORTGAGE,43000.0,Verified,debt_consolidation,OH,32.82,0.0,705.0,709.0,0.0,93.0,24.0,Individual,6,High Risk,Manual Review
142516576,14900.0, 36 months,23.4,E,E1,3 years,OWN,40000.0,Not Verified,credit_card,LA,35.58,0.0,740.0,744.0,2.0,17.2,27.0,Individual,5,High Risk,Manual Review
143046758,20000.0, 36 months,23.4,E,E1,9 years,RENT,34000.0,Verified,debt_consolidation,TX,65.13,0.0,700.0,704.0,0.0,48.6,19.0,Joint App,5,High Risk,Manual Review
143139615,11000.0, 60 months,25.34,E,E3,10+ years,OWN,86000.0,Verified,medical,TX,32.05,0.0,750.0,754.0,0.0,95.6,10.0,Individual,6,High Risk,Manual Review
142945108,6650.0, 36 months,24.37,E,E2,10+ years,MORTGAGE,65000.0,Verified,debt_consolidation,GA,45.49,0.0,705.0,709.0,0.0,77.2,21.0,Joint App,5,High Risk,Manual Review
143185208,39975.0, 60 months,27.27,E,E5,< 1 year,MORTGAGE,25200.0,Source Verified,debt_consolidation,IN,38.24,0.0,740.0,744.0,0.0,49.4,9.0,Joint App,5,High Risk,Manual Review
143116655,10000.0, 60 months,25.34,E,E3,5 years,MORTGAGE,69000.0,Verified,debt_consolidation,FL,33.37,0.0,660.0,664.0,1.0,99.0,16.0,Individual,6,High Risk,Manual Review
142848112,18650.0, 36 months,27.27,E,E5,1 year,MORTGAGE,45803.0,Verified,debt_consolidation,NY,37.58,0.0,715.0,719.0,0.0,93.3,21.0,Individual,6,High Risk,Manual Review
143183200,3000.0, 36 months,23.4,E,E1,< 1 year,RENT,13000.0,Not Verified,credit_card,NC,35.0,0.0,715.0,719.0,1.0,31.7,6.0,Individual,5,High Risk,Manual Review
142942745,10500.0, 36 months,25.34,E,E3,10+ years,MORTGAGE,55000.0,Not Verified,debt_consolidation,MO,34.69,0.0,720.0,724.0,1.0,0.0,15.0,Joint App,5,High Risk,Manual Review
143174863,15000.0, 36 months,23.4,E,E1,,MORTGAGE,30000.0,Verified,credit_card,WV,41.0,1.0,690.0,694.0,1.0,51.3,35.0,Joint App,6,High Risk,Manual Review
143188932,24000.0, 60 months,26.31,E,E4,6 years,OWN,118700.0,Not Verified,debt_consolidation,VA,30.57,1.0,675.0,679.0,0.0,90.7,53.0,Individual,7,High Risk,Manual Review
142471958,10000.0, 36 months,24.37,E,E2,6 years,OWN,45000.0,Verified,medical,GA,30.93,1.0,670.0,674.0,0.0,80.3,10.0,Joint App,7,High Risk,Manual Review
143172766,25000.0, 60 months,27.27,E,E5,10+ years,RENT,50000.0,Not Verified,debt_consolidation,NJ,31.57,0.0,715.0,719.0,0.0,83.7,8.0,Individual,6,High Risk,Manual Review
143157007,1000.0, 36 months,24.37,E,E2,10+ years,MORTGAGE,70000.0,Source Verified,debt_consolidation,TN,22.75,1.0,685.0,689.0,0.0,90.2,17.0,Individual,5,High Risk,Manual Review
143154216,25000.0, 60 months,27.27,E,E5,,OWN,48000.0,Not Verified,debt_consolidation,CA,30.28,0.0,680.0,684.0,0.0,72.2,16.0,Individual,5,High Risk,Manual Review
143144427,16000.0, 60 months,19.92,D,D3,2 years,RENT,14968.0,Verified,debt_consolidation,TX,106.09,1.0,675.0,679.0,0.0,96.5,16.0,Joint App,5,High Risk,Manual Review
142865943,10000.0, 36 months,23.4,E,E1,3 years,RENT,37000.0,Not Verified,debt_consolidation,NY,48.07,0.0,680.0,684.0,0.0,82.9,12.0,Joint App,6,High Risk,Manual Review
143088613,1500.0, 36 months,23.4,E,E1,< 1 year,RENT,15000.0,Verified,major_purchase,CA,73.28,0.0,690.0,694.0,1.0,88.3,13.0,Joint App,6,High Risk,Manual Review
142890728,12600.0, 36 months,23.4,E,E1,7 years,RENT,34216.0,Source Verified,credit_card,PA,39.53,0.0,720.0,724.0,2.0,47.6,23.0,Individual,5,High Risk,Manual Review
143036657,12000.0, 36 months,23.4,E,E1,5 years,RENT,105000.0,Not Verified,debt_consolidation,VA,8.55,2.0,660.0,664.0,0.0,87.5,27.0,Individual,5,High Risk,Manual Review
142807423,10000.0, 36 months,26.31,E,E4,10+ years,RENT,55000.0,Source Verified,credit_card,VA,34.19,0.0,700.0,704.0,0.0,70.0,15.0,Individual,5,High Risk,Manual Review
143142728,10000.0, 36 months,17.97,D,D1,10+ years,MORTGAGE,60000.0,Not Verified,debt_consolidation,CA,77.94,4.0,665.0,669.0,2.0,88.1,19.0,Joint App,5,High Risk,Manual Review
143103140,5000.0, 36 months,18.94,D,D2,10+ years,MORTGAGE,64000.0,Verified,other,NY,31.48,2.0,675.0,679.0,0.0,85.4,35.0,Individual,5,High Risk,Manual Review
143072479,32000.0, 60 months,26.31,E,E4,2 years,MORTGAGE,60000.0,Verified,home_improvement,GA,31.17,2.0,695.0,699.0,1.0,59.7,37.0,Joint App,6,High Risk,Manual Review
143037892,28300.0, 36 months,27.27,E,E5,8 years,MORTGAGE,53000.0,Verified,credit_card,MT,48.21,0.0,715.0,719.0,0.0,78.0,15.0,Joint App,5,High Risk,Manual Review
143144720,7600.0, 36 months,24.37,E,E2,1 year,RENT,33000.0,Not Verified,debt_consolidation,FL,34.91,0.0,660.0,664.0,1.0,75.4,22.0,Individual,5,High Risk,Manual Review
143137266,33000.0, 60 months,23.4,E,E1,6 years,MORTGAGE,30000.0,Verified,credit_card,FL,50.68,0.0,675.0,679.0,1.0,95.8,21.0,Joint App,6,High Risk,Manual Review
142842426,14350.0, 36 months,27.27,E,E5,1 year,MORTGAGE,31200.0,Verified,car,NY,31.62,0.0,720.0,724.0,2.0,47.2,15.0,Individual,5,High Risk,Manual Review
143037085,20000.0, 60 months,27.27,E,E5,3 years,RENT,36000.0,Verified,debt_consolidation,AL,30.3,0.0,690.0,694.0,0.0,50.8,24.0,Individual,5,High Risk,Manual Review
142504651,11525.0, 36 months,24.37,E,E2,10+ years,OWN,85000.0,Verified,debt_consolidation,NJ,34.25,0.0,705.0,709.0,0.0,44.8,30.0,Individual,5,High Risk,Manual Review
143047060,15000.0, 60 months,25.34,E,E3,3 years,RENT,44000.0,Not Verified,debt_consolidation,AZ,30.09,0.0,715.0,719.0,1.0,23.6,16.0,Individual,5,High Risk,Manual Review
143093593,12000.0, 36 months,24.37,E,E2,4 years,RENT,50000.0,Source Verified,debt_consolidation,NC,32.55,0.0,660.0,664.0,0.0,82.3,18.0,Joint App,6,High Risk,Manual Review
141942116,14400.0, 60 months,25.34,E,E3,10+ years,OWN,70000.0,Source Verified,credit_card,MI,33.24,0.0,665.0,669.0,0.0,78.4,34.0,Individual,5,High Risk,Manual Review
142994041,24000.0, 60 months,16.91,C,C5,10+ years,RENT,85000.0,Verified,debt_consolidation,AZ,36.24,1.0,690.0,694.0,0.0,89.8,22.0,Individual,5,High Risk,Manual Review
142100724,16000.0, 60 months,27.27,E,E5,10+ years,MORTGAGE,65000.0,Verified,debt_consolidation,TX,46.09,1.0,660.0,664.0,1.0,56.8,46.0,Joint App,6,High Risk,Manual Review
142973725,12000.0, 36 months,16.14,C,C4,10+ years,RENT,80000.0,Not Verified,debt_consolidation,MO,33.83,2.0,685.0,689.0,0.0,88.1,18.0,Individual,5,High Risk,Manual Review
143130351,18000.0, 36 months,23.4,E,E1,5 years,RENT,60000.0,Not Verified,debt_consolidation,CT,30.84,0.0,715.0,719.0,0.0,79.6,26.0,Individual,5,High Risk,Manual Review
142590548,35000.0, 36 months,22.35,D,D5,< 1 year,RENT,52013.0,Verified,debt_consolidation,CO,44.13,3.0,660.0,664.0,1.0,88.1,21.0,Joint App,5,High Risk,Manual Review
142536954,26775.0, 36 months,27.27,E,E5,,MORTGAGE,18192.0,Verified,debt_consolidation,CO,79.02,0.0,710.0,714.0,0.0,72.2,58.0,Joint App,5,High Risk,Manual Review
143119834,26000.0, 36 months,23.4,E,E1,10+ years,RENT,110000.0,Source Verified,debt_consolidation,CA,31.44,0.0,660.0,664.0,0.0,57.1,47.0,Individual,5,High Risk,Manual Review
142598498,18475.0, 60 months,27.27,E,E5,2 years,RENT,85000.0,Not Verified,credit_card,CT,37.34,0.0,715.0,719.0,1.0,39.2,38.0,Individual,5,High Risk,Manual Review
143068773,10000.0, 36 months,23.4,E,E1,6 years,RENT,64000.0,Not Verified,credit_card,VA,38.0,0.0,730.0,734.0,0.0,32.5,43.0,Individual,5,High Risk,Manual Review
143109049,9900.0, 36 months,25.34,E,E3,,OWN,75000.0,Source Verified,debt_consolidation,PA,12.3,1.0,670.0,674.0,1.0,93.5,20.0,Individual,5,High Risk,Manual Review
142989515,20000.0, 36 months,15.02,C,C3,10+ years,RENT,64113.48,Not Verified,debt_consolidation,IN,34.24,7.0,660.0,664.0,0.0,83.2,18.0,Individual,5,High Risk,Manual Review
143100700,35000.0, 60 months,24.37,E,E2,2 years,RENT,102180.91,Verified,debt_consolidation,CO,38.78,0.0,680.0,684.0,0.0,98.0,31.0,Individual,6,High Risk,Manual Review
141881814,20000.0, 36 months,24.37,E,E2,1 year,RENT,70000.0,Source Verified,debt_consolidation,CA,35.16,0.0,685.0,689.0,0.0,70.0,20.0,Individual,5,High Risk,Manual Review
142391815,24000.0, 60 months,26.31,E,E4,10+ years,MORTGAGE,125000.0,Source Verified,debt_consolidation,FL,33.95,0.0,690.0,694.0,1.0,76.3,49.0,Individual,5,High Risk,Manual Review
142614388,6000.0, 36 months,27.27,E,E5,,MORTGAGE,43423.0,Not Verified,other,TX,34.55,0.0,695.0,699.0,2.0,23.6,22.0,Individual,5,High Risk,Manual Review
142547699,1800.0, 36 months,23.4,E,E1,10+ years,MORTGAGE,87000.0,Not Verified,other,DC,35.61,0.0,680.0,684.0,0.0,84.9,40.0,Joint App,6,High Risk,Manual Review
143039670,10000.0, 36 months,23.4,E,E1,10+ years,MORTGAGE,41000.0,Verified,debt_consolidation,KS,38.58,1.0,665.0,669.0,1.0,55.1,17.0,Individual,6,High Risk,Manual Review
143067047,11100.0, 36 months,25.34,E,E3,< 1 year,MORTGAGE,44000.0,Not Verified,debt_consolidation,AR,36.61,0.0,660.0,664.0,0.0,77.6,38.0,Individual,5,High Risk,Manual Review
141608186,12875.0, 36 months,25.34,E,E3,1 year,RENT,15000.0,Source Verified,house,MI,45.44,0.0,690.0,694.0,2.0,58.6,17.0,Joint App,5,High Risk,Manual Review
143065678,11000.0, 60 months,27.27,E,E5,4 years,RENT,33000.0,Not Verified,debt_consolidation,NY,31.53,0.0,665.0,669.0,0.0,40.4,29.0,Individual,5,High Risk,Manual Review
142992326,16350.0, 60 months,25.34,E,E3,3 years,RENT,46000.0,Not Verified,debt_consolidation,KY,36.11,0.0,695.0,699.0,0.0,90.0,20.0,Individual,6,High Risk,Manual Review
142972782,20000.0, 60 months,29.69,F,F2,1 year,OWN,64000.0,Not Verified,home_improvement,AZ,33.31,0.0,680.0,684.0,1.0,38.2,18.0,Individual,5,High Risk,Manual Review
142890400,35000.0, 60 months,25.34,E,E3,10+ years,MORTGAGE,76000.0,Verified,debt_consolidation,MI,39.14,0.0,665.0,669.0,1.0,82.6,27.0,Joint App,6,High Risk,Manual Review
142556840,35000.0, 60 months,24.37,E,E2,2 years,RENT,198000.0,Verified,debt_consolidation,LA,21.53,3.0,670.0,674.0,0.0,88.2,40.0,Joint App,5,High Risk,Manual Review
142580759,18000.0, 60 months,25.34,E,E3,< 1 year,MORTGAGE,60000.0,Verified,credit_card,TX,42.42,0.0,695.0,699.0,0.0,42.7,47.0,Joint App,5,High Risk,Manual Review
142339480,35000.0, 36 months,30.99,G,G5,10+ years,MORTGAGE,70960.0,Verified,debt_consolidation,TX,55.28,0.0,665.0,669.0,0.0,82.9,44.0,Joint App,6,High Risk,Manual Review
143050868,10000.0, 60 months,28.72,F,F1,,RENT,25193.0,Not Verified,debt_consolidation,CA,37.59,0.0,695.0,699.0,0.0,53.9,16.0,Individual,5,High Risk,Manual Review
142918036,5000.0, 36 months,23.4,E,E1,,MORTGAGE,35000.0,Verified,debt_consolidation,UT,35.12,0.0,690.0,694.0,0.0,56.2,16.0,Individual,5,High Risk,Manual Review
143014178,19200.0, 36 months,23.4,E,E1,4 years,RENT,145000.0,Not Verified,home_improvement,CA,7.09,1.0,665.0,669.0,0.0,87.0,11.0,Individual,5,High Risk,Manual Review
142945182,10000.0, 60 months,27.27,E,E5,,RENT,20400.0,Not Verified,debt_consolidation,FL,35.04,1.0,665.0,669.0,0.0,35.9,16.0,Individual,6,High Risk,Manual Review
142881390,10350.0, 36 months,27.27,E,E5,,RENT,36103.0,Verified,debt_consolidation,GA,31.05,0.0,710.0,714.0,1.0,48.8,18.0,Joint App,5,High Risk,Manual Review
142885137,10000.0, 60 months,25.34,E,E3,10+ years,MORTGAGE,135145.0,Source Verified,debt_consolidation,TN,32.66,2.0,685.0,689.0,1.0,98.4,40.0,Individual,7,High Risk,Manual Review
142518839,12000.0, 36 months,19.92,D,D3,,MORTGAGE,48000.0,Verified,car,NJ,37.85,3.0,660.0,664.0,0.0,80.1,17.0,Joint App,5,High Risk,Manual Review
142677398,16000.0, 36 months,23.4,E,E1,,MORTGAGE,43733.0,Source Verified,debt_consolidation,TN,34.22,0.0,705.0,709.0,1.0,42.4,22.0,Joint App,5,High Risk,Manual Review
141606873,8400.0, 36 months,24.37,E,E2,3 years,RENT,40000.0,Source Verified,debt_consolidation,FL,37.26,0.0,735.0,739.0,0.0,27.5,23.0,Individual,5,High Risk,Manual Review
142889162,25000.0, 36 months,23.4,E,E1,5 years,RENT,108000.0,Verified,credit_card,TX,32.26,0.0,705.0,709.0,0.0,94.3,13.0,Individual,6,High Risk,Manual Review
143034481,20000.0, 36 months,23.4,E,E1,7 years,RENT,55000.0,Source Verified,debt_consolidation,FL,31.99,0.0,665.0,669.0,0.0,84.0,13.0,Individual,6,High Risk,Manual Review
143045476,11200.0, 36 months,26.31,E,E4,10+ years,MORTGAGE,72000.0,Verified,debt_consolidation,TX,32.21,4.0,675.0,679.0,0.0,67.7,29.0,Joint App,6,High Risk,Manual Review
142921676,28000.0, 60 months,25.34,E,E3,10+ years,MORTGAGE,170000.0,Verified,debt_consolidation,VA,25.26,5.0,675.0,679.0,1.0,87.5,44.0,Individual,5,High Risk,Manual Review
143034295,22700.0, 36 months,27.27,E,E5,< 1 year,MORTGAGE,100000.0,Not Verified,debt_consolidation,NJ,32.33,1.0,680.0,684.0,1.0,21.2,40.0,Individual,6,High Risk,Manual Review
142996175,27650.0, 36 months,26.31,E,E4,4 years,MORTGAGE,20000.0,Not Verified,debt_consolidation,IL,84.21,0.0,715.0,719.0,0.0,85.2,13.0,Joint App,6,High Risk,Manual Review
142805689,16800.0, 36 months,25.34,E,E3,4 years,OWN,40000.0,Verified,debt_consolidation,GA,36.48,0.0,680.0,684.0,1.0,68.8,21.0,Individual,5,High Risk,Manual Review
142904005,35000.0, 36 months,25.34,E,E3,10+ years,RENT,56124.0,Source Verified,debt_consolidation,SC,34.87,0.0,670.0,674.0,0.0,67.9,20.0,Joint App,5,High Risk,Manual Review
143032417,25000.0, 36 months,23.4,E,E1,10+ years,MORTGAGE,78000.0,Source Verified,debt_consolidation,MI,31.22,0.0,690.0,694.0,0.0,74.7,30.0,Individual,5,High Risk,Manual Review
142594892,15000.0, 60 months,25.34,E,E3,3 years,RENT,30000.0,Source Verified,debt_consolidation,CT,31.76,0.0,670.0,674.0,1.0,44.8,9.0,Joint App,5,High Risk,Manual Review
143003774,1000.0, 36 months,25.34,E,E3,1 year,OWN,42000.0,Not Verified,debt_consolidation,RI,39.91,0.0,725.0,729.0,0.0,37.6,32.0,Individual,5,High Risk,Manual Review
143009272,10000.0, 36 months,23.4,E,E1,,MORTGAGE,54960.0,Not Verified,credit_card,NY,32.88,0.0,695.0,699.0,1.0,49.6,9.0,Individual,5,High Risk,Manual Review
143008903,10000.0, 36 months,25.34,E,E3,2 years,RENT,32000.0,Not Verified,debt_consolidation,VA,47.45,0.0,680.0,684.0,0.0,24.4,14.0,Joint App,5,High Risk,Manual Review
142737261,30000.0, 36 months,24.37,E,E2,,RENT,24000.0,Verified,major_purchase,OK,50.9,0.0,670.0,674.0,1.0,60.4,19.0,Joint App,5,High Risk,Manual Review
142789762,4000.0, 36 months,26.31,E,E4,5 years,RENT,100000.0,Verified,house,FL,32.37,0.0,700.0,704.0,0.0,88.6,25.0,Individual,6,High Risk,Manual Review
143008248,35000.0, 36 months,23.4,E,E1,8 years,MORTGAGE,125000.0,Verified,debt_consolidation,AL,35.14,0.0,700.0,704.0,1.0,80.0,42.0,Individual,5,High Risk,Manual Review
142837544,10925.0, 36 months,28.72,F,F1,,MORTGAGE,25812.0,Verified,debt_consolidation,OH,37.19,0.0,690.0,694.0,0.0,56.1,17.0,Joint App,5,High Risk,Manual Review
142891564,25000.0, 36 months,25.34,E,E3,4 years,RENT,72000.0,Source Verified,credit_card,NY,36.55,0.0,680.0,684.0,0.0,89.6,21.0,Individual,6,High Risk,Manual Review
142867482,5600.0, 36 months,23.4,E,E1,10+ years,RENT,82000.0,Source Verified,debt_consolidation,CA,38.45,0.0,735.0,739.0,1.0,29.6,26.0,Individual,5,High Risk,Manual Review
141426707,12000.0, 60 months,26.31,E,E4,10+ years,MORTGAGE,30000.0,Source Verified,major_purchase,KY,142.88,0.0,690.0,694.0,2.0,92.5,26.0,Joint App,6,High Risk,Manual Review
142899699,26325.0, 60 months,26.31,E,E4,10+ years,OWN,65000.0,Source Verified,debt_consolidation,OK,38.88,0.0,720.0,724.0,0.0,29.2,36.0,Individual,5,High Risk,Manual Review
142889565,15000.0, 36 months,23.4,E,E1,6 years,RENT,61000.0,Source Verified,debt_consolidation,OK,36.45,0.0,695.0,699.0,0.0,64.2,25.0,Individual,5,High Risk,Manual Review
142597815,24000.0, 60 months,29.69,F,F2,6 years,RENT,30000.0,Not Verified,debt_consolidation,GA,52.16,0.0,675.0,679.0,0.0,48.9,16.0,Joint App,5,High Risk,Manual Review
142326844,20000.0, 60 months,25.34,E,E3,5 years,MORTGAGE,78000.0,Source Verified,other,GA,36.31,0.0,685.0,689.0,0.0,40.2,31.0,Individual,5,High Risk,Manual Review
142581548,6000.0, 36 months,25.34,E,E3,< 1 year,MORTGAGE,2000.0,Not Verified,debt_consolidation,KS,244.58,2.0,660.0,664.0,1.0,63.1,16.0,Joint App,6,High Risk,Manual Review
142653516,34825.0, 36 months,23.4,E,E1,5 years,MORTGAGE,40000.0,Verified,debt_consolidation,IL,38.37,0.0,720.0,724.0,0.0,96.1,14.0,Joint App,6,High Risk,Manual Review
142586631,14200.0, 36 months,27.27,E,E5,10+ years,RENT,72000.0,Source Verified,debt_consolidation,NC,34.2,0.0,725.0,729.0,1.0,53.1,10.0,Individual,5,High Risk,Manual Review
142973255,10000.0, 36 months,25.34,E,E3,,OWN,54432.0,Not Verified,debt_consolidation,WA,38.58,0.0,670.0,674.0,0.0,93.8,22.0,Individual,6,High Risk,Manual Review
142991954,26825.0, 60 months,24.37,E,E2,,MORTGAGE,65563.0,Not Verified,credit_card,WY,32.6,0.0,725.0,729.0,0.0,71.2,24.0,Individual,5,High Risk,Manual Review
142914212,24000.0, 60 months,27.27,E,E5,< 1 year,RENT,90000.0,Verified,debt_consolidation,AZ,37.81,0.0,685.0,689.0,1.0,35.9,60.0,Individual,5,High Risk,Manual Review
142829105,21000.0, 60 months,27.27,E,E5,1 year,MORTGAGE,18000.0,Source Verified,debt_consolidation,AL,36.33,0.0,700.0,704.0,0.0,89.0,10.0,Joint App,6,High Risk,Manual Review
142953444,10000.0, 60 months,27.27,E,E5,10+ years,MORTGAGE,28000.0,Not Verified,other,FL,35.83,3.0,710.0,714.0,0.0,23.9,28.0,Joint App,6,High Risk,Manual Review
142697645,7200.0, 36 months,23.4,E,E1,4 years,RENT,70000.0,Source Verified,debt_consolidation,CA,35.52,0.0,660.0,664.0,1.0,20.1,18.0,Individual,5,High Risk,Manual Review
142684473,11100.0, 36 months,27.27,E,E5,10+ years,MORTGAGE,135000.0,Verified,debt_consolidation,CA,33.74,0.0,685.0,689.0,1.0,83.7,35.0,Individual,6,High Risk,Manual Review
142642118,10000.0, 60 months,27.27,E,E5,5 years,ANY,22992.0,Not Verified,debt_consolidation,GA,30.01,0.0,725.0,729.0,1.0,10.5,11.0,Individual,5,High Risk,Manual Review
141640328,30000.0, 36 months,18.94,D,D2,10+ years,OWN,99000.0,Source Verified,debt_consolidation,VA,30.56,1.0,660.0,664.0,2.0,88.5,20.0,Individual,5,High Risk,Manual Review
142899157,25000.0, 60 months,27.27,E,E5,6 years,OWN,92000.0,Verified,credit_card,GA,35.61,0.0,665.0,669.0,1.0,80.0,29.0,Individual,5,High Risk,Manual Review
142808157,25500.0, 60 months,26.31,E,E4,10+ years,MORTGAGE,65000.0,Verified,debt_consolidation,WV,18.76,2.0,690.0,694.0,0.0,116.3,20.0,Individual,5,High Risk,Manual Review
142898828,4100.0, 36 months,23.4,E,E1,8 years,MORTGAGE,40000.0,Not Verified,home_improvement,AR,36.09,0.0,660.0,664.0,0.0,28.0,15.0,Individual,5,High Risk,Manual Review
142088752,25000.0, 60 months,19.92,D,D3,6 years,MORTGAGE,35000.0,Verified,debt_consolidation,MN,46.71,2.0,665.0,669.0,0.0,90.1,14.0,Joint App,5,High Risk,Manual Review
142843076,8925.0, 36 months,26.31,E,E4,,MORTGAGE,84000.0,Not Verified,debt_consolidation,GA,34.93,1.0,680.0,684.0,0.0,52.5,18.0,Individual,6,High Risk,Manual Review
142472024,4525.0, 36 months,28.72,F,F1,3 years,RENT,15600.0,Verified,debt_consolidation,TX,33.85,0.0,675.0,679.0,2.0,43.2,20.0,Individual,5,High Risk,Manual Review
142915552,30000.0, 60 months,28.72,F,F1,2 years,MORTGAGE,73000.0,Verified,debt_consolidation,TX,30.54,0.0,690.0,694.0,0.0,78.6,20.0,Individual,5,High Risk,Manual Review
142062697,5000.0, 36 months,22.35,D,D5,5 years,RENT,37000.0,Not Verified,other,ME,30.36,2.0,660.0,664.0,0.0,87.0,23.0,Individual,5,High Risk,Manual Review
142035836,25000.0, 36 months,27.27,E,E5,3 years,RENT,68000.0,Not Verified,debt_consolidation,IL,33.43,0.0,715.0,719.0,0.0,50.3,17.0,Individual,5,High Risk,Manual Review
142917446,25000.0, 36 months,26.31,E,E4,4 years,MORTGAGE,110000.0,Verified,credit_card,IL,35.71,0.0,690.0,694.0,0.0,97.0,43.0,Individual,6,High Risk,Manual Review
142160943,6000.0, 36 months,23.4,E,E1,,MORTGAGE,33960.0,Not Verified,home_improvement,NC,39.93,0.0,685.0,689.0,0.0,34.1,23.0,Individual,5,High Risk,Manual Review
142949631,19125.0, 36 months,23.4,E,E1,< 1 year,MORTGAGE,25791.0,Verified,debt_consolidation,MI,52.21,0.0,690.0,694.0,2.0,67.0,11.0,Joint App,5,High Risk,Manual Review
142367958,14250.0, 60 months,29.69,F,F2,3 years,MORTGAGE,100000.0,Source Verified,debt_consolidation,OK,31.02,0.0,720.0,724.0,0.0,66.7,26.0,Joint App,5,High Risk,Manual Review
142690094,16000.0, 60 months,24.37,E,E2,,OWN,94000.0,Verified,credit_card,IL,30.15,0.0,660.0,664.0,0.0,76.6,16.0,Individual,5,High Risk,Manual Review
142953169,11000.0, 60 months,27.27,E,E5,1 year,RENT,50000.0,Not Verified,debt_consolidation,TX,32.72,0.0,735.0,739.0,0.0,37.0,40.0,Individual,5,High Risk,Manual Review
142895404,25000.0, 36 months,23.4,E,E1,10+ years,MORTGAGE,127000.0,Not Verified,debt_consolidation,VA,37.67,0.0,690.0,694.0,1.0,89.3,56.0,Individual,6,High Risk,Manual Review
142116214,24800.0, 60 months,28.72,F,F1,10+ years,OWN,34265.0,Verified,credit_card,KS,34.36,0.0,730.0,734.0,0.0,93.4,8.0,Individual,6,High Risk,Manual Review
142848843,14600.0, 36 months,25.34,E,E3,,MORTGAGE,14000.0,Verified,home_improvement,GA,210.55,0.0,720.0,724.0,1.0,83.9,12.0,Joint App,6,High Risk,Manual Review
142927642,18000.0, 60 months,25.34,E,E3,< 1 year,RENT,90000.0,Source Verified,debt_consolidation,FL,6.44,3.0,660.0,664.0,1.0,92.0,15.0,Individual,5,High Risk,Manual Review
142411203,39875.0, 60 months,26.31,E,E4,10+ years,MORTGAGE,44000.0,Verified,debt_consolidation,AR,46.93,0.0,765.0,769.0,0.0,36.1,18.0,Joint App,5,High Risk,Manual Review
142871540,40000.0, 60 months,27.27,E,E5,5 years,MORTGAGE,40000.0,Source Verified,debt_consolidation,GA,58.63,0.0,710.0,714.0,0.0,82.8,31.0,Joint App,6,High Risk,Manual Review
142922182,11000.0, 60 months,27.27,E,E5,3 years,OWN,63000.0,Not Verified,debt_consolidation,PA,30.45,0.0,675.0,679.0,0.0,58.6,41.0,Individual,5,High Risk,Manual Review
142879693,25000.0, 36 months,25.34,E,E3,10+ years,MORTGAGE,75000.0,Source Verified,debt_consolidation,NE,32.3,0.0,705.0,709.0,0.0,70.5,39.0,Individual,5,High Risk,Manual Review
142785912,12000.0, 60 months,26.31,E,E4,3 years,OWN,54600.0,Not Verified,credit_card,TX,36.0,0.0,685.0,689.0,0.0,48.8,34.0,Individual,5,High Risk,Manual Review
142155720,3600.0, 36 months,24.37,E,E2,1 year,RENT,40000.0,Not Verified,debt_consolidation,MD,34.02,0.0,695.0,699.0,0.0,28.0,19.0,Individual,5,High Risk,Manual Review
142556876,12000.0, 60 months,27.27,E,E5,2 years,MORTGAGE,93500.0,Source Verified,home_improvement,VA,25.48,6.0,670.0,674.0,2.0,87.3,26.0,Joint App,5,High Risk,Manual Review
142387753,10000.0, 60 months,26.31,E,E4,10+ years,RENT,72000.0,Source Verified,debt_consolidation,CT,14.98,1.0,670.0,674.0,1.0,82.4,19.0,Individual,5,High Risk,Manual Review
142703376,20000.0, 60 months,27.27,E,E5,10+ years,MORTGAGE,70000.0,Source Verified,debt_consolidation,MS,36.72,0.0,675.0,679.0,0.0,61.9,28.0,Individual,5,High Risk,Manual Review
142852339,3500.0, 36 months,25.34,E,E3,10+ years,MORTGAGE,60000.0,Not Verified,debt_consolidation,CO,52.1,0.0,665.0,669.0,0.0,99.8,36.0,Joint App,6,High Risk,Manual Review
142729527,40000.0, 36 months,25.34,E,E3,,OWN,15000.0,Verified,debt_consolidation,TX,127.6,0.0,680.0,684.0,0.0,68.2,21.0,Joint App,5,High Risk,Manual Review
142031826,20575.0, 60 months,25.34,E,E3,2 years,RENT,50000.0,Verified,debt_consolidation,CO,39.39,0.0,670.0,674.0,2.0,43.7,43.0,Individual,5,High Risk,Manual Review
142891317,30000.0, 60 months,24.37,E,E2,2 years,MORTGAGE,94000.0,Not Verified,credit_card,AR,31.12,0.0,680.0,684.0,0.0,56.2,58.0,Individual,5,High Risk,Manual Review
142682883,12000.0, 36 months,19.92,D,D3,10+ years,MORTGAGE,65000.0,Verified,debt_consolidation,UT,61.06,1.0,665.0,669.0,0.0,83.6,39.0,Joint App,5,High Risk,Manual Review
141484793,21000.0, 60 months,28.72,F,F1,3 years,RENT,52000.0,Source Verified,debt_consolidation,CA,36.65,0.0,710.0,714.0,0.0,61.8,19.0,Individual,5,High Risk,Manual Review
142899562,6000.0, 36 months,23.4,E,E1,10+ years,RENT,70000.0,Source Verified,debt_consolidation,MI,9.29,1.0,660.0,664.0,1.0,94.6,18.0,Individual,5,High Risk,Manual Review
142594636,21000.0, 36 months,27.27,E,E5,10+ years,MORTGAGE,50000.0,Source Verified,debt_consolidation,AR,33.15,0.0,675.0,679.0,1.0,80.1,24.0,Joint App,6,High Risk,Manual Review
142809418,35000.0, 36 months,26.31,E,E4,10+ years,MORTGAGE,125000.0,Source Verified,debt_consolidation,MS,33.59,0.0,690.0,694.0,0.0,100.0,15.0,Individual,6,High Risk,Manual Review
142519312,15425.0, 36 months,23.4,E,E1,3 years,RENT,37000.0,Verified,debt_consolidation,WA,56.8,0.0,705.0,709.0,0.0,58.5,18.0,Joint App,5,High Risk,Manual Review
142834937,18000.0, 60 months,22.35,D,D5,3 years,RENT,50700.0,Source Verified,debt_consolidation,OH,31.1,1.0,670.0,674.0,0.0,82.4,30.0,Individual,5,High Risk,Manual Review
142885960,1000.0, 36 months,23.4,E,E1,10+ years,OWN,43500.0,Not Verified,home_improvement,VA,37.88,0.0,685.0,689.0,3.0,64.0,20.0,Individual,5,High Risk,Manual Review
142840515,35000.0, 60 months,24.37,E,E2,< 1 year,MORTGAGE,180000.0,Source Verified,debt_consolidation,MO,22.71,1.0,685.0,689.0,1.0,83.0,30.0,Individual,5,High Risk,Manual Review
142410293,28000.0, 36 months,26.31,E,E4,2 years,RENT,119000.0,Not Verified,debt_consolidation,VA,61.43,1.0,695.0,699.0,0.0,32.6,34.0,Joint App,6,High Risk,Manual Review
142882777,6000.0, 36 months,23.4,E,E1,3 years,RENT,48006.0,Not Verified,debt_consolidation,NY,34.15,0.0,710.0,714.0,1.0,22.0,37.0,Individual,5,High Risk,Manual Review
142674826,7000.0, 36 months,23.4,E,E1,10+ years,MORTGAGE,42000.0,Verified,debt_consolidation,WI,41.51,0.0,715.0,719.0,0.0,74.6,22.0,Joint App,5,High Risk,Manual Review
142580632,35000.0, 36 months,16.14,C,C4,,OWN,100000.0,Verified,debt_consolidation,IL,30.97,1.0,665.0,669.0,0.0,85.0,53.0,Individual,5,High Risk,Manual Review
142883574,10000.0, 36 months,27.27,E,E5,6 years,RENT,62400.0,Not Verified,other,NJ,35.13,0.0,690.0,694.0,0.0,54.5,11.0,Individual,5,High Risk,Manual Review
142044046,25000.0, 60 months,27.27,E,E5,10+ years,MORTGAGE,101000.0,Not Verified,debt_consolidation,TX,32.98,3.0,700.0,704.0,0.0,70.6,30.0,Joint App,6,High Risk,Manual Review
142831520,20000.0, 60 months,27.27,E,E5,< 1 year,MORTGAGE,105000.0,Not Verified,credit_card,NM,38.42,2.0,665.0,669.0,2.0,89.9,25.0,Joint App,7,High Risk,Manual Review
141797989,25000.0, 60 months,27.27,E,E5,10+ years,MORTGAGE,25000.0,Verified,debt_consolidation,NV,112.72,0.0,685.0,689.0,1.0,73.8,31.0,Joint App,5,High Risk,Manual Review
142842114,25000.0, 60 months,27.27,E,E5,,MORTGAGE,65000.0,Verified,debt_consolidation,GA,37.94,0.0,710.0,714.0,2.0,29.0,32.0,Individual,5,High Risk,Manual Review
141280479,13000.0, 36 months,26.31,E,E4,10+ years,MORTGAGE,117200.0,Source Verified,debt_consolidation,MD,32.86,0.0,710.0,714.0,0.0,63.2,33.0,Joint App,5,High Risk,Manual Review
141333436,35000.0, 60 months,30.75,F,F5,7 years,MORTGAGE,55000.0,Not Verified,debt_consolidation,TX,59.48,2.0,665.0,669.0,0.0,62.9,18.0,Joint App,6,High Risk,Manual Review
142884011,1600.0, 36 months,26.31,E,E4,3 years,RENT,45000.0,Verified,other,MO,31.28,0.0,695.0,699.0,0.0,81.8,15.0,Individual,6,High Risk,Manual Review
142479118,10000.0, 36 months,23.4,E,E1,10+ years,MORTGAGE,42000.0,Source Verified,debt_consolidation,VA,37.74,3.0,665.0,669.0,1.0,73.4,25.0,Individual,6,High Risk,Manual Review
141314486,5000.0, 36 months,23.4,E,E1,7 years,MORTGAGE,141000.0,Not Verified,major_purchase,CA,31.5,0.0,710.0,714.0,0.0,87.8,26.0,Individual,6,High Risk,Manual Review
142413293,5000.0, 36 months,17.97,D,D1,,MORTGAGE,27000.0,Verified,home_improvement,WV,45.35,1.0,710.0,714.0,1.0,81.7,6.0,Joint App,5,High Risk,Manual Review
141936930,6600.0, 36 months,23.4,E,E1,5 years,RENT,26000.0,Source Verified,debt_consolidation,PA,34.03,0.0,690.0,694.0,0.0,84.3,16.0,Individual,6,High Risk,Manual Review
142504029,25000.0, 36 months,26.31,E,E4,7 years,RENT,120000.0,Source Verified,debt_consolidation,CA,32.07,0.0,680.0,684.0,1.0,65.5,25.0,Individual,5,High Risk,Manual Review
142880323,16000.0, 60 months,27.27,E,E5,6 years,RENT,131000.0,Not Verified,debt_consolidation,CA,37.7,0.0,700.0,704.0,0.0,83.0,57.0,Individual,6,High Risk,Manual Review
141821433,33275.0, 36 months,23.4,E,E1,10+ years,OWN,30000.0,Not Verified,debt_consolidation,TX,73.84,1.0,735.0,739.0,0.0,12.3,28.0,Joint App,6,High Risk,Manual Review
141280061,15000.0, 60 months,25.34,E,E3,6 years,RENT,58000.0,Source Verified,debt_consolidation,FL,34.02,0.0,665.0,669.0,0.0,60.6,21.0,Individual,5,High Risk,Manual Review
142170672,7350.0, 36 months,25.34,E,E3,6 years,MORTGAGE,45000.0,Not Verified,debt_consolidation,CO,39.67,0.0,710.0,714.0,1.0,87.7,16.0,Joint App,6,High Risk,Manual Review
141587752,33375.0, 60 months,30.79,G,G1,10+ years,MORTGAGE,85000.0,Verified,debt_consolidation,MN,40.19,0.0,715.0,719.0,0.0,73.1,20.0,Joint App,5,High Risk,Manual Review
142647458,16000.0, 60 months,25.34,E,E3,2 years,RENT,45000.0,Source Verified,credit_card,FL,33.57,0.0,690.0,694.0,2.0,52.6,26.0,Individual,5,High Risk,Manual Review
141161845,24000.0, 60 months,26.31,E,E4,5 years,RENT,92000.0,Not Verified,debt_consolidation,CA,31.88,0.0,710.0,714.0,0.0,44.4,29.0,Individual,5,High Risk,Manual Review
141282915,12000.0, 60 months,28.72,F,F1,10+ years,RENT,50000.0,Source Verified,debt_consolidation,NY,30.39,0.0,685.0,689.0,2.0,31.9,64.0,Individual,5,High Risk,Manual Review
142687531,9725.0, 36 months,26.31,E,E4,7 years,MORTGAGE,52000.0,Not Verified,debt_consolidation,VT,36.21,0.0,720.0,724.0,0.0,49.0,17.0,Individual,5,High Risk,Manual Review
142785328,35000.0, 60 months,26.31,E,E4,9 years,RENT,90000.0,Verified,debt_consolidation,IL,34.0,0.0,715.0,719.0,0.0,81.0,21.0,Individual,6,High Risk,Manual Review
142798619,10000.0, 36 months,24.37,E,E2,10+ years,MORTGAGE,160000.0,Source Verified,credit_card,CA,25.18,1.0,665.0,669.0,0.0,93.3,33.0,Individual,5,High Risk,Manual Review
142868226,9500.0, 36 months,24.37,E,E2,< 1 year,MORTGAGE,15000.0,Not Verified,debt_consolidation,MD,76.0,0.0,675.0,679.0,0.0,71.3,11.0,Joint App,5,High Risk,Manual Review
141778198,35000.0, 60 months,27.27,E,E5,< 1 year,RENT,20000.0,Verified,debt_consolidation,WA,119.63,0.0,665.0,669.0,2.0,61.0,20.0,Joint App,5,High Risk,Manual Review
142702522,10000.0, 60 months,27.27,E,E5,2 years,RENT,65000.0,Source Verified,moving,NJ,35.78,0.0,690.0,694.0,1.0,48.9,13.0,Individual,5,High Risk,Manual Review
142853538,25000.0, 60 months,27.27,E,E5,10+ years,MORTGAGE,116725.0,Verified,debt_consolidation,KS,35.48,0.0,670.0,674.0,0.0,72.5,47.0,Individual,5,High Risk,Manual Review
141927270,32200.0, 36 months,25.34,E,E3,,MORTGAGE,10000.0,Not Verified,debt_consolidation,OR,81.99,0.0,710.0,714.0,0.0,23.9,25.0,Joint App,5,High Risk,Manual Review
142844535,20000.0, 60 months,27.27,E,E5,< 1 year,OWN,30000.0,Not Verified,credit_card,FL,31.52,0.0,685.0,689.0,0.0,44.0,8.0,Individual,5,High Risk,Manual Review
142809060,1500.0, 36 months,25.34,E,E3,,MORTGAGE,44412.0,Not Verified,debt_consolidation,OH,34.21,0.0,750.0,754.0,2.0,81.3,17.0,Individual,6,High Risk,Manual Review
142813436,35000.0, 60 months,23.4,E,E1,5 years,MORTGAGE,150000.0,Verified,debt_consolidation,AZ,29.06,11.0,665.0,669.0,1.0,85.0,45.0,Individual,5,High Risk,Manual Review
142766151,35000.0, 36 months,26.31,E,E4,,OWN,0.0,Not Verified,debt_consolidation,AR,,1.0,670.0,674.0,0.0,88.5,25.0,Joint App,5,High Risk,Manual Review
142591919,18825.0, 60 months,27.27,E,E5,,MORTGAGE,17184.0,Verified,debt_consolidation,AZ,36.59,0.0,680.0,684.0,0.0,74.3,11.0,Joint App,5,High Risk,Manual Review
142823606,9300.0, 36 months,24.37,E,E2,4 years,MORTGAGE,65000.0,Not Verified,credit_card,CO,33.07,0.0,670.0,674.0,1.0,57.0,30.0,Individual,5,High Risk,Manual Review
142374127,30000.0, 36 months,24.37,E,E2,5 years,RENT,90250.0,Verified,debt_consolidation,WA,35.47,0.0,675.0,679.0,2.0,32.1,50.0,Individual,5,High Risk,Manual Review
142567543,25000.0, 36 months,24.37,E,E2,< 1 year,OWN,72000.0,Source Verified,credit_card,AL,35.63,0.0,685.0,689.0,1.0,54.6,39.0,Individual,5,High Risk,Manual Review
142503590,20000.0, 60 months,26.31,E,E4,,RENT,16000.0,Verified,credit_card,AZ,81.7,2.0,665.0,669.0,0.0,78.1,20.0,Joint App,6,High Risk,Manual Review
142833160,20000.0, 60 months,27.27,E,E5,6 years,RENT,45000.0,Source Verified,debt_consolidation,IL,37.92,1.0,675.0,679.0,0.0,80.0,13.0,Individual,6,High Risk,Manual Review
142650017,15600.0, 36 months,23.4,E,E1,6 years,RENT,36250.0,Source Verified,debt_consolidation,NJ,37.72,0.0,700.0,704.0,0.0,53.3,26.0,Individual,5,High Risk,Manual Review
142824312,25000.0, 60 months,26.31,E,E4,5 years,RENT,57176.0,Source Verified,debt_consolidation,FL,37.34,0.0,735.0,739.0,0.0,34.9,24.0,Individual,5,High Risk,Manual Review
142789657,15400.0, 60 months,30.17,F,F3,4 years,MORTGAGE,48000.0,Not Verified,debt_consolidation,MO,32.03,0.0,685.0,689.0,0.0,79.6,19.0,Individual,5,High Risk,Manual Review
142793119,12000.0, 36 months,23.4,E,E1,,RENT,64000.0,Not Verified,other,AZ,38.68,0.0,675.0,679.0,4.0,39.6,43.0,Individual,5,High Risk,Manual Review
142673665,27000.0, 60 months,30.17,F,F3,10+ years,RENT,60000.0,Verified,debt_consolidation,FL,33.6,0.0,685.0,689.0,1.0,89.0,27.0,Individual,6,High Risk,Manual Review
142769783,25000.0, 36 months,26.31,E,E4,10+ years,OWN,88000.0,Source Verified,debt_consolidation,CA,32.24,0.0,690.0,694.0,1.0,46.6,31.0,Individual,5,High Risk,Manual Review
142786614,29050.0, 60 months,25.34,E,E3,5 years,MORTGAGE,60000.0,Not Verified,debt_consolidation,FL,39.56,0.0,675.0,679.0,0.0,36.1,15.0,Joint App,5,High Risk,Manual Review
142787246,20000.0, 60 months,25.34,E,E3,2 years,RENT,48000.0,Source Verified,credit_card,CA,31.3,0.0,690.0,694.0,0.0,100.0,25.0,Individual,6,High Risk,Manual Review
142767145,3000.0, 36 months,23.4,E,E1,5 years,RENT,70000.0,Not Verified,debt_consolidation,CA,32.59,0.0,705.0,709.0,0.0,55.4,41.0,Individual,5,High Risk,Manual Review
142757894,30000.0, 36 months,26.31,E,E4,3 years,RENT,33000.0,Verified,debt_consolidation,FL,35.42,0.0,705.0,709.0,0.0,46.6,19.0,Joint App,5,High Risk,Manual Review
142786411,10000.0, 60 months,18.94,D,D2,10+ years,MORTGAGE,63000.0,Source Verified,debt_consolidation,NE,39.41,1.0,685.0,689.0,0.0,100.2,19.0,Individual,5,High Risk,Manual Review
142764266,15300.0, 36 months,20.89,D,D4,10+ years,RENT,100000.0,Source Verified,debt_consolidation,CA,36.33,2.0,685.0,689.0,0.0,82.3,37.0,Joint App,5,High Risk,Manual Review
141797692,25900.0, 60 months,25.34,E,E3,7 years,MORTGAGE,145000.0,Source Verified,debt_consolidation,SC,30.32,0.0,695.0,699.0,0.0,75.1,45.0,Individual,5,High Risk,Manual Review
142764718,13000.0, 60 months,25.34,E,E3,10+ years,MORTGAGE,93000.0,Source Verified,debt_consolidation,IL,37.47,0.0,665.0,669.0,3.0,56.3,45.0,Individual,5,High Risk,Manual Review
142475642,25000.0, 36 months,25.34,E,E3,10+ years,RENT,108000.0,Not Verified,debt_consolidation,AZ,34.88,0.0,680.0,684.0,0.0,44.7,51.0,Individual,5,High Risk,Manual Review
142768763,24000.0, 60 months,26.31,E,E4,10+ years,OWN,55000.0,Not Verified,debt_consolidation,CA,33.93,0.0,725.0,729.0,0.0,38.5,49.0,Individual,5,High Risk,Manual Review
142763283,10400.0, 60 months,24.37,E,E2,10+ years,RENT,91260.0,Not Verified,debt_consolidation,CO,34.46,0.0,675.0,679.0,4.0,97.0,37.0,Individual,6,High Risk,Manual Review
142341533,40000.0, 60 months,27.27,E,E5,10+ years,MORTGAGE,76000.0,Verified,debt_consolidation,MN,62.7,0.0,710.0,714.0,0.0,70.2,29.0,Joint App,5,High Risk,Manual Review
142444210,4400.0, 36 months,27.27,E,E5,< 1 year,MORTGAGE,18000.0,Verified,debt_consolidation,IN,46.27,0.0,705.0,709.0,0.0,46.6,9.0,Joint App,5,High Risk,Manual Review
141095155,25000.0, 60 months,27.27,E,E5,10+ years,RENT,45000.0,Verified,debt_consolidation,CA,32.88,0.0,685.0,689.0,0.0,72.1,13.0,Individual,5,High Risk,Manual Review
142529966,17000.0, 60 months,26.31,E,E4,2 years,RENT,45000.0,Verified,debt_consolidation,TX,38.04,0.0,665.0,669.0,0.0,29.0,27.0,Individual,5,High Risk,Manual Review
142700752,30000.0, 60 months,28.72,F,F1,10+ years,RENT,70000.0,Verified,debt_consolidation,CA,39.64,0.0,670.0,674.0,0.0,94.0,16.0,Individual,6,High Risk,Manual Review
142646042,25200.0, 60 months,25.34,E,E3,10+ years,MORTGAGE,71000.0,Verified,debt_consolidation,MS,36.97,1.0,670.0,674.0,1.0,93.0,14.0,Individual,7,High Risk,Manual Review
142701480,25000.0, 36 months,24.37,E,E2,3 years,MORTGAGE,77500.0,Source Verified,debt_consolidation,CA,30.72,0.0,685.0,689.0,2.0,55.8,39.0,Individual,5,High Risk,Manual Review
142549694,10000.0, 36 months,23.4,E,E1,2 years,MORTGAGE,115000.0,Source Verified,debt_consolidation,NC,37.49,1.0,680.0,684.0,2.0,69.4,40.0,Joint App,6,High Risk,Manual Review
141506244,33500.0, 60 months,29.69,F,F2,10+ years,MORTGAGE,70000.0,Source Verified,credit_card,WI,36.86,0.0,690.0,694.0,3.0,44.4,62.0,Joint App,5,High Risk,Manual Review
142032694,12000.0, 36 months,25.34,E,E3,,RENT,29608.0,Source Verified,medical,WA,47.39,0.0,670.0,674.0,1.0,83.9,15.0,Joint App,6,High Risk,Manual Review
142665588,27975.0, 36 months,24.37,E,E2,10+ years,MORTGAGE,62184.0,Verified,debt_consolidation,IL,31.86,0.0,685.0,689.0,0.0,83.0,44.0,Individual,6,High Risk,Manual Review
142160643,14175.0, 60 months,28.72,F,F1,,OWN,27228.0,Verified,debt_consolidation,CA,39.31,0.0,755.0,759.0,1.0,18.7,10.0,Individual,5,High Risk,Manual Review
142630862,18000.0, 60 months,30.89,G,G3,10+ years,MORTGAGE,55000.0,Verified,debt_consolidation,IN,38.73,3.0,690.0,694.0,3.0,63.0,28.0,Individual,6,High Risk,Manual Review
142650521,20000.0, 60 months,26.31,E,E4,10+ years,RENT,36000.0,Not Verified,credit_card,CA,35.23,0.0,665.0,669.0,1.0,60.7,18.0,Individual,5,High Risk,Manual Review
142699730,10000.0, 60 months,24.37,E,E2,10+ years,MORTGAGE,240000.0,Not Verified,debt_consolidation,FL,6.94,2.0,660.0,664.0,2.0,96.0,14.0,Individual,5,High Risk,Manual Review
142645684,1600.0, 36 months,23.4,E,E1,,RENT,19452.0,Verified,other,MD,49.66,0.0,695.0,699.0,0.0,22.5,14.0,Joint App,5,High Risk,Manual Review
142704353,26000.0, 60 months,19.92,D,D3,10+ years,MORTGAGE,90000.0,Source Verified,debt_consolidation,PA,30.67,1.0,665.0,669.0,0.0,95.2,16.0,Individual,5,High Risk,Manual Review
142693772,25000.0, 36 months,23.4,E,E1,2 years,RENT,42000.0,Verified,debt_consolidation,NV,32.29,0.0,715.0,719.0,1.0,24.2,45.0,Joint App,5,High Risk,Manual Review
142683403,24125.0, 36 months,23.4,E,E1,2 years,OWN,130000.0,Source Verified,debt_consolidation,PA,31.35,0.0,705.0,709.0,0.0,66.9,20.0,Individual,5,High Risk,Manual Review
142537689,4000.0, 36 months,25.34,E,E3,,MORTGAGE,25000.0,Source Verified,other,NJ,72.11,0.0,725.0,729.0,0.0,64.3,21.0,Joint App,5,High Risk,Manual Review
142294599,5000.0, 36 months,23.4,E,E1,,OWN,26000.0,Not Verified,debt_consolidation,CT,31.86,0.0,715.0,719.0,1.0,52.9,16.0,Individual,5,High Risk,Manual Review
142500776,1500.0, 36 months,23.4,E,E1,5 years,RENT,51000.0,Not Verified,vacation,LA,27.6,1.0,660.0,664.0,0.0,84.9,28.0,Individual,5,High Risk,Manual Review
142092285,24000.0, 60 months,27.27,E,E5,6 years,RENT,75000.0,Verified,debt_consolidation,CA,47.87,0.0,685.0,689.0,0.0,83.8,23.0,Joint App,6,High Risk,Manual Review
142345054,24000.0, 60 months,22.35,D,D5,2 years,RENT,110000.0,Source Verified,debt_consolidation,CA,30.15,1.0,690.0,694.0,0.0,95.2,25.0,Individual,5,High Risk,Manual Review
142529865,30000.0, 60 months,29.69,F,F2,7 years,MORTGAGE,80000.0,Source Verified,home_improvement,PA,31.37,0.0,665.0,669.0,0.0,52.0,16.0,Individual,5,High Risk,Manual Review
142629213,10000.0, 36 months,19.92,D,D3,2 years,MORTGAGE,47000.0,Not Verified,debt_consolidation,TX,89.56,1.0,720.0,724.0,0.0,82.4,21.0,Joint App,5,High Risk,Manual Review
141580498,16000.0, 60 months,26.31,E,E4,< 1 year,RENT,48000.0,Source Verified,debt_consolidation,CA,31.63,0.0,720.0,724.0,0.0,36.4,22.0,Individual,5,High Risk,Manual Review
142506613,16000.0, 36 months,23.4,E,E1,10+ years,RENT,65000.0,Verified,debt_consolidation,NY,32.34,1.0,675.0,679.0,0.0,25.0,13.0,Joint App,6,High Risk,Manual Review
142085116,5500.0, 36 months,24.37,E,E2,3 years,MORTGAGE,38000.0,Verified,debt_consolidation,OR,31.93,0.0,670.0,674.0,0.0,69.8,14.0,Individual,5,High Risk,Manual Review
141451027,12000.0, 60 months,26.31,E,E4,10+ years,RENT,52000.0,Not Verified,other,NY,33.46,0.0,720.0,724.0,0.0,26.5,29.0,Joint App,5,High Risk,Manual Review
142509090,10000.0, 60 months,27.27,E,E5,5 years,RENT,20000.0,Verified,debt_consolidation,ID,34.57,0.0,670.0,674.0,1.0,20.3,12.0,Individual,5,High Risk,Manual Review
142594234,30000.0, 60 months,25.34,E,E3,,OWN,36000.0,Verified,credit_card,NJ,30.97,1.0,670.0,674.0,0.0,85.4,18.0,Joint App,7,High Risk,Manual Review
142532959,16000.0, 36 months,24.37,E,E2,10+ years,RENT,66000.0,Source Verified,credit_card,CA,39.38,0.0,670.0,674.0,0.0,53.3,46.0,Individual,5,High Risk,Manual Review
142526784,15000.0, 36 months,24.37,E,E2,< 1 year,MORTGAGE,40000.0,Verified,debt_consolidation,MD,38.67,4.0,670.0,674.0,0.0,81.9,25.0,Individual,7,High Risk,Manual Review
141441259,4000.0, 36 months,23.4,E,E1,8 years,MORTGAGE,30000.0,Verified,other,AR,54.52,1.0,660.0,664.0,0.0,34.6,20.0,Joint App,6,High Risk,Manual Review
142616604,35000.0, 60 months,29.69,F,F2,10+ years,MORTGAGE,134000.0,Verified,debt_consolidation,MI,33.33,0.0,720.0,724.0,1.0,96.0,23.0,Individual,6,High Risk,Manual Review
140974104,20000.0, 36 months,25.34,E,E3,10+ years,MORTGAGE,32000.0,Verified,debt_consolidation,MT,33.5,0.0,665.0,669.0,0.0,58.3,34.0,Individual,5,High Risk,Manual Review
142635679,35000.0, 60 months,26.31,E,E4,10+ years,MORTGAGE,80000.0,Verified,debt_consolidation,NC,42.98,0.0,735.0,739.0,1.0,33.6,24.0,Joint App,5,High Risk,Manual Review
142501641,35000.0, 60 months,23.4,E,E1,3 years,OWN,150000.0,Verified,debt_consolidation,IN,36.36,0.0,670.0,674.0,0.0,79.2,47.0,Individual,5,High Risk,Manual Review
142508881,16000.0, 36 months,26.31,E,E4,,MORTGAGE,68500.0,Not Verified,debt_consolidation,KY,31.69,1.0,665.0,669.0,0.0,49.6,43.0,Joint App,6,High Risk,Manual Review
142653105,25000.0, 60 months,25.34,E,E3,10+ years,RENT,87056.0,Source Verified,debt_consolidation,CA,35.5,0.0,730.0,734.0,1.0,25.5,40.0,Individual,5,High Risk,Manual Review
142499847,20000.0, 60 months,26.31,E,E4,10+ years,MORTGAGE,100000.0,Not Verified,debt_consolidation,IL,34.15,0.0,690.0,694.0,0.0,87.7,24.0,Individual,6,High Risk,Manual Review
142594508,35000.0, 36 months,23.4,E,E1,1 year,OWN,130000.0,Verified,debt_consolidation,MD,35.26,1.0,665.0,669.0,3.0,58.0,63.0,Individual,6,High Risk,Manual Review
142635405,3075.0, 36 months,27.27,E,E5,,RENT,19700.0,Verified,credit_card,MI,36.93,0.0,735.0,739.0,2.0,9.5,14.0,Individual,5,High Risk,Manual Review
140955016,30000.0, 60 months,29.69,F,F2,10+ years,MORTGAGE,55000.0,Verified,debt_consolidation,NY,49.09,1.0,665.0,669.0,0.0,48.2,25.0,Joint App,6,High Risk,Manual Review
142581955,14000.0, 36 months,28.72,F,F1,10+ years,MORTGAGE,78000.0,Not Verified,debt_consolidation,OR,36.45,0.0,685.0,689.0,0.0,80.0,33.0,Individual,5,High Risk,Manual Review
141812397,12500.0, 60 months,30.94,G,G4,,OWN,27600.0,Verified,debt_consolidation,AR,33.43,0.0,685.0,689.0,1.0,50.1,10.0,Individual,5,High Risk,Manual Review
141152248,10575.0, 60 months,30.94,G,G4,1 year,RENT,35000.0,Verified,credit_card,SC,36.32,0.0,675.0,679.0,1.0,72.0,25.0,Individual,5,High Risk,Manual Review
142641136,20000.0, 60 months,26.31,E,E4,7 years,MORTGAGE,60000.0,Source Verified,other,NY,38.44,0.0,700.0,704.0,0.0,58.1,12.0,Individual,5,High Risk,Manual Review
141809620,10000.0, 60 months,28.72,F,F1,10+ years,RENT,34000.0,Verified,debt_consolidation,NY,30.89,0.0,705.0,709.0,0.0,23.5,20.0,Individual,5,High Risk,Manual Review
142633919,30875.0, 60 months,27.27,E,E5,< 1 year,MORTGAGE,10000.0,Verified,debt_consolidation,KS,165.07,0.0,735.0,739.0,3.0,67.1,27.0,Joint App,5,High Risk,Manual Review
142575472,6650.0, 36 months,27.27,E,E5,10+ years,MORTGAGE,75000.0,Verified,debt_consolidation,MA,23.07,1.0,665.0,669.0,0.0,95.2,11.0,Individual,5,High Risk,Manual Review
142535537,20400.0, 60 months,25.34,E,E3,10+ years,MORTGAGE,70000.0,Verified,debt_consolidation,IL,37.3,0.0,730.0,734.0,1.0,13.3,30.0,Individual,5,High Risk,Manual Review
142482226,7200.0, 36 months,26.31,E,E4,2 years,OWN,31200.0,Not Verified,home_improvement,MO,35.85,0.0,665.0,669.0,1.0,65.3,31.0,Joint App,5,High Risk,Manual Review
142588053,4500.0, 36 months,23.4,E,E1,1 year,RENT,48000.0,Not Verified,debt_consolidation,CT,39.25,0.0,690.0,694.0,1.0,71.5,16.0,Individual,5,High Risk,Manual Review
142585745,20000.0, 60 months,29.69,F,F2,10+ years,RENT,53124.0,Not Verified,debt_consolidation,OK,30.61,3.0,660.0,664.0,0.0,71.1,39.0,Joint App,6,High Risk,Manual Review
142536104,18000.0, 60 months,23.4,E,E1,10+ years,OWN,46000.0,Source Verified,debt_consolidation,NY,30.37,0.0,670.0,674.0,1.0,32.2,40.0,Individual,5,High Risk,Manual Review
142512972,15000.0, 60 months,26.31,E,E4,7 years,RENT,49000.0,Source Verified,debt_consolidation,TX,31.84,1.0,680.0,684.0,0.0,33.4,23.0,Individual,6,High Risk,Manual Review
142195886,25000.0, 60 months,26.31,E,E4,10+ years,RENT,50000.0,Not Verified,debt_consolidation,FL,15.58,5.0,675.0,679.0,0.0,81.3,14.0,Joint App,5,High Risk,Manual Review
142520471,27000.0, 60 months,30.65,F,F4,7 years,MORTGAGE,22000.0,Verified,debt_consolidation,DE,97.71,0.0,660.0,664.0,0.0,15.8,24.0,Joint App,5,High Risk,Manual Review
142577416,33600.0, 60 months,22.35,D,D5,10+ years,MORTGAGE,110250.0,Source Verified,debt_consolidation,TX,30.49,1.0,715.0,719.0,1.0,87.1,25.0,Individual,5,High Risk,Manual Review
142065380,13000.0, 36 months,27.27,E,E5,,MORTGAGE,49700.0,Verified,home_improvement,NY,30.57,0.0,660.0,664.0,0.0,80.7,34.0,Individual,6,High Risk,Manual Review
142541794,21000.0, 36 months,26.31,E,E4,10+ years,MORTGAGE,38000.0,Verified,debt_consolidation,NJ,30.61,0.0,685.0,689.0,0.0,55.9,21.0,Individual,5,High Risk,Manual Review
142008191,18900.0, 60 months,26.31,E,E4,2 years,RENT,70000.0,Source Verified,debt_consolidation,CA,38.21,0.0,680.0,684.0,0.0,80.5,32.0,Individual,6,High Risk,Manual Review
142580557,4000.0, 36 months,23.4,E,E1,,OWN,16000.0,Not Verified,debt_consolidation,PA,32.11,0.0,660.0,664.0,0.0,61.6,10.0,Individual,5,High Risk,Manual Review
141458101,25000.0, 36 months,24.37,E,E2,10+ years,OWN,90000.0,Verified,debt_consolidation,IL,34.83,0.0,705.0,709.0,0.0,61.2,26.0,Individual,5,High Risk,Manual Review
141598344,11200.0, 36 months,26.31,E,E4,4 years,RENT,38000.0,Verified,house,CO,57.77,0.0,670.0,674.0,0.0,76.6,16.0,Joint App,5,High Risk,Manual Review
142126480,35000.0, 60 months,24.37,E,E2,< 1 year,OWN,136000.0,Verified,debt_consolidation,FL,31.24,0.0,705.0,709.0,0.0,91.0,14.0,Individual,6,High Risk,Manual Review
142476971,1000.0, 36 months,29.69,F,F2,3 years,RENT,20000.0,Source Verified,medical,VA,30.61,0.0,705.0,709.0,1.0,,9.0,Individual,5,High Risk,Manual Review
142554234,1575.0, 36 months,23.4,E,E1,< 1 year,RENT,18000.0,Not Verified,other,CA,39.67,0.0,740.0,744.0,0.0,2.1,31.0,Individual,5,High Risk,Manual Review
142506653,7600.0, 36 months,27.27,E,E5,2 years,RENT,70000.0,Source Verified,debt_consolidation,TX,36.4,0.0,740.0,744.0,1.0,10.4,36.0,Individual,5,High Risk,Manual Review
142319367,35000.0, 36 months,16.91,C,C5,1 year,RENT,93000.0,Source Verified,debt_consolidation,CA,32.21,2.0,660.0,664.0,0.0,84.2,29.0,Individual,5,High Risk,Manual Review
142445079,17900.0, 36 months,24.37,E,E2,10+ years,RENT,45000.0,Source Verified,other,MA,31.07,0.0,710.0,714.0,0.0,30.9,12.0,Individual,5,High Risk,Manual Review
142528712,11150.0, 36 months,27.27,E,E5,10+ years,MORTGAGE,108000.0,Not Verified,credit_card,CA,33.71,1.0,710.0,714.0,0.0,36.5,44.0,Individual,6,High Risk,Manual Review
142537033,18000.0, 60 months,26.31,E,E4,10+ years,MORTGAGE,151608.0,Verified,debt_consolidation,GA,34.65,0.0,705.0,709.0,1.0,90.7,27.0,Individual,6,High Risk,Manual Review
142447182,16000.0, 60 months,25.34,E,E3,10+ years,RENT,73000.0,Verified,debt_consolidation,VA,37.14,0.0,675.0,679.0,0.0,52.0,33.0,Individual,5,High Risk,Manual Review
142342026,31000.0, 60 months,22.35,D,D5,3 years,RENT,102000.0,Verified,debt_consolidation,CA,35.54,1.0,675.0,679.0,0.0,84.9,33.0,Joint App,5,High Risk,Manual Review
142547943,27200.0, 36 months,23.4,E,E1,,MORTGAGE,100000.0,Verified,debt_consolidation,MD,37.24,0.0,700.0,704.0,0.0,92.0,65.0,Individual,6,High Risk,Manual Review
142571376,39600.0, 36 months,24.37,E,E2,10+ years,MORTGAGE,91000.0,Not Verified,debt_consolidation,NJ,35.41,0.0,690.0,694.0,1.0,59.7,32.0,Joint App,5,High Risk,Manual Review
141874936,22000.0, 60 months,27.27,E,E5,10+ years,RENT,47174.0,Not Verified,debt_consolidation,PA,30.58,0.0,745.0,749.0,0.0,8.3,23.0,Individual,5,High Risk,Manual Review
142569933,20000.0, 60 months,22.35,D,D5,10+ years,MORTGAGE,72000.0,Not Verified,debt_consolidation,WI,31.19,1.0,665.0,669.0,0.0,88.7,24.0,Individual,5,High Risk,Manual Review
142119884,18500.0, 36 months,26.31,E,E4,1 year,RENT,27000.0,Verified,debt_consolidation,MD,39.69,0.0,695.0,699.0,0.0,82.5,8.0,Joint App,6,High Risk,Manual Review
142362110,36050.0, 36 months,27.27,E,E5,< 1 year,MORTGAGE,62855.44,Verified,debt_consolidation,WY,49.04,1.0,720.0,724.0,0.0,45.4,18.0,Joint App,6,High Risk,Manual Review
141779524,5900.0, 36 months,25.34,E,E3,< 1 year,MORTGAGE,50000.0,Verified,debt_consolidation,TX,22.18,1.0,670.0,674.0,0.0,93.8,26.0,Individual,5,High Risk,Manual Review
142516755,25000.0, 36 months,24.37,E,E2,,RENT,56100.0,Not Verified,debt_consolidation,TX,37.35,0.0,730.0,734.0,0.0,36.3,26.0,Individual,5,High Risk,Manual Review
142537231,1000.0, 36 months,25.34,E,E3,10+ years,MORTGAGE,43900.0,Not Verified,debt_consolidation,IL,31.79,0.0,720.0,724.0,1.0,14.7,21.0,Individual,5,High Risk,Manual Review
142183077,25000.0, 60 months,24.37,E,E2,10+ years,MORTGAGE,66000.0,Verified,debt_consolidation,GA,31.13,0.0,680.0,684.0,3.0,50.0,28.0,Individual,5,High Risk,Manual Review
142417893,28000.0, 36 months,27.27,E,E5,6 years,MORTGAGE,46000.0,Verified,credit_card,NC,74.38,0.0,660.0,664.0,0.0,90.9,24.0,Joint App,6,High Risk,Manual Review
142532637,12000.0, 60 months,27.27,E,E5,10+ years,MORTGAGE,78000.0,Source Verified,other,MD,30.86,0.0,680.0,684.0,0.0,64.7,33.0,Individual,5,High Risk,Manual Review
142533462,25000.0, 60 months,26.31,E,E4,,MORTGAGE,82080.0,Verified,debt_consolidation,IL,32.75,0.0,665.0,669.0,0.0,79.0,27.0,Individual,5,High Risk,Manual Review
141546251,12000.0, 60 months,27.27,E,E5,< 1 year,MORTGAGE,46000.0,Not Verified,credit_card,MA,35.01,0.0,660.0,664.0,1.0,48.9,43.0,Joint App,5,High Risk,Manual Review
142452986,7000.0, 36 months,19.92,D,D3,10+ years,RENT,40000.0,Source Verified,other,MI,31.77,1.0,660.0,664.0,0.0,102.6,25.0,Joint App,5,High Risk,Manual Review
142532663,15000.0, 60 months,27.27,E,E5,10+ years,MORTGAGE,48000.0,Not Verified,home_improvement,FL,36.4,0.0,710.0,714.0,0.0,46.9,30.0,Individual,5,High Risk,Manual Review
141909149,35000.0, 36 months,30.17,F,F3,10+ years,RENT,82793.88,Verified,debt_consolidation,CO,42.04,0.0,660.0,664.0,0.0,73.9,32.0,Joint App,5,High Risk,Manual Review
142533602,1000.0, 36 months,30.75,F,F5,1 year,RENT,15000.0,Verified,other,FL,31.6,0.0,720.0,724.0,0.0,99.9,10.0,Individual,6,High Risk,Manual Review
142517495,16000.0, 36 months,25.34,E,E3,,MORTGAGE,24055.0,Verified,moving,FL,39.42,0.0,660.0,664.0,0.0,81.2,7.0,Joint App,6,High Risk,Manual Review
142180325,15925.0, 60 months,27.27,E,E5,2 years,MORTGAGE,89000.0,Verified,debt_consolidation,MD,36.17,0.0,700.0,704.0,1.0,68.6,18.0,Individual,5,High Risk,Manual Review
142507707,6000.0, 36 months,23.4,E,E1,10+ years,RENT,40000.0,Not Verified,debt_consolidation,NJ,33.03,0.0,670.0,674.0,0.0,72.4,19.0,Individual,5,High Risk,Manual Review
142380445,25475.0, 60 months,30.65,F,F4,4 years,MORTGAGE,50000.0,Verified,debt_consolidation,MN,41.53,7.0,700.0,704.0,1.0,27.1,44.0,Joint App,6,High Risk,Manual Review
142410181,2000.0, 36 months,25.34,E,E3,10+ years,MORTGAGE,82000.0,Source Verified,other,KS,36.24,0.0,725.0,729.0,0.0,62.9,42.0,Individual,5,High Risk,Manual Review
142524348,11200.0, 60 months,25.34,E,E3,2 years,MORTGAGE,78000.0,Not Verified,credit_card,NY,31.98,0.0,700.0,704.0,0.0,35.3,19.0,Individual,5,High Risk,Manual Review
141752123,16000.0, 36 months,27.27,E,E5,6 years,RENT,39840.0,Verified,debt_consolidation,TX,41.58,0.0,680.0,684.0,1.0,56.1,26.0,Joint App,5,High Risk,Manual Review
141107810,30000.0, 60 months,25.34,E,E3,10+ years,MORTGAGE,350000.0,Verified,debt_consolidation,NY,11.7,2.0,675.0,679.0,0.0,97.3,37.0,Individual,5,High Risk,Manual Review
142505701,32000.0, 36 months,25.34,E,E3,< 1 year,MORTGAGE,20000.0,Not Verified,credit_card,CT,52.4,0.0,685.0,689.0,0.0,89.6,13.0,Joint App,6,High Risk,Manual Review
142521661,23000.0, 60 months,25.34,E,E3,9 years,MORTGAGE,80000.0,Verified,debt_consolidation,MA,53.98,0.0,690.0,694.0,0.0,101.4,36.0,Joint App,6,High Risk,Manual Review
142279899,25000.0, 60 months,24.37,E,E2,,OWN,34344.0,Not Verified,debt_consolidation,FL,34.24,0.0,720.0,724.0,3.0,43.1,32.0,Individual,5,High Risk,Manual Review
141058594,30000.0, 60 months,18.94,D,D2,2 years,OWN,55000.0,Verified,credit_card,AR,30.37,1.0,660.0,664.0,0.0,92.2,18.0,Individual,5,High Risk,Manual Review
142516152,1000.0, 36 months,23.4,E,E1,10+ years,RENT,32000.0,Not Verified,debt_consolidation,IL,37.96,0.0,715.0,719.0,0.0,54.9,20.0,Individual,5,High Risk,Manual Review
142302174,18100.0, 36 months,27.27,E,E5,< 1 year,RENT,66950.0,Not Verified,credit_card,NY,34.79,0.0,735.0,739.0,1.0,66.6,29.0,Individual,5,High Risk,Manual Review
142456186,14000.0, 36 months,24.37,E,E2,7 years,RENT,50392.0,Source Verified,debt_consolidation,CA,32.79,1.0,670.0,674.0,0.0,71.5,28.0,Individual,6,High Risk,Manual Review
142362795,35000.0, 36 months,27.27,E,E5,1 year,RENT,60000.0,Verified,debt_consolidation,FL,45.58,0.0,665.0,669.0,0.0,72.4,25.0,Joint App,5,High Risk,Manual Review
142509659,8000.0, 36 months,24.37,E,E2,2 years,RENT,38000.0,Not Verified,credit_card,MO,37.3,0.0,670.0,674.0,0.0,48.6,30.0,Individual,5,High Risk,Manual Review
142388476,11200.0, 60 months,25.34,E,E3,2 years,MORTGAGE,30500.0,Verified,other,LA,58.63,0.0,715.0,719.0,0.0,67.4,25.0,Joint App,5,High Risk,Manual Review
141965564,9200.0, 36 months,26.31,E,E4,,MORTGAGE,35000.0,Not Verified,debt_consolidation,IN,30.42,0.0,675.0,679.0,0.0,85.7,8.0,Individual,6,High Risk,Manual Review
142280214,26000.0, 60 months,28.72,F,F1,3 years,RENT,60000.0,Source Verified,debt_consolidation,NJ,31.61,0.0,685.0,689.0,0.0,66.8,18.0,Individual,5,High Risk,Manual Review
142210411,18000.0, 60 months,25.34,E,E3,10+ years,MORTGAGE,75000.0,Source Verified,debt_consolidation,FL,30.94,0.0,660.0,664.0,0.0,63.0,16.0,Individual,5,High Risk,Manual Review
141692609,17500.0, 60 months,26.31,E,E4,10+ years,OWN,53000.0,Not Verified,debt_consolidation,CA,31.34,0.0,730.0,734.0,0.0,28.8,32.0,Individual,5,High Risk,Manual Review
142379434,35000.0, 36 months,27.27,E,E5,10+ years,MORTGAGE,40000.0,Verified,debt_consolidation,OH,47.22,0.0,710.0,714.0,0.0,59.5,15.0,Joint App,5,High Risk,Manual Review
142239715,18000.0, 36 months,25.34,E,E3,6 years,MORTGAGE,52000.0,Verified,credit_card,WV,34.13,0.0,695.0,699.0,0.0,89.1,13.0,Individual,6,High Risk,Manual Review
142389190,12000.0, 60 months,27.27,E,E5,10+ years,MORTGAGE,55000.0,Not Verified,major_purchase,MN,11.78,1.0,690.0,694.0,0.0,94.6,14.0,Individual,5,High Risk,Manual Review
142469925,10500.0, 60 months,23.4,E,E1,10+ years,MORTGAGE,96000.0,Verified,debt_consolidation,MO,39.93,0.0,665.0,669.0,3.0,95.0,32.0,Individual,6,High Risk,Manual Review
141691228,30000.0, 60 months,26.31,E,E4,< 1 year,MORTGAGE,40000.0,Verified,home_improvement,AR,46.53,0.0,670.0,674.0,0.0,70.4,16.0,Joint App,5,High Risk,Manual Review
142347148,40000.0, 60 months,27.27,E,E5,3 years,RENT,55000.0,Verified,debt_consolidation,FL,50.62,1.0,705.0,709.0,0.0,29.0,38.0,Joint App,6,High Risk,Manual Review
142411711,15000.0, 60 months,27.27,E,E5,4 years,OWN,35000.0,Verified,credit_card,LA,44.86,0.0,660.0,664.0,0.0,93.8,19.0,Joint App,6,High Risk,Manual Review
142280651,4550.0, 36 months,25.34,E,E3,,OWN,12000.0,Not Verified,debt_consolidation,MD,34.3,0.0,715.0,719.0,0.0,55.6,11.0,Individual,5,High Risk,Manual Review
142008852,16425.0, 36 months,27.27,E,E5,10+ years,MORTGAGE,34560.0,Not Verified,debt_consolidation,GA,50.69,0.0,675.0,679.0,0.0,56.6,19.0,Joint App,5,High Risk,Manual Review
142348593,35000.0, 36 months,25.34,E,E3,< 1 year,RENT,26400.0,Source Verified,debt_consolidation,OK,82.05,0.0,680.0,684.0,1.0,71.0,15.0,Joint App,5,High Risk,Manual Review
141110218,5000.0, 36 months,15.02,C,C3,10+ years,OWN,47000.0,Verified,home_improvement,FL,41.04,1.0,660.0,664.0,0.0,91.4,19.0,Joint App,5,High Risk,Manual Review
141547339,15000.0, 60 months,15.02,C,C3,1 year,MORTGAGE,52000.0,Source Verified,debt_consolidation,VA,50.45,1.0,680.0,684.0,0.0,86.4,28.0,Joint App,5,High Risk,Manual Review
142377149,19175.0, 60 months,28.72,F,F1,10+ years,MORTGAGE,32656.0,Not Verified,credit_card,PA,83.68,0.0,710.0,714.0,1.0,84.7,34.0,Joint App,6,High Risk,Manual Review
142374898,25500.0, 60 months,27.27,E,E5,8 years,MORTGAGE,50000.0,Verified,debt_consolidation,LA,32.38,1.0,675.0,679.0,0.0,48.4,27.0,Individual,6,High Risk,Manual Review
141818872,24000.0, 60 months,27.27,E,E5,10+ years,RENT,66000.0,Verified,home_improvement,MD,33.2,0.0,690.0,694.0,1.0,64.6,18.0,Individual,5,High Risk,Manual Review
142174117,2500.0, 36 months,26.31,E,E4,1 year,RENT,30000.0,Verified,other,NY,47.0,0.0,660.0,664.0,0.0,87.4,7.0,Joint App,6,High Risk,Manual Review
142116983,20000.0, 60 months,27.27,E,E5,< 1 year,RENT,28000.0,Source Verified,medical,SC,31.8,0.0,685.0,689.0,0.0,96.0,5.0,Joint App,6,High Risk,Manual Review
141928609,20000.0, 36 months,23.4,E,E1,8 years,MORTGAGE,50000.0,Verified,debt_consolidation,TX,39.34,1.0,670.0,674.0,1.0,52.3,45.0,Individual,6,High Risk,Manual Review
142162909,30000.0, 36 months,26.31,E,E4,1 year,RENT,60000.0,Not Verified,debt_consolidation,NV,39.88,1.0,690.0,694.0,1.0,41.6,50.0,Joint App,6,High Risk,Manual Review
142277563,1000.0, 36 months,27.27,E,E5,1 year,OWN,26000.0,Source Verified,medical,IL,35.83,0.0,705.0,709.0,0.0,42.9,14.0,Individual,5,High Risk,Manual Review
141819405,20000.0, 36 months,23.4,E,E1,5 years,OWN,42400.0,Verified,debt_consolidation,IN,37.35,0.0,675.0,679.0,1.0,70.1,20.0,Individual,5,High Risk,Manual Review
142411501,10000.0, 60 months,20.89,D,D4,,MORTGAGE,28728.0,Not Verified,home_improvement,IN,31.58,1.0,685.0,689.0,0.0,89.1,13.0,Joint App,5,High Risk,Manual Review
142316111,3000.0, 36 months,27.27,E,E5,3 years,MORTGAGE,65351.0,Source Verified,house,NJ,32.12,0.0,675.0,679.0,0.0,97.4,18.0,Individual,6,High Risk,Manual Review
142416821,20000.0, 36 months,23.4,E,E1,< 1 year,MORTGAGE,76000.0,Not Verified,credit_card,SC,35.48,0.0,695.0,699.0,1.0,73.0,16.0,Individual,5,High Risk,Manual Review
142013707,14875.0, 36 months,30.79,G,G1,4 years,RENT,52000.0,Source Verified,other,WI,35.84,0.0,665.0,669.0,0.0,57.7,22.0,Individual,5,High Risk,Manual Review
142411412,3300.0, 36 months,24.37,E,E2,10+ years,RENT,86544.0,Not Verified,debt_consolidation,IL,31.0,0.0,695.0,699.0,0.0,57.5,28.0,Individual,5,High Risk,Manual Review
142072543,10000.0, 36 months,24.37,E,E2,4 years,RENT,43000.0,Source Verified,debt_consolidation,TX,32.95,1.0,690.0,694.0,0.0,54.4,29.0,Individual,6,High Risk,Manual Review
141279751,24750.0, 60 months,27.27,E,E5,10+ years,OWN,58750.0,Verified,credit_card,CO,38.39,0.0,775.0,779.0,0.0,12.4,27.0,Individual,5,High Risk,Manual Review
141975680,13200.0, 36 months,26.31,E,E4,10+ years,MORTGAGE,58000.0,Source Verified,debt_consolidation,IL,34.08,0.0,690.0,694.0,2.0,53.6,32.0,Individual,5,High Risk,Manual Review
142391338,22575.0, 36 months,26.31,E,E4,10+ years,MORTGAGE,95000.0,Not Verified,credit_card,AL,36.72,0.0,765.0,769.0,1.0,35.5,43.0,Individual,5,High Risk,Manual Review
142391980,15000.0, 60 months,25.34,E,E3,5 years,MORTGAGE,82200.0,Not Verified,credit_card,KS,5.47,1.0,670.0,674.0,0.0,84.3,23.0,Joint App,5,High Risk,Manual Review
141749704,8000.0, 36 months,25.34,E,E3,2 years,RENT,54996.0,Source Verified,debt_consolidation,HI,33.47,0.0,715.0,719.0,0.0,49.3,33.0,Individual,5,High Risk,Manual Review
142413426,8900.0, 36 months,24.37,E,E2,3 years,RENT,35000.0,Not Verified,house,NV,31.82,0.0,720.0,724.0,0.0,38.5,20.0,Individual,5,High Risk,Manual Review
141582870,10000.0, 60 months,24.37,E,E2,6 years,RENT,47000.0,Verified,home_improvement,NY,33.48,0.0,665.0,669.0,1.0,32.2,17.0,Individual,5,High Risk,Manual Review
142334761,25000.0, 36 months,25.34,E,E3,10+ years,OWN,90000.0,Not Verified,debt_consolidation,AK,30.99,0.0,680.0,684.0,0.0,65.8,41.0,Individual,5,High Risk,Manual Review
141919415,4000.0, 36 months,23.4,E,E1,4 years,RENT,27000.0,Verified,debt_consolidation,VT,40.93,0.0,680.0,684.0,0.0,89.2,15.0,Joint App,6,High Risk,Manual Review
142273336,25000.0, 36 months,23.4,E,E1,3 years,MORTGAGE,160000.0,Verified,credit_card,NY,31.36,0.0,710.0,714.0,1.0,85.0,22.0,Individual,6,High Risk,Manual Review
142348606,20000.0, 60 months,25.34,E,E3,5 years,RENT,50000.0,Source Verified,debt_consolidation,UT,38.24,0.0,675.0,679.0,0.0,62.6,17.0,Individual,5,High Risk,Manual Review
142340504,12000.0, 60 months,27.27,E,E5,1 year,RENT,26000.0,Source Verified,debt_consolidation,PA,30.98,0.0,695.0,699.0,0.0,91.5,11.0,Individual,6,High Risk,Manual Review
141923690,16000.0, 60 months,27.27,E,E5,< 1 year,RENT,72500.0,Verified,debt_consolidation,MD,31.07,0.0,665.0,669.0,0.0,74.3,24.0,Individual,5,High Risk,Manual Review
142008245,8000.0, 36 months,19.92,D,D3,10+ years,MORTGAGE,78800.0,Verified,debt_consolidation,NY,30.92,1.0,660.0,664.0,0.0,84.2,24.0,Individual,5,High Risk,Manual Review
141806308,12000.0, 60 months,23.4,E,E1,4 years,RENT,54180.0,Source Verified,credit_card,CA,31.25,0.0,665.0,669.0,0.0,66.0,10.0,Individual,5,High Risk,Manual Review
142272808,14500.0, 60 months,26.31,E,E4,10+ years,MORTGAGE,66100.0,Not Verified,home_improvement,NY,31.28,0.0,730.0,734.0,2.0,49.0,23.0,Individual,5,High Risk,Manual Review
142300431,2200.0, 36 months,23.4,E,E1,10+ years,RENT,60000.0,Not Verified,debt_consolidation,CA,32.62,0.0,705.0,709.0,0.0,82.5,24.0,Individual,6,High Risk,Manual Review
142153799,19600.0, 36 months,15.02,C,C3,10+ years,MORTGAGE,55000.0,Verified,other,FL,50.1,1.0,680.0,684.0,0.0,85.0,73.0,Joint App,5,High Risk,Manual Review
142059641,30000.0, 60 months,27.27,E,E5,6 years,MORTGAGE,101000.0,Verified,debt_consolidation,TX,33.99,0.0,680.0,684.0,0.0,65.2,34.0,Individual,5,High Risk,Manual Review
141928807,10000.0, 60 months,27.27,E,E5,1 year,RENT,38000.0,Verified,other,CA,57.04,0.0,680.0,684.0,1.0,60.5,16.0,Joint App,5,High Risk,Manual Review
141782682,15000.0, 60 months,17.97,D,D1,1 year,MORTGAGE,72000.0,Verified,credit_card,CO,45.57,1.0,660.0,664.0,0.0,89.8,36.0,Joint App,5,High Risk,Manual Review
141309107,15450.0, 60 months,25.34,E,E3,10+ years,MORTGAGE,60000.0,Verified,debt_consolidation,MI,37.28,0.0,710.0,714.0,0.0,66.9,22.0,Individual,5,High Risk,Manual Review
142020851,14400.0, 60 months,27.27,E,E5,< 1 year,RENT,51500.0,Verified,debt_consolidation,MI,44.51,2.0,700.0,704.0,2.0,18.7,19.0,Joint App,6,High Risk,Manual Review
141920282,20000.0, 36 months,26.31,E,E4,< 1 year,OWN,48880.0,Source Verified,credit_card,CA,33.49,0.0,675.0,679.0,0.0,54.5,15.0,Individual,5,High Risk,Manual Review
142097535,22950.0, 36 months,23.4,E,E1,4 years,MORTGAGE,67500.0,Not Verified,debt_consolidation,CT,55.34,0.0,705.0,709.0,2.0,60.6,36.0,Joint App,5,High Risk,Manual Review
142251626,20000.0, 60 months,26.31,E,E4,3 years,RENT,52000.0,Source Verified,debt_consolidation,FL,31.73,1.0,695.0,699.0,1.0,22.2,47.0,Individual,6,High Risk,Manual Review
142255819,30000.0, 60 months,27.27,E,E5,2 years,RENT,120000.0,Not Verified,debt_consolidation,MD,34.6,0.0,685.0,689.0,0.0,84.6,42.0,Individual,6,High Risk,Manual Review
142103475,20000.0, 60 months,27.27,E,E5,3 years,MORTGAGE,40000.0,Not Verified,debt_consolidation,NY,32.04,0.0,695.0,699.0,0.0,79.0,30.0,Individual,5,High Risk,Manual Review
142129608,11500.0, 60 months,30.84,G,G2,2 years,OWN,23000.0,Source Verified,debt_consolidation,MI,39.77,0.0,690.0,694.0,2.0,39.5,13.0,Individual,5,High Risk,Manual Review
142235138,1500.0, 36 months,29.69,F,F2,5 years,RENT,55000.0,Source Verified,vacation,CA,32.58,0.0,730.0,734.0,2.0,45.1,20.0,Individual,5,High Risk,Manual Review
142148981,18000.0, 60 months,25.34,E,E3,2 years,RENT,41000.0,Verified,debt_consolidation,WA,32.26,0.0,665.0,669.0,0.0,14.4,17.0,Joint App,5,High Risk,Manual Review
142156114,10000.0, 36 months,27.27,E,E5,10+ years,OWN,58000.0,Verified,debt_consolidation,GA,35.32,0.0,665.0,669.0,0.0,84.1,26.0,Individual,6,High Risk,Manual Review
142150556,10475.0, 36 months,26.31,E,E4,< 1 year,MORTGAGE,38690.0,Not Verified,home_improvement,ME,56.39,0.0,680.0,684.0,0.0,97.6,12.0,Joint App,6,High Risk,Manual Review
141957171,30000.0, 36 months,24.37,E,E2,< 1 year,RENT,41000.0,Source Verified,debt_consolidation,OH,86.71,0.0,660.0,664.0,0.0,81.8,21.0,Joint App,6,High Risk,Manual Review
141057265,28700.0, 60 months,27.27,E,E5,1 year,RENT,55000.0,Source Verified,debt_consolidation,CA,34.3,0.0,705.0,709.0,1.0,35.9,28.0,Joint App,5,High Risk,Manual Review
142179029,5000.0, 36 months,23.4,E,E1,2 years,MORTGAGE,80000.0,Source Verified,credit_card,IL,24.69,1.0,660.0,664.0,0.0,98.0,10.0,Individual,5,High Risk,Manual Review
142007800,11000.0, 36 months,24.37,E,E2,10+ years,OWN,20322.0,Verified,debt_consolidation,IN,33.67,0.0,695.0,699.0,0.0,62.9,11.0,Individual,5,High Risk,Manual Review
141589399,3750.0, 36 months,23.4,E,E1,1 year,MORTGAGE,36500.0,Source Verified,medical,MO,42.26,0.0,660.0,664.0,0.0,64.1,38.0,Joint App,5,High Risk,Manual Review
141214052,13300.0, 36 months,23.4,E,E1,2 years,OWN,12000.0,Verified,debt_consolidation,TX,50.5,0.0,730.0,734.0,0.0,20.2,7.0,Joint App,5,High Risk,Manual Review
142183924,30000.0, 36 months,23.4,E,E1,3 years,RENT,116000.0,Verified,debt_consolidation,TX,32.96,0.0,660.0,664.0,0.0,82.1,50.0,Individual,6,High Risk,Manual Review
142193317,10500.0, 60 months,26.31,E,E4,10+ years,MORTGAGE,96000.0,Not Verified,other,AZ,31.01,0.0,670.0,674.0,1.0,57.6,30.0,Individual,5,High Risk,Manual Review
142177319,16000.0, 60 months,27.27,E,E5,3 years,RENT,52000.0,Source Verified,debt_consolidation,IN,36.28,0.0,740.0,744.0,0.0,55.3,37.0,Individual,5,High Risk,Manual Review
140340839,25000.0, 60 months,25.34,E,E3,10+ years,MORTGAGE,68000.0,Source Verified,debt_consolidation,CT,32.07,0.0,695.0,699.0,2.0,55.0,24.0,Individual,5,High Risk,Manual Review
142150165,3625.0, 36 months,24.37,E,E2,< 1 year,MORTGAGE,35000.0,Not Verified,home_improvement,IL,42.59,2.0,660.0,664.0,0.0,38.9,14.0,Joint App,6,High Risk,Manual Review
141216148,18825.0, 60 months,27.27,E,E5,4 years,MORTGAGE,30205.5,Verified,debt_consolidation,OH,55.42,0.0,685.0,689.0,0.0,50.7,26.0,Joint App,5,High Risk,Manual Review
140843547,30000.0, 60 months,15.02,C,C3,< 1 year,MORTGAGE,100000.0,Verified,credit_card,TX,42.43,1.0,680.0,684.0,0.0,91.1,28.0,Joint App,5,High Risk,Manual Review
142173435,16000.0, 60 months,26.31,E,E4,3 years,RENT,41000.0,Not Verified,debt_consolidation,MI,35.07,2.0,680.0,684.0,1.0,0.0,27.0,Individual,6,High Risk,Manual Review
142160141,16000.0, 60 months,27.27,E,E5,4 years,RENT,47000.0,Source Verified,debt_consolidation,WA,33.89,0.0,705.0,709.0,0.0,33.0,15.0,Individual,5,High Risk,Manual Review
142096900,30000.0, 60 months,26.31,E,E4,2 years,RENT,54000.0,Verified,debt_consolidation,CA,32.47,0.0,700.0,704.0,0.0,50.8,18.0,Individual,5,High Risk,Manual Review
141588592,6875.0, 36 months,25.34,E,E3,< 1 year,MORTGAGE,105000.0,Not Verified,small_business,NY,36.29,0.0,695.0,699.0,0.0,69.2,29.0,Individual,5,High Risk,Manual Review
142051251,10525.0, 60 months,25.34,E,E3,< 1 year,MORTGAGE,75000.0,Not Verified,other,AZ,33.02,0.0,740.0,744.0,1.0,27.8,21.0,Individual,5,High Risk,Manual Review
142006024,1000.0, 36 months,25.34,E,E3,3 years,MORTGAGE,210000.0,Source Verified,other,MD,6.24,3.0,660.0,664.0,0.0,92.4,22.0,Individual,5,High Risk,Manual Review
142120966,15000.0, 60 months,27.27,E,E5,2 years,RENT,46000.0,Not Verified,medical,NJ,35.19,0.0,730.0,734.0,0.0,27.4,26.0,Individual,5,High Risk,Manual Review
141801922,21000.0, 60 months,26.31,E,E4,7 years,MORTGAGE,91000.0,Source Verified,debt_consolidation,WA,33.6,0.0,680.0,684.0,0.0,98.9,25.0,Individual,6,High Risk,Manual Review
141998959,21925.0, 60 months,30.17,F,F3,10+ years,MORTGAGE,35000.0,Verified,debt_consolidation,CO,30.86,0.0,680.0,684.0,0.0,83.3,14.0,Individual,6,High Risk,Manual Review
141932762,7900.0, 36 months,23.4,E,E1,,OWN,12500.0,Not Verified,debt_consolidation,MS,35.73,0.0,660.0,664.0,0.0,53.0,25.0,Individual,5,High Risk,Manual Review
142126241,18000.0, 60 months,27.27,E,E5,< 1 year,RENT,57000.0,Source Verified,debt_consolidation,NY,32.65,0.0,705.0,709.0,1.0,71.5,13.0,Individual,5,High Risk,Manual Review
141777548,5000.0, 36 months,26.31,E,E4,5 years,RENT,32450.0,Not Verified,medical,TX,32.47,0.0,690.0,694.0,1.0,54.5,14.0,Individual,5,High Risk,Manual Review
142080560,18000.0, 60 months,24.37,E,E2,,OWN,33000.0,Not Verified,debt_consolidation,UT,33.96,0.0,680.0,684.0,0.0,79.0,13.0,Individual,5,High Risk,Manual Review
141702905,8375.0, 36 months,23.4,E,E1,2 years,RENT,20000.0,Verified,debt_consolidation,SC,32.67,0.0,665.0,669.0,1.0,39.7,10.0,Joint App,5,High Risk,Manual Review
142075170,16000.0, 60 months,23.4,E,E1,10+ years,MORTGAGE,65000.0,Not Verified,debt_consolidation,TX,33.86,0.0,665.0,669.0,2.0,70.0,36.0,Joint App,5,High Risk,Manual Review
142067215,25000.0, 36 months,27.27,E,E5,10+ years,MORTGAGE,418000.0,Source Verified,other,AZ,14.53,1.0,675.0,679.0,1.0,88.9,23.0,Individual,5,High Risk,Manual Review
142096105,6600.0, 36 months,23.4,E,E1,6 years,MORTGAGE,47000.0,Source Verified,debt_consolidation,CA,34.91,0.0,660.0,664.0,0.0,71.7,11.0,Individual,5,High Risk,Manual Review
142097428,20000.0, 60 months,24.37,E,E2,< 1 year,RENT,60000.0,Not Verified,debt_consolidation,TX,52.3,0.0,660.0,664.0,0.0,59.2,45.0,Joint App,5,High Risk,Manual Review
142099354,12000.0, 60 months,24.37,E,E2,5 years,RENT,48000.0,Source Verified,credit_card,GA,42.1,0.0,745.0,749.0,1.0,23.0,22.0,Joint App,5,High Risk,Manual Review
142095987,10000.0, 36 months,24.37,E,E2,7 years,MORTGAGE,127500.0,Verified,debt_consolidation,VA,30.51,0.0,710.0,714.0,0.0,80.1,18.0,Individual,6,High Risk,Manual Review
142083793,15000.0, 60 months,24.37,E,E2,3 years,OWN,47000.0,Verified,credit_card,TN,37.87,0.0,680.0,684.0,0.0,47.5,21.0,Individual,5,High Risk,Manual Review
141683470,11900.0, 36 months,27.27,E,E5,3 years,RENT,80000.0,Source Verified,other,MO,31.95,0.0,700.0,704.0,1.0,45.6,28.0,Individual,5,High Risk,Manual Review
141063614,20000.0, 60 months,30.17,F,F3,9 years,MORTGAGE,48000.0,Source Verified,debt_consolidation,MO,31.05,0.0,705.0,709.0,1.0,51.0,21.0,Individual,5,High Risk,Manual Review
139378213,40000.0, 60 months,26.31,E,E4,8 years,MORTGAGE,92000.0,Verified,debt_consolidation,OK,31.42,0.0,700.0,704.0,0.0,81.1,38.0,Joint App,6,High Risk,Manual Review
141716160,10850.0, 60 months,16.91,C,C5,,RENT,8400.0,Not Verified,debt_consolidation,MA,101.29,1.0,660.0,664.0,1.0,98.8,13.0,Joint App,5,High Risk,Manual Review
141926326,5000.0, 36 months,23.4,E,E1,10+ years,RENT,42000.0,Source Verified,other,GA,52.63,0.0,705.0,709.0,0.0,96.8,34.0,Joint App,6,High Risk,Manual Review
142035415,25000.0, 36 months,27.27,E,E5,10+ years,RENT,105000.0,Verified,debt_consolidation,OH,31.47,0.0,680.0,684.0,0.0,68.7,17.0,Individual,5,High Risk,Manual Review
140819583,18700.0, 36 months,30.79,G,G1,,RENT,55000.0,Not Verified,debt_consolidation,AL,30.15,0.0,660.0,664.0,2.0,54.4,31.0,Individual,5,High Risk,Manual Review
141968827,1000.0, 36 months,25.34,E,E3,5 years,RENT,25000.0,Verified,other,NJ,38.23,0.0,710.0,714.0,0.0,92.1,5.0,Individual,6,High Risk,Manual Review
142070490,10000.0, 60 months,25.34,E,E3,,OWN,24000.0,Not Verified,home_improvement,IL,30.25,0.0,745.0,749.0,0.0,44.0,14.0,Individual,5,High Risk,Manual Review
142040936,12000.0, 36 months,23.4,E,E1,4 years,MORTGAGE,32000.0,Verified,debt_consolidation,FL,41.26,0.0,675.0,679.0,0.0,83.8,19.0,Joint App,6,High Risk,Manual Review
141929997,22625.0, 60 months,28.72,F,F1,5 years,RENT,42000.0,Verified,debt_consolidation,MN,32.34,0.0,705.0,709.0,0.0,28.6,26.0,Individual,5,High Risk,Manual Review
141551511,17000.0, 36 months,23.4,E,E1,< 1 year,RENT,31000.0,Source Verified,debt_consolidation,NJ,50.14,0.0,660.0,664.0,0.0,97.4,14.0,Joint App,6,High Risk,Manual Review
141819725,3000.0, 36 months,23.4,E,E1,2 years,MORTGAGE,35496.0,Not Verified,debt_consolidation,OK,36.38,0.0,685.0,689.0,2.0,13.4,22.0,Individual,5,High Risk,Manual Review
142063469,10000.0, 36 months,23.4,E,E1,4 years,RENT,35000.0,Not Verified,debt_consolidation,NY,34.4,0.0,690.0,694.0,0.0,37.6,11.0,Individual,5,High Risk,Manual Review
141932814,14425.0, 60 months,26.31,E,E4,10+ years,MORTGAGE,78000.0,Verified,debt_consolidation,TX,38.95,1.0,660.0,664.0,0.0,39.4,38.0,Individual,6,High Risk,Manual Review
142060556,14125.0, 36 months,26.31,E,E4,10+ years,RENT,31000.0,Verified,debt_consolidation,NH,38.95,0.0,695.0,699.0,0.0,92.5,18.0,Individual,6,High Risk,Manual Review
141125511,28000.0, 60 months,26.31,E,E4,5 years,RENT,61500.0,Verified,debt_consolidation,ID,32.18,0.0,665.0,669.0,3.0,59.0,18.0,Individual,5,High Risk,Manual Review
141730663,27000.0, 60 months,23.4,E,E1,10+ years,MORTGAGE,80000.0,Source Verified,credit_card,SC,30.03,1.0,665.0,669.0,2.0,68.6,34.0,Individual,6,High Risk,Manual Review
141096663,15000.0, 36 months,25.34,E,E3,3 years,OWN,55000.0,Verified,other,TN,40.87,0.0,705.0,709.0,1.0,73.1,12.0,Joint App,5,High Risk,Manual Review
140526491,20000.0, 60 months,30.17,F,F3,,OWN,20000.0,Verified,debt_consolidation,LA,42.92,0.0,680.0,684.0,1.0,48.4,18.0,Joint App,5,High Risk,Manual Review
141159551,40000.0, 60 months,26.31,E,E4,10+ years,MORTGAGE,52000.0,Verified,other,FL,40.8,3.0,725.0,729.0,1.0,20.4,16.0,Joint App,6,High Risk,Manual Review
141640600,27000.0, 60 months,23.4,E,E1,6 years,MORTGAGE,80000.0,Verified,debt_consolidation,UT,36.5,0.0,695.0,699.0,0.0,72.6,20.0,Individual,5,High Risk,Manual Review
141919637,35000.0, 60 months,26.31,E,E4,10+ years,RENT,130000.0,Verified,other,FL,30.61,1.0,685.0,689.0,3.0,51.0,27.0,Individual,6,High Risk,Manual Review
141273829,9250.0, 36 months,23.4,E,E1,4 years,MORTGAGE,175000.0,Source Verified,credit_card,DC,34.65,0.0,725.0,729.0,0.0,59.8,22.0,Joint App,5,High Risk,Manual Review
141955963,6000.0, 36 months,20.89,D,D4,5 years,RENT,61000.0,Source Verified,credit_card,OH,32.21,1.0,660.0,664.0,1.0,90.6,19.0,Individual,5,High Risk,Manual Review
141744513,3725.0, 36 months,26.31,E,E4,10+ years,MORTGAGE,75000.0,Verified,debt_consolidation,RI,33.01,1.0,680.0,684.0,0.0,62.1,53.0,Individual,6,High Risk,Manual Review
142039537,5000.0, 36 months,23.4,E,E1,10+ years,MORTGAGE,73000.0,Source Verified,home_improvement,MD,34.23,0.0,695.0,699.0,0.0,48.1,39.0,Individual,5,High Risk,Manual Review
141635393,24000.0, 60 months,28.72,F,F1,10+ years,OWN,50000.0,Verified,debt_consolidation,MI,33.41,0.0,720.0,724.0,1.0,72.5,8.0,Individual,5,High Risk,Manual Review
141281349,12000.0, 60 months,28.72,F,F1,,RENT,22800.0,Verified,major_purchase,CA,32.64,0.0,665.0,669.0,0.0,21.2,15.0,Individual,5,High Risk,Manual Review
142058529,1000.0, 36 months,23.4,E,E1,,OWN,32000.0,Not Verified,major_purchase,TX,31.96,0.0,725.0,729.0,1.0,20.7,12.0,Individual,5,High Risk,Manual Review
141683780,14000.0, 60 months,30.17,F,F3,,MORTGAGE,24000.0,Not Verified,debt_consolidation,NY,77.95,1.0,665.0,669.0,0.0,74.0,39.0,Joint App,6,High Risk,Manual Review
141987205,25000.0, 36 months,23.4,E,E1,4 years,RENT,70000.0,Source Verified,debt_consolidation,ID,34.27,0.0,700.0,704.0,0.0,85.1,21.0,Individual,6,High Risk,Manual Review
141632500,16000.0, 60 months,29.69,F,F2,10+ years,MORTGAGE,90000.0,Source Verified,debt_consolidation,TX,32.44,1.0,670.0,674.0,0.0,67.9,43.0,Individual,6,High Risk,Manual Review
141605751,20000.0, 60 months,27.27,E,E5,2 years,MORTGAGE,27000.0,Verified,home_improvement,FL,53.2,0.0,660.0,664.0,1.0,44.0,13.0,Joint App,5,High Risk,Manual Review
141826122,16000.0, 60 months,25.34,E,E3,3 years,MORTGAGE,90000.0,Not Verified,credit_card,NV,22.61,3.0,665.0,669.0,1.0,89.2,27.0,Individual,5,High Risk,Manual Review
141358972,8500.0, 36 months,26.31,E,E4,2 years,MORTGAGE,52000.0,Source Verified,debt_consolidation,MO,18.14,7.0,665.0,669.0,0.0,90.9,37.0,Individual,5,High Risk,Manual Review
141992444,5500.0, 36 months,26.31,E,E4,2 years,MORTGAGE,13000.0,Not Verified,home_improvement,IL,95.38,0.0,685.0,689.0,0.0,65.6,15.0,Joint App,5,High Risk,Manual Review
141867182,7000.0, 36 months,26.31,E,E4,10+ years,MORTGAGE,95000.0,Source Verified,debt_consolidation,NJ,22.63,1.0,685.0,689.0,0.0,88.8,37.0,Joint App,5,High Risk,Manual Review
141802889,5400.0, 36 months,30.79,G,G1,,RENT,27000.0,Verified,vacation,CA,34.89,0.0,660.0,664.0,0.0,90.1,12.0,Individual,6,High Risk,Manual Review
141671286,7500.0, 36 months,24.37,E,E2,10+ years,RENT,80000.0,Source Verified,credit_card,CA,37.71,0.0,705.0,709.0,0.0,42.4,31.0,Individual,5,High Risk,Manual Review
141286094,25000.0, 60 months,25.34,E,E3,,MORTGAGE,14496.0,Verified,debt_consolidation,NJ,78.97,0.0,695.0,699.0,2.0,84.2,25.0,Joint App,6,High Risk,Manual Review
141167612,35000.0, 36 months,25.34,E,E3,10+ years,MORTGAGE,65000.0,Verified,debt_consolidation,MI,49.02,0.0,685.0,689.0,2.0,76.5,29.0,Joint App,5,High Risk,Manual Review
141982639,16000.0, 36 months,30.75,F,F5,4 years,MORTGAGE,50000.0,Verified,debt_consolidation,CT,49.9,0.0,680.0,684.0,2.0,76.5,16.0,Joint App,5,High Risk,Manual Review
141914519,34100.0, 60 months,30.75,F,F5,2 years,RENT,49500.0,Verified,debt_consolidation,WA,62.52,0.0,670.0,674.0,2.0,48.6,52.0,Joint App,5,High Risk,Manual Review
142005513,12000.0, 36 months,24.37,E,E2,10+ years,MORTGAGE,65000.0,Not Verified,debt_consolidation,PA,49.43,0.0,705.0,709.0,1.0,60.9,23.0,Joint App,5,High Risk,Manual Review
141917076,25000.0, 60 months,25.34,E,E3,3 years,RENT,54000.0,Not Verified,debt_consolidation,GA,42.29,0.0,675.0,679.0,0.0,63.2,28.0,Joint App,5,High Risk,Manual Review
142010416,34550.0, 60 months,26.31,E,E4,,RENT,14000.0,Verified,debt_consolidation,NV,59.18,0.0,705.0,709.0,0.0,9.0,9.0,Joint App,5,High Risk,Manual Review
141814519,2600.0, 36 months,25.34,E,E3,4 years,OWN,24000.0,Verified,debt_consolidation,PA,37.75,0.0,660.0,664.0,0.0,37.8,20.0,Individual,5,High Risk,Manual Review
141864855,2400.0, 36 months,25.34,E,E3,,RENT,11400.0,Verified,other,FL,35.58,0.0,675.0,679.0,1.0,43.5,10.0,Joint App,5,High Risk,Manual Review
141648272,9625.0, 36 months,25.34,E,E3,,MORTGAGE,15600.0,Verified,debt_consolidation,FL,59.38,0.0,675.0,679.0,1.0,30.9,10.0,Joint App,5,High Risk,Manual Review
141986360,28000.0, 60 months,27.27,E,E5,5 years,RENT,90000.0,Verified,credit_card,AZ,20.21,1.0,690.0,694.0,0.0,97.4,16.0,Joint App,5,High Risk,Manual Review
141460480,2400.0, 36 months,20.89,D,D4,10+ years,MORTGAGE,45000.0,Source Verified,debt_consolidation,AL,35.47,2.0,685.0,689.0,0.0,97.9,19.0,Joint App,5,High Risk,Manual Review
141980245,5000.0, 36 months,27.27,E,E5,4 years,RENT,95000.0,Verified,other,TX,33.0,0.0,720.0,724.0,0.0,74.2,37.0,Individual,5,High Risk,Manual Review
141295190,26000.0, 60 months,27.27,E,E5,10+ years,RENT,48211.0,Verified,debt_consolidation,FL,42.89,0.0,735.0,739.0,0.0,69.5,13.0,Joint App,5,High Risk,Manual Review
140846743,12000.0, 60 months,26.31,E,E4,6 years,OWN,70000.0,Source Verified,other,WA,39.28,0.0,670.0,674.0,0.0,65.5,37.0,Individual,5,High Risk,Manual Review
141333309,12600.0, 60 months,29.69,F,F2,6 years,MORTGAGE,65000.0,Source Verified,debt_consolidation,FL,35.32,1.0,725.0,729.0,0.0,24.9,34.0,Individual,6,High Risk,Manual Review
141957904,25000.0, 36 months,27.27,E,E5,< 1 year,MORTGAGE,135228.0,Not Verified,debt_consolidation,VA,32.72,0.0,730.0,734.0,0.0,81.5,19.0,Individual,6,High Risk,Manual Review
141543179,19200.0, 60 months,25.34,E,E3,10+ years,RENT,150000.0,Not Verified,debt_consolidation,NJ,33.93,0.0,730.0,734.0,2.0,50.9,26.0,Individual,5,High Risk,Manual Review
141896222,7600.0, 36 months,23.4,E,E1,1 year,MORTGAGE,117000.0,Source Verified,credit_card,WI,38.73,0.0,705.0,709.0,0.0,40.7,46.0,Individual,5,High Risk,Manual Review
141879737,15000.0, 60 months,27.27,E,E5,5 years,MORTGAGE,95000.0,Verified,other,FL,31.99,0.0,670.0,674.0,3.0,34.8,51.0,Individual,5,High Risk,Manual Review
141837565,35000.0, 60 months,25.34,E,E3,,MORTGAGE,40000.0,Source Verified,debt_consolidation,NJ,34.14,0.0,660.0,664.0,0.0,75.3,21.0,Joint App,5,High Risk,Manual Review
141920750,16000.0, 60 months,27.27,E,E5,10+ years,MORTGAGE,95000.0,Source Verified,home_improvement,MD,31.22,0.0,690.0,694.0,0.0,64.4,14.0,Individual,5,High Risk,Manual Review
141974696,1000.0, 36 months,30.75,F,F5,3 years,RENT,29000.0,Verified,other,CA,36.67,0.0,720.0,724.0,0.0,62.2,12.0,Individual,5,High Risk,Manual Review
141919587,19050.0, 36 months,27.27,E,E5,< 1 year,OWN,100000.0,Not Verified,debt_consolidation,VA,34.59,0.0,715.0,719.0,0.0,44.6,26.0,Individual,5,High Risk,Manual Review
141866436,9000.0, 36 months,23.4,E,E1,2 years,RENT,50000.0,Not Verified,debt_consolidation,CA,32.14,0.0,695.0,699.0,0.0,67.7,24.0,Joint App,5,High Risk,Manual Review
141891291,32000.0, 60 months,27.27,E,E5,10+ years,MORTGAGE,70000.0,Not Verified,debt_consolidation,KS,54.61,0.0,690.0,694.0,0.0,62.2,49.0,Joint App,5,High Risk,Manual Review
141538899,30000.0, 60 months,27.27,E,E5,6 years,MORTGAGE,56000.0,Verified,other,TX,47.15,2.0,690.0,694.0,0.0,26.0,38.0,Joint App,6,High Risk,Manual Review
141896970,10000.0, 36 months,23.4,E,E1,2 years,ANY,55000.0,Source Verified,debt_consolidation,FL,36.66,0.0,695.0,699.0,0.0,60.9,15.0,Individual,5,High Risk,Manual Review
141917747,16000.0, 60 months,23.4,E,E1,10+ years,MORTGAGE,72000.0,Source Verified,credit_card,SC,31.75,0.0,715.0,719.0,0.0,46.2,24.0,Individual,5,High Risk,Manual Review
141923809,16750.0, 60 months,25.34,E,E3,4 years,MORTGAGE,88000.0,Source Verified,credit_card,FL,33.17,0.0,695.0,699.0,0.0,52.8,41.0,Individual,5,High Risk,Manual Review
140377339,15500.0, 60 months,16.14,C,C4,5 years,MORTGAGE,103000.0,Source Verified,home_improvement,MS,31.4,1.0,690.0,694.0,0.0,80.7,24.0,Individual,5,High Risk,Manual Review
141921462,1000.0, 36 months,24.37,E,E2,10+ years,OWN,26000.0,Verified,major_purchase,FL,35.0,0.0,680.0,684.0,0.0,16.2,9.0,Individual,5,High Risk,Manual Review
141926636,1000.0, 36 months,26.31,E,E4,10+ years,MORTGAGE,45000.0,Not Verified,moving,FL,35.81,0.0,705.0,709.0,1.0,96.7,11.0,Individual,6,High Risk,Manual Review
141834653,8000.0, 36 months,29.69,F,F2,,MORTGAGE,77000.0,Not Verified,other,CA,30.53,0.0,705.0,709.0,0.0,99.4,18.0,Individual,6,High Risk,Manual Review
141467739,40000.0, 60 months,29.69,F,F2,10+ years,RENT,42330.0,Verified,debt_consolidation,NY,43.29,0.0,760.0,764.0,1.0,26.9,6.0,Joint App,5,High Risk,Manual Review
141298435,24525.0, 36 months,23.4,E,E1,1 year,RENT,72000.0,Source Verified,debt_consolidation,WA,85.13,0.0,715.0,719.0,0.0,79.8,30.0,Joint App,5,High Risk,Manual Review
141377032,6000.0, 36 months,24.37,E,E2,10+ years,MORTGAGE,85000.0,Verified,other,CA,46.84,0.0,715.0,719.0,1.0,78.2,48.0,Joint App,5,High Risk,Manual Review
141700392,35000.0, 36 months,30.79,G,G1,10+ years,MORTGAGE,119597.0,Verified,debt_consolidation,MD,16.74,1.0,665.0,669.0,1.0,82.0,28.0,Individual,5,High Risk,Manual Review
141275271,24000.0, 60 months,29.69,F,F2,10+ years,MORTGAGE,45000.0,Verified,debt_consolidation,CA,30.21,1.0,665.0,669.0,0.0,77.1,18.0,Joint App,6,High Risk,Manual Review
141573895,3900.0, 36 months,27.27,E,E5,5 years,RENT,54000.0,Source Verified,vacation,CO,37.84,0.0,700.0,704.0,1.0,15.7,32.0,Individual,5,High Risk,Manual Review
141640269,26275.0, 60 months,27.27,E,E5,3 years,RENT,130000.0,Source Verified,debt_consolidation,VT,13.48,1.0,680.0,684.0,1.0,81.4,32.0,Individual,5,High Risk,Manual Review
141875063,3000.0, 36 months,25.34,E,E3,10+ years,MORTGAGE,126062.0,Source Verified,vacation,MD,30.75,0.0,690.0,694.0,0.0,87.3,48.0,Individual,6,High Risk,Manual Review
141880251,20000.0, 36 months,26.31,E,E4,10+ years,MORTGAGE,169000.0,Not Verified,debt_consolidation,MO,37.14,0.0,735.0,739.0,2.0,61.0,32.0,Individual,5,High Risk,Manual Review
141874685,10000.0, 60 months,25.34,E,E3,3 years,RENT,25000.0,Source Verified,debt_consolidation,NH,33.51,0.0,695.0,699.0,0.0,51.5,14.0,Individual,5,High Risk,Manual Review
141832937,20000.0, 36 months,23.4,E,E1,10+ years,MORTGAGE,71000.0,Not Verified,debt_consolidation,MN,38.3,0.0,705.0,709.0,1.0,32.5,32.0,Joint App,5,High Risk,Manual Review
140525371,19250.0, 60 months,30.17,F,F3,10+ years,MORTGAGE,52000.0,Verified,car,AL,32.38,0.0,685.0,689.0,2.0,66.4,13.0,Joint App,5,High Risk,Manual Review
141779609,20000.0, 60 months,27.27,E,E5,7 years,MORTGAGE,101000.0,Source Verified,credit_card,OH,23.7,1.0,680.0,684.0,1.0,82.9,34.0,Individual,5,High Risk,Manual Review
141833732,5000.0, 36 months,23.4,E,E1,10+ years,MORTGAGE,32000.0,Not Verified,credit_card,WA,38.75,1.0,660.0,664.0,0.0,72.5,19.0,Joint App,6,High Risk,Manual Review
140739704,1000.0, 36 months,27.27,E,E5,3 years,RENT,26000.0,Source Verified,other,OH,37.26,0.0,660.0,664.0,1.0,8.4,18.0,Individual,5,High Risk,Manual Review
141867595,30000.0, 36 months,17.97,D,D1,< 1 year,RENT,120000.0,Source Verified,debt_consolidation,CA,37.02,2.0,680.0,684.0,0.0,83.5,22.0,Individual,5,High Risk,Manual Review
141095478,23200.0, 60 months,25.34,E,E3,< 1 year,MORTGAGE,28000.0,Not Verified,home_improvement,VA,53.24,1.0,715.0,719.0,0.0,10.3,12.0,Joint App,6,High Risk,Manual Review
140635412,1600.0, 36 months,23.4,E,E1,5 years,MORTGAGE,45000.0,Verified,major_purchase,HI,35.79,3.0,675.0,679.0,0.0,78.6,16.0,Individual,6,High Risk,Manual Review
141861271,24000.0, 60 months,20.89,D,D4,< 1 year,RENT,46000.0,Not Verified,debt_consolidation,NY,31.25,3.0,685.0,689.0,0.0,98.5,22.0,Individual,5,High Risk,Manual Review
141617603,19925.0, 36 months,23.4,E,E1,10+ years,MORTGAGE,85000.0,Verified,credit_card,NE,36.83,0.0,740.0,744.0,0.0,19.0,36.0,Individual,5,High Risk,Manual Review
141634222,25000.0, 60 months,29.69,F,F2,10+ years,RENT,40000.0,Verified,other,IN,60.79,0.0,665.0,669.0,1.0,56.6,34.0,Joint App,5,High Risk,Manual Review
141418543,6000.0, 36 months,23.4,E,E1,2 years,RENT,70000.0,Source Verified,debt_consolidation,CA,32.33,0.0,670.0,674.0,0.0,62.6,21.0,Individual,5,High Risk,Manual Review
141171189,22000.0, 60 months,28.72,F,F1,10+ years,RENT,45000.0,Verified,credit_card,MA,40.16,0.0,675.0,679.0,0.0,69.6,16.0,Joint App,5,High Risk,Manual Review
141332194,16000.0, 60 months,28.72,F,F1,2 years,RENT,36000.0,Verified,debt_consolidation,MO,37.03,0.0,665.0,669.0,0.0,76.9,24.0,Individual,5,High Risk,Manual Review
140947910,13075.0, 60 months,26.31,E,E4,4 years,MORTGAGE,70000.0,Verified,debt_consolidation,MN,39.69,0.0,665.0,669.0,2.0,36.6,50.0,Individual,5,High Risk,Manual Review
141643099,20225.0, 60 months,24.37,E,E2,10+ years,MORTGAGE,69000.0,Verified,debt_consolidation,NY,31.1,0.0,720.0,724.0,0.0,40.7,19.0,Individual,5,High Risk,Manual Review
141637909,14000.0, 36 months,23.4,E,E1,3 years,MORTGAGE,27000.0,Source Verified,debt_consolidation,MN,31.2,0.0,680.0,684.0,0.0,74.2,10.0,Individual,5,High Risk,Manual Review
141631631,15000.0, 60 months,29.69,F,F2,10+ years,MORTGAGE,190000.0,Source Verified,debt_consolidation,MA,15.81,3.0,660.0,664.0,0.0,98.1,22.0,Individual,5,High Risk,Manual Review
141246254,7300.0, 36 months,25.34,E,E3,1 year,RENT,35000.0,Verified,debt_consolidation,OH,36.97,0.0,715.0,719.0,3.0,43.0,12.0,Individual,5,High Risk,Manual Review
141692448,2500.0, 36 months,27.27,E,E5,< 1 year,MORTGAGE,130000.0,Verified,vacation,OK,13.98,1.0,675.0,679.0,0.0,94.5,8.0,Individual,5,High Risk,Manual Review
141590379,15600.0, 60 months,26.31,E,E4,5 years,MORTGAGE,4000.0,Verified,debt_consolidation,IL,209.91,3.0,690.0,694.0,0.0,77.2,14.0,Joint App,6,High Risk,Manual Review
141637493,7000.0, 36 months,20.89,D,D4,10+ years,RENT,40000.0,Source Verified,debt_consolidation,TX,33.51,1.0,670.0,674.0,0.0,93.3,11.0,Individual,5,High Risk,Manual Review
141105299,25000.0, 36 months,23.4,E,E1,10+ years,MORTGAGE,99990.0,Verified,debt_consolidation,CA,39.28,0.0,710.0,714.0,1.0,85.1,15.0,Individual,6,High Risk,Manual Review
141248720,8000.0, 36 months,27.27,E,E5,2 years,MORTGAGE,42000.0,Verified,major_purchase,PA,57.51,0.0,725.0,729.0,3.0,55.0,28.0,Joint App,5,High Risk,Manual Review
141489239,16000.0, 36 months,26.31,E,E4,10+ years,RENT,39770.0,Verified,debt_consolidation,FL,46.08,0.0,685.0,689.0,1.0,81.4,18.0,Joint App,6,High Risk,Manual Review
141794228,10000.0, 36 months,19.92,D,D3,,RENT,36000.0,Not Verified,debt_consolidation,OH,38.87,1.0,680.0,684.0,0.0,93.7,22.0,Individual,5,High Risk,Manual Review
141730804,7500.0, 36 months,24.37,E,E2,< 1 year,OWN,51050.0,Not Verified,debt_consolidation,CO,37.09,0.0,670.0,674.0,0.0,48.0,41.0,Individual,5,High Risk,Manual Review
141674818,19200.0, 60 months,26.31,E,E4,10+ years,RENT,45000.0,Verified,debt_consolidation,CA,36.35,0.0,705.0,709.0,0.0,39.4,37.0,Individual,5,High Risk,Manual Review
141458830,25000.0, 60 months,30.79,G,G1,< 1 year,MORTGAGE,105000.0,Source Verified,credit_card,MI,31.73,1.0,705.0,709.0,0.0,52.6,55.0,Individual,6,High Risk,Manual Review
141490640,20000.0, 36 months,26.31,E,E4,10+ years,MORTGAGE,94500.0,Not Verified,renewable_energy,GA,50.16,2.0,665.0,669.0,0.0,90.7,43.0,Joint App,7,High Risk,Manual Review
141622732,16000.0, 60 months,27.27,E,E5,1 year,OWN,65000.0,Source Verified,debt_consolidation,CT,32.31,0.0,700.0,704.0,0.0,99.3,12.0,Individual,6,High Risk,Manual Review
141574979,23400.0, 60 months,30.65,F,F4,10+ years,MORTGAGE,110000.0,Verified,credit_card,TX,31.8,1.0,705.0,709.0,0.0,43.5,37.0,Individual,6,High Risk,Manual Review
140903892,7400.0, 36 months,27.27,E,E5,10+ years,MORTGAGE,48000.0,Verified,debt_consolidation,TX,37.48,1.0,690.0,694.0,0.0,46.4,29.0,Individual,6,High Risk,Manual Review
141697443,16000.0, 60 months,23.4,E,E1,,RENT,18000.0,Verified,credit_card,OR,56.6,0.0,670.0,674.0,0.0,76.1,8.0,Joint App,5,High Risk,Manual Review
141551976,1500.0, 36 months,26.31,E,E4,,OWN,11000.0,Verified,major_purchase,TX,34.17,0.0,705.0,709.0,0.0,71.0,4.0,Individual,5,High Risk,Manual Review
141504659,20000.0, 60 months,26.31,E,E4,,OWN,28000.0,Source Verified,debt_consolidation,CA,38.19,0.0,670.0,674.0,0.0,51.0,14.0,Joint App,5,High Risk,Manual Review
140858101,25000.0, 60 months,29.69,F,F2,7 years,RENT,65000.0,Verified,credit_card,NJ,43.43,0.0,690.0,694.0,0.0,59.8,24.0,Joint App,5,High Risk,Manual Review
141671062,32000.0, 60 months,28.72,F,F1,7 years,MORTGAGE,70000.0,Not Verified,home_improvement,MS,44.28,0.0,700.0,704.0,1.0,68.5,33.0,Joint App,5,High Risk,Manual Review
140922688,28000.0, 60 months,15.02,C,C3,7 years,MORTGAGE,126000.0,Source Verified,debt_consolidation,TX,30.54,1.0,665.0,669.0,1.0,90.8,50.0,Individual,5,High Risk,Manual Review
141688608,6325.0, 36 months,23.4,E,E1,1 year,RENT,45000.0,Source Verified,credit_card,MN,32.93,0.0,680.0,684.0,0.0,44.9,31.0,Individual,5,High Risk,Manual Review
141594737,15000.0, 60 months,30.79,G,G1,2 years,MORTGAGE,100000.0,Verified,credit_card,WA,24.5,2.0,660.0,664.0,0.0,86.5,29.0,Individual,5,High Risk,Manual Review
141180289,10000.0, 60 months,30.99,G,G5,1 year,RENT,50000.0,Verified,other,CA,32.29,0.0,680.0,684.0,0.0,76.5,21.0,Individual,5,High Risk,Manual Review
141661726,10000.0, 60 months,27.27,E,E5,10+ years,MORTGAGE,40000.0,Source Verified,debt_consolidation,CA,33.51,2.0,675.0,679.0,0.0,93.7,24.0,Individual,7,High Risk,Manual Review
141263640,15000.0, 36 months,23.4,E,E1,4 years,RENT,38000.0,Verified,debt_consolidation,VA,34.62,1.0,670.0,674.0,1.0,35.4,31.0,Individual,6,High Risk,Manual Review
141639360,25000.0, 60 months,27.27,E,E5,5 years,MORTGAGE,36000.0,Verified,debt_consolidation,NM,57.93,0.0,730.0,734.0,1.0,48.9,18.0,Joint App,5,High Risk,Manual Review
141647148,25000.0, 36 months,23.4,E,E1,6 years,MORTGAGE,70000.0,Source Verified,debt_consolidation,KY,31.75,0.0,705.0,709.0,0.0,80.1,17.0,Individual,6,High Risk,Manual Review
141650138,27000.0, 36 months,23.4,E,E1,9 years,MORTGAGE,21000.0,Source Verified,credit_card,CA,117.03,1.0,675.0,679.0,0.0,64.4,29.0,Joint App,6,High Risk,Manual Review
141023116,25000.0, 36 months,23.4,E,E1,9 years,OWN,180000.0,Not Verified,credit_card,PA,33.76,1.0,715.0,719.0,0.0,47.5,40.0,Individual,6,High Risk,Manual Review
141569863,15650.0, 60 months,26.31,E,E4,6 years,RENT,30000.0,Verified,credit_card,NC,36.48,0.0,750.0,754.0,0.0,39.6,21.0,Individual,5,High Risk,Manual Review
140214597,20000.0, 60 months,27.27,E,E5,4 years,RENT,60000.0,Source Verified,debt_consolidation,WA,32.96,0.0,725.0,729.0,0.0,29.4,24.0,Individual,5,High Risk,Manual Review
141662600,1000.0, 36 months,23.4,E,E1,2 years,RENT,72000.0,Not Verified,debt_consolidation,OR,10.88,1.0,660.0,664.0,0.0,83.6,18.0,Individual,5,High Risk,Manual Review
141672741,7200.0, 36 months,26.31,E,E4,< 1 year,RENT,50000.0,Source Verified,debt_consolidation,CA,32.29,0.0,705.0,709.0,1.0,75.0,17.0,Individual,5,High Risk,Manual Review
141629565,25000.0, 60 months,29.69,F,F2,10+ years,MORTGAGE,126000.0,Verified,debt_consolidation,NY,31.13,0.0,690.0,694.0,0.0,82.4,25.0,Individual,6,High Risk,Manual Review
141678823,17675.0, 60 months,25.34,E,E3,10+ years,OWN,80000.0,Not Verified,debt_consolidation,FL,31.49,0.0,740.0,744.0,0.0,47.5,34.0,Individual,5,High Risk,Manual Review
141467414,25000.0, 60 months,18.94,D,D2,5 years,MORTGAGE,50000.0,Verified,debt_consolidation,GA,31.61,1.0,700.0,704.0,0.0,81.9,15.0,Joint App,5,High Risk,Manual Review
141613463,25000.0, 60 months,25.34,E,E3,10+ years,MORTGAGE,108000.0,Source Verified,home_improvement,NC,35.1,0.0,705.0,709.0,0.0,71.7,37.0,Individual,5,High Risk,Manual Review
140846137,10875.0, 60 months,29.69,F,F2,2 years,MORTGAGE,28000.0,Verified,debt_consolidation,CA,80.07,0.0,740.0,744.0,1.0,11.5,34.0,Joint App,5,High Risk,Manual Review
141646687,10000.0, 60 months,25.34,E,E3,< 1 year,RENT,20000.0,Not Verified,debt_consolidation,CA,30.61,1.0,705.0,709.0,2.0,8.9,48.0,Individual,6,High Risk,Manual Review
141160899,25000.0, 60 months,27.27,E,E5,10+ years,MORTGAGE,60000.0,Not Verified,credit_card,MN,27.08,1.0,660.0,664.0,0.0,88.6,20.0,Joint App,5,High Risk,Manual Review
139856902,14675.0, 60 months,30.79,G,G1,,MORTGAGE,78000.0,Verified,debt_consolidation,PA,37.11,0.0,730.0,734.0,0.0,46.2,25.0,Joint App,5,High Risk,Manual Review
141195210,15000.0, 60 months,30.17,F,F3,,OWN,39000.0,Not Verified,debt_consolidation,GA,31.17,0.0,715.0,719.0,0.0,43.1,5.0,Joint App,5,High Risk,Manual Review
140624212,25000.0, 60 months,28.72,F,F1,3 years,MORTGAGE,65000.0,Not Verified,debt_consolidation,IL,26.35,1.0,665.0,669.0,0.0,84.2,19.0,Joint App,5,High Risk,Manual Review
141387087,23400.0, 60 months,25.34,E,E3,10+ years,RENT,42000.0,Source Verified,debt_consolidation,NJ,34.37,0.0,730.0,734.0,0.0,78.8,13.0,Individual,5,High Risk,Manual Review
141304579,12300.0, 60 months,27.27,E,E5,,MORTGAGE,23.0,Verified,debt_consolidation,NC,999.0,0.0,680.0,684.0,0.0,84.8,11.0,Joint App,6,High Risk,Manual Review
141615228,20000.0, 60 months,27.27,E,E5,< 1 year,MORTGAGE,35000.0,Verified,debt_consolidation,NY,77.74,2.0,665.0,669.0,0.0,81.2,27.0,Joint App,7,High Risk,Manual Review
141629600,17600.0, 36 months,23.4,E,E1,9 years,RENT,41000.0,Source Verified,credit_card,MA,37.97,1.0,705.0,709.0,0.0,74.2,23.0,Individual,6,High Risk,Manual Review
141621513,30600.0, 60 months,30.75,F,F5,10+ years,RENT,68000.0,Verified,debt_consolidation,NM,34.93,0.0,665.0,669.0,0.0,92.0,31.0,Individual,6,High Risk,Manual Review
141452386,26400.0, 60 months,25.34,E,E3,< 1 year,MORTGAGE,185000.0,Verified,debt_consolidation,TX,37.03,0.0,685.0,689.0,1.0,55.6,53.0,Individual,5,High Risk,Manual Review
141542692,18000.0, 60 months,30.79,G,G1,9 years,RENT,36000.0,Verified,debt_consolidation,FL,32.87,0.0,710.0,714.0,0.0,96.6,12.0,Individual,6,High Risk,Manual Review
141266340,30000.0, 36 months,27.27,E,E5,3 years,MORTGAGE,40000.0,Verified,debt_consolidation,MN,72.28,0.0,700.0,704.0,1.0,72.9,32.0,Joint App,5,High Risk,Manual Review
141293794,30000.0, 60 months,25.34,E,E3,< 1 year,OWN,100000.0,Not Verified,debt_consolidation,NY,30.34,1.0,715.0,719.0,0.0,54.7,22.0,Individual,6,High Risk,Manual Review
139835734,14000.0, 60 months,22.35,D,D5,10+ years,MORTGAGE,75000.0,Verified,credit_card,CA,31.14,1.0,670.0,674.0,0.0,84.1,19.0,Individual,5,High Risk,Manual Review
141282807,17925.0, 60 months,30.79,G,G1,10+ years,MORTGAGE,64000.0,Not Verified,other,FL,33.02,1.0,675.0,679.0,0.0,35.4,68.0,Individual,6,High Risk,Manual Review
141622231,32000.0, 60 months,20.89,D,D4,3 years,MORTGAGE,84000.0,Not Verified,debt_consolidation,IL,31.5,3.0,690.0,694.0,0.0,86.1,41.0,Joint App,5,High Risk,Manual Review
141630398,11500.0, 60 months,26.31,E,E4,< 1 year,RENT,75000.0,Source Verified,debt_consolidation,FL,9.66,3.0,665.0,669.0,0.0,97.6,21.0,Individual,5,High Risk,Manual Review
141619155,15000.0, 60 months,20.89,D,D4,10+ years,MORTGAGE,75000.0,Not Verified,debt_consolidation,OH,46.11,3.0,665.0,669.0,1.0,91.1,29.0,Joint App,5,High Risk,Manual Review
141291064,30000.0, 36 months,24.37,E,E2,7 years,MORTGAGE,60000.0,Not Verified,debt_consolidation,OK,2.82,1.0,675.0,679.0,1.0,83.4,32.0,Joint App,5,High Risk,Manual Review
140264136,31975.0, 60 months,30.75,F,F5,< 1 year,MORTGAGE,53000.0,Verified,debt_consolidation,OH,52.24,0.0,660.0,664.0,2.0,80.2,24.0,Joint App,6,High Risk,Manual Review
141614692,15675.0, 36 months,25.34,E,E3,,OWN,41000.0,Not Verified,debt_consolidation,VA,39.93,0.0,705.0,709.0,1.0,41.4,35.0,Individual,5,High Risk,Manual Review
141628204,20000.0, 60 months,27.27,E,E5,10+ years,MORTGAGE,76000.0,Not Verified,debt_consolidation,FL,39.74,0.0,695.0,699.0,1.0,71.5,30.0,Individual,5,High Risk,Manual Review
140435967,24000.0, 60 months,28.72,F,F1,10+ years,MORTGAGE,50000.0,Verified,debt_consolidation,WV,45.13,0.0,700.0,704.0,1.0,78.8,14.0,Joint App,5,High Risk,Manual Review
141601149,25000.0, 60 months,30.17,F,F3,8 years,RENT,75000.0,Source Verified,credit_card,CA,32.18,0.0,720.0,724.0,0.0,77.6,22.0,Individual,5,High Risk,Manual Review
141326433,22000.0, 60 months,26.31,E,E4,,OWN,75000.0,Verified,debt_consolidation,AL,44.1,0.0,745.0,749.0,0.0,45.3,27.0,Joint App,5,High Risk,Manual Review
141611938,10000.0, 36 months,23.4,E,E1,10+ years,MORTGAGE,53000.0,Source Verified,debt_consolidation,PA,10.71,1.0,675.0,679.0,0.0,89.9,22.0,Individual,5,High Risk,Manual Review
141405834,25950.0, 60 months,29.69,F,F2,10+ years,MORTGAGE,109704.0,Verified,debt_consolidation,VA,35.84,0.0,710.0,714.0,0.0,85.8,38.0,Individual,6,High Risk,Manual Review
141583419,9775.0, 36 months,26.31,E,E4,1 year,MORTGAGE,47000.0,Source Verified,home_improvement,NV,39.76,0.0,675.0,679.0,0.0,84.5,14.0,Individual,6,High Risk,Manual Review
141606628,5000.0, 36 months,22.35,D,D5,< 1 year,MORTGAGE,92300.0,Not Verified,other,NY,34.06,2.0,675.0,679.0,0.0,90.5,35.0,Individual,5,High Risk,Manual Review
141406072,11200.0, 60 months,26.31,E,E4,5 years,MORTGAGE,50000.0,Verified,debt_consolidation,NC,39.12,1.0,675.0,679.0,0.0,31.5,37.0,Individual,6,High Risk,Manual Review
141375607,25000.0, 36 months,23.4,E,E1,3 years,OWN,110000.0,Verified,debt_consolidation,NY,31.24,0.0,715.0,719.0,1.0,48.0,49.0,Individual,5,High Risk,Manual Review
140347424,24625.0, 60 months,25.34,E,E3,10+ years,MORTGAGE,34000.0,Verified,debt_consolidation,IL,52.17,1.0,660.0,664.0,0.0,78.0,18.0,Joint App,6,High Risk,Manual Review
141233504,12000.0, 36 months,27.27,E,E5,10+ years,MORTGAGE,56000.0,Verified,debt_consolidation,FL,39.95,0.0,690.0,694.0,0.0,61.1,23.0,Individual,5,High Risk,Manual Review
141468276,12400.0, 36 months,26.31,E,E4,1 year,RENT,100000.0,Source Verified,debt_consolidation,NJ,21.69,4.0,660.0,664.0,0.0,84.3,14.0,Individual,5,High Risk,Manual Review
141322395,23000.0, 60 months,25.34,E,E3,10+ years,MORTGAGE,30000.0,Verified,debt_consolidation,IL,62.56,0.0,725.0,729.0,0.0,62.5,25.0,Joint App,5,High Risk,Manual Review
141577137,17425.0, 36 months,24.37,E,E2,7 years,MORTGAGE,110000.0,Not Verified,home_improvement,DE,32.13,1.0,740.0,744.0,2.0,37.6,30.0,Individual,6,High Risk,Manual Review
141333766,28000.0, 60 months,26.31,E,E4,3 years,RENT,60000.0,Verified,debt_consolidation,SD,36.12,0.0,695.0,699.0,0.0,82.8,37.0,Joint App,6,High Risk,Manual Review
140650565,15025.0, 60 months,28.72,F,F1,7 years,MORTGAGE,55000.0,Verified,debt_consolidation,OK,36.22,0.0,690.0,694.0,2.0,42.3,35.0,Individual,5,High Risk,Manual Review
141072719,20000.0, 60 months,28.72,F,F1,10+ years,RENT,77500.0,Source Verified,debt_consolidation,CO,38.28,4.0,660.0,664.0,0.0,71.8,41.0,Individual,6,High Risk,Manual Review
141371807,20600.0, 60 months,26.31,E,E4,10+ years,OWN,75000.0,Source Verified,debt_consolidation,TX,34.24,0.0,680.0,684.0,0.0,37.6,44.0,Joint App,5,High Risk,Manual Review
141458827,35000.0, 36 months,28.72,F,F1,10+ years,MORTGAGE,71000.0,Verified,debt_consolidation,IL,33.22,1.0,670.0,674.0,2.0,95.7,12.0,Joint App,7,High Risk,Manual Review
141455787,10000.0, 60 months,23.4,E,E1,1 year,RENT,95000.0,Not Verified,other,CA,6.93,1.0,680.0,684.0,0.0,81.7,14.0,Individual,5,High Risk,Manual Review
141497654,29650.0, 60 months,23.4,E,E1,,MORTGAGE,93000.0,Not Verified,debt_consolidation,OH,33.19,0.0,700.0,704.0,2.0,35.9,50.0,Individual,5,High Risk,Manual Review
141536056,19200.0, 60 months,27.27,E,E5,10+ years,MORTGAGE,65000.0,Verified,debt_consolidation,ID,62.43,0.0,675.0,679.0,1.0,83.5,34.0,Joint App,6,High Risk,Manual Review
141438339,20000.0, 60 months,30.75,F,F5,10+ years,MORTGAGE,86000.0,Verified,debt_consolidation,ME,32.64,0.0,715.0,719.0,3.0,23.9,55.0,Individual,5,High Risk,Manual Review
140675706,18900.0, 60 months,30.79,G,G1,10+ years,MORTGAGE,56000.0,Not Verified,home_improvement,WI,61.89,0.0,700.0,704.0,0.0,56.4,23.0,Joint App,5,High Risk,Manual Review
141090797,10000.0, 60 months,26.31,E,E4,< 1 year,MORTGAGE,47000.0,Verified,debt_consolidation,OH,36.47,3.0,670.0,674.0,0.0,81.0,36.0,Individual,7,High Risk,Manual Review
141465906,19750.0, 60 months,27.27,E,E5,10+ years,MORTGAGE,25408.0,Verified,debt_consolidation,FL,63.06,0.0,710.0,714.0,0.0,40.9,26.0,Joint App,5,High Risk,Manual Review
140240091,10850.0, 36 months,24.37,E,E2,3 years,OWN,31000.0,Source Verified,debt_consolidation,NJ,31.32,0.0,700.0,704.0,0.0,32.0,12.0,Individual,5,High Risk,Manual Review
141526288,10000.0, 60 months,28.72,F,F1,10+ years,RENT,68000.0,Not Verified,moving,OR,32.83,0.0,675.0,679.0,0.0,72.4,29.0,Joint App,5,High Risk,Manual Review
141540187,10000.0, 36 months,23.4,E,E1,3 years,RENT,35000.0,Verified,credit_card,TX,36.59,0.0,665.0,669.0,1.0,38.3,22.0,Individual,5,High Risk,Manual Review
141545945,10000.0, 60 months,16.14,C,C4,2 years,MORTGAGE,55000.0,Source Verified,credit_card,OH,35.09,1.0,660.0,664.0,2.0,85.7,27.0,Individual,5,High Risk,Manual Review
141441072,30000.0, 60 months,24.37,E,E2,,MORTGAGE,106000.0,Verified,debt_consolidation,MD,34.42,2.0,660.0,664.0,1.0,67.2,38.0,Individual,6,High Risk,Manual Review
141191714,30000.0, 60 months,25.34,E,E3,2 years,RENT,65000.0,Source Verified,debt_consolidation,NV,34.71,0.0,730.0,734.0,0.0,64.9,17.0,Individual,5,High Risk,Manual Review
140406406,10000.0, 60 months,30.17,F,F3,2 years,RENT,46675.2,Source Verified,vacation,CA,35.84,0.0,700.0,704.0,0.0,75.3,15.0,Individual,5,High Risk,Manual Review
141287331,25000.0, 36 months,23.4,E,E1,3 years,MORTGAGE,140000.0,Verified,debt_consolidation,VA,26.07,1.0,705.0,709.0,0.0,83.8,18.0,Individual,5,High Risk,Manual Review
140819177,10900.0, 36 months,23.4,E,E1,3 years,RENT,31200.0,Source Verified,debt_consolidation,MA,32.96,0.0,665.0,669.0,0.0,83.0,6.0,Individual,6,High Risk,Manual Review
141503789,10000.0, 36 months,15.02,C,C3,10+ years,MORTGAGE,40000.0,Verified,credit_card,PA,43.5,2.0,675.0,679.0,0.0,97.0,23.0,Joint App,5,High Risk,Manual Review
140830767,32000.0, 60 months,17.97,D,D1,6 years,OWN,83500.0,Verified,major_purchase,IN,30.61,1.0,665.0,669.0,0.0,92.1,23.0,Individual,5,High Risk,Manual Review
141446197,35000.0, 60 months,23.4,E,E1,7 years,MORTGAGE,275000.0,Source Verified,credit_card,TX,14.36,1.0,670.0,674.0,0.0,85.0,25.0,Individual,5,High Risk,Manual Review
141421642,20000.0, 60 months,23.4,E,E1,10+ years,MORTGAGE,56000.0,Not Verified,debt_consolidation,KY,21.8,2.0,660.0,664.0,1.0,96.9,22.0,Joint App,5,High Risk,Manual Review
141465679,21000.0, 36 months,24.37,E,E2,10+ years,RENT,43300.0,Verified,debt_consolidation,IL,42.99,0.0,665.0,669.0,1.0,91.7,19.0,Joint App,6,High Risk,Manual Review
141427642,30000.0, 60 months,27.27,E,E5,3 years,RENT,94000.0,Verified,debt_consolidation,CA,32.24,0.0,695.0,699.0,1.0,75.8,32.0,Individual,5,High Risk,Manual Review
139884207,35375.0, 60 months,27.27,E,E5,4 years,MORTGAGE,30000.0,Source Verified,debt_consolidation,TX,128.88,0.0,690.0,694.0,0.0,51.6,37.0,Joint App,5,High Risk,Manual Review
140986084,27000.0, 60 months,29.69,F,F2,3 years,RENT,60000.0,Verified,debt_consolidation,NY,39.12,0.0,705.0,709.0,1.0,79.0,12.0,Individual,5,High Risk,Manual Review
140851176,18900.0, 60 months,30.89,G,G3,,MORTGAGE,42000.0,Not Verified,debt_consolidation,NC,36.51,0.0,695.0,699.0,0.0,99.0,25.0,Individual,6,High Risk,Manual Review
141441498,24200.0, 60 months,27.27,E,E5,3 years,MORTGAGE,44950.0,Not Verified,home_improvement,MI,30.2,2.0,690.0,694.0,0.0,31.7,15.0,Joint App,6,High Risk,Manual Review
141478277,11200.0, 60 months,28.72,F,F1,10+ years,MORTGAGE,110000.0,Not Verified,other,CT,20.52,1.0,670.0,674.0,0.0,93.8,39.0,Individual,5,High Risk,Manual Review
141475486,30000.0, 60 months,27.27,E,E5,8 years,RENT,175000.0,Source Verified,debt_consolidation,TX,33.15,0.0,675.0,679.0,0.0,31.8,70.0,Individual,5,High Risk,Manual Review
141129269,16000.0, 36 months,24.37,E,E2,< 1 year,RENT,20000.0,Verified,debt_consolidation,TX,54.33,0.0,670.0,674.0,1.0,60.9,15.0,Joint App,5,High Risk,Manual Review
141464007,12000.0, 36 months,23.4,E,E1,10+ years,OWN,54980.0,Not Verified,credit_card,CO,25.89,3.0,680.0,684.0,0.0,80.2,15.0,Joint App,5,High Risk,Manual Review
140312617,25000.0, 36 months,27.27,E,E5,3 years,RENT,106000.0,Source Verified,debt_consolidation,LA,32.88,0.0,670.0,674.0,0.0,61.5,49.0,Individual,5,High Risk,Manual Review
141297177,15000.0, 60 months,25.34,E,E3,,MORTGAGE,12360.0,Source Verified,debt_consolidation,FL,105.05,0.0,695.0,699.0,0.0,57.4,12.0,Joint App,5,High Risk,Manual Review
141442794,30000.0, 60 months,28.72,F,F1,10+ years,MORTGAGE,70000.0,Verified,debt_consolidation,IN,30.1,0.0,690.0,694.0,1.0,69.4,23.0,Joint App,5,High Risk,Manual Review
140124029,25150.0, 60 months,27.27,E,E5,< 1 year,MORTGAGE,225000.0,Verified,debt_consolidation,TX,37.11,0.0,690.0,694.0,0.0,52.8,59.0,Individual,5,High Risk,Manual Review
141179343,10000.0, 36 months,16.14,C,C4,10+ years,MORTGAGE,60000.0,Not Verified,home_improvement,NY,44.82,1.0,665.0,669.0,1.0,95.6,21.0,Joint App,5,High Risk,Manual Review
141423109,16000.0, 60 months,28.72,F,F1,2 years,MORTGAGE,55000.0,Source Verified,debt_consolidation,TX,36.74,1.0,695.0,699.0,0.0,30.0,25.0,Individual,6,High Risk,Manual Review
141245892,30000.0, 60 months,28.72,F,F1,10+ years,OWN,70000.0,Source Verified,debt_consolidation,IL,30.91,0.0,725.0,729.0,0.0,82.7,21.0,Individual,6,High Risk,Manual Review
140844781,10000.0, 60 months,24.37,E,E2,10+ years,RENT,41000.0,Verified,credit_card,MI,32.35,0.0,660.0,664.0,2.0,59.0,23.0,Individual,5,High Risk,Manual Review
141113069,25000.0, 36 months,23.4,E,E1,1 year,RENT,63500.0,Source Verified,credit_card,MD,37.91,0.0,705.0,709.0,0.0,91.6,21.0,Individual,6,High Risk,Manual Review
141431279,20000.0, 60 months,28.72,F,F1,10+ years,RENT,85000.0,Source Verified,debt_consolidation,CA,37.33,0.0,685.0,689.0,0.0,96.0,16.0,Individual,6,High Risk,Manual Review
141314787,20000.0, 60 months,25.34,E,E3,5 years,RENT,84000.0,Source Verified,debt_consolidation,UT,36.28,0.0,680.0,684.0,1.0,77.9,26.0,Individual,5,High Risk,Manual Review
140822975,12000.0, 60 months,27.27,E,E5,2 years,RENT,53000.0,Source Verified,debt_consolidation,TN,38.13,0.0,685.0,689.0,0.0,42.2,24.0,Individual,5,High Risk,Manual Review
141060279,20000.0, 60 months,25.34,E,E3,,MORTGAGE,19500.0,Verified,debt_consolidation,IN,31.02,0.0,725.0,729.0,0.0,89.6,5.0,Joint App,6,High Risk,Manual Review
141383622,10650.0, 60 months,27.27,E,E5,5 years,MORTGAGE,47500.0,Not Verified,home_improvement,FL,26.1,1.0,690.0,694.0,0.0,81.9,16.0,Individual,5,High Risk,Manual Review
141444496,8500.0, 36 months,19.92,D,D3,10+ years,MORTGAGE,89000.0,Not Verified,other,TX,33.64,3.0,660.0,664.0,1.0,87.5,27.0,Individual,5,High Risk,Manual Review
141230286,10000.0, 60 months,23.4,E,E1,10+ years,MORTGAGE,50000.0,Verified,debt_consolidation,NY,30.68,1.0,675.0,679.0,0.0,69.2,24.0,Individual,6,High Risk,Manual Review
141362211,14000.0, 60 months,23.4,E,E1,3 years,MORTGAGE,40280.0,Verified,credit_card,MI,31.79,0.0,710.0,714.0,1.0,57.0,12.0,Individual,5,High Risk,Manual Review
141084070,20000.0, 36 months,27.27,E,E5,10+ years,MORTGAGE,18523.05,Verified,credit_card,VT,59.17,0.0,675.0,679.0,0.0,89.4,23.0,Joint App,6,High Risk,Manual Review
141331241,12700.0, 36 months,27.27,E,E5,10+ years,RENT,50000.0,Source Verified,debt_consolidation,MD,32.36,1.0,720.0,724.0,1.0,18.4,30.0,Individual,6,High Risk,Manual Review
141423056,13500.0, 36 months,26.31,E,E4,2 years,OWN,63000.0,Not Verified,other,TN,35.85,0.0,710.0,714.0,0.0,39.0,32.0,Individual,5,High Risk,Manual Review
141242794,11250.0, 60 months,30.84,G,G2,8 years,RENT,26000.0,Verified,other,NC,39.66,0.0,705.0,709.0,0.0,33.2,25.0,Individual,5,High Risk,Manual Review
141420916,24000.0, 60 months,30.17,F,F3,3 years,MORTGAGE,71000.0,Source Verified,debt_consolidation,NC,39.66,0.0,685.0,689.0,0.0,71.9,42.0,Joint App,5,High Risk,Manual Review
141236989,25000.0, 36 months,24.37,E,E2,< 1 year,MORTGAGE,920000.0,Verified,other,CA,7.7,1.0,715.0,719.0,0.0,82.6,21.0,Individual,5,High Risk,Manual Review
140008411,16800.0, 60 months,27.27,E,E5,6 years,RENT,32000.0,Verified,debt_consolidation,PA,32.6,0.0,705.0,709.0,1.0,43.6,47.0,Joint App,5,High Risk,Manual Review
141428639,10000.0, 60 months,26.31,E,E4,4 years,MORTGAGE,35000.0,Not Verified,car,NJ,30.11,0.0,680.0,684.0,1.0,42.4,19.0,Joint App,5,High Risk,Manual Review
138126372,30000.0, 60 months,26.31,E,E4,3 years,RENT,100000.0,Verified,debt_consolidation,GA,31.44,0.0,725.0,729.0,1.0,0.3,43.0,Individual,5,High Risk,Manual Review
141425484,27600.0, 60 months,27.27,E,E5,1 year,RENT,66000.0,Verified,debt_consolidation,CA,30.61,1.0,665.0,669.0,0.0,49.5,18.0,Individual,6,High Risk,Manual Review
141279996,15000.0, 36 months,25.34,E,E3,10+ years,MORTGAGE,93000.0,Source Verified,debt_consolidation,FL,30.01,1.0,670.0,674.0,0.0,45.7,23.0,Individual,6,High Risk,Manual Review
141319142,12000.0, 60 months,28.72,F,F1,,MORTGAGE,17316.0,Verified,other,CA,67.91,0.0,670.0,674.0,3.0,47.7,20.0,Joint App,5,High Risk,Manual Review
141419384,10000.0, 60 months,28.72,F,F1,9 years,MORTGAGE,130000.0,Source Verified,debt_consolidation,DE,35.34,0.0,695.0,699.0,0.0,74.4,38.0,Individual,5,High Risk,Manual Review
141318187,15800.0, 60 months,26.31,E,E4,10+ years,RENT,75621.0,Source Verified,debt_consolidation,CA,30.74,0.0,695.0,699.0,0.0,45.1,49.0,Individual,5,High Risk,Manual Review
141374572,12000.0, 60 months,27.27,E,E5,5 years,RENT,30000.0,Source Verified,debt_consolidation,NJ,36.57,0.0,695.0,699.0,0.0,55.5,14.0,Individual,5,High Risk,Manual Review
141224157,10000.0, 60 months,26.31,E,E4,10+ years,MORTGAGE,225000.0,Verified,debt_consolidation,IL,40.84,0.0,690.0,694.0,2.0,80.0,31.0,Joint App,5,High Risk,Manual Review
141286371,18000.0, 60 months,25.34,E,E3,10+ years,MORTGAGE,65000.0,Not Verified,credit_card,OK,34.55,0.0,680.0,684.0,1.0,57.4,17.0,Individual,5,High Risk,Manual Review
141254592,10775.0, 60 months,27.27,E,E5,2 years,MORTGAGE,36000.0,Verified,debt_consolidation,AR,35.7,0.0,700.0,704.0,0.0,62.7,20.0,Individual,5,High Risk,Manual Review
141408742,5000.0, 36 months,24.37,E,E2,9 years,MORTGAGE,120000.0,Not Verified,vacation,TN,13.54,4.0,665.0,669.0,0.0,93.9,44.0,Individual,5,High Risk,Manual Review
141383810,8000.0, 36 months,25.34,E,E3,10+ years,RENT,76400.0,Not Verified,debt_consolidation,TX,33.4,0.0,665.0,669.0,0.0,86.6,45.0,Individual,6,High Risk,Manual Review
141352103,5000.0, 36 months,25.34,E,E3,1 year,RENT,60000.0,Source Verified,other,CA,31.94,0.0,700.0,704.0,0.0,63.6,26.0,Individual,5,High Risk,Manual Review
141373761,15000.0, 60 months,27.27,E,E5,10+ years,RENT,53000.0,Source Verified,debt_consolidation,NE,16.37,1.0,670.0,674.0,0.0,80.3,21.0,Individual,5,High Risk,Manual Review
140016115,15000.0, 60 months,27.27,E,E5,10+ years,MORTGAGE,107000.0,Not Verified,debt_consolidation,NE,29.19,1.0,675.0,679.0,0.0,89.1,35.0,Individual,5,High Risk,Manual Review
141399555,15175.0, 60 months,27.27,E,E5,6 years,OWN,36260.0,Not Verified,debt_consolidation,WI,34.89,1.0,720.0,724.0,1.0,41.3,17.0,Individual,6,High Risk,Manual Review
140293544,3325.0, 36 months,29.69,F,F2,,RENT,38335.0,Verified,debt_consolidation,MO,32.44,1.0,710.0,714.0,0.0,11.5,16.0,Individual,6,High Risk,Manual Review
141374664,1000.0, 36 months,24.37,E,E2,6 years,RENT,40000.0,Source Verified,other,NY,31.68,0.0,685.0,689.0,0.0,30.1,14.0,Individual,5,High Risk,Manual Review
141210709,27000.0, 60 months,24.37,E,E2,10+ years,MORTGAGE,41758.0,Not Verified,debt_consolidation,MO,52.49,0.0,735.0,739.0,2.0,41.1,33.0,Joint App,5,High Risk,Manual Review
140954857,8200.0, 36 months,27.27,E,E5,1 year,MORTGAGE,92000.0,Not Verified,home_improvement,FL,39.4,0.0,710.0,714.0,0.0,87.3,25.0,Individual,6,High Risk,Manual Review
141375975,30000.0, 60 months,28.72,F,F1,7 years,MORTGAGE,91000.0,Source Verified,credit_card,CO,30.77,0.0,670.0,674.0,0.0,96.3,79.0,Individual,6,High Risk,Manual Review
140709234,14000.0, 60 months,25.34,E,E3,1 year,OWN,40000.0,Verified,debt_consolidation,NJ,35.43,0.0,705.0,709.0,1.0,26.2,48.0,Individual,5,High Risk,Manual Review
140727508,6000.0, 36 months,16.91,C,C5,7 years,RENT,30000.0,Not Verified,credit_card,KS,44.32,1.0,665.0,669.0,0.0,86.2,19.0,Joint App,5,High Risk,Manual Review
140438338,1000.0, 36 months,27.27,E,E5,1 year,ANY,24000.0,Source Verified,other,TN,30.5,0.0,680.0,684.0,0.0,58.3,13.0,Individual,5,High Risk,Manual Review
141237534,20000.0, 60 months,24.37,E,E2,2 years,MORTGAGE,155000.0,Verified,credit_card,CA,32.64,0.0,660.0,664.0,1.0,83.0,36.0,Individual,6,High Risk,Manual Review
141290802,25000.0, 36 months,27.27,E,E5,9 years,RENT,53000.0,Not Verified,home_improvement,CO,34.38,0.0,680.0,684.0,0.0,42.2,37.0,Individual,5,High Risk,Manual Review
141339294,16050.0, 60 months,23.4,E,E1,10+ years,MORTGAGE,54600.0,Verified,debt_consolidation,MI,68.55,0.0,685.0,689.0,1.0,68.3,23.0,Joint App,5,High Risk,Manual Review
141302129,35000.0, 60 months,30.79,G,G1,2 years,RENT,80000.0,Source Verified,credit_card,NJ,36.17,0.0,715.0,719.0,1.0,74.2,14.0,Joint App,5,High Risk,Manual Review
140201355,12000.0, 60 months,30.79,G,G1,3 years,MORTGAGE,33000.0,Source Verified,credit_card,NM,41.67,0.0,670.0,674.0,1.0,53.9,10.0,Joint App,5,High Risk,Manual Review
141303357,12000.0, 36 months,23.4,E,E1,1 year,RENT,55000.0,Not Verified,debt_consolidation,NV,33.21,0.0,660.0,664.0,0.0,73.0,13.0,Individual,5,High Risk,Manual Review
141277788,3000.0, 36 months,24.37,E,E2,,MORTGAGE,50049.0,Verified,home_improvement,SC,35.95,0.0,690.0,694.0,0.0,73.8,26.0,Joint App,5,High Risk,Manual Review
141354226,20000.0, 60 months,27.27,E,E5,< 1 year,MORTGAGE,39000.0,Not Verified,debt_consolidation,WA,37.97,0.0,660.0,664.0,1.0,43.3,27.0,Individual,5,High Risk,Manual Review
140618240,5000.0, 36 months,23.4,E,E1,1 year,RENT,30000.0,Source Verified,medical,IL,32.52,0.0,685.0,689.0,1.0,72.4,23.0,Individual,5,High Risk,Manual Review
140730033,4800.0, 36 months,23.4,E,E1,9 years,MORTGAGE,90000.0,Source Verified,debt_consolidation,GA,32.81,0.0,680.0,684.0,1.0,57.8,37.0,Joint App,5,High Risk,Manual Review
141265513,20000.0, 60 months,27.27,E,E5,9 years,RENT,59000.0,Verified,debt_consolidation,IL,36.03,0.0,675.0,679.0,1.0,68.4,20.0,Individual,5,High Risk,Manual Review
141301997,3000.0, 36 months,24.37,E,E2,,OWN,29350.92,Not Verified,other,MD,37.88,0.0,675.0,679.0,1.0,65.7,32.0,Individual,5,High Risk,Manual Review
141334942,1000.0, 36 months,30.65,F,F4,2 years,MORTGAGE,52000.0,Source Verified,small_business,KY,38.07,0.0,725.0,729.0,2.0,48.8,22.0,Individual,5,High Risk,Manual Review
141320790,24000.0, 60 months,30.65,F,F4,10+ years,MORTGAGE,23000.0,Verified,debt_consolidation,MO,51.62,0.0,675.0,679.0,1.0,25.6,19.0,Joint App,5,High Risk,Manual Review
140954974,15275.0, 36 months,27.27,E,E5,10+ years,MORTGAGE,65000.0,Verified,debt_consolidation,FL,34.51,0.0,715.0,719.0,0.0,70.0,21.0,Individual,5,High Risk,Manual Review
141274216,15000.0, 36 months,24.37,E,E2,1 year,RENT,23040.0,Source Verified,debt_consolidation,WA,36.51,1.0,660.0,664.0,0.0,90.8,14.0,Joint App,7,High Risk,Manual Review
141356327,22000.0, 60 months,26.31,E,E4,8 years,RENT,44000.0,Not Verified,debt_consolidation,IN,34.15,1.0,745.0,749.0,0.0,44.4,21.0,Individual,6,High Risk,Manual Review
141281391,11000.0, 60 months,26.31,E,E4,2 years,RENT,52000.0,Source Verified,debt_consolidation,AR,36.44,0.0,680.0,684.0,0.0,24.2,30.0,Individual,5,High Risk,Manual Review
140998512,1500.0, 36 months,23.4,E,E1,10+ years,RENT,49000.0,Source Verified,other,CA,30.15,0.0,705.0,709.0,0.0,88.3,21.0,Individual,6,High Risk,Manual Review
140960334,15000.0, 36 months,25.34,E,E3,4 years,RENT,106000.0,Verified,other,IL,34.12,0.0,715.0,719.0,0.0,86.8,10.0,Individual,6,High Risk,Manual Review
140564143,35000.0, 60 months,24.37,E,E2,10+ years,MORTGAGE,236000.0,Source Verified,debt_consolidation,NY,34.41,0.0,710.0,714.0,0.0,98.4,18.0,Individual,6,High Risk,Manual Review
140759388,28000.0, 60 months,23.4,E,E1,10+ years,MORTGAGE,160000.0,Verified,home_improvement,NC,32.65,0.0,665.0,669.0,2.0,80.0,23.0,Individual,5,High Risk,Manual Review
140384495,19325.0, 36 months,17.97,D,D1,,MORTGAGE,25000.0,Source Verified,debt_consolidation,MA,52.18,3.0,685.0,689.0,0.0,81.0,23.0,Joint App,5,High Risk,Manual Review
141010169,10000.0, 60 months,27.27,E,E5,3 years,RENT,32000.0,Source Verified,debt_consolidation,LA,37.88,0.0,660.0,664.0,2.0,52.9,14.0,Joint App,5,High Risk,Manual Review
140893915,32150.0, 36 months,24.37,E,E2,10+ years,MORTGAGE,50000.0,Verified,debt_consolidation,PA,71.2,0.0,705.0,709.0,0.0,66.7,16.0,Joint App,5,High Risk,Manual Review
141211458,30000.0, 60 months,27.27,E,E5,,MORTGAGE,7200.0,Not Verified,home_improvement,WV,83.67,1.0,660.0,664.0,0.0,28.3,11.0,Joint App,6,High Risk,Manual Review
140710453,10600.0, 36 months,27.27,E,E5,10+ years,RENT,92000.0,Verified,credit_card,NY,34.23,1.0,705.0,709.0,0.0,20.7,20.0,Individual,6,High Risk,Manual Review
141266491,30000.0, 60 months,29.69,F,F2,2 years,OWN,255000.0,Source Verified,debt_consolidation,NC,11.88,2.0,660.0,664.0,1.0,98.1,28.0,Individual,5,High Risk,Manual Review
140963853,12000.0, 60 months,29.69,F,F2,,RENT,30000.0,Source Verified,debt_consolidation,TX,60.08,0.0,675.0,679.0,0.0,56.1,20.0,Joint App,5,High Risk,Manual Review
141282523,15000.0, 60 months,25.34,E,E3,< 1 year,MORTGAGE,90000.0,Not Verified,debt_consolidation,OK,33.59,0.0,690.0,694.0,0.0,83.0,36.0,Individual,6,High Risk,Manual Review
141270990,26200.0, 60 months,27.27,E,E5,10+ years,MORTGAGE,150000.0,Not Verified,debt_consolidation,NY,30.94,1.0,690.0,694.0,0.0,79.1,25.0,Joint App,6,High Risk,Manual Review
141203862,14000.0, 60 months,23.4,E,E1,5 years,MORTGAGE,20000.0,Not Verified,credit_card,WA,31.99,0.0,690.0,694.0,0.0,82.3,6.0,Joint App,6,High Risk,Manual Review
141156346,39000.0, 36 months,15.02,C,C3,10+ years,MORTGAGE,112000.0,Source Verified,debt_consolidation,NC,30.88,1.0,685.0,689.0,0.0,84.3,34.0,Joint App,5,High Risk,Manual Review
141248341,32000.0, 36 months,25.34,E,E3,2 years,OWN,65000.0,Not Verified,other,NY,30.04,0.0,690.0,694.0,1.0,90.8,20.0,Joint App,6,High Risk,Manual Review
140814850,35000.0, 60 months,25.34,E,E3,< 1 year,MORTGAGE,102000.0,Not Verified,house,MN,33.78,0.0,680.0,684.0,1.0,10.2,46.0,Individual,5,High Risk,Manual Review
141276862,8000.0, 36 months,23.4,E,E1,5 years,MORTGAGE,55000.0,Not Verified,debt_consolidation,KY,38.18,1.0,685.0,689.0,0.0,11.0,30.0,Joint App,6,High Risk,Manual Review
141247520,5000.0, 36 months,23.4,E,E1,2 years,MORTGAGE,55000.0,Verified,other,VA,45.12,0.0,675.0,679.0,0.0,93.8,23.0,Joint App,6,High Risk,Manual Review
141284714,3000.0, 36 months,25.34,E,E3,10+ years,OWN,40000.0,Not Verified,debt_consolidation,FL,28.2,1.0,675.0,679.0,1.0,84.8,17.0,Joint App,5,High Risk,Manual Review
141281338,17000.0, 60 months,27.27,E,E5,< 1 year,RENT,96000.0,Source Verified,debt_consolidation,NY,30.7,0.0,680.0,684.0,2.0,60.3,12.0,Individual,5,High Risk,Manual Review
141078545,20000.0, 36 months,29.69,F,F2,1 year,RENT,47632.0,Source Verified,major_purchase,CA,34.85,0.0,700.0,704.0,0.0,75.0,25.0,Individual,5,High Risk,Manual Review
141030118,6000.0, 36 months,24.37,E,E2,10+ years,MORTGAGE,40000.0,Not Verified,major_purchase,NE,35.61,6.0,660.0,664.0,0.0,80.2,27.0,Joint App,7,High Risk,Manual Review
141079587,22000.0, 60 months,26.31,E,E4,10+ years,MORTGAGE,48000.0,Source Verified,debt_consolidation,CA,36.73,0.0,715.0,719.0,0.0,36.1,32.0,Individual,5,High Risk,Manual Review
141240679,16000.0, 60 months,27.27,E,E5,5 years,RENT,50000.0,Not Verified,debt_consolidation,FL,40.9,0.0,670.0,674.0,1.0,76.8,28.0,Joint App,5,High Risk,Manual Review
140685207,20000.0, 60 months,25.34,E,E3,4 years,RENT,41782.0,Not Verified,debt_consolidation,CA,33.32,0.0,660.0,664.0,0.0,30.1,47.0,Individual,5,High Risk,Manual Review
140985477,25000.0, 60 months,30.79,G,G1,7 years,RENT,50500.0,Verified,debt_consolidation,FL,30.99,0.0,710.0,714.0,0.0,36.7,40.0,Individual,5,High Risk,Manual Review
140237004,11000.0, 36 months,28.72,F,F1,1 year,RENT,80000.0,Verified,other,NJ,35.43,0.0,700.0,704.0,0.0,69.8,45.0,Individual,5,High Risk,Manual Review
141250877,25000.0, 60 months,28.72,F,F1,< 1 year,MORTGAGE,200000.0,Verified,moving,NC,39.18,0.0,680.0,684.0,0.0,64.8,40.0,Individual,5,High Risk,Manual Review
141205007,10000.0, 60 months,30.79,G,G1,1 year,OWN,58000.0,Not Verified,debt_consolidation,AL,33.02,1.0,670.0,674.0,3.0,56.0,15.0,Individual,6,High Risk,Manual Review
141146712,10000.0, 60 months,30.79,G,G1,6 years,RENT,38000.0,Not Verified,debt_consolidation,NJ,42.1,0.0,700.0,704.0,0.0,69.3,16.0,Joint App,5,High Risk,Manual Review
140345895,7000.0, 36 months,25.34,E,E3,10+ years,RENT,113000.0,Verified,debt_consolidation,TX,35.76,0.0,680.0,684.0,0.0,90.0,34.0,Individual,6,High Risk,Manual Review
141255990,24000.0, 60 months,24.37,E,E2,10+ years,MORTGAGE,90000.0,Verified,home_improvement,TN,33.76,0.0,670.0,674.0,3.0,80.0,43.0,Individual,5,High Risk,Manual Review
141152407,15000.0, 60 months,29.69,F,F2,,RENT,38000.0,Not Verified,debt_consolidation,NY,36.67,0.0,705.0,709.0,0.0,39.7,24.0,Individual,5,High Risk,Manual Review
141154781,30000.0, 60 months,25.34,E,E3,,MORTGAGE,60000.0,Verified,debt_consolidation,IL,30.28,0.0,690.0,694.0,1.0,38.4,59.0,Individual,5,High Risk,Manual Review
141023000,16000.0, 60 months,26.31,E,E4,9 years,RENT,32000.0,Verified,credit_card,NJ,47.37,0.0,685.0,689.0,2.0,59.1,22.0,Joint App,5,High Risk,Manual Review
141048027,35000.0, 60 months,29.69,F,F2,8 years,MORTGAGE,57000.0,Source Verified,debt_consolidation,KY,33.26,0.0,675.0,679.0,0.0,68.1,23.0,Joint App,5,High Risk,Manual Review
141242143,40000.0, 36 months,25.34,E,E3,,MORTGAGE,70000.0,Verified,debt_consolidation,GA,48.38,0.0,685.0,689.0,1.0,48.1,25.0,Joint App,5,High Risk,Manual Review
140975277,1200.0, 36 months,23.4,E,E1,,RENT,90000.0,Not Verified,vacation,CA,13.8,1.0,695.0,699.0,0.0,99.9,10.0,Individual,5,High Risk,Manual Review
141089918,10025.0, 36 months,27.27,E,E5,5 years,RENT,40000.0,Source Verified,small_business,CA,30.24,1.0,725.0,729.0,0.0,17.3,16.0,Individual,6,High Risk,Manual Review
139494626,15800.0, 36 months,25.34,E,E3,10+ years,OWN,65000.0,Verified,debt_consolidation,GA,31.7,0.0,705.0,709.0,1.0,35.0,15.0,Individual,5,High Risk,Manual Review
140278232,19400.0, 36 months,29.69,F,F2,8 years,MORTGAGE,97500.0,Verified,other,FL,35.2,0.0,725.0,729.0,1.0,19.5,36.0,Individual,5,High Risk,Manual Review
141012035,29525.0, 60 months,30.79,G,G1,,MORTGAGE,7200.0,Not Verified,debt_consolidation,MI,98.17,1.0,675.0,679.0,0.0,80.0,9.0,Joint App,6,High Risk,Manual Review
140796401,22425.0, 60 months,30.89,G,G3,4 years,MORTGAGE,80000.0,Not Verified,debt_consolidation,GA,44.82,0.0,690.0,694.0,1.0,38.8,33.0,Joint App,5,High Risk,Manual Review
141203444,11000.0, 36 months,23.4,E,E1,,MORTGAGE,73800.0,Verified,debt_consolidation,WA,31.11,0.0,675.0,679.0,0.0,67.5,27.0,Individual,5,High Risk,Manual Review
141182246,18000.0, 60 months,28.72,F,F1,10+ years,RENT,41000.0,Not Verified,other,AZ,53.98,6.0,690.0,694.0,0.0,60.0,30.0,Joint App,6,High Risk,Manual Review
141185369,5125.0, 36 months,30.84,G,G2,< 1 year,RENT,40000.0,Verified,moving,CA,37.41,0.0,710.0,714.0,3.0,26.8,16.0,Individual,5,High Risk,Manual Review
140645498,15000.0, 36 months,26.31,E,E4,3 years,RENT,51000.0,Source Verified,debt_consolidation,MN,33.22,0.0,680.0,684.0,0.0,48.6,26.0,Individual,5,High Risk,Manual Review
141123606,35000.0, 60 months,28.72,F,F1,7 years,MORTGAGE,135000.0,Verified,debt_consolidation,TN,34.32,2.0,665.0,669.0,0.0,46.0,36.0,Individual,6,High Risk,Manual Review
141182985,10000.0, 36 months,16.14,C,C4,10+ years,MORTGAGE,75000.0,Not Verified,credit_card,WY,42.03,2.0,680.0,684.0,1.0,98.8,19.0,Joint App,5,High Risk,Manual Review
141193850,4600.0, 36 months,26.31,E,E4,5 years,RENT,29760.0,Not Verified,vacation,TX,34.68,0.0,715.0,719.0,1.0,38.3,10.0,Individual,5,High Risk,Manual Review
141210932,10000.0, 60 months,25.34,E,E3,< 1 year,MORTGAGE,120000.0,Not Verified,credit_card,NY,14.62,1.0,680.0,684.0,1.0,86.8,34.0,Individual,5,High Risk,Manual Review
141159707,11800.0, 60 months,29.69,F,F2,2 years,RENT,55000.0,Verified,other,CA,30.2,0.0,720.0,724.0,0.0,38.9,16.0,Individual,5,High Risk,Manual Review
141179814,18000.0, 60 months,27.27,E,E5,< 1 year,RENT,70000.0,Not Verified,debt_consolidation,CA,32.5,0.0,700.0,704.0,0.0,75.3,35.0,Individual,5,High Risk,Manual Review
141172081,3000.0, 36 months,23.4,E,E1,10+ years,MORTGAGE,75000.0,Not Verified,medical,TX,37.97,0.0,675.0,679.0,0.0,74.8,25.0,Joint App,5,High Risk,Manual Review
141096177,35000.0, 60 months,26.31,E,E4,,MORTGAGE,27194.0,Verified,debt_consolidation,MI,40.16,0.0,700.0,704.0,1.0,73.1,38.0,Joint App,5,High Risk,Manual Review
140708987,10000.0, 36 months,23.4,E,E1,2 years,MORTGAGE,92000.0,Not Verified,other,TX,38.65,0.0,715.0,719.0,0.0,74.8,46.0,Individual,5,High Risk,Manual Review
141163172,35000.0, 60 months,23.4,E,E1,10+ years,RENT,99450.0,Source Verified,debt_consolidation,CA,33.16,0.0,685.0,689.0,2.0,71.0,30.0,Individual,5,High Risk,Manual Review
141074883,20000.0, 36 months,16.14,C,C4,1 year,MORTGAGE,55000.0,Not Verified,debt_consolidation,TX,31.53,1.0,675.0,679.0,1.0,91.5,52.0,Joint App,5,High Risk,Manual Review
140882279,27000.0, 60 months,28.72,F,F1,< 1 year,RENT,27000.0,Verified,debt_consolidation,WA,78.22,0.0,680.0,684.0,0.0,55.1,19.0,Joint App,5,High Risk,Manual Review
141107891,16000.0, 36 months,25.34,E,E3,2 years,MORTGAGE,44000.0,Source Verified,debt_consolidation,FL,36.88,0.0,665.0,669.0,2.0,70.1,13.0,Joint App,5,High Risk,Manual Review
140613290,13000.0, 36 months,25.34,E,E3,9 years,RENT,105000.0,Source Verified,home_improvement,FL,30.15,0.0,725.0,729.0,1.0,12.8,35.0,Individual,5,High Risk,Manual Review
140738300,8000.0, 36 months,23.4,E,E1,3 years,OWN,28000.0,Verified,debt_consolidation,TN,31.98,1.0,670.0,674.0,0.0,59.7,12.0,Individual,6,High Risk,Manual Review
140822150,15000.0, 60 months,30.75,F,F5,3 years,RENT,42000.0,Verified,debt_consolidation,WA,32.86,0.0,680.0,684.0,2.0,46.5,23.0,Joint App,5,High Risk,Manual Review
139793224,8000.0, 36 months,24.37,E,E2,9 years,MORTGAGE,95000.0,Source Verified,debt_consolidation,MA,31.52,0.0,715.0,719.0,0.0,78.4,30.0,Individual,5,High Risk,Manual Review
139700915,10600.0, 60 months,30.75,F,F5,10+ years,RENT,35547.0,Verified,debt_consolidation,CO,31.53,0.0,730.0,734.0,1.0,23.3,23.0,Individual,5,High Risk,Manual Review
139877346,10800.0, 60 months,24.37,E,E2,10+ years,MORTGAGE,44000.0,Verified,debt_consolidation,IL,30.91,0.0,680.0,684.0,0.0,67.1,19.0,Individual,5,High Risk,Manual Review
141047100,12750.0, 36 months,28.72,F,F1,,RENT,25000.0,Verified,other,NY,35.67,0.0,720.0,724.0,0.0,54.5,10.0,Individual,5,High Risk,Manual Review
140962376,2875.0, 36 months,30.75,F,F5,1 year,MORTGAGE,42000.0,Source Verified,debt_consolidation,CT,32.8,0.0,680.0,684.0,0.0,36.3,30.0,Individual,5,High Risk,Manual Review
140629847,2400.0, 36 months,18.94,D,D2,10+ years,MORTGAGE,40000.0,Verified,home_improvement,CT,54.37,2.0,670.0,674.0,1.0,87.5,21.0,Joint App,5,High Risk,Manual Review
141082648,10000.0, 36 months,26.31,E,E4,10+ years,RENT,80000.0,Source Verified,debt_consolidation,FL,30.51,0.0,660.0,664.0,0.0,85.0,26.0,Individual,6,High Risk,Manual Review
140646298,24100.0, 60 months,26.31,E,E4,10+ years,MORTGAGE,29000.0,Verified,major_purchase,CT,40.89,0.0,715.0,719.0,0.0,67.7,18.0,Joint App,5,High Risk,Manual Review
141112671,30000.0, 60 months,28.72,F,F1,10+ years,MORTGAGE,82790.0,Verified,debt_consolidation,CO,35.27,0.0,710.0,714.0,0.0,51.3,36.0,Individual,5,High Risk,Manual Review
140737393,24000.0, 60 months,25.34,E,E3,6 years,MORTGAGE,48000.0,Verified,credit_card,FL,83.63,0.0,680.0,684.0,1.0,90.7,24.0,Joint App,6,High Risk,Manual Review
141080239,4200.0, 36 months,25.34,E,E3,,MORTGAGE,46700.0,Not Verified,debt_consolidation,MI,31.46,0.0,700.0,704.0,1.0,57.8,21.0,Individual,5,High Risk,Manual Review
141083094,25000.0, 60 months,25.34,E,E3,7 years,MORTGAGE,60000.0,Not Verified,debt_consolidation,TX,45.08,0.0,690.0,694.0,0.0,71.7,24.0,Joint App,5,High Risk,Manual Review
140700273,13000.0, 36 months,24.37,E,E2,< 1 year,MORTGAGE,31000.0,Source Verified,debt_consolidation,FL,32.09,0.0,665.0,669.0,0.0,78.1,10.0,Joint App,5,High Risk,Manual Review
140955861,8000.0, 36 months,24.37,E,E2,5 years,MORTGAGE,40000.0,Verified,other,AL,43.5,0.0,685.0,689.0,1.0,84.3,17.0,Joint App,6,High Risk,Manual Review
140893265,31650.0, 36 months,24.37,E,E2,,RENT,50000.0,Verified,debt_consolidation,FL,48.03,0.0,680.0,684.0,1.0,41.8,44.0,Joint App,5,High Risk,Manual Review
140884129,24800.0, 36 months,24.37,E,E2,7 years,RENT,89000.0,Verified,other,TN,37.77,0.0,700.0,704.0,0.0,45.7,45.0,Individual,5,High Risk,Manual Review
140904308,2000.0, 36 months,28.72,F,F1,10+ years,RENT,25000.0,Source Verified,other,VA,38.93,0.0,700.0,704.0,0.0,47.8,12.0,Individual,5,High Risk,Manual Review
140611954,24000.0, 60 months,25.34,E,E3,,OWN,42000.0,Verified,home_improvement,AL,37.09,0.0,705.0,709.0,0.0,61.7,12.0,Individual,5,High Risk,Manual Review
140924197,10000.0, 60 months,29.69,F,F2,4 years,MORTGAGE,45000.0,Not Verified,medical,PA,34.45,1.0,690.0,694.0,0.0,38.0,24.0,Individual,6,High Risk,Manual Review
140766466,31675.0, 36 months,26.31,E,E4,,RENT,36000.0,Source Verified,debt_consolidation,KS,38.9,0.0,690.0,694.0,0.0,16.3,33.0,Joint App,5,High Risk,Manual Review
140840994,10500.0, 60 months,27.27,E,E5,3 years,MORTGAGE,45100.0,Verified,debt_consolidation,TX,31.85,0.0,685.0,689.0,1.0,38.1,15.0,Joint App,5,High Risk,Manual Review
140880931,30875.0, 60 months,25.34,E,E3,10+ years,RENT,59000.0,Source Verified,debt_consolidation,TX,37.58,0.0,735.0,739.0,1.0,62.3,29.0,Joint App,5,High Risk,Manual Review
139539191,27000.0, 36 months,24.37,E,E2,4 years,RENT,60000.0,Source Verified,debt_consolidation,TX,30.56,0.0,690.0,694.0,1.0,59.4,8.0,Individual,5,High Risk,Manual Review
140628073,25000.0, 36 months,27.27,E,E5,< 1 year,MORTGAGE,122000.0,Not Verified,small_business,LA,39.78,0.0,705.0,709.0,4.0,54.1,38.0,Individual,5,High Risk,Manual Review
140706533,18000.0, 60 months,27.27,E,E5,8 years,MORTGAGE,35000.0,Source Verified,credit_card,PA,47.59,0.0,660.0,664.0,0.0,60.2,28.0,Joint App,5,High Risk,Manual Review
140746074,25000.0, 60 months,26.31,E,E4,6 years,RENT,60000.0,Source Verified,credit_card,VA,28.18,1.0,670.0,674.0,0.0,98.9,15.0,Individual,5,High Risk,Manual Review
140698529,6500.0, 36 months,26.31,E,E4,10+ years,MORTGAGE,35000.0,Verified,home_improvement,FL,39.51,0.0,685.0,689.0,0.0,80.9,37.0,Individual,6,High Risk,Manual Review
136055010,20000.0, 60 months,26.77,E,E5,10+ years,MORTGAGE,65000.0,Source Verified,debt_consolidation,GA,35.41,0.0,670.0,674.0,0.0,77.5,22.0,Individual,5,High Risk,Manual Review
135252445,6000.0, 36 months,22.9,E,E1,6 years,OWN,74000.0,Not Verified,debt_consolidation,GA,32.77,0.0,700.0,704.0,0.0,85.9,29.0,Individual,6,High Risk,Manual Review
135914942,12000.0, 60 months,29.69,F,F2,10+ years,RENT,20000.0,Verified,debt_consolidation,HI,65.85,0.0,660.0,664.0,0.0,97.6,9.0,Joint App,6,High Risk,Manual Review
135965950,12000.0, 60 months,26.77,E,E5,,MORTGAGE,25000.0,Source Verified,medical,TX,40.71,0.0,695.0,699.0,0.0,77.4,46.0,Joint App,5,High Risk,Manual Review
134902589,24000.0, 60 months,28.72,F,F1,2 years,MORTGAGE,55000.0,Verified,moving,OK,19.37,1.0,690.0,694.0,0.0,95.3,18.0,Joint App,5,High Risk,Manual Review
135990285,19000.0, 60 months,25.81,E,E4,10+ years,MORTGAGE,62000.0,Source Verified,debt_consolidation,VT,39.57,0.0,670.0,674.0,1.0,74.3,57.0,Individual,5,High Risk,Manual Review
135526292,13500.0, 36 months,25.81,E,E4,< 1 year,RENT,30000.0,Source Verified,debt_consolidation,CA,32.8,0.0,685.0,689.0,0.0,39.3,10.0,Individual,5,High Risk,Manual Review
134917576,29150.0, 60 months,28.72,F,F1,8 years,MORTGAGE,40000.0,Verified,debt_consolidation,IL,65.05,0.0,680.0,684.0,0.0,83.5,32.0,Joint App,6,High Risk,Manual Review
135921532,12000.0, 60 months,30.17,F,F3,,MORTGAGE,25800.0,Verified,debt_consolidation,VA,53.45,0.0,670.0,674.0,0.0,82.5,33.0,Joint App,6,High Risk,Manual Review
135972135,11500.0, 60 months,25.81,E,E4,,OWN,18780.0,Not Verified,home_improvement,NM,32.14,0.0,710.0,714.0,0.0,60.5,11.0,Joint App,5,High Risk,Manual Review
136019357,1500.0, 36 months,26.77,E,E5,,RENT,32000.0,Source Verified,other,AZ,32.6,0.0,715.0,719.0,0.0,39.5,12.0,Individual,5,High Risk,Manual Review
135934736,31675.0, 60 months,25.81,E,E4,< 1 year,OWN,12000.0,Source Verified,debt_consolidation,TN,49.2,0.0,705.0,709.0,0.0,58.5,25.0,Joint App,5,High Risk,Manual Review
135430068,3150.0, 36 months,25.81,E,E4,5 years,MORTGAGE,35000.0,Verified,home_improvement,NY,54.29,3.0,660.0,664.0,0.0,90.3,11.0,Joint App,7,High Risk,Manual Review
135772102,10000.0, 60 months,29.69,F,F2,10+ years,MORTGAGE,30000.0,Verified,debt_consolidation,OH,37.04,0.0,715.0,719.0,2.0,22.2,15.0,Individual,5,High Risk,Manual Review
135961632,25000.0, 60 months,26.77,E,E5,10+ years,MORTGAGE,82200.0,Verified,debt_consolidation,GA,38.19,0.0,665.0,669.0,0.0,78.2,35.0,Individual,5,High Risk,Manual Review
135876706,15000.0, 60 months,24.84,E,E3,10+ years,RENT,31000.0,Source Verified,debt_consolidation,MI,31.36,1.0,665.0,669.0,1.0,54.7,19.0,Individual,6,High Risk,Manual Review
135005607,9675.0, 36 months,26.77,E,E5,2 years,MORTGAGE,136000.0,Source Verified,debt_consolidation,FL,34.45,0.0,725.0,729.0,0.0,26.9,21.0,Individual,5,High Risk,Manual Review
135647089,5000.0, 36 months,24.84,E,E3,< 1 year,OWN,25000.0,Source Verified,debt_consolidation,NC,30.58,0.0,720.0,724.0,0.0,55.2,8.0,Individual,5,High Risk,Manual Review
135761841,30000.0, 60 months,25.81,E,E4,8 years,RENT,90000.0,Verified,credit_card,TX,34.69,0.0,685.0,689.0,0.0,77.2,37.0,Individual,5,High Risk,Manual Review
135454514,26375.0, 60 months,26.77,E,E5,10+ years,MORTGAGE,46700.0,Verified,credit_card,CA,51.53,0.0,670.0,674.0,1.0,70.8,15.0,Joint App,5,High Risk,Manual Review
135122736,24000.0, 60 months,26.77,E,E5,10+ years,MORTGAGE,55000.0,Not Verified,other,MN,36.18,0.0,665.0,669.0,0.0,76.2,24.0,Joint App,5,High Risk,Manual Review
135937975,18000.0, 60 months,28.72,F,F1,10+ years,OWN,105000.0,Not Verified,debt_consolidation,VA,35.02,0.0,745.0,749.0,1.0,16.2,48.0,Individual,5,High Risk,Manual Review
135952791,12000.0, 60 months,26.77,E,E5,10+ years,OWN,107500.0,Source Verified,debt_consolidation,TX,33.99,0.0,665.0,669.0,0.0,88.3,39.0,Individual,6,High Risk,Manual Review
133804718,36500.0, 36 months,26.77,E,E5,,MORTGAGE,66000.0,Verified,credit_card,TX,38.69,0.0,715.0,719.0,0.0,56.0,28.0,Joint App,5,High Risk,Manual Review
135617980,35000.0, 60 months,24.84,E,E3,3 years,MORTGAGE,39000.0,Source Verified,debt_consolidation,MD,36.15,0.0,690.0,694.0,0.0,64.4,24.0,Joint App,5,High Risk,Manual Review
135790910,14850.0, 36 months,26.77,E,E5,10+ years,MORTGAGE,42000.0,Source Verified,debt_consolidation,GA,37.03,0.0,715.0,719.0,0.0,67.8,16.0,Individual,5,High Risk,Manual Review
135537238,6000.0, 36 months,22.9,E,E1,3 years,RENT,60000.0,Verified,other,TX,26.5,2.0,660.0,664.0,0.0,90.0,15.0,Individual,5,High Risk,Manual Review
135800534,20000.0, 60 months,29.69,F,F2,10+ years,MORTGAGE,60000.0,Not Verified,debt_consolidation,TN,38.82,2.0,685.0,689.0,0.0,,25.0,Joint App,6,High Risk,Manual Review
135532091,20000.0, 60 months,25.81,E,E4,8 years,RENT,48000.0,Source Verified,credit_card,KS,30.45,0.0,675.0,679.0,0.0,76.3,21.0,Individual,5,High Risk,Manual Review
135610456,10000.0, 60 months,25.81,E,E4,,RENT,35000.0,Not Verified,credit_card,FL,25.27,1.0,665.0,669.0,0.0,84.1,17.0,Individual,5,High Risk,Manual Review
131957844,20000.0, 60 months,24.84,E,E3,10+ years,OWN,45000.0,Verified,debt_consolidation,NC,38.03,0.0,685.0,689.0,1.0,30.3,30.0,Individual,5,High Risk,Manual Review
134600907,30000.0, 60 months,28.72,F,F1,1 year,MORTGAGE,119000.0,Verified,debt_consolidation,AR,37.38,0.0,715.0,719.0,0.0,70.7,33.0,Individual,5,High Risk,Manual Review
135806568,20000.0, 60 months,25.81,E,E4,,RENT,39000.0,Not Verified,debt_consolidation,CA,30.06,0.0,740.0,744.0,1.0,11.3,17.0,Individual,5,High Risk,Manual Review
135889072,12000.0, 60 months,26.77,E,E5,4 years,MORTGAGE,80000.0,Verified,debt_consolidation,TX,46.61,0.0,695.0,699.0,0.0,94.9,13.0,Joint App,6,High Risk,Manual Review
135128829,26900.0, 60 months,30.75,F,F5,8 years,MORTGAGE,35000.0,Verified,debt_consolidation,AL,34.19,0.0,695.0,699.0,0.0,48.5,17.0,Joint App,5,High Risk,Manual Review
135829477,8000.0, 36 months,22.9,E,E1,1 year,RENT,32000.0,Not Verified,debt_consolidation,CA,43.7,0.0,710.0,714.0,0.0,77.6,12.0,Joint App,5,High Risk,Manual Review
135824493,22250.0, 60 months,26.77,E,E5,3 years,MORTGAGE,52000.0,Verified,debt_consolidation,CA,45.63,0.0,780.0,784.0,2.0,15.7,17.0,Joint App,5,High Risk,Manual Review
135918558,35000.0, 60 months,26.77,E,E5,10+ years,MORTGAGE,65000.0,Not Verified,debt_consolidation,MI,40.51,1.0,675.0,679.0,1.0,97.4,24.0,Joint App,7,High Risk,Manual Review
135725484,2000.0, 36 months,26.77,E,E5,6 years,OWN,24500.0,Verified,home_improvement,PA,38.46,0.0,700.0,704.0,0.0,48.7,22.0,Individual,5,High Risk,Manual Review
135927171,5000.0, 36 months,22.9,E,E1,4 years,RENT,30000.0,Not Verified,credit_card,GA,34.2,0.0,670.0,674.0,0.0,62.5,9.0,Individual,5,High Risk,Manual Review
134832447,20000.0, 60 months,30.17,F,F3,,RENT,68000.0,Source Verified,credit_card,WA,35.69,0.0,680.0,684.0,1.0,79.4,17.0,Individual,5,High Risk,Manual Review
135813336,20000.0, 36 months,22.9,E,E1,10+ years,MORTGAGE,155000.0,Verified,debt_consolidation,AZ,32.11,0.0,665.0,669.0,0.0,62.6,25.0,Individual,5,High Risk,Manual Review
134452290,20000.0, 36 months,23.87,E,E2,10+ years,RENT,35000.0,Verified,debt_consolidation,NV,54.73,1.0,665.0,669.0,1.0,90.7,16.0,Joint App,7,High Risk,Manual Review
135821334,16000.0, 60 months,28.72,F,F1,10+ years,RENT,50000.0,Source Verified,debt_consolidation,FL,37.04,0.0,690.0,694.0,0.0,88.5,21.0,Individual,6,High Risk,Manual Review
135924360,35000.0, 60 months,26.77,E,E5,6 years,RENT,48000.0,Not Verified,debt_consolidation,NC,31.24,0.0,705.0,709.0,0.0,100.0,18.0,Joint App,6,High Risk,Manual Review
135941186,16000.0, 60 months,25.81,E,E4,2 years,OWN,80000.0,Source Verified,debt_consolidation,FL,37.92,0.0,705.0,709.0,0.0,35.3,26.0,Individual,5,High Risk,Manual Review
135911972,20000.0, 60 months,28.72,F,F1,,RENT,70000.0,Verified,debt_consolidation,AZ,30.98,0.0,700.0,704.0,0.0,30.8,23.0,Individual,5,High Risk,Manual Review
135013446,30000.0, 60 months,28.72,F,F1,,RENT,60000.0,Verified,credit_card,AZ,38.2,0.0,695.0,699.0,0.0,73.0,19.0,Individual,5,High Risk,Manual Review
135487613,11300.0, 60 months,29.69,F,F2,2 years,MORTGAGE,30000.0,Verified,other,FL,39.28,0.0,695.0,699.0,0.0,39.7,19.0,Individual,5,High Risk,Manual Review
135908358,12500.0, 60 months,26.77,E,E5,10+ years,RENT,26000.0,Not Verified,other,WA,36.8,0.0,660.0,664.0,0.0,50.2,15.0,Individual,5,High Risk,Manual Review
135903555,25000.0, 60 months,25.81,E,E4,2 years,MORTGAGE,68000.0,Source Verified,home_improvement,CA,31.73,0.0,720.0,724.0,0.0,52.0,19.0,Individual,5,High Risk,Manual Review
135882507,1000.0, 36 months,26.77,E,E5,3 years,MORTGAGE,40800.0,Source Verified,other,NC,23.88,1.0,665.0,669.0,0.0,100.7,12.0,Individual,5,High Risk,Manual Review
135813046,14200.0, 60 months,30.75,F,F5,9 years,MORTGAGE,40000.0,Verified,debt_consolidation,MN,31.02,0.0,705.0,709.0,0.0,92.1,12.0,Individual,6,High Risk,Manual Review
135753626,30000.0, 36 months,23.87,E,E2,10+ years,MORTGAGE,80000.0,Not Verified,credit_card,NJ,41.42,0.0,720.0,724.0,1.0,92.4,12.0,Joint App,6,High Risk,Manual Review
135848929,35000.0, 60 months,25.81,E,E4,9 years,MORTGAGE,30000.0,Verified,debt_consolidation,NJ,37.24,0.0,695.0,699.0,0.0,61.2,7.0,Joint App,5,High Risk,Manual Review
135596450,10000.0, 60 months,25.81,E,E4,8 years,MORTGAGE,49000.0,Verified,debt_consolidation,PA,27.5,1.0,665.0,669.0,1.0,89.2,14.0,Individual,5,High Risk,Manual Review
135883057,25000.0, 60 months,23.87,E,E2,10+ years,OWN,60000.0,Verified,debt_consolidation,TX,36.96,0.0,700.0,704.0,0.0,38.5,27.0,Individual,5,High Risk,Manual Review
135763450,35000.0, 60 months,22.9,E,E1,2 years,MORTGAGE,85000.0,Not Verified,debt_consolidation,SC,14.29,2.0,680.0,684.0,0.0,92.6,26.0,Individual,5,High Risk,Manual Review
134471840,5000.0, 36 months,28.72,F,F1,< 1 year,MORTGAGE,120000.0,Source Verified,home_improvement,CA,38.56,1.0,680.0,684.0,0.0,101.0,26.0,Individual,7,High Risk,Manual Review
135782055,5000.0, 36 months,22.9,E,E1,10+ years,MORTGAGE,60000.0,Verified,other,VA,31.62,0.0,695.0,699.0,0.0,50.4,19.0,Individual,5,High Risk,Manual Review
135312515,35000.0, 60 months,30.99,G,G5,,MORTGAGE,75000.0,Verified,other,GA,46.34,1.0,680.0,684.0,0.0,13.1,37.0,Joint App,6,High Risk,Manual Review
135841929,10000.0, 60 months,26.77,E,E5,10+ years,MORTGAGE,110000.0,Not Verified,credit_card,CA,12.01,1.0,660.0,664.0,1.0,80.7,20.0,Individual,5,High Risk,Manual Review
135884287,14400.0, 60 months,25.81,E,E4,3 years,RENT,48500.0,Verified,debt_consolidation,NH,43.18,10.0,690.0,694.0,1.0,2.8,34.0,Joint App,6,High Risk,Manual Review
134900358,10000.0, 60 months,22.9,E,E1,,OWN,45000.0,Not Verified,debt_consolidation,SD,33.39,1.0,715.0,719.0,1.0,36.5,35.0,Individual,6,High Risk,Manual Review
135848002,25275.0, 60 months,30.79,G,G1,2 years,MORTGAGE,55000.0,Source Verified,credit_card,PA,43.81,1.0,675.0,679.0,0.0,66.4,33.0,Joint App,6,High Risk,Manual Review
135842135,35000.0, 60 months,24.84,E,E3,4 years,MORTGAGE,113000.0,Not Verified,debt_consolidation,TX,23.78,1.0,665.0,669.0,1.0,89.7,48.0,Joint App,5,High Risk,Manual Review
135342510,20575.0, 36 months,22.9,E,E1,8 years,RENT,40664.0,Verified,debt_consolidation,MN,34.27,0.0,690.0,694.0,1.0,40.3,32.0,Individual,5,High Risk,Manual Review
135778748,4100.0, 36 months,23.87,E,E2,6 years,MORTGAGE,136000.0,Source Verified,home_improvement,MI,24.87,3.0,660.0,664.0,0.0,97.0,31.0,Individual,5,High Risk,Manual Review
135890241,27325.0, 36 months,24.84,E,E3,7 years,MORTGAGE,41328.98,Not Verified,debt_consolidation,KY,34.47,0.0,700.0,704.0,0.0,88.5,16.0,Joint App,6,High Risk,Manual Review
135779557,35000.0, 60 months,25.81,E,E4,2 years,RENT,65000.0,Verified,debt_consolidation,CA,37.48,0.0,680.0,684.0,0.0,74.8,15.0,Joint App,5,High Risk,Manual Review
135543858,7500.0, 36 months,22.9,E,E1,2 years,RENT,43300.0,Not Verified,debt_consolidation,TX,44.51,0.0,665.0,669.0,0.0,74.1,24.0,Joint App,5,High Risk,Manual Review
134491856,15000.0, 60 months,25.81,E,E4,2 years,MORTGAGE,38480.0,Source Verified,credit_card,MA,34.15,3.0,660.0,664.0,0.0,51.5,27.0,Individual,6,High Risk,Manual Review
135434973,6050.0, 36 months,26.77,E,E5,,OWN,16500.0,Verified,medical,IN,92.0,0.0,705.0,709.0,0.0,25.1,26.0,Joint App,5,High Risk,Manual Review
135493021,10675.0, 60 months,16.46,C,C5,,MORTGAGE,15000.0,Verified,debt_consolidation,IL,69.92,1.0,680.0,684.0,0.0,90.2,12.0,Joint App,5,High Risk,Manual Review
135813709,12000.0, 36 months,19.42,D,D3,4 years,MORTGAGE,55000.0,Verified,debt_consolidation,PA,34.45,1.0,670.0,674.0,0.0,85.5,17.0,Individual,5,High Risk,Manual Review
135728986,22000.0, 36 months,25.81,E,E4,,OWN,91350.0,Not Verified,debt_consolidation,SC,30.36,0.0,685.0,689.0,1.0,59.6,40.0,Individual,5,High Risk,Manual Review
135580847,25000.0, 36 months,24.84,E,E3,8 years,RENT,50000.0,Not Verified,debt_consolidation,IN,31.08,0.0,695.0,699.0,0.0,67.4,23.0,Individual,5,High Risk,Manual Review
135687037,14000.0, 60 months,26.77,E,E5,,RENT,39372.0,Not Verified,debt_consolidation,IL,29.02,1.0,670.0,674.0,0.0,80.6,15.0,Individual,5,High Risk,Manual Review
135818549,15000.0, 60 months,22.9,E,E1,10+ years,MORTGAGE,140000.0,Not Verified,debt_consolidation,VA,32.48,0.0,715.0,719.0,0.0,71.9,26.0,Individual,5,High Risk,Manual Review
135824436,17100.0, 36 months,23.87,E,E2,2 years,OWN,65000.0,Verified,debt_consolidation,MI,36.71,1.0,730.0,734.0,0.0,31.2,11.0,Individual,6,High Risk,Manual Review
134452679,26275.0, 60 months,30.65,F,F4,5 years,MORTGAGE,38000.0,Not Verified,credit_card,PA,31.55,0.0,760.0,764.0,1.0,23.9,13.0,Joint App,5,High Risk,Manual Review
135773398,26350.0, 60 months,30.65,F,F4,< 1 year,RENT,18000.0,Not Verified,home_improvement,NY,122.67,0.0,695.0,699.0,0.0,61.5,28.0,Joint App,5,High Risk,Manual Review
135540330,9600.0, 36 months,23.87,E,E2,,RENT,85000.0,Not Verified,other,FL,34.84,2.0,670.0,674.0,0.0,53.0,16.0,Joint App,6,High Risk,Manual Review
135773782,28775.0, 60 months,26.77,E,E5,10+ years,MORTGAGE,235000.0,Verified,debt_consolidation,OR,35.23,0.0,685.0,689.0,2.0,85.0,37.0,Individual,6,High Risk,Manual Review
135793363,15000.0, 60 months,25.81,E,E4,3 years,RENT,35000.0,Verified,credit_card,CT,38.37,0.0,675.0,679.0,0.0,78.8,24.0,Individual,5,High Risk,Manual Review
135556000,28875.0, 36 months,24.84,E,E3,,MORTGAGE,13500.0,Source Verified,debt_consolidation,CA,152.53,0.0,715.0,719.0,1.0,36.7,28.0,Joint App,5,High Risk,Manual Review
135686637,13150.0, 36 months,23.87,E,E2,1 year,RENT,25000.0,Verified,debt_consolidation,MN,37.35,0.0,685.0,689.0,0.0,50.4,26.0,Individual,5,High Risk,Manual Review
135041914,4050.0, 36 months,26.77,E,E5,< 1 year,MORTGAGE,51000.0,Verified,credit_card,WA,83.86,0.0,690.0,694.0,0.0,100.2,27.0,Joint App,6,High Risk,Manual Review
135370504,25000.0, 60 months,28.72,F,F1,10+ years,RENT,60000.0,Verified,debt_consolidation,MD,35.94,0.0,695.0,699.0,0.0,77.5,29.0,Individual,5,High Risk,Manual Review
135786524,5000.0, 36 months,22.9,E,E1,,OWN,82500.0,Verified,debt_consolidation,MT,21.72,3.0,665.0,669.0,1.0,96.2,31.0,Individual,5,High Risk,Manual Review
135786436,25000.0, 36 months,23.87,E,E2,10+ years,MORTGAGE,167000.0,Verified,major_purchase,VA,27.7,1.0,660.0,664.0,0.0,90.4,43.0,Individual,5,High Risk,Manual Review
135009201,30000.0, 60 months,17.47,D,D1,2 years,MORTGAGE,16000.0,Verified,debt_consolidation,OH,107.28,2.0,690.0,694.0,1.0,85.6,18.0,Joint App,5,High Risk,Manual Review
135774937,27000.0, 60 months,26.77,E,E5,10+ years,OWN,74000.0,Verified,credit_card,FL,38.21,0.0,675.0,679.0,1.0,50.4,35.0,Individual,5,High Risk,Manual Review
135349691,6700.0, 36 months,22.9,E,E1,,RENT,10800.0,Verified,other,MA,80.22,2.0,690.0,694.0,0.0,19.8,17.0,Joint App,6,High Risk,Manual Review
133921062,32000.0, 60 months,26.77,E,E5,10+ years,MORTGAGE,79000.0,Verified,medical,IN,33.81,0.0,700.0,704.0,1.0,8.1,35.0,Joint App,5,High Risk,Manual Review
135259733,20000.0, 60 months,24.84,E,E3,8 years,MORTGAGE,102500.0,Verified,home_improvement,CO,32.98,1.0,690.0,694.0,0.0,65.1,23.0,Individual,6,High Risk,Manual Review
135396918,22025.0, 60 months,30.79,G,G1,10+ years,MORTGAGE,56908.0,Not Verified,debt_consolidation,SC,35.35,0.0,680.0,684.0,0.0,76.5,23.0,Individual,5,High Risk,Manual Review
135725985,16300.0, 36 months,26.77,E,E5,< 1 year,MORTGAGE,50000.0,Verified,debt_consolidation,CO,29.67,2.0,700.0,704.0,0.0,91.5,12.0,Individual,5,High Risk,Manual Review
135652782,2000.0, 36 months,22.9,E,E1,< 1 year,MORTGAGE,36000.0,Not Verified,major_purchase,OH,37.67,0.0,710.0,714.0,0.0,81.0,18.0,Individual,6,High Risk,Manual Review
135120693,10500.0, 60 months,26.77,E,E5,10+ years,RENT,49000.0,Not Verified,debt_consolidation,MI,36.59,1.0,730.0,734.0,0.0,45.9,31.0,Individual,6,High Risk,Manual Review
135728578,23000.0, 60 months,25.81,E,E4,10+ years,OWN,33767.0,Verified,debt_consolidation,WY,31.35,0.0,680.0,684.0,0.0,59.5,16.0,Individual,5,High Risk,Manual Review
135359769,28000.0, 60 months,26.77,E,E5,10+ years,MORTGAGE,110000.0,Not Verified,debt_consolidation,CA,33.02,0.0,660.0,664.0,1.0,66.8,41.0,Joint App,5,High Risk,Manual Review
134608062,15825.0, 60 months,24.84,E,E3,10+ years,OWN,75000.0,Source Verified,credit_card,OR,31.06,0.0,685.0,689.0,0.0,74.5,39.0,Individual,5,High Risk,Manual Review
135723770,18000.0, 60 months,25.81,E,E4,10+ years,RENT,29000.0,Verified,debt_consolidation,NH,75.62,0.0,720.0,724.0,1.0,61.9,21.0,Joint App,5,High Risk,Manual Review
135447391,20000.0, 60 months,24.84,E,E3,5 years,RENT,40000.0,Source Verified,debt_consolidation,CO,31.11,0.0,670.0,674.0,0.0,57.6,9.0,Joint App,5,High Risk,Manual Review
135734155,25325.0, 60 months,26.77,E,E5,,OWN,26400.0,Verified,credit_card,VA,76.77,1.0,680.0,684.0,1.0,31.7,25.0,Joint App,6,High Risk,Manual Review
135545983,11550.0, 60 months,28.72,F,F1,3 years,MORTGAGE,46000.0,Verified,debt_consolidation,FL,95.56,0.0,660.0,664.0,0.0,66.9,36.0,Joint App,5,High Risk,Manual Review
135151854,35000.0, 36 months,26.77,E,E5,5 years,RENT,80000.0,Verified,other,CA,35.46,0.0,700.0,704.0,0.0,75.6,14.0,Joint App,5,High Risk,Manual Review
135746129,25000.0, 60 months,26.77,E,E5,10+ years,MORTGAGE,78525.0,Source Verified,house,TX,37.64,0.0,660.0,664.0,3.0,37.1,48.0,Individual,5,High Risk,Manual Review
135046631,3000.0, 36 months,22.9,E,E1,10+ years,MORTGAGE,47000.0,Verified,other,IN,34.7,0.0,755.0,759.0,2.0,66.1,19.0,Individual,5,High Risk,Manual Review
135725293,2000.0, 36 months,23.87,E,E2,2 years,RENT,62000.0,Not Verified,debt_consolidation,NC,10.51,1.0,690.0,694.0,0.0,97.7,11.0,Individual,5,High Risk,Manual Review
135443589,15000.0, 36 months,23.87,E,E2,10+ years,OWN,30000.0,Source Verified,debt_consolidation,WI,32.72,0.0,675.0,679.0,0.0,75.3,26.0,Individual,5,High Risk,Manual Review
135588059,25000.0, 36 months,22.9,E,E1,< 1 year,MORTGAGE,150000.0,Source Verified,credit_card,PA,33.07,0.0,700.0,704.0,2.0,53.8,28.0,Individual,5,High Risk,Manual Review
135588872,14500.0, 36 months,26.77,E,E5,10+ years,OWN,14000.0,Not Verified,debt_consolidation,OH,31.05,2.0,705.0,709.0,0.0,5.2,24.0,Joint App,6,High Risk,Manual Review
134525663,23425.0, 36 months,23.87,E,E2,1 year,RENT,73403.2,Verified,debt_consolidation,MA,33.67,0.0,685.0,689.0,0.0,71.0,20.0,Individual,5,High Risk,Manual Review
133426517,5000.0, 36 months,22.9,E,E1,10+ years,MORTGAGE,86000.0,Verified,other,GA,42.98,0.0,675.0,679.0,0.0,77.0,33.0,Joint App,5,High Risk,Manual Review
135471470,20000.0, 60 months,28.72,F,F1,6 years,MORTGAGE,90000.0,Verified,debt_consolidation,NM,41.96,0.0,685.0,689.0,0.0,79.1,49.0,Joint App,5,High Risk,Manual Review
135447664,15000.0, 60 months,29.69,F,F2,3 years,RENT,38000.0,Source Verified,debt_consolidation,FL,31.49,1.0,670.0,674.0,0.0,77.1,13.0,Joint App,6,High Risk,Manual Review
135354411,25000.0, 36 months,22.9,E,E1,3 years,MORTGAGE,5000.0,Source Verified,debt_consolidation,WV,203.61,0.0,665.0,669.0,0.0,43.4,24.0,Joint App,5,High Risk,Manual Review
135373683,20000.0, 60 months,30.65,F,F4,2 years,MORTGAGE,35000.0,Source Verified,debt_consolidation,IN,38.03,0.0,680.0,684.0,0.0,66.9,23.0,Joint App,5,High Risk,Manual Review
135669973,3075.0, 36 months,22.9,E,E1,10+ years,MORTGAGE,65000.0,Verified,debt_consolidation,LA,36.84,0.0,690.0,694.0,2.0,56.3,34.0,Individual,5,High Risk,Manual Review
134732433,10000.0, 60 months,30.79,G,G1,1 year,RENT,10000.0,Source Verified,debt_consolidation,CA,37.94,0.0,680.0,684.0,1.0,71.0,10.0,Joint App,5,High Risk,Manual Review
135429846,25000.0, 60 months,26.77,E,E5,10+ years,MORTGAGE,51000.0,Verified,debt_consolidation,OH,56.0,0.0,685.0,689.0,1.0,60.5,40.0,Joint App,5,High Risk,Manual Review
135081906,28000.0, 60 months,22.9,E,E1,10+ years,RENT,98000.0,Verified,debt_consolidation,CA,37.22,0.0,685.0,689.0,0.0,82.0,20.0,Individual,6,High Risk,Manual Review
135681185,21000.0, 60 months,28.72,F,F1,5 years,RENT,39000.0,Source Verified,debt_consolidation,OR,35.57,0.0,680.0,684.0,0.0,86.6,10.0,Individual,6,High Risk,Manual Review
135544781,22250.0, 60 months,24.84,E,E3,1 year,MORTGAGE,19000.0,Verified,debt_consolidation,MO,98.8,1.0,715.0,719.0,1.0,42.7,35.0,Joint App,6,High Risk,Manual Review
135449845,20925.0, 36 months,26.77,E,E5,,MORTGAGE,86000.0,Verified,debt_consolidation,MD,31.83,0.0,700.0,704.0,0.0,74.6,28.0,Individual,5,High Risk,Manual Review
135151696,16000.0, 60 months,26.77,E,E5,7 years,RENT,52000.0,Verified,small_business,TX,35.33,0.0,670.0,674.0,0.0,22.0,24.0,Joint App,5,High Risk,Manual Review
135639709,35000.0, 60 months,30.75,F,F5,10+ years,MORTGAGE,185000.0,Verified,debt_consolidation,TX,34.14,0.0,665.0,669.0,0.0,92.0,30.0,Individual,6,High Risk,Manual Review
135659517,25000.0, 36 months,24.84,E,E3,10+ years,RENT,119059.0,Verified,debt_consolidation,CA,32.68,0.0,680.0,684.0,0.0,72.8,41.0,Individual,5,High Risk,Manual Review
133941983,15000.0, 60 months,24.84,E,E3,10+ years,MORTGAGE,34500.0,Not Verified,credit_card,CO,40.24,0.0,680.0,684.0,0.0,60.0,14.0,Joint App,5,High Risk,Manual Review
135642707,15000.0, 60 months,30.79,G,G1,< 1 year,MORTGAGE,120000.0,Not Verified,debt_consolidation,GA,34.07,3.0,690.0,694.0,0.0,57.9,34.0,Individual,6,High Risk,Manual Review
135490622,30000.0, 60 months,25.81,E,E4,4 years,RENT,41308.8,Verified,debt_consolidation,WA,36.49,0.0,685.0,689.0,0.0,79.8,27.0,Joint App,5,High Risk,Manual Review
134709880,13575.0, 60 months,30.79,G,G1,10+ years,MORTGAGE,85000.0,Verified,credit_card,OH,30.03,0.0,705.0,709.0,0.0,58.3,26.0,Individual,5,High Risk,Manual Review
135613541,25000.0, 36 months,22.9,E,E1,1 year,MORTGAGE,120000.0,Not Verified,car,TX,30.77,1.0,660.0,664.0,0.0,78.6,47.0,Individual,6,High Risk,Manual Review
135453555,20000.0, 60 months,24.84,E,E3,,RENT,4452.0,Verified,debt_consolidation,SC,92.45,0.0,665.0,669.0,0.0,28.9,11.0,Joint App,5,High Risk,Manual Review
135656209,24000.0, 60 months,22.9,E,E1,10+ years,MORTGAGE,235000.0,Verified,credit_card,PA,32.25,0.0,670.0,674.0,0.0,85.2,68.0,Individual,6,High Risk,Manual Review
135659337,6000.0, 36 months,16.46,C,C5,2 years,OWN,30000.0,Verified,debt_consolidation,LA,32.2,1.0,660.0,664.0,0.0,84.8,12.0,Individual,5,High Risk,Manual Review
135645775,14000.0, 36 months,23.87,E,E2,10+ years,MORTGAGE,55000.0,Source Verified,credit_card,CT,33.6,1.0,705.0,709.0,1.0,21.2,21.0,Individual,6,High Risk,Manual Review
135487863,25000.0, 60 months,26.77,E,E5,,RENT,57950.0,Not Verified,credit_card,CA,32.04,0.0,660.0,664.0,0.0,59.0,28.0,Individual,5,High Risk,Manual Review
135534438,20000.0, 36 months,23.87,E,E2,6 years,OWN,45000.0,Not Verified,debt_consolidation,FL,41.44,0.0,660.0,664.0,0.0,69.8,13.0,Joint App,5,High Risk,Manual Review
135611392,40000.0, 36 months,23.87,E,E2,1 year,MORTGAGE,70000.0,Source Verified,credit_card,AZ,32.97,0.0,685.0,689.0,0.0,66.8,31.0,Joint App,5,High Risk,Manual Review
135038602,25000.0, 60 months,30.65,F,F4,,OWN,50000.0,Not Verified,credit_card,NY,37.9,0.0,700.0,704.0,0.0,69.3,23.0,Individual,5,High Risk,Manual Review
135572325,16850.0, 60 months,28.72,F,F1,,MORTGAGE,50000.0,Verified,debt_consolidation,CA,14.74,1.0,685.0,689.0,0.0,93.3,12.0,Individual,5,High Risk,Manual Review
135213307,16000.0, 60 months,26.77,E,E5,10+ years,RENT,61116.0,Source Verified,debt_consolidation,PA,36.32,0.0,670.0,674.0,0.0,52.4,13.0,Joint App,5,High Risk,Manual Review
134484731,35000.0, 36 months,26.77,E,E5,5 years,MORTGAGE,72000.0,Verified,debt_consolidation,WA,53.35,0.0,675.0,679.0,0.0,67.8,57.0,Joint App,5,High Risk,Manual Review
135604108,12000.0, 36 months,25.81,E,E4,10+ years,OWN,18000.0,Not Verified,debt_consolidation,FL,69.73,0.0,665.0,669.0,1.0,83.4,15.0,Joint App,6,High Risk,Manual Review
135096664,15000.0, 60 months,25.81,E,E4,,MORTGAGE,65400.0,Verified,debt_consolidation,NJ,36.76,0.0,675.0,679.0,0.0,28.4,23.0,Individual,5,High Risk,Manual Review
135312865,40000.0, 60 months,30.75,F,F5,,RENT,25000.0,Verified,debt_consolidation,MT,117.71,1.0,715.0,719.0,0.0,59.0,21.0,Joint App,6,High Risk,Manual Review
135607486,5000.0, 36 months,22.9,E,E1,7 years,RENT,29888.0,Not Verified,vacation,CT,38.67,1.0,700.0,704.0,0.0,45.5,12.0,Individual,6,High Risk,Manual Review
135586696,26350.0, 36 months,30.75,F,F5,1 year,RENT,26000.0,Not Verified,debt_consolidation,MO,83.01,2.0,680.0,684.0,0.0,45.9,18.0,Joint App,6,High Risk,Manual Review
135430787,27600.0, 60 months,30.65,F,F4,10+ years,MORTGAGE,53600.0,Verified,debt_consolidation,MD,39.52,0.0,670.0,674.0,0.0,45.0,48.0,Joint App,5,High Risk,Manual Review
135586730,15000.0, 60 months,28.72,F,F1,,OWN,25000.0,Source Verified,debt_consolidation,FL,32.89,0.0,675.0,679.0,0.0,67.8,18.0,Joint App,5,High Risk,Manual Review
135579496,30000.0, 60 months,28.72,F,F1,,MORTGAGE,24000.0,Verified,debt_consolidation,TN,47.55,0.0,700.0,704.0,0.0,56.5,43.0,Joint App,5,High Risk,Manual Review
135483363,20000.0, 60 months,24.84,E,E3,3 years,MORTGAGE,66000.0,Verified,debt_consolidation,NV,44.42,0.0,685.0,689.0,1.0,62.0,19.0,Joint App,5,High Risk,Manual Review
134919579,12600.0, 36 months,22.9,E,E1,10+ years,MORTGAGE,65000.0,Verified,credit_card,MN,37.88,4.0,665.0,669.0,0.0,75.2,49.0,Individual,6,High Risk,Manual Review
135492804,10000.0, 36 months,25.81,E,E4,< 1 year,RENT,35000.0,Verified,debt_consolidation,MN,38.82,0.0,660.0,664.0,0.0,64.5,17.0,Individual,5,High Risk,Manual Review
135591932,4000.0, 36 months,23.87,E,E2,5 years,MORTGAGE,49056.0,Not Verified,debt_consolidation,IL,39.24,0.0,690.0,694.0,1.0,58.6,31.0,Individual,5,High Risk,Manual Review
135431305,30000.0, 60 months,26.77,E,E5,3 years,RENT,47000.0,Verified,debt_consolidation,WA,32.64,0.0,670.0,674.0,0.0,67.6,17.0,Individual,5,High Risk,Manual Review
135360471,15000.0, 60 months,26.77,E,E5,10+ years,RENT,72000.0,Verified,debt_consolidation,CA,36.22,0.0,665.0,669.0,2.0,62.5,27.0,Individual,5,High Risk,Manual Review
135493763,10000.0, 60 months,28.72,F,F1,,RENT,16392.0,Verified,credit_card,VA,34.7,0.0,680.0,684.0,0.0,77.5,12.0,Individual,5,High Risk,Manual Review
135471504,2400.0, 36 months,24.84,E,E3,< 1 year,RENT,40000.0,Source Verified,car,CT,37.86,0.0,675.0,679.0,0.0,79.3,33.0,Joint App,5,High Risk,Manual Review
135314111,13000.0, 36 months,20.39,D,D4,,MORTGAGE,6000.0,Verified,debt_consolidation,DE,157.4,1.0,665.0,669.0,0.0,95.5,12.0,Joint App,5,High Risk,Manual Review
135027450,39000.0, 60 months,30.17,F,F3,10+ years,MORTGAGE,58000.0,Source Verified,credit_card,MO,31.35,0.0,695.0,699.0,0.0,45.3,22.0,Joint App,5,High Risk,Manual Review
134483265,10000.0, 60 months,26.77,E,E5,10+ years,MORTGAGE,33500.0,Verified,debt_consolidation,IL,31.53,0.0,715.0,719.0,0.0,15.1,18.0,Individual,5,High Risk,Manual Review
135099285,30000.0, 60 months,28.72,F,F1,1 year,RENT,56100.0,Verified,debt_consolidation,CA,30.65,0.0,700.0,704.0,0.0,76.5,16.0,Individual,5,High Risk,Manual Review
134666519,18000.0, 60 months,29.69,F,F2,5 years,RENT,57250.0,Verified,other,CA,39.5,0.0,710.0,714.0,0.0,51.1,22.0,Joint App,5,High Risk,Manual Review
135575137,30000.0, 60 months,25.81,E,E4,2 years,RENT,43000.0,Verified,debt_consolidation,WA,34.91,0.0,665.0,669.0,0.0,20.8,21.0,Individual,5,High Risk,Manual Review
135030483,30000.0, 60 months,25.81,E,E4,10+ years,RENT,75000.0,Verified,debt_consolidation,MI,33.01,4.0,665.0,669.0,0.0,78.9,14.0,Individual,6,High Risk,Manual Review
135100383,20475.0, 60 months,30.75,F,F5,1 year,MORTGAGE,35000.0,Verified,other,IL,39.71,0.0,665.0,669.0,2.0,37.5,24.0,Joint App,5,High Risk,Manual Review
135253688,11500.0, 60 months,26.77,E,E5,10+ years,MORTGAGE,72500.0,Verified,debt_consolidation,TX,36.14,0.0,705.0,709.0,0.0,53.8,58.0,Individual,5,High Risk,Manual Review
135109243,20000.0, 60 months,26.77,E,E5,10+ years,OWN,54000.0,Not Verified,debt_consolidation,WI,41.76,0.0,680.0,684.0,1.0,57.6,21.0,Joint App,5,High Risk,Manual Review
134801297,10000.0, 60 months,23.87,E,E2,,MORTGAGE,25000.0,Verified,debt_consolidation,TX,30.29,0.0,690.0,694.0,1.0,29.3,29.0,Individual,5,High Risk,Manual Review
134776494,8650.0, 36 months,25.81,E,E4,2 years,MORTGAGE,44000.0,Verified,other,PA,34.7,0.0,710.0,714.0,0.0,74.4,20.0,Individual,5,High Risk,Manual Review
135470570,22800.0, 60 months,26.77,E,E5,< 1 year,RENT,7200.0,Not Verified,debt_consolidation,TX,106.5,0.0,685.0,689.0,0.0,83.4,10.0,Joint App,6,High Risk,Manual Review
134913513,10000.0, 60 months,30.17,F,F3,< 1 year,MORTGAGE,125000.0,Not Verified,debt_consolidation,MD,14.23,1.0,685.0,689.0,1.0,80.9,18.0,Individual,5,High Risk,Manual Review
134752736,12000.0, 60 months,24.84,E,E3,,OWN,25000.0,Verified,debt_consolidation,PA,53.82,0.0,730.0,734.0,1.0,44.1,11.0,Joint App,5,High Risk,Manual Review
135204582,20000.0, 36 months,22.9,E,E1,10+ years,MORTGAGE,103000.0,Verified,debt_consolidation,NY,12.97,1.0,665.0,669.0,1.0,91.8,17.0,Individual,5,High Risk,Manual Review
135248267,30000.0, 60 months,28.72,F,F1,10+ years,MORTGAGE,100000.0,Source Verified,credit_card,NC,35.97,2.0,675.0,679.0,0.0,60.9,32.0,Joint App,6,High Risk,Manual Review
135425800,20000.0, 60 months,25.81,E,E4,8 years,RENT,28000.0,Not Verified,debt_consolidation,KY,36.36,1.0,660.0,664.0,0.0,71.6,11.0,Joint App,6,High Risk,Manual Review
135377008,35000.0, 60 months,30.89,G,G3,3 years,OWN,84010.0,Verified,credit_card,WI,34.57,0.0,695.0,699.0,1.0,73.0,47.0,Individual,5,High Risk,Manual Review
135435840,28000.0, 60 months,28.72,F,F1,9 years,MORTGAGE,120000.0,Not Verified,debt_consolidation,AZ,37.34,0.0,695.0,699.0,1.0,54.3,22.0,Joint App,5,High Risk,Manual Review
135097612,10000.0, 60 months,26.77,E,E5,2 years,MORTGAGE,39520.0,Not Verified,credit_card,NV,37.96,0.0,675.0,679.0,1.0,66.3,13.0,Individual,5,High Risk,Manual Review
135530966,19500.0, 36 months,22.9,E,E1,10+ years,MORTGAGE,46000.0,Verified,debt_consolidation,MI,33.68,0.0,670.0,674.0,0.0,33.3,34.0,Individual,5,High Risk,Manual Review
135094742,3000.0, 36 months,22.9,E,E1,< 1 year,RENT,55000.0,Source Verified,major_purchase,MD,3.29,4.0,660.0,664.0,0.0,95.8,9.0,Individual,5,High Risk,Manual Review
135162351,30000.0, 60 months,28.72,F,F1,6 years,RENT,52000.0,Source Verified,debt_consolidation,OK,33.05,0.0,685.0,689.0,2.0,47.5,23.0,Joint App,5,High Risk,Manual Review
134994645,23125.0, 60 months,30.17,F,F3,2 years,MORTGAGE,45000.0,Not Verified,home_improvement,OH,47.12,2.0,685.0,689.0,1.0,86.2,27.0,Joint App,7,High Risk,Manual Review
134998924,10000.0, 60 months,24.84,E,E3,8 years,RENT,45000.0,Source Verified,debt_consolidation,MD,31.07,0.0,660.0,664.0,0.0,15.1,19.0,Individual,5,High Risk,Manual Review
135248856,17000.0, 60 months,16.46,C,C5,7 years,MORTGAGE,94000.0,Verified,debt_consolidation,FL,37.2,1.0,685.0,689.0,0.0,81.2,27.0,Individual,5,High Risk,Manual Review
135530165,10000.0, 60 months,26.77,E,E5,3 years,RENT,46000.0,Verified,credit_card,CA,31.7,0.0,665.0,669.0,0.0,58.4,22.0,Individual,5,High Risk,Manual Review
135251787,21500.0, 60 months,21.85,D,D5,4 years,MORTGAGE,45000.0,Not Verified,debt_consolidation,TN,51.21,1.0,665.0,669.0,0.0,84.0,18.0,Joint App,5,High Risk,Manual Review
134960126,35000.0, 60 months,28.72,F,F1,7 years,MORTGAGE,114000.0,Source Verified,debt_consolidation,CA,36.09,10.0,675.0,679.0,1.0,86.0,32.0,Individual,7,High Risk,Manual Review
135431210,20000.0, 60 months,30.17,F,F3,10+ years,MORTGAGE,120000.0,Source Verified,debt_consolidation,TN,35.28,0.0,680.0,684.0,0.0,77.8,42.0,Individual,5,High Risk,Manual Review
134372358,25000.0, 36 months,26.77,E,E5,10+ years,RENT,55200.0,Verified,debt_consolidation,CA,31.76,0.0,690.0,694.0,0.0,91.3,12.0,Individual,6,High Risk,Manual Review
135246557,12000.0, 60 months,24.84,E,E3,1 year,MORTGAGE,38500.0,Verified,debt_consolidation,LA,37.5,0.0,730.0,734.0,1.0,34.4,17.0,Individual,5,High Risk,Manual Review
135122983,25000.0, 60 months,26.77,E,E5,10+ years,MORTGAGE,75000.0,Verified,debt_consolidation,FL,31.79,0.0,710.0,714.0,0.0,48.9,20.0,Individual,5,High Risk,Manual Review
135480352,20000.0, 60 months,25.81,E,E4,6 years,MORTGAGE,68500.0,Not Verified,debt_consolidation,TN,31.48,0.0,770.0,774.0,0.0,28.4,34.0,Individual,5,High Risk,Manual Review
134468474,10000.0, 60 months,30.75,F,F5,2 years,MORTGAGE,30000.0,Verified,debt_consolidation,AR,46.0,0.0,665.0,669.0,0.0,92.4,6.0,Joint App,6,High Risk,Manual Review
135394389,23600.0, 36 months,26.77,E,E5,5 years,OWN,60742.0,Verified,debt_consolidation,NY,38.77,0.0,710.0,714.0,0.0,84.4,19.0,Individual,6,High Risk,Manual Review
135349120,20000.0, 60 months,18.45,D,D2,10+ years,MORTGAGE,52000.0,Verified,debt_consolidation,TX,49.34,1.0,685.0,689.0,0.0,83.3,41.0,Joint App,5,High Risk,Manual Review
135161786,40000.0, 60 months,30.75,F,F5,1 year,RENT,46500.0,Verified,debt_consolidation,FL,45.65,0.0,680.0,684.0,1.0,90.2,62.0,Joint App,6,High Risk,Manual Review
135209368,18000.0, 60 months,26.77,E,E5,10+ years,RENT,40000.0,Verified,debt_consolidation,GA,39.84,0.0,695.0,699.0,0.0,67.6,14.0,Individual,5,High Risk,Manual Review
135117249,12000.0, 60 months,24.84,E,E3,10+ years,MORTGAGE,53000.0,Source Verified,credit_card,NH,37.07,0.0,710.0,714.0,0.0,50.2,43.0,Individual,5,High Risk,Manual Review
134779222,18000.0, 60 months,26.77,E,E5,9 years,MORTGAGE,62000.0,Verified,debt_consolidation,NC,35.47,0.0,675.0,679.0,1.0,71.5,22.0,Joint App,5,High Risk,Manual Review
135402166,35000.0, 60 months,26.77,E,E5,7 years,MORTGAGE,45000.0,Verified,debt_consolidation,KY,38.27,0.0,660.0,664.0,0.0,90.5,23.0,Joint App,6,High Risk,Manual Review
135374106,16000.0, 60 months,30.17,F,F3,< 1 year,MORTGAGE,90000.0,Verified,credit_card,TX,30.83,0.0,660.0,664.0,0.0,48.7,20.0,Individual,5,High Risk,Manual Review
134614146,26000.0, 60 months,30.17,F,F3,2 years,RENT,57600.0,Verified,debt_consolidation,OR,33.81,0.0,675.0,679.0,1.0,90.0,10.0,Individual,6,High Risk,Manual Review
135043649,16000.0, 36 months,23.87,E,E2,3 years,RENT,71000.0,Verified,debt_consolidation,PA,32.86,0.0,670.0,674.0,0.0,85.2,33.0,Individual,6,High Risk,Manual Review
135404542,11500.0, 36 months,26.77,E,E5,2 years,RENT,193200.0,Not Verified,credit_card,GA,35.88,0.0,705.0,709.0,0.0,75.3,17.0,Individual,5,High Risk,Manual Review
135404329,25000.0, 60 months,28.72,F,F1,1 year,RENT,43000.0,Not Verified,debt_consolidation,TX,36.72,0.0,685.0,689.0,0.0,81.1,9.0,Individual,6,High Risk,Manual Review
135405405,15000.0, 60 months,24.84,E,E3,9 years,OWN,90000.0,Source Verified,debt_consolidation,TN,33.8,0.0,685.0,689.0,0.0,74.2,42.0,Individual,5,High Risk,Manual Review
135317073,2300.0, 36 months,23.87,E,E2,10+ years,RENT,65000.0,Not Verified,other,OR,39.49,0.0,670.0,674.0,0.0,7.5,24.0,Individual,5,High Risk,Manual Review
135126927,35000.0, 60 months,26.77,E,E5,5 years,MORTGAGE,51100.0,Source Verified,debt_consolidation,TX,40.89,0.0,680.0,684.0,0.0,89.4,25.0,Joint App,6,High Risk,Manual Review
134140878,17550.0, 60 months,30.84,G,G2,6 years,MORTGAGE,70600.0,Verified,debt_consolidation,TX,35.51,0.0,670.0,674.0,0.0,100.0,16.0,Individual,6,High Risk,Manual Review
134365179,15000.0, 36 months,24.84,E,E3,10+ years,RENT,43000.0,Verified,debt_consolidation,OR,30.62,0.0,690.0,694.0,2.0,47.6,35.0,Individual,5,High Risk,Manual Review
135122638,8250.0, 36 months,20.39,D,D4,6 years,RENT,27000.0,Verified,debt_consolidation,LA,43.47,1.0,670.0,674.0,0.0,87.8,15.0,Joint App,5,High Risk,Manual Review
135313275,30000.0, 60 months,30.99,G,G5,3 years,RENT,65000.0,Not Verified,debt_consolidation,MD,33.73,0.0,665.0,669.0,0.0,69.0,33.0,Individual,5,High Risk,Manual Review
135066154,10000.0, 60 months,25.81,E,E4,10+ years,OWN,30000.0,Verified,credit_card,ME,31.68,0.0,720.0,724.0,2.0,13.3,13.0,Individual,5,High Risk,Manual Review
134821797,15000.0, 36 months,23.87,E,E2,10+ years,OWN,104000.0,Verified,debt_consolidation,NY,22.79,1.0,665.0,669.0,0.0,87.8,18.0,Individual,5,High Risk,Manual Review
134911383,24000.0, 60 months,25.81,E,E4,,RENT,20100.0,Verified,debt_consolidation,CA,88.12,0.0,695.0,699.0,0.0,62.4,22.0,Joint App,5,High Risk,Manual Review
135013287,5000.0, 36 months,23.87,E,E2,2 years,MORTGAGE,44000.0,Verified,debt_consolidation,SC,39.88,0.0,700.0,704.0,1.0,46.0,19.0,Individual,5,High Risk,Manual Review
135214340,20000.0, 60 months,24.84,E,E3,3 years,OWN,38000.0,Verified,debt_consolidation,FL,35.9,0.0,675.0,679.0,1.0,49.2,50.0,Individual,5,High Risk,Manual Review
135258595,10000.0, 60 months,23.87,E,E2,10+ years,RENT,26000.0,Source Verified,debt_consolidation,MI,30.52,0.0,715.0,719.0,0.0,39.7,27.0,Individual,5,High Risk,Manual Review
134551870,30000.0, 60 months,26.77,E,E5,10+ years,MORTGAGE,100000.0,Verified,debt_consolidation,TX,36.84,1.0,690.0,694.0,0.0,50.5,29.0,Individual,6,High Risk,Manual Review
135161862,15000.0, 60 months,26.77,E,E5,10+ years,OWN,131000.0,Verified,debt_consolidation,FL,21.63,1.0,675.0,679.0,0.0,80.1,27.0,Individual,5,High Risk,Manual Review
135247049,30000.0, 60 months,26.77,E,E5,8 years,MORTGAGE,105000.0,Not Verified,debt_consolidation,TN,34.0,1.0,720.0,724.0,0.0,67.5,35.0,Individual,6,High Risk,Manual Review
135157940,20000.0, 36 months,23.87,E,E2,10+ years,RENT,75000.0,Source Verified,debt_consolidation,WA,30.18,0.0,725.0,729.0,1.0,54.1,15.0,Individual,5,High Risk,Manual Review
133397831,1600.0, 36 months,23.87,E,E2,10+ years,MORTGAGE,70000.0,Source Verified,home_improvement,MD,33.74,0.0,665.0,669.0,0.0,50.6,37.0,Individual,5,High Risk,Manual Review
135086600,16000.0, 60 months,29.69,F,F2,3 years,RENT,96000.0,Not Verified,debt_consolidation,SC,30.23,0.0,660.0,664.0,0.0,73.7,22.0,Individual,5,High Risk,Manual Review
134700776,30000.0, 60 months,24.84,E,E3,4 years,RENT,30000.0,Verified,debt_consolidation,MN,35.24,0.0,680.0,684.0,0.0,90.1,12.0,Joint App,6,High Risk,Manual Review
134844633,20500.0, 60 months,23.87,E,E2,5 years,RENT,65000.0,Verified,debt_consolidation,MN,32.53,0.0,685.0,689.0,1.0,51.9,39.0,Individual,5,High Risk,Manual Review
135250052,22650.0, 60 months,30.75,F,F5,,RENT,42685.0,Not Verified,debt_consolidation,WA,37.59,0.0,705.0,709.0,0.0,80.1,11.0,Individual,6,High Risk,Manual Review
135100427,10000.0, 60 months,26.77,E,E5,4 years,RENT,35000.0,Verified,debt_consolidation,CA,45.99,1.0,675.0,679.0,0.0,36.0,11.0,Joint App,6,High Risk,Manual Review
135029939,30000.0, 60 months,25.81,E,E4,10+ years,MORTGAGE,88000.0,Not Verified,debt_consolidation,IL,38.66,0.0,675.0,679.0,0.0,67.8,43.0,Individual,5,High Risk,Manual Review
135057016,11500.0, 36 months,20.39,D,D4,7 years,MORTGAGE,27000.0,Not Verified,debt_consolidation,MN,30.27,1.0,660.0,664.0,0.0,80.5,13.0,Joint App,5,High Risk,Manual Review
134898607,8000.0, 36 months,16.46,C,C5,10+ years,MORTGAGE,75000.0,Not Verified,major_purchase,WA,46.35,1.0,675.0,679.0,0.0,83.6,34.0,Joint App,5,High Risk,Manual Review
134937117,14000.0, 60 months,25.81,E,E4,4 years,RENT,33000.0,Verified,debt_consolidation,NM,59.43,0.0,680.0,684.0,0.0,97.0,24.0,Joint App,6,High Risk,Manual Review
135045744,11200.0, 36 months,18.45,D,D2,1 year,MORTGAGE,48000.0,Verified,debt_consolidation,NC,32.88,1.0,665.0,669.0,1.0,96.7,13.0,Individual,5,High Risk,Manual Review
134964728,38400.0, 60 months,26.77,E,E5,3 years,MORTGAGE,75000.0,Verified,debt_consolidation,VA,33.46,1.0,715.0,719.0,1.0,62.2,29.0,Joint App,6,High Risk,Manual Review
134969972,20000.0, 60 months,24.84,E,E3,4 years,RENT,47000.0,Verified,debt_consolidation,NC,34.9,0.0,690.0,694.0,0.0,31.1,32.0,Individual,5,High Risk,Manual Review
135084841,12300.0, 36 months,23.87,E,E2,3 years,RENT,36000.0,Source Verified,debt_consolidation,KS,32.6,0.0,690.0,694.0,0.0,62.2,19.0,Individual,5,High Risk,Manual Review
134358880,16000.0, 60 months,28.72,F,F1,10+ years,OWN,36000.0,Verified,credit_card,MI,39.93,0.0,720.0,724.0,2.0,31.2,40.0,Joint App,5,High Risk,Manual Review
135110554,21000.0, 60 months,24.84,E,E3,,MORTGAGE,4800.0,Not Verified,debt_consolidation,TX,423.25,0.0,730.0,734.0,1.0,88.4,20.0,Joint App,6,High Risk,Manual Review
135081311,20000.0, 60 months,25.81,E,E4,8 years,RENT,42000.0,Verified,debt_consolidation,FL,37.23,0.0,665.0,669.0,0.0,49.7,10.0,Individual,5,High Risk,Manual Review
133707026,30000.0, 60 months,25.81,E,E4,10+ years,MORTGAGE,70000.0,Verified,debt_consolidation,VA,32.3,0.0,670.0,674.0,1.0,83.1,29.0,Individual,6,High Risk,Manual Review
135087251,16000.0, 60 months,25.81,E,E4,10+ years,MORTGAGE,47000.0,Verified,debt_consolidation,WI,64.61,0.0,660.0,664.0,0.0,62.9,49.0,Joint App,5,High Risk,Manual Review
134858710,15000.0, 60 months,28.72,F,F1,5 years,RENT,15000.0,Verified,major_purchase,IL,32.24,0.0,665.0,669.0,1.0,58.3,39.0,Joint App,5,High Risk,Manual Review
134977582,20000.0, 60 months,30.17,F,F3,2 years,RENT,43000.0,Source Verified,credit_card,NJ,32.21,0.0,700.0,704.0,0.0,51.0,9.0,Individual,5,High Risk,Manual Review
135101848,2500.0, 36 months,21.85,D,D5,3 years,MORTGAGE,72000.0,Verified,other,NV,30.72,1.0,685.0,689.0,0.0,99.7,26.0,Individual,5,High Risk,Manual Review
135000517,19625.0, 60 months,28.72,F,F1,,RENT,15654.0,Verified,debt_consolidation,FL,77.91,0.0,710.0,714.0,0.0,80.2,19.0,Joint App,6,High Risk,Manual Review
135103751,4000.0, 36 months,22.9,E,E1,6 years,RENT,20968.0,Verified,debt_consolidation,MO,32.05,0.0,710.0,714.0,2.0,37.2,11.0,Individual,5,High Risk,Manual Review
133566586,11275.0, 60 months,26.77,E,E5,10+ years,MORTGAGE,45968.0,Source Verified,debt_consolidation,ME,30.7,0.0,720.0,724.0,0.0,40.0,21.0,Individual,5,High Risk,Manual Review
135014618,17000.0, 60 months,24.84,E,E3,10+ years,OWN,141150.0,Verified,debt_consolidation,VA,30.39,0.0,680.0,684.0,0.0,60.6,57.0,Individual,5,High Risk,Manual Review
135099665,6400.0, 36 months,22.9,E,E1,10+ years,MORTGAGE,29120.0,Source Verified,debt_consolidation,NE,39.49,0.0,725.0,729.0,0.0,88.5,11.0,Individual,6,High Risk,Manual Review
135041785,21000.0, 60 months,25.81,E,E4,2 years,RENT,53850.0,Not Verified,debt_consolidation,GA,51.86,0.0,680.0,684.0,2.0,57.1,58.0,Joint App,5,High Risk,Manual Review
135020448,28000.0, 36 months,24.84,E,E3,8 years,MORTGAGE,76000.0,Not Verified,debt_consolidation,KS,84.3,0.0,685.0,689.0,1.0,67.3,66.0,Joint App,5,High Risk,Manual Review
135092341,30775.0, 60 months,28.72,F,F1,,MORTGAGE,16224.0,Verified,home_improvement,LA,29.73,1.0,660.0,664.0,0.0,86.6,15.0,Joint App,5,High Risk,Manual Review
135090252,20000.0, 60 months,16.46,C,C5,1 year,RENT,75500.0,Source Verified,debt_consolidation,FL,33.29,1.0,665.0,669.0,0.0,94.2,25.0,Individual,5,High Risk,Manual Review
135105169,12000.0, 60 months,26.77,E,E5,10+ years,OWN,72000.0,Verified,moving,NE,38.57,0.0,675.0,679.0,0.0,94.3,32.0,Individual,6,High Risk,Manual Review
135036948,15000.0, 36 months,22.9,E,E1,2 years,RENT,34000.0,Verified,other,FL,31.45,0.0,695.0,699.0,0.0,64.1,35.0,Individual,5,High Risk,Manual Review
134209560,19800.0, 60 months,25.81,E,E4,,MORTGAGE,18000.0,Verified,major_purchase,MN,67.13,0.0,675.0,679.0,1.0,100.7,9.0,Joint App,6,High Risk,Manual Review
135059009,5000.0, 36 months,17.47,D,D1,10+ years,OWN,72000.0,Not Verified,other,NC,33.33,2.0,675.0,679.0,1.0,94.2,15.0,Individual,5,High Risk,Manual Review
135043020,12000.0, 60 months,26.77,E,E5,10+ years,MORTGAGE,45000.0,Verified,debt_consolidation,AZ,35.01,0.0,690.0,694.0,1.0,57.1,12.0,Individual,5,High Risk,Manual Review
135042720,28000.0, 36 months,22.9,E,E1,5 years,MORTGAGE,35000.0,Verified,debt_consolidation,FL,41.29,0.0,695.0,699.0,0.0,46.9,9.0,Joint App,5,High Risk,Manual Review
135018368,20400.0, 60 months,30.75,F,F5,3 years,RENT,12000.0,Not Verified,debt_consolidation,CA,105.6,0.0,660.0,664.0,0.0,54.3,16.0,Joint App,5,High Risk,Manual Review
134883052,20000.0, 36 months,15.49,C,C4,7 years,MORTGAGE,35000.0,Verified,debt_consolidation,PA,49.18,1.0,700.0,704.0,0.0,89.3,14.0,Joint App,5,High Risk,Manual Review
135017972,12550.0, 60 months,30.79,G,G1,10+ years,MORTGAGE,38754.0,Verified,medical,SD,53.64,1.0,685.0,689.0,0.0,52.3,36.0,Joint App,6,High Risk,Manual Review
135040136,25000.0, 60 months,25.81,E,E4,4 years,MORTGAGE,36000.0,Verified,debt_consolidation,OK,60.63,0.0,665.0,669.0,2.0,79.0,52.0,Joint App,5,High Risk,Manual Review
133876806,28000.0, 60 months,25.81,E,E4,10+ years,MORTGAGE,90701.0,Verified,home_improvement,WA,32.2,0.0,730.0,734.0,0.0,26.5,24.0,Individual,5,High Risk,Manual Review
134967430,27825.0, 60 months,24.84,E,E3,1 year,MORTGAGE,65000.0,Verified,moving,NY,34.34,0.0,695.0,699.0,0.0,50.4,20.0,Joint App,5,High Risk,Manual Review
134967921,24000.0, 60 months,29.69,F,F2,10+ years,OWN,60000.0,Not Verified,credit_card,OK,60.24,0.0,675.0,679.0,0.0,87.8,36.0,Joint App,6,High Risk,Manual Review
134874653,21000.0, 60 months,25.81,E,E4,10+ years,OWN,180000.0,Source Verified,credit_card,OH,7.05,3.0,660.0,664.0,0.0,80.3,18.0,Individual,5,High Risk,Manual Review
135053767,12500.0, 60 months,20.39,D,D4,10+ years,RENT,93000.0,Source Verified,other,CA,38.03,1.0,680.0,684.0,0.0,93.0,32.0,Individual,5,High Risk,Manual Review
133330774,30000.0, 60 months,29.69,F,F2,10+ years,MORTGAGE,22000.0,Source Verified,debt_consolidation,CA,33.28,0.0,660.0,664.0,0.0,51.1,41.0,Joint App,5,High Risk,Manual Review
134523483,9400.0, 36 months,25.81,E,E4,1 year,MORTGAGE,35904.0,Verified,debt_consolidation,ME,40.78,0.0,705.0,709.0,0.0,88.4,19.0,Joint App,6,High Risk,Manual Review
135039835,18125.0, 60 months,26.77,E,E5,9 years,MORTGAGE,53164.0,Not Verified,debt_consolidation,FL,42.84,0.0,665.0,669.0,0.0,81.3,27.0,Joint App,6,High Risk,Manual Review
135034938,12200.0, 36 months,23.87,E,E2,6 years,RENT,62400.0,Verified,debt_consolidation,NC,31.02,0.0,670.0,674.0,1.0,64.1,20.0,Individual,5,High Risk,Manual Review
134583312,10000.0, 36 months,19.42,D,D3,3 years,OWN,33000.0,Source Verified,major_purchase,GA,36.58,1.0,670.0,674.0,0.0,90.7,18.0,Joint App,5,High Risk,Manual Review
134769649,40000.0, 60 months,26.77,E,E5,10+ years,MORTGAGE,82000.0,Not Verified,debt_consolidation,MD,33.92,0.0,700.0,704.0,0.0,51.6,27.0,Joint App,5,High Risk,Manual Review
134696470,12000.0, 36 months,26.77,E,E5,10+ years,MORTGAGE,63000.0,Verified,other,TX,32.95,0.0,700.0,704.0,1.0,36.8,31.0,Individual,5,High Risk,Manual Review
134649957,16400.0, 60 months,24.84,E,E3,,MORTGAGE,23000.0,Verified,debt_consolidation,AL,56.0,1.0,710.0,714.0,0.0,30.9,15.0,Joint App,6,High Risk,Manual Review
134958416,25000.0, 60 months,26.77,E,E5,10+ years,MORTGAGE,96600.0,Not Verified,debt_consolidation,SC,36.87,1.0,690.0,694.0,1.0,74.5,32.0,Joint App,6,High Risk,Manual Review
134877115,18000.0, 60 months,22.9,E,E1,3 years,RENT,55000.0,Source Verified,credit_card,NJ,38.14,0.0,675.0,679.0,0.0,87.9,35.0,Individual,6,High Risk,Manual Review
134977088,15000.0, 60 months,30.79,G,G1,,OWN,30000.0,Verified,debt_consolidation,NY,32.61,0.0,695.0,699.0,0.0,39.5,36.0,Joint App,5,High Risk,Manual Review
133917222,10000.0, 36 months,22.9,E,E1,3 years,MORTGAGE,36000.0,Not Verified,debt_consolidation,IN,36.5,0.0,680.0,684.0,0.0,63.0,17.0,Individual,5,High Risk,Manual Review
134250032,30000.0, 60 months,26.77,E,E5,10+ years,MORTGAGE,50000.0,Source Verified,credit_card,CA,31.42,0.0,675.0,679.0,0.0,77.8,12.0,Joint App,5,High Risk,Manual Review
134854670,20000.0, 60 months,26.77,E,E5,10+ years,OWN,10000.0,Not Verified,debt_consolidation,NY,70.71,0.0,715.0,719.0,0.0,,4.0,Joint App,5,High Risk,Manual Review
134916481,30000.0, 60 months,24.84,E,E3,1 year,MORTGAGE,83000.0,Source Verified,debt_consolidation,PA,30.96,2.0,705.0,709.0,0.0,45.6,24.0,Individual,6,High Risk,Manual Review
134542086,28000.0, 60 months,24.84,E,E3,10+ years,MORTGAGE,67000.0,Source Verified,credit_card,OH,34.98,0.0,665.0,669.0,2.0,61.7,30.0,Joint App,5,High Risk,Manual Review
134978810,12000.0, 36 months,22.9,E,E1,4 years,MORTGAGE,110000.0,Not Verified,debt_consolidation,OR,15.82,1.0,670.0,674.0,0.0,97.2,11.0,Individual,5,High Risk,Manual Review
134278150,9000.0, 36 months,25.81,E,E4,3 years,RENT,34000.0,Verified,debt_consolidation,OH,52.88,0.0,660.0,664.0,1.0,50.6,15.0,Joint App,5,High Risk,Manual Review
135002069,10000.0, 36 months,23.87,E,E2,,OWN,21100.0,Not Verified,credit_card,LA,35.38,0.0,675.0,679.0,0.0,54.3,16.0,Individual,5,High Risk,Manual Review
135002076,15000.0, 60 months,28.72,F,F1,4 years,MORTGAGE,44208.0,Not Verified,house,WA,35.8,0.0,670.0,674.0,1.0,74.9,36.0,Individual,5,High Risk,Manual Review
134912126,20000.0, 60 months,28.72,F,F1,10+ years,RENT,55000.0,Source Verified,credit_card,WA,57.21,0.0,680.0,684.0,2.0,59.1,27.0,Joint App,5,High Risk,Manual Review
134994578,35000.0, 60 months,22.9,E,E1,10+ years,MORTGAGE,79000.0,Verified,credit_card,MA,11.85,1.0,685.0,689.0,0.0,91.5,22.0,Joint App,5,High Risk,Manual Review
134922470,30000.0, 60 months,30.75,F,F5,6 years,RENT,35000.0,Verified,debt_consolidation,PA,42.87,0.0,720.0,724.0,0.0,51.3,32.0,Joint App,5,High Risk,Manual Review
134990931,16000.0, 60 months,25.81,E,E4,3 years,RENT,60000.0,Source Verified,credit_card,CA,45.82,0.0,675.0,679.0,1.0,47.7,13.0,Joint App,5,High Risk,Manual Review
134889066,25000.0, 60 months,29.69,F,F2,10+ years,MORTGAGE,80000.0,Verified,credit_card,FL,35.72,0.0,675.0,679.0,0.0,52.7,26.0,Individual,5,High Risk,Manual Review
134955819,35000.0, 60 months,28.72,F,F1,10+ years,MORTGAGE,65000.0,Verified,credit_card,UT,58.98,0.0,675.0,679.0,0.0,67.9,32.0,Joint App,5,High Risk,Manual Review
135019500,25000.0, 36 months,22.9,E,E1,6 years,MORTGAGE,127000.0,Source Verified,debt_consolidation,NC,9.88,1.0,660.0,664.0,0.0,92.5,33.0,Individual,5,High Risk,Manual Review
134918540,12000.0, 60 months,22.9,E,E1,10+ years,OWN,22000.0,Verified,debt_consolidation,NY,36.55,0.0,665.0,669.0,0.0,49.9,36.0,Individual,5,High Risk,Manual Review
134880176,19000.0, 60 months,30.17,F,F3,4 years,MORTGAGE,42000.0,Source Verified,debt_consolidation,ND,30.86,0.0,735.0,739.0,1.0,27.2,26.0,Individual,5,High Risk,Manual Review
134697946,25000.0, 60 months,26.77,E,E5,2 years,RENT,30000.0,Not Verified,credit_card,FL,55.04,0.0,685.0,689.0,0.0,54.6,20.0,Joint App,5,High Risk,Manual Review
134849990,28000.0, 60 months,25.81,E,E4,,OWN,17300.0,Verified,debt_consolidation,TX,43.86,0.0,675.0,679.0,0.0,74.6,10.0,Joint App,5,High Risk,Manual Review
134982337,10000.0, 36 months,22.9,E,E1,2 years,RENT,30700.0,Verified,debt_consolidation,WA,37.37,0.0,665.0,669.0,0.0,75.9,14.0,Individual,5,High Risk,Manual Review
135002204,20400.0, 60 months,26.77,E,E5,7 years,RENT,29000.0,Not Verified,other,AL,77.81,0.0,700.0,704.0,0.0,54.2,18.0,Joint App,5,High Risk,Manual Review
134822647,1450.0, 36 months,22.9,E,E1,4 years,MORTGAGE,40000.0,Verified,renewable_energy,TX,38.43,0.0,730.0,734.0,0.0,4.9,22.0,Individual,5,High Risk,Manual Review
134982556,10000.0, 60 months,28.72,F,F1,3 years,MORTGAGE,80000.0,Source Verified,debt_consolidation,NJ,34.86,0.0,720.0,724.0,3.0,50.1,26.0,Individual,5,High Risk,Manual Review
134962506,25000.0, 36 months,24.84,E,E3,10+ years,MORTGAGE,90000.0,Verified,other,WI,31.53,0.0,715.0,719.0,0.0,79.3,20.0,Individual,5,High Risk,Manual Review
134895191,12000.0, 60 months,22.9,E,E1,2 years,RENT,40000.0,Source Verified,credit_card,FL,39.66,0.0,660.0,664.0,0.0,34.2,20.0,Individual,5,High Risk,Manual Review
134316894,3500.0, 36 months,23.87,E,E2,10+ years,RENT,72000.0,Verified,home_improvement,CO,30.85,0.0,665.0,669.0,0.0,80.0,18.0,Joint App,5,High Risk,Manual Review
134705482,11000.0, 60 months,26.77,E,E5,4 years,RENT,65207.0,Verified,credit_card,CA,38.86,0.0,665.0,669.0,2.0,57.7,21.0,Individual,5,High Risk,Manual Review
134628273,28000.0, 36 months,24.84,E,E3,10+ years,MORTGAGE,80000.0,Verified,home_improvement,FL,35.58,1.0,730.0,734.0,0.0,39.1,24.0,Joint App,6,High Risk,Manual Review
134372176,25000.0, 36 months,24.84,E,E3,10+ years,RENT,58000.0,Source Verified,debt_consolidation,CO,32.9,0.0,665.0,669.0,0.0,53.5,39.0,Individual,5,High Risk,Manual Review
134849495,30000.0, 60 months,24.84,E,E3,6 years,RENT,56000.0,Not Verified,debt_consolidation,TX,42.18,0.0,665.0,669.0,0.0,46.7,40.0,Joint App,5,High Risk,Manual Review
134464438,25000.0, 60 months,25.81,E,E4,8 years,MORTGAGE,90000.0,Verified,debt_consolidation,IL,31.59,1.0,670.0,674.0,0.0,67.4,42.0,Individual,6,High Risk,Manual Review
134384517,10000.0, 60 months,26.77,E,E5,10+ years,OWN,118000.0,Verified,house,CA,34.39,0.0,695.0,699.0,1.0,83.6,35.0,Individual,6,High Risk,Manual Review
134932083,28800.0, 60 months,18.45,D,D2,6 years,RENT,52000.0,Not Verified,major_purchase,TX,31.18,1.0,690.0,694.0,0.0,88.9,28.0,Individual,5,High Risk,Manual Review
134616910,35000.0, 36 months,26.77,E,E5,1 year,MORTGAGE,53000.0,Source Verified,debt_consolidation,WV,46.81,0.0,675.0,679.0,0.0,84.2,35.0,Joint App,6,High Risk,Manual Review
134884076,20000.0, 60 months,26.77,E,E5,2 years,OWN,45000.0,Source Verified,home_improvement,PA,56.69,0.0,735.0,739.0,0.0,25.3,40.0,Joint App,5,High Risk,Manual Review
134944063,15000.0, 36 months,22.9,E,E1,7 years,MORTGAGE,55500.0,Not Verified,debt_consolidation,KY,32.45,0.0,720.0,724.0,0.0,55.9,15.0,Individual,5,High Risk,Manual Review
133949434,23850.0, 60 months,29.69,F,F2,10+ years,OWN,53000.0,Verified,debt_consolidation,PA,39.09,0.0,675.0,679.0,0.0,54.0,29.0,Individual,5,High Risk,Manual Review
134929498,25000.0, 36 months,26.77,E,E5,10+ years,RENT,75000.0,Source Verified,debt_consolidation,AL,37.99,0.0,720.0,724.0,0.0,97.8,13.0,Individual,6,High Risk,Manual Review
134636190,20000.0, 60 months,28.72,F,F1,3 years,MORTGAGE,50711.0,Verified,debt_consolidation,NY,49.47,1.0,685.0,689.0,1.0,38.1,70.0,Joint App,6,High Risk,Manual Review
134921755,12000.0, 60 months,24.84,E,E3,10+ years,MORTGAGE,105000.0,Not Verified,other,FL,18.9,2.0,665.0,669.0,0.0,81.2,27.0,Joint App,5,High Risk,Manual Review
134624707,14700.0, 36 months,22.9,E,E1,2 years,MORTGAGE,21000.0,Verified,debt_consolidation,CA,31.03,0.0,705.0,709.0,1.0,25.0,14.0,Individual,5,High Risk,Manual Review
134889538,20650.0, 60 months,30.75,F,F5,10+ years,MORTGAGE,48906.0,Verified,debt_consolidation,MT,42.01,0.0,675.0,679.0,1.0,44.8,21.0,Joint App,5,High Risk,Manual Review
134850307,20000.0, 60 months,23.87,E,E2,10+ years,MORTGAGE,140000.0,Verified,debt_consolidation,TN,17.47,2.0,665.0,669.0,0.0,95.7,47.0,Individual,5,High Risk,Manual Review
134899148,8975.0, 36 months,26.77,E,E5,10+ years,MORTGAGE,95000.0,Not Verified,credit_card,CT,38.47,0.0,735.0,739.0,0.0,28.6,24.0,Individual,5,High Risk,Manual Review
134899527,10000.0, 60 months,24.84,E,E3,7 years,MORTGAGE,110000.0,Source Verified,other,ID,16.77,2.0,670.0,674.0,0.0,85.4,73.0,Individual,5,High Risk,Manual Review
134193657,30000.0, 60 months,25.81,E,E4,9 years,MORTGAGE,85000.0,Verified,debt_consolidation,CA,33.87,0.0,675.0,679.0,1.0,54.2,24.0,Individual,5,High Risk,Manual Review
134883454,35000.0, 60 months,30.75,F,F5,2 years,MORTGAGE,25100.0,Verified,major_purchase,AZ,43.95,0.0,695.0,699.0,0.0,62.2,12.0,Joint App,5,High Risk,Manual Review
133426317,4050.0, 36 months,26.77,E,E5,9 years,MORTGAGE,140000.0,Source Verified,debt_consolidation,FL,35.44,1.0,660.0,664.0,0.0,33.0,48.0,Individual,6,High Risk,Manual Review
134944512,20000.0, 60 months,21.85,D,D5,10+ years,MORTGAGE,77000.0,Not Verified,debt_consolidation,OK,32.45,1.0,660.0,664.0,2.0,99.7,43.0,Joint App,5,High Risk,Manual Review
134536673,11300.0, 60 months,23.87,E,E2,10+ years,RENT,32350.0,Verified,credit_card,NC,32.76,0.0,680.0,684.0,0.0,82.0,11.0,Individual,6,High Risk,Manual Review
134925549,30000.0, 36 months,22.9,E,E1,1 year,RENT,80000.0,Not Verified,debt_consolidation,IL,37.67,0.0,670.0,674.0,0.0,90.0,21.0,Individual,6,High Risk,Manual Review
134897243,25000.0, 36 months,22.9,E,E1,10+ years,MORTGAGE,110000.0,Not Verified,debt_consolidation,CA,31.11,1.0,690.0,694.0,1.0,68.9,25.0,Individual,6,High Risk,Manual Review
134868947,12000.0, 60 months,28.72,F,F1,10+ years,MORTGAGE,68000.0,Verified,credit_card,CA,38.12,0.0,660.0,664.0,0.0,97.1,15.0,Individual,6,High Risk,Manual Review
134661514,40000.0, 60 months,25.81,E,E4,4 years,MORTGAGE,57000.0,Verified,debt_consolidation,AR,39.37,0.0,710.0,714.0,0.0,78.7,37.0,Joint App,5,High Risk,Manual Review
134818828,25000.0, 60 months,30.17,F,F3,7 years,MORTGAGE,130000.0,Source Verified,debt_consolidation,CA,32.97,0.0,705.0,709.0,0.0,68.9,30.0,Individual,5,High Risk,Manual Review
134207883,40000.0, 60 months,29.69,F,F2,6 years,MORTGAGE,38400.0,Verified,major_purchase,CA,48.0,0.0,730.0,734.0,0.0,49.9,17.0,Joint App,5,High Risk,Manual Review
134776481,3000.0, 36 months,22.9,E,E1,5 years,OWN,38000.0,Source Verified,debt_consolidation,TX,33.29,0.0,700.0,704.0,1.0,72.8,7.0,Joint App,5,High Risk,Manual Review
134814038,10025.0, 36 months,23.87,E,E2,,OWN,29292.0,Verified,debt_consolidation,NY,32.4,0.0,670.0,674.0,1.0,55.2,16.0,Individual,5,High Risk,Manual Review
134147882,13300.0, 36 months,25.81,E,E4,9 years,RENT,57600.0,Source Verified,other,CA,31.23,0.0,710.0,714.0,1.0,31.8,29.0,Individual,5,High Risk,Manual Review
133272409,35000.0, 60 months,30.79,G,G1,10+ years,MORTGAGE,122964.0,Verified,small_business,LA,36.91,0.0,690.0,694.0,2.0,72.0,27.0,Individual,5,High Risk,Manual Review
134696712,25000.0, 36 months,25.81,E,E4,9 years,RENT,100000.0,Source Verified,credit_card,MD,37.93,0.0,695.0,699.0,0.0,85.6,15.0,Individual,6,High Risk,Manual Review
132174341,15050.0, 60 months,25.81,E,E4,10+ years,MORTGAGE,64000.0,Not Verified,credit_card,MN,33.41,0.0,700.0,704.0,1.0,28.7,23.0,Joint App,5,High Risk,Manual Review
134473641,10200.0, 36 months,23.87,E,E2,3 years,RENT,25000.0,Not Verified,debt_consolidation,CA,53.77,1.0,670.0,674.0,1.0,44.0,18.0,Joint App,6,High Risk,Manual Review
134636870,11175.0, 60 months,28.72,F,F1,,OWN,25000.0,Verified,debt_consolidation,WA,39.61,0.0,700.0,704.0,0.0,74.2,12.0,Individual,5,High Risk,Manual Review
134699462,16000.0, 60 months,26.77,E,E5,1 year,MORTGAGE,29000.0,Source Verified,credit_card,TX,33.15,2.0,670.0,674.0,0.0,81.6,22.0,Joint App,7,High Risk,Manual Review
133631367,10000.0, 60 months,28.72,F,F1,10+ years,MORTGAGE,52000.0,Verified,credit_card,FL,37.53,0.0,670.0,674.0,1.0,83.0,13.0,Individual,6,High Risk,Manual Review
134835268,3000.0, 36 months,22.9,E,E1,4 years,MORTGAGE,36150.0,Source Verified,car,AR,42.07,0.0,710.0,714.0,0.0,90.2,24.0,Joint App,6,High Risk,Manual Review
134842623,18000.0, 60 months,24.84,E,E3,10+ years,OWN,68000.0,Not Verified,debt_consolidation,NY,30.09,1.0,705.0,709.0,1.0,40.9,35.0,Individual,6,High Risk,Manual Review
134827295,19125.0, 36 months,22.9,E,E1,3 years,OWN,95000.0,Not Verified,debt_consolidation,GA,30.24,0.0,690.0,694.0,0.0,47.4,47.0,Individual,5,High Risk,Manual Review
134799914,8000.0, 36 months,22.9,E,E1,4 years,OWN,37000.0,Verified,debt_consolidation,CO,38.76,1.0,690.0,694.0,0.0,29.5,22.0,Individual,6,High Risk,Manual Review
134756270,21500.0, 60 months,30.75,F,F5,,MORTGAGE,93000.0,Verified,debt_consolidation,NC,38.48,0.0,710.0,714.0,0.0,76.3,25.0,Individual,5,High Risk,Manual Review
134206900,35000.0, 60 months,26.77,E,E5,,OWN,27600.0,Verified,credit_card,CA,42.83,0.0,665.0,669.0,0.0,96.6,7.0,Joint App,6,High Risk,Manual Review
134774615,16000.0, 60 months,28.72,F,F1,9 years,RENT,40000.0,Not Verified,credit_card,MA,32.31,0.0,675.0,679.0,0.0,95.2,14.0,Joint App,6,High Risk,Manual Review
134591657,30000.0, 60 months,29.69,F,F2,2 years,MORTGAGE,22000.0,Verified,debt_consolidation,CO,152.15,0.0,670.0,674.0,1.0,88.7,21.0,Joint App,6,High Risk,Manual Review
134437080,30000.0, 60 months,30.65,F,F4,,OWN,41100.0,Verified,debt_consolidation,FL,45.31,0.0,680.0,684.0,0.0,86.4,15.0,Joint App,6,High Risk,Manual Review
134361102,15000.0, 60 months,28.72,F,F1,3 years,RENT,40000.0,Verified,credit_card,PA,32.01,0.0,660.0,664.0,0.0,53.3,22.0,Individual,5,High Risk,Manual Review
134526679,13000.0, 60 months,28.72,F,F1,,MORTGAGE,41000.0,Not Verified,debt_consolidation,VA,34.16,0.0,665.0,669.0,1.0,25.1,19.0,Individual,5,High Risk,Manual Review
134803528,16000.0, 60 months,26.77,E,E5,10+ years,RENT,72000.0,Verified,debt_consolidation,NJ,34.69,0.0,680.0,684.0,0.0,51.9,23.0,Individual,5,High Risk,Manual Review
133627798,10000.0, 36 months,21.85,D,D5,,RENT,35000.0,Source Verified,other,NY,35.63,1.0,665.0,669.0,0.0,80.5,13.0,Joint App,5,High Risk,Manual Review
134811013,13000.0, 36 months,22.9,E,E1,10+ years,MORTGAGE,158000.0,Not Verified,debt_consolidation,CT,18.13,2.0,665.0,669.0,2.0,97.9,37.0,Joint App,5,High Risk,Manual Review
134819259,22000.0, 60 months,28.72,F,F1,10+ years,MORTGAGE,105000.0,Source Verified,credit_card,TX,31.73,3.0,670.0,674.0,0.0,89.7,26.0,Individual,7,High Risk,Manual Review
134242094,6000.0, 36 months,23.87,E,E2,< 1 year,RENT,15000.0,Verified,debt_consolidation,CA,35.76,0.0,675.0,679.0,0.0,41.8,22.0,Individual,5,High Risk,Manual Review
134712880,28000.0, 60 months,25.81,E,E4,,RENT,64000.0,Verified,debt_consolidation,IL,32.06,0.0,675.0,679.0,1.0,41.1,49.0,Individual,5,High Risk,Manual Review
134826250,28000.0, 60 months,26.77,E,E5,3 years,MORTGAGE,93000.0,Verified,home_improvement,NJ,32.62,0.0,695.0,699.0,1.0,46.7,32.0,Individual,5,High Risk,Manual Review
133806622,16000.0, 60 months,26.77,E,E5,10+ years,MORTGAGE,67168.0,Verified,debt_consolidation,OH,33.12,2.0,665.0,669.0,0.0,58.9,36.0,Individual,6,High Risk,Manual Review
134809657,16000.0, 60 months,29.69,F,F2,,RENT,34000.0,Not Verified,debt_consolidation,TX,35.19,0.0,675.0,679.0,0.0,44.0,14.0,Individual,5,High Risk,Manual Review
134795073,25000.0, 36 months,26.77,E,E5,10+ years,RENT,46000.0,Not Verified,debt_consolidation,OH,32.4,0.0,695.0,699.0,0.0,67.1,53.0,Individual,5,High Risk,Manual Review
134280443,4000.0, 36 months,23.87,E,E2,,RENT,32000.0,Verified,debt_consolidation,NY,34.77,0.0,740.0,744.0,1.0,10.4,19.0,Individual,5,High Risk,Manual Review
134459461,16000.0, 36 months,22.9,E,E1,10+ years,MORTGAGE,55000.0,Verified,home_improvement,GA,43.53,0.0,675.0,679.0,2.0,71.5,32.0,Joint App,5,High Risk,Manual Review
134679146,12000.0, 60 months,26.77,E,E5,2 years,RENT,27000.0,Verified,credit_card,OH,50.58,0.0,710.0,714.0,0.0,30.2,29.0,Joint App,5,High Risk,Manual Review
134692879,17000.0, 60 months,24.84,E,E3,3 years,RENT,70000.0,Not Verified,major_purchase,NY,32.13,1.0,740.0,744.0,0.0,56.5,19.0,Individual,6,High Risk,Manual Review
134782222,30000.0, 60 months,22.9,E,E1,9 years,MORTGAGE,350000.0,Source Verified,debt_consolidation,VA,13.18,1.0,670.0,674.0,0.0,94.7,19.0,Individual,5,High Risk,Manual Review
134735095,15000.0, 36 months,24.84,E,E3,1 year,MORTGAGE,35673.6,Not Verified,debt_consolidation,WA,35.94,0.0,670.0,674.0,0.0,73.2,22.0,Joint App,5,High Risk,Manual Review
134772503,16000.0, 60 months,18.45,D,D2,6 years,MORTGAGE,45000.0,Verified,debt_consolidation,WI,56.6,1.0,675.0,679.0,0.0,98.0,42.0,Joint App,5,High Risk,Manual Review
134526648,23775.0, 60 months,26.77,E,E5,,MORTGAGE,35000.0,Not Verified,debt_consolidation,PA,30.04,0.0,725.0,729.0,0.0,74.1,15.0,Individual,5,High Risk,Manual Review
134189694,25750.0, 60 months,25.81,E,E4,10+ years,RENT,57248.0,Verified,debt_consolidation,CA,34.03,0.0,675.0,679.0,1.0,58.0,30.0,Individual,5,High Risk,Manual Review
134662735,24000.0, 60 months,22.9,E,E1,10+ years,OWN,70000.0,Source Verified,debt_consolidation,TX,30.79,0.0,665.0,669.0,0.0,74.9,24.0,Individual,5,High Risk,Manual Review
134502899,30000.0, 60 months,26.77,E,E5,10+ years,RENT,37000.0,Source Verified,debt_consolidation,WV,38.24,1.0,695.0,699.0,1.0,37.8,41.0,Joint App,6,High Risk,Manual Review
134694569,20975.0, 60 months,30.75,F,F5,10+ years,OWN,50000.0,Not Verified,home_improvement,ME,33.71,0.0,725.0,729.0,0.0,100.6,16.0,Individual,6,High Risk,Manual Review
134776871,38250.0, 60 months,30.17,F,F3,10+ years,MORTGAGE,94000.0,Not Verified,debt_consolidation,OH,47.11,0.0,710.0,714.0,0.0,51.1,38.0,Joint App,5,High Risk,Manual Review
134768454,10000.0, 60 months,26.77,E,E5,6 years,OWN,32000.0,Verified,credit_card,OK,35.18,2.0,660.0,664.0,0.0,60.7,19.0,Individual,6,High Risk,Manual Review
134771349,14000.0, 60 months,28.72,F,F1,2 years,RENT,75000.0,Not Verified,credit_card,CA,20.58,3.0,665.0,669.0,0.0,94.3,27.0,Individual,5,High Risk,Manual Review
134684673,19025.0, 60 months,26.77,E,E5,,MORTGAGE,70000.0,Verified,debt_consolidation,AZ,39.35,0.0,665.0,669.0,0.0,60.4,21.0,Individual,5,High Risk,Manual Review
134125471,28000.0, 60 months,28.72,F,F1,5 years,OWN,98227.0,Verified,debt_consolidation,IL,32.71,0.0,670.0,674.0,0.0,71.6,30.0,Individual,5,High Risk,Manual Review
134712997,23550.0, 60 months,28.72,F,F1,< 1 year,MORTGAGE,53000.0,Verified,debt_consolidation,PA,44.75,1.0,685.0,689.0,0.0,53.5,39.0,Joint App,6,High Risk,Manual Review
134744606,6000.0, 36 months,22.9,E,E1,2 years,RENT,33000.0,Verified,debt_consolidation,MD,33.16,0.0,665.0,669.0,0.0,70.7,13.0,Individual,5,High Risk,Manual Review
134577234,15650.0, 60 months,30.79,G,G1,,MORTGAGE,57000.0,Verified,debt_consolidation,FL,33.56,0.0,680.0,684.0,0.0,55.4,20.0,Individual,5,High Risk,Manual Review
134705776,10000.0, 36 months,22.9,E,E1,10+ years,MORTGAGE,62000.0,Source Verified,debt_consolidation,MO,15.39,2.0,670.0,674.0,0.0,90.8,20.0,Individual,5,High Risk,Manual Review
134712320,5000.0, 36 months,23.87,E,E2,10+ years,OWN,25000.0,Source Verified,debt_consolidation,FL,36.15,0.0,675.0,679.0,0.0,53.9,16.0,Individual,5,High Risk,Manual Review
134740988,12225.0, 36 months,30.79,G,G1,10+ years,MORTGAGE,58000.0,Verified,debt_consolidation,HI,31.12,0.0,660.0,664.0,1.0,75.4,23.0,Individual,5,High Risk,Manual Review
134728252,35000.0, 60 months,22.9,E,E1,10+ years,RENT,105000.0,Not Verified,credit_card,TX,53.17,1.0,670.0,674.0,0.0,58.2,90.0,Joint App,6,High Risk,Manual Review
134758757,34350.0, 60 months,26.77,E,E5,6 years,MORTGAGE,117000.0,Not Verified,debt_consolidation,IL,35.31,0.0,760.0,764.0,0.0,42.0,15.0,Individual,5,High Risk,Manual Review
134696688,15000.0, 60 months,26.77,E,E5,2 years,RENT,34000.0,Verified,debt_consolidation,FL,36.39,0.0,685.0,689.0,1.0,47.9,9.0,Individual,5,High Risk,Manual Review
134753417,14125.0, 60 months,25.81,E,E4,3 years,MORTGAGE,35000.0,Not Verified,debt_consolidation,AR,32.0,1.0,685.0,689.0,1.0,33.7,24.0,Individual,6,High Risk,Manual Review
134667855,10000.0, 60 months,26.77,E,E5,10+ years,RENT,32000.0,Verified,credit_card,KY,47.15,2.0,690.0,694.0,2.0,27.9,43.0,Joint App,6,High Risk,Manual Review
134115756,12000.0, 60 months,26.77,E,E5,3 years,RENT,51000.0,Verified,debt_consolidation,MO,40.78,0.0,660.0,664.0,1.0,48.9,32.0,Joint App,5,High Risk,Manual Review
133872675,40000.0, 60 months,28.72,F,F1,10+ years,RENT,32000.0,Verified,credit_card,WY,64.07,3.0,695.0,699.0,0.0,72.0,14.0,Joint App,6,High Risk,Manual Review
134715605,13000.0, 36 months,24.84,E,E3,10+ years,MORTGAGE,110000.0,Not Verified,debt_consolidation,CA,37.69,0.0,685.0,689.0,0.0,56.6,39.0,Individual,5,High Risk,Manual Review
134546635,26000.0, 60 months,24.84,E,E3,8 years,MORTGAGE,105000.0,Source Verified,debt_consolidation,GA,15.22,2.0,660.0,664.0,0.0,88.8,22.0,Individual,5,High Risk,Manual Review
134182792,25700.0, 60 months,30.17,F,F3,,MORTGAGE,38000.0,Verified,debt_consolidation,WA,46.94,4.0,675.0,679.0,0.0,100.4,17.0,Joint App,7,High Risk,Manual Review
134698411,10000.0, 36 months,23.87,E,E2,10+ years,MORTGAGE,49200.0,Verified,debt_consolidation,AZ,38.37,0.0,675.0,679.0,0.0,56.3,47.0,Individual,5,High Risk,Manual Review
134389467,30000.0, 60 months,26.77,E,E5,10+ years,MORTGAGE,85000.0,Verified,debt_consolidation,IL,38.5,0.0,710.0,714.0,1.0,78.4,33.0,Individual,5,High Risk,Manual Review
134469792,4000.0, 36 months,22.9,E,E1,10+ years,RENT,28000.0,Not Verified,credit_card,GA,30.65,2.0,675.0,679.0,1.0,59.5,19.0,Individual,6,High Risk,Manual Review
134086518,26675.0, 60 months,30.65,F,F4,< 1 year,RENT,28000.0,Verified,debt_consolidation,FL,43.51,0.0,705.0,709.0,0.0,61.2,12.0,Joint App,5,High Risk,Manual Review
134080604,29350.0, 60 months,24.84,E,E3,10+ years,MORTGAGE,87000.0,Source Verified,debt_consolidation,GA,34.07,0.0,740.0,744.0,1.0,10.8,31.0,Individual,5,High Risk,Manual Review
134404688,5000.0, 36 months,25.81,E,E4,5 years,OWN,37000.0,Source Verified,debt_consolidation,NM,30.23,0.0,720.0,724.0,0.0,32.1,13.0,Individual,5,High Risk,Manual Review
134412225,20350.0, 36 months,23.87,E,E2,10+ years,OWN,49400.0,Source Verified,debt_consolidation,GA,37.12,0.0,670.0,674.0,0.0,41.8,19.0,Joint App,5,High Risk,Manual Review
133468941,15000.0, 60 months,30.65,F,F4,3 years,MORTGAGE,45000.0,Verified,credit_card,FL,33.17,0.0,665.0,669.0,1.0,52.3,52.0,Individual,5,High Risk,Manual Review
134241807,8000.0, 36 months,22.9,E,E1,3 years,RENT,65000.0,Not Verified,debt_consolidation,CA,9.12,1.0,665.0,669.0,0.0,81.1,14.0,Individual,5,High Risk,Manual Review
134297620,18000.0, 60 months,29.69,F,F2,10+ years,MORTGAGE,29688.0,Verified,debt_consolidation,IN,49.27,0.0,675.0,679.0,0.0,85.1,26.0,Joint App,6,High Risk,Manual Review
134500516,30000.0, 60 months,26.77,E,E5,10+ years,RENT,75000.0,Source Verified,credit_card,CA,33.97,0.0,710.0,714.0,0.0,56.9,38.0,Individual,5,High Risk,Manual Review
133960528,10000.0, 36 months,22.9,E,E1,< 1 year,RENT,32000.0,Verified,debt_consolidation,NY,37.43,1.0,660.0,664.0,0.0,80.1,15.0,Individual,7,High Risk,Manual Review
134486148,35000.0, 60 months,29.69,F,F2,10+ years,RENT,63000.0,Source Verified,debt_consolidation,NY,31.28,0.0,680.0,684.0,0.0,65.6,24.0,Joint App,5,High Risk,Manual Review
133923310,25000.0, 36 months,22.9,E,E1,10+ years,OWN,65000.0,Verified,debt_consolidation,IN,32.98,0.0,700.0,704.0,1.0,39.7,51.0,Individual,5,High Risk,Manual Review
134656660,30000.0, 36 months,22.9,E,E1,3 years,MORTGAGE,25000.0,Source Verified,debt_consolidation,NY,80.03,0.0,670.0,674.0,0.0,94.4,14.0,Joint App,6,High Risk,Manual Review
134400860,10000.0, 60 months,28.72,F,F1,2 years,OWN,35000.0,Not Verified,credit_card,FL,31.17,0.0,695.0,699.0,0.0,44.4,17.0,Individual,5,High Risk,Manual Review
134678005,10175.0, 36 months,26.77,E,E5,,RENT,15960.0,Verified,debt_consolidation,TX,38.35,0.0,710.0,714.0,0.0,53.2,10.0,Individual,5,High Risk,Manual Review
134644733,28000.0, 60 months,28.72,F,F1,9 years,RENT,113000.0,Verified,debt_consolidation,NY,35.83,0.0,675.0,679.0,0.0,82.3,38.0,Individual,6,High Risk,Manual Review
134579278,14000.0, 60 months,28.72,F,F1,,RENT,21000.0,Source Verified,credit_card,IN,36.8,0.0,675.0,679.0,0.0,69.9,10.0,Joint App,5,High Risk,Manual Review
134635735,20000.0, 60 months,18.45,D,D2,10+ years,MORTGAGE,52000.0,Verified,debt_consolidation,TX,44.38,1.0,680.0,684.0,0.0,83.2,24.0,Joint App,5,High Risk,Manual Review
134656782,14900.0, 60 months,30.75,F,F5,,MORTGAGE,25000.0,Not Verified,debt_consolidation,FL,37.59,0.0,685.0,689.0,1.0,45.8,23.0,Individual,5,High Risk,Manual Review
134075652,30000.0, 60 months,23.87,E,E2,8 years,MORTGAGE,80000.0,Source Verified,debt_consolidation,WA,38.64,2.0,715.0,719.0,0.0,54.8,41.0,Joint App,6,High Risk,Manual Review
133481470,28000.0, 60 months,30.79,G,G1,3 years,RENT,98000.0,Not Verified,debt_consolidation,VA,31.48,0.0,680.0,684.0,1.0,81.3,16.0,Joint App,6,High Risk,Manual Review
134535198,18000.0, 60 months,25.81,E,E4,3 years,MORTGAGE,20000.0,Verified,debt_consolidation,NV,81.09,0.0,675.0,679.0,0.0,75.8,7.0,Joint App,5,High Risk,Manual Review
134596754,28000.0, 60 months,30.65,F,F4,< 1 year,RENT,64000.0,Source Verified,debt_consolidation,NY,33.21,0.0,675.0,679.0,1.0,83.8,25.0,Joint App,6,High Risk,Manual Review
134533694,15000.0, 60 months,17.47,D,D1,10+ years,MORTGAGE,37000.0,Not Verified,debt_consolidation,CO,50.6,1.0,675.0,679.0,1.0,87.9,19.0,Joint App,5,High Risk,Manual Review
133212656,15000.0, 60 months,24.84,E,E3,6 years,RENT,40000.0,Verified,major_purchase,NJ,33.55,0.0,660.0,664.0,1.0,47.3,9.0,Joint App,5,High Risk,Manual Review
134326855,20000.0, 60 months,30.65,F,F4,8 years,MORTGAGE,45000.0,Verified,debt_consolidation,GA,30.67,0.0,700.0,704.0,0.0,43.4,14.0,Individual,5,High Risk,Manual Review
134465331,21500.0, 60 months,24.84,E,E3,3 years,MORTGAGE,10000.0,Source Verified,debt_consolidation,NJ,249.46,0.0,660.0,664.0,0.0,65.8,27.0,Joint App,5,High Risk,Manual Review
134235305,35000.0, 60 months,30.75,F,F5,2 years,MORTGAGE,37000.0,Verified,debt_consolidation,AR,51.25,2.0,665.0,669.0,2.0,45.2,24.0,Joint App,6,High Risk,Manual Review
134562143,22000.0, 36 months,26.77,E,E5,3 years,MORTGAGE,60000.0,Verified,debt_consolidation,TX,32.18,0.0,700.0,704.0,0.0,60.9,21.0,Individual,5,High Risk,Manual Review
133469929,20000.0, 60 months,29.69,F,F2,10+ years,RENT,40000.0,Source Verified,credit_card,NY,31.71,1.0,675.0,679.0,1.0,68.9,24.0,Individual,6,High Risk,Manual Review
134402637,20000.0, 60 months,24.84,E,E3,10+ years,RENT,45000.0,Verified,credit_card,CA,38.4,0.0,695.0,699.0,0.0,29.0,25.0,Individual,5,High Risk,Manual Review
134376515,24000.0, 60 months,17.47,D,D1,< 1 year,MORTGAGE,10000.0,Not Verified,credit_card,TN,293.4,1.0,665.0,669.0,0.0,88.1,24.0,Joint App,5,High Risk,Manual Review
133568085,21000.0, 60 months,28.72,F,F1,< 1 year,MORTGAGE,72000.0,Verified,credit_card,OR,50.72,0.0,690.0,694.0,0.0,51.8,33.0,Joint App,5,High Risk,Manual Review
134636902,30000.0, 36 months,23.87,E,E2,10+ years,MORTGAGE,65000.0,Verified,debt_consolidation,OH,30.24,0.0,675.0,679.0,0.0,69.2,21.0,Individual,5,High Risk,Manual Review
134643538,20000.0, 60 months,26.77,E,E5,7 years,MORTGAGE,52562.0,Not Verified,debt_consolidation,KS,38.24,0.0,680.0,684.0,1.0,53.2,21.0,Joint App,5,High Risk,Manual Review
134635998,12000.0, 60 months,28.72,F,F1,10+ years,MORTGAGE,60000.0,Verified,debt_consolidation,TX,31.55,0.0,700.0,704.0,0.0,91.7,26.0,Individual,6,High Risk,Manual Review
134190151,15000.0, 60 months,22.9,E,E1,10+ years,RENT,90000.0,Not Verified,debt_consolidation,MN,34.12,0.0,680.0,684.0,0.0,63.4,19.0,Individual,5,High Risk,Manual Review
134641552,12000.0, 36 months,20.39,D,D4,6 years,MORTGAGE,65000.0,Not Verified,debt_consolidation,TN,38.09,1.0,670.0,674.0,0.0,86.6,21.0,Individual,5,High Risk,Manual Review
134627069,13000.0, 60 months,26.77,E,E5,2 years,OWN,50500.0,Not Verified,debt_consolidation,NJ,36.57,1.0,685.0,689.0,0.0,69.6,42.0,Joint App,6,High Risk,Manual Review
133772844,10000.0, 60 months,26.77,E,E5,7 years,OWN,40000.0,Not Verified,debt_consolidation,OH,32.13,0.0,690.0,694.0,0.0,42.3,16.0,Individual,5,High Risk,Manual Review
134208624,12275.0, 60 months,30.17,F,F3,7 years,MORTGAGE,46600.0,Not Verified,debt_consolidation,TN,42.26,0.0,685.0,689.0,0.0,69.2,28.0,Joint App,5,High Risk,Manual Review
134614319,20000.0, 60 months,22.9,E,E1,6 years,RENT,60000.0,Verified,debt_consolidation,IL,30.44,0.0,670.0,674.0,2.0,50.7,60.0,Individual,5,High Risk,Manual Review
134519252,36000.0, 60 months,28.72,F,F1,10+ years,MORTGAGE,89000.0,Not Verified,credit_card,WI,34.76,1.0,680.0,684.0,1.0,91.8,25.0,Joint App,7,High Risk,Manual Review
134603046,30000.0, 60 months,24.84,E,E3,6 years,RENT,150000.0,Not Verified,credit_card,TN,27.98,1.0,670.0,674.0,1.0,88.5,33.0,Individual,5,High Risk,Manual Review
134533657,4000.0, 36 months,22.9,E,E1,2 years,OWN,30000.0,Verified,debt_consolidation,NJ,34.56,0.0,695.0,699.0,2.0,41.1,9.0,Individual,5,High Risk,Manual Review
134588567,20000.0, 60 months,29.69,F,F2,10+ years,RENT,78000.0,Not Verified,debt_consolidation,NY,39.32,0.0,695.0,699.0,0.0,84.7,26.0,Individual,6,High Risk,Manual Review
134516854,1950.0, 36 months,26.77,E,E5,6 years,RENT,21000.0,Not Verified,car,IL,38.0,0.0,735.0,739.0,2.0,3.0,9.0,Individual,5,High Risk,Manual Review
134423063,11700.0, 36 months,24.84,E,E3,8 years,RENT,26000.0,Source Verified,debt_consolidation,FL,32.04,0.0,670.0,674.0,1.0,31.2,7.0,Individual,5,High Risk,Manual Review
134457029,16050.0, 60 months,25.81,E,E4,4 years,RENT,115000.0,Source Verified,debt_consolidation,FL,36.73,0.0,740.0,744.0,3.0,24.5,23.0,Joint App,5,High Risk,Manual Review
134479533,16000.0, 60 months,25.81,E,E4,1 year,MORTGAGE,35000.0,Not Verified,credit_card,IL,30.45,0.0,695.0,699.0,0.0,51.8,17.0,Joint App,5,High Risk,Manual Review
134084090,10000.0, 36 months,26.77,E,E5,10+ years,MORTGAGE,28000.0,Verified,debt_consolidation,WI,44.58,0.0,690.0,694.0,1.0,39.4,15.0,Joint App,5,High Risk,Manual Review
134455005,13000.0, 60 months,30.75,F,F5,3 years,MORTGAGE,32000.0,Source Verified,debt_consolidation,AL,34.73,0.0,660.0,664.0,0.0,72.2,12.0,Joint App,5,High Risk,Manual Review
133960397,35000.0, 36 months,19.42,D,D3,6 years,MORTGAGE,48000.0,Verified,debt_consolidation,SD,35.35,1.0,675.0,679.0,0.0,85.1,49.0,Joint App,5,High Risk,Manual Review
134499059,39900.0, 60 months,30.79,G,G1,10+ years,MORTGAGE,40000.0,Source Verified,debt_consolidation,MI,36.81,0.0,705.0,709.0,0.0,36.8,37.0,Joint App,5,High Risk,Manual Review
134331081,20000.0, 60 months,24.84,E,E3,5 years,RENT,49000.0,Verified,credit_card,VA,33.41,0.0,665.0,669.0,0.0,18.7,15.0,Individual,5,High Risk,Manual Review
134485044,20000.0, 60 months,26.77,E,E5,8 years,MORTGAGE,60000.0,Source Verified,credit_card,KY,37.88,0.0,690.0,694.0,3.0,78.0,26.0,Joint App,5,High Risk,Manual Review
133965409,35000.0, 60 months,28.72,F,F1,10+ years,MORTGAGE,120000.0,Source Verified,credit_card,CO,32.58,0.0,680.0,684.0,0.0,74.4,12.0,Joint App,5,High Risk,Manual Review
134482747,30000.0, 60 months,30.75,F,F5,4 years,MORTGAGE,48500.0,Verified,debt_consolidation,AL,51.4,0.0,700.0,704.0,0.0,75.4,44.0,Joint App,5,High Risk,Manual Review
134484226,25000.0, 60 months,30.79,G,G1,5 years,MORTGAGE,56200.0,Verified,debt_consolidation,TX,41.92,0.0,670.0,674.0,0.0,87.8,26.0,Joint App,6,High Risk,Manual Review
134209604,25000.0, 60 months,25.81,E,E4,10+ years,RENT,44685.0,Verified,debt_consolidation,NY,44.8,1.0,720.0,724.0,0.0,37.6,20.0,Joint App,6,High Risk,Manual Review
134376342,25000.0, 36 months,22.9,E,E1,2 years,RENT,28800.0,Verified,debt_consolidation,TX,55.83,0.0,690.0,694.0,0.0,75.0,26.0,Joint App,5,High Risk,Manual Review
134417357,27575.0, 36 months,22.9,E,E1,10+ years,MORTGAGE,45000.0,Verified,other,CA,48.35,1.0,670.0,674.0,1.0,25.2,29.0,Joint App,6,High Risk,Manual Review
134143093,18800.0, 60 months,30.79,G,G1,10+ years,MORTGAGE,78000.0,Verified,debt_consolidation,NV,30.22,0.0,735.0,739.0,2.0,45.8,26.0,Individual,5,High Risk,Manual Review
134518158,20000.0, 60 months,25.81,E,E4,3 years,MORTGAGE,60000.0,Not Verified,other,NY,48.7,1.0,695.0,699.0,1.0,66.1,19.0,Joint App,6,High Risk,Manual Review
134504482,22575.0, 36 months,25.81,E,E4,7 years,MORTGAGE,85000.0,Source Verified,debt_consolidation,FL,35.69,0.0,665.0,669.0,0.0,91.2,20.0,Joint App,6,High Risk,Manual Review
134501305,35200.0, 60 months,25.81,E,E4,9 years,OWN,65000.0,Verified,debt_consolidation,IN,40.58,0.0,700.0,704.0,0.0,62.7,19.0,Joint App,5,High Risk,Manual Review
134500420,2200.0, 36 months,26.77,E,E5,10+ years,RENT,55000.0,Not Verified,medical,MD,38.21,0.0,700.0,704.0,0.0,81.6,22.0,Individual,6,High Risk,Manual Review
134429177,30000.0, 60 months,28.72,F,F1,1 year,MORTGAGE,130473.0,Source Verified,debt_consolidation,VA,20.84,1.0,665.0,669.0,1.0,87.3,24.0,Individual,5,High Risk,Manual Review
134493634,11200.0, 60 months,28.72,F,F1,10+ years,MORTGAGE,93000.0,Not Verified,debt_consolidation,DE,31.1,3.0,685.0,689.0,1.0,78.0,43.0,Individual,6,High Risk,Manual Review
133314021,4000.0, 36 months,23.87,E,E2,2 years,RENT,45000.0,Verified,debt_consolidation,PA,38.5,0.0,660.0,664.0,1.0,66.9,30.0,Joint App,5,High Risk,Manual Review
134500585,9000.0, 36 months,23.87,E,E2,4 years,MORTGAGE,45000.0,Verified,debt_consolidation,NY,36.64,0.0,700.0,704.0,0.0,87.0,31.0,Individual,6,High Risk,Manual Review
134437667,35000.0, 60 months,30.65,F,F4,,MORTGAGE,9100.0,Verified,debt_consolidation,IN,72.43,1.0,690.0,694.0,0.0,72.3,9.0,Joint App,6,High Risk,Manual Review
134472288,19000.0, 36 months,23.87,E,E2,10+ years,RENT,65000.0,Not Verified,debt_consolidation,FL,37.37,0.0,715.0,719.0,0.0,77.7,21.0,Individual,5,High Risk,Manual Review
134086483,35925.0, 36 months,22.9,E,E1,< 1 year,MORTGAGE,88000.0,Verified,debt_consolidation,OH,35.13,0.0,690.0,694.0,1.0,41.8,44.0,Joint App,5,High Risk,Manual Review
134084621,25000.0, 60 months,25.81,E,E4,6 years,MORTGAGE,60000.0,Not Verified,credit_card,NM,16.54,1.0,670.0,674.0,0.0,85.5,27.0,Individual,5,High Risk,Manual Review
134082146,12000.0, 60 months,25.81,E,E4,,RENT,56400.0,Verified,moving,CA,36.81,0.0,710.0,714.0,0.0,67.1,18.0,Individual,5,High Risk,Manual Review
134448117,30000.0, 60 months,25.81,E,E4,10+ years,RENT,92000.0,Verified,debt_consolidation,NY,33.2,0.0,720.0,724.0,0.0,33.7,61.0,Individual,5,High Risk,Manual Review
134447632,13925.0, 60 months,25.81,E,E4,,MORTGAGE,12036.0,Verified,debt_consolidation,CO,65.0,0.0,685.0,689.0,1.0,26.8,25.0,Joint App,5,High Risk,Manual Review
134323372,10000.0, 36 months,23.87,E,E2,10+ years,RENT,40000.0,Source Verified,debt_consolidation,FL,35.94,0.0,700.0,704.0,2.0,35.9,28.0,Individual,5,High Risk,Manual Review
134421533,19200.0, 60 months,26.77,E,E5,< 1 year,RENT,70000.0,Source Verified,home_improvement,PA,32.37,0.0,670.0,674.0,3.0,30.2,46.0,Joint App,5,High Risk,Manual Review
134530963,10400.0, 60 months,25.81,E,E4,4 years,RENT,48000.0,Not Verified,debt_consolidation,TX,34.25,0.0,690.0,694.0,0.0,75.0,21.0,Individual,5,High Risk,Manual Review
134367731,6000.0, 36 months,22.9,E,E1,3 years,RENT,53000.0,Not Verified,debt_consolidation,CA,31.57,0.0,675.0,679.0,0.0,67.3,15.0,Joint App,5,High Risk,Manual Review
134186319,12000.0, 60 months,29.69,F,F2,9 years,MORTGAGE,64000.0,Source Verified,credit_card,AL,38.01,0.0,665.0,669.0,3.0,56.4,54.0,Joint App,5,High Risk,Manual Review
132115853,12875.0, 36 months,24.84,E,E3,9 years,MORTGAGE,88000.0,Source Verified,debt_consolidation,FL,37.46,0.0,660.0,664.0,1.0,95.1,38.0,Individual,6,High Risk,Manual Review
134318702,5000.0, 36 months,22.9,E,E1,,MORTGAGE,50000.0,Verified,credit_card,NC,23.0,1.0,665.0,669.0,0.0,85.7,19.0,Individual,5,High Risk,Manual Review
134439883,6500.0, 36 months,24.84,E,E3,9 years,MORTGAGE,199000.0,Verified,home_improvement,AR,39.28,1.0,660.0,664.0,0.0,101.7,41.0,Individual,7,High Risk,Manual Review
134190840,14975.0, 60 months,30.79,G,G1,3 years,RENT,36000.0,Source Verified,major_purchase,FL,37.9,0.0,685.0,689.0,1.0,56.3,12.0,Individual,5,High Risk,Manual Review
134147152,12000.0, 60 months,26.77,E,E5,10+ years,OWN,44000.0,Source Verified,debt_consolidation,IL,38.98,0.0,670.0,674.0,0.0,40.8,61.0,Joint App,5,High Risk,Manual Review
134208104,14525.0, 60 months,26.77,E,E5,10+ years,MORTGAGE,55000.0,Source Verified,debt_consolidation,OH,37.73,0.0,685.0,689.0,1.0,71.6,30.0,Individual,5,High Risk,Manual Review
134510318,15000.0, 60 months,25.81,E,E4,2 years,MORTGAGE,81506.0,Source Verified,medical,TX,36.2,0.0,690.0,694.0,0.0,55.8,12.0,Individual,5,High Risk,Manual Review
134185506,35000.0, 60 months,30.65,F,F4,10+ years,RENT,60000.0,Verified,other,CA,42.24,0.0,660.0,664.0,1.0,66.4,32.0,Joint App,5,High Risk,Manual Review
133953360,8000.0, 36 months,23.87,E,E2,10+ years,MORTGAGE,33417.0,Not Verified,debt_consolidation,MN,44.65,0.0,660.0,664.0,0.0,81.7,11.0,Joint App,6,High Risk,Manual Review
134416173,10000.0, 60 months,24.84,E,E3,6 years,RENT,48000.0,Verified,credit_card,FL,37.35,0.0,685.0,689.0,0.0,56.9,25.0,Individual,5,High Risk,Manual Review
133963119,31175.0, 60 months,26.77,E,E5,10+ years,MORTGAGE,112000.0,Verified,debt_consolidation,MN,18.58,1.0,670.0,674.0,0.0,97.0,20.0,Individual,5,High Risk,Manual Review
134410689,19100.0, 36 months,23.87,E,E2,1 year,RENT,54900.0,Verified,debt_consolidation,TN,36.74,0.0,680.0,684.0,1.0,70.0,19.0,Individual,5,High Risk,Manual Review
134400090,5600.0, 36 months,22.9,E,E1,10+ years,MORTGAGE,38000.0,Verified,debt_consolidation,NC,30.16,1.0,670.0,674.0,1.0,92.2,8.0,Joint App,7,High Risk,Manual Review
132534896,20000.0, 60 months,26.77,E,E5,10+ years,MORTGAGE,80000.0,Verified,debt_consolidation,GA,35.21,0.0,670.0,674.0,0.0,53.0,23.0,Individual,5,High Risk,Manual Review
134289319,15000.0, 60 months,30.17,F,F3,2 years,OWN,21000.0,Verified,debt_consolidation,FL,44.06,0.0,720.0,724.0,2.0,27.8,34.0,Joint App,5,High Risk,Manual Review
134213946,25000.0, 36 months,24.84,E,E3,10+ years,MORTGAGE,92000.0,Verified,debt_consolidation,SC,38.08,0.0,700.0,704.0,1.0,85.6,22.0,Individual,6,High Risk,Manual Review
134384007,10000.0, 60 months,26.77,E,E5,7 years,MORTGAGE,62500.0,Verified,home_improvement,PA,32.87,0.0,680.0,684.0,1.0,85.1,30.0,Individual,6,High Risk,Manual Review
134397482,8500.0, 36 months,29.69,F,F2,,MORTGAGE,23100.0,Verified,debt_consolidation,TN,52.94,0.0,665.0,669.0,0.0,92.7,8.0,Joint App,6,High Risk,Manual Review
134078356,16000.0, 60 months,24.84,E,E3,8 years,MORTGAGE,42000.0,Verified,debt_consolidation,TX,50.4,1.0,660.0,664.0,0.0,54.4,44.0,Joint App,6,High Risk,Manual Review
134494040,18000.0, 60 months,26.77,E,E5,8 years,RENT,54000.0,Not Verified,debt_consolidation,MI,36.07,0.0,690.0,694.0,0.0,89.9,9.0,Individual,6,High Risk,Manual Review
134061561,13000.0, 36 months,17.47,D,D1,10+ years,MORTGAGE,100000.0,Source Verified,debt_consolidation,CA,36.75,1.0,700.0,704.0,1.0,91.1,53.0,Individual,5,High Risk,Manual Review
134400531,8000.0, 36 months,15.49,C,C4,10+ years,MORTGAGE,98150.0,Source Verified,medical,TX,32.94,1.0,685.0,689.0,0.0,80.9,30.0,Individual,5,High Risk,Manual Review
133219500,14000.0, 36 months,22.9,E,E1,2 years,RENT,38891.0,Source Verified,debt_consolidation,PA,30.37,0.0,675.0,679.0,1.0,58.4,36.0,Individual,5,High Risk,Manual Review
134388722,24000.0, 60 months,24.84,E,E3,,MORTGAGE,78480.0,Verified,debt_consolidation,TN,37.89,0.0,705.0,709.0,0.0,86.1,25.0,Joint App,6,High Risk,Manual Review
134246965,10000.0, 60 months,26.77,E,E5,< 1 year,MORTGAGE,80000.0,Not Verified,debt_consolidation,TN,30.45,0.0,675.0,679.0,2.0,48.6,26.0,Joint App,5,High Risk,Manual Review
134334126,20525.0, 60 months,26.77,E,E5,1 year,RENT,42486.0,Verified,credit_card,NM,37.12,0.0,670.0,674.0,1.0,56.1,17.0,Individual,5,High Risk,Manual Review
134277157,20000.0, 60 months,30.17,F,F3,,MORTGAGE,60000.0,Verified,home_improvement,GA,38.16,0.0,670.0,674.0,1.0,84.0,34.0,Joint App,6,High Risk,Manual Review
134298337,3700.0, 36 months,23.87,E,E2,10+ years,RENT,71000.0,Not Verified,debt_consolidation,FL,10.04,1.0,665.0,669.0,1.0,86.7,11.0,Individual,5,High Risk,Manual Review
134188071,20000.0, 60 months,24.84,E,E3,2 years,RENT,30000.0,Not Verified,other,AZ,64.04,0.0,710.0,714.0,1.0,15.4,13.0,Joint App,5,High Risk,Manual Review
134349236,21000.0, 36 months,25.81,E,E4,10+ years,MORTGAGE,59000.0,Verified,debt_consolidation,OH,32.57,1.0,670.0,674.0,2.0,88.3,66.0,Joint App,7,High Risk,Manual Review
134361399,16200.0, 36 months,23.87,E,E2,5 years,MORTGAGE,45000.0,Source Verified,debt_consolidation,IN,25.41,1.0,685.0,689.0,1.0,91.0,20.0,Individual,5,High Risk,Manual Review
134183433,14000.0, 60 months,30.79,G,G1,10+ years,MORTGAGE,87000.0,Source Verified,debt_consolidation,MI,32.1,0.0,675.0,679.0,1.0,75.5,15.0,Joint App,5,High Risk,Manual Review
134217679,25000.0, 60 months,19.42,D,D3,2 years,MORTGAGE,22000.0,Verified,debt_consolidation,LA,190.94,1.0,695.0,699.0,0.0,84.7,31.0,Joint App,5,High Risk,Manual Review
134335490,8000.0, 36 months,23.87,E,E2,,RENT,25000.0,Not Verified,credit_card,OR,33.11,2.0,680.0,684.0,1.0,52.4,41.0,Individual,6,High Risk,Manual Review
132895410,12000.0, 60 months,25.81,E,E4,1 year,MORTGAGE,40000.0,Source Verified,debt_consolidation,AR,52.99,0.0,670.0,674.0,0.0,93.8,20.0,Joint App,6,High Risk,Manual Review
134235286,13400.0, 36 months,25.81,E,E4,9 years,OWN,48000.0,Verified,debt_consolidation,IN,33.18,0.0,685.0,689.0,2.0,46.3,26.0,Individual,5,High Risk,Manual Review
134121181,31000.0, 36 months,26.77,E,E5,10+ years,MORTGAGE,45000.0,Not Verified,debt_consolidation,MO,30.16,0.0,660.0,664.0,0.0,84.4,25.0,Joint App,6,High Risk,Manual Review
132267407,16400.0, 60 months,26.77,E,E5,10+ years,RENT,48000.0,Verified,debt_consolidation,OH,39.03,0.0,720.0,724.0,0.0,55.5,21.0,Individual,5,High Risk,Manual Review
134339024,12700.0, 36 months,22.9,E,E1,6 years,MORTGAGE,80000.0,Source Verified,debt_consolidation,FL,32.04,1.0,670.0,674.0,0.0,39.3,31.0,Individual,6,High Risk,Manual Review
134299922,40000.0, 60 months,26.77,E,E5,,MORTGAGE,24000.0,Verified,debt_consolidation,VA,170.95,0.0,680.0,684.0,2.0,58.3,54.0,Joint App,5,High Risk,Manual Review
134295975,9200.0, 36 months,23.87,E,E2,10+ years,OWN,40000.0,Verified,credit_card,FL,31.47,0.0,700.0,704.0,0.0,40.3,21.0,Individual,5,High Risk,Manual Review
134195848,25000.0, 60 months,29.69,F,F2,10+ years,RENT,100000.0,Verified,debt_consolidation,WY,32.51,0.0,690.0,694.0,0.0,62.8,27.0,Individual,5,High Risk,Manual Review
133497592,8500.0, 36 months,24.84,E,E3,10+ years,RENT,41000.0,Verified,debt_consolidation,CA,19.26,1.0,665.0,669.0,1.0,80.8,30.0,Individual,5,High Risk,Manual Review
134140294,7500.0, 36 months,25.81,E,E4,4 years,RENT,65000.0,Not Verified,debt_consolidation,NY,33.4,1.0,700.0,704.0,0.0,71.8,24.0,Joint App,6,High Risk,Manual Review
134453187,27325.0, 60 months,26.77,E,E5,10+ years,MORTGAGE,80000.0,Not Verified,debt_consolidation,CA,39.06,1.0,700.0,704.0,2.0,40.4,31.0,Individual,6,High Risk,Manual Review
134368854,12025.0, 60 months,26.77,E,E5,10+ years,MORTGAGE,100000.0,Source Verified,debt_consolidation,VA,35.37,0.0,690.0,694.0,0.0,53.5,19.0,Individual,5,High Risk,Manual Review
132822903,24000.0, 60 months,26.77,E,E5,< 1 year,MORTGAGE,115000.0,Source Verified,debt_consolidation,TX,30.18,1.0,690.0,694.0,2.0,22.6,54.0,Individual,6,High Risk,Manual Review
134145224,9375.0, 36 months,26.77,E,E5,1 year,MORTGAGE,2500.0,Verified,debt_consolidation,MS,456.73,0.0,700.0,704.0,0.0,85.4,14.0,Joint App,6,High Risk,Manual Review
134148065,10000.0, 36 months,23.87,E,E2,6 years,RENT,73000.0,Source Verified,debt_consolidation,TX,34.76,0.0,675.0,679.0,0.0,70.6,36.0,Individual,5,High Risk,Manual Review
134247242,10000.0, 60 months,22.9,E,E1,6 years,MORTGAGE,50000.0,Not Verified,debt_consolidation,PA,16.56,1.0,670.0,674.0,0.0,90.3,16.0,Individual,5,High Risk,Manual Review
134206494,13475.0, 36 months,26.77,E,E5,10+ years,MORTGAGE,110000.0,Not Verified,debt_consolidation,CT,40.06,0.0,680.0,684.0,1.0,58.6,32.0,Joint App,5,High Risk,Manual Review
134176641,20400.0, 60 months,24.84,E,E3,,RENT,14900.0,Verified,debt_consolidation,FL,61.24,0.0,710.0,714.0,0.0,48.5,7.0,Joint App,5,High Risk,Manual Review
134076530,11700.0, 36 months,26.77,E,E5,10+ years,RENT,65000.0,Verified,other,CA,36.54,1.0,700.0,704.0,0.0,24.7,22.0,Individual,6,High Risk,Manual Review
134374518,5725.0, 36 months,26.77,E,E5,< 1 year,RENT,30000.0,Not Verified,credit_card,MT,33.76,0.0,665.0,669.0,1.0,97.0,4.0,Individual,6,High Risk,Manual Review
134263227,30000.0, 60 months,26.77,E,E5,10+ years,MORTGAGE,113778.0,Verified,debt_consolidation,SC,37.18,0.0,680.0,684.0,0.0,84.1,47.0,Individual,6,High Risk,Manual Review
134044915,20000.0, 36 months,17.47,D,D1,10+ years,MORTGAGE,165000.0,Verified,home_improvement,MI,33.29,2.0,660.0,664.0,1.0,86.0,32.0,Individual,5,High Risk,Manual Review
134411207,28800.0, 60 months,28.72,F,F1,10+ years,MORTGAGE,103100.0,Not Verified,debt_consolidation,UT,33.31,0.0,670.0,674.0,2.0,67.6,50.0,Joint App,5,High Risk,Manual Review
134387695,18600.0, 60 months,26.77,E,E5,1 year,MORTGAGE,100000.0,Not Verified,other,CT,33.45,1.0,730.0,734.0,0.0,76.2,25.0,Individual,6,High Risk,Manual Review
134239520,24475.0, 36 months,24.84,E,E3,10+ years,MORTGAGE,120000.0,Verified,debt_consolidation,CA,33.35,0.0,710.0,714.0,2.0,20.7,29.0,Individual,5,High Risk,Manual Review
134242307,16400.0, 36 months,23.87,E,E2,10+ years,MORTGAGE,215000.0,Source Verified,debt_consolidation,OH,33.0,0.0,700.0,704.0,1.0,89.1,39.0,Individual,6,High Risk,Manual Review
134405544,35000.0, 60 months,22.9,E,E1,10+ years,OWN,110000.0,Verified,debt_consolidation,NC,37.44,0.0,665.0,669.0,0.0,89.9,34.0,Individual,6,High Risk,Manual Review
134000217,16000.0, 60 months,25.81,E,E4,< 1 year,RENT,36000.0,Verified,debt_consolidation,CA,38.0,0.0,680.0,684.0,0.0,45.6,10.0,Individual,5,High Risk,Manual Review
134221499,7000.0, 36 months,15.49,C,C4,10+ years,MORTGAGE,34060.0,Verified,debt_consolidation,OH,45.63,2.0,685.0,689.0,0.0,99.6,14.0,Joint App,5,High Risk,Manual Review
134405086,10000.0, 36 months,21.85,D,D5,10+ years,MORTGAGE,105000.0,Not Verified,debt_consolidation,CT,32.58,2.0,660.0,664.0,1.0,86.9,37.0,Individual,5,High Risk,Manual Review
134181466,14700.0, 36 months,25.81,E,E4,10+ years,MORTGAGE,54795.0,Not Verified,debt_consolidation,OH,33.36,0.0,685.0,689.0,1.0,91.5,17.0,Individual,6,High Risk,Manual Review
134221896,12000.0, 60 months,24.84,E,E3,10+ years,MORTGAGE,122000.0,Verified,medical,TN,32.96,0.0,680.0,684.0,0.0,95.2,20.0,Individual,6,High Risk,Manual Review
134217153,5000.0, 36 months,23.87,E,E2,10+ years,MORTGAGE,64500.0,Verified,debt_consolidation,OH,39.86,0.0,695.0,699.0,0.0,78.5,40.0,Individual,5,High Risk,Manual Review
134233080,15000.0, 36 months,23.87,E,E2,5 years,MORTGAGE,72500.0,Not Verified,debt_consolidation,NJ,32.01,0.0,705.0,709.0,1.0,49.4,15.0,Joint App,5,High Risk,Manual Review
134215565,18000.0, 60 months,26.77,E,E5,1 year,RENT,27040.0,Verified,medical,KS,87.26,0.0,675.0,679.0,2.0,31.8,32.0,Joint App,5,High Risk,Manual Review
134134750,34925.0, 36 months,23.87,E,E2,,MORTGAGE,6000.0,Not Verified,debt_consolidation,UT,146.8,0.0,675.0,679.0,0.0,61.3,17.0,Joint App,5,High Risk,Manual Review
133433533,15800.0, 36 months,23.87,E,E2,10+ years,MORTGAGE,28000.0,Not Verified,medical,MS,95.97,1.0,700.0,704.0,0.0,22.5,17.0,Joint App,6,High Risk,Manual Review
134066584,7500.0, 36 months,23.87,E,E2,2 years,RENT,50000.0,Source Verified,debt_consolidation,OH,34.83,0.0,690.0,694.0,2.0,48.3,16.0,Joint App,5,High Risk,Manual Review
134195593,27500.0, 36 months,15.49,C,C4,10+ years,MORTGAGE,82323.0,Verified,credit_card,NY,35.63,1.0,670.0,674.0,0.0,88.2,28.0,Individual,5,High Risk,Manual Review
133539864,18775.0, 36 months,22.9,E,E1,,OWN,52195.0,Verified,debt_consolidation,HI,39.83,0.0,695.0,699.0,1.0,88.0,12.0,Individual,6,High Risk,Manual Review
134130404,13250.0, 60 months,26.77,E,E5,10+ years,MORTGAGE,58400.0,Verified,credit_card,OH,35.76,0.0,690.0,694.0,0.0,70.8,28.0,Individual,5,High Risk,Manual Review
134218639,3300.0, 36 months,24.84,E,E3,2 years,RENT,37000.0,Source Verified,credit_card,UT,30.88,0.0,725.0,729.0,2.0,23.2,16.0,Individual,5,High Risk,Manual Review
134025629,30000.0, 60 months,26.77,E,E5,10+ years,MORTGAGE,51000.0,Verified,debt_consolidation,AL,33.91,1.0,720.0,724.0,2.0,21.0,19.0,Joint App,6,High Risk,Manual Review
134356028,16050.0, 60 months,26.77,E,E5,8 years,RENT,29000.0,Verified,debt_consolidation,GA,34.06,0.0,685.0,689.0,0.0,73.8,40.0,Individual,5,High Risk,Manual Review
134189335,12000.0, 60 months,24.84,E,E3,,OWN,30000.0,Not Verified,debt_consolidation,OK,38.64,0.0,720.0,724.0,1.0,76.4,20.0,Individual,5,High Risk,Manual Review
133282367,25900.0, 36 months,23.87,E,E2,< 1 year,RENT,44000.0,Not Verified,debt_consolidation,VA,31.1,0.0,695.0,699.0,1.0,36.0,8.0,Joint App,5,High Risk,Manual Review
133469351,20000.0, 60 months,26.77,E,E5,10+ years,RENT,50000.0,Verified,credit_card,TN,32.69,0.0,715.0,719.0,1.0,31.0,33.0,Individual,5,High Risk,Manual Review
134336764,32000.0, 36 months,15.49,C,C4,10+ years,RENT,106000.0,Verified,debt_consolidation,CO,30.09,7.0,665.0,669.0,0.0,89.0,48.0,Individual,5,High Risk,Manual Review
134334443,24000.0, 60 months,30.17,F,F3,1 year,MORTGAGE,68000.0,Verified,debt_consolidation,AR,33.13,0.0,680.0,684.0,1.0,55.4,25.0,Individual,5,High Risk,Manual Review
133847485,12000.0, 60 months,30.84,G,G2,< 1 year,OWN,52000.0,Verified,debt_consolidation,TX,31.62,1.0,685.0,689.0,0.0,40.6,12.0,Individual,6,High Risk,Manual Review
134190764,28450.0, 60 months,28.72,F,F1,10+ years,MORTGAGE,115000.0,Verified,debt_consolidation,CO,43.23,0.0,680.0,684.0,0.0,47.3,53.0,Joint App,5,High Risk,Manual Review
134185725,33000.0, 60 months,30.75,F,F5,5 years,RENT,45000.0,Not Verified,debt_consolidation,MT,34.61,0.0,685.0,689.0,0.0,43.6,20.0,Joint App,5,High Risk,Manual Review
134183910,12000.0, 36 months,23.87,E,E2,10+ years,RENT,40000.0,Verified,other,CA,38.58,0.0,670.0,674.0,0.0,53.5,28.0,Individual,5,High Risk,Manual Review
134193422,11600.0, 36 months,28.72,F,F1,2 years,MORTGAGE,50000.0,Verified,credit_card,IL,35.93,3.0,665.0,669.0,2.0,23.0,39.0,Individual,6,High Risk,Manual Review
134029621,20000.0, 60 months,30.79,G,G1,1 year,OWN,38000.0,Source Verified,debt_consolidation,NY,35.82,0.0,665.0,669.0,1.0,88.5,8.0,Joint App,6,High Risk,Manual Review
133921226,20000.0, 60 months,26.77,E,E5,2 years,OWN,33360.0,Not Verified,house,NC,30.47,0.0,680.0,684.0,2.0,57.0,21.0,Joint App,5,High Risk,Manual Review
133963972,16050.0, 60 months,30.79,G,G1,5 years,RENT,39000.0,Source Verified,small_business,CA,33.35,0.0,660.0,664.0,1.0,35.3,38.0,Individual,5,High Risk,Manual Review
132331638,14000.0, 36 months,15.04,C,C4,10+ years,RENT,143000.0,Source Verified,debt_consolidation,CA,37.55,1.0,660.0,664.0,0.0,92.3,29.0,Individual,5,High Risk,Manual Review
134161451,5000.0, 36 months,22.9,E,E1,2 years,MORTGAGE,50000.0,Not Verified,debt_consolidation,AZ,35.03,3.0,665.0,669.0,0.0,24.6,26.0,Individual,6,High Risk,Manual Review
134140420,25000.0, 60 months,26.77,E,E5,6 years,MORTGAGE,130000.0,Source Verified,home_improvement,CA,11.59,2.0,670.0,674.0,0.0,92.5,43.0,Individual,5,High Risk,Manual Review
134019644,21000.0, 60 months,26.77,E,E5,10+ years,RENT,92870.0,Verified,credit_card,CA,32.45,0.0,675.0,679.0,1.0,90.3,15.0,Individual,6,High Risk,Manual Review
132126592,20000.0, 60 months,26.77,E,E5,2 years,OWN,40000.0,Source Verified,credit_card,OK,33.66,1.0,690.0,694.0,0.0,55.2,33.0,Joint App,6,High Risk,Manual Review
133983645,13000.0, 60 months,22.9,E,E1,2 years,MORTGAGE,70000.0,Source Verified,debt_consolidation,WA,38.97,0.0,695.0,699.0,2.0,81.8,16.0,Joint App,6,High Risk,Manual Review
134058909,27825.0, 36 months,23.87,E,E2,6 years,MORTGAGE,250000.0,Verified,debt_consolidation,MI,34.77,0.0,685.0,689.0,0.0,88.0,31.0,Individual,6,High Risk,Manual Review
132600305,24000.0, 60 months,24.84,E,E3,5 years,RENT,52500.0,Verified,debt_consolidation,MN,34.01,0.0,710.0,714.0,0.0,70.5,26.0,Individual,5,High Risk,Manual Review
133218028,10000.0, 60 months,24.84,E,E3,7 years,OWN,45000.0,Not Verified,debt_consolidation,WV,30.32,0.0,680.0,684.0,0.0,85.6,9.0,Joint App,6,High Risk,Manual Review
133761918,18700.0, 60 months,30.65,F,F4,7 years,RENT,50000.0,Verified,debt_consolidation,NY,32.07,0.0,725.0,729.0,0.0,44.2,22.0,Individual,5,High Risk,Manual Review
134066960,7500.0, 36 months,23.87,E,E2,10+ years,RENT,38000.0,Not Verified,debt_consolidation,IL,38.06,2.0,660.0,664.0,0.0,74.0,14.0,Individual,6,High Risk,Manual Review
133084395,32000.0, 60 months,24.84,E,E3,10+ years,RENT,35000.0,Source Verified,debt_consolidation,AR,35.56,0.0,695.0,699.0,3.0,38.8,27.0,Joint App,5,High Risk,Manual Review
134104782,12275.0, 36 months,23.87,E,E2,< 1 year,MORTGAGE,30000.0,Verified,debt_consolidation,NJ,59.2,0.0,690.0,694.0,2.0,55.1,27.0,Joint App,5,High Risk,Manual Review
134135517,24000.0, 60 months,28.72,F,F1,6 years,MORTGAGE,55000.0,Not Verified,debt_consolidation,OH,43.03,0.0,700.0,704.0,0.0,52.3,38.0,Joint App,5,High Risk,Manual Review
134085828,16425.0, 36 months,20.39,D,D4,10+ years,MORTGAGE,42000.0,Verified,debt_consolidation,OR,35.51,1.0,660.0,664.0,0.0,97.0,21.0,Individual,5,High Risk,Manual Review
133950937,22000.0, 36 months,23.87,E,E2,6 years,RENT,53000.0,Verified,debt_consolidation,NY,38.09,0.0,665.0,669.0,0.0,74.9,27.0,Individual,5,High Risk,Manual Review
133922860,11150.0, 36 months,24.84,E,E3,4 years,MORTGAGE,35000.0,Verified,debt_consolidation,SC,37.0,0.0,700.0,704.0,1.0,57.0,25.0,Individual,5,High Risk,Manual Review
133795682,35000.0, 60 months,24.84,E,E3,10+ years,MORTGAGE,80000.0,Verified,debt_consolidation,MN,18.65,2.0,675.0,679.0,0.0,85.0,21.0,Individual,5,High Risk,Manual Review
132289134,14200.0, 36 months,17.47,D,D1,,MORTGAGE,31800.0,Verified,credit_card,OH,38.98,1.0,685.0,689.0,1.0,84.5,9.0,Individual,5,High Risk,Manual Review
134045657,26575.0, 60 months,25.81,E,E4,2 years,MORTGAGE,45500.0,Source Verified,debt_consolidation,IN,37.3,1.0,675.0,679.0,3.0,11.6,34.0,Joint App,6,High Risk,Manual Review
134126362,2900.0, 36 months,23.87,E,E2,2 years,RENT,60000.0,Source Verified,other,MD,14.02,4.0,660.0,664.0,0.0,97.7,9.0,Individual,5,High Risk,Manual Review
133882094,22500.0, 60 months,24.84,E,E3,< 1 year,OWN,50000.0,Verified,credit_card,KY,32.72,0.0,660.0,664.0,0.0,94.0,12.0,Individual,6,High Risk,Manual Review
134005265,1000.0, 36 months,26.77,E,E5,3 years,RENT,38000.0,Source Verified,moving,CA,30.76,0.0,695.0,699.0,0.0,43.3,24.0,Individual,5,High Risk,Manual Review
134056347,10000.0, 60 months,26.77,E,E5,3 years,MORTGAGE,70000.0,Verified,moving,GA,18.65,1.0,665.0,669.0,1.0,90.3,14.0,Individual,5,High Risk,Manual Review
132373672,1925.0, 36 months,26.77,E,E5,5 years,MORTGAGE,20000.0,Verified,major_purchase,AL,37.15,4.0,700.0,704.0,0.0,0.0,17.0,Individual,6,High Risk,Manual Review
133985882,40000.0, 60 months,26.77,E,E5,10+ years,MORTGAGE,98000.0,Verified,debt_consolidation,KS,49.82,0.0,680.0,684.0,1.0,75.5,35.0,Joint App,5,High Risk,Manual Review
133827320,25000.0, 60 months,30.17,F,F3,2 years,OWN,50000.0,Source Verified,debt_consolidation,NC,31.69,0.0,705.0,709.0,0.0,65.8,14.0,Individual,5,High Risk,Manual Review
133713923,20000.0, 60 months,26.77,E,E5,4 years,RENT,25000.0,Source Verified,debt_consolidation,NY,50.74,0.0,675.0,679.0,0.0,44.5,15.0,Joint App,5,High Risk,Manual Review
132113222,6000.0, 36 months,24.84,E,E3,8 years,MORTGAGE,40000.0,Verified,debt_consolidation,FL,34.89,1.0,665.0,669.0,0.0,69.7,32.0,Individual,6,High Risk,Manual Review
133829112,10000.0, 36 months,24.84,E,E3,10+ years,RENT,70000.0,Verified,debt_consolidation,NJ,30.72,0.0,680.0,684.0,1.0,35.2,47.0,Individual,5,High Risk,Manual Review
133596364,25000.0, 36 months,25.81,E,E4,2 years,RENT,50000.0,Source Verified,credit_card,FL,39.25,0.0,685.0,689.0,0.0,50.0,37.0,Individual,5,High Risk,Manual Review
134193965,12000.0, 60 months,26.77,E,E5,< 1 year,MORTGAGE,95000.0,Not Verified,debt_consolidation,CA,35.84,1.0,715.0,719.0,0.0,43.3,31.0,Individual,6,High Risk,Manual Review
134068542,19475.0, 60 months,28.72,F,F1,,MORTGAGE,9972.0,Verified,debt_consolidation,OH,95.55,0.0,660.0,664.0,0.0,60.0,11.0,Joint App,5,High Risk,Manual Review
134050587,10000.0, 60 months,20.39,D,D4,10+ years,RENT,197000.0,Not Verified,debt_consolidation,GA,34.67,1.0,705.0,709.0,1.0,81.7,45.0,Joint App,5,High Risk,Manual Review
133415880,20000.0, 36 months,21.85,D,D5,,MORTGAGE,41448.0,Verified,debt_consolidation,KS,30.98,1.0,670.0,674.0,1.0,97.0,16.0,Individual,5,High Risk,Manual Review
133964252,15000.0, 60 months,25.81,E,E4,10+ years,MORTGAGE,45000.0,Verified,credit_card,TX,33.33,1.0,670.0,674.0,0.0,60.2,23.0,Individual,6,High Risk,Manual Review
134148933,10000.0, 36 months,18.45,D,D2,1 year,OWN,125000.0,Not Verified,other,NY,30.38,2.0,670.0,674.0,0.0,90.3,34.0,Joint App,5,High Risk,Manual Review
134139662,19200.0, 60 months,26.77,E,E5,10+ years,OWN,69000.0,Not Verified,renewable_energy,NY,35.17,0.0,710.0,714.0,0.0,98.0,11.0,Individual,6,High Risk,Manual Review
133877949,10525.0, 60 months,30.79,G,G1,2 years,RENT,79574.0,Verified,debt_consolidation,VA,36.75,6.0,695.0,699.0,1.0,20.7,50.0,Individual,6,High Risk,Manual Review
133882482,25000.0, 60 months,28.72,F,F1,1 year,RENT,70000.0,Not Verified,debt_consolidation,CA,36.02,2.0,675.0,679.0,2.0,5.1,30.0,Joint App,6,High Risk,Manual Review
133949093,25000.0, 60 months,24.84,E,E3,10+ years,MORTGAGE,84241.0,Verified,debt_consolidation,CT,38.5,0.0,670.0,674.0,0.0,86.0,25.0,Individual,6,High Risk,Manual Review
134051320,5000.0, 36 months,20.39,D,D4,5 years,MORTGAGE,93000.0,Verified,credit_card,NJ,37.91,1.0,665.0,669.0,0.0,85.2,20.0,Individual,5,High Risk,Manual Review
133788062,12000.0, 60 months,30.17,F,F3,3 years,RENT,55000.0,Source Verified,debt_consolidation,SC,32.21,0.0,685.0,689.0,1.0,63.5,38.0,Joint App,5,High Risk,Manual Review
133424115,10000.0, 36 months,22.9,E,E1,,RENT,8500.0,Verified,other,MD,96.75,0.0,735.0,739.0,0.0,29.5,5.0,Joint App,5,High Risk,Manual Review
133712054,7000.0, 36 months,24.84,E,E3,10+ years,MORTGAGE,76000.0,Verified,other,TX,25.2,1.0,690.0,694.0,1.0,99.8,16.0,Individual,5,High Risk,Manual Review
133911380,10325.0, 60 months,20.39,D,D4,10+ years,MORTGAGE,54492.0,Verified,credit_card,TX,38.76,16.0,670.0,674.0,0.0,94.2,40.0,Individual,5,High Risk,Manual Review
134001119,10000.0, 60 months,28.72,F,F1,6 years,RENT,33000.0,Not Verified,debt_consolidation,NC,36.17,1.0,670.0,674.0,0.0,20.9,24.0,Individual,6,High Risk,Manual Review
133903170,35000.0, 60 months,25.81,E,E4,7 years,OWN,65000.0,Not Verified,debt_consolidation,MA,44.95,0.0,665.0,669.0,1.0,55.1,37.0,Joint App,5,High Risk,Manual Review
133680980,12000.0, 60 months,30.17,F,F3,< 1 year,MORTGAGE,91000.0,Verified,debt_consolidation,CO,30.78,0.0,680.0,684.0,3.0,62.0,24.0,Individual,5,High Risk,Manual Review
133490495,39175.0, 60 months,24.84,E,E3,3 years,RENT,80000.0,Source Verified,debt_consolidation,NY,51.25,0.0,705.0,709.0,1.0,45.1,66.0,Joint App,5,High Risk,Manual Review
134128446,26400.0, 60 months,28.72,F,F1,10+ years,RENT,38000.0,Not Verified,debt_consolidation,MO,32.98,1.0,670.0,674.0,0.0,61.5,15.0,Joint App,6,High Risk,Manual Review
133849542,28625.0, 60 months,26.77,E,E5,2 years,MORTGAGE,40000.0,Verified,debt_consolidation,SC,25.29,1.0,675.0,679.0,0.0,85.0,19.0,Individual,5,High Risk,Manual Review
133872951,28000.0, 36 months,22.9,E,E1,10+ years,RENT,25000.0,Not Verified,debt_consolidation,CO,36.97,0.0,690.0,694.0,1.0,59.4,13.0,Joint App,5,High Risk,Manual Review
133904287,8000.0, 36 months,26.77,E,E5,3 years,OWN,55000.0,Verified,debt_consolidation,MS,33.69,0.0,685.0,689.0,1.0,45.3,32.0,Individual,5,High Risk,Manual Review
134117285,12000.0, 60 months,25.81,E,E4,< 1 year,MORTGAGE,70000.0,Not Verified,house,MO,30.84,1.0,685.0,689.0,0.0,38.7,80.0,Individual,6,High Risk,Manual Review
133819144,32000.0, 60 months,30.84,G,G2,10+ years,MORTGAGE,47000.0,Verified,debt_consolidation,PA,63.13,0.0,700.0,704.0,0.0,84.6,19.0,Joint App,6,High Risk,Manual Review
133496075,25425.0, 60 months,30.79,G,G1,3 years,MORTGAGE,25000.0,Verified,debt_consolidation,MI,90.49,0.0,735.0,739.0,0.0,81.0,20.0,Joint App,6,High Risk,Manual Review
133957878,22000.0, 60 months,26.77,E,E5,6 years,MORTGAGE,30000.0,Verified,debt_consolidation,TX,74.4,0.0,675.0,679.0,0.0,43.2,22.0,Joint App,5,High Risk,Manual Review
133677968,35000.0, 60 months,28.72,F,F1,10+ years,MORTGAGE,160000.0,Verified,debt_consolidation,MD,27.85,2.0,660.0,664.0,2.0,83.0,30.0,Individual,5,High Risk,Manual Review
132730078,27550.0, 60 months,24.84,E,E3,10+ years,RENT,107000.0,Verified,debt_consolidation,CA,32.02,0.0,685.0,689.0,1.0,4.1,28.0,Individual,5,High Risk,Manual Review
133758000,10250.0, 36 months,23.87,E,E2,2 years,RENT,20000.0,Verified,debt_consolidation,PA,60.08,5.0,660.0,664.0,0.0,80.5,15.0,Joint App,7,High Risk,Manual Review
134102889,20000.0, 60 months,23.87,E,E2,10+ years,MORTGAGE,55000.0,Not Verified,debt_consolidation,SC,19.11,3.0,670.0,674.0,0.0,95.8,20.0,Individual,5,High Risk,Manual Review
134099776,10000.0, 60 months,26.77,E,E5,10+ years,RENT,58000.0,Not Verified,debt_consolidation,NJ,36.98,0.0,705.0,709.0,2.0,11.9,26.0,Individual,5,High Risk,Manual Review
133471843,24525.0, 60 months,24.84,E,E3,10+ years,OWN,50000.0,Source Verified,debt_consolidation,PA,44.86,0.0,720.0,724.0,0.0,46.1,32.0,Joint App,5,High Risk,Manual Review
133933106,15000.0, 36 months,21.85,D,D5,8 years,MORTGAGE,50000.0,Verified,credit_card,PA,46.45,1.0,660.0,664.0,1.0,89.9,20.0,Joint App,5,High Risk,Manual Review
133706732,7000.0, 36 months,22.9,E,E1,10+ years,MORTGAGE,66375.0,Source Verified,debt_consolidation,IN,34.98,0.0,670.0,674.0,1.0,78.8,27.0,Individual,5,High Risk,Manual Review
133438022,28500.0, 60 months,26.77,E,E5,1 year,OWN,44500.0,Source Verified,other,TX,43.69,0.0,715.0,719.0,1.0,26.0,19.0,Joint App,5,High Risk,Manual Review
133583553,24300.0, 60 months,30.79,G,G1,,OWN,20736.0,Verified,credit_card,IN,38.95,0.0,665.0,669.0,1.0,84.2,27.0,Joint App,6,High Risk,Manual Review
133943182,12000.0, 60 months,29.69,F,F2,6 years,RENT,56000.0,Not Verified,medical,CA,34.25,0.0,660.0,664.0,0.0,70.0,14.0,Joint App,5,High Risk,Manual Review
133675568,22000.0, 60 months,26.77,E,E5,3 years,RENT,65000.0,Source Verified,debt_consolidation,CA,33.27,0.0,685.0,689.0,0.0,59.6,37.0,Individual,5,High Risk,Manual Review
133797674,28000.0, 60 months,29.69,F,F2,6 years,MORTGAGE,49000.0,Verified,debt_consolidation,WI,41.59,0.0,690.0,694.0,0.0,34.7,25.0,Joint App,5,High Risk,Manual Review
133426052,28000.0, 60 months,30.65,F,F4,9 years,MORTGAGE,62000.0,Source Verified,home_improvement,MA,30.84,0.0,670.0,674.0,0.0,27.0,40.0,Joint App,5,High Risk,Manual Review
134066684,12800.0, 60 months,26.77,E,E5,10+ years,MORTGAGE,91000.0,Not Verified,debt_consolidation,FL,36.23,0.0,710.0,714.0,1.0,43.8,22.0,Individual,5,High Risk,Manual Review
134066149,20550.0, 60 months,26.77,E,E5,5 years,MORTGAGE,56000.0,Source Verified,debt_consolidation,IL,34.84,0.0,675.0,679.0,0.0,44.2,31.0,Individual,5,High Risk,Manual Review
133799800,12000.0, 60 months,23.87,E,E2,10+ years,MORTGAGE,41000.0,Source Verified,debt_consolidation,SC,34.89,0.0,660.0,664.0,1.0,43.7,72.0,Individual,5,High Risk,Manual Review
133918387,17000.0, 60 months,30.65,F,F4,5 years,RENT,25798.0,Verified,debt_consolidation,TX,31.78,0.0,715.0,719.0,0.0,41.1,7.0,Individual,5,High Risk,Manual Review
133628894,8000.0, 36 months,22.9,E,E1,10+ years,MORTGAGE,265000.0,Source Verified,credit_card,WV,26.31,1.0,670.0,674.0,0.0,90.4,56.0,Individual,5,High Risk,Manual Review
134070495,16000.0, 60 months,26.77,E,E5,3 years,MORTGAGE,96000.0,Source Verified,credit_card,CO,33.59,0.0,710.0,714.0,1.0,88.2,29.0,Individual,6,High Risk,Manual Review
133720103,10000.0, 60 months,25.81,E,E4,7 years,RENT,38000.0,Verified,debt_consolidation,TX,33.99,0.0,695.0,699.0,1.0,52.1,31.0,Individual,5,High Risk,Manual Review
133903202,15000.0, 60 months,16.46,C,C5,10+ years,MORTGAGE,65000.0,Verified,other,TX,37.87,2.0,670.0,674.0,0.0,93.0,27.0,Joint App,5,High Risk,Manual Review
133431741,16000.0, 60 months,24.84,E,E3,1 year,MORTGAGE,15000.0,Not Verified,debt_consolidation,CT,47.92,1.0,660.0,664.0,0.0,73.2,6.0,Joint App,6,High Risk,Manual Review
134061027,20000.0, 60 months,26.77,E,E5,1 year,MORTGAGE,133000.0,Not Verified,credit_card,CA,18.73,1.0,670.0,674.0,0.0,80.1,40.0,Individual,5,High Risk,Manual Review
134074281,11000.0, 60 months,22.9,E,E1,10+ years,MORTGAGE,55000.0,Source Verified,credit_card,FL,38.14,0.0,710.0,714.0,0.0,48.6,26.0,Joint App,5,High Risk,Manual Review
133803836,24000.0, 60 months,28.72,F,F1,5 years,RENT,60000.0,Verified,debt_consolidation,CA,34.0,0.0,700.0,704.0,0.0,41.8,16.0,Individual,5,High Risk,Manual Review
133875267,15000.0, 36 months,22.9,E,E1,4 years,RENT,15000.0,Not Verified,debt_consolidation,FL,69.92,0.0,665.0,669.0,1.0,46.1,16.0,Joint App,5,High Risk,Manual Review
133879960,30000.0, 60 months,19.42,D,D3,10+ years,MORTGAGE,52500.0,Verified,credit_card,CT,34.35,1.0,695.0,699.0,0.0,90.2,20.0,Joint App,5,High Risk,Manual Review
132519866,25750.0, 60 months,26.77,E,E5,10+ years,RENT,63200.0,Verified,debt_consolidation,SC,37.42,0.0,725.0,729.0,0.0,41.7,20.0,Individual,5,High Risk,Manual Review
133360035,23450.0, 60 months,30.17,F,F3,5 years,RENT,35000.0,Verified,other,UT,39.92,0.0,740.0,744.0,0.0,20.2,18.0,Joint App,5,High Risk,Manual Review
134054620,15000.0, 60 months,28.72,F,F1,10+ years,RENT,40000.0,Not Verified,debt_consolidation,FL,37.59,1.0,665.0,669.0,2.0,42.3,26.0,Individual,6,High Risk,Manual Review
133880374,5000.0, 36 months,16.46,C,C5,10+ years,MORTGAGE,60000.0,Source Verified,home_improvement,FL,33.36,1.0,665.0,669.0,2.0,89.8,34.0,Individual,5,High Risk,Manual Review
133754398,15350.0, 60 months,30.79,G,G1,,MORTGAGE,16600.0,Verified,debt_consolidation,OH,69.49,0.0,700.0,704.0,0.0,36.2,13.0,Joint App,5,High Risk,Manual Review
133685012,15475.0, 60 months,30.65,F,F4,10+ years,MORTGAGE,43500.0,Verified,moving,AZ,39.03,0.0,715.0,719.0,1.0,47.5,15.0,Individual,5,High Risk,Manual Review
133003776,1500.0, 36 months,19.42,D,D3,4 years,RENT,30000.0,Source Verified,debt_consolidation,MN,42.72,1.0,685.0,689.0,0.0,92.0,29.0,Joint App,5,High Risk,Manual Review
133539031,34500.0, 60 months,24.84,E,E3,3 years,MORTGAGE,156000.0,Verified,major_purchase,FL,32.38,0.0,670.0,674.0,0.0,80.2,22.0,Joint App,6,High Risk,Manual Review
133797751,20000.0, 60 months,28.72,F,F1,10+ years,MORTGAGE,48700.0,Verified,credit_card,OH,42.76,2.0,685.0,689.0,0.0,71.2,26.0,Joint App,6,High Risk,Manual Review
133734378,12000.0, 60 months,25.81,E,E4,10+ years,RENT,42000.0,Source Verified,credit_card,ND,30.31,1.0,720.0,724.0,1.0,30.6,25.0,Individual,6,High Risk,Manual Review
133533050,16000.0, 60 months,23.87,E,E2,10+ years,MORTGAGE,95000.0,Source Verified,debt_consolidation,AL,37.13,0.0,675.0,679.0,0.0,70.2,38.0,Individual,5,High Risk,Manual Review
133628101,30000.0, 60 months,26.77,E,E5,1 year,RENT,75000.0,Verified,debt_consolidation,MA,30.78,0.0,670.0,674.0,1.0,78.0,34.0,Individual,5,High Risk,Manual Review
133775464,11000.0, 36 months,22.9,E,E1,10+ years,OWN,82000.0,Source Verified,debt_consolidation,OH,31.45,0.0,730.0,734.0,0.0,76.4,13.0,Individual,5,High Risk,Manual Review
133329798,20000.0, 60 months,26.77,E,E5,,MORTGAGE,55256.04,Verified,debt_consolidation,GA,33.25,0.0,695.0,699.0,0.0,78.7,37.0,Individual,5,High Risk,Manual Review
132080881,10000.0, 60 months,28.72,F,F1,4 years,RENT,31374.72,Source Verified,debt_consolidation,GA,34.85,0.0,675.0,679.0,1.0,63.4,24.0,Individual,5,High Risk,Manual Review
133806127,15000.0, 60 months,28.72,F,F1,5 years,MORTGAGE,120000.0,Verified,home_improvement,CA,17.92,1.0,660.0,664.0,0.0,98.4,10.0,Individual,5,High Risk,Manual Review
133771987,6950.0, 36 months,22.9,E,E1,10+ years,MORTGAGE,64000.0,Verified,debt_consolidation,VA,33.4,0.0,690.0,694.0,0.0,65.9,20.0,Individual,5,High Risk,Manual Review
133163759,6325.0, 36 months,22.9,E,E1,2 years,MORTGAGE,50000.0,Verified,other,TX,37.18,0.0,660.0,664.0,1.0,30.7,13.0,Joint App,5,High Risk,Manual Review
133777963,10000.0, 60 months,24.84,E,E3,10+ years,OWN,33000.0,Verified,home_improvement,KY,35.3,0.0,660.0,664.0,3.0,55.0,18.0,Individual,5,High Risk,Manual Review
133627137,30000.0, 60 months,26.77,E,E5,3 years,RENT,140000.0,Source Verified,other,CA,11.42,1.0,665.0,669.0,0.0,90.7,8.0,Individual,5,High Risk,Manual Review
133294472,20000.0, 36 months,15.49,C,C4,2 years,MORTGAGE,124128.0,Verified,debt_consolidation,VA,37.16,3.0,660.0,664.0,0.0,89.5,29.0,Individual,5,High Risk,Manual Review
133487874,35000.0, 60 months,26.77,E,E5,6 years,RENT,104064.0,Verified,credit_card,MD,35.05,0.0,700.0,704.0,1.0,88.8,39.0,Joint App,6,High Risk,Manual Review
133949037,30000.0, 60 months,28.72,F,F1,10+ years,MORTGAGE,125000.0,Source Verified,debt_consolidation,TX,35.89,0.0,690.0,694.0,0.0,89.8,20.0,Individual,6,High Risk,Manual Review
133931912,12000.0, 60 months,24.84,E,E3,2 years,RENT,37500.0,Not Verified,debt_consolidation,OR,35.42,0.0,690.0,694.0,0.0,47.0,17.0,Individual,5,High Risk,Manual Review
133467759,10000.0, 60 months,28.72,F,F1,6 years,MORTGAGE,55000.0,Not Verified,home_improvement,TN,30.98,3.0,700.0,704.0,0.0,3.1,23.0,Joint App,6,High Risk,Manual Review
132340851,25000.0, 36 months,26.77,E,E5,9 years,OWN,110000.0,Source Verified,debt_consolidation,CA,37.14,0.0,670.0,674.0,0.0,86.8,40.0,Individual,6,High Risk,Manual Review
133778214,5000.0, 36 months,25.81,E,E4,10+ years,MORTGAGE,85000.0,Source Verified,home_improvement,GA,34.84,0.0,715.0,719.0,0.0,79.0,44.0,Individual,5,High Risk,Manual Review
133910163,10000.0, 60 months,30.65,F,F4,2 years,MORTGAGE,36000.0,Not Verified,home_improvement,NY,33.67,3.0,675.0,679.0,0.0,15.6,14.0,Joint App,6,High Risk,Manual Review
133768805,6900.0, 36 months,22.9,E,E1,2 years,RENT,25000.0,Not Verified,debt_consolidation,AR,34.33,0.0,660.0,664.0,0.0,79.0,26.0,Individual,5,High Risk,Manual Review
133674891,18125.0, 60 months,30.79,G,G1,2 years,MORTGAGE,30000.0,Not Verified,debt_consolidation,GA,31.96,1.0,675.0,679.0,1.0,42.6,16.0,Joint App,6,High Risk,Manual Review
133622416,24600.0, 60 months,30.65,F,F4,5 years,MORTGAGE,91500.0,Verified,debt_consolidation,FL,34.23,0.0,720.0,724.0,0.0,101.0,21.0,Individual,6,High Risk,Manual Review
133683248,25425.0, 60 months,24.84,E,E3,,OWN,17428.0,Verified,debt_consolidation,WV,81.13,0.0,705.0,709.0,1.0,99.8,37.0,Joint App,6,High Risk,Manual Review
132858235,21000.0, 36 months,22.9,E,E1,1 year,RENT,25000.0,Verified,debt_consolidation,CA,39.46,0.0,670.0,674.0,0.0,61.4,22.0,Joint App,5,High Risk,Manual Review
133036965,24000.0, 60 months,30.79,G,G1,< 1 year,RENT,50000.0,Source Verified,debt_consolidation,CA,30.99,0.0,680.0,684.0,2.0,40.6,20.0,Joint App,5,High Risk,Manual Review
133331681,25000.0, 60 months,24.84,E,E3,10+ years,MORTGAGE,86000.0,Verified,debt_consolidation,AZ,31.22,0.0,730.0,734.0,1.0,2.8,28.0,Individual,5,High Risk,Manual Review
133715954,20000.0, 36 months,26.77,E,E5,< 1 year,RENT,38000.0,Verified,debt_consolidation,NY,37.48,0.0,670.0,674.0,0.0,69.7,19.0,Individual,5,High Risk,Manual Review
133712644,25000.0, 60 months,26.77,E,E5,10+ years,MORTGAGE,40000.0,Verified,credit_card,NE,85.78,0.0,665.0,669.0,0.0,98.4,35.0,Joint App,6,High Risk,Manual Review
132046068,24000.0, 60 months,24.84,E,E3,6 years,OWN,55000.0,Verified,debt_consolidation,IL,33.1,0.0,700.0,704.0,1.0,43.7,19.0,Individual,5,High Risk,Manual Review
132003415,9600.0, 36 months,24.84,E,E3,3 years,MORTGAGE,27000.0,Verified,debt_consolidation,NY,32.27,0.0,680.0,684.0,2.0,50.6,30.0,Individual,5,High Risk,Manual Review
132820512,8000.0, 36 months,21.85,D,D5,10+ years,MORTGAGE,65000.0,Source Verified,debt_consolidation,NY,38.48,1.0,665.0,669.0,0.0,81.2,28.0,Joint App,5,High Risk,Manual Review
132765998,30000.0, 60 months,28.72,F,F1,4 years,RENT,72900.0,Not Verified,debt_consolidation,MD,36.28,0.0,690.0,694.0,0.0,61.2,36.0,Individual,5,High Risk,Manual Review
133469102,24000.0, 60 months,30.17,F,F3,8 years,RENT,100000.0,Verified,credit_card,NY,36.07,0.0,675.0,679.0,0.0,68.0,18.0,Individual,5,High Risk,Manual Review
133445363,20000.0, 60 months,24.84,E,E3,10+ years,MORTGAGE,25000.0,Verified,debt_consolidation,TX,84.25,0.0,665.0,669.0,0.0,85.3,30.0,Joint App,6,High Risk,Manual Review
132198161,20000.0, 60 months,30.65,F,F4,5 years,RENT,40000.0,Not Verified,debt_consolidation,WA,39.84,0.0,670.0,674.0,0.0,76.3,22.0,Joint App,5,High Risk,Manual Review
132311754,5800.0, 36 months,24.84,E,E3,10+ years,OWN,60000.0,Source Verified,credit_card,NY,36.54,0.0,690.0,694.0,2.0,70.6,16.0,Individual,5,High Risk,Manual Review
132571345,20000.0, 60 months,25.81,E,E4,10+ years,MORTGAGE,95000.0,Source Verified,debt_consolidation,MD,36.4,0.0,690.0,694.0,0.0,77.6,24.0,Individual,5,High Risk,Manual Review
133506855,4825.0, 36 months,24.84,E,E3,10+ years,MORTGAGE,49000.0,Verified,debt_consolidation,IL,40.31,0.0,700.0,704.0,2.0,65.9,17.0,Joint App,5,High Risk,Manual Review
133492160,35000.0, 60 months,30.79,G,G1,4 years,RENT,59200.0,Verified,debt_consolidation,MO,39.83,0.0,720.0,724.0,0.0,38.9,20.0,Joint App,5,High Risk,Manual Review
133086534,30000.0, 60 months,30.17,F,F3,2 years,RENT,70000.0,Verified,debt_consolidation,TX,47.56,0.0,685.0,689.0,2.0,57.7,37.0,Joint App,5,High Risk,Manual Review
133775551,25000.0, 36 months,17.47,D,D1,10+ years,MORTGAGE,180000.0,Source Verified,credit_card,WI,30.01,1.0,675.0,679.0,0.0,97.8,40.0,Individual,5,High Risk,Manual Review
133723940,11200.0, 60 months,20.39,D,D4,8 years,MORTGAGE,42951.0,Verified,medical,KY,36.1,1.0,680.0,684.0,0.0,81.9,34.0,Individual,5,High Risk,Manual Review
132434698,3000.0, 36 months,23.87,E,E2,10+ years,MORTGAGE,75800.0,Verified,debt_consolidation,CA,30.13,2.0,660.0,664.0,1.0,1.5,24.0,Individual,6,High Risk,Manual Review
133723791,33250.0, 60 months,26.77,E,E5,10+ years,MORTGAGE,56762.0,Verified,debt_consolidation,DE,45.62,0.0,670.0,674.0,1.0,71.3,23.0,Joint App,5,High Risk,Manual Review
133467337,5000.0, 36 months,23.87,E,E2,1 year,RENT,29000.0,Source Verified,debt_consolidation,CA,33.53,0.0,660.0,664.0,0.0,74.7,25.0,Individual,5,High Risk,Manual Review
133492239,20000.0, 60 months,26.77,E,E5,10+ years,MORTGAGE,61260.0,Verified,debt_consolidation,VA,33.54,0.0,660.0,664.0,0.0,67.2,30.0,Individual,5,High Risk,Manual Review
133715915,20000.0, 36 months,19.42,D,D3,10+ years,MORTGAGE,93000.0,Not Verified,debt_consolidation,AL,30.52,1.0,660.0,664.0,0.0,90.4,29.0,Joint App,5,High Risk,Manual Review
133772316,1000.0, 36 months,18.45,D,D2,< 1 year,RENT,25000.0,Verified,credit_card,VA,33.51,1.0,670.0,674.0,2.0,86.0,22.0,Individual,5,High Risk,Manual Review
133477103,10000.0, 36 months,22.9,E,E1,3 years,MORTGAGE,80000.0,Verified,debt_consolidation,IN,40.06,0.0,690.0,694.0,0.0,87.4,21.0,Joint App,6,High Risk,Manual Review
133491757,16000.0, 60 months,26.77,E,E5,5 years,MORTGAGE,66912.0,Verified,debt_consolidation,CT,34.4,0.0,660.0,664.0,0.0,65.3,33.0,Joint App,5,High Risk,Manual Review
133626975,18200.0, 36 months,23.87,E,E2,1 year,MORTGAGE,85000.0,Not Verified,debt_consolidation,AR,32.11,1.0,675.0,679.0,1.0,72.6,35.0,Individual,6,High Risk,Manual Review
133682435,12000.0, 60 months,26.77,E,E5,7 years,MORTGAGE,80000.0,Verified,debt_consolidation,TX,32.67,0.0,665.0,669.0,1.0,53.8,53.0,Joint App,5,High Risk,Manual Review
133507561,12000.0, 60 months,22.9,E,E1,,RENT,24948.0,Not Verified,debt_consolidation,OH,30.01,0.0,695.0,699.0,0.0,32.0,28.0,Individual,5,High Risk,Manual Review
133627558,12000.0, 60 months,25.81,E,E4,9 years,MORTGAGE,79000.0,Source Verified,debt_consolidation,IN,30.78,0.0,695.0,699.0,0.0,94.6,16.0,Individual,6,High Risk,Manual Review
133626869,20000.0, 60 months,24.84,E,E3,10+ years,OWN,40000.0,Verified,debt_consolidation,SC,32.34,0.0,695.0,699.0,0.0,59.0,11.0,Individual,5,High Risk,Manual Review
132281172,2000.0, 36 months,23.87,E,E2,1 year,RENT,30000.0,Source Verified,debt_consolidation,WI,38.68,0.0,700.0,704.0,1.0,45.0,21.0,Individual,5,High Risk,Manual Review
133501572,10875.0, 60 months,25.81,E,E4,3 years,OWN,60000.0,Verified,credit_card,IN,38.78,2.0,665.0,669.0,2.0,39.0,52.0,Individual,6,High Risk,Manual Review
133632557,15000.0, 60 months,26.77,E,E5,,RENT,46800.0,Not Verified,debt_consolidation,CA,33.49,0.0,675.0,679.0,1.0,57.1,16.0,Individual,5,High Risk,Manual Review
133035664,32000.0, 60 months,30.65,F,F4,,MORTGAGE,25000.0,Verified,home_improvement,MI,63.08,1.0,685.0,689.0,0.0,52.1,24.0,Joint App,6,High Risk,Manual Review
133768166,20000.0, 60 months,17.47,D,D1,10+ years,MORTGAGE,90000.0,Not Verified,credit_card,PA,30.59,5.0,660.0,664.0,0.0,100.0,21.0,Individual,5,High Risk,Manual Review
133155286,10000.0, 60 months,25.81,E,E4,10+ years,MORTGAGE,24000.0,Verified,home_improvement,VA,39.0,0.0,675.0,679.0,1.0,69.5,8.0,Individual,5,High Risk,Manual Review
133502858,4200.0, 36 months,22.9,E,E1,,MORTGAGE,69000.0,Verified,other,TX,30.24,0.0,675.0,679.0,1.0,61.4,37.0,Individual,5,High Risk,Manual Review
133762366,10000.0, 60 months,25.81,E,E4,3 years,RENT,35000.0,Not Verified,debt_consolidation,FL,31.58,0.0,660.0,664.0,1.0,86.0,17.0,Individual,6,High Risk,Manual Review
133005883,18000.0, 60 months,26.77,E,E5,10+ years,MORTGAGE,62400.0,Not Verified,debt_consolidation,AR,33.69,0.0,660.0,664.0,0.0,69.8,40.0,Joint App,5,High Risk,Manual Review
133350019,30000.0, 60 months,24.84,E,E3,2 years,RENT,157381.0,Verified,credit_card,TX,34.15,0.0,670.0,674.0,2.0,98.0,58.0,Individual,6,High Risk,Manual Review
133739407,16800.0, 60 months,28.72,F,F1,,MORTGAGE,28800.0,Not Verified,debt_consolidation,CA,32.13,0.0,675.0,679.0,0.0,26.9,15.0,Individual,5,High Risk,Manual Review
133534164,24000.0, 60 months,24.84,E,E3,10+ years,RENT,20000.0,Not Verified,moving,CA,49.94,0.0,680.0,684.0,0.0,47.6,12.0,Joint App,5,High Risk,Manual Review
133120489,4000.0, 36 months,22.9,E,E1,7 years,MORTGAGE,114000.0,Verified,other,NJ,30.07,0.0,680.0,684.0,0.0,84.5,27.0,Joint App,6,High Risk,Manual Review
133395795,15000.0, 36 months,24.84,E,E3,1 year,RENT,43000.0,Verified,other,CA,39.66,0.0,690.0,694.0,1.0,57.9,23.0,Individual,5,High Risk,Manual Review
133733468,24000.0, 60 months,24.84,E,E3,10+ years,MORTGAGE,300000.0,Verified,credit_card,NY,11.77,1.0,680.0,684.0,0.0,81.3,12.0,Individual,5,High Risk,Manual Review
132142357,15000.0, 60 months,28.72,F,F1,10+ years,RENT,56000.0,Verified,debt_consolidation,CA,31.78,0.0,700.0,704.0,1.0,70.3,17.0,Individual,5,High Risk,Manual Review
131616304,12000.0, 60 months,25.81,E,E4,,RENT,10000.0,Not Verified,debt_consolidation,NJ,52.22,0.0,705.0,709.0,0.0,51.0,7.0,Joint App,5,High Risk,Manual Review
133481535,8600.0, 36 months,22.9,E,E1,10+ years,RENT,21000.0,Verified,debt_consolidation,FL,37.54,0.0,670.0,674.0,0.0,35.5,17.0,Individual,5,High Risk,Manual Review
133207066,5800.0, 36 months,25.81,E,E4,1 year,RENT,45000.0,Source Verified,debt_consolidation,KS,30.4,0.0,695.0,699.0,2.0,21.0,21.0,Individual,5,High Risk,Manual Review
133534014,4000.0, 36 months,23.87,E,E2,10+ years,MORTGAGE,70000.0,Verified,other,NY,33.6,1.0,670.0,674.0,0.0,65.1,28.0,Individual,6,High Risk,Manual Review
133540836,21150.0, 36 months,23.87,E,E2,3 years,RENT,47000.0,Verified,debt_consolidation,MD,30.54,1.0,665.0,669.0,1.0,61.0,16.0,Individual,6,High Risk,Manual Review
133434792,24000.0, 60 months,28.72,F,F1,1 year,RENT,45000.0,Verified,debt_consolidation,CT,32.91,0.0,695.0,699.0,0.0,52.8,44.0,Individual,5,High Risk,Manual Review
132470191,21000.0, 60 months,29.69,F,F2,8 years,RENT,75000.0,Verified,major_purchase,AR,32.93,0.0,680.0,684.0,1.0,47.0,30.0,Individual,5,High Risk,Manual Review
133627082,15000.0, 60 months,24.84,E,E3,2 years,MORTGAGE,80000.0,Not Verified,debt_consolidation,MN,31.85,1.0,690.0,694.0,0.0,86.7,17.0,Joint App,7,High Risk,Manual Review
133631125,10000.0, 60 months,24.84,E,E3,10+ years,RENT,55000.0,Not Verified,debt_consolidation,NY,33.54,0.0,690.0,694.0,0.0,80.4,29.0,Individual,6,High Risk,Manual Review
133499305,15000.0, 60 months,23.87,E,E2,10+ years,MORTGAGE,92000.0,Verified,debt_consolidation,CT,37.37,0.0,680.0,684.0,0.0,53.7,43.0,Individual,5,High Risk,Manual Review
133501607,5000.0, 36 months,22.9,E,E1,10+ years,MORTGAGE,31000.0,Verified,debt_consolidation,OH,63.88,0.0,670.0,674.0,2.0,34.1,46.0,Joint App,5,High Risk,Manual Review
133444064,19300.0, 36 months,30.75,F,F5,5 years,MORTGAGE,22000.0,Not Verified,debt_consolidation,NY,53.41,0.0,690.0,694.0,0.0,93.6,17.0,Joint App,6,High Risk,Manual Review
133400376,5000.0, 36 months,20.39,D,D4,10+ years,MORTGAGE,101000.0,Verified,moving,TX,30.79,2.0,680.0,684.0,0.0,94.8,43.0,Joint App,5,High Risk,Manual Review
133606419,25000.0, 60 months,24.84,E,E3,7 years,RENT,76000.0,Verified,debt_consolidation,TN,36.33,0.0,695.0,699.0,0.0,85.3,40.0,Individual,6,High Risk,Manual Review
133038035,25000.0, 36 months,26.77,E,E5,10+ years,MORTGAGE,135000.0,Verified,debt_consolidation,AZ,34.8,0.0,680.0,684.0,1.0,79.2,37.0,Individual,5,High Risk,Manual Review
133398013,21675.0, 60 months,30.79,G,G1,,MORTGAGE,19828.0,Verified,debt_consolidation,NV,128.22,0.0,700.0,704.0,0.0,75.0,26.0,Joint App,5,High Risk,Manual Review
133480254,19200.0, 36 months,25.81,E,E4,8 years,MORTGAGE,31000.0,Verified,debt_consolidation,OK,80.64,0.0,665.0,669.0,1.0,77.4,32.0,Joint App,5,High Risk,Manual Review
133475679,24000.0, 60 months,24.84,E,E3,10+ years,MORTGAGE,67255.0,Source Verified,credit_card,GA,38.15,0.0,700.0,704.0,0.0,86.9,29.0,Individual,6,High Risk,Manual Review
133426402,6150.0, 36 months,26.77,E,E5,4 years,MORTGAGE,16200.0,Not Verified,home_improvement,WA,44.22,0.0,660.0,664.0,0.0,100.1,8.0,Joint App,6,High Risk,Manual Review
133376144,29000.0, 36 months,25.81,E,E4,3 years,RENT,45000.0,Verified,credit_card,GA,46.32,0.0,670.0,674.0,0.0,84.3,18.0,Joint App,6,High Risk,Manual Review
133317915,12000.0, 60 months,26.77,E,E5,< 1 year,RENT,38250.0,Verified,debt_consolidation,MA,30.81,0.0,665.0,669.0,1.0,70.1,32.0,Joint App,5,High Risk,Manual Review
132594947,19000.0, 60 months,26.77,E,E5,< 1 year,RENT,10000.0,Source Verified,debt_consolidation,OH,99.64,0.0,675.0,679.0,0.0,95.5,8.0,Joint App,6,High Risk,Manual Review
131705632,5000.0, 36 months,22.9,E,E1,7 years,OWN,60000.0,Verified,debt_consolidation,AL,38.44,0.0,660.0,664.0,1.0,49.7,33.0,Individual,5,High Risk,Manual Review
133152819,20000.0, 60 months,30.75,F,F5,,RENT,22000.0,Source Verified,debt_consolidation,NM,39.88,0.0,660.0,664.0,1.0,26.1,30.0,Joint App,5,High Risk,Manual Review
133042644,16000.0, 60 months,24.84,E,E3,5 years,MORTGAGE,30000.0,Verified,debt_consolidation,WA,40.4,0.0,660.0,664.0,0.0,66.5,13.0,Joint App,5,High Risk,Manual Review
133421504,12800.0, 60 months,30.65,F,F4,10+ years,MORTGAGE,53128.0,Verified,debt_consolidation,NJ,30.34,0.0,670.0,674.0,0.0,55.3,16.0,Individual,5,High Risk,Manual Review
132918729,13000.0, 60 months,30.65,F,F4,10+ years,RENT,77952.0,Source Verified,debt_consolidation,WI,23.17,1.0,665.0,669.0,1.0,91.0,40.0,Joint App,5,High Risk,Manual Review
133393471,25000.0, 36 months,22.9,E,E1,5 years,RENT,110000.0,Verified,debt_consolidation,CA,38.11,0.0,665.0,669.0,1.0,47.6,24.0,Individual,5,High Risk,Manual Review
133395776,20000.0, 60 months,23.87,E,E2,7 years,RENT,85000.0,Source Verified,credit_card,PA,32.44,0.0,695.0,699.0,0.0,77.4,16.0,Individual,5,High Risk,Manual Review
133273117,10000.0, 36 months,22.9,E,E1,,OWN,60140.0,Verified,home_improvement,AZ,42.48,0.0,710.0,714.0,1.0,55.4,34.0,Joint App,5,High Risk,Manual Review
133330304,26500.0, 36 months,24.84,E,E3,,RENT,10000.0,Not Verified,moving,MI,105.16,0.0,665.0,669.0,0.0,76.5,13.0,Joint App,5,High Risk,Manual Review
133439088,10400.0, 60 months,25.81,E,E4,8 years,RENT,36540.0,Verified,debt_consolidation,NY,31.56,0.0,660.0,664.0,0.0,74.6,12.0,Individual,5,High Risk,Manual Review
132671483,12000.0, 60 months,28.72,F,F1,,OWN,38000.0,Verified,debt_consolidation,AZ,35.82,0.0,685.0,689.0,1.0,52.9,11.0,Individual,5,High Risk,Manual Review
133567916,10625.0, 60 months,25.81,E,E4,5 years,MORTGAGE,56000.0,Verified,debt_consolidation,CA,30.73,0.0,705.0,709.0,2.0,28.3,20.0,Individual,5,High Risk,Manual Review
133415419,24000.0, 60 months,17.47,D,D1,1 year,RENT,85000.0,Not Verified,debt_consolidation,PA,32.91,1.0,675.0,679.0,0.0,86.0,24.0,Individual,5,High Risk,Manual Review
131774533,35000.0, 36 months,26.77,E,E5,10+ years,MORTGAGE,54000.0,Verified,debt_consolidation,MD,33.22,0.0,680.0,684.0,2.0,41.0,20.0,Joint App,5,High Risk,Manual Review
133398037,5000.0, 36 months,24.84,E,E3,10+ years,MORTGAGE,42000.0,Source Verified,debt_consolidation,DE,30.83,1.0,660.0,664.0,2.0,50.7,28.0,Individual,6,High Risk,Manual Review
133292453,15000.0, 60 months,28.72,F,F1,2 years,RENT,36000.0,Not Verified,credit_card,TX,43.1,0.0,670.0,674.0,0.0,53.6,26.0,Joint App,5,High Risk,Manual Review
131581831,22000.0, 60 months,26.77,E,E5,2 years,RENT,56000.0,Verified,debt_consolidation,IL,31.25,0.0,675.0,679.0,1.0,73.2,24.0,Individual,5,High Risk,Manual Review
133506557,10000.0, 60 months,24.84,E,E3,10+ years,OWN,30000.0,Not Verified,debt_consolidation,TX,49.56,1.0,670.0,674.0,0.0,69.1,21.0,Joint App,6,High Risk,Manual Review
132975237,12000.0, 36 months,22.9,E,E1,10+ years,RENT,45000.0,Verified,other,VA,38.88,0.0,670.0,674.0,2.0,74.0,21.0,Individual,5,High Risk,Manual Review
132741032,39950.0, 60 months,25.81,E,E4,4 years,MORTGAGE,40000.0,Verified,debt_consolidation,WI,39.6,0.0,680.0,684.0,2.0,54.3,27.0,Joint App,5,High Risk,Manual Review
132929840,25000.0, 60 months,24.84,E,E3,7 years,MORTGAGE,60000.0,Source Verified,debt_consolidation,GA,31.88,1.0,665.0,669.0,0.0,97.5,27.0,Joint App,7,High Risk,Manual Review
133496181,6000.0, 36 months,16.46,C,C5,1 year,RENT,59000.0,Not Verified,debt_consolidation,TX,33.1,3.0,715.0,719.0,1.0,83.3,60.0,Individual,5,High Risk,Manual Review
133343274,13500.0, 60 months,28.72,F,F1,< 1 year,RENT,38500.0,Not Verified,debt_consolidation,FL,33.85,0.0,690.0,694.0,0.0,76.6,15.0,Individual,5,High Risk,Manual Review
132986189,17525.0, 36 months,22.9,E,E1,,MORTGAGE,64700.0,Verified,debt_consolidation,TX,36.36,1.0,680.0,684.0,0.0,83.9,21.0,Joint App,7,High Risk,Manual Review
133161712,35325.0, 60 months,24.84,E,E3,10+ years,OWN,48500.0,Source Verified,credit_card,WA,31.6,0.0,725.0,729.0,0.0,69.6,8.0,Joint App,5,High Risk,Manual Review
133298505,25000.0, 36 months,24.84,E,E3,10+ years,RENT,58300.0,Verified,debt_consolidation,NJ,33.31,0.0,665.0,669.0,3.0,38.1,62.0,Individual,5,High Risk,Manual Review
132375620,35000.0, 60 months,30.89,G,G3,10+ years,RENT,105954.0,Verified,debt_consolidation,OR,36.37,0.0,675.0,679.0,0.0,88.0,35.0,Individual,6,High Risk,Manual Review
133347523,8000.0, 36 months,16.46,C,C5,6 years,RENT,76000.0,Verified,debt_consolidation,CA,39.27,1.0,665.0,669.0,0.0,83.4,37.0,Individual,5,High Risk,Manual Review
133418066,20000.0, 60 months,25.81,E,E4,10+ years,MORTGAGE,62000.0,Source Verified,debt_consolidation,IN,35.77,0.0,700.0,704.0,2.0,77.0,26.0,Individual,5,High Risk,Manual Review
133418130,20000.0, 60 months,24.84,E,E3,10+ years,MORTGAGE,50765.0,Source Verified,debt_consolidation,CO,23.9,3.0,680.0,684.0,0.0,99.1,13.0,Individual,5,High Risk,Manual Review
133241014,35000.0, 60 months,30.17,F,F3,4 years,MORTGAGE,49920.0,Verified,credit_card,MI,36.73,0.0,665.0,669.0,0.0,89.8,21.0,Joint App,6,High Risk,Manual Review
133415563,10000.0, 36 months,22.9,E,E1,6 years,RENT,52000.0,Source Verified,debt_consolidation,TX,13.41,1.0,680.0,684.0,0.0,89.7,8.0,Individual,5,High Risk,Manual Review
133307925,24000.0, 60 months,28.72,F,F1,10+ years,RENT,70000.0,Verified,other,FL,30.86,0.0,690.0,694.0,0.0,93.4,9.0,Individual,6,High Risk,Manual Review
132581690,35000.0, 60 months,30.79,G,G1,3 years,MORTGAGE,42000.0,Verified,debt_consolidation,MI,43.06,0.0,665.0,669.0,0.0,91.8,27.0,Joint App,6,High Risk,Manual Review
133485765,16000.0, 60 months,24.84,E,E3,10+ years,MORTGAGE,135000.0,Source Verified,debt_consolidation,MD,31.7,1.0,660.0,664.0,1.0,75.9,29.0,Individual,6,High Risk,Manual Review
133390631,8000.0, 36 months,25.81,E,E4,,OWN,23952.0,Source Verified,debt_consolidation,HI,55.11,0.0,690.0,694.0,2.0,32.9,8.0,Joint App,5,High Risk,Manual Review
133346609,30000.0, 60 months,24.84,E,E3,8 years,RENT,76000.0,Source Verified,major_purchase,MA,37.41,0.0,700.0,704.0,0.0,73.8,45.0,Individual,5,High Risk,Manual Review
133306593,17600.0, 60 months,26.77,E,E5,10+ years,MORTGAGE,81600.0,Verified,debt_consolidation,WA,36.6,0.0,660.0,664.0,2.0,71.2,52.0,Joint App,5,High Risk,Manual Review
132515442,35000.0, 60 months,26.77,E,E5,6 years,RENT,39000.0,Source Verified,credit_card,TX,43.51,0.0,700.0,704.0,0.0,82.5,18.0,Joint App,6,High Risk,Manual Review
133125047,16000.0, 60 months,28.72,F,F1,2 years,OWN,58000.0,Not Verified,debt_consolidation,FL,39.87,0.0,680.0,684.0,0.0,33.3,27.0,Individual,5,High Risk,Manual Review
132593339,20800.0, 60 months,30.17,F,F3,9 years,MORTGAGE,80000.0,Source Verified,major_purchase,FL,22.32,1.0,660.0,664.0,2.0,86.5,60.0,Individual,5,High Risk,Manual Review
133387537,20000.0, 60 months,28.72,F,F1,10+ years,MORTGAGE,90000.0,Verified,debt_consolidation,TX,33.79,0.0,685.0,689.0,1.0,63.7,35.0,Individual,5,High Risk,Manual Review
133466549,19200.0, 36 months,23.87,E,E2,3 years,RENT,165000.0,Not Verified,debt_consolidation,IL,33.06,0.0,675.0,679.0,0.0,96.2,34.0,Joint App,6,High Risk,Manual Review
132145732,20000.0, 60 months,28.72,F,F1,10+ years,RENT,52000.0,Source Verified,debt_consolidation,VA,31.09,0.0,675.0,679.0,0.0,53.3,32.0,Individual,5,High Risk,Manual Review
133451465,15000.0, 60 months,25.81,E,E4,5 years,RENT,106000.0,Not Verified,debt_consolidation,AZ,14.06,6.0,670.0,674.0,0.0,82.3,36.0,Individual,5,High Risk,Manual Review
133206661,10000.0, 36 months,24.84,E,E3,7 years,RENT,88000.0,Source Verified,debt_consolidation,MD,31.59,0.0,670.0,674.0,1.0,48.4,34.0,Individual,5,High Risk,Manual Review
133302067,30000.0, 60 months,24.84,E,E3,< 1 year,RENT,150000.0,Source Verified,debt_consolidation,NY,12.49,1.0,675.0,679.0,0.0,87.4,20.0,Individual,5,High Risk,Manual Review
133348943,18000.0, 36 months,26.77,E,E5,,MORTGAGE,35000.0,Not Verified,debt_consolidation,TX,38.96,0.0,690.0,694.0,0.0,52.2,13.0,Individual,5,High Risk,Manual Review
132736417,12400.0, 36 months,22.9,E,E1,10+ years,RENT,57000.0,Verified,credit_card,CA,31.83,1.0,715.0,719.0,0.0,24.6,22.0,Individual,6,High Risk,Manual Review
133435445,12200.0, 60 months,22.9,E,E1,10+ years,MORTGAGE,50000.0,Verified,debt_consolidation,MI,39.1,0.0,695.0,699.0,0.0,78.0,32.0,Individual,5,High Risk,Manual Review
132564494,11000.0, 60 months,22.9,E,E1,10+ years,MORTGAGE,56000.0,Not Verified,debt_consolidation,AZ,32.02,1.0,740.0,744.0,0.0,35.3,25.0,Joint App,6,High Risk,Manual Review
133054562,14000.0, 60 months,28.72,F,F1,,OWN,41000.0,Not Verified,credit_card,NY,33.4,0.0,690.0,694.0,0.0,72.8,22.0,Individual,5,High Risk,Manual Review
133007909,30000.0, 60 months,26.77,E,E5,10+ years,MORTGAGE,73000.0,Verified,credit_card,FL,35.02,0.0,725.0,729.0,1.0,46.9,46.0,Individual,5,High Risk,Manual Review
133241228,21600.0, 60 months,28.72,F,F1,,RENT,51418.0,Verified,debt_consolidation,FL,34.24,0.0,705.0,709.0,0.0,101.2,12.0,Individual,6,High Risk,Manual Review
132653821,17925.0, 60 months,25.81,E,E4,9 years,MORTGAGE,95271.0,Verified,debt_consolidation,PA,39.3,0.0,670.0,674.0,0.0,79.9,29.0,Joint App,5,High Risk,Manual Review
132987758,24000.0, 60 months,26.77,E,E5,< 1 year,RENT,52000.0,Verified,debt_consolidation,MT,39.33,0.0,690.0,694.0,0.0,46.7,21.0,Joint App,5,High Risk,Manual Review
133230438,4600.0, 36 months,24.84,E,E3,1 year,RENT,50000.0,Verified,other,NY,32.62,2.0,680.0,684.0,0.0,45.4,36.0,Individual,6,High Risk,Manual Review
133209556,35000.0, 60 months,28.72,F,F1,10+ years,MORTGAGE,28000.0,Verified,debt_consolidation,PA,117.87,0.0,670.0,674.0,1.0,75.6,29.0,Joint App,5,High Risk,Manual Review
133317687,25000.0, 60 months,29.69,F,F2,10+ years,RENT,6408.0,Verified,debt_consolidation,CA,812.58,0.0,665.0,669.0,0.0,79.2,43.0,Joint App,5,High Risk,Manual Review
133316159,24000.0, 60 months,28.72,F,F1,,RENT,60000.0,Verified,debt_consolidation,HI,39.86,0.0,660.0,664.0,1.0,67.0,21.0,Individual,5,High Risk,Manual Review
133163031,4000.0, 36 months,18.45,D,D2,6 years,OWN,25000.0,Verified,other,CT,38.12,1.0,680.0,684.0,0.0,80.8,20.0,Individual,5,High Risk,Manual Review
133344592,3400.0, 36 months,22.9,E,E1,1 year,RENT,45000.0,Not Verified,other,LA,31.01,0.0,725.0,729.0,1.0,8.2,35.0,Individual,5,High Risk,Manual Review
132810845,20000.0, 60 months,24.84,E,E3,10+ years,MORTGAGE,35000.0,Source Verified,debt_consolidation,AL,36.04,0.0,665.0,669.0,0.0,61.0,22.0,Joint App,5,High Risk,Manual Review
133309914,7000.0, 36 months,25.81,E,E4,10+ years,OWN,62000.0,Not Verified,debt_consolidation,NH,36.0,0.0,705.0,709.0,2.0,9.1,19.0,Individual,5,High Risk,Manual Review
133316267,10000.0, 60 months,24.84,E,E3,,MORTGAGE,31200.0,Not Verified,debt_consolidation,MI,36.31,0.0,680.0,684.0,0.0,96.9,17.0,Individual,6,High Risk,Manual Review
132871073,8500.0, 36 months,23.87,E,E2,8 years,MORTGAGE,65000.0,Verified,debt_consolidation,IN,36.67,0.0,675.0,679.0,1.0,53.9,29.0,Joint App,5,High Risk,Manual Review
132593354,27625.0, 60 months,24.84,E,E3,1 year,MORTGAGE,46000.0,Source Verified,credit_card,AZ,40.71,0.0,665.0,669.0,3.0,72.0,45.0,Joint App,5,High Risk,Manual Review
133207906,13000.0, 60 months,30.75,F,F5,,OWN,21300.0,Source Verified,debt_consolidation,PA,43.21,0.0,665.0,669.0,2.0,24.3,26.0,Joint App,5,High Risk,Manual Review
133329287,15000.0, 60 months,26.77,E,E5,10+ years,RENT,46000.0,Verified,debt_consolidation,NY,37.75,0.0,710.0,714.0,1.0,36.1,27.0,Individual,5,High Risk,Manual Review
132784246,20000.0, 60 months,25.81,E,E4,2 years,RENT,57000.0,Verified,credit_card,PA,37.81,0.0,680.0,684.0,0.0,47.2,36.0,Individual,5,High Risk,Manual Review
133200070,22000.0, 60 months,28.72,F,F1,2 years,RENT,50000.0,Not Verified,debt_consolidation,OK,33.41,0.0,730.0,734.0,1.0,36.4,28.0,Individual,5,High Risk,Manual Review
132643015,10000.0, 60 months,19.42,D,D3,,OWN,77624.0,Verified,debt_consolidation,OH,33.53,1.0,665.0,669.0,0.0,84.3,33.0,Individual,5,High Risk,Manual Review
132833373,20125.0, 60 months,30.89,G,G3,,RENT,34900.0,Verified,debt_consolidation,AZ,43.47,4.0,675.0,679.0,0.0,73.2,21.0,Joint App,6,High Risk,Manual Review
133235408,3125.0, 36 months,24.84,E,E3,,RENT,29000.0,Source Verified,debt_consolidation,TN,31.87,0.0,660.0,664.0,0.0,98.0,21.0,Joint App,6,High Risk,Manual Review
133377701,10675.0, 60 months,25.81,E,E4,10+ years,MORTGAGE,75500.0,Not Verified,debt_consolidation,FL,32.13,0.0,660.0,664.0,2.0,66.3,33.0,Joint App,5,High Risk,Manual Review
133301637,11075.0, 60 months,30.79,G,G1,8 years,MORTGAGE,70000.0,Verified,debt_consolidation,FL,34.54,0.0,705.0,709.0,1.0,32.8,26.0,Individual,5,High Risk,Manual Review
133237032,21000.0, 60 months,30.17,F,F3,,MORTGAGE,61000.0,Verified,debt_consolidation,NE,32.46,0.0,720.0,724.0,0.0,46.8,43.0,Individual,5,High Risk,Manual Review
133242002,10000.0, 60 months,25.81,E,E4,10+ years,OWN,40000.0,Verified,debt_consolidation,GA,34.57,0.0,660.0,664.0,2.0,36.2,35.0,Individual,5,High Risk,Manual Review
132535753,13925.0, 36 months,24.84,E,E3,10+ years,MORTGAGE,60000.0,Not Verified,debt_consolidation,MD,45.86,0.0,730.0,734.0,0.0,76.1,51.0,Joint App,5,High Risk,Manual Review
133236937,13000.0, 36 months,22.9,E,E1,8 years,MORTGAGE,40000.0,Not Verified,debt_consolidation,NY,81.55,0.0,695.0,699.0,1.0,84.1,35.0,Joint App,6,High Risk,Manual Review
131163231,20000.0, 60 months,24.84,E,E3,2 years,MORTGAGE,28000.0,Verified,credit_card,OH,51.74,0.0,680.0,684.0,0.0,76.8,20.0,Joint App,5,High Risk,Manual Review
133035369,4000.0, 36 months,23.87,E,E2,< 1 year,RENT,38000.0,Source Verified,other,UT,34.02,2.0,685.0,689.0,1.0,47.2,20.0,Joint App,6,High Risk,Manual Review
133226995,17350.0, 36 months,22.9,E,E1,8 years,OWN,30000.0,Not Verified,debt_consolidation,TX,38.61,0.0,695.0,699.0,1.0,38.8,19.0,Individual,5,High Risk,Manual Review
132874632,13000.0, 60 months,24.84,E,E3,4 years,MORTGAGE,45000.0,Verified,debt_consolidation,WA,46.75,0.0,680.0,684.0,3.0,65.2,25.0,Joint App,5,High Risk,Manual Review
132631819,5000.0, 36 months,25.81,E,E4,9 years,OWN,60000.0,Source Verified,debt_consolidation,MI,37.72,0.0,700.0,704.0,2.0,49.2,36.0,Joint App,5,High Risk,Manual Review
133227694,25000.0, 36 months,26.77,E,E5,10+ years,MORTGAGE,125000.0,Verified,debt_consolidation,TX,34.88,0.0,705.0,709.0,0.0,67.0,47.0,Individual,5,High Risk,Manual Review
133039688,3600.0, 36 months,22.9,E,E1,4 years,MORTGAGE,45000.0,Verified,debt_consolidation,TX,63.97,0.0,725.0,729.0,0.0,50.0,18.0,Joint App,5,High Risk,Manual Review
133121495,20500.0, 60 months,24.84,E,E3,10+ years,MORTGAGE,58000.0,Source Verified,debt_consolidation,TX,35.9,0.0,670.0,674.0,2.0,60.9,30.0,Joint App,5,High Risk,Manual Review
132573873,30525.0, 60 months,26.77,E,E5,< 1 year,MORTGAGE,50000.0,Verified,major_purchase,IL,33.92,0.0,705.0,709.0,1.0,12.1,27.0,Joint App,5,High Risk,Manual Review
133222388,16000.0, 60 months,26.77,E,E5,,OWN,10000.0,Verified,home_improvement,FL,105.44,1.0,665.0,669.0,1.0,39.6,31.0,Joint App,6,High Risk,Manual Review
133229187,19000.0, 60 months,28.72,F,F1,2 years,RENT,43000.0,Source Verified,debt_consolidation,OH,30.31,0.0,720.0,724.0,1.0,42.1,8.0,Individual,5,High Risk,Manual Review
133101294,14250.0, 60 months,16.46,C,C5,< 1 year,RENT,135000.0,Source Verified,debt_consolidation,CA,33.3,10.0,670.0,674.0,0.0,96.1,26.0,Individual,5,High Risk,Manual Review
133044186,12000.0, 60 months,28.72,F,F1,10+ years,MORTGAGE,108000.0,Source Verified,debt_consolidation,CO,32.83,1.0,675.0,679.0,0.0,86.3,29.0,Individual,7,High Risk,Manual Review
133144145,25000.0, 36 months,22.9,E,E1,10+ years,MORTGAGE,65000.0,Verified,debt_consolidation,MI,48.49,0.0,670.0,674.0,1.0,76.1,19.0,Joint App,5,High Risk,Manual Review
132669903,20000.0, 60 months,16.01,C,C5,10+ years,RENT,51000.0,Verified,credit_card,IN,33.51,1.0,670.0,674.0,0.0,94.0,13.0,Individual,5,High Risk,Manual Review
133156689,35000.0, 60 months,26.77,E,E5,6 years,MORTGAGE,52000.0,Source Verified,credit_card,OH,38.72,0.0,705.0,709.0,1.0,63.6,28.0,Joint App,5,High Risk,Manual Review
132593272,37750.0, 36 months,22.9,E,E1,3 years,MORTGAGE,53722.0,Verified,debt_consolidation,MA,34.86,1.0,705.0,709.0,0.0,36.2,28.0,Joint App,6,High Risk,Manual Review
132352397,10000.0, 36 months,23.87,E,E2,4 years,MORTGAGE,60000.0,Verified,credit_card,IN,31.22,0.0,715.0,719.0,0.0,74.7,13.0,Individual,5,High Risk,Manual Review
133301890,16000.0, 60 months,30.17,F,F3,10+ years,MORTGAGE,69000.0,Verified,debt_consolidation,CA,36.12,1.0,665.0,669.0,0.0,71.4,35.0,Individual,6,High Risk,Manual Review
133215754,35000.0, 36 months,23.87,E,E2,5 years,MORTGAGE,151000.0,Verified,debt_consolidation,FL,38.92,0.0,725.0,729.0,2.0,31.0,75.0,Joint App,5,High Risk,Manual Review
133213448,9600.0, 36 months,20.39,D,D4,10+ years,MORTGAGE,80000.0,Not Verified,home_improvement,TX,39.15,2.0,675.0,679.0,0.0,97.4,26.0,Individual,5,High Risk,Manual Review
132669868,17600.0, 60 months,30.79,G,G1,,OWN,31000.0,Not Verified,debt_consolidation,FL,37.79,0.0,660.0,664.0,0.0,64.9,24.0,Individual,5,High Risk,Manual Review
133194607,5000.0, 36 months,15.49,C,C4,2 years,MORTGAGE,35000.0,Verified,credit_card,FL,61.87,3.0,675.0,679.0,0.0,85.1,32.0,Joint App,5,High Risk,Manual Review
133211831,14225.0, 36 months,24.84,E,E3,6 years,OWN,138000.0,Source Verified,debt_consolidation,CT,31.24,0.0,730.0,734.0,1.0,26.1,56.0,Individual,5,High Risk,Manual Review
133046632,6725.0, 36 months,24.84,E,E3,9 years,MORTGAGE,121400.0,Not Verified,home_improvement,TX,32.63,0.0,700.0,704.0,0.0,99.2,27.0,Individual,6,High Risk,Manual Review
133211350,24000.0, 60 months,30.75,F,F5,5 years,MORTGAGE,10000.0,Not Verified,debt_consolidation,FL,149.1,0.0,670.0,674.0,0.0,63.7,15.0,Joint App,5,High Risk,Manual Review
131671401,24000.0, 36 months,18.45,D,D2,10+ years,RENT,56826.0,Source Verified,debt_consolidation,MS,38.93,1.0,680.0,684.0,0.0,85.1,21.0,Individual,5,High Risk,Manual Review
132991977,25000.0, 36 months,24.84,E,E3,6 years,MORTGAGE,400000.0,Verified,debt_consolidation,NJ,11.01,2.0,660.0,664.0,1.0,95.4,28.0,Individual,5,High Risk,Manual Review
132885710,35000.0, 60 months,30.79,G,G1,1 year,RENT,47000.0,Verified,credit_card,WA,40.65,0.0,675.0,679.0,0.0,83.8,10.0,Joint App,6,High Risk,Manual Review
133077834,5400.0, 36 months,25.81,E,E4,,RENT,10060.0,Source Verified,debt_consolidation,FL,57.88,0.0,665.0,669.0,0.0,32.3,27.0,Joint App,5,High Risk,Manual Review
132920681,17400.0, 36 months,23.87,E,E2,10+ years,MORTGAGE,45000.0,Source Verified,debt_consolidation,MS,34.99,2.0,685.0,689.0,0.0,97.3,23.0,Individual,7,High Risk,Manual Review
132951155,3900.0, 36 months,23.87,E,E2,3 years,RENT,24000.0,Verified,debt_consolidation,CA,35.35,0.0,730.0,734.0,0.0,23.7,12.0,Individual,5,High Risk,Manual Review
132912489,1000.0, 36 months,24.84,E,E3,10+ years,RENT,88000.0,Not Verified,other,CA,30.12,0.0,660.0,664.0,0.0,91.0,34.0,Individual,6,High Risk,Manual Review
133156741,15000.0, 36 months,19.42,D,D3,,OWN,50000.0,Not Verified,home_improvement,SC,36.46,2.0,675.0,679.0,0.0,87.8,14.0,Individual,5,High Risk,Manual Review
133159622,14000.0, 60 months,24.84,E,E3,5 years,RENT,36500.0,Verified,debt_consolidation,CA,33.61,0.0,685.0,689.0,1.0,50.9,40.0,Individual,5,High Risk,Manual Review
132856500,12000.0, 60 months,26.77,E,E5,5 years,MORTGAGE,74400.0,Not Verified,debt_consolidation,GA,36.26,0.0,685.0,689.0,1.0,64.6,35.0,Individual,5,High Risk,Manual Review
132982570,25000.0, 60 months,30.79,G,G1,4 years,RENT,90000.0,Source Verified,moving,CA,19.69,1.0,670.0,674.0,1.0,80.3,21.0,Individual,5,High Risk,Manual Review
132541607,32000.0, 60 months,29.69,F,F2,,RENT,35000.0,Verified,debt_consolidation,MO,51.06,1.0,660.0,664.0,2.0,66.4,25.0,Joint App,6,High Risk,Manual Review
132434963,16525.0, 60 months,29.69,F,F2,4 years,MORTGAGE,95000.0,Verified,debt_consolidation,NC,35.7,0.0,690.0,694.0,0.0,34.4,40.0,Joint App,5,High Risk,Manual Review
133045327,23000.0, 36 months,22.9,E,E1,< 1 year,MORTGAGE,145000.0,Source Verified,debt_consolidation,CA,12.79,4.0,690.0,694.0,0.0,90.2,32.0,Individual,5,High Risk,Manual Review
133107119,23075.0, 60 months,30.17,F,F3,10+ years,MORTGAGE,68000.0,Verified,debt_consolidation,FL,40.63,0.0,665.0,669.0,2.0,75.0,11.0,Joint App,5,High Risk,Manual Review
132902073,5500.0, 36 months,22.9,E,E1,< 1 year,OWN,27330.0,Verified,debt_consolidation,MS,30.26,2.0,660.0,664.0,3.0,20.0,16.0,Joint App,6,High Risk,Manual Review
133126382,35000.0, 60 months,28.72,F,F1,5 years,MORTGAGE,195000.0,Not Verified,debt_consolidation,UT,37.2,0.0,700.0,704.0,0.0,60.5,53.0,Joint App,5,High Risk,Manual Review
132154475,7000.0, 36 months,22.9,E,E1,< 1 year,RENT,45000.0,Source Verified,credit_card,FL,33.9,0.0,680.0,684.0,0.0,20.4,18.0,Individual,5,High Risk,Manual Review
132760847,20000.0, 36 months,23.87,E,E2,6 years,MORTGAGE,53000.0,Verified,debt_consolidation,CO,46.17,0.0,675.0,679.0,0.0,65.7,26.0,Joint App,5,High Risk,Manual Review
133127008,5000.0, 36 months,18.45,D,D2,,OWN,24800.0,Not Verified,home_improvement,NY,30.78,2.0,670.0,674.0,0.0,85.6,13.0,Individual,5,High Risk,Manual Review
129704461,12800.0, 60 months,24.84,E,E3,10+ years,MORTGAGE,140000.0,Verified,debt_consolidation,NJ,42.48,0.0,750.0,754.0,1.0,23.0,41.0,Joint App,5,High Risk,Manual Review
132197203,11900.0, 60 months,30.99,G,G5,7 years,RENT,34000.0,Verified,debt_consolidation,CA,33.53,0.0,710.0,714.0,0.0,110.0,7.0,Individual,6,High Risk,Manual Review
132319403,6000.0, 36 months,23.87,E,E2,3 years,RENT,42000.0,Not Verified,debt_consolidation,FL,32.13,0.0,670.0,674.0,1.0,33.8,38.0,Individual,5,High Risk,Manual Review
132354313,32000.0, 60 months,24.84,E,E3,10+ years,MORTGAGE,56000.0,Verified,debt_consolidation,MD,44.13,0.0,685.0,689.0,1.0,40.9,57.0,Joint App,5,High Risk,Manual Review
131978855,13000.0, 60 months,29.69,F,F2,2 years,MORTGAGE,45491.0,Verified,debt_consolidation,IL,40.02,0.0,690.0,694.0,0.0,52.0,41.0,Joint App,5,High Risk,Manual Review
133045951,15000.0, 60 months,28.72,F,F1,5 years,RENT,56000.0,Source Verified,debt_consolidation,FL,34.85,0.0,670.0,674.0,0.0,73.9,10.0,Individual,5,High Risk,Manual Review
132096147,4000.0, 36 months,23.87,E,E2,5 years,MORTGAGE,30000.0,Source Verified,vacation,IL,26.48,1.0,685.0,689.0,1.0,84.1,19.0,Individual,5,High Risk,Manual Review
131635397,16300.0, 60 months,30.79,G,G1,10+ years,RENT,60000.0,Verified,debt_consolidation,FL,32.52,1.0,705.0,709.0,1.0,57.2,16.0,Individual,6,High Risk,Manual Review
133045903,22000.0, 60 months,30.65,F,F4,10+ years,RENT,55000.0,Verified,moving,HI,33.17,0.0,675.0,679.0,1.0,29.3,17.0,Individual,5,High Risk,Manual Review
132132222,25000.0, 60 months,23.87,E,E2,,MORTGAGE,58800.0,Verified,debt_consolidation,CA,34.84,0.0,685.0,689.0,1.0,35.0,33.0,Individual,5,High Risk,Manual Review
133078576,20000.0, 60 months,30.17,F,F3,3 years,MORTGAGE,31000.0,Not Verified,other,AL,32.17,0.0,675.0,679.0,1.0,55.6,17.0,Joint App,5,High Risk,Manual Review
132741608,35000.0, 60 months,26.77,E,E5,10+ years,MORTGAGE,30000.0,Verified,debt_consolidation,AL,51.48,1.0,670.0,674.0,0.0,93.9,13.0,Joint App,7,High Risk,Manual Review
133051607,15000.0, 60 months,28.72,F,F1,10+ years,MORTGAGE,44788.0,Verified,debt_consolidation,MI,47.51,0.0,690.0,694.0,2.0,45.3,19.0,Joint App,5,High Risk,Manual Review
132952681,7200.0, 36 months,24.84,E,E3,,RENT,30000.0,Verified,debt_consolidation,CA,30.24,0.0,665.0,669.0,0.0,52.1,18.0,Joint App,5,High Risk,Manual Review
131803186,14900.0, 60 months,30.65,F,F4,,RENT,22764.0,Verified,credit_card,CA,34.11,0.0,675.0,679.0,0.0,66.7,18.0,Individual,5,High Risk,Manual Review
132956144,30000.0, 60 months,28.72,F,F1,5 years,RENT,25000.0,Not Verified,debt_consolidation,OR,63.56,1.0,670.0,674.0,1.0,91.9,30.0,Joint App,7,High Risk,Manual Review
133042130,4000.0, 36 months,18.45,D,D2,5 years,MORTGAGE,137000.0,Not Verified,other,MD,30.22,1.0,710.0,714.0,0.0,91.8,25.0,Joint App,5,High Risk,Manual Review
131848839,3000.0, 36 months,22.9,E,E1,10+ years,MORTGAGE,47000.0,Verified,home_improvement,IL,32.1,0.0,685.0,689.0,2.0,53.4,26.0,Individual,5,High Risk,Manual Review
133004274,35000.0, 60 months,26.77,E,E5,6 years,OWN,307000.0,Verified,debt_consolidation,DE,24.93,1.0,675.0,679.0,1.0,98.0,29.0,Individual,5,High Risk,Manual Review
132669810,7075.0, 36 months,19.42,D,D3,10+ years,RENT,32000.0,Verified,credit_card,AL,36.5,4.0,660.0,664.0,0.0,81.0,20.0,Individual,5,High Risk,Manual Review
131668677,7175.0, 36 months,20.39,D,D4,,MORTGAGE,73032.0,Verified,vacation,MD,31.25,1.0,680.0,684.0,0.0,92.7,21.0,Individual,5,High Risk,Manual Review
132767628,25000.0, 60 months,26.77,E,E5,1 year,MORTGAGE,35360.0,Source Verified,debt_consolidation,OK,36.28,0.0,660.0,664.0,0.0,79.9,17.0,Joint App,5,High Risk,Manual Review
132956549,28000.0, 60 months,30.79,G,G1,1 year,RENT,11000.0,Source Verified,debt_consolidation,WA,245.74,1.0,725.0,729.0,1.0,33.9,39.0,Joint App,6,High Risk,Manual Review
132659806,25000.0, 60 months,19.42,D,D3,3 years,MORTGAGE,55000.0,Source Verified,debt_consolidation,TX,32.78,1.0,665.0,669.0,0.0,89.7,18.0,Joint App,5,High Risk,Manual Review
132135033,25000.0, 60 months,30.79,G,G1,10+ years,RENT,62500.0,Verified,debt_consolidation,NV,39.0,0.0,675.0,679.0,2.0,71.8,23.0,Individual,5,High Risk,Manual Review
132055917,35000.0, 36 months,24.84,E,E3,1 year,RENT,30000.0,Not Verified,debt_consolidation,IL,31.4,0.0,680.0,684.0,2.0,15.0,19.0,Joint App,5,High Risk,Manual Review
132628670,28650.0, 60 months,26.77,E,E5,< 1 year,RENT,28320.0,Verified,debt_consolidation,FL,47.08,0.0,665.0,669.0,1.0,50.8,57.0,Joint App,5,High Risk,Manual Review
132564599,25000.0, 60 months,30.65,F,F4,2 years,MORTGAGE,30000.0,Not Verified,debt_consolidation,PA,58.92,3.0,660.0,664.0,2.0,72.4,21.0,Joint App,6,High Risk,Manual Review
132809414,8000.0, 36 months,30.84,G,G2,4 years,MORTGAGE,75000.0,Verified,other,NC,39.71,0.0,685.0,689.0,0.0,83.0,17.0,Individual,6,High Risk,Manual Review
132175594,12000.0, 60 months,30.17,F,F3,< 1 year,MORTGAGE,38000.0,Not Verified,credit_card,KY,33.92,0.0,665.0,669.0,0.0,54.2,21.0,Joint App,5,High Risk,Manual Review
133006861,25625.0, 60 months,24.84,E,E3,,MORTGAGE,81552.72,Not Verified,debt_consolidation,VA,31.6,0.0,685.0,689.0,0.0,43.0,63.0,Individual,5,High Risk,Manual Review
133008661,6400.0, 36 months,26.77,E,E5,10+ years,MORTGAGE,55000.0,Verified,debt_consolidation,TX,35.02,0.0,700.0,704.0,1.0,57.1,19.0,Individual,5,High Risk,Manual Review
132357576,32000.0, 60 months,29.69,F,F2,5 years,OWN,27800.0,Verified,debt_consolidation,SC,69.56,0.0,665.0,669.0,0.0,93.0,19.0,Joint App,6,High Risk,Manual Review
132735695,30000.0, 60 months,26.77,E,E5,7 years,OWN,75000.0,Source Verified,credit_card,NY,35.09,0.0,700.0,704.0,1.0,81.7,22.0,Joint App,6,High Risk,Manual Review
133129050,20000.0, 60 months,25.81,E,E4,10+ years,MORTGAGE,82134.47,Not Verified,debt_consolidation,TX,31.37,0.0,670.0,674.0,0.0,25.8,62.0,Individual,5,High Risk,Manual Review
132240397,12000.0, 60 months,25.81,E,E4,10+ years,RENT,42500.0,Verified,debt_consolidation,OH,45.78,0.0,690.0,694.0,3.0,68.4,20.0,Joint App,5,High Risk,Manual Review
132207128,15675.0, 60 months,23.87,E,E2,5 years,MORTGAGE,65000.0,Verified,credit_card,FL,31.96,0.0,675.0,679.0,0.0,77.0,28.0,Individual,5,High Risk,Manual Review
133008725,5000.0, 36 months,25.81,E,E4,,MORTGAGE,17328.0,Verified,medical,OH,51.32,1.0,660.0,664.0,2.0,76.2,15.0,Joint App,6,High Risk,Manual Review
131984142,15100.0, 60 months,30.75,F,F5,5 years,MORTGAGE,61000.0,Verified,debt_consolidation,OK,32.74,0.0,700.0,704.0,1.0,96.2,12.0,Individual,6,High Risk,Manual Review
132554960,25000.0, 60 months,28.72,F,F1,7 years,MORTGAGE,50000.0,Not Verified,debt_consolidation,WV,30.91,0.0,700.0,704.0,1.0,86.0,26.0,Individual,6,High Risk,Manual Review
132837578,8000.0, 36 months,24.84,E,E3,10+ years,RENT,76513.0,Source Verified,debt_consolidation,HI,36.51,0.0,695.0,699.0,2.0,76.1,22.0,Individual,5,High Risk,Manual Review
132585371,30000.0, 36 months,22.9,E,E1,2 years,RENT,108000.0,Not Verified,debt_consolidation,TX,45.08,0.0,670.0,674.0,0.0,78.4,24.0,Joint App,5,High Risk,Manual Review
132763190,2000.0, 36 months,23.87,E,E2,10+ years,MORTGAGE,80000.0,Verified,other,OH,31.28,2.0,700.0,704.0,0.0,89.5,15.0,Individual,7,High Risk,Manual Review
132931293,18000.0, 60 months,15.04,C,C4,10+ years,MORTGAGE,58060.0,Verified,credit_card,OH,48.51,1.0,690.0,694.0,0.0,89.0,30.0,Joint App,5,High Risk,Manual Review
132053525,10200.0, 60 months,24.84,E,E3,5 years,RENT,30000.0,Verified,debt_consolidation,NJ,64.92,0.0,665.0,669.0,1.0,40.0,24.0,Joint App,5,High Risk,Manual Review
132975094,15000.0, 60 months,29.69,F,F2,6 years,MORTGAGE,50000.0,Verified,other,OK,38.0,0.0,700.0,704.0,0.0,88.7,16.0,Individual,6,High Risk,Manual Review
132333033,18000.0, 36 months,19.42,D,D3,1 year,MORTGAGE,36000.0,Source Verified,debt_consolidation,KY,32.53,1.0,680.0,684.0,0.0,97.1,26.0,Joint App,5,High Risk,Manual Review
132523112,3325.0, 36 months,22.9,E,E1,10+ years,OWN,50000.0,Not Verified,debt_consolidation,CA,31.59,0.0,670.0,674.0,0.0,96.2,11.0,Individual,6,High Risk,Manual Review
133079038,12000.0, 36 months,22.9,E,E1,9 years,RENT,40000.0,Source Verified,debt_consolidation,LA,32.94,1.0,690.0,694.0,0.0,45.0,13.0,Individual,6,High Risk,Manual Review
132813863,11975.0, 60 months,30.17,F,F3,,RENT,17688.0,Verified,house,NC,53.93,0.0,735.0,739.0,1.0,18.0,23.0,Joint App,5,High Risk,Manual Review
132928148,8000.0, 36 months,22.9,E,E1,4 years,RENT,49000.0,Verified,other,TX,40.44,0.0,660.0,664.0,1.0,37.3,17.0,Joint App,5,High Risk,Manual Review
132734292,20000.0, 60 months,24.84,E,E3,,RENT,49000.0,Not Verified,debt_consolidation,VA,31.99,0.0,740.0,744.0,0.0,18.3,23.0,Individual,5,High Risk,Manual Review
132933433,30000.0, 60 months,26.77,E,E5,10+ years,MORTGAGE,80000.0,Source Verified,debt_consolidation,TX,32.22,0.0,725.0,729.0,1.0,44.7,38.0,Individual,5,High Risk,Manual Review
132904871,6000.0, 36 months,26.77,E,E5,,MORTGAGE,18696.0,Verified,credit_card,CT,25.87,1.0,665.0,669.0,0.0,102.1,10.0,Joint App,5,High Risk,Manual Review
132930263,15000.0, 60 months,25.81,E,E4,2 years,RENT,70000.0,Verified,credit_card,CO,38.15,0.0,715.0,719.0,1.0,26.0,30.0,Individual,5,High Risk,Manual Review
132928860,12800.0, 60 months,25.81,E,E4,,MORTGAGE,56250.0,Verified,credit_card,FL,38.64,0.0,725.0,729.0,0.0,24.7,55.0,Individual,5,High Risk,Manual Review
132599232,20000.0, 36 months,23.87,E,E2,10+ years,OWN,140000.0,Verified,other,SC,21.1,2.0,665.0,669.0,0.0,96.0,27.0,Individual,5,High Risk,Manual Review
132872217,16000.0, 60 months,28.72,F,F1,7 years,RENT,70183.0,Source Verified,credit_card,OK,36.71,0.0,670.0,674.0,0.0,98.6,16.0,Individual,6,High Risk,Manual Review
132488173,32450.0, 36 months,26.77,E,E5,6 years,MORTGAGE,54000.0,Verified,debt_consolidation,FL,41.09,0.0,710.0,714.0,0.0,32.2,23.0,Joint App,5,High Risk,Manual Review
132192464,8125.0, 36 months,22.9,E,E1,10+ years,MORTGAGE,27000.0,Not Verified,home_improvement,MA,38.71,1.0,690.0,694.0,2.0,36.4,35.0,Joint App,6,High Risk,Manual Review
132903113,6400.0, 36 months,17.47,D,D1,1 year,MORTGAGE,40000.0,Not Verified,major_purchase,DE,31.56,1.0,670.0,674.0,0.0,89.2,24.0,Joint App,5,High Risk,Manual Review
132760102,32000.0, 60 months,25.81,E,E4,2 years,MORTGAGE,11000.0,Not Verified,credit_card,WA,260.26,0.0,690.0,694.0,0.0,38.4,22.0,Joint App,5,High Risk,Manual Review
132628486,12000.0, 60 months,29.69,F,F2,< 1 year,RENT,23000.0,Source Verified,credit_card,KY,52.56,0.0,665.0,669.0,2.0,37.5,11.0,Joint App,5,High Risk,Manual Review
132869952,32000.0, 60 months,30.17,F,F3,6 years,MORTGAGE,65000.0,Verified,major_purchase,TX,30.15,0.0,690.0,694.0,1.0,31.6,24.0,Joint App,5,High Risk,Manual Review
132358347,24000.0, 36 months,22.9,E,E1,6 years,RENT,50000.0,Source Verified,debt_consolidation,TX,31.49,0.0,660.0,664.0,2.0,42.7,77.0,Individual,5,High Risk,Manual Review
132829856,25000.0, 60 months,24.84,E,E3,1 year,MORTGAGE,135000.0,Source Verified,house,FL,16.02,1.0,680.0,684.0,0.0,93.5,13.0,Individual,5,High Risk,Manual Review
132375586,16200.0, 60 months,24.84,E,E3,2 years,OWN,45000.0,Not Verified,credit_card,NY,30.77,0.0,660.0,664.0,1.0,85.0,18.0,Individual,6,High Risk,Manual Review
132730528,8900.0, 36 months,26.77,E,E5,,MORTGAGE,35000.0,Not Verified,debt_consolidation,AR,33.98,0.0,670.0,674.0,2.0,59.5,17.0,Individual,5,High Risk,Manual Review
132823490,15000.0, 36 months,22.9,E,E1,9 years,MORTGAGE,105000.0,Verified,debt_consolidation,TX,37.5,1.0,665.0,669.0,0.0,57.1,23.0,Individual,6,High Risk,Manual Review
132538305,8000.0, 36 months,25.81,E,E4,< 1 year,OWN,50000.0,Not Verified,debt_consolidation,MI,33.04,0.0,665.0,669.0,0.0,76.8,30.0,Joint App,5,High Risk,Manual Review
133030933,12000.0, 60 months,25.81,E,E4,< 1 year,RENT,37440.0,Verified,debt_consolidation,MI,32.82,0.0,700.0,704.0,2.0,58.8,14.0,Individual,5,High Risk,Manual Review
132897446,35000.0, 60 months,24.84,E,E3,1 year,MORTGAGE,45000.0,Verified,credit_card,AZ,78.42,0.0,710.0,714.0,0.0,84.1,23.0,Joint App,6,High Risk,Manual Review
132429849,16000.0, 60 months,22.9,E,E1,,OWN,3000.0,Verified,debt_consolidation,IL,151.2,0.0,660.0,664.0,0.0,78.4,9.0,Joint App,5,High Risk,Manual Review
132926658,10000.0, 60 months,26.77,E,E5,4 years,RENT,30000.0,Not Verified,debt_consolidation,KS,31.04,1.0,695.0,699.0,1.0,76.8,29.0,Joint App,6,High Risk,Manual Review
132658895,24625.0, 60 months,30.89,G,G3,2 years,MORTGAGE,36000.0,Verified,credit_card,MN,75.5,0.0,660.0,664.0,0.0,90.5,35.0,Joint App,6,High Risk,Manual Review
132375397,13875.0, 36 months,30.75,F,F5,,MORTGAGE,70000.0,Verified,debt_consolidation,NC,31.53,0.0,680.0,684.0,0.0,98.6,55.0,Individual,6,High Risk,Manual Review
132824124,20650.0, 60 months,30.75,F,F5,2 years,MORTGAGE,71843.0,Verified,debt_consolidation,GA,38.61,2.0,675.0,679.0,1.0,65.2,28.0,Individual,6,High Risk,Manual Review
132870599,40000.0, 60 months,28.72,F,F1,6 years,MORTGAGE,20000.0,Verified,debt_consolidation,CA,92.02,0.0,720.0,724.0,2.0,56.8,27.0,Joint App,5,High Risk,Manual Review
132494256,35000.0, 36 months,22.9,E,E1,10+ years,MORTGAGE,40000.0,Source Verified,debt_consolidation,NM,33.39,0.0,660.0,664.0,0.0,16.8,29.0,Joint App,5,High Risk,Manual Review
132532662,14000.0, 60 months,30.17,F,F3,3 years,RENT,40000.0,Source Verified,debt_consolidation,AZ,30.45,0.0,670.0,674.0,2.0,20.2,13.0,Joint App,5,High Risk,Manual Review
132898522,9000.0, 36 months,22.9,E,E1,< 1 year,MORTGAGE,30000.0,Not Verified,home_improvement,GA,79.16,2.0,660.0,664.0,1.0,57.4,54.0,Joint App,6,High Risk,Manual Review
132526335,17750.0, 60 months,30.79,G,G1,8 years,RENT,41000.0,Verified,debt_consolidation,TX,37.27,0.0,730.0,734.0,0.0,67.9,21.0,Individual,5,High Risk,Manual Review
132876964,8000.0, 36 months,23.87,E,E2,1 year,MORTGAGE,25000.0,Verified,debt_consolidation,LA,38.36,0.0,685.0,689.0,0.0,60.9,33.0,Individual,5,High Risk,Manual Review
132882407,14000.0, 60 months,28.72,F,F1,1 year,RENT,30000.0,Source Verified,debt_consolidation,KY,33.6,1.0,685.0,689.0,2.0,5.2,11.0,Individual,6,High Risk,Manual Review
132931858,10000.0, 60 months,26.77,E,E5,,OWN,20000.0,Not Verified,debt_consolidation,WA,35.47,0.0,705.0,709.0,0.0,69.9,9.0,Individual,5,High Risk,Manual Review
132449089,14400.0, 60 months,24.84,E,E3,10+ years,MORTGAGE,100000.0,Verified,credit_card,CT,33.88,0.0,690.0,694.0,0.0,82.0,42.0,Individual,6,High Risk,Manual Review
131910588,25850.0, 60 months,28.72,F,F1,10+ years,RENT,39800.0,Verified,other,GA,36.87,0.0,705.0,709.0,2.0,9.1,39.0,Joint App,5,High Risk,Manual Review
132599166,20175.0, 60 months,29.69,F,F2,4 years,MORTGAGE,60000.0,Not Verified,debt_consolidation,CT,38.68,0.0,665.0,669.0,0.0,69.5,21.0,Joint App,5,High Risk,Manual Review
132866855,5000.0, 36 months,26.77,E,E5,2 years,MORTGAGE,1000.0,Verified,medical,GA,455.42,1.0,665.0,669.0,1.0,40.3,15.0,Joint App,6,High Risk,Manual Review
132868314,10000.0, 36 months,16.01,C,C5,10+ years,RENT,74000.0,Source Verified,debt_consolidation,TN,33.0,1.0,675.0,679.0,0.0,86.6,17.0,Individual,5,High Risk,Manual Review
132951342,28800.0, 36 months,21.85,D,D5,7 years,RENT,114299.0,Source Verified,debt_consolidation,CA,36.96,2.0,700.0,704.0,1.0,87.2,35.0,Individual,5,High Risk,Manual Review
132670805,10000.0, 60 months,30.65,F,F4,,MORTGAGE,14964.0,Verified,debt_consolidation,WI,35.77,0.0,700.0,704.0,2.0,15.3,22.0,Joint App,5,High Risk,Manual Review
132662920,22950.0, 60 months,25.81,E,E4,3 years,MORTGAGE,36000.0,Not Verified,debt_consolidation,OH,52.13,0.0,735.0,739.0,3.0,9.0,33.0,Joint App,5,High Risk,Manual Review
132813699,30000.0, 36 months,19.42,D,D3,6 years,OWN,113000.0,Verified,debt_consolidation,MD,32.08,1.0,680.0,684.0,0.0,85.4,17.0,Individual,5,High Risk,Manual Review
132257801,15000.0, 36 months,23.87,E,E2,10+ years,RENT,104500.0,Source Verified,moving,NC,30.97,2.0,680.0,684.0,3.0,62.6,60.0,Joint App,6,High Risk,Manual Review
132837703,16000.0, 60 months,29.69,F,F2,10+ years,MORTGAGE,95000.0,Not Verified,debt_consolidation,TX,41.55,0.0,665.0,669.0,2.0,65.5,78.0,Joint App,5,High Risk,Manual Review
132587814,30000.0, 36 months,25.81,E,E4,< 1 year,RENT,46000.0,Verified,debt_consolidation,AK,54.94,0.0,675.0,679.0,0.0,84.1,49.0,Joint App,6,High Risk,Manual Review
132835168,15000.0, 60 months,24.84,E,E3,10+ years,OWN,40000.0,Verified,debt_consolidation,FL,32.52,0.0,665.0,669.0,0.0,11.0,31.0,Individual,5,High Risk,Manual Review
130498599,10000.0, 60 months,28.72,F,F1,< 1 year,RENT,30000.0,Not Verified,debt_consolidation,NH,31.28,0.0,670.0,674.0,0.0,75.4,15.0,Individual,5,High Risk,Manual Review
132628650,10000.0, 36 months,25.81,E,E4,1 year,OWN,80000.0,Source Verified,other,NJ,31.29,0.0,715.0,719.0,0.0,53.5,30.0,Joint App,5,High Risk,Manual Review
132530754,16000.0, 60 months,24.84,E,E3,10+ years,OWN,55000.0,Verified,major_purchase,CA,36.46,0.0,735.0,739.0,1.0,14.2,20.0,Individual,5,High Risk,Manual Review
132522533,25000.0, 36 months,25.81,E,E4,3 years,MORTGAGE,80000.0,Source Verified,debt_consolidation,TN,36.09,0.0,730.0,734.0,1.0,62.6,30.0,Individual,5,High Risk,Manual Review
131937731,17000.0, 36 months,22.9,E,E1,10+ years,RENT,53199.0,Source Verified,credit_card,IN,39.57,0.0,715.0,719.0,0.0,32.7,37.0,Individual,5,High Risk,Manual Review
131723202,10025.0, 60 months,25.81,E,E4,3 years,OWN,19200.0,Verified,other,NV,35.06,0.0,660.0,664.0,0.0,27.8,8.0,Individual,5,High Risk,Manual Review
132206928,3675.0, 36 months,29.69,F,F2,10+ years,RENT,41000.0,Not Verified,debt_consolidation,CA,39.49,0.0,685.0,689.0,0.0,89.0,20.0,Individual,6,High Risk,Manual Review
132918057,10000.0, 60 months,25.81,E,E4,8 years,RENT,60000.0,Not Verified,debt_consolidation,NJ,30.52,0.0,660.0,664.0,1.0,51.1,24.0,Individual,5,High Risk,Manual Review
132371546,4300.0, 36 months,26.77,E,E5,10+ years,MORTGAGE,27000.0,Verified,debt_consolidation,AZ,34.31,0.0,690.0,694.0,1.0,26.8,29.0,Individual,5,High Risk,Manual Review
132046569,14400.0, 60 months,30.65,F,F4,10+ years,MORTGAGE,47000.0,Source Verified,debt_consolidation,VA,56.0,0.0,675.0,679.0,0.0,62.6,25.0,Joint App,5,High Risk,Manual Review
131466747,15000.0, 60 months,26.77,E,E5,10+ years,RENT,50000.0,Verified,major_purchase,LA,30.75,0.0,720.0,724.0,1.0,19.4,19.0,Individual,5,High Risk,Manual Review
132044689,20000.0, 36 months,22.9,E,E1,4 years,RENT,30000.0,Source Verified,debt_consolidation,NE,49.56,0.0,690.0,694.0,3.0,66.4,10.0,Joint App,5,High Risk,Manual Review
132810823,10000.0, 60 months,26.77,E,E5,10+ years,RENT,58800.0,Source Verified,debt_consolidation,NC,34.84,0.0,695.0,699.0,2.0,46.4,24.0,Individual,5,High Risk,Manual Review
132670216,25000.0, 60 months,30.75,F,F5,1 year,RENT,98000.0,Source Verified,debt_consolidation,GA,32.4,0.0,665.0,669.0,0.0,94.6,17.0,Individual,6,High Risk,Manual Review
132374770,20000.0, 36 months,23.87,E,E2,7 years,RENT,25000.0,Source Verified,debt_consolidation,GA,32.26,1.0,665.0,669.0,1.0,44.0,7.0,Joint App,6,High Risk,Manual Review
132600573,20000.0, 60 months,28.72,F,F1,10+ years,OWN,75000.0,Source Verified,debt_consolidation,KY,37.52,0.0,685.0,689.0,1.0,67.3,26.0,Joint App,5,High Risk,Manual Review
132824432,24000.0, 36 months,19.42,D,D3,2 years,RENT,195000.0,Verified,debt_consolidation,NC,32.28,1.0,680.0,684.0,0.0,94.0,51.0,Individual,5,High Risk,Manual Review
132353063,25000.0, 60 months,30.75,F,F5,< 1 year,MORTGAGE,165000.0,Source Verified,debt_consolidation,VA,31.98,0.0,695.0,699.0,0.0,93.6,36.0,Individual,6,High Risk,Manual Review
131612561,3000.0, 36 months,22.9,E,E1,< 1 year,OWN,11000.0,Source Verified,moving,MO,30.02,0.0,665.0,669.0,0.0,47.0,11.0,Joint App,5,High Risk,Manual Review
131105657,15000.0, 60 months,30.79,G,G1,,MORTGAGE,78000.0,Not Verified,debt_consolidation,CT,35.22,0.0,740.0,744.0,0.0,24.1,47.0,Individual,5,High Risk,Manual Review
132737667,16000.0, 36 months,22.9,E,E1,10+ years,RENT,42000.0,Verified,credit_card,CA,30.97,0.0,700.0,704.0,0.0,94.2,27.0,Individual,6,High Risk,Manual Review
131432774,4200.0, 36 months,25.81,E,E4,,MORTGAGE,44000.0,Source Verified,debt_consolidation,FL,43.37,1.0,695.0,699.0,1.0,34.6,50.0,Joint App,6,High Risk,Manual Review
131614583,18225.0, 36 months,21.85,D,D5,10+ years,MORTGAGE,85000.0,Verified,debt_consolidation,MD,37.31,1.0,680.0,684.0,1.0,86.8,16.0,Individual,5,High Risk,Manual Review
132400438,25000.0, 36 months,24.84,E,E3,10+ years,MORTGAGE,800000.0,Verified,home_improvement,CA,12.26,2.0,665.0,669.0,1.0,89.1,30.0,Individual,5,High Risk,Manual Review
131337867,30000.0, 60 months,18.45,D,D2,10+ years,RENT,60000.0,Not Verified,debt_consolidation,WY,48.1,1.0,660.0,664.0,0.0,96.5,24.0,Joint App,5,High Risk,Manual Review
132511719,24000.0, 36 months,24.84,E,E3,7 years,MORTGAGE,61000.0,Verified,credit_card,IN,47.88,0.0,690.0,694.0,1.0,86.0,35.0,Joint App,6,High Risk,Manual Review
132622743,40000.0, 60 months,24.84,E,E3,,MORTGAGE,5500.0,Verified,debt_consolidation,MA,254.8,0.0,700.0,704.0,0.0,68.7,25.0,Joint App,5,High Risk,Manual Review
132567670,15000.0, 36 months,23.87,E,E2,< 1 year,MORTGAGE,65000.0,Verified,debt_consolidation,PA,35.95,2.0,660.0,664.0,0.0,63.1,31.0,Individual,6,High Risk,Manual Review
132736288,27600.0, 60 months,25.81,E,E4,1 year,MORTGAGE,74630.0,Verified,medical,TX,36.0,0.0,675.0,679.0,0.0,62.1,28.0,Individual,5,High Risk,Manual Review
131994781,25000.0, 60 months,26.77,E,E5,1 year,MORTGAGE,51000.0,Source Verified,debt_consolidation,TX,34.8,0.0,700.0,704.0,0.0,70.3,19.0,Individual,5,High Risk,Manual Review
132488428,25000.0, 36 months,23.87,E,E2,< 1 year,OWN,220000.0,Not Verified,credit_card,SC,31.21,1.0,710.0,714.0,0.0,75.7,30.0,Individual,6,High Risk,Manual Review
132645431,10000.0, 60 months,17.47,D,D1,7 years,RENT,45000.0,Source Verified,credit_card,CA,30.93,1.0,700.0,704.0,0.0,81.8,13.0,Individual,5,High Risk,Manual Review
131015200,8100.0, 36 months,23.87,E,E2,,MORTGAGE,55834.32,Verified,other,KY,35.81,1.0,680.0,684.0,0.0,64.0,32.0,Individual,6,High Risk,Manual Review
132434763,10000.0, 36 months,24.84,E,E3,,MORTGAGE,32000.0,Verified,debt_consolidation,FL,27.08,1.0,675.0,679.0,0.0,97.0,20.0,Individual,5,High Risk,Manual Review
132732270,30000.0, 60 months,25.81,E,E4,10+ years,MORTGAGE,53000.0,Not Verified,debt_consolidation,FL,44.18,0.0,705.0,709.0,1.0,96.6,14.0,Joint App,6,High Risk,Manual Review
132238139,19500.0, 60 months,30.65,F,F4,7 years,MORTGAGE,62000.0,Verified,debt_consolidation,KS,47.21,0.0,665.0,669.0,1.0,66.9,40.0,Joint App,5,High Risk,Manual Review
132734827,15000.0, 60 months,26.77,E,E5,7 years,RENT,30000.0,Verified,debt_consolidation,CA,39.32,0.0,700.0,704.0,1.0,37.3,30.0,Individual,5,High Risk,Manual Review
131700829,20000.0, 36 months,23.87,E,E2,10+ years,OWN,49000.0,Not Verified,debt_consolidation,TN,29.61,1.0,660.0,664.0,0.0,97.4,12.0,Individual,5,High Risk,Manual Review
132734359,5000.0, 36 months,23.87,E,E2,2 years,MORTGAGE,50000.0,Not Verified,home_improvement,MI,26.96,1.0,680.0,684.0,0.0,89.1,14.0,Joint App,5,High Risk,Manual Review
132728291,12000.0, 36 months,20.39,D,D4,4 years,RENT,42000.0,Source Verified,major_purchase,NY,34.09,2.0,665.0,669.0,0.0,82.4,26.0,Individual,5,High Risk,Manual Review
132536592,10000.0, 36 months,22.9,E,E1,10+ years,RENT,80000.0,Source Verified,debt_consolidation,IL,33.92,1.0,660.0,664.0,0.0,47.0,50.0,Joint App,6,High Risk,Manual Review
132557970,40000.0, 60 months,30.75,F,F5,4 years,RENT,51000.0,Verified,debt_consolidation,TN,56.99,0.0,730.0,734.0,1.0,33.0,41.0,Joint App,5,High Risk,Manual Review
132535255,30000.0, 36 months,22.9,E,E1,10+ years,MORTGAGE,145000.0,Not Verified,debt_consolidation,CA,35.6,0.0,690.0,694.0,1.0,65.0,30.0,Individual,5,High Risk,Manual Review
132149687,15000.0, 60 months,30.89,G,G3,7 years,RENT,65000.0,Verified,debt_consolidation,CT,30.63,0.0,665.0,669.0,2.0,42.0,35.0,Individual,5,High Risk,Manual Review
132695341,20000.0, 60 months,28.72,F,F1,3 years,MORTGAGE,54000.0,Source Verified,debt_consolidation,OH,31.0,2.0,670.0,674.0,0.0,60.3,29.0,Joint App,6,High Risk,Manual Review
132652131,8000.0, 36 months,24.84,E,E3,2 years,RENT,25000.0,Not Verified,debt_consolidation,FL,69.66,0.0,670.0,674.0,0.0,67.8,16.0,Joint App,5,High Risk,Manual Review
132308704,1400.0, 36 months,23.87,E,E2,,RENT,39360.0,Verified,moving,FL,55.88,0.0,665.0,669.0,0.0,53.7,19.0,Joint App,5,High Risk,Manual Review
132561865,25000.0, 60 months,30.79,G,G1,2 years,MORTGAGE,140000.0,Verified,debt_consolidation,FL,35.36,0.0,690.0,694.0,1.0,71.1,37.0,Individual,5,High Risk,Manual Review
132532017,30000.0, 60 months,26.77,E,E5,4 years,RENT,37440.0,Verified,debt_consolidation,CA,49.71,0.0,680.0,684.0,0.0,72.8,19.0,Joint App,5,High Risk,Manual Review
132505171,10275.0, 60 months,30.79,G,G1,4 years,RENT,65000.0,Verified,debt_consolidation,MN,35.8,0.0,695.0,699.0,1.0,39.8,15.0,Joint App,5,High Risk,Manual Review
132366251,5000.0, 36 months,22.9,E,E1,4 years,RENT,55804.0,Source Verified,other,CA,31.23,0.0,665.0,669.0,0.0,68.6,15.0,Individual,5,High Risk,Manual Review
131425051,7200.0, 36 months,24.84,E,E3,1 year,RENT,29000.0,Verified,debt_consolidation,TX,31.37,0.0,715.0,719.0,1.0,29.0,12.0,Individual,5,High Risk,Manual Review
132659736,1200.0, 36 months,22.9,E,E1,3 years,RENT,29200.0,Source Verified,renewable_energy,FL,33.87,0.0,675.0,679.0,0.0,51.1,10.0,Individual,5,High Risk,Manual Review
132119003,2750.0, 36 months,26.77,E,E5,4 years,MORTGAGE,30000.0,Verified,debt_consolidation,MO,33.48,0.0,660.0,664.0,0.0,37.5,32.0,Individual,5,High Risk,Manual Review
132640062,15000.0, 60 months,30.65,F,F4,10+ years,MORTGAGE,48000.0,Not Verified,debt_consolidation,CA,49.2,0.0,665.0,669.0,0.0,72.9,27.0,Joint App,5,High Risk,Manual Review
131572696,25000.0, 36 months,24.84,E,E3,10+ years,RENT,155000.0,Source Verified,credit_card,CA,35.34,0.0,665.0,669.0,1.0,75.3,58.0,Individual,5,High Risk,Manual Review
132587832,12500.0, 60 months,26.77,E,E5,3 years,RENT,40320.0,Not Verified,debt_consolidation,CA,35.18,0.0,715.0,719.0,0.0,78.7,14.0,Individual,5,High Risk,Manual Review
131113471,18000.0, 60 months,25.81,E,E4,10+ years,RENT,77000.0,Verified,credit_card,AZ,35.63,0.0,660.0,664.0,0.0,77.6,28.0,Individual,5,High Risk,Manual Review
131118284,7900.0, 36 months,23.87,E,E2,,MORTGAGE,38000.0,Verified,debt_consolidation,WI,36.18,0.0,665.0,669.0,0.0,42.6,25.0,Individual,5,High Risk,Manual Review
132376751,10000.0, 36 months,25.81,E,E4,< 1 year,MORTGAGE,49728.0,Verified,debt_consolidation,WY,39.41,0.0,665.0,669.0,0.0,65.6,40.0,Joint App,5,High Risk,Manual Review
132517496,20000.0, 60 months,22.9,E,E1,6 years,MORTGAGE,97000.0,Verified,debt_consolidation,MS,18.69,7.0,695.0,699.0,2.0,94.0,20.0,Individual,5,High Risk,Manual Review
132619530,14400.0, 36 months,23.87,E,E2,4 years,RENT,38000.0,Verified,debt_consolidation,WI,30.61,0.0,695.0,699.0,0.0,43.3,13.0,Individual,5,High Risk,Manual Review
132116929,10000.0, 36 months,23.87,E,E2,6 years,RENT,65000.0,Source Verified,debt_consolidation,WA,32.96,1.0,675.0,679.0,0.0,94.3,16.0,Individual,7,High Risk,Manual Review
132643379,18000.0, 60 months,24.84,E,E3,6 years,RENT,56000.0,Source Verified,credit_card,IL,36.48,0.0,715.0,719.0,0.0,48.2,27.0,Individual,5,High Risk,Manual Review
132554472,10900.0, 36 months,22.9,E,E1,3 years,MORTGAGE,43500.0,Verified,home_improvement,OR,35.7,0.0,700.0,704.0,1.0,38.3,11.0,Individual,5,High Risk,Manual Review
132584756,9000.0, 36 months,23.87,E,E2,5 years,OWN,33200.0,Verified,other,TX,34.35,1.0,690.0,694.0,2.0,24.1,56.0,Individual,6,High Risk,Manual Review
132639921,18000.0, 60 months,26.77,E,E5,6 years,MORTGAGE,149900.0,Not Verified,debt_consolidation,VA,31.08,0.0,695.0,699.0,3.0,94.9,54.0,Individual,6,High Risk,Manual Review
132629522,13300.0, 36 months,22.9,E,E1,10+ years,MORTGAGE,83517.0,Verified,debt_consolidation,MD,38.41,0.0,675.0,679.0,0.0,63.6,15.0,Individual,5,High Risk,Manual Review
132490433,25000.0, 60 months,28.72,F,F1,6 years,MORTGAGE,70000.0,Source Verified,debt_consolidation,IN,35.11,0.0,705.0,709.0,2.0,39.3,35.0,Individual,5,High Risk,Manual Review
132592267,25200.0, 36 months,24.84,E,E3,< 1 year,OWN,12000.0,Source Verified,debt_consolidation,OH,57.5,0.0,670.0,674.0,0.0,56.7,13.0,Joint App,5,High Risk,Manual Review
132583304,21600.0, 60 months,26.77,E,E5,10+ years,RENT,60000.0,Verified,credit_card,TX,35.92,0.0,705.0,709.0,2.0,90.0,20.0,Individual,6,High Risk,Manual Review
132567179,25000.0, 60 months,25.81,E,E4,3 years,MORTGAGE,71000.0,Verified,debt_consolidation,TX,37.32,0.0,685.0,689.0,0.0,63.5,46.0,Individual,5,High Risk,Manual Review
131868954,15000.0, 60 months,30.75,F,F5,10+ years,RENT,61000.0,Not Verified,credit_card,UT,36.11,0.0,670.0,674.0,0.0,64.9,28.0,Individual,5,High Risk,Manual Review
132498909,15000.0, 60 months,18.45,D,D2,1 year,MORTGAGE,52000.0,Verified,credit_card,MN,31.69,1.0,690.0,694.0,1.0,89.8,26.0,Individual,5,High Risk,Manual Review
132561281,30000.0, 60 months,25.81,E,E4,10+ years,MORTGAGE,68000.0,Verified,debt_consolidation,PA,30.16,0.0,690.0,694.0,0.0,30.7,26.0,Individual,5,High Risk,Manual Review
132170859,10500.0, 60 months,25.81,E,E4,3 years,OWN,82000.0,Source Verified,debt_consolidation,TX,32.52,0.0,695.0,699.0,0.0,49.2,31.0,Joint App,5,High Risk,Manual Review
132582795,11000.0, 60 months,26.77,E,E5,4 years,MORTGAGE,86000.0,Not Verified,debt_consolidation,IN,24.02,1.0,665.0,669.0,2.0,90.6,44.0,Individual,5,High Risk,Manual Review
132496772,1000.0, 36 months,24.84,E,E3,10+ years,MORTGAGE,40000.0,Verified,other,MI,37.08,1.0,670.0,674.0,0.0,88.0,11.0,Individual,7,High Risk,Manual Review
132396969,4000.0, 36 months,23.87,E,E2,10+ years,RENT,59000.0,Not Verified,major_purchase,VA,33.62,1.0,665.0,669.0,0.0,68.2,23.0,Individual,6,High Risk,Manual Review
130894227,20400.0, 60 months,25.81,E,E4,10+ years,MORTGAGE,60000.0,Not Verified,major_purchase,PA,43.72,0.0,660.0,664.0,0.0,86.3,23.0,Joint App,6,High Risk,Manual Review
132394373,30025.0, 60 months,26.77,E,E5,10+ years,RENT,69380.0,Verified,debt_consolidation,TX,30.69,1.0,680.0,684.0,0.0,66.0,24.0,Individual,6,High Risk,Manual Review
132057217,20000.0, 60 months,30.75,F,F5,7 years,RENT,55000.0,Verified,debt_consolidation,NJ,32.08,0.0,710.0,714.0,0.0,58.2,17.0,Joint App,5,High Risk,Manual Review
132583450,10000.0, 60 months,24.84,E,E3,10+ years,OWN,66000.0,Verified,credit_card,SC,36.98,0.0,710.0,714.0,0.0,30.7,27.0,Individual,5,High Risk,Manual Review
132245865,10000.0, 60 months,26.77,E,E5,5 years,RENT,34000.0,Source Verified,debt_consolidation,AZ,34.1,0.0,675.0,679.0,1.0,19.0,14.0,Individual,5,High Risk,Manual Review
131654414,32000.0, 60 months,25.81,E,E4,2 years,MORTGAGE,25000.0,Verified,home_improvement,UT,78.01,0.0,715.0,719.0,1.0,35.4,32.0,Joint App,5,High Risk,Manual Review
132514725,20000.0, 60 months,26.77,E,E5,2 years,MORTGAGE,95000.0,Source Verified,other,MS,32.36,0.0,665.0,669.0,0.0,49.4,18.0,Joint App,5,High Risk,Manual Review
131975254,20000.0, 60 months,30.75,F,F5,3 years,MORTGAGE,115000.0,Verified,other,WI,33.12,1.0,685.0,689.0,0.0,47.0,23.0,Individual,6,High Risk,Manual Review
132383261,25000.0, 36 months,25.81,E,E4,9 years,RENT,89000.0,Source Verified,debt_consolidation,NC,37.19,0.0,710.0,714.0,1.0,52.7,28.0,Individual,5,High Risk,Manual Review
132113493,14775.0, 36 months,24.84,E,E3,3 years,RENT,36000.0,Verified,debt_consolidation,TX,41.27,0.0,680.0,684.0,1.0,61.9,17.0,Joint App,5,High Risk,Manual Review
132587785,15000.0, 60 months,28.72,F,F1,10+ years,MORTGAGE,68000.0,Not Verified,house,OH,30.99,0.0,675.0,679.0,1.0,73.6,35.0,Individual,5,High Risk,Manual Review
132253017,18000.0, 60 months,26.77,E,E5,10+ years,MORTGAGE,25000.0,Verified,credit_card,OH,59.67,0.0,685.0,689.0,0.0,83.7,14.0,Joint App,6,High Risk,Manual Review
131717234,18000.0, 36 months,17.47,D,D1,,MORTGAGE,43620.0,Verified,debt_consolidation,TX,30.29,1.0,670.0,674.0,0.0,87.6,16.0,Individual,5,High Risk,Manual Review
132505086,1725.0, 36 months,24.84,E,E3,,MORTGAGE,18456.0,Verified,debt_consolidation,SC,39.27,0.0,730.0,734.0,0.0,21.1,31.0,Individual,5,High Risk,Manual Review
132210237,35000.0, 60 months,18.45,D,D2,4 years,MORTGAGE,140000.0,Verified,debt_consolidation,ME,34.06,1.0,690.0,694.0,1.0,95.6,39.0,Individual,5,High Risk,Manual Review
131109454,25000.0, 60 months,23.87,E,E2,10+ years,MORTGAGE,103500.0,Verified,debt_consolidation,PA,28.83,1.0,675.0,679.0,1.0,92.5,32.0,Individual,5,High Risk,Manual Review
132173900,40000.0, 60 months,28.72,F,F1,,RENT,50000.0,Verified,debt_consolidation,CA,43.88,0.0,720.0,724.0,2.0,26.6,17.0,Joint App,5,High Risk,Manual Review
132329566,35000.0, 36 months,20.39,D,D4,8 years,MORTGAGE,45000.0,Verified,debt_consolidation,TX,37.95,1.0,675.0,679.0,0.0,82.9,16.0,Joint App,5,High Risk,Manual Review
132531843,14550.0, 36 months,23.87,E,E2,< 1 year,RENT,46000.0,Verified,debt_consolidation,MO,38.3,0.0,660.0,664.0,0.0,65.0,17.0,Individual,5,High Risk,Manual Review
132508031,20000.0, 60 months,25.81,E,E4,,OWN,34000.0,Source Verified,debt_consolidation,MN,44.51,0.0,740.0,744.0,0.0,69.9,18.0,Joint App,5,High Risk,Manual Review
132525655,4900.0, 36 months,24.84,E,E3,4 years,RENT,16343.0,Verified,credit_card,TX,31.15,0.0,720.0,724.0,3.0,15.0,25.0,Individual,5,High Risk,Manual Review
132538778,30000.0, 36 months,16.01,C,C5,7 years,RENT,35000.0,Not Verified,debt_consolidation,CA,63.22,1.0,680.0,684.0,0.0,82.8,28.0,Joint App,5,High Risk,Manual Review
132530940,5800.0, 36 months,25.81,E,E4,10+ years,MORTGAGE,32000.0,Verified,debt_consolidation,CO,35.58,0.0,735.0,739.0,1.0,13.2,28.0,Individual,5,High Risk,Manual Review
132208932,12000.0, 36 months,22.9,E,E1,10+ years,MORTGAGE,68000.0,Not Verified,debt_consolidation,NV,31.56,0.0,660.0,664.0,0.0,66.6,68.0,Individual,5,High Risk,Manual Review
132541965,26000.0, 60 months,25.81,E,E4,7 years,MORTGAGE,65000.0,Source Verified,medical,WV,34.6,0.0,680.0,684.0,0.0,25.9,31.0,Individual,5,High Risk,Manual Review
132528705,10450.0, 36 months,15.04,C,C4,,RENT,84000.0,Not Verified,debt_consolidation,OH,31.77,1.0,675.0,679.0,2.0,84.1,16.0,Individual,5,High Risk,Manual Review
132146082,11025.0, 36 months,22.9,E,E1,,OWN,15358.0,Verified,debt_consolidation,NC,31.82,0.0,675.0,679.0,0.0,85.3,10.0,Individual,6,High Risk,Manual Review
131817800,12000.0, 60 months,26.77,E,E5,3 years,RENT,15000.0,Not Verified,debt_consolidation,MA,32.72,0.0,680.0,684.0,0.0,32.9,7.0,Joint App,5,High Risk,Manual Review
132513554,11000.0, 60 months,26.77,E,E5,,MORTGAGE,43860.0,Verified,credit_card,NM,31.27,0.0,685.0,689.0,1.0,81.5,14.0,Individual,6,High Risk,Manual Review
132103869,12000.0, 60 months,28.72,F,F1,2 years,RENT,42000.0,Source Verified,credit_card,ME,33.43,0.0,660.0,664.0,1.0,49.9,21.0,Joint App,5,High Risk,Manual Review
132319807,30000.0, 60 months,23.87,E,E2,4 years,MORTGAGE,90000.0,Verified,debt_consolidation,IN,34.03,0.0,680.0,684.0,0.0,64.0,31.0,Individual,5,High Risk,Manual Review
131980320,16000.0, 60 months,26.77,E,E5,10+ years,MORTGAGE,69000.0,Source Verified,debt_consolidation,SC,31.74,1.0,665.0,669.0,1.0,83.1,35.0,Joint App,7,High Risk,Manual Review
132170921,1600.0, 36 months,26.77,E,E5,10+ years,MORTGAGE,75000.0,Source Verified,debt_consolidation,AR,37.09,0.0,700.0,704.0,1.0,41.8,23.0,Joint App,5,High Risk,Manual Review
132247765,40000.0, 60 months,25.81,E,E4,8 years,OWN,50000.0,Verified,debt_consolidation,MI,43.45,0.0,715.0,719.0,0.0,80.6,22.0,Joint App,6,High Risk,Manual Review
132128661,20000.0, 60 months,24.84,E,E3,10+ years,MORTGAGE,100000.0,Verified,debt_consolidation,OH,21.76,1.0,685.0,689.0,1.0,85.0,43.0,Individual,5,High Risk,Manual Review
132240412,3275.0, 36 months,28.72,F,F1,10+ years,MORTGAGE,50000.0,Verified,debt_consolidation,PA,36.05,3.0,685.0,689.0,2.0,35.0,17.0,Individual,6,High Risk,Manual Review
132487594,7300.0, 36 months,26.77,E,E5,7 years,MORTGAGE,230000.0,Source Verified,other,TX,35.76,0.0,690.0,694.0,1.0,59.6,39.0,Individual,5,High Risk,Manual Review
132334946,30000.0, 60 months,29.69,F,F2,< 1 year,RENT,30000.0,Not Verified,house,CA,49.6,0.0,670.0,674.0,1.0,66.7,9.0,Joint App,5,High Risk,Manual Review
131309101,7075.0, 36 months,26.77,E,E5,,OWN,5181.0,Verified,debt_consolidation,IL,81.44,0.0,675.0,679.0,0.0,34.4,9.0,Joint App,5,High Risk,Manual Review
132186329,20000.0, 60 months,25.81,E,E4,10+ years,OWN,60000.0,Verified,debt_consolidation,AR,46.0,0.0,710.0,714.0,1.0,41.6,33.0,Joint App,5,High Risk,Manual Review
132361904,19000.0, 60 months,28.72,F,F1,7 years,OWN,80000.0,Verified,credit_card,MO,30.05,0.0,660.0,664.0,2.0,60.8,33.0,Individual,5,High Risk,Manual Review
132345971,15000.0, 60 months,24.84,E,E3,,MORTGAGE,60268.0,Verified,credit_card,FL,33.6,0.0,685.0,689.0,1.0,20.1,39.0,Individual,5,High Risk,Manual Review
132521551,16000.0, 60 months,24.84,E,E3,,RENT,72000.0,Not Verified,car,MD,33.67,0.0,675.0,679.0,0.0,99.4,33.0,Individual,6,High Risk,Manual Review
132494590,1000.0, 36 months,25.81,E,E4,2 years,RENT,23000.0,Verified,major_purchase,IL,30.74,0.0,715.0,719.0,2.0,13.1,8.0,Individual,5,High Risk,Manual Review
132520757,24000.0, 60 months,28.72,F,F1,5 years,RENT,106000.0,Not Verified,debt_consolidation,CA,17.7,1.0,665.0,669.0,1.0,81.9,28.0,Individual,5,High Risk,Manual Review
131176190,20000.0, 60 months,25.81,E,E4,10+ years,MORTGAGE,75000.0,Verified,debt_consolidation,IN,31.82,0.0,660.0,664.0,0.0,65.5,20.0,Individual,5,High Risk,Manual Review
132015377,15500.0, 60 months,18.45,D,D2,2 years,RENT,78000.0,Source Verified,credit_card,IL,30.97,1.0,670.0,674.0,0.0,85.0,25.0,Individual,5,High Risk,Manual Review
132329689,12000.0, 60 months,30.17,F,F3,10+ years,OWN,45000.0,Source Verified,debt_consolidation,PA,31.11,0.0,670.0,674.0,0.0,69.0,25.0,Joint App,5,High Risk,Manual Review
131418778,10000.0, 36 months,24.84,E,E3,2 years,OWN,60000.0,Verified,debt_consolidation,ME,39.76,0.0,675.0,679.0,1.0,64.6,34.0,Individual,5,High Risk,Manual Review
132269668,10000.0, 36 months,22.9,E,E1,4 years,MORTGAGE,33000.0,Not Verified,debt_consolidation,MD,34.15,2.0,660.0,664.0,0.0,72.8,9.0,Joint App,6,High Risk,Manual Review
132505494,20000.0, 60 months,26.77,E,E5,< 1 year,MORTGAGE,55000.0,Source Verified,debt_consolidation,IL,32.45,0.0,710.0,714.0,2.0,37.7,34.0,Individual,5,High Risk,Manual Review
131490926,12000.0, 36 months,24.84,E,E3,8 years,MORTGAGE,50000.0,Not Verified,other,NM,37.18,0.0,695.0,699.0,0.0,27.8,39.0,Individual,5,High Risk,Manual Review
130991135,30000.0, 60 months,30.79,G,G1,< 1 year,RENT,58000.0,Source Verified,debt_consolidation,GA,38.3,0.0,715.0,719.0,0.0,36.3,30.0,Joint App,5,High Risk,Manual Review
132013275,23700.0, 60 months,30.79,G,G1,10+ years,MORTGAGE,38000.0,Verified,debt_consolidation,MI,40.59,0.0,710.0,714.0,0.0,91.8,11.0,Joint App,6,High Risk,Manual Review
132362345,25000.0, 36 months,24.84,E,E3,10+ years,MORTGAGE,45000.0,Verified,credit_card,IL,42.93,7.0,685.0,689.0,2.0,71.8,43.0,Joint App,6,High Risk,Manual Review
132472533,40000.0, 60 months,30.79,G,G1,10+ years,MORTGAGE,25000.0,Not Verified,credit_card,OH,70.52,0.0,680.0,684.0,0.0,68.1,33.0,Joint App,5,High Risk,Manual Review
132324986,21300.0, 60 months,24.84,E,E3,10+ years,MORTGAGE,64000.0,Not Verified,debt_consolidation,TN,53.1,0.0,680.0,684.0,0.0,82.7,25.0,Joint App,6,High Risk,Manual Review
132132471,11200.0, 60 months,23.87,E,E2,,RENT,32928.0,Verified,debt_consolidation,IL,34.4,0.0,665.0,669.0,0.0,67.0,29.0,Individual,5,High Risk,Manual Review
131870186,29300.0, 36 months,25.81,E,E4,3 years,MORTGAGE,26000.0,Verified,debt_consolidation,KS,82.78,0.0,705.0,709.0,0.0,49.8,23.0,Joint App,5,High Risk,Manual Review
132355584,4000.0, 36 months,22.9,E,E1,10+ years,RENT,102000.0,Source Verified,debt_consolidation,NJ,29.44,2.0,695.0,699.0,1.0,86.9,40.0,Individual,5,High Risk,Manual Review
132325352,26575.0, 60 months,24.84,E,E3,5 years,MORTGAGE,108510.0,Verified,credit_card,NM,36.04,0.0,705.0,709.0,0.0,46.8,29.0,Individual,5,High Risk,Manual Review
132005394,10000.0, 36 months,23.87,E,E2,10+ years,RENT,29600.0,Verified,debt_consolidation,VA,49.15,0.0,680.0,684.0,0.0,34.5,11.0,Joint App,5,High Risk,Manual Review
131547972,40000.0, 60 months,29.69,F,F2,< 1 year,RENT,12000.0,Not Verified,debt_consolidation,NV,53.3,0.0,695.0,699.0,0.0,43.7,11.0,Joint App,5,High Risk,Manual Review
132432502,11200.0, 60 months,30.65,F,F4,10+ years,OWN,60000.0,Not Verified,debt_consolidation,WA,38.02,0.0,665.0,669.0,1.0,39.9,52.0,Individual,5,High Risk,Manual Review
132399175,9475.0, 36 months,22.9,E,E1,2 years,RENT,24000.0,Not Verified,other,WA,33.5,1.0,685.0,689.0,0.0,23.9,17.0,Joint App,6,High Risk,Manual Review
131710056,16800.0, 60 months,26.77,E,E5,1 year,RENT,32000.0,Not Verified,debt_consolidation,CA,31.21,0.0,695.0,699.0,2.0,32.9,22.0,Joint App,5,High Risk,Manual Review
131742173,18000.0, 60 months,25.81,E,E4,10+ years,OWN,25000.0,Source Verified,credit_card,AR,66.06,0.0,670.0,674.0,0.0,80.8,18.0,Joint App,6,High Risk,Manual Review
132402836,35000.0, 60 months,25.81,E,E4,10+ years,MORTGAGE,39638.0,Verified,debt_consolidation,NY,45.5,1.0,680.0,684.0,0.0,70.9,29.0,Joint App,6,High Risk,Manual Review
132403791,15000.0, 36 months,22.9,E,E1,10+ years,OWN,46500.0,Not Verified,home_improvement,AZ,35.25,0.0,715.0,719.0,0.0,43.7,18.0,Joint App,5,High Risk,Manual Review
132383742,6000.0, 36 months,23.87,E,E2,3 years,RENT,49785.0,Not Verified,debt_consolidation,AK,36.79,0.0,670.0,674.0,3.0,96.0,38.0,Individual,6,High Risk,Manual Review
132403550,15000.0, 60 months,26.77,E,E5,1 year,RENT,37000.0,Not Verified,debt_consolidation,CA,30.85,0.0,675.0,679.0,0.0,74.5,18.0,Individual,5,High Risk,Manual Review
132198515,15000.0, 60 months,30.79,G,G1,5 years,RENT,44000.0,Not Verified,debt_consolidation,TN,52.35,0.0,700.0,704.0,1.0,46.7,18.0,Joint App,5,High Risk,Manual Review
132273788,13000.0, 60 months,28.72,F,F1,,OWN,28000.0,Not Verified,other,MO,37.21,0.0,755.0,759.0,1.0,24.8,14.0,Individual,5,High Risk,Manual Review
132354667,18000.0, 60 months,26.77,E,E5,4 years,MORTGAGE,70000.0,Verified,credit_card,OH,34.46,0.0,675.0,679.0,1.0,43.4,41.0,Individual,5,High Risk,Manual Review
131412061,12000.0, 60 months,26.77,E,E5,10+ years,RENT,60000.0,Not Verified,major_purchase,CA,32.84,0.0,685.0,689.0,2.0,66.0,13.0,Individual,5,High Risk,Manual Review
132370515,20000.0, 60 months,30.79,G,G1,,OWN,30000.0,Verified,debt_consolidation,MO,62.24,0.0,730.0,734.0,0.0,47.3,15.0,Joint App,5,High Risk,Manual Review
132332923,8400.0, 36 months,22.9,E,E1,7 years,MORTGAGE,100000.0,Verified,debt_consolidation,MN,34.17,0.0,665.0,669.0,1.0,85.4,25.0,Joint App,6,High Risk,Manual Review
132364172,20000.0, 60 months,28.72,F,F1,10+ years,OWN,40000.0,Verified,debt_consolidation,MI,38.76,0.0,690.0,694.0,0.0,60.1,21.0,Individual,5,High Risk,Manual Review
131967349,16000.0, 60 months,26.77,E,E5,10+ years,RENT,58000.0,Verified,debt_consolidation,NY,36.27,0.0,665.0,669.0,1.0,86.0,16.0,Individual,6,High Risk,Manual Review
132325149,6400.0, 36 months,22.9,E,E1,4 years,MORTGAGE,52000.0,Not Verified,other,PA,57.17,0.0,675.0,679.0,0.0,79.1,42.0,Joint App,5,High Risk,Manual Review
132214875,24000.0, 60 months,26.77,E,E5,2 years,MORTGAGE,70000.0,Verified,debt_consolidation,MN,35.25,0.0,675.0,679.0,0.0,78.8,19.0,Joint App,5,High Risk,Manual Review
132073552,20000.0, 60 months,26.77,E,E5,10+ years,RENT,32700.0,Source Verified,credit_card,IL,37.72,0.0,660.0,664.0,0.0,93.9,6.0,Joint App,6,High Risk,Manual Review
132120473,3675.0, 36 months,26.77,E,E5,5 years,RENT,21082.0,Not Verified,debt_consolidation,NY,35.93,1.0,660.0,664.0,0.0,70.0,8.0,Individual,6,High Risk,Manual Review
131136140,23550.0, 60 months,24.84,E,E3,10+ years,MORTGAGE,45000.0,Verified,credit_card,MI,43.87,0.0,690.0,694.0,0.0,73.4,20.0,Joint App,5,High Risk,Manual Review
132364381,15000.0, 60 months,28.72,F,F1,,MORTGAGE,80000.0,Verified,debt_consolidation,NJ,30.62,0.0,685.0,689.0,2.0,97.0,34.0,Individual,6,High Risk,Manual Review
132363381,18200.0, 60 months,26.77,E,E5,4 years,MORTGAGE,36000.0,Source Verified,debt_consolidation,FL,55.97,0.0,700.0,704.0,0.0,50.8,25.0,Joint App,5,High Risk,Manual Review
131430679,2600.0, 36 months,20.39,D,D4,10+ years,MORTGAGE,50000.0,Verified,house,MN,31.47,1.0,680.0,684.0,0.0,84.4,29.0,Individual,5,High Risk,Manual Review
131980675,10525.0, 60 months,30.79,G,G1,,RENT,7000.0,Not Verified,other,UT,38.94,0.0,735.0,739.0,1.0,0.0,6.0,Joint App,5,High Risk,Manual Review
132142011,16000.0, 36 months,25.81,E,E4,6 years,MORTGAGE,52000.0,Verified,debt_consolidation,NJ,55.29,0.0,665.0,669.0,0.0,64.0,26.0,Joint App,5,High Risk,Manual Review
131661917,2500.0, 36 months,23.87,E,E2,7 years,MORTGAGE,42000.0,Verified,vacation,NC,34.57,0.0,670.0,674.0,0.0,92.7,22.0,Individual,6,High Risk,Manual Review
131235949,4500.0, 36 months,6.0,E,E4,9 years,RENT,80787.0,Not Verified,vacation,GA,30.67,1.0,665.0,669.0,1.0,102.3,42.0,Joint App,6,High Risk,Manual Review
131952677,10800.0, 60 months,26.77,E,E5,10+ years,RENT,51000.0,Verified,credit_card,FL,36.92,0.0,710.0,714.0,0.0,83.5,20.0,Individual,6,High Risk,Manual Review
132286945,11525.0, 60 months,26.77,E,E5,5 years,RENT,35000.0,Verified,credit_card,NJ,30.93,0.0,660.0,664.0,1.0,64.6,16.0,Individual,5,High Risk,Manual Review
132342184,17000.0, 60 months,26.77,E,E5,,RENT,24900.0,Verified,debt_consolidation,FL,36.77,0.0,685.0,689.0,0.0,43.2,24.0,Individual,5,High Risk,Manual Review
132356654,23000.0, 36 months,22.9,E,E1,1 year,MORTGAGE,56000.0,Verified,debt_consolidation,FL,38.39,4.0,670.0,674.0,0.0,85.2,32.0,Individual,7,High Risk,Manual Review
131669899,5000.0, 36 months,24.84,E,E3,< 1 year,MORTGAGE,24000.0,Not Verified,vacation,KS,55.15,1.0,665.0,669.0,2.0,85.2,15.0,Joint App,7,High Risk,Manual Review
132355399,5000.0, 36 months,25.81,E,E4,9 years,OWN,80000.0,Not Verified,debt_consolidation,CA,23.38,1.0,670.0,674.0,1.0,93.7,13.0,Individual,5,High Risk,Manual Review
132333950,23025.0, 60 months,24.84,E,E3,4 years,RENT,47700.0,Verified,debt_consolidation,SC,34.99,0.0,735.0,739.0,0.0,6.4,30.0,Individual,5,High Risk,Manual Review
132321899,21525.0, 36 months,23.87,E,E2,9 years,MORTGAGE,69000.0,Verified,debt_consolidation,VT,31.53,0.0,690.0,694.0,2.0,71.0,38.0,Individual,5,High Risk,Manual Review
132322975,30000.0, 60 months,28.72,F,F1,6 years,MORTGAGE,80000.0,Not Verified,other,TX,23.1,1.0,665.0,669.0,1.0,83.0,16.0,Individual,5,High Risk,Manual Review
132321908,5000.0, 36 months,22.9,E,E1,,RENT,22788.0,Source Verified,other,AZ,45.76,0.0,670.0,674.0,0.0,72.6,18.0,Joint App,5,High Risk,Manual Review
131973705,7500.0, 36 months,26.77,E,E5,3 years,MORTGAGE,103000.0,Not Verified,home_improvement,VA,30.87,0.0,695.0,699.0,1.0,59.2,30.0,Individual,5,High Risk,Manual Review
131236114,4000.0, 36 months,25.81,E,E4,,RENT,23000.0,Source Verified,debt_consolidation,NY,38.36,0.0,685.0,689.0,1.0,86.3,6.0,Joint App,6,High Risk,Manual Review
132022895,25000.0, 60 months,23.87,E,E2,10+ years,MORTGAGE,65000.0,Source Verified,debt_consolidation,MD,17.2,2.0,685.0,689.0,0.0,94.5,21.0,Individual,5,High Risk,Manual Review
131845952,5100.0, 36 months,24.84,E,E3,10+ years,RENT,90000.0,Verified,credit_card,PA,33.1,0.0,730.0,734.0,1.0,14.2,21.0,Individual,5,High Risk,Manual Review
132323610,27000.0, 60 months,28.72,F,F1,10+ years,MORTGAGE,62000.0,Verified,debt_consolidation,NJ,30.77,1.0,665.0,669.0,0.0,63.4,13.0,Individual,6,High Risk,Manual Review
132343493,24000.0, 60 months,20.39,D,D4,10+ years,OWN,42000.0,Source Verified,credit_card,FL,30.26,1.0,670.0,674.0,0.0,92.0,17.0,Individual,5,High Risk,Manual Review
132204895,16800.0, 60 months,26.77,E,E5,6 years,OWN,43000.0,Not Verified,debt_consolidation,CA,38.77,0.0,670.0,674.0,0.0,45.7,22.0,Joint App,5,High Risk,Manual Review
132172563,17000.0, 36 months,22.9,E,E1,,OWN,60000.0,Verified,credit_card,NJ,39.46,0.0,695.0,699.0,0.0,61.3,19.0,Individual,5,High Risk,Manual Review
132253730,1000.0, 36 months,22.9,E,E1,3 years,MORTGAGE,40000.0,Verified,debt_consolidation,OR,32.31,0.0,695.0,699.0,1.0,76.0,22.0,Individual,5,High Risk,Manual Review
132291731,23925.0, 60 months,25.81,E,E4,6 years,OWN,42000.0,Verified,debt_consolidation,WA,14.71,1.0,670.0,674.0,0.0,86.4,31.0,Individual,5,High Risk,Manual Review
131631642,32000.0, 60 months,24.84,E,E3,< 1 year,RENT,30000.0,Source Verified,debt_consolidation,NE,75.93,2.0,665.0,669.0,0.0,41.8,36.0,Joint App,6,High Risk,Manual Review
132081207,26000.0, 60 months,26.77,E,E5,2 years,RENT,26688.0,Source Verified,debt_consolidation,PA,37.19,0.0,690.0,694.0,1.0,60.1,14.0,Joint App,5,High Risk,Manual Review
132247220,10000.0, 36 months,15.04,C,C4,2 years,RENT,40000.0,Verified,credit_card,NY,39.03,1.0,660.0,664.0,0.0,86.0,23.0,Individual,5,High Risk,Manual Review
131332034,35000.0, 36 months,24.84,E,E3,10+ years,MORTGAGE,30000.0,Verified,debt_consolidation,PA,57.24,0.0,675.0,679.0,0.0,72.4,27.0,Joint App,5,High Risk,Manual Review
132137254,21825.0, 60 months,26.77,E,E5,1 year,OWN,42000.0,Source Verified,debt_consolidation,GA,33.06,0.0,720.0,724.0,0.0,79.9,12.0,Individual,5,High Risk,Manual Review
132019748,25000.0, 36 months,24.84,E,E3,3 years,OWN,137000.0,Verified,debt_consolidation,GA,30.47,2.0,680.0,684.0,1.0,70.7,16.0,Individual,6,High Risk,Manual Review
132051158,20000.0, 36 months,23.87,E,E2,9 years,RENT,35000.0,Verified,debt_consolidation,AZ,39.64,0.0,700.0,704.0,0.0,30.0,32.0,Joint App,5,High Risk,Manual Review
132096706,1300.0, 36 months,24.84,E,E3,5 years,RENT,40000.0,Source Verified,debt_consolidation,MI,20.47,12.0,670.0,674.0,2.0,88.8,28.0,Individual,5,High Risk,Manual Review
132008735,14000.0, 60 months,26.77,E,E5,1 year,OWN,60000.0,Not Verified,credit_card,CA,38.42,0.0,700.0,704.0,1.0,54.2,31.0,Individual,5,High Risk,Manual Review
132195394,16000.0, 60 months,22.9,E,E1,1 year,RENT,85000.0,Verified,debt_consolidation,MS,23.1,1.0,675.0,679.0,2.0,97.0,11.0,Individual,5,High Risk,Manual Review
132256164,28150.0, 60 months,30.79,G,G1,3 years,MORTGAGE,45000.0,Verified,debt_consolidation,VA,51.67,1.0,735.0,739.0,0.0,64.3,13.0,Joint App,6,High Risk,Manual Review
132321574,20000.0, 60 months,24.84,E,E3,10+ years,RENT,46500.0,Source Verified,debt_consolidation,NM,30.17,0.0,700.0,704.0,0.0,40.6,33.0,Individual,5,High Risk,Manual Review
132290293,30000.0, 60 months,30.17,F,F3,10+ years,RENT,30000.0,Not Verified,debt_consolidation,GA,36.88,0.0,695.0,699.0,0.0,75.7,17.0,Joint App,5,High Risk,Manual Review
131667737,30000.0, 60 months,24.84,E,E3,4 years,RENT,58000.0,Verified,debt_consolidation,NV,31.74,0.0,680.0,684.0,0.0,93.3,30.0,Individual,6,High Risk,Manual Review
132343354,4000.0, 36 months,16.01,C,C5,10+ years,MORTGAGE,65000.0,Not Verified,debt_consolidation,MN,35.16,1.0,670.0,674.0,0.0,92.3,32.0,Individual,5,High Risk,Manual Review
132113629,10000.0, 60 months,25.81,E,E4,10+ years,OWN,40000.0,Not Verified,debt_consolidation,CA,49.26,0.0,675.0,679.0,0.0,75.3,25.0,Joint App,5,High Risk,Manual Review
131524104,6400.0, 36 months,22.9,E,E1,7 years,RENT,30000.0,Verified,debt_consolidation,MO,30.56,0.0,725.0,729.0,1.0,6.1,11.0,Joint App,5,High Risk,Manual Review
132076434,10000.0, 60 months,26.77,E,E5,< 1 year,RENT,31200.0,Source Verified,debt_consolidation,SC,31.31,0.0,720.0,724.0,0.0,52.2,10.0,Individual,5,High Risk,Manual Review
131913831,14000.0, 60 months,23.87,E,E2,1 year,MORTGAGE,170000.0,Source Verified,debt_consolidation,TN,8.72,1.0,660.0,664.0,0.0,93.7,30.0,Individual,5,High Risk,Manual Review
131150537,17500.0, 60 months,25.81,E,E4,10+ years,RENT,82500.0,Verified,debt_consolidation,NM,35.22,0.0,670.0,674.0,2.0,53.2,39.0,Individual,5,High Risk,Manual Review
132267763,27000.0, 60 months,26.77,E,E5,2 years,MORTGAGE,72000.0,Not Verified,home_improvement,MS,36.08,1.0,670.0,674.0,0.0,56.0,33.0,Individual,6,High Risk,Manual Review
132247912,13000.0, 36 months,25.81,E,E4,10+ years,MORTGAGE,136826.0,Not Verified,major_purchase,MA,31.12,2.0,660.0,664.0,2.0,20.8,27.0,Individual,6,High Risk,Manual Review
132139394,20000.0, 60 months,24.84,E,E3,< 1 year,MORTGAGE,60000.0,Source Verified,debt_consolidation,TX,31.06,0.0,685.0,689.0,0.0,54.7,13.0,Joint App,5,High Risk,Manual Review
132250438,20000.0, 60 months,26.77,E,E5,< 1 year,RENT,44000.0,Verified,debt_consolidation,LA,33.66,0.0,670.0,674.0,0.0,85.1,17.0,Joint App,6,High Risk,Manual Review
132132296,17000.0, 60 months,22.9,E,E1,4 years,RENT,46000.0,Verified,debt_consolidation,CA,30.05,0.0,675.0,679.0,1.0,75.0,6.0,Individual,5,High Risk,Manual Review
132250996,40000.0, 60 months,30.65,F,F4,9 years,RENT,71982.98,Source Verified,debt_consolidation,NY,30.83,0.0,680.0,684.0,0.0,60.7,23.0,Joint App,5,High Risk,Manual Review
131739136,19850.0, 60 months,26.77,E,E5,6 years,RENT,33000.0,Not Verified,debt_consolidation,NY,31.75,0.0,685.0,689.0,0.0,59.1,12.0,Individual,5,High Risk,Manual Review
132185811,16000.0, 60 months,28.72,F,F1,7 years,RENT,52000.0,Not Verified,debt_consolidation,TX,35.8,0.0,690.0,694.0,0.0,82.0,25.0,Individual,6,High Risk,Manual Review
131876035,13700.0, 60 months,24.84,E,E3,5 years,MORTGAGE,91000.0,Verified,debt_consolidation,NC,30.59,1.0,705.0,709.0,2.0,26.0,21.0,Individual,6,High Risk,Manual Review
131940736,11000.0, 60 months,26.77,E,E5,6 years,RENT,30000.0,Verified,debt_consolidation,MA,43.56,0.0,725.0,729.0,0.0,23.5,17.0,Joint App,5,High Risk,Manual Review
132239377,36000.0, 60 months,26.77,E,E5,10+ years,MORTGAGE,65000.0,Source Verified,debt_consolidation,NJ,32.29,0.0,700.0,704.0,0.0,48.1,34.0,Joint App,5,High Risk,Manual Review
132249491,4000.0, 36 months,19.42,D,D3,10+ years,MORTGAGE,41768.0,Verified,home_improvement,KY,40.63,1.0,670.0,674.0,2.0,94.6,19.0,Joint App,5,High Risk,Manual Review
132294143,20000.0, 60 months,26.77,E,E5,1 year,MORTGAGE,56000.0,Source Verified,debt_consolidation,LA,35.96,0.0,735.0,739.0,0.0,50.7,45.0,Individual,5,High Risk,Manual Review
131648222,30000.0, 60 months,24.84,E,E3,2 years,RENT,62000.0,Verified,credit_card,NC,34.3,0.0,705.0,709.0,0.0,47.1,19.0,Individual,5,High Risk,Manual Review
132232287,32200.0, 60 months,26.77,E,E5,3 years,RENT,53600.0,Source Verified,debt_consolidation,HI,38.15,0.0,680.0,684.0,0.0,94.4,10.0,Joint App,6,High Risk,Manual Review
131839978,15000.0, 60 months,24.84,E,E3,9 years,RENT,50000.0,Source Verified,debt_consolidation,NV,30.82,1.0,665.0,669.0,2.0,91.9,15.0,Individual,7,High Risk,Manual Review
132050488,12000.0, 60 months,25.81,E,E4,1 year,RENT,30000.0,Not Verified,medical,FL,37.88,0.0,665.0,669.0,0.0,28.5,49.0,Individual,5,High Risk,Manual Review
132135011,10000.0, 36 months,22.9,E,E1,1 year,MORTGAGE,100000.0,Source Verified,debt_consolidation,CA,13.7,1.0,660.0,664.0,0.0,96.4,21.0,Individual,5,High Risk,Manual Review
131296673,17600.0, 60 months,28.72,F,F1,5 years,OWN,67000.0,Verified,other,TN,30.84,0.0,690.0,694.0,0.0,58.8,9.0,Individual,5,High Risk,Manual Review
131982235,32000.0, 60 months,26.77,E,E5,2 years,RENT,24000.0,Source Verified,credit_card,IL,101.1,0.0,675.0,679.0,0.0,58.8,37.0,Joint App,5,High Risk,Manual Review
132022134,16000.0, 60 months,30.65,F,F4,,RENT,20000.0,Verified,debt_consolidation,NY,67.06,0.0,680.0,684.0,0.0,58.6,16.0,Joint App,5,High Risk,Manual Review
132056032,20000.0, 36 months,18.45,D,D2,10+ years,OWN,70000.0,Source Verified,credit_card,FL,37.86,1.0,700.0,704.0,0.0,92.6,22.0,Individual,5,High Risk,Manual Review
131470087,26000.0, 60 months,28.72,F,F1,2 years,RENT,48000.0,Not Verified,debt_consolidation,CA,32.55,0.0,690.0,694.0,1.0,48.9,31.0,Joint App,5,High Risk,Manual Review
132176632,16000.0, 60 months,30.75,F,F5,10+ years,MORTGAGE,45000.0,Source Verified,debt_consolidation,NC,20.69,2.0,680.0,684.0,2.0,83.5,18.0,Joint App,5,High Risk,Manual Review
131846226,6350.0, 36 months,26.77,E,E5,10+ years,RENT,80000.0,Source Verified,credit_card,VA,32.03,1.0,700.0,704.0,2.0,13.1,19.0,Individual,6,High Risk,Manual Review
132153633,12000.0, 60 months,30.99,G,G5,8 years,MORTGAGE,80000.0,Verified,debt_consolidation,CA,35.42,1.0,670.0,674.0,0.0,78.0,26.0,Individual,6,High Risk,Manual Review
132171960,16000.0, 60 months,24.84,E,E3,10+ years,MORTGAGE,85000.0,Not Verified,home_improvement,GA,33.16,0.0,715.0,719.0,0.0,79.7,18.0,Individual,5,High Risk,Manual Review
127192292,16000.0, 60 months,28.72,F,F1,10+ years,MORTGAGE,50000.0,Verified,debt_consolidation,AR,43.06,0.0,730.0,734.0,1.0,64.9,21.0,Joint App,5,High Risk,Manual Review
132173774,25000.0, 36 months,26.77,E,E5,10+ years,MORTGAGE,106561.0,Not Verified,debt_consolidation,PA,33.23,0.0,725.0,729.0,0.0,53.2,38.0,Individual,5,High Risk,Manual Review
130942520,8400.0, 36 months,23.87,E,E2,< 1 year,RENT,130000.0,Source Verified,moving,FL,34.65,1.0,670.0,674.0,0.0,45.6,65.0,Joint App,6,High Risk,Manual Review
130518197,12000.0, 60 months,28.72,F,F1,< 1 year,RENT,27000.0,Verified,other,MD,35.82,0.0,660.0,664.0,0.0,70.1,11.0,Individual,5,High Risk,Manual Review
132175934,10000.0, 60 months,24.84,E,E3,5 years,MORTGAGE,35000.0,Verified,credit_card,WV,35.6,0.0,725.0,729.0,0.0,67.5,16.0,Individual,5,High Risk,Manual Review
131819680,30000.0, 60 months,26.77,E,E5,5 years,MORTGAGE,120000.0,Verified,debt_consolidation,TX,18.87,2.0,665.0,669.0,0.0,99.4,20.0,Individual,5,High Risk,Manual Review
132188270,12500.0, 36 months,24.84,E,E3,9 years,RENT,88000.0,Source Verified,debt_consolidation,CA,34.34,0.0,660.0,664.0,0.0,94.2,23.0,Individual,6,High Risk,Manual Review
131984159,12000.0, 60 months,24.84,E,E3,< 1 year,RENT,7500.0,Source Verified,major_purchase,HI,200.0,1.0,660.0,664.0,2.0,41.1,46.0,Joint App,6,High Risk,Manual Review
130838808,32500.0, 60 months,21.85,D,D5,10+ years,MORTGAGE,34000.0,Source Verified,debt_consolidation,PA,97.6,1.0,685.0,689.0,0.0,95.9,29.0,Joint App,5,High Risk,Manual Review
131346931,10625.0, 36 months,23.87,E,E2,10+ years,MORTGAGE,35520.0,Source Verified,debt_consolidation,CA,35.3,0.0,665.0,669.0,1.0,50.6,36.0,Joint App,5,High Risk,Manual Review
132149427,25000.0, 60 months,29.69,F,F2,10+ years,MORTGAGE,87000.0,Verified,debt_consolidation,CA,31.19,0.0,675.0,679.0,4.0,68.0,21.0,Individual,5,High Risk,Manual Review
131918937,23025.0, 60 months,28.72,F,F1,4 years,OWN,45000.0,Verified,debt_consolidation,CA,35.2,0.0,700.0,704.0,0.0,60.0,18.0,Individual,5,High Risk,Manual Review
131550578,17550.0, 60 months,30.79,G,G1,10+ years,OWN,100000.0,Not Verified,debt_consolidation,NJ,30.99,0.0,715.0,719.0,0.0,56.2,36.0,Individual,5,High Risk,Manual Review
131994695,30000.0, 36 months,23.87,E,E2,10+ years,MORTGAGE,52000.0,Source Verified,other,MD,34.03,0.0,685.0,689.0,0.0,83.5,19.0,Joint App,6,High Risk,Manual Review
131933700,16650.0, 60 months,30.17,F,F3,,MORTGAGE,34666.56,Verified,debt_consolidation,VA,47.89,0.0,665.0,669.0,0.0,93.7,17.0,Joint App,6,High Risk,Manual Review
132121171,20000.0, 36 months,22.9,E,E1,1 year,MORTGAGE,104000.0,Source Verified,debt_consolidation,PA,24.04,3.0,665.0,669.0,0.0,86.1,37.0,Individual,5,High Risk,Manual Review
132153477,8000.0, 36 months,22.9,E,E1,3 years,MORTGAGE,35000.0,Not Verified,home_improvement,TX,34.36,1.0,690.0,694.0,1.0,22.7,38.0,Joint App,6,High Risk,Manual Review
131670505,20000.0, 36 months,30.17,F,F3,3 years,RENT,64800.0,Source Verified,debt_consolidation,CA,35.54,1.0,680.0,684.0,1.0,48.2,32.0,Individual,6,High Risk,Manual Review
132131314,16000.0, 60 months,28.72,F,F1,1 year,MORTGAGE,50000.0,Verified,debt_consolidation,SC,30.64,0.0,700.0,704.0,0.0,45.3,15.0,Individual,5,High Risk,Manual Review
132106881,17500.0, 60 months,28.72,F,F1,10+ years,MORTGAGE,54500.0,Verified,credit_card,NV,42.08,0.0,670.0,674.0,0.0,22.8,24.0,Joint App,5,High Risk,Manual Review
132246338,15000.0, 60 months,24.84,E,E3,1 year,MORTGAGE,65000.0,Not Verified,debt_consolidation,GA,34.68,1.0,670.0,674.0,0.0,84.7,28.0,Individual,7,High Risk,Manual Review
132115641,15200.0, 60 months,25.81,E,E4,2 years,MORTGAGE,96000.0,Verified,debt_consolidation,MA,19.69,1.0,665.0,669.0,1.0,81.0,19.0,Individual,5,High Risk,Manual Review
132107677,11200.0, 60 months,16.01,C,C5,10+ years,MORTGAGE,60000.0,Not Verified,debt_consolidation,TX,36.47,1.0,665.0,669.0,0.0,89.5,35.0,Joint App,5,High Risk,Manual Review
131482688,35000.0, 36 months,24.84,E,E3,3 years,MORTGAGE,98000.0,Source Verified,debt_consolidation,NJ,31.49,0.0,695.0,699.0,0.0,60.1,55.0,Joint App,5,High Risk,Manual Review
132104580,16000.0, 60 months,26.77,E,E5,2 years,RENT,45000.0,Verified,debt_consolidation,CA,39.12,1.0,700.0,704.0,0.0,44.1,17.0,Individual,6,High Risk,Manual Review
131705071,3000.0, 36 months,24.84,E,E3,10+ years,MORTGAGE,84000.0,Source Verified,home_improvement,CT,37.66,0.0,690.0,694.0,1.0,69.8,33.0,Joint App,5,High Risk,Manual Review
132005445,27000.0, 60 months,28.72,F,F1,10+ years,OWN,54000.0,Source Verified,credit_card,CA,34.99,0.0,690.0,694.0,0.0,47.0,38.0,Individual,5,High Risk,Manual Review
131861192,6000.0, 36 months,22.9,E,E1,,OWN,44000.0,Verified,other,NY,42.77,0.0,705.0,709.0,1.0,91.3,33.0,Joint App,6,High Risk,Manual Review
131835223,30000.0, 60 months,24.84,E,E3,10+ years,MORTGAGE,36000.0,Verified,debt_consolidation,MI,47.37,1.0,705.0,709.0,0.0,52.9,24.0,Joint App,6,High Risk,Manual Review
131935880,27000.0, 60 months,23.87,E,E2,10+ years,MORTGAGE,112627.0,Verified,debt_consolidation,IL,31.39,0.0,680.0,684.0,0.0,81.0,32.0,Individual,6,High Risk,Manual Review
131886112,5925.0, 36 months,26.77,E,E5,,MORTGAGE,44725.0,Verified,debt_consolidation,PA,37.22,1.0,670.0,674.0,1.0,57.0,39.0,Individual,6,High Risk,Manual Review
131493749,6350.0, 36 months,22.9,E,E1,9 years,RENT,45000.0,Verified,debt_consolidation,VA,30.3,0.0,735.0,739.0,0.0,59.4,13.0,Individual,5,High Risk,Manual Review
132048775,25000.0, 36 months,25.81,E,E4,10+ years,MORTGAGE,128200.0,Verified,credit_card,SC,22.25,2.0,665.0,669.0,0.0,98.7,42.0,Individual,5,High Risk,Manual Review
131649861,10000.0, 60 months,30.75,F,F5,10+ years,MORTGAGE,23000.0,Not Verified,debt_consolidation,OH,94.52,0.0,680.0,684.0,1.0,81.4,18.0,Joint App,6,High Risk,Manual Review
132058503,28000.0, 60 months,26.77,E,E5,10+ years,MORTGAGE,75549.91,Not Verified,credit_card,MN,30.18,0.0,720.0,724.0,0.0,98.1,17.0,Joint App,6,High Risk,Manual Review
131493340,30000.0, 60 months,25.81,E,E4,,OWN,97000.0,Verified,credit_card,NY,32.97,0.0,725.0,729.0,1.0,44.6,47.0,Individual,5,High Risk,Manual Review
131523510,10200.0, 36 months,22.9,E,E1,10+ years,OWN,24324.0,Not Verified,debt_consolidation,NC,36.66,0.0,710.0,714.0,0.0,27.3,31.0,Individual,5,High Risk,Manual Review
131965075,30000.0, 60 months,26.77,E,E5,4 years,MORTGAGE,64712.74,Verified,debt_consolidation,MN,31.62,0.0,695.0,699.0,0.0,94.0,17.0,Individual,6,High Risk,Manual Review
131998682,15000.0, 36 months,23.87,E,E2,,RENT,16872.0,Verified,debt_consolidation,CT,56.26,0.0,665.0,669.0,1.0,46.8,16.0,Joint App,5,High Risk,Manual Review
132186649,15725.0, 36 months,19.42,D,D3,3 years,MORTGAGE,41400.0,Not Verified,debt_consolidation,IL,30.06,1.0,675.0,679.0,0.0,81.0,16.0,Individual,5,High Risk,Manual Review
132044965,10000.0, 36 months,25.81,E,E4,10+ years,MORTGAGE,110000.0,Verified,car,WA,34.4,0.0,705.0,709.0,1.0,51.8,58.0,Individual,5,High Risk,Manual Review
132027564,22000.0, 60 months,22.9,E,E1,3 years,MORTGAGE,110000.0,Verified,debt_consolidation,OR,35.97,0.0,660.0,664.0,0.0,80.0,33.0,Individual,5,High Risk,Manual Review
131324288,40000.0, 60 months,28.72,F,F1,10+ years,RENT,235000.0,Verified,debt_consolidation,TN,34.44,0.0,685.0,689.0,1.0,61.9,76.0,Joint App,5,High Risk,Manual Review
131218513,3000.0, 36 months,23.87,E,E2,10+ years,MORTGAGE,53875.0,Verified,home_improvement,MD,37.63,0.0,670.0,674.0,1.0,54.8,42.0,Individual,5,High Risk,Manual Review
131439215,24000.0, 60 months,24.84,E,E3,2 years,RENT,40000.0,Verified,house,NY,39.75,0.0,725.0,729.0,2.0,23.0,12.0,Joint App,5,High Risk,Manual Review
130845768,32000.0, 60 months,28.72,F,F1,7 years,OWN,85000.0,Not Verified,debt_consolidation,NY,32.53,0.0,665.0,669.0,1.0,73.1,33.0,Joint App,5,High Risk,Manual Review
131104828,12000.0, 60 months,25.81,E,E4,1 year,RENT,17800.0,Verified,debt_consolidation,NY,39.18,0.0,700.0,704.0,0.0,71.8,15.0,Individual,5,High Risk,Manual Review
132175771,11200.0, 60 months,26.77,E,E5,7 years,RENT,39000.0,Not Verified,debt_consolidation,CA,31.32,0.0,690.0,694.0,2.0,44.6,29.0,Individual,5,High Risk,Manual Review
132185216,20000.0, 60 months,26.77,E,E5,5 years,MORTGAGE,93500.0,Not Verified,debt_consolidation,AZ,40.24,0.0,685.0,689.0,0.0,97.0,38.0,Joint App,6,High Risk,Manual Review
130958003,20000.0, 36 months,23.87,E,E2,10+ years,MORTGAGE,110000.0,Verified,debt_consolidation,NJ,30.07,3.0,670.0,674.0,1.0,39.1,56.0,Individual,6,High Risk,Manual Review
131873576,25000.0, 60 months,30.65,F,F4,6 years,OWN,93000.0,Verified,debt_consolidation,CO,16.92,1.0,680.0,684.0,0.0,80.5,14.0,Individual,5,High Risk,Manual Review
131976521,8000.0, 36 months,26.77,E,E5,10+ years,OWN,25000.0,Not Verified,debt_consolidation,NC,33.51,1.0,670.0,674.0,0.0,44.8,26.0,Joint App,6,High Risk,Manual Review
132047587,14350.0, 60 months,29.69,F,F2,10+ years,RENT,25000.0,Verified,debt_consolidation,KS,35.77,0.0,675.0,679.0,0.0,66.1,14.0,Individual,5,High Risk,Manual Review
131959738,15000.0, 60 months,24.84,E,E3,8 years,RENT,32000.0,Verified,other,NY,41.11,0.0,675.0,679.0,0.0,69.4,7.0,Joint App,5,High Risk,Manual Review
131970487,17600.0, 60 months,24.84,E,E3,9 years,MORTGAGE,36000.0,Verified,debt_consolidation,IL,37.58,0.0,665.0,669.0,1.0,73.7,21.0,Joint App,5,High Risk,Manual Review
132006101,14400.0, 60 months,29.69,F,F2,,MORTGAGE,32000.0,Not Verified,credit_card,MI,30.98,0.0,700.0,704.0,0.0,41.9,24.0,Individual,5,High Risk,Manual Review
131973627,35000.0, 36 months,23.87,E,E2,10+ years,MORTGAGE,116000.0,Verified,debt_consolidation,TX,24.59,3.0,660.0,664.0,4.0,94.0,26.0,Individual,5,High Risk,Manual Review
131727126,16525.0, 60 months,25.81,E,E4,3 years,RENT,22800.0,Verified,other,NJ,30.32,0.0,715.0,719.0,1.0,48.3,10.0,Individual,5,High Risk,Manual Review
132006880,10000.0, 60 months,28.72,F,F1,7 years,RENT,33913.0,Verified,debt_consolidation,VA,39.74,0.0,710.0,714.0,1.0,73.2,14.0,Individual,5,High Risk,Manual Review
131994480,30000.0, 60 months,26.77,E,E5,< 1 year,MORTGAGE,62000.0,Verified,debt_consolidation,VA,45.92,0.0,665.0,669.0,0.0,88.7,14.0,Joint App,6,High Risk,Manual Review
132000011,27900.0, 60 months,30.84,G,G2,10+ years,RENT,79242.0,Verified,debt_consolidation,CO,38.71,0.0,685.0,689.0,0.0,93.0,21.0,Individual,6,High Risk,Manual Review
131874701,20000.0, 60 months,25.81,E,E4,4 years,RENT,81000.0,Verified,debt_consolidation,MN,25.32,1.0,660.0,664.0,1.0,101.0,33.0,Individual,5,High Risk,Manual Review
131372588,40000.0, 36 months,26.77,E,E5,,OWN,30000.0,Verified,debt_consolidation,CA,69.47,0.0,715.0,719.0,0.0,38.3,12.0,Joint App,5,High Risk,Manual Review
131662238,11000.0, 60 months,30.75,F,F5,< 1 year,MORTGAGE,65000.0,Verified,debt_consolidation,AZ,39.29,0.0,660.0,664.0,0.0,41.0,25.0,Joint App,5,High Risk,Manual Review
131993172,35000.0, 60 months,21.85,D,D5,3 years,MORTGAGE,84874.0,Not Verified,credit_card,WI,41.64,1.0,675.0,679.0,0.0,89.1,41.0,Joint App,5,High Risk,Manual Review
131647018,7000.0, 36 months,15.04,C,C4,,MORTGAGE,72000.0,Verified,home_improvement,KY,38.93,1.0,675.0,679.0,1.0,82.0,39.0,Individual,5,High Risk,Manual Review
131831779,6000.0, 36 months,23.87,E,E2,10+ years,MORTGAGE,75000.0,Not Verified,debt_consolidation,OH,51.66,0.0,660.0,664.0,3.0,85.3,57.0,Joint App,6,High Risk,Manual Review
131642720,29000.0, 36 months,23.87,E,E2,7 years,MORTGAGE,57000.0,Source Verified,debt_consolidation,TX,38.33,0.0,710.0,714.0,0.0,75.6,53.0,Joint App,5,High Risk,Manual Review
131705898,16650.0, 36 months,24.84,E,E3,,MORTGAGE,37000.0,Verified,debt_consolidation,OH,34.9,0.0,685.0,689.0,1.0,94.0,23.0,Individual,6,High Risk,Manual Review
131982154,30000.0, 60 months,24.84,E,E3,,MORTGAGE,66600.0,Verified,debt_consolidation,WA,30.56,0.0,700.0,704.0,1.0,69.9,14.0,Individual,5,High Risk,Manual Review
131985466,2100.0, 36 months,23.87,E,E2,10+ years,RENT,34067.0,Not Verified,debt_consolidation,TX,13.5,1.0,670.0,674.0,5.0,83.0,34.0,Individual,5,High Risk,Manual Review
131832432,2500.0, 36 months,23.87,E,E2,3 years,RENT,28000.0,Not Verified,debt_consolidation,VA,35.94,0.0,715.0,719.0,1.0,33.3,12.0,Individual,5,High Risk,Manual Review
131987729,21700.0, 36 months,20.39,D,D4,,RENT,8580.0,Verified,debt_consolidation,AL,205.31,1.0,685.0,689.0,0.0,84.7,6.0,Joint App,5,High Risk,Manual Review
131723184,14000.0, 60 months,26.77,E,E5,2 years,OWN,30000.0,Verified,debt_consolidation,OH,38.4,0.0,670.0,674.0,1.0,62.1,27.0,Individual,5,High Risk,Manual Review
131624181,13500.0, 36 months,15.04,C,C4,2 years,MORTGAGE,96000.0,Verified,car,TX,46.78,1.0,685.0,689.0,0.0,94.9,36.0,Joint App,5,High Risk,Manual Review
131645560,23250.0, 60 months,30.75,F,F5,,MORTGAGE,50292.0,Verified,debt_consolidation,IN,36.03,0.0,690.0,694.0,0.0,83.4,28.0,Individual,6,High Risk,Manual Review
131165735,21000.0, 60 months,25.81,E,E4,10+ years,RENT,89000.0,Not Verified,debt_consolidation,CA,33.33,0.0,675.0,679.0,0.0,72.4,52.0,Individual,5,High Risk,Manual Review
131639885,12000.0, 60 months,26.77,E,E5,10+ years,MORTGAGE,101272.0,Source Verified,medical,CA,32.21,2.0,665.0,669.0,0.0,66.5,24.0,Individual,6,High Risk,Manual Review
131559722,14000.0, 60 months,20.39,D,D4,6 years,MORTGAGE,34000.0,Source Verified,debt_consolidation,OH,33.36,1.0,670.0,674.0,0.0,80.2,27.0,Joint App,5,High Risk,Manual Review
131847948,40000.0, 60 months,30.75,F,F5,10+ years,MORTGAGE,82000.0,Not Verified,debt_consolidation,TX,47.17,0.0,705.0,709.0,1.0,72.2,41.0,Joint App,5,High Risk,Manual Review
131931354,35000.0, 60 months,28.72,F,F1,10+ years,MORTGAGE,80000.0,Source Verified,debt_consolidation,FL,36.78,0.0,715.0,719.0,0.0,41.3,21.0,Joint App,5,High Risk,Manual Review
131935320,3500.0, 36 months,25.81,E,E4,,MORTGAGE,63000.0,Verified,debt_consolidation,MO,47.07,0.0,660.0,664.0,1.0,17.8,21.0,Joint App,5,High Risk,Manual Review
131934688,32000.0, 60 months,25.81,E,E4,9 years,RENT,20000.0,Verified,debt_consolidation,MA,42.8,1.0,665.0,669.0,0.0,59.8,16.0,Joint App,6,High Risk,Manual Review
131849481,26000.0, 60 months,25.81,E,E4,5 years,RENT,99200.0,Verified,debt_consolidation,FL,30.24,0.0,715.0,719.0,1.0,32.3,18.0,Individual,5,High Risk,Manual Review
130518281,15000.0, 60 months,28.72,F,F1,1 year,MORTGAGE,25000.0,Not Verified,debt_consolidation,MS,34.89,0.0,675.0,679.0,0.0,63.8,11.0,Joint App,5,High Risk,Manual Review
131915438,20000.0, 60 months,28.72,F,F1,3 years,MORTGAGE,45000.0,Verified,home_improvement,NY,32.24,0.0,695.0,699.0,0.0,38.5,63.0,Individual,5,High Risk,Manual Review
132084196,14000.0, 60 months,26.77,E,E5,10+ years,MORTGAGE,76000.0,Verified,debt_consolidation,NC,37.8,0.0,670.0,674.0,0.0,81.4,23.0,Individual,6,High Risk,Manual Review
132054473,30000.0, 60 months,30.17,F,F3,3 years,MORTGAGE,110000.0,Verified,debt_consolidation,VA,32.62,0.0,670.0,674.0,0.0,48.5,52.0,Individual,5,High Risk,Manual Review
132052257,20000.0, 36 months,16.01,C,C5,10+ years,RENT,40000.0,Not Verified,debt_consolidation,FL,31.17,1.0,670.0,674.0,1.0,81.3,14.0,Individual,5,High Risk,Manual Review
132046317,12875.0, 60 months,26.77,E,E5,1 year,RENT,40200.0,Not Verified,debt_consolidation,NY,33.01,0.0,685.0,689.0,1.0,74.0,17.0,Individual,5,High Risk,Manual Review
132023586,25000.0, 60 months,26.77,E,E5,10+ years,MORTGAGE,62691.2,Verified,home_improvement,NC,30.78,0.0,695.0,699.0,0.0,27.8,16.0,Individual,5,High Risk,Manual Review
131608181,20000.0, 60 months,26.77,E,E5,4 years,RENT,50000.0,Verified,major_purchase,CA,37.54,0.0,765.0,769.0,2.0,16.2,15.0,Individual,5,High Risk,Manual Review
131853248,17550.0, 60 months,26.77,E,E5,10+ years,MORTGAGE,40000.0,Verified,home_improvement,LA,51.64,1.0,700.0,704.0,0.0,55.3,20.0,Joint App,6,High Risk,Manual Review
130126402,27000.0, 60 months,30.17,F,F3,2 years,MORTGAGE,9000.0,Not Verified,debt_consolidation,IN,83.47,0.0,715.0,719.0,0.0,39.0,22.0,Joint App,5,High Risk,Manual Review
131821011,19000.0, 60 months,28.72,F,F1,10+ years,MORTGAGE,33800.0,Verified,debt_consolidation,VA,72.7,0.0,730.0,734.0,0.0,85.1,11.0,Joint App,6,High Risk,Manual Review
131405365,20000.0, 60 months,24.84,E,E3,,MORTGAGE,21000.0,Verified,debt_consolidation,UT,46.03,0.0,690.0,694.0,0.0,74.8,10.0,Joint App,5,High Risk,Manual Review
131868104,20800.0, 36 months,22.9,E,E1,2 years,MORTGAGE,39000.0,Source Verified,debt_consolidation,MN,32.4,0.0,680.0,684.0,0.0,74.7,14.0,Individual,5,High Risk,Manual Review
131919189,30000.0, 60 months,26.77,E,E5,4 years,RENT,74000.0,Source Verified,debt_consolidation,TX,33.56,0.0,690.0,694.0,0.0,80.2,25.0,Individual,6,High Risk,Manual Review
130962011,30000.0, 60 months,23.87,E,E2,2 years,RENT,65000.0,Not Verified,debt_consolidation,TX,30.48,0.0,700.0,704.0,0.0,97.5,11.0,Individual,6,High Risk,Manual Review
131791486,17900.0, 60 months,30.79,G,G1,7 years,RENT,28000.0,Verified,other,GA,32.79,0.0,730.0,734.0,0.0,23.3,14.0,Joint App,5,High Risk,Manual Review
131340704,8000.0, 36 months,24.84,E,E3,4 years,RENT,52000.0,Verified,credit_card,CA,45.47,0.0,680.0,684.0,0.0,49.6,22.0,Joint App,5,High Risk,Manual Review
131915742,10000.0, 60 months,25.81,E,E4,1 year,RENT,56000.0,Not Verified,debt_consolidation,AZ,33.68,0.0,660.0,664.0,1.0,88.9,14.0,Individual,6,High Risk,Manual Review
131657405,25725.0, 60 months,30.75,F,F5,10+ years,MORTGAGE,80000.0,Source Verified,debt_consolidation,NY,33.59,0.0,680.0,684.0,1.0,66.8,27.0,Joint App,5,High Risk,Manual Review
131337185,15000.0, 60 months,28.72,F,F1,10+ years,RENT,80000.0,Verified,debt_consolidation,CA,45.31,0.0,685.0,689.0,1.0,75.1,28.0,Joint App,5,High Risk,Manual Review
131866328,10000.0, 36 months,23.87,E,E2,3 years,RENT,51600.0,Verified,debt_consolidation,CA,37.49,0.0,680.0,684.0,0.0,99.6,16.0,Individual,6,High Risk,Manual Review
131998341,20000.0, 60 months,26.77,E,E5,10+ years,RENT,37000.0,Verified,debt_consolidation,AZ,31.3,0.0,675.0,679.0,0.0,56.7,22.0,Individual,5,High Risk,Manual Review
130758153,3000.0, 36 months,15.04,C,C4,10+ years,MORTGAGE,32000.0,Not Verified,other,MS,38.48,1.0,670.0,674.0,0.0,96.9,13.0,Joint App,5,High Risk,Manual Review
131866874,30000.0, 60 months,26.77,E,E5,10+ years,MORTGAGE,69000.0,Source Verified,debt_consolidation,PA,31.41,0.0,700.0,704.0,0.0,64.6,29.0,Individual,5,High Risk,Manual Review
131432660,30000.0, 36 months,23.87,E,E2,,MORTGAGE,56000.0,Verified,credit_card,GA,32.3,0.0,720.0,724.0,0.0,74.1,27.0,Joint App,5,High Risk,Manual Review
131870818,16500.0, 60 months,29.69,F,F2,,RENT,15500.0,Verified,debt_consolidation,UT,80.09,0.0,660.0,664.0,0.0,70.2,7.0,Joint App,5,High Risk,Manual Review
131640591,1700.0, 36 months,25.81,E,E4,,RENT,36000.0,Verified,other,SC,32.0,0.0,680.0,684.0,0.0,74.9,35.0,Individual,5,High Risk,Manual Review
131999719,12000.0, 60 months,24.84,E,E3,8 years,RENT,52400.0,Not Verified,debt_consolidation,CA,30.65,0.0,665.0,669.0,1.0,87.0,27.0,Individual,6,High Risk,Manual Review
131982411,20000.0, 60 months,29.69,F,F2,8 years,RENT,65000.0,Source Verified,debt_consolidation,TX,35.4,0.0,700.0,704.0,0.0,65.6,23.0,Individual,5,High Risk,Manual Review
131863608,40000.0, 60 months,18.45,D,D2,2 years,MORTGAGE,77500.0,Verified,moving,PA,49.4,1.0,700.0,704.0,2.0,93.7,20.0,Joint App,5,High Risk,Manual Review
131968110,27300.0, 60 months,26.77,E,E5,10+ years,RENT,81000.0,Verified,credit_card,MN,39.61,0.0,700.0,704.0,0.0,83.7,25.0,Individual,6,High Risk,Manual Review
131849987,7000.0, 36 months,24.84,E,E3,2 years,RENT,42000.0,Source Verified,debt_consolidation,FL,30.35,0.0,670.0,674.0,1.0,63.7,24.0,Individual,5,High Risk,Manual Review
131971175,20000.0, 60 months,24.84,E,E3,1 year,MORTGAGE,68000.0,Source Verified,debt_consolidation,AL,31.72,0.0,675.0,679.0,1.0,103.0,14.0,Individual,6,High Risk,Manual Review
131665596,20000.0, 60 months,25.81,E,E4,2 years,MORTGAGE,55000.0,Verified,debt_consolidation,TX,31.03,0.0,660.0,664.0,0.0,62.1,21.0,Individual,5,High Risk,Manual Review
131836301,5000.0, 36 months,16.01,C,C5,6 years,OWN,50000.0,Verified,home_improvement,WI,32.96,2.0,665.0,669.0,2.0,89.7,30.0,Individual,5,High Risk,Manual Review
131617411,15000.0, 60 months,26.77,E,E5,10+ years,RENT,80000.0,Verified,home_improvement,SC,35.54,0.0,695.0,699.0,2.0,91.3,30.0,Individual,6,High Risk,Manual Review
131019550,35000.0, 60 months,23.87,E,E2,10+ years,MORTGAGE,48000.0,Verified,debt_consolidation,AZ,47.78,0.0,680.0,684.0,0.0,94.7,16.0,Joint App,6,High Risk,Manual Review
131965955,20000.0, 60 months,16.01,C,C5,10+ years,MORTGAGE,140000.0,Not Verified,credit_card,NJ,30.8,1.0,705.0,709.0,0.0,86.4,13.0,Individual,5,High Risk,Manual Review
131935671,12500.0, 60 months,26.77,E,E5,2 years,RENT,43000.0,Not Verified,other,CO,33.18,0.0,690.0,694.0,0.0,77.6,14.0,Individual,5,High Risk,Manual Review
131203579,20000.0, 60 months,28.72,F,F1,< 1 year,RENT,75000.0,Not Verified,debt_consolidation,FL,30.08,0.0,665.0,669.0,0.0,48.3,24.0,Individual,5,High Risk,Manual Review
131687577,22650.0, 60 months,26.77,E,E5,10+ years,OWN,154500.0,Verified,debt_consolidation,MI,34.08,0.0,680.0,684.0,1.0,59.2,32.0,Individual,5,High Risk,Manual Review
131631373,8500.0, 36 months,22.9,E,E1,3 years,MORTGAGE,55824.0,Verified,credit_card,GA,34.1,0.0,660.0,664.0,0.0,53.1,34.0,Individual,5,High Risk,Manual Review
131176292,18800.0, 60 months,30.79,G,G1,,RENT,47201.88,Not Verified,debt_consolidation,ID,30.66,0.0,725.0,729.0,0.0,80.3,31.0,Individual,6,High Risk,Manual Review
131739856,15000.0, 36 months,24.84,E,E3,2 years,RENT,55000.0,Source Verified,debt_consolidation,PA,32.66,0.0,680.0,684.0,2.0,44.2,20.0,Joint App,5,High Risk,Manual Review
131636258,18000.0, 60 months,29.69,F,F2,3 years,MORTGAGE,127000.0,Not Verified,credit_card,NC,8.94,2.0,670.0,674.0,0.0,92.3,13.0,Joint App,5,High Risk,Manual Review
131743394,15000.0, 36 months,19.42,D,D3,10+ years,MORTGAGE,46800.0,Verified,debt_consolidation,IL,33.67,1.0,705.0,709.0,0.0,97.0,30.0,Individual,5,High Risk,Manual Review
131789938,4000.0, 36 months,22.9,E,E1,10+ years,OWN,97000.0,Not Verified,debt_consolidation,MD,14.87,1.0,660.0,664.0,0.0,87.4,14.0,Individual,5,High Risk,Manual Review
131743927,20000.0, 60 months,24.84,E,E3,< 1 year,OWN,22000.0,Source Verified,other,MI,39.12,0.0,670.0,674.0,0.0,58.5,6.0,Joint App,5,High Risk,Manual Review
131723793,15600.0, 60 months,23.87,E,E2,10+ years,RENT,58500.0,Not Verified,debt_consolidation,IL,32.8,0.0,680.0,684.0,2.0,80.0,23.0,Individual,5,High Risk,Manual Review
130969833,24000.0, 60 months,26.77,E,E5,10+ years,MORTGAGE,103000.0,Verified,credit_card,WI,24.67,1.0,675.0,679.0,0.0,90.1,27.0,Individual,5,High Risk,Manual Review
131006400,21000.0, 60 months,25.81,E,E4,10+ years,RENT,42000.0,Not Verified,debt_consolidation,MD,34.26,0.0,710.0,714.0,0.0,33.4,65.0,Individual,5,High Risk,Manual Review
131648352,18000.0, 36 months,23.87,E,E2,< 1 year,RENT,28100.0,Source Verified,debt_consolidation,OR,43.78,0.0,670.0,674.0,0.0,73.2,24.0,Joint App,5,High Risk,Manual Review
131487157,24000.0, 60 months,25.81,E,E4,1 year,MORTGAGE,143800.0,Source Verified,debt_consolidation,NJ,25.26,2.0,665.0,669.0,0.0,99.6,21.0,Joint App,5,High Risk,Manual Review
131294952,1000.0, 36 months,22.9,E,E1,10+ years,OWN,37000.0,Source Verified,other,PA,35.78,0.0,685.0,689.0,2.0,22.2,31.0,Individual,5,High Risk,Manual Review
131547143,16575.0, 36 months,26.77,E,E5,4 years,RENT,30000.0,Not Verified,home_improvement,OH,61.8,1.0,685.0,689.0,1.0,59.7,24.0,Joint App,6,High Risk,Manual Review
131788156,13000.0, 60 months,29.69,F,F2,10+ years,MORTGAGE,76804.77,Verified,credit_card,TX,41.09,0.0,705.0,709.0,0.0,83.8,20.0,Joint App,6,High Risk,Manual Review
131408227,10800.0, 60 months,26.77,E,E5,10+ years,OWN,54000.0,Not Verified,credit_card,NY,37.51,0.0,690.0,694.0,1.0,61.5,39.0,Individual,5,High Risk,Manual Review
131865018,14000.0, 60 months,26.77,E,E5,4 years,MORTGAGE,55000.0,Source Verified,credit_card,GA,30.29,0.0,690.0,694.0,0.0,84.4,18.0,Individual,6,High Risk,Manual Review
131561676,2750.0, 36 months,23.87,E,E2,10+ years,MORTGAGE,65000.0,Verified,home_improvement,NH,41.99,0.0,705.0,709.0,2.0,97.7,28.0,Joint App,6,High Risk,Manual Review
131635610,2300.0, 36 months,25.81,E,E4,9 years,MORTGAGE,15000.0,Verified,moving,NH,135.36,0.0,695.0,699.0,0.0,77.6,23.0,Joint App,5,High Risk,Manual Review
131570617,16000.0, 60 months,28.72,F,F1,< 1 year,RENT,24000.0,Verified,debt_consolidation,CO,94.35,0.0,680.0,684.0,0.0,82.3,29.0,Joint App,6,High Risk,Manual Review
131662436,6500.0, 36 months,22.9,E,E1,10+ years,OWN,60000.0,Verified,debt_consolidation,MI,39.02,1.0,660.0,664.0,1.0,33.7,29.0,Individual,6,High Risk,Manual Review
131817534,30000.0, 60 months,25.81,E,E4,10+ years,RENT,67000.0,Not Verified,debt_consolidation,IL,31.88,0.0,695.0,699.0,0.0,77.3,28.0,Individual,5,High Risk,Manual Review
131567998,12800.0, 60 months,24.84,E,E3,4 years,MORTGAGE,40800.0,Not Verified,credit_card,VA,48.12,0.0,660.0,664.0,1.0,99.2,19.0,Joint App,6,High Risk,Manual Review
131709036,16000.0, 60 months,25.81,E,E4,1 year,RENT,42500.0,Verified,moving,CA,34.34,0.0,740.0,744.0,1.0,10.2,23.0,Individual,5,High Risk,Manual Review
131601518,10000.0, 60 months,23.87,E,E2,10+ years,RENT,34195.0,Verified,debt_consolidation,MD,32.08,0.0,680.0,684.0,1.0,43.0,83.0,Individual,5,High Risk,Manual Review
131715809,11000.0, 36 months,22.9,E,E1,3 years,MORTGAGE,37000.0,Verified,debt_consolidation,SC,49.66,0.0,670.0,674.0,0.0,73.8,30.0,Joint App,5,High Risk,Manual Review
131527237,30000.0, 60 months,28.72,F,F1,7 years,RENT,40000.0,Not Verified,other,TX,58.72,0.0,665.0,669.0,0.0,52.7,40.0,Joint App,5,High Risk,Manual Review
131637230,10000.0, 60 months,29.69,F,F2,3 years,RENT,27000.0,Verified,debt_consolidation,PA,44.58,0.0,670.0,674.0,0.0,57.6,26.0,Joint App,5,High Risk,Manual Review
131720555,5000.0, 36 months,23.87,E,E2,7 years,OWN,50000.0,Not Verified,debt_consolidation,NC,35.55,0.0,700.0,704.0,2.0,21.3,42.0,Individual,5,High Risk,Manual Review
131715975,1200.0, 36 months,22.9,E,E1,8 years,OWN,49000.0,Verified,vacation,MO,26.7,1.0,665.0,669.0,0.0,86.2,29.0,Individual,5,High Risk,Manual Review
131472972,25000.0, 36 months,23.87,E,E2,,MORTGAGE,60180.0,Verified,debt_consolidation,FL,30.52,0.0,700.0,704.0,0.0,71.5,19.0,Individual,5,High Risk,Manual Review
131663933,20000.0, 60 months,26.77,E,E5,1 year,RENT,43400.0,Source Verified,credit_card,FL,31.97,0.0,660.0,664.0,0.0,55.0,28.0,Individual,5,High Risk,Manual Review
131212721,24000.0, 60 months,28.72,F,F1,4 years,RENT,45000.0,Verified,debt_consolidation,CA,37.5,0.0,695.0,699.0,0.0,95.7,6.0,Joint App,6,High Risk,Manual Review
131838816,9600.0, 36 months,19.42,D,D3,10+ years,MORTGAGE,100000.0,Not Verified,credit_card,NC,38.23,1.0,675.0,679.0,0.0,81.9,31.0,Individual,5,High Risk,Manual Review
131553539,20000.0, 60 months,24.84,E,E3,1 year,MORTGAGE,37294.0,Verified,small_business,TN,44.25,0.0,685.0,689.0,2.0,62.5,11.0,Joint App,5,High Risk,Manual Review
131553532,30100.0, 36 months,26.77,E,E5,10+ years,OWN,48000.0,Not Verified,debt_consolidation,MI,30.25,0.0,725.0,729.0,0.0,82.3,14.0,Joint App,6,High Risk,Manual Review
131702045,30000.0, 60 months,26.77,E,E5,10+ years,RENT,74500.0,Source Verified,debt_consolidation,IN,34.87,0.0,675.0,679.0,0.0,57.9,32.0,Individual,5,High Risk,Manual Review
131571623,32000.0, 60 months,24.84,E,E3,10+ years,RENT,28000.0,Verified,debt_consolidation,NY,32.1,1.0,670.0,674.0,0.0,79.4,14.0,Joint App,6,High Risk,Manual Review
131451801,14000.0, 60 months,30.17,F,F3,4 years,MORTGAGE,40774.0,Verified,debt_consolidation,NV,41.86,0.0,660.0,664.0,0.0,67.1,14.0,Joint App,5,High Risk,Manual Review
131408845,16000.0, 60 months,23.87,E,E2,5 years,MORTGAGE,61000.0,Verified,debt_consolidation,TX,31.73,0.0,700.0,704.0,2.0,31.1,19.0,Joint App,5,High Risk,Manual Review
131741971,15000.0, 60 months,26.77,E,E5,7 years,RENT,59000.0,Not Verified,credit_card,CT,35.96,0.0,700.0,704.0,1.0,88.1,32.0,Individual,6,High Risk,Manual Review
131788134,15000.0, 60 months,24.84,E,E3,4 years,RENT,35088.0,Not Verified,credit_card,OH,31.09,0.0,700.0,704.0,2.0,49.7,15.0,Joint App,5,High Risk,Manual Review
131613705,30000.0, 60 months,24.84,E,E3,< 1 year,OWN,33000.0,Verified,debt_consolidation,IN,9.27,1.0,680.0,684.0,0.0,89.5,12.0,Individual,5,High Risk,Manual Review
131607074,34550.0, 60 months,30.17,F,F3,10+ years,MORTGAGE,42000.0,Verified,small_business,OR,64.46,0.0,705.0,709.0,0.0,67.4,37.0,Joint App,5,High Risk,Manual Review
131651458,34550.0, 60 months,25.81,E,E4,10+ years,MORTGAGE,100000.0,Not Verified,debt_consolidation,MN,51.67,0.0,705.0,709.0,1.0,44.2,43.0,Joint App,5,High Risk,Manual Review
131629378,30000.0, 60 months,24.84,E,E3,8 years,MORTGAGE,90000.0,Not Verified,debt_consolidation,FL,36.88,0.0,675.0,679.0,0.0,92.5,37.0,Joint App,6,High Risk,Manual Review
131648745,21000.0, 60 months,26.77,E,E5,6 years,RENT,60000.0,Source Verified,debt_consolidation,CA,30.39,1.0,680.0,684.0,0.0,56.8,22.0,Individual,6,High Risk,Manual Review
130810173,11650.0, 60 months,30.75,F,F5,8 years,OWN,43000.0,Verified,debt_consolidation,TX,36.84,1.0,690.0,694.0,0.0,39.1,34.0,Individual,6,High Risk,Manual Review
131654424,24000.0, 36 months,22.9,E,E1,,MORTGAGE,59933.0,Not Verified,debt_consolidation,NC,35.14,0.0,710.0,714.0,2.0,31.4,22.0,Individual,5,High Risk,Manual Review
131577900,10000.0, 36 months,22.9,E,E1,5 years,RENT,53000.0,Verified,debt_consolidation,TN,36.93,0.0,670.0,674.0,2.0,38.6,82.0,Individual,5,High Risk,Manual Review
131700802,16000.0, 60 months,26.77,E,E5,3 years,MORTGAGE,55000.0,Not Verified,debt_consolidation,WV,39.97,0.0,705.0,709.0,1.0,33.3,34.0,Individual,5,High Risk,Manual Review
131646731,10000.0, 36 months,25.81,E,E4,1 year,RENT,34000.0,Source Verified,debt_consolidation,TX,32.38,0.0,665.0,669.0,0.0,56.0,29.0,Individual,5,High Risk,Manual Review
131592974,5000.0, 36 months,22.9,E,E1,6 years,OWN,350000.0,Source Verified,debt_consolidation,DE,23.08,1.0,660.0,664.0,0.0,91.2,58.0,Individual,5,High Risk,Manual Review
131628006,14000.0, 60 months,26.77,E,E5,10+ years,MORTGAGE,28000.0,Verified,debt_consolidation,FL,38.15,0.0,675.0,679.0,1.0,10.3,49.0,Individual,5,High Risk,Manual Review
131648862,20000.0, 60 months,25.81,E,E4,4 years,RENT,90000.0,Verified,debt_consolidation,CA,30.35,1.0,685.0,689.0,0.0,74.7,40.0,Individual,6,High Risk,Manual Review
131628530,20000.0, 60 months,24.84,E,E3,1 year,RENT,49000.0,Not Verified,debt_consolidation,TN,37.06,0.0,695.0,699.0,0.0,41.6,31.0,Individual,5,High Risk,Manual Review
131616869,25000.0, 36 months,25.81,E,E4,8 years,MORTGAGE,175000.0,Not Verified,debt_consolidation,CA,19.84,1.0,695.0,699.0,0.0,80.4,24.0,Individual,5,High Risk,Manual Review
131505455,28525.0, 60 months,30.79,G,G1,7 years,MORTGAGE,25000.0,Source Verified,debt_consolidation,PA,61.55,0.0,680.0,684.0,1.0,83.6,11.0,Joint App,6,High Risk,Manual Review
131622459,5000.0, 36 months,26.77,E,E5,< 1 year,RENT,12000.0,Not Verified,debt_consolidation,CO,47.96,0.0,665.0,669.0,0.0,68.4,10.0,Joint App,5,High Risk,Manual Review
131704162,6500.0, 36 months,22.9,E,E1,10+ years,MORTGAGE,42800.0,Not Verified,credit_card,GA,33.63,0.0,670.0,674.0,1.0,64.9,19.0,Individual,5,High Risk,Manual Review
131625333,25000.0, 60 months,28.72,F,F1,6 years,RENT,48000.0,Source Verified,debt_consolidation,TN,37.3,0.0,740.0,744.0,0.0,36.0,30.0,Individual,5,High Risk,Manual Review
131550626,30000.0, 60 months,28.72,F,F1,,MORTGAGE,75000.0,Verified,other,TX,31.52,0.0,670.0,674.0,0.0,62.0,27.0,Individual,5,High Risk,Manual Review
131480875,20000.0, 36 months,16.01,C,C5,4 years,MORTGAGE,12000.0,Not Verified,debt_consolidation,KY,51.6,1.0,670.0,674.0,0.0,86.7,11.0,Joint App,5,High Risk,Manual Review
131574267,12000.0, 60 months,28.72,F,F1,10+ years,MORTGAGE,29000.0,Verified,debt_consolidation,MO,79.3,0.0,675.0,679.0,3.0,45.3,51.0,Joint App,5,High Risk,Manual Review
130681426,5000.0, 36 months,23.87,E,E2,,RENT,10000.0,Verified,debt_consolidation,HI,30.25,1.0,695.0,699.0,0.0,18.5,10.0,Individual,6,High Risk,Manual Review
131640547,35000.0, 36 months,16.01,C,C5,3 years,MORTGAGE,130000.0,Verified,credit_card,MA,31.97,6.0,665.0,669.0,0.0,83.0,33.0,Individual,5,High Risk,Manual Review
131595892,22800.0, 60 months,25.81,E,E4,5 years,RENT,92000.0,Source Verified,debt_consolidation,LA,37.86,0.0,690.0,694.0,0.0,96.1,21.0,Individual,6,High Risk,Manual Review
131448258,17225.0, 60 months,30.79,G,G1,,OWN,10188.0,Verified,debt_consolidation,GA,91.05,0.0,710.0,714.0,0.0,57.5,16.0,Joint App,5,High Risk,Manual Review
131505760,10000.0, 60 months,25.81,E,E4,7 years,OWN,85000.0,Source Verified,other,GA,31.97,0.0,705.0,709.0,2.0,45.6,32.0,Individual,5,High Risk,Manual Review
131362352,14000.0, 60 months,30.79,G,G1,8 years,MORTGAGE,50500.0,Verified,major_purchase,VT,40.85,0.0,680.0,684.0,0.0,54.8,34.0,Joint App,5,High Risk,Manual Review
130610992,20000.0, 60 months,30.79,G,G1,2 years,MORTGAGE,38000.0,Source Verified,debt_consolidation,KY,41.47,0.0,670.0,674.0,1.0,65.9,17.0,Joint App,5,High Risk,Manual Review
131562997,30000.0, 60 months,28.72,F,F1,9 years,MORTGAGE,92000.0,Verified,debt_consolidation,CO,31.15,0.0,695.0,699.0,2.0,76.4,18.0,Individual,5,High Risk,Manual Review
131338206,11000.0, 60 months,26.77,E,E5,10+ years,OWN,30000.0,Not Verified,debt_consolidation,FL,39.2,0.0,665.0,669.0,0.0,76.9,14.0,Joint App,5,High Risk,Manual Review
131434263,20000.0, 60 months,24.84,E,E3,4 years,MORTGAGE,35000.0,Source Verified,debt_consolidation,VA,33.26,0.0,670.0,674.0,1.0,55.1,13.0,Joint App,5,High Risk,Manual Review
130825525,13800.0, 60 months,25.81,E,E4,,OWN,25000.0,Verified,major_purchase,DE,36.68,0.0,700.0,704.0,0.0,29.6,11.0,Individual,5,High Risk,Manual Review
131467260,40000.0, 60 months,26.77,E,E5,10+ years,MORTGAGE,50000.0,Verified,debt_consolidation,CA,39.34,0.0,735.0,739.0,1.0,75.9,16.0,Joint App,5,High Risk,Manual Review
131562808,6075.0, 36 months,26.77,E,E5,8 years,RENT,69999.0,Verified,debt_consolidation,NY,36.4,1.0,665.0,669.0,1.0,39.0,20.0,Individual,6,High Risk,Manual Review
130872745,35000.0, 60 months,24.84,E,E3,4 years,MORTGAGE,57000.0,Not Verified,debt_consolidation,TX,59.16,0.0,745.0,749.0,1.0,28.2,27.0,Joint App,5,High Risk,Manual Review
131555751,8000.0, 36 months,22.9,E,E1,10+ years,RENT,10000.0,Verified,other,CT,66.86,1.0,660.0,664.0,0.0,20.5,11.0,Joint App,6,High Risk,Manual Review
131425329,12000.0, 60 months,30.94,G,G4,8 years,OWN,22000.0,Verified,debt_consolidation,TN,36.22,0.0,660.0,664.0,1.0,53.4,19.0,Individual,5,High Risk,Manual Review
131546848,15000.0, 60 months,30.75,F,F5,7 years,RENT,57000.0,Verified,debt_consolidation,HI,39.03,1.0,660.0,664.0,0.0,44.4,29.0,Joint App,6,High Risk,Manual Review
131485527,25000.0, 60 months,26.77,E,E5,3 years,MORTGAGE,18000.0,Verified,debt_consolidation,MI,92.0,0.0,685.0,689.0,0.0,69.5,13.0,Joint App,5,High Risk,Manual Review
131546349,10000.0, 36 months,22.9,E,E1,10+ years,RENT,19000.0,Not Verified,debt_consolidation,CA,39.23,0.0,695.0,699.0,0.0,82.0,14.0,Individual,6,High Risk,Manual Review
131627413,30000.0, 60 months,28.72,F,F1,< 1 year,RENT,107200.0,Source Verified,debt_consolidation,WA,33.66,0.0,675.0,679.0,2.0,77.6,37.0,Individual,5,High Risk,Manual Review
131554789,1800.0, 36 months,20.39,D,D4,2 years,RENT,24000.0,Not Verified,moving,VA,37.8,1.0,660.0,664.0,1.0,85.4,11.0,Individual,5,High Risk,Manual Review
131614758,25000.0, 60 months,30.79,G,G1,10+ years,RENT,71900.0,Source Verified,debt_consolidation,CO,36.69,0.0,720.0,724.0,0.0,79.0,14.0,Individual,5,High Risk,Manual Review
131609670,20000.0, 36 months,16.01,C,C5,4 years,MORTGAGE,126000.0,Not Verified,debt_consolidation,NC,30.43,1.0,680.0,684.0,0.0,83.2,17.0,Individual,5,High Risk,Manual Review
130333276,20125.0, 36 months,25.81,E,E4,4 years,MORTGAGE,52000.0,Not Verified,credit_card,MI,33.6,0.0,680.0,684.0,0.0,86.2,12.0,Joint App,6,High Risk,Manual Review
131593221,17250.0, 60 months,28.72,F,F1,,OWN,22800.0,Not Verified,debt_consolidation,FL,37.95,1.0,665.0,669.0,0.0,67.5,6.0,Individual,6,High Risk,Manual Review
131317011,15000.0, 60 months,22.9,E,E1,10+ years,OWN,110000.0,Not Verified,credit_card,FL,35.98,0.0,720.0,724.0,1.0,38.5,48.0,Individual,5,High Risk,Manual Review
131566948,18825.0, 60 months,24.84,E,E3,10+ years,MORTGAGE,60000.0,Verified,credit_card,FL,33.92,0.0,685.0,689.0,0.0,85.5,13.0,Individual,6,High Risk,Manual Review
131511831,12000.0, 60 months,30.75,F,F5,10+ years,RENT,43000.0,Not Verified,debt_consolidation,MN,49.51,1.0,680.0,684.0,0.0,84.3,15.0,Joint App,7,High Risk,Manual Review
131495543,25000.0, 60 months,25.81,E,E4,2 years,RENT,74260.0,Source Verified,debt_consolidation,VA,32.92,0.0,700.0,704.0,1.0,60.6,11.0,Individual,5,High Risk,Manual Review
130837540,28000.0, 60 months,25.81,E,E4,,MORTGAGE,22000.0,Verified,credit_card,WA,47.46,0.0,720.0,724.0,0.0,95.3,14.0,Joint App,6,High Risk,Manual Review
131548119,12000.0, 60 months,25.81,E,E4,9 years,OWN,95000.0,Verified,home_improvement,NJ,36.4,0.0,700.0,704.0,0.0,81.2,50.0,Individual,6,High Risk,Manual Review
131439415,20000.0, 60 months,28.72,F,F1,6 years,RENT,50000.0,Verified,debt_consolidation,CA,38.8,0.0,670.0,674.0,1.0,89.7,27.0,Individual,6,High Risk,Manual Review
131362841,24000.0, 60 months,24.84,E,E3,10+ years,MORTGAGE,32000.0,Source Verified,debt_consolidation,IL,49.06,0.0,710.0,714.0,0.0,52.4,28.0,Joint App,5,High Risk,Manual Review
131221427,35000.0, 60 months,22.9,E,E1,10+ years,MORTGAGE,48000.0,Verified,debt_consolidation,TN,42.65,0.0,670.0,674.0,0.0,98.5,54.0,Joint App,6,High Risk,Manual Review
130808037,12000.0, 60 months,29.69,F,F2,5 years,RENT,66000.0,Source Verified,debt_consolidation,OR,37.15,0.0,680.0,684.0,0.0,68.3,20.0,Joint App,5,High Risk,Manual Review
130335760,21000.0, 60 months,30.17,F,F3,10+ years,RENT,25442.0,Verified,other,OH,49.34,0.0,720.0,724.0,0.0,92.3,11.0,Joint App,6,High Risk,Manual Review
130936823,12000.0, 36 months,26.77,E,E5,10+ years,RENT,35000.0,Source Verified,debt_consolidation,NJ,34.29,0.0,705.0,709.0,1.0,36.1,18.0,Individual,5,High Risk,Manual Review
131486646,12250.0, 60 months,29.69,F,F2,,MORTGAGE,52572.0,Verified,debt_consolidation,SC,30.84,0.0,670.0,674.0,1.0,54.1,24.0,Individual,5,High Risk,Manual Review
130370530,10000.0, 36 months,21.85,D,D5,10+ years,MORTGAGE,55000.0,Source Verified,home_improvement,OH,32.23,3.0,670.0,674.0,0.0,81.8,20.0,Individual,5,High Risk,Manual Review
130607318,40000.0, 60 months,24.84,E,E3,4 years,MORTGAGE,70000.0,Verified,debt_consolidation,CA,31.78,0.0,675.0,679.0,0.0,74.1,17.0,Joint App,5,High Risk,Manual Review
131506309,11450.0, 36 months,25.81,E,E4,,MORTGAGE,37692.0,Verified,debt_consolidation,AZ,39.96,0.0,660.0,664.0,0.0,74.6,16.0,Joint App,5,High Risk,Manual Review
131481712,9000.0, 36 months,22.9,E,E1,3 years,OWN,55000.0,Source Verified,credit_card,NY,21.34,7.0,665.0,669.0,0.0,87.8,34.0,Individual,5,High Risk,Manual Review
131468819,20000.0, 60 months,19.42,D,D3,2 years,OWN,40800.0,Verified,debt_consolidation,CA,30.76,3.0,660.0,664.0,0.0,91.0,13.0,Individual,5,High Risk,Manual Review
131468177,18000.0, 36 months,23.87,E,E2,8 years,RENT,43200.0,Source Verified,debt_consolidation,CA,31.94,0.0,690.0,694.0,0.0,60.2,24.0,Individual,5,High Risk,Manual Review
131318247,20900.0, 60 months,30.75,F,F5,1 year,MORTGAGE,15177.0,Not Verified,debt_consolidation,PA,88.91,0.0,735.0,739.0,0.0,89.7,6.0,Joint App,6,High Risk,Manual Review
131240791,20800.0, 36 months,22.9,E,E1,8 years,MORTGAGE,55000.0,Not Verified,debt_consolidation,AL,37.44,0.0,680.0,684.0,0.0,57.2,36.0,Individual,5,High Risk,Manual Review
131373924,10000.0, 36 months,22.9,E,E1,10+ years,MORTGAGE,92725.0,Verified,debt_consolidation,UT,50.95,0.0,700.0,704.0,0.0,86.5,24.0,Joint App,6,High Risk,Manual Review
131473521,20000.0, 60 months,24.84,E,E3,10+ years,OWN,51000.0,Verified,credit_card,OK,34.24,0.0,695.0,699.0,0.0,53.8,19.0,Individual,5,High Risk,Manual Review
131383170,22000.0, 60 months,26.77,E,E5,10+ years,RENT,75000.0,Verified,debt_consolidation,UT,37.25,0.0,670.0,674.0,0.0,74.5,47.0,Individual,5,High Risk,Manual Review
131425135,16550.0, 60 months,30.79,G,G1,6 years,MORTGAGE,58000.0,Verified,credit_card,CA,68.05,0.0,670.0,674.0,1.0,60.0,28.0,Joint App,5,High Risk,Manual Review
131465631,5000.0, 36 months,23.87,E,E2,3 years,MORTGAGE,32000.0,Verified,major_purchase,PA,72.82,0.0,665.0,669.0,0.0,81.4,28.0,Joint App,6,High Risk,Manual Review
131293876,23000.0, 60 months,26.77,E,E5,< 1 year,MORTGAGE,28000.0,Verified,other,CO,44.41,0.0,710.0,714.0,0.0,22.8,8.0,Joint App,5,High Risk,Manual Review
131039193,25000.0, 60 months,24.84,E,E3,1 year,MORTGAGE,110000.0,Source Verified,debt_consolidation,FL,33.32,0.0,685.0,689.0,0.0,77.1,37.0,Joint App,5,High Risk,Manual Review
131415971,20000.0, 60 months,26.77,E,E5,2 years,RENT,53500.0,Not Verified,debt_consolidation,NV,45.96,0.0,670.0,674.0,0.0,57.7,14.0,Joint App,5,High Risk,Manual Review
131447609,15800.0, 36 months,25.81,E,E4,9 years,RENT,39000.0,Source Verified,debt_consolidation,MI,30.06,0.0,660.0,664.0,1.0,59.6,15.0,Individual,5,High Risk,Manual Review
131428820,12800.0, 36 months,21.85,D,D5,10+ years,MORTGAGE,110000.0,Verified,other,CT,39.7,1.0,675.0,679.0,0.0,95.4,42.0,Individual,5,High Risk,Manual Review
131481901,12000.0, 60 months,24.84,E,E3,10+ years,MORTGAGE,93264.0,Source Verified,debt_consolidation,OK,38.05,0.0,665.0,669.0,0.0,82.5,38.0,Individual,6,High Risk,Manual Review
131178165,24000.0, 60 months,25.81,E,E4,,MORTGAGE,15000.0,Verified,credit_card,NJ,141.52,0.0,695.0,699.0,1.0,47.0,11.0,Joint App,5,High Risk,Manual Review
131491437,15000.0, 60 months,28.72,F,F1,7 years,RENT,60000.0,Not Verified,home_improvement,FL,34.9,0.0,680.0,684.0,0.0,55.9,26.0,Individual,5,High Risk,Manual Review
131467505,14000.0, 60 months,24.84,E,E3,10+ years,MORTGAGE,155000.0,Source Verified,credit_card,WA,31.15,0.0,695.0,699.0,0.0,100.7,25.0,Individual,6,High Risk,Manual Review
130273520,35000.0, 36 months,26.77,E,E5,8 years,MORTGAGE,87421.0,Source Verified,debt_consolidation,ND,44.71,0.0,780.0,784.0,1.0,17.8,36.0,Joint App,5,High Risk,Manual Review
131332565,16000.0, 60 months,29.69,F,F2,8 years,MORTGAGE,152000.0,Verified,debt_consolidation,NJ,12.44,1.0,670.0,674.0,1.0,96.9,38.0,Individual,5,High Risk,Manual Review
131309887,6400.0, 36 months,24.84,E,E3,,OWN,26500.0,Not Verified,debt_consolidation,TX,32.38,0.0,660.0,664.0,1.0,53.6,16.0,Individual,5,High Risk,Manual Review
131387662,21000.0, 60 months,26.77,E,E5,6 years,OWN,56000.0,Source Verified,debt_consolidation,LA,31.83,2.0,680.0,684.0,0.0,54.7,17.0,Individual,6,High Risk,Manual Review
131463310,20000.0, 60 months,25.81,E,E4,10+ years,RENT,47000.0,Verified,debt_consolidation,PA,30.41,0.0,715.0,719.0,0.0,85.4,17.0,Individual,6,High Risk,Manual Review
131442863,13550.0, 36 months,24.84,E,E3,,RENT,29719.0,Not Verified,other,MI,38.45,0.0,665.0,669.0,0.0,41.2,41.0,Individual,5,High Risk,Manual Review
131478988,18675.0, 60 months,26.77,E,E5,10+ years,MORTGAGE,50750.0,Not Verified,debt_consolidation,TX,39.11,0.0,700.0,704.0,0.0,67.4,31.0,Individual,5,High Risk,Manual Review
131477026,20000.0, 60 months,26.77,E,E5,10+ years,RENT,65000.0,Verified,debt_consolidation,MA,37.12,0.0,725.0,729.0,2.0,5.2,53.0,Individual,5,High Risk,Manual Review
131225965,21000.0, 60 months,26.77,E,E5,5 years,RENT,39000.0,Verified,debt_consolidation,TN,32.37,0.0,765.0,769.0,1.0,3.7,53.0,Individual,5,High Risk,Manual Review
131441724,20000.0, 60 months,26.77,E,E5,10+ years,MORTGAGE,128000.0,Not Verified,debt_consolidation,TX,30.34,0.0,710.0,714.0,0.0,59.6,28.0,Joint App,5,High Risk,Manual Review
131408002,1500.0, 36 months,22.9,E,E1,,OWN,18576.0,Verified,other,OR,26.29,1.0,660.0,664.0,0.0,101.3,12.0,Individual,5,High Risk,Manual Review
131405662,31150.0, 36 months,22.9,E,E1,2 years,MORTGAGE,7200.0,Source Verified,credit_card,TX,34.0,0.0,705.0,709.0,1.0,37.4,11.0,Joint App,5,High Risk,Manual Review
131444319,30000.0, 60 months,24.84,E,E3,4 years,RENT,70000.0,Verified,debt_consolidation,CA,38.39,0.0,730.0,734.0,3.0,9.4,62.0,Individual,5,High Risk,Manual Review
131354638,21000.0, 60 months,26.77,E,E5,,MORTGAGE,7500.0,Verified,debt_consolidation,WV,613.4,3.0,670.0,674.0,0.0,47.9,23.0,Joint App,6,High Risk,Manual Review
131438992,18000.0, 36 months,17.47,D,D1,10+ years,MORTGAGE,48000.0,Not Verified,credit_card,IL,43.95,1.0,680.0,684.0,0.0,87.2,34.0,Joint App,5,High Risk,Manual Review
131077705,11200.0, 60 months,24.84,E,E3,2 years,RENT,43000.0,Not Verified,debt_consolidation,FL,30.11,0.0,700.0,704.0,0.0,85.1,26.0,Individual,6,High Risk,Manual Review
131409929,30000.0, 60 months,25.81,E,E4,,MORTGAGE,56000.0,Verified,debt_consolidation,TX,31.83,0.0,740.0,744.0,1.0,7.2,23.0,Individual,5,High Risk,Manual Review
131359960,14400.0, 60 months,25.81,E,E4,9 years,MORTGAGE,20000.0,Source Verified,debt_consolidation,NY,101.5,0.0,695.0,699.0,2.0,98.3,14.0,Joint App,6,High Risk,Manual Review
131398274,28000.0, 60 months,25.81,E,E4,10+ years,MORTGAGE,69000.0,Verified,credit_card,TX,43.01,0.0,680.0,684.0,0.0,50.7,33.0,Joint App,5,High Risk,Manual Review
130963557,19350.0, 36 months,23.87,E,E2,,RENT,68514.0,Verified,other,LA,37.69,0.0,675.0,679.0,0.0,96.5,18.0,Individual,6,High Risk,Manual Review
131079707,15000.0, 60 months,30.17,F,F3,8 years,RENT,52000.0,Source Verified,debt_consolidation,NY,39.28,0.0,750.0,754.0,0.0,35.7,17.0,Individual,5,High Risk,Manual Review
131340510,24000.0, 36 months,22.9,E,E1,5 years,OWN,19200.0,Verified,debt_consolidation,TX,102.73,0.0,660.0,664.0,1.0,46.4,23.0,Joint App,5,High Risk,Manual Review
130952556,20000.0, 60 months,30.17,F,F3,3 years,OWN,33000.0,Not Verified,debt_consolidation,GA,67.64,0.0,720.0,724.0,0.0,94.9,16.0,Joint App,6,High Risk,Manual Review
131320908,6000.0, 36 months,26.77,E,E5,10+ years,MORTGAGE,83000.0,Source Verified,debt_consolidation,NY,36.34,0.0,725.0,729.0,0.0,64.0,21.0,Joint App,5,High Risk,Manual Review
131393870,13775.0, 36 months,22.9,E,E1,10+ years,MORTGAGE,120000.0,Not Verified,debt_consolidation,TX,30.4,0.0,700.0,704.0,0.0,46.1,43.0,Individual,5,High Risk,Manual Review
131319472,19000.0, 60 months,26.77,E,E5,10+ years,OWN,65000.0,Verified,moving,OR,33.4,0.0,710.0,714.0,3.0,33.0,47.0,Individual,5,High Risk,Manual Review
131348185,40000.0, 60 months,30.79,G,G1,5 years,MORTGAGE,55000.0,Not Verified,debt_consolidation,TN,64.08,1.0,700.0,704.0,1.0,51.8,44.0,Joint App,6,High Risk,Manual Review
131264787,17000.0, 60 months,24.84,E,E3,,RENT,10224.0,Verified,debt_consolidation,PA,72.65,0.0,725.0,729.0,0.0,30.2,13.0,Joint App,5,High Risk,Manual Review
131297743,6000.0, 36 months,23.87,E,E2,3 years,MORTGAGE,53000.0,Verified,house,OR,32.04,1.0,675.0,679.0,3.0,12.9,33.0,Individual,6,High Risk,Manual Review
131340786,30000.0, 60 months,24.84,E,E3,2 years,RENT,132000.0,Source Verified,debt_consolidation,CA,31.47,1.0,675.0,679.0,0.0,68.5,48.0,Individual,6,High Risk,Manual Review
131291106,10000.0, 60 months,29.69,F,F2,5 years,MORTGAGE,45000.0,Verified,debt_consolidation,FL,34.36,0.0,665.0,669.0,0.0,43.2,21.0,Individual,5,High Risk,Manual Review
131112106,26400.0, 60 months,26.77,E,E5,3 years,MORTGAGE,56160.0,Verified,other,PA,44.05,4.0,675.0,679.0,3.0,59.7,94.0,Joint App,6,High Risk,Manual Review
131335849,15000.0, 36 months,24.84,E,E3,,RENT,26500.0,Verified,debt_consolidation,NE,40.22,0.0,680.0,684.0,2.0,39.5,50.0,Joint App,5,High Risk,Manual Review
131226801,25000.0, 36 months,22.9,E,E1,8 years,RENT,85000.0,Not Verified,debt_consolidation,HI,36.19,0.0,720.0,724.0,0.0,50.1,30.0,Individual,5,High Risk,Manual Review
131072418,30000.0, 60 months,28.72,F,F1,10+ years,OWN,75000.0,Source Verified,debt_consolidation,WV,30.8,4.0,660.0,664.0,1.0,56.8,26.0,Individual,6,High Risk,Manual Review
131334983,25000.0, 36 months,26.77,E,E5,10+ years,MORTGAGE,110000.0,Source Verified,credit_card,NY,36.12,0.0,715.0,719.0,1.0,93.0,25.0,Individual,6,High Risk,Manual Review
131289435,16000.0, 60 months,26.77,E,E5,1 year,MORTGAGE,39000.0,Verified,debt_consolidation,NE,40.31,1.0,670.0,674.0,0.0,72.3,12.0,Joint App,6,High Risk,Manual Review
131216241,25000.0, 36 months,25.81,E,E4,4 years,MORTGAGE,160000.0,Source Verified,credit_card,NJ,38.39,0.0,670.0,674.0,0.0,79.8,48.0,Individual,5,High Risk,Manual Review
131307495,25000.0, 60 months,25.81,E,E4,10+ years,MORTGAGE,78000.0,Verified,debt_consolidation,OK,41.11,0.0,665.0,669.0,0.0,67.9,31.0,Joint App,5,High Risk,Manual Review
131237508,20000.0, 60 months,26.77,E,E5,3 years,OWN,46500.0,Not Verified,debt_consolidation,TX,34.48,0.0,670.0,674.0,1.0,55.8,45.0,Individual,5,High Risk,Manual Review
131011843,24000.0, 36 months,22.9,E,E1,10+ years,RENT,40000.0,Not Verified,debt_consolidation,CA,41.16,0.0,690.0,694.0,0.0,83.6,19.0,Joint App,6,High Risk,Manual Review
131291509,10000.0, 60 months,25.81,E,E4,,RENT,9087.0,Verified,debt_consolidation,CA,51.39,0.0,670.0,674.0,2.0,67.6,14.0,Joint App,5,High Risk,Manual Review
131128783,26000.0, 36 months,21.85,D,D5,10+ years,MORTGAGE,69886.0,Verified,debt_consolidation,AZ,33.23,1.0,670.0,674.0,0.0,80.1,53.0,Individual,5,High Risk,Manual Review
130431874,20000.0, 60 months,25.81,E,E4,,MORTGAGE,25000.0,Not Verified,debt_consolidation,AZ,110.9,1.0,710.0,714.0,0.0,34.5,21.0,Joint App,6,High Risk,Manual Review
131292539,15000.0, 60 months,24.84,E,E3,9 years,MORTGAGE,73500.0,Source Verified,other,TX,38.37,2.0,680.0,684.0,1.0,74.5,40.0,Joint App,6,High Risk,Manual Review
131352323,10000.0, 60 months,25.81,E,E4,1 year,RENT,10000.0,Not Verified,debt_consolidation,WI,87.15,0.0,665.0,669.0,1.0,68.3,23.0,Joint App,5,High Risk,Manual Review
131359685,30000.0, 60 months,20.39,D,D4,10+ years,MORTGAGE,140000.0,Source Verified,debt_consolidation,NY,37.67,1.0,680.0,684.0,1.0,88.7,31.0,Joint App,5,High Risk,Manual Review
131306445,15000.0, 60 months,28.72,F,F1,10+ years,RENT,89225.0,Verified,debt_consolidation,TX,31.02,1.0,670.0,674.0,0.0,81.0,24.0,Individual,7,High Risk,Manual Review
131373923,5700.0, 36 months,24.84,E,E3,10+ years,RENT,30000.0,Not Verified,debt_consolidation,VA,30.6,1.0,665.0,669.0,0.0,62.1,16.0,Individual,6,High Risk,Manual Review
131386488,20000.0, 36 months,22.9,E,E1,3 years,RENT,30000.0,Not Verified,credit_card,IL,32.64,0.0,715.0,719.0,0.0,55.6,9.0,Joint App,5,High Risk,Manual Review
131377734,25000.0, 60 months,28.72,F,F1,4 years,MORTGAGE,96000.0,Source Verified,debt_consolidation,NJ,33.38,0.0,690.0,694.0,0.0,97.4,64.0,Individual,6,High Risk,Manual Review
131077122,12000.0, 60 months,26.77,E,E5,10+ years,RENT,78810.0,Verified,debt_consolidation,AZ,37.9,0.0,695.0,699.0,1.0,64.5,26.0,Individual,5,High Risk,Manual Review
131359914,2500.0, 36 months,19.42,D,D3,1 year,MORTGAGE,38400.0,Not Verified,major_purchase,IN,30.72,3.0,670.0,674.0,0.0,91.2,13.0,Individual,5,High Risk,Manual Review
131339018,15000.0, 60 months,28.72,F,F1,3 years,RENT,40000.0,Source Verified,credit_card,MA,31.74,0.0,690.0,694.0,0.0,51.8,27.0,Joint App,5,High Risk,Manual Review
131363179,14000.0, 36 months,18.45,D,D2,10+ years,RENT,100000.0,Source Verified,debt_consolidation,FL,38.64,2.0,675.0,679.0,0.0,83.7,28.0,Individual,5,High Risk,Manual Review
131205743,7775.0, 36 months,22.9,E,E1,10+ years,RENT,105000.0,Source Verified,car,TX,33.17,0.0,700.0,704.0,1.0,82.4,19.0,Individual,6,High Risk,Manual Review
130560123,16000.0, 60 months,28.72,F,F1,2 years,OWN,30000.0,Verified,credit_card,WI,32.48,0.0,690.0,694.0,0.0,95.8,12.0,Individual,6,High Risk,Manual Review
131106750,32000.0, 60 months,30.75,F,F5,8 years,MORTGAGE,26000.0,Source Verified,debt_consolidation,CT,75.44,0.0,660.0,664.0,0.0,64.7,15.0,Joint App,5,High Risk,Manual Review
131295146,12000.0, 60 months,25.81,E,E4,10+ years,MORTGAGE,46612.0,Verified,debt_consolidation,CO,30.79,0.0,700.0,704.0,2.0,15.8,49.0,Individual,5,High Risk,Manual Review
131215453,17000.0, 60 months,25.81,E,E4,< 1 year,RENT,48000.0,Verified,credit_card,CO,63.95,1.0,680.0,684.0,0.0,49.9,20.0,Joint App,6,High Risk,Manual Review
131266947,21000.0, 60 months,24.84,E,E3,,RENT,42000.0,Verified,credit_card,AK,36.23,0.0,675.0,679.0,0.0,64.2,50.0,Individual,5,High Risk,Manual Review
131306085,9275.0, 36 months,26.77,E,E5,10+ years,MORTGAGE,38000.0,Verified,debt_consolidation,NC,48.74,4.0,700.0,704.0,0.0,39.3,22.0,Joint App,6,High Risk,Manual Review
131140969,21000.0, 36 months,26.77,E,E5,1 year,MORTGAGE,38000.0,Source Verified,debt_consolidation,NY,14.72,1.0,665.0,669.0,1.0,95.0,18.0,Joint App,5,High Risk,Manual Review
131333543,16900.0, 36 months,26.77,E,E5,8 years,MORTGAGE,110000.0,Not Verified,home_improvement,PA,30.53,0.0,730.0,734.0,0.0,37.4,23.0,Individual,5,High Risk,Manual Review
130022955,12000.0, 60 months,26.77,E,E5,2 years,RENT,50000.0,Not Verified,debt_consolidation,CO,33.46,0.0,700.0,704.0,0.0,69.2,32.0,Individual,5,High Risk,Manual Review
131256327,14100.0, 36 months,26.77,E,E5,< 1 year,OWN,34000.0,Verified,debt_consolidation,NC,37.38,2.0,660.0,664.0,0.0,64.1,22.0,Individual,6,High Risk,Manual Review
131122694,25000.0, 60 months,24.84,E,E3,10+ years,MORTGAGE,75000.0,Verified,debt_consolidation,TX,32.34,0.0,710.0,714.0,0.0,94.3,13.0,Individual,6,High Risk,Manual Review
130824794,30000.0, 60 months,29.69,F,F2,6 years,OWN,91000.0,Verified,debt_consolidation,SC,34.66,1.0,720.0,724.0,0.0,69.1,13.0,Joint App,6,High Risk,Manual Review
131321702,16000.0, 60 months,24.84,E,E3,8 years,MORTGAGE,36000.0,Not Verified,debt_consolidation,AZ,30.7,0.0,675.0,679.0,2.0,57.5,10.0,Joint App,5,High Risk,Manual Review
131220085,16000.0, 60 months,25.81,E,E4,,RENT,15000.0,Verified,debt_consolidation,TX,126.56,0.0,670.0,674.0,1.0,67.4,24.0,Joint App,5,High Risk,Manual Review
131335038,14400.0, 60 months,30.79,G,G1,4 years,MORTGAGE,69000.0,Not Verified,other,TX,30.03,0.0,770.0,774.0,2.0,25.7,13.0,Individual,5,High Risk,Manual Review
131108987,30875.0, 60 months,30.79,G,G1,10+ years,MORTGAGE,48000.0,Verified,credit_card,CO,60.9,0.0,710.0,714.0,0.0,95.9,13.0,Joint App,6,High Risk,Manual Review
131251976,16075.0, 36 months,25.81,E,E4,2 years,MORTGAGE,66000.0,Source Verified,credit_card,MO,30.05,0.0,660.0,664.0,0.0,73.9,45.0,Individual,5,High Risk,Manual Review
131003400,24000.0, 60 months,25.81,E,E4,10+ years,RENT,74000.0,Verified,debt_consolidation,TX,39.07,2.0,680.0,684.0,0.0,1.9,34.0,Individual,6,High Risk,Manual Review
131257907,20000.0, 60 months,23.87,E,E2,10+ years,RENT,53000.0,Not Verified,debt_consolidation,OR,33.04,0.0,690.0,694.0,0.0,79.3,20.0,Individual,5,High Risk,Manual Review
131298803,19000.0, 36 months,26.77,E,E5,5 years,RENT,5000.0,Not Verified,debt_consolidation,CA,107.93,0.0,710.0,714.0,0.0,27.9,8.0,Joint App,5,High Risk,Manual Review
130893439,7000.0, 36 months,15.04,C,C4,8 years,MORTGAGE,65000.0,Verified,house,OH,34.6,1.0,705.0,709.0,0.0,81.3,33.0,Individual,5,High Risk,Manual Review
130912854,10000.0, 60 months,23.87,E,E2,10+ years,MORTGAGE,30000.0,Verified,vacation,PA,50.92,0.0,715.0,719.0,1.0,54.4,30.0,Joint App,5,High Risk,Manual Review
131318608,20000.0, 60 months,23.87,E,E2,2 years,RENT,43000.0,Source Verified,credit_card,AZ,32.66,0.0,675.0,679.0,1.0,53.5,36.0,Individual,5,High Risk,Manual Review
130058855,30000.0, 60 months,24.84,E,E3,< 1 year,RENT,50000.0,Source Verified,debt_consolidation,AZ,31.48,1.0,720.0,724.0,0.0,48.7,27.0,Individual,6,High Risk,Manual Review
131253000,21200.0, 36 months,22.9,E,E1,10+ years,MORTGAGE,112793.0,Source Verified,debt_consolidation,NY,29.59,1.0,700.0,704.0,0.0,98.2,34.0,Individual,5,High Risk,Manual Review
131215313,10000.0, 60 months,26.77,E,E5,10+ years,RENT,90000.0,Not Verified,debt_consolidation,CO,38.6,0.0,680.0,684.0,0.0,99.9,15.0,Individual,6,High Risk,Manual Review
131263014,24000.0, 60 months,25.81,E,E4,7 years,MORTGAGE,33000.0,Verified,debt_consolidation,KY,71.02,0.0,710.0,714.0,2.0,64.3,22.0,Joint App,5,High Risk,Manual Review
129829608,18800.0, 60 months,30.79,G,G1,3 years,MORTGAGE,100000.0,Verified,debt_consolidation,CA,39.52,0.0,725.0,729.0,0.0,28.4,29.0,Joint App,5,High Risk,Manual Review
130264415,22000.0, 60 months,24.84,E,E3,3 years,MORTGAGE,65000.0,Verified,debt_consolidation,TX,30.29,0.0,685.0,689.0,2.0,31.9,34.0,Individual,5,High Risk,Manual Review
131328200,12000.0, 60 months,25.81,E,E4,2 years,RENT,48000.0,Not Verified,credit_card,FL,36.6,0.0,695.0,699.0,1.0,33.8,12.0,Individual,5,High Risk,Manual Review
131295465,22500.0, 60 months,24.84,E,E3,10+ years,RENT,48896.0,Not Verified,debt_consolidation,VA,30.07,0.0,680.0,684.0,0.0,77.8,20.0,Individual,5,High Risk,Manual Review
130145789,19625.0, 36 months,26.77,E,E5,6 years,MORTGAGE,89563.0,Source Verified,debt_consolidation,GA,31.26,0.0,705.0,709.0,2.0,20.2,41.0,Individual,5,High Risk,Manual Review
131163387,18000.0, 36 months,24.84,E,E3,4 years,RENT,30000.0,Verified,other,WI,34.96,0.0,680.0,684.0,0.0,73.7,20.0,Individual,5,High Risk,Manual Review
131151414,14400.0, 60 months,26.77,E,E5,10+ years,MORTGAGE,120000.0,Source Verified,credit_card,WA,30.01,0.0,660.0,664.0,2.0,64.6,48.0,Joint App,5,High Risk,Manual Review
131265922,16100.0, 60 months,28.72,F,F1,3 years,MORTGAGE,70000.0,Not Verified,debt_consolidation,RI,38.08,0.0,660.0,664.0,0.0,68.2,58.0,Individual,5,High Risk,Manual Review
130816359,10000.0, 60 months,28.72,F,F1,,OWN,34000.0,Verified,debt_consolidation,VA,30.72,0.0,675.0,679.0,1.0,24.8,27.0,Individual,5,High Risk,Manual Review
129668709,19525.0, 60 months,28.72,F,F1,10+ years,RENT,40000.0,Verified,debt_consolidation,IN,37.92,0.0,710.0,714.0,0.0,47.3,16.0,Individual,5,High Risk,Manual Review
131212287,24000.0, 60 months,25.81,E,E4,5 years,MORTGAGE,180000.0,Verified,debt_consolidation,CO,37.94,1.0,660.0,664.0,0.0,79.3,44.0,Individual,6,High Risk,Manual Review
131229374,15000.0, 60 months,24.84,E,E3,1 year,MORTGAGE,85000.0,Source Verified,debt_consolidation,SD,30.46,0.0,665.0,669.0,1.0,51.8,55.0,Individual,5,High Risk,Manual Review
130321068,12000.0, 60 months,26.77,E,E5,9 years,OWN,56000.0,Not Verified,other,NC,31.68,0.0,700.0,704.0,0.0,43.7,17.0,Individual,5,High Risk,Manual Review
131216452,16525.0, 36 months,22.9,E,E1,1 year,MORTGAGE,43000.0,Verified,debt_consolidation,CO,20.28,1.0,660.0,664.0,1.0,92.1,28.0,Individual,5,High Risk,Manual Review
131245472,1200.0, 36 months,22.9,E,E1,10+ years,MORTGAGE,60000.0,Not Verified,vacation,LA,33.67,0.0,725.0,729.0,0.0,91.6,19.0,Individual,6,High Risk,Manual Review
130431950,31800.0, 60 months,26.77,E,E5,1 year,MORTGAGE,56000.0,Source Verified,credit_card,NY,49.91,0.0,675.0,679.0,1.0,50.9,17.0,Joint App,5,High Risk,Manual Review
131248749,30000.0, 60 months,17.47,D,D1,,RENT,22000.0,Verified,debt_consolidation,FL,117.57,2.0,665.0,669.0,0.0,96.7,23.0,Joint App,5,High Risk,Manual Review
131168439,15000.0, 60 months,25.81,E,E4,< 1 year,MORTGAGE,55000.0,Source Verified,debt_consolidation,NE,33.71,0.0,660.0,664.0,2.0,58.0,31.0,Joint App,5,High Risk,Manual Review
130929828,11000.0, 60 months,30.17,F,F3,10+ years,MORTGAGE,50000.0,Verified,debt_consolidation,CA,36.56,0.0,685.0,689.0,0.0,55.9,25.0,Individual,5,High Risk,Manual Review
130967670,25000.0, 60 months,25.81,E,E4,,OWN,11000.0,Verified,credit_card,FL,63.97,0.0,675.0,679.0,0.0,49.8,14.0,Joint App,5,High Risk,Manual Review
131172305,5000.0, 36 months,22.9,E,E1,10+ years,RENT,75000.0,Source Verified,debt_consolidation,NY,32.31,0.0,675.0,679.0,0.0,79.7,26.0,Individual,5,High Risk,Manual Review
131219974,13000.0, 60 months,30.75,F,F5,4 years,MORTGAGE,15000.0,Verified,debt_consolidation,IL,46.08,0.0,685.0,689.0,0.0,85.6,10.0,Joint App,6,High Risk,Manual Review
131167785,12600.0, 36 months,15.04,C,C4,,OWN,130000.0,Verified,other,IL,32.59,2.0,660.0,664.0,0.0,82.0,37.0,Individual,5,High Risk,Manual Review
131186348,9000.0, 36 months,22.9,E,E1,< 1 year,MORTGAGE,64500.0,Verified,debt_consolidation,OK,34.29,0.0,700.0,704.0,3.0,43.7,41.0,Individual,5,High Risk,Manual Review
130975213,10000.0, 60 months,30.75,F,F5,< 1 year,RENT,32500.0,Not Verified,debt_consolidation,CA,31.87,0.0,675.0,679.0,0.0,81.0,10.0,Joint App,6,High Risk,Manual Review
131055153,30000.0, 60 months,26.77,E,E5,1 year,MORTGAGE,52000.0,Source Verified,debt_consolidation,NC,33.5,0.0,675.0,679.0,0.0,64.3,25.0,Joint App,5,High Risk,Manual Review
131182114,16950.0, 60 months,25.81,E,E4,1 year,MORTGAGE,22000.0,Verified,debt_consolidation,IL,71.52,1.0,670.0,674.0,0.0,105.2,24.0,Joint App,7,High Risk,Manual Review
131234903,4800.0, 36 months,19.42,D,D3,10+ years,MORTGAGE,95000.0,Not Verified,credit_card,AZ,32.52,1.0,680.0,684.0,0.0,99.1,24.0,Individual,5,High Risk,Manual Review
130446179,10000.0, 60 months,24.84,E,E3,< 1 year,MORTGAGE,31000.0,Source Verified,credit_card,OH,40.25,0.0,675.0,679.0,1.0,38.6,18.0,Joint App,5,High Risk,Manual Review
131162710,33000.0, 60 months,30.17,F,F3,3 years,RENT,52000.0,Verified,debt_consolidation,SC,35.7,0.0,725.0,729.0,0.0,33.6,8.0,Joint App,5,High Risk,Manual Review
131223684,8600.0, 36 months,23.87,E,E2,2 years,RENT,29500.0,Verified,debt_consolidation,DE,33.54,0.0,665.0,669.0,1.0,61.0,13.0,Individual,5,High Risk,Manual Review
130650264,5100.0, 36 months,22.9,E,E1,2 years,OWN,105000.0,Not Verified,other,AR,18.39,1.0,660.0,664.0,2.0,87.0,25.0,Individual,5,High Risk,Manual Review
131216480,25000.0, 60 months,24.84,E,E3,4 years,MORTGAGE,45000.0,Not Verified,debt_consolidation,LA,34.16,0.0,695.0,699.0,0.0,53.0,19.0,Joint App,5,High Risk,Manual Review
131107614,20000.0, 60 months,24.84,E,E3,4 years,RENT,75000.0,Not Verified,debt_consolidation,WA,30.96,0.0,685.0,689.0,0.0,45.1,14.0,Individual,5,High Risk,Manual Review
131171197,10000.0, 60 months,28.72,F,F1,4 years,MORTGAGE,175000.0,Not Verified,small_business,NY,21.41,1.0,680.0,684.0,0.0,89.8,33.0,Individual,5,High Risk,Manual Review
130081535,12000.0, 60 months,26.77,E,E5,2 years,RENT,72000.0,Not Verified,moving,ND,39.26,0.0,690.0,694.0,0.0,71.6,32.0,Individual,5,High Risk,Manual Review
130782906,7100.0, 36 months,25.81,E,E4,3 years,RENT,110000.0,Source Verified,credit_card,NJ,11.73,2.0,660.0,664.0,1.0,89.7,18.0,Individual,5,High Risk,Manual Review
131135673,32000.0, 60 months,30.75,F,F5,9 years,MORTGAGE,88000.0,Verified,home_improvement,WA,31.22,0.0,675.0,679.0,3.0,50.0,44.0,Individual,5,High Risk,Manual Review
130095350,18900.0, 36 months,26.77,E,E5,,OWN,16000.0,Verified,debt_consolidation,AR,60.02,0.0,740.0,744.0,1.0,42.7,23.0,Joint App,5,High Risk,Manual Review
131182241,25000.0, 60 months,26.77,E,E5,10+ years,MORTGAGE,10000.0,Not Verified,credit_card,IN,252.87,3.0,660.0,664.0,2.0,51.7,53.0,Joint App,6,High Risk,Manual Review
131169565,6000.0, 36 months,25.81,E,E4,5 years,MORTGAGE,60000.0,Source Verified,vacation,IL,53.36,0.0,665.0,669.0,0.0,74.8,23.0,Joint App,5,High Risk,Manual Review
129749474,21000.0, 36 months,25.81,E,E4,3 years,RENT,36000.0,Source Verified,vacation,CA,46.27,0.0,680.0,684.0,0.0,74.6,14.0,Joint App,5,High Risk,Manual Review
131116587,10000.0, 36 months,24.84,E,E3,10+ years,RENT,58000.0,Verified,debt_consolidation,WA,41.8,0.0,685.0,689.0,0.0,52.0,45.0,Joint App,5,High Risk,Manual Review
130893587,25000.0, 60 months,25.81,E,E4,10+ years,MORTGAGE,59800.0,Verified,debt_consolidation,SC,45.72,0.0,660.0,664.0,0.0,69.3,24.0,Joint App,5,High Risk,Manual Review
131122682,14000.0, 36 months,25.81,E,E4,6 years,OWN,78000.0,Verified,debt_consolidation,GA,33.0,0.0,690.0,694.0,0.0,62.0,64.0,Individual,5,High Risk,Manual Review
130503999,11000.0, 60 months,30.79,G,G1,,MORTGAGE,56346.0,Verified,debt_consolidation,TN,31.67,0.0,735.0,739.0,1.0,31.0,33.0,Individual,5,High Risk,Manual Review
131006812,10000.0, 60 months,30.17,F,F3,10+ years,MORTGAGE,63000.0,Verified,debt_consolidation,MD,33.47,0.0,695.0,699.0,1.0,60.5,24.0,Individual,5,High Risk,Manual Review
129364505,3000.0, 36 months,24.84,E,E3,1 year,OWN,18000.0,Verified,medical,TX,39.4,0.0,710.0,714.0,0.0,36.8,6.0,Individual,5,High Risk,Manual Review
131143309,10000.0, 36 months,22.9,E,E1,2 years,RENT,52500.0,Verified,debt_consolidation,TX,32.05,0.0,660.0,664.0,0.0,64.0,27.0,Individual,5,High Risk,Manual Review
131162199,10000.0, 60 months,24.84,E,E3,2 years,RENT,49000.0,Not Verified,other,PA,31.4,0.0,690.0,694.0,1.0,50.7,24.0,Joint App,5,High Risk,Manual Review
130648837,30000.0, 36 months,23.87,E,E2,4 years,RENT,32000.0,Verified,debt_consolidation,IL,52.44,0.0,660.0,664.0,0.0,80.7,17.0,Joint App,6,High Risk,Manual Review
131105973,40000.0, 60 months,30.65,F,F4,6 years,RENT,100000.0,Verified,credit_card,MI,32.35,0.0,685.0,689.0,0.0,100.5,13.0,Joint App,6,High Risk,Manual Review
131138572,18475.0, 36 months,24.84,E,E3,7 years,RENT,40000.0,Not Verified,house,DC,36.48,0.0,670.0,674.0,0.0,70.3,10.0,Individual,5,High Risk,Manual Review
131069416,19650.0, 36 months,26.77,E,E5,10+ years,MORTGAGE,135000.0,Source Verified,debt_consolidation,NJ,33.65,0.0,700.0,704.0,1.0,75.9,42.0,Individual,5,High Risk,Manual Review
131159630,20000.0, 60 months,26.77,E,E5,10+ years,RENT,70000.0,Not Verified,other,NY,22.89,1.0,665.0,669.0,0.0,91.8,14.0,Individual,5,High Risk,Manual Review
127679035,12225.0, 60 months,29.69,F,F2,10+ years,MORTGAGE,150000.0,Source Verified,debt_consolidation,TX,32.62,0.0,715.0,719.0,0.0,57.4,40.0,Individual,5,High Risk,Manual Review
131118753,10700.0, 36 months,25.81,E,E4,1 year,RENT,8342.0,Not Verified,credit_card,OR,76.46,0.0,700.0,704.0,0.0,45.9,18.0,Joint App,5,High Risk,Manual Review
131153539,9650.0, 36 months,26.77,E,E5,5 years,MORTGAGE,43000.0,Verified,debt_consolidation,PA,32.57,1.0,705.0,709.0,0.0,57.0,24.0,Individual,6,High Risk,Manual Review
131084686,16000.0, 60 months,25.81,E,E4,10+ years,MORTGAGE,30000.0,Verified,other,TX,65.76,0.0,675.0,679.0,0.0,82.4,17.0,Joint App,6,High Risk,Manual Review
131137553,30000.0, 60 months,30.65,F,F4,10+ years,MORTGAGE,35000.0,Verified,credit_card,IN,31.69,0.0,685.0,689.0,0.0,98.5,14.0,Joint App,6,High Risk,Manual Review
130825136,15350.0, 36 months,25.81,E,E4,3 years,OWN,44000.0,Verified,other,TX,42.17,0.0,670.0,674.0,1.0,25.1,15.0,Joint App,5,High Risk,Manual Review
131128098,18000.0, 60 months,20.39,D,D4,1 year,RENT,92000.0,Verified,other,NE,31.03,4.0,665.0,669.0,0.0,87.3,47.0,Individual,5,High Risk,Manual Review
131140860,14000.0, 60 months,26.77,E,E5,4 years,RENT,35000.0,Not Verified,medical,LA,32.54,0.0,670.0,674.0,2.0,27.2,12.0,Individual,5,High Risk,Manual Review
131114717,30000.0, 60 months,26.77,E,E5,2 years,RENT,82500.0,Verified,debt_consolidation,NY,8.86,1.0,660.0,664.0,0.0,91.4,23.0,Individual,5,High Risk,Manual Review
130495139,27475.0, 60 months,30.79,G,G1,2 years,MORTGAGE,3500.0,Not Verified,debt_consolidation,TN,917.87,0.0,710.0,714.0,0.0,99.3,20.0,Joint App,6,High Risk,Manual Review
130830343,15000.0, 60 months,30.79,G,G1,4 years,MORTGAGE,40000.0,Verified,debt_consolidation,SD,32.34,0.0,700.0,704.0,0.0,49.9,32.0,Individual,5,High Risk,Manual Review
129814947,9000.0, 36 months,24.84,E,E3,,RENT,0.0,Not Verified,debt_consolidation,MI,,1.0,660.0,664.0,0.0,84.2,16.0,Joint App,5,High Risk,Manual Review
129877128,18525.0, 36 months,25.81,E,E4,< 1 year,MORTGAGE,40000.0,Verified,debt_consolidation,OH,33.63,2.0,695.0,699.0,1.0,61.2,23.0,Individual,6,High Risk,Manual Review
131082772,3600.0, 36 months,23.87,E,E2,6 years,RENT,30000.0,Source Verified,medical,WI,46.16,0.0,730.0,734.0,2.0,34.6,11.0,Joint App,5,High Risk,Manual Review
131066864,15225.0, 36 months,21.85,D,D5,2 years,MORTGAGE,83000.0,Verified,credit_card,AZ,34.9,1.0,685.0,689.0,0.0,90.5,48.0,Individual,5,High Risk,Manual Review
131004083,19000.0, 60 months,24.84,E,E3,,OWN,37374.0,Not Verified,credit_card,NY,36.06,0.0,720.0,724.0,0.0,87.7,15.0,Individual,6,High Risk,Manual Review
131069721,25000.0, 60 months,29.69,F,F2,3 years,MORTGAGE,130000.0,Source Verified,credit_card,MD,30.27,0.0,675.0,679.0,0.0,94.0,25.0,Individual,6,High Risk,Manual Review
130320176,9975.0, 36 months,30.79,G,G1,3 years,RENT,28500.0,Verified,debt_consolidation,WA,34.82,0.0,695.0,699.0,2.0,87.0,9.0,Individual,6,High Risk,Manual Review
131006092,11675.0, 36 months,22.9,E,E1,,OWN,130000.0,Source Verified,credit_card,CO,33.21,0.0,705.0,709.0,1.0,57.6,32.0,Individual,5,High Risk,Manual Review
131038084,20000.0, 60 months,24.84,E,E3,2 years,MORTGAGE,120000.0,Source Verified,debt_consolidation,MO,33.88,0.0,685.0,689.0,0.0,97.2,36.0,Individual,6,High Risk,Manual Review
131001722,18000.0, 60 months,26.77,E,E5,3 years,RENT,60000.0,Source Verified,debt_consolidation,OH,36.44,0.0,715.0,719.0,0.0,60.9,23.0,Individual,5,High Risk,Manual Review
131104575,16000.0, 60 months,26.77,E,E5,10+ years,MORTGAGE,85000.0,Verified,credit_card,TX,37.39,0.0,690.0,694.0,0.0,84.4,35.0,Individual,6,High Risk,Manual Review
131124253,5000.0, 36 months,22.9,E,E1,10+ years,MORTGAGE,21022.0,Verified,debt_consolidation,TN,32.72,1.0,670.0,674.0,0.0,39.8,12.0,Joint App,6,High Risk,Manual Review
131116676,16000.0, 60 months,25.81,E,E4,10+ years,OWN,32400.0,Not Verified,debt_consolidation,WA,26.74,2.0,685.0,689.0,0.0,83.4,16.0,Individual,5,High Risk,Manual Review
130531984,17650.0, 36 months,26.77,E,E5,,RENT,11148.0,Verified,other,NY,62.71,0.0,740.0,744.0,0.0,57.3,14.0,Joint App,5,High Risk,Manual Review
131087164,10000.0, 60 months,24.84,E,E3,10+ years,RENT,46000.0,Source Verified,debt_consolidation,MD,33.99,0.0,670.0,674.0,0.0,35.0,24.0,Individual,5,High Risk,Manual Review
131102057,24000.0, 60 months,26.77,E,E5,4 years,RENT,130000.0,Verified,credit_card,FL,32.95,0.0,675.0,679.0,0.0,51.1,51.0,Individual,5,High Risk,Manual Review
130320826,34475.0, 36 months,25.81,E,E4,3 years,MORTGAGE,25000.0,Source Verified,debt_consolidation,NC,81.81,0.0,675.0,679.0,0.0,77.8,19.0,Joint App,5,High Risk,Manual Review
131034778,32000.0, 60 months,19.42,D,D3,10+ years,MORTGAGE,55000.0,Verified,debt_consolidation,MN,51.97,2.0,690.0,694.0,0.0,85.4,38.0,Joint App,5,High Risk,Manual Review
131064609,8800.0, 36 months,26.77,E,E5,3 years,RENT,19000.0,Verified,house,NY,33.23,1.0,705.0,709.0,1.0,22.5,38.0,Individual,6,High Risk,Manual Review
131110414,18000.0, 60 months,30.17,F,F3,10+ years,MORTGAGE,108000.0,Not Verified,debt_consolidation,NY,23.14,1.0,665.0,669.0,0.0,84.5,20.0,Individual,5,High Risk,Manual Review
131016898,13050.0, 36 months,24.84,E,E3,10+ years,MORTGAGE,28434.0,Not Verified,credit_card,AL,33.77,0.0,715.0,719.0,0.0,34.0,19.0,Joint App,5,High Risk,Manual Review
130666573,19000.0, 36 months,25.81,E,E4,,OWN,58620.0,Verified,debt_consolidation,MD,31.46,0.0,700.0,704.0,0.0,68.2,25.0,Individual,5,High Risk,Manual Review
131107745,11200.0, 60 months,28.72,F,F1,2 years,RENT,42000.0,Not Verified,small_business,WV,37.64,0.0,720.0,724.0,0.0,58.8,34.0,Individual,5,High Risk,Manual Review
131079602,35000.0, 36 months,26.77,E,E5,10+ years,MORTGAGE,65000.0,Source Verified,other,IL,34.97,0.0,700.0,704.0,0.0,45.4,18.0,Joint App,5,High Risk,Manual Review
131107711,9700.0, 36 months,25.81,E,E4,4 years,MORTGAGE,80000.0,Source Verified,debt_consolidation,NC,37.2,0.0,700.0,704.0,1.0,22.9,29.0,Individual,5,High Risk,Manual Review
131060566,7000.0, 36 months,22.9,E,E1,,RENT,16668.0,Verified,credit_card,OK,33.12,0.0,740.0,744.0,1.0,14.8,24.0,Individual,5,High Risk,Manual Review
131085555,13000.0, 60 months,25.81,E,E4,,OWN,34000.0,Not Verified,debt_consolidation,NC,37.68,0.0,735.0,739.0,0.0,20.5,20.0,Individual,5,High Risk,Manual Review
131057171,20000.0, 60 months,30.79,G,G1,1 year,RENT,30000.0,Source Verified,debt_consolidation,MA,37.28,0.0,680.0,684.0,1.0,16.4,21.0,Joint App,5,High Risk,Manual Review
130909666,18000.0, 60 months,26.77,E,E5,3 years,RENT,28800.0,Verified,other,NJ,36.58,1.0,710.0,714.0,0.0,37.3,11.0,Joint App,6,High Risk,Manual Review
129554142,15000.0, 60 months,24.84,E,E3,6 years,RENT,58000.0,Verified,debt_consolidation,NJ,36.51,1.0,690.0,694.0,0.0,57.8,24.0,Individual,6,High Risk,Manual Review
130977384,10000.0, 60 months,30.79,G,G1,2 years,RENT,80000.0,Source Verified,small_business,MA,34.35,1.0,715.0,719.0,0.0,13.6,27.0,Individual,6,High Risk,Manual Review
131038052,28000.0, 60 months,24.84,E,E3,10+ years,RENT,50000.0,Verified,credit_card,CA,33.18,0.0,725.0,729.0,1.0,35.3,28.0,Individual,5,High Risk,Manual Review
130929653,40000.0, 60 months,30.65,F,F4,3 years,RENT,52500.0,Verified,debt_consolidation,AZ,49.19,0.0,700.0,704.0,1.0,50.5,14.0,Joint App,5,High Risk,Manual Review
131053565,20000.0, 60 months,29.69,F,F2,3 years,RENT,75000.0,Not Verified,debt_consolidation,MI,31.22,0.0,710.0,714.0,0.0,75.3,31.0,Individual,5,High Risk,Manual Review
130763880,14825.0, 60 months,30.17,F,F3,10+ years,MORTGAGE,30000.0,Not Verified,home_improvement,SC,39.12,0.0,675.0,679.0,1.0,23.6,11.0,Joint App,5,High Risk,Manual Review
131022940,12000.0, 60 months,26.77,E,E5,10+ years,MORTGAGE,60000.0,Source Verified,debt_consolidation,MA,31.96,2.0,725.0,729.0,1.0,18.1,45.0,Individual,6,High Risk,Manual Review
129936161,30000.0, 60 months,24.84,E,E3,,MORTGAGE,230000.0,Verified,home_improvement,FL,36.14,1.0,700.0,704.0,1.0,69.3,21.0,Individual,6,High Risk,Manual Review
130803498,20000.0, 60 months,25.81,E,E4,,RENT,24000.0,Verified,debt_consolidation,KY,30.25,0.0,745.0,749.0,1.0,96.7,21.0,Individual,6,High Risk,Manual Review
130943255,15900.0, 60 months,28.72,F,F1,4 years,RENT,32000.0,Verified,debt_consolidation,CA,39.2,0.0,760.0,764.0,1.0,0.0,6.0,Individual,5,High Risk,Manual Review
131032078,10900.0, 36 months,26.77,E,E5,10+ years,RENT,44000.0,Source Verified,debt_consolidation,WV,33.12,0.0,705.0,709.0,0.0,49.4,28.0,Individual,5,High Risk,Manual Review
130850925,8000.0, 36 months,25.81,E,E4,2 years,MORTGAGE,120000.0,Verified,moving,OK,32.76,0.0,660.0,664.0,2.0,83.6,25.0,Joint App,6,High Risk,Manual Review
131061000,12275.0, 60 months,28.72,F,F1,10+ years,MORTGAGE,15000.0,Source Verified,debt_consolidation,PA,77.2,0.0,690.0,694.0,0.0,89.6,16.0,Joint App,6,High Risk,Manual Review
131028954,25000.0, 36 months,22.9,E,E1,3 years,OWN,56000.0,Source Verified,credit_card,TN,34.56,0.0,705.0,709.0,0.0,91.1,12.0,Individual,6,High Risk,Manual Review
130993185,12050.0, 60 months,24.84,E,E3,10+ years,OWN,22700.0,Verified,debt_consolidation,NM,37.44,0.0,730.0,734.0,0.0,62.2,11.0,Individual,5,High Risk,Manual Review
130666959,13000.0, 36 months,25.81,E,E4,4 years,MORTGAGE,120000.0,Verified,home_improvement,AZ,33.49,0.0,665.0,669.0,1.0,49.2,13.0,Individual,5,High Risk,Manual Review
130951469,10000.0, 60 months,26.77,E,E5,4 years,RENT,33000.0,Source Verified,other,FL,36.07,0.0,665.0,669.0,0.0,36.7,29.0,Individual,5,High Risk,Manual Review
130918187,18500.0, 60 months,16.01,C,C5,3 years,MORTGAGE,41000.0,Not Verified,credit_card,CO,34.66,1.0,670.0,674.0,0.0,92.7,17.0,Joint App,5,High Risk,Manual Review
130801060,5250.0, 36 months,26.77,E,E5,10+ years,OWN,45000.0,Verified,house,TX,45.12,1.0,700.0,704.0,0.0,44.3,44.0,Joint App,6,High Risk,Manual Review
131002629,25000.0, 60 months,30.17,F,F3,10+ years,MORTGAGE,85000.0,Not Verified,credit_card,MA,33.74,0.0,715.0,719.0,0.0,92.5,15.0,Individual,6,High Risk,Manual Review
130938025,29525.0, 60 months,28.72,F,F1,10+ years,RENT,51100.0,Verified,credit_card,WI,30.11,0.0,670.0,674.0,1.0,64.4,21.0,Individual,5,High Risk,Manual Review
130997398,5000.0, 36 months,22.9,E,E1,10+ years,OWN,39380.0,Source Verified,debt_consolidation,MS,30.05,0.0,665.0,669.0,0.0,35.8,39.0,Individual,5,High Risk,Manual Review
130922650,25000.0, 60 months,26.77,E,E5,,MORTGAGE,28000.0,Not Verified,debt_consolidation,VA,41.79,2.0,680.0,684.0,1.0,65.1,29.0,Joint App,6,High Risk,Manual Review
130469500,18000.0, 60 months,26.77,E,E5,2 years,MORTGAGE,75000.0,Not Verified,debt_consolidation,MA,37.55,4.0,705.0,709.0,2.0,21.7,49.0,Joint App,6,High Risk,Manual Review
129904689,20000.0, 60 months,25.81,E,E4,10+ years,RENT,50200.0,Not Verified,debt_consolidation,RI,30.77,0.0,695.0,699.0,0.0,50.9,30.0,Individual,5,High Risk,Manual Review
130974208,17400.0, 36 months,23.87,E,E2,2 years,MORTGAGE,115000.0,Source Verified,debt_consolidation,CA,35.2,0.0,690.0,694.0,1.0,66.2,49.0,Individual,5,High Risk,Manual Review
129515672,6000.0, 36 months,22.9,E,E1,10+ years,RENT,54000.0,Not Verified,debt_consolidation,CA,33.16,0.0,660.0,664.0,0.0,64.5,22.0,Joint App,5,High Risk,Manual Review
130994855,10000.0, 36 months,25.81,E,E4,9 years,MORTGAGE,80000.0,Not Verified,debt_consolidation,FL,8.38,3.0,660.0,664.0,0.0,84.4,21.0,Individual,5,High Risk,Manual Review
130867239,16000.0, 60 months,29.69,F,F2,4 years,MORTGAGE,12000.0,Source Verified,debt_consolidation,IN,100.3,1.0,665.0,669.0,1.0,54.1,18.0,Joint App,6,High Risk,Manual Review
130096456,24000.0, 60 months,30.79,G,G1,10+ years,RENT,85400.0,Verified,debt_consolidation,NJ,40.89,0.0,680.0,684.0,0.0,59.7,28.0,Joint App,5,High Risk,Manual Review
130296729,22650.0, 36 months,25.81,E,E4,5 years,MORTGAGE,37000.0,Not Verified,small_business,KY,48.78,0.0,685.0,689.0,0.0,63.1,32.0,Joint App,5,High Risk,Manual Review
129736129,30000.0, 60 months,26.77,E,E5,4 years,MORTGAGE,51000.0,Verified,debt_consolidation,OH,31.39,0.0,665.0,669.0,1.0,89.1,11.0,Individual,6,High Risk,Manual Review
130949864,14000.0, 60 months,30.79,G,G1,< 1 year,MORTGAGE,30000.0,Source Verified,home_improvement,AR,69.8,0.0,710.0,714.0,1.0,53.4,29.0,Joint App,5,High Risk,Manual Review
131006920,28000.0, 60 months,26.77,E,E5,3 years,MORTGAGE,140000.0,Verified,home_improvement,MN,33.94,1.0,665.0,669.0,0.0,72.0,45.0,Individual,6,High Risk,Manual Review
130067987,30000.0, 60 months,24.84,E,E3,10+ years,MORTGAGE,450000.0,Verified,debt_consolidation,WA,13.89,2.0,705.0,709.0,0.0,86.0,26.0,Individual,5,High Risk,Manual Review
130850154,35000.0, 36 months,30.65,F,F4,1 year,RENT,100000.0,Verified,debt_consolidation,NC,37.79,0.0,700.0,704.0,1.0,68.0,12.0,Individual,5,High Risk,Manual Review
131020699,24000.0, 60 months,25.81,E,E4,5 years,RENT,75000.0,Not Verified,debt_consolidation,CA,33.44,0.0,725.0,729.0,0.0,28.1,18.0,Individual,5,High Risk,Manual Review
131014460,30000.0, 60 months,24.84,E,E3,5 years,MORTGAGE,110000.0,Verified,debt_consolidation,CA,18.16,5.0,665.0,669.0,0.0,88.0,36.0,Individual,5,High Risk,Manual Review
131015417,10000.0, 60 months,28.72,F,F1,10+ years,RENT,29500.0,Not Verified,debt_consolidation,FL,33.56,0.0,695.0,699.0,0.0,69.4,14.0,Individual,5,High Risk,Manual Review
130011587,35000.0, 60 months,17.47,D,D1,10+ years,MORTGAGE,70000.0,Verified,debt_consolidation,NY,30.88,1.0,700.0,704.0,0.0,88.3,28.0,Individual,5,High Risk,Manual Review
130967898,30000.0, 60 months,25.81,E,E4,,MORTGAGE,21602.0,Verified,debt_consolidation,IL,34.44,0.0,700.0,704.0,1.0,53.7,21.0,Joint App,5,High Risk,Manual Review
130869005,20000.0, 60 months,24.84,E,E3,2 years,RENT,65000.0,Source Verified,debt_consolidation,AL,38.36,0.0,720.0,724.0,1.0,28.6,25.0,Individual,5,High Risk,Manual Review
130877934,28000.0, 60 months,26.77,E,E5,< 1 year,RENT,35000.0,Verified,credit_card,NH,50.1,0.0,675.0,679.0,0.0,75.9,31.0,Joint App,5,High Risk,Manual Review
130826061,22000.0, 60 months,28.72,F,F1,9 years,RENT,66000.0,Not Verified,major_purchase,MO,32.42,0.0,700.0,704.0,0.0,63.9,25.0,Individual,5,High Risk,Manual Review
130835962,30000.0, 60 months,26.77,E,E5,3 years,MORTGAGE,70000.0,Not Verified,debt_consolidation,CO,30.17,0.0,700.0,704.0,1.0,77.1,20.0,Individual,5,High Risk,Manual Review
130968350,11000.0, 60 months,23.87,E,E2,10+ years,OWN,73000.0,Not Verified,credit_card,MI,37.88,1.0,690.0,694.0,2.0,35.3,45.0,Individual,6,High Risk,Manual Review
130956584,10000.0, 60 months,25.81,E,E4,9 years,OWN,90000.0,Not Verified,home_improvement,GA,42.49,1.0,695.0,699.0,0.0,73.2,28.0,Joint App,6,High Risk,Manual Review
130890404,4600.0, 36 months,24.84,E,E3,6 years,MORTGAGE,34080.0,Verified,debt_consolidation,FL,32.36,0.0,660.0,664.0,0.0,28.1,10.0,Individual,5,High Risk,Manual Review
130951970,12500.0, 60 months,28.72,F,F1,10+ years,MORTGAGE,54000.0,Verified,debt_consolidation,AL,31.71,0.0,665.0,669.0,0.0,48.1,21.0,Individual,5,High Risk,Manual Review
130826880,20550.0, 36 months,25.81,E,E4,5 years,MORTGAGE,110000.0,Source Verified,debt_consolidation,OH,36.98,0.0,690.0,694.0,0.0,72.0,30.0,Individual,5,High Risk,Manual Review
130968495,6000.0, 36 months,16.01,C,C5,10+ years,MORTGAGE,65000.0,Not Verified,home_improvement,PA,37.61,1.0,670.0,674.0,0.0,87.5,16.0,Joint App,5,High Risk,Manual Review
130931858,18000.0, 36 months,25.81,E,E4,6 years,RENT,25000.0,Not Verified,house,OH,36.58,1.0,670.0,674.0,1.0,24.3,15.0,Joint App,6,High Risk,Manual Review
1064639,25000.0, 60 months,19.03,E,E2,3 years,MORTGAGE,85000.0,Verified,credit_card,VA,17.15,1.0,685.0,689.0,1.0,87.9,19.0,Individual,5,High Risk,Manual Review
1061772,12000.0, 60 months,20.3,E,E5,1 year,RENT,30000.0,Not Verified,debt_consolidation,FL,18.76,1.0,685.0,689.0,0.0,98.6,13.0,Individual,5,High Risk,Manual Review
1061250,12000.0, 60 months,19.03,E,E2,1 year,RENT,38500.0,Not Verified,debt_consolidation,OH,10.91,2.0,670.0,674.0,1.0,85.0,33.0,Individual,5,High Risk,Manual Review
1055225,29100.0, 60 months,23.91,G,G4,< 1 year,RENT,95000.0,Source Verified,debt_consolidation,NY,16.41,1.0,685.0,689.0,0.0,99.7,22.0,Individual,5,High Risk,Manual Review
1054298,18250.0, 60 months,23.52,G,G3,6 years,OWN,40000.0,Not Verified,debt_consolidation,FL,19.2,1.0,660.0,664.0,0.0,98.3,16.0,Individual,5,High Risk,Manual Review
1053591,20000.0, 60 months,18.64,E,E1,4 years,RENT,87000.0,Verified,debt_consolidation,IL,9.31,2.0,680.0,684.0,1.0,88.4,32.0,Individual,5,High Risk,Manual Review
1051412,12000.0, 60 months,18.64,E,E1,1 year,RENT,45000.0,Not Verified,small_business,CA,14.37,1.0,685.0,689.0,1.0,94.3,10.0,Individual,5,High Risk,Manual Review
1046552,15000.0, 36 months,22.35,F,F5,10+ years,RENT,67000.0,Verified,debt_consolidation,NY,17.57,2.0,665.0,669.0,1.0,99.8,26.0,Individual,5,High Risk,Manual Review
1046029,12000.0, 60 months,19.91,E,E4,10+ years,RENT,65000.0,Verified,debt_consolidation,NY,14.38,1.0,665.0,669.0,0.0,93.7,11.0,Individual,5,High Risk,Manual Review
1044499,20000.0, 60 months,19.91,E,E4,6 years,RENT,136500.0,Verified,home_improvement,AZ,24.23,1.0,675.0,679.0,0.0,87.1,40.0,Individual,5,High Risk,Manual Review
1042083,18000.0, 60 months,19.42,E,E3,10+ years,MORTGAGE,180000.0,Source Verified,home_improvement,GA,10.31,1.0,675.0,679.0,0.0,94.4,34.0,Individual,5,High Risk,Manual Review
1040421,30000.0, 60 months,20.89,F,F1,5 years,MORTGAGE,100000.0,Verified,debt_consolidation,CA,24.14,2.0,680.0,684.0,0.0,84.6,43.0,Individual,5,High Risk,Manual Review
1037188,14000.0, 60 months,20.89,F,F1,3 years,MORTGAGE,158000.0,Not Verified,credit_card,TX,20.04,2.0,660.0,664.0,1.0,87.3,30.0,Individual,5,High Risk,Manual Review
1034612,18800.0, 60 months,20.89,F,F1,10+ years,RENT,56791.0,Not Verified,debt_consolidation,MD,14.11,1.0,670.0,674.0,0.0,87.4,20.0,Individual,5,High Risk,Manual Review
1034832,33600.0, 60 months,20.3,E,E5,2 years,MORTGAGE,240000.0,Not Verified,debt_consolidation,GA,13.56,2.0,695.0,699.0,0.0,87.3,26.0,Individual,5,High Risk,Manual Review
1032493,12300.0, 60 months,19.91,E,E4,6 years,MORTGAGE,41000.0,Verified,credit_card,MN,24.91,1.0,665.0,669.0,1.0,90.4,25.0,Individual,5,High Risk,Manual Review
1031352,15850.0, 60 months,21.28,F,F2,10+ years,MORTGAGE,66000.0,Verified,debt_consolidation,IL,22.8,1.0,660.0,664.0,1.0,92.1,36.0,Individual,5,High Risk,Manual Review
1024806,22000.0, 36 months,19.91,E,E4,6 years,MORTGAGE,70000.0,Source Verified,debt_consolidation,OH,18.24,1.0,660.0,664.0,0.0,84.6,36.0,Individual,5,High Risk,Manual Review
1022002,35000.0, 60 months,21.28,F,F2,10+ years,MORTGAGE,120000.0,Verified,debt_consolidation,CA,8.12,1.0,690.0,694.0,1.0,89.4,20.0,Individual,5,High Risk,Manual Review
1021935,10000.0, 60 months,21.67,F,F3,3 years,RENT,48529.0,Verified,credit_card,AZ,4.62,3.0,660.0,664.0,0.0,93.4,10.0,Individual,5,High Risk,Manual Review
1020002,17400.0, 60 months,22.35,F,F5,< 1 year,RENT,211000.0,Source Verified,debt_consolidation,WA,17.64,2.0,680.0,684.0,0.0,98.3,35.0,Individual,5,High Risk,Manual Review
1019343,32000.0, 60 months,22.74,G,G1,10+ years,RENT,108000.0,Verified,debt_consolidation,MO,5.44,2.0,670.0,674.0,0.0,87.4,21.0,Individual,5,High Risk,Manual Review
1018373,18000.0, 60 months,19.91,E,E4,1 year,MORTGAGE,45000.0,Verified,debt_consolidation,CO,19.2,2.0,665.0,669.0,2.0,84.5,20.0,Individual,5,High Risk,Manual Review
1017129,35000.0, 60 months,19.42,E,E3,10+ years,MORTGAGE,110000.0,Source Verified,small_business,FL,11.15,1.0,700.0,704.0,3.0,80.1,23.0,Individual,5,High Risk,Manual Review
902095,17000.0, 60 months,18.64,E,E1,10+ years,OWN,70000.0,Source Verified,debt_consolidation,TX,19.2,1.0,675.0,679.0,1.0,80.3,40.0,Individual,5,High Risk,Manual Review
1014918,12000.0, 60 months,20.3,E,E5,2 years,RENT,70000.0,Not Verified,debt_consolidation,WA,13.23,2.0,665.0,669.0,2.0,96.4,25.0,Individual,5,High Risk,Manual Review
812537,35000.0, 60 months,21.67,F,F3,6 years,RENT,250000.0,Source Verified,house,CA,14.25,2.0,675.0,679.0,0.0,86.6,25.0,Individual,5,High Risk,Manual Review
1012146,22800.0, 60 months,22.06,F,F4,< 1 year,MORTGAGE,53000.0,Verified,small_business,CA,23.41,1.0,695.0,699.0,0.0,98.6,7.0,Individual,5,High Risk,Manual Review
1006841,14125.0, 60 months,21.28,F,F2,5 years,RENT,35000.0,Source Verified,debt_consolidation,VA,16.49,1.0,660.0,664.0,2.0,92.7,37.0,Individual,5,High Risk,Manual Review
1005145,12000.0, 60 months,19.91,E,E4,2 years,MORTGAGE,65000.0,Verified,debt_consolidation,OR,8.86,1.0,670.0,674.0,2.0,97.6,36.0,Individual,5,High Risk,Manual Review
1002556,12000.0, 60 months,19.03,E,E2,10+ years,RENT,140000.0,Verified,medical,GA,8.32,1.0,680.0,684.0,0.0,97.7,42.0,Individual,5,High Risk,Manual Review
998616,16000.0, 60 months,20.89,F,F1,2 years,RENT,94000.0,Source Verified,debt_consolidation,NY,8.04,1.0,680.0,684.0,0.0,92.6,28.0,Individual,5,High Risk,Manual Review
997303,9800.0, 60 months,18.64,E,E1,5 years,RENT,56000.0,Source Verified,debt_consolidation,CA,14.23,1.0,680.0,684.0,0.0,88.8,19.0,Individual,5,High Risk,Manual Review
996048,30000.0, 60 months,20.89,F,F1,10+ years,MORTGAGE,174996.0,Verified,home_improvement,VA,9.94,1.0,685.0,689.0,1.0,81.5,22.0,Individual,5,High Risk,Manual Review
991954,8000.0, 60 months,19.91,E,E4,10+ years,MORTGAGE,70000.0,Verified,debt_consolidation,CA,2.43,1.0,670.0,674.0,1.0,90.2,27.0,Individual,5,High Risk,Manual Review
989285,35000.0, 60 months,22.74,G,G1,8 years,RENT,125000.0,Source Verified,debt_consolidation,NC,16.27,1.0,665.0,669.0,1.0,91.2,36.0,Individual,5,High Risk,Manual Review
987992,20000.0, 60 months,23.91,G,G4,< 1 year,MORTGAGE,135000.0,Verified,debt_consolidation,CA,9.47,2.0,670.0,674.0,0.0,98.8,26.0,Individual,5,High Risk,Manual Review
986708,13100.0, 60 months,19.03,E,E2,3 years,RENT,40000.0,Source Verified,credit_card,TX,20.97,1.0,675.0,679.0,2.0,87.8,28.0,Individual,5,High Risk,Manual Review
978836,15250.0, 60 months,20.89,F,F1,2 years,RENT,30696.0,Verified,debt_consolidation,VA,18.8,1.0,660.0,664.0,2.0,87.6,25.0,Individual,5,High Risk,Manual Review
976906,35000.0, 60 months,23.13,G,G2,8 years,MORTGAGE,100000.0,Verified,debt_consolidation,NY,7.82,1.0,665.0,669.0,2.0,91.6,49.0,Individual,5,High Risk,Manual Review
976384,8600.0, 36 months,19.42,E,E3,10+ years,MORTGAGE,59774.0,Source Verified,credit_card,WA,5.72,1.0,690.0,694.0,0.0,99.2,13.0,Individual,5,High Risk,Manual Review
972382,5700.0, 60 months,18.64,E,E1,10+ years,MORTGAGE,107004.0,Source Verified,other,NJ,5.47,2.0,670.0,674.0,0.0,91.8,33.0,Individual,5,High Risk,Manual Review
972129,15250.0, 60 months,19.42,E,E3,4 years,RENT,52500.0,Verified,small_business,CA,23.82,4.0,665.0,669.0,0.0,82.3,16.0,Individual,5,High Risk,Manual Review
966528,35000.0, 60 months,20.89,F,F1,9 years,MORTGAGE,127000.0,Verified,debt_consolidation,MA,14.44,1.0,680.0,684.0,0.0,82.7,35.0,Individual,5,High Risk,Manual Review
888402,35000.0, 60 months,20.89,F,F1,10+ years,RENT,120000.0,Verified,debt_consolidation,NV,18.24,1.0,705.0,709.0,1.0,86.4,23.0,Individual,5,High Risk,Manual Review
886514,19200.0, 60 months,18.64,E,E1,8 years,MORTGAGE,126000.0,Verified,debt_consolidation,CA,9.71,1.0,685.0,689.0,0.0,91.6,35.0,Individual,5,High Risk,Manual Review
879011,30000.0, 36 months,18.64,E,E1,10+ years,MORTGAGE,166000.0,Verified,debt_consolidation,NY,18.09,1.0,675.0,679.0,0.0,85.1,49.0,Individual,5,High Risk,Manual Review
792026,31325.0, 60 months,22.85,G,G3,< 1 year,RENT,160000.0,Verified,debt_consolidation,NY,19.74,1.0,660.0,664.0,0.0,92.4,24.0,Individual,5,High Risk,Manual Review
876324,20000.0, 60 months,18.39,E,E2,7 years,MORTGAGE,68000.0,Verified,debt_consolidation,OR,22.27,1.0,690.0,694.0,0.0,93.4,18.0,Individual,5,High Risk,Manual Review
871228,19200.0, 60 months,22.85,G,G3,3 years,RENT,80000.0,Source Verified,other,IL,9.95,1.0,665.0,669.0,2.0,96.1,20.0,Individual,5,High Risk,Manual Review
864027,16000.0, 60 months,19.69,E,E5,10+ years,OWN,55000.0,Verified,debt_consolidation,IL,22.21,2.0,665.0,669.0,1.0,89.1,24.0,Individual,5,High Risk,Manual Review
863164,5000.0, 60 months,18.39,E,E2,2 years,MORTGAGE,99996.0,Source Verified,other,NJ,16.37,2.0,690.0,694.0,2.0,98.0,25.0,Individual,5,High Risk,Manual Review
862882,20000.0, 60 months,19.69,E,E5,10+ years,OWN,54000.0,Source Verified,major_purchase,NC,17.78,1.0,670.0,674.0,1.0,80.9,20.0,Individual,5,High Risk,Manual Review
861125,15000.0, 60 months,20.25,F,F1,10+ years,MORTGAGE,215000.0,Source Verified,debt_consolidation,FL,8.12,1.0,660.0,664.0,0.0,88.0,36.0,Individual,5,High Risk,Manual Review
852660,6000.0, 60 months,19.29,E,E4,10+ years,MORTGAGE,66000.0,Verified,debt_consolidation,PA,19.49,4.0,665.0,669.0,3.0,93.2,22.0,Individual,5,High Risk,Manual Review
857264,9000.0, 36 months,18.39,E,E2,4 years,RENT,42000.0,Source Verified,debt_consolidation,NC,18.23,1.0,670.0,674.0,2.0,97.9,11.0,Individual,5,High Risk,Manual Review
854535,6800.0, 60 months,17.99,E,E1,1 year,OWN,69000.0,Source Verified,debt_consolidation,MO,14.1,1.0,675.0,679.0,1.0,94.5,10.0,Individual,5,High Risk,Manual Review
843646,25000.0, 60 months,19.29,E,E4,10+ years,MORTGAGE,74326.08,Verified,other,TX,23.07,1.0,710.0,714.0,0.0,90.0,12.0,Individual,5,High Risk,Manual Review
838776,13000.0, 36 months,18.39,E,E2,1 year,RENT,50000.0,Verified,debt_consolidation,CA,8.52,1.0,660.0,664.0,0.0,90.6,16.0,Individual,5,High Risk,Manual Review
838593,16000.0, 36 months,17.99,E,E1,10+ years,MORTGAGE,64000.0,Not Verified,debt_consolidation,FL,17.61,1.0,665.0,669.0,1.0,91.5,46.0,Individual,5,High Risk,Manual Review
833570,4500.0, 36 months,17.99,E,E1,3 years,RENT,23421.0,Not Verified,debt_consolidation,CA,13.53,1.0,695.0,699.0,0.0,99.6,11.0,Individual,5,High Risk,Manual Review
833261,13400.0, 60 months,23.22,G,G4,5 years,RENT,52000.0,Not Verified,debt_consolidation,IL,20.58,2.0,660.0,664.0,2.0,98.2,21.0,Individual,5,High Risk,Manual Review
831163,19750.0, 60 months,23.22,G,G4,1 year,MORTGAGE,107000.0,Verified,other,NV,18.0,1.0,660.0,664.0,0.0,97.1,23.0,Individual,5,High Risk,Manual Review
812976,35000.0, 60 months,22.48,G,G2,10+ years,MORTGAGE,145000.0,Verified,debt_consolidation,CA,20.68,2.0,660.0,664.0,1.0,89.4,34.0,Individual,5,High Risk,Manual Review
828007,11200.0, 60 months,19.29,E,E4,1 year,RENT,80000.0,Source Verified,small_business,CA,3.34,1.0,680.0,684.0,0.0,89.5,7.0,Individual,5,High Risk,Manual Review
825885,4150.0, 36 months,18.39,E,E2,10+ years,MORTGAGE,62000.0,Source Verified,debt_consolidation,KS,4.06,1.0,680.0,684.0,0.0,98.9,15.0,Individual,5,High Risk,Manual Review
823368,14000.0, 60 months,18.79,E,E3,10+ years,MORTGAGE,79000.0,Not Verified,debt_consolidation,SC,15.72,2.0,675.0,679.0,2.0,88.1,27.0,Individual,5,High Risk,Manual Review
823374,20000.0, 60 months,21.74,F,F5,10+ years,MORTGAGE,82812.0,Verified,home_improvement,HI,18.78,1.0,665.0,669.0,1.0,84.1,25.0,Individual,5,High Risk,Manual Review
792965,12000.0, 60 months,19.69,E,E5,1 year,OWN,180000.0,Verified,debt_consolidation,CT,11.83,3.0,660.0,664.0,2.0,82.7,32.0,Individual,5,High Risk,Manual Review
819515,33600.0, 60 months,21.36,F,F4,10+ years,MORTGAGE,104400.0,Verified,debt_consolidation,AL,17.94,1.0,670.0,674.0,2.0,88.1,34.0,Individual,5,High Risk,Manual Review
819381,7200.0, 36 months,18.79,E,E3,3 years,RENT,40000.0,Not Verified,debt_consolidation,WA,24.27,1.0,665.0,669.0,0.0,98.3,17.0,Individual,5,High Risk,Manual Review
817202,17000.0, 60 months,18.39,E,E2,8 years,RENT,50000.0,Verified,debt_consolidation,NY,17.16,2.0,680.0,684.0,0.0,89.3,33.0,Individual,5,High Risk,Manual Review
814147,10000.0, 60 months,19.29,E,E4,5 years,OWN,60000.0,Not Verified,other,FL,22.7,3.0,665.0,669.0,0.0,87.3,46.0,Individual,5,High Risk,Manual Review
810756,10000.0, 36 months,19.69,E,E5,10+ years,RENT,96000.0,Source Verified,small_business,CA,5.26,1.0,660.0,664.0,0.0,92.6,15.0,Individual,5,High Risk,Manual Review
810122,10000.0, 36 months,18.39,E,E2,10+ years,MORTGAGE,175400.0,Verified,debt_consolidation,MD,17.72,2.0,665.0,669.0,0.0,97.1,36.0,Individual,5,High Risk,Manual Review
810107,35000.0, 36 months,19.29,E,E4,8 years,RENT,85000.0,Verified,debt_consolidation,NY,4.22,1.0,675.0,679.0,1.0,87.9,27.0,Individual,5,High Risk,Manual Review
803608,12000.0, 60 months,20.99,F,F3,4 years,MORTGAGE,89000.0,Not Verified,debt_consolidation,CA,15.53,3.0,665.0,669.0,0.0,95.8,30.0,Individual,5,High Risk,Manual Review
802401,35000.0, 36 months,20.25,F,F1,7 years,RENT,120366.05,Verified,debt_consolidation,NC,15.33,1.0,660.0,664.0,1.0,89.1,19.0,Individual,5,High Risk,Manual Review
795685,5000.0, 60 months,20.25,F,F1,4 years,RENT,110004.0,Not Verified,other,FL,5.5,4.0,670.0,674.0,1.0,94.0,14.0,Individual,5,High Risk,Manual Review
793339,25000.0, 60 months,22.48,G,G2,< 1 year,MORTGAGE,95000.0,Source Verified,credit_card,MD,15.89,1.0,660.0,664.0,1.0,89.1,29.0,Individual,5,High Risk,Manual Review
788954,20050.0, 60 months,19.29,E,E4,1 year,MORTGAGE,80454.0,Verified,debt_consolidation,AZ,21.73,1.0,695.0,699.0,2.0,90.8,21.0,Individual,5,High Risk,Manual Review
782884,24000.0, 60 months,22.85,G,G3,2 years,RENT,72000.0,Source Verified,other,VA,14.0,1.0,660.0,664.0,2.0,92.6,19.0,Individual,5,High Risk,Manual Review
786825,35000.0, 36 months,18.39,E,E2,10+ years,MORTGAGE,300000.0,Verified,debt_consolidation,CA,16.12,3.0,680.0,684.0,1.0,90.0,32.0,Individual,5,High Risk,Manual Review
774454,29000.0, 60 months,20.99,F,F3,2 years,MORTGAGE,58000.0,Verified,home_improvement,TX,11.73,2.0,680.0,684.0,0.0,92.2,22.0,Individual,5,High Risk,Manual Review
774063,10000.0, 36 months,17.99,E,E1,7 years,RENT,54000.0,Source Verified,debt_consolidation,CA,20.87,1.0,660.0,664.0,1.0,91.9,19.0,Individual,5,High Risk,Manual Review
768107,8000.0, 36 months,18.79,E,E3,3 years,MORTGAGE,85000.0,Source Verified,home_improvement,MA,6.2,1.0,665.0,669.0,1.0,90.2,13.0,Individual,5,High Risk,Manual Review
762865,30000.0, 60 months,20.62,F,F2,8 years,MORTGAGE,99996.0,Verified,debt_consolidation,MI,8.87,1.0,695.0,699.0,0.0,85.0,9.0,Individual,5,High Risk,Manual Review
762305,6800.0, 36 months,19.29,E,E4,4 years,RENT,50000.0,Not Verified,debt_consolidation,MI,13.1,3.0,665.0,669.0,0.0,98.9,16.0,Individual,5,High Risk,Manual Review
755488,16000.0, 60 months,20.25,F,F1,6 years,RENT,62400.0,Not Verified,major_purchase,HI,17.69,1.0,665.0,669.0,0.0,83.4,30.0,Individual,5,High Risk,Manual Review
747624,18000.0, 60 months,20.62,F,F2,8 years,MORTGAGE,110000.0,Source Verified,debt_consolidation,VA,10.24,1.0,675.0,679.0,1.0,90.8,52.0,Individual,5,High Risk,Manual Review
744700,35000.0, 60 months,20.62,F,F2,10+ years,MORTGAGE,220000.0,Verified,debt_consolidation,SC,17.41,1.0,680.0,684.0,0.0,89.9,30.0,Individual,5,High Risk,Manual Review
742971,8000.0, 60 months,18.39,E,E2,8 years,MORTGAGE,36000.0,Not Verified,debt_consolidation,CA,21.9,3.0,670.0,674.0,1.0,89.3,20.0,Individual,5,High Risk,Manual Review
740505,35000.0, 60 months,21.74,F,F5,,MORTGAGE,73000.0,Verified,small_business,OH,17.44,3.0,680.0,684.0,1.0,97.5,26.0,Individual,5,High Risk,Manual Review
739328,8000.0, 60 months,18.25,F,F1,4 years,RENT,60000.0,Not Verified,other,FL,7.7,2.0,680.0,684.0,0.0,84.8,22.0,Individual,5,High Risk,Manual Review
738285,14000.0, 60 months,19.36,F,F4,10+ years,MORTGAGE,61000.0,Not Verified,debt_consolidation,IL,18.18,2.0,660.0,664.0,3.0,94.6,28.0,Individual,5,High Risk,Manual Review
737574,3500.0, 60 months,18.99,F,F3,10+ years,OWN,43200.0,Source Verified,small_business,NC,13.08,1.0,660.0,664.0,0.0,95.9,18.0,Individual,5,High Risk,Manual Review
737345,35000.0, 36 months,20.11,G,G1,10+ years,OWN,80000.0,Verified,debt_consolidation,CA,17.07,1.0,660.0,664.0,0.0,94.7,19.0,Individual,5,High Risk,Manual Review
726681,2000.0, 60 months,16.77,E,E2,< 1 year,RENT,32000.0,Source Verified,car,OH,2.44,1.0,670.0,674.0,1.0,83.0,8.0,Individual,5,High Risk,Manual Review
730242,8000.0, 60 months,17.14,E,E3,< 1 year,RENT,65000.0,Source Verified,credit_card,CA,16.71,1.0,665.0,669.0,0.0,83.7,20.0,Individual,5,High Risk,Manual Review
717968,24000.0, 36 months,17.14,E,E3,< 1 year,RENT,53000.0,Verified,debt_consolidation,VA,17.03,1.0,680.0,684.0,0.0,96.7,14.0,Individual,5,High Risk,Manual Review
727113,6000.0, 36 months,16.4,E,E1,1 year,RENT,25000.0,Source Verified,moving,NY,7.3,1.0,675.0,679.0,1.0,80.7,6.0,Individual,5,High Risk,Manual Review
722323,21250.0, 60 months,20.11,G,G1,2 years,MORTGAGE,65000.0,Verified,debt_consolidation,NC,22.1,2.0,670.0,674.0,2.0,92.7,47.0,Individual,5,High Risk,Manual Review
719352,19125.0, 60 months,16.77,E,E2,10+ years,MORTGAGE,46600.0,Verified,debt_consolidation,MI,19.26,1.0,685.0,689.0,3.0,87.7,42.0,Individual,5,High Risk,Manual Review
714281,23000.0, 60 months,19.74,F,F5,4 years,RENT,74872.0,Verified,credit_card,MD,12.55,1.0,670.0,674.0,1.0,93.0,20.0,Individual,5,High Risk,Manual Review
709490,16000.0, 60 months,17.88,E,E5,7 years,OWN,75500.0,Verified,other,DE,19.35,1.0,670.0,674.0,3.0,85.5,27.0,Individual,5,High Risk,Manual Review
713267,15000.0, 60 months,17.14,E,E3,4 years,MORTGAGE,124800.0,Verified,car,GA,15.96,2.0,675.0,679.0,2.0,83.5,23.0,Individual,5,High Risk,Manual Review
712665,2000.0, 60 months,16.77,E,E2,10+ years,RENT,78000.0,Source Verified,debt_consolidation,AK,24.4,2.0,665.0,669.0,1.0,91.6,51.0,Individual,5,High Risk,Manual Review
712546,35000.0, 60 months,17.88,E,E5,1 year,MORTGAGE,108500.0,Verified,debt_consolidation,GA,22.46,1.0,695.0,699.0,2.0,85.2,43.0,Individual,5,High Risk,Manual Review
711436,20000.0, 60 months,19.74,F,F5,< 1 year,OWN,82500.0,Verified,debt_consolidation,MD,12.09,2.0,665.0,669.0,2.0,87.7,41.0,Individual,5,High Risk,Manual Review
710821,25000.0, 60 months,19.36,F,F4,7 years,OWN,104000.0,Verified,credit_card,MI,14.7,1.0,675.0,679.0,0.0,90.9,37.0,Individual,5,High Risk,Manual Review
710336,34800.0, 36 months,16.77,E,E2,10+ years,RENT,137000.0,Verified,debt_consolidation,NY,21.07,1.0,675.0,679.0,1.0,85.2,30.0,Individual,5,High Risk,Manual Review
710034,25000.0, 60 months,20.48,G,G2,10+ years,RENT,105000.0,Verified,credit_card,MD,9.06,2.0,670.0,674.0,0.0,95.6,22.0,Individual,5,High Risk,Manual Review
706773,19000.0, 36 months,20.48,G,G2,< 1 year,MORTGAGE,80000.0,Verified,wedding,IL,13.46,1.0,660.0,664.0,1.0,99.8,20.0,Individual,5,High Risk,Manual Review
668955,6800.0, 60 months,16.77,E,E2,3 years,MORTGAGE,54000.0,Not Verified,medical,MN,17.11,1.0,665.0,669.0,2.0,90.3,35.0,Individual,5,High Risk,Manual Review
704705,20000.0, 60 months,20.85,G,G3,5 years,MORTGAGE,60000.0,Source Verified,major_purchase,TX,6.44,1.0,675.0,679.0,0.0,90.5,16.0,Individual,5,High Risk,Manual Review
701836,16000.0, 60 months,20.85,G,G3,10+ years,MORTGAGE,56726.0,Verified,debt_consolidation,CA,7.51,1.0,665.0,669.0,0.0,93.0,20.0,Individual,5,High Risk,Manual Review
698921,9000.0, 60 months,19.36,F,F4,2 years,RENT,35000.0,Source Verified,debt_consolidation,FL,6.17,1.0,680.0,684.0,0.0,92.3,13.0,Individual,5,High Risk,Manual Review
697475,5000.0, 36 months,17.51,E,E4,1 year,OWN,110000.0,Source Verified,debt_consolidation,TX,6.41,1.0,665.0,669.0,0.0,99.2,23.0,Individual,5,High Risk,Manual Review
687999,19125.0, 60 months,20.85,G,G3,9 years,MORTGAGE,47520.0,Verified,small_business,MI,21.46,2.0,660.0,664.0,2.0,80.3,38.0,Individual,5,High Risk,Manual Review
695296,15450.0, 60 months,19.74,F,F5,10+ years,MORTGAGE,58320.0,Not Verified,credit_card,CA,20.88,1.0,685.0,689.0,0.0,98.7,24.0,Individual,5,High Risk,Manual Review
692336,10000.0, 36 months,17.14,E,E3,7 years,MORTGAGE,44000.0,Source Verified,debt_consolidation,NJ,23.67,1.0,660.0,664.0,1.0,89.4,27.0,Individual,5,High Risk,Manual Review
661393,5600.0, 60 months,17.51,E,E4,5 years,MORTGAGE,70000.0,Verified,house,PA,1.47,1.0,670.0,674.0,3.0,82.4,6.0,Individual,5,High Risk,Manual Review
683428,25000.0, 60 months,17.14,E,E3,5 years,RENT,50000.0,Source Verified,debt_consolidation,CA,13.56,1.0,740.0,744.0,0.0,96.5,20.0,Individual,5,High Risk,Manual Review
682691,4375.0, 36 months,16.4,E,E1,3 years,RENT,22044.0,Verified,debt_consolidation,OH,21.34,1.0,665.0,669.0,0.0,87.6,9.0,Individual,5,High Risk,Manual Review
679848,3600.0, 60 months,18.25,F,F1,2 years,RENT,30000.0,Source Verified,house,AZ,9.0,2.0,670.0,674.0,0.0,96.8,22.0,Individual,5,High Risk,Manual Review
678339,11750.0, 36 months,17.14,E,E3,10+ years,RENT,72000.0,Verified,debt_consolidation,MN,11.43,1.0,660.0,664.0,2.0,94.1,56.0,Individual,5,High Risk,Manual Review
673491,10500.0, 36 months,18.25,F,F1,3 years,RENT,39204.0,Verified,debt_consolidation,CA,16.56,1.0,660.0,664.0,0.0,86.8,24.0,Individual,5,High Risk,Manual Review
673307,22000.0, 60 months,17.51,E,E4,4 years,RENT,91000.0,Verified,debt_consolidation,NJ,10.63,1.0,710.0,714.0,3.0,81.6,19.0,Individual,5,High Risk,Manual Review
668166,35000.0, 60 months,20.48,G,G2,2 years,MORTGAGE,250000.0,Verified,credit_card,NC,20.64,1.0,670.0,674.0,0.0,93.3,18.0,Individual,5,High Risk,Manual Review
667624,13700.0, 60 months,19.36,F,F4,1 year,RENT,30000.0,Not Verified,other,TX,19.88,2.0,670.0,674.0,2.0,92.6,30.0,Individual,5,High Risk,Manual Review
663412,25000.0, 36 months,19.74,F,F5,3 years,MORTGAGE,75000.0,Verified,debt_consolidation,GA,19.73,1.0,665.0,669.0,0.0,82.1,20.0,Individual,5,High Risk,Manual Review
656828,15000.0, 60 months,20.11,G,G1,2 years,RENT,36000.0,Source Verified,debt_consolidation,SC,12.53,1.0,660.0,664.0,0.0,84.0,12.0,Individual,5,High Risk,Manual Review
657666,24250.0, 36 months,16.4,E,E1,10+ years,MORTGAGE,60996.0,Verified,debt_consolidation,MD,17.41,1.0,690.0,694.0,0.0,93.8,24.0,Individual,5,High Risk,Manual Review
658935,25000.0, 60 months,17.14,E,E3,4 years,MORTGAGE,165000.0,Source Verified,debt_consolidation,TX,11.64,1.0,705.0,709.0,2.0,81.8,30.0,Individual,5,High Risk,Manual Review
654859,10000.0, 60 months,19.36,F,F4,7 years,MORTGAGE,65000.0,Not Verified,debt_consolidation,CA,6.65,1.0,660.0,664.0,2.0,94.2,11.0,Individual,5,High Risk,Manual Review
649921,25000.0, 60 months,20.85,G,G3,10+ years,MORTGAGE,138000.0,Verified,debt_consolidation,NY,13.15,1.0,675.0,679.0,0.0,80.7,31.0,Individual,5,High Risk,Manual Review
642776,5625.0, 60 months,20.03,G,G2,< 1 year,RENT,69200.0,Verified,debt_consolidation,NY,22.91,1.0,665.0,669.0,2.0,86.8,31.0,Individual,5,High Risk,Manual Review
640263,19750.0, 60 months,20.77,G,G4,3 years,RENT,48000.0,Source Verified,debt_consolidation,KS,14.85,3.0,670.0,674.0,1.0,97.4,16.0,Individual,5,High Risk,Manual Review
622844,1400.0, 60 months,18.54,F,F3,10+ years,OWN,51000.0,Not Verified,debt_consolidation,NY,23.32,2.0,665.0,669.0,2.0,99.5,66.0,Individual,5,High Risk,Manual Review
635513,16000.0, 60 months,19.29,F,F5,8 years,MORTGAGE,88000.0,Source Verified,home_improvement,OH,14.66,1.0,670.0,674.0,2.0,97.4,35.0,Individual,5,High Risk,Manual Review
635211,15000.0, 36 months,15.95,E,E1,2 years,MORTGAGE,105000.0,Source Verified,credit_card,CA,11.3,2.0,680.0,684.0,0.0,89.6,35.0,Individual,5,High Risk,Manual Review
634520,25000.0, 60 months,17.06,E,E4,10+ years,MORTGAGE,145000.0,Verified,debt_consolidation,TX,20.57,1.0,695.0,699.0,0.0,84.8,41.0,Individual,5,High Risk,Manual Review
629689,20000.0, 60 months,17.06,E,E4,8 years,RENT,125000.0,Verified,debt_consolidation,NV,13.81,1.0,680.0,684.0,0.0,80.9,41.0,Individual,5,High Risk,Manual Review
629897,15200.0, 36 months,15.95,E,E1,10+ years,MORTGAGE,123000.0,Verified,credit_card,AL,15.45,1.0,660.0,664.0,3.0,80.6,30.0,Individual,5,High Risk,Manual Review
629415,5275.0, 60 months,18.54,F,F3,10+ years,RENT,90000.0,Source Verified,credit_card,CA,15.85,1.0,675.0,679.0,2.0,88.0,14.0,Individual,5,High Risk,Manual Review
625751,23500.0, 60 months,20.03,G,G2,6 years,RENT,69200.0,Verified,debt_consolidation,NY,22.91,1.0,665.0,669.0,2.0,86.8,31.0,Individual,5,High Risk,Manual Review
625019,9000.0, 36 months,17.06,E,E4,5 years,RENT,40000.0,Not Verified,debt_consolidation,CA,17.91,1.0,675.0,679.0,0.0,98.7,12.0,Individual,5,High Risk,Manual Review
623112,15000.0, 36 months,15.95,E,E1,3 years,RENT,85000.0,Verified,debt_consolidation,PA,10.66,1.0,675.0,679.0,2.0,90.0,14.0,Individual,5,High Risk,Manual Review
619606,3000.0, 36 months,17.44,E,E5,8 years,RENT,95424.0,Source Verified,other,MD,15.79,1.0,660.0,664.0,0.0,99.8,19.0,Individual,5,High Risk,Manual Review
616871,18250.0, 60 months,16.69,E,E3,6 years,MORTGAGE,60000.0,Not Verified,debt_consolidation,GA,14.78,1.0,695.0,699.0,0.0,94.8,14.0,Individual,5,High Risk,Manual Review
611261,16000.0, 60 months,16.32,E,E2,< 1 year,RENT,62500.0,Verified,debt_consolidation,CA,23.48,1.0,680.0,684.0,0.0,80.3,14.0,Individual,5,High Risk,Manual Review
610365,12800.0, 60 months,18.17,F,F2,8 years,RENT,75000.0,Not Verified,credit_card,NY,9.18,2.0,660.0,664.0,0.0,82.0,19.0,Individual,5,High Risk,Manual Review
607296,25000.0, 36 months,20.03,G,G2,4 years,MORTGAGE,120000.0,Verified,debt_consolidation,NY,19.69,1.0,665.0,669.0,0.0,95.8,47.0,Individual,5,High Risk,Manual Review
603999,4000.0, 60 months,16.32,E,E2,5 years,MORTGAGE,72000.0,Not Verified,home_improvement,CA,4.2,1.0,680.0,684.0,0.0,95.2,9.0,Individual,5,High Risk,Manual Review
602984,24000.0, 60 months,18.17,F,F2,5 years,MORTGAGE,51000.0,Verified,debt_consolidation,IL,13.01,1.0,685.0,689.0,1.0,85.7,40.0,Individual,5,High Risk,Manual Review
597304,5800.0, 60 months,19.79,F,F5,5 years,MORTGAGE,26004.0,Verified,debt_consolidation,NY,13.29,1.0,665.0,669.0,0.0,99.2,20.0,Individual,5,High Risk,Manual Review
596503,3600.0, 60 months,18.67,F,F2,8 years,OWN,52800.0,Source Verified,other,AZ,10.59,1.0,670.0,674.0,2.0,98.9,33.0,Individual,5,High Risk,Manual Review
592953,10000.0, 60 months,19.04,F,F3,2 years,RENT,58000.0,Source Verified,debt_consolidation,TX,15.43,1.0,665.0,669.0,0.0,95.2,18.0,Individual,5,High Risk,Manual Review
591048,10000.0, 60 months,18.3,F,F1,10+ years,OWN,48000.0,Not Verified,debt_consolidation,LA,19.23,1.0,660.0,664.0,3.0,93.9,17.0,Individual,5,High Risk,Manual Review
590571,5000.0, 60 months,17.56,E,E4,10+ years,MORTGAGE,27600.0,Source Verified,home_improvement,NY,14.7,1.0,675.0,679.0,0.0,88.0,6.0,Individual,5,High Risk,Manual Review
589991,8400.0, 60 months,18.3,F,F1,3 years,RENT,90000.0,Verified,moving,VT,24.13,2.0,665.0,669.0,2.0,92.3,18.0,Individual,5,High Risk,Manual Review
586074,20000.0, 60 months,20.53,G,G2,10+ years,MORTGAGE,93000.0,Verified,small_business,WI,11.39,2.0,660.0,664.0,0.0,87.7,25.0,Individual,5,High Risk,Manual Review
583133,8000.0, 60 months,17.93,E,E5,1 year,MORTGAGE,100000.0,Verified,small_business,CA,7.25,1.0,660.0,664.0,3.0,87.6,44.0,Individual,5,High Risk,Manual Review
569037,15000.0, 60 months,19.04,F,F3,2 years,RENT,63000.0,Verified,debt_consolidation,CA,16.69,1.0,680.0,684.0,1.0,99.0,21.0,Individual,5,High Risk,Manual Review
576195,16000.0, 60 months,16.82,E,E2,< 1 year,RENT,68000.0,Verified,debt_consolidation,MA,24.76,1.0,690.0,694.0,0.0,84.4,15.0,Individual,5,High Risk,Manual Review
571315,6000.0, 36 months,16.45,E,E1,10+ years,MORTGAGE,70000.0,Source Verified,small_business,WY,6.48,2.0,685.0,689.0,1.0,90.0,9.0,Individual,5,High Risk,Manual Review
569379,7750.0, 36 months,16.45,E,E1,3 years,RENT,41558.0,Source Verified,debt_consolidation,CA,21.02,2.0,660.0,664.0,0.0,88.3,6.0,Individual,5,High Risk,Manual Review
563700,2400.0, 60 months,17.93,E,E5,4 years,OWN,21600.0,Verified,other,KY,6.0,1.0,675.0,679.0,2.0,96.5,6.0,Individual,5,High Risk,Manual Review
561426,25000.0, 60 months,20.9,G,G3,10+ years,RENT,140600.0,Verified,debt_consolidation,FL,15.95,2.0,670.0,674.0,0.0,80.1,30.0,Individual,5,High Risk,Manual Review
558387,23000.0, 60 months,21.27,G,G4,10+ years,RENT,55000.0,Verified,credit_card,NY,11.93,1.0,670.0,674.0,0.0,91.1,9.0,Individual,5,High Risk,Manual Review
557465,9250.0, 60 months,17.19,E,E3,4 years,MORTGAGE,50004.0,Source Verified,debt_consolidation,VA,7.1,1.0,675.0,679.0,0.0,92.8,12.0,Individual,5,High Risk,Manual Review
555010,2000.0, 60 months,16.45,E,E1,< 1 year,MORTGAGE,30000.0,Not Verified,debt_consolidation,AL,10.12,3.0,665.0,669.0,1.0,84.0,16.0,Individual,5,High Risk,Manual Review
541135,11500.0, 60 months,17.93,E,E5,2 years,MORTGAGE,47000.0,Not Verified,credit_card,TX,22.26,3.0,660.0,664.0,2.0,84.1,41.0,Individual,5,High Risk,Manual Review
543873,18000.0, 60 months,16.45,E,E1,3 years,MORTGAGE,120000.0,Verified,credit_card,PA,15.0,1.0,680.0,684.0,0.0,82.6,26.0,Individual,5,High Risk,Manual Review
539455,25000.0, 36 months,16.45,E,E1,4 years,MORTGAGE,107280.0,Source Verified,debt_consolidation,GA,12.83,1.0,680.0,684.0,0.0,88.5,19.0,Individual,5,High Risk,Manual Review
539405,24250.0, 36 months,19.41,F,F4,1 year,OWN,300000.0,Verified,home_improvement,MD,9.61,1.0,665.0,669.0,2.0,93.0,34.0,Individual,5,High Risk,Manual Review
535285,6250.0, 60 months,18.3,F,F1,10+ years,RENT,26400.0,Not Verified,debt_consolidation,LA,16.95,3.0,665.0,669.0,0.0,83.9,7.0,Individual,5,High Risk,Manual Review
534809,24000.0, 60 months,17.56,E,E4,3 years,MORTGAGE,180000.0,Verified,credit_card,IL,11.04,1.0,685.0,689.0,0.0,86.9,33.0,Individual,5,High Risk,Manual Review
533867,1500.0, 36 months,17.19,E,E3,< 1 year,RENT,48500.0,Verified,other,MA,3.59,1.0,670.0,674.0,1.0,93.1,5.0,Individual,5,High Risk,Manual Review
533641,10000.0, 60 months,18.67,F,F2,10+ years,RENT,105785.0,Source Verified,moving,GA,21.09,1.0,660.0,664.0,2.0,94.1,26.0,Individual,5,High Risk,Manual Review
532789,10000.0, 60 months,18.67,F,F2,3 years,MORTGAGE,135000.0,Source Verified,debt_consolidation,AZ,9.78,1.0,690.0,694.0,2.0,95.6,28.0,Individual,5,High Risk,Manual Review
524447,24000.0, 60 months,19.04,F,F3,3 years,RENT,60204.0,Not Verified,debt_consolidation,CA,18.68,1.0,685.0,689.0,1.0,95.2,16.0,Individual,5,High Risk,Manual Review
524273,6000.0, 60 months,17.56,E,E4,2 years,RENT,65000.0,Not Verified,other,IL,8.14,1.0,670.0,674.0,1.0,81.4,26.0,Individual,5,High Risk,Manual Review
522904,5000.0, 60 months,21.27,G,G4,< 1 year,RENT,59355.96,Not Verified,educational,MA,10.09,1.0,670.0,674.0,1.0,83.0,6.0,Individual,5,High Risk,Manual Review
523163,4000.0, 60 months,16.82,E,E2,3 years,MORTGAGE,54000.0,Not Verified,vacation,GA,13.71,1.0,670.0,674.0,0.0,93.3,22.0,Individual,5,High Risk,Manual Review
522890,9250.0, 60 months,16.82,E,E2,4 years,RENT,30000.0,Not Verified,debt_consolidation,NJ,23.64,1.0,685.0,689.0,1.0,87.6,13.0,Individual,5,High Risk,Manual Review
518893,5600.0, 60 months,16.45,E,E1,2 years,MORTGAGE,95004.0,Verified,other,CA,18.37,1.0,670.0,674.0,0.0,93.1,35.0,Individual,5,High Risk,Manual Review
518218,15250.0, 36 months,17.93,E,E5,< 1 year,RENT,37200.0,Verified,debt_consolidation,CA,16.65,1.0,660.0,664.0,1.0,97.2,29.0,Individual,5,High Risk,Manual Review
510578,14000.0, 36 months,16.82,E,E2,5 years,MORTGAGE,97200.0,Not Verified,debt_consolidation,MN,15.54,1.0,665.0,669.0,2.0,97.7,60.0,Individual,5,High Risk,Manual Review
510082,25000.0, 36 months,18.3,F,F1,10+ years,MORTGAGE,116000.0,Not Verified,debt_consolidation,WY,15.2,1.0,675.0,679.0,2.0,87.0,30.0,Individual,5,High Risk,Manual Review
508777,25000.0, 36 months,19.04,F,F3,4 years,RENT,110004.0,Verified,debt_consolidation,CT,12.88,1.0,660.0,664.0,3.0,83.6,25.0,Individual,5,High Risk,Manual Review
489230,25000.0, 36 months,18.67,F,F2,< 1 year,MORTGAGE,225000.0,Not Verified,debt_consolidation,CA,15.21,1.0,675.0,679.0,0.0,93.5,54.0,Individual,5,High Risk,Manual Review
482229,20500.0, 36 months,20.9,G,G3,5 years,OWN,69000.0,Not Verified,debt_consolidation,IL,24.52,1.0,660.0,664.0,1.0,99.9,28.0,Individual,5,High Risk,Manual Review
479580,8500.0, 36 months,17.19,E,E3,5 years,MORTGAGE,75000.0,Not Verified,debt_consolidation,DE,7.86,1.0,660.0,664.0,3.0,84.0,19.0,Individual,5,High Risk,Manual Review
437568,2000.0, 36 months,19.13,F,F4,< 1 year,MORTGAGE,50000.0,Not Verified,small_business,OK,17.28,1.0,675.0,679.0,1.0,98.5,33.0,Individual,5,High Risk,Manual Review
478160,7750.0, 36 months,17.04,E,E3,2 years,OWN,13920.0,Not Verified,educational,TX,2.24,2.0,690.0,694.0,0.0,98.4,8.0,Individual,5,High Risk,Manual Review
395561,24000.0, 36 months,20.86,G,G4,10+ years,MORTGAGE,119450.0,Verified,credit_card,VA,20.92,1.0,665.0,669.0,0.0,98.3,33.0,Individual,5,High Risk,Manual Review
459538,15000.0, 36 months,19.82,G,G1,7 years,MORTGAGE,55000.0,Not Verified,small_business,TX,17.87,1.0,690.0,694.0,3.0,97.3,14.0,Individual,5,High Risk,Manual Review
460109,16000.0, 36 months,16.35,E,E1,5 years,MORTGAGE,189000.0,Verified,debt_consolidation,IL,18.76,1.0,660.0,664.0,0.0,84.4,40.0,Individual,5,High Risk,Manual Review
444904,25000.0, 36 months,16.7,E,E2,10+ years,MORTGAGE,150000.0,Verified,debt_consolidation,MD,24.77,1.0,675.0,679.0,1.0,93.3,43.0,Individual,5,High Risk,Manual Review
441460,20000.0, 36 months,16.7,E,E2,1 year,RENT,60504.0,Verified,debt_consolidation,VA,20.94,1.0,670.0,674.0,0.0,81.2,16.0,Individual,5,High Risk,Manual Review
435960,4500.0, 36 months,16.35,E,E1,1 year,MORTGAGE,75000.0,Not Verified,home_improvement,MD,12.94,1.0,665.0,669.0,1.0,94.3,22.0,Individual,5,High Risk,Manual Review
431602,18000.0, 36 months,17.39,E,E4,< 1 year,MORTGAGE,245000.0,Verified,credit_card,FL,15.67,1.0,670.0,674.0,0.0,96.2,30.0,Individual,5,High Risk,Manual Review
431061,7000.0, 36 months,16.63,E,E4,7 years,RENT,30996.0,Verified,debt_consolidation,NJ,8.32,2.0,665.0,669.0,1.0,96.5,11.0,Individual,5,High Risk,Manual Review
420718,2500.0, 36 months,15.68,E,E1,2 years,RENT,33500.0,Not Verified,debt_consolidation,NY,14.29,2.0,665.0,669.0,0.0,95.3,10.0,Individual,5,High Risk,Manual Review
420313,25000.0, 36 months,18.84,G,G1,2 years,MORTGAGE,100000.0,Verified,small_business,WA,6.76,1.0,710.0,714.0,3.0,80.5,32.0,Individual,5,High Risk,Manual Review
399085,17600.0, 36 months,17.26,F,F1,8 years,RENT,71480.0,Source Verified,debt_consolidation,MI,11.65,2.0,665.0,669.0,0.0,88.6,19.0,Individual,5,High Risk,Manual Review
395514,5500.0, 36 months,15.68,E,E1,1 year,MORTGAGE,68000.0,Source Verified,home_improvement,MN,11.42,1.0,660.0,664.0,0.0,88.9,6.0,Individual,5,High Risk,Manual Review
393387,12000.0, 36 months,16.63,E,E4,3 years,OTHER,96000.0,Not Verified,small_business,VA,15.46,1.0,670.0,674.0,1.0,97.0,22.0,Individual,5,High Risk,Manual Review
388832,7000.0, 36 months,16.32,E,E3,3 years,RENT,55000.0,Source Verified,debt_consolidation,NY,3.99,1.0,660.0,664.0,1.0,93.1,10.0,Individual,5,High Risk,Manual Review
379717,16000.0, 36 months,16.32,E,E3,7 years,OTHER,60000.0,Verified,credit_card,TX,21.46,1.0,665.0,669.0,2.0,82.5,24.0,Individual,5,High Risk,Manual Review
379586,20000.0, 36 months,16.95,E,E5,3 years,MORTGAGE,115000.0,Verified,debt_consolidation,NV,15.74,1.0,675.0,679.0,0.0,89.7,40.0,Individual,5,High Risk,Manual Review
376621,12000.0, 36 months,15.68,E,E1,3 years,RENT,125004.0,Verified,credit_card,CA,10.54,1.0,665.0,669.0,0.0,87.3,25.0,Individual,5,High Risk,Manual Review
376484,4500.0, 36 months,16.95,E,E5,2 years,RENT,51000.0,Verified,other,WA,5.65,1.0,660.0,664.0,0.0,96.2,8.0,Individual,5,High Risk,Manual Review
373986,15000.0, 36 months,15.68,E,E1,5 years,RENT,120000.0,Verified,debt_consolidation,MA,19.87,1.0,680.0,684.0,0.0,96.4,32.0,Individual,5,High Risk,Manual Review
373255,15000.0, 36 months,16.32,E,E3,1 year,MORTGAGE,90000.0,Source Verified,debt_consolidation,MI,9.77,1.0,670.0,674.0,3.0,90.3,35.0,Individual,5,High Risk,Manual Review
370042,15000.0, 36 months,16.32,E,E3,9 years,RENT,150000.0,Verified,credit_card,CA,6.55,1.0,660.0,664.0,3.0,93.7,34.0,Individual,5,High Risk,Manual Review
366553,20000.0, 36 months,16.95,E,E5,< 1 year,MORTGAGE,150000.0,Verified,debt_consolidation,NY,13.61,2.0,670.0,674.0,2.0,94.1,21.0,Individual,5,High Risk,Manual Review
365199,25000.0, 36 months,17.46,F,F4,10+ years,MORTGAGE,113000.0,Verified,credit_card,UT,3.94,1.0,660.0,664.0,3.0,80.6,33.0,Individual,5,High Risk,Manual Review
362421,12500.0, 36 months,19.04,G,G4,2 years,MORTGAGE,123000.0,Not Verified,other,MD,5.84,1.0,660.0,664.0,1.0,99.0,21.0,Individual,5,High Risk,Manual Review
352990,4000.0, 36 months,16.01,F,F1,2 years,MORTGAGE,40900.0,Not Verified,debt_consolidation,NJ,24.47,1.0,695.0,699.0,0.0,98.3,17.0,Individual,5,High Risk,Manual Review
307946,25000.0, 36 months,15.76,F,F1,7 years,MORTGAGE,120000.0,Verified,debt_consolidation,CA,14.23,1.0,675.0,679.0,2.0,94.6,30.0,Individual,5,High Risk,Manual Review
224381,25000.0, 36 months,16.15,F,F3,6 years,MORTGAGE,113000.0,Not Verified,debt_consolidation,CA,24.84,1.0,680.0,684.0,0.0,93.8,33.0,Individual,5,High Risk,Manual Review
203367,25000.0, 36 months,15.83,F,F2,< 1 year,MORTGAGE,120000.0,Not Verified,credit_card,NJ,18.08,2.0,675.0,679.0,2.0,86.1,30.0,Individual,5,High Risk,Manual Review
151607,1500.0, 36 months,14.7,E,E5,1 year,RENT,25000.0,Not Verified,other,MD,3.84,1.0,630.0,634.0,1.0,61.9,6.0,Individual,5,High Risk,Manual Review
106360,2700.0, 36 months,15.96,F,F4,1 year,RENT,52200.0,Not Verified,debt_consolidation,MA,12.57,0.0,625.0,629.0,1.0,92.3,13.0,Individual,6,High Risk,Manual Review
641659,20000.0, 60 months,19.66,G,G1,10+ years,RENT,127000.0,Verified,debt_consolidation,MO,13.39,1.0,665.0,669.0,5.0,80.8,39.0,Individual,5,High Risk,Manual Review
587734,8500.0, 36 months,17.43,E,E5,2 years,RENT,255000.0,Verified,debt_consolidation,NY,13.67,2.0,660.0,664.0,4.0,98.2,52.0,Individual,5,High Risk,Manual Review
592895,16000.0, 60 months,19.79,F,F5,10+ years,MORTGAGE,80000.0,Verified,other,FL,21.97,1.0,665.0,669.0,1.0,95.1,24.0,Individual,5,High Risk,Manual Review
550404,9050.0, 60 months,20.53,G,G2,2 years,MORTGAGE,85000.0,Verified,house,CO,15.4,3.0,665.0,669.0,5.0,84.4,23.0,Individual,5,High Risk,Manual Review
548556,10000.0, 36 months,19.04,F,F3,6 years,RENT,108000.0,Verified,small_business,TX,23.41,1.0,665.0,669.0,4.0,81.3,10.0,Individual,5,High Risk,Manual Review
538375,20000.0, 60 months,17.56,E,E4,4 years,MORTGAGE,145000.0,Verified,credit_card,CA,22.06,1.0,680.0,684.0,2.0,91.3,22.0,Individual,5,High Risk,Manual Review
533769,5000.0, 60 months,19.41,F,F4,7 years,RENT,46053.5,Source Verified,credit_card,CA,18.53,1.0,685.0,689.0,6.0,96.1,41.0,Individual,5,High Risk,Manual Review
520193,6000.0, 60 months,17.19,E,E3,10+ years,MORTGAGE,163500.0,Verified,home_improvement,VA,17.8,1.0,675.0,679.0,4.0,97.8,45.0,Individual,5,High Risk,Manual Review
502114,25000.0, 36 months,19.79,F,F5,10+ years,MORTGAGE,1440000.0,Not Verified,debt_consolidation,NY,3.26,1.0,660.0,664.0,0.0,88.5,17.0,Individual,5,High Risk,Manual Review
490845,20500.0, 36 months,18.67,F,F2,5 years,MORTGAGE,78000.0,Not Verified,home_improvement,PA,12.45,1.0,660.0,664.0,4.0,88.9,27.0,Individual,5,High Risk,Manual Review
477832,13000.0, 36 months,16.7,E,E2,10+ years,OWN,110400.0,Not Verified,other,CO,11.7,2.0,665.0,669.0,5.0,91.8,24.0,Individual,5,High Risk,Manual Review
474791,18000.0, 36 months,16.7,E,E2,5 years,MORTGAGE,130000.0,Not Verified,credit_card,IL,19.1,1.0,685.0,689.0,7.0,89.2,23.0,Individual,5,High Risk,Manual Review
456139,20000.0, 36 months,16.7,E,E2,10+ years,MORTGAGE,80000.0,Verified,credit_card,CA,23.41,1.0,675.0,679.0,0.0,86.8,30.0,Individual,5,High Risk,Manual Review
434552,18825.0, 36 months,19.13,F,F4,2 years,MORTGAGE,118000.0,Not Verified,small_business,CA,20.82,2.0,680.0,684.0,1.0,92.3,17.0,Individual,5,High Risk,Manual Review
426062,19000.0, 36 months,16.32,E,E3,< 1 year,OTHER,95000.0,Verified,debt_consolidation,TX,20.7,2.0,665.0,669.0,4.0,82.6,38.0,Individual,5,High Risk,Manual Review
389957,14500.0, 36 months,16.63,E,E4,10+ years,MORTGAGE,85800.0,Not Verified,debt_consolidation,KS,23.01,1.0,665.0,669.0,4.0,86.1,25.0,Individual,5,High Risk,Manual Review
389780,5000.0, 36 months,16.95,E,E5,8 years,MORTGAGE,50000.0,Source Verified,debt_consolidation,OH,20.86,1.0,665.0,669.0,7.0,80.1,46.0,Individual,5,High Risk,Manual Review
361648,25000.0, 36 months,17.78,F,F5,10+ years,MORTGAGE,80000.0,Not Verified,debt_consolidation,OH,12.99,1.0,670.0,674.0,6.0,83.5,33.0,Individual,5,High Risk,Manual Review
356286,7000.0, 36 months,16.01,F,F1,< 1 year,RENT,88000.0,Not Verified,credit_card,AZ,16.83,0.0,645.0,649.0,1.0,87.8,14.0,Individual,6,High Risk,Manual Review
355734,3000.0, 36 months,17.91,G,G2,3 years,RENT,66650.0,Not Verified,debt_consolidation,NJ,2.45,0.0,645.0,649.0,3.0,50.0,8.0,Individual,5,High Risk,Manual Review
355678,4275.0, 36 months,17.28,F,F5,10+ years,RENT,60000.0,Verified,house,FL,23.28,1.0,640.0,644.0,2.0,70.6,34.0,Individual,6,High Risk,Manual Review
355576,7500.0, 36 months,16.65,F,F3,1 year,RENT,70000.0,Verified,debt_consolidation,MN,21.02,0.0,640.0,644.0,1.0,60.2,22.0,Individual,5,High Risk,Manual Review
355553,2750.0, 36 months,15.38,E,E4,10+ years,MORTGAGE,39161.2,Not Verified,medical,WI,21.66,0.0,645.0,649.0,4.0,81.1,20.0,Individual,6,High Risk,Manual Review
355533,3500.0, 36 months,17.28,F,F5,3 years,MORTGAGE,72800.0,Verified,other,MS,21.1,0.0,640.0,644.0,3.0,91.9,21.0,Individual,6,High Risk,Manual Review
354812,6275.0, 36 months,16.96,F,F4,2 years,MORTGAGE,80000.0,Not Verified,debt_consolidation,GA,19.89,1.0,640.0,644.0,6.0,44.2,52.0,Individual,6,High Risk,Manual Review
354673,6700.0, 36 months,18.86,G,G5,< 1 year,MORTGAGE,45000.0,Verified,credit_card,IL,25.76,0.0,645.0,649.0,4.0,82.7,21.0,Individual,6,High Risk,Manual Review
354638,6500.0, 36 months,15.7,E,E5,1 year,MORTGAGE,142500.0,Verified,home_improvement,NJ,22.32,1.0,650.0,654.0,1.0,82.1,37.0,Individual,5,High Risk,Manual Review
354306,6000.0, 36 months,15.38,E,E4,1 year,RENT,24000.0,Verified,other,MN,11.5,1.0,655.0,659.0,0.0,90.5,13.0,Individual,5,High Risk,Manual Review
353861,7500.0, 36 months,16.01,F,F1,< 1 year,RENT,100000.0,Not Verified,debt_consolidation,GA,19.58,2.0,640.0,644.0,0.0,77.1,27.0,Individual,6,High Risk,Manual Review
353344,3000.0, 36 months,18.54,G,G4,3 years,RENT,44000.0,Not Verified,educational,VA,26.68,0.0,645.0,649.0,2.0,89.5,24.0,Individual,6,High Risk,Manual Review
353294,5600.0, 36 months,15.07,E,E3,5 years,RENT,60000.0,Not Verified,wedding,CA,9.94,2.0,640.0,644.0,1.0,69.5,20.0,Individual,6,High Risk,Manual Review
346531,3000.0, 36 months,14.75,E,E2,< 1 year,OTHER,36000.0,Not Verified,debt_consolidation,NV,15.87,1.0,640.0,644.0,1.0,86.8,7.0,Individual,6,High Risk,Manual Review
352232,15000.0, 36 months,16.96,F,F4,4 years,RENT,184000.0,Verified,credit_card,MA,12.76,0.0,645.0,649.0,0.0,99.2,23.0,Individual,6,High Risk,Manual Review
352207,6725.0, 36 months,15.7,E,E5,3 years,RENT,34500.0,Not Verified,debt_consolidation,RI,8.7,0.0,645.0,649.0,4.0,91.2,28.0,Individual,6,High Risk,Manual Review
352042,8800.0, 36 months,15.38,E,E4,2 years,RENT,34500.0,Verified,debt_consolidation,FL,7.86,0.0,645.0,649.0,1.0,73.7,15.0,Individual,5,High Risk,Manual Review
351773,7500.0, 36 months,16.65,F,F3,2 years,OTHER,50000.0,Verified,home_improvement,TX,20.93,0.0,640.0,644.0,3.0,56.3,49.0,Individual,5,High Risk,Manual Review
351685,4800.0, 36 months,15.07,E,E3,9 years,RENT,35000.0,Not Verified,car,FL,17.47,0.0,640.0,644.0,3.0,77.5,12.0,Individual,5,High Risk,Manual Review
351616,7500.0, 36 months,15.07,E,E3,10+ years,MORTGAGE,120000.0,Not Verified,other,TX,14.84,4.0,650.0,654.0,2.0,82.5,40.0,Individual,5,High Risk,Manual Review
351285,3000.0, 36 months,14.18,E,E1,1 year,RENT,22000.0,Not Verified,debt_consolidation,FL,15.44,2.0,645.0,649.0,1.0,66.2,9.0,Individual,5,High Risk,Manual Review
55521,1000.0, 36 months,16.08,F,F2,< 1 year,RENT,30000.0,Not Verified,debt_consolidation,IL,23.84,0.0,640.0,644.0,1.0,90.4,15.0,Individual,6,High Risk,Manual Review
349800,7500.0, 36 months,15.13,E,E4,< 1 year,RENT,75000.0,Not Verified,home_improvement,SC,17.76,0.0,645.0,649.0,0.0,70.1,31.0,Individual,5,High Risk,Manual Review
349251,1600.0, 36 months,18.61,G,G5,3 years,MORTGAGE,124200.0,Not Verified,other,CO,28.29,0.0,640.0,644.0,0.0,98.1,38.0,Individual,6,High Risk,Manual Review
348379,2000.0, 36 months,15.45,E,E5,3 years,RENT,49000.0,Not Verified,debt_consolidation,NY,17.85,2.0,640.0,644.0,1.0,4.3,20.0,Individual,6,High Risk,Manual Review
348202,1800.0, 36 months,14.82,E,E3,1 year,RENT,60000.0,Not Verified,debt_consolidation,MD,21.86,0.0,645.0,649.0,3.0,89.2,16.0,Individual,5,High Risk,Manual Review
348070,6700.0, 36 months,18.61,G,G5,2 years,MORTGAGE,137500.0,Not Verified,wedding,MD,28.26,0.0,640.0,644.0,3.0,88.3,50.0,Individual,6,High Risk,Manual Review
347277,7500.0, 36 months,15.13,E,E4,10+ years,RENT,59004.0,Not Verified,debt_consolidation,IL,17.59,0.0,645.0,649.0,3.0,79.0,12.0,Individual,5,High Risk,Manual Review
347306,4000.0, 36 months,14.82,E,E3,2 years,RENT,24996.0,Not Verified,wedding,CO,3.55,0.0,640.0,644.0,3.0,88.4,3.0,Individual,5,High Risk,Manual Review
345715,6000.0, 36 months,14.82,E,E3,< 1 year,RENT,70000.0,Not Verified,debt_consolidation,CT,12.65,0.0,640.0,644.0,1.0,89.5,34.0,Individual,5,High Risk,Manual Review
56413,7000.0, 36 months,16.08,F,F2,10+ years,MORTGAGE,189500.0,Verified,debt_consolidation,CA,22.47,0.0,645.0,649.0,4.0,92.3,31.0,Individual,6,High Risk,Manual Review
344180,1200.0, 36 months,15.13,E,E4,7 years,OWN,40000.0,Not Verified,other,GA,24.81,1.0,655.0,659.0,5.0,85.8,13.0,Individual,5,High Risk,Manual Review
340769,4000.0, 36 months,17.34,G,G1,< 1 year,RENT,30000.0,Not Verified,debt_consolidation,NJ,28.56,1.0,665.0,669.0,5.0,82.1,13.0,Individual,5,High Risk,Manual Review
340389,5000.0, 36 months,14.82,E,E3,10+ years,RENT,52000.0,Not Verified,home_improvement,MO,14.17,2.0,640.0,644.0,1.0,43.5,18.0,Individual,5,High Risk,Manual Review
338831,6250.0, 36 months,18.61,G,G5,3 years,MORTGAGE,60000.0,Verified,home_improvement,OH,26.08,0.0,640.0,644.0,1.0,83.1,38.0,Individual,6,High Risk,Manual Review
338352,7675.0, 36 months,15.13,E,E4,9 years,MORTGAGE,140000.0,Verified,other,TX,18.08,0.0,645.0,649.0,0.0,76.7,22.0,Individual,5,High Risk,Manual Review
333929,5000.0, 36 months,17.34,G,G1,< 1 year,RENT,35000.0,Not Verified,debt_consolidation,GA,26.78,1.0,650.0,654.0,5.0,92.7,27.0,Individual,5,High Risk,Manual Review
333790,9250.0, 36 months,17.66,G,G2,< 1 year,MORTGAGE,50000.0,Not Verified,home_improvement,SC,24.46,0.0,645.0,649.0,0.0,70.6,30.0,Individual,5,High Risk,Manual Review
330768,9850.0, 36 months,14.82,E,E3,< 1 year,MORTGAGE,55176.0,Not Verified,debt_consolidation,FL,10.4,3.0,645.0,649.0,1.0,67.1,22.0,Individual,5,High Risk,Manual Review
322713,5000.0, 36 months,18.29,G,G4,4 years,MORTGAGE,60000.0,Not Verified,credit_card,NJ,27.14,0.0,640.0,644.0,1.0,85.1,31.0,Individual,6,High Risk,Manual Review
322143,4200.0, 36 months,14.18,E,E1,10+ years,MORTGAGE,33000.0,Not Verified,debt_consolidation,CA,9.2,1.0,645.0,649.0,1.0,96.6,17.0,Individual,6,High Risk,Manual Review
321493,7000.0, 36 months,14.82,E,E3,2 years,MORTGAGE,42000.0,Not Verified,other,FL,11.14,0.0,640.0,644.0,1.0,80.1,13.0,Individual,5,High Risk,Manual Review
300502,11400.0, 36 months,15.45,E,E5,< 1 year,RENT,35000.0,Not Verified,debt_consolidation,CA,13.89,0.0,645.0,649.0,3.0,35.3,12.0,Individual,5,High Risk,Manual Review
321037,8000.0, 36 months,18.61,G,G5,4 years,RENT,220000.0,Verified,other,CA,6.87,11.0,645.0,649.0,0.0,5.0,29.0,Individual,6,High Risk,Manual Review
318949,600.0, 36 months,17.66,G,G2,1 year,OTHER,23826.0,Not Verified,other,WA,26.89,0.0,640.0,644.0,2.0,99.0,5.0,Individual,6,High Risk,Manual Review
290580,18875.0, 36 months,18.61,G,G5,10+ years,MORTGAGE,225000.0,Verified,other,CT,16.47,1.0,640.0,644.0,4.0,72.0,33.0,Individual,6,High Risk,Manual Review
314950,10000.0, 36 months,14.82,E,E3,2 years,OTHER,100000.0,Not Verified,credit_card,CA,9.73,0.0,645.0,649.0,1.0,95.7,16.0,Individual,5,High Risk,Manual Review
316361,3250.0, 36 months,17.66,G,G2,10+ years,MORTGAGE,44000.0,Not Verified,medical,MI,26.84,1.0,645.0,649.0,4.0,97.6,31.0,Individual,7,High Risk,Manual Review
297303,5875.0, 36 months,18.61,G,G5,1 year,RENT,48000.0,Not Verified,debt_consolidation,OK,27.33,0.0,640.0,644.0,3.0,75.8,16.0,Individual,5,High Risk,Manual Review
309124,2000.0, 36 months,14.18,E,E1,2 years,RENT,36000.0,Not Verified,credit_card,NY,17.17,0.0,645.0,649.0,3.0,84.4,5.0,Individual,5,High Risk,Manual Review
303615,10000.0, 36 months,15.45,E,E5,10+ years,RENT,60780.0,Verified,debt_consolidation,CA,15.1,0.0,640.0,644.0,3.0,54.3,18.0,Individual,5,High Risk,Manual Review
303279,8000.0, 36 months,15.13,E,E4,6 years,RENT,98000.0,Verified,debt_consolidation,CA,6.73,0.0,640.0,644.0,0.0,60.2,16.0,Individual,5,High Risk,Manual Review
302994,10475.0, 36 months,16.71,F,F4,5 years,RENT,43000.0,Not Verified,debt_consolidation,MI,22.55,0.0,640.0,644.0,2.0,84.9,18.0,Individual,6,High Risk,Manual Review
294592,6000.0, 36 months,14.82,E,E3,2 years,RENT,42000.0,Verified,debt_consolidation,NJ,13.34,0.0,645.0,649.0,3.0,94.9,14.0,Individual,5,High Risk,Manual Review
287663,3000.0, 36 months,17.66,G,G2,7 years,RENT,45000.0,Not Verified,debt_consolidation,CA,26.77,0.0,645.0,649.0,1.0,53.1,26.0,Individual,5,High Risk,Manual Review
297495,5000.0, 36 months,14.18,E,E1,3 years,RENT,43000.0,Not Verified,debt_consolidation,WI,10.38,0.0,645.0,649.0,1.0,89.0,22.0,Individual,5,High Risk,Manual Review
296770,7000.0, 36 months,16.08,F,F2,2 years,OTHER,63000.0,Not Verified,debt_consolidation,CA,22.74,1.0,645.0,649.0,0.0,77.7,26.0,Individual,6,High Risk,Manual Review
295372,8000.0, 36 months,16.08,F,F2,10+ years,MORTGAGE,92500.0,Not Verified,debt_consolidation,NM,21.91,0.0,645.0,649.0,3.0,94.0,30.0,Individual,6,High Risk,Manual Review
295160,2050.0, 36 months,14.5,E,E2,< 1 year,OTHER,10000.0,Not Verified,other,CA,13.8,0.0,640.0,644.0,2.0,91.1,5.0,Individual,5,High Risk,Manual Review
295034,5000.0, 36 months,14.5,E,E2,10+ years,MORTGAGE,89500.0,Not Verified,debt_consolidation,MD,16.57,0.0,645.0,649.0,0.0,80.8,41.0,Individual,5,High Risk,Manual Review
293410,8600.0, 36 months,14.82,E,E3,1 year,RENT,42600.0,Not Verified,debt_consolidation,PA,4.54,0.0,645.0,649.0,2.0,97.2,5.0,Individual,5,High Risk,Manual Review
294163,8400.0, 36 months,15.45,E,E5,< 1 year,RENT,85000.0,Not Verified,debt_consolidation,MD,15.71,2.0,640.0,644.0,3.0,99.2,39.0,Individual,7,High Risk,Manual Review
289374,7200.0, 36 months,14.82,E,E3,6 years,RENT,54000.0,Not Verified,debt_consolidation,CA,9.67,1.0,645.0,649.0,1.0,80.1,11.0,Individual,6,High Risk,Manual Review
286760,3200.0, 36 months,15.45,E,E5,2 years,RENT,50000.0,Not Verified,credit_card,TN,22.92,1.0,640.0,644.0,3.0,71.3,24.0,Individual,6,High Risk,Manual Review
285802,6625.0, 36 months,18.61,G,G5,< 1 year,MORTGAGE,120000.0,Not Verified,credit_card,FL,25.33,0.0,640.0,644.0,2.0,54.4,52.0,Individual,5,High Risk,Manual Review
282745,3575.0, 36 months,15.13,E,E4,2 years,RENT,21500.0,Not Verified,credit_card,FL,21.04,1.0,645.0,649.0,5.0,28.6,15.0,Individual,6,High Risk,Manual Review
281813,5500.0, 36 months,15.45,E,E5,3 years,RENT,46000.0,Not Verified,credit_card,CA,21.23,1.0,645.0,649.0,0.0,96.9,14.0,Individual,7,High Risk,Manual Review
280733,10100.0, 36 months,17.97,G,G3,2 years,RENT,47216.0,Not Verified,debt_consolidation,CA,23.53,1.0,640.0,644.0,1.0,63.9,21.0,Individual,6,High Risk,Manual Review
279784,11200.0, 36 months,15.45,E,E5,2 years,RENT,62004.0,Not Verified,debt_consolidation,GA,14.36,1.0,645.0,649.0,6.0,28.7,26.0,Individual,6,High Risk,Manual Review
277945,18875.0, 36 months,18.29,G,G4,< 1 year,RENT,132396.0,Not Verified,credit_card,VA,11.68,0.0,640.0,644.0,2.0,96.7,29.0,Individual,6,High Risk,Manual Review
277685,8400.0, 36 months,15.76,F,F1,1 year,RENT,50686.02,Not Verified,debt_consolidation,NV,21.24,0.0,645.0,649.0,1.0,79.3,15.0,Individual,5,High Risk,Manual Review
277641,1800.0, 36 months,14.5,E,E2,< 1 year,RENT,30000.0,Not Verified,debt_consolidation,MA,2.84,0.0,640.0,644.0,2.0,84.1,9.0,Individual,5,High Risk,Manual Review
277482,16000.0, 36 months,17.34,G,G1,< 1 year,MORTGAGE,52000.0,Not Verified,credit_card,IL,10.82,0.0,645.0,649.0,8.0,68.3,15.0,Individual,5,High Risk,Manual Review
277479,20825.0, 36 months,18.29,G,G4,5 years,MORTGAGE,76500.0,Not Verified,home_improvement,CA,11.15,0.0,645.0,649.0,7.0,72.9,13.0,Individual,5,High Risk,Manual Review
268165,5500.0, 36 months,15.45,E,E5,< 1 year,MORTGAGE,100000.0,Not Verified,credit_card,CA,22.46,0.0,645.0,649.0,6.0,79.4,57.0,Individual,5,High Risk,Manual Review
267620,8000.0, 36 months,15.45,E,E5,< 1 year,RENT,29000.0,Not Verified,debt_consolidation,PA,15.48,0.0,640.0,644.0,0.0,77.5,15.0,Individual,5,High Risk,Manual Review
267251,15100.0, 36 months,16.71,F,F4,9 years,MORTGAGE,50000.0,Not Verified,debt_consolidation,NV,16.22,0.0,645.0,649.0,3.0,77.8,42.0,Individual,5,High Risk,Manual Review
266681,7000.0, 36 months,15.45,E,E5,< 1 year,RENT,30000.0,Not Verified,debt_consolidation,TX,18.8,0.0,645.0,649.0,2.0,41.0,30.0,Individual,5,High Risk,Manual Review
265986,1200.0, 36 months,14.82,E,E3,< 1 year,OWN,6000.0,Not Verified,educational,PA,3.0,1.0,635.0,639.0,1.0,66.6,3.0,Individual,5,High Risk,Manual Review
264901,5250.0, 36 months,16.4,F,F3,6 years,MORTGAGE,43000.0,Not Verified,medical,TX,22.75,2.0,645.0,649.0,0.0,62.8,24.0,Individual,6,High Risk,Manual Review
262108,18875.0, 36 months,18.29,G,G4,10+ years,MORTGAGE,225000.0,Not Verified,debt_consolidation,MA,12.05,0.0,640.0,644.0,2.0,90.5,33.0,Individual,6,High Risk,Manual Review
261657,15000.0, 36 months,17.03,F,F5,3 years,RENT,100000.0,Not Verified,debt_consolidation,CA,10.85,2.0,640.0,644.0,1.0,76.1,12.0,Individual,6,High Risk,Manual Review
261479,7000.0, 36 months,15.13,E,E4,10+ years,RENT,102000.0,Not Verified,car,CA,5.93,0.0,640.0,644.0,3.0,55.2,18.0,Individual,5,High Risk,Manual Review
258183,10400.0, 36 months,14.82,E,E3,8 years,MORTGAGE,70000.0,Not Verified,debt_consolidation,MA,3.82,4.0,645.0,649.0,0.0,59.6,18.0,Individual,5,High Risk,Manual Review
254262,10000.0, 36 months,15.45,E,E5,4 years,RENT,48000.0,Not Verified,debt_consolidation,KY,13.38,0.0,640.0,644.0,4.0,94.6,8.0,Individual,6,High Risk,Manual Review
254261,5100.0, 36 months,18.29,G,G4,< 1 year,RENT,36000.0,Not Verified,debt_consolidation,NJ,25.67,0.0,640.0,644.0,6.0,60.3,21.0,Individual,5,High Risk,Manual Review
251944,1500.0, 36 months,14.18,E,E1,1 year,OWN,32200.0,Not Verified,other,TX,16.36,1.0,640.0,644.0,0.0,0.0,18.0,Individual,5,High Risk,Manual Review
250536,9600.0, 36 months,15.13,E,E4,2 years,RENT,70000.0,Not Verified,wedding,TX,16.35,0.0,645.0,649.0,3.0,89.9,26.0,Individual,6,High Risk,Manual Review
247569,3575.0, 36 months,17.97,G,G3,10+ years,OWN,34000.0,Not Verified,other,OH,27.42,0.0,645.0,649.0,10.0,25.6,35.0,Individual,5,High Risk,Manual Review
244781,18000.0, 36 months,17.97,G,G3,< 1 year,MORTGAGE,75000.0,Not Verified,other,AL,15.97,0.0,645.0,649.0,2.0,78.4,23.0,Individual,5,High Risk,Manual Review
243665,7500.0, 36 months,15.13,E,E4,1 year,RENT,70000.0,Not Verified,credit_card,NY,15.99,0.0,640.0,644.0,5.0,65.2,15.0,Individual,5,High Risk,Manual Review
243576,1675.0, 36 months,14.18,E,E1,3 years,RENT,28500.0,Not Verified,debt_consolidation,WA,17.47,0.0,640.0,644.0,2.0,94.0,14.0,Individual,5,High Risk,Manual Review
243336,12000.0, 36 months,15.45,E,E5,< 1 year,MORTGAGE,52000.0,Not Verified,home_improvement,FL,9.74,0.0,645.0,649.0,3.0,49.9,34.0,Individual,5,High Risk,Manual Review
242644,8575.0, 36 months,15.76,F,F1,10+ years,RENT,36000.0,Not Verified,small_business,CA,22.53,0.0,645.0,649.0,4.0,18.1,9.0,Individual,5,High Risk,Manual Review
240378,5400.0, 36 months,14.57,E,E3,2 years,RENT,22000.0,Not Verified,debt_consolidation,MA,8.73,1.0,640.0,644.0,0.0,55.2,15.0,Individual,5,High Risk,Manual Review
239308,12000.0, 36 months,15.2,E,E5,< 1 year,RENT,38000.0,Not Verified,debt_consolidation,CA,5.81,0.0,645.0,649.0,2.0,84.4,11.0,Individual,6,High Risk,Manual Review
237917,12325.0, 36 months,18.36,G,G5,10+ years,MORTGAGE,54000.0,Not Verified,debt_consolidation,NV,14.82,2.0,645.0,649.0,3.0,45.4,48.0,Individual,6,High Risk,Manual Review
237087,18875.0, 36 months,18.04,G,G4,1 year,MORTGAGE,85000.0,Not Verified,debt_consolidation,NY,16.28,0.0,645.0,649.0,4.0,62.6,16.0,Individual,5,High Risk,Manual Review
235589,14725.0, 36 months,18.04,G,G4,10+ years,MORTGAGE,82000.0,Not Verified,debt_consolidation,IL,20.96,2.0,655.0,659.0,3.0,98.4,43.0,Individual,5,High Risk,Manual Review
235551,6000.0, 36 months,15.2,E,E5,4 years,RENT,30240.0,Not Verified,debt_consolidation,IL,19.96,0.0,640.0,644.0,1.0,23.9,14.0,Individual,5,High Risk,Manual Review
235292,11325.0, 36 months,15.83,F,F2,1 year,MORTGAGE,51000.0,Not Verified,home_improvement,MI,15.93,0.0,640.0,644.0,3.0,79.6,12.0,Individual,5,High Risk,Manual Review
233702,8000.0, 36 months,14.88,E,E4,1 year,RENT,56004.0,Not Verified,other,NY,5.34,1.0,640.0,644.0,2.0,60.6,12.0,Individual,5,High Risk,Manual Review
233258,8975.0, 36 months,15.2,E,E5,1 year,MORTGAGE,26000.0,Not Verified,debt_consolidation,OH,4.34,0.0,640.0,644.0,8.0,77.4,11.0,Individual,5,High Risk,Manual Review
231993,12000.0, 36 months,15.51,F,F1,9 years,MORTGAGE,40000.0,Not Verified,debt_consolidation,MI,2.4,0.0,640.0,644.0,3.0,85.1,7.0,Individual,6,High Risk,Manual Review
228752,2000.0, 36 months,14.25,E,E2,3 years,RENT,68000.0,Not Verified,major_purchase,NJ,14.45,1.0,640.0,644.0,2.0,65.4,23.0,Individual,5,High Risk,Manual Review
224797,5600.0, 36 months,18.04,G,G4,5 years,OWN,45000.0,Not Verified,home_improvement,AK,25.84,0.0,645.0,649.0,0.0,89.8,17.0,Individual,6,High Risk,Manual Review
222339,12000.0, 36 months,15.51,F,F1,2 years,RENT,62000.0,Not Verified,debt_consolidation,VA,15.38,0.0,645.0,649.0,0.0,70.1,13.0,Individual,5,High Risk,Manual Review
219502,6000.0, 36 months,14.88,E,E4,3 years,RENT,41000.0,Not Verified,debt_consolidation,IL,15.75,1.0,640.0,644.0,4.0,73.7,19.0,Individual,5,High Risk,Manual Review
219493,5000.0, 36 months,14.25,E,E2,3 years,RENT,63000.0,Not Verified,educational,TX,17.22,1.0,645.0,649.0,1.0,24.7,14.0,Individual,5,High Risk,Manual Review
219479,7500.0, 36 months,16.46,F,F4,4 years,RENT,45000.0,Not Verified,credit_card,CA,23.04,1.0,650.0,654.0,0.0,89.8,27.0,Individual,5,High Risk,Manual Review
217940,6000.0, 36 months,15.2,E,E5,10+ years,RENT,36000.0,Not Verified,debt_consolidation,NC,18.53,1.0,640.0,644.0,4.0,76.6,11.0,Individual,6,High Risk,Manual Review
216423,18875.0, 36 months,18.04,G,G4,1 year,MORTGAGE,120000.0,Not Verified,small_business,MD,19.33,1.0,645.0,649.0,3.0,71.7,37.0,Individual,6,High Risk,Manual Review
202069,8175.0, 36 months,15.83,F,F2,2 years,RENT,37000.0,Not Verified,debt_consolidation,KS,22.25,0.0,645.0,649.0,6.0,92.0,14.0,Individual,6,High Risk,Manual Review
198917,17350.0, 36 months,17.41,G,G2,10+ years,RENT,50000.0,Not Verified,debt_consolidation,MD,16.92,0.0,645.0,649.0,8.0,28.8,35.0,Individual,5,High Risk,Manual Review
197214,18500.0, 36 months,17.22,G,G3,5 years,RENT,38000.0,Not Verified,debt_consolidation,CA,9.76,0.0,640.0,644.0,0.0,38.1,22.0,Individual,5,High Risk,Manual Review
189952,6400.0, 36 months,16.59,G,G1,< 1 year,OWN,12000.0,Not Verified,medical,TX,17.1,0.0,630.0,634.0,0.0,97.3,6.0,Individual,6,High Risk,Manual Review
182041,2000.0, 36 months,17.86,G,G5,5 years,MORTGAGE,44400.0,Not Verified,debt_consolidation,GA,28.73,1.0,645.0,649.0,6.0,79.9,34.0,Individual,6,High Risk,Manual Review
177751,11000.0, 36 months,15.33,F,F2,3 years,RENT,30000.0,Not Verified,debt_consolidation,MO,18.52,0.0,645.0,649.0,3.0,72.3,9.0,Individual,5,High Risk,Manual Review
173191,14400.0, 36 months,15.96,F,F4,5 years,MORTGAGE,78000.0,Not Verified,debt_consolidation,NM,13.78,2.0,650.0,654.0,2.0,87.2,14.0,Individual,5,High Risk,Manual Review
169516,4000.0, 36 months,14.7,E,E5,9 years,OWN,27600.0,Not Verified,other,MA,22.61,0.0,640.0,644.0,0.0,97.0,5.0,Individual,5,High Risk,Manual Review
168853,10475.0, 36 months,14.38,E,E4,10+ years,RENT,50400.0,Not Verified,debt_consolidation,NJ,6.69,2.0,645.0,649.0,1.0,35.0,20.0,Individual,5,High Risk,Manual Review
167669,4200.0, 36 months,13.43,E,E1,1 year,MORTGAGE,30000.0,Not Verified,debt_consolidation,NY,13.16,0.0,645.0,649.0,3.0,86.1,21.0,Individual,5,High Risk,Manual Review
156969,10475.0, 36 months,14.38,E,E4,3 years,RENT,54000.0,Not Verified,debt_consolidation,NY,4.33,0.0,640.0,644.0,4.0,83.5,6.0,Individual,5,High Risk,Manual Review
156590,10000.0, 36 months,14.38,E,E4,2 years,RENT,15000.0,Not Verified,credit_card,NJ,16.32,0.0,645.0,649.0,5.0,101.5,12.0,Individual,5,High Risk,Manual Review
156210,1000.0, 36 months,16.59,G,G1,2 years,RENT,14200.0,Not Verified,debt_consolidation,GA,27.55,0.0,645.0,649.0,3.0,77.1,20.0,Individual,5,High Risk,Manual Review
155218,9700.0, 36 months,15.01,F,F1,10+ years,MORTGAGE,62000.0,Not Verified,credit_card,WI,17.03,3.0,640.0,644.0,4.0,20.2,51.0,Individual,6,High Risk,Manual Review
155169,14000.0, 36 months,15.33,F,F2,2 years,RENT,76000.0,Not Verified,car,AZ,9.49,1.0,650.0,654.0,1.0,80.4,19.0,Individual,5,High Risk,Manual Review
154956,6625.0, 36 months,14.38,E,E4,< 1 year,RENT,45000.0,Not Verified,moving,NC,18.32,0.0,645.0,649.0,0.0,80.6,8.0,Individual,5,High Risk,Manual Review
152561,5000.0, 36 months,13.75,E,E2,< 1 year,RENT,27040.0,Not Verified,other,CO,1.6,0.0,640.0,644.0,1.0,92.5,2.0,Individual,5,High Risk,Manual Review
152104,5000.0, 36 months,13.43,E,E1,3 years,MORTGAGE,98000.0,Not Verified,credit_card,NY,12.53,0.0,645.0,649.0,1.0,97.1,12.0,Individual,5,High Risk,Manual Review
151638,2400.0, 36 months,13.75,E,E2,1 year,RENT,59500.0,Not Verified,other,NJ,18.51,2.0,645.0,649.0,4.0,69.1,23.0,Individual,5,High Risk,Manual Review
151525,2450.0, 36 months,17.86,G,G5,1 year,RENT,55000.0,Not Verified,debt_consolidation,MA,9.62,0.0,610.0,614.0,15.0,119.0,5.0,Individual,6,High Risk,Manual Review
151017,5000.0, 36 months,13.75,E,E2,< 1 year,RENT,16000.0,Not Verified,debt_consolidation,FL,9.45,0.0,640.0,644.0,0.0,93.1,7.0,Individual,5,High Risk,Manual Review
149492,8400.0, 36 months,15.65,F,F3,8 years,RENT,36000.0,Not Verified,other,MD,21.5,0.0,640.0,644.0,3.0,34.2,24.0,Individual,5,High Risk,Manual Review
147086,6625.0, 36 months,14.38,E,E4,< 1 year,RENT,45000.0,Not Verified,debt_consolidation,NJ,15.63,1.0,640.0,644.0,0.0,66.4,13.0,Individual,5,High Risk,Manual Review
145926,10475.0, 36 months,14.38,E,E4,5 years,OWN,76500.0,Not Verified,credit_card,NC,9.98,0.0,640.0,644.0,6.0,101.4,16.0,Individual,5,High Risk,Manual Review
143728,2825.0, 36 months,16.28,F,F5,2 years,RENT,60000.0,Not Verified,debt_consolidation,FL,4.22,0.0,620.0,624.0,10.0,64.5,7.0,Individual,5,High Risk,Manual Review
143602,3600.0, 36 months,14.38,E,E4,9 years,RENT,31500.0,Not Verified,debt_consolidation,FL,18.51,0.0,640.0,644.0,2.0,96.6,9.0,Individual,5,High Risk,Manual Review
139480,4350.0, 36 months,14.38,E,E4,< 1 year,MORTGAGE,19000.0,Not Verified,debt_consolidation,NJ,13.45,0.0,640.0,644.0,3.0,105.3,8.0,Individual,5,High Risk,Manual Review
139079,6000.0, 36 months,14.07,E,E3,4 years,MORTGAGE,36000.0,Not Verified,other,FL,0.0,2.0,645.0,649.0,0.0,0.0,15.0,Individual,5,High Risk,Manual Review
137757,10475.0, 36 months,17.54,G,G4,5 years,RENT,31000.0,Not Verified,debt_consolidation,MO,22.37,0.0,640.0,644.0,4.0,82.4,15.0,Individual,6,High Risk,Manual Review
136266,5000.0, 36 months,13.75,E,E2,2 years,RENT,20000.0,Not Verified,debt_consolidation,AL,0.6,1.0,640.0,644.0,18.0,11.0,3.0,Individual,5,High Risk,Manual Review
135924,16225.0, 36 months,17.54,G,G4,1 year,MORTGAGE,54000.0,Not Verified,small_business,MO,9.98,0.0,640.0,644.0,0.0,60.8,24.0,Individual,5,High Risk,Manual Review
135140,9600.0, 36 months,15.01,F,F1,6 years,RENT,90000.0,Not Verified,debt_consolidation,NY,15.33,2.0,650.0,654.0,10.0,80.7,48.0,Individual,5,High Risk,Manual Review
135138,4200.0, 36 months,15.01,F,F1,6 years,RENT,65000.0,Not Verified,other,NY,10.69,1.0,645.0,649.0,10.0,9.8,48.0,Individual,6,High Risk,Manual Review
133891,4400.0, 36 months,17.86,G,G5,9 years,MORTGAGE,125000.0,Not Verified,debt_consolidation,KS,25.77,1.0,660.0,664.0,0.0,96.2,37.0,Individual,5,High Risk,Manual Review
132060,8550.0, 36 months,17.22,G,G3,1 year,RENT,60000.0,Not Verified,small_business,FL,8.84,0.0,640.0,644.0,4.0,79.0,6.0,Individual,5,High Risk,Manual Review
131143,4900.0, 36 months,13.75,E,E2,4 years,RENT,43500.0,Not Verified,debt_consolidation,FL,3.01,0.0,645.0,649.0,2.0,90.1,5.0,Individual,5,High Risk,Manual Review
130899,12000.0, 36 months,15.96,F,F4,2 years,RENT,80000.0,Not Verified,educational,GA,4.61,0.0,645.0,649.0,12.0,82.7,3.0,Individual,6,High Risk,Manual Review
130738,5100.0, 36 months,17.86,G,G5,2 years,MORTGAGE,60000.0,Not Verified,debt_consolidation,GA,5.3,0.0,615.0,619.0,4.0,95.4,4.0,Individual,6,High Risk,Manual Review
130510,5100.0, 36 months,17.54,G,G4,< 1 year,MORTGAGE,26700.0,Not Verified,credit_card,GA,13.44,0.0,625.0,629.0,0.0,71.4,5.0,Individual,5,High Risk,Manual Review
130056,10000.0, 36 months,14.67,E,E5,2 years,RENT,66300.0,Not Verified,home_improvement,MA,0.76,3.0,645.0,649.0,1.0,15.2,15.0,Individual,5,High Risk,Manual Review
129131,15000.0, 36 months,17.54,G,G4,2 years,RENT,65000.0,Not Verified,other,MD,10.01,0.0,645.0,649.0,0.0,94.5,14.0,Individual,6,High Risk,Manual Review
128914,4375.0, 36 months,15.01,F,F1,< 1 year,RENT,65000.0,Not Verified,educational,NY,5.48,0.0,640.0,644.0,6.0,73.8,25.0,Individual,5,High Risk,Manual Review
128817,8500.0, 36 months,17.22,G,G3,< 1 year,OWN,28000.0,Not Verified,debt_consolidation,MO,22.93,0.0,640.0,644.0,4.0,89.5,15.0,Individual,6,High Risk,Manual Review
128237,8600.0, 36 months,16.28,F,F5,4 years,RENT,56000.0,Not Verified,debt_consolidation,FL,11.38,2.0,665.0,669.0,4.0,98.1,26.0,Individual,5,High Risk,Manual Review
127761,12500.0, 36 months,16.28,F,F5,< 1 year,RENT,90000.0,Not Verified,debt_consolidation,UT,1.31,2.0,640.0,644.0,2.0,56.7,29.0,Individual,6,High Risk,Manual Review
127496,6000.0, 36 months,14.7,E,E5,1 year,RENT,78000.0,Not Verified,debt_consolidation,MD,10.23,0.0,640.0,644.0,0.0,93.7,6.0,Individual,5,High Risk,Manual Review
127489,2400.0, 36 months,15.96,F,F4,10+ years,RENT,23000.0,Not Verified,home_improvement,MO,15.86,0.0,630.0,634.0,2.0,77.0,3.0,Individual,5,High Risk,Manual Review
126982,5000.0, 36 months,13.75,E,E2,3 years,RENT,20000.0,Not Verified,debt_consolidation,NY,0.0,1.0,645.0,649.0,1.0,0.0,1.0,Individual,5,High Risk,Manual Review
126852,10475.0, 36 months,15.33,F,F2,3 years,RENT,40000.0,Not Verified,debt_consolidation,NJ,11.76,0.0,645.0,649.0,2.0,66.3,13.0,Individual,5,High Risk,Manual Review
125817,10475.0, 36 months,15.33,F,F2,< 1 year,RENT,27000.0,Not Verified,debt_consolidation,NJ,13.02,0.0,645.0,649.0,0.0,87.4,13.0,Individual,6,High Risk,Manual Review
124260,3000.0, 36 months,13.75,E,E2,8 years,OWN,7062.0,Not Verified,educational,FL,2.38,1.0,640.0,644.0,0.0,93.8,12.0,Individual,6,High Risk,Manual Review
123855,1800.0, 36 months,14.07,E,E3,1 year,RENT,10192.0,Not Verified,credit_card,IN,5.06,0.0,635.0,639.0,1.0,97.5,4.0,Individual,5,High Risk,Manual Review
123688,1800.0, 36 months,17.22,G,G3,1 year,RENT,1896.0,Not Verified,debt_consolidation,AZ,18.99,0.0,640.0,644.0,0.0,87.7,3.0,Individual,6,High Risk,Manual Review
123299,11625.0, 36 months,15.01,F,F1,1 year,RENT,32500.0,Not Verified,small_business,NY,0.74,0.0,645.0,649.0,4.0,63.5,2.0,Individual,5,High Risk,Manual Review
123133,11050.0, 36 months,15.96,F,F4,3 years,RENT,27716.0,Not Verified,debt_consolidation,AZ,12.9,0.0,645.0,649.0,3.0,51.5,15.0,Individual,5,High Risk,Manual Review
119948,3750.0, 36 months,15.65,F,F3,5 years,MORTGAGE,7280.0,Not Verified,moving,IL,17.31,0.0,640.0,644.0,1.0,,4.0,Individual,5,High Risk,Manual Review
119071,5000.0, 36 months,14.7,E,E5,6 years,MORTGAGE,50000.0,Not Verified,credit_card,NE,15.14,0.0,645.0,649.0,0.0,82.9,24.0,Individual,5,High Risk,Manual Review
118872,8950.0, 36 months,16.91,G,G2,3 years,MORTGAGE,70000.0,Not Verified,debt_consolidation,FL,1.35,0.0,635.0,639.0,1.0,81.6,5.0,Individual,6,High Risk,Manual Review
114469,13000.0, 36 months,17.22,G,G3,1 year,RENT,32000.0,Not Verified,other,FL,15.98,0.0,640.0,644.0,1.0,79.8,7.0,Individual,5,High Risk,Manual Review
114408,8000.0, 36 months,16.91,G,G2,10+ years,OWN,60000.0,Not Verified,credit_card,FL,20.22,0.0,645.0,649.0,1.0,99.3,23.0,Individual,6,High Risk,Manual Review
114333,10000.0, 36 months,15.01,F,F1,< 1 year,RENT,50000.0,Not Verified,credit_card,NY,7.75,0.0,645.0,649.0,1.0,83.3,12.0,Individual,6,High Risk,Manual Review
113231,5000.0, 36 months,14.07,E,E3,2 years,MORTGAGE,45000.0,Not Verified,debt_consolidation,FL,0.53,13.0,640.0,644.0,6.0,41.0,21.0,Individual,5,High Risk,Manual Review
113203,10500.0, 36 months,15.33,F,F2,< 1 year,RENT,62000.0,Not Verified,car,MD,1.72,0.0,640.0,644.0,13.0,95.8,7.0,Individual,6,High Risk,Manual Review
108473,1200.0, 36 months,17.54,G,G4,< 1 year,RENT,9600.0,Not Verified,educational,GA,8.38,1.0,610.0,614.0,0.0,47.6,3.0,Individual,6,High Risk,Manual Review
106216,2000.0, 36 months,14.38,E,E4,< 1 year,RENT,40000.0,Not Verified,other,FL,15.57,0.0,640.0,644.0,0.0,86.6,3.0,Individual,5,High Risk,Manual Review
104634,9000.0, 36 months,15.96,F,F4,< 1 year,MORTGAGE,20000.0,Not Verified,debt_consolidation,GA,15.66,0.0,640.0,644.0,1.0,22.0,14.0,Individual,5,High Risk,Manual Review
104530,1250.0, 36 months,14.38,E,E4,< 1 year,RENT,10000.0,Not Verified,credit_card,MA,5.64,0.0,630.0,634.0,1.0,105.7,2.0,Individual,5,High Risk,Manual Review
98360,2600.0, 36 months,14.38,E,E4,10+ years,OWN,42000.0,Not Verified,other,IN,16.91,4.0,640.0,644.0,18.0,52.4,28.0,Individual,5,High Risk,Manual Review
103756805,11625.0, 36 months,23.99,E,E2,10+ years,MORTGAGE,35600.0,Source Verified,debt_consolidation,NE,32.64,1.0,700.0,704.0,1.0,41.9,37.0,Individual,6,High Risk,Manual Review
103753127,7000.0, 36 months,28.69,F,F1,1 year,RENT,35000.0,Verified,debt_consolidation,MO,51.92,0.0,660.0,664.0,1.0,54.9,32.0,Joint App,5,High Risk,Manual Review
102467268,30075.0, 60 months,22.74,E,E1,9 years,RENT,86750.0,Not Verified,debt_consolidation,TX,34.99,0.0,710.0,714.0,0.0,60.4,23.0,Individual,5,High Risk,Manual Review
103821549,16000.0, 60 months,16.99,D,D1,< 1 year,RENT,100000.0,Source Verified,debt_consolidation,PA,33.59,1.0,660.0,664.0,0.0,94.2,27.0,Individual,5,High Risk,Manual Review
103476084,16000.0, 60 months,29.99,F,F3,10+ years,RENT,41600.0,Verified,debt_consolidation,GA,41.4,0.0,665.0,669.0,1.0,73.2,29.0,Joint App,5,High Risk,Manual Review
104042499,14000.0, 60 months,23.99,E,E2,5 years,RENT,35000.0,Source Verified,credit_card,OH,31.1,0.0,685.0,689.0,0.0,78.0,32.0,Individual,5,High Risk,Manual Review
103447959,35000.0, 60 months,30.89,G,G3,7 years,MORTGAGE,50200.0,Verified,debt_consolidation,OH,48.15,0.0,675.0,679.0,1.0,78.0,39.0,Joint App,5,High Risk,Manual Review
103518799,5400.0, 36 months,25.49,E,E4,,MORTGAGE,18000.0,Verified,debt_consolidation,RI,32.53,0.0,710.0,714.0,2.0,40.0,23.0,Individual,5,High Risk,Manual Review
103841775,7500.0, 36 months,22.74,E,E1,2 years,RENT,28880.0,Not Verified,debt_consolidation,CA,32.75,0.0,745.0,749.0,0.0,26.7,22.0,Individual,5,High Risk,Manual Review
103861175,16800.0, 60 months,30.74,F,F5,10+ years,MORTGAGE,130000.0,Source Verified,debt_consolidation,VA,29.28,1.0,660.0,664.0,0.0,83.1,45.0,Individual,5,High Risk,Manual Review
102666991,6025.0, 36 months,15.99,C,C5,,MORTGAGE,43000.0,Verified,other,MA,35.31,1.0,665.0,669.0,0.0,81.4,27.0,Joint App,5,High Risk,Manual Review
103367141,12000.0, 36 months,24.74,E,E3,2 years,MORTGAGE,38400.0,Verified,debt_consolidation,MS,32.16,0.0,710.0,714.0,0.0,38.0,15.0,Individual,5,High Risk,Manual Review
103388190,4750.0, 36 months,22.74,E,E1,,RENT,14000.0,Verified,vacation,IN,33.7,0.0,680.0,684.0,0.0,29.2,7.0,Individual,5,High Risk,Manual Review
103618636,24225.0, 36 months,30.79,G,G1,10+ years,RENT,63000.0,Verified,small_business,NY,26.69,4.0,660.0,664.0,0.0,80.6,19.0,Individual,5,High Risk,Manual Review
104011604,8000.0, 36 months,28.69,F,F1,< 1 year,RENT,50000.0,Verified,debt_consolidation,TX,30.07,3.0,660.0,664.0,3.0,25.0,20.0,Individual,6,High Risk,Manual Review
103517349,18000.0, 60 months,28.69,F,F1,10+ years,RENT,60133.0,Source Verified,debt_consolidation,CA,30.17,0.0,670.0,674.0,2.0,51.4,23.0,Individual,5,High Risk,Manual Review
104013137,23250.0, 60 months,29.49,F,F2,9 years,MORTGAGE,72000.0,Not Verified,debt_consolidation,CA,30.88,0.0,720.0,724.0,1.0,54.8,25.0,Individual,5,High Risk,Manual Review
103755793,12000.0, 60 months,28.69,F,F1,10+ years,RENT,31000.0,Verified,house,PA,31.94,1.0,670.0,674.0,1.0,35.4,27.0,Individual,6,High Risk,Manual Review
101322463,16550.0, 60 months,22.74,E,E1,10+ years,OWN,45500.0,Verified,debt_consolidation,NM,30.47,0.0,685.0,689.0,0.0,70.2,20.0,Individual,5,High Risk,Manual Review
103448298,11125.0, 36 months,24.74,E,E3,10+ years,RENT,60000.0,Source Verified,debt_consolidation,NV,32.32,2.0,675.0,679.0,4.0,43.0,17.0,Individual,6,High Risk,Manual Review
103238554,21900.0, 36 months,23.99,E,E2,,RENT,71904.0,Verified,debt_consolidation,MD,32.77,0.0,670.0,674.0,0.0,50.0,31.0,Individual,5,High Risk,Manual Review
102824586,6675.0, 36 months,22.74,E,E1,9 years,RENT,35000.0,Source Verified,debt_consolidation,MA,34.57,0.0,720.0,724.0,0.0,46.8,8.0,Individual,5,High Risk,Manual Review
102324952,16500.0, 36 months,23.99,E,E2,9 years,RENT,45000.0,Verified,debt_consolidation,TN,30.93,0.0,665.0,669.0,0.0,39.5,21.0,Individual,5,High Risk,Manual Review
102947694,30000.0, 36 months,22.74,E,E1,< 1 year,MORTGAGE,135000.0,Source Verified,debt_consolidation,KY,32.7,0.0,660.0,664.0,1.0,58.5,57.0,Joint App,5,High Risk,Manual Review
102648664,38325.0, 60 months,25.49,E,E4,1 year,MORTGAGE,44000.0,Verified,debt_consolidation,IL,55.76,0.0,690.0,694.0,0.0,70.8,15.0,Joint App,5,High Risk,Manual Review
103478657,6000.0, 36 months,24.74,E,E3,2 years,RENT,17000.0,Verified,debt_consolidation,AR,36.94,0.0,665.0,669.0,1.0,33.1,12.0,Joint App,5,High Risk,Manual Review
102216721,15000.0, 60 months,23.99,E,E2,10+ years,MORTGAGE,73000.0,Not Verified,home_improvement,MD,32.14,0.0,665.0,669.0,0.0,74.7,23.0,Individual,5,High Risk,Manual Review
103537840,14000.0, 60 months,30.79,G,G1,10+ years,MORTGAGE,100000.0,Verified,debt_consolidation,VA,32.09,0.0,700.0,704.0,0.0,92.6,41.0,Individual,6,High Risk,Manual Review
103754982,35000.0, 60 months,26.24,E,E5,10+ years,RENT,150000.0,Verified,debt_consolidation,FL,23.86,2.0,665.0,669.0,0.0,87.3,18.0,Individual,5,High Risk,Manual Review
103210926,6000.0, 36 months,22.74,E,E1,3 years,MORTGAGE,42000.0,Verified,credit_card,IL,46.46,0.0,660.0,664.0,2.0,71.6,40.0,Joint App,5,High Risk,Manual Review
103498003,7800.0, 36 months,28.69,F,F1,< 1 year,OWN,15600.0,Source Verified,debt_consolidation,PA,33.15,0.0,740.0,744.0,3.0,47.4,9.0,Individual,5,High Risk,Manual Review
103618524,10350.0, 36 months,23.99,E,E2,10+ years,MORTGAGE,54000.0,Source Verified,debt_consolidation,CA,31.2,0.0,730.0,734.0,1.0,39.6,23.0,Individual,5,High Risk,Manual Review
103258372,23925.0, 36 months,24.74,E,E3,10+ years,RENT,57000.0,Verified,debt_consolidation,WA,31.33,0.0,675.0,679.0,0.0,80.5,19.0,Individual,6,High Risk,Manual Review
103447841,30000.0, 60 months,25.49,E,E4,10+ years,MORTGAGE,95000.0,Not Verified,credit_card,VA,33.26,0.0,695.0,699.0,0.0,53.5,18.0,Individual,5,High Risk,Manual Review
103327182,35000.0, 36 months,25.49,E,E4,7 years,MORTGAGE,38500.0,Source Verified,debt_consolidation,TX,45.92,0.0,685.0,689.0,0.0,80.6,14.0,Joint App,6,High Risk,Manual Review
103557579,8500.0, 36 months,24.74,E,E3,10+ years,RENT,36000.0,Source Verified,debt_consolidation,MN,34.8,0.0,685.0,689.0,0.0,65.4,24.0,Individual,5,High Risk,Manual Review
102905593,15550.0, 60 months,26.24,E,E5,,MORTGAGE,33816.0,Not Verified,debt_consolidation,TX,31.37,0.0,705.0,709.0,0.0,49.3,23.0,Individual,5,High Risk,Manual Review
103738152,9300.0, 36 months,25.49,E,E4,10+ years,RENT,47000.0,Verified,other,PA,33.22,0.0,660.0,664.0,0.0,52.1,17.0,Individual,5,High Risk,Manual Review
99798433,13200.0, 60 months,26.24,E,E5,10+ years,RENT,33000.0,Verified,debt_consolidation,NY,30.36,0.0,680.0,684.0,2.0,37.4,8.0,Individual,5,High Risk,Manual Review
103247246,30000.0, 36 months,23.99,E,E2,10+ years,RENT,87413.0,Source Verified,debt_consolidation,NV,33.94,0.0,685.0,689.0,1.0,54.1,33.0,Individual,5,High Risk,Manual Review
102516037,25550.0, 36 months,17.99,D,D2,5 years,MORTGAGE,87000.0,Verified,debt_consolidation,AR,32.83,1.0,685.0,689.0,0.0,87.5,14.0,Individual,5,High Risk,Manual Review
103247540,16000.0, 36 months,23.99,E,E2,10+ years,RENT,120000.0,Source Verified,other,NY,34.41,1.0,675.0,679.0,0.0,86.8,24.0,Individual,7,High Risk,Manual Review
103677718,2500.0, 36 months,24.74,E,E3,,RENT,76000.0,Verified,home_improvement,NY,32.15,0.0,665.0,669.0,1.0,49.1,18.0,Individual,5,High Risk,Manual Review
103667760,4500.0, 36 months,23.99,E,E2,10+ years,MORTGAGE,95000.0,Not Verified,credit_card,MD,34.7,0.0,700.0,704.0,0.0,85.7,20.0,Individual,6,High Risk,Manual Review
103257865,24000.0, 60 months,28.69,F,F1,1 year,RENT,75000.0,Source Verified,debt_consolidation,NY,30.32,0.0,705.0,709.0,1.0,19.2,19.0,Individual,5,High Risk,Manual Review
102955385,35000.0, 36 months,25.49,E,E4,5 years,MORTGAGE,65000.0,Source Verified,debt_consolidation,IN,53.68,0.0,700.0,704.0,4.0,45.9,57.0,Joint App,5,High Risk,Manual Review
103487642,25200.0, 60 months,23.99,E,E2,10+ years,OWN,72000.0,Not Verified,car,WA,30.95,0.0,690.0,694.0,0.0,64.5,26.0,Individual,5,High Risk,Manual Review
101139119,25000.0, 60 months,30.74,F,F5,3 years,MORTGAGE,90000.0,Source Verified,debt_consolidation,ND,18.07,1.0,665.0,669.0,1.0,99.1,18.0,Individual,5,High Risk,Manual Review
103127612,11675.0, 36 months,17.99,D,D2,10+ years,MORTGAGE,60000.0,Source Verified,debt_consolidation,CO,32.88,2.0,660.0,664.0,0.0,89.9,22.0,Individual,5,High Risk,Manual Review
101537366,5775.0, 36 months,26.24,E,E5,,RENT,9061.0,Verified,debt_consolidation,CA,39.43,0.0,715.0,719.0,0.0,18.2,12.0,Joint App,5,High Risk,Manual Review
102325761,15250.0, 60 months,16.99,D,D1,,OWN,36312.0,Verified,credit_card,NY,32.36,2.0,670.0,674.0,0.0,97.7,9.0,Individual,5,High Risk,Manual Review
102627688,11825.0, 60 months,26.24,E,E5,6 years,MORTGAGE,37000.0,Source Verified,credit_card,MI,34.3,0.0,670.0,674.0,0.0,84.9,23.0,Individual,6,High Risk,Manual Review
103507293,30000.0, 60 months,23.99,E,E2,10+ years,MORTGAGE,140000.0,Source Verified,debt_consolidation,VA,12.77,2.0,670.0,674.0,0.0,82.2,20.0,Individual,5,High Risk,Manual Review
102955314,15000.0, 36 months,22.74,E,E1,,MORTGAGE,45000.0,Verified,home_improvement,TN,31.28,0.0,695.0,699.0,1.0,70.8,31.0,Individual,5,High Risk,Manual Review
103738205,3000.0, 36 months,23.99,E,E2,10+ years,MORTGAGE,70200.0,Source Verified,medical,PA,31.44,1.0,690.0,694.0,3.0,84.4,21.0,Individual,7,High Risk,Manual Review
103238333,14700.0, 60 months,28.69,F,F1,1 year,RENT,35000.0,Source Verified,credit_card,CA,30.35,0.0,665.0,669.0,1.0,81.3,17.0,Individual,6,High Risk,Manual Review
102096099,20725.0, 60 months,30.74,F,F5,8 years,MORTGAGE,79200.0,Source Verified,debt_consolidation,CO,34.64,0.0,680.0,684.0,0.0,87.7,35.0,Individual,6,High Risk,Manual Review
103228526,9100.0, 36 months,30.49,F,F4,6 years,MORTGAGE,57540.0,Verified,other,FL,31.37,0.0,720.0,724.0,1.0,32.9,10.0,Individual,5,High Risk,Manual Review
102674495,23000.0, 60 months,26.24,E,E5,10+ years,RENT,50000.0,Source Verified,debt_consolidation,MI,34.11,0.0,720.0,724.0,0.0,59.7,20.0,Individual,5,High Risk,Manual Review
102663105,2000.0, 36 months,19.99,D,D4,2 years,RENT,45000.0,Verified,debt_consolidation,VA,39.17,1.0,685.0,689.0,1.0,85.9,45.0,Joint App,5,High Risk,Manual Review
102635799,20000.0, 36 months,30.49,F,F4,5 years,MORTGAGE,47000.0,Source Verified,small_business,KY,26.74,1.0,665.0,669.0,0.0,98.4,16.0,Joint App,5,High Risk,Manual Review
102404787,35000.0, 36 months,16.99,D,D1,6 years,RENT,24450.0,Verified,debt_consolidation,WI,127.59,1.0,670.0,674.0,0.0,95.7,21.0,Joint App,5,High Risk,Manual Review
102352450,2200.0, 36 months,22.74,E,E1,< 1 year,RENT,40000.0,Source Verified,other,CO,36.09,1.0,660.0,664.0,0.0,70.0,32.0,Joint App,6,High Risk,Manual Review
102417081,24000.0, 60 months,29.99,F,F3,10+ years,MORTGAGE,68000.0,Source Verified,debt_consolidation,FL,32.32,0.0,660.0,664.0,0.0,62.5,29.0,Individual,5,High Risk,Manual Review
103484354,19000.0, 60 months,28.69,F,F1,2 years,RENT,64000.0,Source Verified,debt_consolidation,NY,29.63,1.0,660.0,664.0,1.0,85.7,32.0,Individual,5,High Risk,Manual Review
102566574,4150.0, 36 months,30.74,F,F5,1 year,MORTGAGE,60000.0,Source Verified,debt_consolidation,TX,33.04,0.0,680.0,684.0,1.0,54.4,23.0,Individual,5,High Risk,Manual Review
103258397,3200.0, 36 months,30.79,G,G1,10+ years,MORTGAGE,54000.0,Source Verified,other,AL,31.33,0.0,700.0,704.0,3.0,41.0,60.0,Individual,5,High Risk,Manual Review
102576852,28350.0, 60 months,22.74,E,E1,6 years,MORTGAGE,120000.0,Not Verified,debt_consolidation,CA,30.46,0.0,670.0,674.0,2.0,44.7,41.0,Individual,5,High Risk,Manual Review
102633816,1500.0, 36 months,16.99,D,D1,2 years,MORTGAGE,33000.0,Source Verified,vacation,MO,59.85,3.0,660.0,664.0,2.0,83.0,23.0,Joint App,5,High Risk,Manual Review
103217815,32000.0, 36 months,24.74,E,E3,10+ years,MORTGAGE,90000.0,Source Verified,debt_consolidation,KY,33.56,0.0,680.0,684.0,0.0,58.5,50.0,Individual,5,High Risk,Manual Review
103471793,20000.0, 60 months,23.99,E,E2,6 years,MORTGAGE,84377.0,Not Verified,debt_consolidation,CO,12.46,3.0,670.0,674.0,2.0,89.1,28.0,Individual,5,High Risk,Manual Review
100131612,18000.0, 60 months,30.94,G,G4,1 year,RENT,55000.0,Verified,debt_consolidation,CA,31.54,0.0,680.0,684.0,1.0,46.7,27.0,Individual,5,High Risk,Manual Review
102663371,15000.0, 60 months,30.49,F,F4,,MORTGAGE,25000.0,Verified,credit_card,CA,101.04,0.0,665.0,669.0,1.0,46.5,41.0,Joint App,5,High Risk,Manual Review
103469394,2500.0, 36 months,24.74,E,E3,7 years,OWN,22000.0,Source Verified,credit_card,NY,31.59,0.0,660.0,664.0,0.0,72.2,26.0,Individual,5,High Risk,Manual Review
102041181,24000.0, 60 months,23.99,E,E2,< 1 year,MORTGAGE,35000.0,Verified,debt_consolidation,OH,31.0,0.0,665.0,669.0,1.0,51.7,19.0,Joint App,5,High Risk,Manual Review
102997637,5000.0, 36 months,25.49,E,E4,10+ years,MORTGAGE,46000.0,Verified,other,AZ,33.71,0.0,685.0,689.0,4.0,30.4,23.0,Individual,5,High Risk,Manual Review
102383567,15750.0, 36 months,23.99,E,E2,10+ years,RENT,42500.0,Verified,debt_consolidation,NJ,34.48,0.0,665.0,669.0,0.0,70.3,22.0,Individual,5,High Risk,Manual Review
102325689,10000.0, 60 months,22.74,E,E1,9 years,MORTGAGE,64600.0,Verified,debt_consolidation,VA,30.19,1.0,675.0,679.0,0.0,59.6,14.0,Individual,6,High Risk,Manual Review
100006466,7000.0, 36 months,30.79,G,G1,7 years,RENT,45500.0,Source Verified,debt_consolidation,OH,30.34,0.0,660.0,664.0,4.0,77.6,30.0,Individual,5,High Risk,Manual Review
103427189,11825.0, 60 months,29.99,F,F3,2 years,RENT,60000.0,Verified,debt_consolidation,CA,30.36,0.0,660.0,664.0,0.0,80.7,14.0,Individual,6,High Risk,Manual Review
102455604,30000.0, 60 months,22.74,E,E1,5 years,MORTGAGE,76000.0,Source Verified,home_improvement,TX,25.33,1.0,675.0,679.0,0.0,80.7,19.0,Individual,5,High Risk,Manual Review
103277212,35000.0, 60 months,26.24,E,E5,10+ years,MORTGAGE,80000.0,Verified,debt_consolidation,WA,28.02,2.0,660.0,664.0,0.0,99.9,27.0,Individual,5,High Risk,Manual Review
102653626,20000.0, 36 months,22.74,E,E1,10+ years,OWN,50000.0,Verified,debt_consolidation,OK,42.63,0.0,685.0,689.0,1.0,39.0,47.0,Joint App,5,High Risk,Manual Review
102904119,12075.0, 60 months,30.49,F,F4,,OWN,28800.0,Verified,debt_consolidation,LA,32.58,0.0,710.0,714.0,0.0,42.3,14.0,Individual,5,High Risk,Manual Review
102466368,19200.0, 60 months,29.49,F,F2,3 years,RENT,50000.0,Verified,debt_consolidation,TX,34.23,0.0,660.0,664.0,0.0,66.1,26.0,Individual,5,High Risk,Manual Review
102947313,10000.0, 60 months,26.24,E,E5,,MORTGAGE,9156.0,Verified,debt_consolidation,TN,158.19,0.0,675.0,679.0,1.0,52.8,18.0,Joint App,5,High Risk,Manual Review
103087409,10000.0, 36 months,22.74,E,E1,10+ years,OWN,98000.0,Verified,debt_consolidation,TX,31.06,0.0,705.0,709.0,0.0,85.1,26.0,Individual,6,High Risk,Manual Review
102672215,5100.0, 36 months,22.74,E,E1,10+ years,RENT,16000.0,Verified,credit_card,TX,32.26,0.0,675.0,679.0,0.0,44.7,15.0,Individual,5,High Risk,Manual Review
101901406,35000.0, 60 months,28.69,F,F1,9 years,MORTGAGE,120000.0,Verified,other,TX,31.93,1.0,675.0,679.0,0.0,101.2,15.0,Individual,7,High Risk,Manual Review
103209886,16050.0, 60 months,30.79,G,G1,< 1 year,MORTGAGE,55600.0,Verified,credit_card,NY,32.53,0.0,690.0,694.0,0.0,88.5,19.0,Individual,6,High Risk,Manual Review
102370225,30000.0, 36 months,30.74,F,F5,4 years,OWN,55000.0,Verified,debt_consolidation,FL,41.26,0.0,670.0,674.0,1.0,67.2,29.0,Joint App,5,High Risk,Manual Review
102673395,8000.0, 36 months,22.74,E,E1,10+ years,OWN,42800.0,Source Verified,debt_consolidation,NC,29.16,1.0,660.0,664.0,0.0,97.8,36.0,Individual,5,High Risk,Manual Review
103117570,15000.0, 60 months,28.69,F,F1,4 years,RENT,96240.0,Not Verified,debt_consolidation,MD,30.71,0.0,755.0,759.0,1.0,16.6,41.0,Individual,5,High Risk,Manual Review
102639444,12000.0, 60 months,22.74,E,E1,2 years,MORTGAGE,21320.0,Verified,home_improvement,FL,38.12,0.0,720.0,724.0,1.0,40.9,17.0,Joint App,5,High Risk,Manual Review
102267191,30325.0, 36 months,22.74,E,E1,10+ years,MORTGAGE,67400.0,Verified,debt_consolidation,NC,30.54,0.0,710.0,714.0,0.0,78.0,29.0,Individual,5,High Risk,Manual Review
103187218,14750.0, 60 months,22.74,E,E1,10+ years,MORTGAGE,61000.0,Not Verified,debt_consolidation,NY,30.73,0.0,715.0,719.0,0.0,45.0,23.0,Individual,5,High Risk,Manual Review
102659102,24000.0, 60 months,28.69,F,F1,4 years,RENT,110000.0,Source Verified,debt_consolidation,CO,22.67,2.0,675.0,679.0,0.0,81.6,14.0,Individual,5,High Risk,Manual Review
103207744,18000.0, 36 months,24.74,E,E3,3 years,RENT,61000.0,Not Verified,debt_consolidation,CA,33.66,0.0,680.0,684.0,2.0,40.6,23.0,Individual,5,High Risk,Manual Review
102535027,7350.0, 36 months,25.49,E,E4,2 years,RENT,23040.0,Verified,other,CA,34.65,0.0,690.0,694.0,0.0,93.3,8.0,Individual,6,High Risk,Manual Review
102904174,27600.0, 60 months,23.99,E,E2,10+ years,RENT,60000.0,Source Verified,debt_consolidation,OK,33.92,0.0,685.0,689.0,0.0,96.2,37.0,Individual,6,High Risk,Manual Review
102953267,12000.0, 60 months,28.69,F,F1,,MORTGAGE,40000.0,Verified,debt_consolidation,OH,22.89,1.0,670.0,674.0,0.0,94.6,19.0,Individual,5,High Risk,Manual Review
102546887,14375.0, 60 months,30.89,G,G3,10+ years,RENT,53000.0,Verified,debt_consolidation,WA,31.88,0.0,670.0,674.0,0.0,82.4,28.0,Individual,6,High Risk,Manual Review
102661716,10175.0, 60 months,25.49,E,E4,,OWN,28326.0,Verified,debt_consolidation,MI,31.78,1.0,670.0,674.0,1.0,82.7,20.0,Individual,7,High Risk,Manual Review
102639660,16000.0, 60 months,30.79,G,G1,1 year,RENT,25000.0,Verified,debt_consolidation,MD,71.29,0.0,665.0,669.0,1.0,69.5,35.0,Joint App,5,High Risk,Manual Review
102606658,35000.0, 36 months,23.99,E,E2,10+ years,MORTGAGE,89772.0,Source Verified,debt_consolidation,WI,28.91,2.0,665.0,669.0,0.0,81.5,42.0,Individual,5,High Risk,Manual Review
102663490,15000.0, 60 months,28.69,F,F1,5 years,RENT,40000.0,Not Verified,debt_consolidation,FL,36.42,0.0,670.0,674.0,0.0,47.5,14.0,Joint App,5,High Risk,Manual Review
102487362,12000.0, 60 months,22.74,E,E1,5 years,RENT,37000.0,Source Verified,debt_consolidation,PA,33.93,0.0,675.0,679.0,1.0,47.2,19.0,Individual,5,High Risk,Manual Review
102666797,16275.0, 36 months,22.74,E,E1,10+ years,MORTGAGE,37000.0,Not Verified,debt_consolidation,AZ,30.23,0.0,765.0,769.0,1.0,23.7,26.0,Individual,5,High Risk,Manual Review
101801113,12125.0, 60 months,29.99,F,F3,< 1 year,RENT,46000.0,Source Verified,other,OR,23.66,1.0,690.0,694.0,1.0,93.6,30.0,Individual,5,High Risk,Manual Review
102334661,11025.0, 36 months,30.89,G,G3,,MORTGAGE,68000.0,Verified,debt_consolidation,GA,33.13,0.0,660.0,664.0,4.0,84.0,27.0,Individual,6,High Risk,Manual Review
102644955,15100.0, 36 months,23.99,E,E2,2 years,MORTGAGE,30000.0,Verified,debt_consolidation,SC,71.79,0.0,700.0,704.0,0.0,62.1,22.0,Joint App,5,High Risk,Manual Review
102576060,11375.0, 60 months,30.89,G,G3,10+ years,MORTGAGE,52000.0,Verified,debt_consolidation,IL,33.0,0.0,675.0,679.0,2.0,69.0,30.0,Individual,5,High Risk,Manual Review
102684130,6000.0, 36 months,22.74,E,E1,3 years,RENT,90000.0,Source Verified,other,CA,34.23,0.0,675.0,679.0,0.0,76.6,33.0,Individual,5,High Risk,Manual Review
102587038,4800.0, 36 months,26.24,E,E5,1 year,RENT,21000.0,Source Verified,other,IL,31.77,0.0,695.0,699.0,3.0,8.7,20.0,Individual,5,High Risk,Manual Review
102844355,11200.0, 36 months,24.74,E,E3,3 years,RENT,23400.0,Not Verified,debt_consolidation,MN,32.03,0.0,710.0,714.0,0.0,20.2,21.0,Individual,5,High Risk,Manual Review
102946512,20000.0, 60 months,22.74,E,E1,7 years,MORTGAGE,80000.0,Not Verified,home_improvement,GA,32.67,1.0,725.0,729.0,0.0,41.1,25.0,Individual,6,High Risk,Manual Review
102946430,25000.0, 60 months,28.69,F,F1,10+ years,MORTGAGE,103000.0,Not Verified,debt_consolidation,VA,18.76,1.0,665.0,669.0,0.0,99.3,20.0,Individual,5,High Risk,Manual Review
101523387,29000.0, 36 months,22.74,E,E1,10+ years,OWN,58000.0,Verified,debt_consolidation,FL,34.22,0.0,660.0,664.0,0.0,75.1,27.0,Individual,5,High Risk,Manual Review
102246783,35000.0, 36 months,24.74,E,E3,1 year,OWN,80000.0,Source Verified,debt_consolidation,TX,33.24,0.0,685.0,689.0,0.0,64.9,43.0,Individual,5,High Risk,Manual Review
102497167,8000.0, 36 months,22.74,E,E1,5 years,MORTGAGE,72000.0,Source Verified,debt_consolidation,OH,33.57,0.0,660.0,664.0,0.0,89.3,22.0,Individual,6,High Risk,Manual Review
102661290,1500.0, 36 months,25.49,E,E4,1 year,MORTGAGE,50000.0,Source Verified,other,KY,31.81,0.0,680.0,684.0,2.0,11.2,32.0,Individual,5,High Risk,Manual Review
102629651,18000.0, 60 months,22.74,E,E1,1 year,MORTGAGE,40000.0,Source Verified,debt_consolidation,AZ,58.93,3.0,670.0,674.0,0.0,57.0,40.0,Joint App,6,High Risk,Manual Review
99955430,24350.0, 36 months,24.74,E,E3,10+ years,OWN,54114.0,Verified,major_purchase,TX,31.03,0.0,675.0,679.0,2.0,33.0,35.0,Individual,5,High Risk,Manual Review
102493961,26400.0, 36 months,18.99,D,D3,2 years,RENT,60000.0,Source Verified,debt_consolidation,TX,33.04,2.0,670.0,674.0,2.0,88.0,12.0,Individual,5,High Risk,Manual Review
102637324,30000.0, 60 months,28.69,F,F1,7 years,RENT,75000.0,Verified,other,CA,35.2,0.0,670.0,674.0,0.0,65.6,28.0,Joint App,5,High Risk,Manual Review
102646075,3000.0, 36 months,23.99,E,E2,,RENT,17474.0,Verified,medical,CT,34.27,0.0,660.0,664.0,0.0,61.5,6.0,Individual,5,High Risk,Manual Review
102396454,5000.0, 36 months,29.49,F,F2,5 years,RENT,135000.0,Verified,debt_consolidation,CA,34.36,0.0,700.0,704.0,5.0,13.8,102.0,Individual,5,High Risk,Manual Review
102659873,10000.0, 60 months,25.49,E,E4,1 year,MORTGAGE,60000.0,Source Verified,debt_consolidation,TN,32.26,0.0,705.0,709.0,0.0,91.5,24.0,Individual,6,High Risk,Manual Review
102517048,28500.0, 60 months,30.49,F,F4,2 years,RENT,62000.0,Source Verified,debt_consolidation,WA,34.98,0.0,675.0,679.0,1.0,65.3,16.0,Individual,5,High Risk,Manual Review
102467000,16800.0, 60 months,30.49,F,F4,10+ years,RENT,40864.0,Source Verified,debt_consolidation,WA,34.45,0.0,705.0,709.0,3.0,41.8,23.0,Individual,5,High Risk,Manual Review
99873966,10000.0, 60 months,22.74,E,E1,6 years,MORTGAGE,95000.0,Source Verified,debt_consolidation,LA,24.17,1.0,700.0,704.0,0.0,82.3,47.0,Individual,5,High Risk,Manual Review
102651564,15000.0, 36 months,22.74,E,E1,,MORTGAGE,110000.0,Source Verified,home_improvement,FL,51.58,0.0,675.0,679.0,0.0,62.2,40.0,Joint App,5,High Risk,Manual Review
102575730,15000.0, 60 months,23.99,E,E2,3 years,RENT,54000.0,Verified,debt_consolidation,NC,30.44,0.0,665.0,669.0,0.0,83.0,44.0,Individual,6,High Risk,Manual Review
102666055,28000.0, 36 months,18.99,D,D3,7 years,OWN,124000.0,Not Verified,debt_consolidation,NJ,31.84,1.0,680.0,684.0,1.0,86.1,52.0,Individual,5,High Risk,Manual Review
97142783,10000.0, 60 months,22.74,E,E1,10+ years,MORTGAGE,25000.0,Not Verified,home_improvement,CA,44.94,1.0,660.0,664.0,1.0,67.1,20.0,Joint App,6,High Risk,Manual Review
102586733,23725.0, 60 months,22.74,E,E1,4 years,MORTGAGE,71000.0,Verified,debt_consolidation,TX,32.37,1.0,665.0,669.0,0.0,39.9,46.0,Individual,6,High Risk,Manual Review
102367192,35000.0, 60 months,29.49,F,F2,3 years,RENT,83000.0,Source Verified,debt_consolidation,MA,33.89,0.0,705.0,709.0,0.0,54.2,18.0,Individual,5,High Risk,Manual Review
102586119,14000.0, 60 months,22.74,E,E1,2 years,MORTGAGE,85000.0,Verified,medical,TX,32.7,0.0,660.0,664.0,1.0,85.2,34.0,Individual,6,High Risk,Manual Review
100474416,14000.0, 60 months,25.49,E,E4,9 years,RENT,41000.0,Verified,debt_consolidation,MA,30.16,0.0,685.0,689.0,0.0,43.6,20.0,Individual,5,High Risk,Manual Review
102351895,23950.0, 60 months,30.89,G,G3,4 years,MORTGAGE,47900.0,Not Verified,debt_consolidation,MN,31.37,0.0,680.0,684.0,0.0,38.6,30.0,Individual,5,High Risk,Manual Review
102446493,33750.0, 60 months,30.94,G,G4,9 years,MORTGAGE,75000.0,Verified,debt_consolidation,SC,34.22,0.0,675.0,679.0,0.0,67.0,24.0,Individual,5,High Risk,Manual Review
102506385,18550.0, 60 months,25.49,E,E4,10+ years,MORTGAGE,50000.0,Verified,debt_consolidation,KY,34.76,2.0,660.0,664.0,1.0,85.5,29.0,Individual,7,High Risk,Manual Review
102416352,18000.0, 36 months,24.74,E,E3,2 years,RENT,36000.0,Verified,debt_consolidation,IL,30.21,0.0,680.0,684.0,0.0,70.7,11.0,Individual,5,High Risk,Manual Review
102660309,28000.0, 60 months,30.79,G,G1,5 years,RENT,73000.0,Not Verified,debt_consolidation,WA,30.45,0.0,740.0,744.0,1.0,66.1,22.0,Individual,5,High Risk,Manual Review
102156005,9000.0, 36 months,30.74,F,F5,3 years,RENT,52000.0,Source Verified,other,HI,21.14,1.0,665.0,669.0,0.0,89.8,27.0,Individual,5,High Risk,Manual Review
102628305,35000.0, 60 months,30.74,F,F5,2 years,MORTGAGE,40000.0,Verified,debt_consolidation,WI,36.24,0.0,705.0,709.0,1.0,87.1,26.0,Joint App,6,High Risk,Manual Review
102593993,30000.0, 60 months,26.24,E,E5,10+ years,RENT,75000.0,Verified,credit_card,NJ,31.34,0.0,670.0,674.0,0.0,85.7,19.0,Individual,6,High Risk,Manual Review
102632469,16000.0, 36 months,29.99,F,F3,10+ years,MORTGAGE,40000.0,Verified,credit_card,AR,73.17,0.0,665.0,669.0,1.0,65.7,22.0,Joint App,5,High Risk,Manual Review
102632922,17000.0, 60 months,25.49,E,E4,3 years,RENT,160000.0,Not Verified,credit_card,OR,22.09,3.0,665.0,669.0,2.0,90.2,27.0,Individual,5,High Risk,Manual Review
102630150,4200.0, 36 months,24.74,E,E3,10+ years,MORTGAGE,57000.0,Verified,other,HI,30.21,0.0,695.0,699.0,1.0,44.8,27.0,Individual,5,High Risk,Manual Review
100451679,3200.0, 36 months,28.69,F,F1,10+ years,MORTGAGE,54226.0,Source Verified,debt_consolidation,WI,34.53,0.0,685.0,689.0,2.0,73.9,41.0,Individual,5,High Risk,Manual Review
102649541,1500.0, 36 months,22.74,E,E1,3 years,RENT,22000.0,Source Verified,other,NC,30.99,0.0,660.0,664.0,0.0,87.1,15.0,Individual,6,High Risk,Manual Review
102656275,10000.0, 60 months,25.49,E,E4,10+ years,OWN,95000.0,Verified,vacation,GA,32.45,2.0,660.0,664.0,0.0,51.3,19.0,Individual,6,High Risk,Manual Review
99786616,19200.0, 36 months,25.49,E,E4,2 years,RENT,80000.0,Not Verified,debt_consolidation,CO,34.43,1.0,660.0,664.0,0.0,75.8,19.0,Individual,6,High Risk,Manual Review
102535731,19200.0, 60 months,30.49,F,F4,1 year,MORTGAGE,120000.0,Verified,debt_consolidation,CA,30.59,0.0,690.0,694.0,0.0,88.8,36.0,Individual,6,High Risk,Manual Review
102396699,4000.0, 36 months,24.74,E,E3,10+ years,RENT,77550.0,Source Verified,other,AL,32.1,0.0,665.0,669.0,0.0,81.9,46.0,Individual,6,High Risk,Manual Review
102651179,22500.0, 36 months,24.74,E,E3,10+ years,OWN,53000.0,Not Verified,debt_consolidation,MS,30.98,0.0,660.0,664.0,0.0,82.3,19.0,Individual,6,High Risk,Manual Review
102366437,30000.0, 36 months,22.74,E,E1,10+ years,RENT,14000.0,Verified,debt_consolidation,NY,100.33,0.0,695.0,699.0,3.0,25.7,54.0,Joint App,5,High Risk,Manual Review
102643834,20000.0, 36 months,19.99,D,D4,6 years,RENT,58003.0,Verified,debt_consolidation,MN,30.48,3.0,660.0,664.0,1.0,84.9,37.0,Individual,5,High Risk,Manual Review
102636837,26900.0, 60 months,30.79,G,G1,2 years,MORTGAGE,75000.0,Source Verified,debt_consolidation,MI,32.14,0.0,725.0,729.0,0.0,77.8,19.0,Individual,5,High Risk,Manual Review
99905004,17775.0, 60 months,23.99,E,E2,,MORTGAGE,36792.0,Verified,debt_consolidation,CA,51.45,0.0,675.0,679.0,1.0,77.0,28.0,Joint App,5,High Risk,Manual Review
102364649,26000.0, 36 months,28.69,F,F1,10+ years,MORTGAGE,65000.0,Source Verified,debt_consolidation,OH,32.18,2.0,665.0,669.0,0.0,44.1,17.0,Individual,6,High Risk,Manual Review
98918042,19200.0, 60 months,23.99,E,E2,10+ years,MORTGAGE,51000.0,Not Verified,credit_card,OR,31.57,0.0,715.0,719.0,1.0,29.8,34.0,Individual,5,High Risk,Manual Review
102206672,24600.0, 60 months,25.49,E,E4,2 years,OWN,54676.0,Verified,debt_consolidation,FL,34.02,0.0,665.0,669.0,0.0,92.0,22.0,Individual,6,High Risk,Manual Review
99799138,2650.0, 36 months,26.24,E,E5,,OWN,7860.0,Verified,debt_consolidation,CA,32.37,0.0,675.0,679.0,1.0,30.4,9.0,Individual,5,High Risk,Manual Review
99915708,16800.0, 36 months,26.24,E,E5,10+ years,RENT,42000.0,Verified,other,NY,30.23,0.0,685.0,689.0,2.0,57.0,15.0,Individual,5,High Risk,Manual Review
102596032,12000.0, 60 months,28.69,F,F1,10+ years,RENT,60000.0,Not Verified,debt_consolidation,AZ,33.02,0.0,690.0,694.0,0.0,51.1,26.0,Individual,5,High Risk,Manual Review
102575848,20900.0, 36 months,30.49,F,F4,10+ years,MORTGAGE,55000.0,Verified,debt_consolidation,NY,33.65,0.0,660.0,664.0,3.0,55.5,19.0,Individual,5,High Risk,Manual Review
102443224,35000.0, 60 months,30.99,G,G5,2 years,MORTGAGE,80000.0,Verified,debt_consolidation,SC,31.67,0.0,690.0,694.0,3.0,82.2,49.0,Individual,6,High Risk,Manual Review
102044942,4000.0, 36 months,22.74,E,E1,10+ years,RENT,27700.0,Verified,other,NY,30.03,1.0,675.0,679.0,0.0,52.7,16.0,Individual,6,High Risk,Manual Review
102177256,32000.0, 60 months,25.49,E,E4,10+ years,MORTGAGE,95459.67,Verified,debt_consolidation,IL,33.63,0.0,685.0,689.0,1.0,92.1,26.0,Individual,6,High Risk,Manual Review
102320896,27325.0, 36 months,28.69,F,F1,10+ years,MORTGAGE,68300.0,Source Verified,debt_consolidation,CA,19.47,1.0,665.0,669.0,0.0,81.8,16.0,Individual,5,High Risk,Manual Review
102245221,15000.0, 60 months,25.49,E,E4,10+ years,MORTGAGE,80000.0,Not Verified,car,GA,28.07,1.0,700.0,704.0,0.0,80.7,39.0,Individual,5,High Risk,Manual Review
100460984,10000.0, 36 months,22.74,E,E1,4 years,RENT,42000.0,Source Verified,debt_consolidation,GA,31.7,0.0,660.0,664.0,0.0,49.8,16.0,Individual,5,High Risk,Manual Review
102394867,21000.0, 60 months,23.99,E,E2,10+ years,RENT,47000.0,Source Verified,debt_consolidation,PA,31.67,0.0,710.0,714.0,2.0,29.5,33.0,Individual,5,High Risk,Manual Review
102395395,16800.0, 60 months,29.99,F,F3,7 years,MORTGAGE,123573.0,Source Verified,debt_consolidation,CT,30.45,0.0,675.0,679.0,0.0,96.8,30.0,Individual,6,High Risk,Manual Review
100158965,24000.0, 60 months,28.69,F,F1,< 1 year,RENT,57000.0,Verified,moving,CO,35.03,0.0,665.0,669.0,0.0,99.8,20.0,Joint App,6,High Risk,Manual Review
102325023,14000.0, 60 months,28.69,F,F1,1 year,RENT,32000.0,Source Verified,debt_consolidation,IL,30.35,0.0,685.0,689.0,0.0,52.4,12.0,Individual,5,High Risk,Manual Review
102524999,10000.0, 36 months,23.99,E,E2,8 years,RENT,52500.0,Source Verified,credit_card,CA,32.64,0.0,660.0,664.0,0.0,96.1,18.0,Individual,6,High Risk,Manual Review
102650130,10000.0, 60 months,23.99,E,E2,4 years,OWN,40000.0,Source Verified,credit_card,FL,30.77,0.0,660.0,664.0,0.0,71.7,53.0,Individual,5,High Risk,Manual Review
101452427,24000.0, 60 months,30.84,G,G2,10+ years,RENT,99436.0,Verified,debt_consolidation,OR,33.19,0.0,685.0,689.0,1.0,82.0,24.0,Individual,6,High Risk,Manual Review
101538166,32025.0, 60 months,29.49,F,F2,1 year,MORTGAGE,36000.0,Source Verified,credit_card,FL,49.98,0.0,670.0,674.0,0.0,85.3,19.0,Joint App,6,High Risk,Manual Review
97894589,30000.0, 60 months,29.49,F,F2,6 years,MORTGAGE,91000.0,Verified,debt_consolidation,TN,33.01,0.0,705.0,709.0,2.0,31.5,44.0,Individual,5,High Risk,Manual Review
101094163,35000.0, 60 months,22.74,E,E1,10+ years,MORTGAGE,70000.0,Verified,debt_consolidation,TX,32.9,0.0,675.0,679.0,0.0,77.3,25.0,Individual,5,High Risk,Manual Review
102485878,15750.0, 36 months,23.99,E,E2,9 years,OWN,45000.0,Source Verified,credit_card,TX,33.31,0.0,685.0,689.0,0.0,51.9,25.0,Individual,5,High Risk,Manual Review
102236775,10350.0, 60 months,22.74,E,E1,5 years,RENT,54000.0,Not Verified,home_improvement,AR,32.27,0.0,695.0,699.0,0.0,59.4,24.0,Individual,5,High Risk,Manual Review
102635688,10500.0, 36 months,24.74,E,E3,10+ years,OWN,118700.0,Not Verified,debt_consolidation,NY,32.26,0.0,675.0,679.0,1.0,70.6,66.0,Individual,5,High Risk,Manual Review
102247094,33500.0, 60 months,23.99,E,E2,,MORTGAGE,18937.2,Verified,debt_consolidation,NV,100.76,1.0,705.0,709.0,2.0,45.3,14.0,Joint App,6,High Risk,Manual Review
102575013,16375.0, 60 months,23.99,E,E2,3 years,OWN,116000.0,Not Verified,credit_card,MD,32.13,0.0,690.0,694.0,0.0,55.9,39.0,Individual,5,High Risk,Manual Review
102325311,16100.0, 60 months,23.99,E,E2,10+ years,OWN,35000.0,Verified,debt_consolidation,GA,30.73,0.0,705.0,709.0,0.0,81.2,12.0,Individual,6,High Risk,Manual Review
102554897,17275.0, 60 months,25.49,E,E4,< 1 year,MORTGAGE,60000.0,Not Verified,debt_consolidation,NC,33.4,0.0,695.0,699.0,1.0,79.6,20.0,Individual,5,High Risk,Manual Review
98885833,25000.0, 60 months,26.24,E,E5,< 1 year,RENT,68000.0,Verified,home_improvement,NC,18.11,1.0,670.0,674.0,0.0,84.8,26.0,Individual,5,High Risk,Manual Review
102543437,35000.0, 36 months,24.74,E,E3,10+ years,RENT,70000.0,Verified,debt_consolidation,CA,33.4,0.0,670.0,674.0,0.0,63.0,48.0,Individual,5,High Risk,Manual Review
102632719,18000.0, 60 months,30.74,F,F5,10+ years,MORTGAGE,55000.0,Not Verified,credit_card,IL,30.68,0.0,665.0,669.0,4.0,52.2,41.0,Individual,5,High Risk,Manual Review
102299263,10900.0, 60 months,28.69,F,F1,5 years,RENT,26000.0,Source Verified,debt_consolidation,CA,30.7,0.0,680.0,684.0,0.0,32.9,12.0,Individual,5,High Risk,Manual Review
101523438,12000.0, 60 months,28.69,F,F1,1 year,RENT,80000.0,Verified,credit_card,TX,32.52,0.0,675.0,679.0,0.0,94.8,38.0,Individual,6,High Risk,Manual Review
102614553,10000.0, 36 months,23.99,E,E2,2 years,OWN,35000.0,Source Verified,other,CA,34.02,1.0,685.0,689.0,1.0,42.8,23.0,Individual,6,High Risk,Manual Review
102286923,3925.0, 36 months,23.99,E,E2,4 years,MORTGAGE,65000.0,Verified,debt_consolidation,MD,14.53,2.0,670.0,674.0,2.0,96.3,29.0,Individual,5,High Risk,Manual Review
102105506,15250.0, 60 months,28.69,F,F1,9 years,RENT,53000.0,Verified,debt_consolidation,TX,31.61,0.0,700.0,704.0,0.0,54.2,12.0,Individual,5,High Risk,Manual Review
102474432,12000.0, 60 months,29.49,F,F2,1 year,RENT,75500.0,Source Verified,credit_card,OH,30.83,0.0,660.0,664.0,3.0,47.9,38.0,Individual,5,High Risk,Manual Review
101523648,14400.0, 60 months,25.49,E,E4,< 1 year,RENT,24433.94,Source Verified,credit_card,OH,35.02,0.0,680.0,684.0,0.0,43.9,17.0,Joint App,5,High Risk,Manual Review
102369349,21175.0, 60 months,22.74,E,E1,10+ years,MORTGAGE,62098.28,Verified,debt_consolidation,FL,33.88,0.0,695.0,699.0,0.0,86.6,15.0,Individual,6,High Risk,Manual Review
101003300,15000.0, 60 months,23.99,E,E2,8 years,MORTGAGE,85348.0,Source Verified,debt_consolidation,AL,13.85,1.0,675.0,679.0,0.0,97.4,34.0,Individual,5,High Risk,Manual Review
102443391,14400.0, 60 months,30.79,G,G1,2 years,RENT,52754.88,Verified,debt_consolidation,VA,33.95,0.0,665.0,669.0,1.0,43.8,21.0,Individual,5,High Risk,Manual Review
102433828,11250.0, 36 months,24.74,E,E3,7 years,RENT,32000.0,Source Verified,debt_consolidation,FL,30.89,0.0,685.0,689.0,0.0,85.2,12.0,Individual,6,High Risk,Manual Review
102334758,15000.0, 60 months,26.24,E,E5,1 year,RENT,50000.0,Source Verified,credit_card,VA,33.08,0.0,660.0,664.0,0.0,83.1,44.0,Individual,6,High Risk,Manual Review
102165570,7900.0, 36 months,22.74,E,E1,,RENT,21994.8,Verified,credit_card,CO,32.31,0.0,670.0,674.0,1.0,76.0,42.0,Individual,5,High Risk,Manual Review
102216331,25000.0, 60 months,23.99,E,E2,10+ years,RENT,120000.0,Not Verified,debt_consolidation,IL,33.29,0.0,705.0,709.0,1.0,67.1,26.0,Individual,5,High Risk,Manual Review
102544090,35000.0, 60 months,25.49,E,E4,9 years,MORTGAGE,115000.0,Not Verified,debt_consolidation,TX,34.9,0.0,695.0,699.0,1.0,61.9,52.0,Individual,5,High Risk,Manual Review
102136727,20000.0, 60 months,22.74,E,E1,10+ years,MORTGAGE,60000.0,Verified,debt_consolidation,GA,29.54,2.0,665.0,669.0,0.0,107.0,19.0,Individual,5,High Risk,Manual Review
102473856,13000.0, 60 months,30.49,F,F4,10+ years,RENT,68000.0,Verified,debt_consolidation,FL,32.96,0.0,670.0,674.0,0.0,60.2,15.0,Individual,5,High Risk,Manual Review
102613988,3600.0, 36 months,15.99,C,C5,10+ years,OWN,94000.0,Source Verified,debt_consolidation,CA,34.31,1.0,660.0,664.0,0.0,90.9,14.0,Individual,5,High Risk,Manual Review
102413496,12000.0, 36 months,22.74,E,E1,10+ years,RENT,38000.0,Source Verified,debt_consolidation,TN,33.61,0.0,695.0,699.0,0.0,66.5,13.0,Individual,5,High Risk,Manual Review
102186518,8000.0, 36 months,25.49,E,E4,6 years,RENT,40000.0,Not Verified,home_improvement,SC,32.04,0.0,680.0,684.0,2.0,54.9,11.0,Individual,5,High Risk,Manual Review
102625097,33600.0, 60 months,30.99,G,G5,4 years,RENT,80000.0,Verified,other,TX,34.77,0.0,670.0,674.0,1.0,41.1,56.0,Individual,5,High Risk,Manual Review
102403731,25000.0, 60 months,30.74,F,F5,10+ years,MORTGAGE,80755.65,Source Verified,credit_card,PA,33.24,1.0,665.0,669.0,0.0,86.8,26.0,Individual,7,High Risk,Manual Review
101921368,17550.0, 60 months,30.74,F,F5,10+ years,MORTGAGE,91236.0,Verified,debt_consolidation,NJ,30.71,0.0,705.0,709.0,0.0,46.2,26.0,Individual,5,High Risk,Manual Review
102186968,12150.0, 60 months,30.74,F,F5,,OWN,41000.0,Verified,debt_consolidation,NY,30.54,0.0,685.0,689.0,0.0,49.0,28.0,Individual,5,High Risk,Manual Review
102583591,14000.0, 36 months,18.99,D,D3,10+ years,MORTGAGE,67800.0,Source Verified,credit_card,VA,34.99,3.0,660.0,664.0,0.0,88.8,71.0,Individual,5,High Risk,Manual Review
101540299,25075.0, 60 months,30.89,G,G3,5 years,RENT,30720.0,Source Verified,debt_consolidation,CT,37.3,0.0,675.0,679.0,0.0,60.7,17.0,Joint App,5,High Risk,Manual Review
101134999,19200.0, 60 months,23.99,E,E2,2 years,MORTGAGE,108000.0,Verified,debt_consolidation,AL,15.8,4.0,660.0,664.0,2.0,80.8,38.0,Individual,5,High Risk,Manual Review
102116709,5000.0, 36 months,24.74,E,E3,10+ years,RENT,70000.0,Source Verified,other,NJ,32.88,1.0,680.0,684.0,1.0,86.9,33.0,Individual,7,High Risk,Manual Review
102463118,12850.0, 36 months,30.99,G,G5,10+ years,MORTGAGE,44000.0,Source Verified,credit_card,MI,31.29,0.0,685.0,689.0,1.0,79.6,17.0,Individual,5,High Risk,Manual Review
102116491,17850.0, 36 months,22.74,E,E1,4 years,RENT,47000.0,Verified,debt_consolidation,RI,34.19,0.0,680.0,684.0,2.0,51.1,12.0,Individual,5,High Risk,Manual Review
100115593,15000.0, 36 months,25.49,E,E4,1 year,RENT,55000.0,Verified,other,TX,34.54,0.0,685.0,689.0,0.0,66.9,32.0,Individual,5,High Risk,Manual Review
99973995,15000.0, 36 months,24.74,E,E3,2 years,RENT,56000.0,Not Verified,debt_consolidation,MI,34.98,0.0,700.0,704.0,1.0,29.6,31.0,Individual,5,High Risk,Manual Review
102423258,20000.0, 60 months,23.99,E,E2,3 years,RENT,56000.0,Not Verified,debt_consolidation,GA,33.68,0.0,710.0,714.0,0.0,86.5,21.0,Individual,6,High Risk,Manual Review
102368446,19775.0, 60 months,22.74,E,E1,2 years,MORTGAGE,43000.0,Not Verified,debt_consolidation,MA,19.12,1.0,680.0,684.0,0.0,91.3,20.0,Individual,5,High Risk,Manual Review
102235491,10375.0, 36 months,25.49,E,E4,6 years,RENT,36000.0,Source Verified,credit_card,VT,33.48,1.0,675.0,679.0,1.0,76.6,15.0,Individual,6,High Risk,Manual Review
102453591,10925.0, 60 months,29.49,F,F2,6 years,MORTGAGE,115000.0,Source Verified,credit_card,NY,34.38,1.0,685.0,689.0,0.0,84.6,41.0,Individual,7,High Risk,Manual Review
101422143,4000.0, 36 months,24.74,E,E3,2 years,RENT,38000.0,Verified,other,AK,34.57,0.0,675.0,679.0,0.0,68.3,18.0,Individual,5,High Risk,Manual Review
101540379,20000.0, 60 months,28.69,F,F1,,MORTGAGE,6000.0,Not Verified,credit_card,NV,339.61,0.0,670.0,674.0,0.0,83.9,28.0,Joint App,6,High Risk,Manual Review
102146954,10400.0, 60 months,22.74,E,E1,3 years,RENT,106000.0,Verified,debt_consolidation,TX,21.35,1.0,660.0,664.0,0.0,103.3,22.0,Individual,5,High Risk,Manual Review
102453452,32000.0, 60 months,28.69,F,F1,10+ years,MORTGAGE,100000.0,Not Verified,debt_consolidation,RI,31.91,2.0,675.0,679.0,0.0,93.1,33.0,Individual,7,High Risk,Manual Review
101851307,5000.0, 36 months,25.49,E,E4,3 years,RENT,22000.0,Verified,debt_consolidation,OH,33.77,0.0,680.0,684.0,1.0,33.2,22.0,Individual,5,High Risk,Manual Review
102370038,35000.0, 60 months,29.99,F,F3,5 years,MORTGAGE,96450.0,Verified,debt_consolidation,GA,14.94,1.0,680.0,684.0,0.0,85.7,44.0,Individual,5,High Risk,Manual Review
99577726,24000.0, 60 months,28.69,F,F1,10+ years,OWN,65000.0,Not Verified,debt_consolidation,CA,32.53,0.0,695.0,699.0,0.0,69.9,29.0,Individual,5,High Risk,Manual Review
102373128,1000.0, 36 months,22.74,E,E1,10+ years,MORTGAGE,65000.0,Source Verified,other,MD,30.69,0.0,660.0,664.0,2.0,49.0,57.0,Individual,5,High Risk,Manual Review
102235915,15000.0, 60 months,28.69,F,F1,6 years,RENT,65000.0,Verified,debt_consolidation,GA,32.57,0.0,675.0,679.0,0.0,57.8,25.0,Individual,5,High Risk,Manual Review
102155183,30000.0, 36 months,28.69,F,F1,5 years,RENT,98000.0,Source Verified,debt_consolidation,CA,32.33,0.0,660.0,664.0,2.0,58.6,25.0,Individual,5,High Risk,Manual Review
101524743,11200.0, 60 months,30.84,G,G2,< 1 year,RENT,1800.0,Not Verified,house,OH,999.0,0.0,725.0,729.0,3.0,14.4,17.0,Joint App,5,High Risk,Manual Review
101003203,35000.0, 60 months,26.24,E,E5,10+ years,MORTGAGE,120000.0,Verified,credit_card,VA,34.78,1.0,675.0,679.0,0.0,82.0,24.0,Individual,7,High Risk,Manual Review
102126930,28000.0, 60 months,29.49,F,F2,10+ years,RENT,121000.0,Verified,debt_consolidation,NJ,32.85,0.0,660.0,664.0,0.0,59.3,32.0,Individual,5,High Risk,Manual Review
102365076,12200.0, 60 months,30.49,F,F4,2 years,RENT,35941.13,Source Verified,debt_consolidation,MA,22.67,1.0,665.0,669.0,0.0,84.1,31.0,Individual,5,High Risk,Manual Review
101136099,12000.0, 60 months,28.69,F,F1,,OWN,36022.08,Verified,other,MS,25.96,2.0,660.0,664.0,0.0,81.1,23.0,Joint App,5,High Risk,Manual Review
102403130,12000.0, 60 months,22.74,E,E1,4 years,RENT,65000.0,Not Verified,credit_card,MD,31.67,0.0,665.0,669.0,1.0,52.1,30.0,Individual,5,High Risk,Manual Review
102156680,20000.0, 36 months,30.79,G,G1,10+ years,MORTGAGE,97400.0,Verified,credit_card,NJ,31.27,1.0,680.0,684.0,4.0,53.4,37.0,Individual,6,High Risk,Manual Review
100105945,12000.0, 60 months,29.49,F,F2,5 years,OWN,155000.0,Verified,moving,GA,34.28,1.0,680.0,684.0,2.0,76.3,28.0,Individual,6,High Risk,Manual Review
102046720,11200.0, 60 months,25.49,E,E4,5 years,MORTGAGE,75000.0,Source Verified,credit_card,PA,30.96,0.0,665.0,669.0,0.0,48.9,27.0,Individual,5,High Risk,Manual Review
102367284,35000.0, 60 months,29.99,F,F3,2 years,MORTGAGE,110000.0,Source Verified,debt_consolidation,VA,20.99,1.0,670.0,674.0,0.0,80.7,29.0,Individual,5,High Risk,Manual Review
101524218,22000.0, 60 months,29.49,F,F2,,MORTGAGE,16103.0,Verified,debt_consolidation,NY,41.54,0.0,700.0,704.0,1.0,75.7,21.0,Joint App,5,High Risk,Manual Review
100076563,40000.0, 60 months,22.74,E,E1,9 years,MORTGAGE,140000.0,Verified,debt_consolidation,CA,32.95,0.0,695.0,699.0,0.0,91.4,27.0,Individual,6,High Risk,Manual Review
102256951,32000.0, 60 months,25.49,E,E4,5 years,MORTGAGE,130000.0,Source Verified,debt_consolidation,OH,31.1,0.0,710.0,714.0,1.0,27.4,39.0,Individual,5,High Risk,Manual Review
102266215,6175.0, 36 months,24.74,E,E3,8 years,RENT,45000.0,Verified,debt_consolidation,IL,31.71,0.0,670.0,674.0,1.0,72.0,10.0,Individual,5,High Risk,Manual Review
102206645,35000.0, 60 months,23.99,E,E2,4 years,MORTGAGE,241000.0,Verified,debt_consolidation,NC,12.37,4.0,660.0,664.0,0.0,80.3,54.0,Individual,5,High Risk,Manual Review
102197085,13750.0, 60 months,22.74,E,E1,5 years,MORTGAGE,64000.0,Not Verified,debt_consolidation,WI,30.3,0.0,725.0,729.0,1.0,29.3,21.0,Individual,5,High Risk,Manual Review
102334174,19400.0, 60 months,25.49,E,E4,10+ years,MORTGAGE,77000.0,Source Verified,small_business,LA,34.2,0.0,700.0,704.0,0.0,79.7,23.0,Individual,5,High Risk,Manual Review
102286639,10500.0, 36 months,22.74,E,E1,3 years,RENT,80000.0,Not Verified,credit_card,WA,32.57,1.0,700.0,704.0,2.0,12.0,22.0,Individual,6,High Risk,Manual Review
100159911,35000.0, 60 months,22.74,E,E1,10+ years,MORTGAGE,27000.0,Not Verified,debt_consolidation,OH,84.18,0.0,665.0,669.0,0.0,59.5,26.0,Joint App,5,High Risk,Manual Review
101523178,25000.0, 60 months,28.69,F,F1,< 1 year,MORTGAGE,77000.0,Verified,debt_consolidation,DE,42.78,10.0,670.0,674.0,1.0,42.3,36.0,Joint App,6,High Risk,Manual Review
101537525,25000.0, 60 months,22.74,E,E1,2 years,RENT,8500.0,Verified,debt_consolidation,TX,261.74,0.0,705.0,709.0,0.0,53.6,24.0,Joint App,5,High Risk,Manual Review
102056380,24575.0, 60 months,25.49,E,E4,10+ years,MORTGAGE,76000.0,Verified,debt_consolidation,CT,22.22,1.0,660.0,664.0,0.0,93.9,23.0,Individual,5,High Risk,Manual Review
102324240,18400.0, 60 months,22.74,E,E1,2 years,RENT,40000.0,Not Verified,debt_consolidation,MA,34.59,0.0,685.0,689.0,0.0,39.8,48.0,Individual,5,High Risk,Manual Review
100456462,35000.0, 36 months,22.74,E,E1,10+ years,MORTGAGE,100000.0,Verified,debt_consolidation,PA,34.03,0.0,660.0,664.0,0.0,67.3,23.0,Individual,5,High Risk,Manual Review
100027036,24000.0, 60 months,30.49,F,F4,10+ years,RENT,95000.0,Verified,debt_consolidation,TX,32.76,0.0,705.0,709.0,0.0,99.0,21.0,Individual,6,High Risk,Manual Review
101382497,19000.0, 60 months,30.79,G,G1,< 1 year,MORTGAGE,50000.0,Verified,debt_consolidation,CO,31.49,1.0,660.0,664.0,1.0,74.0,20.0,Individual,6,High Risk,Manual Review
99995386,12000.0, 60 months,23.99,E,E2,10+ years,MORTGAGE,71677.0,Not Verified,debt_consolidation,NV,30.84,0.0,670.0,674.0,0.0,60.2,25.0,Individual,5,High Risk,Manual Review
102215927,19650.0, 60 months,23.99,E,E2,3 years,RENT,46800.0,Source Verified,debt_consolidation,AZ,32.71,0.0,660.0,664.0,1.0,32.8,19.0,Individual,5,High Risk,Manual Review
102126478,16000.0, 60 months,22.74,E,E1,10+ years,MORTGAGE,50000.0,Not Verified,debt_consolidation,OH,31.45,0.0,740.0,744.0,0.0,27.4,21.0,Individual,5,High Risk,Manual Review
99798588,11750.0, 60 months,25.49,E,E4,10+ years,MORTGAGE,67000.0,Verified,debt_consolidation,FL,31.76,0.0,685.0,689.0,0.0,99.4,15.0,Individual,6,High Risk,Manual Review
102095947,17850.0, 36 months,17.99,D,D2,10+ years,OWN,110000.0,Source Verified,debt_consolidation,TX,33.18,1.0,675.0,679.0,0.0,86.2,36.0,Individual,5,High Risk,Manual Review
102146197,33225.0, 60 months,22.74,E,E1,2 years,RENT,160000.0,Verified,debt_consolidation,CA,33.47,1.0,665.0,669.0,1.0,85.3,21.0,Individual,7,High Risk,Manual Review
102185929,6000.0, 36 months,22.74,E,E1,7 years,MORTGAGE,68441.0,Source Verified,credit_card,OH,33.12,0.0,720.0,724.0,0.0,95.7,24.0,Individual,6,High Risk,Manual Review
101332688,18000.0, 60 months,30.49,F,F4,2 years,RENT,58000.0,Source Verified,debt_consolidation,AZ,32.65,0.0,660.0,664.0,0.0,87.5,27.0,Individual,6,High Risk,Manual Review
99953259,7375.0, 36 months,24.74,E,E3,10+ years,MORTGAGE,36000.0,Source Verified,debt_consolidation,MI,34.7,0.0,660.0,664.0,0.0,62.3,25.0,Individual,5,High Risk,Manual Review
99977166,6025.0, 36 months,23.99,E,E2,5 years,RENT,23000.0,Not Verified,major_purchase,WA,32.46,0.0,705.0,709.0,1.0,29.8,10.0,Individual,5,High Risk,Manual Review
100076914,3125.0, 36 months,22.74,E,E1,10+ years,MORTGAGE,78400.0,Source Verified,debt_consolidation,CA,30.08,0.0,685.0,689.0,0.0,82.4,26.0,Individual,6,High Risk,Manual Review
99220573,23625.0, 60 months,23.99,E,E2,4 years,MORTGAGE,53000.0,Verified,debt_consolidation,MI,30.05,0.0,680.0,684.0,1.0,67.2,30.0,Joint App,5,High Risk,Manual Review
99917375,12000.0, 60 months,22.74,E,E1,5 years,RENT,30000.0,Source Verified,debt_consolidation,UT,32.54,0.0,695.0,699.0,0.0,64.2,15.0,Individual,5,High Risk,Manual Review
102299153,27275.0, 60 months,28.69,F,F1,10+ years,MORTGAGE,62000.0,Source Verified,debt_consolidation,CO,32.89,0.0,695.0,699.0,0.0,97.9,19.0,Individual,6,High Risk,Manual Review
101502452,6000.0, 36 months,22.74,E,E1,10+ years,MORTGAGE,38000.0,Verified,moving,WA,31.74,1.0,675.0,679.0,1.0,72.8,20.0,Individual,6,High Risk,Manual Review
100473464,12600.0, 60 months,23.99,E,E2,5 years,RENT,39015.0,Verified,debt_consolidation,MD,33.13,0.0,670.0,674.0,1.0,76.6,34.0,Joint App,5,High Risk,Manual Review
101282132,15950.0, 60 months,30.49,F,F4,10+ years,RENT,42000.0,Source Verified,debt_consolidation,CA,26.63,1.0,665.0,669.0,0.0,92.2,12.0,Individual,5,High Risk,Manual Review
100226495,33600.0, 36 months,28.69,F,F1,10+ years,MORTGAGE,130000.0,Verified,other,MD,32.99,0.0,690.0,694.0,1.0,83.1,36.0,Individual,6,High Risk,Manual Review
102321485,7000.0, 36 months,25.49,E,E4,1 year,MORTGAGE,40000.0,Source Verified,debt_consolidation,NC,32.19,0.0,670.0,674.0,0.0,33.6,24.0,Individual,5,High Risk,Manual Review
101539656,10000.0, 60 months,28.69,F,F1,10+ years,MORTGAGE,74000.0,Verified,home_improvement,CA,28.64,1.0,670.0,674.0,1.0,80.8,48.0,Individual,5,High Risk,Manual Review
102042940,9000.0, 36 months,26.24,E,E5,< 1 year,RENT,30000.0,Source Verified,debt_consolidation,TX,32.52,0.0,660.0,664.0,1.0,50.3,15.0,Individual,5,High Risk,Manual Review
102126030,30000.0, 36 months,22.74,E,E1,10+ years,MORTGAGE,78000.0,Not Verified,debt_consolidation,MD,34.74,0.0,660.0,664.0,0.0,94.3,39.0,Individual,6,High Risk,Manual Review
100005267,22000.0, 60 months,28.69,F,F1,2 years,MORTGAGE,47760.0,Verified,debt_consolidation,OH,32.11,0.0,660.0,664.0,1.0,61.5,14.0,Joint App,5,High Risk,Manual Review
100306611,5600.0, 36 months,22.74,E,E1,2 years,MORTGAGE,55000.0,Verified,home_improvement,WA,30.13,0.0,670.0,674.0,1.0,44.6,32.0,Individual,5,High Risk,Manual Review
100074358,14775.0, 60 months,30.99,G,G5,,RENT,42000.0,Verified,debt_consolidation,OR,34.17,0.0,680.0,684.0,0.0,52.1,8.0,Individual,5,High Risk,Manual Review
102155457,4200.0, 36 months,18.99,D,D3,5 years,RENT,47000.0,Verified,credit_card,MD,30.31,1.0,660.0,664.0,0.0,86.4,22.0,Individual,5,High Risk,Manual Review
102255543,15000.0, 36 months,23.99,E,E2,10+ years,MORTGAGE,115000.0,Verified,debt_consolidation,CA,32.16,0.0,675.0,679.0,0.0,48.0,41.0,Individual,5,High Risk,Manual Review
102105901,19200.0, 60 months,23.99,E,E2,9 years,OWN,175000.0,Source Verified,home_improvement,FL,33.31,0.0,680.0,684.0,2.0,85.8,36.0,Individual,6,High Risk,Manual Review
101591150,4475.0, 36 months,23.99,E,E2,1 year,RENT,48000.0,Verified,debt_consolidation,PA,31.4,0.0,675.0,679.0,0.0,91.6,16.0,Individual,6,High Risk,Manual Review
101523835,15850.0, 36 months,28.69,F,F1,10+ years,MORTGAGE,55000.0,Verified,other,OH,33.82,1.0,660.0,664.0,0.0,31.3,23.0,Individual,6,High Risk,Manual Review
101003478,6900.0, 36 months,26.24,E,E5,,OWN,21600.0,Verified,debt_consolidation,WI,31.89,0.0,715.0,719.0,3.0,34.6,16.0,Individual,5,High Risk,Manual Review
101013278,9625.0, 36 months,24.74,E,E3,2 years,RENT,30000.0,Verified,small_business,FL,31.4,0.0,670.0,674.0,1.0,80.0,11.0,Individual,5,High Risk,Manual Review
101831505,7075.0, 36 months,28.69,F,F1,< 1 year,RENT,23614.0,Verified,house,NY,33.4,0.0,670.0,674.0,2.0,50.0,36.0,Individual,5,High Risk,Manual Review
102075575,14000.0, 60 months,23.99,E,E2,4 years,OWN,40000.0,Not Verified,home_improvement,MI,32.34,0.0,680.0,684.0,1.0,8.4,30.0,Individual,5,High Risk,Manual Review
99883858,29975.0, 60 months,25.49,E,E4,6 years,RENT,109992.0,Verified,debt_consolidation,GA,32.46,0.0,705.0,709.0,0.0,59.3,13.0,Individual,5,High Risk,Manual Review
102043458,8000.0, 36 months,23.99,E,E2,10+ years,MORTGAGE,55000.0,Not Verified,debt_consolidation,OH,34.32,2.0,660.0,664.0,4.0,53.3,42.0,Individual,6,High Risk,Manual Review
101136243,12950.0, 36 months,22.74,E,E1,,RENT,36000.0,Not Verified,debt_consolidation,NH,34.63,0.0,665.0,669.0,0.0,65.1,21.0,Individual,5,High Risk,Manual Review
100025267,10000.0, 60 months,26.24,E,E5,10+ years,OWN,33000.0,Verified,other,MI,33.42,0.0,735.0,739.0,1.0,66.3,24.0,Individual,5,High Risk,Manual Review
99904593,35000.0, 36 months,24.74,E,E3,10+ years,MORTGAGE,125000.0,Verified,credit_card,MD,34.01,0.0,680.0,684.0,0.0,95.0,23.0,Individual,6,High Risk,Manual Review
99830056,3700.0, 36 months,26.24,E,E5,10+ years,OWN,46000.0,Verified,debt_consolidation,OR,31.18,0.0,685.0,689.0,0.0,64.0,30.0,Individual,5,High Risk,Manual Review
100783126,11200.0, 60 months,22.74,E,E1,3 years,MORTGAGE,109832.94,Source Verified,other,WY,32.18,0.0,690.0,694.0,0.0,88.2,34.0,Individual,6,High Risk,Manual Review
99974355,22125.0, 36 months,25.49,E,E4,9 years,RENT,54000.0,Source Verified,debt_consolidation,WA,31.31,1.0,675.0,679.0,1.0,69.0,29.0,Individual,6,High Risk,Manual Review
100076403,7900.0, 36 months,26.24,E,E5,,RENT,22000.0,Verified,debt_consolidation,NJ,31.53,0.0,680.0,684.0,0.0,101.3,14.0,Individual,6,High Risk,Manual Review
100047261,20000.0, 60 months,25.49,E,E4,1 year,RENT,75000.0,Source Verified,debt_consolidation,CA,33.23,0.0,710.0,714.0,0.0,75.2,23.0,Individual,5,High Risk,Manual Review
99964401,6325.0, 36 months,22.74,E,E1,< 1 year,MORTGAGE,75000.0,Verified,debt_consolidation,CA,30.48,0.0,670.0,674.0,0.0,70.0,16.0,Individual,5,High Risk,Manual Review
102225349,16000.0, 60 months,25.49,E,E4,,MORTGAGE,65000.0,Verified,debt_consolidation,FL,31.76,1.0,660.0,664.0,4.0,69.0,58.0,Individual,6,High Risk,Manual Review
100432543,24400.0, 36 months,19.99,D,D4,< 1 year,RENT,24000.0,Verified,debt_consolidation,NC,33.65,1.0,660.0,664.0,0.0,84.5,10.0,Joint App,5,High Risk,Manual Review
101282315,25000.0, 60 months,28.69,F,F1,9 years,MORTGAGE,80000.0,Verified,debt_consolidation,FL,34.65,0.0,665.0,669.0,3.0,59.0,31.0,Individual,5,High Risk,Manual Review
101402600,30000.0, 36 months,22.74,E,E1,10+ years,MORTGAGE,80000.0,Source Verified,debt_consolidation,TX,33.26,0.0,670.0,674.0,0.0,30.5,33.0,Individual,5,High Risk,Manual Review
99926752,4100.0, 36 months,26.24,E,E5,9 years,RENT,41000.0,Verified,debt_consolidation,NY,32.58,0.0,670.0,674.0,1.0,70.1,38.0,Individual,5,High Risk,Manual Review
101114343,22550.0, 60 months,28.69,F,F1,10+ years,MORTGAGE,80000.0,Source Verified,debt_consolidation,IN,33.2,1.0,680.0,684.0,0.0,91.7,20.0,Individual,7,High Risk,Manual Review
100026769,4700.0, 36 months,22.74,E,E1,8 years,OWN,52000.0,Source Verified,home_improvement,NC,30.49,1.0,690.0,694.0,1.0,39.7,8.0,Individual,6,High Risk,Manual Review
101240187,8400.0, 36 months,25.49,E,E4,3 years,RENT,24000.0,Verified,debt_consolidation,FL,31.4,0.0,670.0,674.0,0.0,98.0,11.0,Individual,6,High Risk,Manual Review
100471739,11075.0, 60 months,23.99,E,E2,3 years,MORTGAGE,59000.0,Verified,home_improvement,DE,31.98,1.0,680.0,684.0,0.0,53.7,17.0,Joint App,6,High Risk,Manual Review
100471692,9000.0, 36 months,22.74,E,E1,,OWN,34429.0,Verified,credit_card,NY,34.51,1.0,660.0,664.0,0.0,65.0,20.0,Individual,6,High Risk,Manual Review
101230205,32075.0, 36 months,26.24,E,E5,4 years,MORTGAGE,143258.0,Verified,debt_consolidation,OH,11.31,1.0,675.0,679.0,2.0,85.0,25.0,Individual,5,High Risk,Manual Review
99996183,30000.0, 60 months,22.74,E,E1,10+ years,RENT,91000.0,Verified,other,CA,18.32,1.0,660.0,664.0,0.0,86.7,11.0,Individual,5,High Risk,Manual Review
101322471,10000.0, 36 months,30.84,G,G2,10+ years,MORTGAGE,70000.0,Source Verified,other,MO,31.79,0.0,670.0,674.0,3.0,31.3,34.0,Individual,5,High Risk,Manual Review
101210220,12000.0, 60 months,26.24,E,E5,3 years,RENT,40000.0,Source Verified,debt_consolidation,CA,34.86,0.0,705.0,709.0,0.0,45.6,9.0,Individual,5,High Risk,Manual Review
101074141,24000.0, 60 months,28.69,F,F1,10+ years,MORTGAGE,95000.0,Verified,debt_consolidation,CA,30.23,0.0,700.0,704.0,0.0,53.5,34.0,Individual,5,High Risk,Manual Review
100046400,12525.0, 60 months,15.99,C,C5,< 1 year,RENT,60000.0,Source Verified,small_business,IL,33.48,1.0,690.0,694.0,1.0,94.8,35.0,Individual,5,High Risk,Manual Review
100130677,14700.0, 36 months,22.74,E,E1,,MORTGAGE,42000.0,Verified,debt_consolidation,AR,34.86,0.0,695.0,699.0,0.0,58.0,23.0,Individual,5,High Risk,Manual Review
100164960,14000.0, 60 months,26.24,E,E5,10+ years,MORTGAGE,35776.0,Verified,debt_consolidation,OH,34.05,0.0,665.0,669.0,0.0,64.0,12.0,Individual,5,High Risk,Manual Review
98747839,3025.0, 36 months,25.49,E,E4,6 years,RENT,40000.0,Verified,debt_consolidation,OH,32.4,2.0,675.0,679.0,2.0,17.8,12.0,Individual,6,High Risk,Manual Review
100016250,5000.0, 36 months,22.74,E,E1,4 years,OWN,29000.0,Verified,debt_consolidation,MN,31.54,0.0,675.0,679.0,0.0,42.0,11.0,Individual,5,High Risk,Manual Review
100156135,10000.0, 60 months,30.99,G,G5,10+ years,MORTGAGE,42000.0,Verified,other,PA,33.6,0.0,670.0,674.0,0.0,86.3,24.0,Individual,6,High Risk,Manual Review
100357349,16000.0, 36 months,23.99,E,E2,< 1 year,MORTGAGE,25201.0,Verified,debt_consolidation,NY,39.1,0.0,730.0,734.0,2.0,42.6,16.0,Joint App,5,High Risk,Manual Review
99907078,11200.0, 60 months,29.49,F,F2,5 years,RENT,42500.0,Verified,credit_card,NJ,34.51,0.0,660.0,664.0,3.0,97.0,14.0,Individual,6,High Risk,Manual Review
100773205,10575.0, 36 months,22.74,E,E1,10+ years,MORTGAGE,60000.0,Source Verified,debt_consolidation,IL,30.78,0.0,710.0,714.0,0.0,45.7,27.0,Individual,5,High Risk,Manual Review
100296518,7250.0, 36 months,29.99,F,F3,3 years,RENT,50000.0,Source Verified,debt_consolidation,TX,32.69,0.0,750.0,754.0,0.0,3.5,20.0,Individual,5,High Risk,Manual Review
100145736,5000.0, 36 months,24.74,E,E3,10+ years,MORTGAGE,40000.0,Not Verified,debt_consolidation,FL,33.02,0.0,680.0,684.0,2.0,59.6,19.0,Joint App,5,High Risk,Manual Review
99798373,6000.0, 36 months,24.74,E,E3,1 year,MORTGAGE,36500.0,Source Verified,other,NY,31.44,0.0,675.0,679.0,0.0,83.6,15.0,Individual,6,High Risk,Manual Review
100074000,14425.0, 36 months,22.74,E,E1,5 years,RENT,32800.0,Source Verified,debt_consolidation,NE,32.53,0.0,695.0,699.0,0.0,61.9,14.0,Individual,5,High Risk,Manual Review
99951587,16000.0, 36 months,24.74,E,E3,3 years,OWN,50000.0,Source Verified,credit_card,IL,31.76,0.0,690.0,694.0,4.0,87.7,21.0,Individual,6,High Risk,Manual Review
100135961,20000.0, 60 months,30.74,F,F5,10+ years,MORTGAGE,75000.0,Verified,debt_consolidation,KY,23.58,1.0,665.0,669.0,0.0,89.7,45.0,Individual,5,High Risk,Manual Review
101013281,15000.0, 60 months,26.24,E,E5,10+ years,RENT,55000.0,Not Verified,credit_card,TX,30.98,0.0,675.0,679.0,2.0,63.7,27.0,Individual,5,High Risk,Manual Review
100477008,20000.0, 60 months,30.94,G,G4,10+ years,MORTGAGE,54000.0,Source Verified,debt_consolidation,NY,33.13,0.0,700.0,704.0,1.0,61.6,43.0,Individual,5,High Risk,Manual Review
100041563,14000.0, 60 months,25.49,E,E4,10+ years,MORTGAGE,65000.0,Source Verified,debt_consolidation,TX,32.83,0.0,700.0,704.0,0.0,51.5,21.0,Individual,5,High Risk,Manual Review
100432675,35000.0, 60 months,23.99,E,E2,10+ years,MORTGAGE,295000.0,Verified,debt_consolidation,FL,16.97,2.0,665.0,669.0,0.0,99.4,19.0,Individual,5,High Risk,Manual Review
100095683,8000.0, 36 months,23.99,E,E2,5 years,RENT,45000.0,Verified,credit_card,IL,30.75,0.0,675.0,679.0,2.0,62.7,13.0,Individual,5,High Risk,Manual Review
100076455,24000.0, 60 months,25.49,E,E4,< 1 year,RENT,102000.0,Verified,debt_consolidation,CA,25.15,2.0,670.0,674.0,2.0,85.4,35.0,Individual,5,High Risk,Manual Review
98139791,15000.0, 60 months,23.99,E,E2,10+ years,MORTGAGE,63000.0,Verified,debt_consolidation,LA,31.73,1.0,660.0,664.0,0.0,98.0,10.0,Individual,7,High Risk,Manual Review
100460741,17550.0, 60 months,29.99,F,F3,10+ years,OWN,50000.0,Verified,debt_consolidation,IN,32.07,0.0,695.0,699.0,0.0,91.4,13.0,Individual,6,High Risk,Manual Review
99726821,25375.0, 60 months,28.69,F,F1,10+ years,RENT,78000.0,Source Verified,credit_card,IL,32.84,0.0,725.0,729.0,0.0,40.7,44.0,Individual,5,High Risk,Manual Review
100074469,26975.0, 60 months,23.99,E,E2,4 years,MORTGAGE,75000.0,Not Verified,home_improvement,UT,33.66,0.0,725.0,729.0,1.0,29.9,31.0,Individual,5,High Risk,Manual Review
100455819,12000.0, 60 months,29.99,F,F3,10+ years,OWN,42000.0,Not Verified,debt_consolidation,FL,33.6,0.0,670.0,674.0,0.0,24.4,35.0,Individual,5,High Risk,Manual Review
101352149,20000.0, 60 months,28.69,F,F1,10+ years,RENT,60747.0,Source Verified,credit_card,OH,31.46,0.0,675.0,679.0,1.0,47.4,22.0,Individual,5,High Risk,Manual Review
99799285,19425.0, 60 months,26.24,E,E5,1 year,MORTGAGE,56000.0,Verified,debt_consolidation,NC,16.29,1.0,660.0,664.0,0.0,97.4,8.0,Individual,5,High Risk,Manual Review
99967184,6800.0, 36 months,25.49,E,E4,,OWN,20000.0,Source Verified,other,AK,31.15,0.0,705.0,709.0,1.0,52.7,23.0,Individual,5,High Risk,Manual Review
100465698,12000.0, 60 months,22.74,E,E1,10+ years,MORTGAGE,48000.0,Verified,credit_card,ME,31.13,0.0,685.0,689.0,3.0,53.0,37.0,Individual,5,High Risk,Manual Review
99997759,24000.0, 60 months,30.89,G,G3,5 years,RENT,57000.0,Source Verified,debt_consolidation,AZ,33.51,1.0,670.0,674.0,0.0,30.0,37.0,Individual,6,High Risk,Manual Review
100026314,9300.0, 36 months,23.99,E,E2,< 1 year,RENT,31000.0,Verified,debt_consolidation,AZ,31.59,0.0,665.0,669.0,1.0,62.0,10.0,Individual,5,High Risk,Manual Review
99927485,10500.0, 60 months,22.74,E,E1,5 years,MORTGAGE,39000.0,Verified,debt_consolidation,KS,32.0,0.0,665.0,669.0,0.0,61.0,14.0,Individual,5,High Risk,Manual Review
100397278,30375.0, 36 months,29.49,F,F2,5 years,RENT,93000.0,Verified,debt_consolidation,CO,32.22,0.0,665.0,669.0,1.0,61.9,37.0,Individual,5,High Risk,Manual Review
99927117,1800.0, 36 months,23.99,E,E2,,RENT,80736.0,Verified,medical,MD,34.47,0.0,680.0,684.0,0.0,72.0,37.0,Individual,5,High Risk,Manual Review
99897025,15225.0, 60 months,30.74,F,F5,6 years,RENT,46716.72,Verified,debt_consolidation,MD,33.73,0.0,715.0,719.0,1.0,31.0,23.0,Individual,5,High Risk,Manual Review
100161590,8000.0, 36 months,23.99,E,E2,3 years,MORTGAGE,36970.0,Not Verified,debt_consolidation,NM,31.17,3.0,680.0,684.0,1.0,22.7,9.0,Individual,6,High Risk,Manual Review
99944126,26375.0, 36 months,26.24,E,E5,10+ years,RENT,70000.0,Verified,debt_consolidation,TX,32.98,0.0,680.0,684.0,1.0,72.0,18.0,Individual,5,High Risk,Manual Review
100143871,16225.0, 36 months,25.49,E,E4,10+ years,RENT,62000.0,Verified,debt_consolidation,FL,30.62,0.0,700.0,704.0,2.0,38.2,24.0,Individual,5,High Risk,Manual Review
100023697,35000.0, 60 months,30.74,F,F5,9 years,RENT,75000.0,Verified,debt_consolidation,CA,34.86,0.0,680.0,684.0,1.0,47.8,22.0,Individual,5,High Risk,Manual Review
99936757,12000.0, 60 months,24.74,E,E3,9 years,MORTGAGE,61400.0,Verified,home_improvement,GA,31.65,0.0,685.0,689.0,1.0,106.0,20.0,Individual,6,High Risk,Manual Review
100092310,10000.0, 36 months,25.49,E,E4,10+ years,OWN,50000.0,Source Verified,debt_consolidation,OH,29.48,1.0,670.0,674.0,0.0,83.5,18.0,Individual,5,High Risk,Manual Review
100464685,27000.0, 60 months,23.99,E,E2,< 1 year,MORTGAGE,102000.0,Verified,debt_consolidation,MI,32.22,0.0,695.0,699.0,0.0,75.0,19.0,Individual,5,High Risk,Manual Review
100433377,25000.0, 36 months,23.99,E,E2,< 1 year,RENT,72000.0,Source Verified,debt_consolidation,CA,30.4,1.0,675.0,679.0,1.0,56.1,30.0,Individual,6,High Risk,Manual Review
100026860,35000.0, 60 months,22.74,E,E1,3 years,MORTGAGE,140000.0,Verified,debt_consolidation,NY,31.26,2.0,675.0,679.0,0.0,84.0,40.0,Individual,7,High Risk,Manual Review
99828872,10000.0, 60 months,26.24,E,E5,,RENT,29500.0,Not Verified,debt_consolidation,OH,31.0,0.0,715.0,719.0,1.0,43.9,7.0,Individual,5,High Risk,Manual Review
100457030,11200.0, 60 months,23.99,E,E2,5 years,RENT,40000.0,Source Verified,debt_consolidation,LA,29.94,1.0,695.0,699.0,0.0,80.1,26.0,Individual,5,High Risk,Manual Review
99937132,10000.0, 36 months,24.74,E,E3,10+ years,MORTGAGE,88000.0,Source Verified,debt_consolidation,MD,34.91,0.0,665.0,669.0,0.0,76.8,40.0,Individual,5,High Risk,Manual Review
100014472,5275.0, 36 months,23.99,E,E2,1 year,OWN,84000.0,Verified,debt_consolidation,ME,30.63,0.0,670.0,674.0,2.0,65.0,37.0,Individual,5,High Risk,Manual Review
99648464,20700.0, 60 months,30.79,G,G1,6 years,MORTGAGE,45000.0,Not Verified,credit_card,CA,34.0,0.0,665.0,669.0,0.0,67.1,40.0,Individual,5,High Risk,Manual Review
100458229,25000.0, 60 months,15.99,C,C5,10+ years,MORTGAGE,80000.0,Not Verified,credit_card,MN,32.79,1.0,675.0,679.0,0.0,94.7,15.0,Individual,5,High Risk,Manual Review
100153934,32400.0, 36 months,23.99,E,E2,7 years,MORTGAGE,73000.0,Verified,debt_consolidation,GA,31.07,0.0,690.0,694.0,1.0,44.8,23.0,Individual,5,High Risk,Manual Review
100439019,12950.0, 36 months,23.99,E,E2,6 years,MORTGAGE,91000.0,Verified,home_improvement,MD,22.08,1.0,675.0,679.0,0.0,84.8,24.0,Individual,5,High Risk,Manual Review
98462162,21000.0, 36 months,22.74,E,E1,10+ years,MORTGAGE,150000.0,Not Verified,vacation,NE,30.98,1.0,710.0,714.0,0.0,42.5,28.0,Individual,6,High Risk,Manual Review
100096266,3600.0, 36 months,22.74,E,E1,1 year,RENT,80000.0,Source Verified,other,CA,13.49,1.0,680.0,684.0,2.0,81.1,26.0,Individual,5,High Risk,Manual Review
99904611,15000.0, 36 months,23.99,E,E2,4 years,RENT,38000.0,Verified,debt_consolidation,OR,33.58,0.0,685.0,689.0,0.0,48.8,16.0,Individual,5,High Risk,Manual Review
100086599,26000.0, 60 months,30.74,F,F5,1 year,RENT,65000.0,Verified,credit_card,NY,25.05,4.0,670.0,674.0,0.0,89.0,29.0,Individual,5,High Risk,Manual Review
100095404,9450.0, 36 months,26.24,E,E5,3 years,RENT,27000.0,Verified,debt_consolidation,CA,32.09,0.0,665.0,669.0,2.0,38.0,14.0,Individual,5,High Risk,Manual Review
99646902,12000.0, 60 months,23.99,E,E2,2 years,MORTGAGE,45000.0,Source Verified,debt_consolidation,MN,33.79,0.0,660.0,664.0,1.0,59.7,13.0,Individual,5,High Risk,Manual Review
99861133,24000.0, 60 months,30.84,G,G2,3 years,MORTGAGE,68000.0,Verified,other,TX,34.43,1.0,675.0,679.0,0.0,54.8,20.0,Individual,6,High Risk,Manual Review
100093387,22275.0, 60 months,25.49,E,E4,3 years,MORTGAGE,55000.0,Not Verified,credit_card,FL,33.36,0.0,705.0,709.0,0.0,73.0,30.0,Individual,5,High Risk,Manual Review
97895071,10000.0, 36 months,22.74,E,E1,2 years,MORTGAGE,45760.0,Verified,debt_consolidation,MI,33.44,0.0,670.0,674.0,0.0,65.6,22.0,Individual,5,High Risk,Manual Review
100145882,35000.0, 60 months,25.49,E,E4,3 years,RENT,114000.0,Verified,debt_consolidation,VA,36.87,0.0,665.0,669.0,2.0,82.3,52.0,Joint App,6,High Risk,Manual Review
99935796,15600.0, 60 months,28.69,F,F1,< 1 year,RENT,80000.0,Source Verified,credit_card,CA,31.01,0.0,675.0,679.0,0.0,85.4,44.0,Individual,6,High Risk,Manual Review
99666354,3950.0, 36 months,22.74,E,E1,4 years,OWN,24000.0,Verified,small_business,NC,33.6,0.0,690.0,694.0,0.0,68.3,4.0,Individual,5,High Risk,Manual Review
100377402,2775.0, 36 months,22.74,E,E1,,RENT,50000.0,Verified,debt_consolidation,CA,34.13,0.0,690.0,694.0,0.0,87.8,14.0,Individual,6,High Risk,Manual Review
100006462,23675.0, 60 months,29.49,F,F2,10+ years,MORTGAGE,62000.0,Source Verified,credit_card,IL,32.29,0.0,680.0,684.0,0.0,78.3,31.0,Individual,5,High Risk,Manual Review
99975502,27000.0, 60 months,22.74,E,E1,4 years,MORTGAGE,60000.0,Verified,debt_consolidation,SC,20.98,1.0,680.0,684.0,3.0,90.0,21.0,Individual,5,High Risk,Manual Review
99935414,28525.0, 36 months,22.74,E,E1,10+ years,OWN,75000.0,Verified,debt_consolidation,FL,30.45,1.0,665.0,669.0,0.0,82.4,20.0,Individual,7,High Risk,Manual Review
100024307,21000.0, 60 months,29.49,F,F2,5 years,RENT,50000.0,Verified,debt_consolidation,WA,33.29,0.0,675.0,679.0,0.0,88.3,13.0,Individual,6,High Risk,Manual Review
100151712,2700.0, 36 months,22.74,E,E1,2 years,RENT,27000.0,Source Verified,debt_consolidation,WA,30.62,0.0,660.0,664.0,0.0,73.0,7.0,Individual,5,High Risk,Manual Review
100075439,1000.0, 36 months,24.74,E,E3,10+ years,RENT,31805.0,Verified,other,CA,31.32,0.0,665.0,669.0,1.0,49.3,19.0,Individual,5,High Risk,Manual Review
99829023,13275.0, 36 months,24.74,E,E3,5 years,MORTGAGE,52762.0,Source Verified,credit_card,TX,34.94,0.0,725.0,729.0,2.0,25.9,35.0,Individual,5,High Risk,Manual Review
99360653,35000.0, 60 months,22.74,E,E1,10+ years,MORTGAGE,81000.0,Source Verified,debt_consolidation,TX,30.72,0.0,705.0,709.0,1.0,41.4,50.0,Individual,5,High Risk,Manual Review
99895806,10400.0, 36 months,24.74,E,E3,1 year,RENT,130000.0,Source Verified,medical,CA,31.76,1.0,665.0,669.0,0.0,77.2,25.0,Individual,6,High Risk,Manual Review
100001137,7200.0, 36 months,28.69,F,F1,10+ years,MORTGAGE,73000.0,Verified,home_improvement,GA,32.11,0.0,700.0,704.0,3.0,28.8,13.0,Individual,5,High Risk,Manual Review
99984521,8625.0, 36 months,23.99,E,E2,,MORTGAGE,24000.0,Not Verified,debt_consolidation,NC,31.15,0.0,730.0,734.0,0.0,45.1,15.0,Individual,5,High Risk,Manual Review
99697213,16000.0, 60 months,30.49,F,F4,7 years,RENT,89000.0,Verified,credit_card,IL,32.73,0.0,660.0,664.0,1.0,63.5,26.0,Individual,5,High Risk,Manual Review
99984902,35000.0, 36 months,22.74,E,E1,10+ years,OWN,74000.0,Verified,debt_consolidation,ND,30.26,0.0,725.0,729.0,1.0,37.9,40.0,Individual,5,High Risk,Manual Review
99797767,10625.0, 60 months,28.69,F,F1,,RENT,39000.0,Verified,debt_consolidation,NJ,32.95,0.0,670.0,674.0,0.0,56.6,16.0,Individual,5,High Risk,Manual Review
100246207,7000.0, 36 months,23.99,E,E2,,MORTGAGE,80000.0,Verified,debt_consolidation,NY,34.34,0.0,700.0,704.0,3.0,53.9,62.0,Individual,5,High Risk,Manual Review
100002421,12000.0, 60 months,28.69,F,F1,10+ years,RENT,52376.0,Source Verified,debt_consolidation,MA,34.81,0.0,690.0,694.0,0.0,86.6,25.0,Individual,6,High Risk,Manual Review
100434176,17000.0, 60 months,26.24,E,E5,10+ years,OWN,46524.0,Verified,debt_consolidation,NY,30.62,1.0,715.0,719.0,0.0,45.6,32.0,Individual,6,High Risk,Manual Review
100158957,14000.0, 36 months,23.99,E,E2,3 years,RENT,52000.0,Source Verified,debt_consolidation,NH,31.71,0.0,665.0,669.0,2.0,63.8,11.0,Individual,5,High Risk,Manual Review
100016228,10075.0, 60 months,26.24,E,E5,8 years,RENT,47840.0,Not Verified,debt_consolidation,NY,32.09,0.0,695.0,699.0,0.0,55.2,25.0,Individual,5,High Risk,Manual Review
99331300,35000.0, 36 months,24.74,E,E3,10+ years,RENT,100000.0,Source Verified,debt_consolidation,CT,31.29,0.0,660.0,664.0,0.0,74.0,39.0,Individual,5,High Risk,Manual Review
100206171,4800.0, 36 months,19.99,D,D4,4 years,RENT,74000.0,Verified,moving,FL,30.6,1.0,700.0,704.0,0.0,81.0,20.0,Individual,5,High Risk,Manual Review
100164324,4800.0, 36 months,24.74,E,E3,2 years,RENT,16000.0,Source Verified,home_improvement,OH,33.53,0.0,660.0,664.0,0.0,53.6,23.0,Individual,5,High Risk,Manual Review
99906213,12000.0, 60 months,25.49,E,E4,10+ years,OWN,45000.0,Not Verified,credit_card,AL,31.36,0.0,705.0,709.0,1.0,42.0,25.0,Individual,5,High Risk,Manual Review
100146245,14000.0, 60 months,22.74,E,E1,< 1 year,MORTGAGE,63000.0,Source Verified,debt_consolidation,TX,32.01,0.0,660.0,664.0,0.0,84.1,18.0,Individual,6,High Risk,Manual Review
100433204,2500.0, 36 months,22.74,E,E1,10+ years,OWN,55000.0,Verified,other,AZ,31.73,0.0,690.0,694.0,0.0,84.5,10.0,Individual,6,High Risk,Manual Review
100347543,22950.0, 60 months,28.69,F,F1,10+ years,OWN,51012.0,Verified,debt_consolidation,TX,33.47,0.0,665.0,669.0,1.0,89.0,29.0,Individual,6,High Risk,Manual Review
100431216,16000.0, 60 months,25.49,E,E4,2 years,RENT,53000.0,Source Verified,credit_card,AK,32.36,0.0,680.0,684.0,0.0,83.2,16.0,Individual,6,High Risk,Manual Review
100022618,27200.0, 60 months,22.74,E,E1,10+ years,RENT,102000.0,Verified,debt_consolidation,GA,33.66,0.0,690.0,694.0,1.0,61.8,25.0,Individual,5,High Risk,Manual Review
100433194,16000.0, 60 months,23.99,E,E2,10+ years,MORTGAGE,57000.0,Not Verified,debt_consolidation,AR,30.19,3.0,690.0,694.0,0.0,57.7,28.0,Individual,6,High Risk,Manual Review
98827566,21600.0, 60 months,23.99,E,E2,10+ years,MORTGAGE,60000.0,Not Verified,debt_consolidation,WI,31.94,0.0,710.0,714.0,0.0,45.0,71.0,Individual,5,High Risk,Manual Review
100146287,3000.0, 36 months,28.69,F,F1,< 1 year,RENT,100000.0,Verified,moving,CA,33.79,0.0,670.0,674.0,1.0,96.1,32.0,Individual,6,High Risk,Manual Review
97419336,15000.0, 36 months,24.74,E,E3,7 years,RENT,52000.0,Verified,debt_consolidation,MT,34.46,0.0,690.0,694.0,0.0,69.1,12.0,Individual,5,High Risk,Manual Review
100452009,5000.0, 36 months,28.69,F,F1,10+ years,MORTGAGE,42000.0,Verified,debt_consolidation,NV,33.43,0.0,670.0,674.0,1.0,87.3,21.0,Individual,6,High Risk,Manual Review
100093736,25000.0, 60 months,30.79,G,G1,10+ years,RENT,120000.0,Verified,credit_card,IL,31.45,0.0,665.0,669.0,0.0,73.2,32.0,Individual,5,High Risk,Manual Review
100093587,12000.0, 60 months,30.79,G,G1,8 years,RENT,36000.0,Verified,debt_consolidation,NY,32.53,0.0,670.0,674.0,0.0,80.8,17.0,Individual,6,High Risk,Manual Review
99973216,10800.0, 60 months,22.74,E,E1,10+ years,RENT,55286.0,Source Verified,debt_consolidation,IN,33.93,0.0,720.0,724.0,0.0,33.8,40.0,Individual,5,High Risk,Manual Review
100163538,12000.0, 36 months,15.99,C,C5,2 years,RENT,34500.0,Verified,debt_consolidation,NC,33.11,1.0,695.0,699.0,0.0,84.3,20.0,Individual,5,High Risk,Manual Review
99935315,20000.0, 36 months,23.99,E,E2,2 years,MORTGAGE,95000.0,Not Verified,debt_consolidation,OH,31.25,0.0,660.0,664.0,1.0,82.7,31.0,Individual,6,High Risk,Manual Review
99226580,24000.0, 60 months,30.74,F,F5,3 years,RENT,65000.0,Source Verified,debt_consolidation,LA,34.27,0.0,695.0,699.0,1.0,44.1,19.0,Individual,5,High Risk,Manual Review
99943767,12000.0, 36 months,23.99,E,E2,10+ years,OWN,65000.0,Source Verified,debt_consolidation,GA,32.9,3.0,695.0,699.0,0.0,47.3,21.0,Individual,6,High Risk,Manual Review
97357890,16000.0, 60 months,22.74,E,E1,< 1 year,MORTGAGE,150000.0,Verified,debt_consolidation,NJ,30.65,0.0,675.0,679.0,0.0,64.0,43.0,Individual,5,High Risk,Manual Review
99874146,9900.0, 36 months,28.69,F,F1,10+ years,RENT,46373.0,Verified,debt_consolidation,CA,32.4,0.0,685.0,689.0,1.0,101.0,8.0,Individual,6,High Risk,Manual Review
99982430,3000.0, 36 months,23.99,E,E2,,RENT,10500.0,Verified,debt_consolidation,OR,31.43,0.0,690.0,694.0,0.0,69.6,11.0,Individual,5,High Risk,Manual Review
100095949,21900.0, 60 months,28.69,F,F1,4 years,OWN,62000.0,Not Verified,debt_consolidation,TX,34.46,0.0,690.0,694.0,2.0,44.6,20.0,Individual,5,High Risk,Manual Review
97368500,3500.0, 36 months,29.49,F,F2,10+ years,RENT,35442.0,Verified,debt_consolidation,NY,30.17,0.0,750.0,754.0,3.0,5.8,13.0,Individual,5,High Risk,Manual Review
100161535,14000.0, 36 months,25.49,E,E4,7 years,MORTGAGE,192000.0,Source Verified,other,GA,30.19,0.0,670.0,674.0,1.0,61.7,47.0,Individual,5,High Risk,Manual Review
98147127,4275.0, 36 months,23.99,E,E2,,RENT,15804.0,Verified,debt_consolidation,CT,33.94,0.0,675.0,679.0,0.0,57.4,25.0,Individual,5,High Risk,Manual Review
99994606,10000.0, 36 months,24.74,E,E3,10+ years,RENT,49700.0,Source Verified,debt_consolidation,OH,26.61,1.0,665.0,669.0,1.0,83.4,15.0,Individual,5,High Risk,Manual Review
100095696,35000.0, 60 months,25.49,E,E4,8 years,OWN,170000.0,Source Verified,debt_consolidation,VA,33.69,0.0,700.0,704.0,0.0,82.0,36.0,Individual,6,High Risk,Manual Review
100156632,35000.0, 60 months,30.79,G,G1,9 years,MORTGAGE,120000.0,Source Verified,other,CA,34.67,0.0,720.0,724.0,0.0,47.5,45.0,Individual,5,High Risk,Manual Review
100161695,12000.0, 60 months,22.74,E,E1,2 years,RENT,50000.0,Not Verified,debt_consolidation,NY,33.65,0.0,700.0,704.0,0.0,50.5,29.0,Individual,5,High Risk,Manual Review
100434198,24975.0, 60 months,25.49,E,E4,10+ years,MORTGAGE,72000.0,Not Verified,debt_consolidation,MA,34.49,0.0,695.0,699.0,0.0,62.1,30.0,Individual,5,High Risk,Manual Review
100286664,11200.0, 60 months,23.99,E,E2,2 years,OWN,40000.0,Not Verified,credit_card,MI,33.9,1.0,670.0,674.0,0.0,27.6,30.0,Individual,6,High Risk,Manual Review
100163423,12000.0, 60 months,29.99,F,F3,< 1 year,RENT,55000.0,Source Verified,other,NV,30.42,0.0,685.0,689.0,0.0,53.8,18.0,Individual,5,High Risk,Manual Review
98748947,23350.0, 60 months,30.79,G,G1,,OWN,78000.0,Verified,debt_consolidation,TX,33.46,0.0,790.0,794.0,0.0,14.1,21.0,Individual,5,High Risk,Manual Review
100073666,16000.0, 60 months,23.99,E,E2,10+ years,RENT,52000.0,Verified,debt_consolidation,TX,31.09,2.0,665.0,669.0,3.0,55.0,20.0,Individual,6,High Risk,Manual Review
100034429,12450.0, 60 months,28.69,F,F1,5 years,RENT,54000.0,Source Verified,debt_consolidation,VA,26.71,1.0,660.0,664.0,0.0,82.7,24.0,Individual,5,High Risk,Manual Review
100134613,26000.0, 36 months,30.74,F,F5,9 years,RENT,63500.0,Verified,debt_consolidation,NY,31.56,0.0,685.0,689.0,2.0,40.8,36.0,Individual,5,High Risk,Manual Review
99962951,10400.0, 60 months,22.74,E,E1,8 years,OWN,42702.0,Source Verified,home_improvement,MD,33.28,0.0,660.0,664.0,0.0,81.5,16.0,Individual,6,High Risk,Manual Review
100002491,3000.0, 36 months,30.74,F,F5,10+ years,RENT,34000.0,Source Verified,credit_card,OR,33.71,0.0,685.0,689.0,3.0,58.3,45.0,Individual,5,High Risk,Manual Review
100094460,16175.0, 36 months,22.74,E,E1,3 years,RENT,74000.0,Verified,debt_consolidation,NY,33.87,0.0,700.0,704.0,0.0,86.5,28.0,Individual,6,High Risk,Manual Review
100014183,12000.0, 60 months,28.69,F,F1,8 years,OWN,67000.0,Source Verified,debt_consolidation,WI,33.89,5.0,660.0,664.0,1.0,62.8,46.0,Individual,6,High Risk,Manual Review
100154787,8000.0, 36 months,22.74,E,E1,4 years,MORTGAGE,49000.0,Not Verified,debt_consolidation,AL,30.05,0.0,715.0,719.0,3.0,61.0,40.0,Individual,5,High Risk,Manual Review
99807601,6675.0, 36 months,24.74,E,E3,2 years,MORTGAGE,100000.0,Verified,credit_card,WA,33.66,2.0,665.0,669.0,1.0,67.8,41.0,Individual,6,High Risk,Manual Review
100064000,35000.0, 36 months,23.99,E,E2,10+ years,MORTGAGE,250000.0,Verified,debt_consolidation,WA,16.12,1.0,675.0,679.0,0.0,83.6,38.0,Individual,5,High Risk,Manual Review
100139488,35000.0, 60 months,26.24,E,E5,10+ years,MORTGAGE,190000.0,Verified,debt_consolidation,GA,19.57,2.0,690.0,694.0,2.0,83.9,11.0,Individual,5,High Risk,Manual Review
99828169,30000.0, 60 months,26.24,E,E5,6 years,RENT,70000.0,Source Verified,debt_consolidation,MI,30.62,0.0,660.0,664.0,0.0,51.7,25.0,Individual,5,High Risk,Manual Review
99518109,7200.0, 36 months,28.69,F,F1,10+ years,MORTGAGE,60300.0,Verified,debt_consolidation,TX,31.78,0.0,700.0,704.0,0.0,58.7,25.0,Individual,5,High Risk,Manual Review
98925387,35000.0, 36 months,24.74,E,E3,10+ years,MORTGAGE,126000.0,Source Verified,debt_consolidation,TX,22.85,1.0,675.0,679.0,0.0,92.6,25.0,Individual,5,High Risk,Manual Review
99828362,16075.0, 60 months,30.74,F,F5,10+ years,MORTGAGE,116120.0,Verified,debt_consolidation,TX,30.28,1.0,660.0,664.0,4.0,73.0,36.0,Individual,6,High Risk,Manual Review
100143929,24825.0, 60 months,23.99,E,E2,6 years,RENT,54000.0,Verified,credit_card,MA,31.13,0.0,665.0,669.0,0.0,82.1,33.0,Individual,6,High Risk,Manual Review
100054024,17000.0, 60 months,29.99,F,F3,2 years,RENT,65000.0,Verified,debt_consolidation,NC,34.26,0.0,685.0,689.0,0.0,72.9,21.0,Individual,5,High Risk,Manual Review
100074032,12000.0, 60 months,30.49,F,F4,4 years,RENT,55000.0,Source Verified,credit_card,NJ,30.94,0.0,675.0,679.0,0.0,54.0,16.0,Individual,5,High Risk,Manual Review
99893937,18750.0, 36 months,26.24,E,E5,10+ years,RENT,90000.0,Not Verified,debt_consolidation,CA,34.72,0.0,675.0,679.0,0.0,93.4,10.0,Individual,6,High Risk,Manual Review
97944238,32000.0, 60 months,23.99,E,E2,4 years,RENT,90000.0,Verified,debt_consolidation,SC,34.93,0.0,670.0,674.0,0.0,45.3,33.0,Individual,5,High Risk,Manual Review
97388615,15900.0, 60 months,26.24,E,E5,8 years,RENT,35000.0,Source Verified,credit_card,CA,30.56,4.0,665.0,669.0,0.0,96.5,22.0,Individual,7,High Risk,Manual Review
97570687,10000.0, 60 months,30.49,F,F4,4 years,RENT,63000.0,Source Verified,other,TX,30.95,0.0,675.0,679.0,0.0,51.8,14.0,Individual,5,High Risk,Manual Review
99231432,20000.0, 60 months,23.99,E,E2,10+ years,RENT,60000.0,Not Verified,debt_consolidation,NJ,32.96,0.0,695.0,699.0,1.0,77.6,26.0,Individual,5,High Risk,Manual Review
99913381,18525.0, 60 months,23.99,E,E2,10+ years,MORTGAGE,50000.0,Source Verified,debt_consolidation,IN,19.16,1.0,660.0,664.0,0.0,92.1,36.0,Individual,5,High Risk,Manual Review
98126458,4750.0, 36 months,25.49,E,E4,4 years,RENT,50000.0,Verified,debt_consolidation,FL,34.25,1.0,685.0,689.0,2.0,67.0,30.0,Individual,6,High Risk,Manual Review
99983741,23500.0, 60 months,23.99,E,E2,10+ years,MORTGAGE,104000.0,Not Verified,debt_consolidation,MD,32.74,0.0,710.0,714.0,0.0,72.5,28.0,Individual,5,High Risk,Manual Review
100142891,35000.0, 36 months,30.49,F,F4,10+ years,RENT,105000.0,Source Verified,debt_consolidation,GA,31.78,1.0,665.0,669.0,0.0,62.2,27.0,Individual,6,High Risk,Manual Review
100122900,24000.0, 60 months,25.49,E,E4,10+ years,MORTGAGE,127000.0,Source Verified,credit_card,TX,21.4,1.0,685.0,689.0,0.0,88.4,18.0,Individual,5,High Risk,Manual Review
100111892,35000.0, 60 months,22.74,E,E1,2 years,MORTGAGE,75000.0,Verified,debt_consolidation,CO,32.72,0.0,710.0,714.0,0.0,78.2,15.0,Individual,5,High Risk,Manual Review
98845802,32000.0, 36 months,18.99,D,D3,4 years,RENT,92000.0,Verified,credit_card,CA,34.52,1.0,665.0,669.0,3.0,97.7,28.0,Individual,5,High Risk,Manual Review
98157459,24000.0, 60 months,28.69,F,F1,8 years,RENT,60000.0,Verified,debt_consolidation,MO,33.82,1.0,675.0,679.0,1.0,84.6,49.0,Individual,7,High Risk,Manual Review
99863630,12000.0, 60 months,28.69,F,F1,10+ years,MORTGAGE,150000.0,Source Verified,debt_consolidation,CA,8.97,1.0,665.0,669.0,2.0,86.7,40.0,Individual,5,High Risk,Manual Review
98786642,35000.0, 36 months,30.49,F,F4,1 year,OWN,117000.0,Verified,debt_consolidation,NY,30.12,0.0,665.0,669.0,4.0,79.6,18.0,Individual,5,High Risk,Manual Review
98868427,28000.0, 60 months,28.69,F,F1,3 years,MORTGAGE,50000.0,Verified,debt_consolidation,IN,31.46,0.0,710.0,714.0,0.0,27.2,19.0,Joint App,5,High Risk,Manual Review
99697807,3000.0, 36 months,22.74,E,E1,,MORTGAGE,17952.0,Verified,car,PA,29.14,1.0,675.0,679.0,1.0,90.1,6.0,Individual,5,High Risk,Manual Review
99828153,13000.0, 60 months,28.69,F,F1,2 years,RENT,40876.0,Source Verified,debt_consolidation,WA,31.33,0.0,665.0,669.0,0.0,77.1,16.0,Individual,5,High Risk,Manual Review
99962367,21000.0, 60 months,28.69,F,F1,10+ years,MORTGAGE,50000.0,Verified,debt_consolidation,NY,33.51,0.0,660.0,664.0,0.0,86.9,27.0,Individual,6,High Risk,Manual Review
99676554,2000.0, 36 months,22.74,E,E1,10+ years,MORTGAGE,42000.0,Not Verified,other,KS,32.2,0.0,710.0,714.0,1.0,99.4,19.0,Individual,6,High Risk,Manual Review
98082866,12800.0, 60 months,25.49,E,E4,10+ years,RENT,80000.0,Not Verified,credit_card,NY,30.21,3.0,660.0,664.0,1.0,38.7,39.0,Individual,6,High Risk,Manual Review
100082442,4750.0, 36 months,23.99,E,E2,8 years,RENT,15840.0,Verified,other,NY,32.73,1.0,685.0,689.0,0.0,39.3,8.0,Individual,6,High Risk,Manual Review
100051473,10900.0, 60 months,30.74,F,F5,5 years,OWN,35000.0,Source Verified,debt_consolidation,MT,31.76,0.0,665.0,669.0,0.0,93.8,12.0,Individual,6,High Risk,Manual Review
98835403,35000.0, 60 months,28.69,F,F1,< 1 year,MORTGAGE,85000.0,Verified,debt_consolidation,MO,18.59,6.0,670.0,674.0,4.0,93.2,29.0,Individual,5,High Risk,Manual Review
100002664,10125.0, 60 months,28.69,F,F1,10+ years,MORTGAGE,35000.0,Not Verified,debt_consolidation,CA,25.55,2.0,660.0,664.0,1.0,84.5,14.0,Individual,5,High Risk,Manual Review
100053178,15000.0, 36 months,23.99,E,E2,10+ years,RENT,60000.0,Source Verified,debt_consolidation,CA,33.76,0.0,670.0,674.0,0.0,75.4,10.0,Individual,5,High Risk,Manual Review
100144310,1500.0, 36 months,25.49,E,E4,10+ years,MORTGAGE,35000.0,Verified,renewable_energy,AZ,30.28,1.0,720.0,724.0,2.0,4.8,43.0,Individual,6,High Risk,Manual Review
99892247,18000.0, 60 months,23.99,E,E2,10+ years,OWN,40100.0,Source Verified,debt_consolidation,OH,33.61,0.0,700.0,704.0,0.0,91.2,15.0,Individual,6,High Risk,Manual Review
100137555,25200.0, 36 months,25.49,E,E4,2 years,MORTGAGE,73000.0,Source Verified,credit_card,OR,30.25,0.0,665.0,669.0,0.0,77.7,23.0,Individual,5,High Risk,Manual Review
99576456,25000.0, 60 months,28.69,F,F1,10+ years,MORTGAGE,82000.0,Verified,debt_consolidation,ND,32.72,0.0,660.0,664.0,1.0,69.8,46.0,Individual,5,High Risk,Manual Review
99941975,35000.0, 36 months,24.74,E,E3,10+ years,MORTGAGE,98000.0,Source Verified,home_improvement,MA,31.34,0.0,685.0,689.0,0.0,64.9,27.0,Individual,5,High Risk,Manual Review
99902961,14400.0, 36 months,23.99,E,E2,10+ years,OWN,36000.0,Source Verified,debt_consolidation,TX,30.97,1.0,670.0,674.0,1.0,69.3,38.0,Individual,6,High Risk,Manual Review
99981420,4000.0, 36 months,24.74,E,E3,2 years,RENT,40000.0,Source Verified,debt_consolidation,TN,33.48,0.0,665.0,669.0,2.0,50.8,21.0,Individual,5,High Risk,Manual Review
99943493,12600.0, 60 months,25.49,E,E4,3 years,RENT,41808.0,Source Verified,debt_consolidation,TX,34.73,0.0,680.0,684.0,2.0,49.5,13.0,Individual,5,High Risk,Manual Review
100112067,17000.0, 60 months,25.49,E,E4,10+ years,MORTGAGE,88500.0,Not Verified,debt_consolidation,TX,10.26,1.0,660.0,664.0,1.0,87.1,17.0,Individual,5,High Risk,Manual Review
99844713,4250.0, 36 months,22.74,E,E1,10+ years,MORTGAGE,50000.0,Verified,debt_consolidation,MS,30.68,0.0,705.0,709.0,0.0,32.9,30.0,Joint App,5,High Risk,Manual Review
99223311,35000.0, 36 months,22.74,E,E1,10+ years,RENT,96000.0,Verified,debt_consolidation,NY,31.68,0.0,670.0,674.0,0.0,72.4,38.0,Individual,5,High Risk,Manual Review
99891526,12000.0, 60 months,29.99,F,F3,5 years,RENT,47000.0,Source Verified,debt_consolidation,PA,26.69,1.0,660.0,664.0,1.0,85.4,15.0,Individual,5,High Risk,Manual Review
99626887,15000.0, 60 months,30.79,G,G1,2 years,RENT,46000.0,Source Verified,other,FL,5.4,9.0,665.0,669.0,1.0,81.9,16.0,Individual,5,High Risk,Manual Review
99281192,23000.0, 36 months,26.24,E,E5,,OWN,72000.0,Verified,house,AZ,31.22,0.0,660.0,664.0,0.0,68.2,31.0,Individual,5,High Risk,Manual Review
100102366,12000.0, 60 months,23.99,E,E2,,MORTGAGE,63000.0,Verified,debt_consolidation,SC,33.87,0.0,695.0,699.0,0.0,30.1,25.0,Individual,5,High Risk,Manual Review
99922906,11200.0, 60 months,22.74,E,E1,10+ years,RENT,40000.0,Source Verified,other,MO,32.82,0.0,690.0,694.0,1.0,65.5,15.0,Individual,5,High Risk,Manual Review
99902942,20000.0, 60 months,25.49,E,E4,3 years,MORTGAGE,92000.0,Not Verified,debt_consolidation,TX,33.11,0.0,665.0,669.0,0.0,68.0,47.0,Individual,5,High Risk,Manual Review
100093107,27500.0, 36 months,25.49,E,E4,5 years,RENT,55000.0,Not Verified,credit_card,CA,30.81,0.0,705.0,709.0,1.0,39.5,23.0,Individual,5,High Risk,Manual Review
99587970,35000.0, 36 months,23.99,E,E2,10+ years,OWN,185000.0,Verified,debt_consolidation,MS,32.59,1.0,695.0,699.0,2.0,57.9,34.0,Individual,6,High Risk,Manual Review
98043559,10150.0, 60 months,29.99,F,F3,10+ years,MORTGAGE,120000.0,Verified,debt_consolidation,WA,34.05,0.0,690.0,694.0,0.0,85.0,16.0,Joint App,6,High Risk,Manual Review
99941953,24000.0, 60 months,29.49,F,F2,10+ years,RENT,106740.0,Verified,debt_consolidation,CO,32.84,0.0,705.0,709.0,0.0,34.3,34.0,Individual,5,High Risk,Manual Review
98139606,18775.0, 60 months,30.74,F,F5,,MORTGAGE,78288.0,Verified,debt_consolidation,NC,20.42,1.0,680.0,684.0,0.0,82.9,22.0,Individual,5,High Risk,Manual Review
99696525,10300.0, 60 months,26.24,E,E5,,RENT,25764.0,Verified,debt_consolidation,CA,30.23,0.0,695.0,699.0,0.0,88.6,12.0,Individual,6,High Risk,Manual Review
99716617,7350.0, 36 months,28.69,F,F1,1 year,MORTGAGE,106500.0,Source Verified,other,TX,33.24,0.0,680.0,684.0,1.0,76.0,52.0,Individual,5,High Risk,Manual Review
99627463,12600.0, 60 months,26.24,E,E5,10+ years,MORTGAGE,50000.0,Verified,home_improvement,OH,34.66,0.0,670.0,674.0,3.0,84.0,50.0,Individual,6,High Risk,Manual Review
100135805,7200.0, 36 months,18.99,D,D3,< 1 year,OWN,57000.0,Source Verified,debt_consolidation,OH,31.73,1.0,675.0,679.0,1.0,81.8,41.0,Individual,5,High Risk,Manual Review
100126316,20000.0, 60 months,29.99,F,F3,8 years,RENT,55000.0,Not Verified,debt_consolidation,CA,30.9,0.0,685.0,689.0,1.0,45.5,15.0,Individual,5,High Risk,Manual Review
99658053,16875.0, 36 months,26.24,E,E5,5 years,OWN,73000.0,Verified,credit_card,ID,31.4,0.0,690.0,694.0,3.0,50.1,39.0,Individual,5,High Risk,Manual Review
100136307,20000.0, 36 months,22.74,E,E1,3 years,MORTGAGE,75000.0,Not Verified,debt_consolidation,IN,30.37,0.0,675.0,679.0,0.0,63.3,41.0,Individual,5,High Risk,Manual Review
100131741,11950.0, 60 months,30.89,G,G3,4 years,RENT,49000.0,Source Verified,debt_consolidation,FL,31.15,0.0,680.0,684.0,0.0,71.2,37.0,Individual,5,High Risk,Manual Review
100021729,28000.0, 60 months,30.74,F,F5,10+ years,RENT,95000.0,Verified,debt_consolidation,AL,15.1,1.0,660.0,664.0,1.0,96.5,24.0,Individual,5,High Risk,Manual Review
99952130,20000.0, 60 months,23.99,E,E2,9 years,MORTGAGE,165000.0,Verified,debt_consolidation,MI,32.04,0.0,700.0,704.0,0.0,75.5,41.0,Individual,5,High Risk,Manual Review
98826414,15000.0, 36 months,25.49,E,E4,3 years,MORTGAGE,65000.0,Source Verified,debt_consolidation,OH,33.27,0.0,695.0,699.0,1.0,39.3,24.0,Individual,5,High Risk,Manual Review
100131555,20000.0, 60 months,22.74,E,E1,5 years,MORTGAGE,100000.0,Not Verified,credit_card,TN,31.04,1.0,690.0,694.0,0.0,48.5,49.0,Individual,6,High Risk,Manual Review
99891921,26175.0, 60 months,22.74,E,E1,7 years,MORTGAGE,85000.0,Not Verified,debt_consolidation,FL,32.42,0.0,715.0,719.0,0.0,80.2,18.0,Individual,6,High Risk,Manual Review
100021899,17075.0, 36 months,23.99,E,E2,10+ years,RENT,50000.0,Not Verified,debt_consolidation,CO,30.46,0.0,660.0,664.0,0.0,73.4,22.0,Individual,5,High Risk,Manual Review
99922175,19000.0, 60 months,30.89,G,G3,8 years,RENT,50000.0,Verified,debt_consolidation,OH,30.82,1.0,665.0,669.0,1.0,61.4,23.0,Individual,6,High Risk,Manual Review
99931213,19750.0, 36 months,25.49,E,E4,7 years,MORTGAGE,52000.0,Verified,debt_consolidation,NE,31.5,0.0,665.0,669.0,2.0,71.8,27.0,Individual,5,High Risk,Manual Review
99521093,30000.0, 60 months,22.74,E,E1,10+ years,MORTGAGE,65000.0,Verified,debt_consolidation,MA,22.45,1.0,700.0,704.0,2.0,88.1,22.0,Joint App,5,High Risk,Manual Review
98127480,12000.0, 60 months,16.99,D,D1,8 years,MORTGAGE,37000.0,Source Verified,home_improvement,MI,33.47,2.0,685.0,689.0,2.0,81.3,21.0,Individual,5,High Risk,Manual Review
99537127,2250.0, 36 months,24.74,E,E3,,MORTGAGE,40000.0,Verified,other,NC,26.01,2.0,660.0,664.0,0.0,93.1,15.0,Individual,5,High Risk,Manual Review
99697792,21650.0, 60 months,30.84,G,G2,10+ years,MORTGAGE,65000.0,Verified,debt_consolidation,CA,34.92,0.0,710.0,714.0,0.0,39.5,45.0,Individual,5,High Risk,Manual Review
97324296,24925.0, 60 months,22.74,E,E1,8 years,MORTGAGE,68000.0,Not Verified,debt_consolidation,OH,32.83,0.0,740.0,744.0,0.0,94.6,27.0,Individual,6,High Risk,Manual Review
100091952,15000.0, 36 months,26.24,E,E5,1 year,OWN,39500.0,Source Verified,credit_card,PA,34.4,0.0,680.0,684.0,0.0,29.0,20.0,Individual,5,High Risk,Manual Review
100125052,24000.0, 60 months,22.74,E,E1,10+ years,MORTGAGE,89500.0,Verified,debt_consolidation,MO,27.13,1.0,675.0,679.0,0.0,85.9,28.0,Individual,5,High Risk,Manual Review
99870193,12000.0, 60 months,29.99,F,F3,3 years,RENT,50000.0,Source Verified,debt_consolidation,NC,30.39,0.0,665.0,669.0,0.0,83.0,16.0,Individual,6,High Risk,Manual Review
98888637,13700.0, 36 months,24.74,E,E3,7 years,RENT,41600.0,Source Verified,debt_consolidation,CA,34.05,0.0,670.0,674.0,0.0,77.6,15.0,Individual,5,High Risk,Manual Review
99697230,16000.0, 60 months,22.74,E,E1,1 year,RENT,55000.0,Source Verified,credit_card,CO,31.09,0.0,700.0,704.0,2.0,35.4,32.0,Individual,5,High Risk,Manual Review
97883713,7225.0, 36 months,25.49,E,E4,< 1 year,RENT,30000.0,Source Verified,debt_consolidation,MA,34.6,0.0,670.0,674.0,1.0,73.5,23.0,Individual,5,High Risk,Manual Review
99845067,17600.0, 60 months,23.99,E,E2,< 1 year,RENT,65000.0,Source Verified,debt_consolidation,KS,31.44,1.0,670.0,674.0,0.0,68.5,33.0,Individual,6,High Risk,Manual Review
98767455,15950.0, 36 months,24.74,E,E3,2 years,RENT,42000.0,Source Verified,debt_consolidation,VA,33.63,0.0,665.0,669.0,3.0,51.6,38.0,Individual,5,High Risk,Manual Review
99597061,12775.0, 36 months,23.99,E,E2,10+ years,RENT,40000.0,Verified,credit_card,GA,31.59,0.0,680.0,684.0,0.0,89.0,7.0,Individual,6,High Risk,Manual Review
97498234,26225.0, 60 months,28.69,F,F1,1 year,MORTGAGE,80000.0,Source Verified,credit_card,PA,30.18,0.0,695.0,699.0,2.0,72.4,48.0,Individual,5,High Risk,Manual Review
99707386,20000.0, 36 months,24.74,E,E3,10+ years,OWN,71000.0,Verified,debt_consolidation,IL,34.67,0.0,725.0,729.0,1.0,92.0,7.0,Individual,6,High Risk,Manual Review
99597954,22200.0, 60 months,30.94,G,G4,7 years,MORTGAGE,58430.4,Verified,debt_consolidation,SC,34.01,0.0,660.0,664.0,0.0,74.9,41.0,Individual,5,High Risk,Manual Review
97809198,7775.0, 36 months,26.24,E,E5,10+ years,OWN,54000.0,Source Verified,credit_card,NY,30.29,0.0,685.0,689.0,0.0,82.0,20.0,Individual,6,High Risk,Manual Review
99219801,19250.0, 60 months,26.24,E,E5,1 year,MORTGAGE,47000.0,Verified,debt_consolidation,VT,36.57,0.0,675.0,679.0,1.0,80.5,31.0,Joint App,6,High Risk,Manual Review
97510772,19950.0, 36 months,26.24,E,E5,,MORTGAGE,59125.0,Verified,credit_card,KS,32.84,0.0,685.0,689.0,1.0,90.8,18.0,Individual,6,High Risk,Manual Review
99747778,7775.0, 36 months,16.99,D,D1,10+ years,MORTGAGE,50000.0,Source Verified,debt_consolidation,VA,30.81,1.0,670.0,674.0,0.0,81.0,15.0,Individual,5,High Risk,Manual Review
99597975,19300.0, 36 months,24.74,E,E3,1 year,MORTGAGE,46000.0,Verified,vacation,FL,32.74,1.0,665.0,669.0,0.0,85.2,21.0,Individual,7,High Risk,Manual Review
97287336,4000.0, 36 months,25.49,E,E4,< 1 year,MORTGAGE,41000.0,Verified,debt_consolidation,FL,30.8,0.0,720.0,724.0,1.0,38.7,30.0,Individual,5,High Risk,Manual Review
99251595,18000.0, 60 months,29.99,F,F3,,MORTGAGE,36000.0,Verified,debt_consolidation,ME,33.43,0.0,680.0,684.0,0.0,18.5,38.0,Individual,5,High Risk,Manual Review
99871251,21025.0, 36 months,22.74,E,E1,3 years,RENT,47800.0,Verified,debt_consolidation,OH,32.03,0.0,670.0,674.0,0.0,73.9,15.0,Individual,5,High Risk,Manual Review
99757370,8425.0, 36 months,22.74,E,E1,10+ years,RENT,78972.0,Not Verified,other,MA,22.41,1.0,660.0,664.0,1.0,94.0,34.0,Individual,5,High Risk,Manual Review
98137994,15500.0, 36 months,24.74,E,E3,3 years,OWN,47000.0,Verified,house,KY,32.81,0.0,685.0,689.0,0.0,31.0,22.0,Individual,5,High Risk,Manual Review
99807992,3425.0, 36 months,24.74,E,E3,2 years,MORTGAGE,50000.0,Verified,debt_consolidation,IL,30.24,0.0,685.0,689.0,2.0,63.4,19.0,Individual,5,High Risk,Manual Review
99551962,25000.0, 36 months,24.74,E,E3,10+ years,RENT,66000.0,Verified,debt_consolidation,OR,15.65,1.0,665.0,669.0,0.0,101.5,40.0,Individual,5,High Risk,Manual Review
99843971,9000.0, 36 months,23.99,E,E2,3 years,MORTGAGE,48000.0,Source Verified,other,IL,31.85,0.0,670.0,674.0,0.0,83.6,26.0,Individual,6,High Risk,Manual Review
98825686,6000.0, 36 months,23.99,E,E2,10+ years,MORTGAGE,69700.0,Verified,debt_consolidation,IL,31.7,1.0,680.0,684.0,3.0,86.5,27.0,Individual,7,High Risk,Manual Review
99826393,12000.0, 60 months,25.49,E,E4,10+ years,MORTGAGE,59000.0,Source Verified,debt_consolidation,KS,31.12,0.0,695.0,699.0,1.0,65.5,20.0,Individual,5,High Risk,Manual Review
99869186,12000.0, 36 months,22.74,E,E1,8 years,MORTGAGE,64800.0,Not Verified,debt_consolidation,WI,34.02,0.0,670.0,674.0,2.0,63.0,55.0,Individual,5,High Risk,Manual Review
99400964,11750.0, 60 months,26.24,E,E5,< 1 year,OWN,32640.0,Verified,debt_consolidation,LA,33.38,0.0,660.0,664.0,0.0,81.8,32.0,Individual,6,High Risk,Manual Review
99320824,14450.0, 36 months,26.24,E,E5,3 years,RENT,70000.0,Verified,other,MD,32.61,0.0,660.0,664.0,0.0,75.2,37.0,Individual,5,High Risk,Manual Review
99400721,29575.0, 36 months,30.74,F,F5,10+ years,RENT,85000.0,Verified,debt_consolidation,PA,32.36,0.0,685.0,689.0,1.0,65.9,29.0,Individual,5,High Risk,Manual Review
98927262,12000.0, 36 months,23.99,E,E2,,RENT,47125.0,Verified,credit_card,KY,33.49,0.0,665.0,669.0,1.0,91.9,17.0,Individual,6,High Risk,Manual Review
98738660,11225.0, 36 months,23.99,E,E2,6 years,RENT,32000.0,Verified,debt_consolidation,AZ,31.06,0.0,670.0,674.0,0.0,100.8,6.0,Individual,6,High Risk,Manual Review
98808335,12000.0, 60 months,25.49,E,E4,< 1 year,RENT,55000.0,Source Verified,debt_consolidation,MA,31.03,0.0,705.0,709.0,0.0,44.7,31.0,Individual,5,High Risk,Manual Review
99746272,18275.0, 60 months,30.74,F,F5,4 years,RENT,73500.0,Verified,credit_card,CA,32.26,0.0,675.0,679.0,1.0,64.2,21.0,Individual,5,High Risk,Manual Review
99855799,14400.0, 60 months,28.69,F,F1,1 year,RENT,39000.0,Source Verified,debt_consolidation,GA,33.51,0.0,735.0,739.0,2.0,40.3,32.0,Individual,5,High Risk,Manual Review
99470641,15125.0, 60 months,26.24,E,E5,5 years,RENT,45000.0,Source Verified,debt_consolidation,TX,23.79,1.0,665.0,669.0,0.0,88.4,16.0,Individual,5,High Risk,Manual Review
97892799,16800.0, 36 months,22.74,E,E1,2 years,RENT,40000.0,Source Verified,debt_consolidation,WA,32.19,0.0,680.0,684.0,0.0,87.3,11.0,Individual,6,High Risk,Manual Review
99746257,10000.0, 36 months,23.99,E,E2,3 years,RENT,51000.0,Verified,other,CA,31.22,0.0,665.0,669.0,1.0,51.9,13.0,Individual,5,High Risk,Manual Review
99540297,6000.0, 36 months,24.74,E,E3,1 year,OWN,50000.0,Verified,car,PA,31.57,0.0,690.0,694.0,2.0,46.4,25.0,Individual,5,High Risk,Manual Review
99490652,19200.0, 60 months,28.69,F,F1,,OWN,57000.0,Not Verified,debt_consolidation,VA,31.2,0.0,675.0,679.0,0.0,50.1,37.0,Individual,5,High Risk,Manual Review
98139143,10000.0, 60 months,23.99,E,E2,10+ years,RENT,49000.0,Source Verified,debt_consolidation,OR,34.02,0.0,695.0,699.0,0.0,84.1,32.0,Individual,6,High Risk,Manual Review
99255369,7050.0, 36 months,24.74,E,E3,3 years,OWN,25000.0,Source Verified,debt_consolidation,FL,34.66,0.0,665.0,669.0,0.0,44.4,14.0,Individual,5,High Risk,Manual Review
99538150,16000.0, 60 months,26.24,E,E5,10+ years,OWN,78000.0,Not Verified,debt_consolidation,MD,33.98,0.0,680.0,684.0,0.0,70.7,31.0,Individual,5,High Risk,Manual Review
98136635,29500.0, 60 months,22.74,E,E1,10+ years,MORTGAGE,61463.0,Verified,debt_consolidation,NC,32.12,0.0,715.0,719.0,0.0,53.4,25.0,Individual,5,High Risk,Manual Review
98898513,18000.0, 60 months,22.74,E,E1,,OWN,42000.0,Not Verified,car,TX,32.31,0.0,665.0,669.0,0.0,67.9,27.0,Individual,5,High Risk,Manual Review
96965039,8150.0, 36 months,25.49,E,E4,10+ years,RENT,24000.0,Not Verified,debt_consolidation,FL,34.3,0.0,690.0,694.0,3.0,40.4,22.0,Individual,5,High Risk,Manual Review
99245770,5000.0, 36 months,24.74,E,E3,3 years,RENT,29000.0,Verified,vacation,NY,33.23,0.0,670.0,674.0,0.0,69.4,11.0,Individual,5,High Risk,Manual Review
99666443,7000.0, 36 months,26.24,E,E5,,RENT,14000.0,Not Verified,debt_consolidation,NY,32.59,0.0,715.0,719.0,0.0,24.3,20.0,Individual,5,High Risk,Manual Review
98012532,11200.0, 60 months,30.99,G,G5,< 1 year,MORTGAGE,58000.0,Verified,debt_consolidation,SC,33.66,0.0,695.0,699.0,3.0,15.0,63.0,Individual,5,High Risk,Manual Review
99521450,8000.0, 36 months,29.99,F,F3,< 1 year,RENT,30000.0,Source Verified,other,NC,30.14,0.0,690.0,694.0,0.0,36.4,20.0,Individual,5,High Risk,Manual Review
97535022,22525.0, 36 months,22.74,E,E1,4 years,RENT,49000.0,Not Verified,debt_consolidation,NY,34.16,0.0,685.0,689.0,0.0,33.6,16.0,Individual,5,High Risk,Manual Review
99249932,20425.0, 36 months,22.74,E,E1,< 1 year,MORTGAGE,70000.0,Source Verified,debt_consolidation,NJ,34.72,0.0,700.0,704.0,0.0,79.8,48.0,Individual,5,High Risk,Manual Review
98139480,12000.0, 60 months,23.99,E,E2,10+ years,RENT,40000.0,Not Verified,debt_consolidation,IL,30.06,0.0,665.0,669.0,0.0,43.5,25.0,Individual,5,High Risk,Manual Review
97278729,20000.0, 60 months,30.49,F,F4,10+ years,OWN,42000.0,Source Verified,home_improvement,MI,31.23,0.0,690.0,694.0,0.0,50.0,33.0,Individual,5,High Risk,Manual Review
99236034,17300.0, 36 months,26.24,E,E5,4 years,MORTGAGE,37000.0,Verified,debt_consolidation,GA,49.3,0.0,700.0,704.0,1.0,76.9,27.0,Joint App,5,High Risk,Manual Review
98127677,14000.0, 36 months,25.49,E,E4,,MORTGAGE,78200.0,Source Verified,debt_consolidation,SC,31.27,0.0,660.0,664.0,0.0,80.2,36.0,Individual,6,High Risk,Manual Review
99280156,21000.0, 60 months,22.74,E,E1,2 years,MORTGAGE,232872.0,Source Verified,debt_consolidation,CO,13.51,2.0,665.0,669.0,2.0,86.2,44.0,Individual,5,High Risk,Manual Review
98717471,23225.0, 60 months,25.49,E,E4,2 years,MORTGAGE,86000.0,Not Verified,debt_consolidation,VA,28.01,2.0,700.0,704.0,2.0,82.6,24.0,Individual,5,High Risk,Manual Review
97559369,35000.0, 36 months,25.49,E,E4,10+ years,RENT,75000.0,Verified,debt_consolidation,CA,33.32,0.0,700.0,704.0,0.0,93.5,18.0,Individual,6,High Risk,Manual Review
97924814,10500.0, 36 months,26.24,E,E5,6 years,MORTGAGE,32000.0,Source Verified,debt_consolidation,NY,31.55,0.0,715.0,719.0,0.0,49.6,13.0,Individual,5,High Risk,Manual Review
99257233,14000.0, 60 months,28.69,F,F1,< 1 year,RENT,110000.0,Source Verified,other,CA,28.98,1.0,660.0,664.0,0.0,95.7,27.0,Individual,5,High Risk,Manual Review
98207249,14000.0, 60 months,30.74,F,F5,6 years,RENT,62000.0,Verified,debt_consolidation,HI,32.35,0.0,665.0,669.0,1.0,68.8,18.0,Individual,5,High Risk,Manual Review
99252382,16200.0, 60 months,29.49,F,F2,2 years,RENT,45000.0,Verified,debt_consolidation,CO,32.08,0.0,685.0,689.0,0.0,44.3,22.0,Individual,5,High Risk,Manual Review
99258578,15000.0, 60 months,29.99,F,F3,2 years,RENT,47000.0,Source Verified,debt_consolidation,CO,34.63,1.0,660.0,664.0,0.0,77.3,34.0,Individual,6,High Risk,Manual Review
99370164,17000.0, 60 months,16.99,D,D1,2 years,MORTGAGE,109200.0,Source Verified,home_improvement,AL,33.48,1.0,680.0,684.0,0.0,94.5,29.0,Individual,5,High Risk,Manual Review
99259718,15850.0, 36 months,30.49,F,F4,3 years,OWN,45000.0,Not Verified,debt_consolidation,SC,30.13,1.0,665.0,669.0,3.0,25.9,27.0,Individual,6,High Risk,Manual Review
98758711,7200.0, 36 months,24.74,E,E3,2 years,RENT,50000.0,Source Verified,credit_card,NY,31.04,0.0,695.0,699.0,3.0,38.4,32.0,Individual,5,High Risk,Manual Review
98956390,12000.0, 60 months,25.49,E,E4,2 years,RENT,40050.0,Source Verified,debt_consolidation,GA,17.22,1.0,675.0,679.0,0.0,83.8,12.0,Individual,5,High Risk,Manual Review
99249523,35000.0, 60 months,15.99,C,C5,4 years,MORTGAGE,76000.0,Verified,debt_consolidation,PA,34.63,1.0,665.0,669.0,1.0,94.3,26.0,Joint App,5,High Risk,Manual Review
99536280,2800.0, 36 months,15.99,C,C5,10+ years,MORTGAGE,111000.0,Not Verified,credit_card,NC,31.18,1.0,665.0,669.0,1.0,84.2,28.0,Individual,5,High Risk,Manual Review
99244303,36000.0, 60 months,30.79,G,G1,2 years,MORTGAGE,123051.76,Verified,major_purchase,LA,31.86,0.0,715.0,719.0,3.0,44.9,28.0,Individual,5,High Risk,Manual Review
99239845,2400.0, 36 months,30.74,F,F5,< 1 year,MORTGAGE,24000.0,Verified,debt_consolidation,PA,31.2,0.0,705.0,709.0,2.0,18.3,15.0,Individual,5,High Risk,Manual Review
99238154,10000.0, 60 months,22.74,E,E1,3 years,RENT,34000.0,Not Verified,credit_card,TX,33.5,0.0,715.0,719.0,0.0,79.7,16.0,Individual,5,High Risk,Manual Review
98865175,21000.0, 60 months,22.74,E,E1,10+ years,MORTGAGE,65000.0,Verified,debt_consolidation,CA,32.7,0.0,695.0,699.0,0.0,54.1,55.0,Individual,5,High Risk,Manual Review
98948091,28950.0, 60 months,30.89,G,G3,9 years,MORTGAGE,115800.0,Verified,credit_card,NJ,31.06,0.0,705.0,709.0,0.0,48.6,23.0,Individual,5,High Risk,Manual Review
98837419,23800.0, 60 months,28.69,F,F1,2 years,MORTGAGE,27040.0,Verified,debt_consolidation,MO,47.05,0.0,660.0,664.0,2.0,63.1,26.0,Joint App,5,High Risk,Manual Review
97710170,10000.0, 36 months,26.24,E,E5,< 1 year,MORTGAGE,102000.0,Verified,debt_consolidation,IN,30.33,0.0,660.0,664.0,5.0,58.3,36.0,Individual,5,High Risk,Manual Review
98906739,35000.0, 60 months,28.69,F,F1,4 years,OWN,95000.0,Source Verified,credit_card,VA,34.05,1.0,695.0,699.0,0.0,67.0,18.0,Individual,6,High Risk,Manual Review
99515254,35000.0, 36 months,22.74,E,E1,2 years,MORTGAGE,120000.0,Source Verified,debt_consolidation,IL,31.04,0.0,665.0,669.0,1.0,66.6,20.0,Individual,5,High Risk,Manual Review
98838526,28000.0, 36 months,29.99,F,F3,5 years,MORTGAGE,60000.0,Source Verified,other,CO,32.72,0.0,690.0,694.0,0.0,90.9,23.0,Individual,6,High Risk,Manual Review
99250408,10000.0, 60 months,22.74,E,E1,2 years,OWN,38000.0,Not Verified,credit_card,MA,30.23,0.0,740.0,744.0,2.0,34.0,18.0,Individual,5,High Risk,Manual Review
98717384,22325.0, 60 months,30.79,G,G1,8 years,MORTGAGE,62000.0,Verified,debt_consolidation,PA,32.31,1.0,680.0,684.0,1.0,51.0,32.0,Individual,6,High Risk,Manual Review
99241947,27425.0, 60 months,22.74,E,E1,,MORTGAGE,65349.0,Verified,debt_consolidation,FL,34.25,5.0,675.0,679.0,1.0,94.5,37.0,Individual,7,High Risk,Manual Review
97884877,12800.0, 60 months,30.49,F,F4,1 year,MORTGAGE,72000.0,Verified,debt_consolidation,AZ,31.22,0.0,675.0,679.0,0.0,84.3,29.0,Individual,6,High Risk,Manual Review
98827858,15000.0, 60 months,28.69,F,F1,6 years,MORTGAGE,43200.0,Source Verified,debt_consolidation,GA,30.4,0.0,710.0,714.0,1.0,65.0,24.0,Individual,5,High Risk,Manual Review
98776235,2000.0, 36 months,25.49,E,E4,,RENT,26000.0,Verified,debt_consolidation,NY,30.66,0.0,670.0,674.0,0.0,73.5,15.0,Individual,5,High Risk,Manual Review
98948633,35000.0, 36 months,30.79,G,G1,2 years,MORTGAGE,151000.0,Verified,debt_consolidation,TX,33.84,0.0,740.0,744.0,4.0,33.5,48.0,Individual,5,High Risk,Manual Review
98707354,12000.0, 36 months,23.99,E,E2,1 year,MORTGAGE,36000.0,Source Verified,debt_consolidation,SC,30.73,0.0,685.0,689.0,0.0,54.1,25.0,Individual,5,High Risk,Manual Review
98717589,8300.0, 36 months,22.74,E,E1,4 years,MORTGAGE,55000.0,Source Verified,debt_consolidation,TX,31.06,1.0,690.0,694.0,0.0,44.0,20.0,Individual,6,High Risk,Manual Review
99236932,19150.0, 60 months,28.69,F,F1,8 years,RENT,54641.0,Verified,debt_consolidation,MA,33.23,0.0,675.0,679.0,1.0,86.2,38.0,Individual,6,High Risk,Manual Review
98805791,5000.0, 36 months,26.24,E,E5,,MORTGAGE,48000.0,Verified,other,GA,32.92,1.0,670.0,674.0,2.0,45.3,34.0,Individual,6,High Risk,Manual Review
99460114,10000.0, 36 months,22.74,E,E1,5 years,RENT,35000.0,Not Verified,home_improvement,OH,34.93,0.0,705.0,709.0,0.0,85.3,16.0,Individual,6,High Risk,Manual Review
98177882,22000.0, 36 months,23.99,E,E2,3 years,RENT,50000.0,Source Verified,debt_consolidation,CA,18.26,1.0,660.0,664.0,0.0,80.3,17.0,Individual,5,High Risk,Manual Review
98927705,11200.0, 60 months,30.94,G,G4,1 year,RENT,40000.0,Verified,renewable_energy,CA,33.15,0.0,670.0,674.0,0.0,84.5,9.0,Individual,6,High Risk,Manual Review
99254373,24000.0, 36 months,30.89,G,G3,10+ years,OWN,81900.0,Verified,debt_consolidation,AL,31.85,0.0,670.0,674.0,0.0,62.1,45.0,Individual,5,High Risk,Manual Review
98707551,21000.0, 60 months,29.49,F,F2,4 years,MORTGAGE,94000.0,Source Verified,debt_consolidation,FL,19.62,2.0,660.0,664.0,0.0,91.7,21.0,Individual,5,High Risk,Manual Review
98347223,6500.0, 36 months,19.99,D,D4,< 1 year,MORTGAGE,85000.0,Verified,home_improvement,NJ,31.51,2.0,665.0,669.0,0.0,85.0,20.0,Individual,5,High Risk,Manual Review
97486447,35000.0, 60 months,30.94,G,G4,10+ years,OWN,84500.0,Verified,debt_consolidation,CA,33.49,0.0,665.0,669.0,1.0,89.5,30.0,Individual,6,High Risk,Manual Review
98755393,10800.0, 36 months,23.99,E,E2,1 year,RENT,39000.0,Verified,debt_consolidation,FL,32.01,0.0,685.0,689.0,1.0,49.4,28.0,Individual,5,High Risk,Manual Review
98154788,4800.0, 36 months,17.99,D,D2,3 years,MORTGAGE,89000.0,Source Verified,debt_consolidation,MS,30.55,1.0,670.0,674.0,0.0,93.9,30.0,Individual,5,High Risk,Manual Review
98897430,15600.0, 60 months,23.99,E,E2,10+ years,MORTGAGE,83000.0,Not Verified,credit_card,OH,30.51,0.0,695.0,699.0,0.0,87.0,24.0,Individual,6,High Risk,Manual Review
99232131,16000.0, 60 months,29.49,F,F2,< 1 year,OWN,60000.0,Source Verified,home_improvement,TX,30.17,0.0,675.0,679.0,0.0,66.5,19.0,Individual,5,High Risk,Manual Review
98817116,14000.0, 60 months,30.74,F,F5,2 years,RENT,45000.0,Verified,other,MN,3.97,1.0,665.0,669.0,0.0,97.7,9.0,Individual,5,High Risk,Manual Review
98927243,18550.0, 60 months,26.24,E,E5,6 years,OWN,25000.0,Verified,debt_consolidation,SC,41.0,1.0,685.0,689.0,0.0,40.2,18.0,Joint App,6,High Risk,Manual Review
99234519,10000.0, 36 months,29.99,F,F3,10+ years,OWN,80000.0,Not Verified,home_improvement,IL,30.5,1.0,730.0,734.0,4.0,14.6,25.0,Individual,6,High Risk,Manual Review
97397938,29275.0, 60 months,28.69,F,F1,10+ years,RENT,75000.0,Verified,debt_consolidation,OH,31.38,0.0,680.0,684.0,1.0,30.3,35.0,Individual,5,High Risk,Manual Review
98707206,7800.0, 36 months,22.74,E,E1,9 years,RENT,32000.0,Source Verified,debt_consolidation,OR,20.11,3.0,670.0,674.0,0.0,96.2,17.0,Individual,5,High Risk,Manual Review
98747026,7425.0, 36 months,22.74,E,E1,2 years,RENT,35000.0,Verified,debt_consolidation,NC,32.03,0.0,660.0,664.0,0.0,56.0,25.0,Individual,5,High Risk,Manual Review
99107118,24000.0, 60 months,23.99,E,E2,2 years,MORTGAGE,40000.0,Verified,credit_card,WI,57.3,3.0,670.0,674.0,0.0,86.6,35.0,Joint App,7,High Risk,Manual Review
98127043,19775.0, 60 months,26.24,E,E5,10+ years,RENT,43000.0,Source Verified,debt_consolidation,CA,31.98,0.0,695.0,699.0,0.0,49.9,15.0,Individual,5,High Risk,Manual Review
98816863,15000.0, 60 months,30.74,F,F5,,MORTGAGE,53893.0,Verified,other,TX,33.9,0.0,685.0,689.0,1.0,71.9,53.0,Individual,5,High Risk,Manual Review
99228550,14250.0, 36 months,28.69,F,F1,3 years,RENT,33979.0,Verified,debt_consolidation,SC,31.61,0.0,730.0,734.0,0.0,68.3,17.0,Individual,5,High Risk,Manual Review
98961360,21000.0, 60 months,15.99,C,C5,7 years,MORTGAGE,160000.0,Verified,debt_consolidation,MD,31.41,1.0,670.0,674.0,0.0,93.7,23.0,Joint App,5,High Risk,Manual Review
97954645,35000.0, 60 months,28.69,F,F1,1 year,MORTGAGE,110000.0,Verified,debt_consolidation,CA,19.59,3.0,660.0,664.0,0.0,90.9,36.0,Individual,5,High Risk,Manual Review
98033918,12675.0, 36 months,30.79,G,G1,10+ years,OWN,61500.0,Source Verified,debt_consolidation,ME,34.5,0.0,695.0,699.0,0.0,73.8,25.0,Individual,5,High Risk,Manual Review
98960893,23200.0, 60 months,29.99,F,F3,10+ years,MORTGAGE,35000.0,Verified,debt_consolidation,VA,31.24,0.0,725.0,729.0,1.0,67.4,14.0,Joint App,5,High Risk,Manual Review
98717714,12000.0, 60 months,22.74,E,E1,10+ years,MORTGAGE,52000.0,Not Verified,debt_consolidation,OH,31.36,0.0,675.0,679.0,0.0,72.5,19.0,Individual,5,High Risk,Manual Review
98726227,15000.0, 36 months,26.24,E,E5,9 years,RENT,40000.0,Source Verified,credit_card,CA,30.12,0.0,675.0,679.0,0.0,82.5,24.0,Individual,6,High Risk,Manual Review
98896451,18000.0, 60 months,30.49,F,F4,10+ years,MORTGAGE,123989.0,Not Verified,debt_consolidation,MD,34.3,0.0,700.0,704.0,3.0,44.9,60.0,Individual,5,High Risk,Manual Review
98808189,20000.0, 60 months,22.74,E,E1,10+ years,MORTGAGE,68000.0,Not Verified,debt_consolidation,WA,30.07,0.0,720.0,724.0,0.0,31.0,35.0,Individual,5,High Risk,Manual Review
98126204,10675.0, 60 months,23.99,E,E2,,MORTGAGE,51000.0,Verified,medical,NJ,24.68,4.0,665.0,669.0,1.0,94.8,27.0,Individual,5,High Risk,Manual Review
97924413,12000.0, 60 months,26.24,E,E5,10+ years,RENT,30000.0,Source Verified,debt_consolidation,WA,18.44,1.0,665.0,669.0,0.0,86.3,11.0,Individual,5,High Risk,Manual Review
98867108,11900.0, 60 months,28.69,F,F1,10+ years,OWN,65000.0,Not Verified,debt_consolidation,NY,32.29,0.0,710.0,714.0,1.0,33.4,26.0,Individual,5,High Risk,Manual Review
99107178,12000.0, 36 months,28.69,F,F1,,RENT,35000.0,Source Verified,major_purchase,CA,32.99,0.0,670.0,674.0,0.0,31.0,12.0,Individual,5,High Risk,Manual Review
97954369,10000.0, 36 months,24.74,E,E3,6 years,RENT,65000.0,Verified,major_purchase,NY,32.05,0.0,675.0,679.0,0.0,85.1,24.0,Individual,6,High Risk,Manual Review
98805777,33750.0, 60 months,26.24,E,E5,< 1 year,MORTGAGE,85000.0,Verified,debt_consolidation,CA,30.45,1.0,670.0,674.0,0.0,88.3,23.0,Individual,7,High Risk,Manual Review
98716065,16000.0, 60 months,25.49,E,E4,10+ years,OWN,52000.0,Source Verified,debt_consolidation,CT,34.01,0.0,675.0,679.0,1.0,46.6,34.0,Individual,5,High Risk,Manual Review
98004902,2400.0, 36 months,23.99,E,E2,10+ years,OWN,70000.0,Source Verified,small_business,CA,33.58,0.0,670.0,674.0,0.0,65.8,18.0,Individual,5,High Risk,Manual Review
98966881,39800.0, 60 months,28.69,F,F1,,MORTGAGE,83200.0,Verified,debt_consolidation,NY,42.0,0.0,685.0,689.0,1.0,82.1,28.0,Joint App,6,High Risk,Manual Review
97409530,25600.0, 36 months,30.74,F,F5,8 years,RENT,80000.0,Verified,credit_card,CA,31.29,0.0,675.0,679.0,3.0,44.5,27.0,Individual,5,High Risk,Manual Review
98828197,15900.0, 60 months,25.49,E,E4,10+ years,OWN,65000.0,Not Verified,debt_consolidation,OK,33.22,0.0,705.0,709.0,0.0,88.5,26.0,Individual,6,High Risk,Manual Review
98149407,30000.0, 60 months,29.99,F,F3,5 years,RENT,30000.0,Verified,debt_consolidation,CA,58.44,0.0,660.0,664.0,1.0,61.2,24.0,Joint App,5,High Risk,Manual Review
98126238,14325.0, 36 months,22.74,E,E1,10+ years,MORTGAGE,55000.0,Source Verified,debt_consolidation,KY,34.34,1.0,665.0,669.0,1.0,43.8,32.0,Individual,6,High Risk,Manual Review
97859308,6000.0, 36 months,23.99,E,E2,< 1 year,RENT,21000.0,Verified,debt_consolidation,PA,30.17,0.0,695.0,699.0,1.0,21.0,14.0,Individual,5,High Risk,Manual Review
97864523,15200.0, 60 months,29.99,F,F3,10+ years,MORTGAGE,40000.0,Not Verified,major_purchase,MI,34.68,0.0,745.0,749.0,2.0,98.1,6.0,Individual,6,High Risk,Manual Review
98964157,15150.0, 36 months,29.49,F,F2,3 years,RENT,83000.0,Source Verified,debt_consolidation,CA,31.68,1.0,680.0,684.0,0.0,52.0,20.0,Individual,6,High Risk,Manual Review
98887847,25000.0, 60 months,25.49,E,E4,10+ years,RENT,57247.0,Not Verified,debt_consolidation,NJ,32.1,0.0,700.0,704.0,2.0,30.2,77.0,Individual,5,High Risk,Manual Review
98796448,25600.0, 36 months,30.94,G,G4,10+ years,OWN,72482.0,Verified,other,AR,31.99,0.0,700.0,704.0,3.0,68.8,34.0,Individual,5,High Risk,Manual Review
98959105,1600.0, 36 months,22.74,E,E1,10+ years,MORTGAGE,34000.0,Verified,other,PA,31.16,0.0,680.0,684.0,0.0,97.7,19.0,Individual,6,High Risk,Manual Review
98966319,8000.0, 36 months,22.74,E,E1,4 years,RENT,42000.0,Source Verified,other,FL,30.29,1.0,700.0,704.0,2.0,36.0,18.0,Individual,6,High Risk,Manual Review
98815734,30000.0, 60 months,15.99,C,C5,10+ years,MORTGAGE,72000.0,Verified,credit_card,AL,32.3,2.0,665.0,669.0,0.0,85.0,19.0,Individual,5,High Risk,Manual Review
98034644,23975.0, 36 months,17.99,D,D2,1 year,MORTGAGE,65000.0,Source Verified,debt_consolidation,MS,33.35,1.0,670.0,674.0,0.0,87.8,30.0,Individual,5,High Risk,Manual Review
98439263,23400.0, 60 months,29.49,F,F2,5 years,MORTGAGE,52000.0,Verified,debt_consolidation,UT,32.54,0.0,675.0,679.0,0.0,83.7,45.0,Individual,6,High Risk,Manual Review
98766369,32150.0, 36 months,24.74,E,E3,10+ years,RENT,94000.0,Verified,debt_consolidation,CA,34.12,0.0,680.0,684.0,0.0,64.0,39.0,Individual,5,High Risk,Manual Review
99227142,12000.0, 36 months,16.99,D,D1,1 year,OWN,44140.8,Source Verified,debt_consolidation,TX,34.61,1.0,670.0,674.0,0.0,83.9,22.0,Individual,5,High Risk,Manual Review
98052335,16000.0, 60 months,25.49,E,E4,6 years,MORTGAGE,73000.0,Source Verified,home_improvement,DE,34.21,1.0,670.0,674.0,0.0,78.0,14.0,Individual,6,High Risk,Manual Review
96981500,11000.0, 36 months,24.74,E,E3,3 years,MORTGAGE,57300.0,Source Verified,debt_consolidation,OK,33.93,0.0,715.0,719.0,3.0,43.4,71.0,Individual,5,High Risk,Manual Review
98186464,13500.0, 60 months,23.99,E,E2,< 1 year,RENT,35000.0,Source Verified,credit_card,OH,32.0,0.0,685.0,689.0,0.0,77.4,17.0,Individual,5,High Risk,Manual Review
97285040,7125.0, 36 months,28.69,F,F1,10+ years,MORTGAGE,77000.0,Verified,debt_consolidation,OR,33.03,10.0,690.0,694.0,0.0,68.3,44.0,Individual,6,High Risk,Manual Review
98805642,16000.0, 60 months,22.74,E,E1,,MORTGAGE,75000.0,Verified,debt_consolidation,FL,31.5,0.0,690.0,694.0,1.0,58.6,29.0,Individual,5,High Risk,Manual Review
98925854,14000.0, 60 months,25.49,E,E4,5 years,RENT,165000.0,Source Verified,debt_consolidation,NY,30.14,0.0,690.0,694.0,0.0,83.2,36.0,Individual,6,High Risk,Manual Review
97789513,19800.0, 60 months,30.49,F,F4,< 1 year,OWN,55000.0,Verified,debt_consolidation,GA,32.05,2.0,670.0,674.0,0.0,68.5,43.0,Individual,6,High Risk,Manual Review
98935151,11000.0, 36 months,23.99,E,E2,10+ years,MORTGAGE,40000.0,Verified,home_improvement,FL,30.46,0.0,665.0,669.0,1.0,31.5,20.0,Individual,5,High Risk,Manual Review
98715388,25000.0, 60 months,29.49,F,F2,3 years,MORTGAGE,50000.0,Verified,debt_consolidation,VA,32.14,0.0,670.0,674.0,0.0,72.2,30.0,Individual,5,High Risk,Manual Review
98064847,27450.0, 36 months,24.74,E,E3,5 years,RENT,61000.0,Verified,debt_consolidation,NY,22.62,3.0,660.0,664.0,2.0,92.0,14.0,Individual,5,High Risk,Manual Review
98267531,18000.0, 60 months,22.74,E,E1,10+ years,MORTGAGE,90000.0,Not Verified,debt_consolidation,NJ,32.73,0.0,720.0,724.0,1.0,71.2,24.0,Individual,5,High Risk,Manual Review
98125833,31500.0, 60 months,23.99,E,E2,10+ years,MORTGAGE,70000.0,Verified,debt_consolidation,IN,32.25,1.0,660.0,664.0,0.0,78.0,27.0,Individual,6,High Risk,Manual Review
98014021,11675.0, 60 months,22.74,E,E1,1 year,MORTGAGE,87000.0,Verified,debt_consolidation,TX,30.46,1.0,675.0,679.0,1.0,53.0,30.0,Individual,6,High Risk,Manual Review
98054205,34025.0, 36 months,19.99,D,D4,10+ years,OWN,74000.0,Verified,debt_consolidation,CT,31.93,1.0,660.0,664.0,0.0,89.5,24.0,Individual,5,High Risk,Manual Review
98439084,9600.0, 36 months,22.74,E,E1,,OWN,30642.0,Not Verified,debt_consolidation,FL,34.39,0.0,690.0,694.0,0.0,42.8,24.0,Individual,5,High Risk,Manual Review
98179610,14100.0, 36 months,25.49,E,E4,10+ years,MORTGAGE,60000.0,Verified,debt_consolidation,PA,31.68,6.0,665.0,669.0,0.0,93.2,23.0,Individual,7,High Risk,Manual Review
97560100,7025.0, 36 months,23.99,E,E2,,MORTGAGE,22000.0,Verified,debt_consolidation,MI,33.66,0.0,715.0,719.0,0.0,78.5,7.0,Individual,5,High Risk,Manual Review
97922976,33750.0, 36 months,26.24,E,E5,2 years,RENT,75000.0,Verified,debt_consolidation,CA,31.41,0.0,665.0,669.0,2.0,42.0,53.0,Individual,5,High Risk,Manual Review
97639965,23100.0, 36 months,25.49,E,E4,,MORTGAGE,76285.2,Verified,debt_consolidation,MO,31.87,0.0,660.0,664.0,0.0,63.4,24.0,Individual,5,High Risk,Manual Review
98163939,9600.0, 36 months,26.24,E,E5,3 years,RENT,50000.0,Source Verified,debt_consolidation,CT,34.81,1.0,665.0,669.0,0.0,46.2,9.0,Individual,6,High Risk,Manual Review
97619532,18000.0, 36 months,22.74,E,E1,,OWN,36000.0,Verified,debt_consolidation,VA,34.33,0.0,670.0,674.0,0.0,96.6,19.0,Individual,6,High Risk,Manual Review
98093812,11925.0, 36 months,22.74,E,E1,10+ years,MORTGAGE,45000.0,Verified,debt_consolidation,AZ,32.29,0.0,660.0,664.0,0.0,46.7,27.0,Individual,5,High Risk,Manual Review
98287312,18000.0, 60 months,25.49,E,E4,4 years,OWN,45000.0,Source Verified,debt_consolidation,FL,34.0,0.0,695.0,699.0,0.0,34.8,28.0,Individual,5,High Risk,Manual Review
98966501,21000.0, 60 months,22.74,E,E1,7 years,RENT,65000.0,Not Verified,credit_card,FL,32.74,0.0,705.0,709.0,1.0,31.5,28.0,Individual,5,High Risk,Manual Review
98162169,12000.0, 60 months,24.74,E,E3,7 years,MORTGAGE,135000.0,Verified,home_improvement,CA,32.65,0.0,665.0,669.0,1.0,64.0,57.0,Individual,5,High Risk,Manual Review
98795693,25000.0, 60 months,25.49,E,E4,,MORTGAGE,50000.0,Not Verified,debt_consolidation,VA,32.89,0.0,770.0,774.0,0.0,37.1,25.0,Individual,5,High Risk,Manual Review
97894842,15375.0, 36 months,22.74,E,E1,1 year,RENT,80000.0,Verified,debt_consolidation,WI,31.4,1.0,660.0,664.0,2.0,32.0,16.0,Individual,6,High Risk,Manual Review
97974830,31500.0, 36 months,23.99,E,E2,10+ years,RENT,68500.0,Source Verified,home_improvement,CA,34.96,0.0,690.0,694.0,0.0,58.6,31.0,Individual,5,High Risk,Manual Review
98103937,13400.0, 36 months,28.69,F,F1,4 years,RENT,80000.0,Source Verified,debt_consolidation,TX,28.35,1.0,670.0,674.0,1.0,96.0,35.0,Individual,5,High Risk,Manual Review
98054683,14700.0, 36 months,26.24,E,E5,10+ years,RENT,89000.0,Verified,debt_consolidation,IL,31.73,0.0,660.0,664.0,0.0,88.0,37.0,Individual,6,High Risk,Manual Review
98148448,8000.0, 36 months,22.74,E,E1,3 years,RENT,25000.0,Verified,other,NY,33.69,2.0,675.0,679.0,1.0,22.5,16.0,Joint App,6,High Risk,Manual Review
96951127,14000.0, 60 months,23.99,E,E2,3 years,RENT,50000.0,Source Verified,debt_consolidation,WA,31.45,0.0,680.0,684.0,1.0,74.0,21.0,Individual,5,High Risk,Manual Review
97418069,35000.0, 60 months,25.49,E,E4,10+ years,MORTGAGE,150000.0,Verified,debt_consolidation,GA,30.15,0.0,710.0,714.0,0.0,69.7,28.0,Individual,5,High Risk,Manual Review
98169711,20000.0, 36 months,25.49,E,E4,10+ years,MORTGAGE,35000.0,Verified,debt_consolidation,MI,62.0,0.0,660.0,664.0,3.0,74.0,28.0,Joint App,5,High Risk,Manual Review
98185294,20000.0, 36 months,25.49,E,E4,1 year,RENT,36000.0,Verified,debt_consolidation,FL,42.37,0.0,670.0,674.0,1.0,88.9,24.0,Joint App,6,High Risk,Manual Review
98024367,9975.0, 36 months,22.74,E,E1,< 1 year,MORTGAGE,142000.0,Verified,debt_consolidation,IN,21.96,2.0,660.0,664.0,3.0,93.0,24.0,Individual,5,High Risk,Manual Review
97865416,35000.0, 60 months,30.89,G,G3,10+ years,OWN,90000.0,Verified,debt_consolidation,CT,32.19,0.0,700.0,704.0,0.0,86.1,12.0,Individual,6,High Risk,Manual Review
98156767,5000.0, 36 months,23.99,E,E2,6 years,MORTGAGE,25000.0,Verified,debt_consolidation,TX,40.09,0.0,685.0,689.0,0.0,91.3,11.0,Joint App,6,High Risk,Manual Review
97320273,28000.0, 36 months,22.74,E,E1,,MORTGAGE,72000.0,Verified,debt_consolidation,TX,30.48,0.0,710.0,714.0,0.0,75.1,27.0,Individual,5,High Risk,Manual Review
98125152,30000.0, 60 months,22.74,E,E1,6 years,RENT,66000.0,Verified,credit_card,MD,32.62,0.0,680.0,684.0,0.0,96.8,31.0,Individual,6,High Risk,Manual Review
96702231,6350.0, 36 months,22.74,E,E1,3 years,MORTGAGE,26500.0,Source Verified,debt_consolidation,KS,34.28,0.0,675.0,679.0,0.0,77.9,14.0,Individual,5,High Risk,Manual Review
97942498,11900.0, 60 months,23.99,E,E2,9 years,MORTGAGE,34000.0,Verified,debt_consolidation,AR,30.78,0.0,695.0,699.0,1.0,26.0,20.0,Individual,5,High Risk,Manual Review
98622132,20000.0, 60 months,25.49,E,E4,10+ years,MORTGAGE,88800.0,Source Verified,debt_consolidation,DC,30.64,0.0,710.0,714.0,1.0,68.8,25.0,Individual,5,High Risk,Manual Review
97983501,4150.0, 36 months,23.99,E,E2,,MORTGAGE,45000.0,Verified,credit_card,PA,30.67,0.0,670.0,674.0,0.0,62.7,19.0,Individual,5,High Risk,Manual Review
98014185,7000.0, 36 months,25.49,E,E4,,OWN,26078.48,Verified,debt_consolidation,MS,31.8,0.0,680.0,684.0,0.0,101.0,7.0,Individual,6,High Risk,Manual Review
97428058,20700.0, 36 months,22.74,E,E1,5 years,OWN,45000.0,Source Verified,home_improvement,MI,30.29,0.0,700.0,704.0,0.0,90.5,22.0,Individual,6,High Risk,Manual Review
98014125,6925.0, 36 months,18.99,D,D3,1 year,MORTGAGE,50000.0,Source Verified,medical,TN,31.3,2.0,695.0,699.0,0.0,87.2,20.0,Individual,5,High Risk,Manual Review
98033260,12275.0, 60 months,28.69,F,F1,,OWN,34110.0,Verified,debt_consolidation,CA,30.54,0.0,670.0,674.0,0.0,67.9,21.0,Individual,5,High Risk,Manual Review
98705124,21000.0, 60 months,22.74,E,E1,9 years,MORTGAGE,102000.0,Source Verified,debt_consolidation,NE,18.73,1.0,660.0,664.0,0.0,92.6,37.0,Individual,5,High Risk,Manual Review
97893819,3200.0, 36 months,25.49,E,E4,10+ years,MORTGAGE,56400.0,Verified,debt_consolidation,MD,33.57,1.0,670.0,674.0,0.0,87.2,22.0,Individual,7,High Risk,Manual Review
98164233,26000.0, 60 months,23.99,E,E2,7 years,RENT,43204.8,Verified,debt_consolidation,MD,30.5,0.0,665.0,669.0,0.0,70.7,23.0,Joint App,5,High Risk,Manual Review
97913429,9000.0, 36 months,22.74,E,E1,9 years,OWN,50000.0,Verified,debt_consolidation,IL,30.77,0.0,665.0,669.0,1.0,66.0,17.0,Individual,5,High Risk,Manual Review
98136613,25525.0, 60 months,22.74,E,E1,10+ years,MORTGAGE,72500.0,Verified,debt_consolidation,PA,14.15,1.0,670.0,674.0,0.0,80.2,27.0,Individual,5,High Risk,Manual Review
97395443,5000.0, 36 months,28.69,F,F1,2 years,OWN,75000.0,Source Verified,medical,TX,31.39,0.0,665.0,669.0,4.0,69.5,54.0,Individual,5,High Risk,Manual Review
98136478,22425.0, 60 months,22.74,E,E1,10+ years,OWN,51000.0,Source Verified,debt_consolidation,CA,33.72,0.0,680.0,684.0,0.0,72.2,23.0,Individual,5,High Risk,Manual Review
96255249,18925.0, 36 months,29.49,F,F2,10+ years,MORTGAGE,96000.0,Source Verified,debt_consolidation,VA,33.34,0.0,665.0,669.0,0.0,84.1,39.0,Individual,6,High Risk,Manual Review
97670959,30000.0, 60 months,30.74,F,F5,10+ years,OWN,70000.0,Verified,debt_consolidation,GA,34.6,2.0,665.0,669.0,0.0,91.8,27.0,Individual,7,High Risk,Manual Review
97983646,35000.0, 60 months,25.49,E,E4,10+ years,MORTGAGE,97000.0,Verified,debt_consolidation,ID,13.24,1.0,665.0,669.0,1.0,92.5,26.0,Individual,5,High Risk,Manual Review
96995478,25000.0, 60 months,22.74,E,E1,10+ years,MORTGAGE,110000.0,Source Verified,debt_consolidation,NY,15.7,5.0,680.0,684.0,1.0,89.1,22.0,Individual,5,High Risk,Manual Review
97439989,8000.0, 36 months,29.49,F,F2,1 year,RENT,115000.0,Verified,major_purchase,CA,32.15,0.0,665.0,669.0,1.0,58.5,27.0,Individual,5,High Risk,Manual Review
98043454,4400.0, 36 months,16.99,D,D1,10+ years,MORTGAGE,55000.0,Verified,debt_consolidation,FL,33.47,3.0,665.0,669.0,2.0,94.0,28.0,Individual,5,High Risk,Manual Review
97498537,15000.0, 36 months,28.69,F,F1,1 year,RENT,46800.0,Verified,credit_card,CA,31.59,0.0,685.0,689.0,0.0,54.6,12.0,Individual,5,High Risk,Manual Review
97477099,35000.0, 60 months,23.99,E,E2,4 years,MORTGAGE,100000.0,Source Verified,debt_consolidation,TX,32.01,0.0,665.0,669.0,0.0,81.4,48.0,Individual,6,High Risk,Manual Review
97953444,24500.0, 60 months,23.99,E,E2,3 years,RENT,58000.0,Verified,credit_card,LA,31.95,0.0,670.0,674.0,2.0,54.0,23.0,Individual,5,High Risk,Manual Review
98093047,15500.0, 60 months,23.99,E,E2,10+ years,MORTGAGE,60500.0,Verified,credit_card,CO,34.97,0.0,715.0,719.0,0.0,61.5,23.0,Individual,5,High Risk,Manual Review
97924778,24900.0, 60 months,28.69,F,F1,2 years,OWN,131000.0,Not Verified,credit_card,VA,32.49,0.0,690.0,694.0,0.0,60.5,43.0,Individual,5,High Risk,Manual Review
97258181,14000.0, 36 months,22.74,E,E1,5 years,RENT,56000.0,Verified,debt_consolidation,AR,29.08,8.0,660.0,664.0,0.0,92.3,24.0,Individual,5,High Risk,Manual Review
97500514,24000.0, 60 months,29.49,F,F2,10+ years,MORTGAGE,83500.0,Not Verified,credit_card,MI,32.75,1.0,685.0,689.0,3.0,68.6,35.0,Individual,6,High Risk,Manual Review
96891368,11400.0, 36 months,30.49,F,F4,10+ years,RENT,32000.0,Source Verified,credit_card,MA,32.78,0.0,665.0,669.0,2.0,53.9,33.0,Individual,5,High Risk,Manual Review
97923591,13200.0, 60 months,23.99,E,E2,6 years,RENT,45000.0,Verified,debt_consolidation,AL,31.41,0.0,670.0,674.0,2.0,61.0,33.0,Individual,5,High Risk,Manual Review
98156627,15000.0, 36 months,26.24,E,E5,8 years,RENT,40000.0,Verified,debt_consolidation,TN,33.69,0.0,670.0,674.0,0.0,53.1,28.0,Individual,5,High Risk,Manual Review
97769161,29500.0, 60 months,23.99,E,E2,10+ years,MORTGAGE,102000.0,Not Verified,credit_card,WI,31.4,0.0,680.0,684.0,1.0,62.7,40.0,Individual,5,High Risk,Manual Review
96994984,10000.0, 60 months,29.99,F,F3,10+ years,MORTGAGE,38559.0,Verified,credit_card,MS,18.15,1.0,660.0,664.0,1.0,93.7,20.0,Individual,5,High Risk,Manual Review
96984989,17100.0, 60 months,30.49,F,F4,8 years,RENT,38000.0,Verified,debt_consolidation,NY,31.36,0.0,660.0,664.0,0.0,57.0,24.0,Individual,5,High Risk,Manual Review
96731756,19200.0, 60 months,30.99,G,G5,3 years,MORTGAGE,90000.0,Verified,debt_consolidation,MA,32.77,0.0,715.0,719.0,0.0,76.3,24.0,Individual,5,High Risk,Manual Review
97913051,30000.0, 60 months,23.99,E,E2,3 years,MORTGAGE,72000.0,Verified,debt_consolidation,TN,30.94,1.0,670.0,674.0,0.0,41.9,51.0,Individual,6,High Risk,Manual Review
98146468,6125.0, 36 months,18.99,D,D3,,MORTGAGE,63634.0,Verified,debt_consolidation,FL,34.02,1.0,670.0,674.0,0.0,84.5,31.0,Individual,5,High Risk,Manual Review
97561109,25000.0, 36 months,23.99,E,E2,2 years,MORTGAGE,45000.0,Verified,debt_consolidation,IN,43.1,0.0,695.0,699.0,0.0,60.0,15.0,Joint App,5,High Risk,Manual Review
96605950,15000.0, 60 months,23.99,E,E2,,OWN,48000.0,Verified,debt_consolidation,TX,34.45,0.0,680.0,684.0,0.0,100.0,13.0,Individual,6,High Risk,Manual Review
97865561,14850.0, 36 months,22.74,E,E1,1 year,RENT,41250.0,Verified,medical,CA,34.13,0.0,660.0,664.0,1.0,58.3,19.0,Individual,5,High Risk,Manual Review
97942976,20000.0, 60 months,22.74,E,E1,10+ years,MORTGAGE,55395.26,Verified,other,TX,17.74,2.0,670.0,674.0,0.0,80.7,30.0,Individual,5,High Risk,Manual Review
98082684,7000.0, 36 months,23.99,E,E2,< 1 year,RENT,26400.0,Source Verified,debt_consolidation,CA,30.68,0.0,725.0,729.0,1.0,21.7,22.0,Individual,5,High Risk,Manual Review
97729688,21000.0, 60 months,23.99,E,E2,1 year,MORTGAGE,100000.0,Source Verified,debt_consolidation,CA,28.74,2.0,660.0,664.0,0.0,82.4,63.0,Individual,5,High Risk,Manual Review
98042665,32400.0, 60 months,26.24,E,E5,9 years,MORTGAGE,105000.0,Verified,debt_consolidation,LA,34.32,0.0,720.0,724.0,0.0,40.7,31.0,Individual,5,High Risk,Manual Review
98112329,10000.0, 36 months,28.69,F,F1,1 year,RENT,25000.0,Source Verified,credit_card,NY,30.89,0.0,675.0,679.0,3.0,61.3,21.0,Individual,5,High Risk,Manual Review
97882271,10000.0, 60 months,28.69,F,F1,10+ years,MORTGAGE,96000.0,Not Verified,debt_consolidation,TX,33.04,2.0,660.0,664.0,4.0,90.0,43.0,Individual,7,High Risk,Manual Review
98162557,12000.0, 60 months,22.74,E,E1,7 years,MORTGAGE,43000.0,Not Verified,debt_consolidation,PA,31.96,1.0,690.0,694.0,1.0,59.1,19.0,Individual,6,High Risk,Manual Review
98113772,24000.0, 60 months,28.69,F,F1,5 years,RENT,59000.0,Verified,credit_card,FL,33.98,0.0,670.0,674.0,0.0,93.6,34.0,Individual,6,High Risk,Manual Review
97942972,24000.0, 60 months,30.49,F,F4,10+ years,RENT,95000.0,Source Verified,debt_consolidation,VA,33.78,0.0,675.0,679.0,0.0,85.2,31.0,Individual,6,High Risk,Manual Review
97490618,20300.0, 36 months,18.99,D,D3,10+ years,MORTGAGE,61000.0,Verified,debt_consolidation,CT,32.01,2.0,670.0,674.0,0.0,83.4,22.0,Individual,5,High Risk,Manual Review
97594670,12600.0, 36 months,25.49,E,E4,1 year,RENT,35000.0,Verified,debt_consolidation,NC,32.58,0.0,665.0,669.0,0.0,83.0,17.0,Individual,6,High Risk,Manual Review
97893280,21000.0, 60 months,22.74,E,E1,6 years,RENT,112565.0,Not Verified,debt_consolidation,CA,14.74,2.0,675.0,679.0,0.0,94.4,14.0,Individual,5,High Risk,Manual Review
97770784,6250.0, 36 months,23.99,E,E2,2 years,RENT,24500.0,Verified,debt_consolidation,CA,33.02,0.0,690.0,694.0,1.0,34.6,11.0,Individual,5,High Risk,Manual Review
97869825,15750.0, 36 months,24.74,E,E3,< 1 year,RENT,32640.0,Verified,debt_consolidation,CA,33.82,4.0,670.0,674.0,0.0,51.7,17.0,Individual,6,High Risk,Manual Review
97347095,12050.0, 60 months,26.24,E,E5,6 years,RENT,36500.0,Verified,debt_consolidation,FL,31.08,0.0,680.0,684.0,1.0,63.0,14.0,Individual,5,High Risk,Manual Review
97963072,15000.0, 36 months,30.89,G,G3,10+ years,OWN,48000.0,Source Verified,debt_consolidation,FL,30.47,0.0,720.0,724.0,1.0,28.9,19.0,Individual,5,High Risk,Manual Review
97861480,33575.0, 60 months,23.99,E,E2,2 years,MORTGAGE,73000.0,Source Verified,debt_consolidation,FL,30.22,1.0,660.0,664.0,1.0,68.6,41.0,Joint App,6,High Risk,Manual Review
97770047,35000.0, 36 months,19.99,D,D4,10+ years,MORTGAGE,102000.0,Verified,debt_consolidation,CT,32.79,1.0,670.0,674.0,0.0,96.1,43.0,Individual,5,High Risk,Manual Review
97680915,10000.0, 60 months,23.99,E,E2,10+ years,OWN,28897.16,Source Verified,debt_consolidation,NC,30.36,0.0,670.0,674.0,0.0,32.4,29.0,Individual,5,High Risk,Manual Review
98112200,16000.0, 60 months,26.24,E,E5,10+ years,MORTGAGE,50000.0,Verified,debt_consolidation,NC,31.16,0.0,665.0,669.0,0.0,43.9,21.0,Individual,5,High Risk,Manual Review
97348687,15000.0, 60 months,28.69,F,F1,3 years,OWN,50000.0,Source Verified,other,DE,32.31,1.0,680.0,684.0,0.0,53.4,15.0,Individual,6,High Risk,Manual Review
97445824,31250.0, 36 months,24.74,E,E3,10+ years,MORTGAGE,185000.0,Verified,major_purchase,TX,33.5,0.0,695.0,699.0,4.0,39.7,49.0,Individual,5,High Risk,Manual Review
97330426,15150.0, 60 months,30.74,F,F5,4 years,RENT,41600.0,Verified,debt_consolidation,NY,33.32,0.0,670.0,674.0,2.0,53.0,24.0,Individual,5,High Risk,Manual Review
98155228,5000.0, 36 months,23.99,E,E2,10+ years,MORTGAGE,65000.0,Verified,debt_consolidation,CA,31.81,0.0,665.0,669.0,1.0,41.0,20.0,Individual,5,High Risk,Manual Review
97288246,20000.0, 60 months,25.49,E,E4,10+ years,MORTGAGE,65000.0,Not Verified,debt_consolidation,CA,30.59,1.0,665.0,669.0,1.0,59.4,40.0,Individual,6,High Risk,Manual Review
97308652,25000.0, 36 months,24.74,E,E3,3 years,OWN,100000.0,Not Verified,home_improvement,OK,33.43,1.0,680.0,684.0,4.0,60.6,52.0,Individual,6,High Risk,Manual Review
97350528,18625.0, 36 months,26.24,E,E5,7 years,RENT,52000.0,Source Verified,debt_consolidation,NY,34.13,0.0,665.0,669.0,0.0,68.2,30.0,Individual,5,High Risk,Manual Review
97710400,35000.0, 60 months,25.49,E,E4,3 years,MORTGAGE,132000.0,Verified,debt_consolidation,PA,16.9,2.0,665.0,669.0,0.0,100.3,28.0,Individual,5,High Risk,Manual Review
97358354,10000.0, 36 months,23.99,E,E2,2 years,RENT,34000.0,Verified,debt_consolidation,CT,31.1,0.0,680.0,684.0,2.0,48.7,15.0,Individual,5,High Risk,Manual Review
97830367,24000.0, 60 months,28.69,F,F1,2 years,RENT,70000.0,Source Verified,credit_card,MA,18.26,1.0,665.0,669.0,0.0,94.9,34.0,Individual,5,High Risk,Manual Review
97789894,12000.0, 60 months,25.49,E,E4,3 years,MORTGAGE,48000.0,Verified,debt_consolidation,NY,32.33,0.0,680.0,684.0,0.0,40.6,30.0,Individual,5,High Risk,Manual Review
97720801,14000.0, 36 months,23.99,E,E2,7 years,OWN,42500.0,Verified,debt_consolidation,MI,34.82,0.0,700.0,704.0,0.0,92.1,14.0,Individual,6,High Risk,Manual Review
97305708,20700.0, 36 months,17.99,D,D2,10+ years,MORTGAGE,144000.0,Verified,credit_card,CO,32.38,1.0,665.0,669.0,1.0,86.5,27.0,Individual,5,High Risk,Manual Review
97720667,17000.0, 60 months,22.74,E,E1,6 years,MORTGAGE,38000.0,Source Verified,debt_consolidation,TX,18.76,1.0,665.0,669.0,1.0,87.5,26.0,Individual,5,High Risk,Manual Review
97840535,8000.0, 36 months,28.69,F,F1,1 year,RENT,30000.0,Source Verified,debt_consolidation,MI,34.9,0.0,665.0,669.0,3.0,32.4,29.0,Individual,5,High Risk,Manual Review
97669734,3600.0, 36 months,25.49,E,E4,4 years,RENT,43000.0,Verified,debt_consolidation,AZ,34.19,0.0,660.0,664.0,0.0,45.9,39.0,Individual,5,High Risk,Manual Review
98153228,12000.0, 60 months,16.99,D,D1,2 years,MORTGAGE,118000.0,Not Verified,debt_consolidation,NC,34.38,1.0,690.0,694.0,0.0,92.3,31.0,Individual,5,High Risk,Manual Review
97862502,28000.0, 60 months,22.74,E,E1,3 years,MORTGAGE,32000.0,Verified,debt_consolidation,MI,54.28,0.0,665.0,669.0,0.0,90.3,33.0,Joint App,6,High Risk,Manual Review
97730037,24000.0, 36 months,23.99,E,E2,3 years,MORTGAGE,73000.0,Verified,debt_consolidation,TX,31.32,0.0,680.0,684.0,0.0,79.9,19.0,Individual,5,High Risk,Manual Review
97379135,35000.0, 60 months,25.49,E,E4,< 1 year,MORTGAGE,425000.0,Source Verified,debt_consolidation,CO,9.28,1.0,700.0,704.0,4.0,98.0,20.0,Individual,5,High Risk,Manual Review
96984694,27500.0, 60 months,28.69,F,F1,,RENT,59796.0,Verified,debt_consolidation,NY,34.46,3.0,695.0,699.0,0.0,16.2,43.0,Individual,6,High Risk,Manual Review
97318518,12675.0, 60 months,26.24,E,E5,10+ years,RENT,50000.0,Source Verified,debt_consolidation,CA,34.47,0.0,715.0,719.0,0.0,83.1,13.0,Individual,6,High Risk,Manual Review
96985442,16800.0, 60 months,25.49,E,E4,,OWN,35000.0,Not Verified,credit_card,NC,32.93,0.0,715.0,719.0,0.0,43.2,26.0,Individual,5,High Risk,Manual Review
98042496,5325.0, 36 months,28.69,F,F1,9 years,RENT,21000.0,Source Verified,credit_card,NY,32.4,0.0,715.0,719.0,1.0,27.4,24.0,Individual,5,High Risk,Manual Review
97690158,35000.0, 60 months,15.99,C,C5,2 years,MORTGAGE,60000.0,Verified,major_purchase,IN,31.24,3.0,660.0,664.0,1.0,99.9,28.0,Joint App,5,High Risk,Manual Review
96702880,12575.0, 60 months,26.24,E,E5,10+ years,MORTGAGE,40000.0,Verified,other,WA,32.61,0.0,700.0,704.0,0.0,43.0,25.0,Individual,5,High Risk,Manual Review
98072152,23425.0, 60 months,30.74,F,F5,10+ years,RENT,77000.0,Not Verified,credit_card,PA,34.68,0.0,680.0,684.0,0.0,56.3,34.0,Individual,5,High Risk,Manual Review
97290025,24775.0, 60 months,26.24,E,E5,3 years,RENT,50000.0,Source Verified,debt_consolidation,GA,32.02,1.0,670.0,674.0,0.0,71.4,20.0,Individual,6,High Risk,Manual Review
97339945,15000.0, 60 months,23.99,E,E2,3 years,MORTGAGE,55000.0,Source Verified,home_improvement,FL,30.07,0.0,700.0,704.0,0.0,56.0,11.0,Individual,5,High Risk,Manual Review
97605801,32000.0, 60 months,23.99,E,E2,10+ years,MORTGAGE,76812.0,Verified,debt_consolidation,WA,39.43,0.0,730.0,734.0,0.0,46.8,29.0,Joint App,5,High Risk,Manual Review
97558846,10175.0, 36 months,23.99,E,E2,< 1 year,MORTGAGE,31000.0,Verified,debt_consolidation,TX,42.08,0.0,665.0,669.0,0.0,99.6,18.0,Joint App,6,High Risk,Manual Review
97582708,16000.0, 60 months,25.49,E,E4,7 years,RENT,52000.0,Not Verified,debt_consolidation,MI,31.65,1.0,710.0,714.0,0.0,34.6,40.0,Individual,6,High Risk,Manual Review
97435416,31025.0, 60 months,23.99,E,E2,9 years,RENT,97000.0,Verified,debt_consolidation,FL,31.26,0.0,700.0,704.0,0.0,81.4,27.0,Individual,6,High Risk,Manual Review
97336803,6000.0, 36 months,23.99,E,E2,6 years,OWN,61000.0,Not Verified,debt_consolidation,NY,34.04,0.0,680.0,684.0,0.0,98.2,13.0,Individual,6,High Risk,Manual Review
96994242,14000.0, 60 months,22.74,E,E1,10+ years,MORTGAGE,55000.0,Source Verified,credit_card,AR,33.84,0.0,685.0,689.0,1.0,91.9,25.0,Individual,6,High Risk,Manual Review
97297270,15000.0, 60 months,29.99,F,F3,2 years,MORTGAGE,125000.0,Verified,home_improvement,LA,31.76,0.0,690.0,694.0,1.0,73.6,34.0,Individual,5,High Risk,Manual Review
97112796,22000.0, 36 months,16.99,D,D1,6 years,MORTGAGE,87000.0,Verified,debt_consolidation,NY,30.79,1.0,665.0,669.0,1.0,92.2,44.0,Individual,5,High Risk,Manual Review
97460456,16975.0, 36 months,23.99,E,E2,,RENT,38634.96,Not Verified,debt_consolidation,CO,30.14,0.0,680.0,684.0,0.0,48.6,17.0,Individual,5,High Risk,Manual Review
97809138,20000.0, 60 months,24.74,E,E3,8 years,RENT,45000.0,Verified,debt_consolidation,CA,32.21,0.0,675.0,679.0,1.0,76.0,20.0,Individual,5,High Risk,Manual Review
95641428,30000.0, 60 months,22.74,E,E1,10+ years,RENT,140000.0,Verified,home_improvement,TX,22.25,2.0,660.0,664.0,2.0,99.5,29.0,Individual,5,High Risk,Manual Review
97850664,19200.0, 60 months,28.69,F,F1,1 year,MORTGAGE,81000.0,Source Verified,credit_card,NJ,25.63,2.0,670.0,674.0,0.0,87.2,35.0,Individual,5,High Risk,Manual Review
97490316,24600.0, 36 months,24.74,E,E3,10+ years,MORTGAGE,110000.0,Source Verified,debt_consolidation,FL,32.64,0.0,660.0,664.0,1.0,90.3,25.0,Individual,6,High Risk,Manual Review
97266794,25000.0, 36 months,23.99,E,E2,4 years,RENT,75000.0,Verified,debt_consolidation,FL,30.05,0.0,670.0,674.0,1.0,76.0,17.0,Individual,5,High Risk,Manual Review
96834504,12000.0, 36 months,26.24,E,E5,4 years,OWN,55000.0,Source Verified,credit_card,MN,33.41,2.0,695.0,699.0,0.0,93.9,11.0,Individual,7,High Risk,Manual Review
97780251,27600.0, 60 months,22.74,E,E1,3 years,RENT,99000.0,Not Verified,debt_consolidation,AZ,32.95,0.0,740.0,744.0,0.0,47.6,15.0,Individual,5,High Risk,Manual Review
97419287,16000.0, 60 months,30.49,F,F4,10+ years,MORTGAGE,75000.0,Verified,debt_consolidation,MI,30.61,0.0,660.0,664.0,4.0,70.0,42.0,Individual,5,High Risk,Manual Review
97377363,4575.0, 36 months,26.24,E,E5,6 years,RENT,85400.0,Not Verified,debt_consolidation,NY,30.37,0.0,705.0,709.0,0.0,30.3,32.0,Individual,5,High Risk,Manual Review
97397226,4000.0, 36 months,23.99,E,E2,2 years,MORTGAGE,65000.0,Verified,debt_consolidation,CT,33.36,0.0,705.0,709.0,0.0,78.1,16.0,Individual,5,High Risk,Manual Review
97419285,15000.0, 60 months,23.99,E,E2,10+ years,MORTGAGE,110000.0,Verified,debt_consolidation,MD,34.34,0.0,705.0,709.0,1.0,41.5,32.0,Individual,5,High Risk,Manual Review
96633392,14000.0, 60 months,22.74,E,E1,8 years,RENT,60000.0,Verified,credit_card,IL,30.08,0.0,700.0,704.0,1.0,48.5,22.0,Individual,5,High Risk,Manual Review
97488681,3000.0, 36 months,26.24,E,E5,4 years,OWN,28000.0,Source Verified,other,NJ,30.22,0.0,670.0,674.0,0.0,61.5,33.0,Individual,5,High Risk,Manual Review
97233056,15475.0, 36 months,24.74,E,E3,10+ years,RENT,52000.0,Source Verified,debt_consolidation,TX,33.23,1.0,660.0,664.0,1.0,88.3,24.0,Individual,7,High Risk,Manual Review
97557923,8400.0, 36 months,22.74,E,E1,8 years,MORTGAGE,125000.0,Not Verified,debt_consolidation,DC,21.19,1.0,660.0,664.0,4.0,82.3,25.0,Individual,5,High Risk,Manual Review
96209814,7475.0, 36 months,29.99,F,F3,2 years,RENT,22000.0,Verified,other,CA,34.1,0.0,695.0,699.0,0.0,41.8,11.0,Individual,5,High Risk,Manual Review
96983294,5000.0, 36 months,24.74,E,E3,,MORTGAGE,61817.0,Verified,moving,TX,32.44,0.0,680.0,684.0,2.0,48.1,21.0,Individual,5,High Risk,Manual Review
97561063,21000.0, 60 months,30.79,G,G1,8 years,MORTGAGE,58000.0,Source Verified,debt_consolidation,TN,34.39,0.0,670.0,674.0,1.0,99.2,72.0,Joint App,6,High Risk,Manual Review
97475838,12000.0, 60 months,22.74,E,E1,4 years,MORTGAGE,70000.0,Verified,credit_card,OH,30.89,0.0,665.0,669.0,1.0,56.6,25.0,Individual,5,High Risk,Manual Review
96813954,30000.0, 60 months,30.49,F,F4,10+ years,OWN,125000.0,Verified,other,NJ,33.51,0.0,710.0,714.0,1.0,25.2,55.0,Individual,5,High Risk,Manual Review
97279488,15000.0, 60 months,23.99,E,E2,< 1 year,MORTGAGE,38900.0,Verified,debt_consolidation,OH,30.3,0.0,705.0,709.0,0.0,66.3,10.0,Individual,5,High Risk,Manual Review
97399988,24000.0, 60 months,25.49,E,E4,5 years,MORTGAGE,90000.0,Verified,debt_consolidation,TX,39.15,0.0,665.0,669.0,1.0,69.6,32.0,Joint App,5,High Risk,Manual Review
97629635,35000.0, 60 months,29.99,F,F3,9 years,OWN,80000.0,Verified,debt_consolidation,OR,30.45,0.0,675.0,679.0,0.0,36.7,30.0,Individual,5,High Risk,Manual Review
97568086,35000.0, 60 months,28.69,F,F1,10+ years,MORTGAGE,125000.0,Verified,debt_consolidation,LA,30.0,1.0,670.0,674.0,0.0,90.4,27.0,Individual,5,High Risk,Manual Review
97566968,16000.0, 60 months,28.69,F,F1,3 years,RENT,42000.0,Source Verified,credit_card,IN,34.46,0.0,660.0,664.0,1.0,39.0,30.0,Individual,5,High Risk,Manual Review
96993832,6000.0, 36 months,25.49,E,E4,,RENT,26000.0,Verified,debt_consolidation,KY,34.3,0.0,710.0,714.0,0.0,51.6,16.0,Individual,5,High Risk,Manual Review
97489487,10925.0, 60 months,25.49,E,E4,2 years,RENT,45500.0,Verified,debt_consolidation,CA,31.1,1.0,660.0,664.0,1.0,50.0,30.0,Individual,6,High Risk,Manual Review
97569071,18075.0, 60 months,22.74,E,E1,5 years,MORTGAGE,58000.0,Verified,debt_consolidation,OK,31.91,0.0,700.0,704.0,1.0,22.0,38.0,Joint App,5,High Risk,Manual Review
96894482,16800.0, 60 months,26.24,E,E5,6 years,OWN,40000.0,Not Verified,debt_consolidation,MS,30.69,0.0,700.0,704.0,1.0,35.4,21.0,Individual,5,High Risk,Manual Review
97279652,35000.0, 60 months,22.74,E,E1,4 years,MORTGAGE,98000.0,Source Verified,debt_consolidation,KS,33.57,0.0,705.0,709.0,0.0,45.0,28.0,Joint App,5,High Risk,Manual Review
97299381,12000.0, 60 months,29.99,F,F3,2 years,RENT,40000.0,Verified,debt_consolidation,MI,30.72,0.0,665.0,669.0,1.0,94.1,18.0,Individual,6,High Risk,Manual Review
96956215,22350.0, 36 months,22.74,E,E1,10+ years,RENT,50799.0,Verified,debt_consolidation,PA,32.97,0.0,675.0,679.0,0.0,73.9,31.0,Individual,5,High Risk,Manual Review
97269286,34000.0, 36 months,26.24,E,E5,10+ years,MORTGAGE,95000.0,Verified,debt_consolidation,IN,31.85,0.0,720.0,724.0,1.0,35.9,23.0,Individual,5,High Risk,Manual Review
97504563,15000.0, 60 months,25.49,E,E4,2 years,RENT,43000.0,Verified,debt_consolidation,TX,22.63,1.0,665.0,669.0,0.0,85.3,12.0,Individual,5,High Risk,Manual Review
97809165,10000.0, 36 months,22.74,E,E1,2 years,RENT,35000.0,Source Verified,debt_consolidation,FL,33.47,0.0,660.0,664.0,0.0,53.1,25.0,Individual,5,High Risk,Manual Review
97418932,35000.0, 60 months,25.49,E,E4,10+ years,OWN,88000.0,Source Verified,debt_consolidation,NY,30.85,2.0,690.0,694.0,0.0,62.7,35.0,Individual,6,High Risk,Manual Review
97468946,24000.0, 36 months,23.99,E,E2,5 years,MORTGAGE,136000.0,Verified,credit_card,AZ,30.5,0.0,710.0,714.0,1.0,32.6,101.0,Individual,5,High Risk,Manual Review
97315798,14225.0, 36 months,23.99,E,E2,10+ years,RENT,40000.0,Source Verified,debt_consolidation,MA,33.87,0.0,705.0,709.0,0.0,88.7,16.0,Individual,6,High Risk,Manual Review
97569439,12000.0, 60 months,29.99,F,F3,< 1 year,MORTGAGE,52260.0,Source Verified,debt_consolidation,OH,31.14,0.0,695.0,699.0,4.0,50.7,64.0,Individual,5,High Risk,Manual Review
97595509,22400.0, 60 months,25.49,E,E4,6 years,OWN,65000.0,Not Verified,debt_consolidation,ME,30.85,0.0,705.0,709.0,1.0,82.4,27.0,Individual,6,High Risk,Manual Review
97567964,35000.0, 36 months,18.99,D,D3,3 years,MORTGAGE,22000.0,Source Verified,debt_consolidation,AZ,75.07,1.0,680.0,684.0,0.0,80.9,24.0,Joint App,5,High Risk,Manual Review
97511083,16000.0, 36 months,23.99,E,E2,8 years,OWN,63000.0,Not Verified,debt_consolidation,IL,34.91,0.0,670.0,674.0,1.0,88.4,46.0,Individual,6,High Risk,Manual Review
96958102,35000.0, 60 months,30.99,G,G5,4 years,MORTGAGE,67324.0,Source Verified,home_improvement,TX,36.49,0.0,690.0,694.0,3.0,39.3,23.0,Joint App,5,High Risk,Manual Review
97699180,6000.0, 36 months,17.99,D,D2,10+ years,RENT,55000.0,Source Verified,other,CA,34.63,1.0,675.0,679.0,0.0,83.8,19.0,Individual,5,High Risk,Manual Review
97329020,19200.0, 60 months,30.74,F,F5,10+ years,RENT,80000.0,Source Verified,other,VA,34.41,0.0,715.0,719.0,1.0,60.9,43.0,Individual,5,High Risk,Manual Review
97397526,25000.0, 60 months,23.99,E,E2,< 1 year,RENT,60000.0,Source Verified,debt_consolidation,NV,31.52,0.0,705.0,709.0,0.0,82.3,16.0,Individual,6,High Risk,Manual Review
96909581,18200.0, 36 months,28.69,F,F1,2 years,OWN,31000.0,Verified,debt_consolidation,NY,38.21,0.0,675.0,679.0,2.0,48.6,17.0,Joint App,5,High Risk,Manual Review
97349969,15000.0, 36 months,23.99,E,E2,10+ years,RENT,80000.0,Not Verified,debt_consolidation,CA,30.66,0.0,695.0,699.0,2.0,51.6,22.0,Individual,5,High Risk,Manual Review
97478031,11825.0, 36 months,24.74,E,E3,5 years,RENT,75000.0,Verified,credit_card,CT,33.41,0.0,685.0,689.0,1.0,47.9,51.0,Individual,5,High Risk,Manual Review
96982723,13425.0, 60 months,25.49,E,E4,10+ years,MORTGAGE,40000.0,Not Verified,home_improvement,HI,14.37,1.0,665.0,669.0,0.0,96.1,15.0,Individual,5,High Risk,Manual Review
97450078,30000.0, 60 months,22.74,E,E1,10+ years,MORTGAGE,70000.0,Verified,debt_consolidation,TX,24.82,5.0,670.0,674.0,1.0,81.3,23.0,Individual,5,High Risk,Manual Review
97288919,2400.0, 36 months,22.74,E,E1,,RENT,31200.0,Verified,medical,CA,30.73,0.0,660.0,664.0,0.0,54.3,11.0,Individual,5,High Risk,Manual Review
97316507,24000.0, 36 months,24.74,E,E3,10+ years,RENT,105000.0,Source Verified,debt_consolidation,NJ,30.17,0.0,685.0,689.0,2.0,81.4,43.0,Individual,6,High Risk,Manual Review
97426958,21000.0, 36 months,22.74,E,E1,< 1 year,RENT,52000.0,Verified,debt_consolidation,CA,31.83,0.0,680.0,684.0,0.0,49.1,32.0,Individual,5,High Risk,Manual Review
96951160,35000.0, 36 months,19.99,D,D4,10+ years,MORTGAGE,75000.0,Verified,debt_consolidation,TN,34.45,1.0,680.0,684.0,0.0,92.8,39.0,Individual,5,High Risk,Manual Review
97335660,28000.0, 60 months,22.74,E,E1,8 years,MORTGAGE,60000.0,Not Verified,credit_card,GA,32.35,0.0,680.0,684.0,0.0,64.6,33.0,Individual,5,High Risk,Manual Review
97553312,16000.0, 60 months,23.99,E,E2,3 years,RENT,45000.0,Source Verified,debt_consolidation,CA,32.24,0.0,680.0,684.0,1.0,21.1,17.0,Joint App,5,High Risk,Manual Review
97297437,12000.0, 36 months,17.99,D,D2,5 years,MORTGAGE,78000.0,Source Verified,debt_consolidation,KY,31.75,3.0,660.0,664.0,3.0,94.0,16.0,Joint App,5,High Risk,Manual Review
96721785,11500.0, 60 months,30.49,F,F4,3 years,RENT,50000.0,Source Verified,debt_consolidation,NJ,30.8,0.0,685.0,689.0,1.0,59.1,35.0,Individual,5,High Risk,Manual Review
97449688,10000.0, 36 months,16.99,D,D1,10+ years,MORTGAGE,150000.0,Not Verified,credit_card,NY,33.1,2.0,660.0,664.0,0.0,92.0,24.0,Individual,5,High Risk,Manual Review
97279467,21000.0, 60 months,23.99,E,E2,4 years,RENT,62000.0,Verified,debt_consolidation,FL,34.77,1.0,665.0,669.0,1.0,56.7,35.0,Individual,6,High Risk,Manual Review
97459465,16000.0, 60 months,29.99,F,F3,7 years,RENT,78000.0,Not Verified,debt_consolidation,CA,32.18,0.0,660.0,664.0,0.0,49.7,32.0,Individual,5,High Risk,Manual Review
97335613,12000.0, 60 months,22.74,E,E1,10+ years,OWN,34000.0,Not Verified,debt_consolidation,FL,33.07,0.0,705.0,709.0,2.0,28.4,26.0,Individual,5,High Risk,Manual Review
96780921,25000.0, 60 months,23.99,E,E2,4 years,MORTGAGE,160000.0,Verified,credit_card,VA,23.98,1.0,670.0,674.0,0.0,96.5,17.0,Individual,5,High Risk,Manual Review
97448567,2500.0, 36 months,29.99,F,F3,8 years,MORTGAGE,40000.0,Not Verified,credit_card,CA,31.26,0.0,690.0,694.0,4.0,96.6,24.0,Individual,6,High Risk,Manual Review
96406779,3000.0, 36 months,16.99,D,D1,10+ years,RENT,33000.0,Verified,debt_consolidation,CA,34.07,1.0,660.0,664.0,0.0,80.3,14.0,Individual,5,High Risk,Manual Review
97305953,20000.0, 36 months,24.74,E,E3,10+ years,RENT,62000.0,Source Verified,debt_consolidation,CA,34.36,0.0,690.0,694.0,0.0,47.7,21.0,Individual,5,High Risk,Manual Review
97438772,16800.0, 60 months,30.79,G,G1,9 years,MORTGAGE,98000.0,Verified,credit_card,CA,34.09,0.0,685.0,689.0,0.0,76.4,36.0,Individual,5,High Risk,Manual Review
97468579,10000.0, 36 months,22.74,E,E1,1 year,MORTGAGE,45000.0,Source Verified,debt_consolidation,LA,30.67,0.0,665.0,669.0,0.0,56.4,34.0,Individual,5,High Risk,Manual Review
97378287,9600.0, 36 months,26.24,E,E5,< 1 year,RENT,26000.0,Source Verified,other,VA,34.35,0.0,690.0,694.0,1.0,55.3,12.0,Individual,5,High Risk,Manual Review
97358155,30000.0, 36 months,22.74,E,E1,6 years,MORTGAGE,98000.0,Verified,credit_card,PA,33.16,0.0,685.0,689.0,1.0,83.1,37.0,Individual,6,High Risk,Manual Review
97561312,21350.0, 60 months,26.24,E,E5,10+ years,MORTGAGE,73100.0,Verified,debt_consolidation,GA,33.64,0.0,670.0,674.0,0.0,88.6,18.0,Individual,6,High Risk,Manual Review
97437541,11375.0, 60 months,29.49,F,F2,10+ years,RENT,39000.0,Verified,debt_consolidation,WI,31.63,0.0,715.0,719.0,1.0,33.8,19.0,Individual,5,High Risk,Manual Review
97564522,5000.0, 36 months,23.99,E,E2,10+ years,MORTGAGE,86000.0,Verified,debt_consolidation,NJ,31.01,1.0,660.0,664.0,2.0,65.6,39.0,Individual,6,High Risk,Manual Review
96780827,20000.0, 60 months,25.49,E,E4,1 year,MORTGAGE,77000.0,Verified,home_improvement,CA,22.93,1.0,660.0,664.0,1.0,82.0,32.0,Individual,5,High Risk,Manual Review
97316103,6000.0, 36 months,23.99,E,E2,8 years,MORTGAGE,79344.0,Source Verified,debt_consolidation,TX,33.23,1.0,680.0,684.0,0.0,92.2,31.0,Individual,7,High Risk,Manual Review
97368546,20400.0, 60 months,22.74,E,E1,,RENT,72000.0,Not Verified,credit_card,AZ,32.7,0.0,695.0,699.0,0.0,41.4,40.0,Individual,5,High Risk,Manual Review
97406894,20000.0, 36 months,22.74,E,E1,10+ years,MORTGAGE,45000.0,Verified,debt_consolidation,NC,34.03,0.0,680.0,684.0,0.0,39.3,23.0,Individual,5,High Risk,Manual Review
97383533,18000.0, 60 months,30.74,F,F5,10+ years,MORTGAGE,100000.0,Source Verified,other,NY,13.78,3.0,665.0,669.0,0.0,82.9,23.0,Individual,5,High Risk,Manual Review
96940126,25000.0, 60 months,28.69,F,F1,10+ years,RENT,52000.0,Verified,debt_consolidation,IL,30.72,0.0,670.0,674.0,0.0,79.2,22.0,Joint App,5,High Risk,Manual Review
97358103,17175.0, 60 months,26.24,E,E5,10+ years,MORTGAGE,50000.0,Verified,debt_consolidation,CA,32.79,0.0,705.0,709.0,0.0,53.0,15.0,Individual,5,High Risk,Manual Review
96622634,17000.0, 60 months,22.74,E,E1,10+ years,RENT,46000.0,Verified,debt_consolidation,FL,25.57,3.0,660.0,664.0,1.0,80.1,11.0,Individual,5,High Risk,Manual Review
97539000,29025.0, 60 months,25.49,E,E4,10+ years,MORTGAGE,60500.0,Source Verified,debt_consolidation,MO,32.57,0.0,705.0,709.0,1.0,90.2,51.0,Joint App,6,High Risk,Manual Review
97497137,34000.0, 60 months,26.24,E,E5,10+ years,MORTGAGE,68000.0,Verified,debt_consolidation,WI,30.09,0.0,680.0,684.0,1.0,65.5,27.0,Individual,5,High Risk,Manual Review
97344457,8400.0, 36 months,22.74,E,E1,2 years,RENT,108000.0,Source Verified,other,VA,31.5,0.0,685.0,689.0,0.0,80.2,38.0,Individual,6,High Risk,Manual Review
97367822,35000.0, 60 months,26.24,E,E5,10+ years,MORTGAGE,96000.0,Verified,credit_card,PA,32.94,0.0,715.0,719.0,0.0,74.6,19.0,Individual,5,High Risk,Manual Review
97405014,24000.0, 60 months,28.69,F,F1,8 years,MORTGAGE,94000.0,Not Verified,other,WA,33.58,0.0,705.0,709.0,1.0,68.9,56.0,Individual,5,High Risk,Manual Review
97336041,17850.0, 60 months,29.49,F,F2,1 year,MORTGAGE,102000.0,Verified,debt_consolidation,NJ,33.18,1.0,680.0,684.0,0.0,86.2,44.0,Individual,7,High Risk,Manual Review
97457160,24000.0, 60 months,22.74,E,E1,10+ years,MORTGAGE,62000.0,Not Verified,debt_consolidation,OH,34.94,0.0,670.0,674.0,0.0,44.3,45.0,Individual,5,High Risk,Manual Review
96723595,14400.0, 60 months,23.99,E,E2,10+ years,MORTGAGE,82000.0,Verified,debt_consolidation,FL,30.02,0.0,685.0,689.0,0.0,25.7,33.0,Individual,5,High Risk,Manual Review
97396137,10000.0, 60 months,23.99,E,E2,,RENT,40000.0,Not Verified,debt_consolidation,NY,30.24,0.0,710.0,714.0,1.0,13.3,20.0,Individual,5,High Risk,Manual Review
97277219,35000.0, 60 months,26.24,E,E5,9 years,MORTGAGE,140000.0,Verified,debt_consolidation,WA,20.05,2.0,660.0,664.0,2.0,95.0,13.0,Individual,5,High Risk,Manual Review
97356996,11200.0, 36 months,28.69,F,F1,10+ years,RENT,80000.0,Source Verified,debt_consolidation,CA,33.41,0.0,665.0,669.0,3.0,49.0,30.0,Individual,5,High Risk,Manual Review
96595410,33575.0, 60 months,28.69,F,F1,,RENT,67197.12,Verified,debt_consolidation,IL,34.85,0.0,695.0,699.0,0.0,67.4,31.0,Individual,5,High Risk,Manual Review
97347630,10000.0, 60 months,26.24,E,E5,10+ years,MORTGAGE,62000.0,Source Verified,debt_consolidation,MI,34.4,2.0,680.0,684.0,1.0,87.3,15.0,Individual,7,High Risk,Manual Review
97325983,15000.0, 60 months,30.79,G,G1,10+ years,RENT,78000.0,Not Verified,debt_consolidation,OH,32.29,0.0,660.0,664.0,1.0,95.8,25.0,Individual,6,High Risk,Manual Review
96859568,35000.0, 60 months,23.99,E,E2,5 years,OWN,101000.0,Verified,debt_consolidation,GA,31.13,0.0,675.0,679.0,0.0,92.8,49.0,Individual,6,High Risk,Manual Review
97072446,18000.0, 60 months,30.79,G,G1,6 years,RENT,48000.0,Not Verified,debt_consolidation,FL,32.28,2.0,670.0,674.0,1.0,85.9,17.0,Individual,7,High Risk,Manual Review
97347386,12000.0, 60 months,25.49,E,E4,1 year,MORTGAGE,58000.0,Not Verified,credit_card,ME,30.68,0.0,705.0,709.0,0.0,68.1,45.0,Individual,5,High Risk,Manual Review
97427017,20000.0, 60 months,23.99,E,E2,10+ years,MORTGAGE,68000.0,Not Verified,debt_consolidation,PA,31.24,0.0,680.0,684.0,2.0,72.0,24.0,Individual,5,High Risk,Manual Review
96199904,30000.0, 60 months,30.79,G,G1,,RENT,76000.0,Verified,debt_consolidation,FL,34.14,0.0,670.0,674.0,1.0,44.6,45.0,Individual,5,High Risk,Manual Review
97496986,18000.0, 60 months,22.74,E,E1,1 year,RENT,56000.0,Source Verified,debt_consolidation,SC,31.14,0.0,680.0,684.0,0.0,93.1,29.0,Individual,6,High Risk,Manual Review
97032660,28325.0, 60 months,22.74,E,E1,9 years,MORTGAGE,120000.0,Verified,debt_consolidation,NJ,31.98,1.0,660.0,664.0,0.0,49.9,37.0,Individual,6,High Risk,Manual Review
97533821,18000.0, 60 months,25.49,E,E4,10+ years,MORTGAGE,42000.0,Verified,home_improvement,MS,56.49,0.0,665.0,669.0,0.0,77.1,22.0,Joint App,5,High Risk,Manual Review
97474256,18475.0, 60 months,23.99,E,E2,1 year,RENT,42000.0,Source Verified,debt_consolidation,TN,31.49,0.0,725.0,729.0,0.0,54.6,22.0,Individual,5,High Risk,Manual Review
97416958,16000.0, 60 months,29.99,F,F3,10+ years,OWN,111000.0,Source Verified,debt_consolidation,DE,32.37,1.0,670.0,674.0,0.0,75.9,38.0,Individual,6,High Risk,Manual Review
97506503,29375.0, 36 months,26.24,E,E5,10+ years,OWN,80000.0,Verified,home_improvement,AL,33.65,0.0,665.0,669.0,2.0,61.0,17.0,Individual,5,High Risk,Manual Review
96956934,18000.0, 60 months,22.74,E,E1,8 years,MORTGAGE,45600.0,Not Verified,debt_consolidation,IL,33.97,0.0,685.0,689.0,0.0,59.2,39.0,Joint App,5,High Risk,Manual Review
97446960,20000.0, 60 months,22.74,E,E1,4 years,MORTGAGE,64200.0,Source Verified,debt_consolidation,OK,34.71,0.0,705.0,709.0,1.0,63.7,23.0,Individual,5,High Risk,Manual Review
96681719,8350.0, 36 months,29.49,F,F2,1 year,RENT,76800.0,Verified,debt_consolidation,TX,34.0,0.0,710.0,714.0,0.0,82.3,6.0,Individual,6,High Risk,Manual Review
97365801,9950.0, 36 months,29.99,F,F3,10+ years,RENT,36000.0,Verified,debt_consolidation,MO,32.1,0.0,675.0,679.0,0.0,79.0,7.0,Individual,5,High Risk,Manual Review
96818445,18900.0, 60 months,30.89,G,G3,6 years,OWN,42000.0,Verified,debt_consolidation,TX,32.37,0.0,685.0,689.0,2.0,99.0,11.0,Individual,6,High Risk,Manual Review
97455476,25400.0, 60 months,25.49,E,E4,3 years,RENT,57750.0,Verified,debt_consolidation,MO,32.02,0.0,700.0,704.0,0.0,89.0,33.0,Individual,6,High Risk,Manual Review
97286337,25000.0, 36 months,22.74,E,E1,6 years,RENT,63400.0,Source Verified,debt_consolidation,TX,31.09,1.0,670.0,674.0,1.0,27.6,28.0,Individual,6,High Risk,Manual Review
97415049,16200.0, 60 months,30.84,G,G2,3 years,MORTGAGE,62500.0,Not Verified,credit_card,IL,31.55,0.0,715.0,719.0,0.0,46.7,36.0,Individual,5,High Risk,Manual Review
97414619,10000.0, 60 months,22.74,E,E1,3 years,RENT,30000.0,Source Verified,debt_consolidation,LA,34.48,0.0,660.0,664.0,0.0,82.2,15.0,Individual,6,High Risk,Manual Review
97549644,2800.0, 36 months,25.49,E,E4,,OWN,10000.0,Verified,debt_consolidation,VA,30.13,0.0,670.0,674.0,2.0,79.1,19.0,Individual,5,High Risk,Manual Review
97273442,3550.0, 36 months,25.49,E,E4,,RENT,37947.84,Verified,other,AL,33.14,2.0,660.0,664.0,1.0,78.0,25.0,Individual,6,High Risk,Manual Review
96992375,25000.0, 60 months,25.49,E,E4,1 year,MORTGAGE,70000.0,Source Verified,debt_consolidation,TX,30.42,1.0,745.0,749.0,0.0,15.0,31.0,Individual,6,High Risk,Manual Review
97550611,10875.0, 60 months,28.69,F,F1,10+ years,RENT,44000.0,Verified,debt_consolidation,CA,34.02,0.0,680.0,684.0,0.0,64.2,16.0,Individual,5,High Risk,Manual Review
97446158,7200.0, 36 months,22.74,E,E1,4 years,RENT,34200.0,Verified,debt_consolidation,FL,33.75,0.0,695.0,699.0,0.0,48.8,10.0,Individual,5,High Risk,Manual Review
97284659,1400.0, 36 months,29.49,F,F2,10+ years,MORTGAGE,50000.0,Verified,other,NY,30.12,0.0,700.0,704.0,0.0,88.9,15.0,Individual,6,High Risk,Manual Review
96993068,22300.0, 60 months,26.24,E,E5,4 years,MORTGAGE,60000.0,Not Verified,debt_consolidation,TX,16.86,1.0,665.0,669.0,0.0,88.6,15.0,Individual,5,High Risk,Manual Review
97532961,6000.0, 36 months,25.49,E,E4,8 years,MORTGAGE,34351.0,Verified,debt_consolidation,IN,33.54,1.0,660.0,664.0,3.0,62.6,29.0,Individual,6,High Risk,Manual Review
97445966,24000.0, 60 months,26.24,E,E5,2 years,MORTGAGE,74500.0,Source Verified,debt_consolidation,CA,33.25,1.0,660.0,664.0,0.0,75.2,32.0,Individual,6,High Risk,Manual Review
96191280,30000.0, 60 months,22.74,E,E1,< 1 year,MORTGAGE,55000.0,Verified,debt_consolidation,OH,35.74,0.0,690.0,694.0,1.0,56.1,44.0,Joint App,5,High Risk,Manual Review
97132669,21850.0, 60 months,22.74,E,E1,2 years,MORTGAGE,46800.0,Verified,credit_card,MO,33.74,0.0,690.0,694.0,0.0,73.8,28.0,Individual,5,High Risk,Manual Review
96753456,12325.0, 60 months,28.69,F,F1,8 years,RENT,68000.0,Source Verified,debt_consolidation,GA,30.76,0.0,720.0,724.0,0.0,41.5,16.0,Individual,5,High Risk,Manual Review
97385625,10800.0, 36 months,22.74,E,E1,< 1 year,MORTGAGE,120000.0,Not Verified,debt_consolidation,GA,34.53,0.0,665.0,669.0,2.0,86.6,57.0,Individual,6,High Risk,Manual Review
97424829,35000.0, 60 months,15.99,C,C5,5 years,MORTGAGE,150000.0,Verified,debt_consolidation,GA,30.73,1.0,665.0,669.0,0.0,84.3,45.0,Individual,5,High Risk,Manual Review
97313277,19200.0, 60 months,30.94,G,G4,10+ years,MORTGAGE,65000.0,Source Verified,debt_consolidation,WA,25.74,1.0,680.0,684.0,3.0,95.2,32.0,Individual,5,High Risk,Manual Review
97475608,15225.0, 36 months,26.24,E,E5,5 years,RENT,70000.0,Verified,debt_consolidation,AZ,32.86,0.0,690.0,694.0,2.0,75.0,21.0,Individual,5,High Risk,Manual Review
96164253,30000.0, 60 months,22.74,E,E1,< 1 year,MORTGAGE,103000.0,Verified,debt_consolidation,RI,27.31,1.0,680.0,684.0,0.0,91.1,21.0,Individual,5,High Risk,Manual Review
97265108,35000.0, 60 months,25.49,E,E4,6 years,RENT,137000.0,Verified,debt_consolidation,MD,10.28,1.0,695.0,699.0,1.0,93.1,22.0,Individual,5,High Risk,Manual Review
97266089,13200.0, 60 months,28.69,F,F1,,MORTGAGE,33000.0,Verified,debt_consolidation,MI,31.04,0.0,660.0,664.0,1.0,55.5,26.0,Individual,5,High Risk,Manual Review
96789566,3600.0, 36 months,22.74,E,E1,2 years,RENT,22000.0,Verified,moving,NC,32.79,0.0,720.0,724.0,0.0,90.5,11.0,Individual,6,High Risk,Manual Review
97286039,16000.0, 36 months,24.74,E,E3,3 years,MORTGAGE,100491.0,Verified,debt_consolidation,CO,32.85,0.0,660.0,664.0,0.0,81.4,19.0,Individual,6,High Risk,Manual Review
96962539,6600.0, 36 months,28.69,F,F1,,MORTGAGE,37200.0,Not Verified,credit_card,IN,32.06,0.0,690.0,694.0,3.0,68.4,23.0,Individual,5,High Risk,Manual Review
97484053,11925.0, 36 months,28.69,F,F1,2 years,RENT,35136.0,Verified,other,NY,31.35,0.0,710.0,714.0,2.0,40.3,20.0,Individual,5,High Risk,Manual Review
97425162,19200.0, 60 months,29.99,F,F3,1 year,RENT,68500.0,Source Verified,debt_consolidation,TX,30.94,0.0,690.0,694.0,0.0,55.1,28.0,Individual,5,High Risk,Manual Review
97415557,20000.0, 60 months,22.74,E,E1,< 1 year,MORTGAGE,90000.0,Source Verified,credit_card,UT,11.21,1.0,685.0,689.0,0.0,81.6,27.0,Individual,5,High Risk,Manual Review
96713037,2500.0, 36 months,19.99,D,D4,10+ years,MORTGAGE,115000.0,Verified,home_improvement,CA,30.99,1.0,665.0,669.0,0.0,93.6,23.0,Individual,5,High Risk,Manual Review
96982405,35000.0, 60 months,22.74,E,E1,10+ years,MORTGAGE,90000.0,Source Verified,debt_consolidation,IN,34.03,0.0,665.0,669.0,0.0,84.3,36.0,Individual,6,High Risk,Manual Review
97435214,35000.0, 36 months,25.49,E,E4,6 years,MORTGAGE,175000.0,Verified,credit_card,TX,32.09,0.0,675.0,679.0,1.0,41.7,47.0,Individual,5,High Risk,Manual Review
97529165,16050.0, 60 months,30.74,F,F5,,OWN,36500.0,Not Verified,credit_card,MS,33.71,0.0,730.0,734.0,1.0,56.4,16.0,Individual,5,High Risk,Manual Review
96416929,15000.0, 60 months,29.99,F,F3,2 years,MORTGAGE,41600.0,Verified,debt_consolidation,PA,34.25,0.0,680.0,684.0,0.0,53.9,22.0,Individual,5,High Risk,Manual Review
97394638,24000.0, 60 months,30.79,G,G1,3 years,RENT,60000.0,Verified,debt_consolidation,TX,31.74,0.0,670.0,674.0,0.0,88.0,37.0,Individual,6,High Risk,Manual Review
96708418,24000.0, 36 months,29.49,F,F2,4 years,RENT,70000.0,Verified,debt_consolidation,FL,30.21,1.0,665.0,669.0,1.0,44.7,21.0,Individual,6,High Risk,Manual Review
96929890,29400.0, 36 months,24.74,E,E3,2 years,MORTGAGE,70000.0,Verified,debt_consolidation,OK,30.0,3.0,675.0,679.0,0.0,93.3,19.0,Individual,5,High Risk,Manual Review
97484309,30000.0, 60 months,23.99,E,E2,3 years,RENT,60000.0,Source Verified,debt_consolidation,CO,32.54,0.0,675.0,679.0,0.0,66.7,19.0,Individual,5,High Risk,Manual Review
97403839,12000.0, 60 months,25.49,E,E4,9 years,RENT,57000.0,Verified,other,AZ,33.31,0.0,700.0,704.0,0.0,57.2,28.0,Individual,5,High Risk,Manual Review
97434698,26425.0, 60 months,23.99,E,E2,< 1 year,MORTGAGE,110000.0,Source Verified,debt_consolidation,FL,2.83,1.0,670.0,674.0,1.0,90.2,23.0,Individual,5,High Risk,Manual Review
96763953,12000.0, 60 months,25.49,E,E4,10+ years,MORTGAGE,40000.0,Source Verified,debt_consolidation,PA,32.94,0.0,670.0,674.0,1.0,71.4,18.0,Individual,5,High Risk,Manual Review
96652911,28000.0, 60 months,28.69,F,F1,8 years,MORTGAGE,85000.0,Not Verified,debt_consolidation,TN,31.55,0.0,710.0,714.0,1.0,24.3,15.0,Individual,5,High Risk,Manual Review
97294393,17600.0, 60 months,22.74,E,E1,10+ years,RENT,40000.0,Source Verified,credit_card,WI,31.59,0.0,660.0,664.0,0.0,68.5,23.0,Individual,5,High Risk,Manual Review
96672213,35000.0, 36 months,23.99,E,E2,< 1 year,OWN,185000.0,Verified,other,CO,33.61,0.0,670.0,674.0,0.0,96.0,20.0,Individual,6,High Risk,Manual Review
97323899,18000.0, 60 months,22.74,E,E1,10+ years,MORTGAGE,90272.0,Source Verified,credit_card,SC,34.17,0.0,660.0,664.0,2.0,45.5,63.0,Individual,5,High Risk,Manual Review
96922459,22025.0, 36 months,25.49,E,E4,5 years,OWN,58000.0,Verified,debt_consolidation,NJ,30.87,0.0,685.0,689.0,0.0,71.0,17.0,Individual,5,High Risk,Manual Review
97464252,40000.0, 60 months,25.49,E,E4,2 years,MORTGAGE,84000.0,Verified,debt_consolidation,PA,30.23,1.0,715.0,719.0,0.0,30.7,65.0,Individual,6,High Risk,Manual Review
97353624,10000.0, 36 months,24.74,E,E3,3 years,RENT,28000.0,Source Verified,credit_card,NY,30.6,0.0,675.0,679.0,2.0,41.2,13.0,Individual,5,High Risk,Manual Review
96648272,21000.0, 60 months,23.99,E,E2,6 years,MORTGAGE,45000.0,Verified,house,AZ,51.01,0.0,660.0,664.0,0.0,74.6,19.0,Joint App,5,High Risk,Manual Review
96690349,15375.0, 60 months,29.99,F,F3,10+ years,MORTGAGE,99000.0,Verified,debt_consolidation,CA,32.21,0.0,705.0,709.0,2.0,49.0,30.0,Individual,5,High Risk,Manual Review
97344476,22075.0, 36 months,22.74,E,E1,,MORTGAGE,52600.0,Verified,debt_consolidation,HI,33.15,0.0,670.0,674.0,0.0,90.3,32.0,Individual,6,High Risk,Manual Review
97259609,20000.0, 60 months,30.74,F,F5,3 years,RENT,46000.0,Verified,debt_consolidation,MI,31.77,1.0,690.0,694.0,1.0,26.4,28.0,Individual,6,High Risk,Manual Review
96949814,35000.0, 60 months,22.74,E,E1,3 years,MORTGAGE,65000.0,Verified,debt_consolidation,LA,31.43,0.0,665.0,669.0,2.0,76.4,19.0,Joint App,5,High Risk,Manual Review
97534644,24000.0, 60 months,30.49,F,F4,6 years,MORTGAGE,93000.0,Not Verified,debt_consolidation,PA,32.32,0.0,670.0,674.0,1.0,77.2,39.0,Individual,5,High Risk,Manual Review
97514967,19800.0, 36 months,28.69,F,F1,,OWN,45000.0,Not Verified,debt_consolidation,GA,33.81,0.0,670.0,674.0,2.0,49.7,37.0,Individual,5,High Risk,Manual Review
97527142,6000.0, 36 months,16.99,D,D1,10+ years,MORTGAGE,56000.0,Source Verified,credit_card,CO,30.67,2.0,660.0,664.0,2.0,90.6,36.0,Individual,5,High Risk,Manual Review
97283868,19750.0, 60 months,23.99,E,E2,,RENT,52000.0,Not Verified,debt_consolidation,MI,31.89,0.0,685.0,689.0,0.0,46.7,24.0,Individual,5,High Risk,Manual Review
97534569,27200.0, 60 months,22.74,E,E1,4 years,RENT,168000.0,Not Verified,credit_card,MA,23.44,1.0,660.0,664.0,1.0,80.5,65.0,Individual,5,High Risk,Manual Review
97444530,28000.0, 60 months,22.74,E,E1,5 years,RENT,85000.0,Source Verified,credit_card,NY,30.9,0.0,705.0,709.0,0.0,73.8,37.0,Individual,5,High Risk,Manual Review
96958498,10025.0, 60 months,23.99,E,E2,6 years,RENT,33000.0,Not Verified,credit_card,PA,31.38,0.0,685.0,689.0,1.0,72.7,15.0,Individual,5,High Risk,Manual Review
96967155,25000.0, 60 months,23.99,E,E2,10+ years,MORTGAGE,75000.0,Not Verified,credit_card,IL,30.74,0.0,670.0,674.0,2.0,88.6,24.0,Individual,6,High Risk,Manual Review
97423964,16050.0, 36 months,23.99,E,E2,10+ years,MORTGAGE,150000.0,Verified,debt_consolidation,VA,30.39,0.0,670.0,674.0,1.0,88.3,34.0,Individual,6,High Risk,Manual Review
97353211,36000.0, 60 months,23.99,E,E2,10+ years,MORTGAGE,75000.0,Source Verified,debt_consolidation,OH,33.49,0.0,740.0,744.0,0.0,31.9,25.0,Individual,5,High Risk,Manual Review
97514077,8000.0, 36 months,17.99,D,D2,5 years,RENT,57000.0,Not Verified,debt_consolidation,NJ,31.01,3.0,660.0,664.0,1.0,91.1,24.0,Individual,5,High Risk,Manual Review
96499212,14400.0, 60 months,22.74,E,E1,2 years,RENT,31000.0,Verified,debt_consolidation,FL,31.31,2.0,660.0,664.0,0.0,96.7,21.0,Joint App,7,High Risk,Manual Review
96762349,18000.0, 60 months,29.49,F,F2,7 years,MORTGAGE,45860.0,Source Verified,debt_consolidation,MI,33.24,0.0,675.0,679.0,0.0,53.8,20.0,Individual,5,High Risk,Manual Review
96861531,20000.0, 60 months,23.99,E,E2,10+ years,MORTGAGE,96000.0,Source Verified,debt_consolidation,MI,15.41,1.0,665.0,669.0,0.0,87.7,20.0,Individual,5,High Risk,Manual Review
96710475,8425.0, 36 months,22.74,E,E1,10+ years,RENT,35000.0,Verified,debt_consolidation,NJ,32.96,0.0,685.0,689.0,0.0,49.1,8.0,Individual,5,High Risk,Manual Review
97232550,10000.0, 36 months,24.74,E,E3,10+ years,MORTGAGE,55000.0,Verified,debt_consolidation,MO,31.9,0.0,715.0,719.0,3.0,35.2,29.0,Individual,5,High Risk,Manual Review
97453637,16200.0, 36 months,22.74,E,E1,10+ years,OWN,85000.0,Verified,other,GA,9.05,2.0,675.0,679.0,0.0,88.9,23.0,Individual,5,High Risk,Manual Review
96653771,26400.0, 60 months,30.49,F,F4,2 years,RENT,82000.0,Verified,debt_consolidation,NY,30.06,2.0,700.0,704.0,0.0,36.3,51.0,Individual,6,High Risk,Manual Review
96605442,13000.0, 60 months,22.74,E,E1,3 years,RENT,54000.0,Source Verified,debt_consolidation,TX,30.76,2.0,680.0,684.0,0.0,62.7,41.0,Individual,6,High Risk,Manual Review
96745894,14000.0, 60 months,25.49,E,E4,10+ years,RENT,58800.0,Source Verified,credit_card,NJ,34.9,0.0,745.0,749.0,2.0,10.4,35.0,Individual,5,High Risk,Manual Review
96604033,14400.0, 60 months,25.49,E,E4,1 year,RENT,45000.0,Source Verified,credit_card,CO,18.0,3.0,675.0,679.0,0.0,95.0,12.0,Individual,5,High Risk,Manual Review
96693757,6000.0, 36 months,25.49,E,E4,6 years,RENT,45000.0,Source Verified,credit_card,NY,32.67,1.0,665.0,669.0,3.0,74.8,51.0,Individual,6,High Risk,Manual Review
97073023,12000.0, 60 months,25.49,E,E4,8 years,RENT,82000.0,Not Verified,other,MA,32.9,0.0,675.0,679.0,0.0,88.5,32.0,Individual,6,High Risk,Manual Review
97062616,10000.0, 36 months,26.24,E,E5,8 years,RENT,69000.0,Source Verified,other,FL,31.58,1.0,680.0,684.0,1.0,60.0,23.0,Individual,6,High Risk,Manual Review
97403170,25000.0, 60 months,26.24,E,E5,8 years,RENT,75000.0,Not Verified,debt_consolidation,IN,31.65,0.0,680.0,684.0,1.0,67.2,20.0,Individual,5,High Risk,Manual Review
97333282,10100.0, 60 months,30.84,G,G2,2 years,RENT,50000.0,Source Verified,other,HI,33.14,1.0,695.0,699.0,0.0,60.1,36.0,Individual,6,High Risk,Manual Review
96964293,25300.0, 60 months,30.94,G,G4,9 years,MORTGAGE,55000.0,Verified,debt_consolidation,OH,31.87,0.0,690.0,694.0,3.0,14.0,44.0,Individual,5,High Risk,Manual Review
96965729,24000.0, 60 months,28.69,F,F1,10+ years,MORTGAGE,57000.0,Source Verified,debt_consolidation,IN,31.85,2.0,675.0,679.0,0.0,58.2,26.0,Individual,6,High Risk,Manual Review
96857671,20700.0, 36 months,15.99,C,C5,10+ years,MORTGAGE,46000.0,Verified,debt_consolidation,IL,31.75,1.0,660.0,664.0,3.0,81.0,19.0,Individual,5,High Risk,Manual Review
96975120,15125.0, 60 months,28.69,F,F1,10+ years,MORTGAGE,58000.0,Not Verified,debt_consolidation,MI,32.59,0.0,690.0,694.0,0.0,53.2,30.0,Individual,5,High Risk,Manual Review
97122891,2400.0, 36 months,30.74,F,F5,,MORTGAGE,15000.0,Verified,other,NY,32.55,0.0,720.0,724.0,3.0,18.0,16.0,Individual,5,High Risk,Manual Review
96961313,15000.0, 60 months,29.49,F,F2,2 years,MORTGAGE,102000.0,Not Verified,debt_consolidation,UT,28.71,1.0,685.0,689.0,0.0,89.1,23.0,Joint App,5,High Risk,Manual Review
96590183,35000.0, 60 months,29.99,F,F3,2 years,MORTGAGE,160000.0,Not Verified,home_improvement,CA,31.7,1.0,695.0,699.0,3.0,40.2,27.0,Individual,6,High Risk,Manual Review
96740027,24000.0, 60 months,29.99,F,F3,7 years,MORTGAGE,90000.0,Source Verified,credit_card,OR,32.93,0.0,680.0,684.0,1.0,71.3,28.0,Individual,5,High Risk,Manual Review
96724125,20000.0, 60 months,22.74,E,E1,5 years,MORTGAGE,93000.0,Not Verified,debt_consolidation,HI,28.32,2.0,690.0,694.0,0.0,92.8,24.0,Individual,5,High Risk,Manual Review
96651548,12000.0, 60 months,28.69,F,F1,6 years,RENT,48000.0,Source Verified,debt_consolidation,TX,31.85,1.0,670.0,674.0,0.0,63.1,19.0,Individual,6,High Risk,Manual Review
96651471,9600.0, 36 months,28.69,F,F1,7 years,MORTGAGE,72000.0,Source Verified,home_improvement,CA,23.18,1.0,660.0,664.0,2.0,88.5,28.0,Individual,5,High Risk,Manual Review
96861779,26725.0, 60 months,26.24,E,E5,< 1 year,MORTGAGE,80000.0,Verified,debt_consolidation,CA,32.22,0.0,710.0,714.0,1.0,59.7,33.0,Individual,5,High Risk,Manual Review
96951972,7500.0, 36 months,30.84,G,G2,< 1 year,RENT,35350.0,Verified,debt_consolidation,MN,13.85,1.0,660.0,664.0,0.0,88.7,8.0,Individual,5,High Risk,Manual Review
96956668,12000.0, 60 months,29.99,F,F3,,MORTGAGE,70000.0,Verified,debt_consolidation,NC,32.35,0.0,710.0,714.0,0.0,84.1,22.0,Individual,6,High Risk,Manual Review
97192528,24000.0, 60 months,23.99,E,E2,10+ years,MORTGAGE,117000.0,Not Verified,home_improvement,NY,31.59,1.0,660.0,664.0,0.0,87.2,29.0,Individual,7,High Risk,Manual Review
96812968,17075.0, 36 months,25.49,E,E4,10+ years,MORTGAGE,85000.0,Source Verified,debt_consolidation,NY,32.24,0.0,665.0,669.0,2.0,69.3,29.0,Individual,5,High Risk,Manual Review
97012830,9950.0, 36 months,16.99,D,D1,10+ years,MORTGAGE,60000.0,Not Verified,debt_consolidation,MN,31.54,2.0,680.0,684.0,1.0,91.5,25.0,Individual,5,High Risk,Manual Review
97082251,14575.0, 60 months,30.94,G,G4,10+ years,RENT,76000.0,Source Verified,debt_consolidation,TX,27.49,2.0,660.0,664.0,4.0,91.9,53.0,Individual,5,High Risk,Manual Review
96980385,35000.0, 60 months,30.84,G,G2,6 years,MORTGAGE,156000.0,Verified,debt_consolidation,NM,32.21,0.0,695.0,699.0,1.0,81.7,41.0,Individual,6,High Risk,Manual Review
96970880,30000.0, 36 months,30.99,G,G5,2 years,RENT,114089.0,Source Verified,debt_consolidation,FL,32.58,0.0,665.0,669.0,0.0,77.9,38.0,Individual,5,High Risk,Manual Review
96842023,16800.0, 60 months,29.49,F,F2,9 years,MORTGAGE,40000.0,Verified,other,HI,32.36,0.0,660.0,664.0,0.0,78.9,21.0,Individual,5,High Risk,Manual Review
96662054,35000.0, 36 months,23.99,E,E2,,MORTGAGE,89859.84,Verified,debt_consolidation,FL,29.77,1.0,680.0,684.0,0.0,81.9,23.0,Individual,5,High Risk,Manual Review
96882476,22400.0, 60 months,22.74,E,E1,< 1 year,RENT,32000.0,Verified,debt_consolidation,CA,33.53,0.0,670.0,674.0,0.0,75.4,11.0,Joint App,5,High Risk,Manual Review
97102897,11200.0, 60 months,25.49,E,E4,5 years,MORTGAGE,62000.0,Verified,debt_consolidation,TX,31.92,0.0,690.0,694.0,1.0,58.5,24.0,Individual,5,High Risk,Manual Review
96832687,21100.0, 60 months,23.99,E,E2,10+ years,OWN,48000.0,Not Verified,debt_consolidation,KY,32.93,0.0,670.0,674.0,0.0,79.0,24.0,Individual,5,High Risk,Manual Review
96556207,3975.0, 36 months,24.74,E,E3,,MORTGAGE,35000.0,Verified,debt_consolidation,MD,32.37,1.0,675.0,679.0,0.0,44.2,42.0,Individual,6,High Risk,Manual Review
96981578,25375.0, 36 months,29.49,F,F2,10+ years,MORTGAGE,98000.0,Source Verified,debt_consolidation,IL,32.18,2.0,665.0,669.0,2.0,67.0,46.0,Individual,6,High Risk,Manual Review
96663994,35000.0, 60 months,30.84,G,G2,10+ years,MORTGAGE,100406.4,Verified,home_improvement,CA,30.33,0.0,675.0,679.0,2.0,78.1,32.0,Individual,5,High Risk,Manual Review
96974108,12600.0, 60 months,30.79,G,G1,5 years,MORTGAGE,88000.0,Source Verified,credit_card,GA,32.14,0.0,705.0,709.0,3.0,89.6,34.0,Individual,6,High Risk,Manual Review
96653863,23175.0, 36 months,28.69,F,F1,10+ years,RENT,80000.0,Source Verified,debt_consolidation,NY,32.94,1.0,660.0,664.0,0.0,48.6,46.0,Individual,6,High Risk,Manual Review
96333023,20000.0, 60 months,28.69,F,F1,< 1 year,RENT,76000.0,Source Verified,debt_consolidation,TX,31.42,0.0,660.0,664.0,1.0,44.8,19.0,Individual,5,High Risk,Manual Review
96961715,25675.0, 60 months,25.49,E,E4,10+ years,RENT,23000.0,Verified,debt_consolidation,VA,39.72,0.0,695.0,699.0,0.0,82.2,15.0,Joint App,6,High Risk,Manual Review
96643713,12000.0, 60 months,25.49,E,E4,10+ years,MORTGAGE,78168.0,Source Verified,other,IL,34.11,0.0,675.0,679.0,1.0,83.6,72.0,Individual,6,High Risk,Manual Review
96850623,7450.0, 36 months,22.74,E,E1,10+ years,OWN,65000.0,Source Verified,debt_consolidation,GA,34.45,0.0,685.0,689.0,0.0,59.3,22.0,Individual,5,High Risk,Manual Review
96790053,28225.0, 36 months,15.99,C,C5,< 1 year,MORTGAGE,210000.0,Verified,debt_consolidation,WA,32.91,1.0,690.0,694.0,1.0,92.6,49.0,Individual,5,High Risk,Manual Review
96733723,1000.0, 36 months,26.24,E,E5,4 years,OWN,49192.0,Verified,other,NM,34.45,0.0,660.0,664.0,2.0,56.0,19.0,Individual,5,High Risk,Manual Review
96842407,24000.0, 60 months,23.99,E,E2,7 years,RENT,25500.0,Source Verified,debt_consolidation,TX,35.2,0.0,660.0,664.0,0.0,80.0,14.0,Joint App,5,High Risk,Manual Review
96960511,30000.0, 36 months,28.69,F,F1,10+ years,MORTGAGE,78500.0,Source Verified,other,TX,34.58,1.0,675.0,679.0,2.0,58.3,42.0,Individual,6,High Risk,Manual Review
96814107,15500.0, 60 months,23.99,E,E2,6 years,RENT,90000.0,Verified,debt_consolidation,PA,25.83,1.0,725.0,729.0,0.0,85.9,23.0,Individual,5,High Risk,Manual Review
96741984,32000.0, 36 months,22.74,E,E1,10+ years,RENT,60500.0,Verified,debt_consolidation,MD,39.26,8.0,660.0,664.0,2.0,66.3,34.0,Joint App,6,High Risk,Manual Review
96702555,24000.0, 60 months,16.99,D,D1,3 years,RENT,109400.0,Verified,debt_consolidation,TX,31.64,1.0,670.0,674.0,0.0,84.5,53.0,Individual,5,High Risk,Manual Review
96958686,6025.0, 36 months,23.99,E,E2,3 years,OWN,31000.0,Source Verified,debt_consolidation,MA,32.6,0.0,665.0,669.0,0.0,94.8,7.0,Individual,6,High Risk,Manual Review
96970995,33000.0, 36 months,23.99,E,E2,8 years,RENT,66000.0,Verified,debt_consolidation,CA,30.66,0.0,680.0,684.0,0.0,75.8,17.0,Individual,5,High Risk,Manual Review
96934656,13200.0, 60 months,30.94,G,G4,4 years,RENT,42050.0,Verified,credit_card,FL,31.54,0.0,660.0,664.0,1.0,56.8,12.0,Individual,5,High Risk,Manual Review
96663451,7375.0, 36 months,29.49,F,F2,2 years,OWN,100000.0,Not Verified,house,TX,14.12,1.0,660.0,664.0,4.0,81.0,15.0,Individual,5,High Risk,Manual Review
96694290,16000.0, 60 months,30.74,F,F5,10+ years,MORTGAGE,72572.0,Source Verified,credit_card,KY,34.05,0.0,710.0,714.0,3.0,79.8,33.0,Individual,5,High Risk,Manual Review
96531318,3500.0, 36 months,22.74,E,E1,8 years,RENT,93000.0,Verified,credit_card,VA,19.15,2.0,670.0,674.0,0.0,87.0,18.0,Individual,5,High Risk,Manual Review
96700074,18325.0, 36 months,17.99,D,D2,4 years,MORTGAGE,67000.0,Verified,debt_consolidation,MI,30.15,2.0,665.0,669.0,1.0,81.0,29.0,Individual,5,High Risk,Manual Review
96967333,15600.0, 36 months,25.49,E,E4,8 years,RENT,73000.0,Not Verified,credit_card,CA,30.89,0.0,660.0,664.0,3.0,59.0,48.0,Individual,5,High Risk,Manual Review
96889765,8000.0, 36 months,24.74,E,E3,1 year,MORTGAGE,80000.0,Verified,debt_consolidation,NC,34.08,0.0,675.0,679.0,0.0,30.4,20.0,Individual,5,High Risk,Manual Review
96568780,16000.0, 60 months,22.74,E,E1,5 years,MORTGAGE,49500.0,Not Verified,debt_consolidation,KY,31.25,2.0,705.0,709.0,1.0,11.3,20.0,Individual,6,High Risk,Manual Review
96632586,15000.0, 36 months,30.89,G,G3,10+ years,RENT,50000.0,Not Verified,major_purchase,NC,31.0,1.0,685.0,689.0,3.0,35.0,22.0,Individual,6,High Risk,Manual Review
96660409,12000.0, 60 months,28.69,F,F1,10+ years,RENT,35146.0,Source Verified,debt_consolidation,CA,32.34,2.0,665.0,669.0,0.0,46.5,31.0,Individual,6,High Risk,Manual Review
96843375,15000.0, 60 months,29.99,F,F3,10+ years,MORTGAGE,225000.0,Source Verified,other,TX,32.03,2.0,675.0,679.0,0.0,54.5,29.0,Individual,6,High Risk,Manual Review
96960682,18000.0, 36 months,24.74,E,E3,2 years,MORTGAGE,105000.0,Source Verified,debt_consolidation,NY,31.63,0.0,665.0,669.0,1.0,88.3,28.0,Individual,6,High Risk,Manual Review
96799814,21000.0, 60 months,29.49,F,F2,10+ years,MORTGAGE,70000.0,Verified,credit_card,MA,32.72,0.0,705.0,709.0,2.0,29.8,34.0,Individual,5,High Risk,Manual Review
96921182,18950.0, 60 months,26.24,E,E5,10+ years,MORTGAGE,60211.0,Verified,debt_consolidation,TX,34.86,0.0,660.0,664.0,0.0,65.0,26.0,Individual,5,High Risk,Manual Review
96662934,8700.0, 36 months,23.99,E,E2,8 years,MORTGAGE,84000.0,Verified,debt_consolidation,CO,34.5,0.0,675.0,679.0,4.0,86.0,33.0,Individual,6,High Risk,Manual Review
96771401,18000.0, 60 months,29.49,F,F2,10+ years,MORTGAGE,74149.0,Verified,debt_consolidation,VA,34.68,0.0,675.0,679.0,1.0,39.3,28.0,Individual,5,High Risk,Manual Review
96642259,10000.0, 60 months,26.24,E,E5,6 years,RENT,45000.0,Source Verified,debt_consolidation,MD,30.8,0.0,660.0,664.0,0.0,60.0,16.0,Individual,5,High Risk,Manual Review
96651849,16000.0, 36 months,23.99,E,E2,2 years,RENT,32000.0,Verified,debt_consolidation,CA,32.33,1.0,660.0,664.0,1.0,71.1,15.0,Individual,6,High Risk,Manual Review
96722387,20000.0, 60 months,29.99,F,F3,< 1 year,MORTGAGE,10000.0,Source Verified,debt_consolidation,IL,155.7,1.0,660.0,664.0,3.0,61.6,23.0,Joint App,6,High Risk,Manual Review
96920515,14000.0, 60 months,22.74,E,E1,2 years,MORTGAGE,110000.0,Verified,small_business,MA,15.87,1.0,665.0,669.0,0.0,93.0,27.0,Individual,5,High Risk,Manual Review
96848126,20800.0, 36 months,30.49,F,F4,7 years,MORTGAGE,106380.0,Verified,debt_consolidation,GA,33.74,0.0,670.0,674.0,0.0,97.7,54.0,Individual,6,High Risk,Manual Review
96682200,24000.0, 60 months,22.74,E,E1,10+ years,MORTGAGE,79500.0,Verified,debt_consolidation,AZ,30.9,0.0,675.0,679.0,0.0,72.0,18.0,Individual,5,High Risk,Manual Review
96801946,7200.0, 36 months,23.99,E,E2,10+ years,OWN,38000.0,Source Verified,debt_consolidation,IL,31.9,0.0,665.0,669.0,0.0,69.6,28.0,Individual,5,High Risk,Manual Review
95590886,20000.0, 60 months,22.74,E,E1,3 years,RENT,144000.0,Verified,debt_consolidation,CO,7.85,5.0,665.0,669.0,1.0,80.5,18.0,Individual,5,High Risk,Manual Review
96841558,22000.0, 36 months,22.74,E,E1,8 years,RENT,50000.0,Source Verified,debt_consolidation,NY,34.18,0.0,695.0,699.0,0.0,42.2,23.0,Individual,5,High Risk,Manual Review
96943201,8650.0, 36 months,22.74,E,E1,,OWN,25476.0,Verified,credit_card,GA,33.54,0.0,665.0,669.0,0.0,65.0,38.0,Individual,5,High Risk,Manual Review
96750789,20000.0, 60 months,23.99,E,E2,1 year,OWN,63000.0,Source Verified,credit_card,NY,34.5,0.0,670.0,674.0,0.0,89.4,48.0,Individual,6,High Risk,Manual Review
96862092,14750.0, 60 months,26.24,E,E5,9 years,MORTGAGE,84600.0,Verified,debt_consolidation,MN,11.08,2.0,665.0,669.0,0.0,104.0,11.0,Individual,5,High Risk,Manual Review
95368645,16000.0, 60 months,23.99,E,E2,1 year,MORTGAGE,55000.0,Verified,credit_card,GA,15.16,1.0,675.0,679.0,0.0,100.3,9.0,Individual,5,High Risk,Manual Review
96837729,12000.0, 60 months,22.74,E,E1,2 years,MORTGAGE,75000.0,Source Verified,debt_consolidation,MD,19.02,1.0,670.0,674.0,0.0,90.6,21.0,Individual,5,High Risk,Manual Review
96934103,7000.0, 36 months,22.74,E,E1,5 years,MORTGAGE,44000.0,Source Verified,debt_consolidation,AZ,30.63,0.0,660.0,664.0,1.0,69.5,16.0,Individual,5,High Risk,Manual Review
95082504,16000.0, 60 months,22.74,E,E1,8 years,MORTGAGE,45650.0,Source Verified,debt_consolidation,TX,34.78,4.0,665.0,669.0,0.0,80.2,29.0,Individual,7,High Risk,Manual Review
96629624,24000.0, 60 months,30.79,G,G1,3 years,MORTGAGE,141000.0,Verified,debt_consolidation,VA,33.02,0.0,680.0,684.0,1.0,91.8,32.0,Individual,6,High Risk,Manual Review
96960463,35000.0, 36 months,26.24,E,E5,< 1 year,RENT,100000.0,Verified,other,PA,21.73,1.0,660.0,664.0,1.0,85.3,23.0,Individual,5,High Risk,Manual Review
96660387,35000.0, 60 months,30.89,G,G3,< 1 year,OWN,100000.0,Source Verified,home_improvement,GA,23.65,1.0,675.0,679.0,0.0,89.2,31.0,Individual,5,High Risk,Manual Review
96957547,21600.0, 36 months,23.99,E,E2,< 1 year,OWN,47500.0,Not Verified,debt_consolidation,CT,32.06,0.0,705.0,709.0,0.0,43.7,19.0,Individual,5,High Risk,Manual Review
96741563,17825.0, 60 months,30.79,G,G1,,MORTGAGE,46971.0,Not Verified,debt_consolidation,GA,33.21,0.0,695.0,699.0,1.0,69.0,25.0,Individual,5,High Risk,Manual Review
96808800,20000.0, 60 months,25.49,E,E4,10+ years,MORTGAGE,50000.0,Verified,car,CO,26.33,1.0,675.0,679.0,0.0,102.0,46.0,Individual,5,High Risk,Manual Review
96840932,25000.0, 60 months,22.74,E,E1,10+ years,RENT,115000.0,Source Verified,debt_consolidation,OH,32.06,0.0,665.0,669.0,0.0,87.3,22.0,Individual,6,High Risk,Manual Review
95567647,3000.0, 36 months,23.99,E,E2,,OWN,90000.0,Not Verified,home_improvement,CA,34.44,0.0,700.0,704.0,1.0,81.4,18.0,Individual,6,High Risk,Manual Review
96594394,20000.0, 60 months,22.74,E,E1,9 years,RENT,59900.0,Verified,debt_consolidation,NY,34.14,1.0,680.0,684.0,0.0,87.3,19.0,Individual,7,High Risk,Manual Review
96933114,30000.0, 36 months,28.69,F,F1,< 1 year,MORTGAGE,67000.0,Verified,debt_consolidation,TX,30.41,0.0,750.0,754.0,1.0,15.8,46.0,Individual,5,High Risk,Manual Review
96924750,7500.0, 36 months,28.69,F,F1,10+ years,MORTGAGE,105000.0,Source Verified,debt_consolidation,MA,32.67,0.0,695.0,699.0,2.0,86.8,36.0,Individual,6,High Risk,Manual Review
96649069,18000.0, 36 months,18.99,D,D3,5 years,OWN,55000.0,Verified,debt_consolidation,OH,31.26,1.0,710.0,714.0,1.0,80.4,20.0,Individual,5,High Risk,Manual Review
96641162,19425.0, 36 months,22.74,E,E1,10+ years,RENT,40502.0,Source Verified,credit_card,CA,32.52,0.0,715.0,719.0,0.0,66.2,26.0,Individual,5,High Risk,Manual Review
96859975,31000.0, 60 months,30.84,G,G2,10+ years,MORTGAGE,200000.0,Verified,home_improvement,SC,30.24,0.0,670.0,674.0,2.0,77.7,36.0,Individual,5,High Risk,Manual Review
96595015,30000.0, 60 months,23.99,E,E2,10+ years,RENT,83157.0,Verified,debt_consolidation,TX,19.3,1.0,685.0,689.0,0.0,82.2,21.0,Individual,5,High Risk,Manual Review
96935632,5000.0, 36 months,18.99,D,D3,10+ years,MORTGAGE,80000.0,Verified,other,FL,30.24,1.0,660.0,664.0,0.0,98.7,29.0,Individual,5,High Risk,Manual Review
96859164,20000.0, 36 months,24.74,E,E3,10+ years,MORTGAGE,48000.0,Verified,debt_consolidation,IL,33.0,0.0,675.0,679.0,1.0,57.0,22.0,Individual,5,High Risk,Manual Review
96729212,21400.0, 60 months,26.24,E,E5,10+ years,RENT,61000.0,Verified,debt_consolidation,NJ,31.52,0.0,690.0,694.0,0.0,59.8,15.0,Individual,5,High Risk,Manual Review
96852202,18000.0, 60 months,29.99,F,F3,10+ years,RENT,54000.0,Verified,debt_consolidation,IL,33.56,0.0,665.0,669.0,0.0,76.4,25.0,Individual,5,High Risk,Manual Review
96854026,16800.0, 36 months,22.74,E,E1,10+ years,OWN,40000.0,Not Verified,debt_consolidation,OH,30.42,0.0,685.0,689.0,2.0,30.9,32.0,Individual,5,High Risk,Manual Review
96602948,18000.0, 36 months,22.74,E,E1,,MORTGAGE,45876.0,Verified,debt_consolidation,GA,30.16,2.0,660.0,664.0,0.0,57.3,25.0,Individual,6,High Risk,Manual Review
96918093,29500.0, 60 months,29.49,F,F2,3 years,OWN,43700.0,Verified,debt_consolidation,MI,30.68,0.0,665.0,669.0,1.0,41.5,21.0,Joint App,5,High Risk,Manual Review
96740474,31675.0, 36 months,23.99,E,E2,10+ years,RENT,72000.0,Verified,credit_card,FL,30.67,0.0,685.0,689.0,1.0,97.1,23.0,Individual,6,High Risk,Manual Review
96661718,35000.0, 60 months,22.74,E,E1,6 years,MORTGAGE,150000.0,Verified,debt_consolidation,NV,32.89,2.0,665.0,669.0,2.0,64.0,43.0,Individual,6,High Risk,Manual Review
96708908,20000.0, 60 months,30.99,G,G5,10+ years,RENT,103000.0,Verified,debt_consolidation,CA,34.59,0.0,665.0,669.0,0.0,84.9,29.0,Individual,6,High Risk,Manual Review
96561236,19575.0, 60 months,25.49,E,E4,10+ years,MORTGAGE,34300.0,Verified,debt_consolidation,WI,46.29,0.0,695.0,699.0,0.0,82.8,13.0,Joint App,6,High Risk,Manual Review
96631408,2000.0, 36 months,16.99,D,D1,3 years,MORTGAGE,56000.0,Verified,other,TX,34.16,1.0,680.0,684.0,0.0,87.1,38.0,Individual,5,High Risk,Manual Review
96802536,11525.0, 36 months,26.24,E,E5,7 years,OWN,32073.0,Verified,debt_consolidation,MI,32.75,0.0,690.0,694.0,0.0,43.9,9.0,Individual,5,High Risk,Manual Review
96498177,25000.0, 60 months,25.49,E,E4,6 years,RENT,60664.0,Verified,debt_consolidation,WA,33.97,0.0,675.0,679.0,0.0,87.6,11.0,Joint App,6,High Risk,Manual Review
96400702,15600.0, 60 months,29.49,F,F2,10+ years,MORTGAGE,67000.0,Verified,other,NY,9.64,1.0,660.0,664.0,0.0,88.2,17.0,Individual,5,High Risk,Manual Review
96945369,35000.0, 36 months,23.99,E,E2,5 years,MORTGAGE,112000.0,Not Verified,credit_card,MA,30.16,0.0,660.0,664.0,0.0,89.4,19.0,Individual,6,High Risk,Manual Review
96926888,24875.0, 36 months,24.74,E,E3,10+ years,MORTGAGE,100000.0,Verified,debt_consolidation,UT,33.27,0.0,685.0,689.0,0.0,85.7,16.0,Joint App,6,High Risk,Manual Review
96701956,7200.0, 36 months,23.99,E,E2,10+ years,RENT,34560.0,Not Verified,debt_consolidation,NJ,30.9,0.0,695.0,699.0,0.0,74.5,24.0,Individual,5,High Risk,Manual Review
96335093,14000.0, 60 months,29.49,F,F2,2 years,RENT,70000.0,Not Verified,other,FL,34.12,1.0,685.0,689.0,0.0,73.1,21.0,Individual,6,High Risk,Manual Review
96651545,15450.0, 60 months,22.74,E,E1,,RENT,50000.0,Not Verified,debt_consolidation,CA,31.42,0.0,780.0,784.0,0.0,13.5,26.0,Individual,5,High Risk,Manual Review
96768099,12175.0, 60 months,26.24,E,E5,1 year,ANY,55000.0,Source Verified,debt_consolidation,VT,30.79,0.0,665.0,669.0,0.0,33.9,36.0,Individual,5,High Risk,Manual Review
96721697,12000.0, 60 months,26.24,E,E5,< 1 year,RENT,35000.0,Not Verified,debt_consolidation,CA,34.64,0.0,730.0,734.0,1.0,47.3,9.0,Individual,5,High Risk,Manual Review
96923892,35000.0, 36 months,28.69,F,F1,10+ years,MORTGAGE,100000.0,Verified,debt_consolidation,TX,33.99,0.0,695.0,699.0,0.0,73.2,30.0,Individual,5,High Risk,Manual Review
96661503,5000.0, 36 months,24.74,E,E3,6 years,OWN,45000.0,Source Verified,debt_consolidation,AR,30.37,0.0,675.0,679.0,5.0,48.6,29.0,Individual,5,High Risk,Manual Review
96649603,28000.0, 60 months,30.74,F,F5,,OWN,69000.0,Verified,major_purchase,FL,30.63,0.0,705.0,709.0,0.0,64.1,25.0,Individual,5,High Risk,Manual Review
96690300,15000.0, 36 months,16.99,D,D1,10+ years,MORTGAGE,90000.0,Source Verified,debt_consolidation,TX,31.19,1.0,685.0,689.0,0.0,96.7,23.0,Individual,5,High Risk,Manual Review
96778171,7675.0, 36 months,23.99,E,E2,9 years,OWN,41000.0,Verified,debt_consolidation,MI,31.65,1.0,660.0,664.0,2.0,45.1,16.0,Individual,6,High Risk,Manual Review
96811240,12500.0, 60 months,22.74,E,E1,7 years,MORTGAGE,68000.0,Source Verified,debt_consolidation,WA,32.62,0.0,680.0,684.0,1.0,92.6,20.0,Individual,6,High Risk,Manual Review
96660196,30000.0, 60 months,29.99,F,F3,9 years,RENT,75000.0,Source Verified,debt_consolidation,OR,30.16,0.0,670.0,674.0,1.0,58.0,28.0,Individual,5,High Risk,Manual Review
96619699,19850.0, 60 months,29.49,F,F2,8 years,MORTGAGE,38000.0,Verified,debt_consolidation,OH,51.45,0.0,695.0,699.0,1.0,57.9,19.0,Joint App,5,High Risk,Manual Review
96929205,24000.0, 36 months,15.99,C,C5,10+ years,MORTGAGE,140000.0,Verified,debt_consolidation,NV,34.61,1.0,675.0,679.0,0.0,92.0,41.0,Individual,5,High Risk,Manual Review
96840005,20000.0, 36 months,16.99,D,D1,4 years,RENT,57000.0,Verified,debt_consolidation,WA,34.08,2.0,675.0,679.0,0.0,102.0,16.0,Individual,5,High Risk,Manual Review
96700635,12000.0, 60 months,22.74,E,E1,10+ years,MORTGAGE,42000.0,Source Verified,debt_consolidation,NC,30.06,1.0,685.0,689.0,0.0,83.3,30.0,Individual,7,High Risk,Manual Review
96780555,25000.0, 60 months,26.24,E,E5,6 years,MORTGAGE,125000.0,Verified,debt_consolidation,VA,33.26,0.0,680.0,684.0,0.0,68.0,41.0,Individual,5,High Risk,Manual Review
96858417,35000.0, 60 months,22.74,E,E1,10+ years,MORTGAGE,96000.0,Verified,debt_consolidation,AZ,32.94,1.0,685.0,689.0,1.0,44.0,55.0,Individual,6,High Risk,Manual Review
96925818,12000.0, 60 months,29.49,F,F2,10+ years,RENT,35000.0,Source Verified,debt_consolidation,OH,31.76,0.0,695.0,699.0,0.0,78.8,14.0,Individual,5,High Risk,Manual Review
96699308,17275.0, 60 months,23.99,E,E2,,RENT,43200.0,Not Verified,debt_consolidation,CA,30.06,0.0,680.0,684.0,0.0,62.5,36.0,Individual,5,High Risk,Manual Review
96629026,20000.0, 60 months,25.49,E,E4,10+ years,RENT,90000.0,Verified,debt_consolidation,MD,31.51,1.0,680.0,684.0,0.0,53.8,36.0,Individual,6,High Risk,Manual Review
96830873,23800.0, 60 months,22.74,E,E1,2 years,RENT,98000.0,Verified,credit_card,MD,32.6,0.0,705.0,709.0,0.0,62.8,28.0,Individual,5,High Risk,Manual Review
96709591,28000.0, 60 months,22.74,E,E1,4 years,MORTGAGE,60000.0,Verified,debt_consolidation,NC,36.98,0.0,670.0,674.0,1.0,70.7,17.0,Joint App,5,High Risk,Manual Review
96355136,35000.0, 60 months,25.49,E,E4,9 years,MORTGAGE,111000.0,Verified,debt_consolidation,TN,34.83,0.0,690.0,694.0,1.0,57.0,29.0,Individual,5,High Risk,Manual Review
96594007,15125.0, 60 months,30.74,F,F5,10+ years,MORTGAGE,76000.0,Verified,debt_consolidation,NY,31.08,0.0,695.0,699.0,0.0,69.0,15.0,Individual,5,High Risk,Manual Review
96054384,21000.0, 60 months,24.74,E,E3,10+ years,RENT,102000.0,Verified,credit_card,TN,33.52,0.0,710.0,714.0,1.0,30.5,44.0,Individual,5,High Risk,Manual Review
96457141,30800.0, 36 months,25.49,E,E4,,RENT,15000.0,Source Verified,debt_consolidation,CO,79.6,0.0,670.0,674.0,1.0,72.8,30.0,Joint App,5,High Risk,Manual Review
96915383,25900.0, 60 months,18.99,D,D3,5 years,MORTGAGE,48000.0,Verified,credit_card,NY,46.35,1.0,665.0,669.0,0.0,98.4,34.0,Joint App,5,High Risk,Manual Review
96343534,5375.0, 36 months,22.74,E,E1,1 year,RENT,50000.0,Verified,debt_consolidation,AZ,33.51,1.0,715.0,719.0,0.0,0.0,19.0,Individual,6,High Risk,Manual Review
96748885,21000.0, 60 months,23.99,E,E2,7 years,OWN,85000.0,Source Verified,debt_consolidation,GA,28.62,1.0,680.0,684.0,0.0,97.4,35.0,Individual,5,High Risk,Manual Review
96728987,12000.0, 60 months,25.49,E,E4,1 year,RENT,30996.0,Source Verified,credit_card,AZ,31.82,0.0,660.0,664.0,0.0,43.9,18.0,Individual,5,High Risk,Manual Review
96740584,20575.0, 36 months,25.49,E,E4,10+ years,MORTGAGE,80500.0,Verified,debt_consolidation,MN,33.29,0.0,675.0,679.0,1.0,101.0,16.0,Individual,6,High Risk,Manual Review
96760696,17750.0, 60 months,30.79,G,G1,3 years,MORTGAGE,95000.0,Source Verified,debt_consolidation,MD,32.69,0.0,660.0,664.0,0.0,83.5,45.0,Individual,6,High Risk,Manual Review
96912453,23500.0, 60 months,29.49,F,F2,2 years,MORTGAGE,73700.0,Verified,debt_consolidation,VA,25.81,1.0,665.0,669.0,2.0,83.0,58.0,Individual,5,High Risk,Manual Review
96810159,17325.0, 60 months,30.89,G,G3,2 years,ANY,45600.0,Verified,debt_consolidation,MI,29.97,2.0,670.0,674.0,0.0,82.3,20.0,Individual,5,High Risk,Manual Review
96755358,14400.0, 36 months,22.74,E,E1,10+ years,RENT,40000.0,Verified,debt_consolidation,NY,30.66,1.0,660.0,664.0,1.0,56.1,14.0,Individual,6,High Risk,Manual Review
96860150,15000.0, 60 months,29.49,F,F2,10+ years,MORTGAGE,46000.0,Verified,debt_consolidation,FL,30.99,0.0,710.0,714.0,1.0,17.3,34.0,Individual,5,High Risk,Manual Review
96876126,5250.0, 36 months,29.49,F,F2,,MORTGAGE,39000.0,Verified,debt_consolidation,CA,32.28,0.0,660.0,664.0,0.0,79.0,24.0,Individual,5,High Risk,Manual Review
96860148,17625.0, 36 months,19.99,D,D4,10+ years,MORTGAGE,42000.0,Verified,debt_consolidation,KS,33.37,1.0,660.0,664.0,0.0,86.7,14.0,Individual,5,High Risk,Manual Review
96850181,8000.0, 36 months,28.69,F,F1,10+ years,ANY,42000.0,Source Verified,debt_consolidation,AZ,33.77,0.0,730.0,734.0,2.0,28.7,25.0,Individual,5,High Risk,Manual Review
96913301,30000.0, 60 months,28.69,F,F1,2 years,MORTGAGE,115000.0,Verified,debt_consolidation,NM,32.67,0.0,685.0,689.0,2.0,100.6,37.0,Individual,6,High Risk,Manual Review
96851049,13450.0, 60 months,22.74,E,E1,10+ years,RENT,40000.0,Source Verified,debt_consolidation,FL,34.99,3.0,660.0,664.0,0.0,60.6,17.0,Individual,6,High Risk,Manual Review
96569395,16000.0, 60 months,24.74,E,E3,10+ years,MORTGAGE,120000.0,Source Verified,debt_consolidation,NY,34.56,0.0,670.0,674.0,1.0,85.8,46.0,Individual,6,High Risk,Manual Review
96639388,20000.0, 60 months,25.49,E,E4,4 years,MORTGAGE,68000.0,Verified,debt_consolidation,MI,31.72,0.0,670.0,674.0,0.0,100.0,25.0,Individual,6,High Risk,Manual Review
96602770,9000.0, 36 months,26.24,E,E5,4 years,RENT,26000.0,Source Verified,debt_consolidation,PA,31.63,0.0,720.0,724.0,1.0,32.6,17.0,Individual,5,High Risk,Manual Review
96539353,2400.0, 36 months,28.69,F,F1,10+ years,RENT,52000.0,Verified,credit_card,NY,32.33,0.0,710.0,714.0,1.0,16.3,42.0,Individual,5,High Risk,Manual Review
96858060,30000.0, 60 months,23.99,E,E2,< 1 year,RENT,74800.0,Verified,debt_consolidation,AR,34.69,0.0,660.0,664.0,1.0,82.0,22.0,Individual,6,High Risk,Manual Review
96373059,22625.0, 60 months,30.74,F,F5,10+ years,MORTGAGE,62000.0,Source Verified,other,VA,31.96,2.0,695.0,699.0,0.0,84.6,28.0,Individual,7,High Risk,Manual Review
96817287,40000.0, 60 months,29.99,F,F3,10+ years,MORTGAGE,438000.0,Source Verified,debt_consolidation,MA,12.67,1.0,690.0,694.0,4.0,80.4,29.0,Individual,5,High Risk,Manual Review
96848645,17225.0, 60 months,26.24,E,E5,10+ years,RENT,63000.0,Verified,debt_consolidation,TX,34.46,0.0,685.0,689.0,1.0,76.0,15.0,Individual,5,High Risk,Manual Review
95071273,30000.0, 60 months,28.69,F,F1,10+ years,MORTGAGE,69855.0,Verified,debt_consolidation,NV,32.16,0.0,710.0,714.0,0.0,99.3,20.0,Individual,6,High Risk,Manual Review
96526044,21600.0, 60 months,22.74,E,E1,9 years,MORTGAGE,60000.0,Source Verified,home_improvement,DE,32.24,3.0,705.0,709.0,1.0,56.3,38.0,Individual,6,High Risk,Manual Review
96739571,10750.0, 36 months,22.74,E,E1,3 years,MORTGAGE,35443.0,Source Verified,credit_card,KS,31.63,0.0,695.0,699.0,0.0,82.1,20.0,Individual,6,High Risk,Manual Review
96571947,17000.0, 60 months,25.49,E,E4,< 1 year,MORTGAGE,38000.0,Verified,debt_consolidation,NE,40.43,0.0,670.0,674.0,0.0,62.3,20.0,Joint App,5,High Risk,Manual Review
96907710,18000.0, 60 months,30.89,G,G3,2 years,RENT,40000.0,Source Verified,debt_consolidation,WA,33.54,0.0,710.0,714.0,1.0,44.4,14.0,Individual,5,High Risk,Manual Review
96829286,18000.0, 60 months,29.99,F,F3,,MORTGAGE,60636.0,Verified,debt_consolidation,NJ,28.3,1.0,670.0,674.0,0.0,86.3,29.0,Individual,5,High Risk,Manual Review
96868686,12000.0, 60 months,30.49,F,F4,< 1 year,OWN,30000.0,Source Verified,debt_consolidation,TN,34.24,0.0,665.0,669.0,0.0,50.9,16.0,Individual,5,High Risk,Manual Review
96859810,15000.0, 60 months,30.89,G,G3,10+ years,MORTGAGE,52800.0,Not Verified,debt_consolidation,TX,34.48,0.0,680.0,684.0,1.0,49.2,33.0,Individual,5,High Risk,Manual Review
96468888,5000.0, 36 months,15.99,C,C5,,OWN,10000.0,Verified,major_purchase,TX,32.77,1.0,660.0,664.0,0.0,80.6,12.0,Individual,5,High Risk,Manual Review
96919931,20000.0, 60 months,23.99,E,E2,10+ years,MORTGAGE,125000.0,Not Verified,credit_card,MN,11.02,1.0,660.0,664.0,0.0,94.0,22.0,Individual,5,High Risk,Manual Review
96659114,14400.0, 60 months,28.69,F,F1,9 years,RENT,98498.0,Verified,credit_card,CA,33.94,0.0,680.0,684.0,0.0,24.0,25.0,Individual,5,High Risk,Manual Review
96736200,27600.0, 60 months,23.99,E,E2,10+ years,MORTGAGE,73000.0,Not Verified,debt_consolidation,SC,31.79,0.0,705.0,709.0,0.0,70.2,24.0,Individual,5,High Risk,Manual Review
96860733,20000.0, 60 months,25.49,E,E4,2 years,OWN,123000.0,Verified,debt_consolidation,FL,17.54,1.0,660.0,664.0,0.0,84.3,43.0,Individual,5,High Risk,Manual Review
96627232,12000.0, 60 months,22.74,E,E1,10+ years,MORTGAGE,156000.0,Source Verified,debt_consolidation,MD,19.72,1.0,690.0,694.0,0.0,92.0,29.0,Individual,5,High Risk,Manual Review
96603550,8650.0, 36 months,28.69,F,F1,10+ years,RENT,49000.0,Source Verified,debt_consolidation,CA,33.6,0.0,675.0,679.0,0.0,66.6,26.0,Individual,5,High Risk,Manual Review
96245777,12800.0, 36 months,22.74,E,E1,< 1 year,RENT,85000.0,Not Verified,debt_consolidation,IL,4.08,2.0,680.0,684.0,0.0,87.0,7.0,Individual,5,High Risk,Manual Review
96726433,10000.0, 36 months,25.49,E,E4,3 years,RENT,45000.0,Source Verified,small_business,NY,31.74,0.0,665.0,669.0,2.0,21.2,21.0,Individual,5,High Risk,Manual Review
96826186,26000.0, 60 months,28.69,F,F1,10+ years,RENT,56000.0,Not Verified,debt_consolidation,NY,30.59,0.0,680.0,684.0,1.0,57.5,22.0,Joint App,5,High Risk,Manual Review
96827981,6100.0, 36 months,30.74,F,F5,3 years,RENT,18000.0,Verified,other,NY,33.05,0.0,695.0,699.0,1.0,51.7,7.0,Individual,5,High Risk,Manual Review
96570862,35000.0, 60 months,29.49,F,F2,10+ years,MORTGAGE,82000.0,Source Verified,debt_consolidation,IL,31.55,1.0,675.0,679.0,1.0,73.0,31.0,Individual,6,High Risk,Manual Review
96618732,20000.0, 60 months,30.94,G,G4,6 years,MORTGAGE,116000.0,Source Verified,credit_card,FL,26.69,1.0,670.0,674.0,0.0,91.3,35.0,Individual,5,High Risk,Manual Review
96586274,33600.0, 60 months,29.49,F,F2,10+ years,MORTGAGE,100000.0,Verified,debt_consolidation,OR,33.23,1.0,695.0,699.0,0.0,30.5,62.0,Individual,6,High Risk,Manual Review
96677115,10000.0, 60 months,29.99,F,F3,3 years,RENT,48000.0,Not Verified,debt_consolidation,CA,33.27,0.0,705.0,709.0,0.0,41.8,24.0,Individual,5,High Risk,Manual Review
96395736,24000.0, 60 months,24.74,E,E3,1 year,MORTGAGE,165000.0,Source Verified,debt_consolidation,IL,30.07,0.0,690.0,694.0,1.0,59.0,63.0,Individual,5,High Risk,Manual Review
96347286,17150.0, 60 months,30.49,F,F4,10+ years,RENT,65000.0,Source Verified,credit_card,WA,30.63,2.0,675.0,679.0,0.0,46.2,50.0,Individual,6,High Risk,Manual Review
96798469,23075.0, 60 months,23.99,E,E2,10+ years,RENT,59000.0,Verified,debt_consolidation,TX,32.55,0.0,670.0,674.0,0.0,60.0,37.0,Individual,5,High Risk,Manual Review
96768181,35000.0, 36 months,29.99,F,F3,10+ years,OWN,107328.0,Verified,debt_consolidation,CA,30.68,0.0,700.0,704.0,0.0,57.6,30.0,Individual,5,High Risk,Manual Review
96798283,2075.0, 36 months,24.74,E,E3,4 years,MORTGAGE,85238.0,Verified,debt_consolidation,VA,9.95,2.0,670.0,674.0,1.0,99.5,16.0,Individual,5,High Risk,Manual Review
96405875,32125.0, 36 months,25.49,E,E4,3 years,MORTGAGE,83000.0,Verified,debt_consolidation,TX,34.67,2.0,715.0,719.0,1.0,87.9,36.0,Individual,7,High Risk,Manual Review
96746476,20025.0, 60 months,29.49,F,F2,10+ years,RENT,65000.0,Verified,debt_consolidation,CA,31.17,0.0,660.0,664.0,2.0,50.0,25.0,Individual,5,High Risk,Manual Review
96246587,11325.0, 60 months,30.84,G,G2,,RENT,42000.0,Verified,debt_consolidation,CA,33.43,0.0,705.0,709.0,1.0,55.1,24.0,Individual,5,High Risk,Manual Review
96756106,26575.0, 60 months,30.74,F,F5,4 years,RENT,98500.0,Source Verified,debt_consolidation,MD,33.32,0.0,680.0,684.0,1.0,39.9,30.0,Individual,5,High Risk,Manual Review
96619078,23000.0, 60 months,25.49,E,E4,,OWN,50000.0,Not Verified,major_purchase,SC,30.23,0.0,685.0,689.0,0.0,53.9,17.0,Individual,5,High Risk,Manual Review
96882369,16800.0, 60 months,30.79,G,G1,10+ years,MORTGAGE,26000.0,Not Verified,debt_consolidation,CA,52.68,0.0,680.0,684.0,3.0,77.2,21.0,Joint App,5,High Risk,Manual Review
96727874,12000.0, 60 months,16.99,D,D1,< 1 year,MORTGAGE,72000.0,Not Verified,credit_card,VA,31.35,2.0,675.0,679.0,0.0,94.0,31.0,Individual,5,High Risk,Manual Review
96356811,26600.0, 36 months,22.74,E,E1,5 years,RENT,34000.0,Verified,debt_consolidation,IL,45.15,0.0,670.0,674.0,2.0,76.7,46.0,Joint App,5,High Risk,Manual Review
96881639,24000.0, 36 months,23.99,E,E2,1 year,RENT,65000.0,Source Verified,debt_consolidation,WA,31.09,1.0,670.0,674.0,0.0,69.6,28.0,Joint App,6,High Risk,Manual Review
96284235,18000.0, 60 months,28.69,F,F1,5 years,RENT,46000.0,Verified,debt_consolidation,CA,31.39,14.0,670.0,674.0,1.0,35.0,45.0,Individual,6,High Risk,Manual Review
96647543,6800.0, 36 months,24.74,E,E3,,RENT,22740.0,Verified,debt_consolidation,MI,34.09,0.0,685.0,689.0,0.0,76.0,14.0,Individual,5,High Risk,Manual Review
96885252,15950.0, 36 months,26.24,E,E5,,OWN,42000.0,Verified,other,IL,31.49,0.0,690.0,694.0,1.0,68.0,13.0,Individual,5,High Risk,Manual Review
96253721,22400.0, 36 months,23.99,E,E2,2 years,OWN,90000.0,Not Verified,debt_consolidation,CA,33.66,0.0,675.0,679.0,0.0,51.0,33.0,Individual,5,High Risk,Manual Review
96570406,1400.0, 36 months,16.99,D,D1,5 years,MORTGAGE,55000.0,Source Verified,debt_consolidation,TN,33.89,1.0,670.0,674.0,0.0,98.6,15.0,Individual,5,High Risk,Manual Review
96306125,13000.0, 36 months,28.69,F,F1,,MORTGAGE,48000.0,Verified,debt_consolidation,IL,33.4,0.0,675.0,679.0,2.0,49.0,25.0,Individual,5,High Risk,Manual Review
96587140,11100.0, 60 months,22.74,E,E1,3 years,MORTGAGE,74000.0,Source Verified,debt_consolidation,AZ,31.71,0.0,695.0,699.0,1.0,21.0,19.0,Joint App,5,High Risk,Manual Review
96766129,18850.0, 60 months,22.74,E,E1,2 years,RENT,50000.0,Source Verified,credit_card,IN,34.16,0.0,680.0,684.0,2.0,41.7,30.0,Individual,5,High Risk,Manual Review
96835933,16000.0, 60 months,22.74,E,E1,10+ years,OWN,40000.0,Source Verified,house,NY,34.11,0.0,700.0,704.0,0.0,75.5,12.0,Individual,5,High Risk,Manual Review
96825866,14525.0, 60 months,25.49,E,E4,5 years,MORTGAGE,65000.0,Verified,debt_consolidation,VA,30.87,0.0,660.0,664.0,2.0,69.0,26.0,Individual,5,High Risk,Manual Review
96707741,2800.0, 36 months,24.74,E,E3,10+ years,MORTGAGE,28000.0,Verified,other,KY,31.85,0.0,690.0,694.0,0.0,43.1,26.0,Individual,5,High Risk,Manual Review
96588876,40000.0, 60 months,22.74,E,E1,< 1 year,MORTGAGE,50000.0,Verified,debt_consolidation,OK,43.13,0.0,705.0,709.0,0.0,54.3,31.0,Joint App,5,High Risk,Manual Review
96706654,16000.0, 36 months,15.99,C,C5,10+ years,RENT,75000.0,Source Verified,credit_card,MA,31.09,1.0,660.0,664.0,0.0,92.7,27.0,Individual,5,High Risk,Manual Review
96592849,29250.0, 60 months,25.49,E,E4,1 year,RENT,65000.0,Verified,debt_consolidation,NY,34.32,0.0,715.0,719.0,1.0,89.0,29.0,Individual,6,High Risk,Manual Review
96825994,20000.0, 36 months,28.69,F,F1,1 year,RENT,50000.0,Verified,debt_consolidation,NC,33.21,1.0,675.0,679.0,3.0,62.7,31.0,Individual,6,High Risk,Manual Review
96635805,11200.0, 60 months,30.89,G,G3,1 year,RENT,95950.0,Verified,debt_consolidation,IL,30.28,0.0,670.0,674.0,2.0,100.1,21.0,Individual,6,High Risk,Manual Review
96393394,16000.0, 60 months,30.74,F,F5,2 years,RENT,148000.0,Verified,credit_card,NY,34.42,0.0,695.0,699.0,2.0,88.0,28.0,Individual,6,High Risk,Manual Review
95363919,35000.0, 60 months,28.69,F,F1,8 years,RENT,85000.0,Source Verified,debt_consolidation,TX,17.77,9.0,675.0,679.0,0.0,87.4,40.0,Individual,5,High Risk,Manual Review
94173064,18000.0, 60 months,29.99,F,F3,10+ years,MORTGAGE,82000.0,Verified,credit_card,NY,31.29,0.0,660.0,664.0,0.0,70.4,29.0,Individual,5,High Risk,Manual Review
96395492,12000.0, 60 months,19.99,D,D4,,OWN,55000.0,Not Verified,debt_consolidation,MI,34.06,1.0,675.0,679.0,0.0,99.2,21.0,Individual,5,High Risk,Manual Review
96766882,23000.0, 36 months,22.74,E,E1,1 year,RENT,63000.0,Source Verified,debt_consolidation,TX,30.46,0.0,690.0,694.0,0.0,47.8,25.0,Individual,5,High Risk,Manual Review
96707165,4000.0, 36 months,22.74,E,E1,< 1 year,MORTGAGE,94000.0,Verified,debt_consolidation,CA,34.91,0.0,680.0,684.0,0.0,79.1,24.0,Individual,5,High Risk,Manual Review
96857529,16000.0, 60 months,22.74,E,E1,7 years,RENT,60000.0,Verified,debt_consolidation,TX,30.38,1.0,670.0,674.0,0.0,67.0,22.0,Individual,6,High Risk,Manual Review
96401193,6000.0, 36 months,23.99,E,E2,2 years,RENT,50000.0,Verified,house,NJ,32.43,2.0,660.0,664.0,0.0,82.1,17.0,Individual,7,High Risk,Manual Review
96882112,14500.0, 60 months,30.79,G,G1,10+ years,RENT,88000.0,Verified,debt_consolidation,CT,32.99,0.0,700.0,704.0,1.0,87.3,16.0,Individual,6,High Risk,Manual Review
91437454,3500.0, 36 months,22.74,E,E1,1 year,RENT,23520.0,Verified,medical,AZ,32.75,0.0,670.0,674.0,2.0,50.8,11.0,Individual,5,High Risk,Manual Review
96825828,13650.0, 60 months,23.99,E,E2,4 years,MORTGAGE,94000.0,Source Verified,debt_consolidation,CA,32.78,0.0,665.0,669.0,0.0,88.2,23.0,Individual,6,High Risk,Manual Review
96457629,35000.0, 60 months,29.99,F,F3,10+ years,OWN,95000.0,Verified,debt_consolidation,IL,30.17,0.0,700.0,704.0,1.0,46.1,47.0,Individual,5,High Risk,Manual Review
95590652,15400.0, 60 months,30.49,F,F4,8 years,MORTGAGE,35000.0,Verified,credit_card,DE,31.76,0.0,680.0,684.0,1.0,65.2,34.0,Individual,5,High Risk,Manual Review
96252506,4275.0, 36 months,22.74,E,E1,10+ years,RENT,47000.0,Verified,debt_consolidation,MO,31.49,0.0,680.0,684.0,1.0,38.7,25.0,Individual,5,High Risk,Manual Review
96756698,16200.0, 36 months,23.99,E,E2,10+ years,RENT,98000.0,Verified,debt_consolidation,IL,33.03,0.0,665.0,669.0,0.0,72.0,33.0,Individual,5,High Risk,Manual Review
95641164,10275.0, 60 months,22.74,E,E1,10+ years,OWN,49041.0,Verified,debt_consolidation,NY,30.13,1.0,670.0,674.0,0.0,84.2,20.0,Individual,7,High Risk,Manual Review
96625242,20000.0, 60 months,23.99,E,E2,6 years,RENT,48500.0,Verified,credit_card,TX,40.1,0.0,685.0,689.0,1.0,49.3,46.0,Joint App,5,High Risk,Manual Review
96889623,10000.0, 60 months,30.79,G,G1,10+ years,MORTGAGE,160000.0,Source Verified,home_improvement,GA,30.76,0.0,665.0,669.0,2.0,54.6,51.0,Individual,5,High Risk,Manual Review
96215830,23000.0, 60 months,22.74,E,E1,10+ years,MORTGAGE,73000.0,Verified,debt_consolidation,MO,31.56,0.0,680.0,684.0,0.0,87.1,35.0,Individual,6,High Risk,Manual Review
96666211,14125.0, 60 months,26.24,E,E5,5 years,MORTGAGE,41000.0,Source Verified,debt_consolidation,AL,33.46,0.0,660.0,664.0,0.0,96.6,11.0,Individual,6,High Risk,Manual Review
96491752,30000.0, 60 months,22.74,E,E1,10+ years,OWN,60000.0,Verified,debt_consolidation,LA,34.91,0.0,700.0,704.0,0.0,32.4,22.0,Joint App,5,High Risk,Manual Review
96602821,28000.0, 36 months,23.99,E,E2,1 year,MORTGAGE,77000.0,Verified,debt_consolidation,WI,33.45,0.0,675.0,679.0,3.0,49.0,30.0,Individual,5,High Risk,Manual Review
96892278,25225.0, 60 months,28.69,F,F1,7 years,RENT,59000.0,Verified,debt_consolidation,TN,33.46,1.0,690.0,694.0,0.0,63.9,21.0,Individual,6,High Risk,Manual Review
96461516,9150.0, 36 months,23.99,E,E2,10+ years,MORTGAGE,64000.0,Verified,other,NC,33.75,1.0,665.0,669.0,0.0,101.0,28.0,Individual,7,High Risk,Manual Review
96626706,22225.0, 60 months,25.49,E,E4,10+ years,MORTGAGE,49000.0,Not Verified,home_improvement,FL,34.26,1.0,760.0,764.0,1.0,21.4,24.0,Individual,6,High Risk,Manual Review
96316956,7200.0, 36 months,26.24,E,E5,,RENT,34500.0,Verified,debt_consolidation,TN,32.83,0.0,660.0,664.0,1.0,94.5,18.0,Individual,6,High Risk,Manual Review
96618281,4000.0, 36 months,24.74,E,E3,,OWN,50000.0,Not Verified,medical,MN,34.71,0.0,710.0,714.0,3.0,46.3,23.0,Individual,5,High Risk,Manual Review
96373956,23700.0, 60 months,28.69,F,F1,2 years,MORTGAGE,70000.0,Source Verified,credit_card,MO,33.38,1.0,665.0,669.0,0.0,90.7,22.0,Individual,7,High Risk,Manual Review
96858779,20250.0, 60 months,22.74,E,E1,10+ years,MORTGAGE,243000.0,Not Verified,home_improvement,GA,31.59,0.0,680.0,684.0,1.0,71.4,38.0,Individual,5,High Risk,Manual Review
96886090,12600.0, 60 months,23.99,E,E2,4 years,RENT,50000.0,Not Verified,debt_consolidation,NC,31.57,0.0,680.0,684.0,0.0,32.9,35.0,Individual,5,High Risk,Manual Review
96541567,21000.0, 60 months,26.24,E,E5,8 years,OWN,46000.0,Verified,credit_card,VA,53.79,0.0,675.0,679.0,0.0,45.2,53.0,Joint App,5,High Risk,Manual Review
96705909,12000.0, 36 months,19.99,D,D4,,MORTGAGE,42000.0,Verified,debt_consolidation,MI,32.03,1.0,670.0,674.0,0.0,89.5,15.0,Individual,5,High Risk,Manual Review
96635459,12000.0, 60 months,28.69,F,F1,3 years,ANY,41000.0,Source Verified,debt_consolidation,NC,28.14,2.0,675.0,679.0,0.0,94.7,15.0,Individual,5,High Risk,Manual Review
96737892,20000.0, 60 months,23.99,E,E2,5 years,RENT,89000.0,Not Verified,debt_consolidation,LA,32.46,0.0,695.0,699.0,1.0,33.6,62.0,Individual,5,High Risk,Manual Review
96570313,16000.0, 60 months,22.74,E,E1,4 years,MORTGAGE,47000.0,Verified,credit_card,OH,32.92,0.0,660.0,664.0,0.0,64.3,22.0,Joint App,5,High Risk,Manual Review
96777778,33600.0, 60 months,25.49,E,E4,1 year,RENT,115000.0,Source Verified,debt_consolidation,GA,20.37,1.0,660.0,664.0,0.0,87.9,33.0,Individual,5,High Risk,Manual Review
96316315,15000.0, 60 months,22.74,E,E1,,MORTGAGE,18000.0,Verified,debt_consolidation,SC,38.73,0.0,660.0,664.0,1.0,85.1,22.0,Joint App,6,High Risk,Manual Review
96657549,27050.0, 60 months,22.74,E,E1,7 years,MORTGAGE,164000.0,Source Verified,credit_card,IN,25.33,2.0,700.0,704.0,0.0,91.8,27.0,Individual,5,High Risk,Manual Review
96882188,12000.0, 60 months,22.74,E,E1,10+ years,MORTGAGE,52000.0,Not Verified,debt_consolidation,TN,32.38,3.0,675.0,679.0,0.0,36.0,48.0,Individual,6,High Risk,Manual Review
96627098,28000.0, 60 months,18.99,D,D3,3 years,MORTGAGE,75200.0,Not Verified,debt_consolidation,OH,31.66,1.0,685.0,689.0,0.0,86.1,30.0,Individual,5,High Risk,Manual Review
95589118,9350.0, 36 months,29.49,F,F2,1 year,RENT,26000.0,Verified,credit_card,CO,33.33,0.0,670.0,674.0,0.0,42.9,17.0,Individual,5,High Risk,Manual Review
96666702,27200.0, 60 months,25.49,E,E4,7 years,MORTGAGE,58900.0,Not Verified,home_improvement,GA,31.58,0.0,685.0,689.0,0.0,44.8,42.0,Individual,5,High Risk,Manual Review
96877776,18000.0, 60 months,29.49,F,F2,10+ years,RENT,41000.0,Not Verified,credit_card,CA,30.97,0.0,660.0,664.0,0.0,69.5,25.0,Individual,5,High Risk,Manual Review
96497723,22000.0, 36 months,29.49,F,F2,10+ years,OWN,50900.0,Verified,debt_consolidation,PA,34.83,1.0,670.0,674.0,0.0,45.0,48.0,Individual,6,High Risk,Manual Review
96265295,16000.0, 60 months,25.49,E,E4,9 years,MORTGAGE,148000.0,Not Verified,debt_consolidation,WI,33.17,1.0,675.0,679.0,0.0,82.2,44.0,Individual,7,High Risk,Manual Review
96537244,20000.0, 60 months,24.74,E,E3,3 years,RENT,101000.0,Verified,debt_consolidation,MD,7.24,1.0,665.0,669.0,0.0,100.4,19.0,Individual,5,High Risk,Manual Review
96655894,16800.0, 36 months,18.99,D,D3,3 years,MORTGAGE,66000.0,Source Verified,credit_card,NJ,32.89,1.0,680.0,684.0,1.0,89.5,28.0,Individual,5,High Risk,Manual Review
96255305,27125.0, 60 months,24.74,E,E3,10+ years,MORTGAGE,96387.0,Verified,debt_consolidation,AL,30.05,0.0,710.0,714.0,0.0,49.8,34.0,Individual,5,High Risk,Manual Review
96869861,6000.0, 36 months,28.69,F,F1,1 year,OWN,22000.0,Verified,medical,TX,31.26,0.0,715.0,719.0,0.0,73.7,9.0,Individual,5,High Risk,Manual Review
96645265,3650.0, 36 months,23.99,E,E2,2 years,OWN,80000.0,Source Verified,credit_card,CA,27.66,1.0,690.0,694.0,0.0,87.3,28.0,Individual,5,High Risk,Manual Review
96235991,12000.0, 60 months,30.79,G,G1,6 years,RENT,60000.0,Verified,other,NJ,33.46,0.0,685.0,689.0,0.0,58.0,14.0,Individual,5,High Risk,Manual Review
96436495,12000.0, 60 months,30.84,G,G2,5 years,RENT,45000.0,Source Verified,credit_card,GA,31.97,0.0,705.0,709.0,2.0,35.8,18.0,Individual,5,High Risk,Manual Review
96334460,20000.0, 36 months,23.99,E,E2,5 years,RENT,85000.0,Verified,debt_consolidation,CA,32.67,0.0,660.0,664.0,3.0,53.4,57.0,Individual,5,High Risk,Manual Review
96183941,6200.0, 36 months,25.49,E,E4,,OWN,18264.0,Verified,debt_consolidation,FL,32.06,1.0,685.0,689.0,0.0,32.2,38.0,Individual,6,High Risk,Manual Review
96542364,10225.0, 60 months,29.49,F,F2,5 years,RENT,35000.0,Source Verified,debt_consolidation,MN,31.19,0.0,760.0,764.0,1.0,17.9,40.0,Individual,5,High Risk,Manual Review
96499655,17950.0, 60 months,30.49,F,F4,3 years,MORTGAGE,65000.0,Source Verified,debt_consolidation,NC,32.7,0.0,665.0,669.0,0.0,58.0,50.0,Individual,5,High Risk,Manual Review
95587329,16000.0, 60 months,26.24,E,E5,3 years,OWN,75000.0,Source Verified,debt_consolidation,NJ,33.81,0.0,695.0,699.0,0.0,85.5,14.0,Individual,6,High Risk,Manual Review
96232937,35000.0, 60 months,29.99,F,F3,10+ years,RENT,172000.0,Not Verified,debt_consolidation,NY,31.59,0.0,695.0,699.0,0.0,85.8,19.0,Individual,6,High Risk,Manual Review
96587130,35000.0, 60 months,30.89,G,G3,3 years,OWN,96000.0,Verified,debt_consolidation,IN,32.61,2.0,660.0,664.0,0.0,60.3,49.0,Individual,6,High Risk,Manual Review
96205653,9825.0, 36 months,29.49,F,F2,4 years,RENT,52000.0,Verified,other,TX,30.74,1.0,695.0,699.0,2.0,20.2,31.0,Individual,6,High Risk,Manual Review
96385993,10000.0, 60 months,24.74,E,E3,9 years,RENT,40000.0,Not Verified,debt_consolidation,NY,30.83,0.0,690.0,694.0,1.0,75.2,11.0,Individual,5,High Risk,Manual Review
96312473,24950.0, 36 months,22.74,E,E1,10+ years,RENT,65000.0,Verified,debt_consolidation,TX,34.72,0.0,695.0,699.0,0.0,94.6,19.0,Individual,6,High Risk,Manual Review
95640991,18500.0, 60 months,25.49,E,E4,2 years,RENT,37000.0,Source Verified,debt_consolidation,VA,31.72,0.0,720.0,724.0,1.0,68.6,23.0,Individual,5,High Risk,Manual Review
96280820,21275.0, 60 months,29.49,F,F2,,RENT,74000.0,Verified,debt_consolidation,CA,30.51,1.0,670.0,674.0,1.0,31.5,32.0,Individual,6,High Risk,Manual Review
96460266,4750.0, 36 months,29.49,F,F2,4 years,RENT,33000.0,Verified,other,TX,30.91,0.0,665.0,669.0,0.0,57.6,14.0,Individual,5,High Risk,Manual Review
96835584,9800.0, 36 months,23.99,E,E2,6 years,RENT,40000.0,Verified,debt_consolidation,NJ,33.79,0.0,670.0,674.0,2.0,31.4,34.0,Individual,5,High Risk,Manual Review
96560624,31900.0, 36 months,22.74,E,E1,10+ years,MORTGAGE,76000.0,Verified,debt_consolidation,IL,16.28,1.0,675.0,679.0,0.0,90.7,23.0,Individual,5,High Risk,Manual Review
96293103,16300.0, 60 months,30.94,G,G4,< 1 year,RENT,51000.0,Source Verified,debt_consolidation,MA,32.51,0.0,660.0,664.0,2.0,77.1,37.0,Individual,5,High Risk,Manual Review
96354951,14950.0, 60 months,26.24,E,E5,10+ years,RENT,34000.0,Source Verified,debt_consolidation,FL,32.44,0.0,705.0,709.0,0.0,50.9,13.0,Individual,5,High Risk,Manual Review
96426224,30000.0, 36 months,22.74,E,E1,10+ years,RENT,60000.0,Verified,debt_consolidation,IL,34.49,0.0,705.0,709.0,1.0,29.9,14.0,Individual,5,High Risk,Manual Review
96413494,21275.0, 36 months,25.49,E,E4,10+ years,MORTGAGE,72000.0,Verified,debt_consolidation,NV,33.22,0.0,720.0,724.0,3.0,25.9,55.0,Individual,5,High Risk,Manual Review
96566042,8000.0, 36 months,22.74,E,E1,5 years,MORTGAGE,63000.0,Source Verified,debt_consolidation,MS,31.58,0.0,730.0,734.0,1.0,52.0,24.0,Individual,5,High Risk,Manual Review
96275488,11525.0, 60 months,24.74,E,E3,6 years,MORTGAGE,70000.0,Source Verified,debt_consolidation,TX,33.29,0.0,660.0,664.0,0.0,67.9,37.0,Individual,5,High Risk,Manual Review
96243196,22900.0, 36 months,23.99,E,E2,10+ years,MORTGAGE,76145.0,Source Verified,debt_consolidation,MD,17.98,1.0,680.0,684.0,0.0,81.4,15.0,Individual,5,High Risk,Manual Review
96216097,8000.0, 36 months,15.99,C,C5,4 years,MORTGAGE,75000.0,Source Verified,debt_consolidation,WY,33.54,2.0,660.0,664.0,0.0,98.2,20.0,Individual,5,High Risk,Manual Review
96685430,10000.0, 60 months,23.99,E,E2,10+ years,MORTGAGE,85000.0,Not Verified,debt_consolidation,GA,33.16,0.0,685.0,689.0,1.0,51.2,28.0,Individual,5,High Risk,Manual Review
96332860,20000.0, 60 months,22.74,E,E1,8 years,MORTGAGE,60000.0,Verified,credit_card,IN,32.68,0.0,695.0,699.0,0.0,63.6,35.0,Individual,5,High Risk,Manual Review
96458755,11850.0, 36 months,24.74,E,E3,4 years,OWN,70000.0,Verified,major_purchase,OH,31.93,0.0,675.0,679.0,1.0,68.6,20.0,Individual,5,High Risk,Manual Review
96871162,25000.0, 60 months,26.24,E,E5,4 years,MORTGAGE,75000.0,Source Verified,debt_consolidation,TX,31.82,0.0,665.0,669.0,0.0,61.2,23.0,Individual,5,High Risk,Manual Review
96283800,13100.0, 36 months,30.74,F,F5,,MORTGAGE,60000.0,Verified,debt_consolidation,VA,32.3,0.0,685.0,689.0,1.0,85.2,29.0,Individual,6,High Risk,Manual Review
96735230,35000.0, 36 months,28.69,F,F1,8 years,MORTGAGE,113000.0,Verified,credit_card,TX,31.78,0.0,705.0,709.0,2.0,29.8,54.0,Individual,5,High Risk,Manual Review
96685409,20000.0, 60 months,23.99,E,E2,10+ years,RENT,50000.0,Source Verified,debt_consolidation,AZ,33.49,0.0,690.0,694.0,0.0,49.9,23.0,Individual,5,High Risk,Manual Review
96825379,10000.0, 60 months,26.24,E,E5,10+ years,MORTGAGE,57000.0,Not Verified,debt_consolidation,MI,30.23,0.0,680.0,684.0,3.0,72.2,21.0,Individual,5,High Risk,Manual Review
96500712,21600.0, 60 months,28.69,F,F1,2 years,RENT,38000.0,Verified,debt_consolidation,TX,41.09,0.0,660.0,664.0,1.0,60.2,32.0,Joint App,5,High Risk,Manual Review
96320826,27275.0, 60 months,26.24,E,E5,10+ years,OWN,110500.0,Verified,debt_consolidation,MD,30.73,0.0,705.0,709.0,0.0,57.4,32.0,Individual,5,High Risk,Manual Review
96558727,10350.0, 60 months,25.49,E,E4,5 years,MORTGAGE,33500.0,Verified,debt_consolidation,OR,31.6,0.0,660.0,664.0,0.0,75.5,14.0,Individual,5,High Risk,Manual Review
96289974,12000.0, 60 months,22.74,E,E1,7 years,RENT,73500.0,Verified,debt_consolidation,CA,31.53,2.0,660.0,664.0,2.0,53.9,27.0,Individual,6,High Risk,Manual Review
96289710,5200.0, 36 months,23.99,E,E2,2 years,RENT,40430.0,Verified,debt_consolidation,NC,31.08,0.0,660.0,664.0,2.0,65.5,19.0,Individual,5,High Risk,Manual Review
96564012,27500.0, 36 months,22.74,E,E1,3 years,OWN,55000.0,Source Verified,debt_consolidation,WY,34.41,0.0,680.0,684.0,0.0,65.8,28.0,Individual,5,High Risk,Manual Review
96245674,26050.0, 36 months,16.99,D,D1,10+ years,MORTGAGE,72000.0,Verified,debt_consolidation,SC,33.55,1.0,660.0,664.0,0.0,86.9,18.0,Individual,5,High Risk,Manual Review
96538554,21225.0, 36 months,30.79,G,G1,1 year,RENT,55900.0,Verified,debt_consolidation,TX,34.28,0.0,680.0,684.0,0.0,39.1,33.0,Individual,5,High Risk,Manual Review
96351307,7000.0, 36 months,22.74,E,E1,4 years,MORTGAGE,129625.0,Not Verified,debt_consolidation,MO,34.45,0.0,660.0,664.0,1.0,69.6,36.0,Individual,5,High Risk,Manual Review
96275604,28000.0, 60 months,25.49,E,E4,10+ years,MORTGAGE,70000.0,Not Verified,debt_consolidation,NY,31.87,1.0,685.0,689.0,0.0,57.6,25.0,Individual,6,High Risk,Manual Review
96503824,10000.0, 60 months,19.99,D,D4,8 years,MORTGAGE,98000.0,Not Verified,other,MA,33.34,4.0,685.0,689.0,1.0,86.3,40.0,Individual,5,High Risk,Manual Review
96335354,12000.0, 60 months,29.49,F,F2,3 years,MORTGAGE,66000.0,Source Verified,debt_consolidation,TX,30.73,0.0,710.0,714.0,0.0,38.5,23.0,Individual,5,High Risk,Manual Review
96424884,4000.0, 36 months,22.74,E,E1,,MORTGAGE,83000.0,Not Verified,debt_consolidation,NY,34.54,1.0,700.0,704.0,0.0,83.7,31.0,Individual,7,High Risk,Manual Review
95607551,12000.0, 60 months,30.49,F,F4,10+ years,MORTGAGE,90000.0,Source Verified,debt_consolidation,OH,33.59,0.0,680.0,684.0,0.0,89.2,24.0,Individual,6,High Risk,Manual Review
96500446,8400.0, 36 months,29.49,F,F2,4 years,OWN,46000.0,Verified,debt_consolidation,TX,34.36,0.0,695.0,699.0,1.0,58.7,16.0,Individual,5,High Risk,Manual Review
95639556,15200.0, 36 months,28.69,F,F1,9 years,RENT,40000.0,Verified,debt_consolidation,AZ,31.59,0.0,670.0,674.0,0.0,76.4,35.0,Individual,5,High Risk,Manual Review
96545439,14400.0, 60 months,24.74,E,E3,< 1 year,MORTGAGE,60000.0,Source Verified,other,CA,18.52,1.0,675.0,679.0,0.0,96.2,22.0,Individual,5,High Risk,Manual Review
96103768,27000.0, 36 months,25.49,E,E4,5 years,RENT,64500.0,Verified,debt_consolidation,CO,30.59,0.0,695.0,699.0,2.0,84.0,34.0,Individual,6,High Risk,Manual Review
95639314,4475.0, 36 months,22.74,E,E1,,RENT,11244.0,Verified,credit_card,NY,30.74,0.0,700.0,704.0,1.0,85.4,3.0,Individual,6,High Risk,Manual Review
95050171,30000.0, 60 months,24.74,E,E3,10+ years,RENT,83836.0,Verified,debt_consolidation,IL,32.02,0.0,720.0,724.0,2.0,69.0,12.0,Individual,5,High Risk,Manual Review
96384943,25000.0, 36 months,19.99,D,D4,< 1 year,MORTGAGE,50000.0,Verified,debt_consolidation,NC,33.75,4.0,665.0,669.0,0.0,91.0,19.0,Individual,5,High Risk,Manual Review
94469952,20775.0, 60 months,29.99,F,F3,,OWN,49500.0,Verified,debt_consolidation,TX,32.58,0.0,670.0,674.0,0.0,82.9,19.0,Individual,6,High Risk,Manual Review
96511564,21000.0, 60 months,29.99,F,F3,10+ years,RENT,86000.0,Source Verified,other,CA,31.78,0.0,760.0,764.0,0.0,49.3,24.0,Individual,5,High Risk,Manual Review
95639526,28600.0, 60 months,22.74,E,E1,3 years,MORTGAGE,65000.0,Source Verified,debt_consolidation,FL,34.73,0.0,675.0,679.0,0.0,31.2,39.0,Individual,5,High Risk,Manual Review
96405788,10000.0, 60 months,22.74,E,E1,2 years,MORTGAGE,29000.0,Source Verified,debt_consolidation,NV,30.79,0.0,685.0,689.0,0.0,47.5,23.0,Individual,5,High Risk,Manual Review
95112089,16000.0, 60 months,24.74,E,E3,6 years,OWN,114000.0,Verified,other,CA,11.91,1.0,660.0,664.0,0.0,92.3,21.0,Individual,5,High Risk,Manual Review
95676113,36875.0, 60 months,25.49,E,E4,10+ years,RENT,231000.0,Verified,debt_consolidation,MD,34.13,0.0,715.0,719.0,2.0,0.8,25.0,Individual,5,High Risk,Manual Review
95825540,13800.0, 36 months,30.49,F,F4,3 years,OWN,55000.0,Verified,debt_consolidation,MA,30.37,0.0,680.0,684.0,0.0,52.4,14.0,Individual,5,High Risk,Manual Review
96304143,24000.0, 60 months,26.24,E,E5,7 years,MORTGAGE,74000.0,Verified,debt_consolidation,NC,30.72,0.0,665.0,669.0,0.0,83.2,33.0,Individual,6,High Risk,Manual Review
96511885,10000.0, 36 months,15.99,C,C5,4 years,RENT,30000.0,Not Verified,credit_card,IL,34.04,5.0,670.0,674.0,0.0,87.1,20.0,Individual,5,High Risk,Manual Review
96204045,35000.0, 36 months,23.99,E,E2,10+ years,RENT,100000.0,Verified,debt_consolidation,VA,32.49,1.0,660.0,664.0,0.0,88.7,33.0,Individual,7,High Risk,Manual Review
96542883,15000.0, 60 months,26.24,E,E5,4 years,OWN,59700.0,Source Verified,debt_consolidation,MA,34.25,0.0,695.0,699.0,2.0,69.4,28.0,Individual,5,High Risk,Manual Review
94566176,14000.0, 60 months,25.49,E,E4,2 years,MORTGAGE,50000.0,Not Verified,debt_consolidation,IL,33.89,0.0,665.0,669.0,1.0,68.7,26.0,Individual,5,High Risk,Manual Review
96370588,11150.0, 60 months,30.99,G,G5,1 year,RENT,25000.0,Verified,debt_consolidation,MA,34.9,0.0,670.0,674.0,0.0,71.3,11.0,Individual,5,High Risk,Manual Review
96526949,10000.0, 60 months,29.49,F,F2,,RENT,15300.0,Verified,debt_consolidation,NV,37.25,0.0,715.0,719.0,0.0,35.0,13.0,Joint App,5,High Risk,Manual Review
96539663,24000.0, 36 months,30.99,G,G5,< 1 year,RENT,68500.0,Verified,debt_consolidation,OK,34.11,0.0,675.0,679.0,2.0,76.1,38.0,Individual,5,High Risk,Manual Review
96538564,16550.0, 36 months,21.49,D,D5,< 1 year,RENT,45000.0,Source Verified,credit_card,MA,33.85,1.0,670.0,674.0,0.0,92.9,16.0,Individual,5,High Risk,Manual Review
96244462,14875.0, 60 months,22.74,E,E1,4 years,OWN,51400.0,Verified,debt_consolidation,CA,31.71,0.0,730.0,734.0,0.0,61.1,14.0,Individual,5,High Risk,Manual Review
96359281,18200.0, 60 months,24.74,E,E3,3 years,OWN,45000.0,Source Verified,debt_consolidation,TN,18.08,1.0,660.0,664.0,0.0,80.7,15.0,Individual,5,High Risk,Manual Review
96457348,17500.0, 36 months,25.49,E,E4,4 years,RENT,35000.0,Verified,debt_consolidation,NE,31.1,0.0,695.0,699.0,1.0,66.0,10.0,Individual,5,High Risk,Manual Review
96541026,14000.0, 60 months,25.49,E,E4,10+ years,MORTGAGE,102000.0,Source Verified,debt_consolidation,NH,34.95,0.0,710.0,714.0,1.0,45.5,38.0,Individual,5,High Risk,Manual Review
96252046,6000.0, 36 months,25.49,E,E4,3 years,OWN,36480.0,Verified,debt_consolidation,SC,31.41,1.0,680.0,684.0,0.0,25.7,13.0,Individual,6,High Risk,Manual Review
96532104,19750.0, 60 months,30.89,G,G3,2 years,RENT,52000.0,Source Verified,credit_card,IL,33.87,1.0,665.0,669.0,1.0,93.3,25.0,Individual,7,High Risk,Manual Review
96537397,20000.0, 60 months,26.24,E,E5,2 years,MORTGAGE,88000.0,Not Verified,debt_consolidation,NJ,22.71,1.0,675.0,679.0,0.0,89.2,27.0,Individual,5,High Risk,Manual Review
95223541,6650.0, 36 months,22.74,E,E1,,MORTGAGE,66200.0,Verified,debt_consolidation,GA,32.32,0.0,700.0,704.0,2.0,32.3,39.0,Individual,5,High Risk,Manual Review
95588346,20150.0, 60 months,24.74,E,E3,,RENT,48000.0,Not Verified,debt_consolidation,NY,31.09,1.0,670.0,674.0,1.0,44.4,35.0,Individual,6,High Risk,Manual Review
95628379,12000.0, 60 months,22.74,E,E1,5 years,MORTGAGE,80000.0,Verified,home_improvement,IL,30.05,0.0,695.0,699.0,0.0,54.4,21.0,Individual,5,High Risk,Manual Review
96401979,33600.0, 36 months,23.99,E,E2,10+ years,RENT,80000.0,Verified,credit_card,CA,30.34,1.0,680.0,684.0,0.0,91.3,23.0,Individual,7,High Risk,Manual Review
96373127,35000.0, 60 months,25.49,E,E4,10+ years,MORTGAGE,110000.0,Verified,debt_consolidation,MO,33.34,0.0,680.0,684.0,0.0,81.7,59.0,Individual,6,High Risk,Manual Review
96322370,20425.0, 60 months,30.79,G,G1,10+ years,MORTGAGE,90000.0,Verified,debt_consolidation,TX,32.07,1.0,660.0,664.0,4.0,93.0,28.0,Individual,7,High Risk,Manual Review
95876937,21000.0, 60 months,22.74,E,E1,5 years,RENT,54000.0,Verified,credit_card,FL,31.06,1.0,675.0,679.0,0.0,38.9,31.0,Individual,6,High Risk,Manual Review
96382608,10000.0, 60 months,28.69,F,F1,10+ years,MORTGAGE,46000.0,Verified,debt_consolidation,NY,33.89,0.0,665.0,669.0,0.0,55.0,27.0,Individual,5,High Risk,Manual Review
96526626,12000.0, 60 months,28.69,F,F1,10+ years,MORTGAGE,75200.0,Source Verified,medical,CO,31.49,0.0,665.0,669.0,2.0,29.7,23.0,Individual,5,High Risk,Manual Review
96525637,25000.0, 60 months,26.24,E,E5,10+ years,MORTGAGE,80000.0,Not Verified,debt_consolidation,AZ,33.48,0.0,695.0,699.0,2.0,43.1,33.0,Individual,5,High Risk,Manual Review
96192606,11200.0, 60 months,24.74,E,E3,10+ years,RENT,25000.0,Source Verified,other,AZ,78.06,1.0,660.0,664.0,0.0,72.5,21.0,Joint App,6,High Risk,Manual Review
96543322,30000.0, 60 months,29.49,F,F2,,RENT,68400.0,Verified,debt_consolidation,FL,34.76,0.0,700.0,704.0,4.0,41.4,55.0,Individual,5,High Risk,Manual Review
96202148,35000.0, 36 months,17.99,D,D2,10+ years,MORTGAGE,100000.0,Verified,debt_consolidation,TN,31.07,1.0,675.0,679.0,1.0,86.5,29.0,Individual,5,High Risk,Manual Review
96263206,16000.0, 60 months,29.49,F,F2,,MORTGAGE,52000.0,Verified,debt_consolidation,OK,32.89,0.0,680.0,684.0,2.0,92.5,25.0,Individual,6,High Risk,Manual Review
96506762,8000.0, 36 months,23.99,E,E2,< 1 year,OWN,60000.0,Verified,small_business,CA,22.94,1.0,665.0,669.0,1.0,92.0,19.0,Individual,5,High Risk,Manual Review
95931722,9225.0, 36 months,24.74,E,E3,5 years,OWN,25679.0,Verified,credit_card,TX,34.17,0.0,670.0,674.0,0.0,94.1,22.0,Individual,6,High Risk,Manual Review
96211502,10000.0, 60 months,28.69,F,F1,9 years,MORTGAGE,60000.0,Verified,debt_consolidation,NJ,33.36,0.0,660.0,664.0,1.0,60.5,21.0,Individual,5,High Risk,Manual Review
95182089,9350.0, 36 months,22.74,E,E1,,MORTGAGE,26000.0,Verified,home_improvement,TX,34.3,0.0,665.0,669.0,1.0,17.9,25.0,Individual,5,High Risk,Manual Review
96260230,12000.0, 60 months,22.74,E,E1,,MORTGAGE,32676.0,Verified,other,PA,34.78,0.0,700.0,704.0,0.0,35.1,13.0,Individual,5,High Risk,Manual Review
96511027,23500.0, 60 months,24.74,E,E3,8 years,RENT,54000.0,Source Verified,credit_card,VA,33.31,0.0,675.0,679.0,1.0,46.6,35.0,Individual,5,High Risk,Manual Review
95933755,15000.0, 60 months,29.99,F,F3,10+ years,MORTGAGE,47000.0,Source Verified,debt_consolidation,MI,34.63,0.0,680.0,684.0,0.0,64.7,20.0,Individual,5,High Risk,Manual Review
96289211,8000.0, 36 months,26.24,E,E5,7 years,OWN,36000.0,Source Verified,home_improvement,MO,34.66,0.0,665.0,669.0,1.0,54.8,11.0,Individual,5,High Risk,Manual Review
96402988,14000.0, 36 months,24.74,E,E3,4 years,OWN,75000.0,Source Verified,debt_consolidation,MI,30.94,0.0,665.0,669.0,2.0,94.4,23.0,Individual,6,High Risk,Manual Review
96312993,13525.0, 60 months,18.99,D,D3,8 years,MORTGAGE,52000.0,Source Verified,debt_consolidation,MS,34.18,2.0,700.0,704.0,0.0,85.9,38.0,Individual,5,High Risk,Manual Review
96314198,11400.0, 60 months,29.49,F,F2,2 years,RENT,42000.0,Not Verified,credit_card,NJ,34.69,0.0,665.0,669.0,1.0,71.8,28.0,Individual,5,High Risk,Manual Review
96272886,15000.0, 36 months,22.74,E,E1,4 years,RENT,37500.0,Source Verified,debt_consolidation,MO,31.17,2.0,670.0,674.0,0.0,78.7,26.0,Individual,6,High Risk,Manual Review
96467290,6000.0, 36 months,15.99,C,C5,1 year,RENT,100000.0,Source Verified,debt_consolidation,CA,30.21,3.0,660.0,664.0,1.0,85.6,27.0,Individual,5,High Risk,Manual Review
96435540,24000.0, 60 months,22.74,E,E1,7 years,MORTGAGE,90000.0,Not Verified,debt_consolidation,MD,31.49,0.0,720.0,724.0,0.0,38.5,29.0,Individual,5,High Risk,Manual Review
95151213,3700.0, 36 months,25.49,E,E4,10+ years,MORTGAGE,47000.0,Source Verified,debt_consolidation,GA,32.23,5.0,680.0,684.0,0.0,52.9,29.0,Individual,6,High Risk,Manual Review
96334774,18000.0, 60 months,25.49,E,E4,10+ years,MORTGAGE,100000.0,Source Verified,debt_consolidation,CO,18.24,3.0,680.0,684.0,0.0,98.6,43.0,Individual,5,High Risk,Manual Review
96545631,20000.0, 36 months,22.74,E,E1,10+ years,MORTGAGE,128000.0,Not Verified,debt_consolidation,CA,12.05,2.0,660.0,664.0,0.0,88.3,43.0,Individual,5,High Risk,Manual Review
96374094,18875.0, 36 months,30.84,G,G2,8 years,RENT,56000.0,Not Verified,debt_consolidation,MD,32.7,0.0,690.0,694.0,0.0,91.2,14.0,Individual,6,High Risk,Manual Review
96254450,16000.0, 60 months,24.74,E,E3,3 years,RENT,40000.0,Source Verified,debt_consolidation,FL,32.85,0.0,695.0,699.0,0.0,37.2,10.0,Individual,5,High Risk,Manual Review
96314282,6400.0, 36 months,19.99,D,D4,8 years,MORTGAGE,42000.0,Verified,other,IL,34.86,1.0,665.0,669.0,2.0,82.1,17.0,Individual,5,High Risk,Manual Review
96434563,35000.0, 60 months,24.74,E,E3,10+ years,MORTGAGE,100000.0,Verified,credit_card,OH,31.24,0.0,685.0,689.0,0.0,51.8,48.0,Individual,5,High Risk,Manual Review
96423312,16275.0, 60 months,22.74,E,E1,4 years,MORTGAGE,70000.0,Not Verified,debt_consolidation,FL,32.37,0.0,660.0,664.0,0.0,56.7,26.0,Individual,5,High Risk,Manual Review
96431520,20000.0, 36 months,22.74,E,E1,6 years,RENT,78000.0,Source Verified,credit_card,CA,31.83,0.0,660.0,664.0,0.0,84.8,24.0,Individual,6,High Risk,Manual Review
95826615,3825.0, 36 months,30.74,F,F5,10+ years,MORTGAGE,60000.0,Source Verified,home_improvement,LA,30.88,1.0,700.0,704.0,2.0,29.5,16.0,Individual,6,High Risk,Manual Review
96231474,9000.0, 36 months,23.99,E,E2,10+ years,MORTGAGE,145000.0,Verified,debt_consolidation,CA,31.77,0.0,660.0,664.0,1.0,50.3,57.0,Individual,5,High Risk,Manual Review
95845456,14400.0, 60 months,24.74,E,E3,,OWN,42000.0,Verified,debt_consolidation,MI,31.46,0.0,665.0,669.0,0.0,62.5,34.0,Individual,5,High Risk,Manual Review
95588340,12000.0, 60 months,30.79,G,G1,1 year,MORTGAGE,30000.0,Verified,debt_consolidation,IN,33.84,0.0,670.0,674.0,0.0,61.7,15.0,Individual,5,High Risk,Manual Review
96507058,14825.0, 36 months,28.69,F,F1,10+ years,MORTGAGE,41200.0,Verified,debt_consolidation,TX,32.36,1.0,660.0,664.0,0.0,54.8,32.0,Individual,6,High Risk,Manual Review
96302872,30000.0, 60 months,29.49,F,F2,10+ years,MORTGAGE,77800.0,Verified,debt_consolidation,IL,32.55,0.0,710.0,714.0,2.0,96.1,33.0,Individual,6,High Risk,Manual Review
95243526,25575.0, 60 months,30.89,G,G3,10+ years,RENT,60000.0,Verified,debt_consolidation,CA,32.82,0.0,660.0,664.0,2.0,52.0,31.0,Individual,5,High Risk,Manual Review
96505204,6500.0, 36 months,22.74,E,E1,,OWN,24000.0,Verified,debt_consolidation,IL,33.15,0.0,675.0,679.0,3.0,48.6,45.0,Individual,5,High Risk,Manual Review
96512265,12800.0, 36 months,22.74,E,E1,3 years,RENT,39500.0,Verified,vacation,NY,30.26,0.0,675.0,679.0,2.0,39.3,17.0,Individual,5,High Risk,Manual Review
96221630,6000.0, 36 months,26.24,E,E5,4 years,RENT,30000.0,Verified,debt_consolidation,MS,31.56,0.0,660.0,664.0,0.0,79.1,15.0,Individual,5,High Risk,Manual Review
96419704,11200.0, 36 months,23.99,E,E2,,MORTGAGE,56769.0,Verified,debt_consolidation,MI,32.47,1.0,690.0,694.0,0.0,74.0,33.0,Individual,6,High Risk,Manual Review
96321689,40000.0, 60 months,22.74,E,E1,4 years,MORTGAGE,103000.0,Verified,other,CA,21.2,1.0,700.0,704.0,0.0,88.6,14.0,Individual,5,High Risk,Manual Review
96249680,26900.0, 60 months,25.49,E,E4,10+ years,MORTGAGE,84000.0,Verified,debt_consolidation,VA,32.96,0.0,720.0,724.0,0.0,57.3,30.0,Individual,5,High Risk,Manual Review
96280605,18400.0, 60 months,26.24,E,E5,3 years,RENT,40000.0,Source Verified,debt_consolidation,NY,31.86,0.0,705.0,709.0,0.0,91.5,9.0,Individual,6,High Risk,Manual Review
96371643,13900.0, 60 months,26.24,E,E5,10+ years,MORTGAGE,48000.0,Source Verified,debt_consolidation,NC,31.88,0.0,720.0,724.0,0.0,70.9,12.0,Individual,5,High Risk,Manual Review
96223466,24000.0, 60 months,22.74,E,E1,10+ years,MORTGAGE,135000.0,Source Verified,credit_card,NJ,30.09,0.0,685.0,689.0,0.0,76.1,47.0,Individual,5,High Risk,Manual Review
95092435,12400.0, 36 months,29.99,F,F3,,RENT,31000.0,Verified,debt_consolidation,FL,30.35,0.0,670.0,674.0,0.0,87.8,12.0,Individual,6,High Risk,Manual Review
96212104,10000.0, 60 months,22.74,E,E1,9 years,MORTGAGE,102250.0,Source Verified,credit_card,NY,31.57,0.0,675.0,679.0,1.0,87.7,28.0,Individual,6,High Risk,Manual Review
96492831,23925.0, 36 months,22.74,E,E1,9 years,OWN,65000.0,Verified,debt_consolidation,CT,33.66,1.0,670.0,674.0,0.0,65.8,51.0,Individual,6,High Risk,Manual Review
95943439,24000.0, 60 months,24.74,E,E3,< 1 year,RENT,52000.0,Source Verified,credit_card,IL,30.83,0.0,690.0,694.0,0.0,60.5,32.0,Individual,5,High Risk,Manual Review
96269565,20000.0, 60 months,30.99,G,G5,3 years,MORTGAGE,80000.0,Verified,other,OK,34.47,1.0,660.0,664.0,0.0,65.5,16.0,Individual,6,High Risk,Manual Review
95926714,27000.0, 36 months,24.74,E,E3,1 year,MORTGAGE,63200.0,Verified,credit_card,VA,32.48,0.0,715.0,719.0,2.0,47.8,38.0,Individual,5,High Risk,Manual Review
96219115,24000.0, 60 months,29.49,F,F2,10+ years,RENT,54000.0,Not Verified,debt_consolidation,UT,30.02,0.0,770.0,774.0,1.0,6.4,24.0,Individual,5,High Risk,Manual Review
96301456,10500.0, 60 months,22.74,E,E1,10+ years,RENT,33200.0,Verified,other,NV,32.21,0.0,670.0,674.0,3.0,55.8,40.0,Individual,5,High Risk,Manual Review
96401159,23200.0, 60 months,30.74,F,F5,10+ years,MORTGAGE,58000.0,Verified,debt_consolidation,OR,28.22,1.0,665.0,669.0,0.0,103.6,14.0,Individual,5,High Risk,Manual Review
96310406,12000.0, 60 months,26.24,E,E5,10+ years,MORTGAGE,65000.0,Verified,debt_consolidation,NJ,31.81,0.0,695.0,699.0,0.0,46.9,31.0,Individual,5,High Risk,Manual Review
95312544,20000.0, 36 months,25.49,E,E4,< 1 year,RENT,40000.0,Verified,debt_consolidation,TX,30.76,1.0,660.0,664.0,1.0,69.2,20.0,Individual,6,High Risk,Manual Review
95172409,14400.0, 60 months,28.69,F,F1,7 years,RENT,36000.0,Verified,debt_consolidation,TN,22.43,1.0,690.0,694.0,0.0,96.8,8.0,Individual,5,High Risk,Manual Review
96330933,9600.0, 36 months,29.99,F,F3,5 years,RENT,46800.0,Source Verified,other,NC,33.97,0.0,690.0,694.0,1.0,31.2,21.0,Individual,5,High Risk,Manual Review
96290085,18875.0, 36 months,25.49,E,E4,10+ years,MORTGAGE,49680.0,Source Verified,debt_consolidation,PA,32.77,0.0,690.0,694.0,2.0,72.9,23.0,Individual,5,High Risk,Manual Review
96240764,7475.0, 36 months,22.74,E,E1,4 years,RENT,22000.0,Verified,credit_card,NC,30.82,0.0,665.0,669.0,0.0,77.7,31.0,Individual,5,High Risk,Manual Review
95037341,16350.0, 36 months,23.99,E,E2,4 years,MORTGAGE,43000.0,Verified,debt_consolidation,AL,32.88,0.0,680.0,684.0,0.0,83.7,12.0,Individual,6,High Risk,Manual Review
95368090,20000.0, 60 months,30.79,G,G1,4 years,MORTGAGE,53000.0,Verified,debt_consolidation,CO,34.51,0.0,675.0,679.0,0.0,69.3,28.0,Joint App,5,High Risk,Manual Review
95101304,15025.0, 60 months,30.79,G,G1,< 1 year,RENT,34000.0,Verified,debt_consolidation,NC,30.29,0.0,665.0,669.0,0.0,66.8,16.0,Individual,5,High Risk,Manual Review
95067430,36125.0, 60 months,24.74,E,E3,10+ years,MORTGAGE,74124.0,Verified,debt_consolidation,NC,31.1,0.0,770.0,774.0,0.0,76.2,14.0,Individual,5,High Risk,Manual Review
96319478,8000.0, 36 months,24.74,E,E3,10+ years,RENT,65000.0,Source Verified,credit_card,IL,33.05,0.0,670.0,674.0,1.0,89.8,16.0,Individual,6,High Risk,Manual Review
95928807,12000.0, 60 months,30.79,G,G1,9 years,MORTGAGE,52000.0,Source Verified,debt_consolidation,CA,33.09,0.0,680.0,684.0,1.0,91.1,30.0,Individual,6,High Risk,Manual Review
96465807,14000.0, 60 months,22.74,E,E1,10+ years,RENT,55000.0,Not Verified,credit_card,TX,33.86,1.0,680.0,684.0,0.0,84.7,31.0,Individual,7,High Risk,Manual Review
95638936,7250.0, 36 months,30.89,G,G3,,MORTGAGE,22688.24,Verified,debt_consolidation,NC,32.8,0.0,675.0,679.0,0.0,94.7,29.0,Individual,6,High Risk,Manual Review
95096766,18000.0, 60 months,29.49,F,F2,9 years,MORTGAGE,64000.0,Verified,debt_consolidation,AL,33.48,0.0,685.0,689.0,1.0,62.1,19.0,Individual,5,High Risk,Manual Review
95588586,13500.0, 60 months,22.74,E,E1,10+ years,MORTGAGE,65000.0,Not Verified,credit_card,MI,21.79,1.0,670.0,674.0,1.0,94.3,14.0,Individual,5,High Risk,Manual Review
96282319,21000.0, 36 months,22.74,E,E1,7 years,MORTGAGE,50000.0,Verified,debt_consolidation,LA,33.05,0.0,670.0,674.0,0.0,68.9,19.0,Individual,5,High Risk,Manual Review
96489143,20000.0, 36 months,23.99,E,E2,< 1 year,MORTGAGE,38000.0,Verified,credit_card,PA,56.0,0.0,695.0,699.0,1.0,50.8,44.0,Joint App,5,High Risk,Manual Review
96250544,26750.0, 60 months,22.74,E,E1,10+ years,MORTGAGE,150000.0,Verified,credit_card,MD,31.84,0.0,705.0,709.0,1.0,38.2,39.0,Individual,5,High Risk,Manual Review
94120514,25000.0, 60 months,22.74,E,E1,2 years,RENT,83000.0,Verified,credit_card,AR,34.47,0.0,690.0,694.0,0.0,79.3,30.0,Individual,5,High Risk,Manual Review
96482233,12000.0, 60 months,26.24,E,E5,3 years,MORTGAGE,275000.0,Source Verified,debt_consolidation,NC,16.51,1.0,685.0,689.0,1.0,92.2,57.0,Individual,5,High Risk,Manual Review
96194693,18900.0, 60 months,29.99,F,F3,,MORTGAGE,63000.0,Verified,debt_consolidation,VA,31.85,1.0,720.0,724.0,0.0,71.7,42.0,Joint App,6,High Risk,Manual Review
95865739,23000.0, 60 months,23.99,E,E2,2 years,OWN,66500.0,Not Verified,debt_consolidation,MA,32.88,1.0,670.0,674.0,0.0,57.2,35.0,Individual,6,High Risk,Manual Review
95638545,15950.0, 60 months,30.49,F,F4,10+ years,RENT,42000.0,Verified,debt_consolidation,DE,33.47,0.0,675.0,679.0,1.0,56.5,25.0,Individual,5,High Risk,Manual Review
95348003,14950.0, 36 months,23.99,E,E2,,OWN,35620.2,Verified,debt_consolidation,FL,34.54,0.0,670.0,674.0,0.0,87.8,33.0,Individual,6,High Risk,Manual Review
96190162,14025.0, 60 months,22.74,E,E1,3 years,MORTGAGE,58900.0,Verified,debt_consolidation,TX,30.05,0.0,675.0,679.0,0.0,67.0,23.0,Individual,5,High Risk,Manual Review
95786536,6700.0, 36 months,29.49,F,F2,3 years,RENT,21000.0,Source Verified,debt_consolidation,NC,31.2,0.0,695.0,699.0,0.0,66.8,6.0,Individual,5,High Risk,Manual Review
96104283,11200.0, 60 months,30.74,F,F5,10+ years,MORTGAGE,50000.0,Source Verified,debt_consolidation,WY,33.32,0.0,685.0,689.0,1.0,32.5,36.0,Individual,5,High Risk,Manual Review
96192972,25000.0, 60 months,22.74,E,E1,10+ years,MORTGAGE,35000.0,Verified,debt_consolidation,OH,40.26,0.0,680.0,684.0,2.0,5.8,31.0,Joint App,5,High Risk,Manual Review
96496106,25000.0, 60 months,25.49,E,E4,1 year,MORTGAGE,175000.0,Verified,debt_consolidation,TX,32.29,0.0,685.0,689.0,1.0,49.9,37.0,Individual,5,High Risk,Manual Review
96198920,17250.0, 60 months,22.74,E,E1,5 years,MORTGAGE,61000.0,Verified,debt_consolidation,TN,31.68,0.0,675.0,679.0,1.0,49.0,29.0,Individual,5,High Risk,Manual Review
95923011,7425.0, 36 months,25.49,E,E4,,MORTGAGE,20672.0,Verified,debt_consolidation,OH,34.73,0.0,685.0,689.0,1.0,34.6,16.0,Individual,5,High Risk,Manual Review
96197377,12000.0, 60 months,30.74,F,F5,10+ years,RENT,48536.0,Verified,debt_consolidation,OH,34.2,0.0,670.0,674.0,0.0,74.9,19.0,Individual,5,High Risk,Manual Review
96494806,10000.0, 60 months,24.74,E,E3,2 years,RENT,48000.0,Source Verified,other,CA,33.78,0.0,690.0,694.0,1.0,41.2,33.0,Individual,5,High Risk,Manual Review
95933833,24000.0, 36 months,24.74,E,E3,< 1 year,RENT,83200.0,Source Verified,debt_consolidation,CA,33.91,0.0,670.0,674.0,0.0,98.6,21.0,Individual,6,High Risk,Manual Review
95877038,23650.0, 60 months,28.69,F,F1,,MORTGAGE,67890.0,Verified,debt_consolidation,VA,32.26,0.0,660.0,664.0,0.0,80.1,19.0,Individual,6,High Risk,Manual Review
96379687,2400.0, 36 months,22.74,E,E1,10+ years,MORTGAGE,46000.0,Source Verified,other,VA,32.05,0.0,665.0,669.0,1.0,52.8,28.0,Individual,5,High Risk,Manual Review
96197499,17000.0, 60 months,30.89,G,G3,10+ years,RENT,43000.0,Verified,credit_card,NC,31.9,0.0,670.0,674.0,0.0,65.4,29.0,Individual,5,High Risk,Manual Review
95836305,14000.0, 60 months,28.69,F,F1,1 year,RENT,36500.0,Source Verified,debt_consolidation,NV,34.99,0.0,735.0,739.0,1.0,52.1,8.0,Individual,5,High Risk,Manual Review
96473578,9600.0, 36 months,22.74,E,E1,5 years,RENT,24000.0,Not Verified,debt_consolidation,WA,34.55,0.0,680.0,684.0,1.0,52.9,23.0,Individual,5,High Risk,Manual Review
96476637,18000.0, 60 months,22.74,E,E1,2 years,RENT,28200.0,Verified,debt_consolidation,VA,39.15,0.0,715.0,719.0,0.0,23.8,16.0,Joint App,5,High Risk,Manual Review
95652632,28750.0, 36 months,24.74,E,E3,< 1 year,OWN,60000.0,Source Verified,debt_consolidation,TX,30.63,0.0,720.0,724.0,1.0,46.1,30.0,Individual,5,High Risk,Manual Review
95350156,20000.0, 60 months,25.49,E,E4,2 years,OWN,55000.0,Verified,debt_consolidation,MD,31.18,0.0,685.0,689.0,0.0,70.7,12.0,Individual,5,High Risk,Manual Review
96220727,6000.0, 36 months,24.74,E,E3,,RENT,20000.0,Verified,debt_consolidation,MO,32.35,0.0,665.0,669.0,1.0,68.1,17.0,Individual,5,High Risk,Manual Review
96209597,14875.0, 60 months,26.24,E,E5,2 years,OWN,40000.0,Source Verified,home_improvement,AL,32.52,0.0,665.0,669.0,0.0,49.3,37.0,Individual,5,High Risk,Manual Review
95587527,18000.0, 60 months,22.74,E,E1,10+ years,OWN,65800.0,Not Verified,credit_card,TX,30.02,0.0,680.0,684.0,3.0,76.1,62.0,Individual,5,High Risk,Manual Review
96411030,20000.0, 60 months,25.49,E,E4,8 years,RENT,86000.0,Not Verified,small_business,CA,31.87,0.0,690.0,694.0,1.0,50.6,33.0,Individual,5,High Risk,Manual Review
96391230,15000.0, 36 months,23.99,E,E2,10+ years,MORTGAGE,101000.0,Not Verified,home_improvement,MI,33.86,0.0,680.0,684.0,0.0,41.2,46.0,Individual,5,High Risk,Manual Review
81425542,11200.0, 60 months,24.74,E,E3,10+ years,RENT,66171.0,Source Verified,credit_card,MA,34.16,0.0,685.0,689.0,1.0,30.1,33.0,Individual,5,High Risk,Manual Review
93403767,18000.0, 36 months,22.74,E,E1,,RENT,100000.0,Verified,debt_consolidation,CA,34.2,0.0,690.0,694.0,0.0,81.1,27.0,Individual,6,High Risk,Manual Review
96211434,31525.0, 60 months,26.24,E,E5,10+ years,MORTGAGE,106000.0,Not Verified,debt_consolidation,CA,31.34,0.0,710.0,714.0,3.0,89.9,24.0,Individual,6,High Risk,Manual Review
96391348,21000.0, 60 months,29.99,F,F3,10+ years,MORTGAGE,63000.0,Not Verified,credit_card,NV,31.0,0.0,675.0,679.0,0.0,88.3,26.0,Individual,6,High Risk,Manual Review
96491741,28000.0, 60 months,22.74,E,E1,10+ years,MORTGAGE,146000.0,Not Verified,major_purchase,MI,33.87,1.0,700.0,704.0,1.0,83.4,45.0,Individual,7,High Risk,Manual Review
96220699,35000.0, 36 months,25.49,E,E4,10+ years,OWN,75000.0,Not Verified,debt_consolidation,GA,30.62,0.0,695.0,699.0,0.0,43.6,25.0,Individual,5,High Risk,Manual Review
96409870,5975.0, 36 months,22.74,E,E1,10+ years,MORTGAGE,87800.0,Source Verified,credit_card,NJ,34.76,0.0,670.0,674.0,0.0,67.0,29.0,Individual,5,High Risk,Manual Review
96290218,6000.0, 36 months,23.99,E,E2,4 years,MORTGAGE,70000.0,Not Verified,small_business,MI,31.17,0.0,665.0,669.0,2.0,70.2,34.0,Individual,5,High Risk,Manual Review
96250347,24000.0, 60 months,24.74,E,E3,10+ years,RENT,60000.0,Verified,credit_card,MD,32.54,1.0,670.0,674.0,0.0,99.1,22.0,Individual,7,High Risk,Manual Review
95816761,20000.0, 60 months,22.74,E,E1,2 years,MORTGAGE,95000.0,Not Verified,credit_card,IL,30.05,0.0,685.0,689.0,1.0,51.6,52.0,Individual,5,High Risk,Manual Review
96463862,10000.0, 36 months,29.99,F,F3,9 years,RENT,66000.0,Verified,credit_card,SC,24.76,1.0,660.0,664.0,3.0,81.0,23.0,Individual,5,High Risk,Manual Review
96476726,25000.0, 60 months,26.24,E,E5,< 1 year,RENT,73000.0,Verified,debt_consolidation,MN,33.39,0.0,665.0,669.0,2.0,36.1,61.0,Individual,5,High Risk,Manual Review
96269619,33675.0, 60 months,30.79,G,G1,10+ years,MORTGAGE,92700.0,Verified,debt_consolidation,CO,30.49,0.0,680.0,684.0,1.0,43.9,59.0,Individual,5,High Risk,Manual Review
95930666,15000.0, 36 months,23.99,E,E2,10+ years,MORTGAGE,80000.0,Verified,debt_consolidation,KY,30.05,0.0,675.0,679.0,2.0,68.0,32.0,Individual,5,High Risk,Manual Review
96193313,23475.0, 60 months,30.49,F,F4,9 years,MORTGAGE,75000.0,Verified,debt_consolidation,CA,32.8,0.0,685.0,689.0,0.0,62.8,17.0,Joint App,5,High Risk,Manual Review
95666005,2400.0, 36 months,25.49,E,E4,4 years,OWN,57000.0,Source Verified,credit_card,PA,33.35,0.0,680.0,684.0,0.0,42.3,33.0,Individual,5,High Risk,Manual Review
95457337,13775.0, 36 months,16.99,D,D1,2 years,OWN,40000.0,Source Verified,debt_consolidation,MO,34.02,2.0,660.0,664.0,0.0,86.4,37.0,Individual,5,High Risk,Manual Review
94415343,13125.0, 60 months,26.24,E,E5,,MORTGAGE,32019.0,Verified,debt_consolidation,MS,37.63,0.0,700.0,704.0,1.0,87.0,24.0,Joint App,6,High Risk,Manual Review
95795257,3450.0, 36 months,24.74,E,E3,4 years,MORTGAGE,85000.0,Verified,other,UT,33.57,1.0,675.0,679.0,1.0,47.8,31.0,Individual,6,High Risk,Manual Review
95994273,15350.0, 36 months,24.74,E,E3,10+ years,MORTGAGE,47000.0,Source Verified,debt_consolidation,TN,31.56,0.0,715.0,719.0,1.0,63.5,21.0,Individual,5,High Risk,Manual Review
95954622,32000.0, 60 months,22.74,E,E1,7 years,OWN,98000.0,Source Verified,debt_consolidation,TX,30.99,0.0,750.0,754.0,0.0,31.4,26.0,Individual,5,High Risk,Manual Review
95229050,15825.0, 60 months,17.99,D,D2,8 years,MORTGAGE,80000.0,Verified,credit_card,MS,30.48,1.0,660.0,664.0,0.0,86.0,22.0,Individual,5,High Risk,Manual Review
94092954,18375.0, 60 months,30.84,G,G2,9 years,MORTGAGE,87000.0,Verified,home_improvement,FL,34.24,0.0,700.0,704.0,1.0,41.5,35.0,Individual,5,High Risk,Manual Review
96450118,14000.0, 60 months,22.74,E,E1,9 years,MORTGAGE,38794.0,Not Verified,credit_card,MO,30.72,1.0,680.0,684.0,0.0,52.8,16.0,Individual,6,High Risk,Manual Review
95159546,12525.0, 36 months,24.74,E,E3,10+ years,RENT,56000.0,Verified,debt_consolidation,NY,32.51,0.0,695.0,699.0,0.0,78.2,13.0,Individual,5,High Risk,Manual Review
95929103,25000.0, 60 months,28.69,F,F1,1 year,MORTGAGE,95000.0,Verified,debt_consolidation,TX,30.52,0.0,705.0,709.0,1.0,60.1,50.0,Individual,5,High Risk,Manual Review
95363617,24000.0, 60 months,29.49,F,F2,,OWN,25000.0,Verified,debt_consolidation,MO,52.57,0.0,690.0,694.0,3.0,8.9,12.0,Joint App,5,High Risk,Manual Review
95974411,18000.0, 36 months,21.49,D,D5,8 years,OWN,54000.0,Not Verified,debt_consolidation,FL,31.13,3.0,660.0,664.0,0.0,84.2,24.0,Individual,5,High Risk,Manual Review
95964330,24000.0, 60 months,30.49,F,F4,10+ years,MORTGAGE,68000.0,Not Verified,debt_consolidation,CA,32.9,0.0,680.0,684.0,2.0,92.5,19.0,Individual,6,High Risk,Manual Review
95983868,16850.0, 36 months,25.49,E,E4,10+ years,MORTGAGE,50000.0,Verified,debt_consolidation,CA,30.68,0.0,715.0,719.0,2.0,25.6,26.0,Individual,5,High Risk,Manual Review
95726545,11975.0, 60 months,28.69,F,F1,3 years,RENT,33800.0,Not Verified,debt_consolidation,CT,32.49,0.0,680.0,684.0,0.0,66.3,14.0,Individual,5,High Risk,Manual Review
95876907,10000.0, 60 months,24.74,E,E3,1 year,MORTGAGE,60000.0,Source Verified,debt_consolidation,NH,31.92,0.0,735.0,739.0,0.0,96.0,22.0,Individual,6,High Risk,Manual Review
95407178,28000.0, 60 months,30.79,G,G1,3 years,OWN,74600.0,Verified,debt_consolidation,CA,32.93,0.0,675.0,679.0,2.0,42.6,45.0,Individual,5,High Risk,Manual Review
95312487,31875.0, 60 months,25.49,E,E4,5 years,MORTGAGE,71000.0,Not Verified,debt_consolidation,OK,40.79,0.0,690.0,694.0,2.0,65.8,42.0,Joint App,5,High Risk,Manual Review
95295014,30000.0, 60 months,21.49,D,D5,10+ years,MORTGAGE,60000.0,Verified,debt_consolidation,IL,43.0,1.0,670.0,674.0,3.0,94.8,38.0,Joint App,5,High Risk,Manual Review
94038849,15625.0, 60 months,28.69,F,F1,1 year,RENT,34000.0,Source Verified,debt_consolidation,ID,32.4,0.0,690.0,694.0,0.0,51.7,18.0,Individual,5,High Risk,Manual Review
10109269,14400.0, 60 months,16.24,C,C5,10+ years,MORTGAGE,106000.0,Verified,debt_consolidation,TX,33.72,3.0,675.0,679.0,2.0,81.7,36.0,Individual,5,High Risk,Manual Review
10075609,19075.0, 60 months,21.48,E,E2,2 years,MORTGAGE,55000.0,Source Verified,credit_card,VA,23.65,1.0,700.0,704.0,1.0,92.2,26.0,Individual,5,High Risk,Manual Review
10175496,22750.0, 60 months,22.9,E,E4,,MORTGAGE,58000.0,Verified,debt_consolidation,NY,34.43,0.0,670.0,674.0,2.0,71.3,44.0,Individual,5,High Risk,Manual Review
10159097,10000.0, 36 months,20.5,E,E1,1 year,RENT,105000.0,Not Verified,moving,CA,14.1,1.0,660.0,664.0,2.0,84.2,19.0,Individual,5,High Risk,Manual Review
10069200,18000.0, 60 months,16.99,D,D1,2 years,RENT,62000.0,Verified,debt_consolidation,MN,31.43,1.0,670.0,674.0,0.0,83.4,25.0,Individual,5,High Risk,Manual Review
9078188,21200.0, 60 months,22.4,E,E3,10+ years,MORTGAGE,110690.0,Verified,debt_consolidation,CA,33.41,0.0,680.0,684.0,0.0,78.8,32.0,Individual,5,High Risk,Manual Review
10108891,20950.0, 60 months,21.48,E,E2,6 years,RENT,60000.0,Verified,debt_consolidation,NJ,31.33,0.0,700.0,704.0,0.0,36.7,32.0,Individual,5,High Risk,Manual Review
10089028,18225.0, 60 months,22.4,E,E3,3 years,RENT,45000.0,Verified,debt_consolidation,MD,31.47,0.0,690.0,694.0,0.0,90.3,20.0,Individual,6,High Risk,Manual Review
10168633,11250.0, 60 months,23.4,E,E5,10+ years,MORTGAGE,40000.0,Verified,other,GA,31.5,1.0,720.0,724.0,0.0,28.7,32.0,Individual,6,High Risk,Manual Review
10078349,24000.0, 60 months,22.9,E,E4,10+ years,MORTGAGE,70000.0,Source Verified,debt_consolidation,MA,18.84,1.0,670.0,674.0,1.0,92.9,34.0,Individual,5,High Risk,Manual Review
9846897,2000.0, 36 months,20.5,E,E1,10+ years,MORTGAGE,50000.0,Verified,home_improvement,MO,33.03,0.0,675.0,679.0,1.0,84.5,24.0,Individual,6,High Risk,Manual Review
10148357,19725.0, 60 months,21.48,E,E2,10+ years,RENT,75000.0,Verified,debt_consolidation,NV,31.79,2.0,680.0,684.0,0.0,93.0,59.0,Individual,7,High Risk,Manual Review
9837733,14575.0, 36 months,20.5,E,E1,10+ years,MORTGAGE,180000.0,Not Verified,debt_consolidation,TX,18.7,1.0,670.0,674.0,2.0,83.7,33.0,Individual,5,High Risk,Manual Review
10168261,14825.0, 60 months,21.48,E,E2,8 years,MORTGAGE,38110.0,Source Verified,home_improvement,CO,30.65,0.0,690.0,694.0,0.0,82.3,36.0,Individual,6,High Risk,Manual Review
10108119,23500.0, 60 months,22.4,E,E3,10+ years,RENT,55000.0,Source Verified,debt_consolidation,TX,34.52,0.0,705.0,709.0,0.0,67.2,25.0,Individual,5,High Risk,Manual Review
9776385,15575.0, 60 months,21.48,E,E2,10+ years,MORTGAGE,108000.0,Verified,debt_consolidation,UT,30.3,0.0,705.0,709.0,0.0,83.8,37.0,Individual,6,High Risk,Manual Review
10086276,21725.0, 60 months,20.5,E,E1,10+ years,MORTGAGE,65000.0,Source Verified,debt_consolidation,UT,34.68,0.0,700.0,704.0,0.0,95.2,23.0,Individual,6,High Risk,Manual Review
10074844,33000.0, 60 months,24.08,F,F2,6 years,MORTGAGE,91000.0,Verified,debt_consolidation,GA,32.05,0.0,690.0,694.0,0.0,77.4,30.0,Individual,5,High Risk,Manual Review
10147805,13000.0, 60 months,20.5,E,E1,10+ years,MORTGAGE,75000.0,Verified,debt_consolidation,NV,28.96,1.0,675.0,679.0,0.0,89.2,25.0,Individual,5,High Risk,Manual Review
10156494,17475.0, 60 months,22.4,E,E3,10+ years,MORTGAGE,92000.0,Source Verified,debt_consolidation,MN,30.08,0.0,690.0,694.0,0.0,81.6,27.0,Individual,6,High Risk,Manual Review
10097760,21850.0, 60 months,23.4,E,E5,10+ years,MORTGAGE,77989.0,Verified,debt_consolidation,TN,33.74,1.0,675.0,679.0,0.0,73.9,39.0,Individual,6,High Risk,Manual Review
10137829,29700.0, 60 months,22.4,E,E3,1 year,MORTGAGE,68000.0,Verified,credit_card,UT,31.63,0.0,685.0,689.0,1.0,72.3,43.0,Individual,5,High Risk,Manual Review
10117744,4950.0, 60 months,23.4,E,E5,,RENT,13800.0,Verified,debt_consolidation,OH,30.35,0.0,680.0,684.0,0.0,40.6,17.0,Individual,5,High Risk,Manual Review
10087768,20000.0, 60 months,22.4,E,E3,10+ years,RENT,85000.0,Verified,credit_card,VA,30.44,3.0,665.0,669.0,0.0,77.7,44.0,Individual,6,High Risk,Manual Review
10087756,19750.0, 60 months,21.48,E,E2,10+ years,MORTGAGE,99500.0,Verified,debt_consolidation,TX,30.94,1.0,680.0,684.0,2.0,72.4,47.0,Individual,6,High Risk,Manual Review
10137648,10400.0, 60 months,21.48,E,E2,10+ years,RENT,60000.0,Verified,vacation,DC,30.38,0.0,735.0,739.0,0.0,38.3,27.0,Individual,5,High Risk,Manual Review
10097741,8000.0, 36 months,22.9,E,E4,,OWN,48000.0,Verified,debt_consolidation,NC,25.33,4.0,670.0,674.0,0.0,86.0,42.0,Individual,5,High Risk,Manual Review
10127480,16800.0, 60 months,20.5,E,E1,10+ years,MORTGAGE,80000.0,Source Verified,debt_consolidation,GA,23.37,6.0,670.0,674.0,2.0,86.4,42.0,Individual,5,High Risk,Manual Review
9874646,19125.0, 60 months,23.4,E,E5,< 1 year,MORTGAGE,50000.0,Source Verified,credit_card,WI,30.1,0.0,680.0,684.0,1.0,42.0,39.0,Individual,5,High Risk,Manual Review
10086546,10600.0, 60 months,22.9,E,E4,10+ years,MORTGAGE,75000.0,Source Verified,debt_consolidation,GA,30.62,0.0,670.0,674.0,2.0,86.5,59.0,Individual,6,High Risk,Manual Review
10067371,35000.0, 60 months,20.5,E,E1,7 years,MORTGAGE,85000.0,Source Verified,debt_consolidation,CO,15.02,1.0,665.0,669.0,0.0,80.1,19.0,Individual,5,High Risk,Manual Review
10107149,20000.0, 60 months,25.89,G,G3,9 years,MORTGAGE,79000.0,Verified,debt_consolidation,WI,22.36,2.0,660.0,664.0,3.0,90.0,27.0,Individual,5,High Risk,Manual Review
9184905,35000.0, 60 months,24.08,F,F2,3 years,MORTGAGE,240000.0,Source Verified,home_improvement,NY,1.56,2.0,660.0,664.0,0.0,82.9,19.0,Individual,5,High Risk,Manual Review
10156440,21850.0, 60 months,21.48,E,E2,5 years,MORTGAGE,72000.0,Source Verified,debt_consolidation,OH,32.7,1.0,695.0,699.0,0.0,97.8,26.0,Individual,7,High Risk,Manual Review
10175281,24000.0, 60 months,22.4,E,E3,7 years,MORTGAGE,72000.0,Source Verified,credit_card,VA,10.15,2.0,675.0,679.0,1.0,89.5,18.0,Individual,5,High Risk,Manual Review
10176697,30000.0, 60 months,24.99,F,F4,10+ years,MORTGAGE,85000.0,Verified,debt_consolidation,IL,25.55,1.0,670.0,674.0,1.0,90.1,29.0,Individual,5,High Risk,Manual Review
10076130,31975.0, 60 months,24.99,F,F4,2 years,RENT,85000.0,Verified,debt_consolidation,WA,34.93,1.0,660.0,664.0,1.0,99.0,11.0,Individual,7,High Risk,Manual Review
10176046,11625.0, 36 months,20.5,E,E1,1 year,RENT,75000.0,Verified,small_business,MI,13.07,1.0,680.0,684.0,1.0,82.5,25.0,Individual,5,High Risk,Manual Review
10135844,20500.0, 60 months,22.9,E,E4,8 years,MORTGAGE,52640.0,Verified,debt_consolidation,AL,30.21,0.0,690.0,694.0,0.0,84.2,19.0,Individual,6,High Risk,Manual Review
10085905,9750.0, 36 months,24.5,F,F3,3 years,MORTGAGE,50000.0,Source Verified,small_business,KY,32.86,0.0,735.0,739.0,2.0,21.7,36.0,Individual,5,High Risk,Manual Review
10125816,19000.0, 36 months,20.5,E,E1,7 years,MORTGAGE,82700.0,Verified,debt_consolidation,SC,16.25,1.0,670.0,674.0,3.0,94.9,33.0,Individual,5,High Risk,Manual Review
10155733,15000.0, 36 months,22.4,E,E3,10+ years,OWN,54000.0,Verified,home_improvement,PA,30.92,0.0,660.0,664.0,1.0,95.9,26.0,Individual,6,High Risk,Manual Review
10165590,1450.0, 36 months,21.48,E,E2,10+ years,MORTGAGE,40000.0,Verified,debt_consolidation,IL,33.45,0.0,675.0,679.0,3.0,56.7,16.0,Individual,5,High Risk,Manual Review
10145601,15850.0, 60 months,21.48,E,E2,< 1 year,RENT,45000.0,Source Verified,debt_consolidation,WA,34.22,1.0,690.0,694.0,0.0,76.0,33.0,Individual,6,High Risk,Manual Review
10165418,12000.0, 60 months,21.48,E,E2,7 years,RENT,58500.0,Verified,debt_consolidation,PA,34.11,0.0,670.0,674.0,2.0,58.4,36.0,Individual,5,High Risk,Manual Review
10175458,2400.0, 36 months,22.4,E,E3,10+ years,MORTGAGE,74000.0,Source Verified,other,NC,31.91,0.0,660.0,664.0,0.0,90.3,48.0,Individual,6,High Risk,Manual Review
10165070,30750.0, 60 months,25.83,G,G2,10+ years,RENT,82092.0,Source Verified,debt_consolidation,CA,18.77,1.0,675.0,679.0,0.0,85.3,17.0,Individual,5,High Risk,Manual Review
9797315,35000.0, 36 months,22.4,E,E3,,MORTGAGE,142416.24,Verified,debt_consolidation,MI,18.99,1.0,685.0,689.0,1.0,91.8,28.0,Individual,5,High Risk,Manual Review
9807315,12000.0, 60 months,22.9,E,E4,3 years,MORTGAGE,60000.0,Source Verified,debt_consolidation,FL,23.0,1.0,670.0,674.0,1.0,97.0,20.0,Individual,5,High Risk,Manual Review
10144782,4000.0, 36 months,22.4,E,E3,,MORTGAGE,44267.0,Verified,major_purchase,KS,31.02,0.0,690.0,694.0,0.0,50.8,28.0,Individual,5,High Risk,Manual Review
10104737,35000.0, 60 months,20.5,E,E1,10+ years,MORTGAGE,175000.0,Verified,debt_consolidation,IL,10.75,3.0,685.0,689.0,1.0,90.6,24.0,Individual,5,High Risk,Manual Review
10154656,1000.0, 36 months,17.57,D,D2,10+ years,MORTGAGE,85000.0,Verified,other,GA,31.15,1.0,660.0,664.0,0.0,90.1,38.0,Individual,5,High Risk,Manual Review
9954717,3825.0, 36 months,25.8,G,G1,,RENT,13200.0,Verified,debt_consolidation,CT,31.64,0.0,670.0,674.0,1.0,91.0,25.0,Individual,6,High Risk,Manual Review
9984611,1200.0, 36 months,22.9,E,E4,10+ years,MORTGAGE,45000.0,Not Verified,other,KS,11.07,1.0,665.0,669.0,1.0,86.3,10.0,Individual,5,High Risk,Manual Review
10004672,1000.0, 36 months,22.4,E,E3,10+ years,RENT,80000.0,Source Verified,debt_consolidation,HI,19.02,2.0,670.0,674.0,2.0,93.9,13.0,Individual,5,High Risk,Manual Review
9838487,24000.0, 60 months,25.83,G,G2,10+ years,MORTGAGE,180000.0,Verified,small_business,CA,16.3,1.0,665.0,669.0,2.0,80.3,31.0,Individual,5,High Risk,Manual Review
9828167,18250.0, 60 months,21.48,E,E2,,MORTGAGE,60000.0,Verified,credit_card,AL,30.69,0.0,670.0,674.0,4.0,55.8,32.0,Individual,5,High Risk,Manual Review
9858364,35000.0, 60 months,26.06,G,G5,,MORTGAGE,132000.0,Source Verified,medical,CA,21.6,1.0,665.0,669.0,1.0,91.6,20.0,Individual,5,High Risk,Manual Review
9858216,25475.0, 60 months,20.5,E,E1,4 years,MORTGAGE,73000.0,Verified,debt_consolidation,CA,23.57,1.0,685.0,689.0,1.0,82.1,24.0,Individual,5,High Risk,Manual Review
9827852,14600.0, 60 months,23.7,F,F1,10+ years,MORTGAGE,59000.0,Verified,debt_consolidation,AL,28.21,4.0,660.0,664.0,1.0,97.2,50.0,Individual,5,High Risk,Manual Review
9828294,16800.0, 36 months,15.61,C,C4,10+ years,OWN,85000.0,Source Verified,debt_consolidation,WV,31.7,1.0,680.0,684.0,2.0,86.0,43.0,Individual,5,High Risk,Manual Review
9924619,16000.0, 60 months,22.4,E,E3,2 years,RENT,40000.0,Verified,debt_consolidation,GA,31.17,0.0,665.0,669.0,0.0,73.1,31.0,Individual,5,High Risk,Manual Review
9838167,20000.0, 60 months,20.5,E,E1,10+ years,MORTGAGE,95000.0,Verified,debt_consolidation,TN,20.37,1.0,665.0,669.0,5.0,85.6,46.0,Individual,5,High Risk,Manual Review
9768180,10050.0, 60 months,25.83,G,G2,6 years,RENT,30000.0,Verified,debt_consolidation,CA,31.96,0.0,665.0,669.0,0.0,65.1,15.0,Individual,5,High Risk,Manual Review
9808026,1500.0, 36 months,23.7,F,F1,5 years,RENT,25000.0,Not Verified,other,TX,16.13,2.0,660.0,664.0,2.0,94.3,17.0,Individual,5,High Risk,Manual Review
9808099,12000.0, 60 months,21.48,E,E2,9 years,MORTGAGE,35000.0,Verified,debt_consolidation,CO,32.89,0.0,670.0,674.0,0.0,64.4,61.0,Individual,5,High Risk,Manual Review
9877683,12750.0, 60 months,22.4,E,E3,3 years,MORTGAGE,48000.0,Verified,debt_consolidation,IL,32.28,0.0,665.0,669.0,1.0,58.1,51.0,Individual,5,High Risk,Manual Review
9877714,2000.0, 36 months,20.5,E,E1,8 years,OWN,52000.0,Not Verified,other,WV,29.06,1.0,660.0,664.0,0.0,83.2,18.0,Individual,5,High Risk,Manual Review
9877698,14150.0, 60 months,21.48,E,E2,3 years,RENT,158461.0,Verified,medical,VA,19.02,1.0,680.0,684.0,1.0,94.6,39.0,Individual,5,High Risk,Manual Review
9847331,28000.0, 60 months,22.4,E,E3,6 years,MORTGAGE,115000.0,Verified,debt_consolidation,TX,18.26,1.0,680.0,684.0,1.0,81.0,35.0,Individual,5,High Risk,Manual Review
9847621,10000.0, 60 months,21.48,E,E2,3 years,MORTGAGE,51000.0,Verified,other,KY,30.33,0.0,700.0,704.0,2.0,71.1,28.0,Individual,5,High Risk,Manual Review
9847569,27300.0, 60 months,23.4,E,E5,4 years,MORTGAGE,61509.0,Verified,debt_consolidation,AL,31.86,0.0,660.0,664.0,1.0,80.8,30.0,Individual,6,High Risk,Manual Review
8959857,18000.0, 36 months,20.5,E,E1,1 year,MORTGAGE,100000.0,Source Verified,debt_consolidation,IN,20.64,1.0,670.0,674.0,5.0,84.7,26.0,Individual,5,High Risk,Manual Review
9704734,19750.0, 60 months,25.89,G,G3,10+ years,MORTGAGE,44000.0,Verified,debt_consolidation,CA,15.44,1.0,680.0,684.0,0.0,97.3,18.0,Individual,5,High Risk,Manual Review
9827525,26500.0, 60 months,24.08,F,F2,7 years,MORTGAGE,60000.0,Verified,debt_consolidation,GA,33.7,0.0,675.0,679.0,3.0,71.5,48.0,Individual,5,High Risk,Manual Review
9877251,30000.0, 60 months,21.48,E,E2,10+ years,MORTGAGE,159000.0,Verified,debt_consolidation,PA,18.03,2.0,685.0,689.0,1.0,90.2,29.0,Individual,5,High Risk,Manual Review
9797227,1200.0, 36 months,21.48,E,E2,10+ years,MORTGAGE,60000.0,Not Verified,other,GA,14.3,1.0,660.0,664.0,0.0,91.5,13.0,Individual,5,High Risk,Manual Review
9847193,10050.0, 36 months,24.5,F,F3,10+ years,MORTGAGE,50000.0,Source Verified,small_business,PA,21.67,1.0,670.0,674.0,2.0,97.2,14.0,Individual,5,High Risk,Manual Review
9125124,7000.0, 36 months,23.4,E,E5,9 years,MORTGAGE,70000.0,Source Verified,other,KY,33.57,1.0,695.0,699.0,2.0,72.1,29.0,Individual,6,High Risk,Manual Review
9777009,14825.0, 36 months,16.24,C,C5,5 years,MORTGAGE,58000.0,Verified,debt_consolidation,AR,32.34,1.0,695.0,699.0,0.0,95.0,21.0,Individual,5,High Risk,Manual Review
9816805,9750.0, 36 months,19.97,D,D5,10+ years,OWN,30000.0,Source Verified,debt_consolidation,IL,33.68,1.0,665.0,669.0,1.0,89.9,20.0,Individual,5,High Risk,Manual Review
9856784,12000.0, 60 months,22.9,E,E4,9 years,MORTGAGE,95000.0,Verified,debt_consolidation,CA,11.55,1.0,660.0,664.0,3.0,83.1,12.0,Individual,5,High Risk,Manual Review
9856938,17500.0, 60 months,21.48,E,E2,6 years,MORTGAGE,50000.0,Verified,debt_consolidation,PA,34.66,0.0,680.0,684.0,1.0,68.1,15.0,Individual,5,High Risk,Manual Review
9766674,19750.0, 60 months,23.4,E,E5,5 years,MORTGAGE,45000.0,Source Verified,debt_consolidation,TX,30.43,0.0,660.0,664.0,2.0,54.7,30.0,Individual,5,High Risk,Manual Review
9876462,16550.0, 60 months,22.4,E,E3,7 years,MORTGAGE,47000.0,Verified,debt_consolidation,WI,31.97,0.0,680.0,684.0,3.0,26.7,36.0,Individual,5,High Risk,Manual Review
9846637,25000.0, 60 months,24.99,F,F4,3 years,MORTGAGE,73000.0,Verified,home_improvement,AL,9.63,1.0,675.0,679.0,1.0,99.8,17.0,Individual,5,High Risk,Manual Review
9835586,10000.0, 60 months,21.48,E,E2,2 years,RENT,40000.0,Verified,debt_consolidation,FL,30.45,0.0,705.0,709.0,0.0,62.7,43.0,Individual,5,High Risk,Manual Review
9806499,28625.0, 60 months,21.48,E,E2,5 years,MORTGAGE,64000.0,Verified,debt_consolidation,PA,22.33,1.0,675.0,679.0,0.0,99.4,35.0,Individual,5,High Risk,Manual Review
9776331,13200.0, 60 months,22.9,E,E4,10+ years,MORTGAGE,59000.0,Verified,debt_consolidation,FL,31.81,0.0,690.0,694.0,2.0,41.4,37.0,Individual,5,High Risk,Manual Review
9666015,16425.0, 60 months,22.4,E,E3,10+ years,OWN,85500.0,Verified,debt_consolidation,CO,30.02,0.0,665.0,669.0,2.0,87.8,28.0,Individual,6,High Risk,Manual Review
9806222,21125.0, 60 months,22.4,E,E3,10+ years,MORTGAGE,52192.0,Verified,debt_consolidation,IL,30.9,0.0,705.0,709.0,1.0,38.8,63.0,Individual,5,High Risk,Manual Review
9876185,14125.0, 60 months,21.48,E,E2,10+ years,RENT,43200.0,Source Verified,medical,WA,34.42,1.0,720.0,724.0,0.0,39.8,21.0,Individual,6,High Risk,Manual Review
9796031,20000.0, 60 months,24.08,F,F2,3 years,RENT,68000.0,Verified,debt_consolidation,NY,33.7,0.0,675.0,679.0,1.0,40.7,18.0,Individual,5,High Risk,Manual Review
9874746,2125.0, 36 months,20.5,E,E1,< 1 year,MORTGAGE,45000.0,Source Verified,debt_consolidation,CO,31.07,0.0,690.0,694.0,0.0,67.7,26.0,Individual,5,High Risk,Manual Review
9825659,30000.0, 60 months,24.08,F,F2,6 years,RENT,78000.0,Verified,debt_consolidation,CA,30.32,0.0,660.0,664.0,1.0,95.8,35.0,Individual,6,High Risk,Manual Review
9815683,22250.0, 60 months,22.9,E,E4,10+ years,MORTGAGE,50000.0,Verified,debt_consolidation,TX,33.41,1.0,660.0,664.0,1.0,24.6,31.0,Individual,6,High Risk,Manual Review
9646233,35000.0, 36 months,20.5,E,E1,3 years,MORTGAGE,147000.0,Verified,debt_consolidation,MA,16.58,2.0,670.0,674.0,3.0,81.1,31.0,Individual,5,High Risk,Manual Review
9784757,10500.0, 36 months,16.24,C,C5,8 years,MORTGAGE,45500.0,Verified,debt_consolidation,AR,34.36,1.0,665.0,669.0,1.0,86.1,22.0,Individual,5,High Risk,Manual Review
9845278,4250.0, 36 months,22.9,E,E4,10+ years,MORTGAGE,59000.0,Source Verified,debt_consolidation,CA,10.85,2.0,660.0,664.0,2.0,86.1,25.0,Individual,5,High Risk,Manual Review
9825175,2200.0, 60 months,24.99,F,F4,10+ years,RENT,135000.0,Source Verified,moving,VA,19.16,1.0,665.0,669.0,0.0,101.3,25.0,Individual,5,High Risk,Manual Review
9665685,8200.0, 36 months,22.4,E,E3,8 years,OWN,27040.0,Verified,debt_consolidation,MD,31.47,0.0,690.0,694.0,1.0,78.1,15.0,Individual,5,High Risk,Manual Review
9874901,35000.0, 60 months,24.5,F,F3,10+ years,MORTGAGE,120000.0,Source Verified,home_improvement,FL,19.39,3.0,675.0,679.0,2.0,80.2,29.0,Individual,5,High Risk,Manual Review
9845050,3000.0, 36 months,18.25,D,D3,10+ years,RENT,65000.0,Verified,medical,CO,31.34,1.0,670.0,674.0,0.0,84.0,36.0,Individual,5,High Risk,Manual Review
9774980,12000.0, 60 months,22.4,E,E3,10+ years,OWN,65500.0,Verified,other,PA,34.88,0.0,660.0,664.0,1.0,40.9,31.0,Individual,5,High Risk,Manual Review
9594839,18000.0, 60 months,21.48,E,E2,8 years,RENT,85000.0,Source Verified,debt_consolidation,AL,31.6,0.0,715.0,719.0,1.0,45.5,50.0,Individual,5,High Risk,Manual Review
9844598,15000.0, 60 months,21.48,E,E2,2 years,OWN,36000.0,Source Verified,credit_card,MN,31.63,0.0,670.0,674.0,3.0,61.2,35.0,Individual,5,High Risk,Manual Review
9824579,4000.0, 36 months,24.5,F,F3,< 1 year,RENT,28000.0,Verified,small_business,CA,31.68,1.0,665.0,669.0,2.0,84.1,25.0,Individual,7,High Risk,Manual Review
9676695,24000.0, 60 months,22.4,E,E3,10+ years,MORTGAGE,169000.0,Verified,debt_consolidation,TX,33.39,0.0,690.0,694.0,1.0,81.8,45.0,Individual,6,High Risk,Manual Review
9706444,32000.0, 60 months,22.9,E,E4,10+ years,MORTGAGE,235000.0,Source Verified,debt_consolidation,CA,9.41,1.0,665.0,669.0,1.0,100.6,22.0,Individual,5,High Risk,Manual Review
9706489,17500.0, 60 months,20.5,E,E1,10+ years,MORTGAGE,39000.0,Verified,debt_consolidation,TX,33.23,0.0,700.0,704.0,1.0,59.6,15.0,Individual,5,High Risk,Manual Review
7678455,15250.0, 36 months,17.57,D,D2,10+ years,RENT,50000.0,Verified,credit_card,VA,30.36,1.0,660.0,664.0,0.0,96.2,21.0,Individual,5,High Risk,Manual Review
9696468,10800.0, 60 months,19.97,D,D5,8 years,RENT,90000.0,Verified,debt_consolidation,IL,34.35,1.0,660.0,664.0,0.0,86.5,27.0,Individual,5,High Risk,Manual Review
9666354,13450.0, 36 months,16.24,C,C5,,RENT,41000.0,Verified,credit_card,WA,30.04,2.0,680.0,684.0,1.0,80.7,10.0,Individual,5,High Risk,Manual Review
9726098,32350.0, 60 months,23.4,E,E5,10+ years,RENT,72000.0,Verified,debt_consolidation,CO,10.1,2.0,665.0,669.0,0.0,89.4,8.0,Individual,5,High Risk,Manual Review
9646181,30000.0, 60 months,19.97,D,D5,2 years,RENT,70000.0,Verified,debt_consolidation,FL,32.19,1.0,675.0,679.0,0.0,89.2,48.0,Individual,5,High Risk,Manual Review
9745704,10000.0, 60 months,24.5,F,F3,10+ years,MORTGAGE,160000.0,Verified,debt_consolidation,NJ,9.17,1.0,660.0,664.0,1.0,83.0,30.0,Individual,5,High Risk,Manual Review
9735761,9750.0, 36 months,22.4,E,E3,2 years,OWN,28000.0,Verified,debt_consolidation,NY,30.48,0.0,685.0,689.0,2.0,86.3,21.0,Individual,6,High Risk,Manual Review
9705615,10500.0, 60 months,23.7,F,F1,< 1 year,RENT,110000.0,Verified,debt_consolidation,VA,1.55,1.0,685.0,689.0,1.0,86.4,7.0,Individual,5,High Risk,Manual Review
9715823,8325.0, 36 months,22.9,E,E4,4 years,RENT,31674.0,Source Verified,debt_consolidation,CA,31.68,0.0,680.0,684.0,1.0,56.4,7.0,Individual,5,High Risk,Manual Review
8655980,19075.0, 60 months,22.4,E,E3,2 years,OWN,54000.0,Source Verified,debt_consolidation,TX,32.69,0.0,670.0,674.0,1.0,85.2,20.0,Individual,6,High Risk,Manual Review
9645579,12000.0, 60 months,24.5,F,F3,4 years,OWN,35000.0,Verified,other,TX,33.23,0.0,665.0,669.0,1.0,56.1,27.0,Individual,5,High Risk,Manual Review
9199039,15000.0, 36 months,21.48,E,E2,6 years,MORTGAGE,82500.0,Verified,debt_consolidation,AZ,12.81,1.0,675.0,679.0,3.0,88.1,25.0,Individual,5,High Risk,Manual Review
9725200,22000.0, 60 months,20.5,E,E1,10+ years,MORTGAGE,85000.0,Source Verified,credit_card,NY,5.46,1.0,660.0,664.0,1.0,95.9,13.0,Individual,5,High Risk,Manual Review
9695205,35000.0, 60 months,23.4,E,E5,1 year,RENT,100000.0,Verified,debt_consolidation,CA,27.32,1.0,660.0,664.0,0.0,92.8,21.0,Individual,5,High Risk,Manual Review
9754747,27300.0, 60 months,24.08,F,F2,8 years,RENT,61000.0,Verified,debt_consolidation,PA,32.08,1.0,680.0,684.0,0.0,59.9,34.0,Individual,6,High Risk,Manual Review
9715155,6325.0, 36 months,24.5,F,F3,7 years,MORTGAGE,55000.0,Source Verified,home_improvement,SC,4.93,1.0,670.0,674.0,3.0,100.7,32.0,Individual,5,High Risk,Manual Review
9675160,11125.0, 36 months,21.48,E,E2,4 years,MORTGAGE,42000.0,Source Verified,debt_consolidation,IN,23.13,1.0,670.0,674.0,0.0,91.9,25.0,Individual,5,High Risk,Manual Review
8795618,30000.0, 60 months,24.08,F,F2,10+ years,RENT,78000.0,Verified,debt_consolidation,CA,31.33,0.0,690.0,694.0,3.0,61.2,47.0,Individual,5,High Risk,Manual Review
9755043,12000.0, 60 months,22.9,E,E4,2 years,MORTGAGE,38000.0,Verified,debt_consolidation,AR,31.33,0.0,695.0,699.0,4.0,24.5,28.0,Individual,5,High Risk,Manual Review
9644941,3000.0, 36 months,22.9,E,E4,2 years,RENT,45000.0,Verified,other,NJ,31.7,0.0,670.0,674.0,2.0,43.5,31.0,Individual,5,High Risk,Manual Review
9524914,31300.0, 60 months,22.4,E,E3,9 years,MORTGAGE,70000.0,Verified,debt_consolidation,NY,30.77,0.0,695.0,699.0,1.0,75.0,47.0,Individual,5,High Risk,Manual Review
9754796,10575.0, 36 months,21.48,E,E2,8 years,RENT,246969.97,Verified,debt_consolidation,TX,24.57,1.0,665.0,669.0,2.0,96.3,10.0,Individual,5,High Risk,Manual Review
9744809,20500.0, 60 months,24.5,F,F3,10+ years,MORTGAGE,86300.0,Verified,credit_card,CA,30.04,2.0,665.0,669.0,0.0,56.7,28.0,Individual,6,High Risk,Manual Review
9644601,18250.0, 60 months,21.48,E,E2,,MORTGAGE,41000.0,Verified,debt_consolidation,PA,31.82,0.0,695.0,699.0,0.0,88.4,33.0,Individual,6,High Risk,Manual Review
9524955,24000.0, 60 months,20.5,E,E1,10+ years,OWN,120000.0,Source Verified,debt_consolidation,MN,10.96,3.0,660.0,664.0,1.0,88.9,42.0,Individual,5,High Risk,Manual Review
9634802,15000.0, 36 months,22.9,E,E4,9 years,RENT,115000.0,Not Verified,debt_consolidation,PA,21.15,1.0,665.0,669.0,1.0,93.6,22.0,Individual,5,High Risk,Manual Review
9374755,17000.0, 36 months,22.9,E,E4,6 years,RENT,68000.0,Not Verified,credit_card,NY,23.32,1.0,665.0,669.0,1.0,91.2,27.0,Individual,5,High Risk,Manual Review
9415263,25450.0, 60 months,22.4,E,E3,10+ years,RENT,57129.0,Verified,debt_consolidation,AZ,31.09,0.0,685.0,689.0,0.0,77.8,29.0,Individual,5,High Risk,Manual Review
9475224,25000.0, 36 months,24.08,F,F2,4 years,MORTGAGE,92000.0,Verified,debt_consolidation,CA,12.5,1.0,660.0,664.0,2.0,85.6,40.0,Individual,5,High Risk,Manual Review
9424616,9750.0, 36 months,20.5,E,E1,4 years,RENT,77300.0,Not Verified,other,CA,27.15,8.0,665.0,669.0,2.0,93.7,17.0,Individual,5,High Risk,Manual Review
9265209,28000.0, 60 months,22.4,E,E3,10+ years,MORTGAGE,92000.0,Verified,debt_consolidation,IL,30.08,1.0,680.0,684.0,0.0,87.7,20.0,Individual,7,High Risk,Manual Review
9434759,9600.0, 36 months,20.5,E,E1,10+ years,RENT,41000.0,Not Verified,debt_consolidation,IL,16.98,1.0,665.0,669.0,0.0,83.6,21.0,Individual,5,High Risk,Manual Review
9394847,11000.0, 60 months,22.4,E,E3,10+ years,MORTGAGE,56000.0,Verified,debt_consolidation,MD,22.78,3.0,665.0,669.0,0.0,85.1,22.0,Individual,5,High Risk,Manual Review
9404916,26500.0, 60 months,22.4,E,E3,10+ years,MORTGAGE,88200.0,Verified,debt_consolidation,MD,14.29,1.0,670.0,674.0,1.0,81.7,40.0,Individual,5,High Risk,Manual Review
9384887,10000.0, 60 months,20.5,E,E1,10+ years,RENT,92000.0,Verified,debt_consolidation,MD,7.59,1.0,665.0,669.0,1.0,80.7,18.0,Individual,5,High Risk,Manual Review
9424710,1000.0, 36 months,22.4,E,E3,10+ years,OWN,55000.0,Verified,other,FL,32.21,1.0,665.0,669.0,1.0,72.2,39.0,Individual,6,High Risk,Manual Review
9474746,3500.0, 60 months,23.4,E,E5,10+ years,RENT,56000.0,Verified,vacation,TX,30.56,0.0,680.0,684.0,1.0,58.9,31.0,Individual,5,High Risk,Manual Review
9444721,35000.0, 36 months,24.5,F,F3,7 years,RENT,115000.0,Verified,other,DC,19.35,1.0,665.0,669.0,1.0,85.6,23.0,Individual,5,High Risk,Manual Review
9474688,9000.0, 36 months,21.48,E,E2,10+ years,MORTGAGE,65000.0,Verified,other,CO,31.73,0.0,660.0,664.0,2.0,58.3,29.0,Individual,5,High Risk,Manual Review
9404622,24000.0, 60 months,20.5,E,E1,10+ years,MORTGAGE,142500.0,Verified,debt_consolidation,CA,6.92,1.0,670.0,674.0,0.0,100.9,25.0,Individual,5,High Risk,Manual Review
9464634,35000.0, 60 months,24.08,F,F2,10+ years,RENT,190000.0,Verified,credit_card,OH,18.37,3.0,680.0,684.0,2.0,81.2,58.0,Individual,5,High Risk,Manual Review
9394678,15000.0, 60 months,23.4,E,E5,10+ years,OWN,45000.0,Source Verified,debt_consolidation,FL,30.56,0.0,690.0,694.0,1.0,41.7,38.0,Individual,5,High Risk,Manual Review
9209822,24000.0, 60 months,20.5,E,E1,4 years,RENT,155000.0,Verified,debt_consolidation,NY,6.6,1.0,705.0,709.0,0.0,99.5,9.0,Individual,5,High Risk,Manual Review
9275253,29175.0, 36 months,23.4,E,E5,10+ years,OWN,87000.0,Verified,debt_consolidation,CA,23.25,1.0,695.0,699.0,1.0,94.2,20.0,Individual,5,High Risk,Manual Review
9344596,33950.0, 36 months,21.7,E,E2,8 years,MORTGAGE,84886.0,Verified,home_improvement,MN,20.51,1.0,680.0,684.0,1.0,96.6,18.0,Individual,5,High Risk,Manual Review
9009157,22250.0, 60 months,21.7,E,E2,,MORTGAGE,50000.0,Verified,debt_consolidation,LA,30.03,1.0,665.0,669.0,0.0,73.9,29.0,Individual,6,High Risk,Manual Review
9239809,18225.0, 60 months,21.7,E,E2,7 years,RENT,57000.0,Verified,debt_consolidation,FL,32.48,0.0,660.0,664.0,0.0,88.7,24.0,Individual,6,High Risk,Manual Review
9239709,6000.0, 36 months,15.1,C,C2,5 years,MORTGAGE,51000.0,Verified,debt_consolidation,OH,30.68,2.0,695.0,699.0,0.0,87.3,19.0,Individual,5,High Risk,Manual Review
9245064,16450.0, 60 months,24.08,F,F2,5 years,OWN,37000.0,Verified,debt_consolidation,OK,32.6,0.0,665.0,669.0,1.0,94.1,14.0,Individual,6,High Risk,Manual Review
9205131,4200.0, 36 months,21.7,E,E2,10+ years,RENT,83000.0,Not Verified,medical,GA,27.85,1.0,660.0,664.0,1.0,89.7,25.0,Individual,5,High Risk,Manual Review
9199378,30000.0, 60 months,21.7,E,E2,10+ years,MORTGAGE,115000.0,Source Verified,debt_consolidation,MD,19.56,3.0,670.0,674.0,0.0,100.0,28.0,Individual,5,High Risk,Manual Review
9274970,4650.0, 36 months,21.7,E,E2,10+ years,MORTGAGE,65000.0,Verified,debt_consolidation,IN,27.2,2.0,670.0,674.0,2.0,99.7,46.0,Individual,5,High Risk,Manual Review
9025680,16000.0, 60 months,24.08,F,F2,2 years,RENT,86000.0,Source Verified,debt_consolidation,IL,12.71,1.0,680.0,684.0,0.0,94.7,21.0,Individual,5,High Risk,Manual Review
9218516,11325.0, 60 months,24.08,F,F2,,MORTGAGE,45583.0,Verified,home_improvement,VA,17.04,2.0,665.0,669.0,3.0,89.4,18.0,Individual,5,High Risk,Manual Review
9274891,12000.0, 60 months,23.4,E,E5,10+ years,RENT,40000.0,Verified,debt_consolidation,VA,31.74,0.0,670.0,674.0,0.0,81.5,15.0,Individual,6,High Risk,Manual Review
9264779,20000.0, 60 months,22.4,E,E3,1 year,MORTGAGE,70000.0,Verified,debt_consolidation,MD,14.88,1.0,660.0,664.0,0.0,80.4,19.0,Individual,5,High Risk,Manual Review
9189407,4000.0, 36 months,22.4,E,E3,10+ years,MORTGAGE,95000.0,Verified,small_business,NY,16.62,1.0,660.0,664.0,1.0,92.9,25.0,Individual,5,High Risk,Manual Review
9229352,3600.0, 36 months,21.0,E,E1,2 years,RENT,65000.0,Source Verified,other,TX,22.08,1.0,670.0,674.0,0.0,99.7,36.0,Individual,5,High Risk,Manual Review
9187786,22000.0, 36 months,21.0,E,E1,,MORTGAGE,50400.0,Verified,debt_consolidation,PA,30.38,0.0,680.0,684.0,2.0,39.6,34.0,Individual,5,High Risk,Manual Review
9198681,10375.0, 60 months,22.4,E,E3,3 years,RENT,31000.0,Verified,debt_consolidation,MT,30.2,0.0,675.0,679.0,1.0,99.7,18.0,Individual,6,High Risk,Manual Review
9208607,20675.0, 60 months,23.1,E,E4,10+ years,MORTGAGE,51535.0,Verified,debt_consolidation,GA,25.76,1.0,670.0,674.0,0.0,96.6,21.0,Individual,5,High Risk,Manual Review
9218248,30000.0, 60 months,21.0,E,E1,10+ years,MORTGAGE,76000.0,Source Verified,debt_consolidation,GA,24.66,1.0,660.0,664.0,1.0,80.7,24.0,Individual,5,High Risk,Manual Review
9218491,35000.0, 36 months,17.1,C,C5,7 years,OWN,100000.0,Verified,credit_card,MI,30.47,2.0,660.0,664.0,4.0,84.6,36.0,Individual,5,High Risk,Manual Review
9198111,13250.0, 60 months,23.1,E,E4,1 year,RENT,50000.0,Verified,major_purchase,AR,32.96,0.0,670.0,674.0,3.0,38.2,35.0,Individual,5,High Risk,Manual Review
7045122,35000.0, 60 months,23.7,F,F1,< 1 year,MORTGAGE,103000.0,Source Verified,debt_consolidation,PA,13.33,2.0,660.0,664.0,1.0,95.4,32.0,Individual,5,High Risk,Manual Review
8957808,23350.0, 60 months,21.0,E,E1,5 years,RENT,65000.0,Verified,credit_card,IN,17.67,1.0,670.0,674.0,0.0,95.1,26.0,Individual,5,High Risk,Manual Review
9188318,20000.0, 60 months,21.0,E,E1,1 year,MORTGAGE,245000.0,Source Verified,other,NY,13.99,2.0,675.0,679.0,0.0,91.6,28.0,Individual,5,High Risk,Manual Review
9237988,2000.0, 36 months,22.4,E,E3,10+ years,MORTGAGE,40000.0,Source Verified,other,MI,16.2,1.0,685.0,689.0,2.0,84.3,18.0,Individual,5,High Risk,Manual Review
9188009,25000.0, 60 months,21.0,E,E1,10+ years,MORTGAGE,130000.0,Verified,other,LA,33.47,0.0,705.0,709.0,1.0,80.3,22.0,Individual,6,High Risk,Manual Review
9217795,28000.0, 60 months,22.4,E,E3,10+ years,MORTGAGE,96700.0,Source Verified,debt_consolidation,TX,22.7,1.0,660.0,664.0,2.0,96.2,32.0,Individual,5,High Risk,Manual Review
9186104,16800.0, 60 months,23.1,E,E4,10+ years,MORTGAGE,73000.0,Verified,debt_consolidation,MO,34.93,0.0,680.0,684.0,5.0,54.9,43.0,Individual,5,High Risk,Manual Review
9187458,9325.0, 36 months,17.76,D,D1,3 years,RENT,27000.0,Verified,debt_consolidation,HI,32.44,1.0,665.0,669.0,1.0,82.5,22.0,Individual,5,High Risk,Manual Review
9217362,19575.0, 60 months,23.4,E,E5,10+ years,RENT,44000.0,Verified,debt_consolidation,TX,33.61,2.0,665.0,669.0,0.0,94.1,36.0,Individual,7,High Risk,Manual Review
9194754,16450.0, 60 months,25.89,G,G3,10+ years,OWN,94000.0,Verified,other,NY,13.43,2.0,675.0,679.0,1.0,80.4,35.0,Individual,5,High Risk,Manual Review
8795417,27575.0, 36 months,22.4,E,E3,10+ years,OWN,62000.0,Verified,credit_card,NY,30.5,1.0,660.0,664.0,3.0,44.9,37.0,Individual,6,High Risk,Manual Review
9236850,25975.0, 60 months,24.99,F,F4,2 years,MORTGAGE,106000.0,Source Verified,home_improvement,CA,7.1,1.0,665.0,669.0,2.0,91.5,20.0,Individual,5,High Risk,Manual Review
9196645,4500.0, 60 months,21.0,E,E1,2 years,MORTGAGE,74500.0,Verified,other,NC,31.62,1.0,665.0,669.0,0.0,82.4,44.0,Individual,7,High Risk,Manual Review
9216617,24000.0, 60 months,24.5,F,F3,5 years,MORTGAGE,130000.0,Verified,debt_consolidation,CA,12.67,2.0,665.0,669.0,0.0,102.0,13.0,Individual,5,High Risk,Manual Review
9196695,21000.0, 36 months,15.61,C,C3,10+ years,RENT,55200.0,Source Verified,debt_consolidation,CA,30.07,1.0,675.0,679.0,0.0,81.0,38.0,Individual,5,High Risk,Manual Review
9206728,1200.0, 36 months,24.5,F,F3,8 years,RENT,25000.0,Verified,other,CO,34.47,0.0,675.0,679.0,0.0,69.2,14.0,Individual,5,High Risk,Manual Review
9196455,33600.0, 60 months,21.0,E,E1,< 1 year,MORTGAGE,110000.0,Verified,home_improvement,NH,8.73,2.0,665.0,669.0,1.0,91.8,12.0,Individual,5,High Risk,Manual Review
9206027,30000.0, 60 months,24.5,F,F3,3 years,OWN,70000.0,Source Verified,debt_consolidation,NH,24.7,3.0,670.0,674.0,1.0,95.3,28.0,Individual,5,High Risk,Manual Review
8305901,10050.0, 60 months,25.57,F,F5,9 years,MORTGAGE,30000.0,Verified,debt_consolidation,MI,19.0,1.0,660.0,664.0,1.0,93.0,26.0,Individual,5,High Risk,Manual Review
9206008,15875.0, 60 months,24.08,F,F2,1 year,RENT,45000.0,Verified,debt_consolidation,MD,33.81,0.0,695.0,699.0,1.0,65.4,52.0,Individual,5,High Risk,Manual Review
9205826,4000.0, 36 months,23.4,E,E5,< 1 year,RENT,71560.0,Not Verified,moving,CA,27.82,1.0,665.0,669.0,0.0,89.4,20.0,Individual,5,High Risk,Manual Review
9185845,20000.0, 60 months,22.4,E,E3,4 years,MORTGAGE,74500.0,Source Verified,debt_consolidation,SC,18.73,1.0,670.0,674.0,0.0,83.4,18.0,Individual,5,High Risk,Manual Review
9235414,9175.0, 36 months,19.52,D,D4,2 years,RENT,27712.0,Verified,debt_consolidation,WA,31.4,2.0,670.0,674.0,0.0,86.0,19.0,Individual,5,High Risk,Manual Review
9215382,30000.0, 60 months,21.0,E,E1,4 years,MORTGAGE,125000.0,Verified,debt_consolidation,MN,31.9,0.0,695.0,699.0,4.0,73.7,38.0,Individual,5,High Risk,Manual Review
9185173,18575.0, 60 months,22.4,E,E3,10+ years,MORTGAGE,62000.0,Verified,debt_consolidation,MN,31.92,0.0,660.0,664.0,2.0,57.8,32.0,Individual,5,High Risk,Manual Review
9234992,19200.0, 36 months,15.1,C,C2,10+ years,RENT,60000.0,Verified,debt_consolidation,CA,31.06,1.0,670.0,674.0,0.0,85.8,27.0,Individual,5,High Risk,Manual Review
9234678,14675.0, 60 months,21.0,E,E1,10+ years,RENT,50000.0,Source Verified,debt_consolidation,FL,32.1,0.0,700.0,704.0,1.0,79.5,23.0,Individual,5,High Risk,Manual Review
9068098,28800.0, 36 months,18.55,D,D2,< 1 year,RENT,80000.0,Verified,debt_consolidation,FL,32.7,1.0,665.0,669.0,0.0,92.1,31.0,Individual,5,High Risk,Manual Review
9175159,1000.0, 36 months,22.4,E,E3,10+ years,MORTGAGE,106000.0,Source Verified,other,NY,9.29,3.0,675.0,679.0,2.0,85.9,27.0,Individual,5,High Risk,Manual Review
9077313,35000.0, 60 months,23.7,F,F1,10+ years,MORTGAGE,128000.0,Verified,other,TX,32.1,0.0,660.0,664.0,0.0,95.3,56.0,Individual,6,High Risk,Manual Review
8990087,30000.0, 36 months,21.0,E,E1,10+ years,MORTGAGE,110000.0,Verified,debt_consolidation,TX,14.84,1.0,660.0,664.0,4.0,88.2,27.0,Individual,5,High Risk,Manual Review
9144710,28625.0, 60 months,23.1,E,E4,3 years,RENT,64450.0,Verified,credit_card,NY,34.6,0.0,700.0,704.0,1.0,80.3,32.0,Individual,6,High Risk,Manual Review
9134652,12000.0, 60 months,17.1,C,C5,10+ years,MORTGAGE,76600.0,Verified,other,FL,30.91,1.0,690.0,694.0,0.0,95.7,22.0,Individual,5,High Risk,Manual Review
9068240,21100.0, 60 months,25.8,G,G1,3 years,MORTGAGE,48000.0,Verified,debt_consolidation,MO,16.55,1.0,660.0,664.0,3.0,97.3,18.0,Individual,5,High Risk,Manual Review
9048461,11100.0, 60 months,21.7,E,E2,4 years,RENT,33000.0,Verified,credit_card,FL,33.79,0.0,675.0,679.0,0.0,76.9,13.0,Individual,5,High Risk,Manual Review
8596360,10625.0, 60 months,20.2,D,D5,7 years,MORTGAGE,42000.0,Verified,debt_consolidation,NC,31.11,3.0,670.0,674.0,0.0,82.3,34.0,Individual,5,High Risk,Manual Review
9057726,9125.0, 36 months,23.1,E,E4,3 years,MORTGAGE,27500.0,Verified,debt_consolidation,CA,32.04,1.0,665.0,669.0,0.0,88.8,27.0,Individual,7,High Risk,Manual Review
9037682,20000.0, 60 months,24.99,F,F4,10+ years,RENT,60000.0,Verified,debt_consolidation,SC,31.46,0.0,690.0,694.0,1.0,86.0,16.0,Individual,6,High Risk,Manual Review
9027489,25450.0, 60 months,22.4,E,E3,10+ years,OWN,56600.0,Verified,debt_consolidation,FL,33.88,0.0,705.0,709.0,0.0,40.4,40.0,Individual,5,High Risk,Manual Review
8960813,8000.0, 36 months,21.7,E,E2,3 years,MORTGAGE,50000.0,Verified,debt_consolidation,WI,34.35,0.0,670.0,674.0,4.0,66.8,33.0,Individual,5,High Risk,Manual Review
8666345,30000.0, 60 months,21.0,E,E1,6 years,RENT,140000.0,Verified,debt_consolidation,CA,32.68,0.0,685.0,689.0,1.0,64.5,39.0,Individual,5,High Risk,Manual Review
9076976,12000.0, 36 months,17.76,D,D1,10+ years,MORTGAGE,72000.0,Verified,debt_consolidation,CA,33.88,1.0,660.0,664.0,1.0,81.9,50.0,Individual,5,High Risk,Manual Review
9026953,10000.0, 36 months,23.4,E,E5,10+ years,MORTGAGE,104000.0,Not Verified,home_improvement,NY,23.26,2.0,665.0,669.0,2.0,91.4,29.0,Individual,5,High Risk,Manual Review
9036882,5000.0, 60 months,21.7,E,E2,10+ years,MORTGAGE,110000.0,Source Verified,other,CA,15.51,2.0,660.0,664.0,0.0,98.4,22.0,Individual,5,High Risk,Manual Review
9055681,17475.0, 60 months,21.7,E,E2,9 years,OWN,39000.0,Source Verified,debt_consolidation,GA,30.95,0.0,675.0,679.0,1.0,68.2,13.0,Individual,5,High Risk,Manual Review
9076120,10000.0, 60 months,22.4,E,E3,1 year,RENT,70000.0,Source Verified,other,VA,28.84,3.0,670.0,674.0,0.0,99.0,34.0,Individual,5,High Risk,Manual Review
9035773,35000.0, 36 months,23.7,F,F1,10+ years,RENT,78000.0,Verified,debt_consolidation,CA,29.79,1.0,660.0,664.0,3.0,94.1,31.0,Individual,5,High Risk,Manual Review
9036014,10000.0, 36 months,22.4,E,E3,10+ years,MORTGAGE,75000.0,Not Verified,debt_consolidation,IN,9.12,1.0,660.0,664.0,1.0,82.6,29.0,Individual,5,High Risk,Manual Review
8969618,4000.0, 36 months,21.0,E,E1,10+ years,MORTGAGE,165000.0,Source Verified,medical,GA,21.56,2.0,670.0,674.0,2.0,86.3,27.0,Individual,5,High Risk,Manual Review
9065762,6000.0, 36 months,21.0,E,E1,,MORTGAGE,56664.0,Verified,home_improvement,NJ,33.08,0.0,665.0,669.0,1.0,78.8,18.0,Individual,5,High Risk,Manual Review
8997376,18225.0, 36 months,23.7,F,F1,7 years,RENT,68000.0,Verified,debt_consolidation,CA,31.57,0.0,675.0,679.0,1.0,78.8,31.0,Individual,5,High Risk,Manual Review
9045667,26500.0, 60 months,21.0,E,E1,7 years,MORTGAGE,67000.0,Source Verified,debt_consolidation,GA,34.6,0.0,675.0,679.0,0.0,82.4,28.0,Individual,6,High Risk,Manual Review
9065506,30750.0, 60 months,22.4,E,E3,3 years,MORTGAGE,92000.0,Source Verified,debt_consolidation,OK,17.28,3.0,670.0,674.0,0.0,85.2,44.0,Individual,5,High Risk,Manual Review
9045446,21950.0, 60 months,21.0,E,E1,10+ years,MORTGAGE,50000.0,Source Verified,debt_consolidation,CO,30.32,0.0,705.0,709.0,3.0,66.4,33.0,Individual,5,High Risk,Manual Review
9075122,15000.0, 60 months,21.0,E,E1,4 years,MORTGAGE,130000.0,Source Verified,home_improvement,CA,11.63,2.0,680.0,684.0,2.0,92.8,38.0,Individual,5,High Risk,Manual Review
9075238,25000.0, 36 months,22.4,E,E3,,MORTGAGE,56390.52,Verified,credit_card,NC,30.01,0.0,675.0,679.0,3.0,80.8,22.0,Individual,6,High Risk,Manual Review
9064865,4000.0, 60 months,25.8,G,G1,5 years,OWN,26000.0,Verified,home_improvement,OK,30.47,0.0,675.0,679.0,0.0,45.8,16.0,Individual,5,High Risk,Manual Review
9044993,18725.0, 60 months,23.4,E,E5,10+ years,MORTGAGE,70492.76,Verified,debt_consolidation,GA,33.76,0.0,705.0,709.0,2.0,84.4,26.0,Individual,6,High Risk,Manual Review
8959853,10050.0, 60 months,24.5,F,F3,5 years,RENT,30000.0,Verified,debt_consolidation,CA,32.72,0.0,680.0,684.0,1.0,51.0,13.0,Individual,5,High Risk,Manual Review
9024894,12800.0, 60 months,16.2,C,C4,6 years,RENT,52000.0,Verified,debt_consolidation,KS,32.01,3.0,665.0,669.0,0.0,93.3,25.0,Individual,5,High Risk,Manual Review
9034786,16825.0, 60 months,23.1,E,E4,6 years,MORTGAGE,40000.0,Source Verified,debt_consolidation,WI,33.51,0.0,695.0,699.0,0.0,84.1,39.0,Individual,6,High Risk,Manual Review
8981291,26375.0, 60 months,21.7,E,E2,10+ years,MORTGAGE,66188.0,Verified,small_business,NV,34.37,0.0,745.0,749.0,0.0,60.9,22.0,Individual,5,High Risk,Manual Review
8991395,9250.0, 36 months,22.4,E,E3,1 year,MORTGAGE,38500.0,Verified,debt_consolidation,FL,34.79,0.0,660.0,664.0,2.0,73.1,25.0,Individual,5,High Risk,Manual Review
8992285,10000.0, 36 months,21.0,E,E1,,OWN,31000.0,Verified,credit_card,KS,34.92,0.0,675.0,679.0,0.0,65.2,32.0,Individual,5,High Risk,Manual Review
8982309,31300.0, 60 months,23.4,E,E5,< 1 year,MORTGAGE,70000.0,Verified,debt_consolidation,PA,33.21,0.0,670.0,674.0,0.0,67.0,32.0,Individual,5,High Risk,Manual Review
8962099,23325.0, 60 months,21.0,E,E1,< 1 year,RENT,52000.0,Verified,debt_consolidation,NY,26.68,2.0,670.0,674.0,0.0,94.9,46.0,Individual,5,High Risk,Manual Review
9011933,27575.0, 60 months,23.1,E,E4,6 years,MORTGAGE,62395.0,Verified,debt_consolidation,GA,24.7,1.0,660.0,664.0,1.0,85.7,26.0,Individual,5,High Risk,Manual Review
8981596,10000.0, 60 months,23.1,E,E4,10+ years,RENT,92000.0,Source Verified,credit_card,NY,33.19,0.0,685.0,689.0,0.0,88.4,25.0,Individual,6,High Risk,Manual Review
8968590,24000.0, 60 months,22.4,E,E3,1 year,MORTGAGE,90000.0,Verified,debt_consolidation,WY,32.29,0.0,690.0,694.0,5.0,34.0,52.0,Individual,5,High Risk,Manual Review
8961711,17625.0, 60 months,21.7,E,E2,2 years,MORTGAGE,40000.0,Verified,debt_consolidation,GA,18.69,2.0,690.0,694.0,1.0,82.2,34.0,Individual,5,High Risk,Manual Review
9001351,32000.0, 60 months,24.08,F,F2,10+ years,MORTGAGE,90000.0,Verified,credit_card,KY,26.37,1.0,660.0,664.0,1.0,89.9,38.0,Individual,5,High Risk,Manual Review
8981743,21200.0, 36 months,21.7,E,E2,10+ years,RENT,48000.0,Verified,debt_consolidation,NC,34.75,0.0,670.0,674.0,0.0,84.7,32.0,Individual,6,High Risk,Manual Review
8991413,10000.0, 60 months,21.7,E,E2,10+ years,MORTGAGE,47505.0,Verified,debt_consolidation,NC,34.97,0.0,670.0,674.0,2.0,76.5,25.0,Individual,5,High Risk,Manual Review
8981393,20500.0, 36 months,21.0,E,E1,10+ years,RENT,76000.0,Verified,debt_consolidation,CA,32.2,1.0,680.0,684.0,2.0,69.3,39.0,Individual,6,High Risk,Manual Review
8785754,12000.0, 36 months,24.08,F,F2,2 years,MORTGAGE,55000.0,Verified,other,TX,33.86,0.0,675.0,679.0,1.0,72.7,18.0,Individual,5,High Risk,Manual Review
8990972,10000.0, 60 months,23.4,E,E5,2 years,MORTGAGE,58000.0,Source Verified,home_improvement,WA,18.17,1.0,660.0,664.0,2.0,93.7,21.0,Individual,5,High Risk,Manual Review
8990634,16100.0, 36 months,17.1,C,C5,10+ years,RENT,45000.0,Verified,debt_consolidation,KS,32.69,2.0,670.0,674.0,1.0,88.1,24.0,Individual,5,High Risk,Manual Review
8970509,35000.0, 60 months,24.99,F,F4,10+ years,MORTGAGE,400000.0,Verified,debt_consolidation,WA,13.74,1.0,700.0,704.0,1.0,101.1,26.0,Individual,5,High Risk,Manual Review
8959969,22750.0, 60 months,21.7,E,E2,9 years,MORTGAGE,70000.0,Source Verified,debt_consolidation,VA,20.95,1.0,660.0,664.0,2.0,92.6,29.0,Individual,5,High Risk,Manual Review
8979937,23000.0, 60 months,24.5,F,F3,10+ years,MORTGAGE,55900.0,Source Verified,debt_consolidation,VA,21.19,1.0,670.0,674.0,3.0,92.9,34.0,Individual,5,High Risk,Manual Review
8999452,9750.0, 36 months,19.52,D,D4,< 1 year,RENT,29120.0,Verified,debt_consolidation,NV,31.41,2.0,660.0,664.0,1.0,88.5,31.0,Individual,5,High Risk,Manual Review
8989485,35000.0, 60 months,21.7,E,E2,7 years,MORTGAGE,175000.0,Source Verified,debt_consolidation,NC,3.93,1.0,660.0,664.0,0.0,98.6,19.0,Individual,5,High Risk,Manual Review
8998833,15000.0, 60 months,17.76,D,D1,10+ years,OWN,109200.0,Verified,debt_consolidation,CA,32.05,3.0,685.0,689.0,3.0,89.7,30.0,Individual,5,High Risk,Manual Review
8999368,16000.0, 60 months,21.0,E,E1,3 years,RENT,60000.0,Source Verified,debt_consolidation,MA,30.92,0.0,690.0,694.0,1.0,59.3,34.0,Individual,5,High Risk,Manual Review
8999143,15000.0, 60 months,22.4,E,E3,10+ years,MORTGAGE,63752.0,Verified,small_business,MO,10.35,1.0,665.0,669.0,0.0,91.6,17.0,Individual,5,High Risk,Manual Review
8978820,23500.0, 60 months,22.4,E,E3,,RENT,52862.0,Verified,credit_card,NM,30.03,0.0,675.0,679.0,0.0,68.3,26.0,Individual,5,High Risk,Manual Review
8825423,6075.0, 36 months,23.4,E,E5,,RENT,20940.0,Verified,other,OR,34.66,0.0,685.0,689.0,2.0,68.3,11.0,Individual,5,High Risk,Manual Review
8975695,4000.0, 36 months,22.4,E,E3,,RENT,15300.0,Verified,debt_consolidation,PA,32.47,0.0,665.0,669.0,2.0,91.7,22.0,Individual,6,High Risk,Manual Review
8998262,14575.0, 60 months,22.4,E,E3,10+ years,MORTGAGE,75689.0,Verified,other,GA,31.77,0.0,690.0,694.0,1.0,67.6,33.0,Individual,5,High Risk,Manual Review
8988122,25000.0, 60 months,21.0,E,E1,3 years,MORTGAGE,90000.0,Source Verified,debt_consolidation,IL,21.66,6.0,690.0,694.0,1.0,85.9,23.0,Individual,5,High Risk,Manual Review
8988112,35000.0, 60 months,21.0,E,E1,3 years,MORTGAGE,86000.0,Verified,debt_consolidation,OH,23.92,1.0,685.0,689.0,0.0,89.4,25.0,Individual,5,High Risk,Manual Review
2299542,21000.0, 60 months,22.4,E,E3,6 years,MORTGAGE,83000.0,Source Verified,debt_consolidation,FL,30.16,0.0,675.0,679.0,4.0,69.8,41.0,Individual,5,High Risk,Manual Review
8985746,22800.0, 60 months,21.0,E,E1,3 years,MORTGAGE,109000.0,Verified,debt_consolidation,PA,24.07,1.0,695.0,699.0,0.0,80.1,22.0,Individual,5,High Risk,Manual Review
9007344,30000.0, 36 months,16.2,C,C4,10+ years,RENT,84000.0,Verified,credit_card,FL,32.84,1.0,690.0,694.0,0.0,95.1,15.0,Individual,5,High Risk,Manual Review
8987288,8325.0, 36 months,22.4,E,E3,< 1 year,RENT,24000.0,Verified,credit_card,WA,31.65,0.0,670.0,674.0,1.0,58.9,9.0,Individual,5,High Risk,Manual Review
8975085,12375.0, 60 months,23.4,E,E5,10+ years,MORTGAGE,46800.0,Verified,debt_consolidation,TN,32.08,0.0,670.0,674.0,3.0,86.4,28.0,Individual,6,High Risk,Manual Review
9006926,17375.0, 36 months,19.52,D,D4,2 years,MORTGAGE,48500.0,Verified,debt_consolidation,GA,30.29,1.0,670.0,674.0,1.0,88.5,44.0,Individual,5,High Risk,Manual Review
8916244,24375.0, 60 months,22.4,E,E3,1 year,MORTGAGE,55000.0,Verified,credit_card,NY,33.71,0.0,705.0,709.0,1.0,70.0,37.0,Individual,5,High Risk,Manual Review
8977183,8450.0, 36 months,23.7,F,F1,6 years,RENT,58000.0,Verified,debt_consolidation,GA,11.1,1.0,665.0,669.0,2.0,90.4,17.0,Individual,5,High Risk,Manual Review
8977096,3000.0, 36 months,21.7,E,E2,10+ years,OWN,25000.0,Verified,small_business,TX,32.65,0.0,690.0,694.0,1.0,25.1,28.0,Individual,5,High Risk,Manual Review
8776213,25450.0, 60 months,21.0,E,E1,10+ years,RENT,57000.0,Verified,debt_consolidation,RI,33.24,1.0,685.0,689.0,0.0,77.5,23.0,Individual,6,High Risk,Manual Review
8996487,15000.0, 60 months,21.7,E,E2,6 years,MORTGAGE,69231.0,Verified,debt_consolidation,NJ,26.28,2.0,680.0,684.0,0.0,96.6,27.0,Individual,5,High Risk,Manual Review
9006380,25000.0, 60 months,22.4,E,E3,4 years,MORTGAGE,65000.0,Source Verified,debt_consolidation,WV,30.52,0.0,690.0,694.0,0.0,77.2,13.0,Individual,5,High Risk,Manual Review
9006298,12375.0, 60 months,21.0,E,E1,< 1 year,OWN,70000.0,Verified,debt_consolidation,TX,32.32,0.0,685.0,689.0,0.0,79.4,10.0,Individual,5,High Risk,Manual Review
8996210,18000.0, 60 months,21.0,E,E1,10+ years,MORTGAGE,125000.0,Verified,debt_consolidation,TX,13.05,1.0,670.0,674.0,2.0,91.5,36.0,Individual,5,High Risk,Manual Review
8875549,25050.0, 60 months,21.7,E,E2,5 years,MORTGAGE,70000.0,Source Verified,debt_consolidation,NY,29.71,1.0,705.0,709.0,0.0,92.6,16.0,Individual,5,High Risk,Manual Review
8985233,11500.0, 36 months,22.4,E,E3,8 years,MORTGAGE,34000.0,Verified,debt_consolidation,FL,10.2,2.0,660.0,664.0,0.0,83.4,12.0,Individual,5,High Risk,Manual Review
8557761,35000.0, 60 months,21.0,E,E1,10+ years,MORTGAGE,110000.0,Verified,debt_consolidation,NC,33.8,0.0,710.0,714.0,2.0,78.3,42.0,Individual,5,High Risk,Manual Review
9005413,27575.0, 60 months,23.4,E,E5,6 years,MORTGAGE,70000.0,Source Verified,credit_card,AL,33.89,0.0,670.0,674.0,0.0,92.2,24.0,Individual,6,High Risk,Manual Review
8975583,35000.0, 36 months,25.89,G,G3,10+ years,MORTGAGE,250000.0,Verified,small_business,AZ,9.13,6.0,670.0,674.0,4.0,92.8,36.0,Individual,5,High Risk,Manual Review
9005246,22750.0, 36 months,21.7,E,E2,< 1 year,OWN,52000.0,Source Verified,debt_consolidation,IL,30.58,0.0,680.0,684.0,2.0,81.3,22.0,Individual,6,High Risk,Manual Review
8936190,24000.0, 60 months,23.4,E,E5,10+ years,MORTGAGE,157000.0,Source Verified,major_purchase,CO,9.18,2.0,685.0,689.0,1.0,87.2,34.0,Individual,5,High Risk,Manual Review
8975042,29175.0, 36 months,21.0,E,E1,10+ years,MORTGAGE,80000.0,Verified,debt_consolidation,TX,30.56,3.0,665.0,669.0,0.0,51.7,33.0,Individual,6,High Risk,Manual Review
9004911,25000.0, 60 months,21.7,E,E2,,MORTGAGE,71976.0,Verified,debt_consolidation,TX,30.66,0.0,660.0,664.0,2.0,83.5,60.0,Individual,6,High Risk,Manual Review
8994644,23500.0, 60 months,21.7,E,E2,6 years,MORTGAGE,60000.0,Source Verified,other,MD,30.74,0.0,665.0,669.0,0.0,77.2,55.0,Individual,5,High Risk,Manual Review
8648650,7550.0, 36 months,15.61,C,C3,10+ years,MORTGAGE,70000.0,Verified,debt_consolidation,MD,32.01,3.0,665.0,669.0,1.0,93.1,24.0,Individual,5,High Risk,Manual Review
8944844,25000.0, 60 months,21.0,E,E1,10+ years,RENT,70000.0,Verified,debt_consolidation,FL,34.87,0.0,695.0,699.0,1.0,83.9,63.0,Individual,6,High Risk,Manual Review
8906161,4300.0, 36 months,22.4,E,E3,2 years,MORTGAGE,35500.0,Verified,debt_consolidation,MD,18.93,1.0,665.0,669.0,0.0,89.1,17.0,Individual,5,High Risk,Manual Review
8905864,4000.0, 36 months,17.76,D,D1,10+ years,RENT,54000.0,Source Verified,credit_card,IL,32.31,1.0,665.0,669.0,0.0,93.6,29.0,Individual,5,High Risk,Manual Review
8905982,2500.0, 36 months,22.4,E,E3,7 years,RENT,43500.0,Verified,small_business,FL,30.04,0.0,695.0,699.0,1.0,52.2,55.0,Individual,5,High Risk,Manual Review
8865100,30000.0, 36 months,24.99,F,F4,10+ years,RENT,120000.0,Source Verified,home_improvement,MA,17.68,1.0,670.0,674.0,3.0,83.3,14.0,Individual,5,High Risk,Manual Review
8925583,35000.0, 60 months,22.4,E,E3,10+ years,OWN,120000.0,Source Verified,debt_consolidation,NJ,8.66,1.0,685.0,689.0,0.0,96.3,39.0,Individual,5,High Risk,Manual Review
8640020,14000.0, 60 months,21.0,E,E1,1 year,RENT,39000.0,Verified,debt_consolidation,NY,34.79,0.0,665.0,669.0,0.0,51.7,39.0,Individual,5,High Risk,Manual Review
8915304,11100.0, 36 months,17.1,C,C5,10+ years,MORTGAGE,50000.0,Verified,debt_consolidation,NC,34.11,1.0,710.0,714.0,0.0,85.1,22.0,Individual,5,High Risk,Manual Review
8915352,15000.0, 60 months,23.7,F,F1,10+ years,RENT,60000.0,Source Verified,other,GA,30.26,1.0,680.0,684.0,2.0,81.6,20.0,Individual,7,High Risk,Manual Review
8915125,18550.0, 60 months,24.5,F,F3,9 years,MORTGAGE,60000.0,Source Verified,debt_consolidation,CO,22.03,1.0,670.0,674.0,1.0,97.2,43.0,Individual,5,High Risk,Manual Review
8836349,35000.0, 60 months,22.4,E,E3,5 years,RENT,86000.0,Verified,debt_consolidation,CA,31.13,0.0,715.0,719.0,1.0,42.3,47.0,Individual,5,High Risk,Manual Review
8876670,30000.0, 60 months,25.99,G,G4,2 years,MORTGAGE,115000.0,Source Verified,house,AK,11.86,1.0,665.0,669.0,3.0,97.7,20.0,Individual,5,High Risk,Manual Review
8836044,10000.0, 60 months,19.2,D,D3,7 years,OWN,58902.0,Source Verified,debt_consolidation,NY,31.42,6.0,665.0,669.0,2.0,82.9,35.0,Individual,5,High Risk,Manual Review
8846207,25000.0, 60 months,21.0,E,E1,5 years,OWN,65000.0,Verified,debt_consolidation,TX,31.28,2.0,700.0,704.0,3.0,63.0,26.0,Individual,6,High Risk,Manual Review
8885810,24000.0, 60 months,25.8,G,G1,10+ years,RENT,85000.0,Verified,debt_consolidation,HI,21.67,5.0,660.0,664.0,0.0,84.8,37.0,Individual,5,High Risk,Manual Review
8885681,21000.0, 60 months,21.7,E,E2,4 years,MORTGAGE,115000.0,Verified,debt_consolidation,CA,16.62,2.0,665.0,669.0,0.0,104.2,37.0,Individual,5,High Risk,Manual Review
8875763,32350.0, 60 months,22.4,E,E3,10+ years,MORTGAGE,72000.0,Verified,debt_consolidation,MI,33.5,0.0,710.0,714.0,2.0,56.2,35.0,Individual,5,High Risk,Manual Review
8855348,24575.0, 60 months,25.57,F,F5,1 year,RENT,56000.0,Source Verified,debt_consolidation,CT,24.6,5.0,660.0,664.0,2.0,86.3,33.0,Individual,5,High Risk,Manual Review
8484670,20000.0, 60 months,21.7,E,E2,3 years,RENT,70000.0,Verified,debt_consolidation,WA,32.25,0.0,685.0,689.0,1.0,76.7,25.0,Individual,5,High Risk,Manual Review
8845233,15000.0, 36 months,17.76,D,D1,4 years,MORTGAGE,60000.0,Source Verified,debt_consolidation,SD,30.38,1.0,665.0,669.0,3.0,82.1,51.0,Individual,5,High Risk,Manual Review
8844926,10625.0, 60 months,21.0,E,E1,< 1 year,RENT,32200.0,Verified,debt_consolidation,UT,30.56,0.0,665.0,669.0,1.0,57.8,24.0,Individual,5,High Risk,Manual Review
8765495,10000.0, 36 months,16.2,C,C4,10+ years,MORTGAGE,35000.0,Source Verified,home_improvement,IL,30.97,1.0,660.0,664.0,0.0,96.6,14.0,Individual,5,High Risk,Manual Review
8874770,35000.0, 60 months,24.99,F,F4,10+ years,MORTGAGE,98000.0,Verified,debt_consolidation,PA,19.43,3.0,660.0,664.0,5.0,86.0,39.0,Individual,5,High Risk,Manual Review
8874870,22750.0, 36 months,25.57,F,F5,9 years,OWN,51000.0,Verified,debt_consolidation,NC,22.89,1.0,660.0,664.0,3.0,84.3,12.0,Individual,5,High Risk,Manual Review
8834781,35000.0, 60 months,21.0,E,E1,10+ years,MORTGAGE,150000.0,Verified,debt_consolidation,VA,11.89,3.0,695.0,699.0,0.0,85.4,25.0,Individual,5,High Risk,Manual Review
8844722,26500.0, 60 months,21.7,E,E2,6 years,MORTGAGE,60000.0,Verified,debt_consolidation,MI,34.04,0.0,685.0,689.0,3.0,60.9,45.0,Individual,5,High Risk,Manual Review
8834568,16800.0, 60 months,21.7,E,E2,8 years,RENT,65000.0,Source Verified,debt_consolidation,CA,18.81,1.0,660.0,664.0,1.0,91.5,29.0,Individual,5,High Risk,Manual Review
8796136,25450.0, 60 months,20.2,D,D5,10+ years,MORTGAGE,57000.0,Verified,credit_card,NY,31.84,1.0,700.0,704.0,0.0,89.1,28.0,Individual,5,High Risk,Manual Review
8785959,21000.0, 60 months,21.7,E,E2,2 years,MORTGAGE,48000.0,Verified,debt_consolidation,PA,33.93,0.0,675.0,679.0,2.0,84.9,34.0,Individual,6,High Risk,Manual Review
8135395,11000.0, 36 months,19.52,D,D4,10+ years,MORTGAGE,34000.0,Verified,debt_consolidation,VA,32.47,1.0,660.0,664.0,0.0,101.5,29.0,Individual,5,High Risk,Manual Review
8795849,25000.0, 60 months,23.7,F,F1,10+ years,MORTGAGE,63000.0,Verified,debt_consolidation,AR,31.18,0.0,685.0,689.0,4.0,82.8,17.0,Individual,6,High Risk,Manual Review
8616740,19000.0, 60 months,21.7,E,E2,2 years,MORTGAGE,47500.0,Source Verified,credit_card,OH,32.43,0.0,685.0,689.0,6.0,73.9,22.0,Individual,5,High Risk,Manual Review
8765398,16000.0, 60 months,23.1,E,E4,1 year,RENT,46200.0,Source Verified,debt_consolidation,TN,32.9,0.0,675.0,679.0,0.0,66.8,31.0,Individual,5,High Risk,Manual Review
8619761,15000.0, 36 months,22.4,E,E3,10+ years,MORTGAGE,95000.0,Not Verified,debt_consolidation,IL,14.93,2.0,670.0,674.0,1.0,89.4,20.0,Individual,5,High Risk,Manual Review
8639926,7375.0, 36 months,23.4,E,E5,10+ years,MORTGAGE,57250.0,Source Verified,debt_consolidation,MO,34.13,0.0,685.0,689.0,3.0,92.4,36.0,Individual,6,High Risk,Manual Review
8599265,19000.0, 60 months,21.0,E,E1,6 years,MORTGAGE,60000.0,Source Verified,debt_consolidation,AZ,33.1,0.0,685.0,689.0,3.0,50.4,23.0,Individual,5,High Risk,Manual Review
8765304,10425.0, 60 months,23.1,E,E4,,RENT,31113.0,Verified,debt_consolidation,MO,32.1,0.0,690.0,694.0,0.0,98.5,22.0,Individual,6,High Risk,Manual Review
8775165,32500.0, 36 months,22.4,E,E3,10+ years,RENT,193000.0,Source Verified,other,CA,10.97,1.0,680.0,684.0,1.0,92.9,22.0,Individual,5,High Risk,Manual Review
8804996,15800.0, 60 months,21.0,E,E1,10+ years,MORTGAGE,45000.0,Verified,debt_consolidation,OH,30.61,3.0,700.0,704.0,0.0,62.7,28.0,Individual,6,High Risk,Manual Review
8724640,21000.0, 60 months,21.0,E,E1,10+ years,MORTGAGE,75000.0,Verified,medical,AR,31.1,0.0,660.0,664.0,2.0,72.2,58.0,Individual,5,High Risk,Manual Review
8724630,16425.0, 60 months,23.1,E,E4,5 years,MORTGAGE,52500.0,Source Verified,debt_consolidation,GA,30.95,1.0,660.0,664.0,1.0,78.2,56.0,Individual,6,High Risk,Manual Review
8626192,8875.0, 36 months,17.1,C,C5,,OWN,28000.0,Verified,debt_consolidation,NM,34.29,2.0,680.0,684.0,1.0,92.8,18.0,Individual,5,High Risk,Manual Review
8660080,8975.0, 36 months,24.08,F,F2,2 years,RENT,33000.0,Verified,debt_consolidation,HI,30.36,0.0,690.0,694.0,0.0,43.0,5.0,Individual,5,High Risk,Manual Review
7067749,16750.0, 36 months,17.1,C,C5,7 years,MORTGAGE,63000.0,Source Verified,credit_card,MI,30.05,1.0,665.0,669.0,1.0,87.5,43.0,Individual,5,High Risk,Manual Review
8649920,35000.0, 60 months,21.0,E,E1,10+ years,MORTGAGE,95000.0,Source Verified,debt_consolidation,CT,13.0,1.0,700.0,704.0,1.0,84.3,26.0,Individual,5,High Risk,Manual Review
8668455,11500.0, 60 months,21.0,E,E1,4 years,RENT,62000.0,Verified,debt_consolidation,MA,19.67,2.0,665.0,669.0,0.0,92.2,28.0,Individual,5,High Risk,Manual Review
8658999,20700.0, 60 months,23.1,E,E4,10+ years,MORTGAGE,46585.0,Verified,debt_consolidation,AL,33.98,0.0,680.0,684.0,2.0,69.4,35.0,Individual,5,High Risk,Manual Review
8619185,16000.0, 60 months,21.0,E,E1,,RENT,36300.0,Verified,debt_consolidation,GA,34.21,0.0,690.0,694.0,0.0,76.4,26.0,Individual,5,High Risk,Manual Review
8638883,22000.0, 60 months,21.7,E,E2,9 years,OWN,50000.0,Verified,debt_consolidation,OH,32.12,0.0,685.0,689.0,1.0,66.0,43.0,Individual,5,High Risk,Manual Review
8648670,32000.0, 60 months,24.08,F,F2,8 years,RENT,78000.0,Source Verified,debt_consolidation,DC,30.24,0.0,700.0,704.0,1.0,90.4,23.0,Individual,6,High Risk,Manual Review
8656177,25000.0, 60 months,23.1,E,E4,10+ years,MORTGAGE,68750.0,Source Verified,debt_consolidation,OH,24.18,3.0,660.0,664.0,2.0,83.8,40.0,Individual,5,High Risk,Manual Review
8595864,31825.0, 60 months,23.4,E,E5,10+ years,MORTGAGE,71616.0,Source Verified,debt_consolidation,CA,19.76,2.0,675.0,679.0,0.0,88.9,25.0,Individual,5,High Risk,Manual Review
8556610,28100.0, 36 months,21.7,E,E2,3 years,RENT,63000.0,Verified,credit_card,CA,32.46,0.0,660.0,664.0,3.0,67.0,31.0,Individual,5,High Risk,Manual Review
8627482,12875.0, 60 months,23.4,E,E5,2 years,MORTGAGE,44000.0,Verified,debt_consolidation,TN,31.26,0.0,675.0,679.0,1.0,79.9,24.0,Individual,5,High Risk,Manual Review
8635732,28000.0, 60 months,21.7,E,E2,10+ years,MORTGAGE,83000.0,Source Verified,debt_consolidation,SC,18.88,1.0,660.0,664.0,1.0,83.0,37.0,Individual,5,High Risk,Manual Review
8617546,6000.0, 36 months,23.4,E,E5,10+ years,MORTGAGE,100000.0,Source Verified,other,NY,22.76,1.0,670.0,674.0,2.0,95.3,34.0,Individual,5,High Risk,Manual Review
8617340,16800.0, 60 months,19.52,D,D4,< 1 year,MORTGAGE,82000.0,Source Verified,medical,IN,33.4,1.0,690.0,694.0,2.0,84.3,45.0,Individual,5,High Risk,Manual Review
8589168,10000.0, 60 months,21.0,E,E1,8 years,RENT,39895.0,Verified,debt_consolidation,VT,25.51,3.0,670.0,674.0,3.0,92.7,26.0,Individual,5,High Risk,Manual Review
8666987,8325.0, 36 months,21.7,E,E2,3 years,RENT,27000.0,Verified,debt_consolidation,NV,33.42,0.0,685.0,689.0,1.0,54.6,12.0,Individual,5,High Risk,Manual Review
8656904,26000.0, 60 months,25.83,G,G2,10+ years,RENT,72000.0,Source Verified,debt_consolidation,MD,33.97,0.0,670.0,674.0,1.0,81.4,36.0,Individual,6,High Risk,Manual Review
8656626,26500.0, 60 months,22.4,E,E3,10+ years,RENT,59486.62,Source Verified,debt_consolidation,NC,30.3,0.0,675.0,679.0,4.0,85.1,18.0,Individual,6,High Risk,Manual Review
8616697,30000.0, 36 months,23.4,E,E5,10+ years,MORTGAGE,72000.0,Verified,debt_consolidation,GA,28.12,2.0,685.0,689.0,0.0,95.3,50.0,Individual,5,High Risk,Manual Review
8656558,17325.0, 60 months,21.7,E,E2,2 years,RENT,40000.0,Verified,debt_consolidation,CA,29.22,2.0,660.0,664.0,0.0,95.4,22.0,Individual,5,High Risk,Manual Review
8666578,24000.0, 60 months,17.76,D,D1,,RENT,60000.0,Verified,credit_card,FL,30.24,3.0,660.0,664.0,3.0,82.4,19.0,Individual,5,High Risk,Manual Review
8616409,35000.0, 36 months,23.7,F,F1,7 years,RENT,110510.0,Source Verified,debt_consolidation,TX,23.75,6.0,660.0,664.0,5.0,87.4,29.0,Individual,5,High Risk,Manual Review
8385431,15350.0, 60 months,19.2,D,D3,,MORTGAGE,48000.0,Verified,credit_card,NY,33.23,1.0,670.0,674.0,1.0,84.1,29.0,Individual,5,High Risk,Manual Review
7696879,25450.0, 60 months,21.0,E,E1,1 year,RENT,100000.0,Verified,debt_consolidation,WA,17.47,1.0,660.0,664.0,0.0,97.9,18.0,Individual,5,High Risk,Manual Review
8570265,19750.0, 60 months,25.57,F,F5,10+ years,MORTGAGE,60000.0,Verified,home_improvement,GA,7.26,1.0,665.0,669.0,1.0,81.6,17.0,Individual,5,High Risk,Manual Review
8580986,15000.0, 60 months,22.4,E,E3,10+ years,OWN,50000.0,Source Verified,debt_consolidation,NY,31.73,0.0,690.0,694.0,2.0,73.0,26.0,Individual,5,High Risk,Manual Review
8635701,16000.0, 60 months,21.7,E,E2,5 years,MORTGAGE,60000.0,Source Verified,debt_consolidation,MT,32.6,1.0,705.0,709.0,0.0,78.0,21.0,Individual,6,High Risk,Manual Review
8615743,31825.0, 60 months,24.5,F,F3,10+ years,MORTGAGE,76000.0,Verified,debt_consolidation,NC,32.64,0.0,700.0,704.0,2.0,54.1,24.0,Individual,5,High Risk,Manual Review
8545041,35000.0, 36 months,16.2,C,C4,< 1 year,RENT,98000.0,Verified,credit_card,MN,31.49,1.0,685.0,689.0,0.0,83.7,50.0,Individual,5,High Risk,Manual Review
8665661,3600.0, 36 months,22.4,E,E3,1 year,MORTGAGE,25000.0,Verified,medical,TX,31.88,0.0,685.0,689.0,2.0,64.1,42.0,Individual,5,High Risk,Manual Review
8614797,8200.0, 36 months,24.5,F,F3,,MORTGAGE,56076.0,Verified,debt_consolidation,AZ,11.83,1.0,660.0,664.0,3.0,84.6,28.0,Individual,5,High Risk,Manual Review
8625291,16750.0, 60 months,23.4,E,E5,10+ years,MORTGAGE,60000.0,Verified,credit_card,NJ,20.56,1.0,660.0,664.0,1.0,88.2,22.0,Individual,5,High Risk,Manual Review
8645268,21925.0, 60 months,21.0,E,E1,,RENT,82000.0,Verified,debt_consolidation,GA,31.17,1.0,680.0,684.0,2.0,82.6,31.0,Individual,7,High Risk,Manual Review
7666050,23000.0, 60 months,23.1,E,E4,5 years,MORTGAGE,59000.0,Verified,debt_consolidation,OR,32.04,0.0,695.0,699.0,1.0,62.3,31.0,Individual,5,High Risk,Manual Review
8624830,30000.0, 60 months,23.1,E,E4,10+ years,MORTGAGE,140000.0,Source Verified,debt_consolidation,VA,9.41,1.0,660.0,664.0,3.0,93.1,24.0,Individual,5,High Risk,Manual Review
8588289,28000.0, 60 months,24.5,F,F3,3 years,OWN,106500.0,Source Verified,debt_consolidation,MA,22.69,3.0,680.0,684.0,0.0,101.5,23.0,Individual,5,High Risk,Manual Review
8581041,32875.0, 60 months,25.8,G,G1,< 1 year,MORTGAGE,145000.0,Verified,small_business,GA,18.66,3.0,660.0,664.0,0.0,100.6,43.0,Individual,5,High Risk,Manual Review
8585298,35000.0, 60 months,21.0,E,E1,2 years,RENT,90000.0,Verified,other,CO,20.99,4.0,660.0,664.0,0.0,84.4,28.0,Individual,5,High Risk,Manual Review
8579933,3075.0, 36 months,23.7,F,F1,,OWN,20842.0,Verified,other,IL,8.18,3.0,665.0,669.0,1.0,83.3,9.0,Individual,5,High Risk,Manual Review
8600629,5000.0, 36 months,23.1,E,E4,8 years,RENT,23920.0,Verified,other,NY,32.46,0.0,705.0,709.0,0.0,81.1,30.0,Individual,6,High Risk,Manual Review
8204792,30000.0, 60 months,21.0,E,E1,1 year,MORTGAGE,100000.0,Verified,credit_card,NY,19.69,3.0,660.0,664.0,1.0,90.6,45.0,Individual,5,High Risk,Manual Review
8590272,10750.0, 60 months,25.83,G,G2,1 year,RENT,34039.0,Verified,debt_consolidation,MI,30.57,0.0,675.0,679.0,2.0,81.9,16.0,Individual,6,High Risk,Manual Review
8589805,25000.0, 60 months,21.7,E,E2,10+ years,RENT,66720.0,Verified,debt_consolidation,FL,20.83,1.0,660.0,664.0,0.0,99.6,29.0,Individual,5,High Risk,Manual Review
8580034,35000.0, 36 months,21.0,E,E1,8 years,MORTGAGE,700000.0,Source Verified,other,MA,5.11,6.0,690.0,694.0,3.0,85.8,46.0,Individual,5,High Risk,Manual Review
8599514,15000.0, 60 months,21.7,E,E2,10+ years,MORTGAGE,60000.0,Source Verified,debt_consolidation,IL,28.6,1.0,660.0,664.0,3.0,94.1,33.0,Individual,5,High Risk,Manual Review
8595609,16000.0, 60 months,25.57,F,F5,2 years,OWN,36000.0,Verified,debt_consolidation,PA,22.86,2.0,675.0,679.0,0.0,94.5,17.0,Individual,5,High Risk,Manual Review
8587754,17475.0, 60 months,23.7,F,F1,5 years,MORTGAGE,38900.0,Verified,debt_consolidation,WV,30.07,1.0,665.0,669.0,3.0,45.1,17.0,Individual,6,High Risk,Manual Review
8559131,15000.0, 36 months,21.7,E,E2,10+ years,MORTGAGE,75000.0,Source Verified,debt_consolidation,WA,23.84,1.0,660.0,664.0,0.0,87.8,33.0,Individual,5,High Risk,Manual Review
8588604,18000.0, 60 months,23.1,E,E4,6 years,MORTGAGE,78200.0,Source Verified,debt_consolidation,GA,19.31,2.0,685.0,689.0,0.0,83.5,42.0,Individual,5,High Risk,Manual Review
8578963,2400.0, 36 months,23.7,F,F1,9 years,MORTGAGE,74694.0,Source Verified,other,CA,19.96,1.0,670.0,674.0,1.0,81.4,29.0,Individual,5,High Risk,Manual Review
7719166,17500.0, 60 months,23.1,E,E4,10+ years,MORTGAGE,39000.0,Verified,debt_consolidation,LA,30.49,0.0,685.0,689.0,0.0,92.2,15.0,Individual,6,High Risk,Manual Review
8276206,20050.0, 60 months,25.57,F,F5,10+ years,RENT,45000.0,Verified,debt_consolidation,MO,32.83,2.0,660.0,664.0,1.0,56.7,19.0,Individual,6,High Risk,Manual Review
8598466,30000.0, 60 months,21.0,E,E1,10+ years,MORTGAGE,75000.0,Verified,debt_consolidation,CT,12.45,2.0,660.0,664.0,1.0,89.9,26.0,Individual,5,High Risk,Manual Review
8608147,20000.0, 60 months,21.0,E,E1,1 year,RENT,60000.0,Source Verified,medical,NY,33.32,4.0,690.0,694.0,0.0,28.4,39.0,Individual,6,High Risk,Manual Review
8568152,24375.0, 60 months,21.0,E,E1,10+ years,MORTGAGE,54826.0,Verified,debt_consolidation,IL,33.8,0.0,705.0,709.0,1.0,81.5,16.0,Individual,6,High Risk,Manual Review
8535218,10300.0, 60 months,24.08,F,F2,9 years,MORTGAGE,30000.0,Source Verified,small_business,AL,32.48,0.0,710.0,714.0,1.0,63.8,17.0,Individual,5,High Risk,Manual Review
8597532,23350.0, 36 months,17.76,D,D1,5 years,RENT,65000.0,Source Verified,debt_consolidation,FL,34.25,1.0,665.0,669.0,0.0,83.1,25.0,Individual,5,High Risk,Manual Review
8557519,29700.0, 60 months,23.4,E,E5,7 years,RENT,70700.0,Verified,debt_consolidation,CA,32.83,0.0,680.0,684.0,2.0,81.2,26.0,Individual,6,High Risk,Manual Review
8586608,28100.0, 60 months,23.4,E,E5,10+ years,RENT,63000.0,Verified,debt_consolidation,OR,31.12,0.0,695.0,699.0,0.0,78.1,23.0,Individual,5,High Risk,Manual Review
8566406,8125.0, 36 months,24.08,F,F2,10+ years,MORTGAGE,120000.0,Verified,small_business,CA,17.82,2.0,660.0,664.0,1.0,82.2,35.0,Individual,5,High Risk,Manual Review
7448791,20675.0, 60 months,22.4,E,E3,< 1 year,OWN,52000.0,Verified,other,OH,31.48,0.0,690.0,694.0,2.0,24.0,31.0,Individual,5,High Risk,Manual Review
8505072,20950.0, 60 months,22.4,E,E3,10+ years,MORTGAGE,52000.0,Verified,debt_consolidation,OH,32.22,0.0,720.0,724.0,0.0,49.4,34.0,Individual,5,High Risk,Manual Review
8576198,33950.0, 60 months,24.08,F,F2,3 years,MORTGAGE,92400.0,Verified,debt_consolidation,CA,24.66,2.0,675.0,679.0,5.0,91.2,15.0,Individual,5,High Risk,Manual Review
8585576,19125.0, 60 months,21.0,E,E1,10+ years,MORTGAGE,65000.0,Source Verified,debt_consolidation,NV,32.94,0.0,690.0,694.0,1.0,56.4,32.0,Individual,5,High Risk,Manual Review
8555843,27575.0, 36 months,22.4,E,E3,10+ years,MORTGAGE,82440.0,Verified,debt_consolidation,GA,31.12,0.0,685.0,689.0,3.0,58.8,34.0,Individual,5,High Risk,Manual Review
8555858,24575.0, 60 months,21.7,E,E2,5 years,MORTGAGE,56000.0,Source Verified,debt_consolidation,IL,28.83,1.0,670.0,674.0,1.0,85.2,28.0,Individual,5,High Risk,Manual Review
8555835,6000.0, 36 months,15.1,C,C2,5 years,OWN,38000.0,Source Verified,debt_consolidation,NJ,30.92,1.0,685.0,689.0,0.0,80.2,18.0,Individual,5,High Risk,Manual Review
8565245,2650.0, 36 months,23.7,F,F1,1 year,RENT,40000.0,Not Verified,other,MO,20.13,1.0,670.0,674.0,0.0,88.7,9.0,Individual,5,High Risk,Manual Review
8485025,20000.0, 60 months,24.08,F,F2,10+ years,RENT,60000.0,Source Verified,debt_consolidation,CT,5.58,1.0,675.0,679.0,2.0,90.0,20.0,Individual,5,High Risk,Manual Review
7456733,28000.0, 60 months,23.1,E,E4,10+ years,OWN,98000.0,Verified,debt_consolidation,TX,18.63,1.0,690.0,694.0,2.0,86.9,21.0,Individual,5,High Risk,Manual Review
8594767,15000.0, 60 months,22.4,E,E3,9 years,RENT,48000.0,Verified,debt_consolidation,CA,15.88,2.0,660.0,664.0,3.0,97.9,22.0,Individual,5,High Risk,Manual Review
8138372,25000.0, 36 months,21.0,E,E1,1 year,MORTGAGE,118000.0,Source Verified,debt_consolidation,FL,10.09,2.0,665.0,669.0,2.0,91.1,19.0,Individual,5,High Risk,Manual Review
8524845,14000.0, 60 months,22.4,E,E3,2 years,MORTGAGE,140000.0,Source Verified,credit_card,WV,17.9,1.0,665.0,669.0,3.0,86.4,31.0,Individual,5,High Risk,Manual Review
7711333,20000.0, 36 months,21.7,E,E2,10+ years,MORTGAGE,50000.0,Verified,small_business,NJ,31.63,0.0,740.0,744.0,2.0,20.1,58.0,Individual,5,High Risk,Manual Review
8474998,21850.0, 60 months,22.4,E,E3,10+ years,MORTGAGE,50000.0,Verified,debt_consolidation,FL,34.11,0.0,700.0,704.0,1.0,49.7,29.0,Individual,5,High Risk,Manual Review
8494689,15000.0, 60 months,25.57,F,F5,10+ years,RENT,96000.0,Source Verified,debt_consolidation,NY,18.05,1.0,665.0,669.0,0.0,94.4,44.0,Individual,5,High Risk,Manual Review
8514661,3000.0, 36 months,21.7,E,E2,10+ years,MORTGAGE,62412.0,Verified,other,AZ,34.99,1.0,665.0,669.0,0.0,53.3,29.0,Individual,6,High Risk,Manual Review
8366576,3000.0, 60 months,24.08,F,F2,4 years,RENT,49500.0,Source Verified,other,NC,23.52,1.0,680.0,684.0,0.0,94.1,19.0,Individual,5,High Risk,Manual Review
8366628,18000.0, 36 months,23.1,E,E4,10+ years,OWN,80000.0,Verified,debt_consolidation,MO,31.89,0.0,690.0,694.0,2.0,82.4,45.0,Individual,6,High Risk,Manual Review
8444567,7750.0, 60 months,23.4,E,E5,10+ years,OWN,50000.0,Source Verified,debt_consolidation,AR,31.25,0.0,675.0,679.0,0.0,71.6,14.0,Individual,5,High Risk,Manual Review
8386339,30000.0, 60 months,21.7,E,E2,5 years,MORTGAGE,180000.0,Source Verified,debt_consolidation,IL,14.96,1.0,660.0,664.0,1.0,83.9,28.0,Individual,5,High Risk,Manual Review
8305650,12000.0, 60 months,24.5,F,F3,10+ years,OWN,35000.0,Source Verified,debt_consolidation,MI,34.57,1.0,660.0,664.0,0.0,77.0,19.0,Individual,6,High Risk,Manual Review
7051297,30000.0, 60 months,21.0,E,E1,10+ years,OWN,160000.0,Verified,debt_consolidation,NJ,13.19,1.0,675.0,679.0,1.0,82.0,21.0,Individual,5,High Risk,Manual Review
8386239,24000.0, 60 months,24.08,F,F2,10+ years,OWN,65000.0,Source Verified,debt_consolidation,NM,20.33,3.0,685.0,689.0,2.0,85.4,21.0,Individual,5,High Risk,Manual Review
8406058,25450.0, 60 months,23.4,E,E5,10+ years,MORTGAGE,57000.0,Verified,debt_consolidation,OH,34.13,0.0,720.0,724.0,0.0,89.7,10.0,Individual,6,High Risk,Manual Review
8214574,16950.0, 36 months,24.08,F,F2,10+ years,OWN,45500.0,Source Verified,debt_consolidation,OK,30.15,0.0,675.0,679.0,3.0,63.9,26.0,Individual,5,High Risk,Manual Review
8395272,12000.0, 60 months,24.5,F,F3,10+ years,MORTGAGE,46000.0,Verified,debt_consolidation,AZ,32.25,0.0,675.0,679.0,1.0,74.3,32.0,Individual,5,High Risk,Manual Review
8385247,35000.0, 36 months,23.1,E,E4,4 years,MORTGAGE,167584.0,Verified,debt_consolidation,NC,8.92,2.0,690.0,694.0,1.0,89.0,41.0,Individual,5,High Risk,Manual Review
8354937,6250.0, 36 months,21.0,E,E1,10+ years,MORTGAGE,51000.0,Verified,credit_card,NC,30.09,0.0,670.0,674.0,3.0,58.6,32.0,Individual,5,High Risk,Manual Review
8316441,22325.0, 60 months,21.7,E,E2,6 years,RENT,50000.0,Verified,credit_card,CA,31.28,0.0,665.0,669.0,0.0,74.8,26.0,Individual,5,High Risk,Manual Review
7944975,16950.0, 60 months,23.4,E,E5,6 years,MORTGAGE,38000.0,Source Verified,debt_consolidation,IN,34.71,0.0,695.0,699.0,0.0,80.6,35.0,Individual,6,High Risk,Manual Review
8316196,12000.0, 60 months,26.06,G,G5,4 years,MORTGAGE,106000.0,Source Verified,debt_consolidation,AL,20.4,1.0,690.0,694.0,2.0,100.0,26.0,Individual,5,High Risk,Manual Review
7617734,35000.0, 60 months,26.06,G,G5,10+ years,RENT,135320.0,Verified,debt_consolidation,VA,20.94,1.0,660.0,664.0,2.0,96.1,36.0,Individual,5,High Risk,Manual Review
7698928,30750.0, 36 months,21.0,E,E1,10+ years,RENT,68500.0,Verified,debt_consolidation,TX,32.91,0.0,680.0,684.0,0.0,76.3,26.0,Individual,5,High Risk,Manual Review
8285881,11700.0, 60 months,21.7,E,E2,10+ years,RENT,35000.0,Source Verified,debt_consolidation,CA,26.3,1.0,670.0,674.0,0.0,86.2,12.0,Individual,5,High Risk,Manual Review
8315830,3500.0, 36 months,22.4,E,E3,6 years,MORTGAGE,125000.0,Source Verified,other,TX,9.19,3.0,665.0,669.0,3.0,86.8,21.0,Individual,5,High Risk,Manual Review
8315175,8000.0, 36 months,21.7,E,E2,8 years,MORTGAGE,65000.0,Not Verified,credit_card,MI,14.31,2.0,670.0,674.0,2.0,80.4,29.0,Individual,5,High Risk,Manual Review
8265611,15000.0, 60 months,24.99,F,F4,10+ years,MORTGAGE,55638.0,Verified,credit_card,TX,12.79,4.0,660.0,664.0,1.0,87.8,37.0,Individual,5,High Risk,Manual Review
8305533,9550.0, 36 months,21.0,E,E1,10+ years,MORTGAGE,85000.0,Verified,debt_consolidation,IL,9.52,15.0,660.0,664.0,6.0,82.8,44.0,Individual,5,High Risk,Manual Review
8275335,35000.0, 60 months,21.7,E,E2,10+ years,RENT,87000.0,Source Verified,debt_consolidation,HI,31.86,0.0,700.0,704.0,0.0,68.9,32.0,Individual,5,High Risk,Manual Review
8285078,6850.0, 36 months,21.0,E,E1,6 years,RENT,24000.0,Verified,debt_consolidation,NJ,34.3,0.0,695.0,699.0,1.0,80.9,17.0,Individual,6,High Risk,Manual Review
8265016,35000.0, 60 months,21.0,E,E1,7 years,MORTGAGE,185000.0,Verified,debt_consolidation,TX,11.96,2.0,665.0,669.0,0.0,82.8,18.0,Individual,5,High Risk,Manual Review
8264983,28800.0, 60 months,21.7,E,E2,10+ years,MORTGAGE,80000.0,Verified,debt_consolidation,CA,8.46,1.0,685.0,689.0,0.0,89.7,18.0,Individual,5,High Risk,Manual Review
8127408,18550.0, 60 months,24.08,F,F2,2 years,MORTGAGE,62000.0,Verified,debt_consolidation,MN,29.96,1.0,675.0,679.0,0.0,82.3,22.0,Individual,5,High Risk,Manual Review
8185575,5000.0, 36 months,23.1,E,E4,10+ years,RENT,51000.0,Not Verified,debt_consolidation,VA,28.78,4.0,665.0,669.0,1.0,83.4,18.0,Individual,5,High Risk,Manual Review
7884766,35000.0, 36 months,23.1,E,E4,1 year,RENT,200000.0,Verified,debt_consolidation,AZ,15.36,1.0,675.0,679.0,0.0,90.8,21.0,Individual,5,High Risk,Manual Review
8235308,4500.0, 36 months,21.0,E,E1,10+ years,RENT,35000.0,Source Verified,debt_consolidation,TX,32.41,0.0,665.0,669.0,2.0,69.9,20.0,Individual,5,High Risk,Manual Review
8185339,20000.0, 60 months,24.99,F,F4,< 1 year,RENT,82800.0,Verified,debt_consolidation,WA,22.88,1.0,690.0,694.0,2.0,94.7,16.0,Individual,5,High Risk,Manual Review
7484625,30000.0, 60 months,23.1,E,E4,5 years,MORTGAGE,70000.0,Source Verified,debt_consolidation,IN,22.54,2.0,690.0,694.0,0.0,93.4,23.0,Individual,5,High Risk,Manual Review
8184574,35000.0, 60 months,25.83,G,G2,< 1 year,MORTGAGE,110000.0,Source Verified,debt_consolidation,VA,13.67,1.0,670.0,674.0,2.0,90.5,23.0,Individual,5,High Risk,Manual Review
8127386,10000.0, 60 months,24.99,F,F4,9 years,RENT,47000.0,Verified,debt_consolidation,NY,31.86,0.0,665.0,669.0,1.0,35.3,28.0,Individual,5,High Risk,Manual Review
7964904,26000.0, 60 months,25.8,G,G1,10+ years,MORTGAGE,58732.0,Verified,credit_card,GA,32.16,0.0,675.0,679.0,0.0,85.2,18.0,Individual,6,High Risk,Manual Review
7619351,12000.0, 60 months,21.7,E,E2,8 years,RENT,60000.0,Verified,debt_consolidation,CA,6.22,1.0,700.0,704.0,0.0,85.9,20.0,Individual,5,High Risk,Manual Review
8147287,28200.0, 60 months,23.7,F,F1,10+ years,MORTGAGE,64000.0,Verified,debt_consolidation,CO,30.64,0.0,715.0,719.0,0.0,80.0,17.0,Individual,5,High Risk,Manual Review
8146836,28000.0, 60 months,21.0,E,E1,2 years,MORTGAGE,80000.0,Verified,debt_consolidation,AR,33.05,0.0,720.0,724.0,1.0,69.1,25.0,Individual,5,High Risk,Manual Review
8136027,11700.0, 60 months,24.5,F,F3,2 years,RENT,35000.0,Verified,debt_consolidation,AZ,33.5,1.0,665.0,669.0,3.0,65.1,30.0,Individual,6,High Risk,Manual Review
8116971,14675.0, 60 months,22.4,E,E3,10+ years,MORTGAGE,59929.0,Verified,debt_consolidation,VA,34.04,0.0,715.0,719.0,3.0,48.6,30.0,Individual,5,High Risk,Manual Review
8156660,14000.0, 60 months,21.7,E,E2,2 years,RENT,50000.0,Source Verified,debt_consolidation,NV,20.52,1.0,675.0,679.0,1.0,84.9,16.0,Individual,5,High Risk,Manual Review
8154796,17500.0, 60 months,24.99,F,F4,8 years,RENT,39000.0,Verified,debt_consolidation,OH,31.26,4.0,685.0,689.0,4.0,52.4,22.0,Individual,6,High Risk,Manual Review
8155695,16000.0, 60 months,23.4,E,E5,2 years,RENT,40000.0,Source Verified,credit_card,NV,32.34,0.0,675.0,679.0,1.0,10.0,46.0,Individual,5,High Risk,Manual Review
8125691,16000.0, 60 months,18.55,D,D2,10+ years,OWN,52582.56,Verified,debt_consolidation,SC,34.53,1.0,660.0,664.0,0.0,89.5,44.0,Individual,5,High Risk,Manual Review
7103913,20000.0, 60 months,21.7,E,E2,10+ years,RENT,62000.0,Verified,debt_consolidation,WA,19.57,1.0,665.0,669.0,0.0,81.1,34.0,Individual,5,High Risk,Manual Review
8155414,19200.0, 60 months,24.5,F,F3,10+ years,OWN,60000.0,Verified,home_improvement,MI,31.32,0.0,700.0,704.0,0.0,72.0,18.0,Individual,5,High Risk,Manual Review
8145338,4800.0, 36 months,23.4,E,E5,3 years,OWN,32640.0,Verified,credit_card,CA,32.76,0.0,660.0,664.0,5.0,50.5,31.0,Individual,5,High Risk,Manual Review
8125202,16000.0, 60 months,24.08,F,F2,7 years,MORTGAGE,36213.0,Verified,debt_consolidation,IN,32.01,0.0,670.0,674.0,0.0,67.4,20.0,Individual,5,High Risk,Manual Review
8125009,8400.0, 36 months,23.1,E,E4,9 years,RENT,60000.0,Verified,debt_consolidation,CA,10.58,2.0,665.0,669.0,2.0,102.5,19.0,Individual,5,High Risk,Manual Review
7725199,28200.0, 60 months,23.1,E,E4,1 year,RENT,63000.0,Verified,debt_consolidation,VA,34.13,0.0,690.0,694.0,0.0,49.8,27.0,Individual,5,High Risk,Manual Review
8154772,20000.0, 36 months,23.4,E,E5,7 years,RENT,125000.0,Source Verified,debt_consolidation,VA,12.7,1.0,660.0,664.0,1.0,89.8,23.0,Individual,5,High Risk,Manual Review
8134784,25000.0, 60 months,21.0,E,E1,9 years,MORTGAGE,60000.0,Verified,debt_consolidation,TX,26.92,1.0,670.0,674.0,0.0,85.1,28.0,Individual,5,High Risk,Manual Review
8134598,35000.0, 60 months,25.8,G,G1,10+ years,MORTGAGE,165384.0,Verified,debt_consolidation,CA,10.16,1.0,670.0,674.0,0.0,91.0,20.0,Individual,5,High Risk,Manual Review
7926424,11500.0, 60 months,25.57,F,F5,5 years,RENT,60000.0,Verified,credit_card,NY,31.04,1.0,660.0,664.0,1.0,74.1,31.0,Individual,6,High Risk,Manual Review
8035331,12000.0, 36 months,21.7,E,E2,10+ years,RENT,83404.0,Not Verified,debt_consolidation,NY,22.65,3.0,675.0,679.0,0.0,90.1,36.0,Individual,5,High Risk,Manual Review
7947419,19400.0, 60 months,22.4,E,E3,10+ years,MORTGAGE,55000.0,Verified,debt_consolidation,NC,31.11,0.0,690.0,694.0,1.0,70.5,25.0,Individual,5,High Risk,Manual Review
7926789,15875.0, 60 months,24.5,F,F3,3 years,MORTGAGE,36200.0,Source Verified,debt_consolidation,NC,31.92,1.0,685.0,689.0,0.0,82.6,24.0,Individual,7,High Risk,Manual Review
8096076,16000.0, 60 months,24.5,F,F3,1 year,RENT,135000.0,Source Verified,debt_consolidation,CA,19.51,3.0,665.0,669.0,1.0,98.2,36.0,Individual,5,High Risk,Manual Review
8015185,8000.0, 36 months,23.1,E,E4,1 year,RENT,55000.0,Source Verified,credit_card,AL,33.4,2.0,665.0,669.0,3.0,65.7,25.0,Individual,6,High Risk,Manual Review
7946512,7200.0, 36 months,15.1,C,C2,4 years,RENT,34000.0,Source Verified,debt_consolidation,MD,31.06,4.0,680.0,684.0,0.0,90.0,21.0,Individual,5,High Risk,Manual Review
7916601,12000.0, 60 months,22.4,E,E3,4 years,MORTGAGE,45000.0,Source Verified,debt_consolidation,TX,23.09,1.0,665.0,669.0,1.0,80.1,20.0,Individual,5,High Risk,Manual Review
7956518,5400.0, 36 months,15.1,C,C2,3 years,MORTGAGE,61000.0,Verified,debt_consolidation,NC,32.66,1.0,675.0,679.0,1.0,92.7,22.0,Individual,5,High Risk,Manual Review
7924574,11875.0, 60 months,23.7,F,F1,< 1 year,MORTGAGE,58000.0,Verified,debt_consolidation,MN,7.86,1.0,660.0,664.0,1.0,85.3,10.0,Individual,5,High Risk,Manual Review
7946384,4800.0, 60 months,23.7,F,F1,1 year,RENT,55000.0,Verified,debt_consolidation,IL,22.17,1.0,665.0,669.0,0.0,86.0,27.0,Individual,5,High Risk,Manual Review
7916227,19075.0, 60 months,24.08,F,F2,2 years,RENT,72000.0,Verified,debt_consolidation,OR,34.23,1.0,660.0,664.0,2.0,24.3,49.0,Individual,6,High Risk,Manual Review
8084564,18225.0, 60 months,25.99,G,G4,10+ years,MORTGAGE,47000.0,Verified,other,NC,31.48,1.0,665.0,669.0,0.0,57.7,41.0,Individual,6,High Risk,Manual Review
7926092,35000.0, 60 months,24.99,F,F4,10+ years,RENT,78000.0,Source Verified,debt_consolidation,NJ,30.23,1.0,670.0,674.0,1.0,76.4,24.0,Individual,6,High Risk,Manual Review
7915883,20000.0, 60 months,21.7,E,E2,3 years,RENT,67688.0,Verified,debt_consolidation,NY,10.51,1.0,660.0,664.0,0.0,82.9,17.0,Individual,5,High Risk,Manual Review
7955643,15000.0, 60 months,23.4,E,E5,4 years,RENT,40000.0,Verified,debt_consolidation,NJ,31.26,0.0,665.0,669.0,0.0,65.2,15.0,Individual,5,High Risk,Manual Review
8064931,10000.0, 60 months,23.4,E,E5,10+ years,MORTGAGE,60000.0,Source Verified,debt_consolidation,NJ,15.88,1.0,675.0,679.0,1.0,83.3,20.0,Individual,5,High Risk,Manual Review
7945335,15000.0, 36 months,22.4,E,E3,10+ years,RENT,62000.0,Verified,debt_consolidation,TX,12.46,1.0,680.0,684.0,3.0,88.7,35.0,Individual,5,High Risk,Manual Review
7834576,28625.0, 60 months,22.4,E,E3,10+ years,MORTGAGE,101000.0,Source Verified,debt_consolidation,SC,12.76,1.0,665.0,669.0,1.0,90.1,20.0,Individual,5,High Risk,Manual Review
7715468,35000.0, 60 months,24.99,F,F4,10+ years,RENT,170000.0,Verified,debt_consolidation,TX,10.86,1.0,670.0,674.0,1.0,95.7,27.0,Individual,5,High Risk,Manual Review
7627626,16750.0, 60 months,24.08,F,F2,6 years,RENT,38000.0,Verified,credit_card,OH,34.74,0.0,680.0,684.0,2.0,62.4,24.0,Individual,5,High Risk,Manual Review
8044620,15000.0, 60 months,25.57,F,F5,10+ years,RENT,39352.0,Verified,debt_consolidation,MO,33.18,0.0,660.0,664.0,2.0,90.8,15.0,Individual,6,High Risk,Manual Review
7945455,24000.0, 60 months,23.7,F,F1,9 years,MORTGAGE,93000.0,Verified,debt_consolidation,NM,23.17,4.0,660.0,664.0,0.0,94.6,22.0,Individual,5,High Risk,Manual Review
7905516,10000.0, 36 months,21.0,E,E1,10+ years,RENT,47700.0,Verified,debt_consolidation,CA,31.8,1.0,670.0,674.0,0.0,48.1,33.0,Individual,6,High Risk,Manual Review
7925495,32875.0, 36 months,21.7,E,E2,< 1 year,RENT,110000.0,Verified,major_purchase,NY,32.77,0.0,705.0,709.0,5.0,33.3,36.0,Individual,5,High Risk,Manual Review
7945177,22750.0, 60 months,23.1,E,E4,10+ years,RENT,52000.0,Source Verified,debt_consolidation,IL,33.14,0.0,670.0,674.0,0.0,67.8,33.0,Individual,5,High Risk,Manual Review
7915180,18000.0, 36 months,21.7,E,E2,10+ years,OWN,52500.0,Verified,debt_consolidation,FL,31.18,0.0,670.0,674.0,2.0,64.8,23.0,Individual,5,High Risk,Manual Review
7925185,3000.0, 36 months,23.4,E,E5,10+ years,RENT,111000.0,Verified,moving,WA,20.64,1.0,690.0,694.0,2.0,98.8,34.0,Individual,5,High Risk,Manual Review
7924726,9600.0, 36 months,21.7,E,E2,5 years,RENT,54000.0,Source Verified,major_purchase,PA,33.88,0.0,660.0,664.0,0.0,64.0,33.0,Individual,5,High Risk,Manual Review
7954583,20000.0, 60 months,23.7,F,F1,8 years,RENT,49000.0,Verified,debt_consolidation,AL,19.48,1.0,680.0,684.0,0.0,91.9,26.0,Individual,5,High Risk,Manual Review
7934648,30000.0, 60 months,25.57,F,F5,6 years,MORTGAGE,67000.0,Verified,debt_consolidation,TX,25.59,1.0,665.0,669.0,2.0,82.5,41.0,Individual,5,High Risk,Manual Review
7904673,33000.0, 60 months,23.7,F,F1,10+ years,RENT,106801.0,Source Verified,credit_card,NC,18.12,2.0,675.0,679.0,1.0,89.9,26.0,Individual,5,High Risk,Manual Review
7944670,13750.0, 60 months,21.7,E,E2,10+ years,MORTGAGE,60000.0,Verified,debt_consolidation,LA,33.92,1.0,670.0,674.0,0.0,58.4,20.0,Individual,6,High Risk,Manual Review
7854695,10000.0, 60 months,21.7,E,E2,4 years,MORTGAGE,40000.0,Verified,credit_card,TX,33.03,0.0,705.0,709.0,0.0,73.0,23.0,Individual,5,High Risk,Manual Review
7695659,2925.0, 36 months,21.0,E,E1,10+ years,RENT,38000.0,Verified,other,KY,33.47,1.0,670.0,674.0,0.0,65.0,13.0,Individual,6,High Risk,Manual Review
7711546,21250.0, 36 months,22.4,E,E3,4 years,OWN,48000.0,Verified,debt_consolidation,MI,31.6,0.0,680.0,684.0,6.0,77.9,36.0,Individual,5,High Risk,Manual Review
7711579,25000.0, 60 months,22.4,E,E3,10+ years,MORTGAGE,115048.0,Verified,debt_consolidation,MI,27.22,2.0,660.0,664.0,0.0,91.5,63.0,Individual,5,High Risk,Manual Review
7774587,20000.0, 60 months,25.8,G,G1,10+ years,MORTGAGE,65000.0,Verified,debt_consolidation,TX,33.97,3.0,660.0,664.0,2.0,73.2,31.0,Individual,6,High Risk,Manual Review
7720737,9000.0, 60 months,24.99,F,F4,1 year,RENT,58240.0,Source Verified,other,AR,13.06,1.0,675.0,679.0,1.0,98.1,20.0,Individual,5,High Risk,Manual Review
7691294,18000.0, 60 months,24.08,F,F2,7 years,RENT,55000.0,Verified,debt_consolidation,NC,15.91,4.0,670.0,674.0,2.0,92.8,63.0,Individual,5,High Risk,Manual Review
7731088,30225.0, 60 months,21.0,E,E1,10+ years,MORTGAGE,87000.0,Source Verified,debt_consolidation,VA,32.77,1.0,705.0,709.0,0.0,80.3,46.0,Individual,7,High Risk,Manual Review
7681032,28000.0, 60 months,24.99,F,F4,2 years,RENT,65000.0,Source Verified,debt_consolidation,NY,31.88,0.0,690.0,694.0,4.0,43.2,37.0,Individual,5,High Risk,Manual Review
7710894,35000.0, 60 months,23.4,E,E5,10+ years,RENT,125000.0,Source Verified,debt_consolidation,CA,18.64,1.0,660.0,664.0,0.0,86.4,36.0,Individual,5,High Risk,Manual Review
7680224,4750.0, 36 months,22.4,E,E3,1 year,OWN,17000.0,Verified,debt_consolidation,PA,31.62,0.0,665.0,669.0,0.0,94.3,10.0,Individual,6,High Risk,Manual Review
7720563,21000.0, 36 months,22.4,E,E3,10+ years,RENT,95000.0,Source Verified,debt_consolidation,FL,28.09,1.0,670.0,674.0,3.0,95.3,32.0,Individual,5,High Risk,Manual Review
7730513,1000.0, 60 months,25.8,G,G1,5 years,OWN,32000.0,Verified,other,OK,32.81,0.0,685.0,689.0,1.0,49.2,16.0,Individual,5,High Risk,Manual Review
7710701,16450.0, 60 months,23.4,E,E5,7 years,MORTGAGE,40000.0,Source Verified,debt_consolidation,NH,30.24,0.0,705.0,709.0,3.0,38.8,24.0,Individual,5,High Risk,Manual Review
7647774,17350.0, 60 months,22.4,E,E3,10+ years,MORTGAGE,38830.0,Verified,debt_consolidation,OH,32.59,0.0,695.0,699.0,0.0,68.4,22.0,Individual,5,High Risk,Manual Review
7720193,22400.0, 60 months,23.7,F,F1,10+ years,MORTGAGE,53400.0,Verified,debt_consolidation,AL,22.49,5.0,665.0,669.0,0.0,94.9,35.0,Individual,5,High Risk,Manual Review
7690292,34000.0, 60 months,22.4,E,E3,10+ years,MORTGAGE,101500.0,Source Verified,debt_consolidation,TX,33.14,0.0,685.0,689.0,0.0,83.2,47.0,Individual,6,High Risk,Manual Review
7690223,30000.0, 60 months,23.4,E,E5,5 years,MORTGAGE,84000.0,Verified,credit_card,NY,16.55,1.0,670.0,674.0,0.0,86.8,27.0,Individual,5,High Risk,Manual Review
5779209,28000.0, 36 months,15.61,C,C3,10+ years,MORTGAGE,110000.0,Verified,credit_card,MD,31.97,1.0,695.0,699.0,0.0,92.7,30.0,Individual,5,High Risk,Manual Review
7680277,15000.0, 60 months,24.5,F,F3,5 years,MORTGAGE,50200.0,Source Verified,vacation,TX,30.91,0.0,720.0,724.0,3.0,23.5,43.0,Individual,5,High Risk,Manual Review
7605086,35000.0, 60 months,25.8,G,G1,10+ years,OWN,146000.0,Verified,credit_card,NY,17.25,1.0,685.0,689.0,0.0,92.5,16.0,Individual,5,High Risk,Manual Review
7709914,16450.0, 60 months,23.1,E,E4,,OWN,36900.0,Verified,debt_consolidation,LA,33.72,0.0,665.0,669.0,0.0,72.4,26.0,Individual,5,High Risk,Manual Review
7699550,17325.0, 60 months,23.7,F,F1,10+ years,RENT,53456.0,Source Verified,debt_consolidation,CA,34.03,0.0,680.0,684.0,0.0,89.9,23.0,Individual,6,High Risk,Manual Review
7719509,12600.0, 60 months,24.08,F,F2,4 years,RENT,45000.0,Source Verified,debt_consolidation,UT,34.53,0.0,695.0,699.0,0.0,90.6,16.0,Individual,6,High Risk,Manual Review
7709666,18500.0, 60 months,23.7,F,F1,8 years,RENT,62500.0,Source Verified,debt_consolidation,MA,30.31,0.0,690.0,694.0,1.0,88.0,32.0,Individual,6,High Risk,Manual Review
7718381,32350.0, 60 months,23.1,E,E4,10+ years,MORTGAGE,72990.0,Verified,debt_consolidation,NJ,34.38,1.0,670.0,674.0,2.0,34.2,40.0,Individual,6,High Risk,Manual Review
7709669,3600.0, 36 months,15.1,C,C2,10+ years,MORTGAGE,97000.0,Verified,credit_card,WA,33.82,1.0,660.0,664.0,0.0,88.1,30.0,Individual,5,High Risk,Manual Review
7698314,10625.0, 60 months,21.0,E,E1,1 year,RENT,31500.0,Verified,credit_card,IN,33.3,0.0,700.0,704.0,3.0,57.7,51.0,Individual,5,High Risk,Manual Review
7679522,14000.0, 60 months,23.1,E,E4,10+ years,MORTGAGE,56000.0,Verified,debt_consolidation,GA,31.5,2.0,660.0,664.0,1.0,84.7,34.0,Individual,7,High Risk,Manual Review
7689287,24000.0, 60 months,24.08,F,F2,10+ years,OWN,112711.0,Source Verified,debt_consolidation,NV,15.25,1.0,680.0,684.0,3.0,92.8,25.0,Individual,5,High Risk,Manual Review
7689216,15000.0, 60 months,24.5,F,F3,10+ years,RENT,40000.0,Verified,debt_consolidation,MD,20.01,1.0,665.0,669.0,1.0,90.6,31.0,Individual,5,High Risk,Manual Review
7654674,1800.0, 36 months,23.7,F,F1,1 year,RENT,40000.0,Verified,small_business,CA,32.43,0.0,675.0,679.0,3.0,86.3,14.0,Individual,6,High Risk,Manual Review
7256510,19000.0, 60 months,22.4,E,E3,7 years,OWN,58000.0,Verified,home_improvement,TX,32.32,1.0,700.0,704.0,2.0,37.5,24.0,Individual,6,High Risk,Manual Review
7728956,20000.0, 60 months,21.7,E,E2,10+ years,RENT,62000.0,Verified,debt_consolidation,DE,24.02,3.0,670.0,674.0,2.0,86.3,24.0,Individual,5,High Risk,Manual Review
7709012,12000.0, 60 months,21.7,E,E2,10+ years,RENT,62000.0,Verified,debt_consolidation,UT,30.87,0.0,685.0,689.0,0.0,77.2,19.0,Individual,5,High Risk,Manual Review
7679046,24575.0, 60 months,26.06,G,G5,10+ years,MORTGAGE,70200.0,Verified,debt_consolidation,OH,18.55,3.0,665.0,669.0,1.0,80.1,24.0,Individual,5,High Risk,Manual Review
7728762,11500.0, 60 months,23.4,E,E5,10+ years,OWN,35000.0,Verified,debt_consolidation,OH,32.81,1.0,660.0,664.0,1.0,53.1,11.0,Individual,6,High Risk,Manual Review
7728643,17800.0, 60 months,17.76,D,D1,2 years,RENT,50000.0,Source Verified,debt_consolidation,NV,33.42,3.0,680.0,684.0,1.0,83.7,36.0,Individual,5,High Risk,Manual Review
7698309,18000.0, 36 months,23.1,E,E4,5 years,RENT,98000.0,Verified,other,NY,32.22,0.0,660.0,664.0,0.0,95.2,29.0,Individual,6,High Risk,Manual Review
7678222,2500.0, 36 months,21.7,E,E2,10+ years,MORTGAGE,67000.0,Source Verified,medical,VA,33.3,0.0,695.0,699.0,4.0,86.9,39.0,Individual,6,High Risk,Manual Review
7718052,12000.0, 60 months,22.4,E,E3,4 years,RENT,98000.0,Verified,debt_consolidation,CA,21.03,2.0,680.0,684.0,0.0,95.6,39.0,Individual,5,High Risk,Manual Review
7677449,25975.0, 60 months,23.4,E,E5,2 years,RENT,61000.0,Verified,debt_consolidation,CA,20.81,1.0,660.0,664.0,1.0,80.4,16.0,Individual,5,High Risk,Manual Review
7697434,20000.0, 60 months,24.08,F,F2,8 years,MORTGAGE,80000.0,Verified,debt_consolidation,LA,34.73,0.0,700.0,704.0,1.0,25.7,47.0,Individual,5,High Risk,Manual Review
7697193,32875.0, 60 months,21.0,E,E1,10+ years,MORTGAGE,74000.0,Verified,debt_consolidation,OH,31.43,0.0,710.0,714.0,1.0,77.2,25.0,Individual,5,High Risk,Manual Review
7727149,13200.0, 60 months,21.0,E,E1,6 years,RENT,36000.0,Verified,credit_card,CA,32.23,0.0,670.0,674.0,0.0,42.8,18.0,Individual,5,High Risk,Manual Review
7676976,16000.0, 60 months,24.99,F,F4,5 years,RENT,42500.0,Verified,credit_card,NY,31.26,0.0,700.0,704.0,0.0,98.8,19.0,Individual,6,High Risk,Manual Review
7676486,35000.0, 36 months,22.4,E,E3,3 years,MORTGAGE,145000.0,Verified,debt_consolidation,WV,32.04,5.0,660.0,664.0,0.0,84.6,36.0,Individual,7,High Risk,Manual Review
7706386,35000.0, 36 months,22.4,E,E3,< 1 year,OWN,140000.0,Verified,debt_consolidation,VA,8.28,1.0,665.0,669.0,1.0,84.3,21.0,Individual,5,High Risk,Manual Review
7675990,19000.0, 60 months,23.7,F,F1,4 years,RENT,55000.0,Source Verified,debt_consolidation,VA,31.94,0.0,730.0,734.0,2.0,58.9,13.0,Individual,5,High Risk,Manual Review
7686190,10000.0, 60 months,17.76,D,D1,< 1 year,RENT,29120.0,Verified,debt_consolidation,NC,32.64,1.0,675.0,679.0,0.0,85.0,25.0,Individual,5,High Risk,Manual Review
7686285,20700.0, 60 months,25.57,F,F5,3 years,RENT,46950.0,Verified,debt_consolidation,NY,11.76,1.0,690.0,694.0,2.0,80.8,28.0,Individual,5,High Risk,Manual Review
7646126,10000.0, 60 months,21.7,E,E2,10+ years,RENT,42000.0,Source Verified,other,IL,34.77,0.0,740.0,744.0,0.0,52.3,12.0,Individual,5,High Risk,Manual Review
7379318,23000.0, 60 months,19.2,D,D3,5 years,RENT,65000.0,Verified,credit_card,VA,34.6,1.0,660.0,664.0,0.0,80.2,46.0,Individual,5,High Risk,Manual Review
6938007,18000.0, 60 months,24.99,F,F4,1 year,RENT,210000.0,Source Verified,debt_consolidation,NY,15.73,2.0,695.0,699.0,0.0,107.6,56.0,Individual,5,High Risk,Manual Review
7390329,21600.0, 60 months,21.7,E,E2,10+ years,MORTGAGE,80000.0,Verified,credit_card,NY,21.36,1.0,695.0,699.0,2.0,84.5,21.0,Individual,5,High Risk,Manual Review
7594601,30000.0, 60 months,25.8,G,G1,7 years,RENT,74000.0,Source Verified,credit_card,TN,33.18,0.0,685.0,689.0,0.0,68.5,26.0,Individual,5,High Risk,Manual Review
7675512,35000.0, 60 months,21.7,E,E2,10+ years,MORTGAGE,91686.0,Verified,debt_consolidation,CA,30.87,0.0,730.0,734.0,1.0,85.9,20.0,Individual,6,High Risk,Manual Review
7715267,35000.0, 60 months,22.4,E,E3,3 years,MORTGAGE,85000.0,Verified,credit_card,TX,31.37,0.0,700.0,704.0,0.0,60.9,28.0,Individual,5,High Risk,Manual Review
7515550,1200.0, 36 months,21.0,E,E1,10+ years,MORTGAGE,27926.0,Verified,vacation,FL,32.15,0.0,685.0,689.0,1.0,72.1,27.0,Individual,5,High Risk,Manual Review
7705146,24000.0, 60 months,21.7,E,E2,10+ years,MORTGAGE,70000.0,Source Verified,debt_consolidation,KY,23.39,1.0,675.0,679.0,0.0,86.4,30.0,Individual,5,High Risk,Manual Review
7685122,15000.0, 60 months,23.1,E,E4,3 years,MORTGAGE,85000.0,Verified,other,PA,30.4,0.0,735.0,739.0,1.0,36.1,54.0,Individual,5,High Risk,Manual Review
7675006,7200.0, 36 months,23.1,E,E4,5 years,MORTGAGE,44000.0,Verified,other,GA,33.03,0.0,660.0,664.0,1.0,59.3,21.0,Individual,5,High Risk,Manual Review
7638548,14125.0, 60 months,25.57,F,F5,1 year,MORTGAGE,107000.0,Source Verified,home_improvement,NY,19.02,4.0,670.0,674.0,2.0,81.1,25.0,Individual,5,High Risk,Manual Review
7724642,10000.0, 60 months,21.7,E,E2,6 years,MORTGAGE,40000.0,Source Verified,debt_consolidation,AZ,30.99,0.0,660.0,664.0,1.0,86.9,24.0,Individual,6,High Risk,Manual Review
7724691,12250.0, 60 months,23.4,E,E5,< 1 year,MORTGAGE,39051.0,Verified,debt_consolidation,CO,30.54,0.0,675.0,679.0,0.0,72.5,24.0,Individual,5,High Risk,Manual Review
7694668,31300.0, 60 months,21.7,E,E2,10+ years,MORTGAGE,85000.0,Verified,credit_card,SD,33.25,0.0,700.0,704.0,0.0,97.0,29.0,Individual,6,High Risk,Manual Review
7704861,18550.0, 60 months,23.7,F,F1,9 years,RENT,50000.0,Source Verified,debt_consolidation,WA,31.13,0.0,685.0,689.0,0.0,89.1,27.0,Individual,6,High Risk,Manual Review
7684613,8000.0, 36 months,19.2,D,D3,9 years,MORTGAGE,45000.0,Verified,debt_consolidation,OH,30.61,1.0,680.0,684.0,1.0,81.8,24.0,Individual,5,High Risk,Manual Review
7102491,25000.0, 60 months,23.4,E,E5,10+ years,MORTGAGE,90000.0,Source Verified,debt_consolidation,SC,7.29,1.0,685.0,689.0,1.0,85.6,30.0,Individual,5,High Risk,Manual Review
7629914,18000.0, 60 months,23.1,E,E4,8 years,MORTGAGE,50000.0,Verified,credit_card,IN,31.66,0.0,660.0,664.0,1.0,79.3,32.0,Individual,5,High Risk,Manual Review
7668584,20000.0, 60 months,21.7,E,E2,3 years,MORTGAGE,111800.0,Verified,credit_card,MD,15.14,2.0,670.0,674.0,1.0,85.7,37.0,Individual,5,High Risk,Manual Review
7618075,20000.0, 36 months,23.4,E,E5,10+ years,RENT,175000.0,Source Verified,major_purchase,CA,12.43,1.0,665.0,669.0,0.0,90.9,7.0,Individual,5,High Risk,Manual Review
7619723,30000.0, 60 months,21.0,E,E1,6 years,MORTGAGE,100000.0,Verified,debt_consolidation,FL,22.57,1.0,685.0,689.0,0.0,85.3,30.0,Individual,5,High Risk,Manual Review
7619848,27300.0, 60 months,21.7,E,E2,9 years,MORTGAGE,60910.0,Verified,debt_consolidation,CA,31.62,0.0,685.0,689.0,0.0,67.5,37.0,Individual,5,High Risk,Manual Review
7669579,6250.0, 36 months,19.52,D,D4,,OWN,22128.0,Verified,debt_consolidation,MI,30.75,3.0,675.0,679.0,1.0,89.5,19.0,Individual,5,High Risk,Manual Review
7615803,35000.0, 60 months,22.4,E,E3,10+ years,MORTGAGE,118000.0,Source Verified,debt_consolidation,CT,25.25,1.0,685.0,689.0,0.0,89.6,30.0,Individual,5,High Risk,Manual Review
7659277,25000.0, 60 months,23.1,E,E4,10+ years,MORTGAGE,140000.0,Verified,debt_consolidation,CA,6.82,2.0,660.0,664.0,1.0,92.1,30.0,Individual,5,High Risk,Manual Review
7619462,15000.0, 36 months,21.0,E,E1,5 years,RENT,120000.0,Verified,other,CA,19.68,4.0,670.0,674.0,0.0,87.7,23.0,Individual,5,High Risk,Manual Review
7629052,18225.0, 60 months,21.0,E,E1,10+ years,MORTGAGE,45000.0,Verified,debt_consolidation,SC,28.59,4.0,670.0,674.0,2.0,87.7,26.0,Individual,5,High Risk,Manual Review
7638971,29175.0, 60 months,22.4,E,E3,6 years,MORTGAGE,65000.0,Verified,debt_consolidation,MI,22.76,2.0,670.0,674.0,0.0,91.8,28.0,Individual,5,High Risk,Manual Review
7335876,35000.0, 60 months,25.83,G,G2,10+ years,MORTGAGE,82400.0,Verified,debt_consolidation,FL,31.0,0.0,665.0,669.0,1.0,79.1,30.0,Individual,5,High Risk,Manual Review
7668531,11500.0, 60 months,24.08,F,F2,5 years,RENT,45000.0,Verified,debt_consolidation,PA,30.8,2.0,720.0,724.0,2.0,33.2,28.0,Individual,6,High Risk,Manual Review
7668532,10000.0, 60 months,25.57,F,F5,1 year,RENT,45000.0,Verified,credit_card,MD,30.85,0.0,665.0,669.0,2.0,68.5,37.0,Individual,5,High Risk,Manual Review
7658727,11000.0, 60 months,17.76,D,D1,10+ years,RENT,62000.0,Verified,debt_consolidation,OK,30.21,1.0,670.0,674.0,0.0,89.2,29.0,Individual,5,High Risk,Manual Review
7658537,25475.0, 60 months,23.4,E,E5,4 years,MORTGAGE,58200.0,Verified,debt_consolidation,TX,24.12,1.0,665.0,669.0,1.0,89.8,39.0,Individual,5,High Risk,Manual Review
7618571,16000.0, 60 months,23.1,E,E4,8 years,MORTGAGE,40000.0,Source Verified,credit_card,GA,10.23,1.0,670.0,674.0,0.0,88.2,6.0,Individual,5,High Risk,Manual Review
7536173,21000.0, 60 months,21.7,E,E2,10+ years,MORTGAGE,104000.0,Verified,debt_consolidation,NM,19.34,2.0,660.0,664.0,0.0,99.1,27.0,Individual,5,High Risk,Manual Review
7628507,30000.0, 60 months,23.1,E,E4,10+ years,MORTGAGE,86212.54,Verified,debt_consolidation,OR,33.22,0.0,700.0,704.0,0.0,68.7,34.0,Individual,5,High Risk,Manual Review
7657024,35000.0, 60 months,23.1,E,E4,3 years,MORTGAGE,131000.0,Verified,debt_consolidation,VA,21.68,3.0,660.0,664.0,0.0,84.3,37.0,Individual,5,High Risk,Manual Review
7628372,11100.0, 60 months,24.08,F,F2,10+ years,RENT,52789.0,Source Verified,medical,GA,31.44,0.0,690.0,694.0,0.0,75.4,56.0,Individual,5,High Risk,Manual Review
7094391,8000.0, 36 months,16.2,C,C4,8 years,MORTGAGE,55000.0,Source Verified,credit_card,MO,30.22,4.0,675.0,679.0,2.0,88.0,42.0,Individual,5,High Risk,Manual Review
7618455,15000.0, 60 months,23.1,E,E4,10+ years,MORTGAGE,92000.0,Verified,debt_consolidation,FL,11.91,1.0,680.0,684.0,2.0,91.3,34.0,Individual,5,High Risk,Manual Review
7376228,30000.0, 60 months,23.7,F,F1,10+ years,MORTGAGE,78000.0,Verified,debt_consolidation,TX,30.92,0.0,700.0,704.0,1.0,65.2,43.0,Individual,5,High Risk,Manual Review
7667793,35000.0, 60 months,23.7,F,F1,10+ years,MORTGAGE,86000.0,Verified,debt_consolidation,NY,29.33,3.0,665.0,669.0,1.0,85.4,30.0,Individual,5,High Risk,Manual Review
7637439,12000.0, 60 months,24.5,F,F3,9 years,RENT,96000.0,Verified,other,WA,11.04,1.0,660.0,664.0,1.0,87.7,12.0,Individual,5,High Risk,Manual Review
7637968,12400.0, 60 months,21.0,E,E1,10+ years,MORTGAGE,72000.0,Verified,major_purchase,AZ,18.44,1.0,690.0,694.0,2.0,89.0,34.0,Individual,5,High Risk,Manual Review
7627722,15000.0, 36 months,21.0,E,E1,7 years,RENT,53000.0,Source Verified,debt_consolidation,TX,33.76,2.0,675.0,679.0,1.0,49.0,46.0,Individual,6,High Risk,Manual Review
7076326,35000.0, 60 months,25.83,G,G2,8 years,MORTGAGE,158000.0,Verified,debt_consolidation,OK,31.11,1.0,695.0,699.0,1.0,77.8,28.0,Individual,6,High Risk,Manual Review
7667459,12600.0, 60 months,21.0,E,E1,4 years,MORTGAGE,43500.0,Verified,debt_consolidation,KY,25.66,3.0,665.0,669.0,0.0,83.2,26.0,Individual,5,High Risk,Manual Review
7666833,21100.0, 60 months,25.99,G,G4,9 years,RENT,66000.0,Verified,other,FL,33.09,2.0,670.0,674.0,1.0,61.8,41.0,Individual,6,High Risk,Manual Review
7657764,35000.0, 60 months,24.5,F,F3,1 year,RENT,78853.0,Verified,debt_consolidation,CA,32.82,1.0,670.0,674.0,3.0,75.4,31.0,Individual,6,High Risk,Manual Review
7647341,29175.0, 60 months,25.57,F,F5,10+ years,OWN,65000.0,Verified,debt_consolidation,KS,32.93,0.0,680.0,684.0,1.0,59.4,27.0,Individual,5,High Risk,Manual Review
7617486,20000.0, 60 months,25.89,G,G3,1 year,RENT,150000.0,Verified,other,NC,21.12,3.0,675.0,679.0,3.0,92.9,31.0,Individual,5,High Risk,Manual Review
7496183,12000.0, 60 months,23.1,E,E4,7 years,RENT,58800.0,Verified,debt_consolidation,WA,31.35,0.0,700.0,704.0,0.0,93.0,19.0,Individual,6,High Risk,Manual Review
7627146,25000.0, 60 months,24.08,F,F2,5 years,RENT,87000.0,Verified,credit_card,CA,34.54,0.0,675.0,679.0,1.0,74.5,33.0,Individual,5,High Risk,Manual Review
7626944,12000.0, 60 months,23.7,F,F1,10+ years,RENT,65000.0,Source Verified,other,MA,13.07,1.0,665.0,669.0,0.0,88.2,11.0,Individual,5,High Risk,Manual Review
7616796,25000.0, 60 months,21.7,E,E2,7 years,MORTGAGE,65000.0,Verified,debt_consolidation,GA,31.33,2.0,685.0,689.0,1.0,57.6,27.0,Individual,6,High Risk,Manual Review
7275085,10000.0, 60 months,21.7,E,E2,< 1 year,RENT,30000.0,Verified,debt_consolidation,FL,33.04,2.0,665.0,669.0,0.0,79.7,22.0,Individual,6,High Risk,Manual Review
7636515,31000.0, 60 months,23.4,E,E5,8 years,MORTGAGE,165000.0,Source Verified,credit_card,MD,22.73,3.0,660.0,664.0,1.0,82.9,27.0,Individual,5,High Risk,Manual Review
7666209,11625.0, 60 months,22.4,E,E3,9 years,RENT,34000.0,Source Verified,debt_consolidation,AL,32.61,0.0,670.0,674.0,1.0,81.9,13.0,Individual,6,High Risk,Manual Review
7655813,23675.0, 60 months,25.57,F,F5,10+ years,RENT,100000.0,Source Verified,debt_consolidation,HI,32.32,0.0,665.0,669.0,1.0,67.2,45.0,Individual,5,High Risk,Manual Review
7625783,11100.0, 60 months,23.1,E,E4,9 years,MORTGAGE,48000.0,Verified,debt_consolidation,TX,33.55,0.0,680.0,684.0,1.0,80.4,25.0,Individual,6,High Risk,Manual Review
7574772,35000.0, 60 months,25.99,G,G4,10+ years,OWN,101000.0,Source Verified,debt_consolidation,IL,32.6,5.0,675.0,679.0,2.0,61.3,29.0,Individual,6,High Risk,Manual Review
7071719,35000.0, 60 months,23.7,F,F1,2 years,MORTGAGE,110000.0,Verified,credit_card,GA,28.22,1.0,680.0,684.0,1.0,85.1,40.0,Individual,5,High Risk,Manual Review
7625377,11500.0, 60 months,23.1,E,E4,< 1 year,MORTGAGE,52000.0,Source Verified,debt_consolidation,TN,10.34,1.0,660.0,664.0,1.0,88.3,8.0,Individual,5,High Risk,Manual Review
7615315,16950.0, 60 months,23.7,F,F1,8 years,MORTGAGE,53761.0,Verified,debt_consolidation,TX,32.43,0.0,685.0,689.0,1.0,65.7,32.0,Individual,5,High Risk,Manual Review
7174687,20000.0, 60 months,24.5,F,F3,4 years,MORTGAGE,60000.0,Source Verified,credit_card,LA,23.86,1.0,660.0,664.0,4.0,88.4,32.0,Individual,5,High Risk,Manual Review
7615065,15600.0, 60 months,22.4,E,E3,8 years,RENT,36865.61,Verified,debt_consolidation,FL,30.89,0.0,690.0,694.0,0.0,89.9,14.0,Individual,6,High Risk,Manual Review
7285400,18225.0, 60 months,25.57,F,F5,8 years,MORTGAGE,41000.0,Verified,debt_consolidation,CA,13.39,1.0,665.0,669.0,0.0,90.9,26.0,Individual,5,High Risk,Manual Review
7634768,11200.0, 60 months,22.4,E,E3,5 years,RENT,42000.0,Verified,debt_consolidation,IN,31.43,0.0,685.0,689.0,0.0,70.8,30.0,Individual,5,High Risk,Manual Review
7634770,25000.0, 60 months,25.83,G,G2,10+ years,MORTGAGE,65000.0,Verified,debt_consolidation,WI,14.2,2.0,665.0,669.0,2.0,88.6,18.0,Individual,5,High Risk,Manual Review
7439523,20000.0, 60 months,24.5,F,F3,4 years,MORTGAGE,100000.0,Source Verified,credit_card,OK,14.96,1.0,680.0,684.0,1.0,85.8,13.0,Individual,5,High Risk,Manual Review
7564913,29175.0, 60 months,25.57,F,F5,10+ years,RENT,65000.0,Verified,credit_card,FL,33.77,0.0,665.0,669.0,0.0,83.6,29.0,Individual,6,High Risk,Manual Review
7505767,35000.0, 60 months,23.4,E,E5,10+ years,MORTGAGE,88000.0,Source Verified,debt_consolidation,AL,32.37,0.0,710.0,714.0,2.0,72.2,27.0,Individual,5,High Risk,Manual Review
7495865,15000.0, 60 months,22.4,E,E3,5 years,OWN,100000.0,Source Verified,debt_consolidation,NY,7.98,1.0,675.0,679.0,0.0,96.4,9.0,Individual,5,High Risk,Manual Review
7342575,35000.0, 60 months,22.4,E,E3,9 years,MORTGAGE,150000.0,Verified,credit_card,TX,18.06,2.0,665.0,669.0,2.0,91.6,37.0,Individual,5,High Risk,Manual Review
7525414,25000.0, 60 months,23.4,E,E5,2 years,MORTGAGE,71998.0,Source Verified,debt_consolidation,GA,23.68,1.0,675.0,679.0,0.0,89.5,26.0,Individual,5,High Risk,Manual Review
7535419,12000.0, 60 months,21.0,E,E1,3 years,RENT,44050.0,Source Verified,credit_card,CT,34.43,0.0,705.0,709.0,0.0,80.2,24.0,Individual,6,High Risk,Manual Review
7070211,3200.0, 36 months,21.7,E,E2,< 1 year,OWN,30000.0,Source Verified,debt_consolidation,IL,30.59,4.0,660.0,664.0,1.0,72.1,46.0,Individual,6,High Risk,Manual Review
7495184,32400.0, 60 months,21.7,E,E2,10+ years,MORTGAGE,90000.0,Verified,debt_consolidation,IL,31.56,0.0,730.0,734.0,4.0,37.8,29.0,Individual,5,High Risk,Manual Review
7524613,6600.0, 36 months,21.0,E,E1,8 years,MORTGAGE,118000.0,Source Verified,other,WA,16.06,2.0,680.0,684.0,1.0,98.0,24.0,Individual,5,High Risk,Manual Review
7341975,33600.0, 60 months,23.1,E,E4,3 years,MORTGAGE,75000.0,Verified,debt_consolidation,LA,28.19,1.0,665.0,669.0,1.0,92.7,26.0,Individual,5,High Risk,Manual Review
7450421,24000.0, 60 months,24.08,F,F2,10+ years,OWN,90000.0,Verified,home_improvement,AZ,15.4,1.0,660.0,664.0,1.0,90.1,18.0,Individual,5,High Risk,Manual Review
7342521,12000.0, 60 months,22.4,E,E3,10+ years,RENT,60000.0,Verified,debt_consolidation,NJ,30.78,0.0,660.0,664.0,1.0,81.7,34.0,Individual,6,High Risk,Manual Review
7382241,30000.0, 60 months,23.7,F,F1,8 years,MORTGAGE,94570.0,Source Verified,debt_consolidation,CA,15.44,1.0,675.0,679.0,1.0,86.5,25.0,Individual,5,High Risk,Manual Review
7389772,2500.0, 36 months,19.2,D,D3,10+ years,MORTGAGE,85000.0,Verified,debt_consolidation,NH,32.91,1.0,665.0,669.0,1.0,97.0,30.0,Individual,5,High Risk,Manual Review
7382345,10000.0, 36 months,21.0,E,E1,,MORTGAGE,60000.0,Verified,debt_consolidation,CA,31.82,0.0,700.0,704.0,3.0,68.7,49.0,Individual,5,High Risk,Manual Review
7450064,2700.0, 36 months,21.0,E,E1,10+ years,MORTGAGE,49900.0,Verified,small_business,CA,32.99,0.0,685.0,689.0,0.0,49.1,33.0,Individual,5,High Risk,Manual Review
7342156,15800.0, 36 months,24.99,F,F4,10+ years,MORTGAGE,75000.0,Source Verified,debt_consolidation,TX,33.65,1.0,670.0,674.0,3.0,57.5,43.0,Individual,6,High Risk,Manual Review
7341775,15000.0, 60 months,25.57,F,F5,10+ years,RENT,60000.0,Verified,debt_consolidation,TX,32.14,2.0,670.0,674.0,1.0,90.7,24.0,Individual,7,High Risk,Manual Review
7371459,35000.0, 60 months,23.7,F,F1,8 years,MORTGAGE,120000.0,Verified,credit_card,NY,33.62,0.0,700.0,704.0,3.0,74.0,25.0,Individual,5,High Risk,Manual Review
7341547,35000.0, 60 months,22.4,E,E3,3 years,RENT,152000.0,Verified,debt_consolidation,NY,34.4,0.0,715.0,719.0,0.0,67.5,36.0,Individual,5,High Risk,Manual Review
7081072,21000.0, 60 months,21.7,E,E2,10+ years,MORTGAGE,204000.0,Source Verified,debt_consolidation,VA,12.51,2.0,685.0,689.0,1.0,82.8,29.0,Individual,5,High Risk,Manual Review
7439449,20000.0, 36 months,22.4,E,E3,5 years,RENT,54000.0,Source Verified,debt_consolidation,CA,33.98,0.0,700.0,704.0,4.0,80.4,12.0,Individual,6,High Risk,Manual Review
7385814,16000.0, 60 months,24.08,F,F2,10+ years,OWN,47179.0,Verified,debt_consolidation,TN,30.65,0.0,695.0,699.0,0.0,74.2,19.0,Individual,5,High Risk,Manual Review
7098582,3600.0, 36 months,23.4,E,E5,6 years,RENT,70000.0,Verified,debt_consolidation,NY,30.35,0.0,685.0,689.0,2.0,53.5,46.0,Individual,5,High Risk,Manual Review
7437985,15000.0, 60 months,25.57,F,F5,1 year,OWN,42000.0,Verified,small_business,SC,30.09,0.0,710.0,714.0,1.0,49.1,29.0,Individual,5,High Risk,Manual Review
7439353,35000.0, 60 months,22.4,E,E3,8 years,MORTGAGE,85000.0,Verified,debt_consolidation,AZ,32.04,0.0,685.0,689.0,0.0,96.8,34.0,Individual,6,High Risk,Manual Review
7454938,35000.0, 60 months,25.57,F,F5,10+ years,MORTGAGE,120000.0,Verified,debt_consolidation,NY,13.46,2.0,680.0,684.0,0.0,84.3,19.0,Individual,5,High Risk,Manual Review
7092829,15000.0, 60 months,23.7,F,F1,4 years,MORTGAGE,75000.0,Verified,medical,FL,28.11,1.0,685.0,689.0,0.0,97.5,25.0,Individual,5,High Risk,Manual Review
7390312,5000.0, 36 months,23.4,E,E5,10+ years,MORTGAGE,33000.0,Verified,debt_consolidation,NY,30.65,5.0,680.0,684.0,4.0,59.5,24.0,Individual,6,High Risk,Manual Review
7390207,5000.0, 36 months,22.4,E,E3,6 years,RENT,53000.0,Verified,debt_consolidation,WI,31.0,4.0,665.0,669.0,6.0,95.5,35.0,Individual,7,High Risk,Manual Review
7448466,24575.0, 60 months,19.2,D,D3,3 years,MORTGAGE,56000.0,Verified,debt_consolidation,SC,33.34,1.0,660.0,664.0,0.0,90.8,20.0,Individual,5,High Risk,Manual Review
7369911,35000.0, 60 months,23.7,F,F1,10+ years,RENT,130000.0,Verified,credit_card,CA,30.02,0.0,680.0,684.0,0.0,68.2,35.0,Individual,5,High Risk,Manual Review
7389864,25475.0, 60 months,23.1,E,E4,6 years,MORTGAGE,57200.0,Verified,home_improvement,NV,32.29,1.0,670.0,674.0,2.0,34.2,33.0,Individual,6,High Risk,Manual Review
7369784,28000.0, 60 months,24.08,F,F2,< 1 year,RENT,110000.0,Verified,debt_consolidation,PA,27.29,2.0,660.0,664.0,2.0,94.6,28.0,Individual,5,High Risk,Manual Review
7389626,31300.0, 60 months,24.5,F,F3,10+ years,RENT,70000.0,Verified,debt_consolidation,CT,13.11,1.0,665.0,669.0,0.0,102.5,13.0,Individual,5,High Risk,Manual Review
7339966,30000.0, 60 months,23.7,F,F1,10+ years,MORTGAGE,120000.0,Verified,credit_card,IL,21.86,3.0,685.0,689.0,0.0,94.3,22.0,Individual,5,High Risk,Manual Review
6694896,35000.0, 60 months,21.0,E,E1,2 years,MORTGAGE,100000.0,Source Verified,debt_consolidation,MN,22.19,1.0,670.0,674.0,0.0,88.8,26.0,Individual,5,High Risk,Manual Review
7447425,26500.0, 60 months,25.57,F,F5,10+ years,OWN,60000.0,Verified,home_improvement,VA,31.93,4.0,675.0,679.0,0.0,18.9,31.0,Individual,6,High Risk,Manual Review
7389198,4000.0, 36 months,21.7,E,E2,6 years,MORTGAGE,40000.0,Verified,debt_consolidation,GA,34.17,0.0,660.0,664.0,2.0,74.7,35.0,Individual,5,High Risk,Manual Review
6284574,16800.0, 60 months,23.7,F,F1,4 years,RENT,130000.0,Verified,home_improvement,KS,23.22,3.0,670.0,674.0,0.0,91.4,32.0,Individual,5,High Risk,Manual Review
7337636,35000.0, 60 months,23.4,E,E5,10+ years,RENT,100000.0,Verified,credit_card,NJ,31.69,2.0,660.0,664.0,0.0,82.7,31.0,Individual,7,High Risk,Manual Review
7436657,25050.0, 60 months,24.5,F,F3,2 years,MORTGAGE,70000.0,Source Verified,credit_card,NJ,18.79,1.0,665.0,669.0,1.0,83.9,37.0,Individual,5,High Risk,Manual Review
7389007,1500.0, 36 months,16.2,C,C4,10+ years,MORTGAGE,80000.0,Source Verified,home_improvement,MD,32.61,1.0,680.0,684.0,0.0,100.2,20.0,Individual,5,High Risk,Manual Review
7339368,20000.0, 60 months,23.7,F,F1,6 years,MORTGAGE,101000.0,Source Verified,debt_consolidation,NC,33.77,0.0,670.0,674.0,0.0,45.3,42.0,Individual,5,High Risk,Manual Review
7338947,32000.0, 60 months,22.4,E,E3,2 years,RENT,76200.0,Source Verified,debt_consolidation,AL,30.54,0.0,695.0,699.0,0.0,91.8,26.0,Individual,6,High Risk,Manual Review
7388751,35000.0, 60 months,25.8,G,G1,9 years,RENT,100000.0,Verified,debt_consolidation,NY,23.49,2.0,665.0,669.0,0.0,81.3,37.0,Individual,5,High Risk,Manual Review
7047574,5400.0, 60 months,25.57,F,F5,< 1 year,OWN,60800.0,Source Verified,debt_consolidation,NY,17.8,1.0,665.0,669.0,1.0,97.2,13.0,Individual,5,High Risk,Manual Review
7338786,35000.0, 60 months,24.5,F,F3,2 years,RENT,135000.0,Source Verified,debt_consolidation,MA,12.65,1.0,665.0,669.0,2.0,94.6,23.0,Individual,5,High Risk,Manual Review
7094524,23850.0, 60 months,25.99,G,G4,10+ years,RENT,54000.0,Verified,debt_consolidation,WA,21.73,1.0,670.0,674.0,0.0,91.6,27.0,Individual,5,High Risk,Manual Review
7388402,18000.0, 60 months,23.7,F,F1,10+ years,MORTGAGE,80000.0,Source Verified,credit_card,CA,32.12,0.0,675.0,679.0,0.0,91.9,30.0,Individual,6,High Risk,Manual Review
7436820,35000.0, 60 months,25.89,G,G3,< 1 year,MORTGAGE,150000.0,Source Verified,debt_consolidation,MA,8.58,1.0,710.0,714.0,4.0,81.0,13.0,Individual,5,High Risk,Manual Review
7367056,14400.0, 60 months,24.5,F,F3,10+ years,MORTGAGE,104000.0,Verified,credit_card,NM,17.54,1.0,680.0,684.0,1.0,80.8,39.0,Individual,5,High Risk,Manual Review
6820027,12750.0, 60 months,23.4,E,E5,1 year,RENT,55000.0,Source Verified,debt_consolidation,CO,30.83,0.0,670.0,674.0,2.0,59.5,29.0,Individual,5,High Risk,Manual Review
7388053,20550.0, 60 months,24.08,F,F2,5 years,RENT,46000.0,Verified,debt_consolidation,WY,17.4,1.0,660.0,664.0,0.0,89.3,19.0,Individual,5,High Risk,Manual Review
7387141,4500.0, 36 months,21.0,E,E1,1 year,RENT,17000.0,Source Verified,other,TN,32.12,0.0,660.0,664.0,2.0,39.7,18.0,Individual,5,High Risk,Manual Review
7436160,9600.0, 60 months,23.1,E,E4,9 years,OWN,51000.0,Source Verified,debt_consolidation,FL,16.05,2.0,665.0,669.0,1.0,82.6,23.0,Individual,5,High Risk,Manual Review
7377890,7000.0, 60 months,25.89,G,G3,2 years,OWN,49504.0,Source Verified,other,AZ,34.47,0.0,685.0,689.0,2.0,63.7,51.0,Individual,5,High Risk,Manual Review
7445117,5375.0, 60 months,23.4,E,E5,10+ years,MORTGAGE,109000.0,Verified,debt_consolidation,VA,24.26,1.0,665.0,669.0,1.0,101.5,34.0,Individual,5,High Risk,Manual Review
7445890,18000.0, 60 months,22.4,E,E3,5 years,MORTGAGE,97475.0,Verified,home_improvement,MD,30.23,0.0,665.0,669.0,2.0,83.9,32.0,Individual,6,High Risk,Manual Review
7367130,22750.0, 60 months,23.7,F,F1,10+ years,MORTGAGE,65000.0,Verified,home_improvement,NY,22.26,1.0,680.0,684.0,2.0,81.3,20.0,Individual,5,High Risk,Manual Review
7377057,18000.0, 60 months,24.99,F,F4,10+ years,MORTGAGE,50000.0,Verified,other,FL,31.2,2.0,675.0,679.0,0.0,91.8,20.0,Individual,7,High Risk,Manual Review
7336930,26000.0, 60 months,25.89,G,G3,10+ years,RENT,74000.0,Verified,debt_consolidation,WV,32.5,0.0,690.0,694.0,0.0,81.6,60.0,Individual,6,High Risk,Manual Review
7337142,22000.0, 60 months,21.0,E,E1,7 years,RENT,50000.0,Verified,debt_consolidation,MO,30.41,0.0,680.0,684.0,0.0,50.9,23.0,Individual,5,High Risk,Manual Review
7049931,20000.0, 60 months,23.4,E,E5,2 years,MORTGAGE,108000.0,Verified,debt_consolidation,MA,6.72,1.0,685.0,689.0,2.0,91.2,28.0,Individual,5,High Risk,Manual Review
7336904,24925.0, 60 months,25.99,G,G4,3 years,OWN,63000.0,Verified,other,RI,34.34,0.0,675.0,679.0,1.0,95.0,22.0,Individual,6,High Risk,Manual Review
7376562,20000.0, 60 months,23.4,E,E5,2 years,RENT,100000.0,Verified,credit_card,NY,9.59,1.0,685.0,689.0,2.0,91.2,28.0,Individual,5,High Risk,Manual Review
7444979,17800.0, 60 months,22.4,E,E3,7 years,MORTGAGE,82000.0,Verified,debt_consolidation,FL,19.99,1.0,665.0,669.0,1.0,95.2,24.0,Individual,5,High Risk,Manual Review
7376448,20125.0, 60 months,23.1,E,E4,6 years,MORTGAGE,60000.0,Verified,debt_consolidation,KS,32.7,0.0,680.0,684.0,1.0,89.8,23.0,Individual,6,High Risk,Manual Review
7336026,16000.0, 60 months,23.4,E,E5,5 years,RENT,42000.0,Verified,debt_consolidation,NY,30.31,0.0,665.0,669.0,0.0,64.5,38.0,Individual,5,High Risk,Manual Review
7083851,27000.0, 60 months,23.4,E,E5,9 years,MORTGAGE,75000.0,Source Verified,debt_consolidation,WA,18.88,1.0,670.0,674.0,1.0,91.1,24.0,Individual,5,High Risk,Manual Review
7265991,33425.0, 36 months,21.7,E,E2,10+ years,RENT,75000.0,Verified,debt_consolidation,NY,16.11,3.0,685.0,689.0,1.0,90.1,28.0,Individual,5,High Risk,Manual Review
7364987,22250.0, 60 months,24.99,F,F4,7 years,RENT,50000.0,Verified,credit_card,VA,31.2,0.0,720.0,724.0,0.0,87.9,27.0,Individual,6,High Risk,Manual Review
7345802,35000.0, 60 months,23.4,E,E5,8 years,MORTGAGE,130000.0,Source Verified,debt_consolidation,SC,8.94,2.0,665.0,669.0,1.0,90.6,27.0,Individual,5,High Risk,Manual Review
7345342,18000.0, 60 months,22.4,E,E3,6 years,OWN,41000.0,Source Verified,debt_consolidation,MO,31.47,0.0,725.0,729.0,2.0,29.0,28.0,Individual,5,High Risk,Manual Review
7264746,15000.0, 36 months,21.0,E,E1,< 1 year,RENT,60000.0,Source Verified,debt_consolidation,AZ,31.74,1.0,680.0,684.0,2.0,62.4,37.0,Individual,6,High Risk,Manual Review
7296638,35000.0, 60 months,24.08,F,F2,1 year,MORTGAGE,108000.0,Source Verified,debt_consolidation,TX,30.1,0.0,675.0,679.0,1.0,53.0,43.0,Individual,5,High Risk,Manual Review
7345883,20000.0, 36 months,21.7,E,E2,5 years,MORTGAGE,110000.0,Verified,debt_consolidation,OH,16.77,1.0,670.0,674.0,1.0,96.5,29.0,Individual,5,High Risk,Manual Review
7385618,2800.0, 36 months,21.0,E,E1,10+ years,MORTGAGE,61000.0,Not Verified,medical,TX,14.6,1.0,660.0,664.0,2.0,93.8,20.0,Individual,5,High Risk,Manual Review
7086686,22250.0, 60 months,24.08,F,F2,8 years,OWN,50000.0,Verified,debt_consolidation,IL,33.65,0.0,690.0,694.0,0.0,103.1,23.0,Individual,6,High Risk,Manual Review
7335486,35000.0, 36 months,24.08,F,F2,10+ years,RENT,110000.0,Verified,debt_consolidation,CA,31.1,1.0,695.0,699.0,6.0,75.7,25.0,Individual,6,High Risk,Manual Review
7375414,35000.0, 60 months,23.7,F,F1,10+ years,MORTGAGE,120000.0,Source Verified,credit_card,AR,23.47,1.0,660.0,664.0,3.0,92.8,32.0,Individual,5,High Risk,Manual Review
7355144,24000.0, 60 months,23.7,F,F1,10+ years,MORTGAGE,80000.0,Source Verified,home_improvement,MO,23.31,1.0,680.0,684.0,4.0,93.1,27.0,Individual,5,High Risk,Manual Review
7334909,9000.0, 36 months,21.7,E,E2,10+ years,MORTGAGE,82113.33,Not Verified,other,SC,29.87,1.0,685.0,689.0,0.0,89.1,28.0,Individual,5,High Risk,Manual Review
7277107,23500.0, 60 months,19.2,D,D3,4 years,MORTGAGE,83000.0,Source Verified,debt_consolidation,CA,32.2,1.0,675.0,679.0,0.0,82.9,38.0,Individual,5,High Risk,Manual Review
7384643,33000.0, 60 months,24.5,F,F3,3 years,OWN,75000.0,Verified,debt_consolidation,MO,30.75,0.0,670.0,674.0,0.0,96.0,54.0,Individual,6,High Risk,Manual Review
7069293,24375.0, 60 months,25.83,G,G2,,MORTGAGE,55224.0,Verified,debt_consolidation,SC,33.55,1.0,680.0,684.0,4.0,55.6,32.0,Individual,6,High Risk,Manual Review
7276771,11875.0, 60 months,21.0,E,E1,10+ years,RENT,35000.0,Verified,credit_card,AR,33.09,1.0,680.0,684.0,0.0,64.7,19.0,Individual,6,High Risk,Manual Review
7256054,22800.0, 60 months,25.8,G,G1,2 years,MORTGAGE,80000.0,Source Verified,credit_card,OH,20.31,3.0,665.0,669.0,0.0,93.3,27.0,Individual,5,High Risk,Manual Review
7295958,19125.0, 60 months,21.0,E,E1,2 years,MORTGAGE,60000.0,Verified,debt_consolidation,KS,22.06,2.0,660.0,664.0,0.0,94.7,29.0,Individual,5,High Risk,Manual Review
7266732,12600.0, 60 months,25.83,G,G2,10+ years,RENT,67500.0,Verified,debt_consolidation,NJ,12.28,1.0,665.0,669.0,3.0,85.8,28.0,Individual,5,High Risk,Manual Review
7062349,10000.0, 60 months,23.1,E,E4,3 years,RENT,58000.0,Source Verified,major_purchase,CA,10.63,3.0,665.0,669.0,1.0,82.9,10.0,Individual,5,High Risk,Manual Review
7276081,5600.0, 36 months,23.1,E,E4,5 years,RENT,34000.0,Verified,credit_card,CA,34.13,1.0,665.0,669.0,2.0,33.1,16.0,Individual,6,High Risk,Manual Review
7255465,12000.0, 60 months,24.99,F,F4,7 years,RENT,71400.0,Verified,credit_card,OR,32.71,2.0,660.0,664.0,1.0,88.9,27.0,Individual,7,High Risk,Manual Review
6829123,20050.0, 60 months,23.1,E,E4,9 years,RENT,45000.0,Verified,debt_consolidation,NJ,32.83,0.0,680.0,684.0,0.0,91.8,21.0,Individual,6,High Risk,Manual Review
7275548,2000.0, 36 months,23.1,E,E4,10+ years,RENT,35000.0,Not Verified,other,NY,23.62,1.0,665.0,669.0,0.0,92.5,7.0,Individual,5,High Risk,Manual Review
7265551,20800.0, 60 months,24.08,F,F2,10+ years,MORTGAGE,60975.0,Verified,debt_consolidation,NC,29.28,1.0,680.0,684.0,1.0,91.8,36.0,Individual,5,High Risk,Manual Review
7275417,17000.0, 60 months,24.99,F,F4,10+ years,MORTGAGE,41000.0,Verified,debt_consolidation,AZ,31.23,2.0,690.0,694.0,2.0,43.7,23.0,Individual,6,High Risk,Manual Review
7265417,8725.0, 36 months,21.0,E,E1,7 years,RENT,24961.0,Verified,debt_consolidation,IL,32.59,0.0,660.0,664.0,2.0,80.8,10.0,Individual,6,High Risk,Manual Review
7305100,11700.0, 60 months,18.55,D,D2,10+ years,MORTGAGE,35000.0,Source Verified,debt_consolidation,MO,31.68,6.0,675.0,679.0,0.0,80.3,20.0,Individual,5,High Risk,Manual Review
7265097,10000.0, 60 months,23.4,E,E5,9 years,OWN,50000.0,Source Verified,other,UT,34.1,0.0,700.0,704.0,0.0,80.8,21.0,Individual,6,High Risk,Manual Review
7068174,24000.0, 60 months,24.08,F,F2,8 years,MORTGAGE,80511.87,Verified,debt_consolidation,VA,13.02,1.0,675.0,679.0,3.0,95.6,41.0,Individual,5,High Risk,Manual Review
7255088,11000.0, 60 months,17.1,C,C5,10+ years,MORTGAGE,40700.0,Source Verified,debt_consolidation,CO,34.23,1.0,705.0,709.0,0.0,83.0,26.0,Individual,5,High Risk,Manual Review
7264920,12300.0, 36 months,21.7,E,E2,10+ years,MORTGAGE,116000.0,Not Verified,debt_consolidation,TX,8.84,4.0,670.0,674.0,1.0,83.1,27.0,Individual,5,High Risk,Manual Review
7264787,7275.0, 36 months,19.52,D,D4,10+ years,MORTGAGE,47000.0,Verified,credit_card,CA,34.44,1.0,690.0,694.0,0.0,87.4,20.0,Individual,5,High Risk,Manual Review
7254844,14000.0, 60 months,23.4,E,E5,6 years,RENT,48000.0,Verified,debt_consolidation,WY,34.4,0.0,670.0,674.0,1.0,71.0,19.0,Individual,5,High Risk,Manual Review
7184690,16450.0, 36 months,15.1,C,C2,,MORTGAGE,40000.0,Verified,credit_card,GA,30.66,1.0,670.0,674.0,2.0,85.9,27.0,Individual,5,High Risk,Manual Review
7214708,25000.0, 60 months,23.4,E,E5,1 year,RENT,62268.0,Source Verified,debt_consolidation,NY,31.31,0.0,675.0,679.0,0.0,83.0,39.0,Individual,6,High Risk,Manual Review
6966258,30000.0, 60 months,21.7,E,E2,2 years,MORTGAGE,120200.0,Source Verified,credit_card,NC,14.15,1.0,665.0,669.0,2.0,88.6,31.0,Individual,5,High Risk,Manual Review
7224632,4375.0, 36 months,21.15,E,E2,10+ years,RENT,34000.0,Source Verified,debt_consolidation,AZ,31.73,2.0,665.0,669.0,1.0,24.8,19.0,Individual,6,High Risk,Manual Review
7194693,30225.0, 60 months,20.8,E,E1,1 year,MORTGAGE,68000.0,Verified,debt_consolidation,NC,34.31,0.0,710.0,714.0,0.0,65.7,29.0,Individual,5,High Risk,Manual Review
7082018,32350.0, 60 months,21.6,E,E3,10+ years,RENT,72300.0,Verified,debt_consolidation,OH,30.17,0.0,705.0,709.0,0.0,78.1,10.0,Individual,5,High Risk,Manual Review
7098184,10075.0, 60 months,24.89,F,F4,10+ years,RENT,31000.0,Source Verified,other,IL,32.48,0.0,680.0,684.0,1.0,84.8,12.0,Individual,6,High Risk,Manual Review
7093997,25000.0, 60 months,21.15,E,E2,10+ years,MORTGAGE,61000.0,Source Verified,debt_consolidation,CA,34.51,0.0,700.0,704.0,0.0,87.9,32.0,Individual,6,High Risk,Manual Review
7084064,13000.0, 36 months,21.15,E,E2,10+ years,RENT,72000.0,Verified,other,NJ,33.45,0.0,700.0,704.0,1.0,82.4,22.0,Individual,6,High Risk,Manual Review
7084165,18125.0, 60 months,24.89,F,F4,9 years,MORTGAGE,68000.0,Source Verified,home_improvement,CO,33.85,0.0,680.0,684.0,6.0,65.1,26.0,Individual,5,High Risk,Manual Review
7083948,2400.0, 36 months,24.08,F,F2,3 years,RENT,71000.0,Verified,other,PA,33.57,1.0,690.0,694.0,3.0,23.0,42.0,Individual,6,High Risk,Manual Review
7103827,24450.0, 60 months,20.8,E,E1,< 1 year,RENT,56000.0,Source Verified,debt_consolidation,CA,30.82,1.0,695.0,699.0,1.0,71.2,42.0,Individual,6,High Risk,Manual Review
7093681,16000.0, 60 months,24.08,F,F2,10+ years,RENT,47060.0,Source Verified,debt_consolidation,CA,26.19,1.0,665.0,669.0,2.0,95.8,27.0,Individual,5,High Risk,Manual Review
6828669,30000.0, 36 months,20.8,E,E1,3 years,MORTGAGE,100000.0,Source Verified,debt_consolidation,FL,31.1,1.0,675.0,679.0,1.0,69.6,21.0,Individual,6,High Risk,Manual Review
7053931,12000.0, 60 months,21.6,E,E3,5 years,MORTGAGE,108000.0,Source Verified,credit_card,CA,15.78,1.0,680.0,684.0,1.0,83.2,24.0,Individual,5,High Risk,Manual Review
7053937,25000.0, 60 months,21.15,E,E2,8 years,MORTGAGE,57000.0,Source Verified,debt_consolidation,AZ,30.42,1.0,685.0,689.0,1.0,45.7,21.0,Individual,6,High Risk,Manual Review
7059227,20000.0, 60 months,22.7,E,E5,10+ years,MORTGAGE,60000.0,Verified,debt_consolidation,IN,22.28,3.0,665.0,669.0,1.0,91.6,29.0,Individual,5,High Risk,Manual Review
7063252,35000.0, 60 months,24.08,F,F2,10+ years,RENT,91000.0,Verified,debt_consolidation,NY,33.76,1.0,660.0,664.0,0.0,53.8,38.0,Individual,6,High Risk,Manual Review
7093110,24575.0, 60 months,25.8,G,G1,10+ years,MORTGAGE,55000.0,Verified,debt_consolidation,VA,32.23,0.0,670.0,674.0,1.0,88.5,20.0,Individual,6,High Risk,Manual Review
7083162,21850.0, 36 months,21.15,E,E2,5 years,RENT,50000.0,Verified,debt_consolidation,VA,33.67,0.0,675.0,679.0,1.0,86.0,28.0,Individual,6,High Risk,Manual Review
7053278,25000.0, 60 months,22.7,E,E5,10+ years,RENT,70000.0,Source Verified,debt_consolidation,LA,31.82,0.0,675.0,679.0,1.0,75.2,19.0,Individual,5,High Risk,Manual Review
7073079,10000.0, 36 months,21.6,E,E3,5 years,MORTGAGE,200000.0,Verified,other,GA,11.76,1.0,695.0,699.0,4.0,83.0,40.0,Individual,5,High Risk,Manual Review
7089553,6475.0, 36 months,15.22,C,C3,3 years,MORTGAGE,65000.0,Verified,credit_card,PA,31.77,1.0,690.0,694.0,1.0,89.4,34.0,Individual,5,High Risk,Manual Review
7082620,6000.0, 36 months,21.15,E,E2,1 year,RENT,33000.0,Not Verified,debt_consolidation,OR,25.2,1.0,660.0,664.0,3.0,93.9,27.0,Individual,5,High Risk,Manual Review
7082677,16000.0, 36 months,21.6,E,E3,1 year,MORTGAGE,70000.0,Source Verified,home_improvement,CA,34.23,0.0,670.0,674.0,2.0,71.1,19.0,Individual,5,High Risk,Manual Review
7052717,26375.0, 60 months,22.2,E,E4,10+ years,OWN,60000.0,Source Verified,debt_consolidation,NY,30.44,0.0,715.0,719.0,1.0,51.3,13.0,Individual,5,High Risk,Manual Review
6905683,35000.0, 60 months,22.7,E,E5,6 years,MORTGAGE,200000.0,Verified,debt_consolidation,IL,11.0,1.0,690.0,694.0,1.0,80.8,23.0,Individual,5,High Risk,Manual Review
7082503,25000.0, 60 months,22.2,E,E4,10+ years,MORTGAGE,75000.0,Verified,debt_consolidation,AZ,24.1,1.0,675.0,679.0,0.0,92.5,26.0,Individual,5,High Risk,Manual Review
7082518,8000.0, 36 months,21.15,E,E2,2 years,RENT,200000.0,Verified,small_business,CA,11.85,5.0,685.0,689.0,1.0,89.9,30.0,Individual,5,High Risk,Manual Review
7062430,24925.0, 60 months,21.6,E,E3,10+ years,MORTGAGE,56000.0,Verified,credit_card,FL,20.94,2.0,660.0,664.0,1.0,86.3,21.0,Individual,5,High Risk,Manual Review
7062366,14000.0, 36 months,20.8,E,E1,8 years,RENT,48000.0,Source Verified,debt_consolidation,NJ,31.91,0.0,690.0,694.0,1.0,42.3,21.0,Individual,5,High Risk,Manual Review
6786958,35000.0, 60 months,22.2,E,E4,10+ years,RENT,120000.0,Verified,debt_consolidation,WY,7.86,4.0,675.0,679.0,3.0,84.3,26.0,Individual,5,High Risk,Manual Review
7072063,33950.0, 60 months,25.89,G,G3,10+ years,RENT,75696.0,Verified,credit_card,TX,31.42,0.0,685.0,689.0,2.0,47.9,28.0,Individual,5,High Risk,Manual Review
7092116,24000.0, 60 months,25.28,F,F5,10+ years,RENT,71194.0,Verified,debt_consolidation,NV,32.62,1.0,670.0,674.0,2.0,89.3,27.0,Individual,7,High Risk,Manual Review
7089807,23000.0, 60 months,24.08,F,F2,10+ years,MORTGAGE,59000.0,Source Verified,debt_consolidation,IN,30.24,0.0,670.0,674.0,3.0,73.7,45.0,Individual,5,High Risk,Manual Review
7090608,10000.0, 36 months,21.15,E,E2,7 years,RENT,36000.0,Verified,debt_consolidation,WV,33.07,1.0,670.0,674.0,1.0,80.1,10.0,Individual,7,High Risk,Manual Review
7081482,18000.0, 60 months,23.5,F,F1,10+ years,MORTGAGE,96600.0,Verified,debt_consolidation,WA,30.31,0.0,695.0,699.0,2.0,74.1,29.0,Individual,5,High Risk,Manual Review
7091234,15000.0, 60 months,21.6,E,E3,10+ years,MORTGAGE,50000.0,Verified,debt_consolidation,MD,10.92,2.0,675.0,679.0,1.0,82.3,30.0,Individual,5,High Risk,Manual Review
7087321,12000.0, 60 months,24.5,F,F3,10+ years,MORTGAGE,90000.0,Source Verified,debt_consolidation,NY,24.93,1.0,680.0,684.0,1.0,89.8,30.0,Individual,5,High Risk,Manual Review
7051188,17000.0, 60 months,25.28,F,F5,5 years,RENT,43000.0,Source Verified,debt_consolidation,AR,34.44,0.0,660.0,664.0,2.0,94.4,36.0,Individual,6,High Risk,Manual Review
7090693,31825.0, 60 months,24.89,F,F4,6 years,MORTGAGE,82000.0,Source Verified,wedding,LA,32.65,0.0,705.0,709.0,1.0,64.8,29.0,Individual,5,High Risk,Manual Review
7050914,12000.0, 60 months,21.15,E,E2,< 1 year,RENT,45000.0,Source Verified,debt_consolidation,TX,34.64,0.0,695.0,699.0,1.0,59.4,22.0,Individual,5,High Risk,Manual Review
7100327,7500.0, 36 months,20.8,E,E1,9 years,RENT,49500.0,Verified,other,CA,30.38,0.0,670.0,674.0,0.0,96.1,31.0,Individual,6,High Risk,Manual Review
7094824,15250.0, 60 months,25.28,F,F5,10+ years,RENT,39000.0,Verified,small_business,CA,33.84,0.0,695.0,699.0,0.0,50.7,11.0,Individual,5,High Risk,Manual Review
7090211,3600.0, 36 months,24.5,F,F3,< 1 year,RENT,30000.0,Verified,debt_consolidation,AL,30.8,1.0,665.0,669.0,1.0,87.4,16.0,Individual,7,High Risk,Manual Review
7079933,25000.0, 60 months,20.8,E,E1,10+ years,MORTGAGE,180000.0,Source Verified,credit_card,NY,7.36,1.0,670.0,674.0,0.0,95.1,29.0,Individual,5,High Risk,Manual Review
7069866,11500.0, 60 months,21.6,E,E3,5 years,RENT,34000.0,Verified,debt_consolidation,NJ,32.79,0.0,690.0,694.0,0.0,67.5,21.0,Individual,5,High Risk,Manual Review
7079665,8725.0, 36 months,22.7,E,E5,8 years,MORTGAGE,64000.0,Not Verified,debt_consolidation,MO,27.36,1.0,675.0,679.0,3.0,80.1,20.0,Individual,5,High Risk,Manual Review
7086080,24000.0, 60 months,21.15,E,E2,2 years,MORTGAGE,70000.0,Source Verified,debt_consolidation,SC,33.0,0.0,720.0,724.0,0.0,80.5,21.0,Individual,6,High Risk,Manual Review
7069883,19075.0, 60 months,24.5,F,F3,10+ years,MORTGAGE,72000.0,Source Verified,debt_consolidation,IL,30.07,0.0,715.0,719.0,2.0,102.2,16.0,Individual,6,High Risk,Manual Review
7057594,12175.0, 60 months,24.08,F,F2,8 years,MORTGAGE,35000.0,Verified,debt_consolidation,NY,32.3,0.0,690.0,694.0,2.0,33.5,24.0,Individual,5,High Risk,Manual Review
7098480,27575.0, 60 months,22.7,E,E5,7 years,MORTGAGE,62000.0,Verified,debt_consolidation,IN,32.83,0.0,665.0,669.0,3.0,94.4,26.0,Individual,6,High Risk,Manual Review
7058974,35000.0, 60 months,23.5,F,F1,9 years,RENT,78000.0,Verified,debt_consolidation,CA,27.02,1.0,665.0,669.0,0.0,82.7,29.0,Individual,5,High Risk,Manual Review
6929662,25450.0, 36 months,21.15,E,E2,10+ years,RENT,57000.0,Verified,debt_consolidation,TX,30.9,0.0,685.0,689.0,1.0,87.7,21.0,Individual,6,High Risk,Manual Review
7088490,14100.0, 60 months,20.8,E,E1,< 1 year,RENT,40000.0,Source Verified,debt_consolidation,IL,31.47,1.0,695.0,699.0,2.0,67.7,31.0,Individual,6,High Risk,Manual Review
7068605,25000.0, 60 months,21.6,E,E3,10+ years,RENT,75000.0,Source Verified,credit_card,CO,30.16,0.0,685.0,689.0,0.0,87.9,18.0,Individual,6,High Risk,Manual Review
7058719,14000.0, 60 months,21.15,E,E2,3 years,MORTGAGE,97639.0,Verified,debt_consolidation,VA,33.91,0.0,705.0,709.0,4.0,59.5,61.0,Individual,5,High Risk,Manual Review
7058691,35000.0, 60 months,22.2,E,E4,10+ years,MORTGAGE,120000.0,Source Verified,debt_consolidation,TX,28.82,4.0,675.0,679.0,1.0,81.2,34.0,Individual,5,High Risk,Manual Review
7058788,10000.0, 36 months,22.7,E,E5,,RENT,75000.0,Source Verified,other,MA,21.39,2.0,660.0,664.0,1.0,85.0,27.0,Individual,5,High Risk,Manual Review
7088352,12000.0, 60 months,24.08,F,F2,10+ years,RENT,160000.0,Verified,moving,VA,21.29,3.0,680.0,684.0,1.0,93.8,72.0,Individual,5,High Risk,Manual Review
7164604,14500.0, 60 months,22.2,E,E4,10+ years,MORTGAGE,150000.0,Verified,credit_card,MI,3.58,1.0,660.0,664.0,1.0,99.0,25.0,Individual,5,High Risk,Manual Review
7144570,24000.0, 60 months,22.2,E,E4,10+ years,MORTGAGE,61740.0,Verified,debt_consolidation,TX,30.94,0.0,690.0,694.0,0.0,63.6,35.0,Individual,5,High Risk,Manual Review
7057839,7000.0, 36 months,16.78,C,C5,10+ years,MORTGAGE,32172.0,Source Verified,debt_consolidation,SC,33.08,2.0,660.0,664.0,0.0,88.0,30.0,Individual,5,High Risk,Manual Review
7098115,11700.0, 60 months,24.08,F,F2,10+ years,RENT,33580.78,Verified,debt_consolidation,CA,32.22,0.0,680.0,684.0,0.0,69.4,11.0,Individual,5,High Risk,Manual Review
7087722,20000.0, 60 months,23.5,F,F1,10+ years,MORTGAGE,90000.0,Verified,debt_consolidation,SC,12.9,1.0,685.0,689.0,2.0,93.1,37.0,Individual,5,High Risk,Manual Review
7068007,35000.0, 60 months,22.7,E,E5,1 year,RENT,200000.0,Source Verified,debt_consolidation,NY,8.36,2.0,685.0,689.0,0.0,89.9,24.0,Individual,5,High Risk,Manual Review
7067832,23675.0, 60 months,23.5,F,F1,10+ years,RENT,70000.0,Source Verified,debt_consolidation,WA,30.26,0.0,665.0,669.0,1.0,82.1,36.0,Individual,6,High Risk,Manual Review
6928583,20000.0, 60 months,25.8,G,G1,10+ years,MORTGAGE,90000.0,Verified,debt_consolidation,MD,23.48,3.0,660.0,664.0,1.0,99.0,24.0,Individual,5,High Risk,Manual Review
6934739,35000.0, 60 months,24.89,F,F4,9 years,OWN,120000.0,Verified,house,TX,12.4,2.0,670.0,674.0,1.0,85.6,15.0,Individual,5,High Risk,Manual Review
7086505,10400.0, 36 months,15.88,C,C4,6 years,MORTGAGE,58000.0,Verified,debt_consolidation,VA,31.2,2.0,690.0,694.0,1.0,104.4,38.0,Individual,5,High Risk,Manual Review
7097447,35000.0, 60 months,25.89,G,G3,10+ years,OWN,95000.0,Verified,debt_consolidation,NY,17.08,6.0,660.0,664.0,2.0,86.7,37.0,Individual,5,High Risk,Manual Review
7097490,20000.0, 60 months,25.28,F,F5,3 years,RENT,82000.0,Verified,debt_consolidation,MD,34.79,0.0,670.0,674.0,2.0,24.8,53.0,Individual,5,High Risk,Manual Review
7057797,14400.0, 60 months,24.5,F,F3,2 years,RENT,40976.0,Verified,credit_card,MN,30.75,0.0,660.0,664.0,0.0,77.2,35.0,Individual,5,High Risk,Manual Review
7077269,25000.0, 60 months,24.5,F,F3,2 years,MORTGAGE,60000.0,Verified,debt_consolidation,IN,32.56,0.0,690.0,694.0,2.0,56.2,31.0,Individual,5,High Risk,Manual Review
7077329,21850.0, 60 months,20.8,E,E1,,RENT,49704.0,Verified,debt_consolidation,NY,32.25,0.0,665.0,669.0,0.0,62.3,27.0,Individual,5,High Risk,Manual Review
7077227,11625.0, 60 months,23.5,F,F1,6 years,RENT,34000.0,Source Verified,debt_consolidation,NY,32.86,0.0,665.0,669.0,1.0,84.1,21.0,Individual,6,High Risk,Manual Review
7077450,24375.0, 36 months,18.25,D,D2,10+ years,RENT,120000.0,Source Verified,debt_consolidation,CA,30.5,3.0,665.0,669.0,0.0,82.8,35.0,Individual,5,High Risk,Manual Review
7047309,12000.0, 60 months,21.6,E,E3,6 years,MORTGAGE,79000.0,Verified,debt_consolidation,PA,31.73,3.0,660.0,664.0,1.0,25.3,47.0,Individual,6,High Risk,Manual Review
7067243,32000.0, 36 months,21.6,E,E3,10+ years,MORTGAGE,95000.0,Source Verified,debt_consolidation,LA,15.16,4.0,675.0,679.0,1.0,82.1,46.0,Individual,5,High Risk,Manual Review
7096957,15000.0, 60 months,24.89,F,F4,10+ years,RENT,40000.0,Verified,debt_consolidation,AZ,32.4,0.0,665.0,669.0,0.0,55.8,18.0,Individual,5,High Risk,Manual Review
7006023,16000.0, 60 months,23.5,F,F1,5 years,MORTGAGE,98750.0,Verified,debt_consolidation,IL,21.64,1.0,670.0,674.0,2.0,86.0,29.0,Individual,5,High Risk,Manual Review
6925811,20000.0, 60 months,25.89,G,G3,10+ years,RENT,110000.0,Source Verified,other,PA,15.53,1.0,700.0,704.0,1.0,88.4,25.0,Individual,5,High Risk,Manual Review
6976057,10000.0, 36 months,18.85,D,D3,1 year,MORTGAGE,70000.0,Verified,debt_consolidation,SC,31.92,1.0,700.0,704.0,0.0,85.3,23.0,Individual,5,High Risk,Manual Review
7066749,30000.0, 60 months,25.83,G,G2,10+ years,RENT,84000.0,Source Verified,debt_consolidation,MN,22.66,1.0,660.0,664.0,1.0,96.8,14.0,Individual,5,High Risk,Manual Review
7056710,20000.0, 36 months,21.15,E,E2,10+ years,MORTGAGE,90000.0,Source Verified,home_improvement,MN,10.47,3.0,680.0,684.0,3.0,85.1,17.0,Individual,5,High Risk,Manual Review
7086678,3000.0, 60 months,21.15,E,E2,,MORTGAGE,30000.0,Verified,other,FL,31.36,0.0,700.0,704.0,1.0,47.2,33.0,Individual,5,High Risk,Manual Review
7086432,24000.0, 60 months,23.5,F,F1,10+ years,MORTGAGE,61000.0,Source Verified,credit_card,TX,31.69,0.0,685.0,689.0,1.0,64.8,44.0,Individual,5,High Risk,Manual Review
6827896,20000.0, 60 months,22.7,E,E5,10+ years,MORTGAGE,65000.0,Source Verified,credit_card,LA,34.36,0.0,665.0,669.0,1.0,75.8,42.0,Individual,5,High Risk,Manual Review
7046179,20125.0, 60 months,22.2,E,E4,8 years,OWN,45800.0,Verified,home_improvement,CO,33.93,0.0,660.0,664.0,0.0,69.2,33.0,Individual,5,High Risk,Manual Review
7065986,29175.0, 60 months,24.5,F,F3,6 years,MORTGAGE,65000.0,Source Verified,debt_consolidation,FL,25.88,4.0,670.0,674.0,1.0,93.7,34.0,Individual,5,High Risk,Manual Review
7075967,3000.0, 36 months,21.15,E,E2,8 years,RENT,26000.0,Not Verified,vacation,CA,21.05,1.0,660.0,664.0,0.0,81.8,13.0,Individual,5,High Risk,Manual Review
7085762,16000.0, 60 months,22.2,E,E4,10+ years,RENT,100000.0,Verified,debt_consolidation,NY,8.24,1.0,660.0,664.0,0.0,83.9,30.0,Individual,5,High Risk,Manual Review
6808542,18000.0, 60 months,23.5,F,F1,10+ years,MORTGAGE,101000.0,Verified,debt_consolidation,CA,17.73,1.0,665.0,669.0,1.0,81.4,31.0,Individual,5,High Risk,Manual Review
6809154,8000.0, 36 months,21.15,E,E2,1 year,MORTGAGE,25000.0,Verified,moving,OH,33.84,3.0,675.0,679.0,4.0,48.9,31.0,Individual,6,High Risk,Manual Review
7095505,12800.0, 60 months,23.5,F,F1,1 year,OWN,70200.0,Source Verified,other,FL,2.74,1.0,675.0,679.0,0.0,80.4,12.0,Individual,5,High Risk,Manual Review
6835473,11750.0, 60 months,21.15,E,E2,3 years,RENT,46000.0,Verified,other,UT,31.41,0.0,730.0,734.0,1.0,34.8,26.0,Individual,5,High Risk,Manual Review
7075451,35000.0, 60 months,21.6,E,E3,< 1 year,MORTGAGE,124000.0,Verified,home_improvement,CA,15.31,1.0,665.0,669.0,1.0,84.5,19.0,Individual,5,High Risk,Manual Review
7085264,10000.0, 60 months,23.5,F,F1,10+ years,RENT,38000.0,Source Verified,debt_consolidation,NV,31.89,0.0,660.0,664.0,0.0,78.0,35.0,Individual,5,High Risk,Manual Review
7065170,16000.0, 60 months,24.89,F,F4,10+ years,RENT,56000.0,Source Verified,debt_consolidation,NM,30.66,0.0,705.0,709.0,0.0,94.3,15.0,Individual,6,High Risk,Manual Review
7054686,24000.0, 36 months,21.15,E,E2,3 years,RENT,150000.0,Source Verified,small_business,GA,8.74,1.0,665.0,669.0,1.0,87.2,27.0,Individual,5,High Risk,Manual Review
6975866,24000.0, 60 months,21.6,E,E3,10+ years,MORTGAGE,78000.0,Source Verified,debt_consolidation,FL,22.83,1.0,660.0,664.0,0.0,94.2,22.0,Individual,5,High Risk,Manual Review
6956059,14675.0, 60 months,24.5,F,F3,8 years,MORTGAGE,42000.0,Verified,debt_consolidation,PA,12.6,1.0,670.0,674.0,1.0,98.6,26.0,Individual,5,High Risk,Manual Review
7005739,10500.0, 60 months,21.6,E,E3,7 years,MORTGAGE,54000.0,Verified,credit_card,MA,30.04,0.0,665.0,669.0,5.0,55.7,22.0,Individual,5,High Risk,Manual Review
6975583,18000.0, 60 months,24.89,F,F4,7 years,RENT,50000.0,Source Verified,debt_consolidation,CA,30.58,0.0,685.0,689.0,2.0,77.6,15.0,Individual,5,High Risk,Manual Review
6955885,10200.0, 60 months,21.6,E,E3,9 years,MORTGAGE,71000.0,Source Verified,debt_consolidation,GA,34.55,0.0,705.0,709.0,1.0,72.5,34.0,Individual,5,High Risk,Manual Review
6955686,20425.0, 60 months,24.89,F,F4,10+ years,MORTGAGE,67000.0,Verified,home_improvement,OK,34.51,0.0,675.0,679.0,2.0,42.6,24.0,Individual,5,High Risk,Manual Review
7005561,20000.0, 60 months,22.2,E,E4,10+ years,MORTGAGE,145000.0,Verified,debt_consolidation,VA,18.75,1.0,690.0,694.0,1.0,85.7,34.0,Individual,5,High Risk,Manual Review
6965676,11000.0, 36 months,22.7,E,E5,7 years,RENT,42000.0,Not Verified,debt_consolidation,TN,24.66,1.0,660.0,664.0,2.0,90.8,29.0,Individual,5,High Risk,Manual Review
6965686,22000.0, 60 months,24.89,F,F4,6 years,MORTGAGE,70000.0,Source Verified,credit_card,AZ,32.07,0.0,680.0,684.0,2.0,46.5,24.0,Individual,5,High Risk,Manual Review
6909110,30000.0, 60 months,22.2,E,E4,10+ years,MORTGAGE,86000.0,Verified,debt_consolidation,NJ,13.58,1.0,660.0,664.0,0.0,95.0,29.0,Individual,5,High Risk,Manual Review
7014796,15000.0, 60 months,21.6,E,E3,,MORTGAGE,81500.0,Verified,debt_consolidation,CO,32.58,0.0,700.0,704.0,2.0,88.7,29.0,Individual,6,High Risk,Manual Review
6954587,4000.0, 36 months,22.2,E,E4,10+ years,MORTGAGE,59700.0,Verified,medical,OH,31.22,0.0,665.0,669.0,1.0,57.9,18.0,Individual,5,High Risk,Manual Review
6909859,15000.0, 36 months,20.8,E,E1,4 years,OWN,40000.0,Not Verified,debt_consolidation,CA,14.58,1.0,665.0,669.0,1.0,88.9,23.0,Individual,5,High Risk,Manual Review
6889904,28000.0, 60 months,24.08,F,F2,8 years,RENT,103000.0,Verified,debt_consolidation,MI,13.22,1.0,675.0,679.0,1.0,84.8,23.0,Individual,5,High Risk,Manual Review
6698891,30000.0, 60 months,21.15,E,E2,6 years,RENT,73000.0,Verified,debt_consolidation,DC,30.05,0.0,695.0,699.0,0.0,74.9,31.0,Individual,5,High Risk,Manual Review
6806008,20000.0, 36 months,24.08,F,F2,2 years,MORTGAGE,127800.0,Verified,moving,CA,33.18,1.0,675.0,679.0,3.0,93.4,23.0,Individual,7,High Risk,Manual Review
6939393,16000.0, 60 months,22.7,E,E5,10+ years,RENT,55000.0,Verified,debt_consolidation,GA,32.88,0.0,690.0,694.0,3.0,52.8,35.0,Individual,5,High Risk,Manual Review
6889156,30000.0, 36 months,22.7,E,E5,10+ years,MORTGAGE,399000.0,Verified,small_business,SC,15.1,1.0,665.0,669.0,1.0,95.7,47.0,Individual,5,High Risk,Manual Review
6918867,13250.0, 60 months,24.89,F,F4,3 years,RENT,37440.0,Verified,debt_consolidation,OH,33.91,0.0,660.0,664.0,1.0,89.3,14.0,Individual,6,High Risk,Manual Review
6915444,17500.0, 36 months,20.8,E,E1,6 years,RENT,65000.0,Verified,debt_consolidation,TX,33.62,0.0,660.0,664.0,0.0,65.8,30.0,Individual,5,High Risk,Manual Review
6885724,15500.0, 60 months,24.08,F,F2,7 years,MORTGAGE,83000.0,Verified,debt_consolidation,TN,34.51,1.0,660.0,664.0,1.0,73.3,51.0,Individual,6,High Risk,Manual Review
6581988,35000.0, 60 months,22.2,E,E4,10+ years,MORTGAGE,100000.0,Verified,credit_card,WA,30.58,0.0,705.0,709.0,0.0,83.9,28.0,Individual,6,High Risk,Manual Review
6816459,33950.0, 60 months,25.99,G,G4,7 years,MORTGAGE,76198.0,Verified,debt_consolidation,UT,29.84,3.0,670.0,674.0,2.0,85.8,26.0,Individual,5,High Risk,Manual Review
6938155,12000.0, 60 months,22.7,E,E5,1 year,MORTGAGE,57500.0,Verified,debt_consolidation,TN,32.45,0.0,695.0,699.0,0.0,87.4,23.0,Individual,6,High Risk,Manual Review
6837300,14000.0, 60 months,24.08,F,F2,8 years,MORTGAGE,110000.0,Verified,home_improvement,MD,21.11,3.0,670.0,674.0,4.0,85.3,34.0,Individual,5,High Risk,Manual Review
6927183,18800.0, 60 months,24.5,F,F3,10+ years,RENT,53000.0,Verified,debt_consolidation,IL,23.3,2.0,665.0,669.0,1.0,84.7,29.0,Individual,5,High Risk,Manual Review
6917820,22150.0, 60 months,24.89,F,F4,10+ years,MORTGAGE,50000.0,Verified,debt_consolidation,LA,12.94,1.0,660.0,664.0,2.0,98.3,24.0,Individual,5,High Risk,Manual Review
6907839,35000.0, 60 months,24.89,F,F4,10+ years,MORTGAGE,115000.0,Source Verified,debt_consolidation,MN,14.56,1.0,670.0,674.0,0.0,89.2,25.0,Individual,5,High Risk,Manual Review
6917475,20000.0, 60 months,24.5,F,F3,< 1 year,RENT,49000.0,Verified,debt_consolidation,MO,30.43,0.0,720.0,724.0,2.0,47.1,24.0,Individual,5,High Risk,Manual Review
6937168,25000.0, 60 months,25.8,G,G1,7 years,RENT,75000.0,Verified,credit_card,AZ,30.4,0.0,660.0,664.0,0.0,84.6,63.0,Individual,6,High Risk,Manual Review
6917456,24000.0, 60 months,20.8,E,E1,10+ years,OWN,68000.0,Verified,debt_consolidation,FL,30.28,0.0,685.0,689.0,0.0,56.1,38.0,Individual,5,High Risk,Manual Review
6927368,20000.0, 36 months,21.15,E,E2,1 year,MORTGAGE,80000.0,Verified,credit_card,MI,34.95,1.0,690.0,694.0,0.0,95.5,45.0,Individual,7,High Risk,Manual Review
6906499,24000.0, 60 months,24.08,F,F2,5 years,MORTGAGE,55000.0,Verified,credit_card,HI,7.35,1.0,685.0,689.0,3.0,85.2,23.0,Individual,5,High Risk,Manual Review
6917107,16000.0, 60 months,20.8,E,E1,10+ years,MORTGAGE,155000.0,Verified,credit_card,IL,15.27,1.0,690.0,694.0,1.0,87.8,24.0,Individual,5,High Risk,Manual Review
6937014,25975.0, 60 months,25.28,F,F5,8 years,RENT,300000.0,Verified,debt_consolidation,NY,16.65,1.0,670.0,674.0,0.0,95.9,22.0,Individual,5,High Risk,Manual Review
5979178,30000.0, 60 months,23.5,F,F1,10+ years,MORTGAGE,148000.0,Source Verified,debt_consolidation,NY,13.47,1.0,670.0,674.0,0.0,90.0,28.0,Individual,5,High Risk,Manual Review
6926695,20500.0, 60 months,21.6,E,E3,9 years,MORTGAGE,45760.0,Verified,credit_card,TX,25.59,1.0,670.0,674.0,1.0,91.0,19.0,Individual,5,High Risk,Manual Review
6896669,10000.0, 60 months,24.5,F,F3,5 years,OWN,58000.0,Verified,other,MA,30.85,0.0,720.0,724.0,2.0,57.4,23.0,Individual,5,High Risk,Manual Review
6916607,12000.0, 60 months,21.6,E,E3,10+ years,MORTGAGE,35000.0,Verified,medical,VA,31.75,2.0,690.0,694.0,2.0,53.3,51.0,Individual,6,High Risk,Manual Review
6896054,16950.0, 60 months,25.28,F,F5,10+ years,OWN,38000.0,Verified,debt_consolidation,MI,13.74,1.0,660.0,664.0,4.0,85.2,29.0,Individual,5,High Risk,Manual Review
6896051,30000.0, 60 months,25.83,G,G2,6 years,MORTGAGE,175000.0,Verified,debt_consolidation,LA,32.97,3.0,660.0,664.0,0.0,32.7,43.0,Individual,6,High Risk,Manual Review
6886052,35000.0, 36 months,25.28,F,F5,10+ years,MORTGAGE,80000.0,Verified,debt_consolidation,PA,22.49,2.0,660.0,664.0,2.0,86.0,31.0,Individual,5,High Risk,Manual Review
6935975,25000.0, 60 months,25.89,G,G3,10+ years,RENT,80000.0,Verified,debt_consolidation,NV,34.79,0.0,665.0,669.0,2.0,78.3,46.0,Individual,5,High Risk,Manual Review
6895817,12000.0, 60 months,21.6,E,E3,10+ years,MORTGAGE,60000.0,Verified,debt_consolidation,IL,14.5,1.0,660.0,664.0,1.0,86.0,23.0,Individual,5,High Risk,Manual Review
6915800,30000.0, 60 months,21.15,E,E2,10+ years,MORTGAGE,105000.0,Verified,debt_consolidation,TX,30.51,0.0,730.0,734.0,4.0,46.4,36.0,Individual,5,High Risk,Manual Review
6895709,10000.0, 60 months,22.2,E,E4,9 years,MORTGAGE,60000.0,Verified,home_improvement,PA,30.46,1.0,695.0,699.0,3.0,91.5,23.0,Individual,7,High Risk,Manual Review
6895426,10050.0, 60 months,21.15,E,E2,5 years,MORTGAGE,40000.0,Verified,debt_consolidation,KY,30.42,0.0,660.0,664.0,0.0,89.1,23.0,Individual,6,High Risk,Manual Review
6895109,24000.0, 60 months,24.08,F,F2,5 years,MORTGAGE,57000.0,Verified,debt_consolidation,OR,26.0,1.0,660.0,664.0,0.0,95.3,14.0,Individual,5,High Risk,Manual Review
6935234,2100.0, 36 months,22.7,E,E5,< 1 year,MORTGAGE,50000.0,Not Verified,debt_consolidation,OK,28.58,1.0,660.0,664.0,1.0,87.0,14.0,Individual,5,High Risk,Manual Review
6915319,33425.0, 60 months,21.6,E,E3,10+ years,MORTGAGE,75000.0,Verified,debt_consolidation,CA,29.81,3.0,700.0,704.0,0.0,85.6,34.0,Individual,5,High Risk,Manual Review
6884999,30000.0, 60 months,22.2,E,E4,9 years,RENT,107000.0,Verified,debt_consolidation,VA,28.8,5.0,690.0,694.0,1.0,85.1,60.0,Individual,5,High Risk,Manual Review
6549804,35000.0, 60 months,22.2,E,E4,10+ years,MORTGAGE,114000.0,Verified,credit_card,VA,33.51,0.0,695.0,699.0,0.0,75.4,35.0,Individual,5,High Risk,Manual Review
6904925,12000.0, 60 months,24.08,F,F2,4 years,RENT,65000.0,Verified,debt_consolidation,VA,30.13,0.0,665.0,669.0,2.0,51.6,35.0,Individual,5,High Risk,Manual Review
6878195,6000.0, 36 months,18.25,D,D2,10+ years,RENT,45500.0,Verified,credit_card,TX,33.28,2.0,665.0,669.0,1.0,84.3,38.0,Individual,5,High Risk,Manual Review
6789781,35000.0, 60 months,22.2,E,E4,2 years,MORTGAGE,104000.0,Verified,debt_consolidation,CA,13.62,2.0,675.0,679.0,1.0,85.1,31.0,Individual,5,High Risk,Manual Review
6845355,23675.0, 36 months,21.6,E,E3,9 years,RENT,56000.0,Verified,credit_card,CA,30.26,0.0,670.0,674.0,1.0,76.9,12.0,Individual,5,High Risk,Manual Review
6829328,20000.0, 60 months,24.08,F,F2,4 years,MORTGAGE,130000.0,Verified,debt_consolidation,FL,31.26,0.0,665.0,669.0,1.0,61.0,60.0,Individual,5,High Risk,Manual Review
6877745,18725.0, 60 months,21.6,E,E3,10+ years,RENT,43000.0,Verified,credit_card,OH,30.45,0.0,690.0,694.0,0.0,91.5,16.0,Individual,6,High Risk,Manual Review
6877809,35000.0, 60 months,26.06,G,G5,10+ years,RENT,105000.0,Verified,debt_consolidation,CA,30.78,0.0,680.0,684.0,2.0,88.7,41.0,Individual,6,High Risk,Manual Review
6789100,25000.0, 60 months,25.28,F,F5,2 years,RENT,78000.0,Verified,debt_consolidation,CO,31.37,0.0,685.0,689.0,3.0,62.6,30.0,Individual,5,High Risk,Manual Review
6789116,35000.0, 60 months,22.7,E,E5,10+ years,MORTGAGE,140000.0,Source Verified,debt_consolidation,CT,17.97,1.0,660.0,664.0,1.0,100.7,21.0,Individual,5,High Risk,Manual Review
6809057,4500.0, 36 months,24.5,F,F3,1 year,OWN,15000.0,Not Verified,credit_card,WI,12.96,1.0,660.0,664.0,1.0,80.4,3.0,Individual,5,High Risk,Manual Review
6877167,35000.0, 60 months,23.5,F,F1,1 year,MORTGAGE,98000.0,Verified,debt_consolidation,VA,23.63,1.0,685.0,689.0,1.0,84.5,35.0,Individual,5,High Risk,Manual Review
6818517,35000.0, 60 months,24.5,F,F3,10+ years,RENT,195000.0,Verified,credit_card,AZ,10.97,3.0,690.0,694.0,2.0,80.2,31.0,Individual,5,High Risk,Manual Review
6817600,19500.0, 60 months,24.5,F,F3,10+ years,MORTGAGE,60000.0,Verified,credit_card,AL,31.56,1.0,665.0,669.0,4.0,59.7,32.0,Individual,6,High Risk,Manual Review
6818411,21200.0, 60 months,17.56,D,D1,7 years,MORTGAGE,73000.0,Verified,debt_consolidation,CA,32.1,1.0,695.0,699.0,0.0,91.2,14.0,Individual,5,High Risk,Manual Review
6836983,10000.0, 60 months,22.2,E,E4,10+ years,MORTGAGE,180000.0,Verified,credit_card,CA,18.85,2.0,700.0,704.0,1.0,101.9,31.0,Individual,5,High Risk,Manual Review
6699949,8000.0, 36 months,21.15,E,E2,10+ years,MORTGAGE,90000.0,Verified,debt_consolidation,IL,21.24,1.0,675.0,679.0,3.0,80.3,29.0,Individual,5,High Risk,Manual Review
6788358,12000.0, 60 months,21.15,E,E2,4 years,RENT,37000.0,Verified,debt_consolidation,SC,34.96,0.0,680.0,684.0,1.0,58.5,36.0,Individual,5,High Risk,Manual Review
6827579,10000.0, 60 months,24.08,F,F2,10+ years,OWN,36000.0,Verified,debt_consolidation,PA,32.6,0.0,715.0,719.0,2.0,55.3,17.0,Individual,5,High Risk,Manual Review
6817547,20500.0, 60 months,22.2,E,E4,2 years,OWN,46920.0,Verified,debt_consolidation,VA,34.94,0.0,670.0,674.0,0.0,77.4,32.0,Individual,5,High Risk,Manual Review
6817429,16750.0, 60 months,24.5,F,F3,5 years,RENT,43680.0,Verified,debt_consolidation,AZ,26.15,2.0,660.0,664.0,1.0,87.3,19.0,Individual,5,High Risk,Manual Review
6787395,25000.0, 60 months,24.89,F,F4,10+ years,MORTGAGE,60000.0,Verified,debt_consolidation,NC,33.1,0.0,660.0,664.0,0.0,89.7,36.0,Individual,6,High Risk,Manual Review
6815288,35000.0, 36 months,21.15,E,E2,10+ years,MORTGAGE,90000.0,Verified,home_improvement,MT,15.21,1.0,660.0,664.0,1.0,80.7,27.0,Individual,5,High Risk,Manual Review
6817070,16000.0, 60 months,25.8,G,G1,9 years,MORTGAGE,100000.0,Verified,debt_consolidation,TX,16.25,1.0,680.0,684.0,4.0,84.0,19.0,Individual,5,High Risk,Manual Review
6806956,16000.0, 60 months,21.6,E,E3,7 years,RENT,60000.0,Verified,debt_consolidation,FL,23.38,2.0,670.0,674.0,0.0,85.4,21.0,Individual,5,High Risk,Manual Review
6617861,35000.0, 60 months,21.6,E,E3,8 years,RENT,100000.0,Verified,credit_card,FL,33.83,0.0,705.0,709.0,0.0,91.7,28.0,Individual,6,High Risk,Manual Review
6816378,16000.0, 60 months,24.5,F,F3,5 years,RENT,43411.0,Verified,debt_consolidation,AL,17.64,2.0,665.0,669.0,0.0,87.5,14.0,Individual,5,High Risk,Manual Review
6786325,32350.0, 60 months,20.8,E,E1,7 years,MORTGAGE,72000.0,Verified,debt_consolidation,TX,27.4,2.0,670.0,674.0,1.0,90.5,23.0,Individual,5,High Risk,Manual Review
6816354,35000.0, 60 months,22.2,E,E4,10+ years,MORTGAGE,213400.0,Verified,credit_card,CA,34.8,0.0,705.0,709.0,0.0,94.5,25.0,Individual,6,High Risk,Manual Review
6805899,23500.0, 60 months,25.89,G,G3,2 years,RENT,60800.0,Verified,vacation,IL,23.15,1.0,665.0,669.0,1.0,87.4,37.0,Individual,5,High Risk,Manual Review
6795304,30000.0, 60 months,25.83,G,G2,10+ years,RENT,95000.0,Verified,debt_consolidation,NJ,32.07,1.0,665.0,669.0,4.0,71.5,33.0,Individual,6,High Risk,Manual Review
6706003,12400.0, 60 months,24.08,F,F2,1 year,MORTGAGE,67500.0,Verified,debt_consolidation,NH,31.5,2.0,685.0,689.0,1.0,70.1,33.0,Individual,6,High Risk,Manual Review
6815114,1000.0, 60 months,18.85,D,D3,10+ years,RENT,48000.0,Verified,debt_consolidation,IN,32.98,1.0,680.0,684.0,0.0,96.5,11.0,Individual,5,High Risk,Manual Review
6805564,12000.0, 60 months,24.08,F,F2,10+ years,MORTGAGE,35300.0,Verified,other,PA,31.34,0.0,665.0,669.0,0.0,94.6,22.0,Individual,6,High Risk,Manual Review
6835790,30000.0, 60 months,25.28,F,F5,10+ years,MORTGAGE,73000.0,Verified,debt_consolidation,MN,9.04,1.0,670.0,674.0,0.0,99.4,15.0,Individual,5,High Risk,Manual Review
6738400,14500.0, 60 months,24.08,F,F2,5 years,RENT,58000.0,Verified,debt_consolidation,GA,32.19,0.0,690.0,694.0,2.0,53.1,17.0,Individual,5,High Risk,Manual Review
6835354,26325.0, 60 months,25.8,G,G1,5 years,RENT,60000.0,Verified,debt_consolidation,CA,31.72,0.0,720.0,724.0,1.0,96.8,21.0,Individual,6,High Risk,Manual Review
6715036,35000.0, 60 months,23.5,F,F1,5 years,MORTGAGE,105500.0,Verified,credit_card,NJ,32.55,0.0,675.0,679.0,2.0,73.7,63.0,Individual,5,High Risk,Manual Review
6785106,8975.0, 36 months,20.31,D,D5,< 1 year,RENT,85229.0,Verified,credit_card,VA,32.45,1.0,670.0,674.0,0.0,95.5,21.0,Individual,5,High Risk,Manual Review
6699495,25000.0, 60 months,20.8,E,E1,4 years,RENT,130000.0,Verified,debt_consolidation,CA,8.19,1.0,660.0,664.0,0.0,86.7,29.0,Individual,5,High Risk,Manual Review
6288624,26375.0, 60 months,24.89,F,F4,2 years,RENT,60000.0,Verified,debt_consolidation,MD,21.38,3.0,675.0,679.0,0.0,88.3,46.0,Individual,5,High Risk,Manual Review
6765366,30000.0, 36 months,22.2,E,E4,10+ years,MORTGAGE,180000.0,Verified,other,TX,19.79,1.0,680.0,684.0,1.0,86.5,29.0,Individual,5,High Risk,Manual Review
6719885,23375.0, 60 months,23.5,F,F1,4 years,MORTGAGE,53500.0,Verified,debt_consolidation,KY,30.95,0.0,675.0,679.0,1.0,63.3,23.0,Individual,5,High Risk,Manual Review
6709774,25000.0, 60 months,25.89,G,G3,3 years,MORTGAGE,184800.0,Verified,debt_consolidation,NY,21.6,2.0,660.0,664.0,1.0,94.2,25.0,Individual,5,High Risk,Manual Review
6764904,35000.0, 36 months,20.8,E,E1,10+ years,OWN,100900.0,Verified,debt_consolidation,MD,33.67,5.0,670.0,674.0,2.0,81.5,19.0,Individual,7,High Risk,Manual Review
6627164,12000.0, 60 months,20.8,E,E1,10+ years,RENT,38000.0,Verified,debt_consolidation,MO,31.77,0.0,680.0,684.0,4.0,44.9,59.0,Individual,5,High Risk,Manual Review
6729073,5500.0, 36 months,21.6,E,E3,2 years,RENT,61286.0,Not Verified,debt_consolidation,CA,23.87,4.0,660.0,664.0,1.0,83.0,44.0,Individual,5,High Risk,Manual Review
6719128,14000.0, 36 months,20.8,E,E1,1 year,RENT,54081.0,Verified,credit_card,NY,30.48,2.0,665.0,669.0,1.0,79.8,40.0,Individual,6,High Risk,Manual Review
6738763,35000.0, 36 months,22.7,E,E5,9 years,MORTGAGE,500000.0,Verified,home_improvement,NY,10.67,2.0,680.0,684.0,1.0,85.0,38.0,Individual,5,High Risk,Manual Review
6728790,31300.0, 60 months,24.89,F,F4,9 years,MORTGAGE,70000.0,Verified,debt_consolidation,VA,32.95,1.0,665.0,669.0,1.0,54.2,34.0,Individual,6,High Risk,Manual Review
6728718,3600.0, 36 months,21.15,E,E2,2 years,RENT,56000.0,Verified,medical,VA,25.97,2.0,670.0,674.0,2.0,89.9,35.0,Individual,5,High Risk,Manual Review
6724920,25375.0, 60 months,22.7,E,E5,5 years,MORTGAGE,59321.0,Verified,debt_consolidation,PA,30.3,0.0,690.0,694.0,3.0,54.7,26.0,Individual,5,High Risk,Manual Review
6728712,15000.0, 60 months,23.5,F,F1,3 years,MORTGAGE,121000.0,Verified,debt_consolidation,TN,18.57,2.0,680.0,684.0,1.0,93.2,44.0,Individual,5,High Risk,Manual Review
6738607,4000.0, 36 months,20.8,E,E1,2 years,MORTGAGE,108000.0,Verified,other,OR,13.48,1.0,680.0,684.0,0.0,99.4,22.0,Individual,5,High Risk,Manual Review
6725761,15875.0, 60 months,24.89,F,F4,5 years,RENT,36000.0,Verified,debt_consolidation,NJ,33.66,4.0,660.0,664.0,2.0,35.2,23.0,Individual,6,High Risk,Manual Review
6718497,2000.0, 36 months,21.15,E,E2,10+ years,MORTGAGE,173500.0,Not Verified,medical,FL,23.58,2.0,660.0,664.0,0.0,84.9,36.0,Individual,5,High Risk,Manual Review
6728550,29000.0, 60 months,24.89,F,F4,10+ years,OWN,95000.0,Verified,debt_consolidation,FL,31.17,0.0,675.0,679.0,3.0,84.3,37.0,Individual,6,High Risk,Manual Review
6718274,15000.0, 60 months,22.2,E,E4,10+ years,RENT,61000.0,Verified,debt_consolidation,KY,33.48,4.0,665.0,669.0,0.0,72.9,29.0,Individual,6,High Risk,Manual Review
6728121,35000.0, 60 months,20.8,E,E1,10+ years,MORTGAGE,220000.0,Verified,credit_card,CA,8.93,1.0,690.0,694.0,2.0,94.1,23.0,Individual,5,High Risk,Manual Review
6707905,8000.0, 36 months,21.15,E,E2,10+ years,OWN,65000.0,Verified,medical,CA,34.19,0.0,675.0,679.0,2.0,65.9,27.0,Individual,5,High Risk,Manual Review
6625577,24575.0, 60 months,24.08,F,F2,10+ years,MORTGAGE,106000.0,Verified,credit_card,NJ,12.67,1.0,680.0,684.0,1.0,90.6,22.0,Individual,5,High Risk,Manual Review
6537685,18775.0, 60 months,16.78,C,C5,10+ years,MORTGAGE,70000.0,Verified,debt_consolidation,TN,33.65,1.0,700.0,704.0,0.0,87.1,33.0,Individual,5,High Risk,Manual Review
6707417,15875.0, 60 months,22.7,E,E5,10+ years,MORTGAGE,75000.0,Verified,debt_consolidation,MN,10.31,2.0,670.0,674.0,0.0,84.5,31.0,Individual,5,High Risk,Manual Review
6406398,12800.0, 60 months,24.08,F,F2,10+ years,MORTGAGE,39000.0,Verified,other,GA,33.02,0.0,725.0,729.0,1.0,78.6,18.0,Individual,5,High Risk,Manual Review
6234880,25050.0, 36 months,21.15,E,E2,10+ years,RENT,105000.0,Verified,debt_consolidation,CA,28.87,1.0,665.0,669.0,1.0,98.2,20.0,Individual,5,High Risk,Manual Review
6706615,18075.0, 60 months,24.89,F,F4,5 years,RENT,48000.0,Verified,debt_consolidation,MD,34.55,0.0,690.0,694.0,1.0,77.1,32.0,Individual,5,High Risk,Manual Review
6716313,35000.0, 60 months,24.08,F,F2,10+ years,MORTGAGE,115000.0,Verified,debt_consolidation,CO,21.55,1.0,660.0,664.0,1.0,84.8,48.0,Individual,5,High Risk,Manual Review
6704892,10000.0, 36 months,22.2,E,E4,,OWN,42000.0,Source Verified,other,SC,24.53,2.0,665.0,669.0,2.0,94.3,21.0,Individual,5,High Risk,Manual Review
6064819,35000.0, 36 months,22.7,E,E5,3 years,RENT,150000.0,Source Verified,debt_consolidation,NY,19.51,2.0,685.0,689.0,1.0,94.0,14.0,Individual,5,High Risk,Manual Review
6715781,15000.0, 60 months,22.7,E,E5,,MORTGAGE,55212.0,Verified,credit_card,IN,30.45,0.0,665.0,669.0,0.0,91.0,31.0,Individual,6,High Risk,Manual Review
6300828,5400.0, 36 months,23.5,F,F1,4 years,RENT,68000.0,Not Verified,credit_card,NY,13.57,1.0,665.0,669.0,1.0,81.6,7.0,Individual,5,High Risk,Manual Review
6705475,2000.0, 36 months,22.2,E,E4,5 years,OWN,70000.0,Verified,other,AZ,34.74,0.0,685.0,689.0,0.0,79.8,36.0,Individual,5,High Risk,Manual Review
6715423,6075.0, 36 months,15.22,C,C3,9 years,RENT,30000.0,Verified,debt_consolidation,CA,31.04,1.0,660.0,664.0,0.0,80.7,19.0,Individual,5,High Risk,Manual Review
6715182,2000.0, 36 months,21.15,E,E2,10+ years,RENT,110000.0,Verified,other,VA,32.45,0.0,670.0,674.0,2.0,84.2,27.0,Individual,6,High Risk,Manual Review
6694859,35000.0, 60 months,25.83,G,G2,10+ years,RENT,155000.0,Verified,debt_consolidation,CA,30.68,2.0,660.0,664.0,0.0,83.0,24.0,Individual,7,High Risk,Manual Review
6647819,18000.0, 36 months,20.8,E,E1,10+ years,MORTGAGE,50000.0,Verified,debt_consolidation,TX,34.13,0.0,695.0,699.0,4.0,63.9,24.0,Individual,5,High Risk,Manual Review
6607395,33000.0, 60 months,21.15,E,E2,10+ years,RENT,75000.0,Verified,debt_consolidation,NV,30.14,1.0,690.0,694.0,1.0,73.4,28.0,Individual,6,High Risk,Manual Review
6597764,19575.0, 60 months,21.15,E,E2,10+ years,MORTGAGE,62000.0,Verified,debt_consolidation,NJ,21.0,1.0,705.0,709.0,1.0,84.6,24.0,Individual,5,High Risk,Manual Review
6664669,15350.0, 36 months,21.15,E,E2,6 years,RENT,39000.0,Verified,other,CA,32.52,0.0,670.0,674.0,0.0,74.8,20.0,Individual,5,High Risk,Manual Review
6597573,15000.0, 60 months,22.2,E,E4,10+ years,MORTGAGE,60000.0,Verified,credit_card,MN,26.76,1.0,680.0,684.0,0.0,99.1,21.0,Individual,5,High Risk,Manual Review
6627559,17000.0, 36 months,21.15,E,E2,10+ years,RENT,60000.0,Not Verified,credit_card,CA,20.88,1.0,670.0,674.0,2.0,91.7,18.0,Individual,5,High Risk,Manual Review
6584686,16000.0, 60 months,24.08,F,F2,10+ years,MORTGAGE,59000.0,Verified,credit_card,IL,31.24,1.0,665.0,669.0,4.0,49.5,42.0,Individual,6,High Risk,Manual Review
6626901,16850.0, 60 months,24.5,F,F3,8 years,OWN,63000.0,Verified,debt_consolidation,TX,33.68,0.0,665.0,669.0,0.0,70.8,30.0,Individual,5,High Risk,Manual Review
6607038,18000.0, 60 months,25.28,F,F5,3 years,MORTGAGE,140000.0,Verified,debt_consolidation,VA,21.63,1.0,685.0,689.0,6.0,89.4,34.0,Individual,5,High Risk,Manual Review
6606831,15000.0, 60 months,22.2,E,E4,5 years,OWN,60000.0,Source Verified,debt_consolidation,CO,16.8,2.0,660.0,664.0,0.0,83.9,25.0,Individual,5,High Risk,Manual Review
6606833,32000.0, 60 months,25.28,F,F5,10+ years,MORTGAGE,80000.0,Verified,debt_consolidation,CO,31.27,0.0,685.0,689.0,3.0,84.2,28.0,Individual,6,High Risk,Manual Review
6573120,35000.0, 36 months,21.15,E,E2,10+ years,OWN,119000.0,Verified,debt_consolidation,CA,19.65,3.0,660.0,664.0,2.0,86.4,25.0,Individual,5,High Risk,Manual Review
6636943,12000.0, 60 months,22.7,E,E5,10+ years,MORTGAGE,110000.0,Verified,credit_card,NJ,12.53,3.0,665.0,669.0,2.0,87.2,44.0,Individual,5,High Risk,Manual Review
6596114,12000.0, 60 months,26.06,G,G5,2 years,RENT,260000.0,Source Verified,debt_consolidation,NY,8.25,3.0,665.0,669.0,2.0,97.3,20.0,Individual,5,High Risk,Manual Review
6646230,1750.0, 60 months,25.28,F,F5,10+ years,MORTGAGE,65000.0,Verified,other,NY,8.14,1.0,675.0,679.0,0.0,98.7,8.0,Individual,5,High Risk,Manual Review
6626228,18000.0, 36 months,20.8,E,E1,10+ years,MORTGAGE,82000.0,Verified,debt_consolidation,FL,22.54,2.0,660.0,664.0,5.0,82.4,38.0,Individual,5,High Risk,Manual Review
6645915,17550.0, 60 months,24.89,F,F4,2 years,MORTGAGE,64000.0,Verified,home_improvement,TX,34.31,0.0,680.0,684.0,1.0,50.1,20.0,Individual,5,High Risk,Manual Review
6595355,2200.0, 36 months,22.2,E,E4,9 years,RENT,52197.0,Verified,other,NC,33.11,0.0,660.0,664.0,0.0,77.9,25.0,Individual,5,High Risk,Manual Review
6572991,15000.0, 60 months,23.5,F,F1,10+ years,RENT,106000.0,Verified,small_business,TX,30.71,0.0,710.0,714.0,0.0,67.4,28.0,Individual,5,High Risk,Manual Review
6576116,20000.0, 60 months,21.6,E,E3,< 1 year,MORTGAGE,62700.0,Verified,debt_consolidation,GA,11.52,1.0,660.0,664.0,2.0,82.5,42.0,Individual,5,High Risk,Manual Review
6594846,17475.0, 60 months,24.89,F,F4,4 years,RENT,39010.0,Verified,credit_card,IL,32.02,0.0,660.0,664.0,3.0,47.9,36.0,Individual,5,High Risk,Manual Review
6532299,15400.0, 60 months,22.7,E,E5,10+ years,MORTGAGE,60000.0,Verified,debt_consolidation,NC,34.14,0.0,670.0,674.0,1.0,64.8,28.0,Individual,5,High Risk,Manual Review
6594625,12500.0, 60 months,21.15,E,E2,10+ years,MORTGAGE,43000.0,Verified,debt_consolidation,WI,31.15,1.0,680.0,684.0,1.0,41.9,25.0,Individual,6,High Risk,Manual Review
6523978,1000.0, 36 months,21.6,E,E3,4 years,RENT,65000.0,Not Verified,other,MI,29.45,1.0,685.0,689.0,0.0,86.5,38.0,Individual,5,High Risk,Manual Review
6543293,35000.0, 60 months,22.7,E,E5,< 1 year,RENT,113200.0,Source Verified,credit_card,SC,18.17,1.0,670.0,674.0,0.0,92.4,56.0,Individual,5,High Risk,Manual Review
6542615,12000.0, 60 months,24.5,F,F3,1 year,OWN,50000.0,Verified,other,AZ,31.13,1.0,695.0,699.0,0.0,46.7,25.0,Individual,6,High Risk,Manual Review
6532675,29175.0, 60 months,25.89,G,G3,2 years,RENT,65000.0,Verified,debt_consolidation,LA,33.34,0.0,675.0,679.0,2.0,75.3,16.0,Individual,5,High Risk,Manual Review
6548265,24925.0, 60 months,26.06,G,G5,3 years,MORTGAGE,73000.0,Verified,debt_consolidation,SC,26.09,6.0,665.0,669.0,2.0,91.4,23.0,Individual,5,High Risk,Manual Review
6551904,29175.0, 60 months,21.15,E,E2,10+ years,MORTGAGE,65000.0,Verified,debt_consolidation,AZ,33.64,0.0,715.0,719.0,0.0,94.6,16.0,Individual,6,High Risk,Manual Review
6571862,25000.0, 60 months,24.5,F,F3,8 years,MORTGAGE,67000.0,Verified,debt_consolidation,LA,31.84,0.0,680.0,684.0,4.0,29.3,42.0,Individual,5,High Risk,Manual Review
6521957,8000.0, 36 months,21.6,E,E3,10+ years,MORTGAGE,120000.0,Verified,other,VA,6.5,2.0,660.0,664.0,2.0,96.4,8.0,Individual,5,High Risk,Manual Review
6569709,19000.0, 60 months,22.7,E,E5,10+ years,MORTGAGE,75000.0,Verified,debt_consolidation,DE,22.74,1.0,680.0,684.0,0.0,92.2,14.0,Individual,5,High Risk,Manual Review
6551553,6625.0, 36 months,20.8,E,E1,< 1 year,RENT,32500.0,Verified,debt_consolidation,NC,33.6,0.0,680.0,684.0,2.0,67.0,14.0,Individual,5,High Risk,Manual Review
6521796,35000.0, 36 months,21.6,E,E3,< 1 year,OWN,150000.0,Verified,debt_consolidation,CA,13.13,3.0,670.0,674.0,3.0,83.6,34.0,Individual,5,High Risk,Manual Review
6521807,17000.0, 60 months,24.89,F,F4,2 years,MORTGAGE,39370.0,Verified,debt_consolidation,PA,14.48,3.0,665.0,669.0,2.0,84.0,29.0,Individual,5,High Risk,Manual Review
6551443,13300.0, 60 months,22.2,E,E4,10+ years,MORTGAGE,49800.0,Verified,debt_consolidation,WV,31.78,0.0,700.0,704.0,1.0,56.7,61.0,Individual,5,High Risk,Manual Review
6548194,23850.0, 60 months,24.89,F,F4,4 years,RENT,53000.0,Verified,debt_consolidation,TX,32.26,1.0,675.0,679.0,1.0,55.6,14.0,Individual,6,High Risk,Manual Review
6531471,10000.0, 60 months,22.2,E,E4,2 years,MORTGAGE,80000.0,Verified,home_improvement,PA,32.7,0.0,700.0,704.0,6.0,40.2,41.0,Individual,5,High Risk,Manual Review
6531327,4000.0, 60 months,24.08,F,F2,10+ years,MORTGAGE,45760.0,Verified,other,OK,30.34,0.0,715.0,719.0,0.0,85.1,14.0,Individual,6,High Risk,Manual Review
6551036,20500.0, 60 months,22.2,E,E4,10+ years,RENT,46903.0,Verified,credit_card,NY,33.16,0.0,680.0,684.0,1.0,76.9,43.0,Individual,5,High Risk,Manual Review
6538669,21725.0, 60 months,20.8,E,E1,5 years,MORTGAGE,55020.0,Verified,debt_consolidation,TX,32.63,2.0,730.0,734.0,1.0,64.4,29.0,Individual,6,High Risk,Manual Review
6567861,9200.0, 36 months,16.78,C,C5,9 years,MORTGAGE,65000.0,Verified,debt_consolidation,GA,30.87,1.0,660.0,664.0,0.0,84.7,33.0,Individual,5,High Risk,Manual Review
6540212,10000.0, 60 months,25.28,F,F5,2 years,RENT,29000.0,Verified,wedding,NY,32.73,0.0,680.0,684.0,1.0,60.5,11.0,Individual,5,High Risk,Manual Review
6520145,4500.0, 60 months,22.7,E,E5,,RENT,17000.0,Verified,debt_consolidation,GA,30.97,0.0,700.0,704.0,0.0,54.1,5.0,Individual,5,High Risk,Manual Review
6516728,12175.0, 60 months,21.15,E,E2,,OWN,35340.0,Verified,debt_consolidation,CA,33.01,0.0,690.0,694.0,1.0,81.6,15.0,Individual,6,High Risk,Manual Review
6529366,24000.0, 60 months,21.15,E,E2,< 1 year,RENT,60000.0,Verified,debt_consolidation,MA,32.1,0.0,715.0,719.0,0.0,27.9,30.0,Individual,5,High Risk,Manual Review
6175338,22750.0, 60 months,20.8,E,E1,10+ years,MORTGAGE,52000.0,Verified,debt_consolidation,FL,32.21,0.0,710.0,714.0,1.0,85.5,31.0,Individual,6,High Risk,Manual Review
5950352,35000.0, 60 months,21.15,E,E2,9 years,MORTGAGE,170000.0,Source Verified,debt_consolidation,GA,23.64,1.0,665.0,669.0,1.0,85.7,53.0,Individual,5,High Risk,Manual Review
6537813,20000.0, 36 months,21.6,E,E3,2 years,RENT,150000.0,Verified,debt_consolidation,TX,15.73,1.0,675.0,679.0,0.0,93.0,41.0,Individual,5,High Risk,Manual Review
6568965,10550.0, 60 months,21.6,E,E3,10+ years,MORTGAGE,108000.0,Verified,debt_consolidation,CA,31.07,1.0,695.0,699.0,0.0,58.1,51.0,Individual,6,High Risk,Manual Review
6538699,35000.0, 36 months,22.7,E,E5,4 years,MORTGAGE,160000.0,Verified,other,MD,15.6,1.0,665.0,669.0,1.0,82.0,26.0,Individual,5,High Risk,Manual Review
6518197,25000.0, 60 months,24.08,F,F2,,MORTGAGE,80000.0,Verified,home_improvement,CA,30.81,0.0,690.0,694.0,0.0,70.0,16.0,Individual,5,High Risk,Manual Review
6568327,24000.0, 60 months,22.2,E,E4,7 years,MORTGAGE,90000.0,Verified,debt_consolidation,NY,31.21,0.0,675.0,679.0,1.0,35.4,35.0,Individual,5,High Risk,Manual Review
5135384,18000.0, 60 months,24.08,F,F2,6 years,MORTGAGE,65000.0,Verified,major_purchase,KY,32.95,0.0,665.0,669.0,5.0,62.5,33.0,Individual,5,High Risk,Manual Review
5799401,35000.0, 60 months,25.83,G,G2,10+ years,MORTGAGE,95000.0,Verified,home_improvement,CA,31.38,1.0,690.0,694.0,1.0,83.7,34.0,Individual,7,High Risk,Manual Review
663428,3500.0, 36 months,22.7,E,E5,10+ years,RENT,59500.0,Not Verified,moving,CA,21.69,1.0,670.0,674.0,2.0,94.4,17.0,Individual,5,High Risk,Manual Review
6309480,20000.0, 60 months,22.7,E,E5,10+ years,MORTGAGE,80000.0,Source Verified,debt_consolidation,MI,16.31,1.0,660.0,664.0,0.0,94.1,29.0,Individual,5,High Risk,Manual Review
6454714,30225.0, 36 months,20.8,E,E1,4 years,MORTGAGE,75000.0,Verified,debt_consolidation,NC,34.56,3.0,680.0,684.0,0.0,46.4,31.0,Individual,6,High Risk,Manual Review
6517259,4000.0, 36 months,22.7,E,E5,2 years,RENT,23000.0,Verified,medical,FL,31.15,0.0,675.0,679.0,2.0,90.6,15.0,Individual,6,High Risk,Manual Review
6576127,7375.0, 60 months,24.5,F,F3,10+ years,RENT,50000.0,Verified,debt_consolidation,CA,23.62,1.0,680.0,684.0,0.0,86.8,22.0,Individual,5,High Risk,Manual Review
6405271,12000.0, 60 months,21.15,E,E2,10+ years,MORTGAGE,42000.0,Verified,debt_consolidation,MI,32.11,0.0,710.0,714.0,0.0,98.5,18.0,Individual,6,High Risk,Manual Review
6536578,17325.0, 60 months,23.5,F,F1,5 years,OWN,40040.0,Verified,debt_consolidation,NC,31.44,0.0,660.0,664.0,0.0,70.3,20.0,Individual,5,High Risk,Manual Review
6546730,23675.0, 60 months,24.89,F,F4,7 years,RENT,60000.0,Verified,debt_consolidation,PA,33.3,0.0,695.0,699.0,4.0,55.8,26.0,Individual,5,High Risk,Manual Review
6566509,26000.0, 60 months,24.89,F,F4,< 1 year,RENT,65000.0,Verified,debt_consolidation,MA,33.36,0.0,710.0,714.0,1.0,80.8,20.0,Individual,6,High Risk,Manual Review
6575823,35000.0, 36 months,20.8,E,E1,10+ years,MORTGAGE,400000.0,Source Verified,debt_consolidation,FL,13.13,2.0,705.0,709.0,2.0,82.1,36.0,Individual,5,High Risk,Manual Review
6536497,35000.0, 60 months,26.06,G,G5,< 1 year,RENT,80000.0,Verified,debt_consolidation,FL,20.06,2.0,695.0,699.0,0.0,100.1,16.0,Individual,5,High Risk,Manual Review
6384758,19200.0, 36 months,21.15,E,E2,10+ years,MORTGAGE,90000.0,Verified,debt_consolidation,WA,29.02,2.0,670.0,674.0,0.0,81.8,28.0,Individual,5,High Risk,Manual Review
6526325,35000.0, 60 months,25.89,G,G3,10+ years,MORTGAGE,150000.0,Verified,debt_consolidation,MD,29.72,1.0,700.0,704.0,1.0,82.6,33.0,Individual,5,High Risk,Manual Review
6404693,18000.0, 60 months,22.2,E,E4,10+ years,MORTGAGE,43000.0,Verified,credit_card,IL,30.78,0.0,705.0,709.0,4.0,93.7,22.0,Individual,6,High Risk,Manual Review
6406558,3000.0, 36 months,20.8,E,E1,8 years,OWN,28000.0,Verified,credit_card,NC,32.27,0.0,680.0,684.0,0.0,63.5,15.0,Individual,5,High Risk,Manual Review
6525089,2000.0, 60 months,24.89,F,F4,3 years,OWN,37000.0,Verified,other,MD,17.49,2.0,690.0,694.0,0.0,82.3,23.0,Individual,5,High Risk,Manual Review
6395424,14000.0, 60 months,22.2,E,E4,6 years,MORTGAGE,65000.0,Verified,credit_card,OH,29.08,1.0,665.0,669.0,2.0,81.2,24.0,Individual,5,High Risk,Manual Review
6395204,9000.0, 36 months,20.8,E,E1,4 years,RENT,49000.0,Verified,debt_consolidation,FL,31.67,0.0,660.0,664.0,1.0,41.6,48.0,Individual,5,High Risk,Manual Review
6445127,10000.0, 60 months,20.8,E,E1,10+ years,MORTGAGE,40000.0,Verified,debt_consolidation,FL,32.52,2.0,670.0,674.0,0.0,71.6,40.0,Individual,6,High Risk,Manual Review
6177871,19600.0, 36 months,22.2,E,E4,10+ years,RENT,90000.0,Verified,other,NY,31.21,0.0,670.0,674.0,0.0,49.8,32.0,Individual,5,High Risk,Manual Review
6574927,5125.0, 60 months,23.5,F,F1,10+ years,OWN,61000.0,Verified,debt_consolidation,WA,33.09,0.0,685.0,689.0,2.0,91.9,26.0,Individual,6,High Risk,Manual Review
6544599,20000.0, 36 months,21.15,E,E2,< 1 year,MORTGAGE,81000.0,Verified,other,TX,34.95,0.0,675.0,679.0,0.0,89.4,50.0,Individual,6,High Risk,Manual Review
6179411,6075.0, 60 months,24.08,F,F2,4 years,MORTGAGE,30000.0,Verified,other,SC,31.72,0.0,700.0,704.0,0.0,32.2,18.0,Individual,5,High Risk,Manual Review
6374849,21725.0, 60 months,23.5,F,F1,10+ years,RENT,49000.0,Verified,debt_consolidation,FL,30.86,0.0,695.0,699.0,0.0,87.1,14.0,Individual,6,High Risk,Manual Review
6395866,23325.0, 60 months,24.89,F,F4,10+ years,MORTGAGE,165000.0,Verified,small_business,NY,2.83,2.0,660.0,664.0,0.0,97.5,16.0,Individual,5,High Risk,Manual Review
6455264,10000.0, 60 months,24.5,F,F3,10+ years,RENT,55000.0,Verified,debt_consolidation,CA,31.11,0.0,705.0,709.0,1.0,97.8,19.0,Individual,6,High Risk,Manual Review
6455006,14400.0, 60 months,22.2,E,E4,10+ years,MORTGAGE,50000.0,Verified,debt_consolidation,WV,28.73,1.0,665.0,669.0,2.0,90.2,22.0,Individual,5,High Risk,Manual Review
5884795,20000.0, 60 months,22.7,E,E5,10+ years,MORTGAGE,85000.0,Source Verified,debt_consolidation,GA,19.72,1.0,695.0,699.0,0.0,94.5,21.0,Individual,5,High Risk,Manual Review
5979528,12000.0, 36 months,18.25,D,D2,5 years,RENT,57000.0,Verified,debt_consolidation,PA,33.94,1.0,665.0,669.0,2.0,82.8,38.0,Individual,5,High Risk,Manual Review
6386489,17150.0, 60 months,25.28,F,F5,1 year,RENT,40000.0,Source Verified,debt_consolidation,TN,30.48,0.0,670.0,674.0,4.0,61.5,14.0,Individual,5,High Risk,Manual Review
6406337,15000.0, 60 months,22.2,E,E4,3 years,MORTGAGE,79000.0,Verified,home_improvement,SD,14.87,1.0,700.0,704.0,1.0,84.1,31.0,Individual,5,High Risk,Manual Review
6406290,12000.0, 60 months,24.89,F,F4,10+ years,MORTGAGE,115000.0,Verified,debt_consolidation,NC,19.83,1.0,660.0,664.0,0.0,92.8,42.0,Individual,5,High Risk,Manual Review
6386283,21000.0, 36 months,20.8,E,E1,,OWN,88453.0,Verified,debt_consolidation,LA,30.61,0.0,665.0,669.0,1.0,85.5,58.0,Individual,6,High Risk,Manual Review
6386208,10500.0, 36 months,21.15,E,E2,10+ years,RENT,72000.0,Verified,other,VA,30.1,0.0,665.0,669.0,0.0,57.6,31.0,Individual,5,High Risk,Manual Review
6386111,23000.0, 36 months,21.15,E,E2,10+ years,RENT,81150.0,Verified,debt_consolidation,CA,24.18,3.0,670.0,674.0,0.0,97.3,33.0,Individual,5,High Risk,Manual Review
6416165,15000.0, 60 months,25.8,G,G1,7 years,RENT,65000.0,Verified,debt_consolidation,NV,33.77,1.0,670.0,674.0,1.0,81.0,28.0,Individual,7,High Risk,Manual Review
6386002,19650.0, 36 months,20.8,E,E1,4 years,MORTGAGE,90005.0,Verified,debt_consolidation,AL,30.76,1.0,705.0,709.0,1.0,66.7,28.0,Individual,6,High Risk,Manual Review
6374603,35000.0, 60 months,23.5,F,F1,10+ years,MORTGAGE,140000.0,Source Verified,debt_consolidation,WV,18.52,3.0,670.0,674.0,1.0,91.6,60.0,Individual,5,High Risk,Manual Review
5954648,5000.0, 36 months,22.7,E,E5,10+ years,MORTGAGE,50000.0,Verified,other,AL,34.42,1.0,660.0,664.0,0.0,91.0,30.0,Individual,7,High Risk,Manual Review
6375746,35000.0, 60 months,22.2,E,E4,1 year,RENT,95000.0,Verified,credit_card,NY,20.54,1.0,660.0,664.0,1.0,91.2,22.0,Individual,5,High Risk,Manual Review
6170738,35000.0, 36 months,21.15,E,E2,1 year,MORTGAGE,100000.0,Verified,debt_consolidation,CA,18.54,1.0,680.0,684.0,1.0,95.8,17.0,Individual,5,High Risk,Manual Review
6385210,10800.0, 36 months,21.15,E,E2,5 years,MORTGAGE,54736.0,Source Verified,other,TN,17.03,1.0,685.0,689.0,6.0,89.8,26.0,Individual,5,High Risk,Manual Review
6326936,28750.0, 60 months,25.28,F,F5,10+ years,RENT,76000.0,Verified,debt_consolidation,CA,13.06,1.0,700.0,704.0,1.0,82.4,36.0,Individual,5,High Risk,Manual Review
6331815,4800.0, 36 months,20.8,E,E1,5 years,OWN,42604.0,Verified,other,NY,31.12,1.0,670.0,674.0,0.0,95.0,28.0,Individual,7,High Risk,Manual Review
6374617,18000.0, 60 months,22.7,E,E5,2 years,MORTGAGE,150000.0,Verified,debt_consolidation,MN,31.36,0.0,685.0,689.0,1.0,81.8,23.0,Individual,6,High Risk,Manual Review
6301788,21000.0, 60 months,24.5,F,F3,8 years,MORTGAGE,142000.0,Verified,debt_consolidation,MO,34.22,0.0,700.0,704.0,1.0,77.0,60.0,Individual,5,High Risk,Manual Review
6321979,14500.0, 36 months,17.56,D,D1,8 years,RENT,72000.0,Verified,debt_consolidation,CA,33.37,2.0,695.0,699.0,0.0,89.7,44.0,Individual,5,High Risk,Manual Review
6301669,18550.0, 60 months,23.5,F,F1,5 years,MORTGAGE,55000.0,Verified,debt_consolidation,NH,19.88,2.0,660.0,664.0,0.0,83.4,19.0,Individual,5,High Risk,Manual Review
6301547,18000.0, 36 months,20.8,E,E1,,OWN,57165.6,Verified,debt_consolidation,TX,31.99,0.0,675.0,679.0,2.0,81.9,63.0,Individual,6,High Risk,Manual Review
6291235,24575.0, 60 months,24.5,F,F3,10+ years,MORTGAGE,55000.0,Verified,debt_consolidation,IN,22.95,1.0,680.0,684.0,1.0,80.1,21.0,Individual,5,High Risk,Manual Review
6290999,15000.0, 60 months,24.89,F,F4,3 years,MORTGAGE,105000.0,Verified,other,FL,30.43,0.0,705.0,709.0,1.0,59.6,40.0,Individual,5,High Risk,Manual Review
6330959,15000.0, 36 months,20.8,E,E1,10+ years,RENT,67691.0,Verified,debt_consolidation,WA,30.33,0.0,680.0,684.0,0.0,75.2,15.0,Individual,5,High Risk,Manual Review
6319684,15000.0, 60 months,21.6,E,E3,10+ years,MORTGAGE,81000.0,Verified,debt_consolidation,OH,33.96,0.0,700.0,704.0,3.0,63.5,32.0,Individual,5,High Risk,Manual Review
6190883,21125.0, 60 months,23.5,F,F1,10+ years,MORTGAGE,47000.0,Verified,debt_consolidation,NC,31.38,0.0,695.0,699.0,0.0,76.1,21.0,Individual,5,High Risk,Manual Review
6320552,30000.0, 36 months,20.8,E,E1,10+ years,MORTGAGE,81000.0,Verified,debt_consolidation,GA,30.48,0.0,675.0,679.0,2.0,72.2,33.0,Individual,5,High Risk,Manual Review
6330463,24000.0, 60 months,24.5,F,F3,10+ years,MORTGAGE,85000.0,Source Verified,debt_consolidation,GA,24.71,1.0,670.0,674.0,0.0,86.4,57.0,Individual,5,High Risk,Manual Review
6295834,21250.0, 60 months,21.15,E,E2,10+ years,MORTGAGE,48000.0,Verified,debt_consolidation,TN,19.98,1.0,670.0,674.0,1.0,80.7,32.0,Individual,5,High Risk,Manual Review
6320316,35000.0, 60 months,21.6,E,E3,< 1 year,RENT,170000.0,Verified,debt_consolidation,MN,20.65,2.0,675.0,679.0,0.0,94.2,58.0,Individual,5,High Risk,Manual Review
6330220,19825.0, 60 months,24.08,F,F2,10+ years,MORTGAGE,47000.0,Verified,debt_consolidation,NC,33.19,0.0,680.0,684.0,1.0,70.1,24.0,Individual,5,High Risk,Manual Review
6309906,15000.0, 36 months,21.15,E,E2,10+ years,OWN,51000.0,Verified,credit_card,KY,31.23,0.0,675.0,679.0,2.0,63.2,36.0,Individual,5,High Risk,Manual Review
6309839,26250.0, 60 months,24.89,F,F4,10+ years,MORTGAGE,114000.0,Verified,debt_consolidation,AZ,21.76,1.0,670.0,674.0,2.0,85.2,32.0,Individual,5,High Risk,Manual Review
6306995,28625.0, 60 months,25.8,G,G1,10+ years,RENT,64000.0,Verified,debt_consolidation,FL,30.96,0.0,680.0,684.0,0.0,87.9,16.0,Individual,6,High Risk,Manual Review
5937141,27575.0, 60 months,24.89,F,F4,8 years,MORTGAGE,116000.0,Verified,home_improvement,NJ,15.07,1.0,660.0,664.0,2.0,90.7,34.0,Individual,5,High Risk,Manual Review
6309073,2000.0, 36 months,21.15,E,E2,10+ years,RENT,60000.0,Verified,vacation,FL,7.6,1.0,660.0,664.0,0.0,101.7,14.0,Individual,5,High Risk,Manual Review
5865285,19000.0, 60 months,22.7,E,E5,3 years,RENT,50000.0,Verified,debt_consolidation,MA,34.27,0.0,700.0,704.0,0.0,95.2,28.0,Individual,6,High Risk,Manual Review
6289030,35000.0, 60 months,22.2,E,E4,5 years,MORTGAGE,116000.0,Verified,debt_consolidation,SC,25.85,1.0,665.0,669.0,0.0,85.2,38.0,Individual,5,High Risk,Manual Review
6298740,28000.0, 60 months,23.5,F,F1,9 years,MORTGAGE,92000.0,Source Verified,credit_card,IN,17.19,1.0,670.0,674.0,1.0,83.4,18.0,Individual,5,High Risk,Manual Review
6295867,18000.0, 60 months,21.15,E,E2,3 years,RENT,96600.0,Verified,debt_consolidation,AZ,20.48,1.0,670.0,674.0,0.0,87.1,48.0,Individual,5,High Risk,Manual Review
6298310,5000.0, 36 months,21.15,E,E2,3 years,MORTGAGE,130000.0,Verified,wedding,SC,9.21,1.0,675.0,679.0,1.0,91.6,12.0,Individual,5,High Risk,Manual Review
6298405,35000.0, 60 months,25.83,G,G2,10+ years,MORTGAGE,123000.0,Verified,moving,TX,31.33,1.0,665.0,669.0,1.0,86.4,37.0,Individual,7,High Risk,Manual Review
6328181,2000.0, 36 months,22.2,E,E4,10+ years,MORTGAGE,65500.0,Verified,other,FL,31.27,0.0,660.0,664.0,0.0,61.7,29.0,Individual,5,High Risk,Manual Review
6317924,20675.0, 60 months,23.5,F,F1,< 1 year,RENT,46500.0,Verified,debt_consolidation,TX,31.48,1.0,685.0,689.0,0.0,95.8,19.0,Individual,7,High Risk,Manual Review
6287573,15500.0, 60 months,24.89,F,F4,6 years,MORTGAGE,58000.0,Verified,debt_consolidation,TN,33.91,0.0,675.0,679.0,3.0,58.9,31.0,Individual,5,High Risk,Manual Review
6297506,21850.0, 60 months,22.2,E,E4,5 years,RENT,50000.0,Verified,debt_consolidation,WA,31.7,0.0,700.0,704.0,0.0,88.2,24.0,Individual,6,High Risk,Manual Review
6234711,35000.0, 60 months,23.5,F,F1,7 years,RENT,82000.0,Verified,debt_consolidation,VA,22.68,1.0,675.0,679.0,1.0,82.0,20.0,Individual,5,High Risk,Manual Review
6297371,22400.0, 36 months,21.6,E,E3,2 years,RENT,70800.0,Verified,credit_card,CA,16.39,1.0,660.0,664.0,0.0,81.1,18.0,Individual,5,High Risk,Manual Review
6296667,35000.0, 60 months,24.5,F,F3,10+ years,MORTGAGE,150000.0,Verified,credit_card,GA,26.14,9.0,660.0,664.0,0.0,83.5,39.0,Individual,5,High Risk,Manual Review
6189745,12000.0, 60 months,22.2,E,E4,1 year,RENT,35000.0,Verified,debt_consolidation,TX,30.71,0.0,660.0,664.0,0.0,90.1,12.0,Individual,6,High Risk,Manual Review
6306379,3600.0, 36 months,20.8,E,E1,8 years,OWN,40000.0,Verified,vacation,WI,34.38,0.0,700.0,704.0,0.0,88.8,18.0,Individual,6,High Risk,Manual Review
6316289,30000.0, 60 months,24.5,F,F3,9 years,MORTGAGE,133000.0,Verified,other,TN,7.1,2.0,690.0,694.0,0.0,80.4,31.0,Individual,5,High Risk,Manual Review
6305717,16000.0, 60 months,24.08,F,F2,1 year,RENT,65000.0,Verified,car,CO,9.62,1.0,660.0,664.0,1.0,87.2,12.0,Individual,5,High Risk,Manual Review
6245057,35000.0, 60 months,21.15,E,E2,1 year,MORTGAGE,330000.0,Source Verified,debt_consolidation,VA,8.27,3.0,660.0,664.0,0.0,90.4,45.0,Individual,5,High Risk,Manual Review
6325704,28000.0, 60 months,24.5,F,F3,4 years,MORTGAGE,81000.0,Source Verified,debt_consolidation,SC,20.9,1.0,670.0,674.0,1.0,89.4,50.0,Individual,5,High Risk,Manual Review
6295568,16000.0, 60 months,24.08,F,F2,5 years,RENT,46350.0,Verified,debt_consolidation,SC,32.49,0.0,675.0,679.0,1.0,61.7,41.0,Individual,5,High Risk,Manual Review
6325289,27225.0, 60 months,22.7,E,E5,2 years,RENT,62000.0,Verified,debt_consolidation,VA,31.88,0.0,690.0,694.0,1.0,63.8,21.0,Individual,5,High Risk,Manual Review
6324853,1300.0, 36 months,20.8,E,E1,,RENT,24000.0,Verified,other,WI,34.8,0.0,665.0,669.0,0.0,81.7,14.0,Individual,6,High Risk,Manual Review
6324593,30000.0, 60 months,24.89,F,F4,10+ years,MORTGAGE,71000.0,Verified,home_improvement,IN,20.48,1.0,665.0,669.0,1.0,83.9,24.0,Individual,5,High Risk,Manual Review
6235405,16000.0, 60 months,22.7,E,E5,6 years,RENT,60000.0,Verified,debt_consolidation,MA,34.32,0.0,680.0,684.0,1.0,7.3,53.0,Individual,5,High Risk,Manual Review
6245431,35000.0, 60 months,20.8,E,E1,7 years,MORTGAGE,135000.0,Verified,debt_consolidation,OK,10.12,2.0,675.0,679.0,0.0,84.6,53.0,Individual,5,High Risk,Manual Review
6265438,20000.0, 36 months,22.2,E,E4,2 years,RENT,230000.0,Verified,other,CO,10.46,1.0,665.0,669.0,0.0,82.3,20.0,Individual,5,High Risk,Manual Review
6210449,13750.0, 60 months,22.2,E,E4,8 years,MORTGAGE,43000.0,Verified,debt_consolidation,TX,30.08,1.0,675.0,679.0,0.0,53.9,23.0,Individual,6,High Risk,Manual Review
5875472,25000.0, 60 months,20.8,E,E1,10+ years,MORTGAGE,73000.0,Verified,debt_consolidation,TX,33.44,0.0,710.0,714.0,2.0,61.2,27.0,Individual,5,High Risk,Manual Review
5695254,32875.0, 60 months,23.5,F,F1,10+ years,MORTGAGE,74000.0,Verified,debt_consolidation,IL,30.16,0.0,700.0,704.0,3.0,25.6,32.0,Individual,5,High Risk,Manual Review
6265186,1500.0, 36 months,22.2,E,E4,8 years,RENT,43000.0,Verified,other,CA,32.29,0.0,700.0,704.0,1.0,68.8,19.0,Individual,5,High Risk,Manual Review
6224854,5600.0, 36 months,15.88,C,C4,7 years,RENT,30000.0,Verified,credit_card,FL,30.08,1.0,665.0,669.0,0.0,83.4,21.0,Individual,5,High Risk,Manual Review
6244705,32000.0, 60 months,21.6,E,E3,6 years,RENT,87500.0,Verified,credit_card,MA,19.31,1.0,680.0,684.0,0.0,94.9,16.0,Individual,5,High Risk,Manual Review
6254614,22750.0, 60 months,22.2,E,E4,10+ years,RENT,52000.0,Verified,debt_consolidation,OH,25.82,4.0,670.0,674.0,0.0,82.4,23.0,Individual,5,High Risk,Manual Review
6170810,28625.0, 60 months,21.15,E,E2,10+ years,MORTGAGE,63696.0,Verified,debt_consolidation,TN,33.85,0.0,695.0,699.0,1.0,74.8,28.0,Individual,5,High Risk,Manual Review
6208138,31825.0, 60 months,21.6,E,E3,10+ years,MORTGAGE,98315.0,Verified,credit_card,MD,14.98,1.0,675.0,679.0,0.0,85.3,47.0,Individual,5,High Risk,Manual Review
6160454,10000.0, 36 months,23.5,F,F1,10+ years,MORTGAGE,146304.9,Not Verified,debt_consolidation,LA,19.81,2.0,675.0,679.0,3.0,96.8,50.0,Individual,5,High Risk,Manual Review
6209826,22250.0, 60 months,23.5,F,F1,10+ years,RENT,82000.0,Verified,debt_consolidation,IL,30.8,1.0,705.0,709.0,2.0,39.4,17.0,Individual,6,High Risk,Manual Review
6160379,19600.0, 60 months,24.89,F,F4,6 years,RENT,114000.0,Verified,debt_consolidation,CO,22.36,1.0,670.0,674.0,0.0,98.3,31.0,Individual,5,High Risk,Manual Review
6170235,15000.0, 60 months,25.89,G,G3,10+ years,MORTGAGE,500000.0,Verified,other,NY,10.03,1.0,705.0,709.0,4.0,93.8,30.0,Individual,5,High Risk,Manual Review
5855226,12000.0, 36 months,20.8,E,E1,10+ years,RENT,65000.0,Verified,debt_consolidation,WA,33.34,0.0,685.0,689.0,1.0,44.3,38.0,Individual,5,High Risk,Manual Review
6209173,16000.0, 60 months,25.28,F,F5,10+ years,MORTGAGE,95000.0,Verified,other,NC,30.63,0.0,680.0,684.0,2.0,85.5,37.0,Individual,6,High Risk,Manual Review
5938548,35000.0, 60 months,25.99,G,G4,3 years,MORTGAGE,105000.0,Verified,debt_consolidation,MD,30.49,4.0,670.0,674.0,2.0,89.1,39.0,Individual,7,High Risk,Manual Review
6169515,30000.0, 60 months,24.89,F,F4,10+ years,MORTGAGE,80000.0,Verified,debt_consolidation,GA,12.65,1.0,690.0,694.0,1.0,82.9,36.0,Individual,5,High Risk,Manual Review
6159328,15000.0, 60 months,22.7,E,E5,3 years,RENT,50000.0,Verified,debt_consolidation,NY,32.38,0.0,670.0,674.0,1.0,47.5,36.0,Individual,5,High Risk,Manual Review
6178289,12000.0, 60 months,20.8,E,E1,7 years,RENT,37000.0,Verified,major_purchase,CA,32.53,0.0,670.0,674.0,0.0,83.3,16.0,Individual,6,High Risk,Manual Review
6158519,15000.0, 60 months,22.2,E,E4,7 years,RENT,57000.0,Verified,debt_consolidation,CA,32.4,1.0,660.0,664.0,0.0,88.5,14.0,Individual,7,High Risk,Manual Review
6188353,24375.0, 60 months,25.83,G,G2,10+ years,MORTGAGE,72000.0,Verified,debt_consolidation,CA,27.08,2.0,660.0,664.0,3.0,85.0,32.0,Individual,5,High Risk,Manual Review
6188449,35000.0, 60 months,21.6,E,E3,4 years,MORTGAGE,80000.0,Verified,debt_consolidation,UT,30.37,0.0,720.0,724.0,0.0,67.7,37.0,Individual,5,High Risk,Manual Review
6188488,15250.0, 36 months,20.8,E,E1,6 years,RENT,39500.0,Verified,other,AK,32.05,0.0,725.0,729.0,2.0,44.4,38.0,Individual,5,High Risk,Manual Review
6168252,16000.0, 60 months,25.28,F,F5,10+ years,RENT,44000.0,Verified,debt_consolidation,TX,29.02,1.0,665.0,669.0,1.0,88.9,29.0,Individual,5,High Risk,Manual Review
5762476,12000.0, 60 months,24.89,F,F4,10+ years,MORTGAGE,60000.0,Verified,debt_consolidation,TX,30.38,0.0,665.0,669.0,3.0,56.3,34.0,Individual,5,High Risk,Manual Review
6178138,22250.0, 60 months,20.8,E,E1,10+ years,RENT,50656.0,Verified,debt_consolidation,LA,31.9,0.0,700.0,704.0,3.0,69.1,23.0,Individual,5,High Risk,Manual Review
6186889,9000.0, 60 months,22.7,E,E5,3 years,RENT,44500.0,Verified,debt_consolidation,DC,13.77,1.0,670.0,674.0,0.0,86.5,13.0,Individual,5,High Risk,Manual Review
6177235,2000.0, 36 months,21.15,E,E2,< 1 year,RENT,40000.0,Verified,moving,CO,30.57,0.0,700.0,704.0,0.0,82.6,16.0,Individual,6,High Risk,Manual Review
6166396,2800.0, 36 months,21.15,E,E2,10+ years,RENT,36000.0,Verified,debt_consolidation,NY,9.7,1.0,695.0,699.0,0.0,87.5,9.0,Individual,5,High Risk,Manual Review
5974744,33000.0, 60 months,21.15,E,E2,10+ years,MORTGAGE,100000.0,Verified,debt_consolidation,CO,30.59,0.0,690.0,694.0,0.0,90.5,23.0,Individual,6,High Risk,Manual Review
6184993,25000.0, 60 months,24.5,F,F3,10+ years,MORTGAGE,109978.0,Verified,debt_consolidation,NY,24.76,1.0,685.0,689.0,0.0,100.4,20.0,Individual,5,High Risk,Manual Review
5790344,13400.0, 60 months,22.7,E,E5,10+ years,MORTGAGE,37600.0,Verified,credit_card,KY,30.93,0.0,710.0,714.0,1.0,96.4,17.0,Individual,6,High Risk,Manual Review
6156814,3000.0, 36 months,23.5,F,F1,9 years,RENT,350000.0,Verified,debt_consolidation,CA,12.49,1.0,670.0,674.0,1.0,90.0,40.0,Individual,5,High Risk,Manual Review
6206563,23675.0, 60 months,24.5,F,F3,10+ years,RENT,54000.0,Verified,debt_consolidation,DE,21.07,1.0,665.0,669.0,1.0,97.0,12.0,Individual,5,High Risk,Manual Review
6186591,16100.0, 36 months,20.8,E,E1,10+ years,RENT,63968.0,Verified,debt_consolidation,OR,30.43,0.0,685.0,689.0,0.0,88.5,33.0,Individual,6,High Risk,Manual Review
6186119,24000.0, 60 months,21.15,E,E2,8 years,MORTGAGE,110000.0,Verified,credit_card,MN,18.5,1.0,665.0,669.0,1.0,96.7,14.0,Individual,5,High Risk,Manual Review
6206066,6000.0, 36 months,20.8,E,E1,10+ years,RENT,61000.0,Verified,vacation,PA,30.94,0.0,700.0,704.0,2.0,26.4,48.0,Individual,5,High Risk,Manual Review
6184760,35000.0, 60 months,22.2,E,E4,2 years,RENT,104000.0,Source Verified,debt_consolidation,IL,19.27,1.0,695.0,699.0,3.0,82.7,35.0,Individual,5,High Risk,Manual Review
5645008,2500.0, 36 months,20.8,E,E1,10+ years,MORTGAGE,58300.0,Verified,other,TX,30.96,0.0,665.0,669.0,1.0,83.2,58.0,Individual,6,High Risk,Manual Review
6174949,18000.0, 60 months,21.15,E,E2,8 years,RENT,41000.0,Verified,debt_consolidation,PA,31.38,0.0,695.0,699.0,0.0,55.5,15.0,Individual,5,High Risk,Manual Review
5762939,15000.0, 60 months,24.5,F,F3,7 years,MORTGAGE,60000.0,Verified,debt_consolidation,GA,31.06,0.0,660.0,664.0,0.0,87.1,33.0,Individual,6,High Risk,Manual Review
6144610,25000.0, 60 months,20.8,E,E1,,RENT,56000.0,Verified,debt_consolidation,DE,33.73,0.0,710.0,714.0,2.0,42.3,26.0,Individual,5,High Risk,Manual Review
6105221,4800.0, 36 months,20.8,E,E1,10+ years,RENT,31000.0,Verified,wedding,PA,31.43,0.0,660.0,664.0,0.0,95.1,28.0,Individual,6,High Risk,Manual Review
5956440,28625.0, 60 months,22.7,E,E5,10+ years,RENT,64000.0,Verified,major_purchase,CA,32.96,0.0,690.0,694.0,1.0,82.1,18.0,Individual,6,High Risk,Manual Review
5938450,26500.0, 60 months,24.08,F,F2,10+ years,RENT,60000.0,Verified,debt_consolidation,KS,31.06,0.0,685.0,689.0,2.0,49.5,47.0,Individual,5,High Risk,Manual Review
6135098,8875.0, 36 months,22.2,E,E4,< 1 year,MORTGAGE,80000.0,Verified,moving,CA,4.91,1.0,680.0,684.0,4.0,97.7,18.0,Individual,5,High Risk,Manual Review
6114827,16000.0, 36 months,20.8,E,E1,8 years,RENT,75000.0,Verified,debt_consolidation,GA,34.34,0.0,680.0,684.0,5.0,67.8,45.0,Individual,5,High Risk,Manual Review
6124778,34475.0, 60 months,23.5,F,F1,7 years,MORTGAGE,77219.0,Verified,credit_card,MO,33.3,0.0,710.0,714.0,0.0,89.2,50.0,Individual,6,High Risk,Manual Review
6124659,12000.0, 60 months,24.08,F,F2,2 years,RENT,36000.0,Verified,small_business,KY,31.83,1.0,660.0,664.0,1.0,21.0,13.0,Individual,6,High Risk,Manual Review
6114861,30000.0, 60 months,23.5,F,F1,10+ years,MORTGAGE,70000.0,Verified,debt_consolidation,AR,30.36,0.0,680.0,684.0,1.0,55.2,46.0,Individual,5,High Risk,Manual Review
6104756,18000.0, 60 months,23.5,F,F1,1 year,OWN,40000.0,Verified,debt_consolidation,NY,27.36,1.0,675.0,679.0,1.0,80.4,24.0,Individual,5,High Risk,Manual Review
6065320,19000.0, 60 months,21.6,E,E3,5 years,RENT,55000.0,Verified,debt_consolidation,CT,23.91,2.0,670.0,674.0,0.0,89.1,22.0,Individual,5,High Risk,Manual Review
6124600,28200.0, 36 months,22.2,E,E4,10+ years,MORTGAGE,72000.0,Verified,other,MO,19.4,3.0,665.0,669.0,1.0,84.7,30.0,Individual,5,High Risk,Manual Review
6085262,20000.0, 36 months,24.5,F,F3,7 years,RENT,149000.0,Verified,debt_consolidation,CA,18.64,2.0,665.0,669.0,1.0,94.9,58.0,Individual,5,High Risk,Manual Review
5970541,7200.0, 60 months,24.89,F,F4,10+ years,RENT,55000.0,Verified,other,MD,27.75,1.0,685.0,689.0,3.0,88.2,23.0,Individual,5,High Risk,Manual Review
6084626,20675.0, 60 months,21.6,E,E3,7 years,MORTGAGE,47000.0,Source Verified,debt_consolidation,FL,15.53,2.0,660.0,664.0,0.0,86.6,20.0,Individual,5,High Risk,Manual Review
6074713,10000.0, 36 months,20.8,E,E1,,MORTGAGE,90000.0,Verified,moving,TX,34.53,1.0,665.0,669.0,6.0,47.2,29.0,Individual,6,High Risk,Manual Review
5980230,2000.0, 36 months,21.6,E,E3,2 years,MORTGAGE,44000.0,Verified,other,IN,29.7,1.0,675.0,679.0,2.0,95.6,23.0,Individual,5,High Risk,Manual Review
5937979,12000.0, 36 months,21.6,E,E3,4 years,MORTGAGE,110000.0,Not Verified,other,CA,19.3,2.0,665.0,669.0,3.0,93.0,33.0,Individual,5,High Risk,Manual Review
5946842,11100.0, 36 months,22.2,E,E4,5 years,MORTGAGE,36000.0,Verified,other,TX,32.77,0.0,695.0,699.0,0.0,90.9,31.0,Individual,6,High Risk,Manual Review
5959974,27050.0, 60 months,20.8,E,E1,,OWN,61000.0,Verified,debt_consolidation,TN,30.69,0.0,720.0,724.0,1.0,76.1,19.0,Individual,5,High Risk,Manual Review
5939953,35000.0, 60 months,25.28,F,F5,10+ years,MORTGAGE,128000.0,Source Verified,debt_consolidation,TX,12.43,2.0,680.0,684.0,1.0,86.8,29.0,Individual,5,High Risk,Manual Review
5939974,15000.0, 36 months,21.6,E,E3,10+ years,RENT,50000.0,Verified,debt_consolidation,TX,33.36,0.0,700.0,704.0,3.0,99.0,34.0,Individual,6,High Risk,Manual Review
5969809,30000.0, 60 months,23.5,F,F1,10+ years,MORTGAGE,155000.0,Verified,debt_consolidation,TN,17.08,1.0,690.0,694.0,2.0,88.1,35.0,Individual,5,High Risk,Manual Review
5969866,10000.0, 60 months,25.8,G,G1,,MORTGAGE,65500.0,Verified,other,FL,34.82,0.0,710.0,714.0,5.0,75.1,40.0,Individual,5,High Risk,Manual Review
5979568,20000.0, 60 months,21.15,E,E2,2 years,MORTGAGE,75000.0,Source Verified,debt_consolidation,AK,15.71,1.0,680.0,684.0,1.0,91.0,29.0,Individual,5,High Risk,Manual Review
5949724,30000.0, 60 months,24.08,F,F2,10+ years,RENT,85000.0,Source Verified,car,CA,19.88,1.0,660.0,664.0,0.0,87.7,23.0,Individual,5,High Risk,Manual Review
5979181,3600.0, 36 months,21.15,E,E2,,OWN,12000.0,Verified,debt_consolidation,TX,30.9,0.0,680.0,684.0,0.0,87.1,25.0,Individual,6,High Risk,Manual Review
5978557,19750.0, 60 months,25.28,F,F5,1 year,RENT,45000.0,Verified,debt_consolidation,HI,33.65,0.0,665.0,669.0,0.0,86.9,27.0,Individual,6,High Risk,Manual Review
5949226,9050.0, 60 months,22.2,E,E4,3 years,MORTGAGE,27040.0,Verified,debt_consolidation,TN,30.04,0.0,690.0,694.0,2.0,74.1,47.0,Individual,5,High Risk,Manual Review
5939086,8000.0, 36 months,22.7,E,E5,10+ years,RENT,84000.0,Verified,small_business,HI,19.1,2.0,680.0,684.0,1.0,83.1,15.0,Individual,5,High Risk,Manual Review
5939006,30000.0, 60 months,25.28,F,F5,10+ years,RENT,87000.0,Verified,debt_consolidation,WA,34.6,0.0,730.0,734.0,2.0,64.1,44.0,Individual,5,High Risk,Manual Review
5969097,20800.0, 60 months,25.28,F,F5,6 years,MORTGAGE,60000.0,Verified,other,TX,32.0,0.0,705.0,709.0,4.0,27.5,30.0,Individual,5,High Risk,Manual Review
5968982,20000.0, 60 months,24.5,F,F3,4 years,RENT,47000.0,Verified,debt_consolidation,MA,11.39,1.0,665.0,669.0,1.0,83.0,25.0,Individual,5,High Risk,Manual Review
5948846,24925.0, 60 months,22.2,E,E4,5 years,RENT,56000.0,Verified,debt_consolidation,CA,31.78,0.0,690.0,694.0,3.0,67.4,24.0,Individual,5,High Risk,Manual Review
5968857,7500.0, 36 months,21.15,E,E2,1 year,MORTGAGE,38000.0,Verified,debt_consolidation,AL,27.6,3.0,665.0,669.0,2.0,95.3,43.0,Individual,5,High Risk,Manual Review
5938416,17000.0, 36 months,21.6,E,E3,1 year,MORTGAGE,73150.0,Not Verified,debt_consolidation,NC,22.6,2.0,670.0,674.0,2.0,80.1,33.0,Individual,5,High Risk,Manual Review
5938351,15000.0, 36 months,21.6,E,E3,7 years,RENT,40000.0,Verified,debt_consolidation,MT,30.33,0.0,665.0,669.0,1.0,39.4,21.0,Individual,5,High Risk,Manual Review
5937159,20000.0, 60 months,24.5,F,F3,10+ years,MORTGAGE,95000.0,Source Verified,debt_consolidation,KY,18.35,3.0,675.0,679.0,1.0,93.0,24.0,Individual,5,High Risk,Manual Review
5958540,25000.0, 60 months,24.89,F,F4,8 years,MORTGAGE,77160.0,Verified,home_improvement,MN,30.3,1.0,665.0,669.0,0.0,95.1,46.0,Individual,7,High Risk,Manual Review
5938032,14400.0, 60 months,23.5,F,F1,8 years,MORTGAGE,53000.0,Source Verified,debt_consolidation,CA,30.61,0.0,685.0,689.0,0.0,86.7,16.0,Individual,6,High Risk,Manual Review
5937098,27050.0, 60 months,22.2,E,E4,< 1 year,MORTGAGE,88000.0,Verified,home_improvement,MD,2.85,1.0,670.0,674.0,0.0,93.4,26.0,Individual,5,High Risk,Manual Review
5968216,2525.0, 60 months,23.5,F,F1,10+ years,MORTGAGE,70000.0,Verified,home_improvement,CA,30.34,0.0,685.0,689.0,1.0,82.7,33.0,Individual,6,High Risk,Manual Review
5968180,12000.0, 36 months,21.15,E,E2,3 years,RENT,199000.0,Verified,major_purchase,NY,9.92,1.0,670.0,674.0,1.0,93.1,20.0,Individual,5,High Risk,Manual Review
5967753,26450.0, 60 months,22.7,E,E5,6 years,MORTGAGE,60000.0,Verified,debt_consolidation,IL,15.1,1.0,690.0,694.0,1.0,80.5,32.0,Individual,5,High Risk,Manual Review
5957490,22250.0, 60 months,18.25,D,D2,10+ years,RENT,50000.0,Verified,debt_consolidation,CO,31.51,1.0,670.0,674.0,0.0,84.5,35.0,Individual,5,High Risk,Manual Review
5957418,35000.0, 36 months,21.6,E,E3,5 years,RENT,280000.0,Verified,credit_card,TX,15.41,2.0,675.0,679.0,0.0,93.4,40.0,Individual,5,High Risk,Manual Review
5977108,19750.0, 36 months,20.8,E,E1,10+ years,MORTGAGE,50000.0,Verified,debt_consolidation,IL,33.82,0.0,715.0,719.0,3.0,71.7,25.0,Individual,5,High Risk,Manual Review
5936751,22750.0, 60 months,24.5,F,F3,10+ years,MORTGAGE,51000.0,Verified,debt_consolidation,MA,19.18,1.0,660.0,664.0,0.0,97.3,6.0,Individual,5,High Risk,Manual Review
5966805,21250.0, 60 months,21.15,E,E2,10+ years,RENT,48724.0,Verified,debt_consolidation,CA,32.26,0.0,715.0,719.0,0.0,81.3,20.0,Individual,6,High Risk,Manual Review
5825652,12000.0, 36 months,17.56,D,D1,< 1 year,RENT,97000.0,Verified,debt_consolidation,NV,34.55,1.0,690.0,694.0,2.0,86.3,20.0,Individual,5,High Risk,Manual Review
5966483,20000.0, 60 months,24.5,F,F3,2 years,RENT,67000.0,Verified,debt_consolidation,SD,15.97,1.0,680.0,684.0,0.0,98.1,22.0,Individual,5,High Risk,Manual Review
5956652,12000.0, 60 months,22.2,E,E4,3 years,RENT,60000.0,Verified,credit_card,OH,19.02,3.0,670.0,674.0,0.0,83.2,28.0,Individual,5,High Risk,Manual Review
5955509,25000.0, 36 months,22.2,E,E4,10+ years,MORTGAGE,119000.0,Verified,home_improvement,CA,21.31,3.0,685.0,689.0,0.0,96.6,37.0,Individual,5,High Risk,Manual Review
5165034,24000.0, 60 months,24.5,F,F3,2 years,RENT,62500.0,Verified,debt_consolidation,CA,30.36,0.0,705.0,709.0,2.0,84.9,14.0,Individual,6,High Risk,Manual Review
5965411,35000.0, 60 months,23.5,F,F1,10+ years,OWN,104000.0,Verified,credit_card,NY,10.4,1.0,660.0,664.0,1.0,80.3,61.0,Individual,5,High Risk,Manual Review
5975281,32000.0, 60 months,24.5,F,F3,< 1 year,RENT,80000.0,Verified,debt_consolidation,NY,30.24,1.0,665.0,669.0,2.0,41.6,29.0,Individual,6,High Risk,Manual Review
5794142,35000.0, 60 months,21.6,E,E3,,MORTGAGE,120000.0,Verified,home_improvement,CA,26.58,1.0,675.0,679.0,0.0,82.7,47.0,Individual,5,High Risk,Manual Review
5875738,24000.0, 60 months,23.5,F,F1,3 years,MORTGAGE,54000.0,Verified,debt_consolidation,NC,20.91,1.0,675.0,679.0,0.0,84.2,29.0,Individual,5,High Risk,Manual Review
5815154,18000.0, 60 months,22.2,E,E4,4 years,MORTGAGE,40000.0,Verified,debt_consolidation,WV,31.71,0.0,685.0,689.0,1.0,72.8,24.0,Individual,5,High Risk,Manual Review
5974833,4200.0, 36 months,24.5,F,F3,8 years,RENT,57700.0,Verified,other,NJ,10.9,1.0,690.0,694.0,1.0,97.1,23.0,Individual,5,High Risk,Manual Review
5964882,16850.0, 60 months,22.7,E,E5,5 years,MORTGAGE,40000.0,Verified,debt_consolidation,AR,31.86,0.0,670.0,674.0,0.0,90.0,31.0,Individual,6,High Risk,Manual Review
5896037,20175.0, 60 months,23.5,F,F1,10+ years,MORTGAGE,89000.0,Verified,debt_consolidation,WI,30.91,1.0,705.0,709.0,3.0,85.4,15.0,Individual,7,High Risk,Manual Review
5895906,35000.0, 60 months,24.5,F,F3,10+ years,MORTGAGE,90000.0,Source Verified,home_improvement,MD,15.75,1.0,690.0,694.0,1.0,85.3,21.0,Individual,5,High Risk,Manual Review
5792757,17200.0, 60 months,21.6,E,E3,,RENT,50000.0,Source Verified,debt_consolidation,GA,18.86,1.0,660.0,664.0,1.0,87.1,28.0,Individual,5,High Risk,Manual Review
5875536,15000.0, 36 months,20.8,E,E1,10+ years,MORTGAGE,50000.0,Verified,debt_consolidation,OH,34.18,0.0,705.0,709.0,3.0,42.7,26.0,Individual,5,High Risk,Manual Review
5639353,18225.0, 60 months,24.08,F,F2,2 years,RENT,40800.0,Verified,debt_consolidation,NJ,32.09,0.0,680.0,684.0,0.0,90.5,16.0,Individual,6,High Risk,Manual Review
5865310,16950.0, 60 months,24.08,F,F2,10+ years,MORTGAGE,45000.0,Verified,debt_consolidation,GA,32.22,0.0,680.0,684.0,1.0,99.0,35.0,Individual,6,High Risk,Manual Review
5855473,15000.0, 60 months,24.08,F,F2,2 years,RENT,37000.0,Verified,debt_consolidation,TX,32.92,1.0,690.0,694.0,0.0,95.3,9.0,Individual,7,High Risk,Manual Review
5895008,12000.0, 60 months,21.15,E,E2,3 years,RENT,80000.0,Verified,debt_consolidation,WA,33.33,0.0,690.0,694.0,0.0,70.0,39.0,Individual,5,High Risk,Manual Review
5875198,2400.0, 36 months,20.8,E,E1,7 years,RENT,50000.0,Verified,other,CA,30.26,1.0,665.0,669.0,0.0,82.9,33.0,Individual,7,High Risk,Manual Review
5874957,35000.0, 60 months,22.2,E,E4,10+ years,MORTGAGE,103000.0,Verified,debt_consolidation,TX,32.08,0.0,715.0,719.0,0.0,58.9,33.0,Individual,5,High Risk,Manual Review
5772480,19000.0, 60 months,20.8,E,E1,10+ years,MORTGAGE,97400.0,Verified,debt_consolidation,PA,22.61,1.0,670.0,674.0,2.0,86.6,46.0,Individual,5,High Risk,Manual Review
5774103,16000.0, 36 months,21.15,E,E2,10+ years,MORTGAGE,150000.0,Verified,debt_consolidation,TX,32.46,0.0,680.0,684.0,1.0,62.5,27.0,Individual,5,High Risk,Manual Review
5385230,14400.0, 60 months,24.89,F,F4,3 years,RENT,95000.0,Verified,debt_consolidation,CA,33.44,1.0,685.0,689.0,3.0,56.4,62.0,Individual,6,High Risk,Manual Review
5894738,5000.0, 36 months,21.15,E,E2,10+ years,MORTGAGE,42385.0,Source Verified,home_improvement,TX,22.32,1.0,665.0,669.0,2.0,93.1,38.0,Individual,5,High Risk,Manual Review
5864623,18250.0, 60 months,24.08,F,F2,3 years,RENT,41295.96,Verified,debt_consolidation,TX,30.05,0.0,680.0,684.0,4.0,73.2,52.0,Individual,5,High Risk,Manual Review
5784422,35000.0, 60 months,22.95,F,F1,10+ years,MORTGAGE,91000.0,Verified,debt_consolidation,TX,33.57,0.0,675.0,679.0,1.0,83.8,32.0,Individual,6,High Risk,Manual Review
5844962,27050.0, 60 months,24.7,G,G1,10+ years,MORTGAGE,61000.0,Verified,debt_consolidation,CO,33.68,0.0,685.0,689.0,1.0,50.2,35.0,Individual,5,High Risk,Manual Review
5835058,4800.0, 36 months,21.0,E,E2,2 years,MORTGAGE,120000.0,Not Verified,debt_consolidation,NC,12.14,1.0,665.0,669.0,3.0,82.9,28.0,Individual,5,High Risk,Manual Review
5834858,20000.0, 60 months,24.7,G,G1,10+ years,MORTGAGE,120000.0,Source Verified,debt_consolidation,WA,12.81,1.0,680.0,684.0,3.0,92.6,23.0,Individual,5,High Risk,Manual Review
5802455,5000.0, 36 months,23.28,F,F2,9 years,MORTGAGE,90000.0,Verified,other,KS,14.88,1.0,680.0,684.0,1.0,92.8,16.0,Individual,5,High Risk,Manual Review
5764522,20000.0, 60 months,24.7,G,G1,10+ years,RENT,48884.0,Verified,debt_consolidation,OH,32.94,0.0,660.0,664.0,2.0,87.9,19.0,Individual,6,High Risk,Manual Review
5784213,21725.0, 60 months,23.83,F,F5,10+ years,MORTGAGE,60000.0,Verified,debt_consolidation,VA,31.32,1.0,670.0,674.0,2.0,46.7,32.0,Individual,6,High Risk,Manual Review
5773137,28000.0, 60 months,22.95,F,F1,10+ years,OWN,96000.0,Verified,debt_consolidation,MT,32.23,1.0,685.0,689.0,1.0,72.8,54.0,Individual,6,High Risk,Manual Review
5774313,26750.0, 60 months,21.49,E,E3,8 years,MORTGAGE,75000.0,Verified,credit_card,FL,12.7,1.0,675.0,679.0,0.0,96.9,15.0,Individual,5,High Risk,Manual Review
5784456,12500.0, 60 months,23.63,F,F3,7 years,RENT,43000.0,Verified,debt_consolidation,CA,33.74,0.0,705.0,709.0,1.0,86.0,13.0,Individual,6,High Risk,Manual Review
5804856,25000.0, 60 months,22.47,E,E5,10+ years,RENT,75000.0,Verified,credit_card,CA,31.42,0.0,705.0,709.0,3.0,56.0,22.0,Individual,5,High Risk,Manual Review
5771352,20000.0, 60 months,21.98,E,E4,1 year,MORTGAGE,70000.0,Verified,debt_consolidation,WY,33.62,0.0,680.0,684.0,1.0,81.2,21.0,Individual,6,High Risk,Manual Review
5763650,20000.0, 60 months,24.83,G,G2,10+ years,RENT,45000.0,Verified,debt_consolidation,UT,30.37,0.0,670.0,674.0,2.0,61.3,33.0,Individual,5,High Risk,Manual Review
5793796,25000.0, 60 months,20.49,E,E1,6 years,RENT,58000.0,Verified,debt_consolidation,WI,28.44,1.0,685.0,689.0,0.0,82.3,16.0,Individual,5,High Risk,Manual Review
5763551,29700.0, 60 months,21.0,E,E2,10+ years,MORTGAGE,110394.0,Verified,credit_card,GA,34.6,0.0,680.0,684.0,3.0,82.7,56.0,Individual,6,High Risk,Manual Review
4985010,18000.0, 60 months,21.98,E,E4,< 1 year,OWN,41000.0,Verified,debt_consolidation,MA,30.47,0.0,695.0,699.0,0.0,93.3,20.0,Individual,6,High Risk,Manual Review
5776484,35000.0, 60 months,23.28,F,F2,8 years,MORTGAGE,95000.0,Source Verified,medical,CA,33.86,0.0,710.0,714.0,0.0,55.7,30.0,Individual,5,High Risk,Manual Review
5455470,21000.0, 36 months,21.0,E,E2,4 years,MORTGAGE,47000.0,Verified,debt_consolidation,CA,33.83,0.0,690.0,694.0,2.0,74.4,33.0,Individual,5,High Risk,Manual Review
5763052,25000.0, 36 months,23.28,F,F2,10+ years,MORTGAGE,98500.0,Verified,debt_consolidation,NJ,25.61,2.0,660.0,664.0,0.0,100.7,47.0,Individual,5,High Risk,Manual Review
5773048,35000.0, 36 months,21.98,E,E4,2 years,MORTGAGE,107000.0,Verified,debt_consolidation,MI,20.87,1.0,690.0,694.0,1.0,92.7,37.0,Individual,5,High Risk,Manual Review
5762290,24000.0, 36 months,21.0,E,E2,< 1 year,RENT,68000.0,Verified,debt_consolidation,LA,30.81,0.0,665.0,669.0,1.0,97.7,32.0,Individual,6,High Risk,Manual Review
5792710,25000.0, 60 months,24.89,G,G3,8 years,RENT,69000.0,Verified,debt_consolidation,MD,24.38,1.0,665.0,669.0,4.0,92.9,11.0,Individual,5,High Risk,Manual Review
5426112,1450.0, 36 months,21.49,E,E3,10+ years,MORTGAGE,52500.0,Not Verified,vacation,FL,19.84,4.0,675.0,679.0,1.0,82.9,28.0,Individual,5,High Risk,Manual Review
5792462,35000.0, 36 months,22.95,F,F1,4 years,MORTGAGE,126500.0,Source Verified,other,AL,20.58,1.0,665.0,669.0,1.0,86.4,25.0,Individual,5,High Risk,Manual Review
5792562,35000.0, 60 months,21.98,E,E4,9 years,MORTGAGE,160000.0,Verified,debt_consolidation,FL,31.35,0.0,725.0,729.0,3.0,75.4,38.0,Individual,5,High Risk,Manual Review
5762255,25000.0, 60 months,23.63,F,F3,10+ years,RENT,96242.69,Verified,debt_consolidation,DC,33.99,0.0,680.0,684.0,0.0,94.6,15.0,Individual,6,High Risk,Manual Review
5792385,20000.0, 60 months,22.95,F,F1,3 years,RENT,75600.0,Verified,debt_consolidation,FL,32.27,0.0,670.0,674.0,0.0,69.0,46.0,Individual,5,High Risk,Manual Review
5772169,34000.0, 60 months,21.98,E,E4,,MORTGAGE,77194.0,Verified,debt_consolidation,GA,31.2,0.0,700.0,704.0,1.0,85.6,19.0,Individual,6,High Risk,Manual Review
5782379,5000.0, 36 months,21.0,E,E2,10+ years,MORTGAGE,75000.0,Verified,other,NY,33.57,0.0,675.0,679.0,5.0,63.8,22.0,Individual,5,High Risk,Manual Review
5777538,15000.0, 60 months,23.28,F,F2,10+ years,MORTGAGE,67000.0,Verified,debt_consolidation,MN,11.77,2.0,660.0,664.0,1.0,94.3,32.0,Individual,5,High Risk,Manual Review
5791816,31100.0, 60 months,21.0,E,E2,5 years,MORTGAGE,102000.0,Verified,credit_card,TX,31.27,0.0,715.0,719.0,3.0,28.3,49.0,Individual,5,High Risk,Manual Review
5771734,18825.0, 60 months,21.98,E,E4,4 years,MORTGAGE,42547.0,Verified,debt_consolidation,TX,34.78,0.0,680.0,684.0,0.0,63.1,42.0,Individual,5,High Risk,Manual Review
5781668,25000.0, 60 months,23.83,F,F5,10+ years,RENT,60000.0,Verified,debt_consolidation,CT,33.17,0.0,680.0,684.0,4.0,54.0,54.0,Individual,5,High Risk,Manual Review
5761518,5000.0, 36 months,19.05,D,D4,,MORTGAGE,50000.0,Verified,other,WV,34.16,1.0,680.0,684.0,0.0,83.1,25.0,Individual,5,High Risk,Manual Review
5776451,4950.0, 36 months,20.49,E,E1,2 years,RENT,20000.0,Verified,major_purchase,NJ,31.68,0.0,660.0,664.0,2.0,50.2,25.0,Individual,5,High Risk,Manual Review
5798897,35000.0, 60 months,23.83,F,F5,10+ years,MORTGAGE,100000.0,Verified,debt_consolidation,CA,17.57,1.0,675.0,679.0,1.0,86.9,16.0,Individual,5,High Risk,Manual Review
5781377,28450.0, 60 months,23.63,F,F3,10+ years,MORTGAGE,85000.0,Verified,debt_consolidation,LA,33.78,2.0,675.0,679.0,1.0,58.5,22.0,Individual,6,High Risk,Manual Review
5685682,28000.0, 60 months,22.47,E,E5,10+ years,MORTGAGE,83000.0,Verified,debt_consolidation,NY,32.8,1.0,690.0,694.0,0.0,84.7,22.0,Individual,7,High Risk,Manual Review
5435255,14000.0, 60 months,21.49,E,E3,7 years,MORTGAGE,40000.0,Verified,home_improvement,SC,31.17,0.0,670.0,674.0,1.0,43.1,32.0,Individual,5,High Risk,Manual Review
5760845,35000.0, 60 months,21.49,E,E3,7 years,MORTGAGE,96000.0,Verified,debt_consolidation,CO,31.09,0.0,705.0,709.0,1.0,76.1,23.0,Individual,5,High Risk,Manual Review
5760837,22000.0, 60 months,23.63,F,F3,3 years,RENT,49961.0,Verified,debt_consolidation,UT,31.75,0.0,675.0,679.0,0.0,88.0,25.0,Individual,6,High Risk,Manual Review
5780985,26500.0, 60 months,24.7,G,G1,10+ years,RENT,60000.0,Verified,debt_consolidation,LA,17.1,2.0,660.0,664.0,1.0,95.1,22.0,Individual,5,High Risk,Manual Review
5790732,21850.0, 60 months,23.28,F,F2,3 years,RENT,49100.0,Verified,debt_consolidation,WI,30.87,0.0,690.0,694.0,0.0,88.6,22.0,Individual,6,High Risk,Manual Review
5416328,15875.0, 60 months,23.28,F,F2,10+ years,RENT,36000.0,Verified,debt_consolidation,FL,34.8,0.0,675.0,679.0,3.0,32.5,42.0,Individual,5,High Risk,Manual Review
5795726,30000.0, 60 months,23.76,F,F4,9 years,MORTGAGE,70000.0,Verified,credit_card,NC,14.06,1.0,665.0,669.0,0.0,89.1,32.0,Individual,5,High Risk,Manual Review
5798082,20125.0, 36 months,20.49,E,E1,2 years,RENT,132000.0,Verified,home_improvement,NY,33.29,0.0,680.0,684.0,6.0,41.6,63.0,Individual,5,High Risk,Manual Review
5790318,16800.0, 60 months,23.28,F,F2,10+ years,MORTGAGE,150000.0,Verified,credit_card,FL,13.69,1.0,685.0,689.0,2.0,83.6,20.0,Individual,5,High Risk,Manual Review
5797800,15250.0, 60 months,23.83,F,F5,3 years,RENT,40000.0,Verified,debt_consolidation,CA,32.01,0.0,670.0,674.0,1.0,72.1,26.0,Individual,5,High Risk,Manual Review
2306774,16000.0, 60 months,23.76,F,F4,8 years,RENT,85000.0,Verified,debt_consolidation,VA,30.52,0.0,665.0,669.0,4.0,63.1,58.0,Individual,5,High Risk,Manual Review
5186068,30225.0, 60 months,21.49,E,E3,10+ years,MORTGAGE,68000.0,Verified,debt_consolidation,CO,34.55,0.0,685.0,689.0,1.0,53.4,28.0,Individual,5,High Risk,Manual Review
5797435,12000.0, 60 months,21.98,E,E4,10+ years,MORTGAGE,85000.0,Verified,credit_card,MD,14.26,1.0,660.0,664.0,1.0,94.7,26.0,Individual,5,High Risk,Manual Review
5789473,17050.0, 36 months,17.77,D,D1,,OWN,38000.0,Verified,credit_card,FL,32.34,1.0,670.0,674.0,0.0,91.9,11.0,Individual,5,High Risk,Manual Review
5779454,25000.0, 60 months,23.28,F,F2,10+ years,MORTGAGE,72152.04,Verified,debt_consolidation,VA,34.18,0.0,670.0,674.0,0.0,88.0,30.0,Individual,6,High Risk,Manual Review
5759125,25000.0, 60 months,20.49,E,E1,9 years,MORTGAGE,63892.0,Verified,debt_consolidation,MA,32.77,0.0,675.0,679.0,0.0,63.3,17.0,Individual,5,High Risk,Manual Review
5759200,25000.0, 60 months,23.28,F,F2,10+ years,MORTGAGE,100000.0,Verified,debt_consolidation,OH,33.05,0.0,720.0,724.0,1.0,66.1,37.0,Individual,5,High Risk,Manual Review
5796742,24000.0, 60 months,21.98,E,E4,10+ years,MORTGAGE,200000.0,Verified,debt_consolidation,VA,14.11,1.0,675.0,679.0,0.0,90.1,34.0,Individual,5,High Risk,Manual Review
5758697,21000.0, 60 months,24.89,G,G3,7 years,MORTGAGE,69000.0,Verified,credit_card,FL,27.91,1.0,660.0,664.0,3.0,96.2,29.0,Individual,5,High Risk,Manual Review
5768723,8875.0, 36 months,20.49,E,E1,8 years,RENT,26000.0,Verified,debt_consolidation,GA,33.88,0.0,660.0,664.0,2.0,76.3,16.0,Individual,5,High Risk,Manual Review
5758600,21375.0, 60 months,23.28,F,F2,6 years,MORTGAGE,72000.0,Verified,debt_consolidation,AZ,30.07,1.0,695.0,699.0,0.0,67.2,31.0,Individual,6,High Risk,Manual Review
5619020,20000.0, 60 months,20.49,E,E1,10+ years,RENT,69600.0,Verified,credit_card,HI,34.45,0.0,685.0,689.0,0.0,83.1,25.0,Individual,6,High Risk,Manual Review
5768755,14100.0, 60 months,21.98,E,E4,10+ years,RENT,60000.0,Verified,debt_consolidation,NY,30.24,0.0,685.0,689.0,4.0,44.1,21.0,Individual,5,High Risk,Manual Review
5768223,21600.0, 60 months,22.95,F,F1,1 year,MORTGAGE,126000.0,Verified,home_improvement,AZ,32.07,1.0,675.0,679.0,1.0,64.6,44.0,Individual,6,High Risk,Manual Review
5758351,27575.0, 60 months,20.49,E,E1,3 years,MORTGAGE,87800.0,Verified,debt_consolidation,TX,34.9,0.0,725.0,729.0,1.0,61.3,32.0,Individual,5,High Risk,Manual Review
5758161,20000.0, 60 months,23.83,F,F5,2 years,RENT,60000.0,Verified,debt_consolidation,IL,31.86,0.0,705.0,709.0,1.0,73.2,54.0,Individual,5,High Risk,Manual Review
5778409,19750.0, 60 months,24.89,G,G5,9 years,RENT,66000.0,Verified,debt_consolidation,CA,24.39,3.0,660.0,664.0,1.0,85.6,28.0,Individual,5,High Risk,Manual Review
5778277,35000.0, 36 months,21.0,E,E2,6 years,RENT,560000.0,Verified,medical,NC,8.55,1.0,675.0,679.0,0.0,83.8,20.0,Individual,5,High Risk,Manual Review
5755377,20500.0, 60 months,21.0,E,E2,6 years,MORTGAGE,46987.0,Verified,debt_consolidation,KY,30.39,0.0,695.0,699.0,0.0,87.9,23.0,Individual,6,High Risk,Manual Review
5767981,15000.0, 60 months,23.76,F,F4,8 years,OWN,49000.0,Verified,debt_consolidation,PA,32.91,0.0,670.0,674.0,3.0,77.9,29.0,Individual,5,High Risk,Manual Review
5757824,23675.0, 60 months,24.7,G,G1,10+ years,RENT,63326.4,Source Verified,debt_consolidation,AZ,18.15,1.0,670.0,674.0,1.0,95.7,16.0,Individual,5,High Risk,Manual Review
5794740,35000.0, 36 months,21.0,E,E2,6 years,RENT,120000.0,Verified,credit_card,CA,30.61,0.0,665.0,669.0,1.0,71.0,22.0,Individual,5,High Risk,Manual Review
5639843,21000.0, 60 months,22.47,E,E5,10+ years,RENT,125000.0,Verified,debt_consolidation,RI,14.28,1.0,690.0,694.0,0.0,87.3,26.0,Individual,5,High Risk,Manual Review
5624957,32875.0, 60 months,20.49,E,E1,6 years,MORTGAGE,98000.0,Verified,debt_consolidation,LA,16.03,1.0,665.0,669.0,0.0,85.7,39.0,Individual,5,High Risk,Manual Review
5618145,24000.0, 60 months,23.28,F,F2,,RENT,55007.0,Verified,credit_card,OR,31.5,0.0,710.0,714.0,0.0,84.2,23.0,Individual,6,High Risk,Manual Review
5757143,20000.0, 60 months,17.27,C,C5,10+ years,MORTGAGE,82000.0,Verified,debt_consolidation,NC,30.45,1.0,685.0,689.0,0.0,83.9,25.0,Individual,5,High Risk,Manual Review
5757045,16000.0, 60 months,21.49,E,E3,< 1 year,MORTGAGE,36500.0,Verified,debt_consolidation,FL,33.84,0.0,710.0,714.0,0.0,94.7,24.0,Individual,6,High Risk,Manual Review
5756884,30000.0, 60 months,21.49,E,E3,9 years,MORTGAGE,70000.0,Verified,debt_consolidation,IN,30.65,0.0,680.0,684.0,0.0,73.5,20.0,Individual,5,High Risk,Manual Review
5624593,30225.0, 60 months,22.47,E,E5,10+ years,MORTGAGE,85000.0,Verified,credit_card,LA,33.01,0.0,685.0,689.0,0.0,83.9,51.0,Individual,6,High Risk,Manual Review
5637476,21000.0, 60 months,23.76,F,F4,3 years,RENT,75000.0,Verified,debt_consolidation,TX,29.1,2.0,665.0,669.0,1.0,88.7,44.0,Individual,5,High Risk,Manual Review
5686304,35000.0, 60 months,22.95,F,F1,10+ years,MORTGAGE,93000.0,Verified,debt_consolidation,IL,31.86,1.0,670.0,674.0,1.0,91.2,25.0,Individual,7,High Risk,Manual Review
5764829,16000.0, 60 months,23.28,F,F2,10+ years,RENT,95000.0,Verified,debt_consolidation,CA,30.74,0.0,675.0,679.0,0.0,61.6,44.0,Individual,5,High Risk,Manual Review
5756026,21000.0, 60 months,21.98,E,E4,10+ years,MORTGAGE,80000.0,Verified,debt_consolidation,PA,30.27,0.0,690.0,694.0,2.0,66.4,25.0,Individual,5,High Risk,Manual Review
5784642,13500.0, 60 months,23.63,F,F3,10+ years,RENT,53300.0,Verified,debt_consolidation,FL,31.46,0.0,700.0,704.0,2.0,48.1,39.0,Individual,5,High Risk,Manual Review
5755879,9000.0, 36 months,21.0,E,E2,10+ years,RENT,42000.0,Not Verified,other,CA,25.31,3.0,665.0,669.0,1.0,92.8,27.0,Individual,5,High Risk,Manual Review
5765798,18000.0, 60 months,21.98,E,E4,8 years,MORTGAGE,75000.0,Verified,debt_consolidation,IN,28.66,2.0,675.0,679.0,2.0,84.0,28.0,Individual,5,High Risk,Manual Review
5765530,30000.0, 60 months,21.98,E,E4,10+ years,MORTGAGE,89000.0,Verified,debt_consolidation,NY,14.36,1.0,670.0,674.0,0.0,99.5,29.0,Individual,5,High Risk,Manual Review
5755651,20000.0, 60 months,20.49,E,E1,2 years,OWN,71000.0,Verified,debt_consolidation,CA,30.58,1.0,700.0,704.0,1.0,56.3,36.0,Individual,6,High Risk,Manual Review
5755154,30500.0, 60 months,24.7,G,G1,7 years,MORTGAGE,84000.0,Source Verified,debt_consolidation,VA,25.91,2.0,675.0,679.0,1.0,82.1,27.0,Individual,5,High Risk,Manual Review
5764706,12000.0, 60 months,23.63,F,F3,6 years,MORTGAGE,60000.0,Verified,home_improvement,FL,30.43,0.0,685.0,689.0,3.0,68.5,24.0,Individual,5,High Risk,Manual Review
5716667,20000.0, 60 months,20.49,E,E1,5 years,RENT,72000.0,Verified,debt_consolidation,CA,34.43,0.0,690.0,694.0,0.0,83.7,24.0,Individual,6,High Risk,Manual Review
5505901,12800.0, 60 months,21.49,E,E3,10+ years,MORTGAGE,65000.0,Verified,debt_consolidation,PA,28.89,1.0,665.0,669.0,0.0,90.9,28.0,Individual,5,High Risk,Manual Review
5706662,33950.0, 60 months,24.89,G,G3,10+ years,MORTGAGE,85000.0,Verified,debt_consolidation,GA,34.38,2.0,670.0,674.0,2.0,84.3,35.0,Individual,7,High Risk,Manual Review
5715696,25000.0, 60 months,23.76,F,F4,6 years,RENT,69500.0,Verified,credit_card,VA,13.45,2.0,670.0,674.0,0.0,92.8,13.0,Individual,5,High Risk,Manual Review
5686270,30000.0, 60 months,21.49,E,E3,10+ years,MORTGAGE,94000.0,Verified,debt_consolidation,TX,31.38,0.0,690.0,694.0,1.0,87.4,49.0,Individual,6,High Risk,Manual Review
5030220,18000.0, 60 months,22.95,F,F1,9 years,MORTGAGE,84000.0,Verified,credit_card,MD,31.6,0.0,665.0,669.0,2.0,94.2,55.0,Individual,6,High Risk,Manual Review
5705974,17325.0, 60 months,21.49,E,E3,10+ years,MORTGAGE,40000.0,Verified,debt_consolidation,NC,26.85,1.0,665.0,669.0,0.0,83.8,27.0,Individual,5,High Risk,Manual Review
5696133,16000.0, 60 months,22.95,F,F1,10+ years,MORTGAGE,76500.0,Verified,debt_consolidation,MT,32.49,5.0,670.0,674.0,2.0,86.6,37.0,Individual,7,High Risk,Manual Review
5705727,24000.0, 60 months,22.47,E,E5,10+ years,MORTGAGE,90000.0,Verified,credit_card,TX,23.92,1.0,665.0,669.0,0.0,89.0,29.0,Individual,5,High Risk,Manual Review
5685833,2000.0, 36 months,21.0,E,E2,8 years,RENT,35000.0,Not Verified,other,AZ,26.95,1.0,665.0,669.0,0.0,92.8,17.0,Individual,5,High Risk,Manual Review
5685337,28100.0, 60 months,23.63,F,F3,1 year,MORTGAGE,63000.0,Verified,debt_consolidation,FL,22.96,1.0,660.0,664.0,2.0,89.6,30.0,Individual,5,High Risk,Manual Review
5630626,25000.0, 60 months,21.0,E,E2,10+ years,MORTGAGE,82000.0,Verified,debt_consolidation,FL,32.21,0.0,735.0,739.0,2.0,70.7,39.0,Individual,5,High Risk,Manual Review
5695109,20000.0, 60 months,23.83,F,F5,10+ years,RENT,60000.0,Verified,credit_card,IL,32.98,0.0,700.0,704.0,3.0,64.4,17.0,Individual,5,High Risk,Manual Review
5704660,4000.0, 36 months,22.47,E,E5,10+ years,RENT,98000.0,Verified,vacation,WV,31.16,0.0,660.0,664.0,0.0,88.6,21.0,Individual,6,High Risk,Manual Review
5694641,35000.0, 60 months,24.7,G,G1,10+ years,OWN,250000.0,Source Verified,home_improvement,CT,17.71,4.0,670.0,674.0,2.0,95.8,60.0,Individual,5,High Risk,Manual Review
5684778,35000.0, 60 months,22.47,E,E5,10+ years,RENT,82000.0,Verified,debt_consolidation,IN,20.22,3.0,685.0,689.0,0.0,87.1,29.0,Individual,5,High Risk,Manual Review
5684617,10000.0, 60 months,24.7,G,G1,4 years,RENT,141000.0,Verified,other,VA,15.17,2.0,670.0,674.0,1.0,106.3,30.0,Individual,5,High Risk,Manual Review
5645784,16000.0, 60 months,23.76,F,F4,2 years,RENT,112000.0,Verified,debt_consolidation,MN,16.11,5.0,665.0,669.0,1.0,94.6,24.0,Individual,5,High Risk,Manual Review
5617734,26500.0, 60 months,22.47,E,E5,10+ years,MORTGAGE,60000.0,Verified,debt_consolidation,IL,34.52,0.0,670.0,674.0,1.0,69.8,37.0,Individual,5,High Risk,Manual Review
5607123,24500.0, 60 months,22.95,F,F1,10+ years,MORTGAGE,65000.0,Verified,debt_consolidation,NH,30.96,2.0,675.0,679.0,2.0,62.6,23.0,Individual,6,High Risk,Manual Review
5610565,15250.0, 36 months,20.49,E,E1,10+ years,MORTGAGE,52000.0,Verified,debt_consolidation,MI,33.74,1.0,690.0,694.0,1.0,90.2,20.0,Individual,7,High Risk,Manual Review
5335319,16000.0, 60 months,23.28,F,F2,10+ years,RENT,36960.0,Verified,debt_consolidation,LA,33.86,0.0,680.0,684.0,2.0,52.1,28.0,Individual,5,High Risk,Manual Review
5640063,33000.0, 60 months,21.98,E,E4,3 years,MORTGAGE,120000.0,Verified,debt_consolidation,CA,23.65,1.0,685.0,689.0,0.0,82.5,32.0,Individual,5,High Risk,Manual Review
5610399,20050.0, 60 months,23.83,F,F5,3 years,MORTGAGE,75000.0,Verified,debt_consolidation,LA,32.05,0.0,690.0,694.0,1.0,59.1,32.0,Individual,5,High Risk,Manual Review
5630190,14000.0, 60 months,23.63,F,F3,3 years,MORTGAGE,90000.0,Verified,debt_consolidation,WA,11.15,2.0,665.0,669.0,3.0,86.8,40.0,Individual,5,High Risk,Manual Review
5627970,29700.0, 60 months,23.63,F,F3,10+ years,RENT,66000.0,Verified,debt_consolidation,MT,30.2,0.0,670.0,674.0,3.0,77.8,46.0,Individual,5,High Risk,Manual Review
5630236,20500.0, 60 months,23.63,F,F3,10+ years,RENT,46000.0,Verified,debt_consolidation,TX,30.57,0.0,675.0,679.0,1.0,64.8,27.0,Individual,5,High Risk,Manual Review
5620186,35000.0, 60 months,21.0,E,E2,3 years,MORTGAGE,372000.0,Verified,debt_consolidation,RI,7.82,1.0,700.0,704.0,0.0,93.1,23.0,Individual,5,High Risk,Manual Review
5636021,12175.0, 60 months,20.49,E,E1,10+ years,MORTGAGE,35400.0,Verified,debt_consolidation,TX,30.34,1.0,670.0,674.0,0.0,69.7,37.0,Individual,6,High Risk,Manual Review
5619888,20625.0, 60 months,22.95,F,F1,7 years,MORTGAGE,49232.0,Verified,debt_consolidation,TX,31.88,0.0,700.0,704.0,2.0,73.6,23.0,Individual,5,High Risk,Manual Review
5629916,35000.0, 60 months,23.76,F,F4,5 years,MORTGAGE,140000.0,Verified,debt_consolidation,MA,21.41,1.0,660.0,664.0,0.0,85.4,37.0,Individual,5,High Risk,Manual Review
4594796,25975.0, 60 months,22.47,E,E5,10+ years,MORTGAGE,58500.0,Verified,credit_card,GA,30.32,1.0,680.0,684.0,0.0,87.4,34.0,Individual,7,High Risk,Manual Review
5649708,20000.0, 60 months,20.49,E,E1,2 years,MORTGAGE,54912.0,Verified,credit_card,AR,32.07,0.0,675.0,679.0,1.0,51.7,17.0,Individual,5,High Risk,Manual Review
5609891,15000.0, 36 months,21.0,E,E2,10+ years,RENT,125000.0,Not Verified,debt_consolidation,CA,11.83,3.0,670.0,674.0,0.0,89.6,27.0,Individual,5,High Risk,Manual Review
5619151,32000.0, 60 months,23.83,F,F5,10+ years,MORTGAGE,95000.0,Verified,debt_consolidation,WY,24.59,1.0,685.0,689.0,0.0,84.0,30.0,Individual,5,High Risk,Manual Review
5594609,35000.0, 60 months,22.47,E,E5,7 years,MORTGAGE,130000.0,Verified,credit_card,CO,33.68,0.0,715.0,719.0,2.0,76.5,42.0,Individual,5,High Risk,Manual Review
5639275,26400.0, 60 months,23.28,F,F2,9 years,OWN,66000.0,Verified,debt_consolidation,NJ,32.16,0.0,665.0,669.0,0.0,92.5,14.0,Individual,6,High Risk,Manual Review
5619179,24250.0, 60 months,21.0,E,E2,10+ years,MORTGAGE,54000.0,Verified,debt_consolidation,NC,17.62,2.0,660.0,664.0,1.0,91.7,23.0,Individual,5,High Risk,Manual Review
5175972,23800.0, 60 months,23.76,F,F4,6 years,MORTGAGE,158400.0,Verified,wedding,PA,19.65,1.0,675.0,679.0,1.0,95.8,32.0,Individual,5,High Risk,Manual Review
5649066,16000.0, 60 months,21.0,E,E2,5 years,RENT,61626.0,Source Verified,debt_consolidation,PA,18.23,1.0,670.0,674.0,0.0,94.7,22.0,Individual,5,High Risk,Manual Review
5649069,12000.0, 60 months,23.28,F,F2,< 1 year,RENT,52000.0,Verified,credit_card,FL,19.92,2.0,690.0,694.0,3.0,83.7,40.0,Individual,5,High Risk,Manual Review
5594706,27200.0, 60 months,23.83,F,F5,5 years,MORTGAGE,190000.0,Source Verified,home_improvement,AZ,15.63,2.0,665.0,669.0,2.0,86.9,40.0,Individual,5,High Risk,Manual Review
5374663,35000.0, 60 months,22.95,F,F1,2 years,MORTGAGE,123000.0,Verified,debt_consolidation,IN,31.74,1.0,665.0,669.0,0.0,64.3,63.0,Individual,6,High Risk,Manual Review
5415886,20000.0, 60 months,23.83,F,F5,8 years,MORTGAGE,60000.0,Verified,credit_card,AL,33.34,1.0,660.0,664.0,2.0,78.0,35.0,Individual,6,High Risk,Manual Review
5638794,25000.0, 60 months,24.89,G,G3,3 years,RENT,85000.0,Verified,medical,TX,34.09,1.0,685.0,689.0,6.0,77.2,42.0,Individual,6,High Risk,Manual Review
5638471,15350.0, 60 months,24.83,G,G2,10+ years,MORTGAGE,56000.0,Verified,other,LA,23.34,1.0,660.0,664.0,3.0,90.4,10.0,Individual,5,High Risk,Manual Review
5525842,3500.0, 36 months,21.98,E,E4,7 years,MORTGAGE,102000.0,Not Verified,vacation,TX,20.11,2.0,680.0,684.0,2.0,90.2,35.0,Individual,5,High Risk,Manual Review
5618289,23325.0, 60 months,22.47,E,E5,< 1 year,MORTGAGE,52330.0,Verified,credit_card,MD,34.14,0.0,675.0,679.0,0.0,86.4,19.0,Individual,6,High Risk,Manual Review
5627929,10000.0, 60 months,23.28,F,F2,6 years,OWN,48000.0,Verified,other,PA,33.3,0.0,705.0,709.0,0.0,79.4,18.0,Individual,5,High Risk,Manual Review
5637926,10000.0, 36 months,21.0,E,E2,3 years,RENT,80000.0,Verified,debt_consolidation,CA,27.03,1.0,670.0,674.0,3.0,89.6,23.0,Individual,5,High Risk,Manual Review
5607540,25000.0, 60 months,23.28,F,F2,10+ years,MORTGAGE,80750.0,Verified,debt_consolidation,IN,19.35,5.0,685.0,689.0,1.0,81.3,31.0,Individual,5,High Risk,Manual Review
5607683,3000.0, 36 months,21.0,E,E2,10+ years,MORTGAGE,37000.0,Verified,other,NV,30.88,0.0,680.0,684.0,0.0,88.1,19.0,Individual,6,High Risk,Manual Review
5176098,16000.0, 60 months,23.83,F,F5,10+ years,OWN,80000.0,Verified,debt_consolidation,TX,31.68,0.0,705.0,709.0,1.0,43.8,27.0,Individual,5,High Risk,Manual Review
5545176,10625.0, 36 months,20.49,E,E1,6 years,MORTGAGE,78000.0,Verified,other,SC,30.43,0.0,680.0,684.0,0.0,58.1,26.0,Individual,5,High Risk,Manual Review
5616951,30000.0, 60 months,22.95,F,F1,10+ years,RENT,500000.0,Verified,debt_consolidation,FL,7.27,1.0,680.0,684.0,1.0,97.7,27.0,Individual,5,High Risk,Manual Review
5607059,20000.0, 60 months,22.95,F,F1,10+ years,RENT,56860.0,Verified,debt_consolidation,WA,19.25,1.0,725.0,729.0,1.0,94.3,10.0,Individual,5,High Risk,Manual Review
5607023,29700.0, 60 months,23.76,F,F4,< 1 year,RENT,66000.0,Verified,credit_card,NY,22.1,1.0,660.0,664.0,1.0,87.2,36.0,Individual,5,High Risk,Manual Review
5626798,21000.0, 60 months,23.28,F,F2,10+ years,RENT,50232.0,Verified,debt_consolidation,CA,32.2,0.0,670.0,674.0,0.0,84.9,17.0,Individual,6,High Risk,Manual Review
5646789,15000.0, 60 months,21.49,E,E3,< 1 year,OWN,37000.0,Verified,credit_card,AR,30.13,0.0,685.0,689.0,2.0,58.3,24.0,Individual,5,High Risk,Manual Review
5616725,35000.0, 60 months,24.83,G,G2,10+ years,RENT,84000.0,Verified,debt_consolidation,HI,31.82,0.0,690.0,694.0,2.0,96.8,31.0,Individual,6,High Risk,Manual Review
5644910,35000.0, 60 months,21.98,E,E4,2 years,RENT,120000.0,Verified,debt_consolidation,CA,34.88,0.0,720.0,724.0,0.0,94.7,26.0,Individual,6,High Risk,Manual Review
5606159,25000.0, 60 months,23.63,F,F3,10+ years,RENT,86600.0,Verified,debt_consolidation,CA,11.97,2.0,665.0,669.0,2.0,86.9,20.0,Individual,5,High Risk,Manual Review
5616051,24000.0, 60 months,23.63,F,F3,4 years,MORTGAGE,60000.0,Verified,debt_consolidation,OH,32.04,3.0,690.0,694.0,6.0,14.8,25.0,Individual,6,High Risk,Manual Review
5606204,15000.0, 36 months,21.0,E,E2,< 1 year,MORTGAGE,40000.0,Verified,debt_consolidation,TX,30.33,0.0,695.0,699.0,1.0,97.5,13.0,Individual,6,High Risk,Manual Review
5645802,35000.0, 60 months,22.95,F,F1,10+ years,MORTGAGE,140000.0,Verified,debt_consolidation,TX,26.94,1.0,670.0,674.0,3.0,87.0,23.0,Individual,5,High Risk,Manual Review
5605517,20000.0, 60 months,23.28,F,F2,9 years,MORTGAGE,108000.0,Verified,debt_consolidation,NM,30.26,0.0,710.0,714.0,6.0,78.6,38.0,Individual,5,High Risk,Manual Review
5615747,18000.0, 60 months,21.49,E,E3,10+ years,MORTGAGE,65000.0,Verified,debt_consolidation,PA,32.86,0.0,670.0,674.0,0.0,86.7,36.0,Individual,6,High Risk,Manual Review
5454812,29700.0, 60 months,21.98,E,E4,10+ years,MORTGAGE,80000.0,Verified,debt_consolidation,TN,26.23,6.0,675.0,679.0,0.0,88.3,35.0,Individual,5,High Risk,Manual Review
5625490,3000.0, 36 months,20.49,E,E1,10+ years,MORTGAGE,71000.0,Verified,small_business,TN,34.01,0.0,675.0,679.0,1.0,77.0,53.0,Individual,5,High Risk,Manual Review
5595421,15000.0, 60 months,21.49,E,E3,1 year,RENT,61000.0,Verified,debt_consolidation,TX,11.9,1.0,660.0,664.0,0.0,90.0,20.0,Individual,5,High Risk,Manual Review
5645399,3200.0, 36 months,21.0,E,E2,5 years,RENT,49000.0,Verified,other,CA,31.79,0.0,665.0,669.0,0.0,54.7,23.0,Individual,5,High Risk,Manual Review
5635409,30225.0, 60 months,22.95,F,F1,2 years,MORTGAGE,67600.0,Verified,debt_consolidation,MT,32.29,0.0,700.0,704.0,0.0,50.0,23.0,Individual,5,High Risk,Manual Review
5595080,2500.0, 36 months,21.0,E,E2,,OWN,21000.0,Verified,debt_consolidation,NJ,33.2,1.0,665.0,669.0,0.0,88.5,30.0,Individual,7,High Risk,Manual Review
5604969,25000.0, 60 months,21.0,E,E2,10+ years,MORTGAGE,78000.0,Verified,debt_consolidation,CA,30.98,0.0,680.0,684.0,2.0,53.0,28.0,Individual,5,High Risk,Manual Review
5555925,15875.0, 60 months,22.95,F,F1,10+ years,RENT,36000.0,Verified,debt_consolidation,NY,33.33,0.0,695.0,699.0,0.0,74.0,19.0,Individual,5,High Risk,Manual Review
5545858,29100.0, 60 months,22.47,E,E5,9 years,MORTGAGE,65000.0,Verified,debt_consolidation,TX,34.41,0.0,675.0,679.0,1.0,56.4,36.0,Individual,5,High Risk,Manual Review
5555627,19000.0, 60 months,23.28,F,F2,8 years,RENT,90000.0,Source Verified,debt_consolidation,FL,19.81,1.0,665.0,669.0,0.0,88.9,30.0,Individual,5,High Risk,Manual Review
5435884,20125.0, 60 months,22.95,F,F1,10+ years,MORTGAGE,45000.0,Verified,debt_consolidation,MO,33.33,0.0,680.0,684.0,2.0,75.1,42.0,Individual,5,High Risk,Manual Review
5444568,2200.0, 36 months,21.0,E,E2,7 years,RENT,27000.0,Verified,other,WA,32.67,0.0,685.0,689.0,0.0,84.1,15.0,Individual,6,High Risk,Manual Review
5344748,35000.0, 60 months,22.47,E,E5,10+ years,MORTGAGE,120000.0,Verified,debt_consolidation,VA,30.25,1.0,680.0,684.0,0.0,73.5,22.0,Individual,6,High Risk,Manual Review
4798112,17050.0, 60 months,23.28,F,F2,4 years,RENT,38000.0,Verified,debt_consolidation,OH,32.68,0.0,685.0,689.0,1.0,57.6,17.0,Individual,5,High Risk,Manual Review
5375345,15875.0, 60 months,23.83,F,F5,8 years,MORTGAGE,60000.0,Verified,debt_consolidation,OR,34.96,0.0,685.0,689.0,4.0,71.0,20.0,Individual,5,High Risk,Manual Review
5095444,25000.0, 60 months,20.49,E,E1,,RENT,60000.0,Verified,debt_consolidation,SC,33.5,0.0,690.0,694.0,0.0,69.3,25.0,Individual,5,High Risk,Manual Review
5545345,28100.0, 36 months,22.47,E,E5,< 1 year,MORTGAGE,90000.0,Verified,home_improvement,VA,17.25,1.0,660.0,664.0,0.0,94.9,39.0,Individual,5,High Risk,Manual Review
5175928,9000.0, 36 months,20.49,E,E1,6 years,MORTGAGE,42000.0,Verified,debt_consolidation,IL,31.49,0.0,665.0,669.0,1.0,74.4,10.0,Individual,5,High Risk,Manual Review
5534672,14000.0, 60 months,21.98,E,E4,2 years,RENT,46691.0,Verified,debt_consolidation,OH,33.75,0.0,660.0,664.0,0.0,76.7,17.0,Individual,5,High Risk,Manual Review
5504717,16000.0, 60 months,22.47,E,E5,2 years,RENT,36000.0,Verified,debt_consolidation,VA,33.53,0.0,680.0,684.0,1.0,70.7,30.0,Individual,5,High Risk,Manual Review
5355755,19500.0, 60 months,20.49,E,E1,10+ years,MORTGAGE,55000.0,Verified,debt_consolidation,TN,14.05,1.0,670.0,674.0,0.0,97.6,20.0,Individual,5,High Risk,Manual Review
5454803,24000.0, 60 months,22.95,F,F1,10+ years,RENT,57000.0,Verified,debt_consolidation,CA,34.72,0.0,670.0,674.0,0.0,93.8,26.0,Individual,6,High Risk,Manual Review
5426271,12000.0, 36 months,17.77,D,D1,10+ years,OWN,63000.0,Verified,debt_consolidation,NM,30.21,2.0,660.0,664.0,0.0,84.7,34.0,Individual,5,High Risk,Manual Review
5456263,35000.0, 36 months,20.49,E,E1,< 1 year,RENT,85000.0,Verified,debt_consolidation,NY,23.87,1.0,675.0,679.0,0.0,89.3,32.0,Individual,5,High Risk,Manual Review
3918537,13225.0, 36 months,21.0,E,E2,6 years,RENT,52000.0,Not Verified,other,TX,25.57,2.0,680.0,684.0,2.0,87.2,39.0,Individual,5,High Risk,Manual Review
5042540,18000.0, 60 months,23.76,F,F4,3 years,RENT,40000.0,Verified,credit_card,CA,30.72,0.0,670.0,674.0,0.0,64.1,17.0,Individual,5,High Risk,Manual Review
5435669,29100.0, 60 months,20.49,E,E1,10+ years,OWN,65000.0,Verified,debt_consolidation,SC,30.92,1.0,675.0,679.0,0.0,60.9,26.0,Individual,6,High Risk,Manual Review
5425672,16500.0, 36 months,17.77,D,D1,10+ years,MORTGAGE,80000.0,Verified,credit_card,SC,32.13,1.0,690.0,694.0,2.0,89.5,50.0,Individual,5,High Risk,Manual Review
5415736,28000.0, 36 months,23.28,F,F2,10+ years,MORTGAGE,100000.0,Verified,small_business,NC,18.77,1.0,690.0,694.0,0.0,102.3,8.0,Individual,5,High Risk,Manual Review
5425446,21000.0, 60 months,24.83,G,G2,7 years,MORTGAGE,125000.0,Verified,debt_consolidation,NV,30.02,3.0,675.0,679.0,0.0,95.0,53.0,Individual,7,High Risk,Manual Review
5405549,18225.0, 36 months,23.76,F,F4,10+ years,OWN,82000.0,Source Verified,debt_consolidation,LA,9.31,1.0,670.0,674.0,2.0,90.5,28.0,Individual,5,High Risk,Manual Review
5175303,15000.0, 60 months,24.7,G,G1,10+ years,MORTGAGE,42000.0,Verified,other,WA,31.97,0.0,690.0,694.0,1.0,77.8,18.0,Individual,5,High Risk,Manual Review
5405078,16000.0, 36 months,20.49,E,E1,8 years,RENT,63000.0,Verified,credit_card,NJ,31.56,0.0,685.0,689.0,0.0,88.2,23.0,Individual,6,High Risk,Manual Review
5405021,19425.0, 36 months,17.27,C,C5,1 year,RENT,43365.0,Verified,debt_consolidation,VA,34.04,1.0,680.0,684.0,0.0,88.8,36.0,Individual,5,High Risk,Manual Review
5424719,28000.0, 36 months,21.0,E,E2,10+ years,RENT,82158.0,Verified,debt_consolidation,NJ,30.42,1.0,695.0,699.0,1.0,86.6,31.0,Individual,7,High Risk,Manual Review
5434682,17625.0, 60 months,23.76,F,F4,< 1 year,MORTGAGE,40000.0,Verified,debt_consolidation,TX,32.82,0.0,680.0,684.0,1.0,73.6,40.0,Individual,5,High Risk,Manual Review
5376116,9450.0, 36 months,20.49,E,E1,2 years,RENT,28000.0,Verified,credit_card,NY,31.97,0.0,660.0,664.0,2.0,83.4,34.0,Individual,6,High Risk,Manual Review
5385824,29175.0, 60 months,24.83,G,G2,10+ years,RENT,65000.0,Verified,debt_consolidation,NJ,33.29,0.0,675.0,679.0,1.0,77.9,28.0,Individual,5,High Risk,Manual Review
5365913,12000.0, 60 months,21.98,E,E4,7 years,RENT,41000.0,Verified,debt_consolidation,WA,34.19,0.0,660.0,664.0,0.0,89.1,18.0,Individual,6,High Risk,Manual Review
5165005,25000.0, 60 months,23.76,F,F4,4 years,RENT,150000.0,Verified,debt_consolidation,CA,14.74,1.0,690.0,694.0,0.0,92.0,28.0,Individual,5,High Risk,Manual Review
5345796,15250.0, 60 months,23.63,F,F3,10+ years,MORTGAGE,40000.0,Verified,debt_consolidation,NC,31.26,0.0,705.0,709.0,2.0,58.7,14.0,Individual,5,High Risk,Manual Review
5186518,13000.0, 60 months,20.49,E,E1,10+ years,OWN,52000.0,Verified,debt_consolidation,CA,31.94,0.0,660.0,664.0,0.0,96.3,14.0,Individual,6,High Risk,Manual Review
5345539,20000.0, 36 months,18.75,D,D3,10+ years,MORTGAGE,105000.0,Verified,other,FL,32.17,1.0,690.0,694.0,1.0,88.5,49.0,Individual,5,High Risk,Manual Review
5105623,14500.0, 60 months,23.76,F,F4,2 years,MORTGAGE,50000.0,Verified,home_improvement,IL,34.03,0.0,685.0,689.0,2.0,85.6,22.0,Individual,6,High Risk,Manual Review
5135503,20000.0, 36 months,21.0,E,E2,10+ years,MORTGAGE,60000.0,Verified,debt_consolidation,VA,31.82,0.0,715.0,719.0,2.0,78.1,23.0,Individual,5,High Risk,Manual Review
5355255,35000.0, 60 months,24.83,G,G2,10+ years,MORTGAGE,145000.0,Verified,small_business,TX,19.89,4.0,690.0,694.0,2.0,84.2,35.0,Individual,5,High Risk,Manual Review
5187283,17400.0, 60 months,21.98,E,E4,10+ years,RENT,65803.0,Source Verified,debt_consolidation,NC,20.88,2.0,665.0,669.0,2.0,91.1,33.0,Individual,5,High Risk,Manual Review
5354844,25000.0, 60 months,24.83,G,G2,10+ years,RENT,58000.0,Verified,debt_consolidation,MO,30.89,0.0,675.0,679.0,3.0,83.2,22.0,Individual,6,High Risk,Manual Review
4777988,30000.0, 60 months,22.95,F,F1,10+ years,MORTGAGE,76500.0,Verified,debt_consolidation,FL,30.71,0.0,675.0,679.0,1.0,79.2,20.0,Individual,5,High Risk,Manual Review
5235051,25450.0, 60 months,23.83,F,F5,2 years,RENT,68000.0,Verified,debt_consolidation,WA,31.29,0.0,660.0,664.0,2.0,60.6,28.0,Individual,5,High Risk,Manual Review
5245104,33425.0, 60 months,24.89,G,G3,5 years,MORTGAGE,75000.0,Verified,credit_card,TX,30.23,0.0,680.0,684.0,3.0,57.8,28.0,Individual,5,High Risk,Manual Review
5234950,7750.0, 36 months,20.49,E,E1,5 years,RENT,72000.0,Verified,wedding,CA,30.27,0.0,705.0,709.0,1.0,74.0,43.0,Individual,5,High Risk,Manual Review
5234744,25975.0, 60 months,22.95,F,F1,7 years,MORTGAGE,58000.0,Verified,debt_consolidation,NY,8.75,2.0,665.0,669.0,1.0,86.2,14.0,Individual,5,High Risk,Manual Review
5204649,30000.0, 60 months,21.98,E,E4,9 years,MORTGAGE,72000.0,Verified,home_improvement,AL,33.57,0.0,710.0,714.0,3.0,44.7,48.0,Individual,5,High Risk,Manual Review
4895191,16800.0, 60 months,22.47,E,E5,8 years,RENT,125000.0,Verified,debt_consolidation,CA,12.51,2.0,680.0,684.0,0.0,92.6,36.0,Individual,5,High Risk,Manual Review
5166882,22000.0, 60 months,23.63,F,F3,9 years,MORTGAGE,77000.0,Verified,other,VA,33.61,0.0,715.0,719.0,0.0,85.8,27.0,Individual,6,High Risk,Manual Review
5036570,18775.0, 60 months,21.98,E,E4,10+ years,MORTGAGE,85000.0,Verified,debt_consolidation,GA,23.19,1.0,675.0,679.0,2.0,94.0,31.0,Individual,5,High Risk,Manual Review
5146699,19800.0, 60 months,22.47,E,E5,5 years,MORTGAGE,50000.0,Verified,debt_consolidation,TX,30.13,0.0,690.0,694.0,3.0,80.5,24.0,Individual,6,High Risk,Manual Review
5156615,25000.0, 60 months,21.0,E,E2,3 years,MORTGAGE,88000.0,Verified,credit_card,VA,33.61,0.0,675.0,679.0,0.0,87.4,47.0,Individual,6,High Risk,Manual Review
5041847,26500.0, 60 months,22.95,F,F1,10+ years,MORTGAGE,60000.0,Verified,debt_consolidation,WI,32.8,0.0,680.0,684.0,2.0,56.3,25.0,Individual,5,High Risk,Manual Review
5166393,22325.0, 60 months,23.28,F,F2,10+ years,MORTGAGE,63587.64,Verified,debt_consolidation,AZ,30.44,0.0,695.0,699.0,2.0,88.9,41.0,Individual,6,High Risk,Manual Review
5166394,22000.0, 60 months,21.98,E,E4,10+ years,RENT,112224.0,Verified,debt_consolidation,MD,12.5,1.0,695.0,699.0,0.0,97.8,31.0,Individual,5,High Risk,Manual Review
5156302,20000.0, 60 months,23.76,F,F4,4 years,MORTGAGE,165000.0,Source Verified,other,TX,25.53,1.0,660.0,664.0,0.0,81.8,38.0,Individual,5,High Risk,Manual Review
5146192,18000.0, 60 months,23.63,F,F3,1 year,MORTGAGE,177816.0,Verified,debt_consolidation,NY,31.89,2.0,690.0,694.0,3.0,83.4,28.0,Individual,7,High Risk,Manual Review
5175354,32875.0, 60 months,21.0,E,E2,10+ years,MORTGAGE,74000.0,Verified,debt_consolidation,GA,31.2,1.0,700.0,704.0,0.0,75.6,28.0,Individual,6,High Risk,Manual Review
5165530,21000.0, 60 months,21.98,E,E4,10+ years,MORTGAGE,86000.0,Verified,debt_consolidation,CA,18.71,1.0,670.0,674.0,2.0,99.3,18.0,Individual,5,High Risk,Manual Review
5176065,20000.0, 60 months,24.83,G,G2,1 year,MORTGAGE,57500.0,Verified,credit_card,MN,31.18,0.0,670.0,674.0,3.0,75.0,31.0,Individual,5,High Risk,Manual Review
5026002,27575.0, 60 months,21.98,E,E4,10+ years,MORTGAGE,86437.0,Verified,home_improvement,MO,7.55,1.0,670.0,674.0,1.0,83.0,46.0,Individual,5,High Risk,Manual Review
5185799,18600.0, 60 months,21.0,E,E2,5 years,RENT,50000.0,Source Verified,debt_consolidation,CA,23.62,1.0,665.0,669.0,1.0,89.0,19.0,Individual,5,High Risk,Manual Review
4311712,33425.0, 60 months,22.47,E,E5,10+ years,MORTGAGE,75000.0,Verified,house,GA,32.61,0.0,690.0,694.0,4.0,23.4,28.0,Individual,5,High Risk,Manual Review
5155547,12000.0, 60 months,20.49,E,E1,< 1 year,RENT,60000.0,Verified,debt_consolidation,NY,31.39,0.0,670.0,674.0,1.0,74.0,35.0,Individual,5,High Risk,Manual Review
4764984,30000.0, 60 months,22.47,E,E5,10+ years,MORTGAGE,130000.0,Verified,debt_consolidation,FL,26.95,4.0,675.0,679.0,1.0,86.5,27.0,Individual,5,High Risk,Manual Review
5165364,14000.0, 36 months,21.49,E,E3,10+ years,RENT,180000.0,Verified,other,TX,17.2,1.0,665.0,669.0,3.0,97.4,31.0,Individual,5,High Risk,Manual Review
5175459,4800.0, 36 months,21.0,E,E2,10+ years,MORTGAGE,65000.0,Verified,credit_card,MD,24.31,1.0,685.0,689.0,1.0,90.5,62.0,Individual,5,High Risk,Manual Review
5024947,28000.0, 60 months,21.98,E,E4,2 years,RENT,65000.0,Verified,debt_consolidation,HI,30.21,0.0,680.0,684.0,0.0,84.1,26.0,Individual,6,High Risk,Manual Review
5184745,26375.0, 60 months,23.63,F,F3,9 years,MORTGAGE,85000.0,Verified,other,TN,34.59,0.0,750.0,754.0,4.0,28.9,39.0,Individual,5,High Risk,Manual Review
5175048,17000.0, 60 months,20.49,E,E1,,RENT,61116.0,Verified,credit_card,TX,21.52,1.0,665.0,669.0,0.0,81.8,25.0,Individual,5,High Risk,Manual Review
5085813,19075.0, 60 months,21.0,E,E2,< 1 year,MORTGAGE,60000.0,Verified,debt_consolidation,IN,31.74,0.0,715.0,719.0,2.0,39.7,39.0,Individual,5,High Risk,Manual Review
5055307,28200.0, 60 months,21.98,E,E4,10+ years,MORTGAGE,64219.0,Verified,debt_consolidation,FL,30.03,0.0,705.0,709.0,0.0,84.8,28.0,Individual,6,High Risk,Manual Review
5095864,29175.0, 60 months,21.49,E,E3,10+ years,MORTGAGE,65000.0,Verified,debt_consolidation,OK,30.46,0.0,685.0,689.0,1.0,75.9,31.0,Individual,5,High Risk,Manual Review
5085710,24375.0, 60 months,22.95,F,F1,3 years,MORTGAGE,85000.0,Source Verified,debt_consolidation,AZ,30.03,1.0,660.0,664.0,0.0,63.3,35.0,Individual,6,High Risk,Manual Review
5115599,25000.0, 60 months,21.0,E,E2,10+ years,OWN,98500.0,Verified,debt_consolidation,NV,30.23,1.0,695.0,699.0,0.0,87.3,24.0,Individual,7,High Risk,Manual Review
5095613,24000.0, 60 months,23.63,F,F3,10+ years,RENT,80000.0,Verified,debt_consolidation,NV,6.96,1.0,670.0,674.0,3.0,93.0,25.0,Individual,5,High Risk,Manual Review
5095026,18225.0, 60 months,23.28,F,F2,4 years,RENT,42000.0,Verified,debt_consolidation,MD,22.69,2.0,660.0,664.0,0.0,86.7,33.0,Individual,5,High Risk,Manual Review
5115027,33425.0, 60 months,21.49,E,E3,10+ years,MORTGAGE,75396.0,Verified,debt_consolidation,WV,30.02,0.0,700.0,704.0,1.0,79.1,29.0,Individual,5,High Risk,Manual Review
4787525,23350.0, 60 months,23.83,F,F5,2 years,MORTGAGE,65000.0,Verified,debt_consolidation,IL,30.98,0.0,675.0,679.0,2.0,96.4,18.0,Individual,6,High Risk,Manual Review
5095055,20000.0, 60 months,21.0,E,E2,8 years,MORTGAGE,66000.0,Verified,debt_consolidation,CA,25.98,1.0,690.0,694.0,0.0,84.4,27.0,Individual,5,High Risk,Manual Review
5104902,14575.0, 60 months,22.95,F,F1,8 years,RENT,40800.0,Verified,debt_consolidation,CA,30.74,0.0,675.0,679.0,1.0,82.3,19.0,Individual,6,High Risk,Manual Review
5064924,19750.0, 60 months,23.63,F,F3,10+ years,RENT,50000.0,Verified,other,CA,25.7,1.0,660.0,664.0,0.0,93.0,17.0,Individual,5,High Risk,Manual Review
5084694,5000.0, 36 months,21.0,E,E2,10+ years,RENT,30000.0,Verified,vacation,CA,34.08,0.0,670.0,674.0,2.0,55.8,18.0,Individual,5,High Risk,Manual Review
5084698,22000.0, 60 months,21.0,E,E2,10+ years,RENT,50000.0,Verified,debt_consolidation,NY,33.6,0.0,675.0,679.0,0.0,70.5,20.0,Individual,5,High Risk,Manual Review
5114611,20000.0, 60 months,24.89,G,G4,4 years,RENT,90000.0,Source Verified,debt_consolidation,NY,24.31,1.0,665.0,669.0,3.0,93.4,34.0,Individual,5,High Risk,Manual Review
5104592,5250.0, 36 months,22.95,F,F1,5 years,RENT,25000.0,Verified,small_business,FL,16.7,2.0,670.0,674.0,1.0,94.5,10.0,Individual,5,High Risk,Manual Review
5042799,4000.0, 36 months,21.49,E,E3,6 years,RENT,30000.0,Verified,medical,CA,33.0,0.0,665.0,669.0,2.0,98.9,22.0,Individual,6,High Risk,Manual Review
5054671,22250.0, 60 months,23.28,F,F2,2 years,RENT,57850.0,Verified,debt_consolidation,WA,34.21,0.0,670.0,674.0,0.0,90.6,44.0,Individual,6,High Risk,Manual Review
4714577,35000.0, 36 months,22.95,F,F1,1 year,MORTGAGE,146000.0,Verified,home_improvement,TX,33.31,0.0,690.0,694.0,2.0,95.5,37.0,Individual,6,High Risk,Manual Review
4914962,26500.0, 60 months,24.83,G,G2,10+ years,MORTGAGE,59000.0,Source Verified,credit_card,TX,26.03,2.0,665.0,669.0,1.0,91.6,25.0,Individual,5,High Risk,Manual Review
4775574,31175.0, 60 months,24.83,G,G2,7 years,MORTGAGE,113400.0,Source Verified,major_purchase,GA,14.48,2.0,685.0,689.0,2.0,80.8,42.0,Individual,5,High Risk,Manual Review
5040805,18000.0, 60 months,23.76,F,F4,1 year,RENT,108000.0,Verified,vacation,CA,34.92,0.0,700.0,704.0,1.0,59.4,38.0,Individual,5,High Risk,Manual Review
5041033,16750.0, 60 months,21.98,E,E4,10+ years,RENT,38000.0,Verified,debt_consolidation,MA,31.04,0.0,660.0,664.0,0.0,87.0,24.0,Individual,6,High Risk,Manual Review
5040534,10000.0, 60 months,23.76,F,F4,10+ years,RENT,50000.0,Verified,other,CA,30.62,0.0,675.0,679.0,0.0,67.0,31.0,Individual,5,High Risk,Manual Review
5039859,1300.0, 36 months,21.0,E,E2,5 years,MORTGAGE,163000.0,Verified,other,PA,31.33,0.0,680.0,684.0,2.0,87.7,42.0,Individual,6,High Risk,Manual Review
5039069,10900.0, 36 months,20.49,E,E1,8 years,RENT,37000.0,Source Verified,other,NY,30.03,0.0,660.0,664.0,2.0,61.6,18.0,Individual,5,High Risk,Manual Review
4894930,35000.0, 60 months,22.47,E,E5,5 years,MORTGAGE,80000.0,Verified,debt_consolidation,MA,30.75,0.0,685.0,689.0,0.0,81.0,29.0,Individual,6,High Risk,Manual Review
5028695,1200.0, 36 months,21.98,E,E4,8 years,RENT,73000.0,Verified,wedding,TX,33.57,0.0,685.0,689.0,2.0,93.1,32.0,Individual,6,High Risk,Manual Review
5027950,22125.0, 60 months,18.49,D,D2,2 years,MORTGAGE,50000.0,Verified,credit_card,OK,33.19,1.0,660.0,664.0,0.0,94.9,54.0,Individual,5,High Risk,Manual Review
5004893,14400.0, 60 months,20.49,E,E1,10+ years,MORTGAGE,94000.0,Verified,credit_card,OR,20.39,2.0,660.0,664.0,0.0,80.5,63.0,Individual,5,High Risk,Manual Review
5037317,17500.0, 60 months,22.47,E,E5,4 years,RENT,39000.0,Verified,debt_consolidation,OR,20.31,1.0,660.0,664.0,0.0,91.4,14.0,Individual,5,High Risk,Manual Review
5027007,28000.0, 60 months,23.83,F,F5,8 years,MORTGAGE,91000.0,Verified,moving,TX,34.87,0.0,685.0,689.0,1.0,67.3,33.0,Individual,5,High Risk,Manual Review
5026962,17475.0, 36 months,20.49,E,E1,6 years,OWN,39000.0,Verified,debt_consolidation,PA,31.02,0.0,670.0,674.0,4.0,66.9,52.0,Individual,5,High Risk,Manual Review
5036103,26375.0, 60 months,20.49,E,E1,10+ years,MORTGAGE,60000.0,Verified,credit_card,TN,25.2,1.0,670.0,674.0,0.0,87.3,23.0,Individual,5,High Risk,Manual Review
5036241,12000.0, 60 months,21.98,E,E4,9 years,RENT,70000.0,Source Verified,debt_consolidation,CA,21.12,1.0,665.0,669.0,0.0,92.7,24.0,Individual,5,High Risk,Manual Review
5035766,35000.0, 60 months,22.95,F,F1,10+ years,RENT,86775.0,Verified,credit_card,NY,25.85,2.0,665.0,669.0,0.0,84.9,14.0,Individual,5,High Risk,Manual Review
4594782,20000.0, 60 months,23.83,F,F5,10+ years,MORTGAGE,72000.0,Verified,credit_card,CA,6.62,1.0,660.0,664.0,1.0,81.5,15.0,Individual,5,High Risk,Manual Review
5024582,16425.0, 60 months,22.95,F,F1,7 years,MORTGAGE,37000.0,Verified,debt_consolidation,GA,24.7,1.0,665.0,669.0,0.0,98.5,27.0,Individual,5,High Risk,Manual Review
4984811,21000.0, 60 months,23.28,F,F2,10+ years,RENT,50000.0,Verified,credit_card,CA,21.74,1.0,660.0,664.0,0.0,80.4,16.0,Individual,5,High Risk,Manual Review
4834770,16000.0, 60 months,21.49,E,E3,7 years,RENT,57000.0,Source Verified,credit_card,IL,30.97,0.0,680.0,684.0,0.0,70.5,25.0,Individual,5,High Risk,Manual Review
4914605,17625.0, 36 months,20.49,E,E1,1 year,RENT,40000.0,Not Verified,credit_card,NY,14.31,1.0,660.0,664.0,0.0,90.9,29.0,Individual,5,High Risk,Manual Review
4934625,7875.0, 36 months,20.49,E,E1,7 years,RENT,24000.0,Verified,debt_consolidation,MT,30.23,0.0,670.0,674.0,1.0,86.1,8.0,Individual,6,High Risk,Manual Review
4924698,5000.0, 36 months,21.0,E,E2,10+ years,MORTGAGE,70000.0,Verified,medical,FL,32.61,3.0,690.0,694.0,0.0,41.3,29.0,Individual,6,High Risk,Manual Review
4885120,30000.0, 60 months,22.95,F,F1,10+ years,MORTGAGE,200000.0,Source Verified,debt_consolidation,CA,9.07,1.0,670.0,674.0,1.0,92.0,32.0,Individual,5,High Risk,Manual Review
4894582,12000.0, 36 months,21.0,E,E2,2 years,RENT,40000.0,Verified,wedding,NY,19.05,2.0,665.0,669.0,0.0,93.3,19.0,Individual,5,High Risk,Manual Review
4865048,24000.0, 60 months,23.76,F,F4,7 years,MORTGAGE,140000.0,Verified,credit_card,MI,14.79,1.0,665.0,669.0,0.0,82.1,28.0,Individual,5,High Risk,Manual Review
4864682,35000.0, 60 months,22.47,E,E5,9 years,RENT,82000.0,Verified,credit_card,CO,30.49,2.0,665.0,669.0,0.0,87.9,49.0,Individual,7,High Risk,Manual Review
4864689,35000.0, 60 months,21.49,E,E3,3 years,OWN,82000.0,Verified,debt_consolidation,MA,32.98,0.0,695.0,699.0,0.0,85.7,12.0,Individual,6,High Risk,Manual Review
4788240,22050.0, 36 months,21.98,E,E4,5 years,RENT,61528.0,Verified,credit_card,AZ,24.03,1.0,660.0,664.0,0.0,96.3,28.0,Individual,5,High Risk,Manual Review
4788177,34475.0, 60 months,23.76,F,F4,10+ years,RENT,76968.0,Verified,debt_consolidation,FL,19.3,1.0,660.0,664.0,0.0,81.8,18.0,Individual,5,High Risk,Manual Review
4768274,22000.0, 60 months,24.7,G,G1,6 years,RENT,65000.0,Verified,debt_consolidation,CA,30.39,2.0,665.0,669.0,0.0,94.0,23.0,Individual,7,High Risk,Manual Review
4604683,20000.0, 60 months,23.83,F,F5,6 years,MORTGAGE,50000.0,Verified,other,UT,30.07,1.0,685.0,689.0,1.0,83.1,25.0,Individual,7,High Risk,Manual Review
4795856,2400.0, 36 months,20.49,E,E1,10+ years,MORTGAGE,50000.0,Verified,major_purchase,TX,30.77,0.0,665.0,669.0,1.0,77.0,41.0,Individual,5,High Risk,Manual Review
4767464,19600.0, 60 months,18.75,D,D3,2 years,MORTGAGE,55000.0,Verified,debt_consolidation,MI,34.52,2.0,675.0,679.0,2.0,92.4,24.0,Individual,5,High Risk,Manual Review
4767796,5600.0, 60 months,23.83,F,F5,10+ years,RENT,79476.0,Verified,other,LA,30.21,1.0,670.0,674.0,1.0,67.9,33.0,Individual,6,High Risk,Manual Review
4807537,24250.0, 60 months,23.76,F,F4,9 years,RENT,55000.0,Verified,debt_consolidation,CA,31.6,0.0,680.0,684.0,0.0,78.6,28.0,Individual,5,High Risk,Manual Review
4787314,33950.0, 60 months,23.76,F,F4,4 years,RENT,85000.0,Verified,small_business,HI,30.95,1.0,705.0,709.0,0.0,39.9,34.0,Individual,6,High Risk,Manual Review
4787215,23000.0, 60 months,24.83,G,G2,3 years,MORTGAGE,72000.0,Verified,small_business,OH,31.78,0.0,720.0,724.0,0.0,50.3,25.0,Individual,5,High Risk,Manual Review
4295251,20000.0, 60 months,23.76,F,F4,< 1 year,RENT,55000.0,Verified,debt_consolidation,NH,31.99,0.0,695.0,699.0,1.0,64.8,25.0,Individual,5,High Risk,Manual Review
4614725,16000.0, 60 months,22.95,F,F1,10+ years,RENT,50000.0,Source Verified,debt_consolidation,MD,14.83,2.0,665.0,669.0,0.0,85.1,33.0,Individual,5,High Risk,Manual Review
4776762,26375.0, 60 months,23.28,F,F2,1 year,RENT,60000.0,Verified,debt_consolidation,NV,30.86,0.0,680.0,684.0,0.0,89.2,20.0,Individual,6,High Risk,Manual Review
4796588,30000.0, 60 months,20.49,E,E1,10+ years,MORTGAGE,80000.0,Verified,debt_consolidation,IL,28.1,1.0,710.0,714.0,0.0,85.9,28.0,Individual,5,High Risk,Manual Review
4796706,2500.0, 36 months,23.63,F,F3,5 years,RENT,35000.0,Not Verified,moving,NY,15.22,1.0,665.0,669.0,2.0,94.2,9.0,Individual,5,High Risk,Manual Review
4795482,10000.0, 36 months,19.05,D,D4,3 years,OWN,31000.0,Verified,debt_consolidation,LA,34.84,1.0,665.0,669.0,0.0,91.2,39.0,Individual,5,High Risk,Manual Review
4806603,16450.0, 60 months,23.63,F,F3,10+ years,MORTGAGE,37000.0,Verified,debt_consolidation,AZ,30.88,0.0,660.0,664.0,1.0,88.9,26.0,Individual,6,High Risk,Manual Review
4766545,2500.0, 36 months,21.0,E,E2,4 years,RENT,32000.0,Verified,credit_card,OR,33.3,0.0,660.0,664.0,2.0,66.9,36.0,Individual,5,High Risk,Manual Review
4786254,25475.0, 60 months,23.28,F,F2,< 1 year,MORTGAGE,90000.0,Verified,debt_consolidation,PA,9.56,1.0,665.0,669.0,2.0,82.1,21.0,Individual,5,High Risk,Manual Review
4796062,16000.0, 60 months,24.7,G,G1,7 years,MORTGAGE,84000.0,Verified,debt_consolidation,IN,20.26,1.0,670.0,674.0,1.0,101.4,24.0,Individual,5,High Risk,Manual Review
4785938,29700.0, 60 months,21.0,E,E2,< 1 year,RENT,112000.0,Verified,credit_card,MD,31.62,0.0,710.0,714.0,0.0,62.9,31.0,Individual,5,High Risk,Manual Review
4156469,20125.0, 60 months,24.7,G,G1,2 years,RENT,78000.0,Verified,other,NY,31.89,0.0,690.0,694.0,1.0,72.7,25.0,Individual,5,High Risk,Manual Review
4805093,20000.0, 60 months,22.95,F,F1,4 years,RENT,50000.0,Verified,debt_consolidation,TX,33.58,0.0,695.0,699.0,1.0,60.0,20.0,Individual,5,High Risk,Manual Review
4765155,5825.0, 36 months,20.49,E,E1,< 1 year,RENT,67140.0,Verified,debt_consolidation,CA,15.94,1.0,670.0,674.0,2.0,93.5,28.0,Individual,5,High Risk,Manual Review
4794899,13750.0, 60 months,21.98,E,E4,10+ years,RENT,36000.0,Verified,debt_consolidation,WI,34.23,1.0,685.0,689.0,0.0,63.8,28.0,Individual,6,High Risk,Manual Review
4794983,12000.0, 60 months,20.49,E,E1,10+ years,MORTGAGE,72000.0,Source Verified,debt_consolidation,IL,15.8,1.0,665.0,669.0,0.0,86.5,16.0,Individual,5,High Risk,Manual Review
4804985,22250.0, 60 months,21.98,E,E4,2 years,RENT,50000.0,Verified,debt_consolidation,NJ,34.85,1.0,680.0,684.0,0.0,79.3,42.0,Individual,6,High Risk,Manual Review
4765018,28000.0, 60 months,22.95,F,F1,5 years,RENT,100000.0,Verified,debt_consolidation,MA,6.54,2.0,665.0,669.0,1.0,90.5,25.0,Individual,5,High Risk,Manual Review
4784797,9500.0, 60 months,21.49,E,E3,6 years,MORTGAGE,60000.0,Verified,debt_consolidation,VA,22.79,1.0,670.0,674.0,0.0,80.7,15.0,Individual,5,High Risk,Manual Review
4794822,35000.0, 60 months,20.49,E,E1,7 years,MORTGAGE,82000.0,Verified,debt_consolidation,MI,34.42,1.0,710.0,714.0,0.0,46.4,52.0,Individual,6,High Risk,Manual Review
4794670,14000.0, 60 months,23.83,F,F5,,OWN,47000.0,Verified,debt_consolidation,PA,30.89,0.0,660.0,664.0,3.0,50.8,16.0,Individual,5,High Risk,Manual Review
4784603,6000.0, 36 months,21.0,E,E2,10+ years,MORTGAGE,70000.0,Not Verified,debt_consolidation,FL,25.15,3.0,665.0,669.0,2.0,85.8,30.0,Individual,5,High Risk,Manual Review
4764654,16750.0, 60 months,23.28,F,F2,1 year,RENT,38000.0,Verified,credit_card,NY,33.06,0.0,685.0,689.0,0.0,72.0,18.0,Individual,5,High Risk,Manual Review
4684880,28125.0, 60 months,21.49,E,E3,10+ years,MORTGAGE,63000.0,Verified,debt_consolidation,TN,31.07,0.0,685.0,689.0,0.0,80.7,24.0,Individual,6,High Risk,Manual Review
4625008,15000.0, 36 months,21.0,E,E2,10+ years,RENT,90000.0,Not Verified,debt_consolidation,KY,22.4,1.0,665.0,669.0,0.0,84.2,42.0,Individual,5,High Risk,Manual Review
4569164,16500.0, 60 months,21.0,E,E2,10+ years,MORTGAGE,69000.0,Verified,debt_consolidation,TN,10.64,2.0,660.0,664.0,1.0,86.9,31.0,Individual,5,High Risk,Manual Review
4684585,19425.0, 60 months,21.49,E,E3,2 years,RENT,44200.0,Verified,debt_consolidation,NY,32.5,0.0,680.0,684.0,2.0,76.5,27.0,Individual,5,High Risk,Manual Review
4704602,17000.0, 36 months,21.0,E,E2,10+ years,RENT,74000.0,Source Verified,debt_consolidation,GA,24.86,2.0,660.0,664.0,0.0,95.0,15.0,Individual,5,High Risk,Manual Review
4280623,28000.0, 60 months,21.98,E,E4,3 years,MORTGAGE,140000.0,Verified,debt_consolidation,NJ,11.97,1.0,660.0,664.0,1.0,81.9,39.0,Individual,5,High Risk,Manual Review
4654899,14000.0, 36 months,20.49,E,E1,10+ years,RENT,93000.0,Verified,other,NY,31.61,0.0,700.0,704.0,0.0,78.2,33.0,Individual,5,High Risk,Manual Review
4614736,16950.0, 36 months,15.8,C,C3,10+ years,MORTGAGE,110000.0,Verified,home_improvement,VA,32.27,1.0,665.0,669.0,4.0,82.0,42.0,Individual,5,High Risk,Manual Review
4654773,20000.0, 60 months,22.47,E,E5,3 years,MORTGAGE,120000.0,Verified,home_improvement,TX,8.86,2.0,665.0,669.0,0.0,83.2,14.0,Individual,5,High Risk,Manual Review
4634640,32000.0, 60 months,23.63,F,F3,10+ years,RENT,93510.0,Verified,debt_consolidation,TX,30.66,1.0,665.0,669.0,0.0,76.5,27.0,Individual,6,High Risk,Manual Review
4536741,28000.0, 60 months,21.49,E,E3,10+ years,MORTGAGE,103600.0,Verified,debt_consolidation,MD,9.85,1.0,665.0,669.0,1.0,88.7,26.0,Individual,5,High Risk,Manual Review
4557271,18000.0, 60 months,21.49,E,E3,,MORTGAGE,52000.0,Verified,other,OH,32.35,0.0,715.0,719.0,0.0,43.6,25.0,Individual,5,High Risk,Manual Review
4545605,13000.0, 60 months,23.63,F,F3,10+ years,MORTGAGE,53840.0,Verified,medical,OH,33.45,1.0,675.0,679.0,1.0,78.8,38.0,Individual,6,High Risk,Manual Review
4559330,12375.0, 36 months,18.75,D,D3,9 years,MORTGAGE,35750.0,Verified,debt_consolidation,AL,32.39,2.0,675.0,679.0,0.0,92.1,35.0,Individual,5,High Risk,Manual Review
4549185,28100.0, 60 months,22.95,F,F1,10+ years,MORTGAGE,63000.0,Verified,debt_consolidation,NY,31.09,2.0,665.0,669.0,0.0,65.9,29.0,Individual,6,High Risk,Manual Review
4539176,21200.0, 60 months,22.95,F,F1,9 years,MORTGAGE,56000.0,Verified,debt_consolidation,OR,30.09,0.0,670.0,674.0,1.0,61.5,19.0,Individual,5,High Risk,Manual Review
4584600,7200.0, 36 months,20.49,E,E1,1 year,RENT,26000.0,Verified,credit_card,OK,34.85,1.0,660.0,664.0,2.0,79.0,19.0,Individual,6,High Risk,Manual Review
4549042,33950.0, 60 months,23.28,F,F2,5 years,MORTGAGE,85000.0,Verified,debt_consolidation,CO,26.41,1.0,665.0,669.0,3.0,88.4,27.0,Individual,5,High Risk,Manual Review
4558860,12000.0, 60 months,23.63,F,F3,2 years,RENT,36400.0,Verified,debt_consolidation,OH,31.22,0.0,660.0,664.0,0.0,90.2,29.0,Individual,6,High Risk,Manual Review
4535604,11700.0, 36 months,20.49,E,E1,9 years,MORTGAGE,79400.0,Verified,credit_card,NJ,16.04,1.0,660.0,664.0,4.0,92.0,19.0,Individual,5,High Risk,Manual Review
4568339,18650.0, 60 months,23.28,F,F2,9 years,MORTGAGE,52000.0,Verified,credit_card,MD,31.15,0.0,670.0,674.0,1.0,91.9,16.0,Individual,6,High Risk,Manual Review
4548529,16000.0, 60 months,21.49,E,E3,2 years,RENT,41000.0,Verified,credit_card,NC,34.07,0.0,680.0,684.0,0.0,55.4,38.0,Individual,5,High Risk,Manual Review
4528589,24000.0, 60 months,21.49,E,E3,10+ years,MORTGAGE,84000.0,Verified,debt_consolidation,CA,14.07,1.0,670.0,674.0,0.0,92.3,21.0,Individual,5,High Risk,Manual Review
4548446,20000.0, 60 months,24.83,G,G2,8 years,MORTGAGE,75000.0,Verified,small_business,OH,30.51,0.0,730.0,734.0,4.0,45.8,34.0,Individual,5,High Risk,Manual Review
4538187,6000.0, 36 months,21.0,E,E2,10+ years,MORTGAGE,72000.0,Verified,credit_card,NY,25.92,1.0,685.0,689.0,2.0,90.3,37.0,Individual,5,High Risk,Manual Review
4568215,22000.0, 60 months,24.89,G,G4,< 1 year,MORTGAGE,67300.0,Verified,small_business,MD,34.69,0.0,675.0,679.0,0.0,84.4,31.0,Individual,6,High Risk,Manual Review
4286803,24000.0, 60 months,23.76,F,F4,7 years,RENT,70000.0,Verified,credit_card,FL,32.97,0.0,675.0,679.0,1.0,94.2,31.0,Individual,6,High Risk,Manual Review
4537540,30000.0, 36 months,21.98,E,E4,7 years,MORTGAGE,225000.0,Verified,other,NJ,20.2,1.0,675.0,679.0,0.0,93.1,30.0,Individual,5,High Risk,Manual Review
4537610,18000.0, 36 months,21.0,E,E2,6 years,MORTGAGE,40000.0,Verified,debt_consolidation,IL,34.95,0.0,690.0,694.0,3.0,61.8,11.0,Individual,5,High Risk,Manual Review
4527285,10000.0, 36 months,19.72,D,D5,10+ years,OWN,31000.0,Verified,debt_consolidation,SC,34.53,1.0,670.0,674.0,0.0,82.8,22.0,Individual,5,High Risk,Manual Review
4557228,20675.0, 60 months,23.76,F,F4,3 years,OWN,50000.0,Verified,debt_consolidation,NY,34.13,0.0,690.0,694.0,0.0,75.0,25.0,Individual,5,High Risk,Manual Review
4546343,16000.0, 60 months,24.7,G,G1,10+ years,MORTGAGE,93500.0,Verified,major_purchase,OH,32.73,2.0,665.0,669.0,3.0,95.2,39.0,Individual,7,High Risk,Manual Review
4527248,35000.0, 36 months,23.76,F,F4,,MORTGAGE,147600.0,Verified,other,WA,14.03,1.0,665.0,669.0,1.0,90.7,23.0,Individual,5,High Risk,Manual Review
4546815,29700.0, 60 months,24.7,G,G1,1 year,OWN,75000.0,Verified,small_business,NY,31.41,0.0,745.0,749.0,1.0,7.1,29.0,Individual,5,High Risk,Manual Review
4566980,11700.0, 36 months,21.0,E,E2,5 years,RENT,35000.0,Verified,other,HI,33.5,0.0,685.0,689.0,2.0,42.2,27.0,Individual,5,High Risk,Manual Review
4536635,12000.0, 60 months,22.47,E,E5,10+ years,RENT,46370.0,Verified,debt_consolidation,TX,30.33,0.0,685.0,689.0,2.0,54.7,31.0,Individual,5,High Risk,Manual Review
4536718,35000.0, 60 months,21.49,E,E3,3 years,MORTGAGE,187000.0,Verified,home_improvement,FL,18.01,1.0,675.0,679.0,0.0,82.9,32.0,Individual,5,High Risk,Manual Review
4566204,12000.0, 36 months,20.49,E,E1,,OWN,43428.0,Verified,debt_consolidation,WI,31.25,0.0,675.0,679.0,3.0,91.6,12.0,Individual,6,High Risk,Manual Review
4566321,26375.0, 60 months,22.95,F,F1,9 years,MORTGAGE,93211.0,Verified,debt_consolidation,FL,24.37,1.0,665.0,669.0,0.0,92.3,26.0,Individual,5,High Risk,Manual Review
4546519,17600.0, 60 months,18.75,D,D3,10+ years,MORTGAGE,48000.0,Verified,credit_card,GA,32.35,1.0,675.0,679.0,0.0,81.8,26.0,Individual,5,High Risk,Manual Review
4435213,28950.0, 60 months,23.63,F,F3,10+ years,RENT,110000.0,Verified,debt_consolidation,CA,24.27,3.0,680.0,684.0,1.0,91.3,34.0,Individual,5,High Risk,Manual Review
4278860,5375.0, 36 months,21.0,E,E2,1 year,RENT,20000.0,Verified,credit_card,NY,18.72,2.0,670.0,674.0,1.0,95.5,16.0,Individual,5,High Risk,Manual Review
4535737,20000.0, 60 months,23.83,F,F5,2 years,RENT,55000.0,Verified,other,MA,31.31,0.0,680.0,684.0,2.0,66.7,28.0,Individual,5,High Risk,Manual Review
4535405,12800.0, 60 months,22.95,F,F1,6 years,MORTGAGE,67388.0,Verified,credit_card,TX,14.07,3.0,665.0,669.0,0.0,90.1,25.0,Individual,5,High Risk,Manual Review
4535440,4500.0, 36 months,21.98,E,E4,4 years,MORTGAGE,97000.0,Not Verified,home_improvement,OK,9.64,1.0,665.0,669.0,3.0,85.5,19.0,Individual,5,High Risk,Manual Review
4445204,29175.0, 36 months,23.63,F,F3,2 years,MORTGAGE,87000.0,Verified,other,PA,26.4,2.0,660.0,664.0,0.0,89.8,36.0,Individual,5,High Risk,Manual Review
4565325,20000.0, 60 months,20.49,E,E1,10+ years,MORTGAGE,62000.0,Verified,debt_consolidation,IN,34.37,0.0,685.0,689.0,0.0,65.6,22.0,Individual,5,High Risk,Manual Review
4535227,15875.0, 60 months,23.83,F,F5,8 years,MORTGAGE,57000.0,Verified,credit_card,GA,34.8,0.0,670.0,674.0,3.0,72.5,29.0,Individual,5,High Risk,Manual Review
4564611,17000.0, 60 months,21.98,E,E4,10+ years,MORTGAGE,67000.0,Verified,debt_consolidation,OH,22.84,1.0,665.0,669.0,0.0,88.9,14.0,Individual,5,High Risk,Manual Review
4435994,19200.0, 60 months,23.28,F,F2,2 years,RENT,92000.0,Verified,debt_consolidation,TX,33.73,0.0,690.0,694.0,2.0,83.0,42.0,Individual,6,High Risk,Manual Review
4425959,20000.0, 36 months,21.0,E,E2,2 years,RENT,95000.0,Verified,debt_consolidation,CA,10.8,2.0,670.0,674.0,1.0,98.1,25.0,Individual,5,High Risk,Manual Review
4425827,3250.0, 36 months,22.47,E,E5,9 years,RENT,48000.0,Not Verified,debt_consolidation,NJ,26.63,1.0,690.0,694.0,2.0,86.4,15.0,Individual,5,High Risk,Manual Review
4455813,15000.0, 60 months,24.7,G,G1,10+ years,RENT,65000.0,Verified,debt_consolidation,NY,30.66,3.0,685.0,689.0,1.0,76.0,31.0,Individual,6,High Risk,Manual Review
4435977,5000.0, 36 months,20.49,E,E1,,RENT,20000.0,Verified,debt_consolidation,GA,34.08,1.0,665.0,669.0,1.0,87.0,24.0,Individual,7,High Risk,Manual Review
4445729,35000.0, 60 months,23.28,F,F2,8 years,MORTGAGE,108000.0,Verified,debt_consolidation,CA,17.98,1.0,680.0,684.0,2.0,85.3,25.0,Individual,5,High Risk,Manual Review
4425533,15050.0, 60 months,22.95,F,F1,7 years,RENT,42000.0,Verified,credit_card,GA,30.03,0.0,700.0,704.0,1.0,74.1,30.0,Individual,5,High Risk,Manual Review
4281117,16000.0, 60 months,23.28,F,F2,10+ years,OWN,42000.0,Verified,debt_consolidation,PA,32.2,0.0,680.0,684.0,2.0,72.5,12.0,Individual,5,High Risk,Manual Review
4455316,24000.0, 60 months,22.47,E,E5,10+ years,RENT,291000.0,Source Verified,debt_consolidation,CA,8.05,6.0,660.0,664.0,1.0,87.4,64.0,Individual,5,High Risk,Manual Review
4455139,26000.0, 60 months,21.98,E,E4,5 years,OWN,68000.0,Verified,credit_card,MD,18.42,1.0,660.0,664.0,1.0,85.8,27.0,Individual,5,High Risk,Manual Review
4375669,15000.0, 60 months,21.49,E,E3,10+ years,MORTGAGE,150000.0,Source Verified,home_improvement,LA,4.82,2.0,660.0,664.0,1.0,92.5,20.0,Individual,5,High Risk,Manual Review
4435134,35000.0, 60 months,23.76,F,F4,7 years,MORTGAGE,130000.0,Verified,debt_consolidation,NY,30.57,0.0,695.0,699.0,3.0,72.3,53.0,Individual,5,High Risk,Manual Review
4455014,15000.0, 60 months,23.76,F,F4,10+ years,MORTGAGE,58500.0,Verified,other,NY,32.8,0.0,660.0,664.0,1.0,71.9,30.0,Individual,5,High Risk,Manual Review
4465000,11000.0, 36 months,17.27,C,C5,10+ years,MORTGAGE,47000.0,Source Verified,credit_card,WI,34.34,2.0,665.0,669.0,0.0,95.9,17.0,Individual,5,High Risk,Manual Review
4454908,15000.0, 60 months,22.95,F,F1,5 years,MORTGAGE,115000.0,Source Verified,credit_card,TN,3.32,3.0,670.0,674.0,1.0,91.3,14.0,Individual,5,High Risk,Manual Review
4434929,16000.0, 60 months,21.49,E,E3,10+ years,MORTGAGE,54000.0,Verified,credit_card,MI,30.11,0.0,690.0,694.0,2.0,53.7,32.0,Individual,5,High Risk,Manual Review
4434623,18000.0, 60 months,21.98,E,E4,10+ years,MORTGAGE,52000.0,Verified,debt_consolidation,WI,31.68,0.0,720.0,724.0,1.0,95.2,25.0,Individual,6,High Risk,Manual Review
4384611,30000.0, 60 months,21.0,E,E2,6 years,MORTGAGE,85000.0,Verified,debt_consolidation,NV,32.6,0.0,685.0,689.0,1.0,70.2,35.0,Individual,5,High Risk,Manual Review
4290351,35000.0, 60 months,21.49,E,E3,6 years,MORTGAGE,90000.0,Verified,debt_consolidation,FL,16.96,2.0,660.0,664.0,0.0,94.6,21.0,Individual,5,High Risk,Manual Review
4291022,32000.0, 60 months,23.28,F,F2,10+ years,RENT,79629.0,Verified,debt_consolidation,CT,27.23,1.0,670.0,674.0,0.0,81.2,18.0,Individual,5,High Risk,Manual Review
4376093,10000.0, 60 months,21.0,E,E2,2 years,RENT,100000.0,Verified,debt_consolidation,MT,11.53,2.0,685.0,689.0,0.0,100.9,17.0,Individual,5,High Risk,Manual Review
4311816,4200.0, 36 months,21.0,E,E2,,OWN,14000.0,Source Verified,credit_card,CA,30.77,0.0,710.0,714.0,0.0,82.7,20.0,Individual,6,High Risk,Manual Review
3696005,21050.0, 60 months,20.49,E,E1,10+ years,MORTGAGE,77510.0,Verified,debt_consolidation,AZ,33.47,0.0,670.0,674.0,0.0,91.6,45.0,Individual,6,High Risk,Manual Review
4301464,2875.0, 36 months,21.49,E,E3,4 years,RENT,15000.0,Verified,debt_consolidation,OH,34.0,0.0,685.0,689.0,1.0,46.7,26.0,Individual,5,High Risk,Manual Review
4375376,3000.0, 36 months,20.49,E,E1,10+ years,RENT,33000.0,Verified,vacation,NY,21.57,3.0,665.0,669.0,1.0,84.7,42.0,Individual,5,High Risk,Manual Review
4311157,6000.0, 36 months,22.95,F,F1,7 years,RENT,30000.0,Verified,other,NV,30.76,0.0,660.0,664.0,2.0,69.9,21.0,Individual,5,High Risk,Manual Review
4288809,20000.0, 36 months,19.05,D,D4,10+ years,MORTGAGE,120000.0,Verified,debt_consolidation,NY,30.48,2.0,665.0,669.0,1.0,89.7,37.0,Individual,5,High Risk,Manual Review
4280915,2000.0, 36 months,21.49,E,E3,,OWN,9540.0,Verified,credit_card,MO,30.69,0.0,660.0,664.0,1.0,52.1,28.0,Individual,5,High Risk,Manual Review
4310999,15750.0, 60 months,18.49,D,D2,5 years,MORTGAGE,90000.0,Verified,debt_consolidation,NV,34.64,1.0,660.0,664.0,1.0,94.0,31.0,Individual,5,High Risk,Manual Review
4300565,30000.0, 60 months,22.47,E,E5,10+ years,MORTGAGE,136000.0,Source Verified,credit_card,OK,12.8,2.0,670.0,674.0,2.0,85.4,52.0,Individual,5,High Risk,Manual Review
4279968,26500.0, 60 months,22.95,F,F1,10+ years,RENT,60000.0,Verified,debt_consolidation,CA,30.68,0.0,670.0,674.0,0.0,69.6,31.0,Individual,5,High Risk,Manual Review
4290545,6400.0, 36 months,20.49,E,E1,10+ years,RENT,25722.0,Verified,credit_card,WA,30.23,0.0,670.0,674.0,1.0,86.9,30.0,Individual,6,High Risk,Manual Review
4290171,5000.0, 36 months,21.0,E,E2,10+ years,MORTGAGE,83134.0,Verified,other,AL,30.15,2.0,680.0,684.0,3.0,66.4,40.0,Individual,6,High Risk,Manual Review
4300070,25450.0, 60 months,24.7,G,G1,10+ years,MORTGAGE,171000.0,Verified,debt_consolidation,CA,30.79,0.0,670.0,674.0,6.0,52.0,54.0,Individual,5,High Risk,Manual Review
4279790,35000.0, 60 months,23.63,F,F3,4 years,MORTGAGE,114000.0,Verified,debt_consolidation,NC,30.11,2.0,660.0,664.0,4.0,73.8,37.0,Individual,6,High Risk,Manual Review
4276648,17000.0, 60 months,21.98,E,E4,2 years,OWN,50000.0,Verified,credit_card,AZ,15.28,1.0,660.0,664.0,1.0,86.6,22.0,Individual,5,High Risk,Manual Review
4279077,28000.0, 60 months,21.98,E,E4,10+ years,MORTGAGE,98000.0,Verified,debt_consolidation,VA,22.86,1.0,660.0,664.0,0.0,98.7,24.0,Individual,5,High Risk,Manual Review
4288151,15350.0, 60 months,22.95,F,F1,10+ years,RENT,48000.0,Verified,credit_card,CA,6.23,3.0,680.0,684.0,0.0,80.7,15.0,Individual,5,High Risk,Manual Review
4307367,6250.0, 36 months,20.49,E,E1,1 year,RENT,23400.0,Verified,debt_consolidation,CA,32.21,0.0,665.0,669.0,1.0,44.5,16.0,Individual,5,High Risk,Manual Review
4277203,18000.0, 36 months,21.0,E,E2,,MORTGAGE,52000.0,Verified,debt_consolidation,TX,34.41,0.0,660.0,664.0,0.0,91.9,17.0,Individual,6,High Risk,Manual Review
3106721,17775.0, 60 months,22.47,E,E5,9 years,MORTGAGE,40000.0,Verified,credit_card,GA,22.74,2.0,670.0,674.0,1.0,80.3,22.0,Individual,5,High Risk,Manual Review
4287219,2700.0, 36 months,23.63,F,F3,,RENT,10632.0,Verified,other,CA,30.14,0.0,685.0,689.0,0.0,69.4,8.0,Individual,5,High Risk,Manual Review
4275096,9125.0, 36 months,21.98,E,E4,5 years,MORTGAGE,64000.0,Verified,other,IL,10.14,1.0,665.0,669.0,4.0,89.5,29.0,Individual,5,High Risk,Manual Review
4286701,17475.0, 60 months,21.49,E,E3,10+ years,MORTGAGE,51312.0,Verified,debt_consolidation,NV,32.93,0.0,675.0,679.0,0.0,86.9,24.0,Individual,6,High Risk,Manual Review
4194764,12000.0, 36 months,16.29,C,C4,10+ years,MORTGAGE,60000.0,Verified,debt_consolidation,MI,31.86,2.0,675.0,679.0,1.0,82.2,38.0,Individual,5,High Risk,Manual Review
4286488,24575.0, 60 months,21.98,E,E4,,RENT,55000.0,Verified,debt_consolidation,NY,32.38,0.0,675.0,679.0,0.0,92.5,27.0,Individual,6,High Risk,Manual Review
4296408,14000.0, 60 months,23.63,F,F3,7 years,RENT,45000.0,Verified,debt_consolidation,CA,34.24,0.0,660.0,664.0,2.0,65.1,22.0,Individual,5,High Risk,Manual Review
4286438,2500.0, 36 months,20.49,E,E1,5 years,OWN,31000.0,Verified,medical,FL,34.99,0.0,710.0,714.0,0.0,58.5,15.0,Individual,5,High Risk,Manual Review
4275181,13350.0, 60 months,21.0,E,E2,8 years,RENT,50000.0,Verified,debt_consolidation,NV,34.61,0.0,695.0,699.0,3.0,81.9,22.0,Individual,6,High Risk,Manual Review
4305599,19750.0, 60 months,21.49,E,E3,10+ years,MORTGAGE,45000.0,Verified,debt_consolidation,UT,34.4,0.0,695.0,699.0,3.0,41.3,27.0,Individual,5,High Risk,Manual Review
4295534,16450.0, 60 months,22.95,F,F1,5 years,OWN,65000.0,Verified,debt_consolidation,MD,32.66,0.0,695.0,699.0,0.0,96.1,26.0,Individual,6,High Risk,Manual Review
4275494,13000.0, 36 months,21.0,E,E2,7 years,RENT,60000.0,Verified,wedding,LA,31.48,0.0,670.0,674.0,0.0,86.7,19.0,Individual,6,High Risk,Manual Review
4305532,30000.0, 60 months,22.95,F,F1,7 years,MORTGAGE,67000.0,Verified,debt_consolidation,TX,31.38,2.0,690.0,694.0,2.0,43.9,31.0,Individual,6,High Risk,Manual Review
4285420,6000.0, 36 months,21.0,E,E2,10+ years,RENT,52981.0,Verified,other,SC,31.64,0.0,705.0,709.0,1.0,81.1,24.0,Individual,6,High Risk,Manual Review
4285301,25375.0, 60 months,22.47,E,E5,4 years,RENT,80000.0,Verified,credit_card,IL,32.94,0.0,670.0,674.0,0.0,79.9,30.0,Individual,5,High Risk,Manual Review
4284909,35000.0, 60 months,24.89,G,G3,4 years,MORTGAGE,95000.0,Verified,credit_card,NY,34.19,0.0,660.0,664.0,2.0,93.5,42.0,Individual,6,High Risk,Manual Review
3444736,35000.0, 60 months,23.76,F,F4,2 years,RENT,113000.0,Verified,debt_consolidation,MA,32.02,0.0,685.0,689.0,4.0,51.4,43.0,Individual,5,High Risk,Manual Review
4164863,12000.0, 60 months,20.49,E,E1,2 years,MORTGAGE,71500.0,Verified,home_improvement,OR,21.26,1.0,675.0,679.0,1.0,84.6,63.0,Individual,5,High Risk,Manual Review
4245702,35000.0, 60 months,23.76,F,F4,7 years,RENT,80500.0,Verified,credit_card,WA,31.78,1.0,665.0,669.0,1.0,94.3,17.0,Individual,7,High Risk,Manual Review
4155419,30000.0, 60 months,23.28,F,F2,1 year,MORTGAGE,170000.0,Verified,credit_card,TX,18.14,6.0,675.0,679.0,2.0,84.9,50.0,Individual,5,High Risk,Manual Review
4245598,25000.0, 60 months,23.28,F,F2,4 years,MORTGAGE,60000.0,Verified,debt_consolidation,MI,22.08,1.0,665.0,669.0,1.0,89.3,36.0,Individual,5,High Risk,Manual Review
4235451,5000.0, 36 months,20.49,E,E1,< 1 year,RENT,50000.0,Verified,other,CA,30.77,0.0,675.0,679.0,0.0,69.2,20.0,Individual,5,High Risk,Manual Review
4255113,9600.0, 36 months,23.28,F,F2,1 year,RENT,72000.0,Not Verified,debt_consolidation,NJ,28.0,1.0,665.0,669.0,1.0,86.3,41.0,Individual,5,High Risk,Manual Review
4225009,20000.0, 60 months,24.7,G,G1,10+ years,RENT,75000.0,Verified,credit_card,MD,25.84,1.0,680.0,684.0,1.0,97.6,42.0,Individual,5,High Risk,Manual Review
4224965,16675.0, 60 months,23.28,F,F2,2 years,RENT,40000.0,Verified,debt_consolidation,FL,32.92,1.0,660.0,664.0,1.0,60.3,39.0,Individual,6,High Risk,Manual Review
4244863,25000.0, 60 months,21.98,E,E4,10+ years,MORTGAGE,61000.0,Verified,debt_consolidation,MA,33.21,0.0,715.0,719.0,2.0,65.2,35.0,Individual,5,High Risk,Manual Review
4234715,12000.0, 60 months,21.49,E,E3,6 years,OWN,38750.0,Verified,credit_card,MI,31.8,0.0,670.0,674.0,0.0,68.1,30.0,Individual,5,High Risk,Manual Review
4234618,28000.0, 60 months,23.28,F,F2,4 years,MORTGAGE,65000.0,Verified,credit_card,CT,31.74,2.0,680.0,684.0,2.0,68.5,43.0,Individual,6,High Risk,Manual Review
4166962,35000.0, 60 months,23.63,F,F3,10+ years,MORTGAGE,146000.0,Source Verified,debt_consolidation,MD,20.28,1.0,665.0,669.0,0.0,83.3,38.0,Individual,5,High Risk,Manual Review
4196896,16000.0, 60 months,21.49,E,E3,< 1 year,RENT,38000.0,Verified,debt_consolidation,VA,32.94,0.0,720.0,724.0,0.0,39.8,27.0,Individual,5,High Risk,Manual Review
3664982,13250.0, 60 months,20.49,E,E1,1 year,MORTGAGE,36000.0,Verified,debt_consolidation,LA,33.31,0.0,695.0,699.0,4.0,55.7,55.0,Individual,5,High Risk,Manual Review
4177291,16000.0, 60 months,22.95,F,F1,1 year,RENT,98126.0,Verified,debt_consolidation,PA,12.2,1.0,670.0,674.0,2.0,99.3,31.0,Individual,5,High Risk,Manual Review
4177193,10000.0, 36 months,18.75,D,D3,10+ years,RENT,41000.0,Verified,debt_consolidation,OR,30.12,5.0,660.0,664.0,2.0,96.0,17.0,Individual,5,High Risk,Manual Review
4156189,29175.0, 60 months,21.98,E,E4,4 years,OWN,65000.0,Verified,debt_consolidation,AL,33.14,0.0,660.0,664.0,1.0,78.2,36.0,Individual,5,High Risk,Manual Review
4197046,35000.0, 60 months,22.47,E,E5,5 years,MORTGAGE,288750.0,Verified,debt_consolidation,NY,16.78,2.0,660.0,664.0,1.0,95.3,43.0,Individual,5,High Risk,Manual Review
4166907,35000.0, 60 months,23.63,F,F3,3 years,MORTGAGE,84870.0,Verified,debt_consolidation,MT,27.33,2.0,660.0,664.0,3.0,85.7,29.0,Individual,5,High Risk,Manual Review
4155815,2700.0, 36 months,23.28,F,F2,10+ years,RENT,29000.0,Source Verified,other,CA,29.17,2.0,660.0,664.0,2.0,94.8,14.0,Individual,5,High Risk,Manual Review
4156243,20675.0, 36 months,20.49,E,E1,3 years,MORTGAGE,52916.0,Verified,debt_consolidation,PA,31.84,0.0,670.0,674.0,1.0,85.1,17.0,Individual,6,High Risk,Manual Review
4176210,33950.0, 60 months,21.0,E,E2,10+ years,RENT,103000.0,Verified,debt_consolidation,NC,32.25,0.0,670.0,674.0,0.0,63.2,34.0,Individual,5,High Risk,Manual Review
4115482,8000.0, 36 months,15.8,C,C3,9 years,MORTGAGE,49000.0,Verified,credit_card,AL,34.43,1.0,665.0,669.0,0.0,81.1,16.0,Individual,5,High Risk,Manual Review
4195434,25450.0, 60 months,20.49,E,E1,< 1 year,MORTGAGE,71000.0,Verified,credit_card,MI,11.08,1.0,670.0,674.0,2.0,81.0,40.0,Individual,5,High Risk,Manual Review
4144763,16000.0, 60 months,22.47,E,E5,6 years,RENT,62400.0,Verified,credit_card,AK,31.63,0.0,690.0,694.0,1.0,86.8,22.0,Individual,6,High Risk,Manual Review
4195486,24375.0, 60 months,23.76,F,F4,7 years,MORTGAGE,55000.0,Verified,debt_consolidation,IN,32.17,0.0,660.0,664.0,4.0,85.5,29.0,Individual,6,High Risk,Manual Review
3917269,35000.0, 36 months,16.29,C,C4,6 years,MORTGAGE,201000.0,Verified,credit_card,VA,31.0,3.0,670.0,674.0,0.0,91.0,28.0,Individual,5,High Risk,Manual Review
4154854,17875.0, 60 months,20.49,E,E1,1 year,RENT,41000.0,Verified,credit_card,GA,30.74,0.0,675.0,679.0,0.0,89.3,49.0,Individual,6,High Risk,Manual Review
4184796,15000.0, 60 months,23.28,F,F2,,MORTGAGE,43000.0,Verified,debt_consolidation,MD,30.36,0.0,675.0,679.0,2.0,90.5,18.0,Individual,6,High Risk,Manual Review
4174738,17500.0, 60 months,21.49,E,E3,5 years,RENT,40000.0,Verified,debt_consolidation,WA,31.25,0.0,705.0,709.0,0.0,60.9,14.0,Individual,5,High Risk,Manual Review
3640548,3675.0, 36 months,19.72,D,D5,7 years,MORTGAGE,50000.0,Verified,other,GA,33.56,1.0,660.0,664.0,0.0,93.8,24.0,Individual,5,High Risk,Manual Review
4154687,5000.0, 36 months,15.31,C,C2,10+ years,MORTGAGE,58000.0,Verified,debt_consolidation,CT,31.1,1.0,685.0,689.0,0.0,99.0,22.0,Individual,5,High Risk,Manual Review
4184626,20050.0, 60 months,24.7,G,G1,< 1 year,RENT,52000.0,Verified,other,FL,32.58,5.0,660.0,664.0,3.0,50.0,35.0,Individual,6,High Risk,Manual Review
4115528,25000.0, 60 months,20.49,E,E1,10+ years,RENT,60000.0,Verified,debt_consolidation,HI,23.09,2.0,680.0,684.0,0.0,82.4,24.0,Individual,5,High Risk,Manual Review
4125022,35000.0, 60 months,21.98,E,E4,8 years,MORTGAGE,100000.0,Verified,debt_consolidation,PA,14.0,1.0,670.0,674.0,0.0,91.2,27.0,Individual,5,High Risk,Manual Review
4104726,2800.0, 36 months,21.0,E,E2,< 1 year,RENT,62500.0,Verified,other,NJ,33.12,1.0,665.0,669.0,1.0,75.3,27.0,Individual,6,High Risk,Manual Review
4084601,35000.0, 60 months,22.47,E,E5,1 year,MORTGAGE,97000.0,Verified,debt_consolidation,NY,20.26,2.0,670.0,674.0,2.0,87.7,33.0,Individual,5,High Risk,Manual Review
3933016,18000.0, 60 months,22.95,F,F1,10+ years,MORTGAGE,47000.0,Verified,debt_consolidation,MO,31.56,0.0,665.0,669.0,2.0,96.0,19.0,Individual,6,High Risk,Manual Review
4045005,20000.0, 60 months,23.63,F,F3,2 years,RENT,52000.0,Verified,debt_consolidation,NY,10.55,1.0,660.0,664.0,0.0,87.9,12.0,Individual,5,High Risk,Manual Review
4064923,4450.0, 36 months,21.0,E,E2,< 1 year,RENT,15000.0,Verified,major_purchase,AR,30.32,0.0,680.0,684.0,0.0,85.0,29.0,Individual,6,High Risk,Manual Review
3919281,17000.0, 60 months,21.0,E,E2,< 1 year,RENT,38000.0,Verified,credit_card,TN,30.47,0.0,695.0,699.0,1.0,36.2,33.0,Individual,5,High Risk,Manual Review
4054824,30000.0, 60 months,22.47,E,E5,5 years,MORTGAGE,70000.0,Verified,debt_consolidation,TX,30.62,0.0,670.0,674.0,1.0,81.5,63.0,Individual,6,High Risk,Manual Review
4044751,29875.0, 60 months,23.63,F,F3,1 year,MORTGAGE,73000.0,Verified,debt_consolidation,FL,32.38,0.0,660.0,664.0,5.0,70.7,36.0,Individual,5,High Risk,Manual Review
4034694,28000.0, 60 months,21.49,E,E3,10+ years,MORTGAGE,79000.0,Verified,debt_consolidation,IL,27.6,1.0,675.0,679.0,2.0,86.5,27.0,Individual,5,High Risk,Manual Review
3930736,23300.0, 60 months,21.0,E,E2,5 years,MORTGAGE,53000.0,Verified,debt_consolidation,SC,34.35,0.0,705.0,709.0,1.0,48.5,31.0,Individual,5,High Risk,Manual Review
3932030,12000.0, 60 months,21.49,E,E3,5 years,OWN,37498.0,Verified,credit_card,NY,33.47,0.0,675.0,679.0,0.0,63.9,26.0,Individual,5,High Risk,Manual Review
3932044,10000.0, 60 months,21.0,E,E2,7 years,RENT,39000.0,Verified,debt_consolidation,TX,31.32,0.0,700.0,704.0,0.0,2.7,28.0,Individual,5,High Risk,Manual Review
3931833,21000.0, 60 months,21.0,E,E2,4 years,OWN,60000.0,Verified,credit_card,NY,34.6,0.0,680.0,684.0,1.0,67.5,50.0,Individual,5,High Risk,Manual Review
3931550,16450.0, 60 months,22.47,E,E5,10+ years,MORTGAGE,37000.0,Verified,debt_consolidation,GA,30.56,0.0,675.0,679.0,1.0,36.4,20.0,Individual,5,High Risk,Manual Review
3920943,7200.0, 36 months,18.49,D,D2,5 years,RENT,28616.0,Verified,debt_consolidation,FL,32.33,1.0,670.0,674.0,0.0,92.4,22.0,Individual,5,High Risk,Manual Review
3920601,18000.0, 60 months,21.49,E,E3,< 1 year,RENT,52500.0,Source Verified,debt_consolidation,GA,31.61,0.0,685.0,689.0,0.0,71.8,27.0,Individual,5,High Risk,Manual Review
3944595,16950.0, 60 months,21.98,E,E4,4 years,RENT,38000.0,Verified,credit_card,AZ,31.98,1.0,685.0,689.0,1.0,70.4,39.0,Individual,6,High Risk,Manual Review
3929829,5375.0, 36 months,20.49,E,E1,4 years,RENT,19000.0,Verified,debt_consolidation,HI,33.85,0.0,660.0,664.0,1.0,47.5,11.0,Individual,5,High Risk,Manual Review
3919807,2000.0, 36 months,21.0,E,E2,,RENT,8500.0,Verified,credit_card,NC,32.47,0.0,675.0,679.0,0.0,81.3,8.0,Individual,6,High Risk,Manual Review
3726667,20125.0, 60 months,21.49,E,E3,10+ years,OWN,45000.0,Verified,debt_consolidation,TX,33.81,0.0,700.0,704.0,1.0,83.3,37.0,Individual,6,High Risk,Manual Review
3916023,16000.0, 60 months,20.49,E,E1,3 years,MORTGAGE,65000.0,Verified,credit_card,TX,32.03,1.0,680.0,684.0,1.0,79.9,43.0,Individual,6,High Risk,Manual Review
3849789,30225.0, 60 months,24.89,G,G4,10+ years,RENT,76000.0,Verified,wedding,HI,34.04,0.0,675.0,679.0,0.0,98.4,22.0,Individual,6,High Risk,Manual Review
3161185,25000.0, 60 months,21.49,E,E3,3 years,MORTGAGE,66000.0,Source Verified,debt_consolidation,SC,20.55,3.0,695.0,699.0,0.0,82.3,42.0,Individual,5,High Risk,Manual Review
3918526,2400.0, 36 months,21.0,E,E2,1 year,RENT,145000.0,Not Verified,credit_card,NJ,0.64,1.0,675.0,679.0,3.0,96.2,10.0,Individual,5,High Risk,Manual Review
3928473,31300.0, 60 months,21.49,E,E3,,RENT,70000.0,Verified,credit_card,NY,34.1,0.0,705.0,709.0,1.0,62.7,24.0,Individual,5,High Risk,Manual Review
3927499,6000.0, 36 months,16.29,C,C4,6 years,RENT,48000.0,Verified,credit_card,AZ,30.23,2.0,660.0,664.0,0.0,93.5,23.0,Individual,5,High Risk,Manual Review
3917519,15000.0, 60 months,21.49,E,E3,10+ years,MORTGAGE,42000.0,Verified,credit_card,MN,16.23,2.0,665.0,669.0,0.0,94.4,30.0,Individual,5,High Risk,Manual Review
3926533,30000.0, 60 months,24.89,G,G3,10+ years,MORTGAGE,72000.0,Verified,debt_consolidation,NC,27.0,4.0,670.0,674.0,1.0,80.7,34.0,Individual,5,High Risk,Manual Review
3916453,13000.0, 60 months,16.29,C,C4,4 years,RENT,42621.0,Verified,credit_card,MO,33.81,4.0,685.0,689.0,0.0,81.8,29.0,Individual,5,High Risk,Manual Review
3915139,30225.0, 60 months,22.47,E,E5,8 years,MORTGAGE,68000.0,Verified,debt_consolidation,AL,33.12,0.0,670.0,674.0,0.0,79.5,32.0,Individual,5,High Risk,Manual Review
3914715,18000.0, 60 months,20.49,E,E1,1 year,RENT,41589.0,Verified,debt_consolidation,MI,31.36,0.0,675.0,679.0,1.0,67.0,46.0,Individual,5,High Risk,Manual Review
3525418,27575.0, 60 months,21.49,E,E3,10+ years,RENT,61421.0,Verified,debt_consolidation,TX,31.46,0.0,675.0,679.0,0.0,58.3,25.0,Individual,5,High Risk,Manual Review
3849007,25000.0, 60 months,21.49,E,E3,5 years,MORTGAGE,170000.0,Verified,debt_consolidation,NJ,12.61,2.0,665.0,669.0,0.0,80.5,29.0,Individual,5,High Risk,Manual Review
3631319,22250.0, 60 months,21.0,E,E2,6 years,MORTGAGE,61113.93,Verified,debt_consolidation,CA,30.23,0.0,705.0,709.0,1.0,74.1,30.0,Individual,5,High Risk,Manual Review
3809767,12175.0, 60 months,21.98,E,E4,10+ years,RENT,50000.0,Verified,debt_consolidation,WA,31.56,0.0,680.0,684.0,2.0,89.3,12.0,Individual,6,High Risk,Manual Review
3809522,16700.0, 60 months,23.63,F,F3,10+ years,MORTGAGE,83000.0,Verified,wedding,PA,33.96,1.0,665.0,669.0,0.0,80.7,39.0,Individual,7,High Risk,Manual Review
3809450,13000.0, 60 months,21.49,E,E3,2 years,RENT,42000.0,Verified,debt_consolidation,TX,30.6,0.0,690.0,694.0,2.0,85.9,16.0,Individual,6,High Risk,Manual Review
3846759,21250.0, 60 months,22.47,E,E5,10+ years,RENT,48163.8,Verified,credit_card,OH,34.93,0.0,685.0,689.0,2.0,89.0,32.0,Individual,6,High Risk,Manual Review
3846643,18000.0, 60 months,21.98,E,E4,4 years,MORTGAGE,63000.0,Verified,debt_consolidation,IN,21.3,1.0,660.0,664.0,0.0,86.9,22.0,Individual,5,High Risk,Manual Review
3809252,15000.0, 60 months,21.49,E,E3,6 years,RENT,40000.0,Verified,credit_card,FL,31.17,0.0,680.0,684.0,0.0,69.4,22.0,Individual,5,High Risk,Manual Review
3734054,16450.0, 36 months,16.29,C,C4,10+ years,MORTGAGE,64000.0,Verified,credit_card,WA,34.1,1.0,685.0,689.0,2.0,84.8,37.0,Individual,5,High Risk,Manual Review
3808623,28000.0, 60 months,17.77,D,D1,10+ years,MORTGAGE,65000.0,Verified,debt_consolidation,PA,33.16,1.0,690.0,694.0,0.0,90.7,23.0,Individual,5,High Risk,Manual Review
3808421,12000.0, 60 months,20.49,E,E1,5 years,RENT,58000.0,Verified,debt_consolidation,TX,31.14,0.0,680.0,684.0,1.0,85.4,18.0,Individual,6,High Risk,Manual Review
3808053,4200.0, 36 months,21.0,E,E2,9 years,RENT,15000.0,Verified,debt_consolidation,CA,31.44,0.0,670.0,674.0,1.0,62.6,13.0,Individual,5,High Risk,Manual Review
3845058,17625.0, 60 months,21.49,E,E3,2 years,RENT,40000.0,Verified,debt_consolidation,FL,33.75,0.0,680.0,684.0,2.0,42.8,30.0,Individual,5,High Risk,Manual Review
3807566,35000.0, 60 months,21.0,E,E2,10+ years,RENT,120000.0,Verified,debt_consolidation,FL,14.13,1.0,675.0,679.0,0.0,92.6,28.0,Individual,5,High Risk,Manual Review
3784721,10000.0, 36 months,20.49,E,E1,3 years,RENT,30000.0,Verified,other,PA,33.4,0.0,670.0,674.0,2.0,50.6,20.0,Individual,5,High Risk,Manual Review
3807272,12000.0, 60 months,21.98,E,E4,6 years,RENT,50000.0,Verified,debt_consolidation,CA,30.43,0.0,685.0,689.0,4.0,47.0,15.0,Individual,5,High Risk,Manual Review
3732150,1800.0, 36 months,21.98,E,E4,2 years,RENT,23000.0,Verified,other,MI,19.51,1.0,660.0,664.0,0.0,80.2,10.0,Individual,5,High Risk,Manual Review
3731081,16800.0, 60 months,15.8,C,C3,4 years,MORTGAGE,118000.0,Verified,debt_consolidation,GA,31.88,1.0,700.0,704.0,3.0,91.8,35.0,Individual,5,High Risk,Manual Review
3733787,35000.0, 60 months,22.47,E,E5,10+ years,RENT,120037.0,Verified,credit_card,OK,30.12,0.0,660.0,664.0,3.0,52.2,48.0,Individual,5,High Risk,Manual Review
3733872,18000.0, 60 months,21.49,E,E3,8 years,MORTGAGE,51500.0,Verified,debt_consolidation,GA,32.27,1.0,685.0,689.0,0.0,57.1,29.0,Individual,6,High Risk,Manual Review
3733066,21000.0, 60 months,22.47,E,E5,10+ years,RENT,108000.0,Verified,debt_consolidation,WA,29.48,1.0,665.0,669.0,0.0,80.5,24.0,Individual,5,High Risk,Manual Review
3703571,7550.0, 36 months,18.75,D,D3,< 1 year,MORTGAGE,32000.0,Verified,debt_consolidation,AZ,30.3,2.0,680.0,684.0,0.0,92.8,24.0,Individual,5,High Risk,Manual Review
3731872,32000.0, 60 months,21.98,E,E4,10+ years,MORTGAGE,99500.0,Verified,debt_consolidation,AL,33.88,0.0,685.0,689.0,0.0,89.0,35.0,Individual,6,High Risk,Manual Review
3731723,35000.0, 60 months,20.49,E,E1,10+ years,MORTGAGE,150000.0,Verified,debt_consolidation,WA,17.77,1.0,680.0,684.0,0.0,84.3,26.0,Individual,5,High Risk,Manual Review
3704416,18000.0, 36 months,21.98,E,E4,1 year,RENT,90000.0,Not Verified,debt_consolidation,CA,24.61,2.0,660.0,664.0,2.0,82.1,29.0,Individual,5,High Risk,Manual Review
3731532,19000.0, 60 months,23.63,F,F3,5 years,RENT,56000.0,Verified,debt_consolidation,CA,12.26,1.0,660.0,664.0,0.0,95.0,17.0,Individual,5,High Risk,Manual Review
3703863,33425.0, 60 months,24.83,G,G2,5 years,MORTGAGE,75000.0,Verified,home_improvement,NC,16.85,1.0,680.0,684.0,3.0,89.9,33.0,Individual,5,High Risk,Manual Review
3703258,30000.0, 60 months,22.47,E,E5,4 years,RENT,76556.0,Verified,debt_consolidation,WA,30.5,0.0,680.0,684.0,1.0,81.4,35.0,Individual,6,High Risk,Manual Review
3594918,23500.0, 60 months,23.63,F,F3,4 years,RENT,90000.0,Verified,house,CA,14.07,2.0,675.0,679.0,1.0,90.3,33.0,Individual,5,High Risk,Manual Review
3702395,16000.0, 60 months,23.28,F,F2,< 1 year,MORTGAGE,56000.0,Verified,credit_card,MN,8.36,1.0,665.0,669.0,0.0,81.1,17.0,Individual,5,High Risk,Manual Review
3701857,25000.0, 60 months,21.0,E,E2,6 years,MORTGAGE,64399.0,Verified,credit_card,MN,34.27,0.0,670.0,674.0,1.0,63.0,48.0,Individual,5,High Risk,Manual Review
3701258,35000.0, 60 months,21.49,E,E3,4 years,RENT,80000.0,Verified,debt_consolidation,CA,22.4,1.0,680.0,684.0,0.0,92.8,22.0,Individual,5,High Risk,Manual Review
3667252,35000.0, 60 months,21.98,E,E4,10+ years,MORTGAGE,95000.0,Verified,debt_consolidation,TX,31.79,0.0,665.0,669.0,1.0,72.4,58.0,Individual,5,High Risk,Manual Review
3700210,6400.0, 60 months,22.95,F,F1,8 years,RENT,70000.0,Verified,other,AZ,32.67,0.0,690.0,694.0,0.0,70.2,41.0,Individual,5,High Risk,Manual Review
3727870,4000.0, 36 months,15.8,C,C3,10+ years,MORTGAGE,40000.0,Not Verified,home_improvement,CT,30.87,1.0,665.0,669.0,0.0,86.8,30.0,Individual,5,High Risk,Manual Review
3727549,29175.0, 60 months,22.47,E,E5,,RENT,65000.0,Verified,credit_card,NY,30.04,0.0,690.0,694.0,0.0,69.7,45.0,Individual,5,High Risk,Manual Review
3727487,16000.0, 60 months,20.49,E,E1,10+ years,MORTGAGE,73000.0,Verified,credit_card,CA,14.38,2.0,675.0,679.0,0.0,91.9,22.0,Individual,5,High Risk,Manual Review
3727482,18000.0, 60 months,20.49,E,E1,10+ years,MORTGAGE,70000.0,Verified,debt_consolidation,KS,31.05,2.0,670.0,674.0,1.0,54.3,28.0,Individual,6,High Risk,Manual Review
3727344,24575.0, 60 months,22.95,F,F1,7 years,MORTGAGE,72658.0,Verified,other,CO,33.97,0.0,705.0,709.0,0.0,49.9,32.0,Individual,5,High Risk,Manual Review
3727119,5000.0, 36 months,20.49,E,E1,,OWN,17700.0,Verified,credit_card,OR,33.96,0.0,685.0,689.0,0.0,89.4,6.0,Individual,6,High Risk,Manual Review
3635005,21000.0, 60 months,22.47,E,E5,10+ years,RENT,54612.0,Verified,debt_consolidation,PA,33.2,0.0,710.0,714.0,1.0,53.9,20.0,Individual,5,High Risk,Manual Review
3725948,22250.0, 60 months,23.28,F,F2,9 years,RENT,50000.0,Verified,debt_consolidation,CA,13.63,4.0,660.0,664.0,2.0,88.8,18.0,Individual,5,High Risk,Manual Review
3725367,3625.0, 36 months,23.63,F,F3,2 years,RENT,64500.0,Verified,other,AZ,8.58,4.0,690.0,694.0,3.0,84.0,24.0,Individual,5,High Risk,Manual Review
3706953,21200.0, 60 months,23.63,F,F3,10+ years,OWN,60000.0,Verified,home_improvement,AL,15.02,1.0,660.0,664.0,2.0,91.1,32.0,Individual,5,High Risk,Manual Review
3526215,23325.0, 60 months,22.47,E,E5,6 years,RENT,52000.0,Verified,debt_consolidation,CA,33.32,0.0,670.0,674.0,0.0,69.2,38.0,Individual,5,High Risk,Manual Review
3674855,25475.0, 60 months,23.28,F,F2,10+ years,RENT,99877.0,Source Verified,debt_consolidation,NC,15.54,8.0,670.0,674.0,0.0,89.9,27.0,Individual,5,High Risk,Manual Review
3629450,25475.0, 60 months,21.98,E,E4,1 year,RENT,57400.0,Verified,debt_consolidation,GA,34.77,0.0,685.0,689.0,1.0,49.8,39.0,Individual,5,High Risk,Manual Review
3705571,20000.0, 60 months,22.47,E,E5,10+ years,RENT,58500.0,Verified,credit_card,FL,16.51,2.0,675.0,679.0,0.0,84.6,27.0,Individual,5,High Risk,Manual Review
3705342,17500.0, 60 months,21.49,E,E3,8 years,MORTGAGE,56000.0,Source Verified,debt_consolidation,CA,31.11,0.0,675.0,679.0,4.0,60.5,52.0,Individual,5,High Risk,Manual Review
3667814,18000.0, 60 months,22.95,F,F1,4 years,RENT,79000.0,Verified,other,CA,30.96,0.0,695.0,699.0,0.0,78.9,32.0,Individual,5,High Risk,Manual Review
3627425,17050.0, 60 months,23.28,F,F2,10+ years,RENT,38000.0,Verified,debt_consolidation,NC,32.15,1.0,690.0,694.0,1.0,54.3,26.0,Individual,6,High Risk,Manual Review
3676618,7550.0, 36 months,18.49,D,D2,5 years,RENT,28000.0,Verified,debt_consolidation,NC,31.11,1.0,660.0,664.0,0.0,97.2,15.0,Individual,5,High Risk,Manual Review
3675002,20000.0, 60 months,21.49,E,E3,10+ years,RENT,54000.0,Verified,debt_consolidation,HI,34.04,0.0,680.0,684.0,1.0,91.8,24.0,Individual,6,High Risk,Manual Review
3675519,16450.0, 60 months,23.76,F,F4,10+ years,RENT,37000.0,Verified,debt_consolidation,CO,32.3,1.0,660.0,664.0,0.0,79.2,27.0,Individual,6,High Risk,Manual Review
3674877,25000.0, 60 months,23.63,F,F3,10+ years,RENT,78000.0,Verified,debt_consolidation,CA,30.32,0.0,660.0,664.0,4.0,85.6,56.0,Individual,6,High Risk,Manual Review
3634182,20000.0, 60 months,21.98,E,E4,< 1 year,RENT,60000.0,Verified,debt_consolidation,TX,31.18,0.0,670.0,674.0,2.0,54.8,30.0,Individual,5,High Risk,Manual Review
3604934,17000.0, 60 months,21.49,E,E3,4 years,RENT,38500.0,Verified,debt_consolidation,WI,33.63,0.0,660.0,664.0,0.0,76.1,18.0,Individual,5,High Risk,Manual Review
3627444,30000.0, 60 months,21.49,E,E3,10+ years,RENT,75000.0,Verified,debt_consolidation,TX,32.03,0.0,685.0,689.0,1.0,86.7,19.0,Individual,6,High Risk,Manual Review
3643312,26375.0, 60 months,21.98,E,E4,10+ years,MORTGAGE,60000.0,Verified,credit_card,OK,30.22,0.0,690.0,694.0,1.0,77.3,32.0,Individual,5,High Risk,Manual Review
3631754,27175.0, 60 months,23.28,F,F2,10+ years,RENT,101000.0,Verified,debt_consolidation,FL,19.22,1.0,665.0,669.0,0.0,80.5,17.0,Individual,5,High Risk,Manual Review
3641933,26000.0, 36 months,20.49,E,E1,5 years,RENT,69821.0,Verified,debt_consolidation,AZ,32.23,0.0,660.0,664.0,2.0,92.9,44.0,Individual,6,High Risk,Manual Review
3631801,8000.0, 60 months,22.95,F,F1,8 years,MORTGAGE,75000.0,Verified,other,MD,31.07,0.0,690.0,694.0,1.0,94.3,54.0,Individual,6,High Risk,Manual Review
3526349,16800.0, 60 months,22.47,E,E5,10+ years,RENT,42900.0,Verified,debt_consolidation,FL,34.8,0.0,660.0,664.0,2.0,73.4,20.0,Individual,5,High Risk,Manual Review
3629119,12000.0, 36 months,15.31,C,C2,1 year,OWN,42500.0,Verified,debt_consolidation,NC,34.48,1.0,660.0,664.0,0.0,91.2,13.0,Individual,5,High Risk,Manual Review
3639780,30000.0, 60 months,23.63,F,F3,10+ years,MORTGAGE,70000.0,Verified,debt_consolidation,SC,33.26,0.0,660.0,664.0,1.0,89.7,34.0,Individual,6,High Risk,Manual Review
3640029,19000.0, 60 months,21.49,E,E3,5 years,MORTGAGE,52000.0,Source Verified,debt_consolidation,SC,12.53,1.0,685.0,689.0,1.0,81.1,19.0,Individual,5,High Risk,Manual Review
3350607,16950.0, 60 months,23.83,F,F5,3 years,RENT,43000.0,Verified,other,VA,30.09,0.0,665.0,669.0,0.0,96.4,20.0,Individual,6,High Risk,Manual Review
3639513,20675.0, 60 months,23.83,F,F5,9 years,MORTGAGE,190000.0,Verified,medical,TX,9.66,1.0,670.0,674.0,1.0,84.1,17.0,Individual,5,High Risk,Manual Review
3629383,19200.0, 60 months,22.95,F,F1,10+ years,MORTGAGE,75000.0,Verified,debt_consolidation,GA,21.8,1.0,665.0,669.0,3.0,90.7,48.0,Individual,5,High Risk,Manual Review
3639036,16800.0, 60 months,23.63,F,F3,9 years,MORTGAGE,68675.95,Source Verified,wedding,CA,9.84,1.0,670.0,674.0,2.0,91.8,17.0,Individual,5,High Risk,Manual Review
3628482,16000.0, 60 months,22.47,E,E5,10+ years,OWN,63000.0,Verified,debt_consolidation,NY,15.39,1.0,680.0,684.0,1.0,88.6,26.0,Individual,5,High Risk,Manual Review
3636740,30225.0, 60 months,21.0,E,E2,10+ years,MORTGAGE,70000.0,Verified,credit_card,AR,30.32,0.0,700.0,704.0,1.0,92.8,29.0,Individual,6,High Risk,Manual Review
3637614,21100.0, 60 months,22.47,E,E5,9 years,RENT,55000.0,Verified,debt_consolidation,LA,31.18,0.0,675.0,679.0,3.0,51.1,32.0,Individual,5,High Risk,Manual Review
3636956,35000.0, 60 months,21.0,E,E2,7 years,RENT,150000.0,Source Verified,debt_consolidation,AK,22.46,1.0,660.0,664.0,0.0,96.7,30.0,Individual,5,High Risk,Manual Review
3625260,30000.0, 60 months,21.49,E,E3,7 years,MORTGAGE,75000.0,Verified,debt_consolidation,CA,23.82,2.0,680.0,684.0,0.0,88.9,30.0,Individual,5,High Risk,Manual Review
3654565,16000.0, 60 months,22.95,F,F1,10+ years,RENT,42016.0,Verified,credit_card,WA,30.22,0.0,685.0,689.0,1.0,87.8,20.0,Individual,6,High Risk,Manual Review
3624839,35000.0, 60 months,23.28,F,F2,2 years,MORTGAGE,89000.0,Source Verified,debt_consolidation,KY,24.91,2.0,670.0,674.0,0.0,81.9,34.0,Individual,5,High Risk,Manual Review
3624743,30800.0, 60 months,23.28,F,F2,1 year,RENT,80000.0,Verified,debt_consolidation,SC,32.73,1.0,670.0,674.0,1.0,80.3,20.0,Individual,7,High Risk,Manual Review
3539109,30000.0, 60 months,21.49,E,E3,10+ years,MORTGAGE,77700.0,Verified,debt_consolidation,CA,26.26,1.0,665.0,669.0,0.0,80.7,30.0,Individual,5,High Risk,Manual Review
3624635,35000.0, 60 months,21.0,E,E2,10+ years,MORTGAGE,100000.0,Verified,credit_card,VA,30.67,1.0,660.0,664.0,0.0,83.3,21.0,Individual,7,High Risk,Manual Review
3604791,6000.0, 36 months,21.0,E,E2,10+ years,MORTGAGE,44500.0,Verified,small_business,FL,21.79,1.0,660.0,664.0,2.0,93.1,19.0,Individual,5,High Risk,Manual Review
3195569,20000.0, 60 months,21.0,E,E2,10+ years,MORTGAGE,56377.0,Verified,debt_consolidation,NC,30.17,0.0,660.0,664.0,0.0,67.3,41.0,Individual,5,High Risk,Manual Review
3537877,4000.0, 36 months,21.0,E,E2,2 years,RENT,15000.0,Verified,credit_card,NY,30.65,0.0,685.0,689.0,2.0,77.9,23.0,Individual,5,High Risk,Manual Review
3527473,2000.0, 36 months,21.49,E,E3,5 years,MORTGAGE,17595.0,Verified,debt_consolidation,FL,30.14,0.0,660.0,664.0,2.0,23.7,21.0,Individual,5,High Risk,Manual Review
2084918,26400.0, 60 months,23.83,F,F5,10+ years,RENT,75000.0,Verified,credit_card,NY,19.6,1.0,680.0,684.0,2.0,85.7,36.0,Individual,5,High Risk,Manual Review
3537085,19000.0, 60 months,21.0,E,E2,2 years,MORTGAGE,43000.0,Verified,debt_consolidation,NC,32.65,0.0,675.0,679.0,0.0,63.5,37.0,Individual,5,High Risk,Manual Review
3372559,4750.0, 36 months,21.49,E,E3,3 years,RENT,16000.0,Verified,debt_consolidation,GA,34.35,0.0,660.0,664.0,0.0,69.9,10.0,Individual,5,High Risk,Manual Review
3499071,29700.0, 60 months,23.28,F,F2,2 years,RENT,80000.0,Verified,debt_consolidation,MA,14.17,1.0,660.0,664.0,0.0,84.7,21.0,Individual,5,High Risk,Manual Review
3485993,18000.0, 60 months,21.0,E,E2,7 years,RENT,40000.0,Verified,debt_consolidation,IN,31.65,0.0,685.0,689.0,2.0,89.6,14.0,Individual,6,High Risk,Manual Review
3488719,11325.0, 36 months,21.0,E,E2,3 years,RENT,33700.0,Verified,moving,LA,33.93,0.0,680.0,684.0,1.0,80.3,21.0,Individual,6,High Risk,Manual Review
3486267,35000.0, 60 months,21.0,E,E2,10+ years,MORTGAGE,97000.0,Verified,debt_consolidation,CA,7.81,2.0,660.0,664.0,0.0,89.5,20.0,Individual,5,High Risk,Manual Review
3300067,3250.0, 36 months,21.98,E,E4,,RENT,12500.0,Verified,credit_card,HI,33.7,0.0,675.0,679.0,1.0,100.6,19.0,Individual,6,High Risk,Manual Review
3497212,21200.0, 60 months,15.8,C,C3,2 years,MORTGAGE,108000.0,Verified,debt_consolidation,CT,30.28,1.0,705.0,709.0,0.0,90.3,30.0,Individual,5,High Risk,Manual Review
3486255,35000.0, 60 months,21.49,E,E3,6 years,MORTGAGE,300000.0,Source Verified,debt_consolidation,PA,7.0,1.0,675.0,679.0,0.0,97.0,39.0,Individual,5,High Risk,Manual Review
3383090,28000.0, 60 months,22.95,F,F1,9 years,MORTGAGE,78000.0,Verified,debt_consolidation,HI,18.62,2.0,670.0,674.0,0.0,96.5,37.0,Individual,5,High Risk,Manual Review
3371298,5375.0, 36 months,23.28,F,F2,1 year,RENT,18000.0,Not Verified,vacation,CA,6.73,1.0,680.0,684.0,0.0,85.4,3.0,Individual,5,High Risk,Manual Review
3384049,24000.0, 60 months,21.0,E,E2,6 years,MORTGAGE,90000.0,Verified,credit_card,AK,18.12,1.0,665.0,669.0,1.0,82.5,24.0,Individual,5,High Risk,Manual Review
3383591,2000.0, 36 months,21.0,E,E2,,RENT,12000.0,Verified,debt_consolidation,CA,33.6,0.0,665.0,669.0,0.0,87.5,14.0,Individual,6,High Risk,Manual Review
3288074,35000.0, 60 months,22.95,F,F1,10+ years,RENT,185000.0,Source Verified,debt_consolidation,CA,6.9,1.0,665.0,669.0,0.0,84.4,20.0,Individual,5,High Risk,Manual Review
3351476,18000.0, 60 months,24.7,G,G1,,OWN,52000.0,Verified,debt_consolidation,CA,26.91,1.0,665.0,669.0,3.0,88.2,23.0,Individual,5,High Risk,Manual Review
3382761,28000.0, 60 months,21.49,E,E3,9 years,OWN,94000.0,Verified,credit_card,CA,16.88,1.0,660.0,664.0,3.0,98.9,23.0,Individual,5,High Risk,Manual Review
3372601,25450.0, 60 months,21.98,E,E4,10+ years,MORTGAGE,63775.0,Verified,debt_consolidation,TX,33.75,0.0,685.0,689.0,3.0,60.3,63.0,Individual,5,High Risk,Manual Review
3381896,18000.0, 60 months,24.7,G,G1,10+ years,RENT,70000.0,Source Verified,debt_consolidation,SC,25.83,1.0,690.0,694.0,0.0,81.0,33.0,Individual,5,High Risk,Manual Review
3381821,4750.0, 60 months,21.49,E,E3,10+ years,MORTGAGE,35000.0,Verified,debt_consolidation,PA,32.88,0.0,660.0,664.0,1.0,43.0,63.0,Individual,5,High Risk,Manual Review
3371347,35000.0, 60 months,21.0,E,E2,7 years,MORTGAGE,120000.0,Source Verified,credit_card,CA,5.99,1.0,665.0,669.0,2.0,82.6,19.0,Individual,5,High Risk,Manual Review
3371056,25400.0, 60 months,23.28,F,F2,,MORTGAGE,56496.0,Verified,debt_consolidation,CA,23.53,1.0,665.0,669.0,0.0,87.5,34.0,Individual,5,High Risk,Manual Review
3066736,26500.0, 60 months,23.76,F,F4,5 years,RENT,60000.0,Verified,debt_consolidation,WA,31.58,0.0,665.0,669.0,2.0,64.7,24.0,Individual,5,High Risk,Manual Review
3370601,17600.0, 36 months,21.49,E,E3,8 years,MORTGAGE,65000.0,Verified,small_business,CO,20.33,1.0,675.0,679.0,2.0,81.0,38.0,Individual,5,High Risk,Manual Review
3370334,22250.0, 60 months,21.49,E,E3,10+ years,MORTGAGE,80000.0,Verified,home_improvement,AK,28.59,1.0,665.0,669.0,2.0,99.9,30.0,Individual,5,High Risk,Manual Review
3369667,33950.0, 60 months,21.98,E,E4,10+ years,MORTGAGE,76000.0,Verified,debt_consolidation,AL,33.95,0.0,670.0,674.0,3.0,57.0,63.0,Individual,5,High Risk,Manual Review
3368456,24000.0, 60 months,23.28,F,F2,5 years,MORTGAGE,124000.0,Source Verified,debt_consolidation,WA,16.11,1.0,660.0,664.0,3.0,95.0,25.0,Individual,5,High Risk,Manual Review
3379470,27575.0, 60 months,22.47,E,E5,10+ years,RENT,62000.0,Verified,debt_consolidation,PA,34.37,0.0,675.0,679.0,0.0,96.3,24.0,Individual,6,High Risk,Manual Review
3379331,10000.0, 36 months,17.27,C,C5,5 years,RENT,30000.0,Verified,debt_consolidation,UT,32.48,1.0,665.0,669.0,0.0,87.8,12.0,Individual,5,High Risk,Manual Review
3376644,30000.0, 60 months,20.49,E,E1,10+ years,OWN,67000.0,Verified,debt_consolidation,NV,23.21,1.0,695.0,699.0,0.0,91.5,18.0,Individual,5,High Risk,Manual Review
3157944,18000.0, 60 months,20.49,E,E1,9 years,OWN,40000.0,Verified,credit_card,WA,33.42,0.0,675.0,679.0,1.0,64.2,21.0,Individual,5,High Risk,Manual Review
3376747,24925.0, 60 months,22.95,F,F1,10+ years,MORTGAGE,56000.0,Verified,debt_consolidation,AZ,30.86,0.0,675.0,679.0,1.0,98.5,16.0,Individual,6,High Risk,Manual Review
3366503,20000.0, 60 months,23.63,F,F3,6 years,RENT,59173.0,Verified,debt_consolidation,LA,30.7,3.0,675.0,679.0,1.0,70.1,42.0,Individual,6,High Risk,Manual Review
3187108,35000.0, 60 months,23.76,F,F4,5 years,MORTGAGE,120000.0,Verified,debt_consolidation,HI,18.84,1.0,660.0,664.0,2.0,90.0,14.0,Individual,5,High Risk,Manual Review
3359908,16000.0, 60 months,22.95,F,F1,1 year,MORTGAGE,66000.0,Verified,debt_consolidation,TX,31.89,0.0,660.0,664.0,1.0,93.8,43.0,Individual,6,High Risk,Manual Review
3357794,28100.0, 60 months,22.47,E,E5,< 1 year,RENT,63000.0,Verified,credit_card,IN,31.83,1.0,685.0,689.0,2.0,63.8,22.0,Individual,6,High Risk,Manual Review
3353922,16000.0, 60 months,20.49,E,E1,6 years,MORTGAGE,42000.0,Verified,debt_consolidation,AZ,34.26,0.0,675.0,679.0,1.0,56.9,33.0,Individual,5,High Risk,Manual Review
3360186,4800.0, 36 months,21.49,E,E3,6 years,OWN,26000.0,Verified,other,CA,31.95,0.0,665.0,669.0,0.0,52.6,33.0,Individual,5,High Risk,Manual Review
3294009,19000.0, 36 months,16.29,C,C4,5 years,MORTGAGE,72000.0,Verified,debt_consolidation,PA,32.89,1.0,665.0,669.0,4.0,86.5,44.0,Individual,5,High Risk,Manual Review
3353503,10000.0, 60 months,21.49,E,E3,4 years,RENT,37000.0,Verified,debt_consolidation,FL,31.12,1.0,670.0,674.0,0.0,16.3,16.0,Individual,6,High Risk,Manual Review
3358531,24000.0, 60 months,21.49,E,E3,10+ years,RENT,60000.0,Verified,debt_consolidation,VA,30.3,0.0,670.0,674.0,0.0,61.0,27.0,Individual,5,High Risk,Manual Review
3359337,21600.0, 60 months,21.49,E,E3,3 years,MORTGAGE,75000.0,Verified,credit_card,MD,19.36,1.0,670.0,674.0,2.0,88.8,47.0,Individual,5,High Risk,Manual Review
3355608,16000.0, 60 months,23.28,F,F2,10+ years,MORTGAGE,54240.0,Verified,other,VA,30.29,0.0,685.0,689.0,0.0,92.9,23.0,Individual,6,High Risk,Manual Review
3351082,21725.0, 60 months,23.28,F,F2,10+ years,MORTGAGE,68000.0,Verified,debt_consolidation,OR,28.52,1.0,665.0,669.0,0.0,97.3,17.0,Individual,5,High Risk,Manual Review
2300072,21250.0, 60 months,23.63,F,F3,< 1 year,RENT,48000.0,Verified,debt_consolidation,FL,31.05,0.0,665.0,669.0,1.0,91.2,20.0,Individual,6,High Risk,Manual Review
3350790,33600.0, 60 months,21.98,E,E4,10+ years,RENT,131000.0,Verified,debt_consolidation,VA,17.87,1.0,675.0,679.0,0.0,97.1,42.0,Individual,5,High Risk,Manual Review
3357185,20000.0, 60 months,22.47,E,E5,5 years,RENT,62000.0,Verified,debt_consolidation,MA,32.8,0.0,685.0,689.0,2.0,62.9,34.0,Individual,5,High Risk,Manual Review
3350288,28000.0, 60 months,21.49,E,E3,10+ years,RENT,70000.0,Verified,debt_consolidation,CA,15.98,1.0,660.0,664.0,0.0,90.5,12.0,Individual,5,High Risk,Manual Review
3349120,16000.0, 60 months,20.49,E,E1,10+ years,RENT,39800.0,Verified,credit_card,NC,31.03,0.0,690.0,694.0,0.0,72.9,23.0,Individual,5,High Risk,Manual Review
3349266,18000.0, 60 months,21.0,E,E2,10+ years,MORTGAGE,58000.0,Verified,debt_consolidation,MO,32.4,0.0,665.0,669.0,0.0,95.7,20.0,Individual,6,High Risk,Manual Review
3355156,19500.0, 60 months,21.49,E,E3,,MORTGAGE,44000.0,Verified,debt_consolidation,MI,26.59,3.0,685.0,689.0,2.0,96.1,18.0,Individual,5,High Risk,Manual Review
3347684,21250.0, 60 months,21.98,E,E4,4 years,RENT,48000.0,Verified,credit_card,TX,31.63,0.0,670.0,674.0,2.0,95.2,17.0,Individual,6,High Risk,Manual Review
3294236,25450.0, 60 months,21.49,E,E3,10+ years,OWN,64830.48,Verified,debt_consolidation,OK,33.93,0.0,670.0,674.0,0.0,75.2,33.0,Individual,5,High Risk,Manual Review
3293793,26500.0, 60 months,21.98,E,E4,10+ years,OWN,59500.0,Verified,debt_consolidation,NY,23.58,1.0,660.0,664.0,1.0,83.3,30.0,Individual,5,High Risk,Manual Review
3344685,16800.0, 60 months,22.95,F,F1,10+ years,RENT,65000.0,Verified,debt_consolidation,TX,25.66,3.0,670.0,674.0,0.0,95.1,27.0,Individual,5,High Risk,Manual Review
3344932,22750.0, 60 months,23.28,F,F2,10+ years,RENT,52000.0,Verified,debt_consolidation,TX,31.15,1.0,665.0,669.0,2.0,58.9,27.0,Individual,6,High Risk,Manual Review
3344725,19600.0, 36 months,20.49,E,E1,5 years,MORTGAGE,59000.0,Verified,small_business,NC,30.04,0.0,660.0,664.0,1.0,70.3,30.0,Individual,5,High Risk,Manual Review
3289490,24000.0, 60 months,23.83,F,F5,10+ years,RENT,71000.0,Verified,other,TX,32.33,0.0,680.0,684.0,2.0,69.5,27.0,Individual,5,High Risk,Manual Review
3298842,23800.0, 60 months,21.0,E,E2,1 year,RENT,53000.0,Verified,debt_consolidation,NY,21.89,1.0,665.0,669.0,0.0,93.4,27.0,Individual,5,High Risk,Manual Review
3288503,16750.0, 60 months,21.0,E,E2,10+ years,MORTGAGE,39054.7,Verified,debt_consolidation,PA,34.85,0.0,690.0,694.0,2.0,94.3,35.0,Individual,6,High Risk,Manual Review
3287408,3000.0, 36 months,21.98,E,E4,10+ years,OWN,320625.0,Source Verified,other,MO,2.75,2.0,670.0,674.0,3.0,95.1,29.0,Individual,5,High Risk,Manual Review
3295279,25375.0, 60 months,20.49,E,E1,6 years,OWN,58000.0,Verified,debt_consolidation,TX,32.34,0.0,695.0,699.0,0.0,86.2,22.0,Individual,6,High Risk,Manual Review
3296743,31300.0, 60 months,22.47,E,E5,7 years,RENT,70000.0,Verified,debt_consolidation,NV,31.68,0.0,670.0,674.0,2.0,51.8,59.0,Individual,5,High Risk,Manual Review
3198555,16750.0, 60 months,23.28,F,F2,9 years,RENT,37717.2,Verified,major_purchase,CO,32.03,0.0,660.0,664.0,1.0,74.2,12.0,Individual,5,High Risk,Manual Review
3255148,16000.0, 60 months,22.95,F,F1,10+ years,RENT,75000.0,Verified,debt_consolidation,VA,32.43,0.0,670.0,674.0,1.0,90.2,37.0,Individual,6,High Risk,Manual Review
3264700,25975.0, 36 months,20.49,E,E1,3 years,OWN,58000.0,Verified,credit_card,OK,31.36,0.0,680.0,684.0,1.0,89.0,50.0,Individual,6,High Risk,Manual Review
3239306,11200.0, 60 months,22.47,E,E5,,OWN,50100.0,Source Verified,debt_consolidation,MA,17.9,1.0,660.0,664.0,2.0,91.1,19.0,Individual,5,High Risk,Manual Review
3240035,20000.0, 60 months,22.47,E,E5,7 years,MORTGAGE,65000.0,Verified,credit_card,TX,30.83,0.0,670.0,674.0,1.0,53.0,38.0,Individual,5,High Risk,Manual Review
3236753,24000.0, 60 months,21.98,E,E4,1 year,MORTGAGE,57600.0,Verified,debt_consolidation,MD,17.42,2.0,665.0,669.0,1.0,95.8,50.0,Individual,5,High Risk,Manual Review
3196650,30000.0, 60 months,21.0,E,E2,10+ years,MORTGAGE,80000.0,Verified,credit_card,OK,31.24,0.0,685.0,689.0,1.0,80.6,58.0,Individual,6,High Risk,Manual Review
3216666,16000.0, 60 months,22.95,F,F1,9 years,RENT,53000.0,Verified,credit_card,CA,19.81,1.0,665.0,669.0,0.0,83.6,32.0,Individual,5,High Risk,Manual Review
2092005,29700.0, 36 months,15.8,C,C3,10+ years,RENT,67000.0,Verified,debt_consolidation,IL,30.89,1.0,665.0,669.0,0.0,90.9,23.0,Individual,5,High Risk,Manual Review
3237766,35000.0, 60 months,21.49,E,E3,10+ years,MORTGAGE,90000.0,Verified,debt_consolidation,VA,8.93,1.0,670.0,674.0,2.0,81.3,30.0,Individual,5,High Risk,Manual Review
3217578,10000.0, 36 months,18.49,D,D2,10+ years,RENT,74000.0,Verified,debt_consolidation,NC,30.79,1.0,675.0,679.0,2.0,88.6,41.0,Individual,5,High Risk,Manual Review
3217206,27575.0, 60 months,23.63,F,F3,1 year,OWN,82143.0,Verified,credit_card,MI,21.2,1.0,685.0,689.0,2.0,90.8,34.0,Individual,5,High Risk,Manual Review
3235588,19100.0, 60 months,17.27,C,C5,< 1 year,RENT,71000.0,Verified,debt_consolidation,OR,30.32,1.0,675.0,679.0,0.0,84.2,21.0,Individual,5,High Risk,Manual Review
3188190,20000.0, 60 months,23.83,F,F5,2 years,RENT,82000.0,Verified,debt_consolidation,MD,21.91,1.0,660.0,664.0,1.0,85.4,36.0,Individual,5,High Risk,Manual Review
3197624,22000.0, 60 months,21.0,E,E2,10+ years,MORTGAGE,71500.0,Source Verified,credit_card,MO,11.95,2.0,670.0,674.0,2.0,83.4,24.0,Individual,5,High Risk,Manual Review
3196748,33425.0, 60 months,20.49,E,E1,10+ years,MORTGAGE,74866.98,Verified,debt_consolidation,VA,31.01,0.0,705.0,709.0,3.0,63.1,28.0,Individual,5,High Risk,Manual Review
3095247,1600.0, 36 months,21.49,E,E3,< 1 year,RENT,15000.0,Verified,credit_card,OH,34.72,0.0,695.0,699.0,2.0,51.2,15.0,Individual,5,High Risk,Manual Review
3154561,30750.0, 36 months,15.8,C,C3,10+ years,MORTGAGE,69000.0,Verified,debt_consolidation,NJ,33.86,1.0,680.0,684.0,0.0,95.7,18.0,Individual,5,High Risk,Manual Review
3184623,20000.0, 60 months,21.98,E,E4,7 years,MORTGAGE,50141.0,Verified,debt_consolidation,MO,30.83,0.0,685.0,689.0,2.0,71.8,30.0,Individual,5,High Risk,Manual Review
3164056,19425.0, 60 months,21.0,E,E2,4 years,MORTGAGE,49000.0,Verified,debt_consolidation,CO,33.52,0.0,665.0,669.0,2.0,68.7,20.0,Individual,5,High Risk,Manual Review
3163314,23500.0, 60 months,21.49,E,E3,7 years,RENT,52500.0,Verified,debt_consolidation,NY,32.55,1.0,670.0,674.0,0.0,89.2,17.0,Individual,7,High Risk,Manual Review
3160998,35000.0, 60 months,20.49,E,E1,10+ years,MORTGAGE,145000.0,Verified,debt_consolidation,AZ,33.56,0.0,710.0,714.0,3.0,61.6,22.0,Individual,5,High Risk,Manual Review
3160173,18000.0, 60 months,23.28,F,F2,10+ years,OWN,45000.0,Verified,debt_consolidation,WV,34.19,0.0,675.0,679.0,1.0,89.6,24.0,Individual,6,High Risk,Manual Review
3149020,35000.0, 60 months,21.98,E,E4,7 years,MORTGAGE,90005.0,Verified,debt_consolidation,FL,33.5,2.0,695.0,699.0,3.0,56.7,31.0,Individual,6,High Risk,Manual Review
3159009,16000.0, 60 months,20.49,E,E1,1 year,RENT,45000.0,Verified,debt_consolidation,VA,30.64,0.0,670.0,674.0,1.0,56.6,23.0,Individual,5,High Risk,Manual Review
3158832,31000.0, 60 months,20.49,E,E1,7 years,MORTGAGE,70000.0,Verified,debt_consolidation,OH,30.35,0.0,680.0,684.0,1.0,61.1,33.0,Individual,5,High Risk,Manual Review
3147421,31825.0, 60 months,22.47,E,E5,7 years,MORTGAGE,75000.0,Verified,debt_consolidation,CO,33.06,0.0,670.0,674.0,3.0,91.2,38.0,Individual,6,High Risk,Manual Review
3148488,24000.0, 60 months,23.63,F,F3,10+ years,RENT,55000.0,Source Verified,debt_consolidation,CA,32.31,1.0,660.0,664.0,0.0,79.8,25.0,Individual,6,High Risk,Manual Review
3155936,16000.0, 60 months,21.98,E,E4,10+ years,MORTGAGE,79400.0,Verified,debt_consolidation,CA,34.32,0.0,695.0,699.0,1.0,56.8,26.0,Individual,5,High Risk,Manual Review
3155438,17000.0, 60 months,21.0,E,E2,3 years,RENT,50400.0,Verified,credit_card,FL,30.87,0.0,675.0,679.0,1.0,92.4,26.0,Individual,6,High Risk,Manual Review
3144845,22750.0, 60 months,22.95,F,F1,9 years,RENT,50834.37,Verified,debt_consolidation,WA,32.46,0.0,670.0,674.0,1.0,66.8,21.0,Individual,5,High Risk,Manual Review
3098828,20250.0, 60 months,23.28,F,F2,10+ years,RENT,45000.0,Verified,house,CA,33.57,0.0,670.0,674.0,2.0,84.4,36.0,Individual,6,High Risk,Manual Review
3067136,35000.0, 60 months,21.49,E,E3,10+ years,MORTGAGE,95000.0,Verified,debt_consolidation,SC,30.06,0.0,715.0,719.0,3.0,66.1,31.0,Individual,5,High Risk,Manual Review
3108418,2450.0, 36 months,21.0,E,E2,10+ years,OWN,35000.0,Verified,other,CA,33.36,0.0,670.0,674.0,0.0,78.5,23.0,Individual,5,High Risk,Manual Review
3108534,20000.0, 60 months,24.83,G,G2,10+ years,MORTGAGE,60000.0,Verified,other,FL,21.14,2.0,670.0,674.0,0.0,82.5,17.0,Individual,5,High Risk,Manual Review
3108367,24000.0, 60 months,23.63,F,F3,8 years,RENT,61000.0,Verified,debt_consolidation,CA,10.05,2.0,675.0,679.0,0.0,92.0,13.0,Individual,5,High Risk,Manual Review
3107676,15350.0, 36 months,21.49,E,E3,5 years,RENT,52113.95,Verified,small_business,GA,17.73,1.0,660.0,664.0,0.0,90.2,45.0,Individual,5,High Risk,Manual Review
3097373,18225.0, 60 months,23.83,F,F5,8 years,MORTGAGE,50000.0,Verified,wedding,FL,31.63,0.0,665.0,669.0,0.0,59.1,29.0,Individual,5,High Risk,Manual Review
2897111,6075.0, 36 months,15.31,C,C2,10+ years,MORTGAGE,39000.0,Verified,credit_card,MI,33.05,2.0,675.0,679.0,0.0,93.3,10.0,Individual,5,High Risk,Manual Review
2994589,19075.0, 60 months,22.47,E,E5,5 years,MORTGAGE,60000.0,Verified,debt_consolidation,CA,32.0,0.0,685.0,689.0,5.0,62.5,51.0,Individual,5,High Risk,Manual Review
3095999,16000.0, 60 months,21.98,E,E4,9 years,RENT,58444.0,Verified,credit_card,NY,34.0,0.0,690.0,694.0,1.0,91.8,20.0,Individual,6,High Risk,Manual Review
3005229,35000.0, 60 months,21.49,E,E3,3 years,MORTGAGE,98000.0,Verified,debt_consolidation,FL,34.33,0.0,680.0,684.0,0.0,77.7,36.0,Individual,5,High Risk,Manual Review
3095656,28775.0, 60 months,21.49,E,E3,10+ years,RENT,100000.0,Verified,debt_consolidation,WA,12.85,1.0,665.0,669.0,0.0,95.9,16.0,Individual,5,High Risk,Manual Review
3105437,35000.0, 60 months,21.0,E,E2,10+ years,MORTGAGE,729368.0,Verified,home_improvement,MO,11.93,1.0,675.0,679.0,1.0,87.5,37.0,Individual,5,High Risk,Manual Review
3104868,35000.0, 60 months,22.47,E,E5,,OWN,115000.0,Verified,debt_consolidation,FL,18.95,5.0,660.0,664.0,1.0,97.8,28.0,Individual,5,High Risk,Manual Review
2994609,4200.0, 36 months,20.49,E,E1,10+ years,RENT,14300.0,Verified,debt_consolidation,PA,32.64,0.0,670.0,674.0,1.0,87.4,19.0,Individual,6,High Risk,Manual Review
2486677,17875.0, 60 months,22.95,F,F1,6 years,MORTGAGE,65000.0,Verified,credit_card,PA,31.79,2.0,670.0,674.0,2.0,48.6,55.0,Individual,6,High Risk,Manual Review
3066119,7550.0, 60 months,23.76,F,F4,,RENT,28000.0,Verified,other,MI,33.13,0.0,665.0,669.0,0.0,74.7,26.0,Individual,5,High Risk,Manual Review
2827217,22800.0, 60 months,21.98,E,E4,5 years,RENT,51000.0,Verified,credit_card,PA,31.01,0.0,665.0,669.0,3.0,69.6,28.0,Individual,5,High Risk,Manual Review
3055151,26500.0, 36 months,18.49,D,D2,8 years,RENT,60036.0,Verified,debt_consolidation,VA,31.38,1.0,670.0,674.0,2.0,90.0,18.0,Individual,5,High Risk,Manual Review
3065191,30000.0, 60 months,24.89,G,G3,10+ years,MORTGAGE,150000.0,Verified,small_business,NJ,9.42,1.0,665.0,669.0,2.0,88.3,35.0,Individual,5,High Risk,Manual Review
3065107,35000.0, 60 months,21.49,E,E3,10+ years,RENT,80000.0,Verified,debt_consolidation,VA,24.82,5.0,665.0,669.0,1.0,88.6,44.0,Individual,5,High Risk,Manual Review
2381367,8000.0, 36 months,21.0,E,E2,,RENT,42000.0,Verified,credit_card,PA,27.17,1.0,660.0,664.0,2.0,94.5,20.0,Individual,5,High Risk,Manual Review
3016170,17900.0, 60 months,23.28,F,F2,< 1 year,MORTGAGE,41000.0,Source Verified,credit_card,PA,34.83,0.0,660.0,664.0,0.0,95.2,27.0,Individual,6,High Risk,Manual Review
3005957,35000.0, 60 months,23.28,F,F2,10+ years,MORTGAGE,89306.0,Verified,home_improvement,FL,32.45,3.0,680.0,684.0,3.0,93.4,32.0,Individual,7,High Risk,Manual Review
2476898,18000.0, 60 months,22.47,E,E5,5 years,RENT,60000.0,Verified,house,NY,30.76,0.0,690.0,694.0,3.0,36.3,40.0,Individual,5,High Risk,Manual Review
2635281,19400.0, 60 months,21.98,E,E4,5 years,MORTGAGE,52000.0,Verified,credit_card,AR,32.19,0.0,685.0,689.0,2.0,77.2,29.0,Individual,5,High Risk,Manual Review
2984739,33425.0, 60 months,22.95,F,F1,10+ years,MORTGAGE,75000.0,Verified,credit_card,GA,30.43,0.0,685.0,689.0,2.0,97.2,35.0,Individual,6,High Risk,Manual Review
2896347,18000.0, 36 months,21.0,E,E2,,MORTGAGE,70000.0,Verified,wedding,OH,31.03,0.0,660.0,664.0,1.0,86.0,51.0,Individual,6,High Risk,Manual Review
2935579,4500.0, 36 months,21.0,E,E2,10+ years,OWN,15000.0,Verified,debt_consolidation,TX,33.7,0.0,695.0,699.0,0.0,50.5,28.0,Individual,5,High Risk,Manual Review
2935442,18000.0, 60 months,22.95,F,F1,4 years,RENT,51000.0,Verified,house,NH,30.47,0.0,670.0,674.0,4.0,75.4,29.0,Individual,5,High Risk,Manual Review
2935413,29100.0, 60 months,22.47,E,E5,3 years,MORTGAGE,65000.0,Verified,credit_card,PA,30.73,0.0,675.0,679.0,1.0,85.7,33.0,Individual,6,High Risk,Manual Review
2935272,35000.0, 60 months,20.49,E,E1,3 years,MORTGAGE,230000.0,Verified,credit_card,CA,18.56,1.0,705.0,709.0,2.0,80.1,38.0,Individual,5,High Risk,Manual Review
2945042,15250.0, 36 months,17.27,C,C5,6 years,MORTGAGE,81000.0,Verified,other,TX,32.22,1.0,685.0,689.0,0.0,87.3,20.0,Individual,5,High Risk,Manual Review
2896506,29700.0, 60 months,23.76,F,F4,10+ years,MORTGAGE,75000.0,Verified,small_business,MI,31.83,1.0,685.0,689.0,1.0,56.4,43.0,Individual,6,High Risk,Manual Review
2906936,3000.0, 36 months,21.98,E,E4,6 years,RENT,40000.0,Source Verified,other,FL,22.44,1.0,670.0,674.0,2.0,96.0,40.0,Individual,5,High Risk,Manual Review
2906711,16000.0, 60 months,21.98,E,E4,8 years,MORTGAGE,40000.0,Verified,debt_consolidation,OH,30.63,0.0,665.0,669.0,1.0,79.6,33.0,Individual,5,High Risk,Manual Review
2904902,4800.0, 36 months,21.0,E,E2,6 years,MORTGAGE,60000.0,Verified,vacation,MI,20.32,1.0,670.0,674.0,1.0,85.2,20.0,Individual,5,High Risk,Manual Review
2838205,16000.0, 60 months,23.83,F,F5,8 years,OWN,68000.0,Verified,other,OH,31.94,0.0,670.0,674.0,2.0,74.0,23.0,Individual,5,High Risk,Manual Review
1457200,14125.0, 36 months,15.8,C,C3,10+ years,MORTGAGE,57000.0,Verified,debt_consolidation,NC,31.43,1.0,670.0,674.0,0.0,88.7,28.0,Individual,5,High Risk,Manual Review
2828037,20000.0, 60 months,21.49,E,E3,10+ years,MORTGAGE,54000.0,Verified,debt_consolidation,OH,32.62,0.0,690.0,694.0,1.0,56.7,29.0,Individual,5,High Risk,Manual Review
2827833,35000.0, 60 months,22.47,E,E5,4 years,MORTGAGE,102000.0,Source Verified,debt_consolidation,KY,31.68,0.0,670.0,674.0,1.0,73.1,23.0,Individual,5,High Risk,Manual Review
2827583,5000.0, 36 months,22.47,E,E5,3 years,RENT,36000.0,Not Verified,other,NY,7.03,1.0,685.0,689.0,0.0,91.2,5.0,Individual,5,High Risk,Manual Review
2836607,1400.0, 36 months,23.28,F,F2,,RENT,8520.0,Verified,other,NC,30.56,0.0,660.0,664.0,0.0,60.3,17.0,Individual,5,High Risk,Manual Review
2476413,9000.0, 36 months,15.31,C,C2,2 years,MORTGAGE,39000.0,Verified,credit_card,AR,30.43,1.0,675.0,679.0,0.0,80.7,18.0,Individual,5,High Risk,Manual Review
2276465,19400.0, 60 months,23.28,F,F2,8 years,MORTGAGE,73000.0,Source Verified,home_improvement,KY,30.35,1.0,685.0,689.0,1.0,82.6,42.0,Individual,7,High Risk,Manual Review
2824774,11950.0, 60 months,21.98,E,E4,5 years,MORTGAGE,39072.0,Verified,debt_consolidation,FL,24.94,2.0,670.0,674.0,0.0,92.0,8.0,Individual,5,High Risk,Manual Review
2824659,21350.0, 60 months,23.28,F,F2,6 years,MORTGAGE,48500.0,Verified,debt_consolidation,AL,31.77,0.0,660.0,664.0,2.0,46.0,37.0,Individual,5,High Risk,Manual Review
2754638,17475.0, 36 months,17.77,D,D1,2 years,RENT,39400.0,Verified,credit_card,NY,33.05,1.0,675.0,679.0,1.0,83.0,30.0,Individual,5,High Risk,Manual Review
2299182,17000.0, 60 months,22.47,E,E5,3 years,RENT,72000.0,Verified,debt_consolidation,OH,14.32,1.0,660.0,664.0,0.0,82.8,27.0,Individual,5,High Risk,Manual Review
2664690,20000.0, 60 months,23.63,F,F3,8 years,RENT,56000.0,Verified,credit_card,CA,24.79,1.0,670.0,674.0,1.0,93.3,26.0,Individual,5,High Risk,Manual Review
2635062,30000.0, 60 months,23.28,F,F2,3 years,MORTGAGE,98092.0,Verified,debt_consolidation,NC,20.08,1.0,670.0,674.0,0.0,93.0,25.0,Individual,5,High Risk,Manual Review
2645876,21400.0, 60 months,21.98,E,E4,6 years,RENT,48714.0,Verified,debt_consolidation,VA,31.37,0.0,675.0,679.0,0.0,63.2,21.0,Individual,5,High Risk,Manual Review
2645713,25000.0, 60 months,22.95,F,F1,10+ years,MORTGAGE,76500.0,Verified,car,TX,30.65,0.0,670.0,674.0,1.0,97.0,26.0,Individual,6,High Risk,Manual Review
2605405,35000.0, 60 months,24.83,G,G2,10+ years,MORTGAGE,90122.0,Verified,credit_card,NY,20.73,1.0,665.0,669.0,1.0,90.3,19.0,Individual,5,High Risk,Manual Review
2605379,15000.0, 36 months,22.95,F,F1,10+ years,MORTGAGE,60000.0,Verified,other,MD,23.1,1.0,660.0,664.0,3.0,80.8,24.0,Individual,5,High Risk,Manual Review
2544610,20000.0, 60 months,23.28,F,F2,10+ years,MORTGAGE,103000.0,Verified,credit_card,CA,18.63,1.0,665.0,669.0,2.0,89.8,18.0,Individual,5,High Risk,Manual Review
2514851,35000.0, 60 months,21.98,E,E4,6 years,MORTGAGE,86000.0,Verified,debt_consolidation,TX,31.87,0.0,680.0,684.0,1.0,78.1,42.0,Individual,5,High Risk,Manual Review
2534567,35000.0, 60 months,21.0,E,E2,2 years,MORTGAGE,200000.0,Source Verified,debt_consolidation,TX,8.66,2.0,685.0,689.0,0.0,86.8,35.0,Individual,5,High Risk,Manual Review
2373125,22000.0, 60 months,22.47,E,E5,10+ years,MORTGAGE,61000.0,Verified,debt_consolidation,WV,33.93,1.0,670.0,674.0,2.0,92.2,28.0,Individual,7,High Risk,Manual Review
2487894,6000.0, 36 months,21.0,E,E2,10+ years,RENT,40000.0,Not Verified,major_purchase,CA,28.95,3.0,660.0,664.0,3.0,84.0,29.0,Individual,5,High Risk,Manual Review
2477762,32350.0, 60 months,21.0,E,E2,8 years,MORTGAGE,72500.0,Verified,debt_consolidation,WI,31.44,0.0,735.0,739.0,6.0,12.4,34.0,Individual,5,High Risk,Manual Review
2081447,16750.0, 60 months,20.49,E,E1,10+ years,RENT,38000.0,Verified,credit_card,PA,34.67,0.0,710.0,714.0,2.0,51.2,24.0,Individual,5,High Risk,Manual Review
2486627,35000.0, 60 months,21.49,E,E3,2 years,MORTGAGE,136500.0,Verified,debt_consolidation,MN,20.03,6.0,670.0,674.0,0.0,87.8,50.0,Individual,5,High Risk,Manual Review
2486003,32350.0, 60 months,23.28,F,F2,10+ years,RENT,72000.0,Verified,debt_consolidation,GA,33.42,1.0,660.0,664.0,0.0,88.4,15.0,Individual,7,High Risk,Manual Review
2484601,30000.0, 60 months,23.83,F,F5,10+ years,RENT,78000.0,Verified,debt_consolidation,NY,13.91,1.0,670.0,674.0,0.0,92.2,22.0,Individual,5,High Risk,Manual Review
2485000,18000.0, 60 months,23.83,F,F5,10+ years,OWN,55000.0,Verified,other,WA,31.22,0.0,680.0,684.0,0.0,79.6,20.0,Individual,5,High Risk,Manual Review
2383405,28000.0, 60 months,23.28,F,F2,2 years,MORTGAGE,106000.0,Source Verified,debt_consolidation,FL,8.12,1.0,675.0,679.0,3.0,95.8,22.0,Individual,5,High Risk,Manual Review
2376049,20000.0, 60 months,22.95,F,F1,10+ years,RENT,91000.0,Verified,debt_consolidation,OK,20.94,2.0,675.0,679.0,3.0,81.4,16.0,Individual,5,High Risk,Manual Review
2383456,35000.0, 60 months,21.49,E,E3,10+ years,RENT,98000.0,Verified,debt_consolidation,GA,30.71,0.0,700.0,704.0,0.0,89.7,20.0,Individual,6,High Risk,Manual Review
2378502,21600.0, 60 months,21.0,E,E2,< 1 year,RENT,55000.0,Verified,credit_card,GA,32.78,1.0,660.0,664.0,1.0,79.6,35.0,Individual,6,High Risk,Manual Review
2434590,2000.0, 36 months,21.0,E,E2,10+ years,MORTGAGE,70000.0,Not Verified,other,VA,23.62,1.0,675.0,679.0,0.0,92.1,18.0,Individual,5,High Risk,Manual Review
2373281,1450.0, 36 months,22.95,F,F1,,RENT,13390.0,Verified,other,CT,34.95,0.0,700.0,704.0,0.0,32.1,34.0,Individual,5,High Risk,Manual Review
2373123,2200.0, 36 months,21.49,E,E3,10+ years,MORTGAGE,74958.0,Source Verified,other,DC,10.31,1.0,660.0,664.0,0.0,89.3,21.0,Individual,5,High Risk,Manual Review
2372166,35000.0, 36 months,21.49,E,E3,4 years,MORTGAGE,209000.0,Verified,other,NH,13.11,1.0,670.0,674.0,0.0,101.0,17.0,Individual,5,High Risk,Manual Review
2381378,27600.0, 60 months,23.63,F,F3,,RENT,67000.0,Verified,major_purchase,FL,29.14,3.0,665.0,669.0,2.0,82.2,47.0,Individual,5,High Risk,Manual Review
2381342,35000.0, 36 months,23.28,F,F2,4 years,MORTGAGE,150000.0,Verified,credit_card,VT,8.78,1.0,670.0,674.0,1.0,97.1,31.0,Individual,5,High Risk,Manual Review
2083105,32500.0, 60 months,21.98,E,E4,10+ years,OWN,105000.0,Verified,credit_card,TX,29.91,1.0,715.0,719.0,1.0,89.5,20.0,Individual,5,High Risk,Manual Review
2381154,17075.0, 60 months,22.47,E,E5,2 years,RENT,40000.0,Verified,debt_consolidation,MI,27.93,2.0,660.0,664.0,0.0,94.2,13.0,Individual,5,High Risk,Manual Review
2381177,17050.0, 60 months,21.49,E,E3,10+ years,OWN,38000.0,Verified,debt_consolidation,MD,33.16,0.0,690.0,694.0,0.0,57.7,33.0,Individual,5,High Risk,Manual Review
2370334,18900.0, 60 months,22.47,E,E5,10+ years,RENT,65000.0,Source Verified,debt_consolidation,NC,26.95,1.0,660.0,664.0,0.0,91.1,28.0,Individual,5,High Risk,Manual Review
2367428,18000.0, 60 months,16.29,C,C4,10+ years,MORTGAGE,70000.0,Verified,debt_consolidation,AL,34.37,6.0,680.0,684.0,0.0,80.6,38.0,Individual,5,High Risk,Manual Review
2379747,3600.0, 36 months,20.49,E,E1,3 years,RENT,70000.0,Verified,moving,MI,25.66,2.0,670.0,674.0,2.0,96.2,33.0,Individual,5,High Risk,Manual Review
2311539,21725.0, 36 months,18.75,D,D3,10+ years,RENT,56000.0,Verified,debt_consolidation,TX,30.45,1.0,680.0,684.0,0.0,82.7,21.0,Individual,5,High Risk,Manual Review
2369446,26500.0, 60 months,21.98,E,E4,10+ years,MORTGAGE,60000.0,Verified,credit_card,SC,25.66,1.0,660.0,664.0,1.0,83.8,27.0,Individual,5,High Risk,Manual Review
2379167,9325.0, 36 months,20.49,E,E1,,OWN,27552.0,Verified,renewable_energy,KS,32.01,0.0,680.0,684.0,2.0,59.0,20.0,Individual,5,High Risk,Manual Review
2301461,2100.0, 36 months,21.0,E,E2,10+ years,MORTGAGE,48000.0,Verified,other,AL,32.5,1.0,680.0,684.0,0.0,93.6,38.0,Individual,7,High Risk,Manual Review
2366170,16000.0, 60 months,21.49,E,E3,10+ years,RENT,85000.0,Verified,debt_consolidation,CA,8.63,1.0,670.0,674.0,0.0,94.6,53.0,Individual,5,High Risk,Manual Review
2366908,18000.0, 60 months,22.95,F,F1,6 years,MORTGAGE,75000.0,Verified,debt_consolidation,WA,33.82,1.0,680.0,684.0,0.0,89.5,22.0,Individual,7,High Risk,Manual Review
2309025,25000.0, 60 months,22.47,E,E5,10+ years,MORTGAGE,60000.0,Verified,debt_consolidation,LA,24.68,1.0,675.0,679.0,1.0,83.4,28.0,Individual,5,High Risk,Manual Review
2309105,30750.0, 36 months,22.47,E,E5,9 years,RENT,84000.0,Verified,credit_card,CA,29.95,1.0,660.0,664.0,2.0,83.7,28.0,Individual,5,High Risk,Manual Review
2311932,14000.0, 60 months,23.28,F,F2,< 1 year,RENT,40000.0,Verified,other,NY,32.28,0.0,690.0,694.0,2.0,80.5,19.0,Individual,6,High Risk,Manual Review
2365552,6000.0, 36 months,21.98,E,E4,1 year,RENT,65000.0,Source Verified,medical,OR,17.02,1.0,660.0,664.0,3.0,88.7,26.0,Individual,5,High Risk,Manual Review
2365252,1400.0, 36 months,21.49,E,E3,6 years,RENT,55000.0,Verified,debt_consolidation,CA,21.49,2.0,660.0,664.0,2.0,87.7,23.0,Individual,5,High Risk,Manual Review
2375205,25000.0, 60 months,21.49,E,E3,7 years,RENT,60000.0,Verified,debt_consolidation,FL,33.3,1.0,685.0,689.0,1.0,71.5,17.0,Individual,6,High Risk,Manual Review
2307049,27250.0, 60 months,20.49,E,E1,10+ years,RENT,62000.0,Verified,debt_consolidation,AK,32.54,0.0,700.0,704.0,0.0,66.4,15.0,Individual,5,High Risk,Manual Review
2374827,16000.0, 60 months,21.0,E,E2,10+ years,RENT,110000.0,Source Verified,debt_consolidation,CA,15.69,1.0,665.0,669.0,3.0,86.0,22.0,Individual,5,High Risk,Manual Review
2311961,3300.0, 36 months,21.49,E,E3,1 year,RENT,12000.0,Not Verified,credit_card,CA,27.2,1.0,665.0,669.0,0.0,84.9,20.0,Individual,5,High Risk,Manual Review
2311954,18000.0, 60 months,21.0,E,E2,3 years,RENT,60000.0,Verified,credit_card,CA,31.48,0.0,660.0,664.0,1.0,83.7,63.0,Individual,6,High Risk,Manual Review
2311869,4000.0, 36 months,18.75,D,D3,6 years,RENT,42000.0,Verified,credit_card,NV,30.46,1.0,660.0,664.0,0.0,82.1,14.0,Individual,5,High Risk,Manual Review
2301837,30000.0, 60 months,23.28,F,F2,10+ years,MORTGAGE,92000.0,Source Verified,debt_consolidation,OR,16.23,1.0,675.0,679.0,3.0,91.8,46.0,Individual,5,High Risk,Manual Review
2309343,16000.0, 60 months,23.28,F,F2,10+ years,MORTGAGE,50000.0,Verified,debt_consolidation,OH,23.3,2.0,665.0,669.0,1.0,93.5,30.0,Individual,5,High Risk,Manual Review
2234721,33425.0, 60 months,21.98,E,E4,10+ years,RENT,75000.0,Verified,credit_card,WV,31.38,0.0,675.0,679.0,0.0,88.1,53.0,Individual,6,High Risk,Manual Review
2300787,25000.0, 60 months,22.47,E,E5,1 year,MORTGAGE,65000.0,Verified,debt_consolidation,NJ,33.37,2.0,670.0,674.0,1.0,78.4,41.0,Individual,6,High Risk,Manual Review
2299667,35000.0, 60 months,21.0,E,E2,10+ years,MORTGAGE,115000.0,Verified,debt_consolidation,TX,17.3,1.0,710.0,714.0,1.0,83.5,36.0,Individual,5,High Risk,Manual Review
2300715,34475.0, 60 months,23.28,F,F2,10+ years,MORTGAGE,77160.0,Verified,debt_consolidation,SC,33.27,0.0,685.0,689.0,2.0,90.9,32.0,Individual,6,High Risk,Manual Review
2300687,30225.0, 60 months,22.95,F,F1,10+ years,MORTGAGE,75000.0,Verified,debt_consolidation,MO,33.78,0.0,670.0,674.0,1.0,70.3,63.0,Individual,5,High Risk,Manual Review
2300641,24375.0, 60 months,23.76,F,F4,10+ years,RENT,54600.0,Verified,debt_consolidation,CA,24.82,3.0,675.0,679.0,2.0,83.4,33.0,Individual,5,High Risk,Manual Review
2310241,30000.0, 60 months,21.0,E,E2,7 years,MORTGAGE,68000.0,Source Verified,debt_consolidation,VA,31.43,2.0,680.0,684.0,0.0,72.3,30.0,Individual,6,High Risk,Manual Review
2309846,18000.0, 60 months,21.0,E,E2,6 years,OWN,61000.0,Verified,credit_card,GA,13.48,1.0,670.0,674.0,1.0,90.3,28.0,Individual,5,High Risk,Manual Review
2299566,32350.0, 36 months,16.29,C,C4,10+ years,MORTGAGE,85000.0,Verified,debt_consolidation,TX,32.29,2.0,660.0,664.0,0.0,91.0,17.0,Individual,5,High Risk,Manual Review
2309024,15000.0, 36 months,21.98,E,E4,10+ years,RENT,60000.0,Not Verified,debt_consolidation,CA,21.06,2.0,660.0,664.0,2.0,84.5,30.0,Individual,5,High Risk,Manual Review
2297060,10850.0, 36 months,17.77,D,D1,8 years,OWN,32500.0,Verified,debt_consolidation,PA,33.9,5.0,660.0,664.0,0.0,93.9,29.0,Individual,5,High Risk,Manual Review
2308709,35000.0, 60 months,21.0,E,E2,5 years,MORTGAGE,90000.0,Verified,debt_consolidation,SC,31.0,0.0,670.0,674.0,2.0,86.7,45.0,Individual,6,High Risk,Manual Review
1904832,35000.0, 60 months,21.49,E,E3,6 years,MORTGAGE,79972.0,Verified,debt_consolidation,NV,30.72,0.0,705.0,709.0,1.0,97.8,13.0,Individual,6,High Risk,Manual Review
2297605,17500.0, 36 months,17.77,D,D1,7 years,MORTGAGE,39000.0,Verified,debt_consolidation,LA,31.2,1.0,685.0,689.0,1.0,86.9,25.0,Individual,5,High Risk,Manual Review
2307730,18000.0, 60 months,22.47,E,E5,10+ years,MORTGAGE,70000.0,Source Verified,debt_consolidation,MI,30.45,2.0,680.0,684.0,1.0,66.2,29.0,Individual,6,High Risk,Manual Review
2296649,20000.0, 60 months,21.49,E,E3,9 years,RENT,52000.0,Verified,credit_card,VA,34.11,0.0,680.0,684.0,0.0,90.3,29.0,Individual,6,High Risk,Manual Review
2296164,30000.0, 60 months,21.0,E,E2,1 year,RENT,85000.0,Verified,debt_consolidation,NY,22.93,2.0,660.0,664.0,0.0,89.6,32.0,Individual,5,High Risk,Manual Review
2306335,25875.0, 60 months,23.76,F,F4,10+ years,MORTGAGE,72000.0,Verified,debt_consolidation,AL,25.67,2.0,660.0,664.0,2.0,95.0,26.0,Individual,5,High Risk,Manual Review
2306358,20000.0, 60 months,23.76,F,F4,10+ years,MORTGAGE,60000.0,Verified,debt_consolidation,PA,31.9,1.0,660.0,664.0,1.0,86.3,37.0,Individual,7,High Risk,Manual Review
2305986,6000.0, 36 months,18.49,D,D2,10+ years,MORTGAGE,46000.0,Verified,car,OK,31.38,1.0,670.0,674.0,2.0,97.2,40.0,Individual,5,High Risk,Manual Review
2305914,20000.0, 60 months,21.0,E,E2,8 years,MORTGAGE,72500.0,Verified,debt_consolidation,NY,13.69,1.0,665.0,669.0,1.0,85.7,10.0,Individual,5,High Risk,Manual Review
2305596,22250.0, 60 months,21.49,E,E3,9 years,RENT,50000.0,Source Verified,debt_consolidation,HI,28.87,1.0,665.0,669.0,0.0,85.5,33.0,Individual,5,High Risk,Manual Review
2294974,30000.0, 60 months,21.98,E,E4,10+ years,MORTGAGE,150000.0,Source Verified,credit_card,CO,10.94,2.0,660.0,664.0,0.0,93.0,28.0,Individual,5,High Risk,Manual Review
2304909,9500.0, 36 months,20.49,E,E1,2 years,MORTGAGE,40000.0,Source Verified,small_business,NC,23.25,1.0,675.0,679.0,2.0,84.3,16.0,Individual,5,High Risk,Manual Review
2294708,28000.0, 60 months,22.95,F,F1,2 years,RENT,90000.0,Verified,debt_consolidation,FL,13.41,1.0,675.0,679.0,2.0,83.3,24.0,Individual,5,High Risk,Manual Review
2276556,16825.0, 60 months,21.98,E,E4,2 years,MORTGAGE,46000.0,Not Verified,debt_consolidation,IL,27.47,2.0,665.0,669.0,0.0,81.4,20.0,Individual,5,High Risk,Manual Review
2276424,35000.0, 36 months,21.49,E,E3,7 years,MORTGAGE,130000.0,Source Verified,debt_consolidation,VT,31.59,0.0,690.0,694.0,2.0,95.9,45.0,Individual,6,High Risk,Manual Review
2276333,25000.0, 36 months,20.49,E,E1,7 years,MORTGAGE,110000.0,Source Verified,debt_consolidation,WY,10.61,1.0,675.0,679.0,2.0,81.4,44.0,Individual,5,High Risk,Manual Review
2276302,17050.0, 60 months,20.49,E,E1,3 years,RENT,38000.0,Verified,debt_consolidation,OH,31.8,0.0,675.0,679.0,2.0,69.7,32.0,Individual,5,High Risk,Manual Review
1705520,21000.0, 60 months,23.76,F,F4,10+ years,MORTGAGE,70000.0,Verified,major_purchase,OH,11.71,2.0,660.0,664.0,0.0,93.3,24.0,Individual,5,High Risk,Manual Review
2285067,15350.0, 36 months,19.05,D,D4,4 years,MORTGAGE,60000.0,Verified,debt_consolidation,TX,31.54,1.0,665.0,669.0,2.0,87.8,23.0,Individual,5,High Risk,Manual Review
2274901,10000.0, 36 months,17.27,C,C5,3 years,OWN,42000.0,Verified,home_improvement,FL,33.4,1.0,665.0,669.0,1.0,81.8,33.0,Individual,5,High Risk,Manual Review
2174718,20775.0, 36 months,15.31,C,C2,3 years,RENT,58000.0,Verified,credit_card,CA,32.75,1.0,675.0,679.0,0.0,87.2,14.0,Individual,5,High Risk,Manual Review
2228822,24000.0, 36 months,24.89,G,G5,10+ years,MORTGAGE,128850.0,Verified,debt_consolidation,NH,29.46,2.0,660.0,664.0,2.0,83.6,63.0,Individual,5,High Risk,Manual Review
1595789,17050.0, 60 months,22.95,F,F1,< 1 year,RENT,38000.0,Verified,debt_consolidation,NJ,30.51,0.0,670.0,674.0,0.0,95.8,33.0,Individual,6,High Risk,Manual Review
2228394,20125.0, 60 months,22.95,F,F1,6 years,MORTGAGE,50000.0,Verified,debt_consolidation,FL,31.51,0.0,670.0,674.0,0.0,81.1,55.0,Individual,6,High Risk,Manual Review
2218304,30000.0, 60 months,23.28,F,F2,10+ years,MORTGAGE,110000.0,Verified,debt_consolidation,SC,33.49,0.0,700.0,704.0,1.0,97.7,30.0,Individual,6,High Risk,Manual Review
2217887,9000.0, 36 months,21.98,E,E4,10+ years,MORTGAGE,130000.0,Verified,debt_consolidation,MA,32.11,0.0,695.0,699.0,3.0,93.7,41.0,Individual,6,High Risk,Manual Review
2174815,25000.0, 60 months,20.49,E,E1,10+ years,RENT,65000.0,Verified,debt_consolidation,CA,34.23,0.0,690.0,694.0,1.0,41.7,30.0,Individual,5,High Risk,Manual Review
1695977,13000.0, 60 months,21.98,E,E4,1 year,RENT,54000.0,Verified,debt_consolidation,TX,12.76,2.0,670.0,674.0,2.0,88.1,30.0,Individual,5,High Risk,Manual Review
2216456,18000.0, 60 months,20.49,E,E1,6 years,MORTGAGE,82325.0,Verified,debt_consolidation,WI,11.97,2.0,680.0,684.0,2.0,85.4,41.0,Individual,5,High Risk,Manual Review
2215923,18000.0, 60 months,20.49,E,E1,10+ years,MORTGAGE,55000.0,Verified,credit_card,TX,30.94,0.0,675.0,679.0,0.0,77.1,33.0,Individual,5,High Risk,Manual Review
1414715,24575.0, 36 months,24.89,G,G5,2 years,MORTGAGE,115000.0,Verified,credit_card,OH,33.22,0.0,660.0,664.0,3.0,79.4,53.0,Individual,5,High Risk,Manual Review
2225172,25450.0, 36 months,20.49,E,E1,2 years,RENT,57000.0,Verified,debt_consolidation,OR,33.87,0.0,675.0,679.0,2.0,81.3,26.0,Individual,6,High Risk,Manual Review
2225252,16000.0, 60 months,21.98,E,E4,10+ years,MORTGAGE,83450.0,Verified,credit_card,CA,25.32,2.0,660.0,664.0,0.0,82.4,37.0,Individual,5,High Risk,Manual Review
2093218,25000.0, 36 months,23.28,F,F2,10+ years,RENT,60000.0,Source Verified,credit_card,OH,33.06,3.0,660.0,664.0,2.0,90.8,18.0,Individual,7,High Risk,Manual Review
2224660,25475.0, 60 months,20.49,E,E1,6 years,MORTGAGE,79000.0,Verified,debt_consolidation,CO,24.12,1.0,685.0,689.0,0.0,84.9,22.0,Individual,5,High Risk,Manual Review
2092815,26000.0, 60 months,21.98,E,E4,10+ years,MORTGAGE,125000.0,Source Verified,debt_consolidation,OH,22.11,1.0,675.0,679.0,0.0,92.1,30.0,Individual,5,High Risk,Manual Review
2084543,25975.0, 60 months,21.0,E,E2,6 years,RENT,65000.0,Verified,small_business,WA,33.52,0.0,680.0,684.0,3.0,65.3,36.0,Individual,5,High Risk,Manual Review
2092859,35000.0, 60 months,22.95,F,F1,10+ years,MORTGAGE,85000.0,Verified,debt_consolidation,NJ,27.78,2.0,675.0,679.0,0.0,80.7,28.0,Individual,5,High Risk,Manual Review
2084362,16000.0, 60 months,22.95,F,F1,5 years,RENT,77000.0,Verified,debt_consolidation,VA,21.94,3.0,660.0,664.0,0.0,89.0,31.0,Individual,5,High Risk,Manual Review
2084104,21000.0, 60 months,22.95,F,F1,2 years,RENT,50460.0,Verified,debt_consolidation,MN,30.77,0.0,670.0,674.0,1.0,94.7,19.0,Individual,6,High Risk,Manual Review
2094194,20000.0, 60 months,22.47,E,E5,8 years,MORTGAGE,102000.0,Verified,debt_consolidation,NJ,23.71,1.0,675.0,679.0,2.0,91.9,42.0,Individual,5,High Risk,Manual Review
2083684,35000.0, 60 months,23.76,F,F4,< 1 year,MORTGAGE,165000.0,Verified,small_business,OH,32.87,1.0,685.0,689.0,0.0,81.7,44.0,Individual,7,High Risk,Manual Review
1695934,17000.0, 60 months,20.49,E,E1,10+ years,MORTGAGE,80000.0,Verified,debt_consolidation,NJ,14.87,3.0,675.0,679.0,0.0,80.6,25.0,Individual,5,High Risk,Manual Review
2092271,21200.0, 60 months,21.49,E,E3,6 years,MORTGAGE,60000.0,Verified,debt_consolidation,PA,30.82,0.0,675.0,679.0,2.0,82.0,33.0,Individual,6,High Risk,Manual Review
1637049,20125.0, 60 months,21.98,E,E4,10+ years,MORTGAGE,70000.0,Verified,debt_consolidation,MA,10.7,3.0,675.0,679.0,1.0,86.2,23.0,Individual,5,High Risk,Manual Review
2090324,28000.0, 60 months,21.0,E,E2,6 years,OWN,100000.0,Verified,debt_consolidation,WV,30.75,0.0,690.0,694.0,0.0,66.1,42.0,Individual,5,High Risk,Manual Review
2081728,22000.0, 36 months,21.98,E,E4,10+ years,MORTGAGE,80000.0,Verified,debt_consolidation,TX,11.19,1.0,665.0,669.0,0.0,92.9,34.0,Individual,5,High Risk,Manual Review
2091377,35000.0, 60 months,23.83,F,F5,1 year,MORTGAGE,160000.0,Source Verified,debt_consolidation,OH,8.9,2.0,665.0,669.0,1.0,88.8,35.0,Individual,5,High Risk,Manual Review
2091327,16800.0, 60 months,21.49,E,E3,10+ years,RENT,75000.0,Verified,debt_consolidation,CA,24.08,3.0,670.0,674.0,1.0,87.4,30.0,Individual,5,High Risk,Manual Review
1825207,11500.0, 60 months,21.98,E,E4,3 years,RENT,33000.0,Verified,debt_consolidation,NJ,32.97,0.0,660.0,664.0,1.0,87.2,13.0,Individual,6,High Risk,Manual Review
2081273,30000.0, 60 months,24.7,G,G1,7 years,MORTGAGE,93600.0,Verified,debt_consolidation,LA,8.1,1.0,660.0,664.0,3.0,85.3,30.0,Individual,5,High Risk,Manual Review
2144586,22000.0, 36 months,23.28,F,F2,10+ years,NONE,49000.0,Verified,debt_consolidation,NJ,32.04,0.0,675.0,679.0,0.0,76.3,42.0,Individual,5,High Risk,Manual Review
2090974,35000.0, 60 months,22.47,E,E5,2 years,MORTGAGE,80000.0,Verified,credit_card,CT,30.33,0.0,700.0,704.0,1.0,83.4,34.0,Individual,6,High Risk,Manual Review
2090879,18000.0, 60 months,20.49,E,E1,< 1 year,MORTGAGE,42000.0,Verified,debt_consolidation,UT,33.37,0.0,675.0,679.0,1.0,73.7,33.0,Individual,5,High Risk,Manual Review
2085049,17800.0, 60 months,19.72,D,D5,10+ years,MORTGAGE,40820.0,Verified,debt_consolidation,NY,32.31,1.0,695.0,699.0,0.0,94.0,37.0,Individual,5,High Risk,Manual Review
2090665,24000.0, 60 months,20.49,E,E1,1 year,OWN,75000.0,Verified,debt_consolidation,LA,31.38,0.0,690.0,694.0,0.0,62.6,18.0,Individual,5,High Risk,Manual Review
2090564,5500.0, 36 months,17.27,C,C5,7 years,MORTGAGE,45000.0,Verified,other,FL,30.29,4.0,665.0,669.0,1.0,89.5,49.0,Individual,5,High Risk,Manual Review
2080401,35000.0, 36 months,21.0,E,E2,1 year,MORTGAGE,144000.0,Source Verified,debt_consolidation,IL,24.78,1.0,680.0,684.0,2.0,90.5,45.0,Individual,5,High Risk,Manual Review
2075734,21850.0, 60 months,21.98,E,E4,10+ years,RENT,61000.0,Verified,debt_consolidation,NY,33.66,0.0,680.0,684.0,2.0,96.4,34.0,Individual,6,High Risk,Manual Review
1867175,20400.0, 60 months,23.28,F,F2,10+ years,MORTGAGE,68000.0,Source Verified,credit_card,VA,18.64,1.0,665.0,669.0,0.0,92.4,23.0,Individual,5,High Risk,Manual Review
2124607,18825.0, 60 months,21.98,E,E4,10+ years,OTHER,42980.0,Verified,debt_consolidation,NC,31.02,5.0,675.0,679.0,1.0,89.7,26.0,Individual,7,High Risk,Manual Review
1826212,33425.0, 60 months,21.49,E,E3,4 years,RENT,75000.0,Verified,debt_consolidation,NJ,32.54,0.0,700.0,704.0,3.0,73.9,16.0,Individual,5,High Risk,Manual Review
2088989,28925.0, 60 months,20.49,E,E1,10+ years,MORTGAGE,68000.0,Verified,debt_consolidation,AL,34.15,0.0,700.0,704.0,2.0,81.7,37.0,Individual,6,High Risk,Manual Review
2088967,20000.0, 60 months,21.49,E,E3,1 year,RENT,70000.0,Verified,debt_consolidation,NV,34.34,0.0,675.0,679.0,2.0,83.6,12.0,Individual,6,High Risk,Manual Review
2088457,30000.0, 60 months,23.63,F,F3,6 years,RENT,85000.0,Verified,debt_consolidation,KS,27.23,1.0,675.0,679.0,2.0,88.4,33.0,Individual,5,High Risk,Manual Review
1677519,33425.0, 60 months,22.47,E,E5,10+ years,RENT,75000.0,Verified,debt_consolidation,CA,33.95,0.0,700.0,704.0,1.0,93.9,17.0,Individual,6,High Risk,Manual Review
2078350,33425.0, 36 months,20.49,E,E1,10+ years,RENT,75000.0,Verified,debt_consolidation,IL,31.58,0.0,675.0,679.0,2.0,58.6,51.0,Individual,5,High Risk,Manual Review
2086818,24575.0, 36 months,21.0,E,E2,10+ years,MORTGAGE,55000.0,Source Verified,debt_consolidation,UT,34.65,0.0,670.0,674.0,0.0,92.7,48.0,Individual,6,High Risk,Manual Review
2077186,25000.0, 36 months,20.49,E,E1,2 years,MORTGAGE,85000.0,Verified,debt_consolidation,MI,30.91,2.0,675.0,679.0,0.0,55.5,45.0,Individual,6,High Risk,Manual Review
2086846,30000.0, 60 months,24.7,G,G1,5 years,MORTGAGE,150000.0,Source Verified,credit_card,CA,26.07,1.0,685.0,689.0,0.0,89.3,45.0,Individual,5,High Risk,Manual Review
2085832,24000.0, 60 months,23.63,F,F3,10+ years,RENT,70000.0,Verified,debt_consolidation,CA,28.9,2.0,660.0,664.0,0.0,81.1,42.0,Individual,5,High Risk,Manual Review
2075573,16000.0, 60 months,19.05,D,D4,5 years,MORTGAGE,45312.0,Source Verified,debt_consolidation,OR,31.44,1.0,690.0,694.0,2.0,80.5,25.0,Individual,5,High Risk,Manual Review
1678824,30075.0, 60 months,22.95,F,F1,2 years,RENT,68500.0,Source Verified,credit_card,MI,27.31,1.0,680.0,684.0,1.0,81.2,25.0,Individual,5,High Risk,Manual Review
2085332,24000.0, 60 months,21.0,E,E2,10+ years,MORTGAGE,87000.0,Verified,debt_consolidation,CA,24.33,2.0,680.0,684.0,2.0,84.5,16.0,Individual,5,High Risk,Manual Review
2054738,18000.0, 60 months,21.49,E,E3,10+ years,OWN,50000.0,Verified,credit_card,NJ,31.3,1.0,675.0,679.0,3.0,92.8,17.0,Individual,7,High Risk,Manual Review
1924570,35000.0, 60 months,23.63,F,F3,9 years,OTHER,91000.0,Verified,credit_card,FL,18.91,1.0,675.0,679.0,0.0,90.1,15.0,Individual,5,High Risk,Manual Review
1558063,16425.0, 60 months,21.98,E,E4,10+ years,MORTGAGE,37000.0,Verified,credit_card,MI,32.21,0.0,670.0,674.0,0.0,79.7,20.0,Individual,5,High Risk,Manual Review
2044883,30000.0, 60 months,23.83,F,F5,10+ years,MORTGAGE,72500.0,Verified,debt_consolidation,NC,14.09,1.0,670.0,674.0,0.0,94.2,32.0,Individual,5,High Risk,Manual Review
2044684,21000.0, 36 months,20.49,E,E1,< 1 year,RENT,120000.0,Verified,credit_card,FL,15.16,3.0,665.0,669.0,1.0,89.6,60.0,Individual,5,High Risk,Manual Review
2044593,16000.0, 60 months,21.49,E,E3,5 years,MORTGAGE,100000.0,Verified,credit_card,CT,30.34,1.0,675.0,679.0,0.0,94.5,38.0,Individual,7,High Risk,Manual Review
2004789,30750.0, 36 months,20.49,E,E1,2 years,RENT,69000.0,Verified,debt_consolidation,CT,26.85,1.0,675.0,679.0,0.0,83.8,23.0,Individual,5,High Risk,Manual Review
1817085,30000.0, 60 months,23.83,F,F5,10+ years,MORTGAGE,170000.0,Verified,debt_consolidation,VA,29.03,3.0,665.0,669.0,2.0,82.7,31.0,Individual,5,High Risk,Manual Review
1955154,23000.0, 60 months,20.49,E,E1,2 years,RENT,76000.0,Verified,debt_consolidation,TX,34.55,2.0,700.0,704.0,1.0,92.7,16.0,Individual,7,High Risk,Manual Review
1704907,30750.0, 60 months,23.63,F,F3,10+ years,MORTGAGE,69000.0,Verified,debt_consolidation,OH,21.17,1.0,675.0,679.0,1.0,88.2,29.0,Individual,5,High Risk,Manual Review
1856198,21000.0, 60 months,22.95,F,F1,3 years,MORTGAGE,90000.0,Verified,debt_consolidation,CA,17.85,1.0,670.0,674.0,0.0,92.5,20.0,Individual,5,High Risk,Manual Review
1815277,30000.0, 36 months,20.49,E,E1,10+ years,RENT,110000.0,Verified,credit_card,HI,33.43,0.0,685.0,689.0,1.0,91.3,33.0,Individual,6,High Risk,Manual Review
1856719,33425.0, 36 months,21.98,E,E4,10+ years,MORTGAGE,75000.0,Verified,debt_consolidation,IL,33.81,0.0,665.0,669.0,1.0,84.1,27.0,Individual,6,High Risk,Manual Review
1856700,24000.0, 36 months,20.49,E,E1,3 years,MORTGAGE,80000.0,Source Verified,debt_consolidation,OK,24.83,1.0,670.0,674.0,2.0,81.5,36.0,Individual,5,High Risk,Manual Review
1817033,30000.0, 36 months,20.49,E,E1,,MORTGAGE,89176.0,Verified,debt_consolidation,NY,21.62,1.0,685.0,689.0,0.0,94.1,37.0,Individual,5,High Risk,Manual Review
1866513,21000.0, 60 months,22.95,F,F1,1 year,RENT,70000.0,Verified,debt_consolidation,AZ,20.06,5.0,670.0,674.0,1.0,89.9,22.0,Individual,5,High Risk,Manual Review
1866436,28100.0, 36 months,21.0,E,E2,8 years,MORTGAGE,63148.0,Verified,debt_consolidation,NC,29.07,1.0,675.0,679.0,0.0,86.3,26.0,Individual,5,High Risk,Manual Review
1866413,11500.0, 36 months,17.77,D,D1,< 1 year,RENT,33000.0,Verified,debt_consolidation,MD,34.4,2.0,670.0,674.0,0.0,90.2,25.0,Individual,5,High Risk,Manual Review
1866420,8325.0, 36 months,22.47,E,E5,9 years,MORTGAGE,44900.0,Source Verified,debt_consolidation,WI,32.74,0.0,675.0,679.0,0.0,65.2,57.0,Individual,5,High Risk,Manual Review
1856314,22800.0, 60 months,23.63,F,F3,,MORTGAGE,64717.0,Verified,debt_consolidation,FL,21.77,1.0,670.0,674.0,0.0,87.7,18.0,Individual,5,High Risk,Manual Review
1694533,15000.0, 36 months,21.49,E,E3,6 years,MORTGAGE,127000.0,Verified,debt_consolidation,MD,17.55,2.0,660.0,664.0,0.0,97.5,27.0,Individual,5,High Risk,Manual Review
1866091,24000.0, 60 months,23.83,F,F5,4 years,MORTGAGE,100000.0,Source Verified,debt_consolidation,NY,26.29,1.0,660.0,664.0,0.0,88.9,23.0,Individual,5,High Risk,Manual Review
1856108,30000.0, 60 months,23.63,F,F3,6 years,MORTGAGE,80000.0,Source Verified,debt_consolidation,MN,22.03,1.0,680.0,684.0,1.0,91.6,34.0,Individual,5,High Risk,Manual Review
1567681,33425.0, 60 months,22.47,E,E5,10+ years,MORTGAGE,75000.0,Verified,debt_consolidation,PA,34.77,0.0,690.0,694.0,1.0,55.9,36.0,Individual,5,High Risk,Manual Review
1865524,19425.0, 60 months,23.63,F,F3,5 years,MORTGAGE,43336.0,Verified,debt_consolidation,CO,20.82,1.0,660.0,664.0,1.0,87.2,18.0,Individual,5,High Risk,Manual Review
1865471,16000.0, 60 months,22.47,E,E5,10+ years,RENT,71400.0,Verified,debt_consolidation,NC,19.14,1.0,665.0,669.0,0.0,89.9,19.0,Individual,5,High Risk,Manual Review
1855284,25000.0, 60 months,23.76,F,F4,10+ years,MORTGAGE,60000.0,Verified,debt_consolidation,CO,15.52,1.0,665.0,669.0,1.0,84.7,35.0,Individual,5,High Risk,Manual Review
1827143,17875.0, 60 months,20.49,E,E1,10+ years,RENT,41000.0,Source Verified,debt_consolidation,HI,32.22,0.0,680.0,684.0,0.0,86.9,21.0,Individual,6,High Risk,Manual Review
1864755,30000.0, 60 months,23.76,F,F4,10+ years,MORTGAGE,97000.0,Source Verified,credit_card,MO,21.27,1.0,670.0,674.0,0.0,85.5,20.0,Individual,5,High Risk,Manual Review
1615725,18775.0, 36 months,19.05,D,D4,10+ years,RENT,70000.0,Verified,credit_card,CA,32.24,1.0,670.0,674.0,0.0,87.7,15.0,Individual,5,High Risk,Manual Review
1854827,24000.0, 60 months,24.83,G,G2,5 years,MORTGAGE,78000.0,Verified,debt_consolidation,AL,20.17,1.0,665.0,669.0,1.0,93.6,38.0,Individual,5,High Risk,Manual Review
1864667,20000.0, 60 months,23.28,F,F2,10+ years,RENT,94800.0,Source Verified,wedding,CA,17.93,1.0,675.0,679.0,0.0,95.7,25.0,Individual,5,High Risk,Manual Review
1817126,24000.0, 60 months,23.63,F,F3,8 years,MORTGAGE,85000.0,Verified,debt_consolidation,CT,20.86,2.0,670.0,674.0,0.0,90.7,48.0,Individual,5,High Risk,Manual Review
1827107,18000.0, 60 months,21.49,E,E3,2 years,MORTGAGE,127000.0,Verified,debt_consolidation,MD,13.19,1.0,675.0,679.0,0.0,92.5,32.0,Individual,5,High Risk,Manual Review
1827017,20000.0, 60 months,23.63,F,F3,10+ years,RENT,135000.0,Source Verified,debt_consolidation,FL,30.98,0.0,660.0,664.0,1.0,86.8,17.0,Individual,6,High Risk,Manual Review
1826858,28000.0, 60 months,21.49,E,E3,2 years,MORTGAGE,100000.0,Verified,debt_consolidation,TX,31.34,2.0,690.0,694.0,2.0,79.1,25.0,Individual,6,High Risk,Manual Review
1816839,10000.0, 60 months,20.49,E,E1,10+ years,MORTGAGE,50000.0,Verified,debt_consolidation,OK,30.19,0.0,670.0,674.0,3.0,38.5,42.0,Individual,5,High Risk,Manual Review
1826291,18000.0, 60 months,23.28,F,F2,10+ years,RENT,56859.0,Verified,credit_card,VA,30.14,0.0,665.0,669.0,0.0,95.4,11.0,Individual,6,High Risk,Manual Review
1816160,9500.0, 36 months,18.75,D,D3,2 years,RENT,34528.0,Verified,debt_consolidation,VT,33.85,1.0,665.0,669.0,0.0,93.2,47.0,Individual,5,High Risk,Manual Review
1706398,20675.0, 60 months,21.0,E,E2,2 years,RENT,47000.0,Verified,debt_consolidation,RI,16.7,1.0,695.0,699.0,0.0,95.4,13.0,Individual,5,High Risk,Manual Review
1724728,26000.0, 60 months,23.28,F,F2,2 years,RENT,65000.0,Verified,credit_card,NJ,22.25,2.0,675.0,679.0,0.0,82.4,34.0,Individual,5,High Risk,Manual Review
1694089,18825.0, 60 months,21.0,E,E2,2 years,MORTGAGE,60000.0,Source Verified,home_improvement,FL,32.86,0.0,695.0,699.0,3.0,96.7,20.0,Individual,6,High Risk,Manual Review
1706058,34800.0, 60 months,24.7,G,G1,10+ years,MORTGAGE,90000.0,Verified,debt_consolidation,TX,20.87,1.0,660.0,664.0,1.0,81.2,43.0,Individual,5,High Risk,Manual Review
1679006,21100.0, 60 months,21.49,E,E3,10+ years,MORTGAGE,110000.0,Source Verified,debt_consolidation,AL,13.92,1.0,695.0,699.0,3.0,88.9,49.0,Individual,5,High Risk,Manual Review
1695779,30000.0, 60 months,24.7,G,G1,< 1 year,RENT,96000.0,Verified,debt_consolidation,AZ,18.8,5.0,665.0,669.0,3.0,87.2,49.0,Individual,5,High Risk,Manual Review
1685954,25000.0, 60 months,21.0,E,E2,10+ years,MORTGAGE,133000.0,Verified,debt_consolidation,NY,18.28,1.0,695.0,699.0,0.0,93.4,38.0,Individual,5,High Risk,Manual Review
1705455,28000.0, 60 months,22.95,F,F1,10+ years,MORTGAGE,140000.0,Verified,debt_consolidation,OK,32.96,0.0,685.0,689.0,1.0,82.6,53.0,Individual,6,High Risk,Manual Review
1665184,25975.0, 60 months,24.89,G,G3,10+ years,RENT,65000.0,Verified,other,NY,19.61,1.0,660.0,664.0,1.0,93.1,25.0,Individual,5,High Risk,Manual Review
1692045,23850.0, 60 months,22.47,E,E5,10+ years,OWN,53000.0,Verified,debt_consolidation,NC,30.05,0.0,675.0,679.0,2.0,83.1,37.0,Individual,6,High Risk,Manual Review
1684472,35000.0, 60 months,23.83,F,F5,10+ years,OWN,87000.0,Verified,debt_consolidation,MI,18.61,2.0,665.0,669.0,3.0,85.8,43.0,Individual,5,High Risk,Manual Review
1627795,28000.0, 60 months,21.0,E,E2,9 years,RENT,82000.0,Verified,debt_consolidation,CA,30.03,0.0,695.0,699.0,0.0,42.7,37.0,Individual,5,High Risk,Manual Review
1694215,25475.0, 60 months,21.0,E,E2,10+ years,MORTGAGE,56851.0,Verified,home_improvement,OH,26.64,1.0,690.0,694.0,0.0,85.5,23.0,Individual,5,High Risk,Manual Review
1684262,16800.0, 60 months,20.49,E,E1,10+ years,MORTGAGE,70000.0,Verified,debt_consolidation,CA,18.05,2.0,680.0,684.0,2.0,85.6,16.0,Individual,5,High Risk,Manual Review
1693901,18000.0, 60 months,22.47,E,E5,5 years,RENT,86000.0,Verified,debt_consolidation,CA,10.77,1.0,665.0,669.0,2.0,89.9,24.0,Individual,5,High Risk,Manual Review
1693689,19000.0, 60 months,21.98,E,E4,8 years,RENT,52000.0,Verified,debt_consolidation,GA,33.37,0.0,670.0,674.0,3.0,57.8,22.0,Individual,5,High Risk,Manual Review
1683162,18000.0, 60 months,23.28,F,F2,9 years,OWN,56000.0,Source Verified,debt_consolidation,MI,34.18,0.0,665.0,669.0,1.0,97.6,47.0,Individual,6,High Risk,Manual Review
1692500,19650.0, 60 months,24.89,G,G4,3 years,RENT,55000.0,Verified,debt_consolidation,NM,30.72,0.0,665.0,669.0,1.0,83.8,47.0,Individual,6,High Risk,Manual Review
1664843,28200.0, 60 months,24.89,G,G3,6 years,MORTGAGE,85000.0,Verified,debt_consolidation,LA,31.47,0.0,660.0,664.0,1.0,74.5,49.0,Individual,5,High Risk,Manual Review
1691503,24000.0, 60 months,21.98,E,E4,,MORTGAGE,68000.0,Verified,debt_consolidation,NJ,10.82,1.0,680.0,684.0,2.0,90.7,14.0,Individual,5,High Risk,Manual Review
1625614,35000.0, 60 months,23.28,F,F2,10+ years,MORTGAGE,114899.0,Verified,debt_consolidation,NM,30.45,0.0,685.0,689.0,2.0,91.6,27.0,Individual,6,High Risk,Manual Review
1680603,10000.0, 36 months,21.49,E,E3,7 years,MORTGAGE,47000.0,Verified,credit_card,MI,30.94,1.0,670.0,674.0,2.0,73.6,48.0,Individual,6,High Risk,Manual Review
1405618,14075.0, 36 months,21.98,E,E4,1 year,RENT,75000.0,Verified,debt_consolidation,CA,7.94,3.0,665.0,669.0,0.0,94.0,6.0,Individual,5,High Risk,Manual Review
1679493,20500.0, 60 months,22.47,E,E5,10+ years,MORTGAGE,75000.0,Verified,home_improvement,TX,19.71,1.0,675.0,679.0,1.0,94.8,28.0,Individual,5,High Risk,Manual Review
1679280,14000.0, 60 months,20.49,E,E1,5 years,MORTGAGE,53643.0,Verified,other,VT,12.35,1.0,690.0,694.0,0.0,97.8,27.0,Individual,5,High Risk,Manual Review
1675326,30000.0, 60 months,23.83,F,F5,2 years,MORTGAGE,220000.0,Verified,debt_consolidation,MN,33.15,0.0,675.0,679.0,2.0,96.9,34.0,Individual,6,High Risk,Manual Review
1677763,19500.0, 60 months,21.0,E,E2,10+ years,RENT,55000.0,Verified,debt_consolidation,MD,30.29,0.0,680.0,684.0,1.0,91.3,36.0,Individual,6,High Risk,Manual Review
1678517,16225.0, 36 months,21.49,E,E3,7 years,RENT,62000.0,Verified,debt_consolidation,CA,30.68,0.0,660.0,664.0,0.0,95.7,14.0,Individual,6,High Risk,Manual Review
1688359,18000.0, 60 months,22.47,E,E5,2 years,MORTGAGE,279000.0,Verified,credit_card,DC,8.72,1.0,675.0,679.0,0.0,96.8,28.0,Individual,5,High Risk,Manual Review
1687320,16800.0, 60 months,23.63,F,F3,6 years,RENT,130000.0,Verified,debt_consolidation,NY,6.42,1.0,660.0,664.0,0.0,86.2,10.0,Individual,5,High Risk,Manual Review
1687851,8575.0, 36 months,16.29,C,C4,10+ years,MORTGAGE,62000.0,Verified,credit_card,PA,34.67,1.0,680.0,684.0,1.0,92.3,23.0,Individual,5,High Risk,Manual Review
1445237,18000.0, 60 months,20.49,E,E1,10+ years,RENT,45000.0,Source Verified,other,HI,31.01,0.0,675.0,679.0,2.0,86.9,16.0,Individual,6,High Risk,Manual Review
1687536,22750.0, 60 months,20.49,E,E1,2 years,RENT,51000.0,Verified,credit_card,VA,33.82,0.0,685.0,689.0,2.0,60.1,34.0,Individual,5,High Risk,Manual Review
1616090,25000.0, 60 months,21.0,E,E2,4 years,MORTGAGE,142000.0,Verified,other,TX,31.99,3.0,680.0,684.0,1.0,76.8,31.0,Individual,6,High Risk,Manual Review
1675269,20000.0, 36 months,23.76,F,F4,10+ years,RENT,130000.0,Verified,debt_consolidation,NY,20.93,1.0,660.0,664.0,2.0,89.9,43.0,Individual,5,High Risk,Manual Review
1685274,35000.0, 36 months,20.49,E,E1,4 years,RENT,150000.0,Source Verified,debt_consolidation,TX,18.06,1.0,680.0,684.0,0.0,85.2,26.0,Individual,5,High Risk,Manual Review
1677269,15000.0, 60 months,21.0,E,E2,5 years,MORTGAGE,40000.0,Verified,debt_consolidation,MT,28.69,1.0,670.0,674.0,2.0,82.9,28.0,Individual,5,High Risk,Manual Review
1624379,14125.0, 60 months,21.0,E,E2,< 1 year,RENT,40000.0,Verified,debt_consolidation,OR,31.95,1.0,670.0,674.0,2.0,69.6,31.0,Individual,6,High Risk,Manual Review
1686420,33425.0, 60 months,24.83,G,G2,9 years,MORTGAGE,75000.0,Verified,home_improvement,FL,23.3,1.0,665.0,669.0,3.0,94.7,26.0,Individual,5,High Risk,Manual Review
1686844,25450.0, 60 months,21.49,E,E3,10+ years,MORTGAGE,62000.0,Verified,debt_consolidation,GA,32.13,0.0,685.0,689.0,1.0,94.3,27.0,Individual,6,High Risk,Manual Review
1676875,10000.0, 36 months,20.49,E,E1,2 years,RENT,50000.0,Not Verified,credit_card,NY,12.2,1.0,660.0,664.0,2.0,95.0,20.0,Individual,5,High Risk,Manual Review
1676046,35000.0, 60 months,21.0,E,E2,3 years,MORTGAGE,133000.0,Verified,debt_consolidation,NJ,30.88,0.0,710.0,714.0,3.0,58.2,38.0,Individual,5,High Risk,Manual Review
1675764,24000.0, 60 months,22.47,E,E5,10+ years,MORTGAGE,121250.0,Verified,debt_consolidation,VA,30.97,1.0,675.0,679.0,0.0,80.4,34.0,Individual,7,High Risk,Manual Review
1674981,19425.0, 60 months,21.98,E,E4,7 years,MORTGAGE,90000.0,Source Verified,other,NV,23.44,1.0,675.0,679.0,0.0,89.6,22.0,Individual,5,High Risk,Manual Review
1684797,25000.0, 36 months,22.47,E,E5,2 years,RENT,85000.0,Verified,debt_consolidation,KS,32.09,0.0,660.0,664.0,0.0,89.0,53.0,Individual,6,High Risk,Manual Review
1628221,15600.0, 36 months,20.49,E,E1,4 years,OWN,55000.0,Not Verified,debt_consolidation,IL,25.27,1.0,660.0,664.0,0.0,90.1,26.0,Individual,5,High Risk,Manual Review
1628098,25000.0, 60 months,21.49,E,E3,8 years,MORTGAGE,85000.0,Verified,home_improvement,CA,9.67,1.0,680.0,684.0,1.0,85.2,21.0,Individual,5,High Risk,Manual Review
1591476,10000.0, 60 months,21.0,E,E2,10+ years,OWN,39000.0,Verified,home_improvement,VA,33.69,0.0,670.0,674.0,1.0,75.6,20.0,Individual,5,High Risk,Manual Review
1637705,18225.0, 60 months,20.49,E,E1,10+ years,OWN,42000.0,Verified,debt_consolidation,WV,32.37,0.0,675.0,679.0,1.0,75.0,32.0,Individual,5,High Risk,Manual Review
1636222,21000.0, 60 months,21.49,E,E3,10+ years,MORTGAGE,84900.0,Verified,debt_consolidation,AZ,10.2,2.0,690.0,694.0,2.0,96.7,19.0,Individual,5,High Risk,Manual Review
1636247,25000.0, 60 months,24.7,G,G1,10+ years,MORTGAGE,82000.0,Verified,debt_consolidation,NY,31.43,2.0,660.0,664.0,0.0,63.9,35.0,Individual,6,High Risk,Manual Review
1625965,16000.0, 36 months,21.0,E,E2,10+ years,MORTGAGE,67000.0,Verified,debt_consolidation,NY,17.46,3.0,660.0,664.0,3.0,88.2,37.0,Individual,5,High Risk,Manual Review
1635863,32000.0, 60 months,21.98,E,E4,10+ years,RENT,72000.0,Verified,debt_consolidation,NY,34.33,0.0,695.0,699.0,1.0,76.9,26.0,Individual,5,High Risk,Manual Review
1571104,16000.0, 60 months,22.95,F,F1,10+ years,MORTGAGE,55000.0,Source Verified,debt_consolidation,VA,26.33,3.0,670.0,674.0,1.0,96.4,40.0,Individual,5,High Risk,Manual Review
1552479,21000.0, 60 months,21.49,E,E3,2 years,MORTGAGE,83000.0,Verified,debt_consolidation,KY,9.86,1.0,690.0,694.0,1.0,97.6,21.0,Individual,5,High Risk,Manual Review
1624204,26200.0, 60 months,22.95,F,F1,8 years,MORTGAGE,64356.0,Verified,debt_consolidation,CA,33.51,0.0,680.0,684.0,0.0,91.2,39.0,Individual,6,High Risk,Manual Review
1623918,20000.0, 60 months,22.95,F,F1,3 years,RENT,55000.0,Verified,debt_consolidation,FL,18.58,1.0,670.0,674.0,1.0,94.6,41.0,Individual,5,High Risk,Manual Review
1623797,12000.0, 36 months,20.49,E,E1,3 years,MORTGAGE,63000.0,Not Verified,debt_consolidation,FL,11.45,5.0,660.0,664.0,1.0,97.3,24.0,Individual,5,High Risk,Manual Review
1622459,15000.0, 36 months,18.75,D,D3,7 years,MORTGAGE,55000.0,Verified,debt_consolidation,TX,31.94,2.0,665.0,669.0,2.0,81.4,25.0,Individual,5,High Risk,Manual Review
1622424,19600.0, 60 months,23.83,F,F5,10+ years,MORTGAGE,156000.0,Verified,credit_card,MI,21.02,1.0,665.0,669.0,0.0,96.9,26.0,Individual,5,High Risk,Manual Review
1622274,14325.0, 36 months,20.49,E,E1,2 years,MORTGAGE,67227.0,Verified,debt_consolidation,NY,10.63,2.0,660.0,664.0,2.0,90.4,14.0,Individual,5,High Risk,Manual Review
1619730,35000.0, 60 months,22.47,E,E5,,MORTGAGE,81672.0,Verified,credit_card,AL,26.99,1.0,685.0,689.0,0.0,81.4,25.0,Individual,5,High Risk,Manual Review
1600936,22000.0, 60 months,21.0,E,E2,6 years,RENT,49700.0,Verified,debt_consolidation,AL,27.77,1.0,680.0,684.0,2.0,92.5,27.0,Individual,5,High Risk,Manual Review
1596673,21000.0, 60 months,21.49,E,E3,6 years,RENT,150000.0,Verified,debt_consolidation,CA,22.16,1.0,690.0,694.0,0.0,96.8,24.0,Individual,5,High Risk,Manual Review
1611179,10500.0, 60 months,20.49,E,E1,2 years,OWN,30720.0,Source Verified,debt_consolidation,AZ,32.59,1.0,670.0,674.0,0.0,38.5,13.0,Individual,6,High Risk,Manual Review
1615663,13600.0, 36 months,19.05,D,D4,1 year,MORTGAGE,45000.0,Source Verified,debt_consolidation,GA,33.11,3.0,675.0,679.0,0.0,97.2,30.0,Individual,5,High Risk,Manual Review
1616143,15000.0, 36 months,21.49,E,E3,4 years,MORTGAGE,101000.0,Source Verified,credit_card,OH,8.85,3.0,660.0,664.0,0.0,95.4,27.0,Individual,5,High Risk,Manual Review
1616366,21200.0, 36 months,17.27,C,C5,10+ years,MORTGAGE,56000.0,Verified,debt_consolidation,DE,31.07,1.0,675.0,679.0,2.0,87.7,14.0,Individual,5,High Risk,Manual Review
1615387,24925.0, 36 months,20.49,E,E1,10+ years,MORTGAGE,125000.0,Verified,debt_consolidation,NY,5.03,2.0,675.0,679.0,0.0,91.9,12.0,Individual,5,High Risk,Manual Review
1611784,21000.0, 60 months,23.76,F,F4,10+ years,RENT,89500.0,Verified,debt_consolidation,KS,24.82,1.0,660.0,664.0,0.0,93.5,30.0,Individual,5,High Risk,Manual Review
1353389,14700.0, 60 months,21.98,E,E4,2 years,RENT,40000.0,Source Verified,debt_consolidation,GA,31.53,0.0,665.0,669.0,1.0,88.2,11.0,Individual,6,High Risk,Manual Review
1611573,13750.0, 36 months,18.49,D,D2,7 years,MORTGAGE,56000.0,Verified,debt_consolidation,PA,30.09,2.0,665.0,669.0,2.0,81.3,31.0,Individual,5,High Risk,Manual Review
1608011,25000.0, 60 months,21.98,E,E4,5 years,RENT,70000.0,Source Verified,debt_consolidation,MA,31.32,0.0,680.0,684.0,2.0,91.6,28.0,Individual,6,High Risk,Manual Review
1603459,16000.0, 60 months,21.0,E,E2,1 year,OWN,43000.0,Verified,debt_consolidation,NC,34.38,0.0,670.0,674.0,0.0,74.5,39.0,Individual,5,High Risk,Manual Review
1602536,12000.0, 36 months,17.77,D,D1,6 years,MORTGAGE,46000.0,Verified,debt_consolidation,MI,31.54,1.0,670.0,674.0,0.0,91.7,24.0,Individual,5,High Risk,Manual Review
1604612,29175.0, 60 months,21.0,E,E2,7 years,MORTGAGE,74000.0,Verified,debt_consolidation,WI,30.37,0.0,695.0,699.0,1.0,82.7,34.0,Individual,6,High Risk,Manual Review
1605038,23675.0, 60 months,21.98,E,E4,5 years,RENT,60000.0,Source Verified,debt_consolidation,LA,33.4,0.0,680.0,684.0,2.0,92.3,18.0,Individual,6,High Risk,Manual Review
1603443,14825.0, 36 months,20.49,E,E1,10+ years,MORTGAGE,56000.0,Verified,debt_consolidation,AZ,12.88,1.0,660.0,664.0,0.0,93.6,16.0,Individual,5,High Risk,Manual Review
1600630,27050.0, 60 months,23.63,F,F3,8 years,MORTGAGE,68000.0,Verified,debt_consolidation,MO,30.04,0.0,670.0,674.0,3.0,63.1,32.0,Individual,5,High Risk,Manual Review
1601804,23850.0, 60 months,22.95,F,F1,4 years,RENT,60000.0,Verified,debt_consolidation,VA,30.72,0.0,670.0,674.0,0.0,64.0,16.0,Individual,5,High Risk,Manual Review
1601241,30000.0, 36 months,20.49,E,E1,6 years,RENT,110000.0,Verified,credit_card,WI,16.06,1.0,680.0,684.0,3.0,85.7,32.0,Individual,5,High Risk,Manual Review
1601088,18000.0, 60 months,22.47,E,E5,,MORTGAGE,50000.0,Verified,debt_consolidation,MA,10.51,1.0,660.0,664.0,2.0,82.4,37.0,Individual,5,High Risk,Manual Review
1592305,20000.0, 36 months,21.49,E,E3,10+ years,MORTGAGE,129390.0,Verified,debt_consolidation,PA,16.97,4.0,665.0,669.0,0.0,85.8,54.0,Individual,5,High Risk,Manual Review
1333721,4200.0, 36 months,22.47,E,E5,2 years,MORTGAGE,101900.0,Verified,debt_consolidation,MD,34.53,1.0,670.0,674.0,0.0,48.6,63.0,Individual,6,High Risk,Manual Review
1596264,21475.0, 60 months,22.95,F,F1,< 1 year,RENT,55000.0,Verified,credit_card,VA,31.79,0.0,670.0,674.0,0.0,92.2,24.0,Individual,6,High Risk,Manual Review
1596426,35000.0, 60 months,22.95,F,F1,< 1 year,MORTGAGE,160000.0,Verified,debt_consolidation,TX,21.37,1.0,680.0,684.0,3.0,81.9,51.0,Individual,5,High Risk,Manual Review
1596253,24000.0, 60 months,23.83,F,F5,5 years,MORTGAGE,70000.0,Verified,debt_consolidation,TX,33.11,0.0,670.0,674.0,2.0,97.8,33.0,Individual,6,High Risk,Manual Review
1595932,17000.0, 60 months,21.49,E,E3,6 years,MORTGAGE,87000.0,Verified,debt_consolidation,MD,22.37,1.0,675.0,679.0,0.0,94.1,19.0,Individual,5,High Risk,Manual Review
1595541,30000.0, 36 months,21.49,E,E3,3 years,RENT,85000.0,Verified,credit_card,AZ,34.6,0.0,670.0,674.0,0.0,81.4,24.0,Individual,6,High Risk,Manual Review
1595293,20675.0, 60 months,24.7,G,G1,10+ years,MORTGAGE,95000.0,Source Verified,debt_consolidation,CA,24.0,1.0,660.0,664.0,0.0,95.1,27.0,Individual,5,High Risk,Manual Review
1586836,18000.0, 60 months,22.95,F,F1,6 years,MORTGAGE,62000.0,Source Verified,debt_consolidation,VA,31.84,0.0,690.0,694.0,1.0,32.7,50.0,Individual,5,High Risk,Manual Review
1573450,20675.0, 60 months,22.47,E,E5,< 1 year,RENT,52500.0,Verified,debt_consolidation,LA,34.51,0.0,670.0,674.0,1.0,59.4,14.0,Individual,5,High Risk,Manual Review
1593739,22750.0, 60 months,21.49,E,E3,7 years,RENT,58000.0,Verified,debt_consolidation,UT,30.63,0.0,690.0,694.0,1.0,92.0,24.0,Individual,6,High Risk,Manual Review
1542165,19600.0, 60 months,24.83,G,G2,10+ years,RENT,49291.0,Verified,debt_consolidation,MA,31.16,0.0,670.0,674.0,0.0,64.8,42.0,Individual,5,High Risk,Manual Review
1591577,30000.0, 60 months,23.63,F,F3,2 years,MORTGAGE,85000.0,Verified,credit_card,IL,30.28,0.0,680.0,684.0,0.0,82.5,33.0,Individual,6,High Risk,Manual Review
1590661,21250.0, 60 months,22.47,E,E5,10+ years,RENT,60000.0,Verified,debt_consolidation,GA,31.22,0.0,670.0,674.0,3.0,48.2,26.0,Individual,5,High Risk,Manual Review
1589852,18000.0, 60 months,21.49,E,E3,10+ years,MORTGAGE,130000.0,Verified,credit_card,FL,18.91,1.0,675.0,679.0,1.0,93.9,59.0,Individual,5,High Risk,Manual Review
1585750,18000.0, 60 months,22.47,E,E5,5 years,RENT,120000.0,Source Verified,credit_card,CA,15.01,2.0,660.0,664.0,1.0,82.1,23.0,Individual,5,High Risk,Manual Review
1580231,25000.0, 60 months,23.83,F,F5,2 years,MORTGAGE,76000.0,Verified,debt_consolidation,VA,19.85,1.0,675.0,679.0,3.0,86.0,43.0,Individual,5,High Risk,Manual Review
1574263,25000.0, 60 months,23.83,F,F5,5 years,MORTGAGE,79000.0,Verified,debt_consolidation,CT,28.34,1.0,665.0,669.0,0.0,83.7,43.0,Individual,5,High Risk,Manual Review
1586709,15250.0, 36 months,19.72,D,D5,10+ years,MORTGAGE,56000.0,Verified,debt_consolidation,MN,32.79,2.0,660.0,664.0,0.0,85.8,30.0,Individual,5,High Risk,Manual Review
1586825,22000.0, 60 months,21.98,E,E4,10+ years,MORTGAGE,55000.0,Source Verified,debt_consolidation,CA,18.65,1.0,680.0,684.0,0.0,90.1,5.0,Individual,5,High Risk,Manual Review
1582021,4500.0, 36 months,22.47,E,E5,9 years,RENT,40000.0,Verified,debt_consolidation,FL,32.34,0.0,670.0,674.0,2.0,68.9,41.0,Individual,5,High Risk,Manual Review
1574497,35000.0, 60 months,21.49,E,E3,10+ years,RENT,99000.0,Verified,major_purchase,CA,31.44,0.0,705.0,709.0,0.0,81.8,31.0,Individual,6,High Risk,Manual Review
1575917,18000.0, 60 months,21.98,E,E4,7 years,RENT,51000.0,Verified,debt_consolidation,MA,30.28,1.0,665.0,669.0,1.0,65.3,37.0,Individual,6,High Risk,Manual Review
1575133,30000.0, 36 months,20.49,E,E1,7 years,MORTGAGE,400000.0,Verified,credit_card,CA,3.52,1.0,675.0,679.0,2.0,82.6,26.0,Individual,5,High Risk,Manual Review
1574994,14675.0, 36 months,20.49,E,E1,10+ years,RENT,37000.0,Source Verified,debt_consolidation,PA,33.08,0.0,670.0,674.0,2.0,95.2,24.0,Individual,6,High Risk,Manual Review
1576018,30000.0, 60 months,22.95,F,F1,10+ years,RENT,90000.0,Verified,debt_consolidation,HI,30.56,0.0,685.0,689.0,0.0,70.7,33.0,Individual,5,High Risk,Manual Review
1571400,17250.0, 60 months,22.47,E,E5,5 years,RENT,45000.0,Verified,debt_consolidation,NJ,31.04,0.0,660.0,664.0,2.0,58.5,16.0,Individual,5,High Risk,Manual Review
1573047,20000.0, 60 months,21.0,E,E2,3 years,MORTGAGE,110000.0,Verified,debt_consolidation,PA,10.11,6.0,680.0,684.0,1.0,93.3,24.0,Individual,5,High Risk,Manual Review
1513974,10000.0, 36 months,22.47,E,E5,3 years,MORTGAGE,74400.0,Verified,debt_consolidation,MD,34.26,1.0,675.0,679.0,1.0,66.0,45.0,Individual,6,High Risk,Manual Review
1572783,16425.0, 60 months,20.49,E,E1,10+ years,OWN,42000.0,Verified,debt_consolidation,FL,32.34,0.0,675.0,679.0,1.0,75.3,18.0,Individual,5,High Risk,Manual Review
1571282,23400.0, 60 months,22.95,F,F1,1 year,MORTGAGE,70000.0,Source Verified,debt_consolidation,NV,24.91,1.0,670.0,674.0,0.0,84.6,31.0,Individual,5,High Risk,Manual Review
1571363,25000.0, 36 months,22.47,E,E5,5 years,RENT,84480.0,Verified,debt_consolidation,TX,32.76,3.0,660.0,664.0,3.0,77.7,35.0,Individual,6,High Risk,Manual Review
1570901,26000.0, 60 months,23.76,F,F4,10+ years,MORTGAGE,86450.0,Verified,debt_consolidation,CA,6.79,1.0,675.0,679.0,1.0,90.2,20.0,Individual,5,High Risk,Manual Review
1474497,35000.0, 60 months,21.98,E,E4,10+ years,MORTGAGE,166000.0,Verified,debt_consolidation,TX,11.92,1.0,695.0,699.0,1.0,83.5,24.0,Individual,5,High Risk,Manual Review
1551133,35000.0, 60 months,23.83,F,F5,1 year,RENT,145000.0,Verified,credit_card,VA,5.88,1.0,665.0,669.0,0.0,81.5,21.0,Individual,5,High Risk,Manual Review
1561945,18500.0, 60 months,21.0,E,E2,8 years,MORTGAGE,50000.0,Verified,debt_consolidation,NY,23.35,1.0,675.0,679.0,0.0,86.4,20.0,Individual,5,High Risk,Manual Review
1563107,18000.0, 60 months,23.63,F,F3,10+ years,MORTGAGE,49668.0,Verified,debt_consolidation,NY,31.09,1.0,660.0,664.0,3.0,70.3,33.0,Individual,6,High Risk,Manual Review
1562598,22750.0, 60 months,23.28,F,F2,10+ years,MORTGAGE,58000.0,Verified,debt_consolidation,KS,17.17,1.0,675.0,679.0,2.0,92.2,20.0,Individual,5,High Risk,Manual Review
1561912,35000.0, 36 months,22.47,E,E5,10+ years,MORTGAGE,92000.0,Source Verified,debt_consolidation,NC,22.62,1.0,660.0,664.0,0.0,89.8,21.0,Individual,5,High Risk,Manual Review
1561608,18000.0, 60 months,23.28,F,F2,4 years,MORTGAGE,86000.0,Verified,debt_consolidation,CA,22.3,1.0,670.0,674.0,1.0,97.2,18.0,Individual,5,High Risk,Manual Review
1561308,24450.0, 60 months,21.0,E,E2,10+ years,MORTGAGE,110000.0,Verified,debt_consolidation,AL,32.24,0.0,705.0,709.0,2.0,95.8,30.0,Individual,6,High Risk,Manual Review
1464836,18000.0, 60 months,21.0,E,E2,7 years,MORTGAGE,47000.0,Verified,debt_consolidation,MT,33.83,0.0,695.0,699.0,0.0,95.0,29.0,Individual,6,High Risk,Manual Review
1546517,35000.0, 60 months,23.63,F,F3,10+ years,MORTGAGE,130000.0,Verified,debt_consolidation,WA,30.17,1.0,675.0,679.0,1.0,89.9,50.0,Individual,7,High Risk,Manual Review
1560890,22000.0, 60 months,23.83,F,F5,10+ years,MORTGAGE,75000.0,Source Verified,debt_consolidation,MO,16.45,1.0,675.0,679.0,2.0,95.9,33.0,Individual,5,High Risk,Manual Review
1558277,8575.0, 60 months,21.49,E,E3,4 years,RENT,26000.0,Verified,debt_consolidation,CA,31.98,0.0,660.0,664.0,1.0,81.3,15.0,Individual,6,High Risk,Manual Review
1557292,7000.0, 36 months,23.28,F,F2,2 years,RENT,40000.0,Verified,debt_consolidation,GA,33.84,0.0,665.0,669.0,2.0,59.1,36.0,Individual,5,High Risk,Manual Review
1556342,35000.0, 60 months,22.47,E,E5,4 years,MORTGAGE,104000.0,Verified,debt_consolidation,CO,20.5,4.0,695.0,699.0,0.0,88.0,37.0,Individual,5,High Risk,Manual Review
1556390,35000.0, 60 months,22.95,F,F1,3 years,RENT,111000.0,Verified,debt_consolidation,CO,10.9,6.0,685.0,689.0,0.0,89.9,33.0,Individual,5,High Risk,Manual Review
1552887,17500.0, 36 months,21.0,E,E2,10+ years,RENT,75000.0,Source Verified,small_business,TX,10.18,1.0,660.0,664.0,0.0,85.8,25.0,Individual,5,High Risk,Manual Review
1552552,19075.0, 60 months,23.28,F,F2,10+ years,RENT,72000.0,Source Verified,debt_consolidation,HI,30.32,0.0,675.0,679.0,0.0,95.0,19.0,Individual,6,High Risk,Manual Review
1552158,23850.0, 36 months,20.49,E,E1,10+ years,RENT,60000.0,Verified,credit_card,CA,28.82,2.0,675.0,679.0,1.0,92.6,15.0,Individual,5,High Risk,Manual Review
1551929,35000.0, 36 months,22.47,E,E5,6 years,MORTGAGE,104000.0,Verified,debt_consolidation,WA,15.62,1.0,665.0,669.0,0.0,85.3,38.0,Individual,5,High Risk,Manual Review
1532692,24000.0, 60 months,23.76,F,F4,4 years,MORTGAGE,102000.0,Verified,debt_consolidation,IL,34.72,0.0,665.0,669.0,1.0,89.4,51.0,Individual,6,High Risk,Manual Review
1541468,19125.0, 36 months,21.49,E,E3,10+ years,MORTGAGE,48000.0,Verified,debt_consolidation,LA,33.39,1.0,660.0,664.0,0.0,92.5,21.0,Individual,7,High Risk,Manual Review
1547162,25000.0, 60 months,21.0,E,E2,10+ years,MORTGAGE,65000.0,Verified,debt_consolidation,CA,11.72,4.0,675.0,679.0,0.0,81.2,44.0,Individual,5,High Risk,Manual Review
1549036,30000.0, 60 months,22.95,F,F1,10+ years,MORTGAGE,75000.0,Verified,debt_consolidation,DC,31.86,0.0,680.0,684.0,1.0,82.9,8.0,Individual,6,High Risk,Manual Review
1545268,19000.0, 60 months,21.98,E,E4,2 years,MORTGAGE,105000.0,Verified,debt_consolidation,TX,13.67,1.0,670.0,674.0,0.0,84.8,23.0,Individual,5,High Risk,Manual Review
1545217,8000.0, 36 months,20.49,E,E1,5 years,MORTGAGE,90000.0,Not Verified,debt_consolidation,CA,18.92,1.0,660.0,664.0,1.0,95.7,45.0,Individual,5,High Risk,Manual Review
1544809,16000.0, 60 months,22.47,E,E5,10+ years,RENT,47000.0,Verified,credit_card,IL,33.05,0.0,660.0,664.0,0.0,69.9,35.0,Individual,5,High Risk,Manual Review
1543955,35000.0, 60 months,22.47,E,E5,10+ years,RENT,110000.0,Verified,debt_consolidation,NY,11.95,1.0,690.0,694.0,3.0,88.5,41.0,Individual,5,High Risk,Manual Review
1032139,6000.0, 36 months,21.49,E,E3,10+ years,MORTGAGE,43000.0,Source Verified,credit_card,FL,30.26,0.0,675.0,679.0,1.0,60.0,44.0,Individual,5,High Risk,Manual Review
1543621,19750.0, 36 months,21.49,E,E3,7 years,RENT,51000.0,Verified,debt_consolidation,NY,14.18,1.0,665.0,669.0,0.0,94.0,23.0,Individual,5,High Risk,Manual Review
1532986,18000.0, 60 months,21.49,E,E3,10+ years,RENT,45000.0,Verified,debt_consolidation,PA,32.72,0.0,665.0,669.0,0.0,70.3,14.0,Individual,5,High Risk,Manual Review
1540652,21725.0, 60 months,22.47,E,E5,1 year,MORTGAGE,72300.0,Verified,debt_consolidation,KS,34.62,1.0,665.0,669.0,2.0,54.4,50.0,Individual,6,High Risk,Manual Review
1536393,23675.0, 60 months,20.49,E,E1,10+ years,MORTGAGE,60000.0,Verified,debt_consolidation,OR,32.16,1.0,685.0,689.0,0.0,74.9,43.0,Individual,6,High Risk,Manual Review
1539948,16800.0, 60 months,22.95,F,F1,5 years,MORTGAGE,190000.0,Verified,debt_consolidation,OH,9.35,1.0,660.0,664.0,3.0,85.8,19.0,Individual,5,High Risk,Manual Review
1540453,10050.0, 36 months,18.49,D,D2,10+ years,MORTGAGE,57700.0,Verified,medical,NY,32.18,1.0,660.0,664.0,0.0,80.7,36.0,Individual,5,High Risk,Manual Review
1539885,24375.0, 60 months,23.83,F,F5,10+ years,MORTGAGE,60966.0,Source Verified,debt_consolidation,MD,32.26,0.0,670.0,674.0,1.0,96.3,28.0,Individual,6,High Risk,Manual Review
1539363,20000.0, 36 months,20.49,E,E1,7 years,MORTGAGE,230000.0,Verified,credit_card,VA,6.68,1.0,675.0,679.0,0.0,96.2,33.0,Individual,5,High Risk,Manual Review
1538530,20000.0, 60 months,23.83,F,F5,3 years,MORTGAGE,115000.0,Verified,debt_consolidation,WI,33.86,0.0,695.0,699.0,0.0,38.2,61.0,Individual,5,High Risk,Manual Review
1538291,27050.0, 60 months,22.47,E,E5,10+ years,MORTGAGE,68000.0,Verified,credit_card,IL,30.83,0.0,680.0,684.0,0.0,89.0,25.0,Individual,6,High Risk,Manual Review
1532796,2800.0, 36 months,15.31,C,C2,1 year,RENT,87500.0,Verified,other,GA,31.02,1.0,675.0,679.0,0.0,96.2,41.0,Individual,5,High Risk,Manual Review
1537639,20000.0, 60 months,23.76,F,F4,5 years,MORTGAGE,72000.0,Verified,debt_consolidation,MN,21.4,2.0,660.0,664.0,1.0,90.4,13.0,Individual,5,High Risk,Manual Review
1537432,35000.0, 60 months,23.83,F,F5,10+ years,MORTGAGE,98000.0,Verified,debt_consolidation,IL,17.73,1.0,675.0,679.0,3.0,96.8,29.0,Individual,5,High Risk,Manual Review
1537256,24250.0, 36 months,21.0,E,E2,10+ years,RENT,130000.0,Verified,debt_consolidation,NJ,12.19,1.0,665.0,669.0,0.0,85.2,30.0,Individual,5,High Risk,Manual Review
1531286,32000.0, 60 months,24.89,G,G4,10+ years,MORTGAGE,99391.0,Verified,debt_consolidation,NV,31.63,1.0,665.0,669.0,0.0,96.7,53.0,Individual,7,High Risk,Manual Review
1536519,20000.0, 60 months,21.49,E,E3,7 years,RENT,70000.0,Verified,debt_consolidation,CO,24.58,1.0,675.0,679.0,0.0,81.9,37.0,Individual,5,High Risk,Manual Review
1536220,28000.0, 60 months,24.83,G,G2,5 years,RENT,154000.0,Source Verified,debt_consolidation,CA,19.53,1.0,660.0,664.0,3.0,94.2,22.0,Individual,5,High Risk,Manual Review
1536133,16000.0, 60 months,20.49,E,E1,6 years,RENT,55000.0,Source Verified,debt_consolidation,CT,33.4,0.0,675.0,679.0,0.0,81.3,38.0,Individual,6,High Risk,Manual Review
1535447,19425.0, 60 months,22.95,F,F1,2 years,MORTGAGE,50000.0,Verified,home_improvement,CO,30.82,0.0,665.0,669.0,3.0,33.1,22.0,Individual,5,High Risk,Manual Review
1535079,12000.0, 36 months,20.49,E,E1,1 year,RENT,62000.0,Verified,other,DC,22.51,1.0,660.0,664.0,0.0,97.4,23.0,Individual,5,High Risk,Manual Review
1535103,14400.0, 36 months,22.47,E,E5,2 years,MORTGAGE,450000.0,Verified,other,TX,16.88,3.0,675.0,679.0,1.0,86.7,55.0,Individual,5,High Risk,Manual Review
1533750,23500.0, 60 months,23.63,F,F3,10+ years,RENT,60000.0,Verified,debt_consolidation,NY,31.0,0.0,665.0,669.0,0.0,53.6,47.0,Individual,5,High Risk,Manual Review
1534094,21725.0, 36 months,20.49,E,E1,10+ years,MORTGAGE,58679.92,Verified,home_improvement,MN,32.64,1.0,660.0,664.0,2.0,73.0,36.0,Individual,6,High Risk,Manual Review
1532608,28100.0, 60 months,20.49,E,E1,10+ years,RENT,70500.0,Verified,debt_consolidation,CA,33.46,0.0,700.0,704.0,0.0,44.4,39.0,Individual,5,High Risk,Manual Review
1524398,20050.0, 36 months,21.49,E,E3,10+ years,MORTGAGE,88500.0,Verified,medical,AZ,33.79,0.0,665.0,669.0,2.0,77.9,41.0,Individual,5,High Risk,Manual Review
1531488,18000.0, 60 months,22.95,F,F1,10+ years,MORTGAGE,62000.0,Verified,debt_consolidation,NJ,7.57,2.0,660.0,664.0,1.0,85.9,20.0,Individual,5,High Risk,Manual Review
1517552,7875.0, 36 months,17.77,D,D1,1 year,RENT,60000.0,Verified,credit_card,NY,31.02,1.0,665.0,669.0,1.0,84.2,46.0,Individual,5,High Risk,Manual Review
1525971,17600.0, 60 months,23.28,F,F2,10+ years,MORTGAGE,70000.0,Verified,credit_card,OH,26.61,1.0,660.0,664.0,2.0,90.1,24.0,Individual,5,High Risk,Manual Review
1530348,16000.0, 60 months,21.0,E,E2,3 years,RENT,53400.0,Verified,credit_card,MO,32.88,0.0,670.0,674.0,2.0,62.5,51.0,Individual,5,High Risk,Manual Review
1529321,17050.0, 60 months,21.0,E,E2,10+ years,RENT,44352.0,Verified,debt_consolidation,AZ,30.76,0.0,670.0,674.0,0.0,76.4,19.0,Individual,5,High Risk,Manual Review
1526474,24000.0, 60 months,24.7,G,G1,10+ years,MORTGAGE,130000.0,Source Verified,debt_consolidation,CA,16.98,1.0,670.0,674.0,1.0,97.3,25.0,Individual,5,High Risk,Manual Review
1527162,35000.0, 60 months,23.83,F,F5,10+ years,MORTGAGE,110000.0,Verified,debt_consolidation,TX,34.08,0.0,680.0,684.0,1.0,96.8,50.0,Individual,6,High Risk,Manual Review
1526734,24000.0, 60 months,22.95,F,F1,6 years,MORTGAGE,70000.0,Verified,debt_consolidation,MI,30.12,0.0,670.0,674.0,1.0,63.9,42.0,Individual,5,High Risk,Manual Review
1506338,35000.0, 36 months,21.98,E,E4,10+ years,RENT,105000.0,Verified,debt_consolidation,HI,16.07,1.0,665.0,669.0,0.0,81.0,42.0,Individual,5,High Risk,Manual Review
1523749,15450.0, 60 months,20.49,E,E1,< 1 year,RENT,40000.0,Verified,debt_consolidation,MN,32.22,1.0,675.0,679.0,3.0,85.6,30.0,Individual,7,High Risk,Manual Review
1524214,24375.0, 60 months,20.49,E,E1,9 years,MORTGAGE,61000.0,Verified,debt_consolidation,CO,34.78,0.0,690.0,694.0,0.0,82.0,29.0,Individual,6,High Risk,Manual Review
1521653,18250.0, 60 months,19.72,D,D5,10+ years,MORTGAGE,72000.0,Verified,home_improvement,HI,31.9,4.0,680.0,684.0,2.0,81.0,55.0,Individual,5,High Risk,Manual Review
1518118,19425.0, 60 months,21.0,E,E2,10+ years,MORTGAGE,106267.06,Verified,other,FL,23.58,1.0,680.0,684.0,0.0,91.1,20.0,Individual,5,High Risk,Manual Review
1517491,21200.0, 60 months,20.49,E,E1,10+ years,MORTGAGE,60000.0,Verified,debt_consolidation,KY,32.64,0.0,690.0,694.0,0.0,46.7,39.0,Individual,5,High Risk,Manual Review
1439163,23850.0, 60 months,21.0,E,E2,7 years,MORTGAGE,60000.0,Verified,debt_consolidation,GA,30.56,0.0,680.0,684.0,0.0,81.2,19.0,Individual,6,High Risk,Manual Review
1515709,20000.0, 36 months,21.49,E,E3,2 years,MORTGAGE,93000.0,Verified,debt_consolidation,TX,27.47,1.0,660.0,664.0,0.0,94.0,30.0,Individual,5,High Risk,Manual Review
1508735,15000.0, 36 months,17.77,D,D1,2 years,MORTGAGE,96818.0,Verified,credit_card,MO,32.01,1.0,675.0,679.0,1.0,87.5,42.0,Individual,5,High Risk,Manual Review
1514562,25000.0, 36 months,21.98,E,E4,10+ years,RENT,85000.0,Verified,debt_consolidation,CO,30.85,0.0,665.0,669.0,1.0,79.2,26.0,Individual,5,High Risk,Manual Review
1512269,20000.0, 60 months,22.47,E,E5,9 years,MORTGAGE,60000.0,Verified,credit_card,OH,30.86,6.0,665.0,669.0,3.0,77.8,33.0,Individual,6,High Risk,Manual Review
1512821,21475.0, 60 months,21.49,E,E3,< 1 year,MORTGAGE,115000.0,Verified,credit_card,CT,30.26,0.0,675.0,679.0,0.0,80.6,37.0,Individual,6,High Risk,Manual Review
1490388,35000.0, 60 months,23.83,F,F5,10+ years,OWN,110000.0,Verified,debt_consolidation,OH,32.18,1.0,665.0,669.0,2.0,43.0,48.0,Individual,6,High Risk,Manual Review
1492320,25000.0, 36 months,22.95,F,F1,10+ years,RENT,90000.0,Verified,debt_consolidation,NY,30.95,0.0,665.0,669.0,1.0,92.8,34.0,Individual,6,High Risk,Manual Review
1507713,25475.0, 60 months,20.49,E,E1,6 years,MORTGAGE,65000.0,Verified,credit_card,AZ,14.4,1.0,695.0,699.0,1.0,86.2,22.0,Individual,5,High Risk,Manual Review
1338427,33950.0, 60 months,24.7,G,G1,10+ years,MORTGAGE,85000.0,Source Verified,debt_consolidation,OH,32.89,0.0,660.0,664.0,1.0,76.3,32.0,Individual,5,High Risk,Manual Review
1506155,10000.0, 36 months,17.77,D,D1,< 1 year,RENT,38000.0,Verified,debt_consolidation,AZ,33.63,18.0,665.0,669.0,1.0,83.7,46.0,Individual,5,High Risk,Manual Review
1506263,22000.0, 60 months,19.05,D,D4,10+ years,MORTGAGE,56000.0,Verified,credit_card,WY,31.2,1.0,685.0,689.0,1.0,81.5,40.0,Individual,5,High Risk,Manual Review
1502514,28000.0, 60 months,24.83,G,G2,1 year,MORTGAGE,95000.0,Verified,debt_consolidation,WY,15.06,1.0,660.0,664.0,1.0,85.1,44.0,Individual,5,High Risk,Manual Review
1502298,5325.0, 36 months,20.49,E,E1,5 years,MORTGAGE,45000.0,Verified,debt_consolidation,AZ,31.23,0.0,665.0,669.0,1.0,47.0,38.0,Individual,5,High Risk,Manual Review
1499500,16425.0, 60 months,21.0,E,E2,10+ years,MORTGAGE,56000.0,Verified,house,FL,31.63,0.0,670.0,674.0,0.0,79.0,33.0,Individual,5,High Risk,Manual Review
1096812,25000.0, 60 months,21.0,E,E2,10+ years,MORTGAGE,67600.0,Verified,credit_card,GA,33.41,0.0,680.0,684.0,0.0,54.9,51.0,Individual,5,High Risk,Manual Review
1497608,12250.0, 36 months,21.0,E,E2,7 years,MORTGAGE,64000.0,Source Verified,debt_consolidation,SC,18.73,1.0,670.0,674.0,1.0,81.4,27.0,Individual,5,High Risk,Manual Review
1498805,23675.0, 60 months,23.63,F,F3,< 1 year,OWN,60000.0,Verified,debt_consolidation,OK,31.54,0.0,665.0,669.0,0.0,76.3,20.0,Individual,5,High Risk,Manual Review
1498558,16000.0, 60 months,20.49,E,E1,10+ years,RENT,58900.0,Verified,debt_consolidation,VA,33.53,0.0,700.0,704.0,1.0,97.2,16.0,Individual,6,High Risk,Manual Review
1496017,35000.0, 60 months,21.0,E,E2,10+ years,MORTGAGE,150000.0,Verified,debt_consolidation,CA,30.51,0.0,705.0,709.0,2.0,78.6,32.0,Individual,5,High Risk,Manual Review
1495882,20500.0, 36 months,19.72,D,D5,10+ years,RENT,52000.0,Verified,debt_consolidation,GA,31.75,6.0,665.0,669.0,1.0,80.7,33.0,Individual,5,High Risk,Manual Review
1491352,30000.0, 60 months,23.83,F,F5,10+ years,MORTGAGE,82000.0,Verified,debt_consolidation,WA,31.88,0.0,670.0,674.0,0.0,90.1,34.0,Individual,6,High Risk,Manual Review
1494721,20500.0, 60 months,22.95,F,F1,10+ years,MORTGAGE,53000.0,Verified,debt_consolidation,GA,29.98,2.0,665.0,669.0,1.0,82.8,42.0,Individual,5,High Risk,Manual Review
1492292,22000.0, 60 months,22.95,F,F1,10+ years,MORTGAGE,94000.0,Verified,debt_consolidation,VA,12.82,1.0,670.0,674.0,0.0,81.7,21.0,Individual,5,High Risk,Manual Review
1491231,35000.0, 60 months,22.47,E,E5,8 years,MORTGAGE,88150.0,Verified,debt_consolidation,LA,30.06,0.0,685.0,689.0,0.0,61.6,44.0,Individual,5,High Risk,Manual Review
1489978,9500.0, 36 months,21.49,E,E3,3 years,MORTGAGE,45000.0,Verified,debt_consolidation,PA,33.89,0.0,670.0,674.0,2.0,85.1,26.0,Individual,6,High Risk,Manual Review
1487707,30000.0, 36 months,21.49,E,E3,10+ years,MORTGAGE,75000.0,Source Verified,other,MN,16.07,2.0,670.0,674.0,0.0,84.3,18.0,Individual,5,High Risk,Manual Review
1488937,19425.0, 60 months,22.47,E,E5,7 years,MORTGAGE,90000.0,Verified,debt_consolidation,CT,6.53,1.0,670.0,674.0,2.0,85.6,33.0,Individual,5,High Risk,Manual Review
1488566,20750.0, 60 months,23.28,F,F2,< 1 year,RENT,54080.0,Verified,debt_consolidation,CA,31.66,0.0,660.0,664.0,0.0,85.6,24.0,Individual,6,High Risk,Manual Review
1487699,35000.0, 60 months,21.98,E,E4,1 year,MORTGAGE,100000.0,Verified,credit_card,PA,31.99,1.0,700.0,704.0,0.0,89.0,42.0,Individual,7,High Risk,Manual Review
1473761,12000.0, 60 months,21.98,E,E4,7 years,MORTGAGE,90480.0,Verified,debt_consolidation,CA,17.51,1.0,660.0,664.0,2.0,92.9,57.0,Individual,5,High Risk,Manual Review
1460804,30000.0, 60 months,24.7,G,G1,10+ years,OWN,110000.0,Verified,debt_consolidation,TX,24.97,7.0,665.0,669.0,1.0,85.2,59.0,Individual,5,High Risk,Manual Review
1485171,21200.0, 60 months,22.95,F,F1,1 year,RENT,54000.0,Verified,debt_consolidation,OH,31.67,0.0,665.0,669.0,0.0,84.4,38.0,Individual,6,High Risk,Manual Review
1484098,20950.0, 60 months,22.95,F,F1,10+ years,RENT,53000.0,Source Verified,debt_consolidation,CA,34.08,1.0,665.0,669.0,1.0,53.8,28.0,Individual,6,High Risk,Manual Review
1483913,3075.0, 36 months,17.27,C,C5,10+ years,OWN,65000.0,Verified,vacation,NY,30.7,2.0,660.0,664.0,1.0,80.1,38.0,Individual,5,High Risk,Manual Review
1482439,21000.0, 60 months,22.95,F,F1,6 years,MORTGAGE,80000.0,Verified,debt_consolidation,NC,19.94,1.0,670.0,674.0,1.0,87.8,29.0,Individual,5,High Risk,Manual Review
1482365,24125.0, 60 months,20.49,E,E1,10+ years,MORTGAGE,76626.0,Verified,debt_consolidation,KS,30.88,0.0,700.0,704.0,0.0,93.2,31.0,Individual,6,High Risk,Manual Review
1481290,33950.0, 60 months,21.0,E,E2,10+ years,OWN,85000.0,Verified,debt_consolidation,CO,32.07,0.0,715.0,719.0,0.0,88.2,34.0,Individual,6,High Risk,Manual Review
1476824,10000.0, 60 months,20.49,E,E1,10+ years,RENT,30000.0,Verified,debt_consolidation,NY,30.47,0.0,740.0,744.0,1.0,19.2,58.0,Individual,5,High Risk,Manual Review
1479640,23675.0, 60 months,20.49,E,E1,10+ years,RENT,60000.0,Verified,credit_card,CA,31.82,0.0,685.0,689.0,1.0,70.4,27.0,Individual,5,High Risk,Manual Review
1478544,16000.0, 60 months,21.98,E,E4,8 years,MORTGAGE,60000.0,Verified,debt_consolidation,VT,30.56,0.0,665.0,669.0,3.0,79.9,25.0,Individual,5,High Risk,Manual Review
1478152,24575.0, 60 months,23.63,F,F3,7 years,MORTGAGE,62000.0,Source Verified,debt_consolidation,MA,12.45,1.0,665.0,669.0,0.0,87.5,17.0,Individual,5,High Risk,Manual Review
1475584,24000.0, 36 months,21.98,E,E4,10+ years,MORTGAGE,130000.0,Verified,debt_consolidation,CA,15.22,1.0,660.0,664.0,0.0,94.1,28.0,Individual,5,High Risk,Manual Review
1475566,24000.0, 60 months,22.47,E,E5,< 1 year,RENT,85000.0,Verified,credit_card,VA,34.12,0.0,690.0,694.0,0.0,97.8,22.0,Individual,6,High Risk,Manual Review
1470353,20000.0, 60 months,22.95,F,F1,10+ years,MORTGAGE,71376.0,Verified,debt_consolidation,CA,16.36,1.0,665.0,669.0,0.0,89.7,21.0,Individual,5,High Risk,Manual Review
1306627,14300.0, 36 months,21.49,E,E3,4 years,MORTGAGE,250000.0,Source Verified,debt_consolidation,VA,11.42,1.0,660.0,664.0,2.0,96.5,18.0,Individual,5,High Risk,Manual Review
1467172,24000.0, 60 months,23.28,F,F2,10+ years,RENT,110000.0,Source Verified,debt_consolidation,CA,18.02,1.0,670.0,674.0,2.0,89.3,22.0,Individual,5,High Risk,Manual Review
1469344,21250.0, 36 months,21.0,E,E2,3 years,RENT,54000.0,Verified,debt_consolidation,PA,31.4,1.0,660.0,664.0,1.0,86.9,35.0,Individual,7,High Risk,Manual Review
1468496,4800.0, 36 months,17.27,C,C5,8 years,RENT,58000.0,Verified,debt_consolidation,CA,34.51,2.0,660.0,664.0,1.0,83.9,50.0,Individual,5,High Risk,Manual Review
1465624,35000.0, 60 months,24.89,G,G3,10+ years,RENT,89131.0,Verified,debt_consolidation,AZ,16.27,1.0,660.0,664.0,0.0,87.7,20.0,Individual,5,High Risk,Manual Review
1467847,35000.0, 36 months,18.49,D,D2,7 years,MORTGAGE,145000.0,Verified,debt_consolidation,TX,31.09,1.0,700.0,704.0,0.0,80.3,31.0,Individual,5,High Risk,Manual Review
1467297,18950.0, 60 months,22.95,F,F1,7 years,RENT,60788.0,Verified,debt_consolidation,CA,33.56,0.0,660.0,664.0,2.0,83.2,24.0,Individual,6,High Risk,Manual Review
1465635,21000.0, 60 months,21.98,E,E4,5 years,RENT,89000.0,Verified,debt_consolidation,NV,30.36,0.0,670.0,674.0,1.0,66.3,24.0,Individual,5,High Risk,Manual Review
1463534,21000.0, 36 months,20.49,E,E1,< 1 year,MORTGAGE,63000.0,Verified,debt_consolidation,VA,22.63,1.0,665.0,669.0,0.0,90.5,43.0,Individual,5,High Risk,Manual Review
1463666,5000.0, 36 months,15.8,C,C3,1 year,OWN,42000.0,Verified,debt_consolidation,MI,31.07,1.0,665.0,669.0,1.0,81.9,21.0,Individual,5,High Risk,Manual Review
1463494,25975.0, 60 months,24.89,G,G3,10+ years,MORTGAGE,65000.0,Verified,other,FL,9.19,1.0,660.0,664.0,1.0,91.3,11.0,Individual,5,High Risk,Manual Review
1463604,35000.0, 60 months,22.47,E,E5,3 years,OWN,186000.0,Source Verified,debt_consolidation,CT,9.73,1.0,695.0,699.0,1.0,86.0,59.0,Individual,5,High Risk,Manual Review
1462568,19075.0, 60 months,21.98,E,E4,5 years,MORTGAGE,48800.0,Verified,debt_consolidation,KS,30.51,0.0,670.0,674.0,2.0,55.6,31.0,Individual,5,High Risk,Manual Review
1462418,30000.0, 60 months,23.83,F,F5,10+ years,MORTGAGE,130900.0,Verified,debt_consolidation,MN,19.63,1.0,660.0,664.0,0.0,80.8,24.0,Individual,5,High Risk,Manual Review
1462182,24000.0, 60 months,20.49,E,E1,< 1 year,MORTGAGE,65750.0,Source Verified,debt_consolidation,IL,31.03,0.0,690.0,694.0,0.0,85.3,26.0,Individual,6,High Risk,Manual Review
839589,20000.0, 36 months,20.49,E,E1,2 years,RENT,102500.0,Verified,debt_consolidation,OH,24.6,2.0,660.0,664.0,1.0,87.1,39.0,Individual,5,High Risk,Manual Review
1459421,26000.0, 60 months,24.7,G,G1,6 years,RENT,97064.0,Source Verified,credit_card,AZ,16.57,3.0,665.0,669.0,1.0,87.7,26.0,Individual,5,High Risk,Manual Review
1339435,25000.0, 60 months,23.83,F,F5,10+ years,RENT,75000.0,Source Verified,other,TX,20.37,1.0,665.0,669.0,0.0,80.8,23.0,Individual,5,High Risk,Manual Review
1445069,20000.0, 60 months,21.98,E,E4,6 years,MORTGAGE,50000.0,Verified,debt_consolidation,TX,16.68,2.0,680.0,684.0,1.0,95.1,18.0,Individual,5,High Risk,Manual Review
1457286,18550.0, 60 months,21.0,E,E2,7 years,RENT,47000.0,Verified,debt_consolidation,NM,32.48,0.0,670.0,674.0,0.0,76.2,29.0,Individual,5,High Risk,Manual Review
1456190,10625.0, 60 months,21.0,E,E2,3 years,RENT,32000.0,Verified,other,NY,34.13,0.0,660.0,664.0,2.0,79.3,14.0,Individual,5,High Risk,Manual Review
1456060,18550.0, 60 months,21.49,E,E3,10+ years,OWN,47000.0,Verified,debt_consolidation,TX,31.1,0.0,665.0,669.0,0.0,76.8,28.0,Individual,5,High Risk,Manual Review
1383449,24000.0, 60 months,21.98,E,E4,1 year,RENT,73000.0,Verified,credit_card,PA,24.89,2.0,680.0,684.0,0.0,94.8,24.0,Individual,5,High Risk,Manual Review
1451544,21000.0, 60 months,22.47,E,E5,9 years,MORTGAGE,55000.0,Source Verified,credit_card,MO,33.73,0.0,670.0,674.0,1.0,76.5,23.0,Individual,5,High Risk,Manual Review
1445775,35000.0, 36 months,23.63,F,F3,7 years,RENT,150000.0,Source Verified,credit_card,HI,24.31,1.0,665.0,669.0,0.0,96.7,22.0,Individual,5,High Risk,Manual Review
1448961,17500.0, 36 months,20.49,E,E1,8 years,MORTGAGE,60750.0,Verified,debt_consolidation,TX,27.24,1.0,660.0,664.0,0.0,92.8,17.0,Individual,5,High Risk,Manual Review
1448857,25450.0, 60 months,21.0,E,E2,10+ years,MORTGAGE,64500.0,Verified,debt_consolidation,NY,33.3,0.0,685.0,689.0,1.0,72.0,43.0,Individual,5,High Risk,Manual Review
1446039,20000.0, 36 months,21.0,E,E2,2 years,RENT,101000.0,Verified,debt_consolidation,VA,11.38,2.0,660.0,664.0,3.0,89.1,23.0,Individual,5,High Risk,Manual Review
1445822,35000.0, 36 months,20.49,E,E1,,MORTGAGE,95000.0,Source Verified,debt_consolidation,TX,32.3,0.0,675.0,679.0,0.0,59.3,41.0,Individual,5,High Risk,Manual Review
1442729,21250.0, 60 months,23.28,F,F2,10+ years,MORTGAGE,54255.0,Verified,debt_consolidation,PA,22.65,1.0,675.0,679.0,0.0,96.2,43.0,Individual,5,High Risk,Manual Review
1442832,5000.0, 60 months,23.63,F,F3,2 years,RENT,70000.0,Verified,small_business,CA,30.9,0.0,670.0,674.0,1.0,61.6,18.0,Individual,5,High Risk,Manual Review
1174183,19100.0, 36 months,19.05,D,D4,8 years,MORTGAGE,80112.0,Verified,debt_consolidation,CA,30.55,1.0,675.0,679.0,1.0,94.4,22.0,Individual,5,High Risk,Manual Review
1438944,31825.0, 60 months,24.83,G,G2,8 years,MORTGAGE,80640.0,Verified,debt_consolidation,NC,31.88,0.0,670.0,674.0,2.0,95.9,34.0,Individual,6,High Risk,Manual Review
1437106,32000.0, 60 months,22.47,E,E5,1 year,MORTGAGE,115000.0,Verified,debt_consolidation,NY,33.88,0.0,690.0,694.0,3.0,84.5,59.0,Individual,6,High Risk,Manual Review
1434472,31300.0, 60 months,23.28,F,F2,10+ years,MORTGAGE,79000.0,Verified,debt_consolidation,MI,30.64,0.0,675.0,679.0,0.0,67.3,23.0,Individual,5,High Risk,Manual Review
1432612,25000.0, 36 months,22.95,F,F1,1 year,RENT,155000.0,Verified,debt_consolidation,NY,6.64,1.0,660.0,664.0,1.0,85.9,17.0,Individual,5,High Risk,Manual Review
1413156,30000.0, 60 months,23.76,F,F4,1 year,RENT,85000.0,Verified,debt_consolidation,NY,26.83,1.0,675.0,679.0,0.0,91.4,27.0,Individual,5,High Risk,Manual Review
1435572,17000.0, 36 months,18.75,D,D3,9 years,RENT,60000.0,Source Verified,credit_card,GA,32.06,3.0,670.0,674.0,1.0,91.7,23.0,Individual,5,High Risk,Manual Review
1434307,20000.0, 60 months,23.28,F,F2,3 years,RENT,50000.0,Verified,debt_consolidation,TX,30.72,0.0,665.0,669.0,2.0,93.8,27.0,Individual,6,High Risk,Manual Review
1422293,16425.0, 60 months,21.98,E,E4,2 years,RENT,42000.0,Verified,debt_consolidation,SC,30.31,0.0,665.0,669.0,0.0,60.4,26.0,Individual,5,High Risk,Manual Review
1433120,17325.0, 60 months,22.47,E,E5,2 years,OWN,45000.0,Verified,other,SC,31.84,1.0,660.0,664.0,0.0,54.0,40.0,Individual,6,High Risk,Manual Review
1430790,25975.0, 60 months,23.63,F,F3,10+ years,RENT,65000.0,Verified,debt_consolidation,MA,33.27,0.0,675.0,679.0,1.0,87.4,24.0,Individual,6,High Risk,Manual Review
1429666,23300.0, 60 months,23.83,F,F5,9 years,MORTGAGE,164000.0,Verified,debt_consolidation,GA,33.56,0.0,660.0,664.0,1.0,86.3,24.0,Individual,6,High Risk,Manual Review
1431912,7200.0, 36 months,15.31,C,C2,9 years,MORTGAGE,53000.0,Verified,home_improvement,FL,32.6,1.0,680.0,684.0,1.0,91.7,25.0,Individual,5,High Risk,Manual Review
1429531,25000.0, 60 months,21.0,E,E2,6 years,MORTGAGE,72000.0,Verified,debt_consolidation,TX,33.12,0.0,685.0,689.0,1.0,65.1,62.0,Individual,5,High Risk,Manual Review
1429334,16000.0, 60 months,22.47,E,E5,7 years,MORTGAGE,67000.0,Verified,debt_consolidation,VT,31.84,1.0,675.0,679.0,0.0,95.1,37.0,Individual,7,High Risk,Manual Review
1425404,18250.0, 60 months,21.0,E,E2,4 years,MORTGAGE,54000.0,Verified,debt_consolidation,AR,34.27,0.0,670.0,674.0,3.0,48.4,13.0,Individual,5,High Risk,Manual Review
1431235,27575.0, 60 months,23.83,F,F5,6 years,MORTGAGE,70000.0,Verified,debt_consolidation,VA,17.49,6.0,670.0,674.0,1.0,90.2,21.0,Individual,5,High Risk,Manual Review
1428624,27600.0, 36 months,21.0,E,E2,5 years,RENT,94000.0,Verified,debt_consolidation,DC,18.1,1.0,670.0,674.0,3.0,82.5,32.0,Individual,5,High Risk,Manual Review
1432411,12000.0, 36 months,17.77,D,D1,6 years,MORTGAGE,37000.0,Verified,credit_card,LA,31.04,1.0,670.0,674.0,2.0,86.1,14.0,Individual,5,High Risk,Manual Review
1430205,34775.0, 36 months,24.89,G,G5,7 years,MORTGAGE,150000.0,Verified,credit_card,FL,26.45,2.0,665.0,669.0,0.0,82.0,60.0,Individual,5,High Risk,Manual Review
1427216,35000.0, 60 months,24.89,G,G3,10+ years,MORTGAGE,152000.0,Source Verified,debt_consolidation,OH,10.85,1.0,660.0,664.0,0.0,90.7,42.0,Individual,5,High Risk,Manual Review
1425644,2000.0, 36 months,23.28,F,F2,5 years,MORTGAGE,88000.0,Source Verified,debt_consolidation,SC,30.4,0.0,660.0,664.0,2.0,53.6,55.0,Individual,5,High Risk,Manual Review
1418795,20000.0, 36 months,24.83,G,G2,4 years,OWN,96000.0,Verified,credit_card,GA,31.98,0.0,665.0,669.0,0.0,48.7,57.0,Individual,5,High Risk,Manual Review
1424440,18250.0, 60 months,20.49,E,E1,10+ years,MORTGAGE,69000.0,Verified,debt_consolidation,OH,31.04,0.0,675.0,679.0,2.0,70.6,28.0,Individual,5,High Risk,Manual Review
1424364,35000.0, 36 months,21.49,E,E3,10+ years,MORTGAGE,210000.0,Verified,debt_consolidation,GA,14.98,3.0,670.0,674.0,0.0,86.3,35.0,Individual,5,High Risk,Manual Review
1419636,16000.0, 60 months,24.83,G,G2,4 years,RENT,40000.0,Verified,credit_card,NJ,30.21,0.0,680.0,684.0,2.0,59.3,45.0,Individual,5,High Risk,Manual Review
1422561,27000.0, 60 months,24.7,G,G1,5 years,RENT,68000.0,Verified,debt_consolidation,CO,19.76,1.0,670.0,674.0,1.0,92.1,32.0,Individual,5,High Risk,Manual Review
1422582,19000.0, 60 months,22.47,E,E5,2 years,MORTGAGE,96000.0,Verified,debt_consolidation,VA,6.68,2.0,670.0,674.0,0.0,89.9,35.0,Individual,5,High Risk,Manual Review
1422568,15000.0, 36 months,19.72,D,D5,6 years,RENT,44900.0,Verified,debt_consolidation,NJ,32.02,1.0,660.0,664.0,0.0,89.5,21.0,Individual,5,High Risk,Manual Review
1287593,18000.0, 60 months,21.0,E,E2,3 years,MORTGAGE,150000.0,Verified,debt_consolidation,CT,8.95,1.0,675.0,679.0,2.0,87.9,27.0,Individual,5,High Risk,Manual Review
1417871,24000.0, 60 months,21.49,E,E3,9 years,MORTGAGE,115000.0,Verified,debt_consolidation,NH,24.95,1.0,680.0,684.0,0.0,87.2,25.0,Individual,5,High Risk,Manual Review
1419430,20000.0, 60 months,22.47,E,E5,10+ years,MORTGAGE,68000.0,Verified,home_improvement,CA,15.11,1.0,665.0,669.0,0.0,83.7,20.0,Individual,5,High Risk,Manual Review
1379508,16425.0, 60 months,21.0,E,E2,9 years,MORTGAGE,50000.0,Verified,debt_consolidation,NY,32.53,0.0,755.0,759.0,0.0,19.5,46.0,Individual,5,High Risk,Manual Review
1419147,16825.0, 60 months,21.98,E,E4,4 years,MORTGAGE,45240.0,Verified,debt_consolidation,AR,34.8,0.0,665.0,669.0,0.0,60.6,28.0,Individual,5,High Risk,Manual Review
1355279,21050.0, 60 months,21.98,E,E4,4 years,MORTGAGE,80000.0,Verified,debt_consolidation,GA,18.3,1.0,670.0,674.0,0.0,82.9,28.0,Individual,5,High Risk,Manual Review
1416972,22000.0, 60 months,23.76,F,F4,6 years,MORTGAGE,133000.0,Verified,debt_consolidation,TX,17.41,1.0,665.0,669.0,1.0,87.1,24.0,Individual,5,High Risk,Manual Review
1331029,30000.0, 60 months,23.63,F,F3,2 years,MORTGAGE,76500.0,Verified,debt_consolidation,MA,14.57,1.0,680.0,684.0,2.0,94.3,41.0,Individual,5,High Risk,Manual Review
1415373,23850.0, 60 months,22.95,F,F1,2 years,RENT,60000.0,Verified,debt_consolidation,FL,34.28,2.0,670.0,674.0,0.0,77.1,27.0,Individual,6,High Risk,Manual Review
1411545,12000.0, 60 months,23.28,F,F2,10+ years,MORTGAGE,85000.0,Not Verified,home_improvement,PA,7.31,1.0,660.0,664.0,3.0,96.3,27.0,Individual,5,High Risk,Manual Review
1404264,10000.0, 36 months,21.98,E,E4,5 years,OWN,91000.0,Verified,moving,PA,33.73,0.0,680.0,684.0,0.0,74.2,37.0,Individual,5,High Risk,Manual Review
1412525,25000.0, 60 months,21.0,E,E2,10+ years,MORTGAGE,150000.0,Verified,debt_consolidation,TX,16.96,3.0,680.0,684.0,3.0,84.2,28.0,Individual,5,High Risk,Manual Review
1412585,22750.0, 60 months,23.76,F,F4,5 years,MORTGAGE,70425.0,Verified,debt_consolidation,LA,28.85,1.0,665.0,669.0,0.0,89.5,27.0,Individual,5,High Risk,Manual Review
1333875,31825.0, 60 months,23.28,F,F2,< 1 year,RENT,80000.0,Verified,debt_consolidation,CA,30.5,2.0,675.0,679.0,0.0,84.2,31.0,Individual,7,High Risk,Manual Review
1408081,33950.0, 60 months,24.89,G,G3,3 years,MORTGAGE,85000.0,Verified,debt_consolidation,SC,34.35,0.0,660.0,664.0,0.0,93.9,31.0,Individual,6,High Risk,Manual Review
1403905,19600.0, 36 months,21.98,E,E4,,MORTGAGE,102000.0,Verified,small_business,NY,8.13,2.0,665.0,669.0,1.0,92.3,17.0,Individual,5,High Risk,Manual Review
1391450,18000.0, 60 months,22.47,E,E5,10+ years,MORTGAGE,52000.0,Verified,debt_consolidation,CA,32.19,0.0,665.0,669.0,2.0,87.5,39.0,Individual,6,High Risk,Manual Review
1394481,10750.0, 60 months,21.0,E,E2,1 year,RENT,52000.0,Verified,debt_consolidation,MA,31.5,0.0,665.0,669.0,2.0,66.7,25.0,Individual,5,High Risk,Manual Review
1403187,20000.0, 36 months,21.49,E,E3,6 years,OWN,82000.0,Verified,debt_consolidation,FL,33.45,2.0,660.0,664.0,0.0,92.2,35.0,Individual,7,High Risk,Manual Review
1402918,27050.0, 60 months,23.63,F,F3,< 1 year,RENT,89000.0,Verified,debt_consolidation,FL,27.59,1.0,675.0,679.0,2.0,85.7,34.0,Individual,5,High Risk,Manual Review
1348949,18725.0, 60 months,22.95,F,F1,< 1 year,MORTGAGE,86000.0,Verified,debt_consolidation,CT,31.9,2.0,665.0,669.0,1.0,91.5,35.0,Individual,7,High Risk,Manual Review
1402312,25000.0, 60 months,23.83,F,F5,10+ years,MORTGAGE,84000.0,Verified,debt_consolidation,KS,20.67,2.0,670.0,674.0,1.0,91.9,25.0,Individual,5,High Risk,Manual Review
1401435,25000.0, 60 months,21.49,E,E3,10+ years,MORTGAGE,70000.0,Verified,credit_card,TX,30.87,0.0,685.0,689.0,1.0,69.5,62.0,Individual,5,High Risk,Manual Review
1400587,24000.0, 60 months,22.47,E,E5,8 years,RENT,83000.0,Verified,debt_consolidation,FL,31.46,1.0,675.0,679.0,0.0,82.6,21.0,Individual,7,High Risk,Manual Review
1398247,23800.0, 60 months,22.95,F,F1,10+ years,MORTGAGE,62000.0,Verified,debt_consolidation,CO,31.26,0.0,670.0,674.0,0.0,73.8,31.0,Individual,5,High Risk,Manual Review
1347067,30000.0, 60 months,24.7,G,G1,10+ years,MORTGAGE,121000.0,Verified,debt_consolidation,GA,14.35,1.0,660.0,664.0,1.0,82.7,37.0,Individual,5,High Risk,Manual Review
1398496,16000.0, 60 months,22.47,E,E5,10+ years,RENT,80000.0,Verified,other,VA,16.0,1.0,660.0,664.0,1.0,81.5,25.0,Individual,5,High Risk,Manual Review
1398318,20000.0, 60 months,22.47,E,E5,6 years,MORTGAGE,105000.0,Verified,debt_consolidation,CT,13.88,1.0,670.0,674.0,0.0,88.1,23.0,Individual,5,High Risk,Manual Review
1331373,9925.0, 36 months,20.49,E,E1,< 1 year,RENT,44000.0,Verified,home_improvement,NY,8.39,5.0,660.0,664.0,0.0,90.1,16.0,Individual,5,High Risk,Manual Review
1396857,8875.0, 36 months,17.77,D,D1,6 years,OWN,57200.0,Verified,credit_card,FL,34.22,1.0,675.0,679.0,0.0,95.3,20.0,Individual,5,High Risk,Manual Review
1394831,17475.0, 60 months,21.0,E,E2,10+ years,MORTGAGE,44783.42,Verified,other,MN,31.03,0.0,670.0,674.0,2.0,73.0,26.0,Individual,5,High Risk,Manual Review
1394698,30000.0, 60 months,21.49,E,E3,10+ years,RENT,80000.0,Verified,other,NY,33.27,0.0,700.0,704.0,1.0,79.4,20.0,Individual,5,High Risk,Manual Review
1393998,28625.0, 60 months,23.63,F,F3,10+ years,MORTGAGE,72000.0,Source Verified,debt_consolidation,KS,33.0,0.0,685.0,689.0,3.0,97.3,29.0,Individual,6,High Risk,Manual Review
1392413,25700.0, 60 months,24.83,G,G2,10+ years,MORTGAGE,165000.0,Verified,debt_consolidation,TX,18.59,3.0,660.0,664.0,1.0,89.1,39.0,Individual,5,High Risk,Manual Review
1386860,24000.0, 60 months,23.63,F,F3,10+ years,MORTGAGE,68000.0,Verified,debt_consolidation,MN,30.62,2.0,665.0,669.0,0.0,89.9,26.0,Individual,7,High Risk,Manual Review
1391606,20800.0, 60 months,22.47,E,E5,10+ years,MORTGAGE,58000.0,Verified,debt_consolidation,MO,32.26,0.0,670.0,674.0,0.0,88.0,50.0,Individual,6,High Risk,Manual Review
1390816,8000.0, 36 months,20.49,E,E1,10+ years,RENT,49800.0,Verified,small_business,NJ,33.54,0.0,660.0,664.0,0.0,97.7,20.0,Individual,6,High Risk,Manual Review
1388269,7750.0, 36 months,20.49,E,E1,4 years,MORTGAGE,15500.0,Verified,other,OK,20.44,1.0,665.0,669.0,0.0,95.2,8.0,Individual,5,High Risk,Manual Review
1377413,15850.0, 60 months,22.95,F,F1,4 years,MORTGAGE,55000.0,Verified,debt_consolidation,LA,31.83,0.0,670.0,674.0,0.0,96.6,27.0,Individual,6,High Risk,Manual Review
1385915,33425.0, 60 months,24.83,G,G2,,RENT,69500.0,Verified,debt_consolidation,NJ,33.39,0.0,670.0,674.0,1.0,93.3,43.0,Individual,6,High Risk,Manual Review
1369037,20125.0, 60 months,21.98,E,E4,8 years,MORTGAGE,50000.0,Verified,debt_consolidation,GA,32.81,0.0,680.0,684.0,1.0,96.8,26.0,Individual,6,High Risk,Manual Review
1383156,10500.0, 60 months,21.0,E,E2,1 year,MORTGAGE,54000.0,Verified,debt_consolidation,OK,33.18,0.0,685.0,689.0,0.0,49.8,48.0,Individual,5,High Risk,Manual Review
1381945,33425.0, 60 months,23.63,F,F3,10+ years,RENT,67200.0,Verified,debt_consolidation,CA,33.04,0.0,690.0,694.0,1.0,94.9,10.0,Individual,6,High Risk,Manual Review
1381903,5500.0, 36 months,16.29,C,C4,10+ years,MORTGAGE,85800.0,Not Verified,small_business,NY,30.78,1.0,685.0,689.0,2.0,95.5,42.0,Individual,5,High Risk,Manual Review
1378769,33950.0, 60 months,21.48,E,E4,10+ years,MORTGAGE,68000.0,Verified,debt_consolidation,KS,33.29,0.0,695.0,699.0,1.0,81.9,25.0,Individual,6,High Risk,Manual Review
1371867,21000.0, 60 months,21.48,E,E4,4 years,RENT,130000.0,Verified,credit_card,FL,9.98,1.0,680.0,684.0,1.0,96.0,20.0,Individual,5,High Risk,Manual Review
1334098,16000.0, 60 months,20.5,E,E2,6 years,MORTGAGE,70000.0,Verified,credit_card,TX,31.73,0.0,680.0,684.0,1.0,40.5,29.0,Individual,5,High Risk,Manual Review
1375426,19425.0, 60 months,21.48,E,E4,10+ years,MORTGAGE,66000.0,Verified,debt_consolidation,FL,32.05,1.0,670.0,674.0,2.0,49.7,24.0,Individual,6,High Risk,Manual Review
1374828,19750.0, 60 months,21.97,E,E5,10+ years,MORTGAGE,73000.0,Not Verified,debt_consolidation,FL,16.01,1.0,675.0,679.0,0.0,91.1,24.0,Individual,5,High Risk,Manual Review
1374287,27300.0, 60 months,19.99,E,E1,3 years,MORTGAGE,75000.0,Verified,debt_consolidation,GA,33.14,0.0,700.0,704.0,2.0,67.3,40.0,Individual,5,High Risk,Manual Review
1372892,35000.0, 36 months,21.97,E,E5,4 years,MORTGAGE,120000.0,Source Verified,debt_consolidation,MI,17.87,1.0,665.0,669.0,0.0,94.3,25.0,Individual,5,High Risk,Manual Review
1373555,30000.0, 60 months,23.26,F,F4,2 years,MORTGAGE,60000.0,Verified,debt_consolidation,OH,34.46,1.0,665.0,669.0,0.0,79.1,36.0,Individual,6,High Risk,Manual Review
1351189,35000.0, 36 months,22.45,F,F1,2 years,MORTGAGE,89000.0,Verified,debt_consolidation,RI,17.27,1.0,660.0,664.0,2.0,88.0,33.0,Individual,5,High Risk,Manual Review
1372136,28000.0, 60 months,24.33,G,G2,2 years,OWN,65000.0,Verified,debt_consolidation,NJ,23.43,1.0,670.0,674.0,0.0,91.0,14.0,Individual,5,High Risk,Manual Review
1368716,23675.0, 60 months,20.5,E,E2,< 1 year,RENT,49000.0,Verified,other,MA,31.57,0.0,770.0,774.0,0.0,,15.0,Individual,5,High Risk,Manual Review
1355412,21625.0, 60 months,20.5,E,E2,10+ years,RENT,45000.0,Verified,debt_consolidation,VA,32.51,0.0,675.0,679.0,0.0,93.9,20.0,Individual,6,High Risk,Manual Review
1367444,20000.0, 60 months,19.99,E,E1,1 year,RENT,86250.0,Verified,debt_consolidation,AZ,21.86,1.0,680.0,684.0,1.0,88.8,26.0,Individual,5,High Risk,Manual Review
1367216,21000.0, 60 months,21.48,E,E4,10+ years,MORTGAGE,85000.0,Verified,other,NY,20.54,2.0,675.0,679.0,0.0,89.3,40.0,Individual,5,High Risk,Manual Review
1364720,17600.0, 60 months,21.48,E,E4,3 years,RENT,95000.0,Verified,debt_consolidation,TX,8.51,1.0,665.0,669.0,0.0,84.4,22.0,Individual,5,High Risk,Manual Review
1364789,4800.0, 36 months,19.99,E,E1,,MORTGAGE,30000.0,Not Verified,debt_consolidation,NM,20.44,1.0,660.0,664.0,1.0,97.3,47.0,Individual,5,High Risk,Manual Review
1363817,24000.0, 60 months,22.78,F,F2,4 years,MORTGAGE,80000.0,Verified,debt_consolidation,OK,23.06,2.0,670.0,674.0,1.0,87.7,33.0,Individual,5,High Risk,Manual Review
1350125,12800.0, 36 months,20.5,E,E2,10+ years,OWN,51000.0,Verified,house,NJ,14.61,1.0,670.0,674.0,0.0,92.2,9.0,Individual,5,High Risk,Manual Review
1362218,35000.0, 36 months,22.45,F,F1,5 years,MORTGAGE,155000.0,Verified,debt_consolidation,IL,14.44,2.0,660.0,664.0,1.0,88.7,33.0,Individual,5,High Risk,Manual Review
1360026,22000.0, 60 months,19.99,E,E1,4 years,MORTGAGE,45000.0,Verified,debt_consolidation,PA,30.04,1.0,680.0,684.0,1.0,89.2,42.0,Individual,7,High Risk,Manual Review
1329223,16000.0, 60 months,21.48,E,E4,5 years,RENT,42843.49,Verified,credit_card,CO,30.78,1.0,665.0,669.0,2.0,12.7,20.0,Individual,6,High Risk,Manual Review
1359396,18250.0, 60 months,24.89,G,G5,3 years,MORTGAGE,74500.0,Verified,debt_consolidation,AR,31.5,0.0,665.0,669.0,1.0,65.1,51.0,Individual,5,High Risk,Manual Review
1358682,35000.0, 36 months,20.99,E,E3,10+ years,MORTGAGE,75000.0,Verified,debt_consolidation,NC,25.89,1.0,675.0,679.0,0.0,94.9,28.0,Individual,5,High Risk,Manual Review
1356368,16000.0, 60 months,20.5,E,E2,9 years,MORTGAGE,75000.0,Verified,debt_consolidation,TX,34.08,0.0,670.0,674.0,2.0,76.5,32.0,Individual,5,High Risk,Manual Review
1345441,29100.0, 60 months,22.78,F,F2,10+ years,RENT,60000.0,Verified,debt_consolidation,CA,30.4,0.0,675.0,679.0,0.0,72.8,42.0,Individual,5,High Risk,Manual Review
1351567,35000.0, 60 months,21.97,E,E5,< 1 year,MORTGAGE,120000.0,Verified,debt_consolidation,PA,21.77,1.0,690.0,694.0,0.0,83.4,23.0,Individual,5,High Risk,Manual Review
1348576,30000.0, 60 months,21.48,E,E4,8 years,RENT,60000.0,Verified,debt_consolidation,HI,33.3,0.0,695.0,699.0,2.0,78.9,25.0,Individual,5,High Risk,Manual Review
1352457,29700.0, 60 months,20.99,E,E3,10+ years,OWN,72000.0,Verified,debt_consolidation,TX,30.6,1.0,685.0,689.0,1.0,70.5,19.0,Individual,6,High Risk,Manual Review
1352381,18000.0, 60 months,20.99,E,E3,8 years,RENT,78000.0,Verified,debt_consolidation,NY,22.86,1.0,665.0,669.0,0.0,81.6,35.0,Individual,5,High Risk,Manual Review
1351136,20950.0, 60 months,23.13,F,F3,4 years,RENT,42036.8,Verified,debt_consolidation,FL,31.32,0.0,660.0,664.0,1.0,86.0,19.0,Individual,6,High Risk,Manual Review
1349250,20425.0, 60 months,20.99,E,E3,5 years,MORTGAGE,45000.0,Verified,credit_card,WA,30.01,0.0,675.0,679.0,0.0,67.5,15.0,Individual,5,High Risk,Manual Review
1349388,5075.0, 36 months,16.29,C,C5,10+ years,RENT,70000.0,Verified,debt_consolidation,CA,30.21,1.0,660.0,664.0,2.0,81.2,41.0,Individual,5,High Risk,Manual Review
1348681,21000.0, 60 months,23.26,F,F4,10+ years,MORTGAGE,140000.0,Verified,debt_consolidation,NJ,14.83,1.0,660.0,664.0,1.0,92.8,30.0,Individual,5,High Risk,Manual Review
1348902,35000.0, 60 months,21.97,E,E5,4 years,MORTGAGE,350000.0,Verified,home_improvement,MA,8.11,1.0,685.0,689.0,3.0,82.5,33.0,Individual,5,High Risk,Manual Review
1347533,18000.0, 60 months,22.78,F,F2,5 years,MORTGAGE,49550.0,Verified,debt_consolidation,WA,30.49,0.0,680.0,684.0,3.0,96.0,31.0,Individual,6,High Risk,Manual Review
1347530,16000.0, 60 months,21.48,E,E4,9 years,RENT,40000.0,Source Verified,debt_consolidation,IL,14.28,1.0,665.0,669.0,0.0,84.0,16.0,Individual,5,High Risk,Manual Review
1342206,25000.0, 60 months,23.33,F,F5,3 years,RENT,55000.0,Verified,credit_card,GA,32.33,0.0,665.0,669.0,0.0,55.3,17.0,Individual,5,High Risk,Manual Review
1346282,19000.0, 60 months,24.33,G,G2,10+ years,MORTGAGE,55000.0,Source Verified,debt_consolidation,GA,14.73,2.0,660.0,664.0,1.0,93.0,49.0,Individual,5,High Risk,Manual Review
1345556,28000.0, 36 months,21.48,E,E4,4 years,MORTGAGE,89914.0,Source Verified,debt_consolidation,NY,19.45,1.0,665.0,669.0,3.0,86.7,30.0,Individual,5,High Risk,Manual Review
1344839,23850.0, 60 months,21.97,E,E5,10+ years,MORTGAGE,57000.0,Verified,debt_consolidation,PA,30.55,0.0,675.0,679.0,0.0,72.8,33.0,Individual,5,High Risk,Manual Review
1340074,30000.0, 60 months,23.13,F,F3,10+ years,MORTGAGE,80000.0,Verified,debt_consolidation,WY,31.44,0.0,680.0,684.0,1.0,90.2,36.0,Individual,6,High Risk,Manual Review
1342109,6000.0, 36 months,15.81,C,C4,6 years,RENT,44600.0,Verified,credit_card,PA,31.8,1.0,670.0,674.0,2.0,91.1,24.0,Individual,5,High Risk,Manual Review
1342091,9000.0, 36 months,19.99,E,E1,10+ years,OWN,75000.0,Source Verified,debt_consolidation,CT,33.31,1.0,660.0,664.0,2.0,67.2,51.0,Individual,6,High Risk,Manual Review
1341741,23850.0, 60 months,19.99,E,E1,4 years,RENT,48000.0,Verified,debt_consolidation,AK,31.8,0.0,685.0,689.0,1.0,82.4,21.0,Individual,6,High Risk,Manual Review
1341664,20675.0, 60 months,20.99,E,E3,4 years,RENT,42000.0,Verified,debt_consolidation,OR,31.06,0.0,685.0,689.0,0.0,95.8,14.0,Individual,6,High Risk,Manual Review
1340639,16000.0, 60 months,21.48,E,E4,10+ years,MORTGAGE,44000.0,Verified,debt_consolidation,GA,15.85,1.0,665.0,669.0,0.0,82.6,20.0,Individual,5,High Risk,Manual Review
1337063,17000.0, 60 months,23.13,F,F3,7 years,RENT,50000.0,Verified,debt_consolidation,NY,33.13,0.0,680.0,684.0,1.0,45.5,27.0,Individual,5,High Risk,Manual Review
1335552,25000.0, 60 months,24.2,G,G1,6 years,RENT,90000.0,Source Verified,debt_consolidation,NY,20.2,1.0,670.0,674.0,1.0,93.5,28.0,Individual,5,High Risk,Manual Review
1339685,28000.0, 60 months,24.33,G,G2,5 years,MORTGAGE,128000.0,Verified,debt_consolidation,OH,30.55,0.0,665.0,669.0,0.0,90.8,20.0,Individual,6,High Risk,Manual Review
1339491,15000.0, 36 months,20.5,E,E2,1 year,RENT,35000.0,Verified,car,PA,34.56,0.0,665.0,669.0,0.0,95.2,9.0,Individual,6,High Risk,Manual Review
1337898,24000.0, 60 months,19.99,E,E1,3 years,MORTGAGE,55000.0,Verified,debt_consolidation,AL,32.65,0.0,700.0,704.0,1.0,92.3,40.0,Individual,6,High Risk,Manual Review
1337230,23675.0, 60 months,21.48,E,E4,10+ years,OWN,48000.0,Verified,credit_card,NY,32.88,0.0,680.0,684.0,0.0,90.0,16.0,Individual,6,High Risk,Manual Review
1336972,18000.0, 36 months,19.99,E,E1,10+ years,MORTGAGE,101000.0,Source Verified,debt_consolidation,NJ,11.77,2.0,660.0,664.0,0.0,92.9,18.0,Individual,5,High Risk,Manual Review
1336789,35000.0, 60 months,22.78,F,F2,6 years,MORTGAGE,90000.0,Verified,debt_consolidation,IL,28.72,1.0,690.0,694.0,1.0,94.9,37.0,Individual,5,High Risk,Manual Review
1336978,12000.0, 36 months,22.78,F,F2,10+ years,RENT,80659.0,Verified,debt_consolidation,TX,34.53,0.0,675.0,679.0,1.0,92.1,42.0,Individual,6,High Risk,Manual Review
1335876,21000.0, 60 months,22.45,F,F1,10+ years,MORTGAGE,125000.0,Verified,debt_consolidation,MD,33.52,2.0,665.0,669.0,3.0,88.1,62.0,Individual,7,High Risk,Manual Review
1334665,35000.0, 60 months,20.99,E,E3,3 years,RENT,82000.0,Verified,debt_consolidation,OK,31.0,0.0,700.0,704.0,1.0,84.5,41.0,Individual,6,High Risk,Manual Review
1333867,27000.0, 36 months,21.97,E,E5,1 year,MORTGAGE,160000.0,Verified,credit_card,CA,15.35,3.0,665.0,669.0,3.0,88.1,44.0,Individual,5,High Risk,Manual Review
1330681,30000.0, 60 months,23.33,F,F5,4 years,MORTGAGE,125000.0,Verified,debt_consolidation,CA,14.93,1.0,670.0,674.0,0.0,90.7,24.0,Individual,5,High Risk,Manual Review
1326723,20000.0, 36 months,20.99,E,E3,9 years,RENT,65000.0,Verified,debt_consolidation,MN,17.22,2.0,660.0,664.0,0.0,91.2,30.0,Individual,5,High Risk,Manual Review
1325604,20000.0, 36 months,19.99,E,E1,10+ years,RENT,119248.0,Verified,debt_consolidation,VA,10.01,3.0,660.0,664.0,0.0,84.2,38.0,Individual,5,High Risk,Manual Review
1312117,35000.0, 60 months,24.2,G,G1,4 years,RENT,121000.0,Verified,debt_consolidation,NY,13.44,3.0,660.0,664.0,0.0,81.2,18.0,Individual,5,High Risk,Manual Review
1280891,35000.0, 60 months,24.2,G,G1,10+ years,MORTGAGE,109198.32,Verified,debt_consolidation,GA,15.53,1.0,660.0,664.0,0.0,88.3,16.0,Individual,5,High Risk,Manual Review
1318396,28000.0, 36 months,22.45,F,F1,3 years,MORTGAGE,140000.0,Verified,major_purchase,CA,14.52,2.0,670.0,674.0,0.0,96.6,29.0,Individual,5,High Risk,Manual Review
1301999,21850.0, 60 months,21.48,E,E4,2 years,MORTGAGE,45000.0,Verified,debt_consolidation,NY,22.29,1.0,670.0,674.0,0.0,81.4,17.0,Individual,5,High Risk,Manual Review
1315240,30000.0, 60 months,23.26,F,F4,6 years,MORTGAGE,250000.0,Verified,debt_consolidation,NJ,5.97,4.0,670.0,674.0,3.0,86.8,25.0,Individual,5,High Risk,Manual Review
1315390,34000.0, 60 months,22.78,F,F2,10+ years,MORTGAGE,88000.0,Verified,debt_consolidation,DE,19.67,1.0,675.0,679.0,1.0,87.3,21.0,Individual,5,High Risk,Manual Review
1314607,20500.0, 60 months,22.45,F,F1,5 years,RENT,41000.0,Verified,credit_card,NV,21.51,1.0,665.0,669.0,0.0,83.7,21.0,Individual,5,High Risk,Manual Review
1314545,18000.0, 60 months,20.5,E,E2,10+ years,RENT,65000.0,Verified,home_improvement,FL,23.22,1.0,670.0,674.0,1.0,82.7,22.0,Individual,5,High Risk,Manual Review
1301448,16000.0, 60 months,21.97,E,E5,10+ years,MORTGAGE,52000.0,Verified,debt_consolidation,CA,4.71,1.0,660.0,664.0,0.0,85.0,11.0,Individual,5,High Risk,Manual Review
1301623,7500.0, 36 months,19.99,E,E1,10+ years,RENT,40176.0,Source Verified,debt_consolidation,CA,19.06,1.0,660.0,664.0,0.0,95.0,25.0,Individual,5,High Risk,Manual Review
1298412,35000.0, 60 months,24.2,G,G1,7 years,MORTGAGE,150000.0,Source Verified,debt_consolidation,CA,3.69,1.0,660.0,664.0,1.0,80.5,17.0,Individual,5,High Risk,Manual Review
1302477,20000.0, 36 months,20.99,E,E3,10+ years,MORTGAGE,80000.0,Source Verified,debt_consolidation,WI,9.21,1.0,660.0,664.0,1.0,94.2,27.0,Individual,5,High Risk,Manual Review
1303049,20000.0, 60 months,22.45,F,F1,10+ years,MORTGAGE,90000.0,Verified,debt_consolidation,TX,14.11,2.0,660.0,664.0,1.0,84.7,15.0,Individual,5,High Risk,Manual Review
1301672,25000.0, 60 months,21.97,E,E5,10+ years,MORTGAGE,120000.0,Verified,debt_consolidation,IL,13.43,1.0,685.0,689.0,3.0,95.6,12.0,Individual,5,High Risk,Manual Review
1301485,20000.0, 36 months,20.5,E,E2,10+ years,RENT,75900.0,Source Verified,credit_card,WY,12.93,3.0,660.0,664.0,2.0,88.8,35.0,Individual,5,High Risk,Manual Review
1298224,35000.0, 36 months,20.5,E,E2,8 years,MORTGAGE,74000.0,Verified,home_improvement,GA,11.74,1.0,675.0,679.0,0.0,88.2,16.0,Individual,5,High Risk,Manual Review
1295674,8400.0, 36 months,20.99,E,E3,10+ years,RENT,44000.0,Verified,credit_card,WA,16.82,2.0,660.0,664.0,1.0,97.9,7.0,Individual,5,High Risk,Manual Review
1293368,24000.0, 60 months,23.13,F,F3,4 years,MORTGAGE,104000.0,Verified,debt_consolidation,OK,8.52,1.0,670.0,674.0,1.0,87.3,34.0,Individual,5,High Risk,Manual Review
1290988,9600.0, 36 months,19.99,E,E1,9 years,MORTGAGE,100320.0,Not Verified,debt_consolidation,FL,5.1,1.0,665.0,669.0,1.0,96.3,31.0,Individual,5,High Risk,Manual Review
1254531,30000.0, 60 months,23.13,F,F3,10+ years,MORTGAGE,435000.0,Verified,credit_card,FL,4.99,1.0,675.0,679.0,0.0,87.3,32.0,Individual,5,High Risk,Manual Review
1282552,25000.0, 60 months,19.99,E,E1,6 years,RENT,64837.0,Verified,debt_consolidation,NY,20.62,2.0,685.0,689.0,1.0,80.8,21.0,Individual,5,High Risk,Manual Review
1282393,35000.0, 60 months,21.48,E,E4,10+ years,MORTGAGE,199790.0,Verified,credit_card,TX,23.6,1.0,705.0,709.0,0.0,86.1,28.0,Individual,5,High Risk,Manual Review
1279768,35000.0, 36 months,21.97,E,E5,10+ years,MORTGAGE,104847.0,Verified,debt_consolidation,CA,18.54,1.0,670.0,674.0,0.0,93.9,50.0,Individual,5,High Risk,Manual Review
1277917,10000.0, 36 months,20.5,E,E2,10+ years,RENT,104000.0,Source Verified,debt_consolidation,CA,17.34,3.0,665.0,669.0,0.0,97.1,22.0,Individual,5,High Risk,Manual Review
1269046,16200.0, 60 months,20.5,E,E2,< 1 year,RENT,37000.0,Verified,debt_consolidation,CA,16.61,1.0,680.0,684.0,1.0,92.7,39.0,Individual,5,High Risk,Manual Review
1270913,35000.0, 60 months,23.26,F,F4,10+ years,MORTGAGE,92001.0,Verified,home_improvement,VA,21.6,5.0,670.0,674.0,0.0,82.0,44.0,Individual,5,High Risk,Manual Review
1267071,16000.0, 60 months,20.5,E,E2,< 1 year,MORTGAGE,156980.0,Verified,home_improvement,AZ,19.13,2.0,670.0,674.0,0.0,80.8,51.0,Individual,5,High Risk,Manual Review
1256276,29700.0, 60 months,21.97,E,E5,10+ years,MORTGAGE,80000.0,Verified,credit_card,MN,21.44,1.0,680.0,684.0,0.0,86.1,35.0,Individual,5,High Risk,Manual Review
1257911,20125.0, 60 months,21.97,E,E5,10+ years,MORTGAGE,80000.0,Source Verified,debt_consolidation,NY,14.13,2.0,670.0,674.0,1.0,89.1,36.0,Individual,5,High Risk,Manual Review
1257043,20000.0, 36 months,20.5,E,E2,10+ years,MORTGAGE,150000.0,Source Verified,home_improvement,WA,17.06,2.0,660.0,664.0,0.0,85.5,31.0,Individual,5,High Risk,Manual Review
1255826,16000.0, 60 months,20.99,E,E3,4 years,RENT,41000.0,Verified,debt_consolidation,WA,9.72,1.0,675.0,679.0,0.0,85.1,12.0,Individual,5,High Risk,Manual Review
1254010,3200.0, 36 months,19.99,E,E1,10+ years,RENT,32000.0,Not Verified,debt_consolidation,CA,17.37,1.0,660.0,664.0,2.0,92.2,33.0,Individual,5,High Risk,Manual Review
1248589,21200.0, 60 months,21.97,E,E5,8 years,MORTGAGE,96000.0,Verified,credit_card,OH,22.81,1.0,675.0,679.0,0.0,93.3,22.0,Individual,5,High Risk,Manual Review
1239566,35000.0, 36 months,20.99,E,E3,10+ years,MORTGAGE,100000.0,Verified,debt_consolidation,AL,12.89,1.0,670.0,674.0,0.0,89.2,21.0,Individual,5,High Risk,Manual Review
1233110,30000.0, 60 months,21.48,E,E4,9 years,RENT,73000.0,Verified,debt_consolidation,GA,22.72,2.0,690.0,694.0,1.0,81.8,26.0,Individual,5,High Risk,Manual Review
1230322,20800.0, 60 months,22.78,F,F2,5 years,RENT,55000.0,Verified,credit_card,CT,23.96,1.0,660.0,664.0,0.0,80.8,25.0,Individual,5,High Risk,Manual Review
1228916,20000.0, 60 months,22.78,F,F2,8 years,RENT,40000.0,Verified,credit_card,PA,19.2,1.0,665.0,669.0,2.0,88.4,13.0,Individual,5,High Risk,Manual Review
1223945,16000.0, 60 months,22.45,F,F1,10+ years,MORTGAGE,71000.0,Verified,debt_consolidation,MO,16.19,1.0,670.0,674.0,0.0,97.4,17.0,Individual,5,High Risk,Manual Review
1223681,30000.0, 60 months,22.78,F,F2,4 years,RENT,101350.68,Verified,debt_consolidation,VA,20.98,1.0,685.0,689.0,2.0,87.8,45.0,Individual,5,High Risk,Manual Review
1219197,18000.0, 60 months,23.26,F,F4,4 years,RENT,75000.0,Verified,debt_consolidation,CA,18.8,1.0,660.0,664.0,2.0,82.0,22.0,Individual,5,High Risk,Manual Review
1206401,30000.0, 36 months,19.99,E,E1,10+ years,RENT,60000.0,Verified,small_business,NY,18.06,1.0,680.0,684.0,1.0,89.2,24.0,Individual,5,High Risk,Manual Review
1211447,30000.0, 60 months,24.33,G,G2,6 years,RENT,135000.0,Verified,debt_consolidation,CA,11.24,1.0,670.0,674.0,0.0,95.8,31.0,Individual,5,High Risk,Manual Review
1210940,6000.0, 36 months,19.99,E,E1,3 years,RENT,42000.0,Verified,debt_consolidation,WY,7.57,1.0,665.0,669.0,1.0,97.1,15.0,Individual,5,High Risk,Manual Review
1195166,23500.0, 60 months,20.5,E,E2,7 years,RENT,47235.04,Verified,credit_card,MN,21.99,2.0,680.0,684.0,0.0,80.4,26.0,Individual,5,High Risk,Manual Review
1202078,35000.0, 60 months,22.45,F,F1,3 years,MORTGAGE,141000.0,Verified,debt_consolidation,AR,19.28,1.0,680.0,684.0,1.0,82.6,52.0,Individual,5,High Risk,Manual Review
1200266,32000.0, 60 months,23.33,F,F5,3 years,OWN,74000.0,Source Verified,debt_consolidation,GA,8.3,1.0,670.0,674.0,0.0,94.8,13.0,Individual,5,High Risk,Manual Review
1180304,35000.0, 36 months,21.48,E,E4,10+ years,MORTGAGE,150000.0,Source Verified,debt_consolidation,IL,6.62,1.0,680.0,684.0,1.0,96.9,22.0,Individual,5,High Risk,Manual Review
1178672,20700.0, 60 months,20.5,E,E2,8 years,RENT,140000.0,Source Verified,credit_card,CA,14.51,1.0,710.0,714.0,0.0,82.2,48.0,Individual,5,High Risk,Manual Review
1177019,5000.0, 60 months,20.99,E,E3,2 years,RENT,83200.0,Verified,other,TX,20.84,1.0,660.0,664.0,0.0,93.7,18.0,Individual,5,High Risk,Manual Review
1164246,19425.0, 60 months,21.97,E,E5,1 year,RENT,39000.0,Verified,debt_consolidation,NC,23.04,1.0,665.0,669.0,1.0,80.9,18.0,Individual,5,High Risk,Manual Review
1161675,11200.0, 60 months,21.48,E,E4,4 years,RENT,78000.0,Verified,debt_consolidation,NJ,11.69,1.0,660.0,664.0,0.0,91.1,19.0,Individual,5,High Risk,Manual Review
1172245,31925.0, 36 months,23.13,F,F3,10+ years,OWN,85000.0,Verified,debt_consolidation,NY,17.36,1.0,665.0,669.0,0.0,96.3,44.0,Individual,5,High Risk,Manual Review
1166423,19000.0, 60 months,24.2,G,G1,9 years,OWN,65000.0,Verified,debt_consolidation,MI,18.04,1.0,660.0,664.0,0.0,97.8,18.0,Individual,5,High Risk,Manual Review
1159701,17000.0, 36 months,22.45,F,F1,10+ years,RENT,182000.0,Source Verified,debt_consolidation,NJ,3.6,1.0,680.0,684.0,0.0,94.1,12.0,Individual,5,High Risk,Manual Review
1159846,16000.0, 36 months,19.99,E,E1,10+ years,RENT,81000.0,Verified,moving,MD,24.22,1.0,660.0,664.0,0.0,94.8,22.0,Individual,5,High Risk,Manual Review
1154423,32000.0, 36 months,21.97,E,E5,8 years,OWN,72000.0,Verified,debt_consolidation,FL,13.95,1.0,680.0,684.0,0.0,88.0,9.0,Individual,5,High Risk,Manual Review
1154144,16000.0, 60 months,20.5,E,E2,10+ years,MORTGAGE,105000.0,Not Verified,credit_card,CA,14.11,1.0,680.0,684.0,0.0,90.3,32.0,Individual,5,High Risk,Manual Review
1152310,20000.0, 60 months,21.48,E,E4,6 years,MORTGAGE,106000.0,Source Verified,debt_consolidation,CA,13.19,1.0,670.0,674.0,2.0,81.7,50.0,Individual,5,High Risk,Manual Review
1151678,16000.0, 60 months,20.99,E,E3,10+ years,MORTGAGE,43000.0,Verified,debt_consolidation,NY,18.39,1.0,670.0,674.0,3.0,82.6,17.0,Individual,5,High Risk,Manual Review
1151274,35000.0, 60 months,22.78,F,F2,10+ years,MORTGAGE,120000.0,Verified,debt_consolidation,MA,4.65,1.0,685.0,689.0,1.0,92.2,39.0,Individual,5,High Risk,Manual Review
1148370,33000.0, 60 months,24.33,G,G2,9 years,MORTGAGE,84000.0,Verified,debt_consolidation,NY,24.56,1.0,660.0,664.0,0.0,81.9,7.0,Individual,5,High Risk,Manual Review
1150442,17500.0, 60 months,24.33,G,G2,3 years,MORTGAGE,35000.0,Source Verified,home_improvement,GA,7.99,1.0,660.0,664.0,1.0,87.3,20.0,Individual,5,High Risk,Manual Review
1148023,12000.0, 36 months,20.5,E,E2,4 years,MORTGAGE,75000.0,Verified,other,MO,21.25,1.0,675.0,679.0,2.0,99.2,24.0,Individual,5,High Risk,Manual Review
1147666,35000.0, 36 months,21.97,E,E5,< 1 year,RENT,91000.0,Verified,debt_consolidation,CA,17.33,1.0,660.0,664.0,1.0,82.7,37.0,Individual,5,High Risk,Manual Review
1147443,30000.0, 60 months,20.99,E,E3,2 years,MORTGAGE,125000.0,Source Verified,debt_consolidation,MD,18.81,2.0,700.0,704.0,2.0,83.0,45.0,Individual,5,High Risk,Manual Review
1145481,19750.0, 60 months,23.13,F,F3,10+ years,RENT,45791.0,Verified,credit_card,MN,22.69,1.0,680.0,684.0,0.0,98.9,19.0,Individual,5,High Risk,Manual Review
1143617,19500.0, 60 months,23.33,F,F5,1 year,MORTGAGE,50000.0,Not Verified,small_business,GA,17.62,1.0,665.0,669.0,1.0,97.1,12.0,Individual,5,High Risk,Manual Review
1128937,35000.0, 36 months,18.64,E,E1,10+ years,MORTGAGE,129792.0,Verified,credit_card,TX,15.71,1.0,675.0,679.0,1.0,82.7,47.0,Individual,5,High Risk,Manual Review
1134463,6000.0, 60 months,22.74,G,G1,2 years,OWN,31200.0,Source Verified,car,FL,15.96,2.0,660.0,664.0,0.0,99.2,36.0,Individual,5,High Risk,Manual Review
1119853,20000.0, 60 months,23.13,G,G2,,MORTGAGE,53136.0,Verified,home_improvement,AZ,3.36,1.0,660.0,664.0,1.0,95.7,8.0,Individual,5,High Risk,Manual Review
1125259,30000.0, 36 months,20.3,E,E5,6 years,MORTGAGE,100000.0,Verified,debt_consolidation,IL,18.62,1.0,660.0,664.0,1.0,82.0,31.0,Individual,5,High Risk,Manual Review
1121891,20000.0, 60 months,22.06,F,F4,10+ years,MORTGAGE,84005.52,Verified,debt_consolidation,CA,8.69,1.0,660.0,664.0,1.0,93.6,14.0,Individual,5,High Risk,Manual Review
1120518,18000.0, 60 months,22.06,F,F4,7 years,MORTGAGE,99996.0,Verified,debt_consolidation,WA,12.05,1.0,675.0,679.0,0.0,99.4,16.0,Individual,5,High Risk,Manual Review
1118356,5500.0, 60 months,22.06,F,F4,10+ years,MORTGAGE,50264.8,Source Verified,other,IL,0.69,1.0,660.0,664.0,1.0,88.2,15.0,Individual,5,High Risk,Manual Review
1111937,19000.0, 60 months,20.3,E,E5,1 year,RENT,42000.0,Source Verified,debt_consolidation,CA,17.23,1.0,685.0,689.0,0.0,87.7,7.0,Individual,5,High Risk,Manual Review
1108981,18000.0, 60 months,19.91,E,E4,2 years,MORTGAGE,63000.0,Not Verified,debt_consolidation,OR,7.87,1.0,680.0,684.0,1.0,96.4,13.0,Individual,5,High Risk,Manual Review
1101359,30000.0, 60 months,21.28,F,F2,1 year,MORTGAGE,75000.0,Verified,debt_consolidation,MA,14.51,1.0,690.0,694.0,1.0,90.6,21.0,Individual,5,High Risk,Manual Review
1102713,11000.0, 60 months,22.74,G,G1,8 years,MORTGAGE,100000.0,Source Verified,home_improvement,AZ,18.01,4.0,660.0,664.0,1.0,84.2,31.0,Individual,5,High Risk,Manual Review
1098201,23000.0, 60 months,19.91,E,E4,10+ years,MORTGAGE,110000.0,Verified,home_improvement,HI,12.68,1.0,680.0,684.0,0.0,83.2,30.0,Individual,5,High Risk,Manual Review
1102832,30000.0, 60 months,21.28,F,F2,10+ years,MORTGAGE,84000.0,Verified,debt_consolidation,OK,21.3,1.0,675.0,679.0,0.0,86.7,30.0,Individual,5,High Risk,Manual Review
1102217,30000.0, 36 months,20.3,E,E5,10+ years,MORTGAGE,81000.0,Source Verified,debt_consolidation,VA,12.27,1.0,660.0,664.0,3.0,84.4,29.0,Individual,5,High Risk,Manual Review
1098159,16000.0, 60 months,19.91,E,E4,10+ years,RENT,70000.0,Source Verified,debt_consolidation,AZ,14.96,2.0,680.0,684.0,1.0,97.6,23.0,Individual,5,High Risk,Manual Review
1096881,14750.0, 36 months,21.28,F,F2,1 year,RENT,45000.0,Source Verified,debt_consolidation,CA,18.75,1.0,660.0,664.0,0.0,95.6,7.0,Individual,5,High Risk,Manual Review
1091490,25000.0, 60 months,19.91,E,E4,10+ years,RENT,70000.0,Verified,debt_consolidation,CA,23.45,2.0,680.0,684.0,1.0,91.3,17.0,Individual,5,High Risk,Manual Review
1079062,15000.0, 60 months,19.91,E,E4,< 1 year,RENT,31200.0,Source Verified,debt_consolidation,NM,19.42,1.0,685.0,689.0,0.0,96.8,24.0,Individual,5,High Risk,Manual Review
1084098,15000.0, 60 months,19.42,E,E3,5 years,MORTGAGE,109000.0,Verified,debt_consolidation,NY,13.27,1.0,685.0,689.0,1.0,93.0,14.0,Individual,5,High Risk,Manual Review
1082048,21850.0, 60 months,24.11,G,G5,10+ years,MORTGAGE,45000.0,Source Verified,debt_consolidation,NY,17.71,1.0,670.0,674.0,0.0,98.9,10.0,Individual,5,High Risk,Manual Review
1080990,7000.0, 60 months,21.67,F,F3,< 1 year,MORTGAGE,78444.0,Source Verified,car,TX,9.68,2.0,675.0,679.0,1.0,99.4,19.0,Individual,5,High Risk,Manual Review
1078123,21675.0, 60 months,18.64,E,E1,2 years,MORTGAGE,116000.0,Verified,credit_card,CA,13.25,1.0,685.0,689.0,0.0,92.7,16.0,Individual,5,High Risk,Manual Review
1060769,28800.0, 60 months,20.3,E,E5,10+ years,MORTGAGE,75000.0,Source Verified,debt_consolidation,MT,17.15,1.0,685.0,689.0,2.0,83.6,32.0,Individual,5,High Risk,Manual Review
90541543,14400.0, 60 months,25.29,E,E5,3 years,RENT,47234.0,Source Verified,debt_consolidation,AZ,30.79,0.0,675.0,679.0,0.0,88.9,15.0,Individual,6,High Risk,Manual Review
90319654,12400.0, 36 months,23.99,E,E2,10+ years,RENT,55000.0,Source Verified,debt_consolidation,FL,32.64,0.0,695.0,699.0,1.0,64.2,13.0,Individual,5,High Risk,Manual Review
90331927,3375.0, 36 months,22.39,E,E1,2 years,MORTGAGE,54000.0,Source Verified,debt_consolidation,CO,31.98,0.0,685.0,689.0,0.0,34.7,42.0,Individual,5,High Risk,Manual Review
90098881,35000.0, 36 months,25.29,E,E5,10+ years,OWN,89000.0,Verified,debt_consolidation,NY,17.03,1.0,660.0,664.0,2.0,87.1,35.0,Individual,5,High Risk,Manual Review
90398660,16625.0, 60 months,26.49,F,F2,10+ years,MORTGAGE,65000.0,Source Verified,home_improvement,OH,33.44,2.0,665.0,669.0,0.0,63.8,28.0,Individual,6,High Risk,Manual Review
90406949,35000.0, 36 months,19.99,D,D4,10+ years,MORTGAGE,45000.0,Source Verified,debt_consolidation,IL,37.73,1.0,665.0,669.0,0.0,91.2,14.0,Joint App,5,High Risk,Manual Review
90151768,23675.0, 60 months,25.29,E,E5,3 years,MORTGAGE,74000.0,Source Verified,credit_card,NC,32.13,0.0,680.0,684.0,0.0,75.9,25.0,Individual,5,High Risk,Manual Review
90087941,5925.0, 36 months,23.99,E,E2,10+ years,MORTGAGE,53200.0,Verified,debt_consolidation,AR,34.73,0.0,695.0,699.0,0.0,50.3,28.0,Individual,5,High Risk,Manual Review
90410951,11050.0, 36 months,18.99,D,D3,10+ years,MORTGAGE,52000.0,Verified,other,WA,32.47,2.0,670.0,674.0,1.0,96.2,31.0,Individual,5,High Risk,Manual Review
90440217,20000.0, 36 months,24.49,E,E3,6 years,MORTGAGE,85000.0,Not Verified,debt_consolidation,NY,30.81,1.0,670.0,674.0,0.0,96.8,37.0,Individual,7,High Risk,Manual Review
90255557,21000.0, 60 months,25.29,E,E5,10+ years,MORTGAGE,50000.0,Verified,debt_consolidation,TX,33.84,0.0,685.0,689.0,1.0,91.4,18.0,Individual,6,High Risk,Manual Review
90299479,35000.0, 60 months,25.29,E,E5,6 years,MORTGAGE,110000.0,Verified,other,CA,30.61,0.0,695.0,699.0,1.0,57.6,27.0,Individual,5,High Risk,Manual Review
90228570,25000.0, 60 months,24.49,E,E3,10+ years,MORTGAGE,76000.0,Not Verified,debt_consolidation,IL,30.73,0.0,680.0,684.0,2.0,75.3,29.0,Individual,5,High Risk,Manual Review
90162023,28550.0, 60 months,24.49,E,E3,9 years,MORTGAGE,59490.0,Not Verified,debt_consolidation,IL,33.07,0.0,685.0,689.0,0.0,69.5,37.0,Individual,5,High Risk,Manual Review
90242209,35000.0, 60 months,22.39,E,E1,10+ years,MORTGAGE,105000.0,Source Verified,debt_consolidation,PA,31.44,0.0,680.0,684.0,1.0,38.7,36.0,Individual,5,High Risk,Manual Review
90302276,8000.0, 36 months,22.39,E,E1,2 years,RENT,68000.0,Verified,debt_consolidation,CA,31.63,1.0,670.0,674.0,0.0,19.1,14.0,Individual,6,High Risk,Manual Review
90171841,11500.0, 60 months,24.49,E,E3,10+ years,RENT,62000.0,Source Verified,car,CA,31.68,0.0,690.0,694.0,1.0,50.5,31.0,Individual,5,High Risk,Manual Review
90413562,35000.0, 60 months,25.29,E,E5,< 1 year,RENT,85000.0,Verified,credit_card,SC,32.34,0.0,675.0,679.0,1.0,34.8,51.0,Individual,5,High Risk,Manual Review
90111063,14400.0, 60 months,26.49,F,F2,10+ years,RENT,65000.0,Verified,debt_consolidation,OH,31.06,0.0,660.0,664.0,2.0,62.8,37.0,Individual,5,High Risk,Manual Review
90383429,10000.0, 60 months,27.79,F,F5,< 1 year,RENT,30000.0,Source Verified,debt_consolidation,CO,30.64,0.0,700.0,704.0,1.0,69.5,31.0,Individual,5,High Risk,Manual Review
90395399,25000.0, 60 months,22.39,E,E1,10+ years,MORTGAGE,106000.0,Verified,debt_consolidation,FL,30.61,0.0,680.0,684.0,0.0,32.8,37.0,Individual,5,High Risk,Manual Review
90331508,18000.0, 60 months,26.99,F,F3,10+ years,OWN,78000.0,Source Verified,debt_consolidation,GA,33.69,0.0,675.0,679.0,0.0,51.2,60.0,Individual,5,High Risk,Manual Review
90251592,26400.0, 60 months,28.88,G,G2,2 years,OWN,76000.0,Verified,debt_consolidation,WI,30.7,0.0,675.0,679.0,1.0,80.9,27.0,Individual,6,High Risk,Manual Review
90166677,9125.0, 36 months,23.99,E,E2,< 1 year,RENT,30000.0,Source Verified,credit_card,NH,34.68,0.0,720.0,724.0,1.0,15.2,14.0,Individual,5,High Risk,Manual Review
90413490,14400.0, 60 months,27.79,F,F5,10+ years,MORTGAGE,117000.0,Source Verified,debt_consolidation,CA,31.43,0.0,715.0,719.0,0.0,63.9,36.0,Individual,5,High Risk,Manual Review
90264576,25475.0, 36 months,23.99,E,E2,8 years,MORTGAGE,135000.0,Not Verified,home_improvement,MA,31.17,0.0,690.0,694.0,0.0,70.3,34.0,Individual,5,High Risk,Manual Review
90404537,20000.0, 60 months,24.49,E,E3,7 years,RENT,35000.0,Verified,debt_consolidation,FL,50.86,0.0,665.0,669.0,0.0,64.6,16.0,Joint App,5,High Risk,Manual Review
90195374,23000.0, 60 months,24.99,E,E4,10+ years,MORTGAGE,50000.0,Not Verified,debt_consolidation,TN,32.41,0.0,715.0,719.0,0.0,67.8,20.0,Individual,5,High Risk,Manual Review
90306081,9675.0, 36 months,24.99,E,E4,10+ years,OWN,31000.0,Verified,credit_card,AR,33.91,0.0,665.0,669.0,1.0,39.8,17.0,Individual,5,High Risk,Manual Review
90406376,14550.0, 60 months,25.29,E,E5,2 years,RENT,44500.0,Verified,debt_consolidation,MS,17.76,1.0,660.0,664.0,0.0,86.4,68.0,Individual,5,High Risk,Manual Review
90402596,5000.0, 36 months,23.99,E,E2,5 years,MORTGAGE,147460.0,Verified,debt_consolidation,SC,34.48,0.0,685.0,689.0,0.0,68.6,40.0,Individual,5,High Risk,Manual Review
90290715,20000.0, 60 months,25.29,E,E5,6 years,RENT,28000.0,Verified,debt_consolidation,MO,39.56,0.0,670.0,674.0,1.0,71.3,33.0,Joint App,5,High Risk,Manual Review
90151265,35000.0, 36 months,25.29,E,E5,10+ years,MORTGAGE,120000.0,Verified,debt_consolidation,VA,29.69,1.0,695.0,699.0,1.0,81.9,38.0,Individual,5,High Risk,Manual Review
90210431,35000.0, 60 months,25.69,F,F1,5 years,RENT,112000.0,Source Verified,debt_consolidation,HI,14.13,1.0,685.0,689.0,0.0,82.4,29.0,Individual,5,High Risk,Manual Review
90308279,15000.0, 60 months,28.88,G,G2,7 years,RENT,45000.0,Source Verified,debt_consolidation,AZ,32.4,0.0,660.0,664.0,0.0,36.0,30.0,Individual,5,High Risk,Manual Review
90196154,5000.0, 36 months,26.49,F,F2,,OWN,32704.0,Verified,medical,PA,30.87,1.0,665.0,669.0,0.0,52.3,19.0,Individual,6,High Risk,Manual Review
90408377,12000.0, 60 months,24.99,E,E4,< 1 year,MORTGAGE,38000.0,Source Verified,credit_card,CT,34.65,0.0,695.0,699.0,0.0,57.4,17.0,Individual,5,High Risk,Manual Review
90151248,2825.0, 36 months,24.99,E,E4,10+ years,MORTGAGE,60000.0,Source Verified,debt_consolidation,PA,33.7,0.0,700.0,704.0,1.0,55.3,26.0,Individual,5,High Risk,Manual Review
90406991,12525.0, 60 months,26.49,F,F2,3 years,MORTGAGE,45000.0,Verified,debt_consolidation,GA,34.91,1.0,670.0,674.0,0.0,69.5,16.0,Individual,6,High Risk,Manual Review
90191187,10000.0, 60 months,22.39,E,E1,8 years,RENT,60000.0,Verified,debt_consolidation,CA,32.15,1.0,665.0,669.0,2.0,55.8,25.0,Individual,6,High Risk,Manual Review
90221280,30000.0, 60 months,24.99,E,E4,< 1 year,MORTGAGE,80000.0,Verified,credit_card,OK,33.2,0.0,670.0,674.0,0.0,73.6,27.0,Individual,5,High Risk,Manual Review
90401731,35000.0, 36 months,23.99,E,E2,4 years,MORTGAGE,134000.0,Verified,debt_consolidation,FL,14.11,1.0,675.0,679.0,2.0,88.5,32.0,Individual,5,High Risk,Manual Review
90086036,28000.0, 60 months,22.39,E,E1,10+ years,MORTGAGE,95838.0,Verified,debt_consolidation,AZ,28.86,1.0,665.0,669.0,0.0,88.1,26.0,Individual,5,High Risk,Manual Review
90388255,12000.0, 60 months,26.49,F,F2,7 years,OWN,58000.0,Source Verified,debt_consolidation,TX,34.59,0.0,675.0,679.0,2.0,62.5,15.0,Individual,5,High Risk,Manual Review
90077372,20000.0, 60 months,24.99,E,E4,4 years,RENT,75000.0,Not Verified,debt_consolidation,AZ,31.2,0.0,670.0,674.0,0.0,63.0,24.0,Individual,5,High Risk,Manual Review
90085400,16600.0, 60 months,29.67,G,G3,4 years,MORTGAGE,45000.0,Verified,debt_consolidation,ID,39.95,0.0,660.0,664.0,0.0,82.8,30.0,Joint App,6,High Risk,Manual Review
90067044,15000.0, 36 months,25.69,F,F1,10+ years,MORTGAGE,35000.0,Source Verified,debt_consolidation,WA,31.13,3.0,680.0,684.0,4.0,45.0,29.0,Individual,6,High Risk,Manual Review
89918940,23050.0, 36 months,25.69,F,F1,10+ years,OWN,60000.0,Verified,credit_card,NY,33.74,0.0,685.0,689.0,1.0,67.3,22.0,Individual,5,High Risk,Manual Review
90300807,3000.0, 36 months,18.99,D,D3,10+ years,RENT,64500.0,Verified,other,PA,30.44,1.0,690.0,694.0,0.0,92.7,22.0,Individual,5,High Risk,Manual Review
90290639,16325.0, 60 months,26.49,F,F2,10+ years,MORTGAGE,118263.0,Verified,credit_card,GA,30.87,0.0,665.0,669.0,0.0,86.0,46.0,Individual,6,High Risk,Manual Review
90220001,35000.0, 36 months,22.39,E,E1,7 years,MORTGAGE,115750.0,Verified,debt_consolidation,NY,22.02,2.0,685.0,689.0,1.0,98.2,28.0,Individual,5,High Risk,Manual Review
90099288,24000.0, 60 months,24.49,E,E3,10+ years,RENT,93000.0,Not Verified,debt_consolidation,NJ,34.48,0.0,660.0,664.0,2.0,35.7,40.0,Individual,5,High Risk,Manual Review
90071792,35000.0, 60 months,26.99,F,F3,9 years,MORTGAGE,88000.0,Verified,debt_consolidation,OH,31.52,2.0,670.0,674.0,0.0,34.6,33.0,Individual,6,High Risk,Manual Review
90407087,21500.0, 60 months,27.49,F,F4,10+ years,MORTGAGE,84000.0,Not Verified,debt_consolidation,MD,31.27,0.0,700.0,704.0,0.0,46.8,21.0,Individual,5,High Risk,Manual Review
90400444,30000.0, 60 months,26.99,F,F3,< 1 year,MORTGAGE,75000.0,Source Verified,debt_consolidation,SC,30.9,0.0,690.0,694.0,0.0,35.0,35.0,Individual,5,High Risk,Manual Review
90220087,18650.0, 60 months,28.18,G,G1,4 years,RENT,50000.0,Verified,debt_consolidation,FL,33.7,7.0,660.0,664.0,1.0,76.5,26.0,Individual,6,High Risk,Manual Review
90086112,21050.0, 60 months,28.18,G,G1,4 years,RENT,48000.0,Verified,credit_card,FL,33.48,0.0,665.0,669.0,0.0,82.4,17.0,Individual,6,High Risk,Manual Review
90328820,5000.0, 36 months,22.39,E,E1,5 years,RENT,25000.0,Verified,other,CA,32.74,0.0,660.0,664.0,0.0,55.9,8.0,Individual,5,High Risk,Manual Review
90287743,10000.0, 36 months,22.39,E,E1,3 years,MORTGAGE,64500.0,Verified,credit_card,MS,33.15,0.0,715.0,719.0,1.0,64.3,26.0,Individual,5,High Risk,Manual Review
90238964,10425.0, 36 months,24.99,E,E4,5 years,RENT,40000.0,Verified,debt_consolidation,WA,31.47,0.0,665.0,669.0,0.0,63.8,22.0,Individual,5,High Risk,Manual Review
90310184,17275.0, 60 months,26.49,F,F2,10+ years,MORTGAGE,60000.0,Not Verified,debt_consolidation,NE,31.42,0.0,700.0,704.0,0.0,45.9,19.0,Individual,5,High Risk,Manual Review
90255785,21000.0, 60 months,25.29,E,E5,10+ years,MORTGAGE,77000.0,Source Verified,debt_consolidation,OH,30.7,1.0,660.0,664.0,1.0,57.7,35.0,Individual,6,High Risk,Manual Review
88850229,20000.0, 60 months,24.99,E,E4,,OWN,60000.0,Verified,debt_consolidation,TX,30.92,1.0,680.0,684.0,0.0,46.9,24.0,Individual,6,High Risk,Manual Review
90309930,27200.0, 36 months,25.29,E,E5,10+ years,MORTGAGE,125000.0,Verified,credit_card,CA,30.24,4.0,665.0,669.0,0.0,53.8,40.0,Individual,6,High Risk,Manual Review
90319963,12000.0, 60 months,29.67,G,G3,10+ years,RENT,53000.0,Verified,debt_consolidation,CO,32.79,1.0,670.0,674.0,0.0,63.7,36.0,Individual,6,High Risk,Manual Review
89799064,13000.0, 60 months,27.79,F,F5,10+ years,OWN,44500.0,Verified,debt_consolidation,NC,34.55,0.0,670.0,674.0,0.0,68.1,10.0,Individual,5,High Risk,Manual Review
90249419,32775.0, 60 months,30.99,G,G5,10+ years,MORTGAGE,98000.0,Not Verified,debt_consolidation,TN,31.5,0.0,675.0,679.0,2.0,93.5,46.0,Individual,6,High Risk,Manual Review
90229662,31200.0, 60 months,24.49,E,E3,4 years,MORTGAGE,78550.0,Source Verified,credit_card,TX,33.86,0.0,720.0,724.0,1.0,48.0,43.0,Individual,5,High Risk,Manual Review
90317489,25000.0, 60 months,26.99,F,F3,6 years,MORTGAGE,73000.0,Source Verified,debt_consolidation,TX,33.09,0.0,675.0,679.0,0.0,74.5,26.0,Individual,5,High Risk,Manual Review
90398750,24000.0, 60 months,22.39,E,E1,10+ years,MORTGAGE,84000.0,Not Verified,major_purchase,PA,30.47,0.0,690.0,694.0,0.0,60.9,39.0,Individual,5,High Risk,Manual Review
90397737,14400.0, 60 months,22.39,E,E1,8 years,MORTGAGE,52000.0,Verified,debt_consolidation,PA,37.69,0.0,705.0,709.0,0.0,74.8,35.0,Joint App,5,High Risk,Manual Review
90228071,17275.0, 60 months,24.49,E,E3,10+ years,MORTGAGE,36000.0,Not Verified,credit_card,AL,30.26,0.0,680.0,684.0,0.0,60.1,29.0,Individual,5,High Risk,Manual Review
90396911,36675.0, 60 months,25.29,E,E5,10+ years,MORTGAGE,75000.0,Verified,credit_card,IL,31.78,0.0,710.0,714.0,0.0,75.9,42.0,Individual,5,High Risk,Manual Review
90189161,35000.0, 60 months,25.69,F,F1,10+ years,MORTGAGE,113000.0,Verified,debt_consolidation,NH,26.29,3.0,660.0,664.0,3.0,102.6,25.0,Individual,5,High Risk,Manual Review
90196213,13300.0, 60 months,27.49,F,F4,,RENT,37000.0,Verified,debt_consolidation,CA,20.89,3.0,660.0,664.0,1.0,91.1,26.0,Individual,5,High Risk,Manual Review
90277292,26150.0, 60 months,27.79,F,F5,10+ years,MORTGAGE,77000.0,Verified,debt_consolidation,NE,30.03,1.0,695.0,699.0,1.0,40.6,16.0,Individual,6,High Risk,Manual Review
90289238,28500.0, 60 months,26.49,F,F2,6 years,RENT,62000.0,Source Verified,debt_consolidation,CA,31.91,0.0,670.0,674.0,1.0,63.1,13.0,Individual,5,High Risk,Manual Review
90310423,17100.0, 60 months,25.69,F,F1,8 years,RENT,45000.0,Not Verified,debt_consolidation,TX,31.81,0.0,710.0,714.0,1.0,47.7,23.0,Individual,5,High Risk,Manual Review
90104865,22000.0, 60 months,26.49,F,F2,3 years,RENT,50000.0,Verified,debt_consolidation,CA,30.15,1.0,660.0,664.0,0.0,77.7,34.0,Individual,6,High Risk,Manual Review
90216314,25300.0, 60 months,27.79,F,F5,10+ years,MORTGAGE,70000.0,Not Verified,debt_consolidation,MA,33.34,1.0,705.0,709.0,0.0,65.6,34.0,Individual,6,High Risk,Manual Review
90385664,12000.0, 60 months,26.49,F,F2,3 years,OWN,52000.0,Verified,debt_consolidation,CA,34.29,0.0,715.0,719.0,0.0,32.4,12.0,Individual,5,High Risk,Manual Review
90134677,12850.0, 60 months,25.69,F,F1,,MORTGAGE,36587.0,Verified,credit_card,NV,31.61,0.0,725.0,729.0,2.0,13.3,28.0,Individual,5,High Risk,Manual Review
90386075,12800.0, 60 months,27.79,F,F5,10+ years,RENT,53000.0,Source Verified,debt_consolidation,NY,32.63,0.0,740.0,744.0,0.0,34.1,15.0,Individual,5,High Risk,Manual Review
90269334,14350.0, 36 months,25.69,F,F1,2 years,OWN,49000.0,Source Verified,debt_consolidation,WA,32.45,0.0,675.0,679.0,2.0,64.3,26.0,Individual,5,High Risk,Manual Review
90381353,22225.0, 60 months,25.29,E,E5,4 years,MORTGAGE,60000.0,Not Verified,credit_card,OH,30.7,1.0,700.0,704.0,0.0,26.7,20.0,Individual,6,High Risk,Manual Review
90295543,15000.0, 60 months,26.99,F,F3,5 years,RENT,38000.0,Verified,debt_consolidation,IN,33.24,1.0,660.0,664.0,0.0,75.5,18.0,Individual,6,High Risk,Manual Review
90105486,15000.0, 60 months,25.69,F,F1,4 years,RENT,40000.0,Source Verified,debt_consolidation,VA,28.05,1.0,675.0,679.0,0.0,88.8,16.0,Individual,5,High Risk,Manual Review
90084606,30000.0, 60 months,26.49,F,F2,10+ years,MORTGAGE,100000.0,Not Verified,debt_consolidation,TX,30.13,0.0,720.0,724.0,0.0,71.5,13.0,Individual,5,High Risk,Manual Review
90166247,16000.0, 60 months,27.49,F,F4,10+ years,MORTGAGE,60000.0,Verified,credit_card,MD,32.72,0.0,665.0,669.0,0.0,91.0,11.0,Individual,6,High Risk,Manual Review
88883818,10450.0, 60 months,26.49,F,F2,10+ years,MORTGAGE,69000.0,Verified,debt_consolidation,NC,34.14,0.0,665.0,669.0,1.0,77.0,28.0,Individual,5,High Risk,Manual Review
90287708,30000.0, 60 months,25.69,F,F1,1 year,MORTGAGE,70000.0,Verified,other,LA,34.54,0.0,675.0,679.0,0.0,53.2,23.0,Individual,5,High Risk,Manual Review
90083622,28000.0, 60 months,27.79,F,F5,4 years,MORTGAGE,88000.0,Verified,debt_consolidation,DE,30.07,0.0,720.0,724.0,3.0,21.7,51.0,Individual,5,High Risk,Manual Review
90228919,12000.0, 60 months,25.69,F,F1,1 year,RENT,39000.0,Source Verified,debt_consolidation,GA,34.18,1.0,660.0,664.0,2.0,45.2,35.0,Individual,6,High Risk,Manual Review
90248034,35000.0, 60 months,26.99,F,F3,< 1 year,RENT,225000.0,Verified,debt_consolidation,FL,34.94,0.0,680.0,684.0,0.0,86.4,34.0,Individual,6,High Risk,Manual Review
90269420,15000.0, 60 months,25.29,E,E5,3 years,MORTGAGE,57000.0,Source Verified,credit_card,DE,33.35,0.0,660.0,664.0,3.0,68.8,16.0,Individual,5,High Risk,Manual Review
90156370,35000.0, 60 months,27.49,F,F4,10+ years,MORTGAGE,82000.0,Verified,debt_consolidation,ME,31.22,2.0,665.0,669.0,0.0,83.0,39.0,Individual,7,High Risk,Manual Review
88838394,29500.0, 60 months,25.69,F,F1,10+ years,MORTGAGE,75000.0,Source Verified,home_improvement,AR,28.24,1.0,670.0,674.0,3.0,83.9,16.0,Individual,5,High Risk,Manual Review
90178470,27300.0, 60 months,26.49,F,F2,2 years,RENT,65000.0,Verified,debt_consolidation,CA,32.83,0.0,675.0,679.0,1.0,78.4,39.0,Individual,5,High Risk,Manual Review
88848756,35000.0, 60 months,27.49,F,F4,10+ years,OWN,89000.0,Source Verified,debt_consolidation,IL,33.09,0.0,685.0,689.0,2.0,79.8,31.0,Joint App,5,High Risk,Manual Review
90298805,4000.0, 36 months,25.69,F,F1,10+ years,RENT,35000.0,Verified,other,TX,33.71,0.0,680.0,684.0,0.0,73.4,9.0,Individual,5,High Risk,Manual Review
90327017,15400.0, 60 months,27.79,F,F5,1 year,RENT,35000.0,Verified,debt_consolidation,NC,34.09,0.0,680.0,684.0,0.0,35.8,18.0,Individual,5,High Risk,Manual Review
88889455,17925.0, 60 months,26.99,F,F3,10+ years,MORTGAGE,47200.0,Verified,home_improvement,WI,33.02,0.0,670.0,674.0,3.0,35.2,26.0,Individual,5,High Risk,Manual Review
90127848,16100.0, 60 months,25.69,F,F1,10+ years,OWN,35000.0,Source Verified,credit_card,FL,30.28,0.0,680.0,684.0,1.0,72.6,28.0,Individual,5,High Risk,Manual Review
90196851,12000.0, 60 months,24.99,E,E4,9 years,MORTGAGE,50000.0,Source Verified,debt_consolidation,GA,30.17,4.0,660.0,664.0,0.0,68.5,29.0,Individual,6,High Risk,Manual Review
90238538,30000.0, 60 months,25.69,F,F1,10+ years,OWN,101000.0,Verified,debt_consolidation,FL,30.62,2.0,665.0,669.0,0.0,29.4,35.0,Individual,6,High Risk,Manual Review
90276044,35000.0, 60 months,26.49,F,F2,4 years,RENT,90000.0,Verified,debt_consolidation,NJ,31.79,1.0,660.0,664.0,0.0,63.4,17.0,Individual,6,High Risk,Manual Review
90325390,33600.0, 60 months,26.99,F,F3,10+ years,RENT,80000.0,Verified,debt_consolidation,TX,19.26,3.0,675.0,679.0,0.0,92.1,16.0,Individual,5,High Risk,Manual Review
90230340,17600.0, 36 months,24.49,E,E3,,RENT,40000.0,Not Verified,debt_consolidation,MI,30.57,0.0,675.0,679.0,2.0,40.3,34.0,Individual,5,High Risk,Manual Review
90289205,12250.0, 36 months,26.49,F,F2,6 years,MORTGAGE,45760.0,Verified,debt_consolidation,FL,30.21,0.0,665.0,669.0,0.0,54.0,17.0,Individual,5,High Risk,Manual Review
90174935,40000.0, 60 months,24.99,E,E4,< 1 year,MORTGAGE,120000.0,Verified,debt_consolidation,DC,30.52,0.0,690.0,694.0,0.0,58.6,34.0,Individual,5,High Risk,Manual Review
88881351,9650.0, 36 months,22.39,E,E1,5 years,RENT,60000.0,Source Verified,debt_consolidation,CA,33.7,0.0,730.0,734.0,0.0,58.9,8.0,Individual,5,High Risk,Manual Review
90245730,12800.0, 60 months,25.69,F,F1,10+ years,MORTGAGE,104000.0,Not Verified,debt_consolidation,NJ,31.23,0.0,670.0,674.0,0.0,90.0,27.0,Individual,6,High Risk,Manual Review
89837051,18000.0, 60 months,26.99,F,F3,8 years,MORTGAGE,48000.0,Not Verified,debt_consolidation,PA,32.03,0.0,665.0,669.0,0.0,90.3,25.0,Individual,6,High Risk,Manual Review
90084415,8100.0, 36 months,21.49,D,D5,10+ years,MORTGAGE,58819.2,Verified,other,AZ,34.75,1.0,660.0,664.0,1.0,85.5,27.0,Individual,5,High Risk,Manual Review
90146568,5500.0, 36 months,23.99,E,E2,,RENT,37000.0,Source Verified,debt_consolidation,MD,31.53,0.0,665.0,669.0,1.0,14.0,26.0,Individual,5,High Risk,Manual Review
89907501,21600.0, 60 months,25.29,E,E5,4 years,MORTGAGE,54000.0,Not Verified,debt_consolidation,MS,34.58,0.0,730.0,734.0,0.0,43.0,34.0,Individual,5,High Risk,Manual Review
90179549,12000.0, 60 months,22.39,E,E1,1 year,MORTGAGE,60000.0,Source Verified,debt_consolidation,PA,30.66,0.0,675.0,679.0,1.0,76.8,37.0,Individual,5,High Risk,Manual Review
90055545,19200.0, 60 months,25.69,F,F1,10+ years,MORTGAGE,32000.0,Verified,debt_consolidation,CA,38.03,0.0,660.0,664.0,0.0,82.1,21.0,Joint App,6,High Risk,Manual Review
88899866,13000.0, 60 months,24.49,E,E3,9 years,RENT,54000.0,Verified,debt_consolidation,NY,32.4,0.0,695.0,699.0,1.0,37.3,50.0,Individual,5,High Risk,Manual Review
89958070,17000.0, 60 months,26.49,F,F2,10+ years,RENT,55000.0,Not Verified,credit_card,NH,31.79,0.0,680.0,684.0,0.0,61.3,25.0,Individual,5,High Risk,Manual Review
90187406,10000.0, 60 months,22.39,E,E1,,RENT,38000.0,Verified,debt_consolidation,AR,34.37,0.0,705.0,709.0,2.0,14.6,18.0,Individual,5,High Risk,Manual Review
89005282,4775.0, 36 months,23.99,E,E2,,OWN,19000.0,Verified,debt_consolidation,NC,31.4,0.0,690.0,694.0,0.0,87.8,17.0,Individual,6,High Risk,Manual Review
90308986,19000.0, 60 months,28.18,G,G1,6 years,RENT,38000.0,Verified,debt_consolidation,VA,32.38,0.0,660.0,664.0,1.0,49.1,46.0,Individual,5,High Risk,Manual Review
90117038,35000.0, 36 months,26.49,F,F2,10+ years,RENT,131200.0,Verified,debt_consolidation,CA,31.83,0.0,670.0,674.0,0.0,79.4,51.0,Individual,5,High Risk,Manual Review
90082273,16000.0, 36 months,22.39,E,E1,10+ years,OWN,60000.0,Source Verified,other,NY,32.57,0.0,700.0,704.0,0.0,40.3,13.0,Individual,5,High Risk,Manual Review
90390673,20000.0, 60 months,22.39,E,E1,7 years,MORTGAGE,45500.0,Verified,debt_consolidation,PA,31.13,0.0,680.0,684.0,1.0,53.6,34.0,Individual,5,High Risk,Manual Review
90381584,20000.0, 36 months,22.39,E,E1,2 years,MORTGAGE,49500.0,Verified,debt_consolidation,IN,44.19,0.0,675.0,679.0,2.0,66.1,59.0,Joint App,5,High Risk,Manual Review
90308222,30000.0, 36 months,18.99,D,D3,4 years,RENT,80000.0,Verified,debt_consolidation,TX,32.39,1.0,680.0,684.0,0.0,81.6,29.0,Individual,5,High Risk,Manual Review
90308994,23000.0, 60 months,24.49,E,E3,10+ years,MORTGAGE,46000.0,Verified,debt_consolidation,NY,31.57,0.0,715.0,719.0,1.0,34.6,26.0,Individual,5,High Risk,Manual Review
90154941,22650.0, 60 months,27.49,F,F4,7 years,MORTGAGE,70000.0,Not Verified,debt_consolidation,IL,32.69,0.0,680.0,684.0,0.0,61.8,28.0,Individual,5,High Risk,Manual Review
90188832,20000.0, 60 months,24.49,E,E3,10+ years,MORTGAGE,140000.0,Source Verified,debt_consolidation,OH,16.38,3.0,665.0,669.0,1.0,90.4,32.0,Individual,5,High Risk,Manual Review
90228923,28000.0, 60 months,24.99,E,E4,10+ years,MORTGAGE,75400.0,Not Verified,credit_card,VA,32.15,1.0,680.0,684.0,0.0,74.4,22.0,Individual,6,High Risk,Manual Review
88971918,3075.0, 36 months,22.39,E,E1,4 years,RENT,90000.0,Verified,small_business,AZ,16.27,2.0,675.0,679.0,0.0,83.1,18.0,Individual,5,High Risk,Manual Review
90128706,7500.0, 36 months,23.99,E,E2,3 years,RENT,40000.0,Verified,debt_consolidation,FL,31.37,1.0,660.0,664.0,0.0,54.7,20.0,Individual,6,High Risk,Manual Review
90128557,10725.0, 36 months,22.39,E,E1,10+ years,OWN,62000.0,Source Verified,credit_card,TX,34.65,0.0,660.0,664.0,0.0,69.3,39.0,Individual,5,High Risk,Manual Review
90084089,35000.0, 60 months,24.99,E,E4,10+ years,RENT,80000.0,Verified,debt_consolidation,OR,33.03,0.0,660.0,664.0,0.0,63.8,45.0,Joint App,5,High Risk,Manual Review
90116450,24000.0, 60 months,23.99,E,E2,10+ years,MORTGAGE,75000.0,Verified,other,TX,34.11,1.0,725.0,729.0,2.0,12.3,34.0,Individual,6,High Risk,Manual Review
88999613,24625.0, 60 months,21.49,D,D5,3 years,MORTGAGE,86000.0,Not Verified,debt_consolidation,VA,33.76,1.0,685.0,689.0,0.0,83.6,29.0,Individual,5,High Risk,Manual Review
90383722,35650.0, 36 months,23.99,E,E2,10+ years,RENT,300000.0,Verified,debt_consolidation,NY,24.04,2.0,690.0,694.0,0.0,89.0,23.0,Individual,5,High Risk,Manual Review
90138410,5825.0, 36 months,23.99,E,E2,3 years,RENT,16248.0,Not Verified,debt_consolidation,IL,30.72,0.0,690.0,694.0,0.0,30.1,19.0,Individual,5,High Risk,Manual Review
90387274,14400.0, 36 months,24.99,E,E4,4 years,MORTGAGE,42000.0,Source Verified,debt_consolidation,VT,31.74,0.0,660.0,664.0,1.0,55.2,20.0,Individual,5,High Risk,Manual Review
88838428,14250.0, 36 months,24.49,E,E3,10+ years,MORTGAGE,31000.0,Verified,credit_card,RI,32.28,0.0,710.0,714.0,1.0,30.8,41.0,Individual,5,High Risk,Manual Review
90134497,25975.0, 60 months,25.69,F,F1,8 years,MORTGAGE,71000.0,Not Verified,medical,CO,32.74,0.0,730.0,734.0,1.0,21.4,25.0,Individual,5,High Risk,Manual Review
90146349,3600.0, 36 months,24.49,E,E3,10+ years,MORTGAGE,58000.0,Source Verified,credit_card,CT,30.97,1.0,710.0,714.0,0.0,62.1,41.0,Individual,6,High Risk,Manual Review
90095888,14275.0, 60 months,22.39,E,E1,3 years,MORTGAGE,95000.0,Not Verified,other,MD,32.64,0.0,670.0,674.0,1.0,97.7,31.0,Individual,6,High Risk,Manual Review
88838512,30000.0, 60 months,25.29,E,E5,10+ years,MORTGAGE,80000.0,Verified,debt_consolidation,TX,34.31,0.0,700.0,704.0,1.0,48.5,41.0,Individual,5,High Risk,Manual Review
90340352,10950.0, 36 months,23.99,E,E2,< 1 year,RENT,38000.0,Source Verified,debt_consolidation,UT,30.89,0.0,680.0,684.0,1.0,40.4,32.0,Individual,5,High Risk,Manual Review
90216104,22500.0, 60 months,24.49,E,E3,5 years,MORTGAGE,45000.0,Not Verified,debt_consolidation,IN,30.64,0.0,700.0,704.0,0.0,40.5,16.0,Individual,5,High Risk,Manual Review
89077623,35000.0, 60 months,26.99,F,F3,10+ years,MORTGAGE,109754.0,Verified,debt_consolidation,VA,22.25,4.0,690.0,694.0,0.0,93.7,35.0,Individual,5,High Risk,Manual Review
90274167,28000.0, 60 months,25.29,E,E5,10+ years,MORTGAGE,85000.0,Source Verified,home_improvement,FL,33.08,0.0,690.0,694.0,0.0,64.5,10.0,Individual,5,High Risk,Manual Review
90207573,35000.0, 36 months,23.99,E,E2,< 1 year,RENT,525000.0,Source Verified,debt_consolidation,VA,13.23,3.0,660.0,664.0,0.0,91.7,24.0,Individual,5,High Risk,Manual Review
90304504,7875.0, 36 months,24.99,E,E4,10+ years,MORTGAGE,50000.0,Verified,debt_consolidation,NJ,30.96,0.0,670.0,674.0,3.0,88.3,33.0,Individual,6,High Risk,Manual Review
90176617,6000.0, 36 months,23.99,E,E2,4 years,RENT,22000.0,Verified,other,VA,33.28,0.0,665.0,669.0,0.0,26.8,17.0,Individual,5,High Risk,Manual Review
90205814,16000.0, 60 months,28.88,G,G2,3 years,OWN,95000.0,Source Verified,debt_consolidation,NJ,34.37,0.0,665.0,669.0,1.0,69.3,35.0,Individual,5,High Risk,Manual Review
89864472,9200.0, 36 months,24.99,E,E4,3 years,MORTGAGE,64000.0,Source Verified,debt_consolidation,NM,34.86,0.0,690.0,694.0,1.0,62.4,27.0,Individual,5,High Risk,Manual Review
89078794,25000.0, 60 months,24.99,E,E4,10+ years,MORTGAGE,71852.0,Not Verified,debt_consolidation,AZ,30.7,0.0,685.0,689.0,0.0,63.0,19.0,Individual,5,High Risk,Manual Review
88998831,25000.0, 60 months,24.99,E,E4,3 years,RENT,50616.0,Verified,credit_card,TN,31.23,0.0,710.0,714.0,3.0,37.7,21.0,Individual,5,High Risk,Manual Review
90287050,14000.0, 60 months,22.39,E,E1,< 1 year,RENT,42000.0,Source Verified,other,NY,31.51,1.0,710.0,714.0,1.0,33.1,20.0,Individual,6,High Risk,Manual Review
90297247,19200.0, 60 months,24.99,E,E4,10+ years,OWN,160000.0,Source Verified,home_improvement,MD,30.81,2.0,670.0,674.0,0.0,82.2,36.0,Individual,7,High Risk,Manual Review
90276406,13000.0, 60 months,24.99,E,E4,3 years,MORTGAGE,102500.0,Source Verified,debt_consolidation,GA,33.96,0.0,660.0,664.0,0.0,95.0,31.0,Individual,6,High Risk,Manual Review
90136012,15000.0, 60 months,24.99,E,E4,1 year,OWN,60000.0,Source Verified,home_improvement,LA,30.63,3.0,680.0,684.0,0.0,52.1,23.0,Individual,6,High Risk,Manual Review
90236584,21225.0, 60 months,24.49,E,E3,10+ years,MORTGAGE,89900.0,Source Verified,debt_consolidation,MN,34.31,0.0,695.0,699.0,2.0,46.7,21.0,Individual,5,High Risk,Manual Review
90234586,20175.0, 60 months,28.88,G,G2,2 years,RENT,65000.0,Source Verified,debt_consolidation,CA,30.94,2.0,670.0,674.0,0.0,50.7,27.0,Individual,6,High Risk,Manual Review
89787926,36000.0, 60 months,28.88,G,G2,10+ years,MORTGAGE,79900.0,Verified,credit_card,TX,30.78,0.0,680.0,684.0,0.0,67.1,39.0,Individual,5,High Risk,Manual Review
90297374,19600.0, 60 months,24.99,E,E4,10+ years,MORTGAGE,75000.0,Not Verified,credit_card,IN,30.85,0.0,695.0,699.0,1.0,39.0,35.0,Individual,5,High Risk,Manual Review
89848918,25000.0, 36 months,22.39,E,E1,7 years,MORTGAGE,56000.0,Verified,debt_consolidation,NJ,30.93,0.0,665.0,669.0,0.0,20.4,18.0,Individual,5,High Risk,Manual Review
90194919,40000.0, 60 months,22.39,E,E1,10+ years,MORTGAGE,118000.0,Verified,debt_consolidation,TN,30.42,1.0,685.0,689.0,0.0,65.9,36.0,Individual,6,High Risk,Manual Review
90305462,15200.0, 60 months,28.88,G,G2,10+ years,RENT,59429.01,Source Verified,debt_consolidation,MA,33.02,0.0,660.0,664.0,2.0,64.7,34.0,Individual,5,High Risk,Manual Review
88866890,14325.0, 36 months,25.69,F,F1,10+ years,RENT,36000.0,Verified,debt_consolidation,FL,32.17,0.0,670.0,674.0,1.0,28.0,19.0,Individual,5,High Risk,Manual Review
90325265,1500.0, 36 months,22.39,E,E1,1 year,RENT,39000.0,Source Verified,other,NE,30.89,0.0,685.0,689.0,2.0,29.8,28.0,Individual,5,High Risk,Manual Review
89837781,20875.0, 60 months,25.69,F,F1,3 years,MORTGAGE,118350.0,Source Verified,debt_consolidation,TX,34.24,0.0,700.0,704.0,1.0,96.5,22.0,Individual,6,High Risk,Manual Review
90124271,18225.0, 36 months,25.69,F,F1,10+ years,OWN,48000.0,Verified,debt_consolidation,GA,34.48,0.0,665.0,669.0,2.0,72.3,23.0,Individual,5,High Risk,Manual Review
90317156,23000.0, 36 months,23.99,E,E2,10+ years,RENT,49000.0,Source Verified,debt_consolidation,KS,34.36,0.0,690.0,694.0,2.0,71.4,21.0,Individual,5,High Risk,Manual Review
89865201,20000.0, 60 months,22.39,E,E1,4 years,MORTGAGE,61000.0,Verified,debt_consolidation,GA,22.39,1.0,670.0,674.0,0.0,85.0,19.0,Individual,5,High Risk,Manual Review
90091553,15000.0, 36 months,22.39,E,E1,5 years,MORTGAGE,65000.0,Source Verified,debt_consolidation,TX,31.91,0.0,660.0,664.0,0.0,64.1,17.0,Individual,5,High Risk,Manual Review
90134579,8000.0, 36 months,23.99,E,E2,3 years,OWN,35000.0,Verified,other,TX,31.82,1.0,695.0,699.0,0.0,29.2,11.0,Individual,6,High Risk,Manual Review
89918102,35000.0, 60 months,24.99,E,E4,2 years,MORTGAGE,83000.0,Verified,medical,TX,31.52,0.0,660.0,664.0,1.0,81.6,32.0,Individual,6,High Risk,Manual Review
88902432,18000.0, 60 months,25.69,F,F1,3 years,MORTGAGE,70000.0,Source Verified,debt_consolidation,PA,34.83,0.0,710.0,714.0,4.0,31.1,78.0,Individual,5,High Risk,Manual Review
90244932,15000.0, 60 months,24.99,E,E4,1 year,RENT,60000.0,Source Verified,debt_consolidation,IN,33.44,0.0,675.0,679.0,2.0,56.5,42.0,Individual,5,High Risk,Manual Review
89885352,5600.0, 36 months,22.39,E,E1,10+ years,MORTGAGE,62000.0,Verified,debt_consolidation,NV,32.11,0.0,685.0,689.0,2.0,33.0,45.0,Individual,5,High Risk,Manual Review
89789480,19750.0, 36 months,25.29,E,E5,,OWN,52000.0,Not Verified,debt_consolidation,NY,30.14,1.0,705.0,709.0,2.0,33.8,44.0,Individual,6,High Risk,Manual Review
89987717,8500.0, 36 months,26.49,F,F2,,RENT,25000.0,Verified,debt_consolidation,AR,34.52,0.0,690.0,694.0,0.0,38.1,25.0,Individual,5,High Risk,Manual Review
90295651,2250.0, 36 months,25.29,E,E5,10+ years,RENT,61570.0,Source Verified,major_purchase,FL,34.58,0.0,665.0,669.0,0.0,89.9,25.0,Individual,6,High Risk,Manual Review
90264976,11200.0, 60 months,24.99,E,E4,5 years,RENT,34000.0,Source Verified,debt_consolidation,NC,32.19,0.0,720.0,724.0,0.0,35.7,13.0,Individual,5,High Risk,Manual Review
90304215,18500.0, 60 months,28.88,G,G2,2 years,OWN,45000.0,Source Verified,debt_consolidation,IL,32.53,1.0,705.0,709.0,0.0,9.0,23.0,Individual,6,High Risk,Manual Review
90266300,25350.0, 60 months,24.49,E,E3,9 years,RENT,72000.0,Not Verified,debt_consolidation,CA,32.98,0.0,675.0,679.0,1.0,44.5,25.0,Individual,5,High Risk,Manual Review
89875075,20000.0, 60 months,22.39,E,E1,8 years,MORTGAGE,75000.0,Not Verified,debt_consolidation,WI,30.14,1.0,675.0,679.0,0.0,84.9,31.0,Individual,7,High Risk,Manual Review
89868762,2000.0, 36 months,22.39,E,E1,1 year,MORTGAGE,78000.0,Verified,other,NY,31.97,0.0,675.0,679.0,4.0,66.6,26.0,Individual,5,High Risk,Manual Review
88935369,24000.0, 36 months,22.39,E,E1,< 1 year,MORTGAGE,48000.0,Verified,debt_consolidation,PA,30.7,0.0,660.0,664.0,0.0,47.4,24.0,Individual,5,High Risk,Manual Review
89806671,14875.0, 60 months,26.99,F,F3,5 years,RENT,105800.0,Not Verified,credit_card,GA,33.33,1.0,660.0,664.0,1.0,80.7,22.0,Individual,7,High Risk,Manual Review
89788823,7900.0, 36 months,24.49,E,E3,2 years,RENT,52000.0,Verified,debt_consolidation,NY,30.05,0.0,675.0,679.0,0.0,81.5,17.0,Individual,6,High Risk,Manual Review
89905020,16000.0, 60 months,26.99,F,F3,4 years,RENT,50000.0,Verified,debt_consolidation,UT,32.19,0.0,660.0,664.0,1.0,49.7,18.0,Individual,5,High Risk,Manual Review
89999167,11675.0, 36 months,24.99,E,E4,10+ years,OWN,51000.0,Verified,home_improvement,NY,30.64,4.0,670.0,674.0,1.0,54.0,24.0,Individual,6,High Risk,Manual Review
90060493,15000.0, 36 months,23.99,E,E2,1 year,MORTGAGE,60000.0,Source Verified,debt_consolidation,FL,33.26,0.0,660.0,664.0,1.0,66.7,23.0,Individual,5,High Risk,Manual Review
88922132,18125.0, 60 months,23.99,E,E2,6 years,MORTGAGE,80000.0,Not Verified,credit_card,CT,30.22,0.0,740.0,744.0,2.0,42.8,41.0,Individual,5,High Risk,Manual Review
89819063,24700.0, 60 months,25.29,E,E5,2 years,MORTGAGE,68000.0,Verified,debt_consolidation,TN,34.71,0.0,665.0,669.0,0.0,61.1,25.0,Individual,5,High Risk,Manual Review
89778463,15000.0, 60 months,26.49,F,F2,10+ years,MORTGAGE,75000.0,Source Verified,debt_consolidation,GA,32.72,0.0,660.0,664.0,2.0,82.7,38.0,Individual,6,High Risk,Manual Review
89928617,16000.0, 60 months,25.29,E,E5,< 1 year,MORTGAGE,45000.0,Verified,other,TX,32.99,1.0,675.0,679.0,0.0,30.1,9.0,Individual,6,High Risk,Manual Review
89815657,18000.0, 60 months,27.49,F,F4,2 years,MORTGAGE,157000.0,Verified,debt_consolidation,NV,30.28,0.0,660.0,664.0,1.0,95.3,26.0,Individual,6,High Risk,Manual Review
88938986,11200.0, 60 months,25.69,F,F1,4 years,MORTGAGE,62500.0,Verified,debt_consolidation,TN,32.78,1.0,665.0,669.0,3.0,44.0,32.0,Individual,6,High Risk,Manual Review
89805467,19775.0, 36 months,22.39,E,E1,9 years,MORTGAGE,72000.0,Source Verified,debt_consolidation,KY,34.83,0.0,720.0,724.0,0.0,76.2,23.0,Individual,5,High Risk,Manual Review
90324226,11900.0, 36 months,17.99,D,D2,10+ years,MORTGAGE,85000.0,Not Verified,debt_consolidation,CA,30.32,1.0,670.0,674.0,1.0,91.7,14.0,Individual,5,High Risk,Manual Review
89764831,12000.0, 60 months,27.79,F,F5,3 years,MORTGAGE,40000.0,Verified,debt_consolidation,VA,30.57,0.0,675.0,679.0,0.0,69.4,22.0,Individual,5,High Risk,Manual Review
90134977,30000.0, 60 months,25.29,E,E5,7 years,MORTGAGE,86700.0,Source Verified,debt_consolidation,FL,31.2,0.0,720.0,724.0,2.0,25.2,28.0,Individual,5,High Risk,Manual Review
89894844,40000.0, 60 months,27.49,F,F4,4 years,RENT,110000.0,Verified,debt_consolidation,NV,30.83,0.0,705.0,709.0,1.0,31.8,32.0,Individual,5,High Risk,Manual Review
90091543,20000.0, 60 months,24.49,E,E3,10+ years,MORTGAGE,90060.0,Not Verified,credit_card,OH,32.38,0.0,695.0,699.0,3.0,36.6,31.0,Individual,5,High Risk,Manual Review
89077168,40000.0, 60 months,22.39,E,E1,2 years,MORTGAGE,107000.0,Verified,credit_card,TX,31.06,0.0,705.0,709.0,0.0,72.8,50.0,Individual,5,High Risk,Manual Review
88224282,28000.0, 60 months,22.39,E,E1,10+ years,MORTGAGE,130000.0,Not Verified,debt_consolidation,FL,31.94,1.0,685.0,689.0,0.0,78.6,32.0,Individual,6,High Risk,Manual Review
89777042,4000.0, 36 months,15.59,C,C5,1 year,RENT,20400.0,Verified,debt_consolidation,NY,32.94,1.0,670.0,674.0,0.0,80.6,10.0,Individual,5,High Risk,Manual Review
89997450,16000.0, 60 months,22.39,E,E1,10+ years,MORTGAGE,76000.0,Source Verified,debt_consolidation,PA,32.66,1.0,675.0,679.0,0.0,56.8,57.0,Individual,6,High Risk,Manual Review
90015807,4000.0, 36 months,27.49,F,F4,10+ years,RENT,63000.0,Not Verified,moving,FL,24.76,1.0,660.0,664.0,0.0,91.2,24.0,Joint App,5,High Risk,Manual Review
89975730,12600.0, 60 months,22.39,E,E1,10+ years,RENT,39000.0,Not Verified,credit_card,MA,32.37,1.0,680.0,684.0,1.0,36.5,45.0,Individual,6,High Risk,Manual Review
89067451,15000.0, 60 months,25.69,F,F1,10+ years,MORTGAGE,41000.0,Source Verified,debt_consolidation,FL,30.59,0.0,685.0,689.0,0.0,54.4,21.0,Individual,5,High Risk,Manual Review
88899536,4725.0, 36 months,23.99,E,E2,8 years,MORTGAGE,70000.0,Source Verified,home_improvement,SC,3.05,1.0,660.0,664.0,0.0,90.7,48.0,Individual,5,High Risk,Manual Review
90059144,12000.0, 60 months,24.99,E,E4,10+ years,RENT,40000.0,Source Verified,debt_consolidation,NJ,33.87,0.0,715.0,719.0,0.0,21.7,17.0,Joint App,5,High Risk,Manual Review
89958113,15000.0, 60 months,25.29,E,E5,4 years,MORTGAGE,36171.0,Source Verified,credit_card,KS,33.01,0.0,695.0,699.0,0.0,32.6,22.0,Individual,5,High Risk,Manual Review
89859383,23800.0, 36 months,26.49,F,F2,< 1 year,RENT,60000.0,Source Verified,debt_consolidation,NY,32.8,1.0,670.0,674.0,0.0,41.5,36.0,Individual,6,High Risk,Manual Review
89829299,24000.0, 36 months,22.39,E,E1,< 1 year,MORTGAGE,68500.0,Source Verified,credit_card,OH,30.15,0.0,660.0,664.0,1.0,74.2,28.0,Individual,5,High Risk,Manual Review
89778865,24550.0, 60 months,24.99,E,E4,3 years,OWN,59000.0,Verified,other,KY,34.09,0.0,700.0,704.0,0.0,66.0,16.0,Individual,5,High Risk,Manual Review
89817576,10000.0, 36 months,29.96,G,G4,10+ years,RENT,40000.0,Source Verified,other,FL,30.6,0.0,660.0,664.0,2.0,58.2,10.0,Individual,5,High Risk,Manual Review
90030755,24000.0, 60 months,24.49,E,E3,10+ years,MORTGAGE,94000.0,Verified,debt_consolidation,OR,32.63,0.0,705.0,709.0,0.0,56.1,56.0,Individual,5,High Risk,Manual Review
89845992,14400.0, 36 months,16.99,D,D1,4 years,MORTGAGE,68000.0,Source Verified,credit_card,OK,34.22,1.0,665.0,669.0,1.0,83.1,30.0,Individual,5,High Risk,Manual Review
89925277,4150.0, 36 months,23.99,E,E2,10+ years,MORTGAGE,29500.0,Verified,debt_consolidation,SC,33.65,0.0,665.0,669.0,3.0,77.0,7.0,Individual,5,High Risk,Manual Review
89945418,16000.0, 60 months,23.99,E,E2,1 year,RENT,53000.0,Verified,debt_consolidation,NC,30.03,0.0,690.0,694.0,1.0,31.4,18.0,Individual,5,High Risk,Manual Review
89905244,27000.0, 60 months,22.39,E,E1,8 years,RENT,75000.0,Verified,debt_consolidation,NC,32.82,0.0,720.0,724.0,0.0,51.0,26.0,Individual,5,High Risk,Manual Review
89778290,21425.0, 60 months,28.88,G,G2,10+ years,OWN,60000.0,Verified,debt_consolidation,TX,32.07,0.0,675.0,679.0,1.0,49.8,48.0,Individual,5,High Risk,Manual Review
90029935,19200.0, 60 months,22.39,E,E1,10+ years,MORTGAGE,52000.0,Not Verified,debt_consolidation,IL,31.3,0.0,690.0,694.0,0.0,23.5,78.0,Individual,5,High Risk,Manual Review
88778947,15400.0, 60 months,25.69,F,F1,4 years,RENT,35000.0,Source Verified,other,MA,30.25,0.0,725.0,729.0,0.0,53.7,13.0,Individual,5,High Risk,Manual Review
89896370,12125.0, 36 months,28.88,G,G2,1 year,OWN,50000.0,Verified,debt_consolidation,TX,34.76,0.0,695.0,699.0,2.0,94.1,34.0,Individual,6,High Risk,Manual Review
89906161,3500.0, 36 months,23.99,E,E2,< 1 year,RENT,20976.0,Verified,major_purchase,RI,31.64,0.0,665.0,669.0,1.0,86.3,22.0,Individual,6,High Risk,Manual Review
90014428,14000.0, 60 months,26.99,F,F3,1 year,MORTGAGE,72434.0,Verified,debt_consolidation,CT,33.48,0.0,670.0,674.0,1.0,64.1,21.0,Individual,5,High Risk,Manual Review
90031693,7525.0, 36 months,25.29,E,E5,9 years,OWN,87500.0,Source Verified,credit_card,CA,31.18,0.0,680.0,684.0,0.0,87.7,25.0,Individual,6,High Risk,Manual Review
89049409,20000.0, 60 months,24.99,E,E4,9 years,MORTGAGE,70000.0,Not Verified,debt_consolidation,VT,30.5,0.0,695.0,699.0,0.0,43.1,78.0,Individual,5,High Risk,Manual Review
89067259,26025.0, 60 months,24.99,E,E4,10+ years,MORTGAGE,62000.0,Source Verified,debt_consolidation,MD,18.66,1.0,675.0,679.0,0.0,85.1,24.0,Individual,5,High Risk,Manual Review
89937473,6050.0, 36 months,26.49,F,F2,10+ years,MORTGAGE,84000.0,Verified,home_improvement,GA,33.39,0.0,670.0,674.0,2.0,50.5,32.0,Individual,5,High Risk,Manual Review
89794347,15950.0, 36 months,27.49,F,F4,3 years,RENT,33500.0,Verified,debt_consolidation,AR,34.18,0.0,665.0,669.0,0.0,62.6,12.0,Individual,5,High Risk,Manual Review
89905708,12000.0, 60 months,24.49,E,E3,9 years,RENT,58800.0,Not Verified,other,CA,31.14,0.0,690.0,694.0,1.0,43.5,39.0,Individual,5,High Risk,Manual Review
89964491,10500.0, 36 months,25.29,E,E5,< 1 year,RENT,35000.0,Verified,debt_consolidation,HI,23.32,1.0,665.0,669.0,0.0,97.1,23.0,Individual,5,High Risk,Manual Review
88928852,25200.0, 60 months,26.99,F,F3,6 years,MORTGAGE,60000.0,Verified,debt_consolidation,CA,34.68,7.0,660.0,664.0,0.0,36.2,56.0,Individual,6,High Risk,Manual Review
89836063,8000.0, 36 months,17.99,D,D2,10+ years,MORTGAGE,66864.0,Source Verified,credit_card,TX,33.74,2.0,665.0,669.0,1.0,91.6,25.0,Individual,5,High Risk,Manual Review
88911188,24000.0, 60 months,26.49,F,F2,5 years,MORTGAGE,72000.0,Verified,debt_consolidation,FL,32.27,0.0,665.0,669.0,2.0,81.2,24.0,Joint App,6,High Risk,Manual Review
89077167,5600.0, 36 months,22.39,E,E1,,MORTGAGE,20000.0,Verified,debt_consolidation,OK,34.57,0.0,660.0,664.0,1.0,50.1,17.0,Individual,5,High Risk,Manual Review
90008427,10000.0, 60 months,24.99,E,E4,10+ years,MORTGAGE,115000.0,Source Verified,debt_consolidation,NY,5.72,1.0,665.0,669.0,1.0,99.5,8.0,Individual,5,High Risk,Manual Review
89987111,7175.0, 36 months,22.39,E,E1,3 years,OWN,40000.0,Verified,debt_consolidation,MD,33.9,1.0,690.0,694.0,1.0,4.3,31.0,Individual,6,High Risk,Manual Review
89794725,11500.0, 60 months,22.39,E,E1,10+ years,MORTGAGE,85000.0,Verified,debt_consolidation,WA,18.98,1.0,665.0,669.0,1.0,94.7,19.0,Individual,5,High Risk,Manual Review
88846295,12000.0, 60 months,26.49,F,F2,9 years,MORTGAGE,70000.0,Source Verified,debt_consolidation,MD,34.41,0.0,690.0,694.0,0.0,63.0,16.0,Individual,5,High Risk,Manual Review
88216053,10075.0, 60 months,25.29,E,E5,10+ years,MORTGAGE,40000.0,Source Verified,debt_consolidation,FL,31.08,0.0,670.0,674.0,0.0,50.2,38.0,Individual,5,High Risk,Manual Review
88827760,35000.0, 60 months,30.99,G,G5,10+ years,MORTGAGE,120000.0,Verified,debt_consolidation,GA,34.03,1.0,665.0,669.0,1.0,56.2,34.0,Individual,6,High Risk,Manual Review
89975357,16000.0, 60 months,24.49,E,E3,< 1 year,OWN,42000.0,Verified,debt_consolidation,CO,33.37,0.0,660.0,664.0,1.0,67.0,24.0,Individual,5,High Risk,Manual Review
88884178,16125.0, 60 months,24.49,E,E3,4 years,RENT,58000.0,Source Verified,debt_consolidation,TX,34.93,0.0,730.0,734.0,0.0,31.4,34.0,Individual,5,High Risk,Manual Review
89826036,20950.0, 60 months,28.88,G,G2,10+ years,MORTGAGE,113000.0,Not Verified,debt_consolidation,CA,34.38,0.0,730.0,734.0,0.0,34.0,31.0,Individual,5,High Risk,Manual Review
89857931,15000.0, 60 months,22.39,E,E1,10+ years,MORTGAGE,48000.0,Not Verified,credit_card,CA,34.73,0.0,660.0,664.0,0.0,66.7,22.0,Individual,5,High Risk,Manual Review
89784896,30000.0, 60 months,24.99,E,E4,1 year,RENT,85500.0,Source Verified,debt_consolidation,NV,31.48,0.0,675.0,679.0,0.0,78.3,51.0,Individual,5,High Risk,Manual Review
88827052,35000.0, 60 months,30.99,G,G5,10+ years,MORTGAGE,90000.0,Verified,small_business,PA,33.91,0.0,665.0,669.0,0.0,85.2,31.0,Individual,6,High Risk,Manual Review
89905223,35000.0, 60 months,22.39,E,E1,< 1 year,RENT,72000.0,Source Verified,debt_consolidation,TX,31.85,0.0,685.0,689.0,1.0,42.1,36.0,Individual,5,High Risk,Manual Review
89805819,10075.0, 60 months,28.88,G,G2,9 years,MORTGAGE,60000.0,Source Verified,debt_consolidation,MA,31.86,0.0,690.0,694.0,1.0,82.8,20.0,Individual,6,High Risk,Manual Review
89775561,15075.0, 36 months,22.39,E,E1,2 years,RENT,72000.0,Verified,debt_consolidation,CA,32.18,1.0,675.0,679.0,0.0,43.0,30.0,Individual,6,High Risk,Manual Review
88960088,35000.0, 60 months,27.49,F,F4,2 years,MORTGAGE,160000.0,Verified,debt_consolidation,NY,21.43,2.0,670.0,674.0,2.0,86.0,26.0,Individual,5,High Risk,Manual Review
89884836,35000.0, 60 months,22.39,E,E1,2 years,MORTGAGE,118000.0,Verified,debt_consolidation,IL,30.83,1.0,670.0,674.0,0.0,54.0,34.0,Individual,6,High Risk,Manual Review
89895362,35000.0, 36 months,26.99,F,F3,10+ years,RENT,95340.44,Verified,debt_consolidation,NY,30.27,0.0,730.0,734.0,0.0,91.0,18.0,Individual,6,High Risk,Manual Review
89633407,7800.0, 36 months,22.39,E,E1,,RENT,29736.0,Verified,debt_consolidation,CA,33.86,0.0,660.0,664.0,0.0,62.5,17.0,Individual,5,High Risk,Manual Review
89926362,25125.0, 60 months,30.99,G,G5,3 years,OWN,95000.0,Not Verified,credit_card,AZ,34.96,1.0,665.0,669.0,0.0,53.4,28.0,Individual,6,High Risk,Manual Review
90028232,12525.0, 60 months,26.99,F,F3,2 years,RENT,55000.0,Not Verified,debt_consolidation,CO,30.24,0.0,675.0,679.0,1.0,71.3,15.0,Individual,5,High Risk,Manual Review
88907449,18550.0, 36 months,24.99,E,E4,10+ years,RENT,75000.0,Source Verified,debt_consolidation,NJ,33.24,0.0,690.0,694.0,0.0,99.1,17.0,Individual,6,High Risk,Manual Review
89795424,7500.0, 36 months,23.99,E,E2,5 years,MORTGAGE,142000.0,Verified,home_improvement,OH,31.44,0.0,670.0,674.0,1.0,48.0,22.0,Individual,5,High Risk,Manual Review
89944127,2225.0, 36 months,25.69,F,F1,,RENT,7900.0,Verified,debt_consolidation,CA,34.65,0.0,670.0,674.0,0.0,46.0,8.0,Individual,5,High Risk,Manual Review
89917295,22000.0, 60 months,24.99,E,E4,5 years,RENT,61000.0,Source Verified,debt_consolidation,SC,34.13,0.0,670.0,674.0,0.0,76.6,25.0,Individual,5,High Risk,Manual Review
88869658,33600.0, 60 months,25.69,F,F1,3 years,MORTGAGE,80000.0,Verified,debt_consolidation,TX,30.12,0.0,685.0,689.0,1.0,74.0,30.0,Individual,5,High Risk,Manual Review
88958068,11100.0, 36 months,25.29,E,E5,4 years,OWN,60000.0,Verified,debt_consolidation,FL,30.17,0.0,660.0,664.0,1.0,87.1,25.0,Individual,6,High Risk,Manual Review
89034759,25000.0, 60 months,24.49,E,E3,10+ years,MORTGAGE,150000.0,Verified,debt_consolidation,MD,22.34,1.0,675.0,679.0,0.0,94.3,37.0,Individual,5,High Risk,Manual Review
89924777,1400.0, 36 months,23.99,E,E2,10+ years,OWN,65000.0,Source Verified,other,PA,34.61,0.0,705.0,709.0,0.0,92.8,20.0,Individual,6,High Risk,Manual Review
89413123,35000.0, 36 months,26.49,F,F2,,RENT,92000.0,Verified,debt_consolidation,NY,34.75,0.0,660.0,664.0,0.0,92.9,29.0,Individual,6,High Risk,Manual Review
88786546,15125.0, 36 months,28.88,G,G2,9 years,RENT,60000.0,Verified,other,VA,32.1,0.0,705.0,709.0,3.0,0.0,28.0,Individual,5,High Risk,Manual Review
90005237,30000.0, 60 months,29.96,G,G4,10+ years,RENT,125000.0,Verified,debt_consolidation,TX,24.4,1.0,660.0,664.0,3.0,89.0,19.0,Individual,5,High Risk,Manual Review
89994755,11200.0, 60 months,24.99,E,E4,9 years,RENT,50000.0,Verified,debt_consolidation,FL,34.57,0.0,670.0,674.0,1.0,66.5,23.0,Individual,5,High Risk,Manual Review
88939898,18475.0, 60 months,27.79,F,F5,10+ years,RENT,42000.0,Verified,debt_consolidation,NC,32.06,1.0,670.0,674.0,1.0,79.0,25.0,Individual,6,High Risk,Manual Review
88889859,12000.0, 60 months,22.39,E,E1,2 years,RENT,42000.0,Source Verified,debt_consolidation,AZ,29.77,2.0,660.0,664.0,0.0,83.6,20.0,Individual,5,High Risk,Manual Review
88948231,24825.0, 36 months,26.49,F,F2,7 years,MORTGAGE,54000.0,Verified,credit_card,CA,30.89,0.0,660.0,664.0,1.0,72.0,30.0,Individual,5,High Risk,Manual Review
89036072,16000.0, 60 months,24.99,E,E4,10+ years,MORTGAGE,67600.0,Source Verified,debt_consolidation,CA,32.86,0.0,700.0,704.0,0.0,70.8,15.0,Individual,5,High Risk,Manual Review
89423192,21500.0, 60 months,26.99,F,F3,10+ years,MORTGAGE,43000.0,Not Verified,home_improvement,CT,30.75,0.0,680.0,684.0,1.0,72.0,12.0,Individual,5,High Risk,Manual Review
89796934,20000.0, 60 months,25.29,E,E5,10+ years,MORTGAGE,54700.0,Verified,debt_consolidation,TN,31.99,0.0,675.0,679.0,1.0,30.1,30.0,Individual,5,High Risk,Manual Review
88907626,27125.0, 60 months,28.18,G,G1,2 years,RENT,70000.0,Verified,debt_consolidation,LA,33.43,1.0,680.0,684.0,0.0,57.0,24.0,Individual,6,High Risk,Manual Review
89603639,10000.0, 36 months,22.39,E,E1,,MORTGAGE,60000.0,Not Verified,debt_consolidation,CA,33.4,1.0,725.0,729.0,0.0,15.8,36.0,Individual,6,High Risk,Manual Review
88893424,12000.0, 60 months,24.99,E,E4,10+ years,MORTGAGE,75000.0,Not Verified,debt_consolidation,CA,19.95,2.0,660.0,664.0,0.0,98.7,19.0,Individual,5,High Risk,Manual Review
89916186,14550.0, 36 months,25.29,E,E5,10+ years,MORTGAGE,55000.0,Source Verified,debt_consolidation,WI,34.56,0.0,710.0,714.0,0.0,41.5,28.0,Individual,5,High Risk,Manual Review
89038065,12000.0, 60 months,24.49,E,E3,3 years,MORTGAGE,54000.0,Source Verified,credit_card,SD,25.89,3.0,660.0,664.0,1.0,81.6,50.0,Individual,5,High Risk,Manual Review
89052186,15850.0, 36 months,17.99,D,D2,9 years,RENT,31720.0,Source Verified,debt_consolidation,NY,32.2,1.0,675.0,679.0,0.0,86.6,23.0,Individual,5,High Risk,Manual Review
88984372,15000.0, 60 months,25.29,E,E5,,RENT,38000.0,Not Verified,debt_consolidation,AK,30.54,0.0,705.0,709.0,2.0,74.6,14.0,Individual,5,High Risk,Manual Review
88734497,10000.0, 36 months,22.39,E,E1,2 years,OWN,72100.0,Source Verified,debt_consolidation,PA,33.9,0.0,740.0,744.0,3.0,8.1,22.0,Individual,5,High Risk,Manual Review
89623611,5000.0, 36 months,24.49,E,E3,,MORTGAGE,27000.0,Verified,home_improvement,GA,30.98,0.0,670.0,674.0,1.0,17.1,24.0,Individual,5,High Risk,Manual Review
88767960,12000.0, 60 months,22.39,E,E1,10+ years,MORTGAGE,73000.0,Source Verified,other,KY,15.74,1.0,665.0,669.0,0.0,81.5,18.0,Individual,5,High Risk,Manual Review
88911822,4425.0, 36 months,24.49,E,E3,10+ years,MORTGAGE,40000.0,Verified,debt_consolidation,MS,31.18,0.0,690.0,694.0,0.0,66.2,21.0,Individual,5,High Risk,Manual Review
89613406,11075.0, 36 months,19.99,D,D4,10+ years,MORTGAGE,56000.0,Not Verified,debt_consolidation,CT,31.82,3.0,660.0,664.0,0.0,84.9,23.0,Individual,5,High Risk,Manual Review
89904402,15000.0, 36 months,23.99,E,E2,10+ years,MORTGAGE,50937.0,Source Verified,debt_consolidation,CA,33.12,0.0,665.0,669.0,0.0,89.3,25.0,Individual,6,High Risk,Manual Review
89996911,30000.0, 36 months,24.99,E,E4,10+ years,MORTGAGE,120000.0,Verified,debt_consolidation,TN,32.66,0.0,685.0,689.0,1.0,81.5,47.0,Individual,6,High Risk,Manual Review
89035136,9500.0, 36 months,27.49,F,F4,1 year,RENT,33000.0,Source Verified,debt_consolidation,FL,32.15,0.0,710.0,714.0,0.0,63.5,17.0,Individual,5,High Risk,Manual Review
88979294,18200.0, 60 months,28.88,G,G2,6 years,RENT,51000.0,Verified,other,KS,34.21,0.0,685.0,689.0,1.0,51.8,11.0,Individual,5,High Risk,Manual Review
88946753,13375.0, 60 months,26.99,F,F3,5 years,MORTGAGE,82000.0,Verified,credit_card,CT,33.37,1.0,665.0,669.0,1.0,45.1,74.0,Individual,6,High Risk,Manual Review
88870017,12000.0, 36 months,22.39,E,E1,9 years,RENT,30000.0,Source Verified,debt_consolidation,KS,30.99,0.0,670.0,674.0,2.0,50.5,17.0,Individual,5,High Risk,Manual Review
88224345,12000.0, 36 months,28.18,G,G1,,RENT,37522.0,Verified,credit_card,NY,30.68,0.0,670.0,674.0,0.0,84.0,25.0,Individual,6,High Risk,Manual Review
88899290,12400.0, 60 months,24.99,E,E4,10+ years,OWN,56000.0,Source Verified,credit_card,CO,30.95,0.0,710.0,714.0,1.0,54.5,42.0,Individual,5,High Risk,Manual Review
89986773,30000.0, 36 months,22.39,E,E1,3 years,RENT,103000.0,Verified,debt_consolidation,NY,30.87,0.0,680.0,684.0,2.0,54.3,24.0,Individual,5,High Risk,Manual Review
88944049,15700.0, 60 months,28.88,G,G2,8 years,RENT,60000.0,Verified,debt_consolidation,TN,16.84,2.0,660.0,664.0,0.0,82.0,14.0,Individual,5,High Risk,Manual Review
88908224,16775.0, 60 months,24.49,E,E3,10+ years,OWN,42000.0,Source Verified,debt_consolidation,MI,31.6,0.0,665.0,669.0,0.0,64.0,26.0,Individual,5,High Risk,Manual Review
89049190,5825.0, 36 months,24.49,E,E3,< 1 year,MORTGAGE,40000.0,Source Verified,debt_consolidation,TX,31.47,0.0,735.0,739.0,0.0,16.2,10.0,Individual,5,High Risk,Manual Review
88223633,23100.0, 60 months,22.39,E,E1,10+ years,MORTGAGE,55000.0,Verified,debt_consolidation,NJ,15.4,1.0,675.0,679.0,0.0,86.7,20.0,Individual,5,High Risk,Manual Review
88877702,30000.0, 60 months,26.49,F,F2,10+ years,MORTGAGE,171000.0,Source Verified,other,CO,14.58,1.0,660.0,664.0,0.0,88.8,28.0,Individual,5,High Risk,Manual Review
88954820,9500.0, 36 months,24.49,E,E3,2 years,MORTGAGE,42000.0,Source Verified,credit_card,TX,32.11,0.0,670.0,674.0,2.0,32.1,23.0,Individual,5,High Risk,Manual Review
88893530,35000.0, 36 months,23.99,E,E2,10+ years,RENT,110000.0,Verified,debt_consolidation,CA,30.11,0.0,685.0,689.0,0.0,56.4,25.0,Individual,5,High Risk,Manual Review
88819958,18000.0, 60 months,22.39,E,E1,8 years,MORTGAGE,79800.0,Source Verified,credit_card,OH,32.57,0.0,685.0,689.0,2.0,91.3,24.0,Individual,6,High Risk,Manual Review
89054024,23000.0, 60 months,27.49,F,F4,4 years,OWN,50000.0,Source Verified,credit_card,NY,30.51,0.0,660.0,664.0,0.0,73.9,23.0,Individual,5,High Risk,Manual Review
89985959,28050.0, 36 months,18.99,D,D3,10+ years,OWN,61000.0,Not Verified,credit_card,TX,32.42,2.0,690.0,694.0,0.0,80.8,45.0,Individual,5,High Risk,Manual Review
88845972,14525.0, 60 months,26.99,F,F3,10+ years,MORTGAGE,48000.0,Source Verified,debt_consolidation,IN,33.72,0.0,670.0,674.0,1.0,46.1,18.0,Individual,5,High Risk,Manual Review
88907989,11200.0, 60 months,26.49,F,F2,2 years,OWN,70000.0,Source Verified,debt_consolidation,MI,33.35,0.0,670.0,674.0,0.0,78.7,18.0,Individual,5,High Risk,Manual Review
88870569,19550.0, 60 months,27.49,F,F4,,MORTGAGE,60829.5,Verified,debt_consolidation,GA,23.61,1.0,670.0,674.0,2.0,83.1,25.0,Individual,5,High Risk,Manual Review
88867407,12000.0, 60 months,27.79,F,F5,1 year,RENT,60000.0,Source Verified,debt_consolidation,NE,33.14,0.0,670.0,674.0,1.0,59.5,30.0,Individual,5,High Risk,Manual Review
88899743,9075.0, 36 months,22.39,E,E1,10+ years,OWN,50700.0,Verified,debt_consolidation,LA,34.79,0.0,685.0,689.0,3.0,25.0,65.0,Individual,5,High Risk,Manual Review
88964010,20000.0, 60 months,24.49,E,E3,10+ years,MORTGAGE,81000.0,Verified,debt_consolidation,NY,32.18,1.0,660.0,664.0,1.0,68.5,53.0,Individual,6,High Risk,Manual Review
89954376,20000.0, 60 months,22.39,E,E1,10+ years,MORTGAGE,52600.0,Verified,debt_consolidation,IL,38.51,0.0,675.0,679.0,0.0,67.5,36.0,Joint App,5,High Risk,Manual Review
88545461,8000.0, 36 months,23.99,E,E2,4 years,RENT,40000.0,Verified,debt_consolidation,NY,30.49,0.0,670.0,674.0,1.0,53.7,12.0,Individual,5,High Risk,Manual Review
89035035,28850.0, 60 months,28.18,G,G1,10+ years,MORTGAGE,81900.0,Source Verified,debt_consolidation,FL,33.64,0.0,700.0,704.0,1.0,42.5,54.0,Individual,5,High Risk,Manual Review
88916402,35000.0, 60 months,24.99,E,E4,10+ years,OWN,202000.0,Source Verified,home_improvement,NJ,32.93,0.0,680.0,684.0,0.0,74.3,32.0,Individual,5,High Risk,Manual Review
88927347,4325.0, 36 months,30.99,G,G5,< 1 year,OWN,30000.0,Source Verified,debt_consolidation,HI,32.84,0.0,695.0,699.0,2.0,99.6,14.0,Individual,6,High Risk,Manual Review
89065114,5400.0, 36 months,24.49,E,E3,< 1 year,RENT,18000.0,Source Verified,debt_consolidation,IL,32.2,0.0,670.0,674.0,3.0,42.1,25.0,Individual,5,High Risk,Manual Review
88835547,22750.0, 60 months,25.29,E,E5,10+ years,MORTGAGE,45793.0,Verified,debt_consolidation,TX,34.98,0.0,700.0,704.0,1.0,39.6,64.0,Individual,5,High Risk,Manual Review
88495633,18000.0, 60 months,26.49,F,F2,10+ years,MORTGAGE,110578.0,Source Verified,debt_consolidation,MD,30.86,0.0,660.0,664.0,0.0,74.7,37.0,Individual,5,High Risk,Manual Review
88503285,16375.0, 36 months,24.49,E,E3,9 years,MORTGAGE,70000.0,Verified,small_business,SC,13.76,1.0,675.0,679.0,1.0,81.9,11.0,Individual,5,High Risk,Manual Review
88836383,13975.0, 36 months,17.99,D,D2,10+ years,MORTGAGE,32000.0,Verified,debt_consolidation,NE,32.82,1.0,670.0,674.0,1.0,85.3,16.0,Individual,5,High Risk,Manual Review
88962895,30000.0, 60 months,22.39,E,E1,10+ years,MORTGAGE,92000.0,Source Verified,debt_consolidation,KY,30.31,0.0,670.0,674.0,0.0,73.2,28.0,Individual,5,High Risk,Manual Review
88825634,21000.0, 60 months,22.39,E,E1,3 years,MORTGAGE,115000.0,Source Verified,debt_consolidation,MT,10.96,1.0,670.0,674.0,0.0,83.5,19.0,Individual,5,High Risk,Manual Review
89048796,12000.0, 36 months,23.99,E,E2,7 years,RENT,32258.0,Verified,debt_consolidation,TX,31.44,0.0,680.0,684.0,0.0,57.3,31.0,Individual,5,High Risk,Manual Review
88818720,26750.0, 36 months,28.88,G,G2,2 years,RENT,41075.0,Verified,debt_consolidation,WI,40.77,0.0,680.0,684.0,2.0,35.5,16.0,Joint App,5,High Risk,Manual Review
88844839,18000.0, 60 months,22.39,E,E1,2 years,RENT,42000.0,Source Verified,credit_card,NY,30.11,0.0,685.0,689.0,0.0,77.0,6.0,Individual,5,High Risk,Manual Review
88987758,14400.0, 36 months,27.49,F,F4,1 year,RENT,36000.0,Verified,debt_consolidation,OK,32.47,0.0,690.0,694.0,0.0,50.8,38.0,Individual,5,High Risk,Manual Review
88968213,30000.0, 60 months,24.99,E,E4,5 years,MORTGAGE,173000.0,Verified,debt_consolidation,MO,15.32,2.0,660.0,664.0,2.0,103.0,32.0,Individual,5,High Risk,Manual Review
88868016,16000.0, 60 months,24.49,E,E3,10+ years,MORTGAGE,60000.0,Source Verified,debt_consolidation,GA,33.86,0.0,670.0,674.0,1.0,86.1,22.0,Individual,6,High Risk,Manual Review
88837490,17000.0, 60 months,24.49,E,E3,1 year,OWN,65000.0,Source Verified,debt_consolidation,TX,34.9,2.0,715.0,719.0,0.0,48.7,46.0,Individual,6,High Risk,Manual Review
88786183,13000.0, 60 months,27.49,F,F4,9 years,RENT,38000.0,Source Verified,debt_consolidation,IL,34.87,0.0,685.0,689.0,1.0,33.5,18.0,Individual,5,High Risk,Manual Review
88979377,35000.0, 60 months,29.67,G,G3,8 years,MORTGAGE,80000.0,Verified,debt_consolidation,AZ,18.25,1.0,660.0,664.0,0.0,85.8,37.0,Individual,5,High Risk,Manual Review
88834252,8400.0, 36 months,25.29,E,E5,2 years,OWN,40000.0,Verified,debt_consolidation,LA,32.94,0.0,660.0,664.0,1.0,82.2,10.0,Individual,6,High Risk,Manual Review
89025440,20000.0, 36 months,25.69,F,F1,10+ years,MORTGAGE,92000.0,Verified,other,FL,31.52,0.0,695.0,699.0,0.0,42.1,15.0,Individual,5,High Risk,Manual Review
88782759,17475.0, 60 months,28.18,G,G1,< 1 year,MORTGAGE,46000.0,Verified,debt_consolidation,MO,34.52,0.0,665.0,669.0,1.0,32.4,22.0,Individual,5,High Risk,Manual Review
88886515,18000.0, 60 months,26.99,F,F3,10+ years,RENT,77604.8,Verified,debt_consolidation,MO,31.39,0.0,660.0,664.0,1.0,91.4,17.0,Individual,6,High Risk,Manual Review
89034069,15000.0, 60 months,24.99,E,E4,10+ years,MORTGAGE,60000.0,Verified,home_improvement,TX,30.36,0.0,665.0,669.0,1.0,52.0,39.0,Individual,5,High Risk,Manual Review
88897771,25000.0, 60 months,24.49,E,E3,< 1 year,MORTGAGE,399996.0,Source Verified,other,AL,14.57,1.0,690.0,694.0,2.0,93.2,37.0,Individual,5,High Risk,Manual Review
88802530,17475.0, 36 months,22.39,E,E1,3 years,RENT,46000.0,Source Verified,debt_consolidation,NY,27.5,3.0,680.0,684.0,0.0,80.3,22.0,Individual,5,High Risk,Manual Review
88211928,35000.0, 36 months,19.99,D,D4,5 years,RENT,85000.0,Not Verified,credit_card,KY,30.34,1.0,665.0,669.0,0.0,87.4,22.0,Individual,5,High Risk,Manual Review
88944194,18625.0, 36 months,27.49,F,F4,10+ years,RENT,72000.0,Verified,debt_consolidation,NJ,33.73,0.0,665.0,669.0,0.0,48.5,14.0,Individual,5,High Risk,Manual Review
87955163,22025.0, 60 months,25.69,F,F1,5 years,MORTGAGE,83000.0,Verified,debt_consolidation,GA,30.48,1.0,675.0,679.0,1.0,41.6,29.0,Individual,6,High Risk,Manual Review
89064423,40000.0, 60 months,22.39,E,E1,4 years,MORTGAGE,160000.0,Verified,debt_consolidation,NV,33.93,0.0,690.0,694.0,0.0,62.3,29.0,Individual,5,High Risk,Manual Review
88907059,16700.0, 36 months,22.39,E,E1,,RENT,38000.0,Not Verified,debt_consolidation,OH,33.45,0.0,700.0,704.0,1.0,49.3,19.0,Individual,5,High Risk,Manual Review
88867568,28000.0, 60 months,25.29,E,E5,10+ years,RENT,79087.0,Not Verified,other,GA,32.02,0.0,665.0,669.0,0.0,54.7,39.0,Individual,5,High Risk,Manual Review
88797534,15000.0, 60 months,25.29,E,E5,4 years,MORTGAGE,60000.0,Verified,debt_consolidation,PA,30.14,0.0,710.0,714.0,2.0,98.1,33.0,Individual,6,High Risk,Manual Review
88966161,17000.0, 60 months,22.39,E,E1,10+ years,MORTGAGE,70000.0,Verified,credit_card,CT,27.12,1.0,665.0,669.0,2.0,97.6,39.0,Individual,5,High Risk,Manual Review
89053353,30975.0, 36 months,26.49,F,F2,5 years,RENT,75000.0,Source Verified,debt_consolidation,IL,31.15,1.0,695.0,699.0,0.0,60.1,35.0,Individual,6,High Risk,Manual Review
89033004,24000.0, 60 months,26.49,F,F2,10+ years,MORTGAGE,130000.0,Source Verified,debt_consolidation,NY,34.59,0.0,690.0,694.0,0.0,79.2,31.0,Individual,5,High Risk,Manual Review
88814086,15225.0, 60 months,28.18,G,G1,10+ years,MORTGAGE,49100.0,Source Verified,debt_consolidation,CO,34.86,0.0,675.0,679.0,1.0,70.5,28.0,Individual,5,High Risk,Manual Review
88156892,22000.0, 60 months,28.18,G,G1,10+ years,RENT,44000.0,Verified,debt_consolidation,NY,30.33,0.0,700.0,704.0,0.0,66.0,25.0,Individual,5,High Risk,Manual Review
88987192,12000.0, 60 months,22.39,E,E1,7 years,RENT,85000.0,Source Verified,debt_consolidation,DC,19.14,3.0,670.0,674.0,0.0,98.0,29.0,Individual,5,High Risk,Manual Review
88985028,34200.0, 60 months,25.69,F,F1,< 1 year,MORTGAGE,111000.0,Verified,house,TX,30.38,3.0,685.0,689.0,0.0,56.2,36.0,Individual,6,High Risk,Manual Review
88876354,10000.0, 36 months,24.99,E,E4,< 1 year,RENT,30000.0,Source Verified,debt_consolidation,MD,30.16,1.0,665.0,669.0,0.0,28.5,19.0,Individual,6,High Risk,Manual Review
88856895,12000.0, 36 months,24.99,E,E4,10+ years,RENT,45000.0,Source Verified,credit_card,HI,33.36,0.0,730.0,734.0,0.0,52.0,13.0,Individual,5,High Risk,Manual Review
88895063,30000.0, 36 months,22.39,E,E1,4 years,RENT,80000.0,Source Verified,small_business,CA,30.87,0.0,695.0,699.0,0.0,62.9,11.0,Individual,5,High Risk,Manual Review
88813460,21000.0, 60 months,23.99,E,E2,5 years,MORTGAGE,117000.0,Verified,debt_consolidation,KY,32.55,8.0,660.0,664.0,0.0,100.0,30.0,Individual,7,High Risk,Manual Review
88906033,12000.0, 60 months,24.99,E,E4,5 years,OWN,38480.0,Verified,debt_consolidation,LA,32.06,0.0,710.0,714.0,0.0,39.2,25.0,Individual,5,High Risk,Manual Review
88855791,25000.0, 60 months,30.99,G,G5,4 years,RENT,75000.0,Not Verified,debt_consolidation,TX,31.25,0.0,660.0,664.0,1.0,37.7,22.0,Individual,5,High Risk,Manual Review
88830890,3600.0, 36 months,23.99,E,E2,,RENT,15000.0,Verified,vacation,KY,30.72,0.0,695.0,699.0,0.0,49.1,16.0,Individual,5,High Risk,Manual Review
88796117,35000.0, 60 months,24.99,E,E4,10+ years,MORTGAGE,91000.0,Verified,debt_consolidation,CT,17.48,1.0,670.0,674.0,0.0,81.7,15.0,Individual,5,High Risk,Manual Review
88896209,2000.0, 36 months,22.39,E,E1,6 years,OWN,46000.0,Verified,other,IN,23.61,1.0,665.0,669.0,3.0,87.8,13.0,Individual,5,High Risk,Manual Review
88806262,26600.0, 36 months,25.29,E,E5,8 years,RENT,70000.0,Verified,debt_consolidation,HI,31.94,1.0,680.0,684.0,2.0,33.7,25.0,Individual,6,High Risk,Manual Review
88996197,6500.0, 36 months,24.49,E,E3,10+ years,MORTGAGE,40000.0,Source Verified,other,PA,34.08,0.0,685.0,689.0,1.0,85.0,7.0,Individual,6,High Risk,Manual Review
88969326,16000.0, 60 months,25.29,E,E5,4 years,MORTGAGE,96000.0,Verified,debt_consolidation,MN,33.83,0.0,665.0,669.0,1.0,84.2,18.0,Individual,6,High Risk,Manual Review
88895098,14000.0, 60 months,25.69,F,F1,10+ years,RENT,42000.0,Not Verified,debt_consolidation,NY,30.91,0.0,660.0,664.0,1.0,73.6,42.0,Individual,5,High Risk,Manual Review
88865443,13000.0, 60 months,26.99,F,F3,10+ years,OWN,37000.0,Verified,home_improvement,OH,32.99,0.0,660.0,664.0,3.0,62.5,24.0,Individual,5,High Risk,Manual Review
88940691,34725.0, 60 months,18.99,D,D3,,MORTGAGE,93500.0,Verified,debt_consolidation,CT,31.13,1.0,680.0,684.0,1.0,87.5,33.0,Individual,5,High Risk,Manual Review
88664515,12000.0, 60 months,22.39,E,E1,,OWN,50700.0,Verified,home_improvement,SC,33.66,0.0,705.0,709.0,0.0,76.5,20.0,Individual,5,High Risk,Manual Review
88945499,10425.0, 36 months,26.99,F,F3,5 years,MORTGAGE,58000.0,Verified,credit_card,TX,32.82,0.0,665.0,669.0,1.0,58.2,27.0,Individual,5,High Risk,Manual Review
88795906,25000.0, 60 months,24.49,E,E3,10+ years,MORTGAGE,80000.0,Verified,debt_consolidation,PA,30.66,1.0,665.0,669.0,0.0,38.0,35.0,Individual,6,High Risk,Manual Review
88824306,10000.0, 60 months,26.49,F,F2,3 years,RENT,35040.0,Verified,other,DE,34.25,0.0,675.0,679.0,0.0,69.5,15.0,Individual,5,High Risk,Manual Review
88978624,16000.0, 60 months,22.39,E,E1,< 1 year,OWN,93900.0,Source Verified,credit_card,AR,30.85,0.0,675.0,679.0,0.0,55.7,34.0,Individual,5,High Risk,Manual Review
87959938,20000.0, 60 months,24.99,E,E4,4 years,MORTGAGE,110000.0,Verified,debt_consolidation,TX,24.91,2.0,665.0,669.0,1.0,96.7,45.0,Individual,5,High Risk,Manual Review
88955119,15000.0, 60 months,29.96,G,G4,< 1 year,MORTGAGE,45000.0,Source Verified,home_improvement,NY,32.77,1.0,690.0,694.0,0.0,62.7,22.0,Individual,6,High Risk,Manual Review
88945276,25000.0, 36 months,24.49,E,E3,1 year,RENT,69000.0,Verified,debt_consolidation,CO,31.1,1.0,670.0,674.0,1.0,68.6,33.0,Individual,6,High Risk,Manual Review
88033151,22600.0, 60 months,24.99,E,E4,1 year,RENT,52000.0,Verified,debt_consolidation,NY,32.26,1.0,700.0,704.0,3.0,37.6,10.0,Individual,6,High Risk,Manual Review
88856687,21600.0, 60 months,25.29,E,E5,,RENT,4000.0,Not Verified,debt_consolidation,FL,253.51,0.0,660.0,664.0,0.0,92.7,14.0,Joint App,6,High Risk,Manual Review
88222196,2075.0, 36 months,27.79,F,F5,,RENT,8700.96,Verified,debt_consolidation,TX,32.55,0.0,675.0,679.0,1.0,90.0,13.0,Individual,6,High Risk,Manual Review
88916266,7250.0, 36 months,28.88,G,G2,2 years,RENT,32000.0,Verified,debt_consolidation,CA,34.32,0.0,660.0,664.0,1.0,47.7,20.0,Individual,5,High Risk,Manual Review
88856200,32000.0, 60 months,24.99,E,E4,1 year,RENT,96660.0,Verified,debt_consolidation,CA,31.3,0.0,710.0,714.0,0.0,83.2,25.0,Individual,6,High Risk,Manual Review
88965753,35000.0, 60 months,26.49,F,F2,8 years,MORTGAGE,125000.0,Verified,debt_consolidation,TN,34.11,1.0,660.0,664.0,0.0,92.7,32.0,Individual,7,High Risk,Manual Review
88783801,12525.0, 60 months,28.18,G,G1,10+ years,RENT,59000.0,Verified,debt_consolidation,WI,34.85,2.0,685.0,689.0,0.0,59.2,34.0,Individual,6,High Risk,Manual Review
88832107,5000.0, 36 months,24.49,E,E3,< 1 year,RENT,32240.0,Verified,other,FL,34.03,0.0,680.0,684.0,3.0,30.1,21.0,Individual,5,High Risk,Manual Review
88221186,9350.0, 36 months,25.29,E,E5,,RENT,26000.0,Verified,debt_consolidation,CA,30.06,0.0,670.0,674.0,0.0,48.1,18.0,Individual,5,High Risk,Manual Review
88845183,22775.0, 60 months,23.99,E,E2,10+ years,MORTGAGE,80000.0,Source Verified,debt_consolidation,CA,31.82,0.0,660.0,664.0,0.0,84.0,30.0,Individual,6,High Risk,Manual Review
89027811,9000.0, 36 months,23.99,E,E2,,OWN,27000.0,Verified,debt_consolidation,CA,30.09,0.0,710.0,714.0,1.0,19.2,22.0,Individual,5,High Risk,Manual Review
89008451,25000.0, 60 months,22.39,E,E1,2 years,MORTGAGE,415000.0,Verified,debt_consolidation,NJ,5.48,1.0,690.0,694.0,0.0,80.7,35.0,Individual,5,High Risk,Manual Review
88933460,12000.0, 60 months,25.29,E,E5,1 year,RENT,36000.0,Source Verified,debt_consolidation,TX,34.67,0.0,725.0,729.0,1.0,42.3,19.0,Individual,5,High Risk,Manual Review
89025673,35000.0, 60 months,23.99,E,E2,7 years,MORTGAGE,85000.0,Verified,debt_consolidation,TN,31.39,0.0,685.0,689.0,1.0,28.1,52.0,Individual,5,High Risk,Manual Review
88837672,21000.0, 60 months,25.29,E,E5,2 years,MORTGAGE,88000.0,Not Verified,credit_card,MN,31.92,0.0,705.0,709.0,0.0,27.0,67.0,Individual,5,High Risk,Manual Review
89033498,19350.0, 60 months,24.49,E,E3,4 years,RENT,55000.0,Source Verified,debt_consolidation,MD,22.13,1.0,670.0,674.0,1.0,91.0,20.0,Individual,5,High Risk,Manual Review
88897762,15000.0, 60 months,25.29,E,E5,1 year,RENT,50000.0,Verified,debt_consolidation,CA,33.08,0.0,675.0,679.0,0.0,64.4,11.0,Individual,5,High Risk,Manual Review
88917764,20000.0, 60 months,24.99,E,E4,4 years,OWN,63000.0,Source Verified,debt_consolidation,OH,31.71,2.0,695.0,699.0,0.0,37.3,26.0,Individual,6,High Risk,Manual Review
88863326,32950.0, 60 months,25.69,F,F1,10+ years,MORTGAGE,160000.0,Verified,debt_consolidation,KS,31.23,0.0,705.0,709.0,2.0,56.9,34.0,Individual,5,High Risk,Manual Review
87345000,9350.0, 36 months,22.39,E,E1,10+ years,MORTGAGE,26000.0,Not Verified,debt_consolidation,AR,30.1,1.0,705.0,709.0,1.0,29.8,37.0,Individual,6,High Risk,Manual Review
88964158,35000.0, 60 months,18.99,D,D3,5 years,MORTGAGE,55000.0,Source Verified,debt_consolidation,IN,32.57,1.0,685.0,689.0,0.0,82.0,23.0,Joint App,5,High Risk,Manual Review
88930741,28000.0, 60 months,26.99,F,F3,10+ years,MORTGAGE,80000.0,Verified,debt_consolidation,PA,31.01,0.0,680.0,684.0,1.0,90.4,44.0,Individual,6,High Risk,Manual Review
88965209,28000.0, 60 months,22.39,E,E1,10+ years,MORTGAGE,87000.0,Not Verified,debt_consolidation,MN,33.27,0.0,665.0,669.0,0.0,54.6,33.0,Individual,5,High Risk,Manual Review
87254632,6775.0, 36 months,24.49,E,E3,10+ years,OWN,35000.0,Source Verified,house,OH,31.14,0.0,710.0,714.0,0.0,20.2,18.0,Individual,5,High Risk,Manual Review
89001098,5800.0, 36 months,24.49,E,E3,2 years,RENT,40000.0,Verified,credit_card,FL,30.09,1.0,660.0,664.0,1.0,60.2,13.0,Individual,6,High Risk,Manual Review
87954194,16350.0, 60 months,25.29,E,E5,9 years,MORTGAGE,42000.0,Source Verified,debt_consolidation,TX,31.09,0.0,715.0,719.0,0.0,41.6,23.0,Individual,5,High Risk,Manual Review
88210446,21600.0, 60 months,30.99,G,G5,,OWN,45000.0,Not Verified,medical,AZ,30.75,0.0,700.0,704.0,3.0,71.6,26.0,Individual,5,High Risk,Manual Review
88835504,15200.0, 60 months,27.79,F,F5,10+ years,MORTGAGE,40000.0,Source Verified,debt_consolidation,OH,34.23,0.0,670.0,674.0,0.0,85.1,23.0,Individual,6,High Risk,Manual Review
88744245,21775.0, 60 months,26.99,F,F3,,MORTGAGE,57360.0,Verified,debt_consolidation,GA,32.72,2.0,665.0,669.0,0.0,68.9,22.0,Individual,6,High Risk,Manual Review
88964746,11200.0, 60 months,25.29,E,E5,1 year,RENT,35000.0,Source Verified,debt_consolidation,MO,31.33,1.0,675.0,679.0,2.0,44.7,20.0,Individual,6,High Risk,Manual Review
88894661,4000.0, 36 months,23.99,E,E2,3 years,OWN,88000.0,Verified,car,FL,33.14,0.0,680.0,684.0,4.0,47.7,20.0,Individual,5,High Risk,Manual Review
88854691,13950.0, 36 months,24.99,E,E4,4 years,RENT,34876.0,Verified,debt_consolidation,NY,34.89,0.0,675.0,679.0,0.0,52.8,12.0,Individual,5,High Risk,Manual Review
88843092,7500.0, 36 months,22.39,E,E1,1 year,OWN,28000.0,Source Verified,debt_consolidation,TN,33.86,0.0,660.0,664.0,0.0,35.6,11.0,Individual,5,High Risk,Manual Review
89022019,2150.0, 36 months,24.49,E,E3,7 years,MORTGAGE,30000.0,Source Verified,debt_consolidation,KS,31.2,0.0,660.0,664.0,2.0,62.4,14.0,Individual,5,High Risk,Manual Review
88763741,11400.0, 36 months,24.49,E,E3,,MORTGAGE,30000.0,Verified,credit_card,IN,29.88,2.0,660.0,664.0,0.0,82.7,17.0,Individual,5,High Risk,Manual Review
88725275,10000.0, 60 months,25.69,F,F1,9 years,MORTGAGE,30000.0,Verified,debt_consolidation,LA,30.32,0.0,670.0,674.0,1.0,65.0,34.0,Individual,5,High Risk,Manual Review
88974203,15800.0, 60 months,27.79,F,F5,10+ years,RENT,52000.0,Verified,debt_consolidation,CA,30.9,0.0,665.0,669.0,0.0,51.7,28.0,Individual,5,High Risk,Manual Review
89027415,25000.0, 36 months,25.69,F,F1,10+ years,OWN,59000.0,Source Verified,home_improvement,GA,33.06,0.0,705.0,709.0,2.0,42.0,16.0,Individual,5,High Risk,Manual Review
88944146,2400.0, 36 months,23.99,E,E2,6 years,RENT,58590.12,Verified,debt_consolidation,CA,31.01,0.0,690.0,694.0,2.0,83.3,49.0,Individual,6,High Risk,Manual Review
88912047,35000.0, 60 months,29.67,G,G3,10+ years,MORTGAGE,80000.0,Not Verified,debt_consolidation,IL,21.03,1.0,660.0,664.0,2.0,95.0,25.0,Individual,5,High Risk,Manual Review
88925689,10775.0, 60 months,25.69,F,F1,10+ years,RENT,74268.0,Not Verified,debt_consolidation,OK,30.76,0.0,665.0,669.0,0.0,75.9,40.0,Individual,5,High Risk,Manual Review
88934837,15000.0, 60 months,22.39,E,E1,10+ years,MORTGAGE,60000.0,Source Verified,debt_consolidation,NC,32.86,1.0,680.0,684.0,0.0,62.3,37.0,Individual,6,High Risk,Manual Review
88814061,14525.0, 60 months,25.29,E,E5,10+ years,RENT,52000.0,Verified,debt_consolidation,NV,30.3,0.0,685.0,689.0,1.0,32.7,13.0,Individual,5,High Risk,Manual Review
89011118,25000.0, 60 months,24.49,E,E3,10+ years,MORTGAGE,82000.0,Verified,credit_card,TX,34.14,0.0,690.0,694.0,0.0,52.9,27.0,Individual,5,High Risk,Manual Review
88993857,20800.0, 60 months,21.49,D,D5,< 1 year,MORTGAGE,566600.0,Verified,home_improvement,CT,34.1,2.0,685.0,689.0,2.0,93.7,50.0,Individual,5,High Risk,Manual Review
89023639,9600.0, 36 months,22.39,E,E1,8 years,RENT,42000.0,Verified,credit_card,FL,32.94,0.0,660.0,664.0,0.0,73.4,22.0,Individual,5,High Risk,Manual Review
88805326,17150.0, 60 months,24.49,E,E3,4 years,MORTGAGE,54229.0,Source Verified,debt_consolidation,FL,32.79,0.0,665.0,669.0,1.0,66.8,41.0,Individual,5,High Risk,Manual Review
88783197,31675.0, 60 months,23.99,E,E2,2 years,RENT,72000.0,Source Verified,debt_consolidation,TN,30.93,2.0,680.0,684.0,0.0,40.5,33.0,Individual,6,High Risk,Manual Review
89027882,24000.0, 60 months,22.39,E,E1,2 years,MORTGAGE,80000.0,Verified,home_improvement,OH,42.21,0.0,720.0,724.0,2.0,58.2,27.0,Joint App,5,High Risk,Manual Review
88262774,14000.0, 60 months,23.99,E,E2,3 years,MORTGAGE,107000.0,Verified,debt_consolidation,VA,31.44,0.0,680.0,684.0,2.0,57.0,36.0,Individual,5,High Risk,Manual Review
88865491,11125.0, 60 months,28.18,G,G1,10+ years,OWN,76000.0,Source Verified,home_improvement,NY,33.29,0.0,670.0,674.0,1.0,61.2,36.0,Individual,5,High Risk,Manual Review
88883525,12000.0, 60 months,25.69,F,F1,8 years,MORTGAGE,45000.0,Source Verified,debt_consolidation,GA,33.47,1.0,675.0,679.0,2.0,32.3,29.0,Individual,6,High Risk,Manual Review
88882855,18000.0, 60 months,24.49,E,E3,,RENT,63000.0,Verified,debt_consolidation,MN,34.93,0.0,675.0,679.0,0.0,51.9,26.0,Individual,5,High Risk,Manual Review
88993688,14000.0, 60 months,22.39,E,E1,10+ years,RENT,71000.0,Source Verified,debt_consolidation,GA,14.05,2.0,680.0,684.0,1.0,83.8,23.0,Individual,5,High Risk,Manual Review
88903146,10200.0, 60 months,27.79,F,F5,10+ years,MORTGAGE,51000.0,Source Verified,home_improvement,NC,31.39,0.0,675.0,679.0,1.0,65.4,21.0,Individual,5,High Risk,Manual Review
88653480,12350.0, 60 months,25.29,E,E5,4 years,OWN,43000.0,Not Verified,debt_consolidation,NV,31.76,0.0,720.0,724.0,2.0,39.0,37.0,Individual,5,High Risk,Manual Review
89001934,20775.0, 60 months,22.39,E,E1,2 years,MORTGAGE,49500.0,Verified,debt_consolidation,RI,30.72,0.0,665.0,669.0,0.0,70.1,36.0,Individual,5,High Risk,Manual Review
88843485,20000.0, 36 months,22.39,E,E1,8 years,RENT,55000.0,Verified,debt_consolidation,NY,34.92,0.0,695.0,699.0,0.0,42.7,13.0,Individual,5,High Risk,Manual Review
88634098,10000.0, 60 months,22.39,E,E1,2 years,RENT,27364.0,Not Verified,credit_card,TN,31.62,0.0,670.0,674.0,0.0,85.2,44.0,Individual,6,High Risk,Manual Review
88955297,16000.0, 60 months,22.39,E,E1,7 years,MORTGAGE,75000.0,Not Verified,home_improvement,MI,30.58,0.0,685.0,689.0,1.0,51.7,39.0,Individual,5,High Risk,Manual Review
88595362,11350.0, 36 months,22.39,E,E1,3 years,MORTGAGE,79000.0,Verified,credit_card,MD,31.18,0.0,675.0,679.0,5.0,43.2,44.0,Individual,5,High Risk,Manual Review
88784873,28000.0, 60 months,22.39,E,E1,10+ years,OWN,75000.0,Not Verified,small_business,MN,32.1,0.0,700.0,704.0,0.0,50.0,52.0,Individual,5,High Risk,Manual Review
88942815,13575.0, 60 months,28.88,G,G2,5 years,RENT,37750.0,Verified,debt_consolidation,WI,26.07,1.0,660.0,664.0,1.0,93.8,22.0,Individual,5,High Risk,Manual Review
88812996,35000.0, 36 months,23.99,E,E2,10+ years,MORTGAGE,96000.0,Source Verified,debt_consolidation,SC,31.6,0.0,675.0,679.0,2.0,39.3,26.0,Individual,5,High Risk,Manual Review
88841730,9600.0, 36 months,24.49,E,E3,8 years,RENT,110000.0,Source Verified,small_business,FL,30.96,0.0,675.0,679.0,1.0,72.5,26.0,Individual,5,High Risk,Manual Review
88773700,7175.0, 36 months,22.39,E,E1,10+ years,MORTGAGE,58000.0,Source Verified,home_improvement,MN,32.88,0.0,710.0,714.0,0.0,67.6,31.0,Individual,5,High Risk,Manual Review
88920655,16850.0, 36 months,22.39,E,E1,4 years,OWN,73020.0,Source Verified,debt_consolidation,NH,15.94,2.0,660.0,664.0,1.0,80.5,14.0,Individual,5,High Risk,Manual Review
88862312,6000.0, 36 months,25.69,F,F1,< 1 year,RENT,20000.0,Verified,debt_consolidation,FL,31.33,0.0,680.0,684.0,1.0,21.4,18.0,Individual,5,High Risk,Manual Review
88633636,19000.0, 60 months,24.49,E,E3,,OWN,47000.0,Verified,debt_consolidation,LA,33.48,0.0,680.0,684.0,1.0,48.4,36.0,Individual,5,High Risk,Manual Review
88770738,24000.0, 60 months,24.99,E,E4,4 years,MORTGAGE,105000.0,Verified,debt_consolidation,KS,31.08,3.0,690.0,694.0,1.0,63.8,32.0,Individual,6,High Risk,Manual Review
88880731,19400.0, 36 months,25.69,F,F1,10+ years,MORTGAGE,76000.0,Verified,debt_consolidation,KY,32.64,0.0,665.0,669.0,0.0,73.2,40.0,Individual,5,High Risk,Manual Review
88223124,12375.0, 60 months,24.99,E,E4,10+ years,MORTGAGE,55000.0,Source Verified,debt_consolidation,SC,7.31,1.0,660.0,664.0,0.0,81.5,15.0,Individual,5,High Risk,Manual Review
88983686,10000.0, 60 months,25.29,E,E5,1 year,RENT,36000.0,Source Verified,credit_card,CA,34.89,0.0,700.0,704.0,1.0,26.0,19.0,Individual,5,High Risk,Manual Review
88782852,10000.0, 60 months,24.99,E,E4,< 1 year,RENT,35000.0,Source Verified,debt_consolidation,WI,34.29,2.0,675.0,679.0,0.0,65.6,12.0,Individual,6,High Risk,Manual Review
88665629,20000.0, 36 months,25.69,F,F1,5 years,RENT,62000.0,Verified,debt_consolidation,PA,31.89,0.0,665.0,669.0,4.0,64.6,40.0,Individual,5,High Risk,Manual Review
88036881,33000.0, 60 months,25.69,F,F1,10+ years,MORTGAGE,75000.0,Verified,debt_consolidation,SC,31.52,0.0,675.0,679.0,0.0,62.0,35.0,Individual,5,High Risk,Manual Review
88931066,4350.0, 36 months,24.99,E,E4,10+ years,RENT,45000.0,Verified,major_purchase,NY,34.64,1.0,660.0,664.0,1.0,48.2,11.0,Individual,6,High Risk,Manual Review
88864186,18450.0, 36 months,18.99,D,D3,10+ years,MORTGAGE,50000.0,Verified,debt_consolidation,GA,33.42,1.0,660.0,664.0,0.0,96.7,24.0,Individual,5,High Risk,Manual Review
88615772,10000.0, 36 months,28.18,G,G1,6 years,MORTGAGE,140800.0,Source Verified,other,GA,32.81,0.0,680.0,684.0,3.0,71.4,53.0,Individual,5,High Risk,Manual Review
88972562,12000.0, 60 months,27.49,F,F4,10+ years,MORTGAGE,119000.0,Source Verified,other,TX,31.64,0.0,700.0,704.0,1.0,91.2,26.0,Individual,6,High Risk,Manual Review
88870796,3700.0, 36 months,24.49,E,E3,< 1 year,MORTGAGE,75000.0,Verified,debt_consolidation,MO,16.9,1.0,665.0,669.0,1.0,86.8,14.0,Individual,5,High Risk,Manual Review
88992057,8000.0, 36 months,25.29,E,E5,10+ years,RENT,40000.0,Source Verified,car,CA,32.58,0.0,685.0,689.0,0.0,39.4,25.0,Individual,5,High Risk,Manual Review
89011065,16000.0, 60 months,24.49,E,E3,5 years,MORTGAGE,102000.0,Verified,debt_consolidation,WI,15.95,1.0,665.0,669.0,2.0,88.6,26.0,Individual,5,High Risk,Manual Review
88942779,11550.0, 36 months,26.99,F,F3,3 years,MORTGAGE,44000.0,Source Verified,debt_consolidation,CA,30.61,1.0,660.0,664.0,0.0,80.7,22.0,Individual,7,High Risk,Manual Review
88211481,15000.0, 60 months,25.29,E,E5,10+ years,MORTGAGE,45000.0,Verified,debt_consolidation,OH,30.32,0.0,705.0,709.0,0.0,65.8,28.0,Individual,5,High Risk,Manual Review
89023119,10750.0, 60 months,27.79,F,F5,3 years,MORTGAGE,31680.0,Source Verified,debt_consolidation,NV,30.57,0.0,780.0,784.0,1.0,6.2,27.0,Individual,5,High Risk,Manual Review
88840861,24000.0, 60 months,24.99,E,E4,1 year,MORTGAGE,76000.0,Verified,debt_consolidation,VA,32.43,11.0,675.0,679.0,2.0,79.4,38.0,Individual,6,High Risk,Manual Review
87996018,25200.0, 60 months,28.18,G,G1,10+ years,MORTGAGE,63000.0,Verified,other,NY,32.63,0.0,680.0,684.0,1.0,83.0,31.0,Individual,6,High Risk,Manual Review
88760640,28000.0, 60 months,24.99,E,E4,< 1 year,MORTGAGE,90000.0,Verified,debt_consolidation,NY,33.75,0.0,685.0,689.0,0.0,80.2,42.0,Individual,6,High Risk,Manual Review
88603774,26800.0, 60 months,24.49,E,E3,< 1 year,OWN,70000.0,Source Verified,credit_card,VA,34.97,0.0,670.0,674.0,0.0,61.4,40.0,Individual,5,High Risk,Manual Review
88951351,24000.0, 60 months,27.49,F,F4,8 years,MORTGAGE,62000.0,Verified,debt_consolidation,TX,33.06,0.0,670.0,674.0,1.0,88.3,23.0,Individual,6,High Risk,Manual Review
88823762,4000.0, 36 months,23.99,E,E2,2 years,RENT,89780.0,Verified,medical,SC,30.9,0.0,665.0,669.0,2.0,100.0,31.0,Individual,6,High Risk,Manual Review
88694327,6700.0, 36 months,25.69,F,F1,4 years,RENT,21000.0,Verified,debt_consolidation,TX,34.29,0.0,680.0,684.0,1.0,86.1,10.0,Individual,6,High Risk,Manual Review
86986065,15475.0, 60 months,28.88,G,G2,1 year,RENT,43000.0,Verified,debt_consolidation,CO,32.38,0.0,665.0,669.0,2.0,24.3,22.0,Individual,5,High Risk,Manual Review
89026469,29575.0, 60 months,22.39,E,E1,4 years,MORTGAGE,75000.0,Not Verified,debt_consolidation,NV,33.54,0.0,720.0,724.0,0.0,57.5,20.0,Individual,5,High Risk,Manual Review
88933717,27500.0, 60 months,24.49,E,E3,9 years,MORTGAGE,95000.0,Not Verified,credit_card,MI,28.76,1.0,690.0,694.0,0.0,87.2,24.0,Individual,5,High Risk,Manual Review
88007324,10000.0, 36 months,28.18,G,G1,1 year,RENT,25000.0,Verified,debt_consolidation,NY,33.51,1.0,690.0,694.0,0.0,26.6,13.0,Individual,6,High Risk,Manual Review
88534845,2775.0, 36 months,25.69,F,F1,4 years,OWN,42000.0,Verified,debt_consolidation,LA,32.49,0.0,665.0,669.0,0.0,57.4,22.0,Individual,5,High Risk,Manual Review
88810631,13850.0, 60 months,27.79,F,F5,8 years,RENT,40000.0,Source Verified,debt_consolidation,TX,30.81,1.0,670.0,674.0,0.0,80.1,24.0,Individual,7,High Risk,Manual Review
88210736,10000.0, 60 months,27.49,F,F4,7 years,RENT,31200.0,Source Verified,credit_card,LA,32.65,0.0,675.0,679.0,2.0,80.9,37.0,Individual,6,High Risk,Manual Review
88745182,35000.0, 60 months,27.79,F,F5,5 years,RENT,86500.0,Verified,debt_consolidation,MI,33.78,2.0,665.0,669.0,0.0,63.9,25.0,Individual,6,High Risk,Manual Review
88801425,32775.0, 60 months,28.18,G,G1,,MORTGAGE,112000.0,Not Verified,credit_card,CA,33.53,0.0,670.0,674.0,0.0,88.7,25.0,Joint App,6,High Risk,Manual Review
88145538,5125.0, 36 months,24.99,E,E4,,MORTGAGE,32589.6,Verified,debt_consolidation,GA,22.32,1.0,675.0,679.0,1.0,94.3,8.0,Individual,5,High Risk,Manual Review
88780342,4025.0, 36 months,22.39,E,E1,10+ years,MORTGAGE,54432.0,Verified,debt_consolidation,MD,32.21,0.0,675.0,679.0,0.0,23.2,23.0,Individual,5,High Risk,Manual Review
88674229,10000.0, 60 months,27.79,F,F5,3 years,RENT,40000.0,Source Verified,debt_consolidation,PA,30.36,0.0,660.0,664.0,0.0,93.0,23.0,Individual,6,High Risk,Manual Review
88802918,16000.0, 60 months,25.29,E,E5,7 years,MORTGAGE,70000.0,Not Verified,debt_consolidation,NJ,32.19,1.0,710.0,714.0,0.0,37.4,28.0,Individual,6,High Risk,Manual Review
88210281,7475.0, 36 months,25.29,E,E5,3 years,OWN,24999.0,Verified,debt_consolidation,AR,34.61,0.0,665.0,669.0,1.0,63.3,28.0,Individual,5,High Risk,Manual Review
88758027,21100.0, 60 months,24.49,E,E3,< 1 year,RENT,33410.0,Verified,debt_consolidation,CA,32.18,0.0,685.0,689.0,1.0,62.8,25.0,Joint App,5,High Risk,Manual Review
88494200,33050.0, 36 months,23.99,E,E2,5 years,RENT,87000.0,Verified,debt_consolidation,NY,17.8,1.0,665.0,669.0,2.0,84.5,8.0,Individual,5,High Risk,Manual Review
88221644,15000.0, 60 months,23.99,E,E2,8 years,MORTGAGE,55000.0,Verified,debt_consolidation,IN,34.69,0.0,675.0,679.0,0.0,73.3,14.0,Individual,5,High Risk,Manual Review
88055206,20000.0, 60 months,24.49,E,E3,10+ years,RENT,84000.0,Not Verified,debt_consolidation,CA,34.39,2.0,660.0,664.0,0.0,94.1,16.0,Individual,7,High Risk,Manual Review
88092223,15950.0, 36 months,26.99,F,F3,5 years,RENT,42000.0,Source Verified,debt_consolidation,NY,31.91,0.0,675.0,679.0,2.0,58.7,18.0,Individual,5,High Risk,Manual Review
88086381,10775.0, 60 months,26.49,F,F2,2 years,RENT,38000.0,Verified,debt_consolidation,NC,32.15,0.0,675.0,679.0,0.0,64.7,21.0,Individual,5,High Risk,Manual Review
88655742,35000.0, 60 months,22.39,E,E1,10+ years,MORTGAGE,90000.0,Verified,credit_card,NV,30.36,0.0,700.0,704.0,1.0,84.5,18.0,Individual,6,High Risk,Manual Review
88685561,21000.0, 60 months,26.99,F,F3,,MORTGAGE,72000.0,Verified,debt_consolidation,AL,33.38,0.0,665.0,669.0,0.0,77.9,27.0,Individual,5,High Risk,Manual Review
88523762,10550.0, 36 months,16.99,D,D1,1 year,MORTGAGE,50000.0,Source Verified,debt_consolidation,MI,32.5,1.0,685.0,689.0,1.0,84.9,12.0,Individual,5,High Risk,Manual Review
88293275,32250.0, 60 months,27.79,F,F5,3 years,MORTGAGE,84900.0,Verified,debt_consolidation,NC,24.13,1.0,660.0,664.0,0.0,91.2,23.0,Individual,5,High Risk,Manual Review
88242686,35000.0, 60 months,24.99,E,E4,10+ years,OWN,100000.0,Verified,other,FL,33.22,0.0,705.0,709.0,0.0,77.4,17.0,Individual,5,High Risk,Manual Review
88735039,40000.0, 60 months,26.99,F,F3,3 years,MORTGAGE,110000.0,Verified,debt_consolidation,IN,34.45,3.0,700.0,704.0,1.0,34.7,33.0,Individual,6,High Risk,Manual Review
88463162,13450.0, 60 months,26.49,F,F2,10+ years,MORTGAGE,37369.0,Verified,debt_consolidation,AL,30.67,0.0,720.0,724.0,0.0,97.1,17.0,Individual,6,High Risk,Manual Review
88665300,8000.0, 36 months,24.49,E,E3,8 years,MORTGAGE,94000.0,Source Verified,other,TX,34.54,0.0,695.0,699.0,0.0,93.3,22.0,Individual,6,High Risk,Manual Review
87976350,7000.0, 36 months,22.39,E,E1,5 years,RENT,35000.0,Verified,debt_consolidation,CA,30.76,0.0,665.0,669.0,3.0,46.4,17.0,Individual,5,High Risk,Manual Review
88665266,33600.0, 60 months,25.69,F,F1,10+ years,RENT,72535.0,Verified,debt_consolidation,TX,31.08,1.0,670.0,674.0,0.0,69.7,23.0,Individual,6,High Risk,Manual Review
88212085,17475.0, 60 months,22.39,E,E1,10+ years,OWN,38000.0,Verified,debt_consolidation,MO,32.91,0.0,715.0,719.0,0.0,83.2,17.0,Individual,6,High Risk,Manual Review
88851903,12000.0, 60 months,18.99,D,D3,8 years,RENT,75000.0,Not Verified,debt_consolidation,NY,32.83,1.0,675.0,679.0,0.0,91.8,17.0,Individual,5,High Risk,Manual Review
88811817,17600.0, 36 months,23.99,E,E2,6 years,RENT,40000.0,Verified,credit_card,FL,30.84,0.0,680.0,684.0,0.0,44.6,25.0,Individual,5,High Risk,Manual Review
88533297,13600.0, 60 months,22.39,E,E1,1 year,MORTGAGE,39900.0,Source Verified,debt_consolidation,IN,24.9,1.0,665.0,669.0,0.0,94.2,23.0,Individual,5,High Risk,Manual Review
88831452,22925.0, 36 months,22.39,E,E1,2 years,MORTGAGE,56000.0,Not Verified,home_improvement,WA,32.85,1.0,730.0,734.0,4.0,27.5,65.0,Individual,6,High Risk,Manual Review
88146252,19800.0, 60 months,22.39,E,E1,1 year,MORTGAGE,45000.0,Source Verified,debt_consolidation,OH,30.75,0.0,705.0,709.0,0.0,68.3,17.0,Individual,5,High Risk,Manual Review
88758333,20000.0, 60 months,23.99,E,E2,10+ years,RENT,110000.0,Verified,other,MN,30.94,0.0,685.0,689.0,0.0,78.2,34.0,Individual,5,High Risk,Manual Review
88758678,19000.0, 60 months,27.49,F,F4,2 years,RENT,50000.0,Not Verified,debt_consolidation,HI,34.88,0.0,690.0,694.0,2.0,40.8,44.0,Individual,5,High Risk,Manual Review
88352352,18750.0, 36 months,25.69,F,F1,10+ years,RENT,55000.0,Not Verified,debt_consolidation,NY,30.66,0.0,660.0,664.0,1.0,74.7,14.0,Individual,5,High Risk,Manual Review
88791078,28250.0, 60 months,26.49,F,F2,10+ years,RENT,56500.0,Not Verified,debt_consolidation,NJ,32.58,0.0,685.0,689.0,0.0,44.8,18.0,Individual,5,High Risk,Manual Review
88594748,10200.0, 60 months,29.67,G,G3,4 years,RENT,30000.0,Verified,debt_consolidation,OH,33.68,0.0,685.0,689.0,1.0,94.0,8.0,Individual,6,High Risk,Manual Review
88047708,14000.0, 60 months,15.59,C,C5,10+ years,RENT,86144.64,Verified,debt_consolidation,VA,30.73,1.0,665.0,669.0,3.0,82.0,36.0,Individual,5,High Risk,Manual Review
88157037,19725.0, 60 months,25.69,F,F1,10+ years,RENT,47000.0,Source Verified,debt_consolidation,CA,30.18,0.0,675.0,679.0,0.0,42.6,57.0,Individual,5,High Risk,Manual Review
88584386,15000.0, 60 months,27.49,F,F4,7 years,RENT,66000.0,Verified,debt_consolidation,TX,32.13,0.0,670.0,674.0,4.0,100.0,37.0,Individual,6,High Risk,Manual Review
88850957,20000.0, 60 months,25.29,E,E5,10+ years,MORTGAGE,65000.0,Verified,debt_consolidation,FL,32.02,0.0,675.0,679.0,1.0,44.3,19.0,Individual,5,High Risk,Manual Review
88595707,25000.0, 36 months,23.99,E,E2,2 years,RENT,96000.0,Not Verified,debt_consolidation,OH,32.96,0.0,695.0,699.0,2.0,52.5,44.0,Individual,5,High Risk,Manual Review
88505514,28000.0, 60 months,24.49,E,E3,10+ years,MORTGAGE,100000.0,Source Verified,other,NY,22.56,1.0,665.0,669.0,0.0,87.7,29.0,Individual,5,High Risk,Manual Review
88747046,21225.0, 36 months,25.69,F,F1,,RENT,52297.0,Verified,debt_consolidation,FL,34.28,0.0,660.0,664.0,1.0,75.0,33.0,Individual,5,High Risk,Manual Review
88023241,4800.0, 36 months,26.49,F,F2,< 1 year,RENT,16000.0,Verified,debt_consolidation,CO,30.83,0.0,670.0,674.0,2.0,94.1,13.0,Individual,6,High Risk,Manual Review
87997880,26500.0, 60 months,22.39,E,E1,1 year,RENT,65000.0,Source Verified,credit_card,TX,34.2,0.0,700.0,704.0,0.0,75.9,21.0,Individual,5,High Risk,Manual Review
88222791,10675.0, 60 months,27.49,F,F4,10+ years,MORTGAGE,71000.0,Source Verified,debt_consolidation,NC,34.89,0.0,670.0,674.0,0.0,97.0,26.0,Individual,6,High Risk,Manual Review
88301136,14000.0, 60 months,24.99,E,E4,10+ years,MORTGAGE,55000.0,Not Verified,small_business,NY,30.67,0.0,765.0,769.0,3.0,10.0,45.0,Individual,5,High Risk,Manual Review
88684071,8000.0, 36 months,26.99,F,F3,8 years,OWN,80000.0,Verified,other,TX,31.88,0.0,670.0,674.0,0.0,28.7,25.0,Individual,5,High Risk,Manual Review
88643858,35000.0, 36 months,25.69,F,F1,7 years,OWN,95924.0,Verified,credit_card,AL,34.85,0.0,680.0,684.0,1.0,50.4,42.0,Individual,5,High Risk,Manual Review
88442169,7400.0, 36 months,25.29,E,E5,< 1 year,MORTGAGE,42000.0,Source Verified,car,OH,32.54,0.0,685.0,689.0,0.0,63.5,40.0,Individual,5,High Risk,Manual Review
88623634,12000.0, 60 months,24.49,E,E3,3 years,MORTGAGE,72800.0,Source Verified,debt_consolidation,NY,28.55,1.0,670.0,674.0,2.0,90.2,29.0,Individual,5,High Risk,Manual Review
88573947,1000.0, 36 months,17.99,D,D2,1 year,RENT,34888.0,Verified,other,TX,31.41,1.0,670.0,674.0,0.0,82.6,24.0,Individual,5,High Risk,Manual Review
88301239,5975.0, 36 months,25.29,E,E5,10+ years,MORTGAGE,39700.0,Verified,home_improvement,OH,31.74,0.0,660.0,664.0,4.0,20.8,66.0,Individual,5,High Risk,Manual Review
88207051,7875.0, 36 months,22.39,E,E1,4 years,MORTGAGE,140000.0,Not Verified,debt_consolidation,IL,32.67,0.0,685.0,689.0,0.0,83.6,23.0,Individual,6,High Risk,Manual Review
88554193,14000.0, 60 months,26.99,F,F3,2 years,MORTGAGE,65000.0,Source Verified,debt_consolidation,TX,30.96,0.0,665.0,669.0,0.0,73.5,35.0,Individual,5,High Risk,Manual Review
88147270,12075.0, 36 months,22.39,E,E1,3 years,RENT,45600.0,Verified,debt_consolidation,IL,31.97,1.0,690.0,694.0,1.0,50.0,39.0,Individual,6,High Risk,Manual Review
88210104,19750.0, 36 months,23.99,E,E2,10+ years,RENT,52000.0,Verified,debt_consolidation,NJ,34.83,0.0,665.0,669.0,0.0,81.5,20.0,Individual,6,High Risk,Manual Review
88743297,11200.0, 60 months,22.39,E,E1,< 1 year,RENT,51000.0,Source Verified,debt_consolidation,AZ,33.39,0.0,690.0,694.0,1.0,51.2,50.0,Individual,5,High Risk,Manual Review
88007400,20000.0, 60 months,24.99,E,E4,10+ years,RENT,58000.0,Source Verified,debt_consolidation,CA,31.51,0.0,665.0,669.0,1.0,58.2,21.0,Individual,5,High Risk,Manual Review
88574354,13125.0, 60 months,27.79,F,F5,4 years,MORTGAGE,45000.0,Source Verified,debt_consolidation,AK,32.21,0.0,695.0,699.0,0.0,97.9,21.0,Individual,6,High Risk,Manual Review
88684489,13850.0, 60 months,24.99,E,E4,6 years,MORTGAGE,35000.0,Source Verified,debt_consolidation,TN,33.74,0.0,665.0,669.0,0.0,79.0,25.0,Individual,5,High Risk,Manual Review
88432970,15125.0, 60 months,19.99,D,D4,10+ years,RENT,51000.0,Source Verified,debt_consolidation,SD,32.4,1.0,675.0,679.0,0.0,82.7,28.0,Individual,5,High Risk,Manual Review
88168846,10350.0, 60 months,27.79,F,F5,3 years,MORTGAGE,51000.0,Verified,debt_consolidation,AL,32.99,2.0,670.0,674.0,0.0,102.2,22.0,Individual,7,High Risk,Manual Review
88211183,21275.0, 60 months,29.67,G,G3,10+ years,RENT,56000.0,Verified,debt_consolidation,MA,34.53,1.0,660.0,664.0,0.0,58.9,16.0,Individual,6,High Risk,Manual Review
88423098,19200.0, 60 months,24.49,E,E3,10+ years,MORTGAGE,115000.0,Not Verified,debt_consolidation,ID,30.23,0.0,685.0,689.0,1.0,51.1,38.0,Individual,5,High Risk,Manual Review
88513558,23000.0, 60 months,22.39,E,E1,10+ years,MORTGAGE,56259.0,Verified,home_improvement,NY,30.16,0.0,670.0,674.0,0.0,24.9,34.0,Individual,5,High Risk,Manual Review
88525576,29500.0, 60 months,24.49,E,E3,10+ years,MORTGAGE,59000.0,Source Verified,debt_consolidation,CA,27.62,3.0,660.0,664.0,0.0,95.6,12.0,Individual,5,High Risk,Manual Review
88643917,16000.0, 60 months,23.99,E,E2,10+ years,MORTGAGE,96000.0,Verified,debt_consolidation,AK,32.76,0.0,680.0,684.0,0.0,93.6,35.0,Individual,6,High Risk,Manual Review
88515638,18950.0, 60 months,24.49,E,E3,5 years,OWN,59000.0,Not Verified,debt_consolidation,MI,30.45,0.0,700.0,704.0,0.0,54.3,27.0,Individual,5,High Risk,Manual Review
88208237,20000.0, 60 months,26.49,F,F2,7 years,RENT,60000.0,Verified,debt_consolidation,MO,34.72,0.0,660.0,664.0,0.0,64.6,38.0,Individual,5,High Risk,Manual Review
88186470,10000.0, 60 months,24.99,E,E4,10+ years,MORTGAGE,85350.0,Verified,debt_consolidation,MD,31.27,0.0,670.0,674.0,1.0,94.2,14.0,Individual,6,High Risk,Manual Review
88156616,32350.0, 60 months,26.99,F,F3,10+ years,MORTGAGE,72733.0,Verified,debt_consolidation,AZ,32.92,1.0,695.0,699.0,0.0,97.0,22.0,Individual,7,High Risk,Manual Review
88331488,18000.0, 60 months,24.99,E,E4,5 years,MORTGAGE,60000.0,Source Verified,debt_consolidation,WI,34.86,3.0,670.0,674.0,2.0,84.3,36.0,Individual,7,High Risk,Manual Review
88515527,25725.0, 36 months,23.99,E,E2,10+ years,MORTGAGE,115000.0,Not Verified,home_improvement,CA,33.62,0.0,665.0,669.0,1.0,62.2,51.0,Individual,5,High Risk,Manual Review
88116641,23900.0, 36 months,26.49,F,F2,10+ years,RENT,52000.0,Verified,debt_consolidation,CA,30.12,0.0,690.0,694.0,0.0,66.0,13.0,Individual,5,High Risk,Manual Review
88063782,20000.0, 60 months,25.29,E,E5,5 years,RENT,95000.0,Verified,other,CA,33.92,0.0,680.0,684.0,1.0,51.8,36.0,Individual,5,High Risk,Manual Review
88005410,24000.0, 60 months,25.29,E,E5,10+ years,MORTGAGE,100000.0,Not Verified,debt_consolidation,MO,30.82,0.0,755.0,759.0,0.0,19.1,50.0,Individual,5,High Risk,Manual Review
88583581,3000.0, 36 months,23.99,E,E2,9 years,MORTGAGE,112343.0,Source Verified,vacation,TX,32.82,0.0,675.0,679.0,1.0,93.2,54.0,Individual,6,High Risk,Manual Review
88065434,26000.0, 60 months,24.49,E,E3,6 years,MORTGAGE,86000.0,Source Verified,debt_consolidation,VA,15.84,2.0,665.0,669.0,1.0,91.0,19.0,Individual,5,High Risk,Manual Review
88713693,13600.0, 60 months,26.49,F,F2,3 years,RENT,34500.0,Verified,debt_consolidation,TX,34.05,0.0,685.0,689.0,1.0,50.0,21.0,Individual,5,High Risk,Manual Review
88472187,5200.0, 36 months,25.29,E,E5,4 years,RENT,18999.0,Verified,other,FL,30.95,0.0,690.0,694.0,1.0,46.5,8.0,Individual,5,High Risk,Manual Review
88207566,19250.0, 36 months,24.49,E,E3,10+ years,RENT,41866.0,Verified,debt_consolidation,FL,32.88,0.0,690.0,694.0,0.0,68.3,20.0,Individual,5,High Risk,Manual Review
88178678,13900.0, 60 months,22.39,E,E1,8 years,OWN,34800.0,Source Verified,debt_consolidation,NM,31.92,0.0,675.0,679.0,0.0,92.0,19.0,Individual,6,High Risk,Manual Review
88733574,30000.0, 60 months,25.69,F,F1,10+ years,MORTGAGE,100000.0,Source Verified,debt_consolidation,MA,31.0,0.0,705.0,709.0,0.0,55.2,31.0,Individual,5,High Risk,Manual Review
88583429,15575.0, 36 months,23.99,E,E2,1 year,OWN,62000.0,Verified,debt_consolidation,FL,30.95,0.0,690.0,694.0,2.0,45.8,19.0,Individual,5,High Risk,Manual Review
88220627,27450.0, 60 months,25.69,F,F1,6 years,MORTGAGE,70000.0,Source Verified,debt_consolidation,NY,34.34,0.0,665.0,669.0,0.0,70.7,20.0,Individual,5,High Risk,Manual Review
88453245,6000.0, 36 months,17.99,D,D2,10+ years,MORTGAGE,75000.0,Verified,debt_consolidation,MO,30.32,1.0,665.0,669.0,1.0,91.3,24.0,Individual,5,High Risk,Manual Review
88206351,20000.0, 60 months,25.69,F,F1,10+ years,MORTGAGE,72000.0,Source Verified,debt_consolidation,TX,30.92,0.0,715.0,719.0,1.0,0.1,21.0,Individual,5,High Risk,Manual Review
88523306,10200.0, 60 months,25.69,F,F1,2 years,MORTGAGE,44500.0,Not Verified,debt_consolidation,GA,28.99,1.0,665.0,669.0,0.0,89.1,14.0,Individual,5,High Risk,Manual Review
88383259,7500.0, 36 months,25.29,E,E5,9 years,RENT,29880.0,Source Verified,debt_consolidation,CO,33.45,0.0,675.0,679.0,1.0,30.1,21.0,Individual,5,High Risk,Manual Review
87004067,35000.0, 60 months,22.39,E,E1,2 years,MORTGAGE,240000.0,Source Verified,debt_consolidation,CA,15.47,2.0,670.0,674.0,1.0,80.2,27.0,Individual,5,High Risk,Manual Review
88026146,16500.0, 60 months,29.67,G,G3,6 years,MORTGAGE,65000.0,Source Verified,credit_card,KS,33.9,0.0,675.0,679.0,0.0,62.4,30.0,Individual,5,High Risk,Manual Review
88493282,24000.0, 60 months,22.39,E,E1,10+ years,MORTGAGE,300000.0,Verified,other,MO,8.74,2.0,700.0,704.0,0.0,89.2,26.0,Individual,5,High Risk,Manual Review
88694650,35000.0, 60 months,22.39,E,E1,2 years,MORTGAGE,90000.0,Source Verified,credit_card,AL,32.05,1.0,660.0,664.0,0.0,81.2,28.0,Individual,7,High Risk,Manual Review
87033045,20550.0, 60 months,27.79,F,F5,10+ years,RENT,55000.0,Verified,debt_consolidation,LA,32.4,1.0,670.0,674.0,0.0,49.5,26.0,Individual,6,High Risk,Manual Review
87998325,20000.0, 60 months,25.29,E,E5,1 year,RENT,60000.0,Verified,debt_consolidation,OR,30.6,0.0,665.0,669.0,0.0,85.9,34.0,Individual,6,High Risk,Manual Review
88261461,15450.0, 60 months,26.49,F,F2,10+ years,MORTGAGE,80000.0,Not Verified,credit_card,NC,30.48,0.0,680.0,684.0,0.0,59.5,27.0,Individual,5,High Risk,Manual Review
88343021,28000.0, 60 months,25.29,E,E5,5 years,MORTGAGE,115884.0,Verified,credit_card,MI,33.45,0.0,685.0,689.0,1.0,99.0,29.0,Individual,6,High Risk,Manual Review
88323000,9600.0, 36 months,23.99,E,E2,10+ years,RENT,40000.0,Source Verified,other,NY,33.99,0.0,660.0,664.0,1.0,16.9,37.0,Individual,5,High Risk,Manual Review
88452055,35000.0, 36 months,26.49,F,F2,4 years,MORTGAGE,176442.0,Verified,debt_consolidation,FL,21.63,4.0,670.0,674.0,0.0,84.5,22.0,Individual,5,High Risk,Manual Review
88461883,15725.0, 60 months,25.29,E,E5,10+ years,RENT,48000.0,Source Verified,credit_card,LA,32.33,0.0,680.0,684.0,0.0,91.0,18.0,Individual,6,High Risk,Manual Review
88261170,12200.0, 36 months,25.69,F,F1,4 years,MORTGAGE,65000.0,Verified,debt_consolidation,CO,30.67,0.0,665.0,669.0,2.0,86.0,22.0,Individual,6,High Risk,Manual Review
87345726,16800.0, 60 months,22.39,E,E1,5 years,OWN,45000.0,Verified,debt_consolidation,PA,30.69,0.0,690.0,694.0,1.0,70.5,10.0,Individual,5,High Risk,Manual Review
88211662,35000.0, 60 months,27.79,F,F5,2 years,RENT,80000.0,Verified,debt_consolidation,CA,34.82,0.0,665.0,669.0,1.0,92.0,37.0,Individual,6,High Risk,Manual Review
88229382,8600.0, 36 months,25.29,E,E5,7 years,OWN,32000.0,Verified,debt_consolidation,NJ,33.67,0.0,665.0,669.0,1.0,22.1,24.0,Individual,5,High Risk,Manual Review
88169175,25000.0, 36 months,22.39,E,E1,10+ years,MORTGAGE,78500.0,Verified,debt_consolidation,TX,30.16,0.0,720.0,724.0,0.0,41.5,31.0,Individual,5,High Risk,Manual Review
88136547,35000.0, 60 months,26.49,F,F2,10+ years,MORTGAGE,114019.0,Source Verified,credit_card,AL,30.23,0.0,680.0,684.0,1.0,89.2,27.0,Individual,6,High Risk,Manual Review
88251934,30000.0, 60 months,29.67,G,G3,10+ years,MORTGAGE,90000.0,Verified,debt_consolidation,FL,31.64,0.0,665.0,669.0,0.0,64.2,29.0,Individual,5,High Risk,Manual Review
88108681,5000.0, 36 months,22.39,E,E1,8 years,RENT,85000.0,Verified,major_purchase,MI,33.6,1.0,685.0,689.0,0.0,71.4,43.0,Individual,6,High Risk,Manual Review
88573735,12000.0, 60 months,24.49,E,E3,1 year,RENT,49000.0,Not Verified,debt_consolidation,CA,17.05,1.0,685.0,689.0,0.0,99.1,15.0,Individual,5,High Risk,Manual Review
88036734,7825.0, 36 months,17.99,D,D2,10+ years,OWN,52000.0,Source Verified,debt_consolidation,NE,34.06,2.0,670.0,674.0,1.0,93.9,35.0,Individual,5,High Risk,Manual Review
87968444,12525.0, 60 months,27.49,F,F4,3 years,RENT,33000.0,Not Verified,credit_card,CA,31.35,0.0,675.0,679.0,0.0,21.6,21.0,Individual,5,High Risk,Manual Review
88614243,8000.0, 36 months,23.99,E,E2,5 years,OWN,38000.0,Source Verified,other,NY,32.19,0.0,735.0,739.0,2.0,12.9,24.0,Individual,5,High Risk,Manual Review
88057238,8375.0, 36 months,25.69,F,F1,,RENT,31000.0,Verified,debt_consolidation,AZ,34.26,0.0,670.0,674.0,0.0,59.0,21.0,Individual,5,High Risk,Manual Review
88222032,35000.0, 60 months,26.99,F,F3,10+ years,MORTGAGE,88000.0,Not Verified,debt_consolidation,NY,34.35,0.0,685.0,689.0,1.0,36.1,21.0,Individual,5,High Risk,Manual Review
87987583,15000.0, 60 months,26.99,F,F3,< 1 year,RENT,35000.0,Source Verified,debt_consolidation,WY,30.93,0.0,685.0,689.0,1.0,69.4,49.0,Individual,5,High Risk,Manual Review
88199355,18550.0, 60 months,28.18,G,G1,3 years,OWN,53000.0,Verified,debt_consolidation,NC,33.49,0.0,695.0,699.0,1.0,36.1,19.0,Individual,5,High Risk,Manual Review
87986268,29325.0, 36 months,24.49,E,E3,10+ years,MORTGAGE,80000.0,Verified,credit_card,CA,30.27,2.0,680.0,684.0,0.0,66.8,41.0,Individual,6,High Risk,Manual Review
88211237,30000.0, 60 months,24.99,E,E4,9 years,RENT,60000.0,Verified,debt_consolidation,MD,34.62,0.0,710.0,714.0,0.0,78.1,30.0,Individual,5,High Risk,Manual Review
88014022,24000.0, 36 months,22.39,E,E1,10+ years,RENT,97000.0,Verified,credit_card,FL,30.46,0.0,700.0,704.0,2.0,50.4,34.0,Individual,5,High Risk,Manual Review
88431952,14400.0, 60 months,24.49,E,E3,10+ years,MORTGAGE,62000.0,Source Verified,credit_card,FL,33.86,0.0,680.0,684.0,0.0,41.5,45.0,Individual,5,High Risk,Manual Review
88007162,6900.0, 36 months,25.29,E,E5,< 1 year,RENT,48000.0,Not Verified,debt_consolidation,HI,24.15,4.0,660.0,664.0,2.0,92.0,25.0,Individual,5,High Risk,Manual Review
88007017,14275.0, 60 months,25.29,E,E5,7 years,MORTGAGE,78500.0,Verified,debt_consolidation,CT,34.69,0.0,675.0,679.0,0.0,71.0,24.0,Individual,5,High Risk,Manual Review
88066833,25000.0, 60 months,25.69,F,F1,10+ years,RENT,90000.0,Verified,credit_card,CT,30.52,1.0,695.0,699.0,1.0,55.3,31.0,Individual,6,High Risk,Manual Review
88401622,8500.0, 36 months,25.69,F,F1,9 years,RENT,25000.0,Source Verified,debt_consolidation,WA,33.07,0.0,685.0,689.0,1.0,27.9,22.0,Individual,5,High Risk,Manual Review
88066480,16900.0, 36 months,24.99,E,E4,10+ years,MORTGAGE,75000.0,Source Verified,debt_consolidation,MD,32.77,2.0,660.0,664.0,1.0,72.2,19.0,Individual,6,High Risk,Manual Review
88183938,12500.0, 36 months,24.49,E,E3,2 years,RENT,25000.0,Source Verified,credit_card,NY,31.59,1.0,695.0,699.0,0.0,32.4,14.0,Individual,6,High Risk,Manual Review
88493605,35700.0, 60 months,25.29,E,E5,3 years,MORTGAGE,71423.04,Source Verified,debt_consolidation,CA,31.76,1.0,695.0,699.0,0.0,42.8,31.0,Individual,6,High Risk,Manual Review
87105889,12900.0, 60 months,25.29,E,E5,2 years,OWN,32000.0,Source Verified,debt_consolidation,IN,30.95,2.0,660.0,664.0,0.0,37.9,20.0,Individual,6,High Risk,Manual Review
88493184,12000.0, 36 months,16.99,D,D1,10+ years,RENT,52000.0,Source Verified,credit_card,PA,34.71,3.0,660.0,664.0,2.0,82.1,26.0,Individual,5,High Risk,Manual Review
88301888,19800.0, 60 months,26.99,F,F3,7 years,RENT,44000.0,Verified,debt_consolidation,NV,30.28,0.0,675.0,679.0,3.0,58.0,21.0,Individual,5,High Risk,Manual Review
88026349,12000.0, 60 months,24.49,E,E3,10+ years,MORTGAGE,85000.0,Verified,home_improvement,NY,31.74,0.0,705.0,709.0,3.0,40.4,56.0,Individual,5,High Risk,Manual Review
88401196,25000.0, 60 months,22.39,E,E1,4 years,MORTGAGE,69000.0,Verified,debt_consolidation,VA,30.12,1.0,660.0,664.0,2.0,34.3,43.0,Individual,6,High Risk,Manual Review
88352603,20000.0, 60 months,24.49,E,E3,4 years,MORTGAGE,60000.0,Source Verified,credit_card,OH,30.7,0.0,690.0,694.0,0.0,84.1,19.0,Individual,6,High Risk,Manual Review
88138446,35000.0, 60 months,24.99,E,E4,10+ years,MORTGAGE,200000.0,Verified,debt_consolidation,MA,30.13,0.0,670.0,674.0,1.0,74.0,31.0,Individual,5,High Risk,Manual Review
88381387,12000.0, 60 months,26.49,F,F2,,RENT,69960.0,Verified,debt_consolidation,TX,34.28,0.0,665.0,669.0,1.0,93.4,31.0,Individual,6,High Risk,Manual Review
88401613,17950.0, 36 months,23.99,E,E2,10+ years,MORTGAGE,51000.0,Verified,debt_consolidation,FL,31.76,0.0,685.0,689.0,3.0,54.0,25.0,Individual,5,High Risk,Manual Review
88673171,10000.0, 60 months,24.49,E,E3,10+ years,OWN,100000.0,Not Verified,other,AK,33.0,0.0,685.0,689.0,0.0,78.8,32.0,Individual,5,High Risk,Manual Review
88381397,17350.0, 36 months,27.49,F,F4,10+ years,RENT,78669.0,Verified,debt_consolidation,WA,31.23,0.0,665.0,669.0,0.0,102.9,21.0,Individual,6,High Risk,Manual Review
87365644,16800.0, 60 months,25.29,E,E5,10+ years,RENT,60000.0,Not Verified,other,IL,32.05,0.0,670.0,674.0,0.0,35.1,33.0,Individual,5,High Risk,Manual Review
88292113,6200.0, 36 months,23.99,E,E2,10+ years,RENT,37000.0,Source Verified,debt_consolidation,NM,31.67,0.0,660.0,664.0,0.0,28.3,36.0,Individual,5,High Risk,Manual Review
88219730,18300.0, 60 months,29.96,G,G4,,MORTGAGE,111628.0,Source Verified,debt_consolidation,TN,15.02,1.0,680.0,684.0,0.0,95.5,21.0,Individual,5,High Risk,Manual Review
87973823,10100.0, 60 months,27.49,F,F4,3 years,MORTGAGE,48000.0,Source Verified,debt_consolidation,NY,32.45,0.0,665.0,669.0,1.0,64.0,19.0,Individual,5,High Risk,Manual Review
87965274,30000.0, 60 months,22.39,E,E1,3 years,RENT,115000.0,Verified,debt_consolidation,FL,14.94,2.0,665.0,669.0,0.0,88.4,23.0,Individual,5,High Risk,Manual Review
88209133,5000.0, 36 months,23.99,E,E2,,MORTGAGE,30000.0,Verified,debt_consolidation,NC,32.28,0.0,665.0,669.0,0.0,69.3,14.0,Individual,5,High Risk,Manual Review
88432768,21000.0, 60 months,25.69,F,F1,1 year,MORTGAGE,45000.0,Not Verified,credit_card,OH,34.51,0.0,695.0,699.0,1.0,46.4,31.0,Individual,5,High Risk,Manual Review
88261615,6000.0, 36 months,22.39,E,E1,10+ years,RENT,73000.0,Source Verified,debt_consolidation,FL,32.45,0.0,670.0,674.0,0.0,79.5,39.0,Individual,5,High Risk,Manual Review
88157993,9625.0, 36 months,24.49,E,E3,2 years,RENT,26800.0,Verified,debt_consolidation,TX,33.88,0.0,695.0,699.0,0.0,47.7,12.0,Individual,5,High Risk,Manual Review
88003458,40000.0, 60 months,25.29,E,E5,6 years,MORTGAGE,236000.0,Verified,home_improvement,MN,31.65,1.0,680.0,684.0,2.0,57.2,64.0,Individual,6,High Risk,Manual Review
88219626,28800.0, 60 months,28.18,G,G1,,MORTGAGE,64000.0,Verified,debt_consolidation,GA,33.19,0.0,670.0,674.0,3.0,56.0,51.0,Individual,5,High Risk,Manual Review
87960231,30000.0, 36 months,24.99,E,E4,10+ years,RENT,99999.0,Verified,credit_card,NY,31.04,1.0,670.0,674.0,1.0,78.2,18.0,Individual,6,High Risk,Manual Review
88108596,12000.0, 36 months,25.69,F,F1,< 1 year,RENT,36000.0,Source Verified,debt_consolidation,CA,33.8,0.0,675.0,679.0,1.0,50.9,11.0,Individual,5,High Risk,Manual Review
87977328,23100.0, 36 months,22.39,E,E1,,MORTGAGE,55000.0,Verified,debt_consolidation,GA,32.36,0.0,695.0,699.0,0.0,78.2,22.0,Individual,5,High Risk,Manual Review
88372995,17000.0, 60 months,25.69,F,F1,1 year,RENT,57000.0,Source Verified,debt_consolidation,AR,32.27,1.0,675.0,679.0,1.0,93.7,60.0,Individual,7,High Risk,Manual Review
88132417,24000.0, 60 months,25.69,F,F1,8 years,MORTGAGE,95000.0,Verified,debt_consolidation,MI,33.17,0.0,670.0,674.0,1.0,61.5,34.0,Individual,5,High Risk,Manual Review
88157834,26875.0, 60 months,29.96,G,G4,10+ years,MORTGAGE,62148.0,Verified,debt_consolidation,AL,30.01,1.0,665.0,669.0,0.0,86.8,24.0,Individual,7,High Risk,Manual Review
87999062,30000.0, 60 months,22.39,E,E1,10+ years,MORTGAGE,77450.0,Verified,debt_consolidation,MD,34.41,0.0,715.0,719.0,0.0,72.9,50.0,Individual,5,High Risk,Manual Review
86963469,6000.0, 36 months,22.39,E,E1,,RENT,21000.0,Verified,debt_consolidation,CA,33.19,1.0,670.0,674.0,1.0,29.6,29.0,Individual,6,High Risk,Manual Review
87967563,18550.0, 36 months,23.99,E,E2,1 year,RENT,70000.0,Source Verified,medical,MN,30.52,0.0,675.0,679.0,0.0,62.4,39.0,Individual,5,High Risk,Manual Review
88219569,12500.0, 60 months,26.99,F,F3,1 year,RENT,36940.0,Source Verified,debt_consolidation,MI,32.52,0.0,690.0,694.0,2.0,42.7,20.0,Individual,5,High Risk,Manual Review
87963860,20000.0, 60 months,24.99,E,E4,1 year,RENT,65000.0,Verified,debt_consolidation,ME,32.76,0.0,660.0,664.0,0.0,77.6,28.0,Individual,5,High Risk,Manual Review
88281869,11200.0, 60 months,24.49,E,E3,8 years,OWN,35000.0,Source Verified,other,PA,30.25,0.0,685.0,689.0,0.0,72.7,23.0,Individual,5,High Risk,Manual Review
87194849,27475.0, 60 months,28.88,G,G2,10+ years,MORTGAGE,75000.0,Verified,debt_consolidation,MS,31.78,0.0,675.0,679.0,0.0,43.2,32.0,Individual,5,High Risk,Manual Review
88352238,25000.0, 60 months,26.49,F,F2,10+ years,MORTGAGE,63800.0,Verified,debt_consolidation,VA,31.58,0.0,695.0,699.0,0.0,68.7,30.0,Individual,5,High Risk,Manual Review
88087315,5175.0, 36 months,22.39,E,E1,< 1 year,RENT,24000.0,Not Verified,debt_consolidation,NY,34.8,0.0,665.0,669.0,0.0,38.1,31.0,Individual,5,High Risk,Manual Review
88291947,28000.0, 60 months,26.99,F,F3,6 years,RENT,70000.0,Not Verified,debt_consolidation,FL,30.04,0.0,665.0,669.0,0.0,51.8,43.0,Individual,5,High Risk,Manual Review
88451675,22150.0, 60 months,25.69,F,F1,10+ years,MORTGAGE,92000.0,Source Verified,debt_consolidation,CA,30.49,0.0,670.0,674.0,0.0,40.1,26.0,Individual,5,High Risk,Manual Review
88108801,16000.0, 60 months,26.49,F,F2,10+ years,RENT,42000.0,Not Verified,debt_consolidation,SC,33.46,1.0,660.0,664.0,2.0,61.0,25.0,Individual,6,High Risk,Manual Review
86107678,8400.0, 36 months,25.69,F,F1,< 1 year,RENT,35500.0,Verified,debt_consolidation,TX,32.22,0.0,695.0,699.0,0.0,37.1,15.0,Individual,5,High Risk,Manual Review
88292147,18100.0, 36 months,23.99,E,E2,10+ years,MORTGAGE,94000.0,Verified,debt_consolidation,WA,31.47,0.0,660.0,664.0,1.0,83.2,28.0,Individual,6,High Risk,Manual Review
88078716,20000.0, 36 months,25.69,F,F1,10+ years,RENT,45000.0,Verified,debt_consolidation,NY,32.3,1.0,675.0,679.0,1.0,56.9,29.0,Individual,6,High Risk,Manual Review
88441129,35000.0, 60 months,26.49,F,F2,10+ years,MORTGAGE,110000.0,Source Verified,debt_consolidation,NY,30.15,1.0,670.0,674.0,2.0,26.2,42.0,Individual,6,High Risk,Manual Review
88088806,10000.0, 60 months,26.49,F,F2,4 years,MORTGAGE,31000.0,Source Verified,car,IN,33.76,1.0,670.0,674.0,1.0,60.9,37.0,Individual,6,High Risk,Manual Review
88076090,15000.0, 36 months,22.39,E,E1,3 years,RENT,65000.0,Source Verified,debt_consolidation,CA,33.09,0.0,690.0,694.0,4.0,34.1,37.0,Individual,5,High Risk,Manual Review
88271932,12000.0, 36 months,24.49,E,E3,,OWN,40000.0,Not Verified,debt_consolidation,MD,33.54,0.0,710.0,714.0,0.0,40.6,11.0,Individual,5,High Risk,Manual Review
88007780,9000.0, 36 months,24.99,E,E4,10+ years,RENT,46000.0,Source Verified,debt_consolidation,MI,31.72,1.0,660.0,664.0,0.0,92.0,17.0,Individual,7,High Risk,Manual Review
88067643,11875.0, 36 months,23.99,E,E2,8 years,RENT,33000.0,Verified,debt_consolidation,CA,32.8,0.0,660.0,664.0,0.0,97.4,22.0,Individual,6,High Risk,Manual Review
88128537,8275.0, 36 months,26.49,F,F2,6 years,RENT,32529.0,Verified,major_purchase,IL,30.33,0.0,660.0,664.0,2.0,68.6,12.0,Individual,5,High Risk,Manual Review
88166880,34200.0, 60 months,26.99,F,F3,< 1 year,RENT,76000.0,Verified,debt_consolidation,FL,34.41,0.0,665.0,669.0,2.0,42.0,27.0,Individual,5,High Risk,Manual Review
88078629,10000.0, 36 months,22.39,E,E1,10+ years,RENT,34000.0,Not Verified,debt_consolidation,NY,34.52,0.0,670.0,674.0,0.0,72.3,23.0,Individual,5,High Risk,Manual Review
88097618,11875.0, 36 months,24.99,E,E4,5 years,RENT,33000.0,Verified,debt_consolidation,MI,32.15,0.0,680.0,684.0,1.0,35.3,10.0,Individual,5,High Risk,Manual Review
87987358,22725.0, 36 months,25.69,F,F1,2 years,RENT,50000.0,Verified,debt_consolidation,IN,31.04,1.0,680.0,684.0,0.0,56.7,20.0,Individual,6,High Risk,Manual Review
88220858,17250.0, 60 months,26.99,F,F3,10+ years,MORTGAGE,62000.0,Source Verified,debt_consolidation,VT,31.88,1.0,685.0,689.0,1.0,90.7,19.0,Individual,7,High Risk,Manual Review
87045551,10675.0, 60 months,27.49,F,F4,2 years,RENT,40000.0,Verified,debt_consolidation,CA,32.07,0.0,660.0,664.0,1.0,45.2,21.0,Individual,5,High Risk,Manual Review
88209928,10000.0, 36 months,15.59,C,C5,10+ years,RENT,82000.0,Verified,debt_consolidation,FL,34.78,1.0,675.0,679.0,0.0,88.5,17.0,Individual,5,High Risk,Manual Review
88210810,20000.0, 60 months,22.39,E,E1,10+ years,MORTGAGE,97000.0,Verified,debt_consolidation,IN,34.22,0.0,670.0,674.0,0.0,65.3,33.0,Individual,5,High Risk,Manual Review
88219355,12400.0, 60 months,22.39,E,E1,10+ years,OWN,31000.0,Source Verified,car,NC,11.96,3.0,660.0,664.0,0.0,92.1,12.0,Individual,5,High Risk,Manual Review
87824438,17850.0, 60 months,26.49,F,F2,10+ years,MORTGAGE,67000.0,Not Verified,debt_consolidation,WA,32.22,0.0,665.0,669.0,1.0,79.3,19.0,Individual,5,High Risk,Manual Review
86944967,30175.0, 60 months,25.29,E,E5,6 years,MORTGAGE,90000.0,Not Verified,debt_consolidation,TX,33.25,0.0,705.0,709.0,0.0,76.8,32.0,Individual,5,High Risk,Manual Review
88139349,8000.0, 36 months,22.39,E,E1,< 1 year,OWN,30000.0,Source Verified,other,OR,30.88,9.0,660.0,664.0,1.0,37.7,33.0,Individual,6,High Risk,Manual Review
88126219,35000.0, 60 months,22.39,E,E1,10+ years,MORTGAGE,115900.0,Verified,debt_consolidation,MI,15.95,3.0,675.0,679.0,2.0,84.0,32.0,Individual,5,High Risk,Manual Review
88007301,15000.0, 60 months,23.99,E,E2,1 year,MORTGAGE,75000.0,Verified,other,VA,34.31,0.0,695.0,699.0,0.0,55.0,34.0,Individual,5,High Risk,Manual Review
87968124,28800.0, 60 months,26.99,F,F3,< 1 year,RENT,130000.0,Verified,credit_card,CO,33.31,0.0,680.0,684.0,1.0,49.8,37.0,Individual,5,High Risk,Manual Review
88220784,15200.0, 36 months,22.39,E,E1,8 years,RENT,38000.0,Source Verified,debt_consolidation,TX,31.55,1.0,665.0,669.0,0.0,99.9,18.0,Individual,7,High Risk,Manual Review
87968421,16200.0, 36 months,22.39,E,E1,4 years,OWN,45000.0,Source Verified,debt_consolidation,IN,32.32,0.0,675.0,679.0,2.0,26.6,28.0,Individual,5,High Risk,Manual Review
88186854,15425.0, 36 months,23.99,E,E2,9 years,RENT,40600.0,Verified,credit_card,TN,31.95,0.0,675.0,679.0,0.0,69.7,12.0,Individual,5,High Risk,Manual Review
87254468,10000.0, 60 months,25.69,F,F1,9 years,MORTGAGE,86000.0,Source Verified,credit_card,LA,31.08,0.0,685.0,689.0,1.0,87.8,25.0,Individual,6,High Risk,Manual Review
85861653,10000.0, 36 months,24.99,E,E4,,RENT,38000.0,Verified,debt_consolidation,CA,31.17,0.0,700.0,704.0,0.0,92.9,13.0,Individual,6,High Risk,Manual Review
88176457,5500.0, 36 months,22.39,E,E1,,OWN,31380.0,Verified,debt_consolidation,NY,34.49,0.0,700.0,704.0,0.0,96.2,10.0,Individual,6,High Risk,Manual Review
86117545,16950.0, 60 months,30.99,G,G5,10+ years,MORTGAGE,53000.0,Verified,debt_consolidation,IN,34.4,0.0,665.0,669.0,1.0,67.8,22.0,Individual,5,High Risk,Manual Review
86523329,2000.0, 36 months,23.99,E,E2,1 year,RENT,52000.0,Source Verified,other,AL,25.6,2.0,660.0,664.0,0.0,83.7,26.0,Individual,5,High Risk,Manual Review
88107038,4500.0, 36 months,26.49,F,F2,4 years,MORTGAGE,15000.0,Source Verified,debt_consolidation,AZ,30.8,0.0,660.0,664.0,0.0,35.8,21.0,Individual,5,High Risk,Manual Review
87925489,25000.0, 36 months,28.18,G,G1,,OWN,70000.0,Verified,debt_consolidation,AZ,32.35,0.0,680.0,684.0,4.0,86.4,21.0,Individual,6,High Risk,Manual Review
88220545,10500.0, 60 months,26.49,F,F2,,RENT,25000.0,Not Verified,debt_consolidation,NY,32.52,0.0,705.0,709.0,1.0,27.6,32.0,Individual,5,High Risk,Manual Review
88195209,16000.0, 60 months,28.18,G,G1,2 years,MORTGAGE,40000.0,Verified,debt_consolidation,MD,30.99,0.0,660.0,664.0,0.0,69.9,13.0,Individual,5,High Risk,Manual Review
87996777,7450.0, 36 months,27.49,F,F4,3 years,MORTGAGE,41000.0,Verified,debt_consolidation,IL,31.67,1.0,660.0,664.0,2.0,59.1,27.0,Individual,6,High Risk,Manual Review
88013621,20000.0, 60 months,24.99,E,E4,10+ years,MORTGAGE,130000.0,Verified,credit_card,FL,31.62,0.0,695.0,699.0,0.0,61.0,36.0,Individual,5,High Risk,Manual Review
88146451,10000.0, 36 months,25.29,E,E5,2 years,RENT,46000.0,Source Verified,debt_consolidation,SC,33.39,1.0,660.0,664.0,0.0,31.3,19.0,Individual,6,High Risk,Manual Review
87988247,35000.0, 60 months,23.99,E,E2,6 years,RENT,150000.0,Verified,debt_consolidation,TX,30.13,0.0,690.0,694.0,2.0,98.0,39.0,Individual,6,High Risk,Manual Review
88096116,12825.0, 60 months,27.79,F,F5,1 year,MORTGAGE,45000.0,Source Verified,credit_card,IL,17.2,1.0,660.0,664.0,0.0,88.2,8.0,Individual,5,High Risk,Manual Review
88187940,25000.0, 36 months,24.49,E,E3,,MORTGAGE,85000.0,Not Verified,debt_consolidation,IL,33.93,0.0,725.0,729.0,1.0,90.2,17.0,Individual,6,High Risk,Manual Review
87965406,33100.0, 36 months,24.99,E,E4,10+ years,RENT,72000.0,Verified,other,NY,32.53,0.0,690.0,694.0,0.0,86.7,35.0,Individual,6,High Risk,Manual Review
88165047,16000.0, 60 months,24.99,E,E4,9 years,MORTGAGE,50000.0,Source Verified,debt_consolidation,SC,34.49,0.0,695.0,699.0,0.0,43.1,18.0,Individual,5,High Risk,Manual Review
88067531,3000.0, 36 months,23.99,E,E2,9 years,MORTGAGE,50960.0,Source Verified,credit_card,NM,31.44,0.0,680.0,684.0,1.0,96.1,31.0,Individual,6,High Risk,Manual Review
88107354,27700.0, 60 months,27.79,F,F5,10+ years,MORTGAGE,98000.0,Not Verified,credit_card,SC,33.66,0.0,695.0,699.0,2.0,77.2,31.0,Individual,5,High Risk,Manual Review
88075320,35000.0, 36 months,22.39,E,E1,10+ years,MORTGAGE,77250.0,Verified,debt_consolidation,TX,30.4,1.0,665.0,669.0,0.0,84.7,26.0,Individual,7,High Risk,Manual Review
87065693,32000.0, 60 months,22.39,E,E1,,MORTGAGE,85000.0,Verified,credit_card,NC,34.66,0.0,675.0,679.0,0.0,77.2,45.0,Individual,5,High Risk,Manual Review
88187799,2000.0, 36 months,25.29,E,E5,9 years,RENT,44304.0,Verified,moving,CA,31.87,0.0,660.0,664.0,3.0,76.5,27.0,Individual,5,High Risk,Manual Review
87814541,13325.0, 36 months,24.49,E,E3,9 years,RENT,45000.0,Verified,major_purchase,CA,32.61,0.0,710.0,714.0,0.0,7.8,11.0,Individual,5,High Risk,Manual Review
87985967,10875.0, 60 months,26.49,F,F2,3 years,MORTGAGE,40000.0,Source Verified,debt_consolidation,WA,30.66,0.0,660.0,664.0,1.0,75.5,24.0,Individual,5,High Risk,Manual Review
88006933,35000.0, 60 months,24.99,E,E4,5 years,RENT,147000.0,Source Verified,credit_card,AZ,12.78,1.0,660.0,664.0,1.0,89.2,35.0,Individual,5,High Risk,Manual Review
88002462,13000.0, 60 months,25.69,F,F1,5 years,RENT,36000.0,Verified,debt_consolidation,TX,30.33,0.0,690.0,694.0,0.0,62.1,16.0,Individual,5,High Risk,Manual Review
88185390,16000.0, 60 months,24.49,E,E3,7 years,MORTGAGE,55000.0,Source Verified,debt_consolidation,MN,32.29,0.0,685.0,689.0,0.0,67.7,28.0,Individual,5,High Risk,Manual Review
88006082,11325.0, 36 months,25.29,E,E5,9 years,MORTGAGE,50000.0,Verified,debt_consolidation,AZ,34.76,0.0,705.0,709.0,1.0,62.0,14.0,Individual,5,High Risk,Manual Review
88004179,20050.0, 60 months,28.88,G,G2,10+ years,MORTGAGE,81000.0,Source Verified,debt_consolidation,MT,34.95,0.0,690.0,694.0,0.0,84.6,25.0,Individual,6,High Risk,Manual Review
88124875,36000.0, 60 months,26.49,F,F2,2 years,MORTGAGE,97700.0,Verified,credit_card,CA,34.41,0.0,685.0,689.0,0.0,57.2,58.0,Individual,5,High Risk,Manual Review
87986405,19075.0, 36 months,18.99,D,D3,10+ years,RENT,62800.0,Verified,debt_consolidation,NC,32.3,1.0,730.0,734.0,0.0,92.2,19.0,Individual,5,High Risk,Manual Review
87102598,13450.0, 60 months,24.49,E,E3,10+ years,RENT,74500.0,Verified,debt_consolidation,NY,32.6,0.0,695.0,699.0,3.0,47.0,16.0,Individual,5,High Risk,Manual Review
87957536,12600.0, 60 months,25.29,E,E5,4 years,MORTGAGE,35000.0,Source Verified,debt_consolidation,OH,33.71,0.0,700.0,704.0,1.0,31.2,24.0,Individual,5,High Risk,Manual Review
85598850,35000.0, 36 months,24.49,E,E3,3 years,RENT,420000.0,Verified,small_business,CO,3.87,1.0,670.0,674.0,2.0,91.2,33.0,Individual,5,High Risk,Manual Review
88056847,14725.0, 36 months,16.99,D,D1,2 years,MORTGAGE,119900.0,Verified,credit_card,NJ,33.0,1.0,695.0,699.0,0.0,93.0,41.0,Individual,5,High Risk,Manual Review
88016631,22950.0, 60 months,24.49,E,E3,5 years,RENT,49944.0,Not Verified,debt_consolidation,TX,32.29,0.0,680.0,684.0,0.0,82.7,17.0,Individual,6,High Risk,Manual Review
88146143,22000.0, 60 months,28.88,G,G2,10+ years,MORTGAGE,100000.0,Source Verified,debt_consolidation,IN,16.08,4.0,660.0,664.0,3.0,81.1,27.0,Individual,5,High Risk,Manual Review
87957805,21000.0, 60 months,27.49,F,F4,9 years,RENT,117000.0,Verified,debt_consolidation,NV,34.04,0.0,675.0,679.0,2.0,96.9,42.0,Individual,6,High Risk,Manual Review
88083948,9600.0, 36 months,22.39,E,E1,< 1 year,MORTGAGE,53000.0,Verified,other,AZ,31.91,0.0,665.0,669.0,0.0,63.9,19.0,Individual,5,High Risk,Manual Review
88015974,10000.0, 36 months,22.39,E,E1,10+ years,MORTGAGE,80000.0,Source Verified,debt_consolidation,MO,24.33,1.0,660.0,664.0,1.0,85.5,19.0,Individual,5,High Risk,Manual Review
88219183,17600.0, 60 months,27.49,F,F4,10+ years,RENT,55000.0,Verified,other,NJ,31.84,1.0,660.0,664.0,1.0,34.1,47.0,Individual,6,High Risk,Manual Review
88196117,22400.0, 60 months,23.99,E,E2,10+ years,MORTGAGE,105000.0,Not Verified,debt_consolidation,AR,30.03,0.0,715.0,719.0,2.0,52.7,32.0,Individual,5,High Risk,Manual Review
86463657,11500.0, 60 months,26.99,F,F3,,RENT,50445.0,Verified,debt_consolidation,MN,33.83,0.0,700.0,704.0,0.0,41.2,15.0,Individual,5,High Risk,Manual Review
86964243,14000.0, 60 months,24.99,E,E4,7 years,MORTGAGE,58000.0,Verified,debt_consolidation,TN,33.07,0.0,675.0,679.0,3.0,37.0,49.0,Individual,5,High Risk,Manual Review
88219368,11500.0, 60 months,23.99,E,E2,10+ years,MORTGAGE,38000.0,Verified,debt_consolidation,FL,19.11,3.0,695.0,699.0,0.0,99.0,12.0,Individual,5,High Risk,Manual Review
86105300,19525.0, 60 months,25.69,F,F1,6 years,RENT,44400.0,Source Verified,debt_consolidation,SC,32.03,0.0,715.0,719.0,0.0,69.8,15.0,Individual,5,High Risk,Manual Review
88043086,10000.0, 60 months,26.49,F,F2,5 years,OWN,34000.0,Source Verified,debt_consolidation,OH,30.85,0.0,705.0,709.0,0.0,22.5,23.0,Individual,5,High Risk,Manual Review
88015141,14925.0, 36 months,22.39,E,E1,,OWN,36000.0,Verified,debt_consolidation,CA,32.03,0.0,675.0,679.0,1.0,53.2,20.0,Individual,5,High Risk,Manual Review
87959634,4800.0, 36 months,28.88,G,G2,2 years,RENT,15000.0,Verified,debt_consolidation,KS,34.72,0.0,665.0,669.0,1.0,99.0,28.0,Individual,6,High Risk,Manual Review
88136748,30000.0, 60 months,24.49,E,E3,6 years,OWN,72400.0,Verified,debt_consolidation,TX,29.44,1.0,680.0,684.0,0.0,81.9,36.0,Individual,5,High Risk,Manual Review
88168831,27350.0, 60 months,23.99,E,E2,10+ years,MORTGAGE,120000.0,Not Verified,debt_consolidation,NY,26.37,3.0,665.0,669.0,0.0,99.2,22.0,Individual,5,High Risk,Manual Review
88085620,14575.0, 60 months,27.49,F,F4,10+ years,MORTGAGE,61008.0,Not Verified,debt_consolidation,CA,33.27,1.0,685.0,689.0,1.0,72.3,18.0,Individual,6,High Risk,Manual Review
88157982,27300.0, 60 months,26.99,F,F3,10+ years,MORTGAGE,65000.0,Verified,debt_consolidation,MS,33.16,3.0,660.0,664.0,0.0,13.3,25.0,Individual,6,High Risk,Manual Review
88168049,16000.0, 36 months,22.39,E,E1,10+ years,OWN,45000.0,Source Verified,debt_consolidation,OH,30.69,0.0,660.0,664.0,1.0,91.5,9.0,Individual,6,High Risk,Manual Review
87965452,14000.0, 36 months,16.99,D,D1,10+ years,MORTGAGE,50000.0,Source Verified,debt_consolidation,FL,34.09,1.0,685.0,689.0,0.0,86.4,15.0,Individual,5,High Risk,Manual Review
88046544,35000.0, 36 months,24.49,E,E3,10+ years,MORTGAGE,150000.0,Verified,credit_card,MN,30.3,0.0,685.0,689.0,1.0,98.0,60.0,Individual,6,High Risk,Manual Review
88185779,10200.0, 60 months,27.49,F,F4,1 year,MORTGAGE,30000.0,Source Verified,debt_consolidation,NC,33.8,0.0,680.0,684.0,0.0,49.7,38.0,Individual,5,High Risk,Manual Review
87195558,16000.0, 60 months,27.49,F,F4,6 years,OWN,90000.0,Verified,major_purchase,GA,34.21,0.0,660.0,664.0,2.0,72.7,25.0,Individual,5,High Risk,Manual Review
88146715,21100.0, 36 months,24.49,E,E3,4 years,RENT,55580.0,Verified,debt_consolidation,NY,32.33,0.0,695.0,699.0,1.0,72.2,35.0,Individual,5,High Risk,Manual Review
87967657,6700.0, 36 months,22.39,E,E1,< 1 year,MORTGAGE,95000.0,Source Verified,debt_consolidation,MO,29.2,3.0,660.0,664.0,1.0,83.6,40.0,Individual,5,High Risk,Manual Review
88078196,19200.0, 60 months,27.79,F,F5,4 years,RENT,52000.0,Not Verified,home_improvement,NY,34.73,0.0,675.0,679.0,1.0,70.9,24.0,Individual,5,High Risk,Manual Review
88085771,18550.0, 60 months,29.96,G,G4,8 years,MORTGAGE,98000.0,Verified,debt_consolidation,IL,31.63,1.0,690.0,694.0,4.0,27.8,51.0,Individual,6,High Risk,Manual Review
88220781,20025.0, 60 months,27.49,F,F4,10+ years,MORTGAGE,62000.0,Verified,debt_consolidation,MO,31.92,1.0,700.0,704.0,0.0,0.0,22.0,Individual,6,High Risk,Manual Review
87992141,30000.0, 60 months,22.39,E,E1,< 1 year,MORTGAGE,65000.0,Verified,credit_card,GA,30.89,0.0,740.0,744.0,0.0,93.0,11.0,Individual,6,High Risk,Manual Review
88116203,7150.0, 36 months,23.99,E,E2,< 1 year,RENT,42000.0,Verified,debt_consolidation,OH,32.06,0.0,665.0,669.0,1.0,87.9,27.0,Individual,6,High Risk,Manual Review
88005057,13425.0, 60 months,26.99,F,F3,8 years,OWN,32000.0,Source Verified,debt_consolidation,MD,32.9,0.0,685.0,689.0,0.0,69.0,23.0,Individual,5,High Risk,Manual Review
88209958,23575.0, 60 months,24.99,E,E4,10+ years,MORTGAGE,56160.0,Verified,debt_consolidation,IN,34.44,2.0,670.0,674.0,0.0,65.9,23.0,Individual,6,High Risk,Manual Review
88054047,24000.0, 60 months,26.99,F,F3,10+ years,OWN,65000.0,Verified,debt_consolidation,IN,30.34,3.0,665.0,669.0,0.0,41.7,33.0,Individual,6,High Risk,Manual Review
88186265,18000.0, 60 months,24.49,E,E3,3 years,RENT,48000.0,Source Verified,debt_consolidation,CA,31.28,0.0,695.0,699.0,0.0,40.9,23.0,Individual,5,High Risk,Manual Review
88015586,15050.0, 60 months,22.39,E,E1,4 years,RENT,94000.0,Verified,debt_consolidation,TX,18.78,4.0,660.0,664.0,0.0,86.6,22.0,Individual,5,High Risk,Manual Review
88148390,28000.0, 36 months,25.29,E,E5,< 1 year,MORTGAGE,104000.0,Not Verified,credit_card,NY,30.52,1.0,685.0,689.0,0.0,51.8,40.0,Individual,6,High Risk,Manual Review
88035081,4800.0, 36 months,15.59,C,C5,10+ years,MORTGAGE,58000.0,Verified,other,MO,33.4,1.0,680.0,684.0,0.0,86.7,37.0,Individual,5,High Risk,Manual Review
87964123,14400.0, 60 months,26.99,F,F3,9 years,RENT,70000.0,Verified,debt_consolidation,MA,33.4,0.0,670.0,674.0,0.0,67.7,21.0,Individual,5,High Risk,Manual Review
88165967,34800.0, 60 months,26.49,F,F2,10+ years,MORTGAGE,82884.0,Verified,debt_consolidation,OH,19.27,1.0,680.0,684.0,2.0,96.6,27.0,Individual,5,High Risk,Manual Review
87965178,35000.0, 60 months,28.18,G,G1,1 year,MORTGAGE,80000.0,Verified,debt_consolidation,CA,33.14,0.0,665.0,669.0,4.0,77.0,43.0,Individual,5,High Risk,Manual Review
88094471,19800.0, 36 months,23.99,E,E2,10+ years,OWN,55000.0,Source Verified,home_improvement,SC,30.23,1.0,660.0,664.0,0.0,79.0,29.0,Individual,6,High Risk,Manual Review
88126303,25000.0, 60 months,22.39,E,E1,,MORTGAGE,59772.0,Verified,debt_consolidation,CA,33.11,0.0,670.0,674.0,1.0,74.0,34.0,Individual,5,High Risk,Manual Review
88123190,15975.0, 60 months,24.99,E,E4,4 years,MORTGAGE,51417.0,Source Verified,debt_consolidation,MN,34.8,0.0,675.0,679.0,1.0,50.9,29.0,Individual,5,High Risk,Manual Review
87012655,25000.0, 36 months,24.49,E,E3,< 1 year,RENT,80000.0,Verified,debt_consolidation,NY,33.63,0.0,675.0,679.0,0.0,73.5,22.0,Individual,5,High Risk,Manual Review
85750086,12600.0, 60 months,26.49,F,F2,10+ years,RENT,30000.0,Source Verified,debt_consolidation,NY,34.96,0.0,660.0,664.0,0.0,66.3,15.0,Individual,5,High Risk,Manual Review
88164505,16350.0, 60 months,28.18,G,G1,1 year,MORTGAGE,79500.0,Verified,debt_consolidation,MO,34.75,0.0,665.0,669.0,2.0,92.0,18.0,Individual,6,High Risk,Manual Review
88219132,8000.0, 36 months,22.39,E,E1,10+ years,MORTGAGE,125000.0,Verified,debt_consolidation,IL,34.92,0.0,690.0,694.0,1.0,65.0,60.0,Individual,5,High Risk,Manual Review
88084849,14450.0, 36 months,22.39,E,E1,10+ years,RENT,50000.0,Verified,debt_consolidation,MI,31.52,0.0,690.0,694.0,0.0,82.3,13.0,Individual,6,High Risk,Manual Review
87554786,24175.0, 60 months,25.69,F,F1,2 years,MORTGAGE,77600.0,Verified,debt_consolidation,PA,30.87,0.0,680.0,684.0,2.0,48.0,43.0,Individual,5,High Risk,Manual Review
88156276,15500.0, 60 months,24.99,E,E4,8 years,MORTGAGE,60000.0,Not Verified,debt_consolidation,TX,20.56,1.0,670.0,674.0,0.0,96.4,34.0,Individual,5,High Risk,Manual Review
87975550,20000.0, 60 months,25.29,E,E5,10+ years,MORTGAGE,55495.0,Not Verified,credit_card,GA,34.73,1.0,660.0,664.0,0.0,63.7,48.0,Individual,6,High Risk,Manual Review
88104838,10000.0, 60 months,24.49,E,E3,10+ years,RENT,38000.0,Source Verified,debt_consolidation,VT,31.46,0.0,715.0,719.0,0.0,57.1,14.0,Individual,5,High Risk,Manual Review
88064031,1500.0, 36 months,23.99,E,E2,,RENT,9840.0,Verified,other,NY,31.67,0.0,695.0,699.0,0.0,48.6,19.0,Individual,5,High Risk,Manual Review
88219357,35000.0, 60 months,27.49,F,F4,10+ years,RENT,95000.0,Verified,debt_consolidation,NV,22.31,2.0,660.0,664.0,0.0,97.2,21.0,Individual,5,High Risk,Manual Review
87987726,15500.0, 60 months,24.49,E,E3,10+ years,MORTGAGE,97477.0,Source Verified,small_business,NY,15.87,1.0,665.0,669.0,2.0,90.9,22.0,Individual,5,High Risk,Manual Review
88165339,7750.0, 36 months,24.99,E,E4,9 years,MORTGAGE,54000.0,Verified,credit_card,FL,32.71,0.0,690.0,694.0,1.0,77.7,13.0,Individual,5,High Risk,Manual Review
88144582,35000.0, 36 months,15.59,C,C5,10+ years,MORTGAGE,102563.0,Verified,debt_consolidation,NJ,32.82,1.0,660.0,664.0,0.0,85.6,41.0,Individual,5,High Risk,Manual Review
88185209,28000.0, 60 months,23.99,E,E2,10+ years,RENT,80000.0,Not Verified,debt_consolidation,IN,32.24,0.0,660.0,664.0,1.0,65.0,27.0,Individual,5,High Risk,Manual Review
88195189,12000.0, 60 months,25.69,F,F1,7 years,MORTGAGE,87695.0,Source Verified,home_improvement,VA,10.61,1.0,665.0,669.0,0.0,81.1,19.0,Individual,5,High Risk,Manual Review
87965047,20150.0, 60 months,26.49,F,F2,10+ years,MORTGAGE,60000.0,Verified,debt_consolidation,KY,32.6,0.0,670.0,674.0,1.0,92.8,20.0,Individual,6,High Risk,Manual Review
88043770,12000.0, 60 months,25.69,F,F1,10+ years,MORTGAGE,113000.0,Verified,debt_consolidation,IL,30.29,0.0,665.0,669.0,2.0,46.8,38.0,Individual,5,High Risk,Manual Review
88094477,16000.0, 60 months,26.99,F,F3,2 years,OWN,46000.0,Source Verified,debt_consolidation,DE,30.65,0.0,695.0,699.0,3.0,75.7,59.0,Individual,5,High Risk,Manual Review
85951563,9875.0, 36 months,22.39,E,E1,1 year,OWN,40000.0,Source Verified,debt_consolidation,NJ,9.87,1.0,675.0,679.0,1.0,84.7,16.0,Individual,5,High Risk,Manual Review
88066485,22475.0, 60 months,25.69,F,F1,7 years,MORTGAGE,80000.0,Not Verified,debt_consolidation,CO,34.35,0.0,685.0,689.0,0.0,63.3,30.0,Individual,5,High Risk,Manual Review
87935487,17000.0, 60 months,25.69,F,F1,,MORTGAGE,48500.0,Verified,debt_consolidation,PA,31.11,0.0,665.0,669.0,0.0,67.8,20.0,Individual,5,High Risk,Manual Review
88174199,25000.0, 60 months,25.69,F,F1,6 years,RENT,68000.0,Source Verified,debt_consolidation,AZ,30.64,0.0,710.0,714.0,1.0,43.6,22.0,Individual,5,High Risk,Manual Review
88135059,35000.0, 60 months,24.99,E,E4,< 1 year,MORTGAGE,135000.0,Verified,debt_consolidation,MI,19.16,2.0,660.0,664.0,1.0,90.6,41.0,Individual,5,High Risk,Manual Review
88154671,22000.0, 36 months,24.49,E,E3,< 1 year,OWN,50000.0,Source Verified,debt_consolidation,MD,32.0,0.0,710.0,714.0,0.0,21.5,15.0,Individual,5,High Risk,Manual Review
88144677,16000.0, 60 months,30.99,G,G5,1 year,RENT,60045.0,Verified,debt_consolidation,AL,31.42,0.0,670.0,674.0,0.0,74.9,18.0,Individual,5,High Risk,Manual Review
88032780,10500.0, 60 months,27.79,F,F5,2 years,MORTGAGE,60000.0,Source Verified,home_improvement,NY,11.19,2.0,675.0,679.0,0.0,80.7,18.0,Individual,5,High Risk,Manual Review
88013177,12000.0, 60 months,24.49,E,E3,10+ years,RENT,75000.0,Source Verified,credit_card,CA,31.09,0.0,675.0,679.0,0.0,97.9,21.0,Individual,6,High Risk,Manual Review
88034267,19800.0, 36 months,23.99,E,E2,9 years,MORTGAGE,45000.0,Verified,debt_consolidation,NV,32.16,0.0,710.0,714.0,0.0,41.9,17.0,Individual,5,High Risk,Manual Review
86592746,10425.0, 36 months,26.99,F,F3,< 1 year,RENT,84000.0,Verified,debt_consolidation,TX,31.51,0.0,670.0,674.0,0.0,83.5,9.0,Individual,6,High Risk,Manual Review
88184237,18500.0, 60 months,29.67,G,G3,9 years,RENT,37000.0,Verified,debt_consolidation,FL,33.31,0.0,665.0,669.0,2.0,67.4,27.0,Individual,5,High Risk,Manual Review
88123705,13000.0, 60 months,17.99,D,D2,10+ years,MORTGAGE,60000.0,Not Verified,debt_consolidation,MN,32.16,1.0,670.0,674.0,0.0,93.8,19.0,Individual,5,High Risk,Manual Review
86944933,10000.0, 36 months,23.99,E,E2,10+ years,MORTGAGE,120000.0,Source Verified,debt_consolidation,AL,33.58,0.0,670.0,674.0,1.0,77.4,32.0,Individual,5,High Risk,Manual Review
85852644,1125.0, 36 months,26.49,F,F2,10+ years,OWN,45000.0,Verified,debt_consolidation,MO,31.31,1.0,670.0,674.0,0.0,37.1,9.0,Individual,6,High Risk,Manual Review
87995256,15000.0, 60 months,25.69,F,F1,4 years,RENT,37449.0,Not Verified,debt_consolidation,RI,34.49,0.0,660.0,664.0,1.0,44.3,29.0,Individual,5,High Risk,Manual Review
88094507,25000.0, 60 months,24.99,E,E4,10+ years,MORTGAGE,70000.0,Not Verified,debt_consolidation,AL,30.46,0.0,670.0,674.0,1.0,95.9,32.0,Individual,6,High Risk,Manual Review
88126567,12475.0, 60 months,28.88,G,G2,8 years,MORTGAGE,57928.0,Verified,debt_consolidation,NC,31.28,1.0,680.0,684.0,1.0,14.6,18.0,Individual,6,High Risk,Manual Review
87964951,9225.0, 36 months,22.39,E,E1,10+ years,RENT,58976.0,Verified,debt_consolidation,MO,31.75,11.0,660.0,664.0,0.0,100.0,27.0,Individual,7,High Risk,Manual Review
88144777,25000.0, 60 months,25.69,F,F1,3 years,OWN,60000.0,Source Verified,debt_consolidation,FL,33.72,1.0,705.0,709.0,0.0,99.2,19.0,Individual,7,High Risk,Manual Review
88145985,30650.0, 60 months,24.99,E,E4,10+ years,RENT,80000.0,Not Verified,debt_consolidation,OH,34.86,0.0,735.0,739.0,0.0,38.4,37.0,Individual,5,High Risk,Manual Review
87995476,16000.0, 36 months,17.99,D,D2,10+ years,MORTGAGE,73000.0,Source Verified,debt_consolidation,AL,33.21,2.0,660.0,664.0,1.0,99.8,30.0,Individual,5,High Risk,Manual Review
88164131,13200.0, 60 months,25.29,E,E5,6 years,MORTGAGE,45000.0,Source Verified,home_improvement,FL,33.71,0.0,685.0,689.0,4.0,40.7,41.0,Individual,5,High Risk,Manual Review
88209844,15000.0, 60 months,24.99,E,E4,3 years,RENT,43000.0,Not Verified,debt_consolidation,HI,34.8,1.0,665.0,669.0,0.0,82.3,12.0,Individual,7,High Risk,Manual Review
88036187,10000.0, 60 months,22.39,E,E1,,MORTGAGE,37000.0,Not Verified,credit_card,TN,30.7,0.0,660.0,664.0,1.0,60.8,20.0,Individual,5,High Risk,Manual Review
88133169,10000.0, 60 months,25.69,F,F1,10+ years,RENT,45000.0,Not Verified,debt_consolidation,MO,34.43,0.0,700.0,704.0,2.0,86.1,16.0,Individual,6,High Risk,Manual Review
88209448,20000.0, 60 months,24.49,E,E3,10+ years,MORTGAGE,55500.0,Source Verified,debt_consolidation,TX,9.23,2.0,660.0,664.0,0.0,86.7,9.0,Individual,5,High Risk,Manual Review
87954357,35000.0, 60 months,26.49,F,F2,5 years,MORTGAGE,115000.0,Verified,debt_consolidation,MI,32.05,1.0,695.0,699.0,1.0,31.7,49.0,Individual,6,High Risk,Manual Review
87962766,31600.0, 60 months,26.99,F,F3,< 1 year,RENT,90000.0,Verified,debt_consolidation,FL,17.09,1.0,660.0,664.0,1.0,98.9,23.0,Individual,5,High Risk,Manual Review
88062655,30000.0, 60 months,24.99,E,E4,10+ years,MORTGAGE,70000.0,Verified,debt_consolidation,AL,30.56,0.0,690.0,694.0,0.0,61.6,25.0,Individual,5,High Risk,Manual Review
88163768,3600.0, 36 months,22.39,E,E1,10+ years,RENT,24000.0,Source Verified,debt_consolidation,ME,17.7,1.0,680.0,684.0,2.0,99.8,43.0,Individual,5,High Risk,Manual Review
88073727,16000.0, 60 months,22.39,E,E1,10+ years,MORTGAGE,82600.0,Verified,debt_consolidation,MN,31.28,0.0,670.0,674.0,2.0,96.0,63.0,Individual,6,High Risk,Manual Review
85671754,17000.0, 60 months,25.69,F,F1,3 years,MORTGAGE,60000.0,Source Verified,debt_consolidation,ND,23.22,3.0,675.0,679.0,3.0,83.6,42.0,Individual,5,High Risk,Manual Review
85784022,30000.0, 60 months,22.39,E,E1,5 years,RENT,65000.0,Source Verified,house,CT,13.72,1.0,710.0,714.0,0.0,83.4,5.0,Individual,5,High Risk,Manual Review
88082923,4200.0, 36 months,22.39,E,E1,< 1 year,RENT,39000.0,Verified,debt_consolidation,TX,32.95,0.0,700.0,704.0,3.0,98.0,16.0,Individual,6,High Risk,Manual Review
87474188,35000.0, 60 months,23.99,E,E2,8 years,MORTGAGE,171000.0,Not Verified,debt_consolidation,OK,30.64,0.0,690.0,694.0,0.0,81.0,51.0,Individual,6,High Risk,Manual Review
87973171,30000.0, 60 months,29.96,G,G4,8 years,RENT,90000.0,Verified,debt_consolidation,CA,32.04,0.0,680.0,684.0,0.0,32.1,53.0,Individual,5,High Risk,Manual Review
86051577,12600.0, 36 months,25.69,F,F1,10+ years,RENT,35000.0,Verified,debt_consolidation,IL,33.54,0.0,665.0,669.0,3.0,51.8,25.0,Individual,5,High Risk,Manual Review
88035938,24000.0, 60 months,21.49,D,D5,8 years,MORTGAGE,70690.0,Not Verified,debt_consolidation,WA,31.19,1.0,685.0,689.0,0.0,85.0,22.0,Individual,5,High Risk,Manual Review
88143628,15000.0, 60 months,25.69,F,F1,10+ years,MORTGAGE,70000.0,Source Verified,other,FL,30.69,0.0,665.0,669.0,2.0,79.9,23.0,Individual,5,High Risk,Manual Review
87184299,9600.0, 36 months,25.69,F,F1,7 years,MORTGAGE,32000.0,Verified,debt_consolidation,VA,23.97,1.0,670.0,674.0,0.0,89.9,22.0,Individual,5,High Risk,Manual Review
87045032,35000.0, 60 months,26.49,F,F2,5 years,RENT,78500.0,Verified,debt_consolidation,NY,34.93,0.0,685.0,689.0,2.0,59.1,25.0,Individual,5,High Risk,Manual Review
86196332,28000.0, 60 months,27.79,F,F5,2 years,RENT,90000.0,Verified,debt_consolidation,GA,31.75,0.0,670.0,674.0,2.0,65.7,15.0,Individual,5,High Risk,Manual Review
87045512,16250.0, 36 months,27.79,F,F5,10+ years,MORTGAGE,32502.62,Verified,debt_consolidation,RI,33.05,0.0,695.0,699.0,0.0,62.4,17.0,Individual,5,High Risk,Manual Review
88093009,16000.0, 60 months,25.29,E,E5,1 year,RENT,44000.0,Verified,debt_consolidation,NJ,31.26,0.0,660.0,664.0,3.0,68.1,25.0,Individual,5,High Risk,Manual Review
87974067,10000.0, 60 months,17.99,D,D2,10+ years,MORTGAGE,92000.0,Not Verified,credit_card,CA,32.57,1.0,680.0,684.0,1.0,91.6,25.0,Individual,5,High Risk,Manual Review
88024341,21600.0, 60 months,22.39,E,E1,10+ years,OWN,68000.0,Not Verified,credit_card,AL,32.17,0.0,695.0,699.0,1.0,88.6,28.0,Individual,6,High Risk,Manual Review
88154143,25775.0, 60 months,24.99,E,E4,10+ years,MORTGAGE,70000.0,Not Verified,debt_consolidation,MD,30.47,0.0,710.0,714.0,3.0,67.9,43.0,Individual,5,High Risk,Manual Review
88064021,14700.0, 60 months,29.96,G,G4,10+ years,OWN,35000.0,Source Verified,debt_consolidation,MI,30.32,0.0,670.0,674.0,0.0,87.4,28.0,Individual,6,High Risk,Manual Review
88124444,12000.0, 60 months,22.39,E,E1,10+ years,MORTGAGE,95000.0,Source Verified,credit_card,DE,27.51,1.0,685.0,689.0,1.0,85.1,27.0,Individual,5,High Risk,Manual Review
87984358,24875.0, 60 months,24.49,E,E3,7 years,MORTGAGE,54564.0,Not Verified,debt_consolidation,TN,32.53,0.0,705.0,709.0,1.0,39.9,44.0,Individual,5,High Risk,Manual Review
87794421,10000.0, 60 months,24.49,E,E3,2 years,MORTGAGE,36000.0,Not Verified,debt_consolidation,AR,33.87,0.0,695.0,699.0,2.0,45.6,33.0,Individual,5,High Risk,Manual Review
86105695,10000.0, 36 months,25.69,F,F1,5 years,RENT,46000.0,Verified,debt_consolidation,MD,32.17,0.0,660.0,664.0,0.0,55.5,12.0,Individual,5,High Risk,Manual Review
87096278,20000.0, 60 months,16.99,D,D1,5 years,RENT,48960.0,Verified,debt_consolidation,VT,31.37,1.0,660.0,664.0,0.0,83.5,14.0,Individual,5,High Risk,Manual Review
87954272,9050.0, 36 months,26.99,F,F3,10+ years,MORTGAGE,72000.0,Verified,debt_consolidation,TX,34.08,0.0,685.0,689.0,1.0,61.7,26.0,Individual,5,High Risk,Manual Review
87844351,18350.0, 36 months,17.99,D,D2,8 years,MORTGAGE,51000.0,Not Verified,debt_consolidation,MD,33.65,4.0,670.0,674.0,0.0,96.0,18.0,Individual,5,High Risk,Manual Review
87035442,6325.0, 36 months,25.29,E,E5,,RENT,24000.0,Verified,moving,VA,30.6,0.0,715.0,719.0,2.0,65.0,16.0,Individual,5,High Risk,Manual Review
86583464,13000.0, 60 months,27.79,F,F5,< 1 year,RENT,40000.0,Verified,debt_consolidation,CA,34.62,0.0,705.0,709.0,0.0,60.5,14.0,Individual,5,High Risk,Manual Review
87983083,16000.0, 36 months,24.99,E,E4,2 years,RENT,67438.0,Verified,other,TX,30.43,1.0,660.0,664.0,0.0,93.3,23.0,Individual,7,High Risk,Manual Review
85755230,10000.0, 60 months,24.49,E,E3,10+ years,MORTGAGE,68000.0,Verified,debt_consolidation,TX,30.92,1.0,700.0,704.0,1.0,60.4,32.0,Individual,6,High Risk,Manual Review
88032415,10000.0, 36 months,24.99,E,E4,10+ years,RENT,28000.0,Verified,debt_consolidation,GA,33.69,0.0,705.0,709.0,0.0,43.8,23.0,Individual,5,High Risk,Manual Review
88013244,14275.0, 60 months,22.39,E,E1,10+ years,OWN,34000.0,Source Verified,credit_card,GA,30.6,1.0,660.0,664.0,0.0,56.0,40.0,Individual,6,High Risk,Manual Review
87935445,12000.0, 60 months,24.99,E,E4,10+ years,RENT,30000.0,Source Verified,debt_consolidation,CA,32.6,0.0,690.0,694.0,0.0,67.7,10.0,Individual,5,High Risk,Manual Review
87314310,10200.0, 60 months,29.96,G,G4,10+ years,RENT,35000.0,Verified,debt_consolidation,CA,33.5,0.0,675.0,679.0,0.0,62.4,18.0,Individual,5,High Risk,Manual Review
87992698,13200.0, 60 months,22.39,E,E1,2 years,RENT,51000.0,Source Verified,debt_consolidation,TX,33.39,0.0,685.0,689.0,0.0,51.5,10.0,Individual,5,High Risk,Manual Review
87053094,3000.0, 36 months,23.99,E,E2,10+ years,MORTGAGE,61000.0,Verified,debt_consolidation,TN,32.64,1.0,665.0,669.0,1.0,72.8,27.0,Individual,6,High Risk,Manual Review
86483397,12875.0, 60 months,28.18,G,G1,8 years,RENT,38000.0,Source Verified,other,MI,20.2,1.0,660.0,664.0,0.0,89.1,18.0,Individual,5,High Risk,Manual Review
86117339,21600.0, 60 months,23.99,E,E2,,MORTGAGE,70368.0,Verified,credit_card,LA,31.48,0.0,680.0,684.0,0.0,62.6,35.0,Individual,5,High Risk,Manual Review
86954672,1800.0, 36 months,23.99,E,E2,3 years,RENT,55000.0,Verified,vacation,CA,30.11,0.0,690.0,694.0,1.0,80.1,11.0,Individual,6,High Risk,Manual Review
87265314,35000.0, 36 months,22.39,E,E1,10+ years,MORTGAGE,150000.0,Verified,debt_consolidation,CA,30.26,0.0,680.0,684.0,1.0,65.6,52.0,Individual,5,High Risk,Manual Review
86103441,14700.0, 60 months,25.69,F,F1,10+ years,RENT,35000.0,Source Verified,debt_consolidation,IL,34.77,0.0,685.0,689.0,0.0,97.5,30.0,Individual,6,High Risk,Manual Review
88152530,16500.0, 36 months,24.99,E,E4,1 year,MORTGAGE,33024.0,Verified,debt_consolidation,OH,33.4,0.0,665.0,669.0,0.0,67.2,23.0,Individual,5,High Risk,Manual Review
87844136,6000.0, 36 months,22.39,E,E1,,RENT,24000.0,Verified,debt_consolidation,IL,33.85,0.0,670.0,674.0,2.0,99.5,12.0,Individual,6,High Risk,Manual Review
86062514,20000.0, 60 months,29.67,G,G3,2 years,RENT,55000.0,Verified,debt_consolidation,AR,33.64,0.0,685.0,689.0,0.0,63.1,21.0,Individual,5,High Risk,Manual Review
87963090,7000.0, 36 months,26.49,F,F2,< 1 year,RENT,75000.0,Verified,credit_card,ND,33.54,0.0,665.0,669.0,1.0,106.3,10.0,Individual,6,High Risk,Manual Review
87962511,16375.0, 60 months,23.99,E,E2,10+ years,MORTGAGE,80000.0,Source Verified,debt_consolidation,PA,33.05,0.0,760.0,764.0,1.0,14.6,46.0,Individual,5,High Risk,Manual Review
86106287,10625.0, 60 months,27.49,F,F4,,RENT,26618.0,Verified,debt_consolidation,WA,30.21,0.0,695.0,699.0,0.0,81.8,17.0,Individual,6,High Risk,Manual Review
87983133,17000.0, 60 months,23.99,E,E2,10+ years,RENT,85000.0,Source Verified,debt_consolidation,OH,32.27,2.0,695.0,699.0,1.0,58.5,41.0,Individual,6,High Risk,Manual Review
88023136,30575.0, 36 months,24.99,E,E4,10+ years,MORTGAGE,70000.0,Verified,debt_consolidation,IN,30.58,0.0,705.0,709.0,1.0,52.3,42.0,Individual,5,High Risk,Manual Review
87224925,1200.0, 36 months,23.99,E,E2,8 years,MORTGAGE,50000.0,Verified,other,CA,31.69,0.0,675.0,679.0,2.0,12.5,26.0,Individual,5,High Risk,Manual Review
87564642,15700.0, 36 months,25.69,F,F1,,MORTGAGE,84728.0,Verified,small_business,SC,30.02,0.0,670.0,674.0,0.0,66.7,31.0,Individual,5,High Risk,Manual Review
86031889,29400.0, 60 months,26.99,F,F3,10+ years,MORTGAGE,76000.0,Source Verified,debt_consolidation,CO,31.74,0.0,685.0,689.0,0.0,83.0,49.0,Individual,6,High Risk,Manual Review
87074589,24300.0, 60 months,30.99,G,G5,10+ years,MORTGAGE,80000.0,Not Verified,debt_consolidation,GA,20.93,1.0,695.0,699.0,0.0,86.0,41.0,Individual,5,High Risk,Manual Review
87103262,24125.0, 36 months,24.49,E,E3,5 years,MORTGAGE,101000.0,Verified,debt_consolidation,NM,21.96,1.0,675.0,679.0,2.0,95.0,46.0,Individual,5,High Risk,Manual Review
87714178,20150.0, 60 months,24.49,E,E3,2 years,OWN,48000.0,Not Verified,debt_consolidation,AZ,32.18,0.0,660.0,664.0,1.0,46.5,23.0,Individual,5,High Risk,Manual Review
87962327,20000.0, 60 months,29.67,G,G3,6 years,OWN,67400.0,Verified,debt_consolidation,VA,31.78,0.0,665.0,669.0,0.0,60.7,46.0,Individual,5,High Risk,Manual Review
88182189,20000.0, 60 months,25.29,E,E5,10+ years,OWN,93500.0,Source Verified,debt_consolidation,OH,18.44,3.0,670.0,674.0,1.0,83.8,28.0,Individual,5,High Risk,Manual Review
85862336,24100.0, 60 months,22.39,E,E1,2 years,RENT,48200.0,Source Verified,debt_consolidation,TX,30.49,0.0,690.0,694.0,0.0,50.6,37.0,Individual,5,High Risk,Manual Review
87234895,20825.0, 60 months,22.39,E,E1,8 years,MORTGAGE,47350.0,Not Verified,debt_consolidation,CO,31.84,1.0,680.0,684.0,0.0,28.7,22.0,Individual,6,High Risk,Manual Review
87754197,9350.0, 36 months,22.39,E,E1,5 years,RENT,26000.0,Verified,debt_consolidation,IL,31.53,0.0,715.0,719.0,0.0,51.2,12.0,Individual,5,High Risk,Manual Review
85647957,9350.0, 36 months,26.99,F,F3,10+ years,RENT,26000.0,Verified,debt_consolidation,TX,31.35,0.0,680.0,684.0,1.0,44.8,16.0,Individual,5,High Risk,Manual Review
87355049,5600.0, 36 months,22.39,E,E1,10+ years,OWN,74960.0,Verified,home_improvement,MN,32.6,0.0,660.0,664.0,0.0,73.3,33.0,Individual,5,High Risk,Manual Review
87275372,12000.0, 60 months,24.49,E,E3,8 years,RENT,30066.0,Verified,debt_consolidation,MO,32.1,0.0,665.0,669.0,1.0,74.7,15.0,Individual,5,High Risk,Manual Review
87544561,14400.0, 36 months,27.49,F,F4,1 year,MORTGAGE,45000.0,Verified,debt_consolidation,VA,30.45,0.0,675.0,679.0,2.0,65.9,12.0,Individual,5,High Risk,Manual Review
86985570,8000.0, 36 months,25.69,F,F1,3 years,OWN,34800.0,Verified,debt_consolidation,TX,31.1,0.0,660.0,664.0,2.0,66.1,26.0,Individual,5,High Risk,Manual Review
85716579,22325.0, 60 months,25.69,F,F1,9 years,RENT,65000.0,Verified,moving,NY,32.02,6.0,670.0,674.0,0.0,85.9,29.0,Individual,7,High Risk,Manual Review
87824151,35000.0, 36 months,25.29,E,E5,10+ years,MORTGAGE,89000.0,Not Verified,debt_consolidation,OH,31.03,0.0,665.0,669.0,1.0,78.9,36.0,Individual,5,High Risk,Manual Review
87234322,23700.0, 36 months,16.99,D,D1,10+ years,MORTGAGE,65000.0,Verified,debt_consolidation,VA,32.01,2.0,680.0,684.0,0.0,87.7,34.0,Individual,5,High Risk,Manual Review
87146432,35000.0, 36 months,16.99,D,D1,10+ years,MORTGAGE,162708.0,Verified,debt_consolidation,TX,30.28,1.0,680.0,684.0,0.0,93.2,29.0,Individual,5,High Risk,Manual Review
87036146,11100.0, 36 months,27.49,F,F4,5 years,RENT,37000.0,Verified,debt_consolidation,NM,30.3,0.0,660.0,664.0,0.0,54.2,32.0,Individual,5,High Risk,Manual Review
87374970,4150.0, 36 months,24.49,E,E3,10+ years,MORTGAGE,41000.0,Source Verified,debt_consolidation,CA,30.21,0.0,705.0,709.0,1.0,42.7,26.0,Individual,5,High Risk,Manual Review
87594685,28000.0, 60 months,23.99,E,E2,10+ years,MORTGAGE,114300.0,Verified,debt_consolidation,WA,34.86,1.0,695.0,699.0,2.0,81.0,49.0,Individual,7,High Risk,Manual Review
87255697,12500.0, 36 months,19.99,D,D4,10+ years,RENT,93000.0,Verified,debt_consolidation,NV,34.21,1.0,665.0,669.0,1.0,86.0,24.0,Individual,5,High Risk,Manual Review
87424699,22825.0, 60 months,27.49,F,F4,4 years,MORTGAGE,160000.0,Not Verified,debt_consolidation,CO,31.59,1.0,685.0,689.0,0.0,96.5,35.0,Individual,7,High Risk,Manual Review
87385347,27150.0, 60 months,24.49,E,E3,10+ years,RENT,73000.0,Not Verified,debt_consolidation,CA,31.53,0.0,755.0,759.0,0.0,17.2,20.0,Individual,5,High Risk,Manual Review
87454932,35000.0, 60 months,28.18,G,G1,10+ years,MORTGAGE,102000.0,Verified,debt_consolidation,GA,34.28,0.0,690.0,694.0,0.0,86.5,41.0,Individual,6,High Risk,Manual Review
87314667,32000.0, 60 months,26.99,F,F3,10+ years,MORTGAGE,85000.0,Verified,home_improvement,GA,33.9,0.0,660.0,664.0,1.0,64.6,38.0,Individual,5,High Risk,Manual Review
85971340,19300.0, 60 months,24.99,E,E4,10+ years,RENT,42000.0,Verified,debt_consolidation,NY,33.6,0.0,760.0,764.0,1.0,18.3,21.0,Individual,5,High Risk,Manual Review
87164240,20000.0, 60 months,23.99,E,E2,10+ years,MORTGAGE,70000.0,Verified,debt_consolidation,AZ,33.02,1.0,670.0,674.0,0.0,91.7,24.0,Individual,7,High Risk,Manual Review
86983149,16000.0, 60 months,24.99,E,E4,2 years,RENT,38000.0,Verified,debt_consolidation,MN,31.44,0.0,695.0,699.0,0.0,37.5,20.0,Individual,5,High Risk,Manual Review
86107148,24000.0, 60 months,24.49,E,E3,6 years,MORTGAGE,76000.0,Source Verified,debt_consolidation,MI,33.18,0.0,665.0,669.0,1.0,77.7,37.0,Individual,5,High Risk,Manual Review
87164490,35000.0, 60 months,26.99,F,F3,5 years,RENT,100000.0,Verified,credit_card,CA,18.96,1.0,670.0,674.0,2.0,85.9,36.0,Individual,5,High Risk,Manual Review
87244908,10000.0, 60 months,22.39,E,E1,10+ years,MORTGAGE,72000.0,Verified,credit_card,TN,31.72,0.0,670.0,674.0,1.0,64.1,22.0,Individual,5,High Risk,Manual Review
87234142,24375.0, 36 months,24.49,E,E3,8 years,RENT,53000.0,Verified,credit_card,WA,33.13,0.0,675.0,679.0,0.0,70.0,12.0,Individual,5,High Risk,Manual Review
86266310,10000.0, 60 months,24.49,E,E3,5 years,MORTGAGE,65000.0,Verified,debt_consolidation,AZ,30.48,1.0,710.0,714.0,0.0,38.6,54.0,Individual,6,High Risk,Manual Review
87093585,30000.0, 60 months,27.79,F,F5,10+ years,RENT,70000.0,Verified,debt_consolidation,PA,33.29,1.0,700.0,704.0,2.0,65.7,33.0,Individual,6,High Risk,Manual Review
87104130,20000.0, 36 months,22.39,E,E1,2 years,OWN,88000.0,Verified,house,NJ,31.74,1.0,660.0,664.0,1.0,52.4,82.0,Individual,6,High Risk,Manual Review
86964150,12000.0, 36 months,24.49,E,E3,8 years,MORTGAGE,85000.0,Verified,debt_consolidation,FL,25.55,2.0,680.0,684.0,0.0,87.0,21.0,Individual,5,High Risk,Manual Review
87245504,18000.0, 36 months,17.99,D,D2,10+ years,RENT,72000.0,Verified,debt_consolidation,TX,32.73,1.0,665.0,669.0,0.0,88.6,13.0,Individual,5,High Risk,Manual Review
85147864,18750.0, 36 months,23.99,E,E2,4 years,OWN,37500.0,Verified,debt_consolidation,FL,30.62,0.0,690.0,694.0,2.0,28.3,28.0,Individual,5,High Risk,Manual Review
86463554,5050.0, 36 months,15.59,C,C5,9 years,MORTGAGE,60000.0,Source Verified,debt_consolidation,VA,34.32,1.0,670.0,674.0,0.0,97.6,23.0,Individual,5,High Risk,Manual Review
87334536,18000.0, 60 months,23.99,E,E2,3 years,RENT,40000.0,Not Verified,credit_card,FL,30.82,0.0,680.0,684.0,3.0,37.1,28.0,Individual,5,High Risk,Manual Review
87065907,28000.0, 60 months,22.39,E,E1,10+ years,MORTGAGE,121082.0,Source Verified,debt_consolidation,VA,17.97,1.0,685.0,689.0,0.0,81.1,31.0,Individual,5,High Risk,Manual Review
87075617,13175.0, 36 months,25.29,E,E5,9 years,MORTGAGE,67000.0,Source Verified,debt_consolidation,MT,20.31,6.0,670.0,674.0,1.0,83.7,28.0,Individual,5,High Risk,Manual Review
85242003,17600.0, 36 months,25.69,F,F1,3 years,MORTGAGE,40000.0,Verified,debt_consolidation,OH,30.12,0.0,675.0,679.0,2.0,43.2,9.0,Individual,5,High Risk,Manual Review
87255153,1500.0, 36 months,18.99,D,D3,10+ years,MORTGAGE,86000.0,Source Verified,home_improvement,IL,31.44,1.0,665.0,669.0,1.0,92.2,31.0,Individual,5,High Risk,Manual Review
86986048,20000.0, 60 months,27.79,F,F5,10+ years,MORTGAGE,95000.0,Source Verified,credit_card,AZ,30.29,0.0,695.0,699.0,1.0,44.9,34.0,Individual,5,High Risk,Manual Review
85787090,12000.0, 60 months,24.49,E,E3,6 years,RENT,35000.0,Verified,debt_consolidation,CA,31.69,0.0,670.0,674.0,0.0,40.5,15.0,Individual,5,High Risk,Manual Review
85594248,27600.0, 60 months,29.67,G,G3,1 year,RENT,60000.0,Source Verified,debt_consolidation,MN,30.18,0.0,730.0,734.0,0.0,35.5,17.0,Individual,5,High Risk,Manual Review
87374929,19225.0, 60 months,25.29,E,E5,10+ years,MORTGAGE,60000.0,Source Verified,debt_consolidation,FL,31.38,0.0,670.0,674.0,2.0,51.3,56.0,Individual,5,High Risk,Manual Review
87014057,10000.0, 60 months,23.99,E,E2,10+ years,RENT,98000.0,Source Verified,other,SC,33.68,3.0,660.0,664.0,0.0,40.0,18.0,Individual,6,High Risk,Manual Review
87314970,12425.0, 60 months,25.69,F,F1,6 years,MORTGAGE,75000.0,Source Verified,home_improvement,AL,32.98,0.0,675.0,679.0,1.0,93.5,21.0,Individual,6,High Risk,Manual Review
86965213,23675.0, 60 months,26.49,F,F2,10+ years,MORTGAGE,70000.0,Source Verified,debt_consolidation,OR,30.49,1.0,680.0,684.0,0.0,71.8,17.0,Individual,6,High Risk,Manual Review
87214618,20000.0, 36 months,22.39,E,E1,4 years,MORTGAGE,47000.0,Not Verified,debt_consolidation,OH,31.29,1.0,700.0,704.0,3.0,26.9,59.0,Individual,6,High Risk,Manual Review
87113821,16800.0, 60 months,25.69,F,F1,10+ years,RENT,40000.0,Verified,debt_consolidation,GA,30.18,0.0,665.0,669.0,0.0,67.0,12.0,Individual,5,High Risk,Manual Review
87374900,26325.0, 60 months,27.49,F,F4,8 years,MORTGAGE,68000.0,Not Verified,debt_consolidation,OH,32.69,0.0,670.0,674.0,1.0,77.1,40.0,Individual,5,High Risk,Manual Review
86904939,10800.0, 36 months,25.69,F,F1,,RENT,76000.0,Verified,debt_consolidation,CA,34.38,0.0,690.0,694.0,0.0,74.5,17.0,Individual,5,High Risk,Manual Review
86995276,30000.0, 60 months,29.67,G,G3,10+ years,MORTGAGE,111000.0,Verified,debt_consolidation,NV,33.69,0.0,665.0,669.0,1.0,62.2,35.0,Individual,5,High Risk,Manual Review
87132334,12900.0, 60 months,27.49,F,F4,6 years,MORTGAGE,45000.0,Not Verified,debt_consolidation,FL,33.6,0.0,660.0,664.0,1.0,55.4,28.0,Individual,5,High Risk,Manual Review
87134869,24150.0, 60 months,23.99,E,E2,10+ years,OWN,92900.0,Verified,debt_consolidation,TX,31.11,0.0,690.0,694.0,0.0,50.8,56.0,Individual,5,High Risk,Manual Review
87154379,21000.0, 60 months,26.99,F,F3,10+ years,OWN,65200.0,Verified,debt_consolidation,OH,30.81,0.0,670.0,674.0,0.0,72.8,30.0,Individual,5,High Risk,Manual Review
87104857,9075.0, 36 months,23.99,E,E2,10+ years,OWN,45000.0,Verified,debt_consolidation,MO,31.41,0.0,665.0,669.0,1.0,74.0,18.0,Individual,5,High Risk,Manual Review
87043074,15000.0, 60 months,22.39,E,E1,9 years,MORTGAGE,50000.0,Source Verified,debt_consolidation,NY,33.87,0.0,660.0,664.0,0.0,67.2,14.0,Individual,5,High Risk,Manual Review
87034757,17125.0, 60 months,27.79,F,F5,2 years,OWN,68000.0,Verified,vacation,NC,31.61,0.0,670.0,674.0,1.0,74.6,27.0,Individual,5,High Risk,Manual Review
87025715,19675.0, 60 months,23.99,E,E2,< 1 year,MORTGAGE,41000.0,Source Verified,debt_consolidation,TX,31.46,0.0,710.0,714.0,0.0,67.6,11.0,Individual,5,High Risk,Manual Review
85635155,11200.0, 60 months,26.99,F,F3,10+ years,MORTGAGE,52190.0,Source Verified,other,FL,30.95,0.0,660.0,664.0,1.0,42.0,39.0,Individual,5,High Risk,Manual Review
86106424,27275.0, 36 months,23.99,E,E2,3 years,RENT,62000.0,Verified,debt_consolidation,CA,34.13,2.0,670.0,674.0,0.0,62.0,34.0,Individual,6,High Risk,Manual Review
86236662,2800.0, 36 months,26.49,F,F2,10+ years,MORTGAGE,52000.0,Verified,debt_consolidation,MN,33.95,0.0,700.0,704.0,0.0,86.0,19.0,Individual,6,High Risk,Manual Review
86032773,6550.0, 36 months,26.49,F,F2,3 years,RENT,43200.0,Verified,debt_consolidation,AZ,32.58,0.0,680.0,684.0,0.0,38.7,20.0,Individual,5,High Risk,Manual Review
85824468,4800.0, 36 months,25.29,E,E5,6 years,RENT,18000.0,Verified,credit_card,CT,34.93,1.0,685.0,689.0,0.0,39.5,37.0,Individual,6,High Risk,Manual Review
86945347,13000.0, 60 months,24.49,E,E3,4 years,RENT,49000.0,Source Verified,debt_consolidation,CA,30.69,0.0,660.0,664.0,1.0,50.3,23.0,Individual,5,High Risk,Manual Review
86832414,13800.0, 60 months,22.39,E,E1,3 years,RENT,35000.0,Verified,debt_consolidation,GA,33.01,0.0,670.0,674.0,0.0,67.8,16.0,Individual,5,High Risk,Manual Review
87144463,21000.0, 60 months,22.39,E,E1,2 years,RENT,98000.0,Verified,debt_consolidation,CA,32.11,1.0,665.0,669.0,0.0,97.8,30.0,Individual,7,High Risk,Manual Review
86433743,5325.0, 36 months,26.49,F,F2,< 1 year,OWN,160000.0,Source Verified,other,NH,7.78,1.0,685.0,689.0,0.0,81.4,15.0,Individual,5,High Risk,Manual Review
86985340,16550.0, 36 months,23.99,E,E2,1 year,MORTGAGE,34500.0,Source Verified,credit_card,CO,30.16,0.0,690.0,694.0,0.0,85.3,19.0,Individual,6,High Risk,Manual Review
87135281,13475.0, 60 months,29.96,G,G4,10+ years,RENT,69000.0,Verified,debt_consolidation,NJ,32.33,0.0,675.0,679.0,3.0,25.8,37.0,Individual,5,High Risk,Manual Review
87004536,35000.0, 36 months,23.99,E,E2,10+ years,RENT,92700.0,Verified,debt_consolidation,MO,33.36,0.0,725.0,729.0,2.0,36.1,20.0,Individual,5,High Risk,Manual Review
86935067,20000.0, 60 months,24.99,E,E4,5 years,RENT,115386.0,Source Verified,debt_consolidation,GA,33.52,1.0,710.0,714.0,0.0,48.9,35.0,Individual,6,High Risk,Manual Review
86914320,34300.0, 60 months,28.88,G,G2,3 years,RENT,71500.0,Verified,debt_consolidation,CT,33.4,0.0,690.0,694.0,0.0,77.3,24.0,Individual,5,High Risk,Manual Review
86993730,35000.0, 60 months,29.67,G,G3,< 1 year,MORTGAGE,128000.0,Verified,debt_consolidation,MD,31.66,0.0,695.0,699.0,1.0,98.0,22.0,Individual,6,High Risk,Manual Review
86923670,9000.0, 36 months,23.99,E,E2,2 years,RENT,45000.0,Source Verified,house,MA,30.75,2.0,680.0,684.0,0.0,54.2,43.0,Individual,6,High Risk,Manual Review
86116515,33875.0, 36 months,23.99,E,E2,,MORTGAGE,77000.0,Verified,debt_consolidation,NV,31.32,0.0,690.0,694.0,0.0,88.1,23.0,Individual,6,High Risk,Manual Review
86662681,35000.0, 60 months,26.49,F,F2,8 years,RENT,140000.0,Verified,debt_consolidation,LA,34.17,0.0,710.0,714.0,0.0,79.0,14.0,Individual,5,High Risk,Manual Review
85431337,20275.0, 36 months,25.29,E,E5,4 years,MORTGAGE,60000.0,Verified,debt_consolidation,FL,33.72,0.0,660.0,664.0,1.0,84.0,17.0,Individual,6,High Risk,Manual Review
87073940,3200.0, 36 months,22.39,E,E1,8 years,RENT,38000.0,Verified,debt_consolidation,VA,30.66,0.0,680.0,684.0,0.0,63.8,18.0,Individual,5,High Risk,Manual Review
87054109,6600.0, 36 months,22.39,E,E1,10+ years,RENT,45000.0,Verified,debt_consolidation,OH,34.55,3.0,660.0,664.0,4.0,13.5,32.0,Individual,6,High Risk,Manual Review
87043497,2000.0, 36 months,23.99,E,E2,,MORTGAGE,59000.0,Verified,debt_consolidation,NV,34.4,0.0,670.0,674.0,1.0,76.7,73.0,Individual,5,High Risk,Manual Review
86116416,17100.0, 60 months,30.99,G,G5,1 year,RENT,45000.0,Verified,debt_consolidation,CA,31.79,0.0,660.0,664.0,3.0,45.8,13.0,Individual,5,High Risk,Manual Review
87023830,26250.0, 36 months,25.29,E,E5,10+ years,RENT,65000.0,Verified,credit_card,CA,34.71,0.0,690.0,694.0,1.0,59.7,24.0,Individual,5,High Risk,Manual Review
86116115,18000.0, 60 months,23.99,E,E2,3 years,MORTGAGE,47863.0,Verified,debt_consolidation,AL,30.12,2.0,675.0,679.0,1.0,83.9,53.0,Individual,7,High Risk,Manual Review
86105997,21125.0, 60 months,25.29,E,E5,10+ years,MORTGAGE,60000.0,Verified,debt_consolidation,MA,30.08,0.0,665.0,669.0,0.0,0.5,19.0,Individual,5,High Risk,Manual Review
87023751,10450.0, 36 months,24.99,E,E4,5 years,RENT,34900.0,Verified,debt_consolidation,NY,33.05,0.0,675.0,679.0,1.0,64.9,28.0,Individual,5,High Risk,Manual Review
86105504,16800.0, 60 months,25.69,F,F1,7 years,MORTGAGE,106000.0,Not Verified,debt_consolidation,IN,31.95,1.0,690.0,694.0,2.0,53.2,29.0,Individual,6,High Risk,Manual Review
86022005,21000.0, 60 months,25.69,F,F1,10+ years,MORTGAGE,195000.0,Source Verified,home_improvement,GA,16.89,1.0,665.0,669.0,0.0,99.2,47.0,Individual,5,High Risk,Manual Review
87004293,16925.0, 60 months,28.18,G,G1,2 years,MORTGAGE,62500.0,Verified,major_purchase,MN,33.1,0.0,680.0,684.0,1.0,57.4,46.0,Individual,5,High Risk,Manual Review
85862285,15200.0, 36 months,22.39,E,E1,2 years,OWN,40000.0,Verified,debt_consolidation,PA,30.12,0.0,660.0,664.0,0.0,90.5,38.0,Individual,6,High Risk,Manual Review
87143749,8725.0, 36 months,25.69,F,F1,10+ years,OWN,35000.0,Verified,debt_consolidation,TX,30.49,0.0,670.0,674.0,1.0,38.0,14.0,Individual,5,High Risk,Manual Review
87072320,8650.0, 36 months,22.39,E,E1,7 years,OWN,55000.0,Verified,debt_consolidation,HI,33.23,1.0,670.0,674.0,0.0,25.2,20.0,Individual,6,High Risk,Manual Review
86563836,13000.0, 60 months,23.99,E,E2,10+ years,MORTGAGE,65000.0,Verified,debt_consolidation,PA,32.57,0.0,705.0,709.0,1.0,71.0,28.0,Individual,5,High Risk,Manual Review
86952587,24000.0, 60 months,28.18,G,G1,,MORTGAGE,80000.0,Verified,debt_consolidation,MD,34.37,1.0,695.0,699.0,3.0,51.7,30.0,Individual,6,High Risk,Manual Review
87122644,17175.0, 36 months,25.29,E,E5,2 years,OWN,48000.0,Verified,debt_consolidation,LA,32.6,0.0,695.0,699.0,3.0,37.0,27.0,Individual,5,High Risk,Manual Review
86942828,18000.0, 60 months,25.69,F,F1,10+ years,MORTGAGE,140000.0,Not Verified,debt_consolidation,CA,34.23,0.0,660.0,664.0,0.0,83.6,34.0,Individual,6,High Risk,Manual Review
85787199,9575.0, 36 months,25.69,F,F1,10+ years,RENT,39956.8,Verified,debt_consolidation,IN,33.7,0.0,675.0,679.0,2.0,41.5,36.0,Individual,5,High Risk,Manual Review
86493997,12000.0, 60 months,28.18,G,G1,10+ years,MORTGAGE,88500.0,Verified,debt_consolidation,CO,31.81,3.0,705.0,709.0,1.0,46.1,46.0,Individual,6,High Risk,Manual Review
87052175,10000.0, 60 months,25.29,E,E5,5 years,MORTGAGE,60000.0,Verified,debt_consolidation,AL,30.6,0.0,700.0,704.0,2.0,20.6,35.0,Individual,5,High Risk,Manual Review
86104181,35000.0, 60 months,24.49,E,E3,10+ years,OWN,109000.0,Verified,debt_consolidation,IL,34.49,0.0,720.0,724.0,1.0,44.0,58.0,Individual,5,High Risk,Manual Review
87003020,12000.0, 60 months,23.99,E,E2,10+ years,MORTGAGE,52250.0,Verified,medical,TX,33.19,0.0,670.0,674.0,0.0,78.5,21.0,Individual,5,High Risk,Manual Review
86932756,15150.0, 36 months,17.99,D,D2,5 years,MORTGAGE,60800.0,Verified,debt_consolidation,IL,33.75,1.0,705.0,709.0,2.0,83.3,54.0,Individual,5,High Risk,Manual Review
85971378,4950.0, 36 months,27.49,F,F4,,RENT,16516.0,Verified,credit_card,PA,33.03,0.0,660.0,664.0,0.0,57.6,18.0,Individual,5,High Risk,Manual Review
87123236,15000.0, 36 months,22.39,E,E1,< 1 year,MORTGAGE,146000.0,Source Verified,home_improvement,TX,9.38,1.0,705.0,709.0,1.0,94.1,11.0,Individual,5,High Risk,Manual Review
86983902,27350.0, 60 months,24.49,E,E3,5 years,OWN,57000.0,Not Verified,home_improvement,MO,30.8,0.0,780.0,784.0,1.0,23.9,25.0,Individual,5,High Risk,Manual Review
86115041,12000.0, 60 months,22.39,E,E1,10+ years,MORTGAGE,40000.0,Source Verified,debt_consolidation,LA,34.41,1.0,670.0,674.0,1.0,89.7,13.0,Individual,7,High Risk,Manual Review
86306232,12000.0, 60 months,24.99,E,E4,,MORTGAGE,45000.0,Verified,home_improvement,TN,34.13,0.0,675.0,679.0,0.0,70.4,20.0,Individual,5,High Risk,Manual Review
85241901,12075.0, 60 months,22.39,E,E1,6 years,MORTGAGE,59000.0,Source Verified,home_improvement,AL,30.82,0.0,710.0,714.0,0.0,29.7,13.0,Individual,5,High Risk,Manual Review
87083293,10500.0, 36 months,27.49,F,F4,5 years,RENT,35000.0,Verified,debt_consolidation,CA,32.75,0.0,675.0,679.0,0.0,93.7,21.0,Individual,6,High Risk,Manual Review
86483625,13200.0, 60 months,22.39,E,E1,5 years,RENT,45000.0,Source Verified,debt_consolidation,AZ,32.08,0.0,690.0,694.0,0.0,46.1,24.0,Individual,5,High Risk,Manual Review
85557360,35000.0, 36 months,25.29,E,E5,2 years,MORTGAGE,125000.0,Verified,debt_consolidation,TX,32.62,0.0,675.0,679.0,0.0,10.0,30.0,Individual,5,High Risk,Manual Review
86613073,28000.0, 60 months,24.99,E,E4,8 years,MORTGAGE,70000.0,Not Verified,credit_card,TN,34.29,0.0,695.0,699.0,0.0,50.0,51.0,Individual,5,High Risk,Manual Review
86963124,16000.0, 60 months,26.49,F,F2,10+ years,RENT,130000.0,Verified,debt_consolidation,FL,8.77,1.0,660.0,664.0,1.0,80.1,23.0,Individual,5,High Risk,Manual Review
86564041,30775.0, 36 months,25.29,E,E5,10+ years,MORTGAGE,81000.0,Verified,debt_consolidation,IL,28.95,2.0,675.0,679.0,1.0,84.7,37.0,Individual,5,High Risk,Manual Review
87072670,32475.0, 60 months,26.99,F,F3,9 years,RENT,80000.0,Verified,debt_consolidation,CA,33.17,0.0,675.0,679.0,0.0,67.6,27.0,Individual,5,High Risk,Manual Review
85732337,4100.0, 36 months,22.39,E,E1,,OWN,56000.0,Verified,medical,CO,31.08,0.0,665.0,669.0,2.0,95.0,12.0,Individual,6,High Risk,Manual Review
85535944,8750.0, 36 months,23.99,E,E2,5 years,MORTGAGE,25000.0,Verified,debt_consolidation,MO,31.11,0.0,720.0,724.0,0.0,87.0,12.0,Individual,6,High Risk,Manual Review
86973602,7950.0, 36 months,23.99,E,E2,5 years,RENT,26520.0,Verified,credit_card,CA,31.34,0.0,665.0,669.0,0.0,22.1,12.0,Individual,5,High Risk,Manual Review
85513890,18075.0, 60 months,26.99,F,F3,10+ years,MORTGAGE,64000.0,Verified,debt_consolidation,VT,32.33,0.0,660.0,664.0,3.0,53.0,44.0,Individual,5,High Risk,Manual Review
86483679,22525.0, 60 months,25.29,E,E5,10+ years,OWN,49000.0,Verified,debt_consolidation,NY,30.79,0.0,700.0,704.0,0.0,45.0,44.0,Individual,5,High Risk,Manual Review
86902713,20000.0, 36 months,22.39,E,E1,< 1 year,MORTGAGE,90000.0,Source Verified,debt_consolidation,NJ,30.61,0.0,665.0,669.0,1.0,41.3,54.0,Individual,5,High Risk,Manual Review
86932538,15000.0, 60 months,22.39,E,E1,10+ years,MORTGAGE,65000.0,Not Verified,debt_consolidation,MI,30.79,1.0,685.0,689.0,3.0,47.4,27.0,Individual,6,High Risk,Manual Review
85724315,18925.0, 60 months,24.49,E,E3,3 years,MORTGAGE,62000.0,Not Verified,debt_consolidation,PA,31.44,0.0,710.0,714.0,1.0,56.1,26.0,Individual,5,High Risk,Manual Review
86443189,16075.0, 60 months,27.49,F,F4,3 years,RENT,90000.0,Not Verified,debt_consolidation,FL,34.65,0.0,720.0,724.0,0.0,34.4,27.0,Individual,5,High Risk,Manual Review
86832387,18575.0, 60 months,27.49,F,F4,8 years,MORTGAGE,65000.0,Verified,debt_consolidation,MO,24.98,1.0,660.0,664.0,2.0,83.2,40.0,Individual,5,High Risk,Manual Review
86902787,23050.0, 60 months,25.69,F,F1,10+ years,MORTGAGE,62000.0,Not Verified,credit_card,IL,30.64,1.0,675.0,679.0,0.0,51.3,38.0,Individual,6,High Risk,Manual Review
85711778,9000.0, 36 months,23.99,E,E2,3 years,RENT,25000.0,Verified,debt_consolidation,PA,22.37,1.0,670.0,674.0,0.0,96.1,13.0,Individual,5,High Risk,Manual Review
86442560,14500.0, 60 months,27.49,F,F4,4 years,RENT,33000.0,Source Verified,debt_consolidation,OK,34.8,0.0,690.0,694.0,2.0,68.1,18.0,Individual,5,High Risk,Manual Review
85687726,35000.0, 36 months,22.39,E,E1,6 years,RENT,100000.0,Verified,debt_consolidation,GA,33.21,0.0,730.0,734.0,1.0,27.0,20.0,Individual,5,High Risk,Manual Review
86623506,18800.0, 60 months,26.49,F,F2,6 years,MORTGAGE,56000.0,Source Verified,credit_card,OH,33.99,0.0,720.0,724.0,2.0,19.5,23.0,Individual,5,High Risk,Manual Review
86492844,15400.0, 36 months,22.39,E,E1,10+ years,OWN,35000.0,Source Verified,debt_consolidation,WA,34.6,0.0,700.0,704.0,0.0,92.3,19.0,Individual,6,High Risk,Manual Review
86041381,25000.0, 60 months,27.49,F,F4,10+ years,RENT,50000.0,Verified,debt_consolidation,NJ,32.33,0.0,690.0,694.0,1.0,79.1,19.0,Individual,5,High Risk,Manual Review
87052415,18600.0, 60 months,26.49,F,F2,3 years,MORTGAGE,48300.0,Verified,debt_consolidation,GA,30.36,0.0,720.0,724.0,0.0,61.7,20.0,Individual,5,High Risk,Manual Review
87022469,13075.0, 60 months,24.99,E,E4,9 years,OWN,40000.0,Not Verified,debt_consolidation,CA,34.87,0.0,685.0,689.0,0.0,51.0,29.0,Individual,5,High Risk,Manual Review
85086334,5600.0, 36 months,26.99,F,F3,,MORTGAGE,55000.0,Verified,debt_consolidation,NV,30.96,0.0,695.0,699.0,4.0,54.9,29.0,Individual,5,High Risk,Manual Review
86104833,5000.0, 36 months,23.99,E,E2,< 1 year,RENT,25000.0,Verified,small_business,TX,34.28,0.0,665.0,669.0,0.0,33.1,16.0,Individual,5,High Risk,Manual Review
85717838,35000.0, 36 months,25.29,E,E5,,MORTGAGE,82848.0,Verified,debt_consolidation,SC,34.56,0.0,670.0,674.0,0.0,78.7,40.0,Individual,5,High Risk,Manual Review
86952539,5600.0, 36 months,22.39,E,E1,10+ years,MORTGAGE,75000.0,Source Verified,debt_consolidation,TX,33.12,1.0,685.0,689.0,1.0,75.9,30.0,Individual,6,High Risk,Manual Review
87032158,18800.0, 36 months,24.99,E,E4,4 years,MORTGAGE,57000.0,Verified,debt_consolidation,MN,31.43,0.0,660.0,664.0,2.0,100.4,28.0,Individual,6,High Risk,Manual Review
86403975,25000.0, 60 months,27.79,F,F5,10+ years,OWN,65000.0,Verified,debt_consolidation,GA,31.61,0.0,665.0,669.0,1.0,88.1,23.0,Individual,6,High Risk,Manual Review
86563853,25500.0, 60 months,27.79,F,F5,10+ years,RENT,58000.0,Verified,debt_consolidation,IL,33.25,0.0,720.0,724.0,0.0,36.5,33.0,Individual,5,High Risk,Manual Review
86592935,15000.0, 60 months,23.99,E,E2,10+ years,MORTGAGE,55000.0,Not Verified,debt_consolidation,NY,32.4,0.0,705.0,709.0,0.0,34.7,31.0,Individual,5,High Risk,Manual Review
86652631,16700.0, 60 months,23.99,E,E2,10+ years,OWN,105000.0,Verified,credit_card,TN,14.13,1.0,680.0,684.0,0.0,91.0,31.0,Individual,5,High Risk,Manual Review
85636608,23000.0, 60 months,24.99,E,E4,10+ years,RENT,72500.0,Verified,debt_consolidation,CA,31.53,0.0,685.0,689.0,0.0,53.5,30.0,Individual,5,High Risk,Manual Review
85912570,4825.0, 36 months,27.49,F,F4,7 years,RENT,48180.03,Verified,credit_card,FL,34.57,0.0,660.0,664.0,0.0,70.3,19.0,Individual,5,High Risk,Manual Review
86692540,8325.0, 36 months,29.96,G,G4,7 years,RENT,56320.0,Verified,debt_consolidation,NC,34.48,0.0,670.0,674.0,0.0,54.9,15.0,Individual,5,High Risk,Manual Review
85608708,12000.0, 60 months,23.99,E,E2,10+ years,MORTGAGE,40000.0,Source Verified,debt_consolidation,IL,33.93,0.0,675.0,679.0,1.0,49.6,35.0,Individual,5,High Risk,Manual Review
85785900,5975.0, 36 months,23.99,E,E2,5 years,OWN,29000.0,Verified,debt_consolidation,NY,34.35,4.0,665.0,669.0,0.0,26.0,21.0,Individual,6,High Risk,Manual Review
85804390,34500.0, 60 months,24.49,E,E3,8 years,MORTGAGE,75000.0,Verified,debt_consolidation,TN,32.59,0.0,695.0,699.0,2.0,75.5,24.0,Individual,5,High Risk,Manual Review
86682235,12000.0, 60 months,24.49,E,E3,4 years,MORTGAGE,40000.0,Source Verified,other,AL,30.06,1.0,690.0,694.0,2.0,28.0,16.0,Individual,6,High Risk,Manual Review
85514562,16725.0, 36 months,16.99,D,D1,< 1 year,RENT,42758.0,Verified,debt_consolidation,FL,32.45,1.0,670.0,674.0,0.0,98.3,13.0,Individual,5,High Risk,Manual Review
86453285,9600.0, 36 months,22.39,E,E1,10+ years,MORTGAGE,45000.0,Source Verified,debt_consolidation,FL,32.64,0.0,670.0,674.0,1.0,62.9,28.0,Individual,5,High Risk,Manual Review
86543358,17800.0, 60 months,27.79,F,F5,10+ years,MORTGAGE,95377.0,Verified,debt_consolidation,PA,31.77,0.0,700.0,704.0,0.0,71.1,15.0,Individual,5,High Risk,Manual Review
85707180,12400.0, 60 months,28.18,G,G1,10+ years,OWN,31000.0,Verified,debt_consolidation,NY,31.2,0.0,665.0,669.0,0.0,79.1,20.0,Individual,5,High Risk,Manual Review
86051918,30000.0, 60 months,28.18,G,G1,7 years,MORTGAGE,112000.0,Verified,debt_consolidation,AK,34.59,1.0,660.0,664.0,0.0,50.8,25.0,Individual,6,High Risk,Manual Review
86543525,12000.0, 60 months,25.29,E,E5,5 years,MORTGAGE,37440.0,Source Verified,debt_consolidation,FL,30.28,0.0,710.0,714.0,0.0,51.2,20.0,Individual,5,High Risk,Manual Review
85735308,8000.0, 36 months,22.39,E,E1,1 year,MORTGAGE,30000.0,Verified,debt_consolidation,CA,34.2,0.0,665.0,669.0,0.0,59.1,13.0,Individual,5,High Risk,Manual Review
86413658,9625.0, 36 months,22.39,E,E1,10+ years,OWN,28000.0,Verified,debt_consolidation,OH,29.49,2.0,660.0,664.0,1.0,113.2,14.0,Individual,5,High Risk,Manual Review
86602150,2400.0, 36 months,24.49,E,E3,,RENT,45000.0,Verified,debt_consolidation,KY,34.24,0.0,670.0,674.0,2.0,56.5,11.0,Individual,5,High Risk,Manual Review
85543368,12000.0, 60 months,26.99,F,F3,2 years,MORTGAGE,81000.0,Source Verified,debt_consolidation,NY,30.52,1.0,680.0,684.0,0.0,42.8,23.0,Individual,6,High Risk,Manual Review
86502918,18725.0, 60 months,28.18,G,G1,3 years,RENT,60000.0,Not Verified,credit_card,FL,30.91,0.0,680.0,684.0,1.0,43.9,16.0,Individual,5,High Risk,Manual Review
86633311,7550.0, 36 months,23.99,E,E2,10+ years,MORTGAGE,20413.29,Source Verified,home_improvement,FL,34.45,0.0,670.0,674.0,0.0,45.2,12.0,Individual,5,High Risk,Manual Review
85893102,1000.0, 36 months,24.99,E,E4,< 1 year,RENT,14000.0,Verified,other,TX,30.96,0.0,685.0,689.0,2.0,0.4,7.0,Individual,5,High Risk,Manual Review
84996706,11500.0, 36 months,23.99,E,E2,10+ years,RENT,32000.0,Verified,debt_consolidation,NC,33.01,0.0,665.0,669.0,1.0,68.1,17.0,Individual,5,High Risk,Manual Review
86473540,22400.0, 60 months,19.99,D,D4,2 years,MORTGAGE,101000.0,Verified,credit_card,NH,32.59,2.0,680.0,684.0,0.0,99.0,13.0,Individual,5,High Risk,Manual Review
86802951,35000.0, 60 months,25.29,E,E5,10+ years,OWN,115000.0,Not Verified,debt_consolidation,MS,31.5,0.0,725.0,729.0,0.0,46.7,25.0,Individual,5,High Risk,Manual Review
86166775,30800.0, 36 months,23.99,E,E2,,MORTGAGE,70000.0,Verified,debt_consolidation,OR,26.5,1.0,695.0,699.0,1.0,82.3,24.0,Individual,5,High Risk,Manual Review
85728821,11050.0, 36 months,25.69,F,F1,< 1 year,RENT,30720.0,Verified,debt_consolidation,CA,34.1,0.0,660.0,664.0,0.0,72.8,13.0,Individual,5,High Risk,Manual Review
85554269,15950.0, 60 months,26.49,F,F2,6 years,MORTGAGE,45000.0,Source Verified,debt_consolidation,UT,32.64,0.0,685.0,689.0,0.0,46.3,22.0,Individual,5,High Risk,Manual Review
85951669,24675.0, 60 months,25.29,E,E5,10+ years,MORTGAGE,75000.0,Not Verified,debt_consolidation,SC,33.95,0.0,675.0,679.0,1.0,98.2,26.0,Individual,6,High Risk,Manual Review
85646277,16425.0, 60 months,27.49,F,F4,5 years,MORTGAGE,65000.0,Source Verified,debt_consolidation,NC,34.32,0.0,685.0,689.0,1.0,25.9,37.0,Individual,5,High Risk,Manual Review
86482428,30000.0, 60 months,23.99,E,E2,10+ years,RENT,110000.0,Verified,debt_consolidation,MD,15.23,1.0,660.0,664.0,1.0,84.7,17.0,Individual,5,High Risk,Manual Review
86542870,4000.0, 36 months,26.49,F,F2,10+ years,MORTGAGE,20223.0,Verified,debt_consolidation,NE,34.3,0.0,730.0,734.0,0.0,24.9,18.0,Individual,5,High Risk,Manual Review
85673918,23450.0, 60 months,25.69,F,F1,7 years,OWN,63800.0,Source Verified,home_improvement,TX,32.11,0.0,660.0,664.0,0.0,55.5,21.0,Individual,5,High Risk,Manual Review
86542718,16700.0, 36 months,22.39,E,E1,< 1 year,MORTGAGE,66000.0,Verified,debt_consolidation,NC,30.6,3.0,680.0,684.0,2.0,43.4,27.0,Individual,6,High Risk,Manual Review
85667421,4800.0, 36 months,23.99,E,E2,9 years,RENT,31000.0,Verified,credit_card,CA,33.23,0.0,675.0,679.0,0.0,66.0,25.0,Individual,5,High Risk,Manual Review
86633800,28200.0, 60 months,28.18,G,G1,1 year,RENT,70000.0,Source Verified,debt_consolidation,PA,30.75,0.0,690.0,694.0,1.0,54.2,49.0,Individual,5,High Risk,Manual Review
86642702,20000.0, 60 months,24.49,E,E3,8 years,MORTGAGE,70000.0,Source Verified,debt_consolidation,FL,31.48,0.0,685.0,689.0,1.0,77.8,25.0,Individual,5,High Risk,Manual Review
85805299,18000.0, 60 months,22.39,E,E1,3 years,RENT,43000.0,Source Verified,debt_consolidation,PA,34.36,0.0,665.0,669.0,0.0,56.0,14.0,Individual,5,High Risk,Manual Review
86622326,14400.0, 60 months,22.39,E,E1,< 1 year,RENT,62000.0,Source Verified,debt_consolidation,AZ,30.83,0.0,660.0,664.0,0.0,86.1,10.0,Individual,6,High Risk,Manual Review
85595983,11850.0, 36 months,24.49,E,E3,4 years,RENT,31200.0,Verified,credit_card,OK,30.42,0.0,670.0,674.0,1.0,79.6,21.0,Individual,5,High Risk,Manual Review
85559990,16000.0, 36 months,22.39,E,E1,8 years,OWN,58000.0,Source Verified,debt_consolidation,NY,33.23,1.0,720.0,724.0,2.0,9.5,84.0,Individual,6,High Risk,Manual Review
86642466,12800.0, 36 months,22.39,E,E1,10+ years,RENT,50000.0,Source Verified,other,NY,31.35,1.0,680.0,684.0,0.0,31.8,20.0,Individual,6,High Risk,Manual Review
85550826,20700.0, 36 months,25.29,E,E5,3 years,MORTGAGE,70000.0,Verified,debt_consolidation,TX,30.33,0.0,705.0,709.0,1.0,46.6,12.0,Individual,5,High Risk,Manual Review
86432136,24075.0, 60 months,28.88,G,G2,5 years,RENT,63360.0,Verified,debt_consolidation,MI,33.56,0.0,665.0,669.0,1.0,77.7,53.0,Individual,5,High Risk,Manual Review
86582136,16700.0, 60 months,30.99,G,G5,1 year,OWN,44000.0,Verified,debt_consolidation,MO,31.78,0.0,685.0,689.0,0.0,83.6,15.0,Individual,6,High Risk,Manual Review
85664593,11650.0, 36 months,25.29,E,E5,10+ years,MORTGAGE,35000.0,Verified,debt_consolidation,PA,31.52,0.0,675.0,679.0,1.0,13.1,24.0,Individual,5,High Risk,Manual Review
86512414,5000.0, 36 months,23.99,E,E2,10+ years,MORTGAGE,18644.0,Verified,debt_consolidation,AL,30.82,0.0,715.0,719.0,2.0,20.2,13.0,Individual,5,High Risk,Manual Review
85883368,10000.0, 60 months,30.99,G,G5,,RENT,25000.0,Verified,debt_consolidation,FL,32.65,0.0,690.0,694.0,0.0,70.1,9.0,Individual,5,High Risk,Manual Review
86502606,25000.0, 60 months,26.49,F,F2,2 years,RENT,60000.0,Verified,debt_consolidation,AZ,33.62,4.0,680.0,684.0,2.0,88.2,31.0,Individual,7,High Risk,Manual Review
86492130,30000.0, 36 months,24.99,E,E4,10+ years,MORTGAGE,72000.0,Verified,debt_consolidation,OH,33.48,0.0,670.0,674.0,1.0,96.4,27.0,Individual,6,High Risk,Manual Review
85827379,25000.0, 60 months,27.79,F,F5,,MORTGAGE,105000.0,Verified,debt_consolidation,MS,14.15,1.0,660.0,664.0,0.0,97.7,19.0,Individual,5,High Risk,Manual Review
85881824,30000.0, 60 months,22.39,E,E1,,MORTGAGE,82621.0,Source Verified,debt_consolidation,CA,30.8,0.0,720.0,724.0,0.0,49.7,26.0,Individual,5,High Risk,Manual Review
85709879,18000.0, 60 months,23.99,E,E2,10+ years,MORTGAGE,63000.0,Verified,debt_consolidation,GA,32.58,0.0,670.0,674.0,1.0,69.7,26.0,Individual,5,High Risk,Manual Review
86632231,28000.0, 60 months,24.49,E,E3,10+ years,MORTGAGE,63700.0,Verified,debt_consolidation,CO,32.2,1.0,670.0,674.0,0.0,82.7,39.0,Individual,7,High Risk,Manual Review
86206115,14600.0, 60 months,16.99,D,D1,10+ years,MORTGAGE,67907.0,Source Verified,debt_consolidation,NY,32.79,1.0,680.0,684.0,0.0,89.5,36.0,Individual,5,High Risk,Manual Review
85645136,18250.0, 36 months,29.96,G,G4,9 years,RENT,60000.0,Verified,debt_consolidation,NY,33.74,0.0,670.0,674.0,2.0,70.9,31.0,Individual,5,High Risk,Manual Review
85961662,13550.0, 60 months,24.99,E,E4,10+ years,RENT,44000.0,Verified,debt_consolidation,AZ,30.8,0.0,680.0,684.0,1.0,60.8,13.0,Individual,5,High Risk,Manual Review
86463424,23550.0, 36 months,26.99,F,F3,10+ years,RENT,62000.0,Verified,debt_consolidation,FL,32.2,0.0,665.0,669.0,0.0,55.2,34.0,Individual,5,High Risk,Manual Review
85747857,10800.0, 60 months,28.88,G,G2,1 year,RENT,30000.0,Verified,debt_consolidation,OR,32.24,0.0,695.0,699.0,0.0,44.5,19.0,Individual,5,High Risk,Manual Review
85607829,35000.0, 60 months,24.99,E,E4,10+ years,MORTGAGE,123000.0,Verified,debt_consolidation,FL,20.92,2.0,665.0,669.0,0.0,84.2,24.0,Individual,5,High Risk,Manual Review
85822423,11500.0, 60 months,25.29,E,E5,10+ years,RENT,42000.0,Verified,debt_consolidation,PA,34.66,0.0,695.0,699.0,0.0,64.0,26.0,Individual,5,High Risk,Manual Review
85754821,13625.0, 60 months,25.29,E,E5,10+ years,MORTGAGE,100000.0,Source Verified,credit_card,MA,31.71,1.0,685.0,689.0,2.0,63.0,25.0,Individual,6,High Risk,Manual Review
85881761,30000.0, 60 months,22.39,E,E1,10+ years,MORTGAGE,95000.0,Source Verified,credit_card,MO,31.05,3.0,670.0,674.0,0.0,78.3,35.0,Individual,6,High Risk,Manual Review
86422757,6850.0, 36 months,24.99,E,E4,7 years,MORTGAGE,33999.0,Verified,debt_consolidation,WA,30.92,0.0,710.0,714.0,2.0,47.8,12.0,Individual,5,High Risk,Manual Review
85912228,4000.0, 36 months,22.39,E,E1,9 years,MORTGAGE,36000.0,Verified,debt_consolidation,GA,12.6,1.0,670.0,674.0,0.0,93.4,4.0,Individual,5,High Risk,Manual Review
85713735,25000.0, 60 months,25.29,E,E5,10+ years,MORTGAGE,56000.0,Verified,debt_consolidation,KS,31.44,0.0,715.0,719.0,0.0,47.3,24.0,Individual,5,High Risk,Manual Review
85558861,4500.0, 36 months,23.99,E,E2,,MORTGAGE,11900.0,Verified,other,FL,33.0,0.0,685.0,689.0,3.0,62.3,9.0,Individual,5,High Risk,Manual Review
85470371,14075.0, 60 months,25.69,F,F1,10+ years,MORTGAGE,44000.0,Verified,debt_consolidation,MI,22.91,1.0,695.0,699.0,1.0,102.3,22.0,Individual,5,High Risk,Manual Review
86246507,2100.0, 36 months,23.99,E,E2,4 years,MORTGAGE,27000.0,Verified,debt_consolidation,TX,32.89,0.0,680.0,684.0,1.0,57.0,16.0,Individual,5,High Risk,Manual Review
86346267,35000.0, 60 months,22.39,E,E1,3 years,RENT,102500.0,Verified,debt_consolidation,RI,25.7,3.0,670.0,674.0,1.0,93.0,21.0,Individual,5,High Risk,Manual Review
86492445,20150.0, 60 months,27.49,F,F4,3 years,RENT,52000.0,Source Verified,debt_consolidation,MD,34.41,0.0,720.0,724.0,0.0,50.4,22.0,Individual,5,High Risk,Manual Review
85862464,11850.0, 60 months,26.49,F,F2,9 years,MORTGAGE,53000.0,Verified,debt_consolidation,NJ,27.36,1.0,660.0,664.0,1.0,90.7,22.0,Individual,5,High Risk,Manual Review
85943168,29025.0, 60 months,26.49,F,F2,10+ years,MORTGAGE,80227.0,Verified,debt_consolidation,MD,34.67,0.0,760.0,764.0,1.0,5.0,17.0,Individual,5,High Risk,Manual Review
85660050,20000.0, 36 months,22.39,E,E1,10+ years,MORTGAGE,86000.0,Verified,moving,CO,19.17,1.0,660.0,664.0,0.0,93.4,13.0,Individual,5,High Risk,Manual Review
85787012,16000.0, 60 months,22.39,E,E1,4 years,RENT,59000.0,Verified,debt_consolidation,CA,34.98,0.0,660.0,664.0,1.0,70.6,18.0,Individual,5,High Risk,Manual Review
85331260,40000.0, 60 months,26.99,F,F3,10+ years,MORTGAGE,93800.0,Verified,credit_card,MN,29.27,1.0,710.0,714.0,0.0,84.8,9.0,Individual,5,High Risk,Manual Review
85863088,30675.0, 60 months,28.88,G,G2,10+ years,MORTGAGE,68203.0,Verified,debt_consolidation,CA,26.92,2.0,675.0,679.0,2.0,99.0,18.0,Individual,5,High Risk,Manual Review
85651644,15000.0, 60 months,23.99,E,E2,1 year,RENT,108000.0,Verified,other,VA,30.67,0.0,670.0,674.0,1.0,41.6,39.0,Individual,5,High Risk,Manual Review
85665688,24825.0, 60 months,26.99,F,F3,10+ years,RENT,54000.0,Source Verified,credit_card,IL,32.48,0.0,685.0,689.0,0.0,60.7,74.0,Individual,5,High Risk,Manual Review
86052574,3750.0, 36 months,23.99,E,E2,1 year,MORTGAGE,62000.0,Verified,debt_consolidation,WI,30.89,0.0,670.0,674.0,2.0,77.0,22.0,Individual,5,High Risk,Manual Review
86356133,13800.0, 36 months,27.49,F,F4,4 years,OWN,37000.0,Verified,debt_consolidation,AL,34.16,0.0,710.0,714.0,1.0,55.8,11.0,Individual,5,High Risk,Manual Review
85803659,12600.0, 60 months,24.99,E,E4,10+ years,MORTGAGE,35000.0,Verified,debt_consolidation,NY,31.28,1.0,665.0,669.0,0.0,94.9,19.0,Individual,7,High Risk,Manual Review
85922621,11075.0, 60 months,27.79,F,F5,< 1 year,RENT,42000.0,Source Verified,debt_consolidation,FL,30.66,0.0,705.0,709.0,0.0,81.5,26.0,Individual,6,High Risk,Manual Review
85559214,20000.0, 60 months,24.99,E,E4,10+ years,RENT,59000.0,Source Verified,debt_consolidation,OR,33.03,0.0,695.0,699.0,1.0,61.4,28.0,Individual,5,High Risk,Manual Review
85951301,11325.0, 60 months,25.69,F,F1,2 years,RENT,27000.0,Verified,debt_consolidation,IL,34.27,0.0,715.0,719.0,0.0,66.1,6.0,Individual,5,High Risk,Manual Review
85873287,3000.0, 36 months,24.99,E,E4,7 years,MORTGAGE,14400.0,Verified,debt_consolidation,NC,25.42,1.0,665.0,669.0,1.0,85.2,14.0,Individual,5,High Risk,Manual Review
86032179,10000.0, 60 months,26.99,F,F3,1 year,RENT,36000.0,Source Verified,debt_consolidation,TX,31.37,0.0,680.0,684.0,1.0,62.3,12.0,Individual,5,High Risk,Manual Review
85827416,10000.0, 36 months,22.39,E,E1,3 years,RENT,100000.0,Source Verified,medical,NJ,34.75,0.0,675.0,679.0,0.0,59.4,54.0,Individual,5,High Risk,Manual Review
86022626,40000.0, 60 months,23.99,E,E2,6 years,RENT,156000.0,Verified,debt_consolidation,TX,11.31,1.0,680.0,684.0,0.0,80.5,11.0,Individual,5,High Risk,Manual Review
85803530,15000.0, 60 months,25.29,E,E5,,RENT,43584.0,Verified,debt_consolidation,IL,30.62,0.0,670.0,674.0,0.0,73.3,25.0,Individual,5,High Risk,Manual Review
85901250,10600.0, 60 months,25.29,E,E5,1 year,RENT,40000.0,Verified,debt_consolidation,NY,32.01,0.0,685.0,689.0,1.0,64.9,17.0,Individual,5,High Risk,Manual Review
85568063,27600.0, 36 months,24.99,E,E4,1 year,RENT,60000.0,Verified,debt_consolidation,NY,32.22,0.0,690.0,694.0,1.0,56.5,44.0,Individual,5,High Risk,Manual Review
85882769,10000.0, 60 months,25.29,E,E5,10+ years,RENT,60000.0,Source Verified,debt_consolidation,TX,34.48,1.0,665.0,669.0,1.0,63.4,11.0,Individual,6,High Risk,Manual Review
85548301,29575.0, 60 months,29.67,G,G3,9 years,MORTGAGE,105000.0,Verified,debt_consolidation,MD,33.59,0.0,670.0,674.0,1.0,41.8,22.0,Individual,5,High Risk,Manual Review
86196423,25000.0, 60 months,22.39,E,E1,9 years,OWN,125000.0,Not Verified,debt_consolidation,FL,18.92,2.0,660.0,664.0,0.0,91.3,23.0,Individual,5,High Risk,Manual Review
85911272,12800.0, 60 months,22.39,E,E1,7 years,MORTGAGE,36000.0,Verified,debt_consolidation,VA,19.4,1.0,670.0,674.0,0.0,90.7,18.0,Individual,5,High Risk,Manual Review
86256168,22650.0, 60 months,30.99,G,G5,8 years,MORTGAGE,61600.0,Source Verified,home_improvement,TX,30.07,0.0,670.0,674.0,0.0,45.6,39.0,Individual,5,High Risk,Manual Review
84616186,35000.0, 60 months,26.99,F,F3,8 years,MORTGAGE,145000.0,Verified,debt_consolidation,PA,16.78,1.0,670.0,674.0,2.0,82.2,15.0,Individual,5,High Risk,Manual Review
85677890,11125.0, 36 months,24.49,E,E3,,RENT,56000.0,Verified,home_improvement,NH,29.38,1.0,695.0,699.0,0.0,82.9,11.0,Individual,5,High Risk,Manual Review
85785783,5525.0, 36 months,25.69,F,F1,,RENT,17328.0,Verified,debt_consolidation,IL,31.86,0.0,670.0,674.0,0.0,53.4,11.0,Individual,5,High Risk,Manual Review
85639499,28000.0, 60 months,26.99,F,F3,10+ years,RENT,105000.0,Verified,debt_consolidation,TN,16.73,1.0,670.0,674.0,0.0,90.7,19.0,Individual,5,High Risk,Manual Review
85697238,5975.0, 36 months,22.39,E,E1,,RENT,18684.0,Verified,debt_consolidation,TN,34.1,0.0,675.0,679.0,0.0,87.4,12.0,Individual,6,High Risk,Manual Review
85588833,20000.0, 60 months,22.39,E,E1,4 years,MORTGAGE,62000.0,Verified,credit_card,IL,32.93,0.0,670.0,674.0,0.0,72.6,30.0,Individual,5,High Risk,Manual Review
85606072,16450.0, 60 months,25.69,F,F1,,RENT,42345.96,Verified,debt_consolidation,MA,33.22,0.0,680.0,684.0,0.0,33.8,30.0,Individual,5,High Risk,Manual Review
85610040,10000.0, 60 months,22.39,E,E1,9 years,RENT,58000.0,Verified,debt_consolidation,NJ,30.6,4.0,670.0,674.0,1.0,56.0,33.0,Individual,6,High Risk,Manual Review
85536925,3600.0, 36 months,25.69,F,F1,10+ years,OWN,45000.0,Verified,vacation,MN,31.65,0.0,685.0,689.0,2.0,36.9,33.0,Individual,5,High Risk,Manual Review
85656173,29825.0, 60 months,27.79,F,F5,6 years,RENT,90000.0,Verified,debt_consolidation,CA,32.91,1.0,675.0,679.0,1.0,71.0,34.0,Individual,6,High Risk,Manual Review
85803784,15000.0, 60 months,24.49,E,E3,7 years,MORTGAGE,65000.0,Source Verified,debt_consolidation,WI,19.66,2.0,660.0,664.0,0.0,100.2,26.0,Individual,5,High Risk,Manual Review
85891566,15200.0, 60 months,25.29,E,E5,10+ years,RENT,69789.0,Source Verified,debt_consolidation,CA,32.73,0.0,670.0,674.0,0.0,61.5,18.0,Individual,5,High Risk,Manual Review
85572749,27500.0, 60 months,24.49,E,E3,10+ years,RENT,55000.0,Source Verified,debt_consolidation,NY,26.51,1.0,685.0,689.0,0.0,90.5,29.0,Individual,5,High Risk,Manual Review
86052536,10000.0, 60 months,23.99,E,E2,< 1 year,RENT,28000.0,Verified,credit_card,FL,34.8,1.0,665.0,669.0,0.0,53.4,12.0,Individual,6,High Risk,Manual Review
86031764,4000.0, 36 months,25.29,E,E5,2 years,RENT,36000.0,Verified,debt_consolidation,RI,33.6,1.0,690.0,694.0,0.0,38.0,31.0,Individual,6,High Risk,Manual Review
84675899,10000.0, 60 months,25.29,E,E5,6 years,RENT,50000.0,Verified,credit_card,WI,31.61,0.0,670.0,674.0,0.0,41.3,26.0,Individual,5,High Risk,Manual Review
85677098,3200.0, 36 months,16.99,D,D1,4 years,MORTGAGE,38000.0,Source Verified,credit_card,NC,30.32,2.0,665.0,669.0,1.0,84.2,12.0,Individual,5,High Risk,Manual Review
85902203,33200.0, 36 months,24.99,E,E4,10+ years,OWN,75500.0,Verified,debt_consolidation,MA,34.16,0.0,715.0,719.0,3.0,49.5,33.0,Individual,5,High Risk,Manual Review
84384354,18775.0, 60 months,26.99,F,F3,10+ years,RENT,49410.0,Verified,debt_consolidation,AR,34.78,0.0,665.0,669.0,0.0,82.4,16.0,Individual,6,High Risk,Manual Review
85628716,1200.0, 36 months,24.49,E,E3,4 years,MORTGAGE,30000.0,Source Verified,other,TX,33.68,0.0,715.0,719.0,0.0,43.5,9.0,Individual,5,High Risk,Manual Review
85668974,12825.0, 36 months,29.67,G,G3,,RENT,40100.0,Verified,debt_consolidation,AZ,30.77,0.0,665.0,669.0,0.0,67.1,18.0,Individual,5,High Risk,Manual Review
85871238,12000.0, 60 months,25.29,E,E5,10+ years,RENT,40400.0,Verified,debt_consolidation,FL,32.29,0.0,695.0,699.0,0.0,34.0,24.0,Individual,5,High Risk,Manual Review
85871676,23475.0, 60 months,24.49,E,E3,10+ years,MORTGAGE,80000.0,Verified,debt_consolidation,KY,31.47,0.0,660.0,664.0,2.0,88.7,24.0,Individual,6,High Risk,Manual Review
86011180,35000.0, 60 months,22.39,E,E1,3 years,MORTGAGE,120000.0,Verified,debt_consolidation,MA,5.31,1.0,670.0,674.0,1.0,92.8,17.0,Individual,5,High Risk,Manual Review
85513796,12800.0, 60 months,25.29,E,E5,5 years,RENT,59000.0,Verified,small_business,NY,31.67,0.0,705.0,709.0,0.0,71.6,11.0,Individual,5,High Risk,Manual Review
85654127,32500.0, 36 months,28.18,G,G1,4 years,MORTGAGE,65000.0,Source Verified,credit_card,FL,30.58,0.0,675.0,679.0,3.0,62.6,19.0,Individual,5,High Risk,Manual Review
85529122,14800.0, 60 months,24.99,E,E4,9 years,RENT,37000.0,Verified,debt_consolidation,NY,22.8,1.0,670.0,674.0,0.0,100.6,15.0,Individual,5,High Risk,Manual Review
85529209,6700.0, 36 months,24.99,E,E4,10+ years,MORTGAGE,42100.0,Source Verified,debt_consolidation,PA,31.56,0.0,670.0,674.0,1.0,48.3,24.0,Individual,5,High Risk,Manual Review
85666052,17475.0, 60 months,24.99,E,E4,10+ years,RENT,38000.0,Source Verified,debt_consolidation,AL,31.9,0.0,700.0,704.0,0.0,97.3,28.0,Individual,6,High Risk,Manual Review
85518728,25000.0, 36 months,23.99,E,E2,10+ years,RENT,91078.27,Verified,debt_consolidation,NV,28.37,1.0,670.0,674.0,1.0,102.9,12.0,Individual,5,High Risk,Manual Review
84465690,35000.0, 60 months,28.88,G,G2,7 years,RENT,100081.0,Verified,debt_consolidation,GA,31.44,0.0,670.0,674.0,1.0,58.4,67.0,Individual,5,High Risk,Manual Review
85608424,35000.0, 60 months,26.49,F,F2,3 years,MORTGAGE,74000.0,Verified,debt_consolidation,GA,32.54,0.0,690.0,694.0,0.0,75.4,28.0,Individual,5,High Risk,Manual Review
85739538,25725.0, 36 months,25.29,E,E5,10+ years,RENT,90000.0,Verified,debt_consolidation,IL,23.96,1.0,665.0,669.0,0.0,99.0,14.0,Individual,5,High Risk,Manual Review
85675907,9000.0, 36 months,24.49,E,E3,< 1 year,MORTGAGE,25000.0,Verified,debt_consolidation,NV,33.51,0.0,695.0,699.0,0.0,52.4,15.0,Individual,5,High Risk,Manual Review
85700012,20000.0, 60 months,22.39,E,E1,8 years,MORTGAGE,40000.0,Verified,debt_consolidation,TN,34.41,1.0,670.0,674.0,0.0,87.0,23.0,Individual,7,High Risk,Manual Review
85645952,36175.0, 60 months,25.69,F,F1,7 years,MORTGAGE,100000.0,Source Verified,debt_consolidation,TX,33.57,0.0,720.0,724.0,0.0,44.1,32.0,Individual,5,High Risk,Manual Review
85709534,14000.0, 60 months,23.99,E,E2,< 1 year,MORTGAGE,63600.0,Source Verified,home_improvement,TX,31.74,0.0,690.0,694.0,1.0,16.0,25.0,Individual,5,High Risk,Manual Review
85674999,20050.0, 60 months,24.49,E,E3,4 years,MORTGAGE,60000.0,Not Verified,debt_consolidation,MS,32.22,0.0,710.0,714.0,2.0,49.7,26.0,Individual,5,High Risk,Manual Review
85689208,11000.0, 60 months,28.88,G,G2,6 years,MORTGAGE,55000.0,Source Verified,home_improvement,OH,33.54,1.0,690.0,694.0,4.0,41.8,15.0,Individual,6,High Risk,Manual Review
85518043,19200.0, 60 months,22.39,E,E1,3 years,MORTGAGE,60000.0,Verified,debt_consolidation,NM,30.4,1.0,680.0,684.0,0.0,31.7,26.0,Individual,6,High Risk,Manual Review
85754830,19550.0, 36 months,25.69,F,F1,,RENT,51511.32,Verified,debt_consolidation,AR,32.53,0.0,665.0,669.0,1.0,69.5,10.0,Individual,5,High Risk,Manual Review
85519760,12000.0, 60 months,22.39,E,E1,,MORTGAGE,76800.0,Not Verified,debt_consolidation,MN,31.08,0.0,695.0,699.0,2.0,30.8,27.0,Individual,5,High Risk,Manual Review
85605809,15000.0, 36 months,23.99,E,E2,10+ years,MORTGAGE,76000.0,Verified,debt_consolidation,GA,30.32,0.0,660.0,664.0,1.0,82.3,55.0,Individual,6,High Risk,Manual Review
85569251,13550.0, 36 months,22.39,E,E1,10+ years,MORTGAGE,52000.0,Verified,debt_consolidation,FL,34.04,0.0,695.0,699.0,0.0,100.9,21.0,Individual,6,High Risk,Manual Review
85749425,11200.0, 60 months,25.69,F,F1,10+ years,MORTGAGE,72000.0,Verified,debt_consolidation,WI,32.98,4.0,670.0,674.0,0.0,63.0,29.0,Individual,6,High Risk,Manual Review
85861418,3500.0, 36 months,22.39,E,E1,5 years,MORTGAGE,47000.0,Source Verified,home_improvement,MI,30.59,0.0,710.0,714.0,1.0,56.7,18.0,Individual,5,High Risk,Manual Review
85719378,15000.0, 60 months,25.69,F,F1,10+ years,MORTGAGE,40000.0,Verified,credit_card,PA,31.35,0.0,695.0,699.0,1.0,43.5,36.0,Individual,5,High Risk,Manual Review
85719684,30000.0, 60 months,28.88,G,G2,10+ years,RENT,72881.0,Verified,debt_consolidation,TX,30.74,0.0,660.0,664.0,0.0,80.1,26.0,Individual,6,High Risk,Manual Review
85721283,2150.0, 36 months,26.49,F,F2,4 years,RENT,15000.0,Verified,debt_consolidation,FL,33.68,0.0,690.0,694.0,1.0,66.6,8.0,Individual,5,High Risk,Manual Review
84869774,21925.0, 60 months,25.69,F,F1,< 1 year,RENT,105000.0,Verified,debt_consolidation,PA,31.37,0.0,670.0,674.0,1.0,85.9,42.0,Individual,6,High Risk,Manual Review
85881351,24000.0, 60 months,23.99,E,E2,10+ years,RENT,58000.0,Verified,debt_consolidation,CT,30.29,0.0,680.0,684.0,0.0,90.5,17.0,Individual,6,High Risk,Manual Review
85941801,7500.0, 36 months,23.99,E,E2,,MORTGAGE,40800.0,Not Verified,home_improvement,SC,30.5,1.0,695.0,699.0,0.0,41.2,8.0,Individual,6,High Risk,Manual Review
85784419,12000.0, 60 months,24.49,E,E3,4 years,MORTGAGE,72000.0,Not Verified,debt_consolidation,MI,30.83,2.0,710.0,714.0,2.0,37.5,38.0,Individual,6,High Risk,Manual Review
85597736,15400.0, 36 months,24.99,E,E4,10+ years,MORTGAGE,108000.0,Verified,debt_consolidation,KY,23.31,1.0,665.0,669.0,2.0,93.9,46.0,Individual,5,High Risk,Manual Review
85588679,13000.0, 60 months,24.49,E,E3,4 years,RENT,75000.0,Source Verified,credit_card,MA,33.76,0.0,680.0,684.0,0.0,68.0,22.0,Individual,5,High Risk,Manual Review
85609785,24000.0, 60 months,23.99,E,E2,10+ years,RENT,110000.0,Not Verified,credit_card,PA,33.09,0.0,700.0,704.0,1.0,47.0,35.0,Individual,5,High Risk,Manual Review
85678115,3600.0, 36 months,26.49,F,F2,,RENT,15060.0,Verified,debt_consolidation,CT,31.08,0.0,665.0,669.0,0.0,25.7,6.0,Individual,5,High Risk,Manual Review
85697462,22075.0, 36 months,24.99,E,E4,1 year,RENT,63000.0,Verified,debt_consolidation,CO,31.45,0.0,665.0,669.0,0.0,80.7,11.0,Individual,6,High Risk,Manual Review
86011327,26250.0, 36 months,23.99,E,E2,9 years,OWN,65000.0,Not Verified,credit_card,OH,30.89,0.0,705.0,709.0,2.0,59.5,19.0,Individual,5,High Risk,Manual Review
85524285,35000.0, 60 months,23.99,E,E2,10+ years,MORTGAGE,140000.0,Source Verified,debt_consolidation,IL,31.0,2.0,690.0,694.0,0.0,68.1,43.0,Individual,6,High Risk,Manual Review
85755841,21000.0, 60 months,29.96,G,G4,10+ years,RENT,154000.0,Verified,debt_consolidation,CA,32.94,0.0,685.0,689.0,0.0,83.7,43.0,Individual,6,High Risk,Manual Review
84930197,32000.0, 60 months,27.79,F,F5,10+ years,RENT,104000.0,Verified,credit_card,HI,19.48,1.0,670.0,674.0,1.0,93.9,31.0,Individual,5,High Risk,Manual Review
85586509,30000.0, 36 months,24.49,E,E3,10+ years,RENT,96000.0,Verified,debt_consolidation,NY,31.58,0.0,665.0,669.0,2.0,81.0,21.0,Individual,6,High Risk,Manual Review
85076514,15675.0, 60 months,24.49,E,E3,10+ years,MORTGAGE,72000.0,Source Verified,home_improvement,MS,33.75,0.0,805.0,809.0,0.0,18.7,23.0,Individual,5,High Risk,Manual Review
85535549,30875.0, 36 months,25.29,E,E5,2 years,MORTGAGE,79672.0,Verified,debt_consolidation,WI,27.28,2.0,660.0,664.0,0.0,94.2,15.0,Individual,5,High Risk,Manual Review
85576950,32600.0, 60 months,29.67,G,G3,9 years,MORTGAGE,65205.36,Source Verified,credit_card,TX,30.9,1.0,675.0,679.0,1.0,76.6,20.0,Individual,6,High Risk,Manual Review
85802892,11350.0, 60 months,22.39,E,E1,,OWN,28404.0,Verified,debt_consolidation,NC,30.97,0.0,695.0,699.0,0.0,50.0,10.0,Individual,5,High Risk,Manual Review
85371507,15700.0, 60 months,24.49,E,E3,4 years,RENT,50000.0,Source Verified,debt_consolidation,TN,30.33,0.0,725.0,729.0,0.0,99.4,15.0,Individual,6,High Risk,Manual Review
84666107,1500.0, 36 months,24.49,E,E3,2 years,RENT,25000.0,Verified,small_business,CA,32.55,0.0,710.0,714.0,0.0,25.5,10.0,Individual,5,High Risk,Manual Review
85584954,4175.0, 36 months,23.99,E,E2,10+ years,RENT,75000.0,Verified,other,NY,6.98,2.0,675.0,679.0,0.0,80.7,9.0,Individual,5,High Risk,Manual Review
85526538,19900.0, 60 months,25.69,F,F1,1 year,RENT,41465.0,Not Verified,credit_card,CA,30.82,0.0,680.0,684.0,1.0,63.6,19.0,Individual,5,High Risk,Manual Review
84615400,25300.0, 60 months,25.29,E,E5,,MORTGAGE,57532.0,Verified,debt_consolidation,NC,34.58,0.0,695.0,699.0,0.0,90.4,27.0,Individual,6,High Risk,Manual Review
85716226,21300.0, 36 months,22.39,E,E1,10+ years,MORTGAGE,102000.0,Verified,debt_consolidation,FL,19.44,1.0,660.0,664.0,2.0,86.1,35.0,Individual,5,High Risk,Manual Review
85648314,10450.0, 60 months,30.99,G,G5,10+ years,MORTGAGE,39500.0,Verified,home_improvement,ND,33.0,4.0,670.0,674.0,0.0,67.3,19.0,Individual,6,High Risk,Manual Review
42914504,24000.0, 60 months,24.49,E,E3,7 years,RENT,65000.0,Not Verified,debt_consolidation,NY,33.36,0.0,670.0,674.0,1.0,93.3,22.0,Individual,6,High Risk,Manual Review
85653571,6800.0, 36 months,22.39,E,E1,6 years,OWN,20000.0,Source Verified,credit_card,NY,30.25,0.0,660.0,664.0,1.0,83.2,6.0,Individual,6,High Risk,Manual Review
85758006,5100.0, 36 months,22.39,E,E1,7 years,RENT,16000.0,Verified,debt_consolidation,CA,30.46,0.0,660.0,664.0,1.0,86.1,6.0,Individual,6,High Risk,Manual Review
85526284,6600.0, 36 months,22.39,E,E1,7 years,MORTGAGE,62000.0,Source Verified,debt_consolidation,AZ,32.52,0.0,680.0,684.0,0.0,49.2,32.0,Individual,5,High Risk,Manual Review
85804592,4750.0, 36 months,22.39,E,E1,,RENT,14000.0,Verified,debt_consolidation,PA,32.5,0.0,665.0,669.0,0.0,66.1,14.0,Individual,5,High Risk,Manual Review
85637266,12600.0, 60 months,22.39,E,E1,9 years,RENT,47000.0,Verified,debt_consolidation,OR,33.5,0.0,675.0,679.0,1.0,73.4,40.0,Individual,5,High Risk,Manual Review
85708214,13975.0, 36 months,22.39,E,E1,10+ years,RENT,49000.0,Verified,credit_card,MN,34.58,0.0,660.0,664.0,0.0,48.0,37.0,Individual,5,High Risk,Manual Review
85017831,15450.0, 60 months,23.99,E,E2,5 years,RENT,46000.0,Source Verified,credit_card,NE,31.99,0.0,670.0,674.0,1.0,61.6,18.0,Individual,5,High Risk,Manual Review
85607653,12800.0, 60 months,28.18,G,G1,1 year,RENT,32000.0,Source Verified,debt_consolidation,NC,33.2,0.0,660.0,664.0,3.0,55.0,9.0,Individual,5,High Risk,Manual Review
85719762,3000.0, 36 months,24.99,E,E4,10+ years,MORTGAGE,83000.0,Verified,debt_consolidation,FL,31.76,0.0,690.0,694.0,3.0,76.7,41.0,Individual,5,High Risk,Manual Review
85756572,30000.0, 60 months,24.99,E,E4,1 year,RENT,60000.0,Verified,debt_consolidation,IL,33.22,0.0,670.0,674.0,1.0,82.0,33.0,Individual,6,High Risk,Manual Review
85564817,8325.0, 36 months,26.49,F,F2,10+ years,OWN,44000.0,Source Verified,debt_consolidation,CT,32.9,0.0,700.0,704.0,3.0,82.0,27.0,Individual,6,High Risk,Manual Review
85737012,12000.0, 60 months,23.99,E,E2,6 years,MORTGAGE,30000.0,Source Verified,debt_consolidation,KS,25.24,1.0,665.0,669.0,0.0,93.8,18.0,Individual,5,High Risk,Manual Review
85555905,30200.0, 60 months,29.67,G,G3,4 years,MORTGAGE,80000.0,Source Verified,debt_consolidation,UT,33.02,1.0,670.0,674.0,0.0,72.7,33.0,Individual,6,High Risk,Manual Review
85679186,1500.0, 36 months,24.99,E,E4,1 year,RENT,24000.0,Verified,car,CO,32.7,0.0,660.0,664.0,2.0,73.2,20.0,Individual,5,High Risk,Manual Review
85625929,10225.0, 60 months,27.49,F,F4,4 years,MORTGAGE,37500.0,Verified,debt_consolidation,FL,34.98,0.0,690.0,694.0,0.0,44.8,30.0,Individual,5,High Risk,Manual Review
85536490,8000.0, 36 months,22.39,E,E1,1 year,RENT,40000.0,Verified,debt_consolidation,MN,33.48,0.0,665.0,669.0,0.0,35.5,34.0,Individual,5,High Risk,Manual Review
85617114,6050.0, 36 months,22.39,E,E1,,MORTGAGE,28000.0,Verified,debt_consolidation,OK,34.46,0.0,670.0,674.0,0.0,77.8,24.0,Individual,5,High Risk,Manual Review
85526311,10000.0, 36 months,22.39,E,E1,2 years,RENT,25000.0,Verified,debt_consolidation,CA,30.24,0.0,710.0,714.0,0.0,36.3,11.0,Individual,5,High Risk,Manual Review
85281432,10250.0, 60 months,29.67,G,G3,10+ years,OWN,32000.0,Verified,debt_consolidation,NY,30.88,0.0,680.0,684.0,2.0,56.1,21.0,Individual,5,High Risk,Manual Review
85671383,11475.0, 60 months,25.69,F,F1,< 1 year,MORTGAGE,35000.0,Verified,debt_consolidation,MD,30.32,0.0,710.0,714.0,0.0,43.1,15.0,Individual,5,High Risk,Manual Review
85709282,37125.0, 60 months,25.69,F,F1,4 years,RENT,200000.0,Verified,debt_consolidation,OH,17.58,1.0,680.0,684.0,0.0,87.2,35.0,Individual,5,High Risk,Manual Review
84565142,35000.0, 60 months,27.49,F,F4,10+ years,MORTGAGE,120000.0,Source Verified,debt_consolidation,FL,27.54,1.0,680.0,684.0,1.0,87.1,40.0,Individual,5,High Risk,Manual Review
85753616,23400.0, 60 months,15.59,C,C5,3 years,MORTGAGE,65000.0,Verified,debt_consolidation,IN,32.22,1.0,665.0,669.0,0.0,86.0,27.0,Individual,5,High Risk,Manual Review
85688502,12000.0, 60 months,25.69,F,F1,10+ years,MORTGAGE,62000.0,Not Verified,debt_consolidation,PA,33.43,0.0,685.0,689.0,0.0,82.2,37.0,Individual,6,High Risk,Manual Review
85668432,25000.0, 60 months,25.69,F,F1,10+ years,MORTGAGE,63000.0,Not Verified,debt_consolidation,IN,34.3,0.0,660.0,664.0,0.0,63.9,15.0,Individual,5,High Risk,Manual Review
85696845,35000.0, 60 months,23.99,E,E2,3 years,MORTGAGE,98000.0,Verified,home_improvement,MD,18.97,2.0,675.0,679.0,0.0,86.6,28.0,Individual,5,High Risk,Manual Review
85552800,12375.0, 36 months,21.49,D,D5,10+ years,MORTGAGE,40000.0,Verified,debt_consolidation,NY,32.64,1.0,665.0,669.0,0.0,80.2,31.0,Individual,5,High Risk,Manual Review
85705190,12925.0, 60 months,26.99,F,F3,2 years,MORTGAGE,40648.0,Verified,debt_consolidation,FL,30.62,0.0,660.0,664.0,0.0,41.5,18.0,Individual,5,High Risk,Manual Review
85785001,11200.0, 60 months,22.39,E,E1,10+ years,RENT,40000.0,Source Verified,debt_consolidation,NY,31.08,1.0,660.0,664.0,1.0,60.7,16.0,Individual,6,High Risk,Manual Review
85784982,18350.0, 60 months,29.96,G,G4,3 years,MORTGAGE,48293.76,Verified,debt_consolidation,MS,30.62,0.0,680.0,684.0,0.0,81.4,12.0,Individual,6,High Risk,Manual Review
85545801,20000.0, 60 months,25.29,E,E5,4 years,RENT,65000.0,Verified,debt_consolidation,TX,19.35,1.0,660.0,664.0,0.0,90.9,20.0,Individual,5,High Risk,Manual Review
85694427,23650.0, 60 months,25.29,E,E5,1 year,RENT,53789.0,Verified,debt_consolidation,CA,34.11,0.0,675.0,679.0,0.0,37.3,23.0,Individual,5,High Risk,Manual Review
85568781,15625.0, 36 months,23.99,E,E2,10+ years,RENT,31279.0,Source Verified,credit_card,NJ,32.0,0.0,675.0,679.0,0.0,72.9,20.0,Individual,5,High Risk,Manual Review
85568433,21375.0, 60 months,18.99,D,D3,8 years,MORTGAGE,80000.0,Not Verified,debt_consolidation,AZ,34.86,2.0,680.0,684.0,0.0,81.7,39.0,Individual,5,High Risk,Manual Review
85747680,11950.0, 36 months,24.99,E,E4,1 year,RENT,45432.0,Source Verified,debt_consolidation,WI,31.6,0.0,660.0,664.0,1.0,5.2,13.0,Individual,5,High Risk,Manual Review
85737226,14475.0, 36 months,28.88,G,G2,10+ years,MORTGAGE,40000.0,Not Verified,debt_consolidation,NY,34.86,0.0,685.0,689.0,0.0,75.7,23.0,Individual,5,High Risk,Manual Review
85524431,3300.0, 36 months,25.29,E,E5,,RENT,16832.0,Verified,debt_consolidation,FL,31.67,0.0,695.0,699.0,0.0,39.9,19.0,Individual,5,High Risk,Manual Review
85370927,23375.0, 60 months,28.18,G,G1,5 years,RENT,56750.0,Verified,debt_consolidation,NJ,31.15,0.0,665.0,669.0,3.0,49.5,30.0,Individual,5,High Risk,Manual Review
85330633,5500.0, 36 months,23.99,E,E2,5 years,OWN,75000.0,Source Verified,debt_consolidation,MI,32.29,0.0,700.0,704.0,1.0,68.7,32.0,Individual,5,High Risk,Manual Review
85635635,7500.0, 36 months,24.49,E,E3,4 years,RENT,25000.0,Source Verified,credit_card,MI,31.69,0.0,660.0,664.0,2.0,58.8,11.0,Individual,5,High Risk,Manual Review
85694793,28000.0, 60 months,24.49,E,E3,10+ years,MORTGAGE,122000.0,Not Verified,debt_consolidation,IL,33.04,0.0,700.0,704.0,0.0,58.7,29.0,Individual,5,High Risk,Manual Review
85470600,35000.0, 60 months,28.18,G,G1,10+ years,MORTGAGE,85800.0,Verified,debt_consolidation,FL,31.48,0.0,660.0,664.0,0.0,44.6,36.0,Individual,5,High Risk,Manual Review
85321667,35000.0, 60 months,27.49,F,F4,10+ years,OWN,110000.0,Verified,debt_consolidation,FL,32.08,0.0,660.0,664.0,1.0,72.2,63.0,Individual,5,High Risk,Manual Review
85745292,28000.0, 60 months,29.67,G,G3,10+ years,MORTGAGE,90000.0,Verified,debt_consolidation,LA,34.87,2.0,685.0,689.0,1.0,37.5,41.0,Individual,6,High Risk,Manual Review
85705747,25725.0, 36 months,23.99,E,E2,6 years,MORTGAGE,63400.0,Source Verified,debt_consolidation,MO,34.73,0.0,685.0,689.0,2.0,42.1,24.0,Individual,5,High Risk,Manual Review
85582542,16825.0, 60 months,26.99,F,F3,,OWN,65000.0,Verified,debt_consolidation,CA,33.75,0.0,660.0,664.0,3.0,47.0,38.0,Individual,5,High Risk,Manual Review
85605338,2800.0, 36 months,22.39,E,E1,6 years,MORTGAGE,28000.0,Source Verified,debt_consolidation,OH,30.3,2.0,660.0,664.0,1.0,75.1,29.0,Individual,6,High Risk,Manual Review
85525532,16000.0, 36 months,15.59,C,C5,10+ years,RENT,55000.0,Source Verified,credit_card,MO,34.98,1.0,660.0,664.0,0.0,88.1,36.0,Individual,5,High Risk,Manual Review
85586328,30000.0, 60 months,24.99,E,E4,10+ years,MORTGAGE,88000.0,Verified,debt_consolidation,CA,30.62,0.0,665.0,669.0,1.0,68.0,27.0,Individual,5,High Risk,Manual Review
85622082,12000.0, 60 months,25.69,F,F1,1 year,RENT,45000.0,Source Verified,debt_consolidation,CA,31.57,0.0,660.0,664.0,2.0,34.2,18.0,Individual,5,High Risk,Manual Review
85640561,21600.0, 60 months,26.49,F,F2,10+ years,MORTGAGE,52000.0,Verified,debt_consolidation,FL,32.75,0.0,675.0,679.0,0.0,97.7,15.0,Individual,6,High Risk,Manual Review
85672091,20075.0, 60 months,27.49,F,F4,10+ years,RENT,55000.0,Verified,debt_consolidation,CA,31.81,0.0,675.0,679.0,3.0,42.0,41.0,Individual,5,High Risk,Manual Review
84535754,9000.0, 36 months,25.69,F,F1,< 1 year,OWN,30000.0,Verified,debt_consolidation,MD,30.96,0.0,675.0,679.0,1.0,99.4,13.0,Individual,6,High Risk,Manual Review
84729958,25000.0, 60 months,24.49,E,E3,10+ years,RENT,70000.0,Source Verified,debt_consolidation,IL,29.71,3.0,675.0,679.0,2.0,80.1,35.0,Individual,5,High Risk,Manual Review
85624195,16000.0, 60 months,19.99,D,D4,4 years,MORTGAGE,75000.0,Verified,debt_consolidation,MI,31.86,2.0,660.0,664.0,0.0,82.0,73.0,Individual,5,High Risk,Manual Review
85654153,11200.0, 60 months,24.99,E,E4,10+ years,MORTGAGE,78000.0,Verified,home_improvement,MO,25.62,1.0,665.0,669.0,3.0,82.0,12.0,Individual,5,High Risk,Manual Review
84998996,35000.0, 36 months,23.99,E,E2,10+ years,MORTGAGE,95000.0,Verified,credit_card,MN,26.31,2.0,695.0,699.0,0.0,93.6,24.0,Individual,5,High Risk,Manual Review
85686238,20000.0, 60 months,26.99,F,F3,10+ years,MORTGAGE,74000.0,Not Verified,debt_consolidation,OK,32.78,0.0,675.0,679.0,0.0,82.4,11.0,Individual,6,High Risk,Manual Review
85754944,7000.0, 36 months,22.39,E,E1,2 years,RENT,30000.0,Verified,debt_consolidation,NY,30.2,0.0,665.0,669.0,1.0,34.8,9.0,Individual,5,High Risk,Manual Review
85746642,40000.0, 60 months,23.99,E,E2,1 year,RENT,120000.0,Verified,debt_consolidation,FL,30.98,0.0,685.0,689.0,1.0,66.6,31.0,Individual,5,High Risk,Manual Review
85803524,18150.0, 60 months,30.99,G,G5,10+ years,MORTGAGE,65000.0,Verified,debt_consolidation,MA,30.69,0.0,675.0,679.0,1.0,76.9,24.0,Individual,5,High Risk,Manual Review
85563799,10000.0, 60 months,25.69,F,F1,4 years,MORTGAGE,70000.0,Source Verified,other,OH,31.24,0.0,670.0,674.0,1.0,14.2,28.0,Individual,5,High Risk,Manual Review
85615856,28000.0, 60 months,27.79,F,F5,8 years,MORTGAGE,130000.0,Not Verified,debt_consolidation,IL,33.02,0.0,700.0,704.0,4.0,71.4,27.0,Individual,5,High Risk,Manual Review
85574473,35000.0, 60 months,29.67,G,G3,5 years,MORTGAGE,120000.0,Verified,debt_consolidation,NJ,33.63,0.0,710.0,714.0,0.0,94.2,42.0,Individual,6,High Risk,Manual Review
85532650,35000.0, 60 months,29.96,G,G4,10+ years,RENT,85000.0,Verified,debt_consolidation,KY,34.39,0.0,680.0,684.0,2.0,94.0,29.0,Individual,6,High Risk,Manual Review
85167290,21000.0, 60 months,15.59,C,C5,5 years,RENT,65000.0,Verified,debt_consolidation,NY,31.52,1.0,665.0,669.0,1.0,96.0,19.0,Individual,5,High Risk,Manual Review
85783340,27900.0, 60 months,23.99,E,E2,10+ years,MORTGAGE,62000.0,Verified,debt_consolidation,TN,29.09,1.0,670.0,674.0,0.0,82.0,23.0,Individual,5,High Risk,Manual Review
85086303,31700.0, 60 months,28.18,G,G1,5 years,MORTGAGE,129000.0,Verified,home_improvement,GA,30.58,1.0,700.0,704.0,0.0,98.5,16.0,Individual,7,High Risk,Manual Review
85634747,24000.0, 60 months,24.49,E,E3,2 years,RENT,56700.0,Verified,debt_consolidation,PA,31.58,0.0,665.0,669.0,0.0,80.0,13.0,Individual,5,High Risk,Manual Review
85534103,14075.0, 60 months,27.79,F,F5,3 years,RENT,40000.0,Source Verified,debt_consolidation,MO,33.69,0.0,690.0,694.0,0.0,60.9,16.0,Individual,5,High Risk,Manual Review
84701312,12975.0, 60 months,26.49,F,F2,1 year,MORTGAGE,32448.0,Verified,debt_consolidation,MI,34.58,1.0,670.0,674.0,2.0,87.8,19.0,Individual,7,High Risk,Manual Review
85643135,20250.0, 60 months,26.99,F,F3,10+ years,MORTGAGE,45000.0,Verified,debt_consolidation,IL,32.51,0.0,685.0,689.0,1.0,35.0,46.0,Individual,5,High Risk,Manual Review
85534276,14475.0, 60 months,26.49,F,F2,9 years,RENT,51000.0,Source Verified,debt_consolidation,TX,34.28,0.0,685.0,689.0,0.0,86.3,34.0,Individual,6,High Risk,Manual Review
85514329,12950.0, 60 months,27.49,F,F4,,MORTGAGE,36000.0,Verified,debt_consolidation,NJ,34.67,0.0,665.0,669.0,0.0,69.7,22.0,Individual,5,High Risk,Manual Review
85523208,30000.0, 36 months,15.59,C,C5,10+ years,OWN,116000.0,Verified,credit_card,CA,34.44,3.0,690.0,694.0,0.0,94.1,38.0,Individual,5,High Risk,Manual Review
85634043,14075.0, 36 months,23.99,E,E2,10+ years,RENT,50000.0,Verified,debt_consolidation,FL,33.51,0.0,675.0,679.0,0.0,41.5,23.0,Individual,5,High Risk,Manual Review
85666116,18450.0, 60 months,26.99,F,F3,8 years,RENT,54236.0,Source Verified,debt_consolidation,CA,31.49,0.0,690.0,694.0,0.0,84.7,13.0,Individual,6,High Risk,Manual Review
85564955,28125.0, 60 months,27.49,F,F4,2 years,MORTGAGE,74500.0,Verified,debt_consolidation,KY,32.5,4.0,660.0,664.0,0.0,65.1,41.0,Individual,6,High Risk,Manual Review
85595499,12000.0, 36 months,23.99,E,E2,10+ years,MORTGAGE,60000.0,Not Verified,debt_consolidation,OH,30.8,0.0,685.0,689.0,0.0,72.3,41.0,Individual,5,High Risk,Manual Review
85552817,19000.0, 36 months,24.49,E,E3,1 year,RENT,38000.0,Source Verified,debt_consolidation,UT,34.02,0.0,685.0,689.0,0.0,75.0,46.0,Individual,5,High Risk,Manual Review
85643567,14400.0, 36 months,26.99,F,F3,2 years,MORTGAGE,56008.0,Verified,debt_consolidation,PA,31.73,0.0,670.0,674.0,3.0,77.0,15.0,Individual,5,High Risk,Manual Review
85741278,18475.0, 60 months,23.99,E,E2,< 1 year,RENT,42028.0,Not Verified,debt_consolidation,WY,32.58,1.0,675.0,679.0,0.0,67.2,26.0,Individual,6,High Risk,Manual Review
85653647,1500.0, 36 months,22.39,E,E1,10+ years,RENT,51000.0,Verified,vacation,KY,34.8,4.0,665.0,669.0,0.0,86.0,30.0,Individual,7,High Risk,Manual Review
83633662,13000.0, 60 months,24.99,E,E4,4 years,RENT,50000.0,Verified,debt_consolidation,MD,31.4,0.0,705.0,709.0,0.0,27.0,17.0,Individual,5,High Risk,Manual Review
85228466,20000.0, 60 months,23.99,E,E2,6 years,RENT,70000.0,Verified,debt_consolidation,VA,33.76,1.0,660.0,664.0,0.0,70.1,24.0,Individual,6,High Risk,Manual Review
85585258,32125.0, 60 months,26.99,F,F3,10+ years,RENT,79000.0,Not Verified,debt_consolidation,NV,32.53,0.0,705.0,709.0,1.0,89.3,21.0,Individual,6,High Risk,Manual Review
85673645,35000.0, 60 months,23.99,E,E2,< 1 year,MORTGAGE,105000.0,Verified,debt_consolidation,IL,14.21,1.0,665.0,669.0,1.0,92.6,36.0,Individual,5,High Risk,Manual Review
85622767,30875.0, 60 months,23.99,E,E2,10+ years,MORTGAGE,140000.0,Verified,debt_consolidation,MI,17.65,1.0,685.0,689.0,0.0,81.4,32.0,Individual,5,High Risk,Manual Review
85643656,20900.0, 36 months,22.39,E,E1,< 1 year,RENT,48000.0,Verified,debt_consolidation,KS,33.5,0.0,690.0,694.0,0.0,86.8,26.0,Individual,6,High Risk,Manual Review
84930207,3025.0, 36 months,23.99,E,E2,,MORTGAGE,57000.0,Source Verified,other,GA,31.71,0.0,700.0,704.0,1.0,40.3,44.0,Individual,5,High Risk,Manual Review
85672213,35000.0, 36 months,23.99,E,E2,8 years,MORTGAGE,80000.0,Source Verified,debt_consolidation,GA,34.23,0.0,730.0,734.0,0.0,77.8,27.0,Individual,5,High Risk,Manual Review
85543765,21525.0, 36 months,24.49,E,E3,10+ years,RENT,900000.0,Verified,credit_card,NY,7.28,2.0,670.0,674.0,2.0,82.7,41.0,Individual,5,High Risk,Manual Review
83972318,24875.0, 60 months,27.79,F,F5,,MORTGAGE,94000.0,Verified,other,MD,32.1,0.0,670.0,674.0,1.0,59.7,42.0,Individual,5,High Risk,Manual Review
85724180,21175.0, 60 months,21.49,D,D5,1 year,RENT,51027.0,Source Verified,debt_consolidation,CA,32.81,4.0,665.0,669.0,0.0,91.0,19.0,Individual,5,High Risk,Manual Review
85771200,15325.0, 60 months,26.99,F,F3,10+ years,MORTGAGE,65000.0,Source Verified,debt_consolidation,NY,34.99,0.0,735.0,739.0,1.0,34.9,13.0,Individual,5,High Risk,Manual Review
85583586,5525.0, 36 months,23.99,E,E2,10+ years,MORTGAGE,53400.0,Verified,credit_card,FL,31.93,0.0,660.0,664.0,3.0,71.2,34.0,Individual,5,High Risk,Manual Review
85681381,15525.0, 60 months,27.49,F,F4,,MORTGAGE,42424.68,Verified,debt_consolidation,FL,30.83,0.0,665.0,669.0,1.0,88.5,20.0,Individual,6,High Risk,Manual Review
85661000,35000.0, 36 months,28.18,G,G1,< 1 year,OWN,80000.0,Verified,debt_consolidation,CA,34.91,0.0,695.0,699.0,2.0,60.4,18.0,Individual,5,High Risk,Manual Review
85531436,10200.0, 60 months,29.67,G,G3,6 years,RENT,34000.0,Verified,debt_consolidation,FL,31.42,0.0,675.0,679.0,0.0,97.6,11.0,Individual,6,High Risk,Manual Review
84700784,9850.0, 36 months,22.39,E,E1,2 years,MORTGAGE,65000.0,Source Verified,debt_consolidation,MA,32.23,0.0,680.0,684.0,0.0,78.2,28.0,Individual,5,High Risk,Manual Review
85522272,24000.0, 60 months,23.99,E,E2,6 years,MORTGAGE,70000.0,Not Verified,debt_consolidation,GA,31.36,0.0,685.0,689.0,0.0,53.5,31.0,Individual,5,High Risk,Manual Review
85583122,12000.0, 60 months,27.49,F,F4,2 years,RENT,24000.0,Source Verified,debt_consolidation,NJ,31.25,0.0,660.0,664.0,0.0,72.2,19.0,Individual,5,High Risk,Manual Review
85682618,10000.0, 60 months,23.99,E,E2,7 years,RENT,35000.0,Source Verified,other,FL,31.96,5.0,665.0,669.0,1.0,28.6,18.0,Individual,6,High Risk,Manual Review
85711856,17100.0, 60 months,24.49,E,E3,3 years,MORTGAGE,77000.0,Source Verified,debt_consolidation,MN,33.9,0.0,660.0,664.0,1.0,47.1,38.0,Individual,5,High Risk,Manual Review
85682891,17100.0, 60 months,24.99,E,E4,10+ years,MORTGAGE,45000.0,Source Verified,debt_consolidation,NC,34.51,0.0,690.0,694.0,0.0,69.0,23.0,Individual,5,High Risk,Manual Review
84435852,11600.0, 60 months,26.49,F,F2,10+ years,RENT,44500.0,Not Verified,other,NY,30.45,0.0,660.0,664.0,0.0,50.2,18.0,Individual,5,High Risk,Manual Review
85672248,16650.0, 60 months,22.39,E,E1,2 years,MORTGAGE,40000.0,Not Verified,credit_card,NY,32.46,1.0,695.0,699.0,0.0,40.2,14.0,Individual,6,High Risk,Manual Review
85704753,19200.0, 60 months,22.39,E,E1,10+ years,RENT,68000.0,Not Verified,debt_consolidation,TN,31.77,0.0,685.0,689.0,0.0,65.8,30.0,Individual,5,High Risk,Manual Review
85712288,35000.0, 60 months,23.99,E,E2,10+ years,MORTGAGE,85000.0,Verified,debt_consolidation,NH,11.01,3.0,690.0,694.0,1.0,97.5,17.0,Individual,5,High Risk,Manual Review
85592468,31250.0, 60 months,23.99,E,E2,10+ years,RENT,62500.0,Source Verified,debt_consolidation,FL,33.47,0.0,720.0,724.0,1.0,30.6,22.0,Individual,5,High Risk,Manual Review
85542261,19475.0, 60 months,28.88,G,G2,3 years,RENT,51000.0,Verified,credit_card,CO,30.87,0.0,680.0,684.0,0.0,47.8,20.0,Individual,5,High Risk,Manual Review
85722889,18150.0, 60 months,22.39,E,E1,2 years,RENT,39500.0,Source Verified,debt_consolidation,NE,30.78,0.0,695.0,699.0,0.0,39.6,30.0,Individual,5,High Risk,Manual Review
85581264,35000.0, 60 months,27.49,F,F4,8 years,RENT,80000.0,Source Verified,major_purchase,CA,34.86,0.0,670.0,674.0,3.0,73.5,27.0,Individual,5,High Risk,Manual Review
85571918,11550.0, 36 months,22.39,E,E1,8 years,RENT,38500.0,Verified,debt_consolidation,ND,30.92,0.0,670.0,674.0,0.0,103.3,25.0,Individual,6,High Risk,Manual Review
85742172,12600.0, 60 months,24.49,E,E3,,OWN,30000.0,Not Verified,other,VA,33.92,0.0,670.0,674.0,1.0,50.6,26.0,Individual,5,High Risk,Manual Review
85581794,26000.0, 36 months,25.29,E,E5,< 1 year,RENT,52000.0,Verified,debt_consolidation,RI,32.49,0.0,685.0,689.0,0.0,96.9,27.0,Individual,6,High Risk,Manual Review
85561730,28000.0, 36 months,26.49,F,F2,10+ years,RENT,86000.0,Verified,debt_consolidation,TX,32.21,0.0,660.0,664.0,0.0,90.9,35.0,Individual,6,High Risk,Manual Review
85701927,25300.0, 60 months,25.29,E,E5,3 years,RENT,55000.0,Verified,debt_consolidation,CA,33.76,0.0,710.0,714.0,0.0,60.4,56.0,Individual,5,High Risk,Manual Review
85591047,21000.0, 60 months,24.99,E,E4,1 year,RENT,100000.0,Source Verified,debt_consolidation,MI,13.12,1.0,665.0,669.0,0.0,90.5,18.0,Individual,5,High Risk,Manual Review
85621246,31575.0, 36 months,23.99,E,E2,8 years,RENT,180000.0,Verified,debt_consolidation,NV,30.96,0.0,695.0,699.0,0.0,69.4,27.0,Individual,5,High Risk,Manual Review
84383672,13125.0, 60 months,26.49,F,F2,2 years,MORTGAGE,60000.0,Verified,home_improvement,TX,19.36,1.0,675.0,679.0,2.0,91.4,14.0,Individual,5,High Risk,Manual Review
83944077,33000.0, 36 months,22.39,E,E1,3 years,MORTGAGE,140000.0,Verified,debt_consolidation,NC,30.34,0.0,690.0,694.0,0.0,94.7,30.0,Individual,6,High Risk,Manual Review
85350185,4400.0, 36 months,24.49,E,E3,10+ years,RENT,49000.0,Verified,debt_consolidation,IL,32.87,0.0,690.0,694.0,1.0,44.0,10.0,Individual,5,High Risk,Manual Review
85610256,5425.0, 36 months,23.99,E,E2,2 years,MORTGAGE,55000.0,Verified,debt_consolidation,IL,32.15,0.0,665.0,669.0,1.0,83.2,22.0,Individual,6,High Risk,Manual Review
85531722,5550.0, 36 months,25.69,F,F1,2 years,RENT,17500.0,Verified,credit_card,NY,33.81,0.0,660.0,664.0,1.0,62.3,15.0,Individual,5,High Risk,Manual Review
85522218,4400.0, 36 months,24.49,E,E3,2 years,RENT,25000.0,Verified,debt_consolidation,OH,30.82,1.0,675.0,679.0,1.0,28.2,12.0,Individual,6,High Risk,Manual Review
85582711,23275.0, 36 months,23.99,E,E2,10+ years,MORTGAGE,53000.0,Not Verified,debt_consolidation,NV,34.9,0.0,715.0,719.0,2.0,53.8,27.0,Individual,5,High Risk,Manual Review
84637676,28800.0, 36 months,22.39,E,E1,,MORTGAGE,60000.0,Verified,debt_consolidation,TX,32.69,2.0,715.0,719.0,1.0,34.8,22.0,Individual,6,High Risk,Manual Review
85531881,5000.0, 36 months,23.99,E,E2,3 years,RENT,20000.0,Verified,debt_consolidation,FL,31.09,0.0,660.0,664.0,2.0,54.0,21.0,Individual,5,High Risk,Manual Review
85542658,21000.0, 60 months,24.99,E,E4,,RENT,92301.0,Verified,debt_consolidation,NC,34.2,0.0,665.0,669.0,0.0,82.3,29.0,Individual,6,High Risk,Manual Review
85663825,35000.0, 60 months,29.96,G,G4,5 years,RENT,91800.0,Verified,debt_consolidation,AZ,33.96,0.0,660.0,664.0,0.0,57.5,18.0,Individual,5,High Risk,Manual Review
84700963,18900.0, 60 months,27.49,F,F4,8 years,RENT,45000.0,Source Verified,debt_consolidation,CA,34.27,0.0,665.0,669.0,1.0,72.8,13.0,Individual,5,High Risk,Manual Review
85592080,3000.0, 36 months,22.39,E,E1,,RENT,15000.0,Verified,debt_consolidation,PA,33.83,0.0,680.0,684.0,1.0,54.6,19.0,Individual,5,High Risk,Manual Review
85196499,26975.0, 60 months,30.99,G,G5,10+ years,MORTGAGE,76000.0,Verified,credit_card,MA,31.26,0.0,700.0,704.0,2.0,31.8,61.0,Individual,5,High Risk,Manual Review
85541558,20000.0, 60 months,23.99,E,E2,10+ years,MORTGAGE,77000.0,Source Verified,debt_consolidation,CT,33.01,0.0,690.0,694.0,1.0,54.6,43.0,Individual,5,High Risk,Manual Review
83428812,31425.0, 60 months,26.49,F,F2,< 1 year,MORTGAGE,80000.0,Verified,debt_consolidation,SC,34.57,0.0,700.0,704.0,0.0,98.8,37.0,Individual,6,High Risk,Manual Review
85198595,12000.0, 60 months,24.99,E,E4,3 years,RENT,57000.0,Verified,debt_consolidation,CA,32.19,0.0,660.0,664.0,1.0,46.4,27.0,Individual,5,High Risk,Manual Review
85681326,15800.0, 60 months,24.49,E,E3,8 years,OWN,32000.0,Verified,debt_consolidation,MS,32.63,0.0,665.0,669.0,0.0,87.1,32.0,Individual,6,High Risk,Manual Review
84494353,8400.0, 36 months,22.39,E,E1,10+ years,MORTGAGE,75000.0,Verified,home_improvement,IN,24.88,2.0,680.0,684.0,0.0,90.1,23.0,Individual,5,High Risk,Manual Review
85471899,11000.0, 36 months,25.69,F,F1,4 years,OWN,55000.0,Verified,other,OH,30.57,0.0,695.0,699.0,2.0,30.8,31.0,Individual,5,High Risk,Manual Review
85056648,35000.0, 60 months,25.69,F,F1,4 years,RENT,72000.0,Verified,debt_consolidation,CA,34.1,0.0,670.0,674.0,0.0,90.1,13.0,Individual,6,High Risk,Manual Review
85570326,29250.0, 36 months,22.39,E,E1,< 1 year,RENT,65000.0,Verified,debt_consolidation,CA,34.01,0.0,715.0,719.0,2.0,97.0,24.0,Individual,6,High Risk,Manual Review
83622298,12000.0, 60 months,24.99,E,E4,5 years,MORTGAGE,30000.0,Source Verified,debt_consolidation,MO,31.0,1.0,660.0,664.0,0.0,35.7,21.0,Individual,6,High Risk,Manual Review
85331341,35000.0, 60 months,24.99,E,E4,3 years,RENT,100000.0,Verified,debt_consolidation,HI,21.31,2.0,675.0,679.0,0.0,97.3,25.0,Individual,5,High Risk,Manual Review
85651105,10875.0, 36 months,24.99,E,E4,4 years,RENT,32000.0,Verified,debt_consolidation,VA,33.01,0.0,685.0,689.0,0.0,33.8,16.0,Individual,5,High Risk,Manual Review
85543916,18000.0, 60 months,24.49,E,E3,10+ years,MORTGAGE,75000.0,Source Verified,debt_consolidation,IL,31.25,0.0,660.0,664.0,1.0,45.5,33.0,Individual,5,High Risk,Manual Review
85640870,35000.0, 60 months,29.96,G,G4,10+ years,OWN,85000.0,Verified,debt_consolidation,LA,21.05,1.0,660.0,664.0,2.0,82.8,39.0,Individual,5,High Risk,Manual Review
85702912,18725.0, 36 months,27.79,F,F5,4 years,RENT,45000.0,Not Verified,debt_consolidation,GA,34.24,0.0,675.0,679.0,0.0,40.9,29.0,Individual,5,High Risk,Manual Review
85450514,28000.0, 60 months,26.99,F,F3,10+ years,MORTGAGE,88600.0,Not Verified,debt_consolidation,CA,31.84,7.0,720.0,724.0,0.0,38.1,46.0,Individual,6,High Risk,Manual Review
85331445,21425.0, 60 months,27.79,F,F5,3 years,OWN,56000.0,Verified,major_purchase,TX,30.09,1.0,665.0,669.0,1.0,58.4,31.0,Individual,6,High Risk,Manual Review
85630830,16000.0, 60 months,22.39,E,E1,3 years,OWN,55000.0,Verified,debt_consolidation,FL,31.49,0.0,690.0,694.0,1.0,58.2,28.0,Individual,5,High Risk,Manual Review
85540800,15800.0, 36 months,24.99,E,E4,10+ years,OWN,59000.0,Verified,debt_consolidation,NJ,32.3,0.0,680.0,684.0,3.0,21.5,37.0,Individual,5,High Risk,Manual Review
85612145,18000.0, 60 months,25.69,F,F1,2 years,MORTGAGE,65000.0,Not Verified,debt_consolidation,NC,33.24,0.0,680.0,684.0,0.0,62.9,28.0,Individual,5,High Risk,Manual Review
85281948,35000.0, 60 months,24.99,E,E4,3 years,MORTGAGE,82000.0,Verified,debt_consolidation,NY,30.63,0.0,670.0,674.0,0.0,61.4,37.0,Individual,5,High Risk,Manual Review
85228241,23725.0, 60 months,28.88,G,G2,10+ years,MORTGAGE,90000.0,Verified,debt_consolidation,OH,32.64,0.0,665.0,669.0,1.0,59.5,35.0,Individual,5,High Risk,Manual Review
85086649,9000.0, 36 months,22.39,E,E1,5 years,RENT,56079.0,Verified,debt_consolidation,CA,34.47,0.0,660.0,664.0,3.0,58.8,33.0,Individual,5,High Risk,Manual Review
84437408,24000.0, 60 months,26.49,F,F2,4 years,MORTGAGE,84000.0,Verified,medical,IN,33.89,0.0,665.0,669.0,3.0,95.0,25.0,Individual,6,High Risk,Manual Review
85510668,21000.0, 36 months,24.99,E,E4,3 years,RENT,42000.0,Verified,credit_card,PA,30.71,0.0,660.0,664.0,0.0,80.6,26.0,Individual,6,High Risk,Manual Review
85451281,7575.0, 36 months,23.99,E,E2,10+ years,MORTGAGE,39000.0,Verified,debt_consolidation,FL,34.12,0.0,670.0,674.0,2.0,54.7,28.0,Individual,5,High Risk,Manual Review
85660494,4800.0, 36 months,24.99,E,E4,< 1 year,RENT,70000.0,Source Verified,other,NM,30.12,0.0,660.0,664.0,2.0,80.4,43.0,Individual,6,High Risk,Manual Review
85660706,12000.0, 60 months,24.49,E,E3,1 year,RENT,43900.0,Source Verified,debt_consolidation,NY,31.19,0.0,700.0,704.0,0.0,84.3,47.0,Individual,6,High Risk,Manual Review
85116181,28000.0, 60 months,27.79,F,F5,10+ years,RENT,170000.0,Verified,debt_consolidation,CA,31.72,0.0,695.0,699.0,2.0,88.9,19.0,Individual,6,High Risk,Manual Review
84667025,35000.0, 60 months,23.99,E,E2,1 year,OWN,100000.0,Verified,other,TX,31.06,0.0,675.0,679.0,1.0,46.1,16.0,Individual,5,High Risk,Manual Review
85750668,35000.0, 60 months,23.99,E,E2,6 years,MORTGAGE,150000.0,Verified,home_improvement,WI,30.61,0.0,740.0,744.0,0.0,54.9,35.0,Individual,5,High Risk,Manual Review
85530204,25600.0, 60 months,28.18,G,G1,7 years,MORTGAGE,85000.0,Verified,debt_consolidation,NH,32.49,0.0,660.0,664.0,0.0,67.7,24.0,Individual,5,High Risk,Manual Review
84909910,23500.0, 60 months,25.29,E,E5,< 1 year,MORTGAGE,56000.0,Verified,debt_consolidation,CO,22.72,2.0,665.0,669.0,0.0,94.0,15.0,Individual,5,High Risk,Manual Review
85341388,26125.0, 60 months,22.39,E,E1,10+ years,MORTGAGE,63000.0,Verified,credit_card,SC,30.72,0.0,705.0,709.0,0.0,80.0,38.0,Individual,5,High Risk,Manual Review
85341676,15600.0, 60 months,29.67,G,G3,< 1 year,RENT,39000.0,Verified,debt_consolidation,LA,31.32,0.0,685.0,689.0,0.0,49.6,29.0,Individual,5,High Risk,Manual Review
84799870,8500.0, 36 months,23.99,E,E2,10+ years,OWN,63000.0,Source Verified,debt_consolidation,MA,31.01,0.0,705.0,709.0,0.0,66.0,21.0,Individual,5,High Risk,Manual Review
85330951,14575.0, 60 months,24.49,E,E3,2 years,MORTGAGE,47500.0,Source Verified,debt_consolidation,PA,31.53,0.0,730.0,734.0,0.0,34.6,19.0,Individual,5,High Risk,Manual Review
85006732,15800.0, 60 months,26.49,F,F2,10+ years,MORTGAGE,74300.0,Verified,credit_card,NM,33.26,0.0,695.0,699.0,0.0,72.4,33.0,Individual,5,High Risk,Manual Review
85530339,20000.0, 60 months,24.99,E,E4,10+ years,MORTGAGE,76820.0,Source Verified,debt_consolidation,MA,34.21,1.0,715.0,719.0,0.0,26.6,33.0,Individual,6,High Risk,Manual Review
85137742,2175.0, 36 months,24.99,E,E4,9 years,RENT,32000.0,Verified,other,NM,31.18,0.0,665.0,669.0,0.0,11.8,28.0,Individual,5,High Risk,Manual Review
85321363,30000.0, 36 months,24.99,E,E4,10+ years,OWN,95000.0,Verified,credit_card,NJ,34.02,0.0,685.0,689.0,0.0,91.4,42.0,Individual,6,High Risk,Manual Review
85311388,25000.0, 60 months,23.99,E,E2,3 years,RENT,93000.0,Source Verified,debt_consolidation,TX,32.79,4.0,680.0,684.0,0.0,51.4,57.0,Individual,6,High Risk,Manual Review
85521716,4500.0, 36 months,24.99,E,E4,5 years,MORTGAGE,68000.0,Not Verified,debt_consolidation,VA,30.14,0.0,665.0,669.0,2.0,52.2,52.0,Individual,5,High Risk,Manual Review
85701526,9150.0, 36 months,23.99,E,E2,,RENT,18300.0,Verified,credit_card,PA,34.93,0.0,690.0,694.0,0.0,54.3,14.0,Individual,5,High Risk,Manual Review
85661528,12000.0, 60 months,25.69,F,F1,3 years,RENT,42000.0,Verified,debt_consolidation,NV,30.31,3.0,670.0,674.0,0.0,92.5,35.0,Individual,7,High Risk,Manual Review
85270121,10000.0, 60 months,22.39,E,E1,10+ years,MORTGAGE,55000.0,Source Verified,debt_consolidation,MA,31.66,1.0,685.0,689.0,0.0,90.2,21.0,Individual,7,High Risk,Manual Review
84101865,8550.0, 36 months,22.39,E,E1,,MORTGAGE,28500.0,Verified,debt_consolidation,IL,34.74,0.0,665.0,669.0,2.0,90.2,20.0,Individual,6,High Risk,Manual Review
85580269,12025.0, 60 months,25.29,E,E5,10+ years,RENT,50000.0,Verified,debt_consolidation,CA,31.3,0.0,715.0,719.0,1.0,51.3,19.0,Individual,5,High Risk,Manual Review
84605418,16550.0, 36 months,24.99,E,E4,10+ years,MORTGAGE,46000.0,Source Verified,debt_consolidation,IL,32.87,0.0,685.0,689.0,0.0,59.2,33.0,Individual,5,High Risk,Manual Review
85510643,28850.0, 60 months,28.18,G,G1,10+ years,RENT,75000.0,Verified,debt_consolidation,NY,33.47,0.0,660.0,664.0,1.0,67.0,19.0,Individual,5,High Risk,Manual Review
84779977,20000.0, 60 months,26.49,F,F2,3 years,RENT,214000.0,Source Verified,debt_consolidation,FL,30.21,0.0,675.0,679.0,1.0,61.0,35.0,Individual,5,High Risk,Manual Review
85351229,28000.0, 60 months,25.29,E,E5,10+ years,RENT,90000.0,Source Verified,debt_consolidation,VA,24.24,2.0,670.0,674.0,0.0,82.5,28.0,Individual,5,High Risk,Manual Review
85481639,21000.0, 60 months,22.39,E,E1,4 years,RENT,90000.0,Not Verified,credit_card,CA,32.71,0.0,695.0,699.0,0.0,49.9,32.0,Individual,5,High Risk,Manual Review
85420788,13725.0, 60 months,27.79,F,F5,8 years,RENT,65000.0,Source Verified,debt_consolidation,IL,30.24,0.0,670.0,674.0,4.0,42.1,12.0,Individual,5,High Risk,Manual Review
84486734,34900.0, 60 months,24.49,E,E3,2 years,MORTGAGE,84000.0,Verified,debt_consolidation,ND,32.94,0.0,795.0,799.0,0.0,21.2,48.0,Individual,5,High Risk,Manual Review
84869824,20025.0, 36 months,23.99,E,E2,9 years,MORTGAGE,100000.0,Verified,moving,RI,4.4,2.0,675.0,679.0,0.0,96.7,16.0,Individual,5,High Risk,Manual Review
84477436,25000.0, 60 months,22.39,E,E1,10+ years,MORTGAGE,60000.0,Verified,debt_consolidation,TN,29.04,3.0,660.0,664.0,0.0,83.7,19.0,Individual,5,High Risk,Manual Review
85782247,11575.0, 60 months,25.29,E,E5,,MORTGAGE,42000.0,Not Verified,debt_consolidation,NC,33.66,0.0,720.0,724.0,2.0,22.8,40.0,Individual,5,High Risk,Manual Review
84194262,4275.0, 36 months,22.39,E,E1,5 years,RENT,48600.0,Source Verified,debt_consolidation,TX,31.28,0.0,760.0,764.0,1.0,20.3,14.0,Individual,5,High Risk,Manual Review
84546378,14275.0, 60 months,26.99,F,F3,10+ years,RENT,34000.0,Verified,debt_consolidation,NY,33.15,0.0,680.0,684.0,1.0,10.8,21.0,Individual,5,High Risk,Manual Review
85196689,35000.0, 60 months,27.49,F,F4,3 years,RENT,92000.0,Verified,debt_consolidation,NJ,31.16,0.0,665.0,669.0,0.0,74.6,17.0,Individual,5,High Risk,Manual Review
85330604,16000.0, 60 months,23.99,E,E2,9 years,MORTGAGE,54000.0,Verified,other,VA,13.49,1.0,660.0,664.0,0.0,81.7,20.0,Individual,5,High Risk,Manual Review
85690139,4350.0, 36 months,23.99,E,E2,< 1 year,OWN,11500.0,Source Verified,debt_consolidation,FL,30.58,0.0,700.0,704.0,1.0,62.2,6.0,Individual,5,High Risk,Manual Review
85227679,35000.0, 60 months,27.49,F,F4,4 years,MORTGAGE,72000.0,Verified,debt_consolidation,GA,19.98,1.0,660.0,664.0,0.0,90.5,16.0,Individual,5,High Risk,Manual Review
85391281,1200.0, 36 months,24.49,E,E3,8 years,MORTGAGE,36000.0,Source Verified,other,OK,33.37,0.0,670.0,674.0,3.0,40.8,20.0,Individual,5,High Risk,Manual Review
85360878,20100.0, 60 months,28.88,G,G2,5 years,RENT,52942.14,Verified,debt_consolidation,AR,33.46,0.0,665.0,669.0,0.0,68.7,22.0,Individual,5,High Risk,Manual Review
85730712,21000.0, 60 months,28.88,G,G2,10+ years,RENT,42000.0,Verified,debt_consolidation,WA,33.29,1.0,665.0,669.0,1.0,77.6,21.0,Individual,6,High Risk,Manual Review
85108640,35000.0, 36 months,24.49,E,E3,10+ years,MORTGAGE,100000.0,Verified,debt_consolidation,IL,30.59,2.0,680.0,684.0,2.0,69.1,47.0,Individual,6,High Risk,Manual Review
85281299,12000.0, 60 months,22.39,E,E1,,OWN,42000.0,Not Verified,debt_consolidation,CA,33.23,1.0,665.0,669.0,1.0,62.0,23.0,Individual,6,High Risk,Manual Review
85008850,22900.0, 60 months,28.18,G,G1,2 years,MORTGAGE,45800.0,Verified,credit_card,NY,30.32,0.0,670.0,674.0,0.0,45.0,48.0,Individual,5,High Risk,Manual Review
85370412,15000.0, 60 months,22.39,E,E1,9 years,MORTGAGE,54000.0,Source Verified,debt_consolidation,MN,31.18,0.0,700.0,704.0,0.0,55.5,28.0,Individual,5,High Risk,Manual Review
85006952,11000.0, 36 months,26.99,F,F3,10+ years,MORTGAGE,32000.0,Verified,debt_consolidation,KY,31.13,0.0,675.0,679.0,1.0,90.8,41.0,Individual,6,High Risk,Manual Review
85450902,12000.0, 60 months,28.18,G,G1,10+ years,RENT,40000.0,Verified,debt_consolidation,SD,32.22,0.0,660.0,664.0,0.0,75.2,31.0,Individual,5,High Risk,Manual Review
85340523,16675.0, 60 months,27.79,F,F5,10+ years,MORTGAGE,60000.0,Source Verified,debt_consolidation,OK,33.84,0.0,665.0,669.0,2.0,74.6,20.0,Individual,5,High Risk,Manual Review
85470350,20000.0, 60 months,25.69,F,F1,10+ years,MORTGAGE,78000.0,Verified,debt_consolidation,OH,34.32,1.0,675.0,679.0,1.0,48.6,30.0,Individual,6,High Risk,Manual Review
84626213,15950.0, 60 months,24.99,E,E4,5 years,MORTGAGE,42000.0,Verified,debt_consolidation,TX,17.91,1.0,660.0,664.0,1.0,92.6,22.0,Individual,5,High Risk,Manual Review
84090888,13000.0, 60 months,28.88,G,G2,< 1 year,RENT,31100.0,Verified,debt_consolidation,AZ,31.53,0.0,660.0,664.0,0.0,42.8,64.0,Individual,5,High Risk,Manual Review
85227667,14000.0, 60 months,22.39,E,E1,4 years,MORTGAGE,46000.0,Source Verified,debt_consolidation,LA,34.96,1.0,660.0,664.0,0.0,43.0,30.0,Individual,6,High Risk,Manual Review
84586346,32875.0, 60 months,26.99,F,F3,5 years,OWN,80000.0,Source Verified,debt_consolidation,TX,34.92,0.0,685.0,689.0,1.0,35.0,68.0,Individual,5,High Risk,Manual Review
85156550,3600.0, 36 months,23.99,E,E2,1 year,MORTGAGE,50000.0,Verified,medical,OH,32.74,0.0,660.0,664.0,4.0,43.7,37.0,Individual,5,High Risk,Manual Review
85087891,7650.0, 36 months,23.99,E,E2,5 years,RENT,49000.0,Source Verified,debt_consolidation,TX,30.71,2.0,685.0,689.0,0.0,58.7,8.0,Individual,6,High Risk,Manual Review
84617166,5000.0, 36 months,16.99,D,D1,1 year,MORTGAGE,32000.0,Verified,medical,PA,30.53,2.0,670.0,674.0,0.0,91.4,26.0,Individual,5,High Risk,Manual Review
85391805,22000.0, 60 months,24.49,E,E3,10+ years,MORTGAGE,93500.0,Not Verified,debt_consolidation,MI,32.36,0.0,680.0,684.0,0.0,74.4,19.0,Individual,5,High Risk,Manual Review
85117049,11925.0, 60 months,27.79,F,F5,10+ years,OWN,35000.0,Source Verified,home_improvement,OH,34.64,1.0,675.0,679.0,1.0,52.6,17.0,Individual,6,High Risk,Manual Review
85048290,20700.0, 60 months,22.39,E,E1,9 years,MORTGAGE,45000.0,Source Verified,credit_card,TN,33.97,0.0,680.0,684.0,0.0,45.2,35.0,Individual,5,High Risk,Manual Review
85107560,30000.0, 60 months,28.18,G,G1,10+ years,RENT,78552.0,Verified,debt_consolidation,CA,34.1,0.0,675.0,679.0,1.0,87.4,20.0,Individual,6,High Risk,Manual Review
85098466,17000.0, 36 months,29.67,G,G3,3 years,RENT,34000.0,Verified,debt_consolidation,TX,34.95,0.0,665.0,669.0,0.0,42.4,13.0,Individual,5,High Risk,Manual Review
85036398,14000.0, 60 months,22.39,E,E1,10+ years,MORTGAGE,53000.0,Verified,debt_consolidation,CO,31.36,0.0,685.0,689.0,1.0,88.5,26.0,Individual,6,High Risk,Manual Review
85321717,12000.0, 60 months,22.39,E,E1,10+ years,MORTGAGE,160000.0,Source Verified,debt_consolidation,MD,30.57,0.0,680.0,684.0,0.0,85.5,38.0,Individual,6,High Risk,Manual Review
84890124,14700.0, 60 months,25.29,E,E5,7 years,RENT,75600.0,Source Verified,car,GA,34.89,0.0,675.0,679.0,0.0,52.9,29.0,Individual,5,High Risk,Manual Review
85166360,5975.0, 36 months,22.39,E,E1,,RENT,16600.0,Verified,debt_consolidation,CA,33.91,0.0,680.0,684.0,0.0,80.5,17.0,Individual,6,High Risk,Manual Review
85482124,11825.0, 60 months,24.99,E,E4,6 years,RENT,65000.0,Not Verified,debt_consolidation,PA,34.58,0.0,715.0,719.0,2.0,31.4,36.0,Individual,5,High Risk,Manual Review
84526991,15000.0, 60 months,25.69,F,F1,10+ years,MORTGAGE,163000.0,Verified,debt_consolidation,TX,30.15,0.0,680.0,684.0,1.0,96.5,54.0,Individual,6,High Risk,Manual Review
85177403,3000.0, 36 months,24.49,E,E3,,RENT,54000.0,Verified,major_purchase,FL,33.44,0.0,675.0,679.0,0.0,52.2,33.0,Individual,5,High Risk,Manual Review
85177638,6750.0, 36 months,24.99,E,E4,1 year,RENT,22500.0,Verified,debt_consolidation,NM,30.35,0.0,690.0,694.0,0.0,34.4,8.0,Individual,5,High Risk,Manual Review
85451252,24500.0, 36 months,22.39,E,E1,8 years,OWN,77400.0,Verified,credit_card,TN,31.41,0.0,690.0,694.0,1.0,65.5,19.0,Individual,5,High Risk,Manual Review
84603890,30000.0, 36 months,25.29,E,E5,7 years,MORTGAGE,70000.0,Verified,home_improvement,TX,30.29,0.0,680.0,684.0,1.0,62.6,24.0,Individual,5,High Risk,Manual Review
84434127,15000.0, 60 months,25.69,F,F1,10+ years,RENT,44290.0,Source Verified,debt_consolidation,TX,32.95,0.0,670.0,674.0,1.0,43.4,28.0,Individual,5,High Risk,Manual Review
84829356,10550.0, 60 months,27.49,F,F4,10+ years,OWN,30000.0,Source Verified,debt_consolidation,GA,34.96,0.0,690.0,694.0,0.0,82.3,36.0,Individual,6,High Risk,Manual Review
84690579,12750.0, 36 months,24.49,E,E3,2 years,RENT,46000.0,Source Verified,debt_consolidation,AZ,34.28,0.0,695.0,699.0,0.0,62.0,20.0,Individual,5,High Risk,Manual Review
85158336,33600.0, 60 months,25.29,E,E5,10+ years,OWN,70000.0,Verified,other,TX,30.84,0.0,720.0,724.0,0.0,98.5,34.0,Individual,6,High Risk,Manual Review
85126590,23175.0, 60 months,27.79,F,F5,< 1 year,MORTGAGE,48000.0,Source Verified,debt_consolidation,OH,29.05,1.0,660.0,664.0,2.0,83.1,29.0,Individual,5,High Risk,Manual Review
85078304,34000.0, 36 months,24.49,E,E3,1 year,MORTGAGE,83500.0,Verified,credit_card,IL,30.38,0.0,660.0,664.0,2.0,97.6,27.0,Individual,6,High Risk,Manual Review
85481563,13500.0, 36 months,25.29,E,E5,9 years,RENT,52000.0,Not Verified,debt_consolidation,LA,30.35,0.0,670.0,674.0,0.0,55.8,30.0,Individual,5,High Risk,Manual Review
84473548,6000.0, 36 months,23.99,E,E2,2 years,RENT,24000.0,Verified,debt_consolidation,CA,30.8,1.0,660.0,664.0,1.0,41.5,14.0,Individual,6,High Risk,Manual Review
83827225,10550.0, 60 months,24.99,E,E4,< 1 year,RENT,31411.0,Source Verified,debt_consolidation,CA,30.48,0.0,690.0,694.0,0.0,79.8,6.0,Individual,5,High Risk,Manual Review
85291402,26425.0, 60 months,24.99,E,E4,10+ years,MORTGAGE,64800.0,Not Verified,credit_card,IL,30.5,0.0,700.0,704.0,0.0,95.2,21.0,Individual,6,High Risk,Manual Review
85176343,6600.0, 36 months,19.99,D,D4,10+ years,MORTGAGE,54912.0,Source Verified,other,WI,30.9,1.0,675.0,679.0,0.0,96.4,13.0,Individual,5,High Risk,Manual Review
84424328,22500.0, 60 months,25.29,E,E5,10+ years,MORTGAGE,45000.0,Verified,debt_consolidation,OH,33.68,0.0,665.0,669.0,0.0,39.2,38.0,Individual,5,High Risk,Manual Review
84769686,28975.0, 60 months,26.99,F,F3,10+ years,MORTGAGE,69120.0,Verified,debt_consolidation,AL,30.61,0.0,675.0,679.0,0.0,86.0,11.0,Individual,6,High Risk,Manual Review
85147442,3725.0, 36 months,21.49,D,D5,< 1 year,MORTGAGE,55000.0,Verified,home_improvement,PA,33.14,3.0,660.0,664.0,0.0,95.1,9.0,Individual,5,High Risk,Manual Review
85147716,35000.0, 60 months,24.49,E,E3,10+ years,MORTGAGE,240000.0,Verified,debt_consolidation,GA,15.88,1.0,690.0,694.0,0.0,98.7,19.0,Individual,5,High Risk,Manual Review
83635037,20000.0, 60 months,24.99,E,E4,,MORTGAGE,52000.0,Verified,debt_consolidation,ID,33.58,2.0,665.0,669.0,0.0,74.5,41.0,Individual,6,High Risk,Manual Review
85156296,18000.0, 60 months,24.99,E,E4,8 years,MORTGAGE,67000.0,Verified,home_improvement,CT,18.13,4.0,675.0,679.0,0.0,92.3,15.0,Individual,5,High Risk,Manual Review
84585508,20000.0, 60 months,24.99,E,E4,6 years,MORTGAGE,60990.0,Verified,debt_consolidation,KY,33.08,0.0,665.0,669.0,2.0,67.1,30.0,Individual,5,High Risk,Manual Review
85146465,11775.0, 60 months,29.96,G,G4,,MORTGAGE,35000.0,Verified,debt_consolidation,MN,34.09,0.0,660.0,664.0,3.0,55.4,24.0,Individual,5,High Risk,Manual Review
85341169,14000.0, 60 months,26.99,F,F3,2 years,OWN,34700.0,Verified,debt_consolidation,TX,31.58,0.0,675.0,679.0,0.0,82.1,24.0,Individual,6,High Risk,Manual Review
84605695,20000.0, 60 months,24.49,E,E3,10+ years,MORTGAGE,116552.0,Verified,debt_consolidation,NY,30.02,0.0,685.0,689.0,1.0,77.9,27.0,Individual,5,High Risk,Manual Review
84996190,35000.0, 36 months,24.49,E,E3,4 years,MORTGAGE,229000.0,Source Verified,credit_card,CA,22.23,1.0,670.0,674.0,0.0,84.0,20.0,Individual,5,High Risk,Manual Review
84647101,20875.0, 60 months,25.29,E,E5,10+ years,MORTGAGE,54950.0,Verified,debt_consolidation,TX,16.93,1.0,660.0,664.0,0.0,86.5,23.0,Individual,5,High Risk,Manual Review
84889734,20000.0, 60 months,23.99,E,E2,,MORTGAGE,50000.0,Verified,debt_consolidation,GA,32.62,0.0,685.0,689.0,0.0,57.2,21.0,Individual,5,High Risk,Manual Review
84456351,15200.0, 60 months,22.39,E,E1,4 years,MORTGAGE,75000.0,Verified,debt_consolidation,NC,23.76,2.0,665.0,669.0,0.0,99.8,23.0,Individual,5,High Risk,Manual Review
85108719,11900.0, 36 months,27.49,F,F4,10+ years,MORTGAGE,45000.0,Verified,debt_consolidation,IN,31.41,1.0,665.0,669.0,3.0,93.3,16.0,Individual,7,High Risk,Manual Review
84879615,3525.0, 36 months,24.49,E,E3,8 years,MORTGAGE,26000.0,Verified,debt_consolidation,AL,33.75,0.0,670.0,674.0,1.0,18.2,23.0,Individual,5,High Risk,Manual Review
83142948,8000.0, 36 months,25.29,E,E5,10+ years,RENT,41000.0,Verified,other,CA,32.76,0.0,700.0,704.0,0.0,38.4,30.0,Individual,5,High Risk,Manual Review
84324933,16000.0, 60 months,26.99,F,F3,< 1 year,RENT,78000.0,Verified,credit_card,NY,33.49,0.0,705.0,709.0,0.0,89.7,15.0,Individual,6,High Risk,Manual Review
84476984,32375.0, 36 months,24.49,E,E3,10+ years,RENT,110000.0,Verified,debt_consolidation,HI,33.56,2.0,715.0,719.0,1.0,21.3,31.0,Individual,6,High Risk,Manual Review
85400960,21100.0, 60 months,22.39,E,E1,4 years,RENT,48000.0,Not Verified,debt_consolidation,TX,34.7,1.0,675.0,679.0,1.0,64.5,14.0,Individual,6,High Risk,Manual Review
85086709,16975.0, 36 months,25.29,E,E5,,MORTGAGE,37739.0,Verified,credit_card,MI,32.82,0.0,670.0,674.0,1.0,92.0,21.0,Individual,6,High Risk,Manual Review
84760509,35000.0, 60 months,26.49,F,F2,10+ years,MORTGAGE,150000.0,Verified,debt_consolidation,CA,31.08,0.0,660.0,664.0,1.0,75.7,57.0,Individual,5,High Risk,Manual Review
85330677,10000.0, 36 months,22.39,E,E1,10+ years,MORTGAGE,78000.0,Verified,debt_consolidation,GA,32.4,0.0,680.0,684.0,0.0,71.6,17.0,Individual,5,High Risk,Manual Review
85066639,31850.0, 60 months,26.99,F,F3,10+ years,RENT,69290.0,Verified,medical,CA,16.57,2.0,675.0,679.0,0.0,86.8,19.0,Individual,5,High Risk,Manual Review
83830503,24000.0, 60 months,22.39,E,E1,10+ years,MORTGAGE,72000.0,Verified,other,MI,31.12,0.0,685.0,689.0,1.0,71.7,28.0,Individual,5,High Risk,Manual Review
85350797,21000.0, 60 months,22.39,E,E1,7 years,MORTGAGE,42000.0,Not Verified,credit_card,OH,31.6,0.0,695.0,699.0,1.0,73.4,19.0,Individual,5,High Risk,Manual Review
85026585,28000.0, 60 months,22.39,E,E1,10+ years,MORTGAGE,80000.0,Source Verified,credit_card,TX,32.25,0.0,735.0,739.0,0.0,71.3,27.0,Individual,5,High Risk,Manual Review
84586033,20375.0, 60 months,26.99,F,F3,3 years,OWN,95000.0,Source Verified,credit_card,UT,32.01,1.0,665.0,669.0,0.0,81.8,37.0,Individual,7,High Risk,Manual Review
84880534,14875.0, 60 months,27.79,F,F5,2 years,RENT,54000.0,Verified,debt_consolidation,CA,30.58,0.0,660.0,664.0,0.0,76.4,23.0,Individual,5,High Risk,Manual Review
84719511,7000.0, 36 months,24.99,E,E4,10+ years,MORTGAGE,83000.0,Verified,other,MD,31.1,0.0,675.0,679.0,2.0,91.4,25.0,Individual,6,High Risk,Manual Review
85216453,20000.0, 60 months,23.99,E,E2,10+ years,MORTGAGE,47000.0,Source Verified,debt_consolidation,NY,31.69,1.0,675.0,679.0,0.0,42.2,27.0,Individual,6,High Risk,Manual Review
84899923,30000.0, 60 months,25.69,F,F1,9 years,RENT,75000.0,Verified,credit_card,GA,33.29,1.0,665.0,669.0,1.0,68.2,30.0,Individual,6,High Risk,Manual Review
84505870,15000.0, 60 months,23.99,E,E2,10+ years,MORTGAGE,72200.0,Verified,car,CA,10.85,3.0,690.0,694.0,0.0,88.4,28.0,Individual,5,High Risk,Manual Review
85420749,23675.0, 60 months,24.49,E,E3,10+ years,MORTGAGE,87000.0,Not Verified,debt_consolidation,TN,34.01,0.0,670.0,674.0,0.0,87.5,28.0,Individual,6,High Risk,Manual Review
85240383,19800.0, 36 months,23.99,E,E2,5 years,MORTGAGE,45000.0,Not Verified,home_improvement,TX,32.83,0.0,680.0,684.0,0.0,55.3,17.0,Individual,5,High Risk,Manual Review
84870176,30250.0, 36 months,23.99,E,E2,10+ years,MORTGAGE,120000.0,Verified,debt_consolidation,CA,34.67,0.0,705.0,709.0,0.0,81.7,34.0,Individual,6,High Risk,Manual Review
84374654,9225.0, 36 months,29.67,G,G3,10+ years,RENT,27200.0,Verified,house,IN,31.07,0.0,665.0,669.0,0.0,42.4,12.0,Individual,5,High Risk,Manual Review
85360369,33600.0, 60 months,26.49,F,F2,3 years,MORTGAGE,120000.0,Not Verified,debt_consolidation,SC,33.93,0.0,720.0,724.0,0.0,33.3,42.0,Individual,5,High Risk,Manual Review
84393244,25000.0, 60 months,22.39,E,E1,,MORTGAGE,70008.0,Verified,credit_card,CA,31.13,0.0,665.0,669.0,4.0,72.0,24.0,Individual,5,High Risk,Manual Review
84769379,20150.0, 60 months,26.49,F,F2,< 1 year,MORTGAGE,60000.0,Source Verified,credit_card,MI,33.72,0.0,665.0,669.0,2.0,52.3,24.0,Individual,5,High Risk,Manual Review
84800052,25900.0, 36 months,24.49,E,E3,4 years,RENT,54000.0,Verified,debt_consolidation,VA,31.16,0.0,720.0,724.0,1.0,18.8,59.0,Individual,5,High Risk,Manual Review
84749583,32000.0, 60 months,24.99,E,E4,< 1 year,MORTGAGE,99596.0,Source Verified,debt_consolidation,GA,15.05,3.0,670.0,674.0,0.0,94.1,29.0,Individual,5,High Risk,Manual Review
84749566,12000.0, 36 months,25.69,F,F1,4 years,MORTGAGE,42000.0,Source Verified,small_business,MI,30.09,0.0,725.0,729.0,2.0,38.3,14.0,Individual,5,High Risk,Manual Review
84674297,7000.0, 36 months,24.49,E,E3,1 year,OWN,60000.0,Verified,credit_card,VA,32.03,0.0,665.0,669.0,3.0,35.4,39.0,Individual,5,High Risk,Manual Review
85067912,6500.0, 36 months,22.39,E,E1,5 years,RENT,38346.0,Source Verified,debt_consolidation,AZ,33.3,0.0,690.0,694.0,0.0,98.0,12.0,Individual,6,High Risk,Manual Review
84869813,3800.0, 36 months,23.99,E,E2,10+ years,OWN,52000.0,Verified,home_improvement,TX,33.33,0.0,670.0,674.0,0.0,37.7,29.0,Individual,5,High Risk,Manual Review
84769239,3200.0, 36 months,22.39,E,E1,8 years,MORTGAGE,24000.0,Source Verified,debt_consolidation,GA,32.75,0.0,660.0,664.0,0.0,77.1,15.0,Individual,5,High Risk,Manual Review
84567669,17000.0, 60 months,29.67,G,G3,10+ years,MORTGAGE,67000.0,Source Verified,debt_consolidation,PA,34.01,0.0,660.0,664.0,1.0,60.1,56.0,Individual,5,High Risk,Manual Review
84526020,29025.0, 36 months,26.49,F,F2,10+ years,MORTGAGE,127000.0,Verified,debt_consolidation,CA,34.28,0.0,705.0,709.0,0.0,88.7,38.0,Individual,6,High Risk,Manual Review
84324931,21000.0, 36 months,22.39,E,E1,7 years,RENT,50000.0,Verified,debt_consolidation,NJ,32.81,0.0,680.0,684.0,0.0,54.0,22.0,Individual,5,High Risk,Manual Review
84466875,18000.0, 60 months,22.39,E,E1,,MORTGAGE,54000.0,Verified,debt_consolidation,CO,32.98,0.0,710.0,714.0,1.0,26.6,32.0,Individual,5,High Risk,Manual Review
84473145,5975.0, 36 months,28.18,G,G1,10+ years,MORTGAGE,40000.0,Verified,credit_card,NY,34.05,0.0,670.0,674.0,0.0,83.8,10.0,Individual,6,High Risk,Manual Review
85058446,30000.0, 60 months,25.69,F,F1,7 years,MORTGAGE,67000.0,Verified,home_improvement,IN,34.5,0.0,730.0,734.0,1.0,31.9,26.0,Individual,5,High Risk,Manual Review
85108407,7000.0, 36 months,21.49,D,D5,10+ years,MORTGAGE,37166.0,Verified,other,IN,32.32,1.0,665.0,669.0,0.0,87.7,32.0,Individual,5,High Risk,Manual Review
84869245,12000.0, 60 months,23.99,E,E2,10+ years,MORTGAGE,94500.0,Source Verified,debt_consolidation,PA,33.17,1.0,680.0,684.0,0.0,87.2,40.0,Individual,7,High Risk,Manual Review
85157896,8825.0, 36 months,26.49,F,F2,10+ years,RENT,26000.0,Verified,debt_consolidation,NE,32.59,0.0,660.0,664.0,1.0,72.4,15.0,Individual,5,High Risk,Manual Review
85128084,18075.0, 60 months,26.49,F,F2,10+ years,MORTGAGE,45600.0,Source Verified,debt_consolidation,MO,30.84,0.0,695.0,699.0,1.0,58.5,31.0,Individual,5,High Risk,Manual Review
84535255,16700.0, 60 months,24.49,E,E3,2 years,MORTGAGE,38000.0,Source Verified,debt_consolidation,NY,30.1,0.0,715.0,719.0,1.0,28.3,31.0,Individual,5,High Risk,Manual Review
84614160,2950.0, 36 months,25.69,F,F1,2 years,MORTGAGE,24900.0,Verified,debt_consolidation,CA,30.51,0.0,670.0,674.0,1.0,22.5,11.0,Individual,5,High Risk,Manual Review
85117257,12675.0, 36 months,23.99,E,E2,10+ years,OWN,85000.0,Not Verified,debt_consolidation,RI,33.97,0.0,720.0,724.0,1.0,16.4,40.0,Individual,5,High Risk,Manual Review
85117649,12000.0, 60 months,24.99,E,E4,10+ years,MORTGAGE,56900.0,Source Verified,debt_consolidation,MI,30.68,0.0,670.0,674.0,2.0,73.1,43.0,Individual,5,High Risk,Manual Review
85036650,7500.0, 36 months,15.59,C,C5,1 year,RENT,45000.0,Not Verified,debt_consolidation,AR,34.7,2.0,660.0,664.0,0.0,95.3,20.0,Individual,5,High Risk,Manual Review
84987277,32625.0, 60 months,25.29,E,E5,2 years,RENT,68000.0,Not Verified,credit_card,NC,32.07,0.0,705.0,709.0,0.0,18.1,14.0,Individual,5,High Risk,Manual Review
82164116,12475.0, 36 months,22.39,E,E1,,OWN,31200.0,Verified,debt_consolidation,TN,31.88,0.0,695.0,699.0,0.0,90.5,9.0,Individual,6,High Risk,Manual Review
84526454,10000.0, 36 months,23.99,E,E2,< 1 year,RENT,33000.0,Verified,debt_consolidation,IL,31.89,0.0,695.0,699.0,2.0,34.0,27.0,Individual,5,High Risk,Manual Review
84655177,16000.0, 60 months,22.39,E,E1,,MORTGAGE,82000.0,Source Verified,debt_consolidation,NJ,30.21,0.0,680.0,684.0,0.0,55.5,23.0,Individual,5,High Risk,Manual Review
84690249,10000.0, 60 months,26.49,F,F2,8 years,OWN,42000.0,Not Verified,debt_consolidation,WA,31.84,0.0,675.0,679.0,0.0,91.4,21.0,Individual,6,High Risk,Manual Review
84506840,8000.0, 36 months,17.99,D,D2,1 year,RENT,127500.0,Verified,debt_consolidation,IL,30.76,1.0,665.0,669.0,1.0,85.4,36.0,Individual,5,High Risk,Manual Review
85156833,22000.0, 60 months,28.88,G,G2,6 years,MORTGAGE,83000.0,Verified,debt_consolidation,SC,34.54,0.0,670.0,674.0,0.0,53.4,19.0,Individual,5,High Risk,Manual Review
84575478,7000.0, 36 months,25.29,E,E5,4 years,MORTGAGE,87412.0,Source Verified,debt_consolidation,VA,30.56,0.0,685.0,689.0,1.0,92.5,22.0,Individual,6,High Risk,Manual Review
84574436,13800.0, 36 months,25.29,E,E5,10+ years,RENT,43000.0,Verified,debt_consolidation,CA,30.7,0.0,660.0,664.0,0.0,94.5,12.0,Individual,6,High Risk,Manual Review
85076741,4400.0, 36 months,23.99,E,E2,6 years,MORTGAGE,70000.0,Source Verified,other,PA,33.79,0.0,670.0,674.0,0.0,75.4,25.0,Individual,5,High Risk,Manual Review
84749516,24900.0, 36 months,25.29,E,E5,10+ years,RENT,66000.0,Not Verified,debt_consolidation,CA,30.8,0.0,700.0,704.0,0.0,66.3,18.0,Individual,5,High Risk,Manual Review
84457069,35000.0, 36 months,23.99,E,E2,5 years,MORTGAGE,125000.0,Verified,debt_consolidation,TX,32.01,0.0,690.0,694.0,1.0,32.7,70.0,Individual,5,High Risk,Manual Review
85026819,22375.0, 60 months,22.39,E,E1,6 years,MORTGAGE,50897.0,Source Verified,credit_card,PA,30.18,0.0,670.0,674.0,1.0,84.6,23.0,Individual,6,High Risk,Manual Review
84476886,27225.0, 36 months,28.18,G,G1,10+ years,MORTGAGE,60000.0,Verified,debt_consolidation,FL,31.56,1.0,670.0,674.0,0.0,93.5,17.0,Individual,7,High Risk,Manual Review
84486691,29475.0, 36 months,26.49,F,F2,8 years,RENT,72000.0,Not Verified,debt_consolidation,MA,30.43,0.0,665.0,669.0,0.0,22.5,46.0,Individual,5,High Risk,Manual Review
84477122,30000.0, 60 months,25.29,E,E5,4 years,MORTGAGE,77827.0,Verified,debt_consolidation,IN,29.65,1.0,675.0,679.0,1.0,86.0,27.0,Individual,5,High Risk,Manual Review
84493929,40000.0, 60 months,28.88,G,G2,< 1 year,RENT,95000.0,Verified,debt_consolidation,NY,28.32,1.0,680.0,684.0,0.0,88.7,42.0,Individual,5,High Risk,Manual Review
84637368,30000.0, 60 months,25.69,F,F1,7 years,MORTGAGE,145000.0,Verified,debt_consolidation,MD,19.15,3.0,660.0,664.0,1.0,95.4,32.0,Individual,5,High Risk,Manual Review
85216733,25000.0, 60 months,24.99,E,E4,10+ years,MORTGAGE,130000.0,Verified,debt_consolidation,DE,30.13,0.0,685.0,689.0,0.0,60.3,42.0,Individual,5,High Risk,Manual Review
84535654,15150.0, 36 months,23.99,E,E2,7 years,MORTGAGE,50000.0,Verified,debt_consolidation,MS,30.68,0.0,685.0,689.0,0.0,101.3,19.0,Individual,6,High Risk,Manual Review
83622790,1300.0, 36 months,26.49,F,F2,,MORTGAGE,24000.0,Verified,vacation,NM,31.15,0.0,680.0,684.0,0.0,87.7,20.0,Individual,6,High Risk,Manual Review
84453593,20375.0, 36 months,24.49,E,E3,10+ years,RENT,65000.0,Source Verified,debt_consolidation,FL,33.59,0.0,680.0,684.0,1.0,67.1,15.0,Individual,5,High Risk,Manual Review
84084058,10000.0, 60 months,24.99,E,E4,,RENT,41196.0,Verified,debt_consolidation,NC,27.67,1.0,665.0,669.0,0.0,88.6,10.0,Individual,5,High Risk,Manual Review
84523384,25000.0, 60 months,27.49,F,F4,9 years,RENT,63411.0,Verified,debt_consolidation,NY,31.04,0.0,685.0,689.0,1.0,58.7,39.0,Individual,5,High Risk,Manual Review
84544268,18875.0, 60 months,28.88,G,G2,< 1 year,OWN,125000.0,Verified,debt_consolidation,CO,33.15,1.0,675.0,679.0,0.0,57.4,18.0,Individual,6,High Risk,Manual Review
84644527,12000.0, 36 months,23.99,E,E2,2 years,RENT,50000.0,Verified,debt_consolidation,IL,32.07,0.0,720.0,724.0,2.0,46.5,34.0,Individual,5,High Risk,Manual Review
82830135,32750.0, 60 months,28.88,G,G2,10+ years,MORTGAGE,96000.0,Source Verified,credit_card,CT,32.35,0.0,735.0,739.0,3.0,14.3,45.0,Individual,5,High Risk,Manual Review
84720262,7000.0, 36 months,22.39,E,E1,7 years,MORTGAGE,70000.0,Verified,vacation,KS,30.19,0.0,665.0,669.0,1.0,90.0,51.0,Individual,6,High Risk,Manual Review
84283669,28000.0, 60 months,24.99,E,E4,,MORTGAGE,78090.0,Verified,debt_consolidation,OK,33.66,0.0,670.0,674.0,1.0,98.1,39.0,Individual,6,High Risk,Manual Review
84082825,23000.0, 60 months,25.29,E,E5,10+ years,RENT,48660.0,Source Verified,credit_card,CA,34.57,0.0,670.0,674.0,0.0,43.9,33.0,Individual,5,High Risk,Manual Review
85196205,15000.0, 36 months,17.99,D,D2,10+ years,MORTGAGE,97000.0,Not Verified,debt_consolidation,PA,32.26,1.0,670.0,674.0,0.0,84.2,31.0,Individual,5,High Risk,Manual Review
83518616,19000.0, 36 months,25.69,F,F1,7 years,RENT,50000.0,Verified,debt_consolidation,TX,34.37,0.0,710.0,714.0,0.0,53.7,8.0,Individual,5,High Risk,Manual Review
84574281,20975.0, 60 months,18.99,D,D3,10+ years,MORTGAGE,80000.0,Verified,debt_consolidation,AZ,31.64,1.0,675.0,679.0,1.0,88.0,36.0,Individual,5,High Risk,Manual Review
84444373,24250.0, 60 months,26.99,F,F3,10+ years,MORTGAGE,83200.0,Verified,debt_consolidation,AZ,5.47,1.0,660.0,664.0,1.0,83.0,16.0,Individual,5,High Risk,Manual Review
83634931,9600.0, 36 months,23.99,E,E2,1 year,RENT,24000.0,Verified,debt_consolidation,FL,30.95,0.0,695.0,699.0,0.0,57.6,10.0,Individual,5,High Risk,Manual Review
84645530,28300.0, 60 months,25.69,F,F1,,MORTGAGE,61548.0,Verified,other,TX,20.59,1.0,680.0,684.0,0.0,96.8,11.0,Individual,5,High Risk,Manual Review
84545485,13475.0, 60 months,28.18,G,G1,10+ years,MORTGAGE,45000.0,Verified,renewable_energy,MO,32.61,0.0,700.0,704.0,0.0,68.3,22.0,Individual,5,High Risk,Manual Review
84213283,10075.0, 36 months,26.99,F,F3,1 year,RENT,40000.0,Source Verified,credit_card,TX,30.96,0.0,660.0,664.0,0.0,76.4,12.0,Individual,5,High Risk,Manual Review
84585506,10000.0, 60 months,25.29,E,E5,5 years,RENT,34000.0,Verified,debt_consolidation,NC,31.73,0.0,740.0,744.0,1.0,28.1,17.0,Individual,5,High Risk,Manual Review
84655586,25000.0, 60 months,25.69,F,F1,3 years,MORTGAGE,127000.0,Source Verified,debt_consolidation,NY,34.34,0.0,695.0,699.0,1.0,88.1,34.0,Individual,6,High Risk,Manual Review
84635767,10225.0, 36 months,24.99,E,E4,10+ years,MORTGAGE,69000.0,Source Verified,debt_consolidation,SC,32.17,0.0,685.0,689.0,1.0,71.9,18.0,Individual,5,High Risk,Manual Review
83920896,6800.0, 36 months,22.39,E,E1,4 years,RENT,20000.0,Source Verified,debt_consolidation,IN,32.11,0.0,670.0,674.0,0.0,65.8,25.0,Individual,5,High Risk,Manual Review
84664793,11825.0, 60 months,25.29,E,E5,10+ years,MORTGAGE,72000.0,Source Verified,debt_consolidation,GA,31.98,0.0,700.0,704.0,0.0,36.5,41.0,Individual,5,High Risk,Manual Review
84435290,20000.0, 60 months,24.49,E,E3,10+ years,RENT,84276.0,Verified,debt_consolidation,AZ,30.16,0.0,695.0,699.0,0.0,45.3,42.0,Individual,5,High Risk,Manual Review
84665852,16625.0, 60 months,24.49,E,E3,10+ years,RENT,60007.0,Not Verified,debt_consolidation,MA,32.57,0.0,690.0,694.0,0.0,59.0,32.0,Individual,5,High Risk,Manual Review
84566939,32975.0, 60 months,26.99,F,F3,5 years,RENT,95000.0,Verified,debt_consolidation,MD,30.92,1.0,695.0,699.0,0.0,60.0,21.0,Individual,6,High Risk,Manual Review
84939994,33300.0, 36 months,24.99,E,E4,10+ years,RENT,75702.0,Not Verified,debt_consolidation,GA,31.26,0.0,660.0,664.0,0.0,96.3,38.0,Individual,6,High Risk,Manual Review
84533407,8000.0, 36 months,23.99,E,E2,4 years,MORTGAGE,50000.0,Source Verified,major_purchase,IL,32.41,0.0,665.0,669.0,1.0,37.7,45.0,Individual,5,High Risk,Manual Review
84424797,10825.0, 60 months,26.99,F,F3,3 years,OWN,30100.0,Verified,debt_consolidation,GA,30.26,0.0,675.0,679.0,0.0,39.0,16.0,Individual,5,High Risk,Manual Review
84799750,11300.0, 60 months,24.99,E,E4,< 1 year,RENT,22646.0,Source Verified,debt_consolidation,MD,33.97,1.0,705.0,709.0,0.0,76.1,12.0,Individual,6,High Risk,Manual Review
84674202,20675.0, 60 months,19.99,D,D4,2 years,MORTGAGE,57000.0,Not Verified,debt_consolidation,OH,34.11,1.0,680.0,684.0,0.0,88.2,24.0,Individual,5,High Risk,Manual Review
84655946,8500.0, 36 months,26.49,F,F2,10+ years,RENT,78500.0,Verified,debt_consolidation,CA,33.09,0.0,675.0,679.0,3.0,38.0,21.0,Individual,5,High Risk,Manual Review
84554899,15000.0, 36 months,23.99,E,E2,10+ years,MORTGAGE,65000.0,Source Verified,debt_consolidation,CA,30.91,1.0,700.0,704.0,2.0,38.8,16.0,Individual,6,High Risk,Manual Review
84614445,26025.0, 60 months,28.18,G,G1,3 years,RENT,62000.0,Source Verified,credit_card,CA,33.04,0.0,670.0,674.0,0.0,88.8,39.0,Individual,6,High Risk,Manual Review
84315064,18000.0, 60 months,24.49,E,E3,1 year,RENT,52000.0,Verified,debt_consolidation,TX,32.75,0.0,680.0,684.0,1.0,45.7,45.0,Individual,5,High Risk,Manual Review
84554822,14000.0, 60 months,28.18,G,G1,4 years,MORTGAGE,128000.0,Verified,debt_consolidation,OH,33.36,1.0,690.0,694.0,0.0,43.7,53.0,Individual,6,High Risk,Manual Review
84473124,5400.0, 36 months,27.79,F,F5,2 years,RENT,30000.0,Verified,debt_consolidation,MS,32.72,0.0,670.0,674.0,2.0,39.7,25.0,Individual,5,High Risk,Manual Review
84513814,17400.0, 60 months,24.99,E,E4,10+ years,OWN,56000.0,Verified,debt_consolidation,FL,31.78,1.0,665.0,669.0,1.0,84.1,23.0,Individual,7,High Risk,Manual Review
84749597,28000.0, 60 months,25.69,F,F1,6 years,MORTGAGE,100000.0,Not Verified,debt_consolidation,WI,21.67,1.0,700.0,704.0,3.0,84.5,23.0,Individual,5,High Risk,Manual Review
84433493,40000.0, 60 months,23.99,E,E2,4 years,MORTGAGE,115000.0,Verified,debt_consolidation,WI,30.17,0.0,720.0,724.0,0.0,52.8,48.0,Individual,5,High Risk,Manual Review
84563229,35000.0, 36 months,18.99,D,D3,2 years,MORTGAGE,90000.0,Verified,debt_consolidation,SC,30.67,1.0,670.0,674.0,0.0,87.2,39.0,Individual,5,High Risk,Manual Review
83951950,27425.0, 60 months,26.99,F,F3,< 1 year,RENT,95000.0,Verified,debt_consolidation,AK,26.2,1.0,680.0,684.0,0.0,87.8,17.0,Individual,5,High Risk,Manual Review
84133949,13100.0, 36 months,23.99,E,E2,10+ years,MORTGAGE,38600.0,Verified,debt_consolidation,AL,32.87,0.0,705.0,709.0,0.0,73.9,10.0,Individual,5,High Risk,Manual Review
84141571,20000.0, 60 months,24.49,E,E3,9 years,RENT,51840.0,Verified,debt_consolidation,CA,33.29,0.0,675.0,679.0,0.0,60.0,19.0,Individual,5,High Risk,Manual Review
84839160,21050.0, 60 months,28.88,G,G2,10+ years,MORTGAGE,109075.0,Not Verified,debt_consolidation,FL,34.81,0.0,665.0,669.0,0.0,91.0,25.0,Individual,6,High Risk,Manual Review
83911259,9600.0, 36 months,23.99,E,E2,4 years,RENT,42000.0,Verified,other,NJ,32.8,0.0,700.0,704.0,3.0,42.3,14.0,Individual,5,High Risk,Manual Review
84384843,12800.0, 60 months,22.39,E,E1,7 years,MORTGAGE,42000.0,Source Verified,debt_consolidation,OH,11.31,1.0,665.0,669.0,0.0,82.7,21.0,Individual,5,High Risk,Manual Review
84546454,35000.0, 60 months,22.39,E,E1,9 years,MORTGAGE,80000.0,Source Verified,debt_consolidation,IL,30.69,0.0,700.0,704.0,0.0,74.6,56.0,Individual,5,High Risk,Manual Review
84464948,10000.0, 60 months,22.39,E,E1,4 years,MORTGAGE,68000.0,Not Verified,debt_consolidation,NY,33.25,0.0,715.0,719.0,0.0,35.8,20.0,Individual,5,High Risk,Manual Review
84606786,15000.0, 60 months,25.69,F,F1,10+ years,MORTGAGE,51000.0,Not Verified,home_improvement,CA,31.76,1.0,660.0,664.0,1.0,61.2,38.0,Individual,6,High Risk,Manual Review
84405242,3600.0, 36 months,22.39,E,E1,10+ years,OWN,62000.0,Source Verified,debt_consolidation,FL,34.67,0.0,665.0,669.0,1.0,85.2,33.0,Individual,6,High Risk,Manual Review
83633938,15200.0, 60 months,24.99,E,E4,10+ years,RENT,52000.0,Verified,debt_consolidation,TX,34.16,0.0,660.0,664.0,0.0,85.5,23.0,Individual,6,High Risk,Manual Review
84507255,21000.0, 60 months,22.39,E,E1,10+ years,MORTGAGE,145000.0,Not Verified,home_improvement,MA,19.16,4.0,670.0,674.0,3.0,92.9,47.0,Individual,5,High Risk,Manual Review
84274645,10000.0, 60 months,25.69,F,F1,1 year,RENT,50000.0,Source Verified,house,TN,34.4,0.0,695.0,699.0,1.0,42.0,84.0,Individual,5,High Risk,Manual Review
84593233,35000.0, 60 months,25.69,F,F1,10+ years,OWN,80000.0,Source Verified,small_business,IL,34.74,0.0,680.0,684.0,0.0,34.0,71.0,Individual,5,High Risk,Manual Review
84394202,21000.0, 60 months,26.49,F,F2,10+ years,RENT,42000.0,Verified,debt_consolidation,NH,26.37,1.0,670.0,674.0,0.0,86.0,18.0,Individual,5,High Risk,Manual Review
84576759,12000.0, 36 months,19.99,D,D4,9 years,MORTGAGE,84000.0,Source Verified,debt_consolidation,DC,33.01,1.0,660.0,664.0,0.0,93.5,26.0,Individual,5,High Risk,Manual Review
84253847,23200.0, 60 months,24.99,E,E4,10+ years,MORTGAGE,110000.0,Verified,debt_consolidation,OK,34.7,1.0,670.0,674.0,1.0,55.9,60.0,Individual,6,High Risk,Manual Review
84533292,27050.0, 36 months,27.49,F,F4,10+ years,MORTGAGE,55000.0,Verified,debt_consolidation,OH,30.63,0.0,705.0,709.0,1.0,40.7,21.0,Individual,5,High Risk,Manual Review
83377341,16850.0, 36 months,22.39,E,E1,4 years,RENT,38323.0,Verified,car,FL,32.51,0.0,775.0,779.0,0.0,16.2,6.0,Individual,5,High Risk,Manual Review
83710365,20000.0, 60 months,22.39,E,E1,3 years,RENT,60000.0,Verified,debt_consolidation,IL,31.83,1.0,685.0,689.0,2.0,77.1,15.0,Individual,6,High Risk,Manual Review
84244909,18000.0, 60 months,22.39,E,E1,4 years,MORTGAGE,36000.0,Verified,debt_consolidation,NC,33.3,0.0,675.0,679.0,0.0,80.1,17.0,Individual,6,High Risk,Manual Review
84304266,15000.0, 60 months,22.39,E,E1,10+ years,MORTGAGE,87000.0,Not Verified,small_business,TN,30.37,0.0,715.0,719.0,1.0,22.1,15.0,Individual,5,High Risk,Manual Review
84637372,14000.0, 60 months,22.39,E,E1,6 years,RENT,52000.0,Not Verified,debt_consolidation,AZ,30.51,0.0,675.0,679.0,0.0,48.7,20.0,Individual,5,High Risk,Manual Review
84497942,15000.0, 60 months,22.39,E,E1,3 years,MORTGAGE,65000.0,Source Verified,debt_consolidation,NC,32.33,1.0,700.0,704.0,1.0,19.1,27.0,Individual,6,High Risk,Manual Review
84273855,35000.0, 60 months,27.79,F,F5,10+ years,MORTGAGE,90000.0,Verified,debt_consolidation,NJ,23.33,1.0,680.0,684.0,0.0,90.6,24.0,Individual,5,High Risk,Manual Review
84536269,18000.0, 60 months,26.99,F,F3,10+ years,RENT,93000.0,Verified,credit_card,NJ,32.97,0.0,680.0,684.0,3.0,84.3,19.0,Individual,6,High Risk,Manual Review
84354585,16125.0, 60 months,24.49,E,E3,2 years,RENT,45039.0,Verified,debt_consolidation,AR,31.71,0.0,670.0,674.0,0.0,76.4,16.0,Individual,5,High Risk,Manual Review
84264419,10675.0, 60 months,27.79,F,F5,3 years,RENT,54000.0,Verified,debt_consolidation,PA,34.89,0.0,665.0,669.0,0.0,75.9,15.0,Individual,5,High Risk,Manual Review
84675922,8050.0, 36 months,22.39,E,E1,10+ years,RENT,50000.0,Not Verified,credit_card,VA,30.19,0.0,680.0,684.0,0.0,41.9,46.0,Individual,5,High Risk,Manual Review
84674953,14000.0, 60 months,23.99,E,E2,2 years,MORTGAGE,110000.0,Not Verified,debt_consolidation,IL,34.29,0.0,685.0,689.0,0.0,70.6,23.0,Individual,5,High Risk,Manual Review
84243219,21000.0, 60 months,22.39,E,E1,2 years,RENT,85000.0,Verified,credit_card,WA,33.25,0.0,660.0,664.0,2.0,89.9,35.0,Individual,6,High Risk,Manual Review
84585566,35000.0, 60 months,26.49,F,F2,2 years,MORTGAGE,135000.0,Verified,debt_consolidation,CA,30.48,0.0,685.0,689.0,0.0,83.8,39.0,Individual,6,High Risk,Manual Review
84636282,14400.0, 60 months,15.59,C,C5,10+ years,MORTGAGE,68000.0,Not Verified,credit_card,MD,30.96,1.0,675.0,679.0,0.0,80.7,35.0,Individual,5,High Risk,Manual Review
84003881,31025.0, 60 months,28.88,G,G2,6 years,RENT,90000.0,Verified,debt_consolidation,NY,31.64,0.0,660.0,664.0,1.0,60.4,21.0,Individual,5,High Risk,Manual Review
84363753,25000.0, 60 months,23.99,E,E2,10+ years,MORTGAGE,149676.0,Source Verified,credit_card,CA,30.55,0.0,695.0,699.0,0.0,82.3,35.0,Individual,6,High Risk,Manual Review
84333663,27700.0, 36 months,23.99,E,E2,4 years,MORTGAGE,66000.0,Verified,debt_consolidation,TX,31.6,0.0,660.0,664.0,0.0,78.9,35.0,Individual,5,High Risk,Manual Review
83904107,27050.0, 36 months,23.99,E,E2,10+ years,OWN,80350.0,Verified,debt_consolidation,NJ,21.63,1.0,675.0,679.0,1.0,90.7,13.0,Individual,5,High Risk,Manual Review
84545150,1800.0, 36 months,22.39,E,E1,< 1 year,MORTGAGE,80000.0,Source Verified,home_improvement,AZ,34.23,3.0,660.0,664.0,0.0,73.9,43.0,Individual,6,High Risk,Manual Review
84363578,11700.0, 60 months,23.99,E,E2,< 1 year,RENT,32500.0,Source Verified,debt_consolidation,CA,23.15,1.0,670.0,674.0,0.0,91.3,19.0,Individual,5,High Risk,Manual Review
84497279,22000.0, 60 months,22.39,E,E1,10+ years,OWN,62000.0,Source Verified,debt_consolidation,PA,31.48,0.0,715.0,719.0,1.0,90.4,23.0,Individual,6,High Risk,Manual Review
84064457,12000.0, 60 months,25.69,F,F1,7 years,RENT,30000.0,Verified,debt_consolidation,FL,30.76,0.0,680.0,684.0,0.0,34.0,17.0,Individual,5,High Risk,Manual Review
83634134,10625.0, 60 months,26.99,F,F3,,RENT,29568.0,Verified,credit_card,KS,34.78,0.0,665.0,669.0,0.0,96.7,10.0,Individual,6,High Risk,Manual Review
84254024,5000.0, 36 months,22.39,E,E1,2 years,RENT,25000.0,Verified,debt_consolidation,OH,31.06,0.0,755.0,759.0,3.0,4.4,30.0,Individual,5,High Risk,Manual Review
83398867,10000.0, 60 months,22.39,E,E1,5 years,MORTGAGE,52000.0,Source Verified,home_improvement,NC,32.29,0.0,665.0,669.0,0.0,0.9,25.0,Individual,5,High Risk,Manual Review
84104773,11500.0, 36 months,24.49,E,E3,10+ years,MORTGAGE,32000.0,Verified,debt_consolidation,ID,30.43,1.0,665.0,669.0,0.0,67.8,45.0,Individual,6,High Risk,Manual Review
84233169,20000.0, 60 months,26.49,F,F2,,MORTGAGE,54000.0,Verified,debt_consolidation,MD,32.12,0.0,720.0,724.0,2.0,53.7,43.0,Individual,5,High Risk,Manual Review
84004790,32000.0, 60 months,24.99,E,E4,10+ years,MORTGAGE,76358.0,Verified,debt_consolidation,OK,31.53,5.0,660.0,664.0,0.0,77.7,42.0,Individual,6,High Risk,Manual Review
84623417,9750.0, 36 months,25.69,F,F1,4 years,RENT,28000.0,Verified,debt_consolidation,FL,34.85,0.0,705.0,709.0,4.0,37.4,13.0,Individual,5,High Risk,Manual Review
84343390,18400.0, 60 months,27.79,F,F5,2 years,OWN,40000.0,Not Verified,home_improvement,CA,30.38,0.0,770.0,774.0,0.0,11.7,6.0,Individual,5,High Risk,Manual Review
84634794,6000.0, 36 months,22.39,E,E1,2 years,MORTGAGE,105000.0,Not Verified,credit_card,IL,32.75,0.0,680.0,684.0,0.0,81.2,29.0,Individual,6,High Risk,Manual Review
84443442,18000.0, 60 months,22.39,E,E1,6 years,RENT,41000.0,Source Verified,credit_card,ID,34.18,0.0,680.0,684.0,0.0,63.2,26.0,Individual,5,High Risk,Manual Review
84603575,21275.0, 36 months,24.49,E,E3,10+ years,OWN,56000.0,Source Verified,debt_consolidation,IL,32.66,0.0,680.0,684.0,0.0,86.5,14.0,Individual,6,High Risk,Manual Review
83944205,6400.0, 36 months,26.99,F,F3,,RENT,20000.0,Verified,debt_consolidation,KS,34.99,0.0,680.0,684.0,0.0,100.3,15.0,Individual,6,High Risk,Manual Review
84494608,35000.0, 36 months,23.99,E,E2,7 years,MORTGAGE,80000.0,Verified,credit_card,LA,17.72,2.0,690.0,694.0,0.0,93.3,59.0,Individual,5,High Risk,Manual Review
84613911,14400.0, 60 months,23.99,E,E2,10+ years,MORTGAGE,59500.0,Source Verified,debt_consolidation,WI,32.92,0.0,675.0,679.0,0.0,63.4,51.0,Individual,5,High Risk,Manual Review
84613825,10000.0, 60 months,22.39,E,E1,9 years,MORTGAGE,90000.0,Source Verified,credit_card,UT,24.8,1.0,680.0,684.0,1.0,85.5,28.0,Individual,5,High Risk,Manual Review
83974135,4000.0, 36 months,24.99,E,E4,< 1 year,RENT,27000.0,Verified,debt_consolidation,WI,33.2,0.0,685.0,689.0,0.0,32.5,21.0,Individual,5,High Risk,Manual Review
84203124,35000.0, 60 months,30.99,G,G5,1 year,RENT,113000.0,Verified,debt_consolidation,KY,31.64,0.0,700.0,704.0,2.0,62.6,29.0,Individual,5,High Risk,Manual Review
84071154,15200.0, 60 months,24.99,E,E4,10+ years,MORTGAGE,65000.0,Not Verified,credit_card,FL,30.82,0.0,670.0,674.0,1.0,60.3,38.0,Individual,5,High Risk,Manual Review
84463154,15750.0, 60 months,28.18,G,G1,2 years,MORTGAGE,41500.0,Verified,debt_consolidation,FL,30.57,0.0,670.0,674.0,0.0,70.9,39.0,Individual,5,High Risk,Manual Review
83931027,12725.0, 60 months,26.99,F,F3,9 years,MORTGAGE,67000.0,Verified,debt_consolidation,CA,30.25,0.0,695.0,699.0,0.0,34.4,31.0,Individual,5,High Risk,Manual Review
82860211,35000.0, 60 months,23.99,E,E2,3 years,RENT,80000.0,Verified,debt_consolidation,CA,15.2,2.0,680.0,684.0,0.0,86.9,10.0,Individual,5,High Risk,Manual Review
81435966,18000.0, 60 months,26.49,F,F2,10+ years,MORTGAGE,75000.0,Source Verified,debt_consolidation,NY,34.83,0.0,730.0,734.0,1.0,27.2,45.0,Individual,5,High Risk,Manual Review
83953939,10000.0, 60 months,27.49,F,F4,10+ years,MORTGAGE,48000.0,Source Verified,debt_consolidation,MI,33.03,0.0,675.0,679.0,1.0,41.3,33.0,Individual,5,High Risk,Manual Review
84135458,5000.0, 36 months,23.99,E,E2,10+ years,RENT,85000.0,Verified,credit_card,AZ,31.54,0.0,675.0,679.0,0.0,95.1,14.0,Individual,6,High Risk,Manual Review
83945210,9100.0, 36 months,24.49,E,E3,10+ years,MORTGAGE,82000.0,Source Verified,home_improvement,CA,31.39,0.0,665.0,669.0,1.0,57.7,24.0,Individual,5,High Risk,Manual Review
84132616,21775.0, 60 months,25.69,F,F1,8 years,RENT,82500.0,Verified,credit_card,CA,30.82,1.0,665.0,669.0,0.0,40.4,53.0,Individual,6,High Risk,Manual Review
84045168,31750.0, 60 months,25.29,E,E5,1 year,MORTGAGE,108000.0,Source Verified,debt_consolidation,OH,30.01,0.0,705.0,709.0,1.0,85.6,32.0,Individual,6,High Risk,Manual Review
84014599,2600.0, 36 months,23.99,E,E2,< 1 year,MORTGAGE,27600.0,Verified,vacation,TN,30.17,2.0,680.0,684.0,0.0,4.0,30.0,Individual,6,High Risk,Manual Review
83905075,8975.0, 36 months,22.39,E,E1,10+ years,RENT,38348.0,Source Verified,debt_consolidation,AL,34.65,0.0,700.0,704.0,2.0,31.2,41.0,Individual,5,High Risk,Manual Review
83828047,15000.0, 60 months,23.99,E,E2,2 years,RENT,62000.0,Verified,debt_consolidation,RI,34.52,0.0,720.0,724.0,2.0,18.0,33.0,Individual,5,High Risk,Manual Review
83634373,18275.0, 60 months,25.29,E,E5,10+ years,MORTGAGE,65000.0,Source Verified,debt_consolidation,TX,30.76,0.0,700.0,704.0,3.0,24.1,45.0,Individual,5,High Risk,Manual Review
84234601,18000.0, 60 months,22.39,E,E1,10+ years,RENT,60000.0,Source Verified,debt_consolidation,KY,31.48,0.0,680.0,684.0,1.0,81.2,34.0,Individual,6,High Risk,Manual Review
83934045,8750.0, 36 months,25.69,F,F1,10+ years,RENT,37000.0,Source Verified,debt_consolidation,KS,34.03,0.0,685.0,689.0,0.0,87.9,21.0,Individual,6,High Risk,Manual Review
84394439,17675.0, 60 months,23.99,E,E2,7 years,MORTGAGE,115000.0,Verified,home_improvement,TX,2.31,1.0,680.0,684.0,0.0,87.1,11.0,Individual,5,High Risk,Manual Review
83964088,10000.0, 60 months,16.99,D,D1,2 years,RENT,27500.0,Verified,debt_consolidation,UT,30.77,1.0,680.0,684.0,1.0,92.4,19.0,Individual,5,High Risk,Manual Review
84082679,14000.0, 60 months,22.39,E,E1,10+ years,RENT,70000.0,Verified,debt_consolidation,NY,30.34,0.0,665.0,669.0,1.0,20.4,49.0,Individual,5,High Risk,Manual Review
84384102,15000.0, 60 months,23.99,E,E2,2 years,OWN,85000.0,Verified,house,TX,30.47,2.0,665.0,669.0,1.0,33.5,19.0,Individual,6,High Risk,Manual Review
83877293,12000.0, 60 months,22.39,E,E1,10+ years,MORTGAGE,125000.0,Source Verified,debt_consolidation,ID,32.02,3.0,690.0,694.0,4.0,61.0,65.0,Individual,6,High Risk,Manual Review
84131638,19125.0, 36 months,25.29,E,E5,10+ years,OWN,41600.0,Source Verified,debt_consolidation,OK,32.87,0.0,705.0,709.0,0.0,44.1,9.0,Individual,5,High Risk,Manual Review
83943390,5600.0, 36 months,22.39,E,E1,1 year,RENT,25000.0,Source Verified,debt_consolidation,CA,31.97,0.0,660.0,664.0,1.0,58.3,19.0,Individual,5,High Risk,Manual Review
84142464,16200.0, 60 months,25.29,E,E5,2 years,RENT,45000.0,Verified,debt_consolidation,IL,24.16,1.0,665.0,669.0,0.0,88.7,22.0,Individual,5,High Risk,Manual Review
84051822,35000.0, 36 months,23.99,E,E2,10+ years,MORTGAGE,134296.0,Verified,debt_consolidation,VA,28.32,1.0,665.0,669.0,0.0,88.7,15.0,Individual,5,High Risk,Manual Review
83932110,14000.0, 60 months,22.39,E,E1,2 years,OWN,92700.0,Verified,debt_consolidation,KY,30.9,0.0,660.0,664.0,2.0,58.7,65.0,Individual,5,High Risk,Manual Review
84043916,10000.0, 36 months,18.99,D,D3,10+ years,RENT,76000.0,Verified,debt_consolidation,CT,31.33,1.0,665.0,669.0,0.0,99.7,14.0,Individual,5,High Risk,Manual Review
83983248,12000.0, 36 months,22.39,E,E1,< 1 year,RENT,35000.0,Verified,debt_consolidation,CA,31.87,0.0,670.0,674.0,1.0,56.4,13.0,Individual,5,High Risk,Manual Review
83885476,12000.0, 60 months,25.29,E,E5,8 years,MORTGAGE,56650.0,Source Verified,debt_consolidation,OH,34.3,0.0,700.0,704.0,1.0,51.4,52.0,Individual,5,High Risk,Manual Review
84263898,30000.0, 36 months,26.99,F,F3,10+ years,MORTGAGE,60000.0,Source Verified,debt_consolidation,CA,30.26,0.0,660.0,664.0,4.0,58.3,18.0,Individual,5,High Risk,Manual Review
84112192,16000.0, 60 months,26.99,F,F3,4 years,RENT,48500.0,Verified,debt_consolidation,NY,31.3,0.0,680.0,684.0,4.0,33.3,29.0,Individual,5,High Risk,Manual Review
84101615,1500.0, 36 months,22.39,E,E1,9 years,MORTGAGE,58000.0,Source Verified,car,LA,22.45,1.0,675.0,679.0,0.0,84.9,31.0,Individual,5,High Risk,Manual Review
83921709,19800.0, 60 months,28.18,G,G1,3 years,RENT,39600.0,Verified,debt_consolidation,NC,32.42,0.0,680.0,684.0,0.0,56.4,14.0,Individual,5,High Risk,Manual Review
83849566,9800.0, 36 months,22.39,E,E1,< 1 year,RENT,32500.0,Verified,medical,OH,30.83,0.0,670.0,674.0,0.0,93.0,14.0,Individual,6,High Risk,Manual Review
83994707,30000.0, 60 months,24.49,E,E3,10+ years,MORTGAGE,80000.0,Source Verified,debt_consolidation,TX,33.8,0.0,660.0,664.0,1.0,69.7,30.0,Individual,5,High Risk,Manual Review
84070683,14400.0, 60 months,23.99,E,E2,9 years,RENT,50000.0,Source Verified,debt_consolidation,NJ,31.13,0.0,750.0,754.0,3.0,38.7,9.0,Individual,5,High Risk,Manual Review
84060829,12000.0, 36 months,22.39,E,E1,6 years,RENT,38000.0,Source Verified,debt_consolidation,CO,31.55,0.0,665.0,669.0,0.0,27.0,18.0,Individual,5,High Risk,Manual Review
126176997,30000.0, 60 months,30.79,G,G1,10+ years,RENT,40000.0,Source Verified,other,NY,30.86,1.0,700.0,704.0,0.0,30.3,23.0,Joint App,6,High Risk,Manual Review
125193750,5000.0, 36 months,22.91,E,E1,2 years,OWN,145000.0,Source Verified,debt_consolidation,OH,28.54,1.0,665.0,669.0,2.0,81.8,61.0,Individual,5,High Risk,Manual Review
126184571,12275.0, 36 months,24.85,E,E3,2 years,RENT,45000.0,Verified,debt_consolidation,MA,33.28,0.0,680.0,684.0,0.0,31.6,14.0,Individual,5,High Risk,Manual Review
126383239,10000.0, 60 months,23.88,E,E2,10+ years,RENT,42000.0,Source Verified,credit_card,AR,31.17,0.0,660.0,664.0,0.0,79.5,20.0,Individual,5,High Risk,Manual Review
126391793,12000.0, 60 months,23.88,E,E2,3 years,OWN,32000.0,Verified,debt_consolidation,FL,37.17,0.0,685.0,689.0,2.0,35.1,20.0,Individual,5,High Risk,Manual Review
125266917,30000.0, 36 months,24.85,E,E3,3 years,RENT,10000.0,Verified,debt_consolidation,AZ,144.66,0.0,695.0,699.0,0.0,93.6,15.0,Joint App,6,High Risk,Manual Review
126232804,22100.0, 60 months,30.79,G,G1,10+ years,MORTGAGE,103000.0,Source Verified,debt_consolidation,OH,37.43,0.0,725.0,729.0,2.0,27.0,33.0,Individual,5,High Risk,Manual Review
126069826,25000.0, 36 months,25.82,E,E4,10+ years,MORTGAGE,88000.0,Verified,debt_consolidation,MN,37.12,0.0,675.0,679.0,1.0,55.8,31.0,Individual,5,High Risk,Manual Review
126121554,12000.0, 60 months,24.85,E,E3,4 years,MORTGAGE,30000.0,Source Verified,debt_consolidation,GA,48.4,0.0,705.0,709.0,2.0,35.2,25.0,Joint App,5,High Risk,Manual Review
125802005,29000.0, 36 months,25.82,E,E4,< 1 year,MORTGAGE,19500.0,Not Verified,credit_card,PA,61.72,0.0,700.0,704.0,0.0,73.3,22.0,Joint App,5,High Risk,Manual Review
126128011,20000.0, 60 months,30.65,F,F4,4 years,RENT,33000.0,Not Verified,debt_consolidation,OH,38.51,0.0,675.0,679.0,0.0,56.6,12.0,Joint App,5,High Risk,Manual Review
126279962,30000.0, 36 months,15.05,C,C4,1 year,MORTGAGE,100000.0,Verified,debt_consolidation,IL,33.59,1.0,670.0,674.0,1.0,98.3,33.0,Individual,5,High Risk,Manual Review
126336415,20000.0, 60 months,25.82,E,E4,6 years,MORTGAGE,1000.0,Not Verified,debt_consolidation,FL,740.96,0.0,710.0,714.0,0.0,94.5,8.0,Joint App,6,High Risk,Manual Review
126357010,10000.0, 60 months,25.82,E,E4,10+ years,RENT,46000.0,Verified,debt_consolidation,AK,30.99,3.0,660.0,664.0,2.0,73.0,28.0,Individual,6,High Risk,Manual Review
126360256,32000.0, 60 months,28.72,F,F1,< 1 year,OWN,35000.0,Not Verified,credit_card,MI,45.4,0.0,705.0,709.0,0.0,54.2,30.0,Joint App,5,High Risk,Manual Review
126349311,30000.0, 60 months,24.85,E,E3,2 years,MORTGAGE,135000.0,Verified,debt_consolidation,VA,34.51,0.0,720.0,724.0,0.0,71.4,15.0,Individual,5,High Risk,Manual Review
126284778,21000.0, 60 months,28.72,F,F1,10+ years,RENT,66000.0,Verified,debt_consolidation,CA,41.16,1.0,660.0,664.0,0.0,71.9,19.0,Joint App,6,High Risk,Manual Review
126299653,12000.0, 60 months,25.82,E,E4,10+ years,MORTGAGE,60000.0,Verified,home_improvement,IN,56.36,0.0,700.0,704.0,0.0,87.6,41.0,Joint App,6,High Risk,Manual Review
126129537,17000.0, 36 months,23.88,E,E2,10+ years,RENT,60000.0,Source Verified,debt_consolidation,GA,37.88,0.0,675.0,679.0,0.0,65.7,43.0,Individual,5,High Risk,Manual Review
125853665,3100.0, 36 months,15.05,C,C4,10+ years,MORTGAGE,55000.0,Not Verified,debt_consolidation,IN,34.74,1.0,715.0,719.0,0.0,93.6,33.0,Individual,5,High Risk,Manual Review
126161695,7300.0, 36 months,25.82,E,E4,10+ years,MORTGAGE,34000.0,Verified,debt_consolidation,WI,32.79,0.0,660.0,664.0,0.0,53.5,39.0,Individual,5,High Risk,Manual Review
125740708,1000.0, 36 months,24.85,E,E3,,MORTGAGE,15000.0,Verified,major_purchase,KS,68.72,0.0,670.0,674.0,0.0,90.5,16.0,Joint App,6,High Risk,Manual Review
126160348,10000.0, 60 months,23.88,E,E2,10+ years,RENT,32705.32,Verified,credit_card,AZ,33.03,0.0,700.0,704.0,0.0,99.0,18.0,Individual,6,High Risk,Manual Review
126342470,20000.0, 60 months,15.05,C,C4,10+ years,OWN,40000.0,Verified,debt_consolidation,CO,31.41,1.0,705.0,709.0,0.0,84.1,11.0,Joint App,5,High Risk,Manual Review
126347659,16000.0, 60 months,25.82,E,E4,2 years,RENT,36000.0,Source Verified,debt_consolidation,CA,35.77,0.0,670.0,674.0,1.0,25.1,43.0,Individual,5,High Risk,Manual Review
125940759,35000.0, 60 months,30.75,F,F5,3 years,MORTGAGE,42000.0,Verified,debt_consolidation,TX,57.17,0.0,685.0,689.0,2.0,78.1,17.0,Joint App,5,High Risk,Manual Review
126191321,15000.0, 60 months,30.17,F,F3,,OWN,14796.0,Verified,debt_consolidation,PA,30.25,0.0,680.0,684.0,1.0,70.2,8.0,Joint App,5,High Risk,Manual Review
125674871,10000.0, 36 months,23.88,E,E2,7 years,MORTGAGE,110000.0,Not Verified,credit_card,NY,35.63,0.0,665.0,669.0,0.0,81.1,38.0,Individual,6,High Risk,Manual Review
126346471,25000.0, 60 months,23.88,E,E2,10+ years,MORTGAGE,94000.0,Verified,home_improvement,AL,31.37,1.0,690.0,694.0,0.0,48.8,46.0,Individual,6,High Risk,Manual Review
126287993,6000.0, 36 months,23.88,E,E2,4 years,RENT,38500.0,Source Verified,debt_consolidation,WA,30.3,0.0,670.0,674.0,1.0,78.7,17.0,Joint App,5,High Risk,Manual Review
126313726,1000.0, 36 months,23.88,E,E2,< 1 year,MORTGAGE,30000.0,Verified,other,PA,38.04,0.0,670.0,674.0,1.0,54.0,14.0,Individual,5,High Risk,Manual Review
126208043,25000.0, 36 months,23.88,E,E2,10+ years,MORTGAGE,82000.0,Not Verified,debt_consolidation,MA,32.68,0.0,670.0,674.0,0.0,66.1,41.0,Individual,5,High Risk,Manual Review
125729995,15000.0, 36 months,22.91,E,E1,4 years,RENT,52000.0,Verified,debt_consolidation,NY,37.04,0.0,685.0,689.0,0.0,40.6,16.0,Individual,5,High Risk,Manual Review
126347199,11200.0, 60 months,30.17,F,F3,1 year,RENT,30000.0,Source Verified,debt_consolidation,TX,30.68,0.0,690.0,694.0,3.0,58.3,12.0,Joint App,5,High Risk,Manual Review
126269719,20000.0, 60 months,24.85,E,E3,10+ years,MORTGAGE,64000.0,Source Verified,other,PA,30.13,1.0,685.0,689.0,1.0,92.0,16.0,Individual,7,High Risk,Manual Review
124787701,20000.0, 60 months,29.69,F,F2,< 1 year,MORTGAGE,33000.0,Verified,debt_consolidation,WV,55.05,0.0,700.0,704.0,0.0,88.1,14.0,Joint App,6,High Risk,Manual Review
126240794,14200.0, 36 months,21.45,D,D5,10+ years,MORTGAGE,57000.0,Source Verified,debt_consolidation,CA,30.58,1.0,660.0,664.0,0.0,90.9,26.0,Individual,5,High Risk,Manual Review
126272340,15000.0, 60 months,24.85,E,E3,2 years,MORTGAGE,27000.0,Source Verified,debt_consolidation,MD,57.6,0.0,680.0,684.0,1.0,76.0,16.0,Joint App,5,High Risk,Manual Review
126170209,30000.0, 60 months,26.3,E,E5,7 years,RENT,110000.0,Not Verified,debt_consolidation,WA,31.93,0.0,680.0,684.0,1.0,64.3,21.0,Individual,5,High Risk,Manual Review
126085845,28000.0, 60 months,30.75,F,F5,2 years,MORTGAGE,105000.0,Verified,debt_consolidation,IN,31.85,0.0,695.0,699.0,2.0,45.6,19.0,Joint App,5,High Risk,Manual Review
126180670,20000.0, 60 months,24.85,E,E3,10+ years,MORTGAGE,75000.0,Not Verified,debt_consolidation,AR,38.0,0.0,690.0,694.0,2.0,68.1,39.0,Joint App,5,High Risk,Manual Review
126284781,16000.0, 60 months,25.82,E,E4,10+ years,MORTGAGE,130000.0,Source Verified,debt_consolidation,SC,34.91,0.0,690.0,694.0,1.0,74.0,31.0,Individual,5,High Risk,Manual Review
126218727,30000.0, 60 months,15.05,C,C4,1 year,OWN,1500.0,Not Verified,credit_card,VA,999.0,1.0,685.0,689.0,1.0,88.6,13.0,Joint App,5,High Risk,Manual Review
126161455,12150.0, 36 months,25.82,E,E4,6 years,RENT,70000.0,Verified,debt_consolidation,CA,31.92,0.0,695.0,699.0,4.0,43.0,21.0,Individual,5,High Risk,Manual Review
126191950,12000.0, 36 months,15.05,C,C4,10+ years,MORTGAGE,72000.0,Verified,credit_card,MA,31.72,1.0,715.0,719.0,0.0,90.7,16.0,Individual,5,High Risk,Manual Review
126237283,35000.0, 60 months,30.17,F,F3,10+ years,MORTGAGE,57000.0,Verified,debt_consolidation,TX,44.15,0.0,675.0,679.0,0.0,80.9,17.0,Joint App,6,High Risk,Manual Review
125140054,25000.0, 36 months,23.88,E,E2,2 years,RENT,95000.0,Source Verified,credit_card,CA,31.09,0.0,695.0,699.0,0.0,80.5,26.0,Joint App,6,High Risk,Manual Review
125995589,35000.0, 60 months,25.82,E,E4,,RENT,15000.0,Verified,debt_consolidation,FL,79.6,0.0,665.0,669.0,0.0,32.5,18.0,Joint App,5,High Risk,Manual Review
125306192,11950.0, 60 months,30.17,F,F3,,RENT,25061.0,Verified,debt_consolidation,FL,58.62,0.0,700.0,704.0,1.0,65.8,13.0,Joint App,5,High Risk,Manual Review
125810031,20450.0, 36 months,23.88,E,E2,6 years,MORTGAGE,65000.0,Source Verified,home_improvement,SC,30.23,0.0,680.0,684.0,4.0,64.0,10.0,Individual,5,High Risk,Manual Review
125905786,22875.0, 60 months,30.17,F,F3,10+ years,MORTGAGE,63000.0,Verified,debt_consolidation,NY,47.22,0.0,750.0,754.0,2.0,28.5,24.0,Joint App,5,High Risk,Manual Review
126176537,40000.0, 60 months,25.82,E,E4,9 years,MORTGAGE,45000.0,Source Verified,credit_card,IL,40.35,0.0,705.0,709.0,0.0,71.5,25.0,Joint App,5,High Risk,Manual Review
126152907,16000.0, 60 months,28.72,F,F1,,MORTGAGE,30000.0,Verified,debt_consolidation,SC,40.42,3.0,695.0,699.0,2.0,35.3,27.0,Joint App,6,High Risk,Manual Review
126160676,10000.0, 60 months,26.3,E,E5,9 years,RENT,38000.0,Source Verified,debt_consolidation,NC,34.11,0.0,690.0,694.0,0.0,48.6,10.0,Individual,5,High Risk,Manual Review
126281364,3075.0, 36 months,25.82,E,E4,3 years,RENT,33000.0,Verified,debt_consolidation,FL,33.13,1.0,675.0,679.0,3.0,13.0,18.0,Individual,6,High Risk,Manual Review
126064816,15000.0, 60 months,25.82,E,E4,10+ years,OWN,57000.0,Verified,major_purchase,TX,36.0,0.0,705.0,709.0,0.0,70.3,14.0,Individual,5,High Risk,Manual Review
126278932,10000.0, 60 months,23.88,E,E2,,RENT,19800.0,Not Verified,debt_consolidation,AZ,35.21,0.0,715.0,719.0,0.0,36.6,11.0,Individual,5,High Risk,Manual Review
126019285,10000.0, 36 months,24.85,E,E3,10+ years,MORTGAGE,6000.0,Not Verified,debt_consolidation,TX,109.0,0.0,670.0,674.0,0.0,53.6,21.0,Joint App,5,High Risk,Manual Review
125707705,9000.0, 36 months,26.3,E,E5,< 1 year,RENT,31600.0,Verified,debt_consolidation,NY,33.46,0.0,690.0,694.0,0.0,39.2,17.0,Individual,5,High Risk,Manual Review
126276701,10000.0, 60 months,16.02,C,C5,10+ years,MORTGAGE,90000.0,Source Verified,debt_consolidation,OH,36.07,1.0,690.0,694.0,0.0,83.3,25.0,Individual,5,High Risk,Manual Review
126155673,15000.0, 60 months,23.88,E,E2,,MORTGAGE,14000.0,Verified,major_purchase,FL,89.79,5.0,695.0,699.0,0.0,44.2,19.0,Joint App,6,High Risk,Manual Review
125252356,13750.0, 36 months,22.91,E,E1,1 year,RENT,42000.0,Verified,credit_card,TX,75.32,1.0,680.0,684.0,1.0,71.3,29.0,Joint App,6,High Risk,Manual Review
124850551,12050.0, 60 months,25.82,E,E4,4 years,MORTGAGE,49500.0,Source Verified,credit_card,TX,30.56,1.0,665.0,669.0,1.0,48.3,29.0,Individual,6,High Risk,Manual Review
125163620,20000.0, 60 months,23.88,E,E2,4 years,MORTGAGE,43000.0,Not Verified,debt_consolidation,TX,30.84,1.0,665.0,669.0,2.0,53.4,31.0,Joint App,6,High Risk,Manual Review
126189261,40000.0, 60 months,24.85,E,E3,< 1 year,RENT,20000.0,Not Verified,debt_consolidation,TX,59.3,0.0,695.0,699.0,0.0,25.9,13.0,Joint App,5,High Risk,Manual Review
125754313,3200.0, 36 months,23.88,E,E2,2 years,MORTGAGE,41000.0,Source Verified,debt_consolidation,NE,3.69,2.0,660.0,664.0,0.0,92.5,12.0,Individual,5,High Risk,Manual Review
126074599,16650.0, 36 months,24.85,E,E3,10+ years,RENT,40000.0,Source Verified,debt_consolidation,PA,36.87,1.0,685.0,689.0,1.0,49.8,14.0,Individual,6,High Risk,Manual Review
125863520,15000.0, 60 months,15.05,C,C4,< 1 year,RENT,40000.0,Not Verified,other,AK,49.83,1.0,695.0,699.0,0.0,85.0,12.0,Joint App,5,High Risk,Manual Review
125007177,18000.0, 60 months,23.88,E,E2,5 years,RENT,44000.0,Verified,house,PA,33.52,0.0,710.0,714.0,1.0,18.3,7.0,Individual,5,High Risk,Manual Review
126156004,12700.0, 60 months,30.75,F,F5,4 years,MORTGAGE,50000.0,Source Verified,debt_consolidation,IL,32.17,0.0,690.0,694.0,0.0,55.4,16.0,Individual,5,High Risk,Manual Review
126149619,20850.0, 60 months,30.79,G,G1,4 years,RENT,70000.0,Source Verified,debt_consolidation,NY,35.92,0.0,700.0,704.0,0.0,56.6,24.0,Individual,5,High Risk,Manual Review
126204521,20000.0, 60 months,17.09,D,D1,10+ years,OWN,98000.0,Not Verified,debt_consolidation,SC,31.19,1.0,665.0,669.0,0.0,90.2,43.0,Individual,5,High Risk,Manual Review
126161387,35000.0, 60 months,30.79,G,G1,2 years,RENT,138000.0,Verified,debt_consolidation,MS,20.38,1.0,660.0,664.0,0.0,96.0,14.0,Individual,5,High Risk,Manual Review
125764870,25000.0, 60 months,30.79,G,G1,10+ years,MORTGAGE,166000.0,Source Verified,debt_consolidation,VA,27.79,1.0,665.0,669.0,0.0,90.9,36.0,Individual,5,High Risk,Manual Review
126007097,31025.0, 36 months,22.91,E,E1,7 years,MORTGAGE,48000.0,Verified,credit_card,TX,36.43,1.0,705.0,709.0,0.0,51.6,36.0,Joint App,6,High Risk,Manual Review
125381760,10000.0, 60 months,25.82,E,E4,9 years,MORTGAGE,40000.0,Source Verified,debt_consolidation,FL,30.27,0.0,715.0,719.0,1.0,27.1,18.0,Individual,5,High Risk,Manual Review
125715560,24000.0, 60 months,16.02,C,C5,10+ years,RENT,56000.0,Verified,debt_consolidation,MT,33.26,1.0,660.0,664.0,1.0,85.0,18.0,Individual,5,High Risk,Manual Review
125691932,25000.0, 36 months,25.82,E,E4,8 years,RENT,75000.0,Verified,debt_consolidation,IL,33.95,0.0,680.0,684.0,0.0,73.2,34.0,Individual,5,High Risk,Manual Review
125737944,25000.0, 36 months,26.3,E,E5,10+ years,MORTGAGE,76000.0,Verified,debt_consolidation,IN,39.71,0.0,720.0,724.0,0.0,79.2,24.0,Individual,5,High Risk,Manual Review
125914603,10000.0, 60 months,24.85,E,E3,,RENT,6564.0,Verified,debt_consolidation,CA,91.22,0.0,695.0,699.0,0.0,77.4,9.0,Joint App,5,High Risk,Manual Review
126070740,30000.0, 36 months,20.0,D,D4,10+ years,RENT,98000.0,Verified,debt_consolidation,MD,33.94,1.0,680.0,684.0,0.0,80.9,45.0,Individual,5,High Risk,Manual Review
125888856,25000.0, 36 months,25.82,E,E4,10+ years,MORTGAGE,65000.0,Source Verified,debt_consolidation,IL,30.24,1.0,675.0,679.0,0.0,67.1,22.0,Individual,6,High Risk,Manual Review
125886342,8000.0, 36 months,17.09,D,D1,10+ years,MORTGAGE,15000.0,Verified,debt_consolidation,MS,58.32,1.0,685.0,689.0,1.0,95.3,19.0,Joint App,5,High Risk,Manual Review
125806686,35000.0, 60 months,17.09,D,D1,10+ years,MORTGAGE,100000.0,Verified,credit_card,IL,38.46,1.0,670.0,674.0,2.0,84.9,24.0,Joint App,5,High Risk,Manual Review
126190959,10000.0, 60 months,26.3,E,E5,9 years,OWN,65200.0,Verified,debt_consolidation,OH,31.01,0.0,680.0,684.0,1.0,42.7,34.0,Individual,5,High Risk,Manual Review
126186132,31900.0, 36 months,24.85,E,E3,,MORTGAGE,11472.0,Verified,debt_consolidation,WV,85.88,0.0,730.0,734.0,2.0,36.6,31.0,Joint App,5,High Risk,Manual Review
125855847,20000.0, 60 months,26.3,E,E5,,RENT,51864.0,Verified,debt_consolidation,TX,41.58,0.0,675.0,679.0,0.0,71.4,37.0,Joint App,5,High Risk,Manual Review
125972277,17600.0, 60 months,26.3,E,E5,5 years,MORTGAGE,50000.0,Source Verified,major_purchase,KS,31.64,0.0,690.0,694.0,0.0,75.8,21.0,Joint App,5,High Risk,Manual Review
126109529,30000.0, 60 months,25.82,E,E4,5 years,MORTGAGE,48000.0,Verified,debt_consolidation,FL,45.58,0.0,665.0,669.0,0.0,65.1,16.0,Joint App,5,High Risk,Manual Review
126065929,25000.0, 36 months,24.85,E,E3,9 years,MORTGAGE,82377.0,Verified,debt_consolidation,MD,36.45,0.0,705.0,709.0,0.0,31.6,47.0,Individual,5,High Risk,Manual Review
126086282,30000.0, 36 months,26.3,E,E5,4 years,RENT,28000.0,Verified,credit_card,NJ,57.87,0.0,675.0,679.0,0.0,64.5,12.0,Joint App,5,High Risk,Manual Review
125866671,40000.0, 60 months,25.82,E,E4,10+ years,MORTGAGE,65000.0,Verified,debt_consolidation,FL,46.12,1.0,685.0,689.0,0.0,74.6,12.0,Joint App,6,High Risk,Manual Review
126074524,20000.0, 60 months,26.3,E,E5,4 years,MORTGAGE,57600.0,Not Verified,debt_consolidation,PA,30.79,0.0,675.0,679.0,1.0,49.3,15.0,Individual,5,High Risk,Manual Review
126125203,8000.0, 36 months,21.45,D,D5,,MORTGAGE,12000.0,Source Verified,debt_consolidation,IL,49.9,1.0,665.0,669.0,0.0,89.1,17.0,Joint App,5,High Risk,Manual Review
125925391,21600.0, 36 months,23.88,E,E2,10+ years,OWN,48000.0,Verified,debt_consolidation,FL,31.25,0.0,705.0,709.0,3.0,57.0,14.0,Individual,5,High Risk,Manual Review
125961514,30000.0, 60 months,23.88,E,E2,10+ years,RENT,72000.0,Source Verified,debt_consolidation,TX,30.94,0.0,735.0,739.0,0.0,68.9,19.0,Individual,5,High Risk,Manual Review
125771077,25000.0, 36 months,21.45,D,D5,1 year,MORTGAGE,130000.0,Not Verified,home_improvement,IL,35.4,1.0,675.0,679.0,0.0,95.4,35.0,Individual,5,High Risk,Manual Review
126113843,30000.0, 60 months,24.85,E,E3,1 year,RENT,30000.0,Source Verified,debt_consolidation,NY,37.52,0.0,710.0,714.0,0.0,61.0,30.0,Joint App,5,High Risk,Manual Review
126148628,31000.0, 60 months,21.45,D,D5,3 years,MORTGAGE,20000.0,Verified,credit_card,ND,85.41,1.0,685.0,689.0,0.0,80.5,24.0,Joint App,5,High Risk,Manual Review
125800698,20000.0, 60 months,25.82,E,E4,10+ years,OWN,57630.0,Source Verified,debt_consolidation,MA,33.28,2.0,695.0,699.0,0.0,46.5,36.0,Individual,6,High Risk,Manual Review
126128239,14400.0, 36 months,22.91,E,E1,10+ years,MORTGAGE,70000.0,Verified,debt_consolidation,TX,44.63,2.0,660.0,664.0,1.0,59.2,52.0,Joint App,6,High Risk,Manual Review
126120330,16000.0, 36 months,17.09,D,D1,,MORTGAGE,69960.0,Verified,debt_consolidation,NC,40.87,2.0,660.0,664.0,0.0,96.3,21.0,Joint App,5,High Risk,Manual Review
125297632,30350.0, 36 months,23.88,E,E2,10+ years,MORTGAGE,80000.0,Not Verified,debt_consolidation,AL,34.25,1.0,665.0,669.0,0.0,59.8,24.0,Joint App,6,High Risk,Manual Review
125997076,12000.0, 60 months,28.72,F,F1,2 years,MORTGAGE,53000.0,Verified,debt_consolidation,GA,32.27,0.0,720.0,724.0,0.0,34.4,43.0,Joint App,5,High Risk,Manual Review
125925950,35000.0, 60 months,30.79,G,G1,1 year,OWN,35000.0,Not Verified,debt_consolidation,TX,115.18,0.0,745.0,749.0,0.0,67.7,17.0,Joint App,5,High Risk,Manual Review
126119499,10000.0, 60 months,25.82,E,E4,,RENT,28000.0,Verified,debt_consolidation,NC,39.56,0.0,700.0,704.0,1.0,81.7,16.0,Individual,6,High Risk,Manual Review
126166578,12000.0, 60 months,28.72,F,F1,10+ years,MORTGAGE,60000.0,Source Verified,debt_consolidation,PA,33.85,0.0,690.0,694.0,0.0,84.1,21.0,Individual,6,High Risk,Manual Review
126171887,26400.0, 60 months,25.82,E,E4,10+ years,MORTGAGE,66000.0,Not Verified,credit_card,TN,38.68,0.0,735.0,739.0,0.0,52.3,22.0,Individual,5,High Risk,Manual Review
125113040,4200.0, 36 months,30.89,G,G3,,RENT,14004.0,Verified,debt_consolidation,MN,14.91,1.0,660.0,664.0,0.0,101.0,4.0,Individual,5,High Risk,Manual Review
126073500,12000.0, 60 months,25.82,E,E4,,OWN,11148.0,Verified,debt_consolidation,FL,40.47,0.0,660.0,664.0,0.0,43.3,17.0,Joint App,5,High Risk,Manual Review
125792860,40000.0, 60 months,24.85,E,E3,< 1 year,RENT,93000.0,Verified,debt_consolidation,CA,41.52,0.0,685.0,689.0,0.0,72.9,31.0,Joint App,5,High Risk,Manual Review
126125083,4500.0, 36 months,23.88,E,E2,< 1 year,RENT,28080.0,Source Verified,debt_consolidation,FL,31.41,0.0,700.0,704.0,1.0,28.1,15.0,Individual,5,High Risk,Manual Review
126125671,35000.0, 60 months,25.82,E,E4,10+ years,RENT,88500.0,Verified,debt_consolidation,CA,30.48,0.0,670.0,674.0,0.0,58.0,21.0,Individual,5,High Risk,Manual Review
124994978,6000.0, 36 months,22.91,E,E1,< 1 year,MORTGAGE,73125.0,Verified,credit_card,WA,33.09,0.0,685.0,689.0,1.0,75.9,37.0,Individual,5,High Risk,Manual Review
125905952,25000.0, 60 months,30.75,F,F5,4 years,RENT,62997.0,Not Verified,credit_card,FL,33.78,0.0,705.0,709.0,0.0,54.7,20.0,Individual,5,High Risk,Manual Review
126161180,16000.0, 60 months,23.88,E,E2,10+ years,RENT,38000.0,Source Verified,credit_card,CA,34.63,0.0,715.0,719.0,1.0,57.5,28.0,Individual,5,High Risk,Manual Review
125352912,12800.0, 60 months,26.3,E,E5,10+ years,MORTGAGE,32000.0,Verified,debt_consolidation,ME,49.29,0.0,705.0,709.0,3.0,37.0,25.0,Joint App,5,High Risk,Manual Review
125730418,10000.0, 60 months,26.3,E,E5,,MORTGAGE,16500.0,Verified,debt_consolidation,AZ,69.38,1.0,675.0,679.0,0.0,82.5,16.0,Joint App,7,High Risk,Manual Review
126027128,2500.0, 36 months,22.91,E,E1,10+ years,OWN,58200.0,Verified,other,TX,34.02,0.0,670.0,674.0,0.0,66.5,39.0,Individual,5,High Risk,Manual Review
126102726,3000.0, 36 months,26.3,E,E5,3 years,RENT,27500.0,Source Verified,major_purchase,RI,43.77,1.0,715.0,719.0,1.0,12.4,24.0,Joint App,6,High Risk,Manual Review
126058239,40000.0, 60 months,25.82,E,E4,8 years,OWN,80000.0,Verified,debt_consolidation,FL,37.58,0.0,695.0,699.0,0.0,58.1,22.0,Joint App,5,High Risk,Manual Review
125858434,19250.0, 60 months,23.88,E,E2,10+ years,MORTGAGE,42576.0,Verified,other,NC,38.66,0.0,735.0,739.0,0.0,66.7,27.0,Individual,5,High Risk,Manual Review
125985914,20000.0, 60 months,30.99,G,G5,10+ years,MORTGAGE,95000.0,Source Verified,debt_consolidation,WI,38.19,1.0,695.0,699.0,1.0,69.0,18.0,Individual,6,High Risk,Manual Review
125990295,21200.0, 36 months,22.91,E,E1,5 years,RENT,65000.0,Verified,small_business,NY,32.29,1.0,660.0,664.0,0.0,59.0,14.0,Individual,6,High Risk,Manual Review
126128546,25000.0, 60 months,24.85,E,E3,,MORTGAGE,78236.0,Not Verified,debt_consolidation,TX,38.24,3.0,690.0,694.0,1.0,80.4,41.0,Individual,7,High Risk,Manual Review
125912799,2150.0, 36 months,24.85,E,E3,1 year,MORTGAGE,73000.0,Not Verified,debt_consolidation,TN,25.15,1.0,690.0,694.0,0.0,88.7,19.0,Joint App,5,High Risk,Manual Review
126019377,16000.0, 36 months,22.91,E,E1,10+ years,RENT,50000.0,Verified,debt_consolidation,NY,46.83,0.0,675.0,679.0,0.0,60.5,18.0,Joint App,5,High Risk,Manual Review
125909550,30000.0, 60 months,30.17,F,F3,5 years,RENT,35000.0,Verified,debt_consolidation,TN,46.3,0.0,660.0,664.0,0.0,67.0,24.0,Joint App,5,High Risk,Manual Review
125893238,10000.0, 60 months,23.88,E,E2,10+ years,RENT,84500.0,Verified,debt_consolidation,NJ,30.39,0.0,700.0,704.0,4.0,81.0,20.0,Individual,6,High Risk,Manual Review
125865579,7200.0, 36 months,23.88,E,E2,4 years,MORTGAGE,55000.0,Verified,home_improvement,MO,32.18,0.0,675.0,679.0,1.0,16.3,18.0,Individual,5,High Risk,Manual Review
125076687,9700.0, 36 months,22.91,E,E1,5 years,RENT,34000.0,Verified,debt_consolidation,VT,21.36,1.0,670.0,674.0,1.0,80.2,16.0,Individual,5,High Risk,Manual Review
125890748,11925.0, 60 months,30.94,G,G4,5 years,RENT,40000.0,Verified,debt_consolidation,FL,30.39,0.0,665.0,669.0,1.0,97.0,12.0,Individual,6,High Risk,Manual Review
124997502,35000.0, 36 months,23.88,E,E2,< 1 year,MORTGAGE,115000.0,Verified,credit_card,NJ,41.55,4.0,660.0,664.0,1.0,65.1,44.0,Joint App,6,High Risk,Manual Review
124724787,35000.0, 60 months,22.91,E,E1,10+ years,MORTGAGE,90000.0,Verified,debt_consolidation,MA,25.55,2.0,660.0,664.0,0.0,83.0,24.0,Individual,5,High Risk,Manual Review
126106446,12000.0, 60 months,28.72,F,F1,7 years,RENT,50000.0,Not Verified,debt_consolidation,MI,38.89,0.0,675.0,679.0,0.0,65.8,26.0,Individual,5,High Risk,Manual Review
126064463,10000.0, 60 months,23.88,E,E2,10+ years,MORTGAGE,102000.0,Verified,debt_consolidation,VA,24.86,2.0,660.0,664.0,1.0,84.0,25.0,Individual,5,High Risk,Manual Review
125627053,6600.0, 36 months,17.09,D,D1,,MORTGAGE,34800.0,Verified,debt_consolidation,LA,32.52,2.0,665.0,669.0,1.0,91.0,16.0,Individual,5,High Risk,Manual Review
125034436,10000.0, 60 months,24.85,E,E3,6 years,MORTGAGE,42000.0,Verified,credit_card,OK,33.23,0.0,660.0,664.0,0.0,77.0,28.0,Individual,5,High Risk,Manual Review
125279471,5000.0, 36 months,24.85,E,E3,2 years,RENT,21000.0,Verified,debt_consolidation,FL,42.74,0.0,675.0,679.0,1.0,72.4,10.0,Joint App,5,High Risk,Manual Review
125755414,10500.0, 60 months,28.72,F,F1,1 year,RENT,86000.0,Verified,major_purchase,GA,30.25,0.0,680.0,684.0,0.0,97.1,18.0,Individual,6,High Risk,Manual Review
125827605,26250.0, 36 months,26.3,E,E5,10+ years,RENT,52000.0,Verified,debt_consolidation,CA,38.14,0.0,720.0,724.0,0.0,52.6,23.0,Joint App,5,High Risk,Manual Review
125834595,5400.0, 36 months,18.06,D,D2,,RENT,18000.0,Verified,credit_card,TX,33.73,2.0,695.0,699.0,0.0,82.0,10.0,Individual,5,High Risk,Manual Review
125833499,30000.0, 60 months,22.91,E,E1,10+ years,RENT,160000.0,Verified,small_business,CA,15.89,1.0,660.0,664.0,0.0,88.0,22.0,Individual,5,High Risk,Manual Review
126087016,12000.0, 60 months,26.3,E,E5,4 years,RENT,51000.0,Verified,debt_consolidation,CO,33.76,0.0,660.0,664.0,1.0,67.8,35.0,Individual,5,High Risk,Manual Review
125808079,16000.0, 60 months,30.79,G,G1,,MORTGAGE,13000.0,Verified,debt_consolidation,CA,56.01,0.0,670.0,674.0,0.0,65.8,6.0,Joint App,5,High Risk,Manual Review
126052429,20000.0, 60 months,30.79,G,G1,,RENT,1000.0,Not Verified,major_purchase,OK,277.11,1.0,670.0,674.0,3.0,42.6,7.0,Joint App,6,High Risk,Manual Review
125755621,40000.0, 60 months,29.69,F,F2,10+ years,OWN,64000.0,Verified,debt_consolidation,TX,49.9,1.0,715.0,719.0,0.0,55.0,36.0,Joint App,6,High Risk,Manual Review
125957076,20000.0, 60 months,23.88,E,E2,1 year,MORTGAGE,40000.0,Verified,debt_consolidation,TN,34.99,0.0,695.0,699.0,0.0,63.3,13.0,Individual,5,High Risk,Manual Review
126086663,32500.0, 60 months,23.88,E,E2,10+ years,OWN,40000.0,Source Verified,home_improvement,TX,37.18,0.0,710.0,714.0,1.0,20.0,17.0,Joint App,5,High Risk,Manual Review
126019449,28000.0, 60 months,17.09,D,D1,3 years,MORTGAGE,40000.0,Source Verified,credit_card,OR,61.72,1.0,670.0,674.0,1.0,89.7,16.0,Joint App,5,High Risk,Manual Review
125987404,7000.0, 36 months,23.88,E,E2,1 year,OWN,20000.0,Verified,moving,PA,53.24,0.0,690.0,694.0,0.0,39.5,16.0,Joint App,5,High Risk,Manual Review
125971655,1600.0, 36 months,25.82,E,E4,4 years,RENT,77000.0,Source Verified,vacation,TX,34.65,0.0,700.0,704.0,0.0,57.0,34.0,Individual,5,High Risk,Manual Review
125960177,8000.0, 36 months,16.02,C,C5,7 years,MORTGAGE,35000.0,Not Verified,debt_consolidation,CO,59.43,1.0,690.0,694.0,2.0,97.2,40.0,Joint App,5,High Risk,Manual Review
126084724,13000.0, 60 months,25.82,E,E4,6 years,RENT,58000.0,Source Verified,debt_consolidation,CA,30.67,0.0,695.0,699.0,0.0,34.8,28.0,Individual,5,High Risk,Manual Review
126085139,14400.0, 60 months,24.85,E,E3,5 years,OWN,35000.0,Verified,credit_card,NY,30.76,0.0,690.0,694.0,0.0,59.1,21.0,Individual,5,High Risk,Manual Review
125923798,16000.0, 60 months,23.88,E,E2,7 years,MORTGAGE,65000.0,Verified,debt_consolidation,TX,33.64,0.0,705.0,709.0,0.0,95.1,12.0,Individual,6,High Risk,Manual Review
125463551,30000.0, 60 months,25.82,E,E4,8 years,MORTGAGE,84000.0,Source Verified,car,AK,21.67,1.0,660.0,664.0,0.0,85.4,13.0,Individual,5,High Risk,Manual Review
125847931,15800.0, 36 months,23.88,E,E2,4 years,RENT,120000.0,Not Verified,small_business,SC,33.09,0.0,675.0,679.0,1.0,35.7,34.0,Individual,5,High Risk,Manual Review
125316125,20000.0, 60 months,26.3,E,E5,1 year,MORTGAGE,49500.0,Source Verified,debt_consolidation,VA,35.15,0.0,685.0,689.0,0.0,58.0,45.0,Joint App,5,High Risk,Manual Review
125291966,11000.0, 60 months,24.85,E,E3,< 1 year,RENT,26000.0,Not Verified,debt_consolidation,FL,31.67,0.0,700.0,704.0,1.0,35.7,17.0,Individual,5,High Risk,Manual Review
125807315,35000.0, 36 months,24.85,E,E3,6 years,MORTGAGE,32000.0,Verified,debt_consolidation,NM,62.34,0.0,705.0,709.0,0.0,86.1,12.0,Joint App,6,High Risk,Manual Review
126072177,20000.0, 60 months,25.82,E,E4,4 years,MORTGAGE,81600.0,Not Verified,credit_card,MD,34.43,0.0,705.0,709.0,2.0,44.8,48.0,Individual,5,High Risk,Manual Review
125926078,35000.0, 60 months,26.3,E,E5,10+ years,MORTGAGE,31200.0,Verified,debt_consolidation,CO,46.42,0.0,675.0,679.0,0.0,77.8,18.0,Joint App,5,High Risk,Manual Review
125820268,6000.0, 36 months,22.91,E,E1,2 years,RENT,64000.0,Verified,small_business,MD,33.9,1.0,690.0,694.0,2.0,47.4,12.0,Individual,6,High Risk,Manual Review
124000715,14000.0, 60 months,28.72,F,F1,6 years,RENT,49858.0,Verified,debt_consolidation,NY,30.66,0.0,720.0,724.0,1.0,30.9,35.0,Individual,5,High Risk,Manual Review
125834324,11825.0, 60 months,30.79,G,G1,,MORTGAGE,25000.0,Verified,debt_consolidation,WY,40.66,0.0,705.0,709.0,0.0,64.5,24.0,Joint App,5,High Risk,Manual Review
125039958,35000.0, 36 months,25.82,E,E4,10+ years,MORTGAGE,15000.0,Verified,debt_consolidation,MI,99.12,0.0,660.0,664.0,1.0,55.2,22.0,Joint App,5,High Risk,Manual Review
126042442,35000.0, 36 months,26.3,E,E5,10+ years,RENT,60000.0,Not Verified,debt_consolidation,FL,33.06,0.0,705.0,709.0,0.0,51.9,20.0,Joint App,5,High Risk,Manual Review
125846245,16000.0, 60 months,25.82,E,E4,7 years,MORTGAGE,71000.0,Verified,other,OH,30.49,0.0,685.0,689.0,0.0,47.7,46.0,Individual,5,High Risk,Manual Review
125827470,20000.0, 60 months,30.17,F,F3,< 1 year,RENT,22000.0,Verified,debt_consolidation,FL,66.08,0.0,690.0,694.0,0.0,39.5,31.0,Joint App,5,High Risk,Manual Review
125993919,6000.0, 36 months,23.88,E,E2,5 years,MORTGAGE,35000.0,Source Verified,debt_consolidation,AL,69.17,0.0,700.0,704.0,0.0,79.8,12.0,Joint App,5,High Risk,Manual Review
125637587,15000.0, 60 months,28.72,F,F1,10+ years,RENT,85000.0,Source Verified,debt_consolidation,CA,17.41,1.0,665.0,669.0,1.0,91.2,22.0,Individual,5,High Risk,Manual Review
125845648,5050.0, 36 months,25.82,E,E4,2 years,RENT,4000.0,Verified,credit_card,ND,59.46,0.0,745.0,749.0,0.0,0.0,5.0,Joint App,5,High Risk,Manual Review
125985061,5000.0, 36 months,23.88,E,E2,10+ years,MORTGAGE,34000.0,Source Verified,other,TX,39.64,0.0,685.0,689.0,1.0,76.8,12.0,Individual,5,High Risk,Manual Review
124143088,13200.0, 60 months,26.3,E,E5,10+ years,OWN,45600.0,Verified,credit_card,MN,32.13,0.0,685.0,689.0,0.0,94.0,22.0,Individual,6,High Risk,Manual Review
125789410,16000.0, 36 months,24.85,E,E3,10+ years,MORTGAGE,90000.0,Verified,debt_consolidation,NY,39.74,1.0,670.0,674.0,1.0,84.8,47.0,Joint App,7,High Risk,Manual Review
125624548,20000.0, 60 months,25.82,E,E4,,OWN,37000.0,Not Verified,debt_consolidation,KS,31.95,3.0,710.0,714.0,0.0,31.9,33.0,Individual,6,High Risk,Manual Review
125765119,15000.0, 36 months,23.88,E,E2,,RENT,12000.0,Source Verified,debt_consolidation,CO,69.9,0.0,660.0,664.0,0.0,70.8,22.0,Joint App,5,High Risk,Manual Review
125310837,10200.0, 60 months,30.17,F,F3,10+ years,MORTGAGE,64000.0,Not Verified,credit_card,TN,35.18,0.0,695.0,699.0,0.0,57.5,18.0,Individual,5,High Risk,Manual Review
125864885,20000.0, 60 months,24.85,E,E3,3 years,RENT,49368.0,Source Verified,debt_consolidation,CA,36.77,0.0,735.0,739.0,1.0,33.1,16.0,Individual,5,High Risk,Manual Review
125890721,16000.0, 60 months,24.85,E,E3,9 years,MORTGAGE,10000.0,Source Verified,debt_consolidation,PA,55.91,2.0,680.0,684.0,1.0,29.5,16.0,Joint App,6,High Risk,Manual Review
125991778,10000.0, 60 months,24.85,E,E3,10+ years,RENT,65000.0,Source Verified,debt_consolidation,NJ,33.12,0.0,710.0,714.0,1.0,65.5,25.0,Individual,5,High Risk,Manual Review
125969499,30000.0, 60 months,23.88,E,E2,10+ years,OWN,84000.0,Verified,debt_consolidation,WA,32.99,2.0,665.0,669.0,0.0,86.3,19.0,Individual,7,High Risk,Manual Review
125918410,14000.0, 60 months,25.82,E,E4,10+ years,MORTGAGE,70000.0,Source Verified,debt_consolidation,MI,34.85,2.0,665.0,669.0,1.0,61.4,29.0,Joint App,6,High Risk,Manual Review
123000376,24000.0, 36 months,18.06,D,D2,3 years,RENT,13000.0,Source Verified,medical,CA,62.19,3.0,670.0,674.0,0.0,87.5,25.0,Joint App,5,High Risk,Manual Review
125377196,5525.0, 36 months,22.91,E,E1,5 years,MORTGAGE,15800.0,Source Verified,other,NJ,31.16,0.0,715.0,719.0,0.0,41.8,25.0,Joint App,5,High Risk,Manual Review
125917210,24075.0, 60 months,28.72,F,F1,10+ years,RENT,55993.0,Verified,debt_consolidation,AZ,35.04,0.0,680.0,684.0,0.0,50.8,41.0,Individual,5,High Risk,Manual Review
125554474,10000.0, 60 months,23.88,E,E2,5 years,MORTGAGE,64000.0,Verified,debt_consolidation,WA,34.3,1.0,680.0,684.0,0.0,85.3,29.0,Individual,7,High Risk,Manual Review
126023058,30000.0, 60 months,20.0,D,D4,10+ years,OWN,95004.0,Source Verified,debt_consolidation,TX,33.35,8.0,670.0,674.0,0.0,81.1,31.0,Individual,5,High Risk,Manual Review
125509701,8000.0, 36 months,22.91,E,E1,1 year,OWN,28300.0,Verified,debt_consolidation,FL,33.08,0.0,690.0,694.0,1.0,47.3,22.0,Joint App,5,High Risk,Manual Review
124889825,16000.0, 60 months,24.85,E,E3,2 years,OWN,50000.0,Verified,debt_consolidation,NC,38.86,0.0,670.0,674.0,0.0,94.5,17.0,Individual,6,High Risk,Manual Review
125486823,27600.0, 60 months,28.72,F,F1,10+ years,MORTGAGE,72038.0,Not Verified,debt_consolidation,CA,43.39,0.0,700.0,704.0,0.0,52.1,43.0,Joint App,5,High Risk,Manual Review
125185815,20025.0, 60 months,24.85,E,E3,< 1 year,MORTGAGE,40000.0,Verified,debt_consolidation,VA,30.36,0.0,665.0,669.0,0.0,79.3,14.0,Individual,5,High Risk,Manual Review
125865070,27500.0, 60 months,24.85,E,E3,,MORTGAGE,31992.0,Verified,other,NY,47.75,0.0,695.0,699.0,1.0,28.1,28.0,Joint App,5,High Risk,Manual Review
125828667,30000.0, 60 months,23.88,E,E2,10+ years,OWN,95000.0,Verified,debt_consolidation,VA,31.96,1.0,670.0,674.0,3.0,57.0,17.0,Individual,6,High Risk,Manual Review
125293516,35000.0, 60 months,26.3,E,E5,1 year,MORTGAGE,3000.0,Verified,small_business,IL,107.6,0.0,745.0,749.0,0.0,31.7,16.0,Joint App,5,High Risk,Manual Review
125971821,16000.0, 60 months,21.45,D,D5,7 years,MORTGAGE,110000.0,Verified,debt_consolidation,WY,30.44,1.0,675.0,679.0,0.0,85.8,33.0,Individual,5,High Risk,Manual Review
125988461,35000.0, 60 months,29.69,F,F2,5 years,MORTGAGE,58000.0,Verified,debt_consolidation,IL,44.44,0.0,685.0,689.0,0.0,63.0,25.0,Joint App,5,High Risk,Manual Review
125969619,10000.0, 60 months,25.82,E,E4,6 years,RENT,60000.0,Not Verified,debt_consolidation,TX,38.03,0.0,680.0,684.0,0.0,73.4,6.0,Individual,5,High Risk,Manual Review
125945345,35000.0, 60 months,25.82,E,E4,6 years,RENT,90000.0,Verified,debt_consolidation,OK,32.35,0.0,665.0,669.0,2.0,58.0,28.0,Individual,5,High Risk,Manual Review
125824552,14400.0, 60 months,24.85,E,E3,10+ years,OWN,38000.0,Verified,home_improvement,FL,47.88,0.0,670.0,674.0,1.0,86.0,18.0,Joint App,6,High Risk,Manual Review
125868657,15000.0, 60 months,24.85,E,E3,5 years,MORTGAGE,81869.0,Verified,credit_card,KY,36.88,1.0,670.0,674.0,1.0,67.0,23.0,Joint App,6,High Risk,Manual Review
125464280,12800.0, 60 months,30.65,F,F4,10+ years,RENT,5000.0,Verified,other,CA,159.79,0.0,670.0,674.0,1.0,49.1,25.0,Joint App,5,High Risk,Manual Review
125915828,16500.0, 60 months,30.65,F,F4,9 years,RENT,53500.0,Verified,debt_consolidation,MT,32.5,0.0,670.0,674.0,0.0,34.0,33.0,Individual,5,High Risk,Manual Review
125880822,16000.0, 60 months,23.88,E,E2,8 years,MORTGAGE,65000.0,Verified,debt_consolidation,OR,30.69,4.0,670.0,674.0,0.0,90.5,42.0,Individual,7,High Risk,Manual Review
125907928,24000.0, 60 months,28.72,F,F1,9 years,MORTGAGE,88000.0,Source Verified,debt_consolidation,OH,34.29,0.0,700.0,704.0,0.0,60.6,81.0,Individual,5,High Risk,Manual Review
125787606,18000.0, 60 months,23.88,E,E2,8 years,MORTGAGE,43200.0,Verified,home_improvement,VA,34.06,0.0,675.0,679.0,0.0,61.0,13.0,Individual,5,High Risk,Manual Review
125764742,17725.0, 60 months,30.79,G,G1,8 years,MORTGAGE,102000.0,Source Verified,debt_consolidation,NC,39.52,1.0,690.0,694.0,0.0,54.5,26.0,Individual,6,High Risk,Manual Review
125563303,12000.0, 60 months,26.3,E,E5,3 years,RENT,43500.0,Verified,debt_consolidation,IL,30.54,0.0,690.0,694.0,1.0,37.0,28.0,Joint App,5,High Risk,Manual Review
124947611,19175.0, 36 months,26.3,E,E5,5 years,OWN,48000.0,Not Verified,credit_card,GA,34.65,0.0,700.0,704.0,0.0,49.0,11.0,Individual,5,High Risk,Manual Review
125791006,2400.0, 36 months,26.3,E,E5,2 years,RENT,140000.0,Verified,vacation,TX,31.4,0.0,660.0,664.0,3.0,83.0,51.0,Individual,6,High Risk,Manual Review
125889694,23150.0, 60 months,30.79,G,G1,10+ years,MORTGAGE,51000.0,Source Verified,debt_consolidation,TX,38.23,1.0,685.0,689.0,0.0,69.7,39.0,Joint App,6,High Risk,Manual Review
125689015,12400.0, 36 months,24.85,E,E3,8 years,RENT,35000.0,Source Verified,debt_consolidation,MN,30.59,0.0,710.0,714.0,1.0,27.8,37.0,Individual,5,High Risk,Manual Review
125736876,25000.0, 60 months,26.3,E,E5,4 years,MORTGAGE,51300.0,Verified,debt_consolidation,NY,44.7,0.0,680.0,684.0,0.0,61.6,70.0,Joint App,5,High Risk,Manual Review
125882932,25000.0, 36 months,25.82,E,E4,10+ years,RENT,115000.0,Verified,debt_consolidation,MI,38.99,0.0,725.0,729.0,0.0,78.1,16.0,Individual,5,High Risk,Manual Review
122672142,18000.0, 60 months,23.88,E,E2,5 years,RENT,42500.0,Verified,debt_consolidation,KS,37.0,0.0,690.0,694.0,0.0,94.2,13.0,Individual,6,High Risk,Manual Review
125690962,16000.0, 60 months,24.85,E,E3,10+ years,MORTGAGE,45950.0,Verified,debt_consolidation,VA,46.8,0.0,670.0,674.0,0.0,75.1,35.0,Joint App,5,High Risk,Manual Review
125907795,12575.0, 60 months,28.72,F,F1,,RENT,16440.0,Verified,debt_consolidation,PA,49.27,0.0,670.0,674.0,0.0,69.7,16.0,Joint App,5,High Risk,Manual Review
125916364,3950.0, 36 months,28.72,F,F1,< 1 year,RENT,32000.0,Verified,debt_consolidation,MI,30.12,0.0,660.0,664.0,3.0,47.0,20.0,Individual,5,High Risk,Manual Review
125913551,12000.0, 60 months,16.02,C,C5,10+ years,MORTGAGE,67000.0,Not Verified,other,PA,30.09,1.0,670.0,674.0,0.0,93.0,20.0,Individual,5,High Risk,Manual Review
125852121,10425.0, 36 months,22.91,E,E1,,RENT,18442.8,Verified,debt_consolidation,KS,44.79,1.0,675.0,679.0,1.0,61.8,12.0,Joint App,6,High Risk,Manual Review
125856824,15800.0, 36 months,25.82,E,E4,10+ years,MORTGAGE,40000.0,Verified,debt_consolidation,TN,35.85,0.0,675.0,679.0,0.0,106.3,25.0,Individual,6,High Risk,Manual Review
125857564,12000.0, 36 months,23.88,E,E2,10+ years,MORTGAGE,75000.0,Not Verified,debt_consolidation,VA,31.79,0.0,660.0,664.0,1.0,36.8,52.0,Individual,5,High Risk,Manual Review
125759249,25000.0, 60 months,25.82,E,E4,10+ years,RENT,92000.0,Verified,credit_card,NY,34.75,0.0,695.0,699.0,0.0,91.9,13.0,Individual,6,High Risk,Manual Review
125879984,15000.0, 60 months,26.3,E,E5,7 years,MORTGAGE,30000.0,Not Verified,debt_consolidation,TN,32.68,0.0,700.0,704.0,1.0,20.6,16.0,Joint App,5,High Risk,Manual Review
125729237,16800.0, 36 months,22.91,E,E1,10+ years,OWN,35000.0,Source Verified,debt_consolidation,CA,35.05,0.0,705.0,709.0,0.0,51.8,14.0,Individual,5,High Risk,Manual Review
125498621,18925.0, 60 months,30.79,G,G1,7 years,MORTGAGE,81000.0,Not Verified,debt_consolidation,NM,33.75,0.0,725.0,729.0,0.0,83.5,28.0,Individual,6,High Risk,Manual Review
125275929,16000.0, 60 months,26.3,E,E5,,MORTGAGE,500.0,Not Verified,credit_card,UT,941.46,0.0,710.0,714.0,0.0,94.0,6.0,Joint App,6,High Risk,Manual Review
125715038,2000.0, 36 months,24.85,E,E3,10+ years,RENT,52800.0,Source Verified,vacation,AK,36.43,1.0,665.0,669.0,0.0,86.3,33.0,Individual,7,High Risk,Manual Review
125152694,26600.0, 60 months,23.88,E,E2,1 year,RENT,100000.0,Verified,debt_consolidation,CA,32.97,0.0,705.0,709.0,1.0,61.2,20.0,Individual,5,High Risk,Manual Review
125696787,24000.0, 60 months,25.82,E,E4,10+ years,MORTGAGE,55000.0,Source Verified,debt_consolidation,AL,32.66,0.0,695.0,699.0,1.0,78.6,31.0,Joint App,5,High Risk,Manual Review
125292039,21850.0, 60 months,23.88,E,E2,3 years,RENT,80000.0,Source Verified,credit_card,MI,31.0,0.0,740.0,744.0,0.0,61.3,13.0,Individual,5,High Risk,Manual Review
125865484,16000.0, 60 months,26.3,E,E5,< 1 year,OWN,75000.0,Verified,debt_consolidation,NY,33.26,0.0,725.0,729.0,2.0,19.2,60.0,Individual,5,High Risk,Manual Review
125867607,28000.0, 60 months,29.69,F,F2,4 years,RENT,84500.0,Not Verified,credit_card,NV,30.2,0.0,675.0,679.0,0.0,84.1,20.0,Joint App,6,High Risk,Manual Review
125468728,19825.0, 60 months,28.72,F,F1,3 years,RENT,44000.0,Verified,debt_consolidation,MN,32.65,0.0,660.0,664.0,1.0,2.0,27.0,Individual,5,High Risk,Manual Review
125641508,25000.0, 60 months,23.88,E,E2,10+ years,MORTGAGE,83500.0,Verified,debt_consolidation,PA,15.71,2.0,660.0,664.0,2.0,90.3,19.0,Joint App,5,High Risk,Manual Review
125803256,30000.0, 36 months,26.3,E,E5,,MORTGAGE,34000.0,Verified,debt_consolidation,PA,61.91,0.0,700.0,704.0,0.0,68.1,23.0,Joint App,5,High Risk,Manual Review
125802089,30000.0, 60 months,23.88,E,E2,8 years,MORTGAGE,50000.0,Not Verified,debt_consolidation,LA,54.15,0.0,680.0,684.0,2.0,38.3,42.0,Joint App,5,High Risk,Manual Review
125791592,15000.0, 36 months,23.88,E,E2,5 years,RENT,60000.0,Source Verified,debt_consolidation,NV,34.06,0.0,675.0,679.0,0.0,54.8,27.0,Joint App,5,High Risk,Manual Review
125853766,10800.0, 60 months,26.3,E,E5,10+ years,MORTGAGE,60549.0,Verified,debt_consolidation,FL,36.75,1.0,695.0,699.0,1.0,33.6,63.0,Individual,6,High Risk,Manual Review
125845628,14400.0, 60 months,24.85,E,E3,4 years,RENT,47000.0,Verified,debt_consolidation,TX,31.92,0.0,670.0,674.0,0.0,72.9,18.0,Individual,5,High Risk,Manual Review
125701281,20850.0, 60 months,30.89,G,G3,10+ years,RENT,55550.0,Verified,debt_consolidation,KS,33.27,0.0,675.0,679.0,1.0,63.0,31.0,Individual,5,High Risk,Manual Review
125793733,20000.0, 60 months,26.3,E,E5,8 years,RENT,60000.0,Verified,debt_consolidation,IL,36.9,0.0,685.0,689.0,0.0,84.6,22.0,Individual,6,High Risk,Manual Review
125710281,8000.0, 36 months,24.85,E,E3,3 years,MORTGAGE,40000.0,Source Verified,debt_consolidation,IN,34.02,0.0,675.0,679.0,1.0,50.4,55.0,Individual,5,High Risk,Manual Review
125752299,12000.0, 60 months,29.69,F,F2,10+ years,MORTGAGE,48000.0,Verified,debt_consolidation,NC,42.25,0.0,710.0,714.0,3.0,44.8,48.0,Joint App,5,High Risk,Manual Review
125851479,35000.0, 60 months,22.91,E,E1,3 years,RENT,98000.0,Verified,debt_consolidation,VA,30.9,5.0,685.0,689.0,2.0,58.0,36.0,Individual,6,High Risk,Manual Review
125856043,12000.0, 60 months,23.88,E,E2,7 years,MORTGAGE,37000.0,Source Verified,debt_consolidation,AL,37.04,0.0,755.0,759.0,0.0,54.8,13.0,Joint App,5,High Risk,Manual Review
125622455,20000.0, 60 months,30.17,F,F3,2 years,MORTGAGE,66000.0,Source Verified,debt_consolidation,LA,30.98,0.0,695.0,699.0,0.0,60.6,49.0,Individual,5,High Risk,Manual Review
125735020,15200.0, 36 months,26.3,E,E5,10+ years,MORTGAGE,141000.0,Source Verified,other,OH,35.71,0.0,715.0,719.0,2.0,59.3,41.0,Individual,5,High Risk,Manual Review
124142896,10000.0, 60 months,25.82,E,E4,,RENT,23971.0,Verified,debt_consolidation,MI,35.35,0.0,690.0,694.0,0.0,75.0,16.0,Individual,5,High Risk,Manual Review
125848902,17300.0, 60 months,30.17,F,F3,10+ years,MORTGAGE,28000.0,Not Verified,debt_consolidation,VA,88.64,0.0,685.0,689.0,1.0,57.0,45.0,Joint App,5,High Risk,Manual Review
125816471,24600.0, 36 months,25.82,E,E4,< 1 year,MORTGAGE,125000.0,Verified,debt_consolidation,GA,36.81,0.0,685.0,689.0,1.0,73.7,58.0,Individual,5,High Risk,Manual Review
124882947,12000.0, 36 months,22.91,E,E1,10+ years,OWN,42000.0,Not Verified,home_improvement,TX,47.66,3.0,680.0,684.0,0.0,49.7,17.0,Joint App,6,High Risk,Manual Review
125815543,16000.0, 60 months,28.72,F,F1,10+ years,RENT,93000.0,Verified,major_purchase,TX,38.0,1.0,705.0,709.0,0.0,77.1,27.0,Individual,6,High Risk,Manual Review
125773120,1000.0, 36 months,23.88,E,E2,10+ years,MORTGAGE,36000.0,Source Verified,other,CO,39.33,0.0,670.0,674.0,0.0,85.0,11.0,Individual,6,High Risk,Manual Review
125119322,20000.0, 60 months,28.72,F,F1,2 years,MORTGAGE,127500.0,Verified,debt_consolidation,TX,49.55,0.0,705.0,709.0,3.0,36.0,29.0,Joint App,5,High Risk,Manual Review
124123124,20400.0, 60 months,28.72,F,F1,< 1 year,MORTGAGE,53000.0,Verified,debt_consolidation,TX,30.66,0.0,665.0,669.0,1.0,39.3,22.0,Joint App,5,High Risk,Manual Review
122698257,14000.0, 60 months,30.79,G,G1,< 1 year,MORTGAGE,371000.0,Source Verified,debt_consolidation,VA,23.14,2.0,700.0,704.0,3.0,82.0,59.0,Individual,5,High Risk,Manual Review
125257485,1000.0, 36 months,22.91,E,E1,10+ years,OWN,55000.0,Source Verified,debt_consolidation,KY,35.71,3.0,670.0,674.0,1.0,39.2,38.0,Individual,6,High Risk,Manual Review
124887568,20000.0, 60 months,23.88,E,E2,5 years,RENT,38000.0,Source Verified,debt_consolidation,HI,33.58,0.0,695.0,699.0,0.0,51.7,12.0,Individual,5,High Risk,Manual Review
125690880,20000.0, 60 months,24.85,E,E3,10+ years,RENT,45000.0,Verified,debt_consolidation,AL,33.6,0.0,680.0,684.0,0.0,43.2,18.0,Joint App,5,High Risk,Manual Review
125753160,9250.0, 36 months,23.88,E,E2,7 years,RENT,33000.0,Verified,other,CA,32.62,0.0,685.0,689.0,0.0,96.0,11.0,Individual,6,High Risk,Manual Review
125472705,8000.0, 36 months,23.88,E,E2,10+ years,RENT,50000.0,Not Verified,debt_consolidation,NY,30.92,2.0,720.0,724.0,0.0,27.4,30.0,Joint App,6,High Risk,Manual Review
124862357,25000.0, 60 months,30.79,G,G1,8 years,MORTGAGE,144000.0,Verified,debt_consolidation,FL,37.97,0.0,715.0,719.0,0.0,77.0,43.0,Individual,5,High Risk,Manual Review
125561979,4500.0, 36 months,23.88,E,E2,1 year,RENT,40000.0,Verified,debt_consolidation,IN,55.24,4.0,670.0,674.0,1.0,0.0,25.0,Joint App,6,High Risk,Manual Review
125803174,14200.0, 36 months,26.3,E,E5,4 years,RENT,30000.0,Not Verified,debt_consolidation,FL,30.76,0.0,725.0,729.0,2.0,9.6,10.0,Joint App,5,High Risk,Manual Review
124913496,12000.0, 60 months,24.85,E,E3,6 years,MORTGAGE,25000.0,Verified,other,IN,41.67,0.0,715.0,719.0,2.0,66.1,24.0,Joint App,5,High Risk,Manual Review
125788402,6000.0, 36 months,24.85,E,E3,10+ years,MORTGAGE,15000.0,Verified,other,OH,157.2,0.0,715.0,719.0,0.0,88.2,22.0,Joint App,6,High Risk,Manual Review
125565985,11000.0, 60 months,30.65,F,F4,1 year,MORTGAGE,39500.0,Verified,debt_consolidation,MI,34.46,0.0,700.0,704.0,1.0,48.2,25.0,Individual,5,High Risk,Manual Review
125491663,11200.0, 60 months,29.69,F,F2,3 years,RENT,36000.0,Verified,debt_consolidation,SC,35.63,0.0,675.0,679.0,0.0,91.5,17.0,Joint App,6,High Risk,Manual Review
125599967,35000.0, 60 months,17.09,D,D1,,RENT,72000.0,Verified,other,TX,31.05,2.0,675.0,679.0,0.0,86.0,15.0,Individual,5,High Risk,Manual Review
125794919,16000.0, 60 months,24.85,E,E3,8 years,MORTGAGE,82000.0,Not Verified,major_purchase,NV,33.78,0.0,720.0,724.0,0.0,58.6,31.0,Individual,5,High Risk,Manual Review
125793231,13925.0, 60 months,30.17,F,F3,< 1 year,MORTGAGE,185000.0,Source Verified,debt_consolidation,AZ,32.03,0.0,695.0,699.0,1.0,78.7,32.0,Individual,5,High Risk,Manual Review
125599291,35000.0, 60 months,30.79,G,G1,10+ years,MORTGAGE,69000.0,Verified,debt_consolidation,OH,43.76,0.0,710.0,714.0,0.0,108.3,22.0,Joint App,6,High Risk,Manual Review
125140013,3600.0, 36 months,22.91,E,E1,10+ years,MORTGAGE,34400.0,Verified,debt_consolidation,OK,33.29,1.0,665.0,669.0,0.0,39.0,17.0,Individual,6,High Risk,Manual Review
125384913,40000.0, 36 months,26.3,E,E5,4 years,MORTGAGE,85000.0,Source Verified,debt_consolidation,KS,33.52,0.0,685.0,689.0,0.0,81.8,26.0,Joint App,6,High Risk,Manual Review
125764684,18000.0, 60 months,25.82,E,E4,6 years,OWN,85000.0,Not Verified,debt_consolidation,MS,37.24,0.0,685.0,689.0,0.0,66.9,23.0,Individual,5,High Risk,Manual Review
125082926,25000.0, 36 months,26.3,E,E5,10+ years,RENT,74000.0,Verified,credit_card,MT,32.55,0.0,705.0,709.0,1.0,82.8,31.0,Individual,6,High Risk,Manual Review
125348557,10000.0, 60 months,23.88,E,E2,4 years,MORTGAGE,30000.0,Verified,debt_consolidation,MN,35.0,0.0,665.0,669.0,0.0,67.6,15.0,Individual,5,High Risk,Manual Review
125695196,30000.0, 60 months,26.3,E,E5,5 years,MORTGAGE,72000.0,Source Verified,debt_consolidation,KS,54.95,0.0,670.0,674.0,1.0,93.9,31.0,Joint App,6,High Risk,Manual Review
125766399,11200.0, 60 months,25.82,E,E4,6 years,RENT,25000.0,Verified,credit_card,NY,29.45,2.0,670.0,674.0,0.0,80.9,9.0,Joint App,5,High Risk,Manual Review
125774575,28000.0, 36 months,20.0,D,D4,10+ years,OWN,83000.0,Verified,credit_card,NC,33.2,1.0,660.0,664.0,0.0,84.4,20.0,Individual,5,High Risk,Manual Review
125248045,18150.0, 36 months,26.3,E,E5,1 year,RENT,50000.0,Verified,debt_consolidation,MN,36.36,0.0,710.0,714.0,0.0,76.4,13.0,Individual,5,High Risk,Manual Review
125705736,15000.0, 60 months,25.82,E,E4,2 years,RENT,38000.0,Verified,debt_consolidation,PA,35.25,0.0,675.0,679.0,2.0,56.2,29.0,Joint App,5,High Risk,Manual Review
125515126,20000.0, 60 months,24.85,E,E3,4 years,RENT,45000.0,Verified,debt_consolidation,NC,32.19,0.0,690.0,694.0,1.0,95.4,9.0,Individual,6,High Risk,Manual Review
124958424,29700.0, 36 months,30.65,F,F4,10+ years,MORTGAGE,66000.0,Verified,debt_consolidation,GA,31.8,0.0,660.0,664.0,1.0,97.0,20.0,Individual,6,High Risk,Manual Review
125025276,31500.0, 60 months,30.17,F,F3,10+ years,MORTGAGE,40000.0,Verified,debt_consolidation,AL,40.32,2.0,710.0,714.0,0.0,74.2,29.0,Joint App,6,High Risk,Manual Review
125546166,35000.0, 60 months,30.17,F,F3,10+ years,RENT,98000.0,Verified,debt_consolidation,CA,30.79,0.0,660.0,664.0,3.0,63.0,23.0,Individual,5,High Risk,Manual Review
125380927,8200.0, 36 months,22.91,E,E1,10+ years,MORTGAGE,54000.0,Verified,debt_consolidation,PA,30.64,0.0,660.0,664.0,0.0,41.7,17.0,Individual,5,High Risk,Manual Review
125715865,26000.0, 60 months,23.88,E,E2,< 1 year,RENT,100.0,Not Verified,debt_consolidation,CA,999.0,0.0,680.0,684.0,2.0,43.3,12.0,Joint App,5,High Risk,Manual Review
125653936,16600.0, 36 months,24.85,E,E3,< 1 year,MORTGAGE,58000.0,Verified,debt_consolidation,KS,30.97,1.0,665.0,669.0,2.0,94.0,35.0,Individual,7,High Risk,Manual Review
125701669,15000.0, 60 months,26.3,E,E5,10+ years,RENT,30000.0,Verified,other,CA,33.64,0.0,730.0,734.0,1.0,34.4,6.0,Individual,5,High Risk,Manual Review
125581836,31575.0, 60 months,24.85,E,E3,10+ years,MORTGAGE,47000.0,Verified,credit_card,IL,55.21,0.0,690.0,694.0,1.0,95.4,15.0,Joint App,6,High Risk,Manual Review
125689323,15000.0, 60 months,26.3,E,E5,10+ years,RENT,68000.0,Source Verified,other,NY,37.63,0.0,710.0,714.0,0.0,68.0,40.0,Individual,5,High Risk,Manual Review
125737758,16000.0, 60 months,23.88,E,E2,6 years,RENT,140000.0,Not Verified,debt_consolidation,DC,33.65,0.0,675.0,679.0,0.0,92.7,21.0,Individual,6,High Risk,Manual Review
125351954,22175.0, 60 months,23.88,E,E2,4 years,MORTGAGE,65000.0,Not Verified,debt_consolidation,NV,32.92,0.0,660.0,664.0,0.0,40.5,26.0,Joint App,5,High Risk,Manual Review
125730768,25000.0, 36 months,16.02,C,C5,8 years,MORTGAGE,125000.0,Not Verified,debt_consolidation,TX,34.18,2.0,685.0,689.0,0.0,85.4,30.0,Individual,5,High Risk,Manual Review
124080316,12000.0, 36 months,24.85,E,E3,10+ years,OWN,36000.0,Source Verified,debt_consolidation,CO,38.97,2.0,675.0,679.0,1.0,34.9,40.0,Individual,6,High Risk,Manual Review
125204033,15000.0, 60 months,24.85,E,E3,3 years,MORTGAGE,45000.0,Verified,debt_consolidation,LA,30.02,0.0,715.0,719.0,3.0,24.3,17.0,Individual,5,High Risk,Manual Review
125060746,31975.0, 60 months,25.82,E,E4,4 years,MORTGAGE,52000.0,Verified,medical,TX,57.35,0.0,725.0,729.0,0.0,48.2,24.0,Joint App,5,High Risk,Manual Review
124112536,30000.0, 60 months,28.72,F,F1,,MORTGAGE,30000.0,Verified,debt_consolidation,AZ,62.96,0.0,680.0,684.0,1.0,38.6,24.0,Joint App,5,High Risk,Manual Review
125712397,32000.0, 60 months,16.02,C,C5,10+ years,MORTGAGE,58000.0,Not Verified,credit_card,IN,32.73,1.0,665.0,669.0,0.0,81.5,27.0,Joint App,5,High Risk,Manual Review
125232171,21000.0, 60 months,30.79,G,G1,2 years,MORTGAGE,40000.0,Verified,debt_consolidation,AR,34.26,0.0,695.0,699.0,0.0,42.6,12.0,Joint App,5,High Risk,Manual Review
125187855,15800.0, 60 months,22.91,E,E1,4 years,OWN,80000.0,Source Verified,debt_consolidation,OR,37.95,0.0,715.0,719.0,0.0,38.5,30.0,Individual,5,High Risk,Manual Review
125691669,25000.0, 60 months,24.85,E,E3,3 years,MORTGAGE,124000.0,Source Verified,debt_consolidation,AZ,13.27,1.0,680.0,684.0,0.0,80.2,18.0,Individual,5,High Risk,Manual Review
125107861,11850.0, 36 months,23.88,E,E2,10+ years,MORTGAGE,50000.0,Verified,debt_consolidation,MN,34.21,0.0,685.0,689.0,2.0,62.1,21.0,Joint App,5,High Risk,Manual Review
125485279,17000.0, 60 months,23.88,E,E2,1 year,MORTGAGE,50000.0,Verified,debt_consolidation,PA,34.42,1.0,690.0,694.0,3.0,74.3,24.0,Individual,6,High Risk,Manual Review
125514795,20000.0, 60 months,23.88,E,E2,2 years,RENT,46100.0,Not Verified,debt_consolidation,OH,33.48,0.0,680.0,684.0,0.0,66.6,31.0,Joint App,5,High Risk,Manual Review
125112107,25000.0, 36 months,25.82,E,E4,< 1 year,MORTGAGE,36000.0,Not Verified,debt_consolidation,FL,41.17,0.0,670.0,674.0,0.0,62.7,20.0,Joint App,5,High Risk,Manual Review
124896779,7000.0, 36 months,22.91,E,E1,4 years,OWN,150000.0,Verified,debt_consolidation,OR,44.47,0.0,690.0,694.0,1.0,73.0,49.0,Joint App,5,High Risk,Manual Review
125231728,22000.0, 60 months,25.82,E,E4,4 years,MORTGAGE,32000.0,Source Verified,debt_consolidation,NY,31.51,0.0,700.0,704.0,0.0,46.4,8.0,Joint App,5,High Risk,Manual Review
125345825,12750.0, 60 months,28.72,F,F1,,OWN,45000.0,Verified,debt_consolidation,AL,33.57,0.0,660.0,664.0,0.0,79.8,20.0,Individual,5,High Risk,Manual Review
125304857,11775.0, 60 months,30.79,G,G1,10+ years,MORTGAGE,109000.0,Source Verified,debt_consolidation,UT,33.88,0.0,735.0,739.0,0.0,22.9,45.0,Individual,5,High Risk,Manual Review
125694781,28800.0, 60 months,26.3,E,E5,2 years,MORTGAGE,81000.0,Verified,debt_consolidation,TX,36.06,1.0,775.0,779.0,2.0,4.7,35.0,Individual,6,High Risk,Manual Review
124994565,30000.0, 60 months,24.85,E,E3,2 years,RENT,70000.0,Verified,debt_consolidation,CA,22.35,1.0,670.0,674.0,0.0,80.1,72.0,Individual,5,High Risk,Manual Review
125355458,28000.0, 60 months,28.72,F,F1,4 years,MORTGAGE,43000.0,Verified,debt_consolidation,TX,87.74,0.0,700.0,704.0,0.0,64.4,28.0,Joint App,5,High Risk,Manual Review
125556627,33575.0, 60 months,30.17,F,F3,10+ years,OWN,58000.0,Not Verified,debt_consolidation,PA,46.02,0.0,710.0,714.0,2.0,94.9,13.0,Joint App,6,High Risk,Manual Review
125346791,11200.0, 60 months,23.88,E,E2,,MORTGAGE,35280.0,Verified,credit_card,PA,57.35,1.0,675.0,679.0,1.0,71.1,20.0,Joint App,6,High Risk,Manual Review
125513195,25000.0, 60 months,25.82,E,E4,,MORTGAGE,61200.0,Not Verified,debt_consolidation,TX,34.1,0.0,710.0,714.0,1.0,45.1,24.0,Joint App,5,High Risk,Manual Review
124952315,10475.0, 60 months,28.72,F,F1,,OWN,64761.0,Verified,home_improvement,SC,37.89,0.0,700.0,704.0,0.0,43.7,26.0,Individual,5,High Risk,Manual Review
125677405,18000.0, 60 months,26.3,E,E5,5 years,MORTGAGE,111000.0,Not Verified,debt_consolidation,GA,31.92,0.0,675.0,679.0,0.0,87.9,32.0,Individual,6,High Risk,Manual Review
125184639,10375.0, 60 months,26.3,E,E5,10+ years,MORTGAGE,35000.0,Verified,debt_consolidation,GA,39.06,0.0,770.0,774.0,0.0,23.8,24.0,Individual,5,High Risk,Manual Review
124771876,24000.0, 60 months,30.79,G,G1,10+ years,MORTGAGE,90000.0,Source Verified,debt_consolidation,NJ,33.07,0.0,715.0,719.0,1.0,70.3,22.0,Joint App,5,High Risk,Manual Review
125068308,15000.0, 60 months,23.88,E,E2,< 1 year,MORTGAGE,42820.0,Verified,debt_consolidation,NY,57.03,0.0,675.0,679.0,1.0,85.0,20.0,Joint App,6,High Risk,Manual Review
125301866,10000.0, 60 months,26.3,E,E5,2 years,RENT,38218.0,Not Verified,credit_card,IL,34.89,0.0,685.0,689.0,3.0,22.6,25.0,Joint App,5,High Risk,Manual Review
125165459,12000.0, 60 months,24.85,E,E3,2 years,OWN,67500.0,Not Verified,credit_card,IL,35.11,1.0,700.0,704.0,2.0,57.4,18.0,Joint App,6,High Risk,Manual Review
125153420,12375.0, 36 months,26.3,E,E5,10+ years,RENT,60000.0,Not Verified,debt_consolidation,KS,30.86,0.0,710.0,714.0,0.0,49.4,18.0,Individual,5,High Risk,Manual Review
122335334,30000.0, 60 months,24.85,E,E3,6 years,RENT,42000.0,Verified,debt_consolidation,DE,37.03,0.0,670.0,674.0,1.0,79.0,11.0,Joint App,5,High Risk,Manual Review
125567626,1000.0, 36 months,22.91,E,E1,7 years,RENT,26000.0,Not Verified,car,FL,35.36,0.0,700.0,704.0,0.0,54.0,14.0,Individual,5,High Risk,Manual Review
125551702,4300.0, 36 months,26.3,E,E5,10+ years,MORTGAGE,50000.0,Verified,credit_card,CA,37.27,0.0,700.0,704.0,0.0,100.0,16.0,Individual,6,High Risk,Manual Review
125306998,30000.0, 60 months,28.72,F,F1,10+ years,MORTGAGE,80000.0,Source Verified,debt_consolidation,WA,35.73,0.0,680.0,684.0,0.0,66.2,17.0,Individual,5,High Risk,Manual Review
125348850,6075.0, 36 months,24.85,E,E3,10+ years,OWN,60000.0,Source Verified,debt_consolidation,PA,34.98,1.0,695.0,699.0,0.0,69.6,23.0,Individual,6,High Risk,Manual Review
125325139,30000.0, 60 months,24.85,E,E3,10+ years,MORTGAGE,16000.0,Verified,debt_consolidation,OR,48.24,0.0,725.0,729.0,0.0,47.9,22.0,Joint App,5,High Risk,Manual Review
125287342,16000.0, 60 months,30.79,G,G1,10+ years,RENT,30000.0,Not Verified,debt_consolidation,NY,35.44,0.0,720.0,724.0,2.0,68.8,21.0,Joint App,5,High Risk,Manual Review
125565635,24050.0, 36 months,23.88,E,E2,2 years,MORTGAGE,71202.0,Verified,credit_card,GA,39.3,0.0,700.0,704.0,0.0,95.0,19.0,Joint App,6,High Risk,Manual Review
125053181,18000.0, 60 months,23.88,E,E2,2 years,RENT,12000.0,Source Verified,debt_consolidation,AZ,114.9,0.0,665.0,669.0,0.0,64.8,15.0,Joint App,5,High Risk,Manual Review
125489930,12000.0, 36 months,24.85,E,E3,2 years,MORTGAGE,4000.0,Verified,major_purchase,MS,545.05,3.0,660.0,664.0,0.0,65.0,4.0,Joint App,6,High Risk,Manual Review
125491769,13000.0, 36 months,22.91,E,E1,4 years,RENT,35000.0,Not Verified,credit_card,MI,32.98,0.0,680.0,684.0,2.0,41.3,16.0,Individual,5,High Risk,Manual Review
125184678,12000.0, 60 months,30.79,G,G1,2 years,RENT,38764.0,Source Verified,debt_consolidation,NY,31.92,0.0,690.0,694.0,0.0,36.9,28.0,Individual,5,High Risk,Manual Review
124974085,15600.0, 60 months,23.88,E,E2,1 year,MORTGAGE,33000.0,Verified,debt_consolidation,PA,76.65,0.0,700.0,704.0,1.0,59.8,21.0,Joint App,5,High Risk,Manual Review
125356716,13200.0, 60 months,23.88,E,E2,5 years,RENT,75000.0,Not Verified,other,AR,31.73,0.0,680.0,684.0,1.0,61.6,21.0,Joint App,5,High Risk,Manual Review
123004285,16950.0, 60 months,23.88,E,E2,5 years,MORTGAGE,69000.0,Source Verified,debt_consolidation,AZ,31.55,0.0,670.0,674.0,0.0,87.9,18.0,Individual,6,High Risk,Manual Review
125294753,11000.0, 60 months,26.3,E,E5,10+ years,MORTGAGE,100400.0,Verified,credit_card,TX,31.2,0.0,685.0,689.0,0.0,45.7,39.0,Individual,5,High Risk,Manual Review
125353302,24000.0, 60 months,25.82,E,E4,3 years,RENT,25200.0,Not Verified,debt_consolidation,WI,57.9,0.0,675.0,679.0,0.0,53.7,29.0,Joint App,5,High Risk,Manual Review
125511777,20000.0, 60 months,25.82,E,E4,3 years,MORTGAGE,23000.0,Not Verified,debt_consolidation,OH,36.69,0.0,665.0,669.0,0.0,52.4,39.0,Joint App,5,High Risk,Manual Review
125510421,1000.0, 36 months,22.91,E,E1,,RENT,17517.0,Not Verified,other,NY,30.64,0.0,700.0,704.0,0.0,46.8,13.0,Individual,5,High Risk,Manual Review
125138219,21000.0, 60 months,24.85,E,E3,,MORTGAGE,50000.0,Source Verified,debt_consolidation,CA,43.16,0.0,690.0,694.0,0.0,74.3,17.0,Joint App,5,High Risk,Manual Review
125018304,15000.0, 60 months,28.72,F,F1,10+ years,RENT,57500.0,Not Verified,debt_consolidation,CA,37.78,1.0,665.0,669.0,1.0,50.1,36.0,Joint App,6,High Risk,Manual Review
125522139,25000.0, 60 months,30.17,F,F3,7 years,MORTGAGE,56000.0,Verified,debt_consolidation,TX,31.53,0.0,705.0,709.0,0.0,82.7,16.0,Individual,6,High Risk,Manual Review
125392058,3275.0, 36 months,23.88,E,E2,10+ years,RENT,49000.0,Verified,debt_consolidation,CA,34.93,0.0,690.0,694.0,2.0,86.0,16.0,Individual,6,High Risk,Manual Review
125343980,12000.0, 60 months,23.88,E,E2,< 1 year,RENT,42000.0,Verified,debt_consolidation,TX,57.34,0.0,680.0,684.0,1.0,93.0,18.0,Joint App,6,High Risk,Manual Review
125385978,35000.0, 60 months,26.3,E,E5,9 years,RENT,49000.0,Verified,debt_consolidation,CA,31.81,0.0,680.0,684.0,0.0,69.5,19.0,Joint App,5,High Risk,Manual Review
125219630,30000.0, 60 months,24.85,E,E3,< 1 year,MORTGAGE,100000.0,Verified,debt_consolidation,NY,30.36,1.0,675.0,679.0,0.0,63.7,37.0,Individual,6,High Risk,Manual Review
125472000,11100.0, 36 months,23.88,E,E2,,MORTGAGE,35000.0,Verified,debt_consolidation,FL,36.29,1.0,665.0,669.0,1.0,34.3,39.0,Individual,6,High Risk,Manual Review
124092361,25000.0, 60 months,24.85,E,E3,3 years,MORTGAGE,32000.0,Source Verified,debt_consolidation,AL,34.51,1.0,675.0,679.0,0.0,82.6,27.0,Joint App,7,High Risk,Manual Review
125175869,4000.0, 36 months,25.82,E,E4,3 years,MORTGAGE,76444.0,Source Verified,debt_consolidation,ND,33.64,0.0,675.0,679.0,1.0,68.1,22.0,Joint App,5,High Risk,Manual Review
123046811,22500.0, 60 months,23.88,E,E2,10+ years,RENT,62000.0,Verified,debt_consolidation,GA,37.23,0.0,725.0,729.0,1.0,7.2,42.0,Individual,5,High Risk,Manual Review
124892453,21000.0, 60 months,23.88,E,E2,3 years,RENT,35000.0,Source Verified,debt_consolidation,TX,30.59,0.0,660.0,664.0,0.0,94.5,9.0,Joint App,6,High Risk,Manual Review
125311934,13200.0, 60 months,25.82,E,E4,10+ years,MORTGAGE,32500.0,Verified,credit_card,WI,38.11,0.0,715.0,719.0,1.0,92.2,8.0,Individual,6,High Risk,Manual Review
124887959,20000.0, 60 months,25.82,E,E4,,MORTGAGE,45000.0,Not Verified,debt_consolidation,VA,54.51,0.0,660.0,664.0,1.0,62.5,33.0,Joint App,5,High Risk,Manual Review
125346190,15000.0, 60 months,25.82,E,E4,< 1 year,MORTGAGE,42000.0,Source Verified,debt_consolidation,PA,35.57,0.0,670.0,674.0,0.0,84.9,25.0,Individual,6,High Risk,Manual Review
124972788,4200.0, 36 months,22.91,E,E1,10+ years,RENT,41000.0,Not Verified,debt_consolidation,IL,35.3,0.0,660.0,664.0,0.0,78.7,10.0,Individual,5,High Risk,Manual Review
125467819,10000.0, 60 months,28.72,F,F1,10+ years,RENT,115000.0,Source Verified,credit_card,NY,32.66,1.0,665.0,669.0,0.0,75.8,56.0,Individual,6,High Risk,Manual Review
125391603,12000.0, 60 months,26.3,E,E5,< 1 year,OWN,49500.0,Source Verified,credit_card,MO,33.72,0.0,680.0,684.0,1.0,94.8,14.0,Individual,6,High Risk,Manual Review
125380916,3000.0, 36 months,26.3,E,E5,6 years,RENT,70700.0,Not Verified,car,NM,36.41,0.0,660.0,664.0,0.0,35.6,27.0,Joint App,5,High Risk,Manual Review
125361794,6850.0, 36 months,26.3,E,E5,5 years,MORTGAGE,17000.0,Not Verified,other,WI,36.65,0.0,675.0,679.0,0.0,30.6,6.0,Joint App,5,High Risk,Manual Review
123934313,20575.0, 36 months,23.88,E,E2,6 years,RENT,130000.0,Verified,renewable_energy,UT,32.89,0.0,695.0,699.0,1.0,76.7,33.0,Joint App,5,High Risk,Manual Review
125086927,20000.0, 60 months,24.85,E,E3,5 years,MORTGAGE,57000.0,Verified,credit_card,NY,37.37,1.0,670.0,674.0,0.0,78.6,26.0,Individual,6,High Risk,Manual Review
124746788,21600.0, 36 months,23.88,E,E2,3 years,MORTGAGE,36000.0,Verified,debt_consolidation,MS,45.0,0.0,745.0,749.0,0.0,47.3,12.0,Joint App,5,High Risk,Manual Review
125343885,20000.0, 36 months,24.85,E,E3,8 years,MORTGAGE,65000.0,Verified,debt_consolidation,SC,35.77,2.0,665.0,669.0,1.0,69.3,29.0,Individual,6,High Risk,Manual Review
125384266,20000.0, 60 months,28.72,F,F1,3 years,RENT,60000.0,Not Verified,debt_consolidation,VA,34.32,0.0,700.0,704.0,0.0,99.5,25.0,Individual,6,High Risk,Manual Review
124847047,35000.0, 60 months,30.75,F,F5,10+ years,MORTGAGE,40000.0,Not Verified,debt_consolidation,OH,46.8,2.0,690.0,694.0,1.0,39.1,18.0,Joint App,6,High Risk,Manual Review
125164152,30000.0, 60 months,28.72,F,F1,10+ years,RENT,54000.0,Source Verified,debt_consolidation,CA,43.52,0.0,680.0,684.0,0.0,99.8,17.0,Joint App,6,High Risk,Manual Review
125133049,25200.0, 60 months,24.85,E,E3,4 years,MORTGAGE,44000.0,Verified,debt_consolidation,MN,48.87,0.0,700.0,704.0,1.0,88.4,28.0,Joint App,6,High Risk,Manual Review
123966185,3600.0, 36 months,22.91,E,E1,< 1 year,MORTGAGE,36000.0,Verified,debt_consolidation,TX,44.27,3.0,690.0,694.0,0.0,22.5,34.0,Joint App,6,High Risk,Manual Review
124861012,14400.0, 60 months,30.17,F,F3,,RENT,4800.0,Not Verified,other,TX,110.44,1.0,685.0,689.0,0.0,28.2,4.0,Joint App,6,High Risk,Manual Review
124741966,33150.0, 60 months,30.79,G,G1,10+ years,MORTGAGE,37000.0,Verified,debt_consolidation,TX,47.81,0.0,705.0,709.0,0.0,53.3,22.0,Joint App,5,High Risk,Manual Review
125065039,25000.0, 36 months,22.91,E,E1,< 1 year,MORTGAGE,136000.0,Verified,debt_consolidation,WA,29.53,2.0,665.0,669.0,0.0,91.7,19.0,Individual,5,High Risk,Manual Review
125153748,12000.0, 60 months,28.72,F,F1,10+ years,MORTGAGE,37761.0,Not Verified,debt_consolidation,NY,38.43,0.0,675.0,679.0,0.0,60.5,30.0,Individual,5,High Risk,Manual Review
125336191,24700.0, 60 months,30.75,F,F5,6 years,RENT,25800.0,Verified,other,NY,75.86,0.0,685.0,689.0,0.0,54.6,18.0,Joint App,5,High Risk,Manual Review
125350765,10000.0, 60 months,26.3,E,E5,8 years,MORTGAGE,150000.0,Source Verified,other,VA,21.02,1.0,660.0,664.0,0.0,82.2,32.0,Individual,5,High Risk,Manual Review
125039367,7500.0, 36 months,23.88,E,E2,2 years,MORTGAGE,62000.0,Verified,debt_consolidation,NV,30.62,0.0,660.0,664.0,3.0,72.0,24.0,Individual,5,High Risk,Manual Review
125227830,14000.0, 60 months,23.88,E,E2,10+ years,MORTGAGE,120000.0,Source Verified,other,HI,31.03,0.0,700.0,704.0,0.0,86.7,22.0,Individual,6,High Risk,Manual Review
125264466,13050.0, 60 months,25.82,E,E4,10+ years,OWN,31500.0,Verified,credit_card,PA,38.36,0.0,750.0,754.0,2.0,11.4,38.0,Individual,5,High Risk,Manual Review
125342558,20000.0, 60 months,23.88,E,E2,10+ years,RENT,57000.0,Not Verified,credit_card,CA,31.24,0.0,690.0,694.0,0.0,92.2,19.0,Individual,6,High Risk,Manual Review
125323588,16000.0, 60 months,26.3,E,E5,10+ years,RENT,38000.0,Not Verified,debt_consolidation,CO,36.39,0.0,730.0,734.0,0.0,23.7,36.0,Individual,5,High Risk,Manual Review
125303148,19725.0, 36 months,26.3,E,E5,,MORTGAGE,27000.0,Verified,debt_consolidation,NY,59.07,0.0,715.0,719.0,0.0,64.1,14.0,Joint App,5,High Risk,Manual Review
125290105,29525.0, 36 months,25.82,E,E4,,MORTGAGE,75584.0,Verified,debt_consolidation,CA,38.49,0.0,685.0,689.0,1.0,92.7,26.0,Joint App,6,High Risk,Manual Review
125333031,35000.0, 60 months,25.82,E,E4,1 year,RENT,35000.0,Source Verified,debt_consolidation,WA,37.65,0.0,730.0,734.0,0.0,44.6,19.0,Joint App,5,High Risk,Manual Review
125296505,24000.0, 60 months,23.88,E,E2,5 years,RENT,41470.0,Source Verified,debt_consolidation,FL,33.05,0.0,700.0,704.0,1.0,51.3,21.0,Joint App,5,High Risk,Manual Review
125332793,14000.0, 60 months,26.3,E,E5,10+ years,RENT,30931.2,Verified,debt_consolidation,SC,47.26,0.0,690.0,694.0,0.0,54.9,25.0,Joint App,5,High Risk,Manual Review
125034716,33175.0, 60 months,28.72,F,F1,< 1 year,MORTGAGE,105343.0,Source Verified,credit_card,NY,38.7,0.0,700.0,704.0,0.0,77.5,41.0,Joint App,5,High Risk,Manual Review
125327346,14300.0, 60 months,15.05,C,C4,10+ years,MORTGAGE,60000.0,Not Verified,home_improvement,PA,31.08,1.0,675.0,679.0,0.0,92.5,22.0,Individual,5,High Risk,Manual Review
125302615,10300.0, 36 months,29.69,F,F2,2 years,RENT,87800.0,Verified,debt_consolidation,MA,35.44,0.0,675.0,679.0,0.0,39.5,33.0,Individual,5,High Risk,Manual Review
125327930,28800.0, 60 months,24.85,E,E3,4 years,MORTGAGE,120000.0,Not Verified,debt_consolidation,MD,33.2,0.0,725.0,729.0,0.0,54.2,15.0,Individual,5,High Risk,Manual Review
124722935,25000.0, 60 months,30.79,G,G1,10+ years,MORTGAGE,80000.0,Verified,debt_consolidation,OH,35.22,1.0,710.0,714.0,0.0,81.3,20.0,Individual,7,High Risk,Manual Review
125300103,30000.0, 60 months,26.3,E,E5,3 years,RENT,95000.0,Source Verified,credit_card,UT,10.74,1.0,665.0,669.0,0.0,85.7,10.0,Individual,5,High Risk,Manual Review
125270496,8000.0, 36 months,22.91,E,E1,1 year,RENT,29000.0,Source Verified,debt_consolidation,PA,34.75,0.0,670.0,674.0,0.0,58.4,13.0,Joint App,5,High Risk,Manual Review
125320710,11200.0, 60 months,23.88,E,E2,2 years,RENT,35000.0,Not Verified,debt_consolidation,OH,33.85,0.0,715.0,719.0,0.0,40.2,34.0,Individual,5,High Risk,Manual Review
125328398,15000.0, 60 months,24.85,E,E3,10+ years,MORTGAGE,25000.0,Not Verified,debt_consolidation,NJ,38.98,0.0,665.0,669.0,1.0,73.3,24.0,Joint App,5,High Risk,Manual Review
124142336,10000.0, 60 months,24.85,E,E3,10+ years,OWN,39000.0,Source Verified,debt_consolidation,NY,31.02,2.0,695.0,699.0,0.0,34.9,31.0,Individual,6,High Risk,Manual Review
125237736,26400.0, 60 months,24.85,E,E3,8 years,MORTGAGE,91000.0,Verified,debt_consolidation,MA,39.04,1.0,660.0,664.0,1.0,86.2,24.0,Joint App,7,High Risk,Manual Review
123920721,10000.0, 60 months,25.82,E,E4,10+ years,OWN,54000.0,Verified,other,IN,38.54,0.0,670.0,674.0,0.0,67.1,30.0,Individual,5,High Risk,Manual Review
124960176,14000.0, 60 months,29.69,F,F2,1 year,MORTGAGE,60000.0,Verified,debt_consolidation,CO,44.16,0.0,720.0,724.0,0.0,98.2,20.0,Joint App,6,High Risk,Manual Review
125174077,30450.0, 60 months,30.79,G,G1,2 years,MORTGAGE,39000.0,Not Verified,debt_consolidation,PA,21.88,1.0,670.0,674.0,0.0,97.4,19.0,Joint App,5,High Risk,Manual Review
125295853,25625.0, 60 months,23.88,E,E2,8 years,RENT,42000.0,Not Verified,debt_consolidation,RI,31.11,0.0,675.0,679.0,2.0,10.2,21.0,Individual,5,High Risk,Manual Review
125305008,20000.0, 60 months,24.85,E,E3,10+ years,OWN,70000.0,Source Verified,credit_card,SC,37.3,0.0,660.0,664.0,2.0,80.4,27.0,Individual,6,High Risk,Manual Review
124833250,20000.0, 60 months,23.88,E,E2,10+ years,MORTGAGE,85000.0,Verified,debt_consolidation,PA,30.5,0.0,665.0,669.0,0.0,99.6,16.0,Individual,6,High Risk,Manual Review
125138717,10000.0, 60 months,29.69,F,F2,8 years,MORTGAGE,88908.0,Verified,debt_consolidation,AL,44.3,0.0,660.0,664.0,1.0,96.6,23.0,Joint App,6,High Risk,Manual Review
123611143,5000.0, 36 months,23.88,E,E2,5 years,OWN,65200.0,Source Verified,debt_consolidation,PA,36.53,0.0,710.0,714.0,0.0,72.2,25.0,Individual,5,High Risk,Manual Review
124446281,36000.0, 60 months,30.65,F,F4,,RENT,35000.0,Source Verified,debt_consolidation,VA,52.73,1.0,710.0,714.0,1.0,9.6,39.0,Joint App,6,High Risk,Manual Review
125228221,14400.0, 60 months,23.88,E,E2,,RENT,10968.0,Verified,debt_consolidation,NY,95.84,0.0,725.0,729.0,0.0,77.8,7.0,Joint App,5,High Risk,Manual Review
125277784,5000.0, 36 months,17.09,D,D1,5 years,MORTGAGE,85344.0,Source Verified,credit_card,MO,33.56,1.0,700.0,704.0,1.0,84.8,21.0,Individual,5,High Risk,Manual Review
125265911,21000.0, 60 months,25.82,E,E4,6 years,MORTGAGE,78000.0,Verified,debt_consolidation,GA,31.77,0.0,700.0,704.0,0.0,38.8,26.0,Individual,5,High Risk,Manual Review
125179705,28000.0, 60 months,28.72,F,F1,,MORTGAGE,24000.0,Verified,debt_consolidation,OH,62.4,0.0,690.0,694.0,1.0,37.8,22.0,Joint App,5,High Risk,Manual Review
124887106,26850.0, 60 months,28.72,F,F1,7 years,MORTGAGE,81266.86,Verified,credit_card,AL,36.21,0.0,695.0,699.0,1.0,95.4,27.0,Individual,6,High Risk,Manual Review
125027817,16500.0, 60 months,26.3,E,E5,9 years,MORTGAGE,79400.0,Not Verified,debt_consolidation,AZ,34.82,0.0,675.0,679.0,0.0,63.9,44.0,Joint App,5,High Risk,Manual Review
125191050,26675.0, 60 months,28.72,F,F1,8 years,MORTGAGE,80000.0,Verified,credit_card,NY,31.17,0.0,695.0,699.0,0.0,73.9,16.0,Individual,5,High Risk,Manual Review
125115864,10525.0, 36 months,22.91,E,E1,6 years,MORTGAGE,34000.0,Verified,debt_consolidation,FL,38.83,0.0,690.0,694.0,0.0,53.5,18.0,Joint App,5,High Risk,Manual Review
125104342,15000.0, 60 months,24.85,E,E3,10+ years,MORTGAGE,40000.0,Source Verified,debt_consolidation,VA,30.22,1.0,670.0,674.0,0.0,30.2,32.0,Individual,6,High Risk,Manual Review
123960775,18000.0, 60 months,30.65,F,F4,10+ years,MORTGAGE,50816.0,Source Verified,other,SC,30.56,1.0,690.0,694.0,0.0,0.0,12.0,Joint App,6,High Risk,Manual Review
125272343,34925.0, 60 months,23.88,E,E2,9 years,OWN,108300.0,Verified,major_purchase,TX,47.05,0.0,705.0,709.0,0.0,74.3,41.0,Joint App,5,High Risk,Manual Review
125271775,14400.0, 60 months,16.02,C,C5,10+ years,MORTGAGE,68000.0,Not Verified,debt_consolidation,NM,31.08,2.0,680.0,684.0,0.0,82.4,27.0,Joint App,5,High Risk,Manual Review
124819986,35000.0, 60 months,29.69,F,F2,10+ years,OWN,85000.0,Source Verified,debt_consolidation,NJ,11.5,8.0,680.0,684.0,0.0,94.1,17.0,Joint App,5,High Risk,Manual Review
125231732,19800.0, 36 months,25.82,E,E4,2 years,RENT,38000.0,Not Verified,credit_card,CA,32.19,0.0,675.0,679.0,0.0,63.0,22.0,Individual,5,High Risk,Manual Review
125274345,10000.0, 60 months,25.82,E,E4,2 years,OWN,30000.0,Not Verified,other,TX,33.68,0.0,735.0,739.0,1.0,44.0,18.0,Individual,5,High Risk,Manual Review
125257836,30000.0, 60 months,25.82,E,E4,10+ years,MORTGAGE,91273.0,Verified,debt_consolidation,MN,33.89,0.0,725.0,729.0,0.0,73.4,48.0,Individual,5,High Risk,Manual Review
125262231,6000.0, 36 months,22.91,E,E1,,MORTGAGE,50000.0,Source Verified,moving,MD,35.29,4.0,675.0,679.0,0.0,75.3,18.0,Joint App,6,High Risk,Manual Review
125253110,20000.0, 60 months,28.72,F,F1,10+ years,OWN,38000.0,Source Verified,debt_consolidation,KS,34.97,0.0,680.0,684.0,0.0,74.9,21.0,Individual,5,High Risk,Manual Review
125106747,30300.0, 60 months,26.3,E,E5,5 years,MORTGAGE,25000.0,Source Verified,debt_consolidation,CO,53.29,0.0,695.0,699.0,1.0,13.2,19.0,Joint App,5,High Risk,Manual Review
125035354,13100.0, 60 months,30.17,F,F3,,MORTGAGE,8000.0,Verified,debt_consolidation,WA,81.68,0.0,740.0,744.0,1.0,27.3,16.0,Joint App,5,High Risk,Manual Review
125269771,10000.0, 60 months,30.79,G,G1,10+ years,RENT,50000.0,Not Verified,debt_consolidation,NY,38.43,1.0,735.0,739.0,0.0,20.6,13.0,Joint App,6,High Risk,Manual Review
124955583,10000.0, 60 months,26.3,E,E5,1 year,RENT,10000.0,Not Verified,major_purchase,MA,48.14,0.0,695.0,699.0,0.0,38.1,4.0,Joint App,5,High Risk,Manual Review
125267739,30000.0, 60 months,22.91,E,E1,10+ years,OWN,175000.0,Verified,credit_card,MD,12.4,3.0,670.0,674.0,0.0,108.9,19.0,Individual,5,High Risk,Manual Review
125068145,11400.0, 60 months,23.88,E,E2,6 years,RENT,88000.0,Source Verified,other,MA,19.15,2.0,670.0,674.0,0.0,85.8,38.0,Individual,5,High Risk,Manual Review
124001113,18000.0, 60 months,23.88,E,E2,2 years,MORTGAGE,38000.0,Source Verified,debt_consolidation,LA,32.15,0.0,680.0,684.0,0.0,42.2,30.0,Individual,5,High Risk,Manual Review
124038598,23375.0, 60 months,25.82,E,E4,10+ years,RENT,62200.0,Verified,house,GA,31.58,13.0,660.0,664.0,3.0,41.0,61.0,Individual,6,High Risk,Manual Review
125270482,23850.0, 60 months,24.85,E,E3,10+ years,MORTGAGE,75000.0,Not Verified,debt_consolidation,IN,37.28,1.0,700.0,704.0,0.0,79.5,26.0,Individual,6,High Risk,Manual Review
125090786,16800.0, 60 months,25.82,E,E4,8 years,MORTGAGE,35000.0,Verified,debt_consolidation,PA,59.67,0.0,710.0,714.0,1.0,94.3,25.0,Joint App,6,High Risk,Manual Review
125266458,24000.0, 60 months,23.88,E,E2,4 years,RENT,126000.0,Source Verified,credit_card,CO,34.98,0.0,720.0,724.0,1.0,79.7,16.0,Individual,5,High Risk,Manual Review
125130932,16575.0, 60 months,30.17,F,F3,10+ years,RENT,94000.0,Not Verified,debt_consolidation,CT,43.82,0.0,725.0,729.0,1.0,39.3,13.0,Joint App,5,High Risk,Manual Review
124425923,35000.0, 36 months,23.88,E,E2,10+ years,OWN,100000.0,Not Verified,debt_consolidation,PA,56.44,0.0,670.0,674.0,2.0,79.8,46.0,Joint App,5,High Risk,Manual Review
124116670,9875.0, 36 months,23.88,E,E2,10+ years,RENT,25000.0,Verified,debt_consolidation,CA,32.12,0.0,685.0,689.0,0.0,60.9,11.0,Individual,5,High Risk,Manual Review
125148917,11000.0, 60 months,24.85,E,E3,10+ years,RENT,40000.0,Verified,debt_consolidation,NV,55.45,0.0,670.0,674.0,0.0,52.5,17.0,Joint App,5,High Risk,Manual Review
125182631,1000.0, 36 months,24.85,E,E3,< 1 year,RENT,24000.0,Not Verified,debt_consolidation,NC,37.09,0.0,665.0,669.0,0.0,44.2,14.0,Individual,5,High Risk,Manual Review
125063446,10000.0, 60 months,26.3,E,E5,10+ years,OWN,49000.0,Not Verified,debt_consolidation,TX,32.94,0.0,695.0,699.0,0.0,56.5,30.0,Individual,5,High Risk,Manual Review
125228555,20000.0, 60 months,26.3,E,E5,7 years,MORTGAGE,360000.0,Source Verified,debt_consolidation,CT,6.07,1.0,675.0,679.0,0.0,82.2,12.0,Individual,5,High Risk,Manual Review
125203739,21000.0, 60 months,26.3,E,E5,5 years,MORTGAGE,70000.0,Not Verified,debt_consolidation,TN,49.39,1.0,660.0,664.0,0.0,90.5,29.0,Joint App,7,High Risk,Manual Review
125140699,10000.0, 60 months,30.17,F,F3,3 years,MORTGAGE,102000.0,Not Verified,debt_consolidation,TN,34.85,0.0,660.0,664.0,2.0,73.3,49.0,Individual,5,High Risk,Manual Review
124152861,10500.0, 36 months,24.85,E,E3,10+ years,MORTGAGE,30000.0,Verified,small_business,MN,34.8,1.0,675.0,679.0,1.0,80.0,18.0,Individual,6,High Risk,Manual Review
125203264,23900.0, 60 months,28.72,F,F1,10+ years,MORTGAGE,61000.0,Not Verified,credit_card,AZ,31.06,0.0,720.0,724.0,0.0,48.1,28.0,Individual,5,High Risk,Manual Review
125163308,25000.0, 60 months,25.82,E,E4,5 years,MORTGAGE,78000.0,Source Verified,credit_card,CO,38.34,0.0,690.0,694.0,1.0,54.4,31.0,Individual,5,High Risk,Manual Review
124810662,35000.0, 36 months,25.82,E,E4,,MORTGAGE,60000.0,Source Verified,debt_consolidation,OH,36.66,1.0,670.0,674.0,2.0,72.1,45.0,Joint App,6,High Risk,Manual Review
124908526,15350.0, 60 months,30.17,F,F3,3 years,RENT,95000.0,Source Verified,credit_card,CA,38.23,0.0,720.0,724.0,1.0,33.2,47.0,Individual,5,High Risk,Manual Review
124039687,3000.0, 36 months,25.82,E,E4,2 years,RENT,20000.0,Verified,other,KY,37.76,0.0,690.0,694.0,0.0,99.8,6.0,Individual,6,High Risk,Manual Review
124046822,37000.0, 36 months,24.85,E,E3,5 years,MORTGAGE,120000.0,Not Verified,debt_consolidation,GA,30.32,0.0,700.0,704.0,1.0,34.8,49.0,Joint App,5,High Risk,Manual Review
122650288,19000.0, 60 months,29.69,F,F2,3 years,RENT,60000.0,Verified,debt_consolidation,CO,37.34,0.0,700.0,704.0,0.0,83.1,15.0,Individual,6,High Risk,Manual Review
124731304,35000.0, 60 months,30.65,F,F4,7 years,MORTGAGE,45000.0,Source Verified,debt_consolidation,PA,48.13,0.0,660.0,664.0,0.0,95.7,27.0,Joint App,6,High Risk,Manual Review
124152083,12000.0, 60 months,29.69,F,F2,,OWN,48000.0,Verified,debt_consolidation,CO,29.83,1.0,670.0,674.0,1.0,93.0,20.0,Individual,5,High Risk,Manual Review
125186166,7450.0, 36 months,22.91,E,E1,5 years,MORTGAGE,27000.0,Not Verified,debt_consolidation,MO,34.32,0.0,690.0,694.0,1.0,84.0,38.0,Individual,6,High Risk,Manual Review
122316729,10500.0, 60 months,25.82,E,E4,3 years,MORTGAGE,65000.0,Not Verified,other,CO,31.61,0.0,660.0,664.0,2.0,39.5,53.0,Individual,5,High Risk,Manual Review
124910912,6000.0, 36 months,25.82,E,E4,,MORTGAGE,13200.0,Verified,home_improvement,WI,49.27,2.0,680.0,684.0,1.0,83.9,13.0,Joint App,7,High Risk,Manual Review
125143743,23000.0, 36 months,26.3,E,E5,8 years,MORTGAGE,91200.0,Source Verified,debt_consolidation,OK,31.71,0.0,725.0,729.0,1.0,68.9,12.0,Individual,5,High Risk,Manual Review
124878674,10500.0, 60 months,28.72,F,F1,4 years,RENT,44444.0,Verified,credit_card,FL,32.33,0.0,665.0,669.0,0.0,75.0,27.0,Individual,5,High Risk,Manual Review
124971387,12000.0, 36 months,22.91,E,E1,10+ years,RENT,77000.0,Source Verified,debt_consolidation,NY,33.18,0.0,700.0,704.0,0.0,47.2,27.0,Individual,5,High Risk,Manual Review
125178375,10450.0, 60 months,24.85,E,E3,4 years,RENT,26000.0,Verified,debt_consolidation,NC,39.34,0.0,735.0,739.0,1.0,32.4,14.0,Individual,5,High Risk,Manual Review
125053452,15000.0, 60 months,29.69,F,F2,10+ years,MORTGAGE,36000.0,Source Verified,debt_consolidation,LA,34.03,1.0,695.0,699.0,0.0,7.5,45.0,Joint App,6,High Risk,Manual Review
124142138,25000.0, 60 months,25.82,E,E4,10+ years,OWN,54000.0,Verified,credit_card,AZ,30.87,0.0,665.0,669.0,1.0,88.0,15.0,Individual,6,High Risk,Manual Review
125077358,20100.0, 60 months,24.85,E,E3,10+ years,MORTGAGE,124334.0,Source Verified,debt_consolidation,NJ,35.9,0.0,710.0,714.0,2.0,62.1,46.0,Individual,5,High Risk,Manual Review
123042821,15000.0, 60 months,24.85,E,E3,3 years,RENT,105000.0,Not Verified,credit_card,CA,39.22,0.0,725.0,729.0,0.0,74.1,30.0,Individual,5,High Risk,Manual Review
124998796,20650.0, 36 months,26.3,E,E5,10+ years,MORTGAGE,48000.0,Not Verified,debt_consolidation,WI,56.78,0.0,740.0,744.0,0.0,95.3,14.0,Joint App,6,High Risk,Manual Review
124777647,35000.0, 36 months,22.91,E,E1,3 years,RENT,84000.0,Verified,small_business,NY,37.42,2.0,680.0,684.0,1.0,47.2,27.0,Joint App,6,High Risk,Manual Review
125126109,3500.0, 36 months,23.88,E,E2,1 year,RENT,20000.0,Verified,house,AZ,39.86,1.0,685.0,689.0,0.0,35.6,21.0,Joint App,6,High Risk,Manual Review
125155648,16000.0, 60 months,26.3,E,E5,< 1 year,RENT,42000.0,Verified,credit_card,OH,37.46,1.0,670.0,674.0,2.0,95.7,11.0,Individual,7,High Risk,Manual Review
125159333,15000.0, 60 months,23.88,E,E2,8 years,MORTGAGE,35000.0,Not Verified,credit_card,MD,34.74,0.0,660.0,664.0,2.0,46.9,35.0,Joint App,5,High Risk,Manual Review
124741323,12000.0, 60 months,18.06,D,D2,10+ years,MORTGAGE,55000.0,Verified,major_purchase,WV,44.52,3.0,680.0,684.0,0.0,80.3,36.0,Joint App,5,High Risk,Manual Review
123990713,16000.0, 36 months,26.3,E,E5,10+ years,MORTGAGE,42000.0,Not Verified,debt_consolidation,CA,67.74,1.0,660.0,664.0,0.0,82.0,19.0,Joint App,7,High Risk,Manual Review
125159719,25000.0, 60 months,24.85,E,E3,10+ years,MORTGAGE,60000.0,Verified,debt_consolidation,TX,39.2,0.0,670.0,674.0,0.0,46.6,27.0,Individual,5,High Risk,Manual Review
125156988,20000.0, 60 months,23.88,E,E2,10+ years,MORTGAGE,84000.0,Verified,debt_consolidation,MA,31.23,0.0,710.0,714.0,0.0,79.9,16.0,Individual,5,High Risk,Manual Review
122660506,21775.0, 36 months,25.82,E,E4,10+ years,MORTGAGE,61000.0,Verified,home_improvement,FL,38.87,0.0,670.0,674.0,1.0,21.7,26.0,Joint App,5,High Risk,Manual Review
124975840,20000.0, 60 months,24.85,E,E3,,RENT,88200.0,Source Verified,debt_consolidation,NC,18.82,1.0,680.0,684.0,0.0,96.0,16.0,Individual,5,High Risk,Manual Review
125146097,6000.0, 36 months,22.91,E,E1,10+ years,RENT,80000.0,Verified,debt_consolidation,NY,34.55,0.0,675.0,679.0,2.0,48.0,32.0,Individual,5,High Risk,Manual Review
125155726,13725.0, 60 months,25.82,E,E4,5 years,RENT,60000.0,Source Verified,debt_consolidation,IL,35.9,0.0,725.0,729.0,0.0,50.1,27.0,Individual,5,High Risk,Manual Review
125114360,10000.0, 36 months,22.91,E,E1,6 years,MORTGAGE,85000.0,Verified,other,HI,35.48,0.0,685.0,689.0,0.0,95.5,25.0,Individual,6,High Risk,Manual Review
125111281,9425.0, 36 months,24.85,E,E3,5 years,RENT,20000.0,Source Verified,home_improvement,NJ,61.1,1.0,670.0,674.0,0.0,18.4,7.0,Joint App,6,High Risk,Manual Review
122956700,13200.0, 60 months,23.88,E,E2,,MORTGAGE,46000.0,Verified,debt_consolidation,IL,34.78,0.0,740.0,744.0,1.0,29.0,57.0,Individual,5,High Risk,Manual Review
124968641,15500.0, 60 months,30.65,F,F4,10+ years,MORTGAGE,45000.0,Verified,debt_consolidation,MI,31.28,0.0,675.0,679.0,1.0,87.4,12.0,Joint App,6,High Risk,Manual Review
123942712,23650.0, 60 months,30.65,F,F4,10+ years,MORTGAGE,71000.0,Verified,debt_consolidation,IN,32.01,0.0,695.0,699.0,0.0,54.8,27.0,Joint App,5,High Risk,Manual Review
122679576,15000.0, 60 months,24.85,E,E3,10+ years,RENT,43000.0,Verified,debt_consolidation,NY,33.27,0.0,675.0,679.0,1.0,55.1,39.0,Individual,5,High Risk,Manual Review
124872291,4000.0, 36 months,22.91,E,E1,,MORTGAGE,35000.0,Verified,debt_consolidation,WI,36.18,1.0,660.0,664.0,2.0,93.3,28.0,Individual,7,High Risk,Manual Review
124431354,10000.0, 36 months,22.91,E,E1,10+ years,RENT,55000.0,Verified,debt_consolidation,CA,38.82,0.0,660.0,664.0,0.0,89.6,16.0,Individual,6,High Risk,Manual Review
125057160,30000.0, 60 months,25.82,E,E4,,RENT,28000.0,Source Verified,debt_consolidation,CA,71.62,0.0,715.0,719.0,0.0,66.4,15.0,Joint App,5,High Risk,Manual Review
124922481,5950.0, 36 months,28.72,F,F1,10+ years,MORTGAGE,19900.0,Verified,debt_consolidation,FL,35.1,0.0,685.0,689.0,1.0,57.6,13.0,Individual,5,High Risk,Manual Review
125091501,33850.0, 36 months,26.3,E,E5,9 years,MORTGAGE,85093.0,Verified,other,CA,36.84,0.0,700.0,704.0,3.0,47.2,26.0,Joint App,5,High Risk,Manual Review
125062584,26000.0, 60 months,28.72,F,F1,,MORTGAGE,25547.0,Verified,debt_consolidation,NE,61.09,0.0,665.0,669.0,1.0,48.6,27.0,Joint App,5,High Risk,Manual Review
124903834,29650.0, 36 months,23.88,E,E2,9 years,MORTGAGE,40000.0,Not Verified,small_business,MI,35.87,1.0,680.0,684.0,0.0,68.2,19.0,Joint App,6,High Risk,Manual Review
125099492,20000.0, 60 months,25.82,E,E4,4 years,MORTGAGE,50000.0,Source Verified,credit_card,VA,5.71,2.0,665.0,669.0,0.0,100.0,14.0,Individual,5,High Risk,Manual Review
122331014,18000.0, 60 months,24.85,E,E3,10+ years,RENT,57740.0,Verified,debt_consolidation,GA,31.85,0.0,700.0,704.0,0.0,31.6,23.0,Individual,5,High Risk,Manual Review
121890002,12000.0, 36 months,22.91,E,E1,4 years,MORTGAGE,110000.0,Not Verified,other,WA,19.92,1.0,680.0,684.0,1.0,104.4,24.0,Individual,5,High Risk,Manual Review
124856211,24000.0, 60 months,26.3,E,E5,,MORTGAGE,12000.0,Source Verified,credit_card,IL,110.5,1.0,705.0,709.0,0.0,53.2,30.0,Joint App,6,High Risk,Manual Review
124052737,16025.0, 60 months,26.3,E,E5,5 years,MORTGAGE,166000.0,Source Verified,debt_consolidation,NC,35.39,0.0,740.0,744.0,0.0,31.5,49.0,Individual,5,High Risk,Manual Review
125108119,12800.0, 60 months,23.88,E,E2,2 years,RENT,65000.0,Source Verified,credit_card,AZ,30.71,0.0,665.0,669.0,0.0,80.5,19.0,Individual,6,High Risk,Manual Review
124097899,10000.0, 36 months,24.85,E,E3,10+ years,RENT,30000.0,Not Verified,other,TX,33.49,0.0,670.0,674.0,0.0,40.1,30.0,Individual,5,High Risk,Manual Review
125125851,30000.0, 60 months,21.45,D,D5,8 years,MORTGAGE,120000.0,Verified,debt_consolidation,MD,32.22,1.0,690.0,694.0,1.0,90.4,32.0,Individual,5,High Risk,Manual Review
125119043,15000.0, 36 months,15.05,C,C4,5 years,MORTGAGE,36708.0,Source Verified,debt_consolidation,FL,38.07,2.0,675.0,679.0,0.0,87.8,27.0,Individual,5,High Risk,Manual Review
121855498,25000.0, 60 months,25.82,E,E4,9 years,MORTGAGE,91000.0,Verified,debt_consolidation,AL,34.24,1.0,710.0,714.0,2.0,17.1,19.0,Individual,6,High Risk,Manual Review
124440265,30000.0, 60 months,28.72,F,F1,10+ years,OWN,57500.0,Source Verified,debt_consolidation,TX,37.65,0.0,695.0,699.0,1.0,53.9,42.0,Joint App,5,High Risk,Manual Review
125046633,6000.0, 36 months,20.0,D,D4,4 years,MORTGAGE,70000.0,Not Verified,home_improvement,NV,48.53,3.0,670.0,674.0,0.0,87.3,32.0,Joint App,5,High Risk,Manual Review
124866744,28000.0, 36 months,30.17,F,F3,3 years,RENT,55000.0,Verified,debt_consolidation,CA,35.65,26.0,685.0,689.0,0.0,42.7,69.0,Individual,6,High Risk,Manual Review
125057838,8400.0, 36 months,22.91,E,E1,5 years,MORTGAGE,43000.0,Verified,debt_consolidation,AZ,44.74,2.0,665.0,669.0,0.0,94.9,30.0,Joint App,7,High Risk,Manual Review
125020512,16000.0, 60 months,25.82,E,E4,4 years,RENT,40000.0,Source Verified,debt_consolidation,VA,34.32,0.0,690.0,694.0,0.0,84.5,15.0,Individual,6,High Risk,Manual Review
124901243,10000.0, 36 months,19.03,D,D3,3 years,MORTGAGE,100000.0,Verified,major_purchase,GA,33.91,4.0,660.0,664.0,0.0,100.1,18.0,Joint App,5,High Risk,Manual Review
125108113,11200.0, 60 months,23.88,E,E2,< 1 year,RENT,40000.0,Source Verified,debt_consolidation,PA,35.61,0.0,665.0,669.0,0.0,51.8,27.0,Individual,5,High Risk,Manual Review
125066875,18500.0, 60 months,23.88,E,E2,10+ years,RENT,65000.0,Source Verified,credit_card,IL,33.95,0.0,700.0,704.0,1.0,30.4,58.0,Individual,5,High Risk,Manual Review
124095087,16800.0, 60 months,23.88,E,E2,9 years,MORTGAGE,56000.0,Verified,debt_consolidation,TN,32.64,0.0,660.0,664.0,0.0,73.4,21.0,Individual,5,High Risk,Manual Review
124722512,12000.0, 36 months,22.91,E,E1,3 years,MORTGAGE,60000.0,Verified,debt_consolidation,AR,40.14,0.0,665.0,669.0,0.0,37.7,22.0,Joint App,5,High Risk,Manual Review
125062214,15000.0, 60 months,30.17,F,F3,10+ years,MORTGAGE,30600.0,Verified,car,FL,44.9,0.0,675.0,679.0,1.0,41.6,37.0,Joint App,5,High Risk,Manual Review
124895325,30000.0, 60 months,26.3,E,E5,,MORTGAGE,78576.0,Verified,debt_consolidation,AR,33.77,0.0,700.0,704.0,0.0,81.8,31.0,Individual,6,High Risk,Manual Review
125053114,24000.0, 60 months,26.3,E,E5,3 years,MORTGAGE,40000.0,Not Verified,debt_consolidation,GA,46.5,0.0,700.0,704.0,0.0,75.4,19.0,Joint App,5,High Risk,Manual Review
124097768,25000.0, 60 months,26.3,E,E5,10+ years,RENT,30000.0,Not Verified,debt_consolidation,MA,16.04,1.0,660.0,664.0,0.0,86.9,4.0,Joint App,5,High Risk,Manual Review
125057401,30000.0, 60 months,25.82,E,E4,10+ years,MORTGAGE,71400.0,Verified,debt_consolidation,NY,32.47,0.0,705.0,709.0,0.0,51.4,43.0,Individual,5,High Risk,Manual Review
125070444,5100.0, 36 months,24.85,E,E3,< 1 year,MORTGAGE,85000.0,Source Verified,debt_consolidation,TX,15.28,1.0,690.0,694.0,2.0,80.6,12.0,Individual,5,High Risk,Manual Review
125048859,15900.0, 36 months,26.3,E,E5,10+ years,RENT,89000.0,Source Verified,credit_card,NY,39.47,0.0,700.0,704.0,0.0,80.8,35.0,Individual,6,High Risk,Manual Review
125070171,25000.0, 60 months,30.17,F,F3,7 years,MORTGAGE,49920.0,Source Verified,debt_consolidation,CA,31.11,0.0,675.0,679.0,0.0,86.1,20.0,Joint App,6,High Risk,Manual Review
125084467,14000.0, 60 months,23.88,E,E2,6 years,RENT,91500.0,Not Verified,debt_consolidation,NJ,38.86,0.0,665.0,669.0,0.0,77.6,28.0,Individual,5,High Risk,Manual Review
124886441,25000.0, 60 months,26.3,E,E5,< 1 year,RENT,25000.0,Source Verified,debt_consolidation,MI,40.85,1.0,680.0,684.0,0.0,83.6,16.0,Joint App,7,High Risk,Manual Review
123957939,20000.0, 60 months,24.85,E,E3,10+ years,MORTGAGE,33000.0,Not Verified,debt_consolidation,OK,58.58,0.0,660.0,664.0,0.0,91.3,66.0,Joint App,6,High Risk,Manual Review
124918093,15000.0, 60 months,25.82,E,E4,9 years,MORTGAGE,30000.0,Verified,debt_consolidation,MI,53.24,0.0,695.0,699.0,2.0,83.2,19.0,Joint App,6,High Risk,Manual Review
125068519,20125.0, 36 months,22.91,E,E1,< 1 year,RENT,55000.0,Not Verified,credit_card,IL,38.03,0.0,660.0,664.0,0.0,65.6,29.0,Individual,5,High Risk,Manual Review
124749671,20000.0, 36 months,26.3,E,E5,1 year,RENT,13000.0,Verified,debt_consolidation,VA,82.36,0.0,730.0,734.0,2.0,28.8,16.0,Joint App,5,High Risk,Manual Review
125047664,4000.0, 36 months,23.88,E,E2,8 years,RENT,54000.0,Verified,other,NJ,37.18,2.0,695.0,699.0,0.0,54.9,23.0,Individual,6,High Risk,Manual Review
123621815,14100.0, 36 months,22.91,E,E1,,OWN,41000.0,Verified,other,GA,35.1,0.0,690.0,694.0,2.0,57.4,14.0,Individual,5,High Risk,Manual Review
124823611,40000.0, 60 months,28.72,F,F1,10+ years,MORTGAGE,100000.0,Verified,credit_card,MO,41.05,0.0,705.0,709.0,0.0,99.0,22.0,Joint App,6,High Risk,Manual Review
125007199,10000.0, 60 months,25.82,E,E4,,OWN,55000.0,Not Verified,debt_consolidation,TX,38.42,0.0,670.0,674.0,0.0,78.9,18.0,Joint App,5,High Risk,Manual Review
125073453,20000.0, 60 months,23.88,E,E2,10+ years,MORTGAGE,38500.0,Verified,debt_consolidation,WI,37.59,0.0,670.0,674.0,3.0,65.2,13.0,Joint App,5,High Risk,Manual Review
125078158,1800.0, 36 months,22.91,E,E1,2 years,RENT,32000.0,Verified,debt_consolidation,WA,30.08,0.0,665.0,669.0,0.0,60.8,16.0,Individual,5,High Risk,Manual Review
124965269,20000.0, 60 months,25.82,E,E4,10+ years,MORTGAGE,92000.0,Verified,debt_consolidation,NY,17.16,1.0,665.0,669.0,1.0,100.5,11.0,Individual,5,High Risk,Manual Review
124152561,20000.0, 60 months,24.85,E,E3,2 years,MORTGAGE,42000.0,Verified,debt_consolidation,GA,30.4,0.0,720.0,724.0,0.0,59.0,22.0,Individual,5,High Risk,Manual Review
124820964,6000.0, 36 months,22.91,E,E1,,RENT,12828.0,Verified,credit_card,AK,42.94,0.0,670.0,674.0,0.0,45.7,13.0,Joint App,5,High Risk,Manual Review
124092291,20000.0, 60 months,24.85,E,E3,,RENT,12000.0,Not Verified,debt_consolidation,OR,54.6,0.0,660.0,664.0,0.0,90.1,15.0,Joint App,6,High Risk,Manual Review
125074036,10000.0, 60 months,28.72,F,F1,,MORTGAGE,75000.0,Not Verified,home_improvement,NY,30.14,0.0,700.0,704.0,1.0,30.3,16.0,Individual,5,High Risk,Manual Review
125059501,12000.0, 60 months,26.3,E,E5,2 years,MORTGAGE,75000.0,Not Verified,debt_consolidation,MI,33.94,0.0,695.0,699.0,0.0,94.2,18.0,Joint App,6,High Risk,Manual Review
123336651,12575.0, 60 months,26.3,E,E5,5 years,RENT,45000.0,Verified,debt_consolidation,CA,34.91,0.0,685.0,689.0,1.0,55.9,24.0,Individual,5,High Risk,Manual Review
124457322,20000.0, 60 months,26.3,E,E5,,MORTGAGE,5000.0,Source Verified,debt_consolidation,AL,128.61,0.0,700.0,704.0,0.0,102.1,9.0,Joint App,6,High Risk,Manual Review
124839473,12000.0, 36 months,22.91,E,E1,2 years,MORTGAGE,90000.0,Verified,small_business,TX,33.65,0.0,670.0,674.0,2.0,81.3,31.0,Individual,6,High Risk,Manual Review
124805489,28400.0, 60 months,22.91,E,E1,10+ years,MORTGAGE,70000.0,Verified,debt_consolidation,NY,31.58,1.0,690.0,694.0,1.0,48.0,40.0,Individual,6,High Risk,Manual Review
125068485,10000.0, 60 months,24.85,E,E3,< 1 year,RENT,34320.0,Not Verified,debt_consolidation,MO,38.57,0.0,680.0,684.0,0.0,78.5,41.0,Individual,5,High Risk,Manual Review
123884907,35000.0, 60 months,28.72,F,F1,3 years,OWN,70000.0,Verified,credit_card,TX,58.19,0.0,675.0,679.0,0.0,95.2,28.0,Joint App,6,High Risk,Manual Review
125011791,20000.0, 60 months,30.94,G,G4,1 year,MORTGAGE,80000.0,Source Verified,debt_consolidation,NV,16.74,1.0,685.0,689.0,2.0,101.0,6.0,Individual,5,High Risk,Manual Review
124935250,22000.0, 60 months,24.85,E,E3,1 year,RENT,70000.0,Source Verified,debt_consolidation,CT,32.22,2.0,675.0,679.0,1.0,72.9,26.0,Joint App,6,High Risk,Manual Review
124888986,10000.0, 60 months,26.3,E,E5,7 years,MORTGAGE,40000.0,Source Verified,debt_consolidation,WA,38.61,0.0,685.0,689.0,0.0,75.4,23.0,Individual,5,High Risk,Manual Review
124027352,11900.0, 60 months,25.82,E,E4,4 years,MORTGAGE,42000.0,Verified,credit_card,NM,48.6,3.0,695.0,699.0,0.0,37.2,39.0,Joint App,6,High Risk,Manual Review
124839688,35000.0, 60 months,24.85,E,E3,10+ years,OWN,185000.0,Not Verified,small_business,MA,5.62,3.0,665.0,669.0,0.0,92.3,24.0,Joint App,5,High Risk,Manual Review
124940100,10000.0, 60 months,25.82,E,E4,,MORTGAGE,10000.0,Source Verified,debt_consolidation,OK,51.14,1.0,670.0,674.0,0.0,37.0,27.0,Joint App,6,High Risk,Manual Review
124914650,30000.0, 60 months,30.84,G,G2,,RENT,71975.03,Verified,debt_consolidation,IL,26.13,2.0,670.0,674.0,1.0,102.0,30.0,Individual,5,High Risk,Manual Review
124990300,10000.0, 60 months,25.82,E,E4,10+ years,MORTGAGE,40000.0,Verified,debt_consolidation,PA,51.82,0.0,685.0,689.0,1.0,62.2,20.0,Joint App,5,High Risk,Manual Review
125047297,2000.0, 36 months,22.91,E,E1,7 years,RENT,85000.0,Verified,moving,OR,27.03,1.0,665.0,669.0,0.0,94.0,23.0,Individual,5,High Risk,Manual Review
124999227,9250.0, 36 months,26.3,E,E5,10+ years,OWN,52851.0,Verified,debt_consolidation,NY,36.0,0.0,705.0,709.0,0.0,39.1,24.0,Individual,5,High Risk,Manual Review
124970835,15125.0, 60 months,24.85,E,E3,10+ years,RENT,42000.0,Verified,debt_consolidation,WI,32.03,0.0,680.0,684.0,2.0,82.0,15.0,Individual,6,High Risk,Manual Review
124952346,12625.0, 60 months,26.3,E,E5,4 years,RENT,42000.0,Verified,debt_consolidation,NH,32.97,0.0,670.0,674.0,1.0,28.3,34.0,Individual,5,High Risk,Manual Review
125024157,30000.0, 60 months,28.72,F,F1,10+ years,MORTGAGE,53467.0,Not Verified,debt_consolidation,AZ,43.63,1.0,660.0,664.0,1.0,65.7,30.0,Joint App,6,High Risk,Manual Review
125030446,20000.0, 60 months,23.88,E,E2,10+ years,OWN,85000.0,Verified,credit_card,FL,35.95,0.0,700.0,704.0,1.0,45.7,62.0,Individual,5,High Risk,Manual Review
124827536,25000.0, 60 months,30.65,F,F4,6 years,MORTGAGE,38212.0,Source Verified,debt_consolidation,MA,31.34,0.0,680.0,684.0,3.0,65.2,26.0,Joint App,5,High Risk,Manual Review
124870377,5000.0, 36 months,25.82,E,E4,10+ years,RENT,36000.0,Verified,other,TX,31.37,1.0,660.0,664.0,0.0,63.0,22.0,Individual,6,High Risk,Manual Review
124854389,15000.0, 60 months,24.85,E,E3,2 years,RENT,37710.0,Verified,debt_consolidation,WA,34.72,0.0,690.0,694.0,1.0,60.0,13.0,Individual,5,High Risk,Manual Review
124961154,25000.0, 60 months,24.85,E,E3,< 1 year,RENT,40000.0,Verified,debt_consolidation,NY,63.61,0.0,670.0,674.0,0.0,54.0,30.0,Joint App,5,High Risk,Manual Review
125022996,15000.0, 60 months,26.3,E,E5,9 years,RENT,100000.0,Not Verified,debt_consolidation,TX,31.86,0.0,665.0,669.0,0.0,85.6,46.0,Individual,6,High Risk,Manual Review
124910536,25000.0, 60 months,25.82,E,E4,3 years,MORTGAGE,66000.0,Source Verified,moving,TX,47.05,0.0,660.0,664.0,0.0,77.1,21.0,Joint App,5,High Risk,Manual Review
124749454,10000.0, 60 months,28.72,F,F1,10+ years,MORTGAGE,70000.0,Verified,debt_consolidation,SC,12.91,1.0,675.0,679.0,2.0,84.0,7.0,Individual,5,High Risk,Manual Review
124996872,25000.0, 36 months,22.91,E,E1,10+ years,MORTGAGE,84000.0,Source Verified,credit_card,IN,30.79,0.0,705.0,709.0,0.0,59.4,34.0,Individual,5,High Risk,Manual Review
124861755,20000.0, 60 months,29.69,F,F2,10+ years,OWN,85000.0,Source Verified,debt_consolidation,GA,15.43,2.0,670.0,674.0,1.0,85.6,30.0,Joint App,5,High Risk,Manual Review
124806578,11350.0, 36 months,23.88,E,E2,4 years,MORTGAGE,55000.0,Not Verified,debt_consolidation,AZ,37.49,0.0,685.0,689.0,1.0,47.9,32.0,Individual,5,High Risk,Manual Review
124905765,20000.0, 36 months,21.45,D,D5,4 years,OWN,54000.0,Source Verified,debt_consolidation,GA,33.93,1.0,680.0,684.0,0.0,89.8,20.0,Individual,5,High Risk,Manual Review
124946935,13075.0, 36 months,18.06,D,D2,9 years,MORTGAGE,140125.72,Source Verified,home_improvement,CA,31.03,1.0,670.0,674.0,0.0,84.2,25.0,Joint App,5,High Risk,Manual Review
124005197,40000.0, 60 months,24.85,E,E3,10+ years,MORTGAGE,40000.0,Verified,other,TX,40.11,1.0,710.0,714.0,1.0,59.5,20.0,Joint App,6,High Risk,Manual Review
124987726,16350.0, 60 months,24.85,E,E3,10+ years,MORTGAGE,94000.0,Verified,debt_consolidation,VT,30.33,1.0,660.0,664.0,0.0,75.0,20.0,Individual,6,High Risk,Manual Review
124948281,12000.0, 60 months,25.82,E,E4,10+ years,MORTGAGE,82000.0,Verified,debt_consolidation,TX,30.97,7.0,670.0,674.0,0.0,79.5,28.0,Individual,6,High Risk,Manual Review
124984915,21625.0, 60 months,26.3,E,E5,5 years,OWN,37856.0,Verified,debt_consolidation,TX,32.25,0.0,765.0,769.0,3.0,0.0,41.0,Individual,5,High Risk,Manual Review
124788667,20000.0, 60 months,23.88,E,E2,2 years,MORTGAGE,10000.0,Not Verified,debt_consolidation,AZ,234.45,0.0,680.0,684.0,0.0,68.3,27.0,Joint App,5,High Risk,Manual Review
123935551,1400.0, 36 months,23.88,E,E2,< 1 year,RENT,50000.0,Not Verified,debt_consolidation,AZ,38.54,0.0,695.0,699.0,0.0,21.3,38.0,Individual,5,High Risk,Manual Review
123058974,25000.0, 36 months,26.3,E,E5,10+ years,MORTGAGE,93000.0,Verified,debt_consolidation,FL,39.59,0.0,705.0,709.0,0.0,53.6,24.0,Individual,5,High Risk,Manual Review
122362409,34275.0, 60 months,30.65,F,F4,< 1 year,OWN,85000.0,Source Verified,home_improvement,IL,32.03,0.0,700.0,704.0,0.0,44.7,27.0,Joint App,5,High Risk,Manual Review
124046978,25000.0, 60 months,30.75,F,F5,10+ years,RENT,60000.0,Not Verified,debt_consolidation,MI,33.52,0.0,670.0,674.0,1.0,50.5,28.0,Individual,5,High Risk,Manual Review
124915272,40000.0, 36 months,25.82,E,E4,10+ years,MORTGAGE,78000.0,Verified,credit_card,SD,48.99,0.0,720.0,724.0,1.0,97.2,19.0,Joint App,6,High Risk,Manual Review
122652883,20000.0, 60 months,25.82,E,E4,10+ years,MORTGAGE,175000.0,Source Verified,debt_consolidation,IN,17.41,1.0,670.0,674.0,0.0,91.4,22.0,Individual,5,High Risk,Manual Review
124838658,32000.0, 60 months,28.72,F,F1,,RENT,12000.0,Source Verified,debt_consolidation,WA,34.2,0.0,720.0,724.0,0.0,26.3,10.0,Joint App,5,High Risk,Manual Review
124977360,8000.0, 36 months,20.0,D,D4,2 years,MORTGAGE,110000.0,Source Verified,medical,TX,34.26,3.0,670.0,674.0,3.0,94.5,34.0,Joint App,5,High Risk,Manual Review
124141016,11000.0, 60 months,26.3,E,E5,1 year,MORTGAGE,65000.0,Verified,major_purchase,FL,33.4,0.0,695.0,699.0,2.0,10.0,34.0,Individual,5,High Risk,Manual Review
124775324,10000.0, 60 months,25.82,E,E4,1 year,MORTGAGE,45000.0,Not Verified,credit_card,GA,37.41,1.0,665.0,669.0,0.0,69.0,8.0,Joint App,6,High Risk,Manual Review
124911215,20000.0, 60 months,30.94,G,G4,,OWN,61000.0,Verified,other,WA,34.29,0.0,670.0,674.0,3.0,51.8,44.0,Individual,5,High Risk,Manual Review
124927977,30000.0, 60 months,23.88,E,E2,2 years,MORTGAGE,68000.0,Verified,debt_consolidation,PA,38.67,0.0,690.0,694.0,0.0,77.9,39.0,Individual,5,High Risk,Manual Review
124977861,20000.0, 60 months,23.88,E,E2,1 year,RENT,54000.0,Source Verified,debt_consolidation,VA,35.04,0.0,745.0,749.0,2.0,11.0,23.0,Individual,5,High Risk,Manual Review
124972865,1825.0, 36 months,23.88,E,E2,< 1 year,RENT,26000.0,Not Verified,credit_card,FL,34.16,0.0,670.0,674.0,4.0,99.0,15.0,Individual,6,High Risk,Manual Review
124860940,20000.0, 60 months,23.88,E,E2,10+ years,MORTGAGE,100000.0,Not Verified,debt_consolidation,CO,34.55,0.0,700.0,704.0,0.0,76.0,22.0,Individual,5,High Risk,Manual Review
123898519,20000.0, 60 months,23.88,E,E2,10+ years,OWN,68000.0,Not Verified,credit_card,SC,36.87,1.0,670.0,674.0,0.0,62.8,37.0,Individual,6,High Risk,Manual Review
124962664,1000.0, 36 months,22.91,E,E1,5 years,RENT,58600.0,Source Verified,major_purchase,MO,35.31,0.0,690.0,694.0,0.0,56.7,45.0,Individual,5,High Risk,Manual Review
124777062,10000.0, 60 months,28.72,F,F1,2 years,RENT,75000.0,Source Verified,debt_consolidation,MO,32.97,0.0,685.0,689.0,0.0,64.9,33.0,Individual,5,High Risk,Manual Review
123011997,30000.0, 60 months,30.79,G,G1,2 years,MORTGAGE,72000.0,Source Verified,debt_consolidation,SC,30.62,0.0,720.0,724.0,1.0,57.4,20.0,Individual,5,High Risk,Manual Review
124758102,10100.0, 60 months,24.85,E,E3,,RENT,11160.0,Verified,debt_consolidation,MA,75.63,0.0,700.0,704.0,0.0,57.7,10.0,Joint App,5,High Risk,Manual Review
124080005,12000.0, 60 months,25.82,E,E4,,MORTGAGE,12540.0,Verified,debt_consolidation,TN,71.0,0.0,675.0,679.0,0.0,40.9,21.0,Joint App,5,High Risk,Manual Review
124785249,24025.0, 60 months,30.79,G,G1,10+ years,MORTGAGE,24000.0,Not Verified,debt_consolidation,FL,48.6,0.0,735.0,739.0,0.0,26.1,33.0,Joint App,5,High Risk,Manual Review
124956485,35000.0, 60 months,28.72,F,F1,10+ years,RENT,95000.0,Verified,debt_consolidation,SC,33.68,0.0,695.0,699.0,0.0,98.0,11.0,Individual,6,High Risk,Manual Review
124455865,21000.0, 60 months,30.75,F,F5,4 years,MORTGAGE,36000.0,Source Verified,other,CT,38.54,0.0,685.0,689.0,0.0,66.4,32.0,Joint App,5,High Risk,Manual Review
124031372,35000.0, 60 months,22.91,E,E1,10+ years,MORTGAGE,80000.0,Verified,debt_consolidation,IN,33.38,0.0,705.0,709.0,1.0,57.0,43.0,Individual,5,High Risk,Manual Review
124825493,10000.0, 60 months,24.85,E,E3,,MORTGAGE,12500.0,Verified,debt_consolidation,IN,85.3,0.0,670.0,674.0,0.0,96.5,19.0,Joint App,6,High Risk,Manual Review
124455636,30000.0, 60 months,25.82,E,E4,10+ years,MORTGAGE,90000.0,Verified,home_improvement,CT,33.32,0.0,700.0,704.0,0.0,77.5,26.0,Individual,5,High Risk,Manual Review
124872848,1500.0, 36 months,22.91,E,E1,3 years,OWN,17000.0,Source Verified,credit_card,NJ,31.36,0.0,705.0,709.0,0.0,4.4,10.0,Individual,5,High Risk,Manual Review
124007202,12000.0, 60 months,23.88,E,E2,4 years,RENT,59000.0,Not Verified,debt_consolidation,TN,37.35,1.0,715.0,719.0,0.0,37.4,51.0,Individual,6,High Risk,Manual Review
120215847,22400.0, 60 months,24.85,E,E3,< 1 year,RENT,39000.0,Verified,debt_consolidation,PA,34.89,0.0,685.0,689.0,0.0,72.1,20.0,Joint App,5,High Risk,Manual Review
124151805,35000.0, 60 months,30.75,F,F5,4 years,MORTGAGE,89814.0,Verified,debt_consolidation,KY,32.4,0.0,685.0,689.0,1.0,68.0,37.0,Individual,5,High Risk,Manual Review
124835009,7500.0, 36 months,17.09,D,D1,10+ years,MORTGAGE,28000.0,Verified,home_improvement,UT,45.99,2.0,710.0,714.0,0.0,87.6,14.0,Joint App,5,High Risk,Manual Review
124132383,23400.0, 60 months,30.75,F,F5,5 years,OWN,52000.0,Verified,debt_consolidation,GA,34.13,1.0,660.0,664.0,2.0,55.0,16.0,Individual,6,High Risk,Manual Review
122278595,36100.0, 36 months,29.69,F,F2,10+ years,MORTGAGE,70000.0,Verified,debt_consolidation,GA,39.87,0.0,680.0,684.0,0.0,77.0,15.0,Joint App,5,High Risk,Manual Review
124756911,25200.0, 36 months,22.91,E,E1,10+ years,MORTGAGE,80000.0,Verified,debt_consolidation,PA,34.98,1.0,680.0,684.0,0.0,81.0,14.0,Individual,7,High Risk,Manual Review
124878430,15000.0, 60 months,26.3,E,E5,,MORTGAGE,45000.0,Not Verified,debt_consolidation,FL,37.81,2.0,680.0,684.0,1.0,48.0,24.0,Joint App,6,High Risk,Manual Review
122974629,25000.0, 60 months,25.82,E,E4,10+ years,MORTGAGE,62000.0,Source Verified,debt_consolidation,CA,41.58,2.0,685.0,689.0,1.0,83.8,21.0,Joint App,7,High Risk,Manual Review
122296180,15000.0, 36 months,23.88,E,E2,6 years,RENT,40000.0,Source Verified,debt_consolidation,NJ,35.88,1.0,680.0,684.0,0.0,45.2,39.0,Individual,6,High Risk,Manual Review
122321736,13150.0, 36 months,30.75,F,F5,10+ years,RENT,141000.0,Verified,credit_card,NY,39.51,0.0,680.0,684.0,0.0,66.5,25.0,Individual,5,High Risk,Manual Review
124856043,12600.0, 60 months,30.79,G,G1,10+ years,RENT,18000.0,Verified,small_business,FL,59.8,0.0,730.0,734.0,2.0,95.6,7.0,Joint App,6,High Risk,Manual Review
124943350,10000.0, 60 months,23.88,E,E2,5 years,RENT,43000.0,Source Verified,debt_consolidation,TX,33.32,2.0,700.0,704.0,0.0,5.4,25.0,Individual,6,High Risk,Manual Review
124081528,21000.0, 60 months,15.05,C,C4,,MORTGAGE,18264.0,Verified,major_purchase,VA,138.76,1.0,705.0,709.0,0.0,84.3,31.0,Joint App,5,High Risk,Manual Review
124921280,18500.0, 60 months,24.85,E,E3,2 years,MORTGAGE,37000.0,Source Verified,debt_consolidation,MD,45.67,0.0,675.0,679.0,0.0,61.7,21.0,Joint App,5,High Risk,Manual Review
124056062,28000.0, 60 months,24.85,E,E3,2 years,RENT,74000.0,Verified,debt_consolidation,MN,32.29,0.0,700.0,704.0,2.0,41.7,49.0,Individual,5,High Risk,Manual Review
124914661,24000.0, 60 months,15.05,C,C4,5 years,MORTGAGE,75000.0,Verified,credit_card,PA,39.78,4.0,665.0,669.0,0.0,99.3,39.0,Individual,5,High Risk,Manual Review
121852288,35000.0, 36 months,25.82,E,E4,< 1 year,MORTGAGE,40000.0,Verified,debt_consolidation,MA,38.06,0.0,665.0,669.0,1.0,34.7,22.0,Joint App,5,High Risk,Manual Review
121273119,36225.0, 36 months,26.3,E,E5,10+ years,MORTGAGE,65000.0,Verified,debt_consolidation,NY,60.23,0.0,695.0,699.0,0.0,80.9,27.0,Joint App,6,High Risk,Manual Review
124807974,24000.0, 60 months,23.88,E,E2,10+ years,MORTGAGE,50000.0,Verified,home_improvement,OK,37.18,0.0,670.0,674.0,2.0,53.4,39.0,Individual,5,High Risk,Manual Review
124061908,35000.0, 60 months,23.88,E,E2,< 1 year,MORTGAGE,13000.0,Not Verified,debt_consolidation,SD,51.52,0.0,735.0,739.0,0.0,56.1,27.0,Joint App,5,High Risk,Manual Review
124904777,6500.0, 36 months,24.85,E,E3,4 years,MORTGAGE,36000.0,Not Verified,debt_consolidation,CA,36.53,1.0,660.0,664.0,0.0,57.1,20.0,Joint App,6,High Risk,Manual Review
124719888,32000.0, 60 months,19.03,D,D3,10+ years,MORTGAGE,30000.0,Not Verified,small_business,OH,54.96,2.0,680.0,684.0,0.0,97.4,27.0,Joint App,5,High Risk,Manual Review
124747846,11200.0, 60 months,30.65,F,F4,10+ years,RENT,28000.0,Verified,debt_consolidation,NH,37.98,0.0,665.0,669.0,1.0,56.7,23.0,Individual,5,High Risk,Manual Review
124861861,4000.0, 36 months,23.88,E,E2,10+ years,OWN,158000.0,Verified,debt_consolidation,CO,18.62,2.0,675.0,679.0,1.0,91.8,28.0,Individual,5,High Risk,Manual Review
122419752,20250.0, 60 months,30.65,F,F4,1 year,RENT,45000.0,Verified,debt_consolidation,KS,31.52,0.0,660.0,664.0,0.0,67.0,13.0,Individual,5,High Risk,Manual Review
124773339,15500.0, 60 months,30.79,G,G1,10+ years,OWN,151000.0,Verified,debt_consolidation,TX,33.89,0.0,705.0,709.0,1.0,51.1,41.0,Individual,5,High Risk,Manual Review
124884489,20000.0, 60 months,25.82,E,E4,3 years,RENT,26832.0,Source Verified,credit_card,AZ,30.95,0.0,660.0,664.0,1.0,51.9,19.0,Joint App,5,High Risk,Manual Review
123024628,15000.0, 60 months,23.88,E,E2,10+ years,RENT,64000.0,Not Verified,credit_card,VA,39.26,0.0,695.0,699.0,0.0,26.1,59.0,Individual,5,High Risk,Manual Review
124783305,25000.0, 60 months,30.79,G,G1,,MORTGAGE,70000.0,Not Verified,debt_consolidation,VA,18.55,1.0,665.0,669.0,0.0,81.5,10.0,Individual,5,High Risk,Manual Review
124776636,19000.0, 60 months,24.85,E,E3,10+ years,MORTGAGE,66643.0,Not Verified,credit_card,CA,31.21,0.0,660.0,664.0,1.0,41.7,38.0,Joint App,5,High Risk,Manual Review
124837652,12000.0, 60 months,28.72,F,F1,4 years,RENT,67500.0,Verified,moving,HI,32.3,0.0,690.0,694.0,0.0,46.8,45.0,Individual,5,High Risk,Manual Review
124808850,20000.0, 60 months,24.85,E,E3,3 years,MORTGAGE,48000.0,Verified,debt_consolidation,OH,32.35,0.0,665.0,669.0,0.0,62.8,15.0,Individual,5,High Risk,Manual Review
124848706,11650.0, 60 months,23.88,E,E2,10+ years,MORTGAGE,40000.0,Source Verified,debt_consolidation,SC,31.38,0.0,725.0,729.0,0.0,31.7,19.0,Individual,5,High Risk,Manual Review
124116917,17000.0, 60 months,28.72,F,F1,10+ years,OWN,60000.0,Source Verified,debt_consolidation,MN,30.64,0.0,660.0,664.0,3.0,94.0,21.0,Individual,6,High Risk,Manual Review
124137842,24850.0, 60 months,26.3,E,E5,7 years,MORTGAGE,69000.0,Source Verified,debt_consolidation,NC,14.49,1.0,665.0,669.0,0.0,83.0,13.0,Individual,5,High Risk,Manual Review
124422084,20775.0, 36 months,25.82,E,E4,,RENT,50000.0,Not Verified,debt_consolidation,VA,33.39,2.0,700.0,704.0,0.0,39.1,31.0,Individual,6,High Risk,Manual Review
124728611,9400.0, 36 months,16.02,C,C5,1 year,MORTGAGE,42000.0,Verified,debt_consolidation,KY,34.66,2.0,665.0,669.0,1.0,95.0,30.0,Individual,5,High Risk,Manual Review
124132493,10000.0, 36 months,22.91,E,E1,10+ years,MORTGAGE,60000.0,Not Verified,debt_consolidation,AL,31.24,1.0,665.0,669.0,0.0,29.6,30.0,Joint App,6,High Risk,Manual Review
124885824,15650.0, 60 months,23.88,E,E2,10+ years,MORTGAGE,99000.0,Verified,debt_consolidation,TX,11.23,1.0,665.0,669.0,0.0,97.9,15.0,Individual,5,High Risk,Manual Review
124881561,16000.0, 60 months,24.85,E,E3,1 year,OWN,30226.0,Source Verified,debt_consolidation,CA,48.61,0.0,675.0,679.0,0.0,66.8,16.0,Joint App,5,High Risk,Manual Review
124785627,10000.0, 36 months,15.05,C,C4,10+ years,MORTGAGE,86600.0,Not Verified,debt_consolidation,NY,30.4,1.0,690.0,694.0,0.0,92.2,22.0,Individual,5,High Risk,Manual Review
123069507,20000.0, 36 months,23.88,E,E2,,MORTGAGE,53964.0,Verified,credit_card,CA,31.89,0.0,690.0,694.0,1.0,63.2,31.0,Individual,5,High Risk,Manual Review
124104979,14000.0, 60 months,24.85,E,E3,10+ years,RENT,57000.0,Not Verified,home_improvement,CA,30.17,1.0,700.0,704.0,1.0,41.6,25.0,Individual,6,High Risk,Manual Review
124816989,4200.0, 36 months,24.85,E,E3,10+ years,MORTGAGE,45000.0,Verified,other,CA,30.19,0.0,680.0,684.0,0.0,80.7,29.0,Joint App,6,High Risk,Manual Review
124900190,20000.0, 60 months,23.88,E,E2,3 years,MORTGAGE,40000.0,Not Verified,credit_card,MI,35.7,0.0,710.0,714.0,1.0,56.6,29.0,Joint App,5,High Risk,Manual Review
122295562,15300.0, 60 months,30.89,G,G3,10+ years,MORTGAGE,70000.0,Not Verified,debt_consolidation,TX,36.4,1.0,735.0,739.0,0.0,52.5,22.0,Individual,6,High Risk,Manual Review
124896220,15000.0, 60 months,28.72,F,F1,8 years,OWN,40000.0,Source Verified,debt_consolidation,GA,30.49,0.0,705.0,709.0,0.0,82.7,14.0,Individual,6,High Risk,Manual Review
124833259,20000.0, 60 months,24.85,E,E3,6 years,MORTGAGE,40000.0,Verified,debt_consolidation,NC,52.54,0.0,660.0,664.0,0.0,98.5,21.0,Joint App,6,High Risk,Manual Review
124121752,35000.0, 60 months,15.05,C,C4,10+ years,MORTGAGE,63000.0,Source Verified,debt_consolidation,IN,30.82,1.0,705.0,709.0,0.0,82.4,17.0,Joint App,5,High Risk,Manual Review
124060430,12000.0, 60 months,28.72,F,F1,7 years,MORTGAGE,40000.0,Not Verified,debt_consolidation,MO,35.43,9.0,660.0,664.0,1.0,82.5,33.0,Individual,7,High Risk,Manual Review
124865706,19975.0, 60 months,29.69,F,F2,8 years,MORTGAGE,62540.0,Verified,debt_consolidation,VA,54.95,0.0,685.0,689.0,0.0,70.4,44.0,Joint App,5,High Risk,Manual Review
124448717,15000.0, 60 months,28.72,F,F1,5 years,RENT,72000.0,Verified,debt_consolidation,AZ,34.77,0.0,690.0,694.0,0.0,80.2,26.0,Joint App,6,High Risk,Manual Review
124091631,20000.0, 36 months,22.91,E,E1,2 years,RENT,50000.0,Source Verified,debt_consolidation,LA,30.12,0.0,705.0,709.0,1.0,41.7,23.0,Individual,5,High Risk,Manual Review
124827464,24950.0, 60 months,24.85,E,E3,5 years,MORTGAGE,40000.0,Source Verified,debt_consolidation,WY,71.98,0.0,735.0,739.0,0.0,59.5,27.0,Joint App,5,High Risk,Manual Review
124784324,30000.0, 60 months,26.3,E,E5,10+ years,MORTGAGE,62660.0,Verified,debt_consolidation,OH,30.72,0.0,700.0,704.0,4.0,31.0,39.0,Individual,5,High Risk,Manual Review
124827834,20000.0, 60 months,29.69,F,F2,2 years,MORTGAGE,45000.0,Verified,debt_consolidation,TX,45.89,0.0,680.0,684.0,0.0,38.8,17.0,Joint App,5,High Risk,Manual Review
124875584,20000.0, 60 months,24.85,E,E3,10+ years,RENT,70000.0,Source Verified,debt_consolidation,TX,33.74,1.0,690.0,694.0,1.0,81.9,32.0,Individual,7,High Risk,Manual Review
124456218,15000.0, 60 months,23.88,E,E2,10+ years,RENT,18000.0,Verified,debt_consolidation,TN,108.67,0.0,710.0,714.0,0.0,30.5,12.0,Joint App,5,High Risk,Manual Review
121853840,35000.0, 36 months,26.3,E,E5,< 1 year,MORTGAGE,73000.0,Source Verified,credit_card,WI,43.83,0.0,720.0,724.0,2.0,90.9,31.0,Joint App,6,High Risk,Manual Review
124858946,11700.0, 36 months,25.82,E,E4,10+ years,MORTGAGE,57000.0,Source Verified,debt_consolidation,CO,30.08,0.0,740.0,744.0,0.0,69.3,21.0,Individual,5,High Risk,Manual Review
124429773,13600.0, 60 months,23.88,E,E2,9 years,RENT,31500.0,Verified,debt_consolidation,NY,31.58,0.0,665.0,669.0,1.0,27.3,10.0,Individual,5,High Risk,Manual Review
124791606,30000.0, 60 months,25.82,E,E4,10+ years,MORTGAGE,49500.0,Verified,debt_consolidation,TX,46.23,3.0,735.0,739.0,0.0,23.0,32.0,Joint App,6,High Risk,Manual Review
124141174,24000.0, 60 months,23.88,E,E2,2 years,RENT,60000.0,Verified,debt_consolidation,CT,30.2,0.0,700.0,704.0,0.0,58.1,23.0,Individual,5,High Risk,Manual Review
122299212,16000.0, 60 months,26.3,E,E5,9 years,MORTGAGE,42000.0,Not Verified,debt_consolidation,IN,32.26,0.0,670.0,674.0,0.0,68.2,15.0,Individual,5,High Risk,Manual Review
121810338,15000.0, 60 months,30.94,G,G4,10+ years,MORTGAGE,55000.0,Verified,debt_consolidation,KS,44.36,0.0,690.0,694.0,0.0,39.7,59.0,Joint App,5,High Risk,Manual Review
124094255,36000.0, 60 months,24.85,E,E3,10+ years,MORTGAGE,70000.0,Verified,debt_consolidation,CA,41.33,1.0,705.0,709.0,2.0,47.8,39.0,Joint App,6,High Risk,Manual Review
124130727,5000.0, 36 months,23.88,E,E2,,RENT,16000.0,Verified,debt_consolidation,TN,39.01,0.0,700.0,704.0,1.0,61.6,11.0,Individual,5,High Risk,Manual Review
124715573,22000.0, 60 months,30.79,G,G1,,MORTGAGE,15000.0,Verified,debt_consolidation,FL,101.84,0.0,710.0,714.0,1.0,52.3,16.0,Joint App,5,High Risk,Manual Review
124460419,20000.0, 36 months,25.82,E,E4,2 years,RENT,38600.0,Verified,credit_card,NY,33.99,0.0,660.0,664.0,0.0,71.8,14.0,Joint App,5,High Risk,Manual Review
124021141,5000.0, 36 months,23.88,E,E2,,RENT,28000.0,Verified,debt_consolidation,MI,42.39,0.0,670.0,674.0,2.0,20.9,29.0,Joint App,5,High Risk,Manual Review
124714676,18350.0, 36 months,23.88,E,E2,8 years,MORTGAGE,40820.0,Verified,home_improvement,FL,34.25,1.0,670.0,674.0,2.0,40.0,19.0,Individual,6,High Risk,Manual Review
124072802,10000.0, 60 months,30.65,F,F4,5 years,OWN,35000.0,Verified,debt_consolidation,NC,38.13,0.0,675.0,679.0,0.0,28.6,14.0,Individual,5,High Risk,Manual Review
122312898,10000.0, 36 months,22.91,E,E1,5 years,RENT,39582.0,Source Verified,debt_consolidation,WA,35.54,0.0,705.0,709.0,0.0,94.8,15.0,Individual,6,High Risk,Manual Review
122925481,18400.0, 60 months,23.88,E,E2,,OWN,70000.0,Not Verified,credit_card,HI,24.84,2.0,685.0,689.0,0.0,82.2,16.0,Individual,5,High Risk,Manual Review
123908414,38900.0, 60 months,30.79,G,G1,10+ years,MORTGAGE,73494.94,Source Verified,credit_card,MD,31.87,0.0,725.0,729.0,0.0,44.3,26.0,Joint App,5,High Risk,Manual Review
124853214,26900.0, 60 months,28.72,F,F1,1 year,RENT,180000.0,Source Verified,debt_consolidation,PA,27.5,1.0,695.0,699.0,0.0,85.7,26.0,Individual,5,High Risk,Manual Review
124828608,14000.0, 60 months,25.82,E,E4,< 1 year,RENT,48000.0,Not Verified,credit_card,CA,34.57,0.0,700.0,704.0,0.0,41.1,14.0,Individual,5,High Risk,Manual Review
124437922,10000.0, 60 months,25.82,E,E4,10+ years,MORTGAGE,40000.0,Not Verified,debt_consolidation,FL,38.49,3.0,675.0,679.0,0.0,63.0,19.0,Joint App,6,High Risk,Manual Review
124809007,10000.0, 60 months,24.85,E,E3,4 years,MORTGAGE,80000.0,Source Verified,debt_consolidation,GA,37.94,0.0,740.0,744.0,1.0,7.0,36.0,Individual,5,High Risk,Manual Review
124796738,35000.0, 60 months,20.0,D,D4,10+ years,MORTGAGE,60000.0,Not Verified,other,PA,31.34,1.0,685.0,689.0,0.0,85.9,29.0,Joint App,5,High Risk,Manual Review
124116485,15000.0, 36 months,24.85,E,E3,2 years,MORTGAGE,55000.0,Source Verified,other,MA,33.86,3.0,690.0,694.0,0.0,64.1,20.0,Joint App,6,High Risk,Manual Review
124748325,10000.0, 60 months,28.72,F,F1,10+ years,MORTGAGE,46000.0,Verified,debt_consolidation,MA,31.54,0.0,710.0,714.0,1.0,39.5,36.0,Individual,5,High Risk,Manual Review
122304919,16000.0, 60 months,28.72,F,F1,5 years,OWN,58000.0,Source Verified,debt_consolidation,NY,38.61,0.0,660.0,664.0,3.0,63.5,67.0,Individual,5,High Risk,Manual Review
124803921,10000.0, 60 months,26.3,E,E5,10+ years,MORTGAGE,35000.0,Verified,debt_consolidation,TN,76.2,0.0,670.0,674.0,1.0,93.5,26.0,Joint App,6,High Risk,Manual Review
121305524,16000.0, 60 months,25.82,E,E4,5 years,RENT,50000.0,Not Verified,car,NY,30.53,0.0,660.0,664.0,1.0,29.3,22.0,Individual,5,High Risk,Manual Review
124740337,13000.0, 36 months,23.88,E,E2,,MORTGAGE,38000.0,Verified,debt_consolidation,NY,34.49,0.0,670.0,674.0,0.0,46.9,17.0,Individual,5,High Risk,Manual Review
124793072,19000.0, 60 months,23.88,E,E2,6 years,MORTGAGE,48000.0,Not Verified,debt_consolidation,NH,34.55,0.0,695.0,699.0,0.0,87.1,23.0,Joint App,6,High Risk,Manual Review
124757233,18000.0, 60 months,23.88,E,E2,3 years,MORTGAGE,50000.0,Source Verified,credit_card,CA,37.47,0.0,710.0,714.0,0.0,48.7,25.0,Individual,5,High Risk,Manual Review
124438009,15000.0, 60 months,23.88,E,E2,10+ years,MORTGAGE,55000.0,Source Verified,debt_consolidation,OH,33.43,0.0,735.0,739.0,0.0,35.2,51.0,Individual,5,High Risk,Manual Review
124802134,17550.0, 60 months,28.72,F,F1,3 years,MORTGAGE,55000.0,Source Verified,debt_consolidation,OH,38.73,0.0,690.0,694.0,0.0,53.1,24.0,Individual,5,High Risk,Manual Review
124050556,10000.0, 36 months,25.82,E,E4,10+ years,MORTGAGE,42500.0,Verified,debt_consolidation,TX,40.13,1.0,705.0,709.0,2.0,46.5,20.0,Joint App,6,High Risk,Manual Review
124003706,5600.0, 36 months,23.88,E,E2,< 1 year,RENT,35000.0,Verified,other,WA,30.92,0.0,690.0,694.0,0.0,63.8,9.0,Joint App,5,High Risk,Manual Review
123973961,18000.0, 60 months,28.72,F,F1,5 years,RENT,32760.0,Verified,debt_consolidation,MO,39.73,0.0,660.0,664.0,0.0,56.5,14.0,Joint App,5,High Risk,Manual Review
124448137,14000.0, 60 months,20.0,D,D4,10+ years,MORTGAGE,49000.0,Not Verified,credit_card,SC,36.35,1.0,675.0,679.0,0.0,86.9,37.0,Joint App,5,High Risk,Manual Review
124826705,15000.0, 60 months,21.45,D,D5,10+ years,RENT,48000.0,Not Verified,debt_consolidation,CA,30.13,2.0,665.0,669.0,0.0,91.7,14.0,Individual,5,High Risk,Manual Review
124421799,19625.0, 60 months,29.69,F,F2,7 years,MORTGAGE,25150.0,Not Verified,debt_consolidation,IL,48.54,0.0,710.0,714.0,0.0,82.3,9.0,Joint App,6,High Risk,Manual Review
122310910,40000.0, 60 months,30.79,G,G1,3 years,MORTGAGE,96000.0,Verified,other,IL,31.74,0.0,730.0,734.0,1.0,22.4,23.0,Individual,5,High Risk,Manual Review
124788070,15075.0, 60 months,26.3,E,E5,10+ years,MORTGAGE,80000.0,Verified,debt_consolidation,MI,33.63,0.0,670.0,674.0,0.0,61.0,20.0,Individual,5,High Risk,Manual Review
124448380,27050.0, 60 months,25.82,E,E4,2 years,MORTGAGE,45000.0,Source Verified,debt_consolidation,WA,37.09,0.0,710.0,714.0,1.0,93.0,14.0,Joint App,6,High Risk,Manual Review
124717391,15000.0, 60 months,24.85,E,E3,< 1 year,RENT,50000.0,Verified,debt_consolidation,OR,33.37,0.0,675.0,679.0,0.0,43.5,26.0,Individual,5,High Risk,Manual Review
124428699,35000.0, 36 months,23.88,E,E2,5 years,RENT,66000.0,Verified,debt_consolidation,VA,35.25,0.0,680.0,684.0,1.0,61.5,20.0,Joint App,5,High Risk,Manual Review
124455390,15000.0, 60 months,23.88,E,E2,2 years,RENT,43240.0,Verified,debt_consolidation,CA,44.1,1.0,695.0,699.0,0.0,80.4,27.0,Joint App,7,High Risk,Manual Review
124130950,21600.0, 60 months,30.65,F,F4,1 year,RENT,48000.0,Verified,debt_consolidation,VA,34.3,0.0,660.0,664.0,0.0,58.0,12.0,Individual,5,High Risk,Manual Review
124112642,12000.0, 60 months,22.91,E,E1,10+ years,RENT,41600.0,Verified,debt_consolidation,WI,30.96,0.0,665.0,669.0,2.0,81.0,16.0,Individual,6,High Risk,Manual Review
124789211,2075.0, 36 months,25.82,E,E4,10+ years,MORTGAGE,115000.0,Source Verified,debt_consolidation,TX,38.46,0.0,700.0,704.0,0.0,45.0,50.0,Individual,5,High Risk,Manual Review
123059022,25000.0, 60 months,30.17,F,F3,10+ years,MORTGAGE,85000.0,Not Verified,credit_card,MS,37.36,0.0,665.0,669.0,0.0,88.4,34.0,Joint App,6,High Risk,Manual Review
123591809,15000.0, 60 months,29.69,F,F2,3 years,MORTGAGE,85000.0,Verified,small_business,NM,9.12,1.0,660.0,664.0,0.0,89.0,19.0,Individual,5,High Risk,Manual Review
124775036,12000.0, 60 months,23.88,E,E2,10+ years,MORTGAGE,41000.0,Not Verified,car,IN,39.34,0.0,660.0,664.0,1.0,50.2,46.0,Joint App,5,High Risk,Manual Review
124456074,20000.0, 60 months,30.17,F,F3,2 years,MORTGAGE,56000.0,Not Verified,debt_consolidation,AR,35.06,1.0,680.0,684.0,0.0,85.8,16.0,Joint App,7,High Risk,Manual Review
124808855,20000.0, 60 months,25.82,E,E4,10+ years,MORTGAGE,70000.0,Verified,debt_consolidation,AL,30.28,0.0,720.0,724.0,2.0,62.1,33.0,Individual,5,High Risk,Manual Review
121757730,15000.0, 60 months,25.82,E,E4,< 1 year,MORTGAGE,60000.0,Verified,debt_consolidation,OH,32.2,2.0,690.0,694.0,1.0,64.8,36.0,Joint App,6,High Risk,Manual Review
124110523,8900.0, 36 months,26.3,E,E5,,OWN,24732.0,Verified,debt_consolidation,TN,31.88,0.0,675.0,679.0,0.0,62.2,18.0,Individual,5,High Risk,Manual Review
124737345,5000.0, 36 months,23.88,E,E2,10+ years,RENT,53000.0,Not Verified,debt_consolidation,NV,33.49,0.0,665.0,669.0,0.0,64.2,19.0,Individual,5,High Risk,Manual Review
124775533,35000.0, 60 months,25.82,E,E4,10+ years,MORTGAGE,121000.0,Source Verified,credit_card,AR,15.51,1.0,660.0,664.0,1.0,99.0,18.0,Individual,5,High Risk,Manual Review
123986657,3700.0, 36 months,24.85,E,E3,2 years,RENT,28000.0,Verified,debt_consolidation,CO,37.46,0.0,660.0,664.0,0.0,48.8,35.0,Individual,5,High Risk,Manual Review
124780835,20000.0, 60 months,26.3,E,E5,10+ years,RENT,54000.0,Source Verified,debt_consolidation,PA,30.47,1.0,665.0,669.0,0.0,49.7,26.0,Individual,6,High Risk,Manual Review
124763777,10000.0, 60 months,28.72,F,F1,,RENT,26000.0,Not Verified,credit_card,OH,33.75,0.0,665.0,669.0,0.0,28.6,31.0,Individual,5,High Risk,Manual Review
124749817,30000.0, 36 months,24.85,E,E3,6 years,MORTGAGE,38208.0,Verified,credit_card,MN,43.5,0.0,660.0,664.0,0.0,64.8,17.0,Joint App,5,High Risk,Manual Review
123057246,30000.0, 60 months,30.75,F,F5,10+ years,RENT,43000.0,Source Verified,credit_card,FL,35.92,0.0,680.0,684.0,0.0,76.2,9.0,Joint App,5,High Risk,Manual Review
124749198,1500.0, 36 months,24.85,E,E3,3 years,MORTGAGE,64000.0,Not Verified,debt_consolidation,MI,30.85,1.0,715.0,719.0,0.0,30.8,28.0,Individual,6,High Risk,Manual Review
124739943,10000.0, 36 months,22.91,E,E1,8 years,MORTGAGE,63000.0,Not Verified,debt_consolidation,UT,16.44,1.0,660.0,664.0,0.0,80.6,20.0,Individual,5,High Risk,Manual Review
124745245,25850.0, 60 months,20.0,D,D4,6 years,MORTGAGE,116914.0,Not Verified,debt_consolidation,PA,31.61,1.0,685.0,689.0,0.0,88.5,29.0,Individual,5,High Risk,Manual Review
124056606,10000.0, 60 months,30.75,F,F5,< 1 year,MORTGAGE,65000.0,Verified,home_improvement,FL,47.79,0.0,675.0,679.0,1.0,50.4,59.0,Joint App,5,High Risk,Manual Review
124461705,15000.0, 60 months,26.3,E,E5,7 years,MORTGAGE,73000.0,Source Verified,debt_consolidation,SC,21.78,1.0,670.0,674.0,3.0,95.7,32.0,Individual,5,High Risk,Manual Review
124445903,25000.0, 36 months,26.3,E,E5,10+ years,MORTGAGE,130000.0,Verified,debt_consolidation,MN,31.75,0.0,680.0,684.0,0.0,63.0,54.0,Individual,5,High Risk,Manual Review
124741787,16000.0, 36 months,23.88,E,E2,3 years,MORTGAGE,40000.0,Verified,other,NC,32.1,0.0,695.0,699.0,2.0,44.0,36.0,Individual,5,High Risk,Manual Review
124454565,13000.0, 60 months,18.06,D,D2,10+ years,MORTGAGE,45000.0,Not Verified,home_improvement,NY,33.89,1.0,675.0,679.0,0.0,93.0,10.0,Joint App,5,High Risk,Manual Review
121405242,15000.0, 36 months,22.91,E,E1,< 1 year,MORTGAGE,36000.0,Source Verified,debt_consolidation,AR,42.83,0.0,660.0,664.0,0.0,70.3,17.0,Joint App,5,High Risk,Manual Review
123006308,22000.0, 60 months,29.69,F,F2,10+ years,RENT,45000.0,Verified,medical,CA,31.17,0.0,730.0,734.0,0.0,76.9,7.0,Individual,5,High Risk,Manual Review
122194713,8000.0, 36 months,22.91,E,E1,10+ years,MORTGAGE,85000.0,Source Verified,home_improvement,MO,32.36,0.0,730.0,734.0,1.0,30.5,29.0,Individual,5,High Risk,Manual Review
123880915,24000.0, 60 months,23.88,E,E2,10+ years,MORTGAGE,38500.0,Verified,debt_consolidation,MN,37.72,0.0,665.0,669.0,0.0,86.8,19.0,Joint App,6,High Risk,Manual Review
122371577,35000.0, 60 months,26.3,E,E5,1 year,MORTGAGE,92000.0,Verified,debt_consolidation,TX,36.95,0.0,675.0,679.0,0.0,76.1,45.0,Individual,5,High Risk,Manual Review
124415239,32700.0, 60 months,23.88,E,E2,3 years,RENT,65000.0,Verified,debt_consolidation,NY,31.17,0.0,685.0,689.0,0.0,85.7,17.0,Joint App,6,High Risk,Manual Review
124742516,16075.0, 60 months,26.3,E,E5,10+ years,RENT,34000.0,Verified,debt_consolidation,TN,31.94,0.0,685.0,689.0,0.0,56.6,30.0,Individual,5,High Risk,Manual Review
122364832,8000.0, 36 months,23.88,E,E2,10+ years,MORTGAGE,50000.0,Source Verified,debt_consolidation,CO,39.05,0.0,705.0,709.0,0.0,76.6,15.0,Individual,5,High Risk,Manual Review
122348820,12000.0, 36 months,17.09,D,D1,10+ years,MORTGAGE,60000.0,Verified,home_improvement,WI,39.12,1.0,690.0,694.0,0.0,93.1,20.0,Individual,5,High Risk,Manual Review
124416114,10000.0, 60 months,25.82,E,E4,10+ years,MORTGAGE,44131.0,Verified,home_improvement,CT,34.32,0.0,690.0,694.0,1.0,82.5,15.0,Individual,6,High Risk,Manual Review
124139422,6850.0, 36 months,25.82,E,E4,10+ years,OWN,23800.0,Verified,credit_card,VA,31.27,0.0,690.0,694.0,0.0,69.0,16.0,Individual,5,High Risk,Manual Review
122336334,10000.0, 60 months,30.79,G,G1,5 years,MORTGAGE,45000.0,Verified,debt_consolidation,FL,31.52,0.0,665.0,669.0,0.0,34.8,30.0,Individual,5,High Risk,Manual Review
124455824,3750.0, 36 months,19.03,D,D3,10+ years,MORTGAGE,62000.0,Verified,debt_consolidation,WI,30.26,3.0,675.0,679.0,2.0,95.0,14.0,Individual,5,High Risk,Manual Review
124137313,6000.0, 36 months,17.09,D,D1,4 years,MORTGAGE,80000.0,Not Verified,credit_card,CT,38.23,1.0,690.0,694.0,0.0,96.6,25.0,Individual,5,High Risk,Manual Review
124017938,13000.0, 60 months,29.69,F,F2,< 1 year,RENT,95000.0,Verified,other,CA,34.32,0.0,680.0,684.0,0.0,62.2,17.0,Joint App,5,High Risk,Manual Review
124425034,10000.0, 60 months,26.3,E,E5,10+ years,RENT,26000.0,Not Verified,debt_consolidation,NJ,31.07,0.0,715.0,719.0,1.0,21.8,25.0,Joint App,5,High Risk,Manual Review
121806095,10000.0, 36 months,24.85,E,E3,10+ years,MORTGAGE,65000.0,Source Verified,debt_consolidation,SC,30.67,0.0,670.0,674.0,1.0,86.8,40.0,Individual,6,High Risk,Manual Review
121799917,14000.0, 60 months,30.17,F,F3,10+ years,RENT,76000.0,Verified,debt_consolidation,NJ,31.36,0.0,705.0,709.0,1.0,58.9,25.0,Individual,5,High Risk,Manual Review
124123482,35000.0, 60 months,28.72,F,F1,10+ years,MORTGAGE,82542.0,Not Verified,debt_consolidation,OH,31.46,0.0,685.0,689.0,2.0,76.0,15.0,Individual,5,High Risk,Manual Review
123040961,16000.0, 60 months,24.85,E,E3,10+ years,RENT,107000.0,Not Verified,debt_consolidation,CA,30.87,0.0,675.0,679.0,3.0,27.8,64.0,Individual,5,High Risk,Manual Review
124444026,14000.0, 60 months,24.85,E,E3,1 year,RENT,37000.0,Not Verified,debt_consolidation,MI,38.14,0.0,695.0,699.0,0.0,37.7,22.0,Individual,5,High Risk,Manual Review
124091120,9150.0, 36 months,15.05,C,C4,3 years,RENT,55000.0,Verified,debt_consolidation,TN,31.25,1.0,675.0,679.0,0.0,82.0,36.0,Individual,5,High Risk,Manual Review
124059370,35000.0, 36 months,26.3,E,E5,8 years,MORTGAGE,42000.0,Source Verified,debt_consolidation,PA,30.7,0.0,675.0,679.0,2.0,40.5,37.0,Joint App,5,High Risk,Manual Review
124084220,20000.0, 60 months,23.88,E,E2,< 1 year,MORTGAGE,55000.0,Not Verified,debt_consolidation,TX,38.93,0.0,690.0,694.0,0.0,59.0,15.0,Joint App,5,High Risk,Manual Review
124087491,17000.0, 36 months,26.3,E,E5,,OWN,130000.0,Not Verified,debt_consolidation,TX,33.14,0.0,700.0,704.0,1.0,44.2,58.0,Individual,5,High Risk,Manual Review
123042847,18000.0, 60 months,24.85,E,E3,10+ years,MORTGAGE,60300.0,Source Verified,debt_consolidation,NY,35.94,1.0,670.0,674.0,0.0,78.4,31.0,Individual,6,High Risk,Manual Review
124048484,38625.0, 60 months,30.75,F,F5,6 years,MORTGAGE,51400.0,Verified,debt_consolidation,GA,54.45,0.0,755.0,759.0,1.0,43.6,20.0,Joint App,5,High Risk,Manual Review
124066331,10000.0, 60 months,23.88,E,E2,10+ years,MORTGAGE,86000.0,Verified,other,FL,32.17,0.0,680.0,684.0,0.0,95.0,33.0,Individual,6,High Risk,Manual Review
124416042,15000.0, 36 months,22.91,E,E1,9 years,MORTGAGE,95614.0,Not Verified,debt_consolidation,FL,31.83,1.0,705.0,709.0,1.0,99.4,28.0,Joint App,7,High Risk,Manual Review
124028778,10975.0, 60 months,30.79,G,G1,,MORTGAGE,20400.0,Verified,debt_consolidation,AZ,32.06,0.0,705.0,709.0,2.0,39.1,13.0,Joint App,5,High Risk,Manual Review
123958425,16000.0, 60 months,26.3,E,E5,4 years,MORTGAGE,55000.0,Source Verified,credit_card,WI,43.81,0.0,685.0,689.0,0.0,83.2,26.0,Joint App,6,High Risk,Manual Review
124433170,25000.0, 36 months,25.82,E,E4,10+ years,RENT,119000.0,Source Verified,debt_consolidation,CO,22.91,1.0,670.0,674.0,0.0,91.5,24.0,Individual,5,High Risk,Manual Review
123010083,5000.0, 36 months,25.82,E,E4,< 1 year,RENT,24000.0,Source Verified,debt_consolidation,CA,37.3,0.0,690.0,694.0,2.0,26.1,7.0,Joint App,5,High Risk,Manual Review
124434697,20000.0, 60 months,25.82,E,E4,,MORTGAGE,15650.0,Verified,credit_card,MN,52.15,1.0,690.0,694.0,0.0,41.6,19.0,Joint App,6,High Risk,Manual Review
123028091,28000.0, 60 months,28.72,F,F1,9 years,RENT,42000.0,Verified,debt_consolidation,TX,38.46,1.0,670.0,674.0,1.0,40.0,22.0,Joint App,6,High Risk,Manual Review
123938861,10000.0, 60 months,23.88,E,E2,1 year,MORTGAGE,18000.0,Not Verified,home_improvement,MA,35.6,0.0,730.0,734.0,0.0,9.9,13.0,Joint App,5,High Risk,Manual Review
124050617,6000.0, 36 months,15.05,C,C4,7 years,RENT,70000.0,Source Verified,debt_consolidation,GA,30.74,2.0,665.0,669.0,1.0,93.7,24.0,Individual,5,High Risk,Manual Review
122267728,35000.0, 36 months,26.3,E,E5,5 years,MORTGAGE,235000.0,Source Verified,debt_consolidation,CO,6.97,1.0,710.0,714.0,1.0,102.8,17.0,Individual,5,High Risk,Manual Review
124119489,34000.0, 60 months,24.85,E,E3,5 years,MORTGAGE,61300.0,Verified,debt_consolidation,KS,48.46,0.0,715.0,719.0,1.0,85.2,46.0,Joint App,6,High Risk,Manual Review
121847378,10000.0, 60 months,30.75,F,F5,10+ years,MORTGAGE,83000.0,Source Verified,debt_consolidation,MS,35.34,0.0,705.0,709.0,0.0,95.5,21.0,Individual,6,High Risk,Manual Review
124429188,12000.0, 36 months,22.91,E,E1,10+ years,OWN,78000.0,Not Verified,debt_consolidation,TX,38.49,1.0,660.0,664.0,0.0,73.8,23.0,Individual,6,High Risk,Manual Review
124083171,10000.0, 36 months,15.05,C,C4,,MORTGAGE,22452.0,Verified,debt_consolidation,LA,33.24,1.0,670.0,674.0,0.0,95.7,25.0,Joint App,5,High Risk,Manual Review
124006281,30000.0, 60 months,24.85,E,E3,< 1 year,OWN,50000.0,Not Verified,debt_consolidation,TX,30.53,0.0,680.0,684.0,0.0,54.6,30.0,Joint App,5,High Risk,Manual Review
124106861,25000.0, 60 months,30.79,G,G1,10+ years,MORTGAGE,35000.0,Verified,debt_consolidation,OR,34.67,0.0,725.0,729.0,2.0,65.8,13.0,Joint App,5,High Risk,Manual Review
124083397,15000.0, 60 months,26.3,E,E5,10+ years,OWN,40000.0,Verified,credit_card,MO,38.67,0.0,705.0,709.0,0.0,54.8,21.0,Individual,5,High Risk,Manual Review
123596974,21050.0, 36 months,25.82,E,E4,,OWN,145000.0,Verified,credit_card,NY,33.18,0.0,715.0,719.0,2.0,93.4,24.0,Individual,6,High Risk,Manual Review
123948931,4200.0, 36 months,26.3,E,E5,,MORTGAGE,61000.0,Source Verified,moving,TX,41.33,0.0,720.0,724.0,3.0,30.9,38.0,Joint App,5,High Risk,Manual Review
121818753,3625.0, 36 months,26.3,E,E5,10+ years,RENT,65000.0,Verified,other,TX,35.27,0.0,730.0,734.0,1.0,28.8,8.0,Individual,5,High Risk,Manual Review
123888076,30000.0, 36 months,19.03,D,D3,4 years,RENT,116000.0,Source Verified,debt_consolidation,CA,31.07,2.0,660.0,664.0,0.0,80.8,13.0,Individual,5,High Risk,Manual Review
123955288,18000.0, 60 months,26.3,E,E5,10+ years,MORTGAGE,48000.0,Verified,debt_consolidation,AR,38.33,1.0,690.0,694.0,0.0,52.6,23.0,Individual,6,High Risk,Manual Review
124124217,10000.0, 36 months,23.88,E,E2,10+ years,MORTGAGE,85000.0,Source Verified,debt_consolidation,VA,24.57,11.0,660.0,664.0,1.0,80.8,23.0,Individual,5,High Risk,Manual Review
123621794,24000.0, 60 months,28.72,F,F1,10+ years,MORTGAGE,160000.0,Source Verified,debt_consolidation,NY,9.66,4.0,660.0,664.0,0.0,92.5,25.0,Individual,5,High Risk,Manual Review
124125132,7000.0, 36 months,23.88,E,E2,10+ years,RENT,45000.0,Not Verified,debt_consolidation,CA,10.69,1.0,660.0,664.0,2.0,81.1,5.0,Individual,5,High Risk,Manual Review
124026827,33000.0, 60 months,23.88,E,E2,4 years,RENT,58000.0,Source Verified,debt_consolidation,TX,33.46,0.0,720.0,724.0,1.0,42.4,23.0,Joint App,5,High Risk,Manual Review
122658798,15000.0, 60 months,24.85,E,E3,< 1 year,RENT,40000.0,Verified,credit_card,GA,48.6,0.0,690.0,694.0,1.0,43.4,45.0,Joint App,5,High Risk,Manual Review
122419624,33600.0, 60 months,29.69,F,F2,2 years,OWN,70000.0,Source Verified,debt_consolidation,TX,38.59,0.0,710.0,714.0,0.0,71.6,27.0,Individual,5,High Risk,Manual Review
123885162,30000.0, 60 months,23.88,E,E2,5 years,MORTGAGE,82000.0,Source Verified,debt_consolidation,WI,34.49,1.0,705.0,709.0,0.0,49.0,45.0,Individual,6,High Risk,Manual Review
122347628,6000.0, 36 months,23.88,E,E2,7 years,MORTGAGE,70000.0,Verified,medical,MD,39.17,0.0,670.0,674.0,2.0,95.7,22.0,Joint App,6,High Risk,Manual Review
121919952,35675.0, 36 months,26.3,E,E5,< 1 year,MORTGAGE,52418.0,Verified,debt_consolidation,AZ,36.79,0.0,690.0,694.0,0.0,73.4,26.0,Joint App,5,High Risk,Manual Review
122654610,21000.0, 60 months,23.88,E,E2,10+ years,MORTGAGE,41000.0,Verified,credit_card,FL,31.94,0.0,665.0,669.0,0.0,86.7,13.0,Joint App,6,High Risk,Manual Review
122361033,40000.0, 60 months,23.88,E,E2,10+ years,OWN,90000.0,Verified,debt_consolidation,TX,37.07,0.0,715.0,719.0,2.0,41.5,49.0,Individual,5,High Risk,Manual Review
123053641,11000.0, 60 months,25.82,E,E4,7 years,RENT,37000.0,Verified,debt_consolidation,FL,30.75,0.0,715.0,719.0,0.0,51.2,16.0,Individual,5,High Risk,Manual Review
123933255,18000.0, 60 months,30.79,G,G1,5 years,RENT,48000.0,Verified,debt_consolidation,CA,30.75,0.0,675.0,679.0,3.0,57.1,20.0,Individual,5,High Risk,Manual Review
124066007,15000.0, 36 months,20.0,D,D4,7 years,MORTGAGE,120000.0,Verified,house,CA,36.04,2.0,665.0,669.0,0.0,90.8,37.0,Individual,5,High Risk,Manual Review
121822354,16000.0, 60 months,25.82,E,E4,5 years,RENT,54000.0,Verified,debt_consolidation,NY,33.86,0.0,685.0,689.0,0.0,64.7,31.0,Joint App,5,High Risk,Manual Review
121903042,10000.0, 60 months,30.17,F,F3,,MORTGAGE,35000.0,Verified,debt_consolidation,NC,38.2,0.0,710.0,714.0,0.0,43.1,25.0,Individual,5,High Risk,Manual Review
124038324,10000.0, 60 months,23.88,E,E2,2 years,OWN,45000.0,Not Verified,debt_consolidation,NY,37.39,0.0,730.0,734.0,0.0,46.2,17.0,Individual,5,High Risk,Manual Review
124082811,13000.0, 60 months,30.17,F,F3,< 1 year,RENT,39000.0,Verified,debt_consolidation,ND,33.23,0.0,685.0,689.0,1.0,81.5,22.0,Individual,6,High Risk,Manual Review
122247762,1600.0, 36 months,22.91,E,E1,1 year,MORTGAGE,27000.0,Source Verified,vacation,WI,53.8,0.0,685.0,689.0,0.0,83.3,22.0,Joint App,6,High Risk,Manual Review
124062001,31600.0, 36 months,23.88,E,E2,< 1 year,MORTGAGE,18900.0,Not Verified,debt_consolidation,SC,62.65,0.0,725.0,729.0,1.0,5.9,24.0,Joint App,5,High Risk,Manual Review
124073773,5825.0, 36 months,26.3,E,E5,< 1 year,RENT,36000.0,Source Verified,debt_consolidation,SC,33.0,0.0,705.0,709.0,0.0,49.7,20.0,Individual,5,High Risk,Manual Review
124099473,31500.0, 60 months,30.84,G,G2,10+ years,MORTGAGE,70000.0,Verified,debt_consolidation,GA,31.08,0.0,695.0,699.0,1.0,39.0,43.0,Individual,5,High Risk,Manual Review
124055850,7975.0, 36 months,22.91,E,E1,< 1 year,MORTGAGE,36000.0,Not Verified,debt_consolidation,IL,39.3,1.0,695.0,699.0,0.0,28.3,28.0,Joint App,6,High Risk,Manual Review
119975818,20000.0, 60 months,16.02,C,C5,,RENT,90000.0,Not Verified,debt_consolidation,FL,30.64,2.0,675.0,679.0,0.0,86.3,22.0,Individual,5,High Risk,Manual Review
121317523,12000.0, 36 months,22.91,E,E1,< 1 year,MORTGAGE,35000.0,Source Verified,debt_consolidation,IN,31.31,0.0,680.0,684.0,0.0,50.5,17.0,Joint App,5,High Risk,Manual Review
122302269,10000.0, 60 months,24.85,E,E3,< 1 year,MORTGAGE,73000.0,Not Verified,credit_card,NC,38.2,0.0,660.0,664.0,0.0,52.0,17.0,Joint App,5,High Risk,Manual Review
123927693,25350.0, 36 months,25.82,E,E4,< 1 year,RENT,40000.0,Verified,debt_consolidation,OH,70.9,0.0,670.0,674.0,1.0,77.5,10.0,Joint App,5,High Risk,Manual Review
124072404,16000.0, 60 months,25.82,E,E4,7 years,MORTGAGE,75000.0,Source Verified,debt_consolidation,FL,18.0,1.0,665.0,669.0,3.0,81.0,15.0,Individual,5,High Risk,Manual Review
123620087,15000.0, 36 months,24.85,E,E3,,MORTGAGE,48000.0,Verified,debt_consolidation,NC,43.73,4.0,675.0,679.0,1.0,30.7,20.0,Joint App,6,High Risk,Manual Review
124026390,25000.0, 36 months,26.3,E,E5,6 years,RENT,80400.0,Source Verified,debt_consolidation,CO,35.63,0.0,710.0,714.0,1.0,95.6,16.0,Individual,6,High Risk,Manual Review
121705807,18000.0, 36 months,22.91,E,E1,1 year,RENT,40000.0,Verified,debt_consolidation,KS,34.41,0.0,675.0,679.0,0.0,95.0,38.0,Individual,6,High Risk,Manual Review
123922830,13000.0, 60 months,26.3,E,E5,10+ years,MORTGAGE,48000.0,Verified,debt_consolidation,IL,34.85,0.0,675.0,679.0,0.0,62.0,33.0,Individual,5,High Risk,Manual Review
124042428,23000.0, 60 months,30.75,F,F5,10+ years,MORTGAGE,88000.0,Verified,other,NC,33.06,0.0,705.0,709.0,0.0,70.4,27.0,Individual,5,High Risk,Manual Review
120554774,12000.0, 36 months,23.88,E,E2,< 1 year,RENT,10000.0,Not Verified,debt_consolidation,CA,94.32,1.0,670.0,674.0,2.0,71.2,15.0,Joint App,6,High Risk,Manual Review
123018885,21600.0, 60 months,26.3,E,E5,,MORTGAGE,11000.0,Verified,debt_consolidation,OK,181.55,2.0,695.0,699.0,0.0,37.8,18.0,Joint App,6,High Risk,Manual Review
124053358,12000.0, 60 months,28.72,F,F1,< 1 year,RENT,28000.0,Source Verified,other,NC,60.14,0.0,710.0,714.0,1.0,59.1,24.0,Joint App,5,High Risk,Manual Review
124015045,10000.0, 60 months,24.85,E,E3,2 years,MORTGAGE,45000.0,Verified,other,IN,34.16,0.0,665.0,669.0,1.0,55.6,48.0,Individual,5,High Risk,Manual Review
121871338,35000.0, 60 months,30.65,F,F4,3 years,RENT,50000.0,Verified,debt_consolidation,NY,35.65,0.0,715.0,719.0,1.0,23.9,19.0,Joint App,5,High Risk,Manual Review
123010361,1800.0, 36 months,23.88,E,E2,10+ years,OWN,23000.0,Not Verified,other,VA,33.3,0.0,715.0,719.0,0.0,54.1,18.0,Individual,5,High Risk,Manual Review
124016112,5675.0, 36 months,22.91,E,E1,< 1 year,MORTGAGE,36000.0,Not Verified,debt_consolidation,WA,68.95,0.0,695.0,699.0,1.0,88.0,27.0,Joint App,6,High Risk,Manual Review
123612041,18300.0, 60 months,26.3,E,E5,7 years,RENT,165000.0,Not Verified,credit_card,CA,35.53,0.0,720.0,724.0,0.0,60.9,39.0,Individual,5,High Risk,Manual Review
123987911,14000.0, 60 months,26.3,E,E5,3 years,RENT,28000.0,Verified,debt_consolidation,NV,58.21,0.0,690.0,694.0,1.0,80.0,7.0,Joint App,5,High Risk,Manual Review
122364284,21275.0, 36 months,30.75,F,F5,,RENT,10800.0,Verified,other,NY,58.87,0.0,690.0,694.0,2.0,37.0,36.0,Joint App,5,High Risk,Manual Review
121819995,20000.0, 60 months,26.3,E,E5,4 years,MORTGAGE,90000.0,Verified,debt_consolidation,CT,37.01,1.0,700.0,704.0,0.0,35.5,32.0,Individual,6,High Risk,Manual Review
121444220,20000.0, 60 months,25.82,E,E4,,RENT,57588.0,Verified,debt_consolidation,CA,37.47,0.0,705.0,709.0,0.0,56.8,11.0,Individual,5,High Risk,Manual Review
124017816,10000.0, 36 months,22.91,E,E1,8 years,RENT,105270.0,Not Verified,debt_consolidation,AZ,34.25,0.0,685.0,689.0,0.0,73.6,17.0,Joint App,5,High Risk,Manual Review
122688524,12000.0, 36 months,22.91,E,E1,< 1 year,MORTGAGE,42000.0,Not Verified,debt_consolidation,NC,36.49,0.0,680.0,684.0,1.0,32.1,15.0,Joint App,5,High Risk,Manual Review
124042115,21100.0, 60 months,21.45,D,D5,4 years,MORTGAGE,20000.0,Not Verified,debt_consolidation,TX,41.48,1.0,660.0,664.0,0.0,95.5,12.0,Joint App,5,High Risk,Manual Review
122645852,20000.0, 36 months,22.91,E,E1,< 1 year,RENT,13859.0,Verified,debt_consolidation,OK,77.82,0.0,680.0,684.0,0.0,48.8,11.0,Joint App,5,High Risk,Manual Review
124041554,35000.0, 36 months,23.88,E,E2,< 1 year,RENT,85000.0,Verified,debt_consolidation,IL,33.97,0.0,715.0,719.0,4.0,38.0,43.0,Individual,5,High Risk,Manual Review
122284315,15000.0, 60 months,28.72,F,F1,1 year,RENT,60000.0,Source Verified,debt_consolidation,NY,15.46,1.0,675.0,679.0,0.0,84.6,29.0,Individual,5,High Risk,Manual Review
124055460,1000.0, 36 months,23.88,E,E2,10+ years,MORTGAGE,40000.0,Not Verified,debt_consolidation,TX,30.63,0.0,665.0,669.0,0.0,95.6,27.0,Individual,6,High Risk,Manual Review
124033217,20000.0, 60 months,28.72,F,F1,10+ years,MORTGAGE,65000.0,Not Verified,debt_consolidation,SC,30.17,0.0,695.0,699.0,1.0,56.7,44.0,Joint App,5,High Risk,Manual Review
123962426,22000.0, 60 months,26.3,E,E5,< 1 year,RENT,57000.0,Not Verified,debt_consolidation,TX,37.73,0.0,715.0,719.0,0.0,64.8,27.0,Individual,5,High Risk,Manual Review
123055118,20000.0, 60 months,30.75,F,F5,10+ years,MORTGAGE,85000.0,Source Verified,debt_consolidation,TX,34.78,0.0,660.0,664.0,0.0,70.3,46.0,Joint App,5,High Risk,Manual Review
123064918,23525.0, 60 months,28.72,F,F1,10+ years,OWN,75000.0,Verified,other,CO,39.47,0.0,700.0,704.0,0.0,56.1,18.0,Joint App,5,High Risk,Manual Review
123066008,19900.0, 60 months,30.79,G,G1,< 1 year,MORTGAGE,23000.0,Verified,debt_consolidation,CO,41.39,0.0,665.0,669.0,1.0,84.7,19.0,Joint App,6,High Risk,Manual Review
123951620,10450.0, 36 months,23.88,E,E2,< 1 year,OWN,30000.0,Not Verified,debt_consolidation,KS,69.72,0.0,685.0,689.0,1.0,97.9,43.0,Joint App,6,High Risk,Manual Review
123962195,20000.0, 60 months,23.88,E,E2,10+ years,MORTGAGE,88000.0,Not Verified,debt_consolidation,CA,33.77,0.0,675.0,679.0,0.0,47.6,36.0,Joint App,5,High Risk,Manual Review
123962923,30000.0, 60 months,23.88,E,E2,10+ years,MORTGAGE,75000.0,Verified,debt_consolidation,MS,36.59,0.0,720.0,724.0,0.0,75.1,25.0,Individual,5,High Risk,Manual Review
123995360,30400.0, 60 months,25.82,E,E4,10+ years,MORTGAGE,33862.0,Verified,debt_consolidation,KS,59.41,0.0,750.0,754.0,2.0,80.6,30.0,Joint App,6,High Risk,Manual Review
123900124,14000.0, 36 months,19.03,D,D3,10+ years,RENT,40000.0,Source Verified,debt_consolidation,HI,33.06,1.0,665.0,669.0,0.0,89.2,12.0,Individual,5,High Risk,Manual Review
121862637,22900.0, 60 months,24.85,E,E3,10+ years,MORTGAGE,65000.0,Verified,credit_card,IN,34.25,0.0,680.0,684.0,1.0,81.9,21.0,Joint App,6,High Risk,Manual Review
123971771,10000.0, 60 months,24.85,E,E3,4 years,RENT,25000.0,Verified,other,FL,35.77,0.0,705.0,709.0,0.0,26.8,9.0,Individual,5,High Risk,Manual Review
123905147,30000.0, 60 months,23.88,E,E2,10+ years,MORTGAGE,68000.0,Not Verified,debt_consolidation,TX,35.4,0.0,715.0,719.0,1.0,70.8,32.0,Joint App,5,High Risk,Manual Review
123882519,13350.0, 36 months,19.03,D,D3,10+ years,MORTGAGE,38019.0,Not Verified,debt_consolidation,PA,33.14,1.0,665.0,669.0,0.0,88.0,32.0,Joint App,5,High Risk,Manual Review
122693562,5500.0, 36 months,22.91,E,E1,,OWN,24000.0,Verified,debt_consolidation,FL,115.85,1.0,685.0,689.0,0.0,62.2,32.0,Joint App,6,High Risk,Manual Review
124002740,10000.0, 60 months,30.79,G,G1,10+ years,RENT,35000.0,Source Verified,credit_card,NV,30.08,0.0,700.0,704.0,0.0,38.2,15.0,Individual,5,High Risk,Manual Review
123882986,12000.0, 36 months,21.45,D,D5,6 years,MORTGAGE,72000.0,Verified,home_improvement,FL,44.7,1.0,660.0,664.0,0.0,82.1,48.0,Joint App,5,High Risk,Manual Review
124022682,24000.0, 60 months,28.72,F,F1,10+ years,MORTGAGE,54000.0,Verified,debt_consolidation,PA,30.8,0.0,690.0,694.0,1.0,74.4,19.0,Individual,5,High Risk,Manual Review
123054952,40000.0, 60 months,30.65,F,F4,4 years,MORTGAGE,84000.0,Verified,debt_consolidation,TX,31.86,1.0,710.0,714.0,0.0,68.5,25.0,Individual,6,High Risk,Manual Review
122350266,2400.0, 36 months,26.3,E,E5,5 years,OWN,28000.0,Verified,house,PA,38.58,0.0,720.0,724.0,1.0,15.5,14.0,Individual,5,High Risk,Manual Review
122690515,35000.0, 60 months,30.65,F,F4,< 1 year,MORTGAGE,65000.0,Not Verified,credit_card,IL,34.71,0.0,670.0,674.0,1.0,65.6,25.0,Joint App,5,High Risk,Manual Review
124028341,25000.0, 60 months,16.02,C,C5,< 1 year,RENT,100000.0,Verified,credit_card,AZ,30.57,1.0,680.0,684.0,2.0,94.0,34.0,Individual,5,High Risk,Manual Review
122243321,28675.0, 60 months,25.82,E,E4,< 1 year,MORTGAGE,50000.0,Source Verified,debt_consolidation,TN,56.31,0.0,710.0,714.0,0.0,98.5,22.0,Joint App,6,High Risk,Manual Review
123939702,28000.0, 60 months,22.91,E,E1,10+ years,RENT,108000.0,Verified,debt_consolidation,ID,20.28,1.0,660.0,664.0,0.0,81.0,34.0,Individual,5,High Risk,Manual Review
123029940,20000.0, 60 months,28.72,F,F1,,RENT,15000.0,Not Verified,other,NY,33.36,0.0,735.0,739.0,0.0,29.6,20.0,Joint App,5,High Risk,Manual Review
123945379,30000.0, 60 months,25.82,E,E4,,MORTGAGE,12000.0,Not Verified,debt_consolidation,KS,75.3,0.0,695.0,699.0,0.0,92.8,22.0,Joint App,6,High Risk,Manual Review
121872353,12000.0, 36 months,24.85,E,E3,< 1 year,RENT,10000.0,Not Verified,debt_consolidation,CA,31.81,1.0,675.0,679.0,0.0,91.4,4.0,Joint App,7,High Risk,Manual Review
122980374,27600.0, 60 months,24.85,E,E3,9 years,MORTGAGE,79000.0,Not Verified,debt_consolidation,CO,35.23,0.0,680.0,684.0,0.0,65.1,29.0,Individual,5,High Risk,Manual Review
123981414,25000.0, 36 months,23.88,E,E2,< 1 year,MORTGAGE,182000.0,Source Verified,debt_consolidation,NY,19.29,4.0,670.0,674.0,0.0,84.1,37.0,Individual,5,High Risk,Manual Review
122989106,20000.0, 60 months,28.72,F,F1,,MORTGAGE,10776.0,Not Verified,debt_consolidation,TX,179.62,1.0,665.0,669.0,0.0,55.5,22.0,Joint App,6,High Risk,Manual Review
123962842,15000.0, 60 months,26.3,E,E5,< 1 year,MORTGAGE,22000.0,Verified,debt_consolidation,OH,34.59,0.0,660.0,664.0,1.0,45.8,13.0,Individual,5,High Risk,Manual Review
123963585,25000.0, 36 months,23.88,E,E2,10+ years,MORTGAGE,140000.0,Verified,home_improvement,MD,17.79,1.0,665.0,669.0,0.0,94.8,21.0,Individual,5,High Risk,Manual Review
122691534,40000.0, 60 months,30.17,F,F3,5 years,MORTGAGE,109000.0,Verified,debt_consolidation,NC,31.26,0.0,730.0,734.0,1.0,71.6,14.0,Individual,5,High Risk,Manual Review
121861097,16000.0, 60 months,26.3,E,E5,4 years,RENT,50000.0,Not Verified,debt_consolidation,MN,33.08,0.0,685.0,689.0,2.0,53.3,29.0,Individual,5,High Risk,Manual Review
121401175,35000.0, 36 months,30.94,G,G4,10+ years,MORTGAGE,175000.0,Source Verified,major_purchase,WI,18.32,1.0,660.0,664.0,2.0,91.1,26.0,Individual,5,High Risk,Manual Review
123949089,20000.0, 60 months,25.82,E,E4,< 1 year,RENT,45000.0,Verified,debt_consolidation,PA,74.05,0.0,690.0,694.0,0.0,91.3,25.0,Joint App,6,High Risk,Manual Review
124002617,12050.0, 60 months,28.72,F,F1,10+ years,RENT,45000.0,Source Verified,debt_consolidation,NY,35.52,0.0,710.0,714.0,0.0,69.8,30.0,Individual,5,High Risk,Manual Review
122984974,15000.0, 60 months,30.84,G,G2,10+ years,MORTGAGE,55000.0,Source Verified,debt_consolidation,NY,30.33,0.0,700.0,704.0,0.0,59.2,21.0,Individual,5,High Risk,Manual Review
123969679,3500.0, 36 months,16.02,C,C5,10+ years,MORTGAGE,62000.0,Not Verified,debt_consolidation,TX,30.7,11.0,665.0,669.0,0.0,83.2,33.0,Individual,5,High Risk,Manual Review
121319042,22000.0, 36 months,16.02,C,C5,< 1 year,MORTGAGE,28000.0,Verified,credit_card,MD,69.35,1.0,685.0,689.0,0.0,84.1,16.0,Joint App,5,High Risk,Manual Review
122990850,19450.0, 36 months,22.91,E,E1,10+ years,OWN,58000.0,Source Verified,credit_card,TN,32.2,0.0,685.0,689.0,0.0,51.7,21.0,Individual,5,High Risk,Manual Review
122664494,12000.0, 36 months,25.82,E,E4,6 years,MORTGAGE,95000.0,Source Verified,other,OH,30.18,1.0,690.0,694.0,0.0,40.0,22.0,Individual,6,High Risk,Manual Review
123590196,20000.0, 60 months,23.88,E,E2,10+ years,MORTGAGE,165000.0,Source Verified,debt_consolidation,CO,31.47,1.0,675.0,679.0,0.0,41.0,26.0,Joint App,6,High Risk,Manual Review
123593765,34550.0, 36 months,24.85,E,E3,10+ years,MORTGAGE,85000.0,Not Verified,debt_consolidation,TX,23.04,1.0,670.0,674.0,3.0,90.6,19.0,Joint App,5,High Risk,Manual Review
122420397,2675.0, 36 months,26.3,E,E5,2 years,RENT,48672.0,Verified,debt_consolidation,SC,34.34,0.0,690.0,694.0,0.0,17.8,16.0,Individual,5,High Risk,Manual Review
123070124,20000.0, 60 months,30.79,G,G1,2 years,RENT,68000.0,Verified,debt_consolidation,KS,35.48,0.0,715.0,719.0,1.0,44.0,32.0,Individual,5,High Risk,Manual Review
121721951,11950.0, 36 months,30.75,F,F5,7 years,MORTGAGE,115600.0,Verified,major_purchase,TX,39.98,0.0,690.0,694.0,0.0,66.2,68.0,Individual,5,High Risk,Manual Review
123782191,24000.0, 60 months,28.72,F,F1,< 1 year,MORTGAGE,60000.0,Verified,debt_consolidation,GA,65.67,0.0,680.0,684.0,1.0,83.3,26.0,Joint App,6,High Risk,Manual Review
122419636,17600.0, 60 months,26.3,E,E5,4 years,MORTGAGE,40000.0,Verified,debt_consolidation,AK,39.36,0.0,680.0,684.0,0.0,57.3,15.0,Individual,5,High Risk,Manual Review
122663332,14000.0, 60 months,24.85,E,E3,10+ years,RENT,60000.0,Verified,debt_consolidation,SC,36.1,0.0,685.0,689.0,1.0,36.0,42.0,Individual,5,High Risk,Manual Review
122912464,20825.0, 60 months,30.75,F,F5,10+ years,MORTGAGE,60000.0,Source Verified,debt_consolidation,CA,36.98,0.0,680.0,684.0,1.0,51.0,15.0,Joint App,5,High Risk,Manual Review
122702995,18000.0, 60 months,30.17,F,F3,2 years,RENT,72000.0,Verified,credit_card,CA,31.42,0.0,675.0,679.0,0.0,69.9,22.0,Individual,5,High Risk,Manual Review
123937027,20000.0, 60 months,25.82,E,E4,,MORTGAGE,53000.0,Source Verified,other,TN,35.15,0.0,675.0,679.0,0.0,72.6,8.0,Joint App,5,High Risk,Manual Review
122420393,35000.0, 60 months,28.72,F,F1,10+ years,MORTGAGE,179000.0,Source Verified,debt_consolidation,MD,17.81,1.0,675.0,679.0,1.0,93.2,28.0,Individual,5,High Risk,Manual Review
123051996,5000.0, 36 months,23.88,E,E2,,RENT,23500.0,Verified,debt_consolidation,NV,84.2,0.0,685.0,689.0,0.0,56.6,32.0,Joint App,5,High Risk,Manual Review
122913272,40000.0, 60 months,25.82,E,E4,4 years,MORTGAGE,99000.0,Verified,debt_consolidation,ME,31.93,0.0,730.0,734.0,0.0,35.5,43.0,Individual,5,High Risk,Manual Review
123941242,16450.0, 60 months,26.3,E,E5,8 years,MORTGAGE,55000.0,Not Verified,other,AZ,24.48,1.0,705.0,709.0,1.0,86.0,27.0,Individual,5,High Risk,Manual Review
123942342,12000.0, 60 months,23.88,E,E2,10+ years,MORTGAGE,86000.0,Source Verified,debt_consolidation,AR,31.17,0.0,730.0,734.0,2.0,26.2,32.0,Individual,5,High Risk,Manual Review
123932917,32000.0, 60 months,25.82,E,E4,2 years,RENT,70000.0,Not Verified,credit_card,IL,38.27,0.0,680.0,684.0,1.0,87.4,30.0,Joint App,6,High Risk,Manual Review
121914787,15475.0, 36 months,25.82,E,E4,10+ years,RENT,44000.0,Verified,debt_consolidation,CT,32.82,0.0,675.0,679.0,0.0,97.8,11.0,Individual,6,High Risk,Manual Review
123920655,25200.0, 60 months,15.05,C,C4,9 years,MORTGAGE,57500.0,Not Verified,debt_consolidation,MO,30.6,1.0,660.0,664.0,0.0,96.7,24.0,Joint App,5,High Risk,Manual Review
123935156,10000.0, 60 months,30.79,G,G1,< 1 year,RENT,20000.0,Verified,debt_consolidation,NJ,32.76,0.0,700.0,704.0,1.0,44.5,15.0,Individual,5,High Risk,Manual Review
123614904,25000.0, 60 months,30.17,F,F3,2 years,MORTGAGE,40000.0,Source Verified,debt_consolidation,NJ,39.9,0.0,680.0,684.0,0.0,96.3,22.0,Joint App,6,High Risk,Manual Review
121825241,6000.0, 36 months,23.88,E,E2,,OWN,50000.0,Verified,home_improvement,WI,35.55,1.0,690.0,694.0,0.0,65.5,27.0,Individual,6,High Risk,Manual Review
121768840,10800.0, 60 months,25.82,E,E4,10+ years,MORTGAGE,55000.0,Verified,debt_consolidation,AZ,52.32,0.0,715.0,719.0,1.0,26.5,28.0,Joint App,5,High Risk,Manual Review
122270352,10000.0, 60 months,30.17,F,F3,< 1 year,MORTGAGE,55000.0,Source Verified,debt_consolidation,IL,31.51,0.0,665.0,669.0,1.0,70.0,22.0,Joint App,5,High Risk,Manual Review
121926421,10000.0, 36 months,23.88,E,E2,< 1 year,RENT,10000.0,Source Verified,debt_consolidation,NE,32.41,0.0,685.0,689.0,0.0,75.5,25.0,Joint App,5,High Risk,Manual Review
123602398,12000.0, 60 months,23.88,E,E2,6 years,RENT,52000.0,Source Verified,debt_consolidation,VT,18.41,1.0,660.0,664.0,0.0,83.9,21.0,Individual,5,High Risk,Manual Review
121787898,30000.0, 60 months,16.02,C,C5,,MORTGAGE,75000.0,Source Verified,medical,AL,32.17,1.0,685.0,689.0,0.0,93.7,32.0,Joint App,5,High Risk,Manual Review
123911160,30000.0, 60 months,24.85,E,E3,3 years,MORTGAGE,68000.0,Source Verified,debt_consolidation,AR,31.43,0.0,720.0,724.0,2.0,56.5,54.0,Individual,5,High Risk,Manual Review
123621471,24000.0, 60 months,30.17,F,F3,< 1 year,OWN,50000.0,Verified,debt_consolidation,PA,48.49,0.0,670.0,674.0,2.0,57.3,72.0,Joint App,5,High Risk,Manual Review
123899811,32000.0, 60 months,28.72,F,F1,2 years,MORTGAGE,50000.0,Source Verified,credit_card,FL,44.34,0.0,670.0,674.0,3.0,42.0,24.0,Joint App,5,High Risk,Manual Review
123906488,16000.0, 60 months,25.82,E,E4,4 years,RENT,70000.0,Verified,debt_consolidation,SC,34.98,0.0,705.0,709.0,0.0,43.2,34.0,Individual,5,High Risk,Manual Review
123620171,1200.0, 36 months,24.85,E,E3,9 years,RENT,42000.0,Source Verified,debt_consolidation,NC,30.63,1.0,680.0,684.0,0.0,66.0,25.0,Individual,6,High Risk,Manual Review
121336785,5200.0, 36 months,25.82,E,E4,7 years,MORTGAGE,48000.0,Source Verified,debt_consolidation,AZ,36.88,0.0,720.0,724.0,0.0,38.8,25.0,Individual,5,High Risk,Manual Review
123891102,1600.0, 36 months,22.91,E,E1,5 years,RENT,65000.0,Verified,medical,CO,41.73,0.0,670.0,674.0,1.0,55.5,82.0,Joint App,5,High Risk,Manual Review
123619025,35000.0, 60 months,28.72,F,F1,,MORTGAGE,63600.0,Not Verified,debt_consolidation,TN,34.58,0.0,680.0,684.0,0.0,87.2,22.0,Joint App,6,High Risk,Manual Review
121925815,20000.0, 60 months,30.65,F,F4,,OWN,30000.0,Verified,debt_consolidation,CA,51.84,1.0,685.0,689.0,0.0,15.2,22.0,Joint App,6,High Risk,Manual Review
123333597,3000.0, 36 months,24.85,E,E3,4 years,OWN,45000.0,Source Verified,debt_consolidation,TN,34.43,0.0,670.0,674.0,1.0,54.4,18.0,Individual,5,High Risk,Manual Review
121904492,28000.0, 36 months,18.06,D,D2,3 years,MORTGAGE,45000.0,Verified,debt_consolidation,WA,73.55,3.0,685.0,689.0,1.0,86.8,27.0,Joint App,5,High Risk,Manual Review
122349652,20200.0, 60 months,24.85,E,E3,10+ years,OWN,63000.0,Verified,debt_consolidation,TX,35.75,1.0,700.0,704.0,3.0,41.7,18.0,Individual,6,High Risk,Manual Review
123335124,8400.0, 36 months,22.91,E,E1,< 1 year,MORTGAGE,78000.0,Not Verified,debt_consolidation,MN,42.05,0.0,660.0,664.0,2.0,91.1,19.0,Joint App,6,High Risk,Manual Review
123878544,35000.0, 36 months,26.3,E,E5,< 1 year,OWN,81000.0,Verified,home_improvement,NV,40.71,0.0,690.0,694.0,1.0,59.6,26.0,Joint App,5,High Risk,Manual Review
120057550,35000.0, 60 months,28.72,F,F1,10+ years,MORTGAGE,72000.0,Not Verified,debt_consolidation,MT,39.15,0.0,660.0,664.0,0.0,84.0,29.0,Joint App,6,High Risk,Manual Review
120658046,23450.0, 60 months,30.79,G,G1,< 1 year,MORTGAGE,21000.0,Source Verified,debt_consolidation,IL,58.25,0.0,710.0,714.0,1.0,55.9,34.0,Joint App,5,High Risk,Manual Review
123620069,1000.0, 36 months,22.91,E,E1,10+ years,RENT,113763.0,Source Verified,debt_consolidation,AL,31.84,1.0,690.0,694.0,0.0,80.1,27.0,Individual,7,High Risk,Manual Review
123029398,10000.0, 36 months,26.3,E,E5,5 years,RENT,30000.0,Source Verified,debt_consolidation,CA,38.52,0.0,690.0,694.0,0.0,45.9,9.0,Individual,5,High Risk,Manual Review
123893928,8000.0, 36 months,22.91,E,E1,5 years,RENT,80000.0,Not Verified,other,NY,15.81,6.0,665.0,669.0,0.0,97.5,26.0,Individual,5,High Risk,Manual Review
123901366,10000.0, 60 months,26.3,E,E5,< 1 year,MORTGAGE,39000.0,Not Verified,debt_consolidation,OH,32.31,0.0,700.0,704.0,1.0,89.3,10.0,Joint App,6,High Risk,Manual Review
123902461,11200.0, 60 months,24.85,E,E3,10+ years,RENT,60000.0,Source Verified,debt_consolidation,AZ,15.2,1.0,665.0,669.0,0.0,97.7,21.0,Individual,5,High Risk,Manual Review
123885665,24225.0, 60 months,26.3,E,E5,10+ years,MORTGAGE,66005.0,Source Verified,credit_card,IN,38.97,0.0,695.0,699.0,2.0,78.3,24.0,Individual,5,High Risk,Manual Review
123073135,35000.0, 60 months,30.79,G,G1,10+ years,MORTGAGE,65000.0,Source Verified,debt_consolidation,FL,36.21,0.0,710.0,714.0,1.0,43.6,48.0,Joint App,5,High Risk,Manual Review
120589019,29950.0, 60 months,30.99,G,G5,< 1 year,OWN,75000.0,Verified,debt_consolidation,PA,51.94,0.0,680.0,684.0,0.0,39.7,62.0,Joint App,5,High Risk,Manual Review
123886975,3000.0, 36 months,25.82,E,E4,10+ years,RENT,63000.0,Source Verified,house,AR,31.42,1.0,665.0,669.0,2.0,45.5,60.0,Joint App,6,High Risk,Manual Review
123024974,31000.0, 60 months,29.69,F,F2,10+ years,MORTGAGE,62000.0,Verified,debt_consolidation,KS,34.17,0.0,750.0,754.0,2.0,28.9,30.0,Individual,5,High Risk,Manual Review
122877376,4200.0, 36 months,25.82,E,E4,< 1 year,RENT,35000.0,Source Verified,other,OR,35.29,0.0,695.0,699.0,0.0,68.5,17.0,Joint App,5,High Risk,Manual Review
123885471,28300.0, 60 months,25.82,E,E4,9 years,RENT,73466.0,Not Verified,debt_consolidation,VA,36.31,0.0,745.0,749.0,0.0,20.5,30.0,Individual,5,High Risk,Manual Review
122357823,36675.0, 60 months,30.79,G,G1,< 1 year,MORTGAGE,61000.0,Source Verified,debt_consolidation,WA,39.03,1.0,680.0,684.0,0.0,94.1,14.0,Joint App,7,High Risk,Manual Review
123621962,11000.0, 60 months,24.85,E,E3,,RENT,38000.0,Not Verified,debt_consolidation,MI,30.64,0.0,675.0,679.0,0.0,31.1,35.0,Individual,5,High Risk,Manual Review
122689036,20000.0, 36 months,22.91,E,E1,4 years,RENT,45000.0,Verified,small_business,CA,58.13,0.0,690.0,694.0,2.0,17.1,12.0,Joint App,5,High Risk,Manual Review
120049872,7000.0, 36 months,26.3,E,E5,,MORTGAGE,7800.0,Not Verified,debt_consolidation,UT,147.16,0.0,705.0,709.0,0.0,93.7,5.0,Joint App,6,High Risk,Manual Review
122971406,15000.0, 60 months,24.85,E,E3,7 years,MORTGAGE,80000.0,Verified,debt_consolidation,CT,12.16,1.0,660.0,664.0,1.0,81.7,32.0,Individual,5,High Risk,Manual Review
122989853,10000.0, 60 months,28.72,F,F1,10+ years,RENT,48000.0,Verified,debt_consolidation,MD,32.73,0.0,705.0,709.0,0.0,35.9,49.0,Individual,5,High Risk,Manual Review
123588754,10000.0, 36 months,23.88,E,E2,10+ years,MORTGAGE,45000.0,Source Verified,debt_consolidation,VA,33.2,0.0,675.0,679.0,0.0,78.1,37.0,Individual,5,High Risk,Manual Review
123012295,10000.0, 60 months,24.85,E,E3,10+ years,RENT,65000.0,Verified,other,NY,38.51,0.0,690.0,694.0,0.0,80.6,26.0,Individual,6,High Risk,Manual Review
121316675,29750.0, 60 months,30.75,F,F5,< 1 year,MORTGAGE,33000.0,Source Verified,debt_consolidation,IL,32.65,1.0,670.0,674.0,0.0,24.8,33.0,Joint App,6,High Risk,Manual Review
121769123,3925.0, 36 months,23.88,E,E2,6 years,MORTGAGE,54000.0,Verified,other,MN,30.29,1.0,715.0,719.0,1.0,24.0,10.0,Individual,6,High Risk,Manual Review
123607210,15000.0, 60 months,23.88,E,E2,6 years,RENT,44000.0,Verified,credit_card,CO,35.62,0.0,665.0,669.0,0.0,82.4,19.0,Individual,6,High Risk,Manual Review
123597166,10000.0, 36 months,22.91,E,E1,9 years,MORTGAGE,47000.0,Verified,debt_consolidation,LA,37.08,0.0,680.0,684.0,0.0,91.1,19.0,Individual,6,High Risk,Manual Review
122370180,9500.0, 36 months,25.82,E,E4,,RENT,26400.0,Verified,debt_consolidation,OH,37.32,0.0,670.0,674.0,0.0,51.3,33.0,Individual,5,High Risk,Manual Review
123587787,5400.0, 36 months,23.88,E,E2,,MORTGAGE,78985.0,Verified,debt_consolidation,FL,28.31,1.0,675.0,679.0,0.0,88.2,18.0,Joint App,5,High Risk,Manual Review
122367105,23175.0, 60 months,25.82,E,E4,1 year,OWN,72000.0,Source Verified,debt_consolidation,CA,33.25,0.0,665.0,669.0,0.0,70.0,14.0,Individual,5,High Risk,Manual Review
123600539,20000.0, 60 months,24.85,E,E3,4 years,OWN,42000.0,Source Verified,credit_card,FL,38.31,1.0,715.0,719.0,1.0,37.4,24.0,Individual,6,High Risk,Manual Review
123070086,24000.0, 60 months,23.88,E,E2,10+ years,RENT,54000.0,Verified,debt_consolidation,OR,31.96,0.0,660.0,664.0,0.0,97.0,17.0,Individual,6,High Risk,Manual Review
123326201,12000.0, 60 months,25.82,E,E4,< 1 year,MORTGAGE,100000.0,Not Verified,debt_consolidation,OH,41.56,0.0,695.0,699.0,0.0,59.1,54.0,Joint App,5,High Risk,Manual Review
123599739,16325.0, 60 months,30.65,F,F4,10+ years,MORTGAGE,40000.0,Not Verified,debt_consolidation,MS,38.88,0.0,695.0,699.0,0.0,87.3,17.0,Individual,6,High Risk,Manual Review
122293550,8000.0, 36 months,26.3,E,E5,< 1 year,RENT,28000.0,Source Verified,major_purchase,TX,42.09,0.0,695.0,699.0,0.0,62.1,19.0,Joint App,5,High Risk,Manual Review
123327181,20000.0, 36 months,22.91,E,E1,< 1 year,RENT,44000.0,Source Verified,debt_consolidation,CA,54.17,0.0,670.0,674.0,0.0,73.6,15.0,Joint App,5,High Risk,Manual Review
122978424,30000.0, 60 months,23.88,E,E2,1 year,RENT,90000.0,Verified,debt_consolidation,WA,34.28,0.0,680.0,684.0,1.0,71.0,43.0,Individual,5,High Risk,Manual Review
121803836,14850.0, 60 months,25.82,E,E4,3 years,MORTGAGE,87000.0,Source Verified,credit_card,KY,36.08,0.0,700.0,704.0,2.0,66.4,34.0,Individual,5,High Risk,Manual Review
121216756,27575.0, 60 months,30.79,G,G1,< 1 year,RENT,105000.0,Source Verified,debt_consolidation,TX,33.43,0.0,700.0,704.0,0.0,80.7,19.0,Joint App,6,High Risk,Manual Review
122262693,15000.0, 60 months,26.3,E,E5,10+ years,MORTGAGE,100600.0,Verified,other,MD,35.87,0.0,700.0,704.0,1.0,54.8,39.0,Individual,5,High Risk,Manual Review
122420064,16725.0, 60 months,30.75,F,F5,,OWN,37200.0,Verified,debt_consolidation,CA,31.45,0.0,660.0,664.0,2.0,69.0,16.0,Individual,5,High Risk,Manual Review
123335229,12000.0, 60 months,26.3,E,E5,8 years,OWN,65000.0,Verified,credit_card,MN,34.61,0.0,680.0,684.0,2.0,61.6,83.0,Individual,5,High Risk,Manual Review
121917589,11200.0, 60 months,25.82,E,E4,4 years,RENT,33000.0,Source Verified,debt_consolidation,DE,33.13,0.0,680.0,684.0,1.0,15.8,9.0,Individual,5,High Risk,Manual Review
122369710,24300.0, 36 months,23.88,E,E2,,MORTGAGE,55260.0,Not Verified,debt_consolidation,PA,36.31,0.0,675.0,679.0,0.0,62.4,26.0,Individual,5,High Risk,Manual Review
123024593,27000.0, 36 months,24.85,E,E3,,MORTGAGE,71000.0,Not Verified,debt_consolidation,MS,30.02,0.0,680.0,684.0,1.0,62.9,25.0,Individual,5,High Risk,Manual Review
121928921,17250.0, 60 months,30.89,G,G3,10+ years,MORTGAGE,57000.0,Verified,debt_consolidation,TN,36.63,1.0,690.0,694.0,0.0,30.0,27.0,Individual,6,High Risk,Manual Review
122980407,7000.0, 36 months,22.91,E,E1,3 years,RENT,45000.0,Source Verified,car,OH,35.09,0.0,715.0,719.0,0.0,62.8,12.0,Individual,5,High Risk,Manual Review
122684176,15000.0, 60 months,23.88,E,E2,10+ years,MORTGAGE,74000.0,Verified,debt_consolidation,UT,30.93,0.0,680.0,684.0,0.0,91.9,35.0,Individual,6,High Risk,Manual Review
122690702,20000.0, 60 months,25.82,E,E4,,OWN,21120.0,Source Verified,debt_consolidation,MS,42.05,0.0,710.0,714.0,0.0,47.7,23.0,Joint App,5,High Risk,Manual Review
123037682,18000.0, 36 months,17.09,D,D1,10+ years,MORTGAGE,45000.0,Not Verified,debt_consolidation,MO,40.29,1.0,660.0,664.0,2.0,99.1,20.0,Joint App,5,High Risk,Manual Review
123033729,10000.0, 36 months,22.91,E,E1,,MORTGAGE,107428.0,Verified,credit_card,IL,35.04,0.0,705.0,709.0,1.0,77.8,13.0,Individual,5,High Risk,Manual Review
121372813,24000.0, 60 months,29.69,F,F2,,OWN,16800.0,Verified,debt_consolidation,CA,60.15,2.0,685.0,689.0,0.0,11.9,19.0,Joint App,6,High Risk,Manual Review
122369470,35000.0, 60 months,30.17,F,F3,10+ years,MORTGAGE,150000.0,Verified,debt_consolidation,TX,30.81,0.0,690.0,694.0,0.0,48.7,37.0,Individual,5,High Risk,Manual Review
122993194,35000.0, 60 months,28.72,F,F1,< 1 year,MORTGAGE,44000.0,Verified,debt_consolidation,VA,53.14,0.0,675.0,679.0,0.0,77.7,25.0,Joint App,5,High Risk,Manual Review
122978631,20000.0, 60 months,22.91,E,E1,4 years,RENT,40200.0,Verified,debt_consolidation,SC,30.09,0.0,685.0,689.0,0.0,79.0,13.0,Individual,5,High Risk,Manual Review
123012967,5000.0, 36 months,25.82,E,E4,,OWN,17112.0,Not Verified,other,TX,37.8,0.0,700.0,704.0,1.0,35.2,22.0,Individual,5,High Risk,Manual Review
121265924,17575.0, 60 months,30.79,G,G1,6 years,RENT,50000.0,Source Verified,debt_consolidation,NY,27.99,1.0,670.0,674.0,0.0,89.3,10.0,Individual,5,High Risk,Manual Review
123049822,32000.0, 60 months,26.3,E,E5,< 1 year,MORTGAGE,60000.0,Not Verified,debt_consolidation,SC,30.91,0.0,695.0,699.0,1.0,10.9,16.0,Joint App,5,High Risk,Manual Review
123033269,18500.0, 60 months,25.82,E,E4,< 1 year,MORTGAGE,33000.0,Verified,debt_consolidation,CO,77.53,0.0,700.0,704.0,0.0,41.8,19.0,Joint App,5,High Risk,Manual Review
122678950,25700.0, 60 months,30.79,G,G1,,MORTGAGE,16000.0,Verified,debt_consolidation,WA,101.13,0.0,700.0,704.0,0.0,97.9,24.0,Joint App,6,High Risk,Manual Review
122270952,3500.0, 36 months,22.91,E,E1,< 1 year,MORTGAGE,40000.0,Source Verified,debt_consolidation,NJ,38.97,0.0,670.0,674.0,0.0,69.8,13.0,Joint App,5,High Risk,Manual Review
122978885,16975.0, 60 months,25.82,E,E4,3 years,OWN,44000.0,Source Verified,debt_consolidation,MO,32.92,0.0,705.0,709.0,0.0,72.1,30.0,Joint App,5,High Risk,Manual Review
122663260,18000.0, 60 months,28.72,F,F1,10+ years,RENT,41000.0,Verified,credit_card,VT,30.15,0.0,710.0,714.0,0.0,13.2,32.0,Individual,5,High Risk,Manual Review
121350223,18000.0, 60 months,29.69,F,F2,< 1 year,RENT,40000.0,Source Verified,debt_consolidation,CA,38.13,1.0,710.0,714.0,0.0,44.8,27.0,Joint App,6,High Risk,Manual Review
123024274,36000.0, 60 months,24.85,E,E3,2 years,RENT,43000.0,Verified,debt_consolidation,NJ,49.9,0.0,700.0,704.0,0.0,82.1,24.0,Joint App,6,High Risk,Manual Review
122910919,21200.0, 60 months,25.82,E,E4,9 years,RENT,94398.0,Verified,other,FL,37.94,0.0,710.0,714.0,0.0,69.3,28.0,Individual,5,High Risk,Manual Review
122679240,14000.0, 36 months,22.91,E,E1,4 years,RENT,36000.0,Verified,debt_consolidation,ID,31.67,0.0,660.0,664.0,0.0,60.6,36.0,Individual,5,High Risk,Manual Review
123009576,35000.0, 36 months,24.85,E,E3,10+ years,MORTGAGE,118617.38,Verified,debt_consolidation,NC,36.42,0.0,685.0,689.0,0.0,79.0,36.0,Individual,5,High Risk,Manual Review
123041045,16000.0, 36 months,17.09,D,D1,< 1 year,MORTGAGE,45000.0,Not Verified,debt_consolidation,NC,40.51,1.0,680.0,684.0,0.0,84.3,27.0,Joint App,5,High Risk,Manual Review
122333124,13900.0, 60 months,30.79,G,G1,8 years,MORTGAGE,48000.0,Not Verified,debt_consolidation,MO,32.88,1.0,720.0,724.0,0.0,38.6,45.0,Individual,6,High Risk,Manual Review
122978347,20000.0, 60 months,21.45,D,D5,< 1 year,MORTGAGE,25000.0,Verified,debt_consolidation,NC,37.69,1.0,675.0,679.0,2.0,88.1,31.0,Joint App,5,High Risk,Manual Review
120262122,22800.0, 60 months,26.3,E,E5,< 1 year,RENT,64800.0,Verified,major_purchase,WA,10.65,1.0,665.0,669.0,0.0,99.7,6.0,Individual,5,High Risk,Manual Review
122968159,7000.0, 36 months,22.91,E,E1,,OWN,36000.0,Verified,debt_consolidation,NY,36.83,0.0,660.0,664.0,1.0,49.1,31.0,Individual,5,High Risk,Manual Review
121851850,10000.0, 60 months,24.85,E,E3,,RENT,36000.0,Verified,credit_card,NY,34.67,1.0,740.0,744.0,0.0,15.7,25.0,Individual,6,High Risk,Manual Review
121534421,4000.0, 36 months,23.88,E,E2,1 year,RENT,50000.0,Source Verified,other,CA,36.1,1.0,675.0,679.0,0.0,58.3,24.0,Individual,6,High Risk,Manual Review
120654140,12075.0, 36 months,23.88,E,E2,7 years,RENT,34000.0,Verified,debt_consolidation,CA,45.71,0.0,700.0,704.0,1.0,33.1,10.0,Joint App,5,High Risk,Manual Review
121708264,30000.0, 36 months,23.88,E,E2,6 years,MORTGAGE,80000.0,Verified,debt_consolidation,ND,32.31,0.0,695.0,699.0,0.0,49.6,28.0,Individual,5,High Risk,Manual Review
121829416,40000.0, 60 months,26.3,E,E5,< 1 year,MORTGAGE,65000.0,Verified,debt_consolidation,NJ,40.26,0.0,690.0,694.0,0.0,79.6,41.0,Joint App,5,High Risk,Manual Review
123020257,10000.0, 60 months,26.3,E,E5,10+ years,MORTGAGE,51000.0,Not Verified,other,TN,36.14,0.0,670.0,674.0,0.0,75.9,18.0,Joint App,5,High Risk,Manual Review
120053230,28000.0, 60 months,23.88,E,E2,6 years,MORTGAGE,74500.0,Verified,debt_consolidation,TX,32.31,0.0,755.0,759.0,2.0,28.0,33.0,Individual,5,High Risk,Manual Review
122348860,11675.0, 60 months,28.72,F,F1,3 years,MORTGAGE,39000.0,Verified,debt_consolidation,AZ,31.75,0.0,665.0,669.0,0.0,37.1,13.0,Individual,5,High Risk,Manual Review
122419232,17000.0, 60 months,23.88,E,E2,10+ years,MORTGAGE,72000.0,Source Verified,credit_card,CA,32.62,1.0,710.0,714.0,0.0,41.3,47.0,Individual,6,High Risk,Manual Review
120070485,29900.0, 36 months,25.82,E,E4,5 years,RENT,135000.0,Verified,debt_consolidation,FL,23.57,1.0,665.0,669.0,1.0,89.7,17.0,Individual,5,High Risk,Manual Review
122648680,12800.0, 60 months,23.88,E,E2,10+ years,MORTGAGE,67000.0,Verified,credit_card,VA,32.22,0.0,690.0,694.0,0.0,91.2,23.0,Individual,6,High Risk,Manual Review
121443547,25225.0, 36 months,22.91,E,E1,10+ years,RENT,103416.0,Verified,debt_consolidation,LA,31.25,0.0,685.0,689.0,1.0,95.0,26.0,Individual,6,High Risk,Manual Review
120256589,12550.0, 36 months,25.82,E,E4,< 1 year,RENT,20000.0,Not Verified,credit_card,GA,48.32,0.0,670.0,674.0,1.0,75.3,26.0,Joint App,5,High Risk,Manual Review
123002022,25000.0, 36 months,23.88,E,E2,10+ years,OWN,175000.0,Not Verified,debt_consolidation,CT,35.23,0.0,690.0,694.0,1.0,49.4,44.0,Individual,5,High Risk,Manual Review
123016670,24000.0, 60 months,24.85,E,E3,< 1 year,OWN,52124.0,Not Verified,debt_consolidation,NC,61.55,0.0,680.0,684.0,0.0,48.4,77.0,Joint App,5,High Risk,Manual Review
122989087,19800.0, 60 months,30.79,G,G1,7 years,MORTGAGE,45000.0,Not Verified,debt_consolidation,AR,39.63,0.0,700.0,704.0,0.0,75.3,29.0,Individual,5,High Risk,Manual Review
122300799,14000.0, 36 months,25.82,E,E4,< 1 year,RENT,42000.0,Verified,moving,WA,32.71,0.0,675.0,679.0,0.0,33.6,19.0,Individual,5,High Risk,Manual Review
122988846,40000.0, 60 months,28.72,F,F1,1 year,RENT,65000.0,Verified,debt_consolidation,FL,32.33,0.0,715.0,719.0,2.0,36.3,28.0,Joint App,5,High Risk,Manual Review
122982446,25850.0, 36 months,23.88,E,E2,8 years,MORTGAGE,82750.0,Verified,debt_consolidation,VA,44.39,0.0,710.0,714.0,0.0,35.5,33.0,Joint App,5,High Risk,Manual Review
120950566,20000.0, 36 months,22.91,E,E1,,MORTGAGE,36000.0,Verified,debt_consolidation,MO,49.23,0.0,725.0,729.0,1.0,42.8,23.0,Joint App,5,High Risk,Manual Review
122982276,20000.0, 60 months,30.65,F,F4,< 1 year,RENT,64000.0,Not Verified,debt_consolidation,MN,30.85,1.0,670.0,674.0,0.0,55.6,43.0,Joint App,6,High Risk,Manual Review
122305237,27000.0, 60 months,30.65,F,F4,< 1 year,MORTGAGE,80000.0,Source Verified,debt_consolidation,CA,31.67,0.0,725.0,729.0,0.0,58.5,28.0,Individual,5,High Risk,Manual Review
122272337,25000.0, 60 months,28.72,F,F1,10+ years,MORTGAGE,74176.0,Verified,debt_consolidation,WY,36.14,0.0,720.0,724.0,0.0,51.8,39.0,Individual,5,High Risk,Manual Review
122259102,28000.0, 60 months,30.84,G,G2,5 years,RENT,51000.0,Verified,debt_consolidation,CA,40.85,0.0,685.0,689.0,0.0,74.2,10.0,Joint App,5,High Risk,Manual Review
122655711,20000.0, 60 months,30.75,F,F5,4 years,MORTGAGE,62000.0,Verified,debt_consolidation,GA,31.86,0.0,670.0,674.0,0.0,32.3,28.0,Individual,5,High Risk,Manual Review
122878905,2700.0, 36 months,26.3,E,E5,3 years,RENT,45000.0,Source Verified,credit_card,CT,33.04,0.0,720.0,724.0,1.0,28.4,16.0,Individual,5,High Risk,Manual Review
121787441,20000.0, 60 months,30.65,F,F4,7 years,RENT,54000.0,Verified,debt_consolidation,MA,37.58,0.0,660.0,664.0,0.0,100.0,19.0,Individual,6,High Risk,Manual Review
121841183,20000.0, 60 months,25.82,E,E4,2 years,RENT,65205.0,Verified,debt_consolidation,NV,30.15,0.0,665.0,669.0,0.0,78.0,30.0,Individual,5,High Risk,Manual Review
122310848,35000.0, 36 months,29.69,F,F2,1 year,MORTGAGE,101100.0,Verified,debt_consolidation,MD,37.92,0.0,680.0,684.0,0.0,65.9,17.0,Individual,5,High Risk,Manual Review
121729985,36650.0, 36 months,26.3,E,E5,< 1 year,MORTGAGE,70000.0,Verified,debt_consolidation,WA,37.39,0.0,690.0,694.0,0.0,86.9,24.0,Joint App,6,High Risk,Manual Review
122973480,17125.0, 36 months,26.3,E,E5,10+ years,MORTGAGE,63000.0,Source Verified,debt_consolidation,VA,37.45,0.0,700.0,704.0,0.0,92.9,23.0,Joint App,6,High Risk,Manual Review
122308612,4425.0, 36 months,24.85,E,E3,,OWN,13884.0,Verified,debt_consolidation,DE,31.55,0.0,685.0,689.0,1.0,18.7,11.0,Individual,5,High Risk,Manual Review
121869667,14125.0, 60 months,30.17,F,F3,7 years,MORTGAGE,125000.0,Source Verified,credit_card,NY,32.24,0.0,680.0,684.0,3.0,87.2,31.0,Joint App,6,High Risk,Manual Review
121827195,20000.0, 60 months,30.17,F,F3,1 year,OWN,62500.0,Source Verified,debt_consolidation,AR,33.1,0.0,665.0,669.0,0.0,90.3,19.0,Joint App,6,High Risk,Manual Review
122679836,17000.0, 60 months,25.82,E,E4,10+ years,MORTGAGE,38000.0,Verified,debt_consolidation,TX,37.51,0.0,665.0,669.0,2.0,65.5,38.0,Joint App,5,High Risk,Manual Review
121816622,19000.0, 60 months,23.88,E,E2,10+ years,RENT,39000.0,Source Verified,debt_consolidation,NJ,30.83,0.0,725.0,729.0,1.0,29.2,26.0,Individual,5,High Risk,Manual Review
122979157,15000.0, 60 months,26.3,E,E5,7 years,MORTGAGE,100000.0,Not Verified,debt_consolidation,NY,33.22,0.0,700.0,704.0,0.0,63.9,31.0,Joint App,5,High Risk,Manual Review
120209537,6900.0, 36 months,30.75,F,F5,10+ years,MORTGAGE,48000.0,Not Verified,debt_consolidation,OH,25.7,1.0,695.0,699.0,1.0,97.2,14.0,Individual,5,High Risk,Manual Review
122992902,12000.0, 60 months,24.85,E,E3,10+ years,MORTGAGE,41000.0,Verified,debt_consolidation,FL,39.11,0.0,700.0,704.0,0.0,52.2,20.0,Individual,5,High Risk,Manual Review
122991071,3000.0, 36 months,23.88,E,E2,1 year,RENT,46000.0,Source Verified,other,TN,31.57,0.0,660.0,664.0,0.0,95.2,51.0,Individual,6,High Risk,Manual Review
119378638,24000.0, 60 months,29.69,F,F2,10+ years,RENT,121429.0,Not Verified,credit_card,TX,30.13,0.0,720.0,724.0,0.0,81.7,20.0,Individual,6,High Risk,Manual Review
122974395,15600.0, 60 months,24.85,E,E3,10+ years,MORTGAGE,71000.0,Not Verified,debt_consolidation,MO,30.85,0.0,710.0,714.0,1.0,33.0,25.0,Individual,5,High Risk,Manual Review
122312430,15325.0, 60 months,30.75,F,F5,10+ years,MORTGAGE,46000.0,Verified,credit_card,NH,39.97,0.0,715.0,719.0,0.0,38.7,20.0,Individual,5,High Risk,Manual Review
122203757,28000.0, 60 months,24.85,E,E3,3 years,RENT,49500.0,Verified,debt_consolidation,CO,54.42,1.0,670.0,674.0,0.0,81.2,23.0,Joint App,7,High Risk,Manual Review
122367141,16625.0, 36 months,30.79,G,G1,3 years,RENT,39600.0,Source Verified,debt_consolidation,LA,31.4,1.0,665.0,669.0,0.0,56.9,20.0,Individual,6,High Risk,Manual Review
122321207,15000.0, 36 months,22.91,E,E1,10+ years,MORTGAGE,40872.0,Verified,debt_consolidation,TX,33.5,0.0,660.0,664.0,0.0,25.2,20.0,Individual,5,High Risk,Manual Review
122685288,10000.0, 36 months,28.72,F,F1,10+ years,RENT,39000.0,Verified,debt_consolidation,IL,34.68,0.0,715.0,719.0,0.0,43.0,17.0,Individual,5,High Risk,Manual Review
121919357,26900.0, 60 months,30.89,G,G3,< 1 year,MORTGAGE,42035.0,Verified,car,CA,54.28,0.0,685.0,689.0,0.0,80.0,31.0,Joint App,5,High Risk,Manual Review
122236463,20000.0, 60 months,30.75,F,F5,< 1 year,RENT,37400.0,Not Verified,debt_consolidation,OR,34.11,0.0,735.0,739.0,0.0,23.8,16.0,Joint App,5,High Risk,Manual Review
122295358,2100.0, 36 months,26.3,E,E5,,RENT,16412.0,Verified,other,PA,35.33,0.0,760.0,764.0,1.0,10.1,24.0,Individual,5,High Risk,Manual Review
122674803,16500.0, 60 months,24.85,E,E3,< 1 year,RENT,66000.0,Verified,debt_consolidation,MN,31.11,0.0,665.0,669.0,2.0,47.6,36.0,Individual,5,High Risk,Manual Review
122684044,14000.0, 36 months,23.88,E,E2,< 1 year,RENT,46000.0,Verified,debt_consolidation,NY,39.97,0.0,725.0,729.0,0.0,59.9,7.0,Individual,5,High Risk,Manual Review
121864205,19500.0, 60 months,23.88,E,E2,10+ years,MORTGAGE,85000.0,Verified,debt_consolidation,GA,33.21,0.0,715.0,719.0,0.0,65.0,25.0,Individual,5,High Risk,Manual Review
122877139,31225.0, 36 months,22.91,E,E1,1 year,MORTGAGE,78000.0,Verified,debt_consolidation,NC,33.4,0.0,700.0,704.0,0.0,68.6,13.0,Joint App,5,High Risk,Manual Review
121778691,8400.0, 36 months,25.82,E,E4,< 1 year,OWN,80000.0,Source Verified,debt_consolidation,FL,41.98,0.0,685.0,689.0,1.0,78.3,27.0,Joint App,5,High Risk,Manual Review
121429308,24000.0, 60 months,25.82,E,E4,,MORTGAGE,87600.0,Verified,debt_consolidation,VA,8.42,2.0,685.0,689.0,0.0,84.5,17.0,Individual,5,High Risk,Manual Review
122672225,2000.0, 36 months,24.85,E,E3,< 1 year,MORTGAGE,23000.0,Verified,credit_card,NC,98.9,0.0,705.0,709.0,0.0,87.3,21.0,Joint App,6,High Risk,Manual Review
121351325,25750.0, 60 months,28.72,F,F1,< 1 year,MORTGAGE,82000.0,Verified,debt_consolidation,OR,39.6,1.0,670.0,674.0,0.0,22.2,24.0,Individual,6,High Risk,Manual Review
121242572,28000.0, 60 months,24.85,E,E3,10+ years,RENT,82000.0,Source Verified,debt_consolidation,NJ,27.99,2.0,675.0,679.0,0.0,87.1,40.0,Individual,5,High Risk,Manual Review
122366755,4500.0, 36 months,23.88,E,E2,1 year,MORTGAGE,34480.0,Verified,debt_consolidation,FL,33.31,0.0,665.0,669.0,1.0,8.2,27.0,Individual,5,High Risk,Manual Review
121887854,25000.0, 60 months,30.17,F,F3,5 years,MORTGAGE,60000.0,Source Verified,debt_consolidation,IL,30.18,0.0,700.0,704.0,2.0,48.6,43.0,Joint App,5,High Risk,Manual Review
121906565,8800.0, 36 months,30.79,G,G1,2 years,RENT,24500.0,Source Verified,debt_consolidation,CA,33.9,0.0,670.0,674.0,0.0,25.4,23.0,Individual,5,High Risk,Manual Review
120230733,25000.0, 60 months,26.3,E,E5,9 years,MORTGAGE,30000.0,Verified,debt_consolidation,NC,49.28,0.0,670.0,674.0,1.0,35.3,25.0,Joint App,5,High Risk,Manual Review
122324961,32325.0, 36 months,25.82,E,E4,10+ years,MORTGAGE,150000.0,Source Verified,debt_consolidation,IL,31.1,0.0,690.0,694.0,0.0,84.9,45.0,Individual,6,High Risk,Manual Review
122696406,2950.0, 36 months,23.88,E,E2,3 years,RENT,75000.0,Not Verified,debt_consolidation,WA,18.69,1.0,660.0,664.0,0.0,83.0,7.0,Individual,5,High Risk,Manual Review
121372368,24000.0, 60 months,30.17,F,F3,10+ years,MORTGAGE,58000.0,Not Verified,debt_consolidation,CA,43.08,0.0,740.0,744.0,1.0,30.2,47.0,Joint App,5,High Risk,Manual Review
122337187,5000.0, 36 months,24.85,E,E3,6 years,RENT,61200.0,Source Verified,debt_consolidation,TX,35.69,0.0,660.0,664.0,0.0,79.8,30.0,Joint App,5,High Risk,Manual Review
121718650,1800.0, 36 months,22.91,E,E1,,MORTGAGE,60000.0,Verified,home_improvement,PA,44.44,5.0,660.0,664.0,0.0,73.6,32.0,Joint App,6,High Risk,Manual Review
122658999,40000.0, 60 months,25.82,E,E4,7 years,MORTGAGE,122000.0,Verified,debt_consolidation,TX,33.71,0.0,700.0,704.0,1.0,58.9,31.0,Individual,5,High Risk,Manual Review
122279060,15000.0, 60 months,29.69,F,F2,10+ years,MORTGAGE,50490.0,Verified,other,SC,35.47,1.0,715.0,719.0,0.0,42.2,41.0,Individual,6,High Risk,Manual Review
122687333,17100.0, 60 months,30.17,F,F3,3 years,MORTGAGE,35000.0,Verified,debt_consolidation,TX,45.51,0.0,665.0,669.0,3.0,54.7,14.0,Joint App,5,High Risk,Manual Review
122686336,12000.0, 60 months,30.99,G,G5,10+ years,MORTGAGE,105000.0,Source Verified,debt_consolidation,MN,33.95,0.0,675.0,679.0,0.0,64.9,25.0,Individual,5,High Risk,Manual Review
122675041,10550.0, 60 months,30.89,G,G3,7 years,RENT,33000.0,Verified,debt_consolidation,MO,37.38,0.0,675.0,679.0,0.0,75.5,11.0,Individual,5,High Risk,Manual Review
121791265,18000.0, 36 months,24.85,E,E3,3 years,MORTGAGE,65000.0,Source Verified,debt_consolidation,AZ,32.46,0.0,675.0,679.0,0.0,66.8,38.0,Joint App,5,High Risk,Manual Review
120947567,6000.0, 36 months,22.91,E,E1,< 1 year,RENT,30000.0,Verified,other,AZ,50.72,1.0,665.0,669.0,0.0,44.5,25.0,Joint App,6,High Risk,Manual Review
121269192,10000.0, 60 months,24.85,E,E3,6 years,MORTGAGE,69000.0,Not Verified,other,CA,29.81,2.0,675.0,679.0,0.0,82.6,17.0,Individual,5,High Risk,Manual Review
121840288,12000.0, 60 months,26.3,E,E5,10+ years,MORTGAGE,45000.0,Verified,credit_card,ID,48.8,0.0,710.0,714.0,0.0,62.9,14.0,Joint App,5,High Risk,Manual Review
122668378,2800.0, 36 months,22.91,E,E1,10+ years,MORTGAGE,56000.0,Verified,other,NY,21.97,1.0,695.0,699.0,2.0,81.1,26.0,Individual,5,High Risk,Manual Review
122369226,27750.0, 60 months,26.3,E,E5,1 year,RENT,60000.0,Not Verified,car,CA,38.12,0.0,715.0,719.0,1.0,19.5,32.0,Individual,5,High Risk,Manual Review
122313424,11775.0, 60 months,30.17,F,F3,2 years,MORTGAGE,65000.0,Verified,debt_consolidation,MS,36.19,1.0,675.0,679.0,1.0,29.7,32.0,Individual,6,High Risk,Manual Review
122192164,11700.0, 60 months,23.88,E,E2,5 years,MORTGAGE,44700.0,Source Verified,debt_consolidation,NY,33.45,0.0,725.0,729.0,0.0,20.0,33.0,Individual,5,High Risk,Manual Review
121862031,24000.0, 60 months,26.3,E,E5,10+ years,RENT,60000.0,Verified,debt_consolidation,FL,38.04,0.0,675.0,679.0,0.0,41.7,23.0,Individual,5,High Risk,Manual Review
122360002,30000.0, 60 months,26.3,E,E5,10+ years,MORTGAGE,111000.0,Verified,credit_card,AK,31.59,0.0,675.0,679.0,0.0,101.1,34.0,Individual,6,High Risk,Manual Review
122659189,28000.0, 60 months,25.82,E,E4,10+ years,RENT,110000.0,Verified,debt_consolidation,ND,36.37,0.0,725.0,729.0,0.0,46.7,24.0,Individual,5,High Risk,Manual Review
122366747,5000.0, 36 months,24.85,E,E3,10+ years,OWN,78000.0,Source Verified,debt_consolidation,SC,18.77,2.0,665.0,669.0,1.0,82.7,50.0,Individual,5,High Risk,Manual Review
120209239,26075.0, 60 months,29.69,F,F2,10+ years,MORTGAGE,60000.0,Source Verified,debt_consolidation,CA,32.44,0.0,700.0,704.0,2.0,63.9,28.0,Individual,5,High Risk,Manual Review
122664947,17675.0, 36 months,26.3,E,E5,10+ years,MORTGAGE,46904.0,Not Verified,home_improvement,OH,32.7,0.0,750.0,754.0,1.0,21.6,31.0,Joint App,5,High Risk,Manual Review
122307148,16800.0, 60 months,25.82,E,E4,10+ years,MORTGAGE,75000.0,Source Verified,debt_consolidation,TX,32.14,0.0,680.0,684.0,1.0,58.9,55.0,Individual,5,High Risk,Manual Review
121823397,18350.0, 60 months,30.65,F,F4,6 years,RENT,40000.0,Verified,debt_consolidation,NY,39.54,0.0,710.0,714.0,0.0,42.1,23.0,Individual,5,High Risk,Manual Review
122312173,14000.0, 60 months,28.72,F,F1,6 years,RENT,63000.0,Verified,debt_consolidation,VT,34.51,0.0,660.0,664.0,2.0,72.7,20.0,Joint App,5,High Risk,Manual Review
122295912,11500.0, 60 months,23.88,E,E2,< 1 year,RENT,20000.0,Source Verified,debt_consolidation,IL,57.32,0.0,665.0,669.0,2.0,75.4,26.0,Joint App,5,High Risk,Manual Review
122338175,24000.0, 60 months,24.85,E,E3,10+ years,RENT,75000.0,Verified,other,NY,27.46,2.0,670.0,674.0,0.0,81.3,36.0,Individual,5,High Risk,Manual Review
121933747,40000.0, 60 months,30.75,F,F5,< 1 year,RENT,90000.0,Verified,debt_consolidation,FL,36.44,0.0,705.0,709.0,0.0,77.0,32.0,Individual,5,High Risk,Manual Review
120252405,13525.0, 60 months,30.79,G,G1,< 1 year,MORTGAGE,45000.0,Source Verified,debt_consolidation,IL,33.43,0.0,670.0,674.0,0.0,80.7,38.0,Joint App,6,High Risk,Manual Review
122345190,19200.0, 60 months,19.03,D,D3,< 1 year,MORTGAGE,42000.0,Source Verified,debt_consolidation,OH,42.2,1.0,675.0,679.0,1.0,83.8,33.0,Joint App,5,High Risk,Manual Review
122313028,20000.0, 36 months,24.85,E,E3,,MORTGAGE,58000.0,Verified,debt_consolidation,MI,30.06,2.0,665.0,669.0,0.0,44.2,16.0,Individual,6,High Risk,Manual Review
121297740,27000.0, 36 months,24.85,E,E3,2 years,RENT,60000.0,Verified,debt_consolidation,AL,32.5,0.0,680.0,684.0,0.0,80.0,12.0,Individual,5,High Risk,Manual Review
122649845,18000.0, 60 months,28.72,F,F1,4 years,MORTGAGE,106000.0,Verified,home_improvement,NY,38.81,0.0,670.0,674.0,2.0,56.7,38.0,Individual,5,High Risk,Manual Review
122308009,20000.0, 60 months,24.85,E,E3,2 years,MORTGAGE,50000.0,Verified,debt_consolidation,UT,32.83,1.0,705.0,709.0,0.0,15.5,56.0,Individual,6,High Risk,Manual Review
121771232,14750.0, 36 months,30.99,G,G5,10+ years,MORTGAGE,80000.0,Verified,debt_consolidation,NJ,36.96,0.0,660.0,664.0,1.0,65.5,26.0,Individual,5,High Risk,Manual Review
122650934,2000.0, 36 months,17.09,D,D1,4 years,RENT,46000.0,Not Verified,other,FL,37.57,2.0,670.0,674.0,0.0,80.7,30.0,Individual,5,High Risk,Manual Review
122270341,20000.0, 60 months,23.88,E,E2,10+ years,RENT,35000.0,Verified,debt_consolidation,MO,35.08,1.0,675.0,679.0,0.0,10.9,13.0,Joint App,6,High Risk,Manual Review
122350864,14750.0, 36 months,30.75,F,F5,< 1 year,MORTGAGE,25000.0,Not Verified,debt_consolidation,SC,29.52,1.0,685.0,689.0,0.0,99.1,14.0,Joint App,5,High Risk,Manual Review
122326227,31200.0, 36 months,26.3,E,E5,5 years,RENT,65000.0,Source Verified,debt_consolidation,CA,39.36,0.0,710.0,714.0,1.0,64.0,21.0,Individual,5,High Risk,Manual Review
121868343,13200.0, 60 months,25.82,E,E4,10+ years,MORTGAGE,59000.0,Source Verified,debt_consolidation,PA,31.77,0.0,700.0,704.0,0.0,52.1,27.0,Individual,5,High Risk,Manual Review
121850867,20000.0, 60 months,24.85,E,E3,5 years,RENT,70000.0,Verified,debt_consolidation,FL,34.18,0.0,665.0,669.0,2.0,51.0,24.0,Individual,5,High Risk,Manual Review
122646616,32000.0, 60 months,24.85,E,E3,5 years,MORTGAGE,70000.0,Source Verified,debt_consolidation,MN,32.44,1.0,725.0,729.0,1.0,37.6,30.0,Individual,6,High Risk,Manual Review
121771034,10000.0, 60 months,30.79,G,G1,8 years,RENT,24000.0,Source Verified,debt_consolidation,NV,35.1,0.0,715.0,719.0,1.0,45.9,22.0,Individual,5,High Risk,Manual Review
121857511,29375.0, 60 months,30.75,F,F5,< 1 year,RENT,90000.0,Source Verified,credit_card,GA,44.94,0.0,685.0,689.0,1.0,84.0,38.0,Joint App,6,High Risk,Manual Review
121434493,20000.0, 60 months,26.3,E,E5,,RENT,48000.0,Verified,debt_consolidation,CA,31.93,0.0,750.0,754.0,0.0,16.3,27.0,Individual,5,High Risk,Manual Review
122302437,19000.0, 60 months,30.65,F,F4,3 years,MORTGAGE,185000.0,Source Verified,debt_consolidation,GA,17.42,1.0,665.0,669.0,1.0,84.7,31.0,Individual,5,High Risk,Manual Review
122362167,35000.0, 60 months,23.88,E,E2,10+ years,MORTGAGE,82000.0,Verified,credit_card,IL,30.78,0.0,705.0,709.0,0.0,91.8,17.0,Individual,6,High Risk,Manual Review
122300110,15000.0, 36 months,22.91,E,E1,,MORTGAGE,35000.0,Not Verified,debt_consolidation,AL,36.83,0.0,705.0,709.0,0.0,36.8,44.0,Individual,5,High Risk,Manual Review
122321312,35000.0, 36 months,30.99,G,G5,< 1 year,RENT,23000.0,Not Verified,debt_consolidation,CA,105.38,0.0,670.0,674.0,1.0,63.7,14.0,Joint App,5,High Risk,Manual Review
122279083,18700.0, 60 months,24.85,E,E3,9 years,MORTGAGE,45000.0,Verified,credit_card,MO,38.4,0.0,695.0,699.0,2.0,77.6,22.0,Individual,5,High Risk,Manual Review
122273617,35000.0, 60 months,28.72,F,F1,< 1 year,MORTGAGE,77860.0,Verified,debt_consolidation,FL,42.4,1.0,675.0,679.0,0.0,48.1,18.0,Joint App,6,High Risk,Manual Review
121901205,16325.0, 36 months,22.91,E,E1,,OWN,37128.0,Verified,debt_consolidation,MI,39.63,0.0,690.0,694.0,0.0,88.3,18.0,Individual,6,High Risk,Manual Review
119364284,20000.0, 36 months,18.06,D,D2,< 1 year,RENT,72000.0,Source Verified,debt_consolidation,PA,30.14,1.0,665.0,669.0,3.0,89.5,29.0,Joint App,5,High Risk,Manual Review
121746648,28800.0, 60 months,30.65,F,F4,6 years,MORTGAGE,62140.0,Verified,debt_consolidation,GA,38.26,0.0,690.0,694.0,0.0,82.7,16.0,Individual,6,High Risk,Manual Review
122291985,18975.0, 60 months,30.79,G,G1,7 years,MORTGAGE,140000.0,Source Verified,debt_consolidation,LA,35.34,0.0,700.0,704.0,2.0,34.3,41.0,Individual,5,High Risk,Manual Review
122192000,12425.0, 36 months,24.85,E,E3,6 years,OWN,41000.0,Verified,debt_consolidation,OH,54.65,0.0,670.0,674.0,0.0,87.9,49.0,Joint App,6,High Risk,Manual Review
121802865,20000.0, 60 months,30.79,G,G1,10+ years,MORTGAGE,80000.0,Source Verified,debt_consolidation,NY,31.43,0.0,670.0,674.0,1.0,59.7,37.0,Individual,5,High Risk,Manual Review
122212224,24000.0, 60 months,23.88,E,E2,< 1 year,MORTGAGE,35000.0,Verified,home_improvement,KY,60.49,0.0,690.0,694.0,1.0,28.0,25.0,Joint App,5,High Risk,Manual Review
122324289,2500.0, 36 months,24.85,E,E3,4 years,RENT,25000.0,Source Verified,debt_consolidation,CA,36.29,0.0,690.0,694.0,0.0,20.2,19.0,Individual,5,High Risk,Manual Review
121860463,20000.0, 60 months,24.85,E,E3,1 year,RENT,61000.0,Source Verified,debt_consolidation,TX,31.16,0.0,685.0,689.0,1.0,38.7,17.0,Joint App,5,High Risk,Manual Review
122344670,11000.0, 60 months,30.65,F,F4,5 years,MORTGAGE,58000.0,Not Verified,debt_consolidation,AZ,35.22,0.0,705.0,709.0,0.0,97.0,15.0,Individual,6,High Risk,Manual Review
122258322,7200.0, 36 months,24.85,E,E3,4 years,OWN,20000.0,Verified,credit_card,MI,32.59,0.0,695.0,699.0,1.0,41.9,21.0,Individual,5,High Risk,Manual Review
121792859,40000.0, 36 months,23.88,E,E2,7 years,MORTGAGE,65000.0,Verified,debt_consolidation,NY,32.5,0.0,695.0,699.0,0.0,39.3,58.0,Joint App,5,High Risk,Manual Review
122281278,26675.0, 60 months,26.3,E,E5,,MORTGAGE,71136.0,Verified,debt_consolidation,CA,33.94,0.0,725.0,729.0,0.0,93.5,19.0,Individual,6,High Risk,Manual Review
122317557,24000.0, 60 months,30.17,F,F3,10+ years,RENT,56500.0,Verified,debt_consolidation,FL,42.86,0.0,665.0,669.0,0.0,67.9,25.0,Joint App,5,High Risk,Manual Review
122281881,35700.0, 36 months,22.91,E,E1,10+ years,MORTGAGE,150000.0,Verified,home_improvement,FL,32.41,0.0,720.0,724.0,2.0,75.5,17.0,Individual,5,High Risk,Manual Review
121350058,5800.0, 36 months,26.3,E,E5,2 years,MORTGAGE,24000.0,Not Verified,debt_consolidation,MS,39.7,0.0,710.0,714.0,2.0,42.1,30.0,Individual,5,High Risk,Manual Review
122199842,20000.0, 60 months,28.72,F,F1,< 1 year,MORTGAGE,31700.0,Verified,other,IN,57.25,2.0,690.0,694.0,1.0,36.5,31.0,Joint App,6,High Risk,Manual Review
121271824,24000.0, 60 months,23.88,E,E2,1 year,OWN,85000.0,Not Verified,credit_card,TX,33.43,0.0,675.0,679.0,1.0,61.8,22.0,Individual,5,High Risk,Manual Review
121762123,20000.0, 60 months,26.3,E,E5,5 years,RENT,45000.0,Verified,small_business,NY,32.91,1.0,675.0,679.0,0.0,49.0,9.0,Individual,6,High Risk,Manual Review
122303099,8000.0, 36 months,23.88,E,E2,4 years,RENT,100000.0,Not Verified,debt_consolidation,FL,13.88,2.0,665.0,669.0,0.0,81.6,16.0,Individual,5,High Risk,Manual Review
122340652,13925.0, 60 months,30.79,G,G1,10+ years,RENT,41000.0,Not Verified,debt_consolidation,CA,36.91,0.0,680.0,684.0,1.0,52.4,11.0,Individual,5,High Risk,Manual Review
121432159,6275.0, 36 months,22.91,E,E1,,RENT,18504.0,Not Verified,debt_consolidation,NY,32.81,0.0,675.0,679.0,0.0,38.6,24.0,Individual,5,High Risk,Manual Review
122342676,7000.0, 36 months,28.72,F,F1,10+ years,RENT,55650.0,Source Verified,debt_consolidation,PA,36.01,0.0,710.0,714.0,0.0,81.8,16.0,Individual,6,High Risk,Manual Review
121855427,8000.0, 36 months,23.88,E,E2,,MORTGAGE,100000.0,Verified,medical,TN,26.49,3.0,670.0,674.0,2.0,96.0,31.0,Individual,5,High Risk,Manual Review
122216868,40000.0, 60 months,23.88,E,E2,< 1 year,OWN,30000.0,Source Verified,debt_consolidation,FL,54.54,0.0,685.0,689.0,0.0,29.6,20.0,Joint App,5,High Risk,Manual Review
121851928,15000.0, 60 months,26.3,E,E5,3 years,MORTGAGE,97000.0,Verified,debt_consolidation,MA,23.74,1.0,665.0,669.0,0.0,83.6,29.0,Individual,5,High Risk,Manual Review
121831611,3000.0, 36 months,23.88,E,E2,3 years,RENT,52000.0,Verified,other,TX,37.9,0.0,720.0,724.0,1.0,53.0,18.0,Individual,5,High Risk,Manual Review
121900374,19850.0, 60 months,21.45,D,D5,9 years,RENT,60000.0,Verified,debt_consolidation,CA,34.34,1.0,660.0,664.0,0.0,99.0,19.0,Individual,5,High Risk,Manual Review
122303241,10000.0, 36 months,22.91,E,E1,10+ years,MORTGAGE,70000.0,Not Verified,credit_card,TX,32.86,1.0,660.0,664.0,0.0,92.7,26.0,Individual,7,High Risk,Manual Review
121718110,17875.0, 36 months,26.3,E,E5,9 years,MORTGAGE,65000.0,Verified,debt_consolidation,TN,32.27,0.0,720.0,724.0,0.0,31.1,19.0,Individual,5,High Risk,Manual Review
122311602,20000.0, 60 months,26.3,E,E5,10+ years,RENT,80000.0,Not Verified,debt_consolidation,OR,31.71,0.0,750.0,754.0,0.0,25.8,15.0,Individual,5,High Risk,Manual Review
122327758,5000.0, 36 months,22.91,E,E1,7 years,MORTGAGE,73000.0,Not Verified,debt_consolidation,FL,34.36,0.0,685.0,689.0,0.0,50.0,27.0,Individual,5,High Risk,Manual Review
122320025,25000.0, 60 months,25.82,E,E4,10+ years,RENT,104000.0,Not Verified,debt_consolidation,NJ,31.08,0.0,675.0,679.0,2.0,47.5,34.0,Individual,5,High Risk,Manual Review
122320519,30000.0, 60 months,24.85,E,E3,4 years,MORTGAGE,86000.0,Verified,debt_consolidation,MS,33.31,0.0,680.0,684.0,1.0,66.7,24.0,Individual,5,High Risk,Manual Review
122196371,21475.0, 60 months,30.79,G,G1,< 1 year,MORTGAGE,56000.0,Source Verified,debt_consolidation,SC,39.03,0.0,710.0,714.0,0.0,40.0,27.0,Joint App,5,High Risk,Manual Review
122239461,20000.0, 60 months,29.69,F,F2,10+ years,RENT,62000.0,Not Verified,debt_consolidation,OH,30.53,0.0,670.0,674.0,0.0,63.5,27.0,Individual,5,High Risk,Manual Review
122301633,25000.0, 60 months,26.3,E,E5,5 years,RENT,100000.0,Not Verified,debt_consolidation,NM,36.67,0.0,675.0,679.0,1.0,7.1,41.0,Individual,5,High Risk,Manual Review
122272799,12000.0, 60 months,24.85,E,E3,4 years,RENT,32000.0,Verified,credit_card,FL,34.28,0.0,660.0,664.0,0.0,69.8,18.0,Individual,5,High Risk,Manual Review
122326242,9000.0, 36 months,23.88,E,E2,6 years,RENT,35000.0,Not Verified,debt_consolidation,TX,34.77,0.0,710.0,714.0,0.0,75.6,8.0,Individual,5,High Risk,Manual Review
122327356,24000.0, 60 months,28.72,F,F1,1 year,RENT,65000.0,Source Verified,debt_consolidation,AZ,37.56,0.0,715.0,719.0,0.0,48.1,38.0,Individual,5,High Risk,Manual Review
121367199,12875.0, 36 months,30.75,F,F5,,MORTGAGE,8000.0,Not Verified,debt_consolidation,FL,177.03,2.0,690.0,694.0,1.0,35.4,17.0,Joint App,6,High Risk,Manual Review
121374791,10000.0, 36 months,22.91,E,E1,< 1 year,OWN,31000.0,Source Verified,other,MS,34.8,0.0,675.0,679.0,2.0,14.0,36.0,Individual,5,High Risk,Manual Review
122233782,40000.0, 60 months,24.85,E,E3,,RENT,79764.0,Verified,other,GA,31.52,0.0,710.0,714.0,0.0,68.0,24.0,Individual,5,High Risk,Manual Review
121761793,1200.0, 36 months,23.88,E,E2,< 1 year,RENT,32000.0,Verified,other,TX,55.55,1.0,665.0,669.0,0.0,56.4,20.0,Joint App,6,High Risk,Manual Review
121753600,27000.0, 36 months,26.3,E,E5,3 years,MORTGAGE,60000.0,Verified,debt_consolidation,GA,32.06,0.0,670.0,674.0,3.0,61.0,28.0,Individual,5,High Risk,Manual Review
122253754,20000.0, 36 months,26.3,E,E5,4 years,RENT,85000.0,Source Verified,debt_consolidation,CA,30.98,0.0,700.0,704.0,0.0,86.6,12.0,Individual,6,High Risk,Manual Review
122260818,15000.0, 36 months,28.72,F,F1,10+ years,MORTGAGE,65000.0,Source Verified,debt_consolidation,TX,34.05,0.0,675.0,679.0,1.0,55.6,30.0,Individual,5,High Risk,Manual Review
121405781,16000.0, 60 months,26.3,E,E5,< 1 year,RENT,90000.0,Source Verified,credit_card,CA,50.56,0.0,690.0,694.0,0.0,85.1,21.0,Joint App,6,High Risk,Manual Review
120924260,37275.0, 36 months,26.3,E,E5,,MORTGAGE,99844.0,Verified,debt_consolidation,SD,38.11,0.0,755.0,759.0,3.0,20.8,73.0,Individual,5,High Risk,Manual Review
122238527,36000.0, 60 months,23.88,E,E2,,MORTGAGE,114000.0,Verified,debt_consolidation,IL,31.34,0.0,680.0,684.0,2.0,80.8,32.0,Individual,6,High Risk,Manual Review
122303118,16000.0, 60 months,28.72,F,F1,10+ years,RENT,43000.0,Not Verified,credit_card,NY,31.16,0.0,700.0,704.0,0.0,90.1,13.0,Individual,6,High Risk,Manual Review
122187411,17150.0, 60 months,23.88,E,E2,7 years,MORTGAGE,67200.0,Verified,debt_consolidation,AZ,33.64,0.0,660.0,664.0,2.0,72.0,17.0,Individual,5,High Risk,Manual Review
122308297,12000.0, 60 months,30.79,G,G1,10+ years,MORTGAGE,50000.0,Not Verified,debt_consolidation,WI,32.12,0.0,700.0,704.0,0.0,65.5,29.0,Individual,5,High Risk,Manual Review
121872823,25000.0, 60 months,15.05,C,C4,10+ years,MORTGAGE,117000.0,Verified,debt_consolidation,AL,31.58,1.0,665.0,669.0,0.0,99.0,18.0,Individual,5,High Risk,Manual Review
121215118,35000.0, 60 months,25.82,E,E4,5 years,MORTGAGE,71300.0,Source Verified,credit_card,CT,38.97,0.0,705.0,709.0,0.0,61.8,40.0,Joint App,5,High Risk,Manual Review
120624156,30000.0, 60 months,26.3,E,E5,6 years,OWN,119000.0,Verified,credit_card,IL,37.72,0.0,685.0,689.0,2.0,67.1,57.0,Individual,5,High Risk,Manual Review
121869183,20000.0, 60 months,29.69,F,F2,10+ years,RENT,55000.0,Verified,credit_card,TX,36.82,0.0,660.0,664.0,0.0,38.7,20.0,Individual,5,High Risk,Manual Review
122300601,6000.0, 36 months,22.91,E,E1,6 years,RENT,37440.0,Verified,credit_card,CA,36.38,0.0,675.0,679.0,0.0,26.7,17.0,Individual,5,High Risk,Manual Review
122294798,18000.0, 60 months,30.75,F,F5,1 year,OWN,45000.0,Source Verified,debt_consolidation,NY,39.01,0.0,755.0,759.0,0.0,24.0,25.0,Individual,5,High Risk,Manual Review
122236145,19000.0, 36 months,25.82,E,E4,10+ years,RENT,50000.0,Verified,debt_consolidation,CA,32.29,0.0,710.0,714.0,1.0,58.2,22.0,Individual,5,High Risk,Manual Review
121895180,30000.0, 60 months,30.75,F,F5,10+ years,OWN,32000.0,Source Verified,home_improvement,NC,38.11,0.0,665.0,669.0,0.0,19.2,23.0,Joint App,5,High Risk,Manual Review
122213201,26000.0, 60 months,25.82,E,E4,< 1 year,MORTGAGE,40000.0,Verified,debt_consolidation,NJ,48.52,1.0,665.0,669.0,1.0,61.3,24.0,Joint App,6,High Risk,Manual Review
121902532,10000.0, 60 months,25.82,E,E4,3 years,MORTGAGE,45000.0,Verified,home_improvement,AZ,60.64,0.0,685.0,689.0,0.0,96.7,17.0,Joint App,6,High Risk,Manual Review
121333630,16000.0, 36 months,22.91,E,E1,10+ years,RENT,95000.0,Source Verified,debt_consolidation,CA,19.87,5.0,660.0,664.0,2.0,83.5,35.0,Individual,5,High Risk,Manual Review
121795180,30000.0, 36 months,24.85,E,E3,,OWN,70000.0,Source Verified,debt_consolidation,NC,31.63,0.0,675.0,679.0,0.0,61.3,27.0,Individual,5,High Risk,Manual Review
121918168,3000.0, 36 months,23.88,E,E2,10+ years,RENT,100000.0,Not Verified,debt_consolidation,CA,17.0,1.0,665.0,669.0,1.0,89.0,23.0,Individual,5,High Risk,Manual Review
120923472,35000.0, 60 months,30.75,F,F5,< 1 year,MORTGAGE,90000.0,Verified,credit_card,NJ,66.69,1.0,675.0,679.0,0.0,68.7,20.0,Joint App,6,High Risk,Manual Review
122293356,35000.0, 36 months,26.3,E,E5,10+ years,MORTGAGE,186000.0,Verified,debt_consolidation,MD,37.73,0.0,690.0,694.0,1.0,70.1,41.0,Individual,5,High Risk,Manual Review
122287772,6000.0, 36 months,22.91,E,E1,6 years,RENT,45000.0,Not Verified,debt_consolidation,TX,34.35,1.0,685.0,689.0,0.0,17.9,22.0,Individual,6,High Risk,Manual Review
122287784,3200.0, 36 months,22.91,E,E1,1 year,OWN,24000.0,Not Verified,medical,NV,35.4,0.0,665.0,669.0,0.0,20.5,31.0,Individual,5,High Risk,Manual Review
121720641,31400.0, 60 months,24.85,E,E3,10+ years,MORTGAGE,70000.0,Verified,debt_consolidation,OH,61.99,0.0,755.0,759.0,1.0,48.9,39.0,Joint App,5,High Risk,Manual Review
121861162,20000.0, 36 months,30.75,F,F5,4 years,MORTGAGE,38000.0,Verified,debt_consolidation,FL,51.48,0.0,670.0,674.0,0.0,36.9,17.0,Joint App,5,High Risk,Manual Review
121784070,16000.0, 60 months,29.69,F,F2,3 years,MORTGAGE,100000.0,Source Verified,credit_card,CT,33.63,0.0,700.0,704.0,2.0,96.0,28.0,Individual,6,High Risk,Manual Review
122270340,12600.0, 60 months,24.85,E,E3,< 1 year,OWN,100000.0,Not Verified,house,GA,21.21,2.0,690.0,694.0,0.0,82.4,21.0,Individual,5,High Risk,Manual Review
121224702,35000.0, 60 months,26.3,E,E5,10+ years,MORTGAGE,65000.0,Not Verified,debt_consolidation,NC,43.02,0.0,730.0,734.0,0.0,59.4,23.0,Joint App,5,High Risk,Manual Review
122235826,21000.0, 60 months,20.0,D,D4,10+ years,MORTGAGE,100000.0,Source Verified,credit_card,OH,30.11,4.0,665.0,669.0,0.0,89.0,24.0,Individual,5,High Risk,Manual Review
121724103,33575.0, 60 months,30.89,G,G3,4 years,MORTGAGE,93000.0,Source Verified,other,CA,32.92,0.0,685.0,689.0,1.0,81.8,36.0,Joint App,6,High Risk,Manual Review
120260924,12000.0, 36 months,25.82,E,E4,< 1 year,MORTGAGE,50000.0,Verified,debt_consolidation,TX,45.08,0.0,660.0,664.0,0.0,84.3,31.0,Joint App,6,High Risk,Manual Review
122229801,28800.0, 60 months,23.88,E,E2,1 year,MORTGAGE,52990.0,Verified,debt_consolidation,TX,53.99,0.0,690.0,694.0,0.0,95.8,19.0,Joint App,6,High Risk,Manual Review
121756377,17000.0, 60 months,24.85,E,E3,< 1 year,RENT,41600.0,Verified,debt_consolidation,AZ,34.94,0.0,685.0,689.0,0.0,83.1,32.0,Individual,6,High Risk,Manual Review
121918091,30000.0, 60 months,30.99,G,G5,< 1 year,MORTGAGE,42342.0,Verified,debt_consolidation,MI,41.58,0.0,690.0,694.0,0.0,50.9,18.0,Joint App,5,High Risk,Manual Review
121737914,4000.0, 36 months,22.91,E,E1,6 years,OWN,40000.0,Not Verified,debt_consolidation,TX,38.4,0.0,740.0,744.0,0.0,33.7,25.0,Individual,5,High Risk,Manual Review
122273090,16725.0, 36 months,30.94,G,G4,7 years,RENT,90000.0,Verified,debt_consolidation,TX,25.23,1.0,670.0,674.0,0.0,97.3,30.0,Individual,5,High Risk,Manual Review
121924032,38950.0, 60 months,30.79,G,G1,2 years,MORTGAGE,45000.0,Not Verified,debt_consolidation,TX,45.61,0.0,705.0,709.0,1.0,58.4,56.0,Joint App,5,High Risk,Manual Review
121787514,5450.0, 36 months,26.3,E,E5,4 years,MORTGAGE,85000.0,Not Verified,debt_consolidation,NJ,39.19,0.0,700.0,704.0,0.0,78.8,29.0,Individual,5,High Risk,Manual Review
120642791,24050.0, 60 months,26.3,E,E5,< 1 year,RENT,20000.0,Verified,debt_consolidation,GA,88.78,0.0,660.0,664.0,0.0,89.2,16.0,Joint App,6,High Risk,Manual Review
121858892,10000.0, 36 months,22.91,E,E1,10+ years,RENT,54000.0,Verified,debt_consolidation,FL,32.82,0.0,680.0,684.0,0.0,57.9,14.0,Joint App,5,High Risk,Manual Review
122265877,8000.0, 36 months,24.85,E,E3,8 years,RENT,40516.8,Not Verified,debt_consolidation,CA,34.39,1.0,720.0,724.0,1.0,28.7,19.0,Individual,6,High Risk,Manual Review
122207861,15000.0, 60 months,28.72,F,F1,5 years,RENT,28000.0,Verified,medical,OH,55.25,0.0,740.0,744.0,0.0,70.0,11.0,Joint App,5,High Risk,Manual Review
122242102,15000.0, 60 months,23.88,E,E2,< 1 year,MORTGAGE,32700.0,Verified,debt_consolidation,KS,46.86,1.0,675.0,679.0,0.0,88.8,11.0,Joint App,7,High Risk,Manual Review
122246322,27450.0, 36 months,25.82,E,E4,10+ years,MORTGAGE,57200.0,Verified,debt_consolidation,OH,31.53,0.0,720.0,724.0,0.0,96.4,10.0,Individual,6,High Risk,Manual Review
122259718,18000.0, 60 months,24.85,E,E3,10+ years,MORTGAGE,85000.0,Source Verified,debt_consolidation,CT,33.52,0.0,710.0,714.0,0.0,43.8,29.0,Individual,5,High Risk,Manual Review
120214665,15000.0, 60 months,30.75,F,F5,3 years,MORTGAGE,85000.0,Source Verified,house,VA,33.44,1.0,690.0,694.0,0.0,59.7,34.0,Individual,6,High Risk,Manual Review
121929869,3500.0, 36 months,28.72,F,F1,5 years,MORTGAGE,64501.0,Not Verified,small_business,GA,31.14,1.0,675.0,679.0,1.0,67.7,38.0,Joint App,6,High Risk,Manual Review
121837480,10000.0, 60 months,30.79,G,G1,2 years,OWN,28000.0,Verified,debt_consolidation,AZ,31.16,0.0,700.0,704.0,1.0,3.9,28.0,Individual,5,High Risk,Manual Review
121816090,16625.0, 36 months,26.3,E,E5,10+ years,RENT,35000.0,Verified,debt_consolidation,RI,30.49,0.0,715.0,719.0,1.0,27.6,23.0,Individual,5,High Risk,Manual Review
121810762,28000.0, 60 months,30.79,G,G1,,MORTGAGE,27756.0,Verified,debt_consolidation,MO,49.89,0.0,710.0,714.0,0.0,68.3,11.0,Joint App,5,High Risk,Manual Review
122195641,19300.0, 60 months,24.85,E,E3,10+ years,RENT,42000.0,Source Verified,debt_consolidation,FL,34.57,0.0,700.0,704.0,0.0,74.5,19.0,Individual,5,High Risk,Manual Review
121915777,20400.0, 60 months,25.82,E,E4,< 1 year,MORTGAGE,74000.0,Not Verified,other,MO,36.31,0.0,660.0,664.0,0.0,90.3,52.0,Joint App,6,High Risk,Manual Review
121931763,35000.0, 60 months,30.79,G,G1,10+ years,MORTGAGE,145000.0,Source Verified,home_improvement,NY,9.25,2.0,670.0,674.0,0.0,90.1,19.0,Individual,5,High Risk,Manual Review
122262006,32425.0, 36 months,26.3,E,E5,10+ years,MORTGAGE,85000.0,Verified,debt_consolidation,TX,35.54,0.0,710.0,714.0,0.0,46.2,38.0,Individual,5,High Risk,Manual Review
122222999,16000.0, 60 months,19.03,D,D3,< 1 year,MORTGAGE,83000.0,Verified,debt_consolidation,VA,42.29,1.0,675.0,679.0,0.0,98.8,22.0,Joint App,5,High Risk,Manual Review
122203401,36000.0, 60 months,25.82,E,E4,4 years,MORTGAGE,125000.0,Verified,debt_consolidation,MI,32.71,0.0,685.0,689.0,1.0,90.3,34.0,Individual,6,High Risk,Manual Review
122238168,40000.0, 60 months,28.72,F,F1,10+ years,RENT,80000.0,Verified,debt_consolidation,WA,36.4,0.0,705.0,709.0,0.0,41.7,34.0,Individual,5,High Risk,Manual Review
119980856,16675.0, 60 months,30.75,F,F5,10+ years,MORTGAGE,68500.0,Verified,debt_consolidation,FL,32.32,0.0,665.0,669.0,3.0,34.0,30.0,Individual,5,High Risk,Manual Review
121373815,20000.0, 60 months,23.88,E,E2,7 years,RENT,56300.0,Not Verified,debt_consolidation,CA,34.52,0.0,725.0,729.0,0.0,53.3,19.0,Individual,5,High Risk,Manual Review
122242324,35000.0, 36 months,30.65,F,F4,1 year,RENT,78600.0,Not Verified,debt_consolidation,AZ,20.46,1.0,670.0,674.0,0.0,93.7,28.0,Individual,5,High Risk,Manual Review
122206692,25000.0, 36 months,18.06,D,D2,5 years,MORTGAGE,150000.0,Source Verified,debt_consolidation,IL,37.12,1.0,690.0,694.0,3.0,85.5,28.0,Individual,5,High Risk,Manual Review
121901900,24000.0, 60 months,25.82,E,E4,10+ years,MORTGAGE,72878.0,Verified,credit_card,IL,37.6,0.0,715.0,719.0,1.0,78.6,16.0,Individual,5,High Risk,Manual Review
121922648,18000.0, 60 months,25.82,E,E4,,OWN,50000.0,Verified,debt_consolidation,FL,33.16,0.0,665.0,669.0,1.0,52.0,28.0,Individual,5,High Risk,Manual Review
121783975,25000.0, 60 months,24.85,E,E3,10+ years,MORTGAGE,70000.0,Verified,debt_consolidation,MI,44.77,1.0,700.0,704.0,0.0,47.6,41.0,Joint App,6,High Risk,Manual Review
120659380,20000.0, 60 months,26.3,E,E5,,MORTGAGE,7200.0,Not Verified,debt_consolidation,AZ,288.0,0.0,695.0,699.0,0.0,73.9,16.0,Joint App,5,High Risk,Manual Review
121897211,20000.0, 36 months,24.85,E,E3,< 1 year,MORTGAGE,50000.0,Source Verified,debt_consolidation,FL,37.06,1.0,680.0,684.0,0.0,78.8,21.0,Joint App,6,High Risk,Manual Review
121738737,25000.0, 60 months,20.0,D,D4,< 1 year,OWN,60000.0,Not Verified,debt_consolidation,GA,39.14,1.0,710.0,714.0,1.0,90.3,23.0,Joint App,5,High Risk,Manual Review
121931269,35000.0, 60 months,26.3,E,E5,3 years,RENT,80600.0,Verified,debt_consolidation,VA,32.86,1.0,685.0,689.0,4.0,20.0,26.0,Individual,6,High Risk,Manual Review
121833872,22075.0, 60 months,30.79,G,G1,10+ years,RENT,70000.0,Source Verified,credit_card,OR,36.34,0.0,710.0,714.0,0.0,65.9,13.0,Individual,5,High Risk,Manual Review
121709026,10000.0, 60 months,30.75,F,F5,3 years,RENT,35000.0,Source Verified,debt_consolidation,NY,31.82,0.0,725.0,729.0,0.0,20.1,17.0,Individual,5,High Risk,Manual Review
121794655,15000.0, 36 months,18.06,D,D2,< 1 year,MORTGAGE,180000.0,Not Verified,debt_consolidation,HI,38.59,1.0,670.0,674.0,1.0,92.9,30.0,Joint App,5,High Risk,Manual Review
121814350,27550.0, 60 months,30.79,G,G1,< 1 year,RENT,64596.0,Source Verified,debt_consolidation,CO,37.14,0.0,715.0,719.0,1.0,39.3,20.0,Individual,5,High Risk,Manual Review
122202794,16000.0, 60 months,16.02,C,C5,8 years,MORTGAGE,34303.0,Not Verified,debt_consolidation,MN,37.54,3.0,695.0,699.0,0.0,81.2,25.0,Joint App,5,High Risk,Manual Review
121846028,35000.0, 60 months,23.88,E,E2,< 1 year,RENT,36000.0,Source Verified,car,TX,37.8,0.0,735.0,739.0,1.0,29.5,18.0,Joint App,5,High Risk,Manual Review
121265526,3600.0, 36 months,15.05,C,C4,10+ years,MORTGAGE,31000.0,Verified,home_improvement,NE,70.85,1.0,660.0,664.0,0.0,81.0,16.0,Joint App,5,High Risk,Manual Review
121915656,35000.0, 60 months,30.17,F,F3,10+ years,MORTGAGE,70000.0,Verified,debt_consolidation,IN,32.54,0.0,695.0,699.0,2.0,65.2,27.0,Individual,5,High Risk,Manual Review
121906155,18000.0, 60 months,30.65,F,F4,10+ years,OWN,52000.0,Source Verified,debt_consolidation,WA,36.65,0.0,695.0,699.0,0.0,91.9,18.0,Individual,6,High Risk,Manual Review
121452813,1000.0, 36 months,23.88,E,E2,< 1 year,RENT,18000.0,Verified,other,OH,43.07,0.0,700.0,704.0,0.0,93.1,10.0,Joint App,6,High Risk,Manual Review
121915083,35000.0, 36 months,24.85,E,E3,,RENT,77000.0,Verified,debt_consolidation,WA,31.02,0.0,690.0,694.0,1.0,88.0,22.0,Individual,6,High Risk,Manual Review
121363180,16000.0, 60 months,26.3,E,E5,< 1 year,MORTGAGE,65000.0,Verified,debt_consolidation,CA,42.6,0.0,705.0,709.0,0.0,78.3,27.0,Joint App,5,High Risk,Manual Review
122200354,23450.0, 36 months,26.3,E,E5,< 1 year,RENT,51000.0,Not Verified,debt_consolidation,NM,30.52,0.0,720.0,724.0,1.0,15.9,20.0,Individual,5,High Risk,Manual Review
122200257,10000.0, 60 months,24.85,E,E3,,MORTGAGE,20000.0,Not Verified,debt_consolidation,MD,32.77,0.0,685.0,689.0,0.0,47.3,12.0,Individual,5,High Risk,Manual Review
122190416,12000.0, 60 months,24.85,E,E3,2 years,MORTGAGE,106000.0,Source Verified,debt_consolidation,MN,19.46,1.0,660.0,664.0,1.0,90.3,23.0,Individual,5,High Risk,Manual Review
120183616,18000.0, 60 months,24.85,E,E3,3 years,RENT,79500.0,Verified,debt_consolidation,NY,32.11,0.0,710.0,714.0,0.0,44.4,55.0,Individual,5,High Risk,Manual Review
122190851,34750.0, 36 months,30.75,F,F5,5 years,MORTGAGE,85000.0,Not Verified,credit_card,NJ,32.29,0.0,680.0,684.0,0.0,47.0,38.0,Individual,5,High Risk,Manual Review
121774783,35000.0, 60 months,26.3,E,E5,< 1 year,RENT,65000.0,Verified,debt_consolidation,VA,45.01,1.0,675.0,679.0,0.0,75.6,24.0,Joint App,6,High Risk,Manual Review
121420151,24250.0, 60 months,30.99,G,G5,10+ years,RENT,65000.0,Not Verified,debt_consolidation,HI,27.7,5.0,670.0,674.0,0.0,81.5,30.0,Individual,5,High Risk,Manual Review
122192884,10000.0, 36 months,22.91,E,E1,10+ years,RENT,54188.0,Not Verified,other,TX,5.63,2.0,660.0,664.0,0.0,97.0,12.0,Individual,5,High Risk,Manual Review
121931225,10500.0, 60 months,28.72,F,F1,8 years,OWN,45000.0,Verified,debt_consolidation,VT,34.75,0.0,705.0,709.0,3.0,17.7,17.0,Individual,5,High Risk,Manual Review
121299735,11975.0, 60 months,30.75,F,F5,,RENT,50000.0,Source Verified,home_improvement,IL,30.36,1.0,665.0,669.0,2.0,16.2,21.0,Joint App,6,High Risk,Manual Review
119359465,10000.0, 60 months,30.75,F,F5,5 years,MORTGAGE,71000.0,Not Verified,debt_consolidation,AZ,37.47,0.0,680.0,684.0,0.0,62.4,37.0,Joint App,5,High Risk,Manual Review
121870427,16000.0, 60 months,23.88,E,E2,5 years,MORTGAGE,149000.0,Not Verified,home_improvement,TX,30.66,1.0,700.0,704.0,0.0,51.6,26.0,Individual,6,High Risk,Manual Review
121873753,30800.0, 60 months,18.06,D,D2,< 1 year,MORTGAGE,35000.0,Not Verified,debt_consolidation,TX,39.57,1.0,685.0,689.0,2.0,96.0,19.0,Joint App,5,High Risk,Manual Review
121905049,30625.0, 36 months,26.3,E,E5,10+ years,MORTGAGE,95000.0,Verified,debt_consolidation,OK,30.26,0.0,710.0,714.0,3.0,17.5,29.0,Individual,5,High Risk,Manual Review
121722154,19000.0, 60 months,30.75,F,F5,,OWN,14000.0,Verified,debt_consolidation,TX,42.45,1.0,745.0,749.0,0.0,6.7,10.0,Joint App,6,High Risk,Manual Review
121845154,20000.0, 60 months,30.17,F,F3,< 1 year,MORTGAGE,61500.0,Verified,debt_consolidation,CA,45.54,1.0,710.0,714.0,2.0,62.3,15.0,Joint App,6,High Risk,Manual Review
121286483,25000.0, 60 months,29.69,F,F2,,OWN,80000.0,Verified,debt_consolidation,TX,30.09,0.0,720.0,724.0,1.0,85.1,9.0,Individual,6,High Risk,Manual Review
121774670,14000.0, 60 months,23.88,E,E2,3 years,RENT,34000.0,Source Verified,debt_consolidation,NJ,53.97,0.0,690.0,694.0,0.0,45.8,23.0,Joint App,5,High Risk,Manual Review
121714074,30775.0, 60 months,22.91,E,E1,10+ years,OWN,80000.0,Verified,credit_card,TX,32.21,0.0,700.0,704.0,0.0,76.0,22.0,Individual,5,High Risk,Manual Review
121866201,14900.0, 36 months,24.85,E,E3,10+ years,RENT,95000.0,Verified,credit_card,OH,13.21,1.0,675.0,679.0,0.0,81.5,18.0,Individual,5,High Risk,Manual Review
121914122,7625.0, 36 months,23.88,E,E2,5 years,RENT,30000.0,Source Verified,debt_consolidation,RI,36.08,0.0,720.0,724.0,1.0,41.4,13.0,Individual,5,High Risk,Manual Review
121407995,25000.0, 60 months,25.82,E,E4,10+ years,MORTGAGE,65000.0,Verified,debt_consolidation,NC,39.55,1.0,670.0,674.0,0.0,82.1,24.0,Individual,7,High Risk,Manual Review
121928163,11000.0, 36 months,22.91,E,E1,10+ years,RENT,36000.0,Verified,debt_consolidation,WA,39.83,0.0,660.0,664.0,0.0,66.9,31.0,Individual,5,High Risk,Manual Review
121872507,6325.0, 36 months,30.84,G,G2,10+ years,OWN,36233.0,Verified,debt_consolidation,TX,50.18,0.0,665.0,669.0,0.0,94.8,18.0,Joint App,6,High Risk,Manual Review
121824598,10000.0, 60 months,29.69,F,F2,4 years,RENT,50000.0,Source Verified,debt_consolidation,CA,37.73,1.0,665.0,669.0,0.0,64.3,21.0,Individual,6,High Risk,Manual Review
121871330,15000.0, 60 months,26.3,E,E5,,RENT,30000.0,Source Verified,debt_consolidation,NY,66.68,0.0,695.0,699.0,3.0,32.6,47.0,Joint App,5,High Risk,Manual Review
121853901,8000.0, 36 months,23.88,E,E2,9 years,OWN,28000.0,Verified,debt_consolidation,PA,37.16,0.0,705.0,709.0,0.0,81.3,28.0,Individual,6,High Risk,Manual Review
121826329,20400.0, 60 months,25.82,E,E4,< 1 year,MORTGAGE,58000.0,Verified,debt_consolidation,MN,52.97,0.0,700.0,704.0,0.0,73.6,28.0,Joint App,5,High Risk,Manual Review
121866491,12000.0, 60 months,25.82,E,E4,< 1 year,RENT,12000.0,Not Verified,debt_consolidation,CA,30.2,0.0,660.0,664.0,0.0,17.4,9.0,Joint App,5,High Risk,Manual Review
121780322,20000.0, 60 months,25.82,E,E4,10+ years,RENT,40500.0,Source Verified,debt_consolidation,FL,30.37,0.0,720.0,724.0,0.0,77.7,17.0,Individual,5,High Risk,Manual Review
121866499,15200.0, 60 months,30.65,F,F4,6 years,OWN,45000.0,Source Verified,debt_consolidation,IN,35.15,0.0,720.0,724.0,0.0,71.1,21.0,Individual,5,High Risk,Manual Review
120275606,20000.0, 60 months,23.88,E,E2,,OWN,60000.0,Verified,debt_consolidation,AL,36.86,0.0,700.0,704.0,0.0,64.2,33.0,Individual,5,High Risk,Manual Review
121919968,12000.0, 60 months,24.85,E,E3,8 years,MORTGAGE,98000.0,Source Verified,debt_consolidation,NC,21.32,1.0,660.0,664.0,0.0,93.1,20.0,Individual,5,High Risk,Manual Review
121903224,35000.0, 60 months,19.03,D,D3,,MORTGAGE,108000.0,Verified,debt_consolidation,MO,30.5,2.0,685.0,689.0,0.0,91.0,39.0,Individual,5,High Risk,Manual Review
121796924,25000.0, 60 months,22.91,E,E1,10+ years,MORTGAGE,95000.0,Verified,credit_card,MT,32.04,0.0,700.0,704.0,0.0,90.0,56.0,Individual,6,High Risk,Manual Review
121911415,29000.0, 60 months,30.17,F,F3,10+ years,RENT,81792.0,Source Verified,debt_consolidation,WA,39.76,0.0,710.0,714.0,0.0,82.9,22.0,Individual,6,High Risk,Manual Review
121707027,30500.0, 60 months,24.85,E,E3,10+ years,MORTGAGE,135000.0,Source Verified,credit_card,NV,31.16,1.0,665.0,669.0,0.0,31.0,61.0,Individual,6,High Risk,Manual Review
121860753,11200.0, 60 months,28.72,F,F1,1 year,MORTGAGE,84000.0,Not Verified,home_improvement,IN,36.53,4.0,670.0,674.0,0.0,65.8,57.0,Joint App,6,High Risk,Manual Review
121907089,19375.0, 60 months,24.85,E,E3,10+ years,MORTGAGE,55000.0,Not Verified,debt_consolidation,OH,31.01,0.0,670.0,674.0,1.0,73.0,24.0,Individual,5,High Risk,Manual Review
121277193,16800.0, 60 months,26.3,E,E5,,MORTGAGE,13000.0,Verified,debt_consolidation,NY,21.7,6.0,660.0,664.0,0.0,99.6,17.0,Joint App,5,High Risk,Manual Review
121858309,11575.0, 60 months,30.65,F,F4,< 1 year,MORTGAGE,40000.0,Verified,home_improvement,KY,61.72,0.0,710.0,714.0,0.0,97.7,12.0,Joint App,6,High Risk,Manual Review
121218077,3950.0, 36 months,26.3,E,E5,,OWN,11000.0,Not Verified,credit_card,IL,35.48,0.0,705.0,709.0,1.0,37.0,20.0,Individual,5,High Risk,Manual Review
121795026,28000.0, 60 months,26.3,E,E5,10+ years,MORTGAGE,110000.0,Verified,debt_consolidation,PA,26.71,1.0,660.0,664.0,0.0,92.1,37.0,Individual,5,High Risk,Manual Review
121759704,25200.0, 60 months,29.69,F,F2,< 1 year,RENT,36000.0,Verified,debt_consolidation,AK,37.67,0.0,740.0,744.0,0.0,,6.0,Joint App,5,High Risk,Manual Review
121854410,17600.0, 60 months,30.75,F,F5,10+ years,RENT,40000.0,Verified,other,NY,34.17,1.0,695.0,699.0,1.0,44.1,24.0,Individual,6,High Risk,Manual Review
119428053,3300.0, 36 months,26.3,E,E5,4 years,MORTGAGE,32500.0,Verified,debt_consolidation,MT,37.15,0.0,705.0,709.0,0.0,87.4,14.0,Individual,6,High Risk,Manual Review
121887800,1500.0, 36 months,23.88,E,E2,< 1 year,RENT,23000.0,Verified,debt_consolidation,CA,30.06,1.0,665.0,669.0,0.0,13.2,11.0,Individual,6,High Risk,Manual Review
121783837,30000.0, 60 months,30.79,G,G1,7 years,MORTGAGE,55000.0,Verified,other,FL,43.63,0.0,660.0,664.0,2.0,46.2,18.0,Joint App,5,High Risk,Manual Review
119885707,15225.0, 36 months,24.85,E,E3,,OWN,70000.0,Verified,credit_card,GA,38.26,0.0,660.0,664.0,0.0,65.3,27.0,Individual,5,High Risk,Manual Review
121785587,31650.0, 60 months,23.88,E,E2,10+ years,MORTGAGE,70000.0,Verified,debt_consolidation,SD,30.41,0.0,700.0,704.0,0.0,96.2,40.0,Joint App,6,High Risk,Manual Review
120276639,20000.0, 60 months,24.85,E,E3,1 year,RENT,109000.0,Source Verified,small_business,UT,34.71,0.0,675.0,679.0,1.0,77.0,18.0,Individual,5,High Risk,Manual Review
121757239,35000.0, 36 months,30.75,F,F5,2 years,RENT,45000.0,Source Verified,debt_consolidation,TX,33.44,0.0,695.0,699.0,0.0,72.0,18.0,Joint App,5,High Risk,Manual Review
121884328,8000.0, 36 months,18.06,D,D2,6 years,MORTGAGE,135000.0,Verified,home_improvement,TN,37.56,2.0,670.0,674.0,0.0,81.3,32.0,Individual,5,High Risk,Manual Review
121848967,16825.0, 36 months,23.88,E,E2,< 1 year,OWN,75000.0,Not Verified,debt_consolidation,NJ,32.35,0.0,695.0,699.0,4.0,96.0,7.0,Individual,6,High Risk,Manual Review
121816203,22000.0, 60 months,17.09,D,D1,< 1 year,MORTGAGE,115000.0,Verified,credit_card,TX,30.44,1.0,660.0,664.0,2.0,81.5,25.0,Joint App,5,High Risk,Manual Review
121831942,16000.0, 36 months,20.0,D,D4,< 1 year,RENT,75000.0,Verified,debt_consolidation,MA,30.74,3.0,670.0,674.0,0.0,95.7,32.0,Joint App,5,High Risk,Manual Review
121381919,32000.0, 60 months,25.82,E,E4,1 year,MORTGAGE,33000.0,Source Verified,debt_consolidation,AL,34.25,0.0,710.0,714.0,1.0,40.4,17.0,Joint App,5,High Risk,Manual Review
121749251,15000.0, 60 months,30.79,G,G1,4 years,OWN,30000.0,Verified,debt_consolidation,FL,32.16,0.0,695.0,699.0,1.0,28.5,20.0,Individual,5,High Risk,Manual Review
119926039,2800.0, 36 months,22.91,E,E1,1 year,RENT,25000.0,Verified,moving,CA,33.99,0.0,730.0,734.0,0.0,37.2,7.0,Individual,5,High Risk,Manual Review
121790258,21000.0, 36 months,22.91,E,E1,2 years,OWN,48000.0,Source Verified,small_business,IL,32.93,0.0,680.0,684.0,1.0,79.1,36.0,Individual,5,High Risk,Manual Review
121803847,22400.0, 60 months,24.85,E,E3,10+ years,MORTGAGE,193000.0,Verified,debt_consolidation,NJ,14.22,2.0,660.0,664.0,0.0,87.2,25.0,Individual,5,High Risk,Manual Review
121428609,18000.0, 60 months,26.3,E,E5,2 years,RENT,36000.0,Not Verified,debt_consolidation,IL,33.63,1.0,670.0,674.0,2.0,24.8,31.0,Individual,6,High Risk,Manual Review
121866416,30000.0, 60 months,23.88,E,E2,10+ years,RENT,81076.0,Source Verified,credit_card,OR,39.76,0.0,660.0,664.0,1.0,85.0,30.0,Individual,6,High Risk,Manual Review
121847666,28500.0, 60 months,30.65,F,F4,8 years,MORTGAGE,57000.0,Verified,debt_consolidation,KY,36.76,0.0,705.0,709.0,0.0,75.1,30.0,Individual,5,High Risk,Manual Review
121869894,8000.0, 36 months,25.82,E,E4,10+ years,RENT,50000.0,Not Verified,debt_consolidation,FL,36.39,5.0,695.0,699.0,1.0,47.2,21.0,Individual,6,High Risk,Manual Review
121866202,20000.0, 60 months,24.85,E,E3,1 year,RENT,92000.0,Not Verified,debt_consolidation,NC,31.43,0.0,705.0,709.0,0.0,88.2,17.0,Individual,6,High Risk,Manual Review
120643768,8300.0, 36 months,30.75,F,F5,< 1 year,MORTGAGE,65000.0,Source Verified,home_improvement,NV,33.19,1.0,695.0,699.0,0.0,54.3,16.0,Joint App,6,High Risk,Manual Review
121432715,25025.0, 36 months,24.85,E,E3,10+ years,MORTGAGE,60000.0,Verified,debt_consolidation,IL,32.62,0.0,685.0,689.0,1.0,54.0,58.0,Individual,5,High Risk,Manual Review
121732629,11200.0, 36 months,25.82,E,E4,5 years,MORTGAGE,55000.0,Not Verified,debt_consolidation,OH,30.11,0.0,705.0,709.0,3.0,56.0,32.0,Individual,5,High Risk,Manual Review
120849786,12000.0, 36 months,23.88,E,E2,10+ years,OWN,35000.0,Not Verified,debt_consolidation,NM,35.53,0.0,715.0,719.0,0.0,49.9,33.0,Individual,5,High Risk,Manual Review
118646389,15000.0, 60 months,23.88,E,E2,3 years,RENT,38000.0,Source Verified,debt_consolidation,GA,31.96,3.0,680.0,684.0,0.0,41.9,22.0,Individual,6,High Risk,Manual Review
121328383,20000.0, 60 months,25.82,E,E4,< 1 year,RENT,75000.0,Verified,home_improvement,TX,40.91,0.0,730.0,734.0,1.0,31.6,30.0,Joint App,5,High Risk,Manual Review
121795685,5000.0, 36 months,26.3,E,E5,< 1 year,MORTGAGE,60000.0,Source Verified,other,TX,37.78,0.0,710.0,714.0,0.0,98.2,15.0,Joint App,6,High Risk,Manual Review
121768088,19650.0, 60 months,30.94,G,G4,10+ years,MORTGAGE,65000.0,Not Verified,debt_consolidation,MS,37.48,0.0,680.0,684.0,1.0,83.2,38.0,Individual,6,High Risk,Manual Review
121771930,19200.0, 60 months,29.69,F,F2,3 years,RENT,66000.0,Source Verified,credit_card,NJ,32.22,0.0,720.0,724.0,0.0,63.7,27.0,Individual,5,High Risk,Manual Review
120942712,15175.0, 36 months,22.91,E,E1,10+ years,MORTGAGE,60000.0,Not Verified,debt_consolidation,IN,34.66,0.0,685.0,689.0,0.0,84.9,30.0,Individual,6,High Risk,Manual Review
121717717,30000.0, 60 months,24.85,E,E3,10+ years,MORTGAGE,124000.0,Verified,debt_consolidation,GA,12.65,2.0,660.0,664.0,1.0,91.7,22.0,Individual,5,High Risk,Manual Review
121793840,25125.0, 60 months,28.72,F,F1,< 1 year,MORTGAGE,65000.0,Verified,debt_consolidation,OH,46.03,0.0,690.0,694.0,0.0,74.9,19.0,Joint App,5,High Risk,Manual Review
121324152,17000.0, 60 months,24.85,E,E3,1 year,RENT,35000.0,Source Verified,house,GA,31.89,0.0,725.0,729.0,2.0,27.9,20.0,Individual,5,High Risk,Manual Review
121807012,30000.0, 60 months,26.3,E,E5,,RENT,1000.0,Not Verified,debt_consolidation,CA,324.73,0.0,670.0,674.0,2.0,57.2,6.0,Joint App,5,High Risk,Manual Review
121443230,15350.0, 60 months,23.88,E,E2,10+ years,MORTGAGE,42000.0,Verified,credit_card,TN,34.49,0.0,695.0,699.0,3.0,97.0,20.0,Individual,6,High Risk,Manual Review
121763958,22775.0, 36 months,23.88,E,E2,10+ years,MORTGAGE,52500.0,Verified,debt_consolidation,MS,32.5,1.0,695.0,699.0,3.0,43.0,34.0,Individual,6,High Risk,Manual Review
120924356,16000.0, 60 months,23.88,E,E2,10+ years,MORTGAGE,110000.0,Verified,small_business,NC,35.91,0.0,660.0,664.0,1.0,83.5,33.0,Joint App,6,High Risk,Manual Review
121800808,25000.0, 60 months,30.79,G,G1,10+ years,MORTGAGE,85550.0,Source Verified,other,MD,31.52,9.0,705.0,709.0,2.0,42.2,53.0,Individual,6,High Risk,Manual Review
120588658,25900.0, 60 months,30.79,G,G1,,MORTGAGE,50000.0,Source Verified,other,OH,43.35,0.0,720.0,724.0,0.0,27.0,35.0,Joint App,5,High Risk,Manual Review
121823031,25300.0, 60 months,30.79,G,G1,10+ years,RENT,55000.0,Verified,debt_consolidation,IL,33.28,0.0,710.0,714.0,0.0,37.0,30.0,Individual,5,High Risk,Manual Review
121760876,30000.0, 60 months,24.85,E,E3,5 years,OWN,109000.0,Verified,debt_consolidation,SC,31.38,1.0,670.0,674.0,0.0,89.0,27.0,Individual,7,High Risk,Manual Review
121433074,21625.0, 60 months,24.85,E,E3,10+ years,MORTGAGE,48062.0,Verified,debt_consolidation,NC,26.22,1.0,665.0,669.0,0.0,91.0,11.0,Individual,5,High Risk,Manual Review
121383488,23350.0, 60 months,25.82,E,E4,1 year,MORTGAGE,55000.0,Verified,home_improvement,TN,48.24,0.0,675.0,679.0,1.0,16.7,31.0,Joint App,5,High Risk,Manual Review
121452690,4700.0, 36 months,28.72,F,F1,10+ years,MORTGAGE,125000.0,Not Verified,debt_consolidation,MD,41.15,0.0,660.0,664.0,1.0,79.3,32.0,Joint App,5,High Risk,Manual Review
121797335,2500.0, 36 months,22.91,E,E1,,MORTGAGE,15000.0,Verified,home_improvement,CO,120.88,3.0,680.0,684.0,0.0,82.7,33.0,Joint App,7,High Risk,Manual Review
121818121,12000.0, 60 months,24.85,E,E3,3 years,RENT,50000.0,Not Verified,debt_consolidation,GA,33.37,0.0,705.0,709.0,0.0,62.2,17.0,Individual,5,High Risk,Manual Review
121794448,12225.0, 60 months,30.17,F,F3,10+ years,RENT,98000.0,Verified,other,NY,32.78,0.0,675.0,679.0,3.0,28.0,44.0,Individual,5,High Risk,Manual Review
121395249,5000.0, 36 months,24.85,E,E3,9 years,MORTGAGE,90000.0,Verified,debt_consolidation,PA,48.51,0.0,715.0,719.0,0.0,91.1,26.0,Joint App,6,High Risk,Manual Review
119831381,26875.0, 36 months,25.82,E,E4,< 1 year,MORTGAGE,60000.0,Not Verified,debt_consolidation,AZ,31.2,1.0,670.0,674.0,0.0,81.2,16.0,Individual,7,High Risk,Manual Review
121334827,18000.0, 60 months,29.69,F,F2,< 1 year,MORTGAGE,50000.0,Verified,debt_consolidation,MD,70.21,0.0,690.0,694.0,1.0,76.4,19.0,Joint App,5,High Risk,Manual Review
121361592,20000.0, 60 months,24.85,E,E3,10+ years,MORTGAGE,52000.0,Verified,credit_card,OH,36.9,0.0,690.0,694.0,0.0,47.4,22.0,Individual,5,High Risk,Manual Review
121170153,20000.0, 36 months,22.91,E,E1,< 1 year,RENT,43000.0,Verified,debt_consolidation,MA,39.35,0.0,710.0,714.0,1.0,57.5,23.0,Individual,5,High Risk,Manual Review
120242089,20925.0, 36 months,30.75,F,F5,10+ years,OWN,45500.0,Verified,debt_consolidation,MI,34.27,4.0,690.0,694.0,0.0,29.5,33.0,Individual,6,High Risk,Manual Review
121407383,19200.0, 60 months,19.03,D,D3,< 1 year,MORTGAGE,28000.0,Verified,debt_consolidation,MO,38.79,2.0,675.0,679.0,1.0,101.2,18.0,Joint App,5,High Risk,Manual Review
120615081,20000.0, 36 months,22.91,E,E1,2 years,MORTGAGE,80000.0,Source Verified,debt_consolidation,IL,36.63,0.0,720.0,724.0,3.0,36.1,20.0,Individual,5,High Risk,Manual Review
121783941,35000.0, 60 months,30.75,F,F5,10+ years,OWN,125000.0,Source Verified,debt_consolidation,TX,30.02,0.0,670.0,674.0,1.0,69.9,37.0,Individual,5,High Risk,Manual Review
120141698,21000.0, 60 months,28.72,F,F1,1 year,MORTGAGE,20000.0,Not Verified,debt_consolidation,NJ,167.06,0.0,690.0,694.0,1.0,73.6,18.0,Joint App,5,High Risk,Manual Review
121425688,12000.0, 60 months,30.94,G,G4,4 years,RENT,60000.0,Source Verified,debt_consolidation,TX,34.38,1.0,670.0,674.0,0.0,76.9,14.0,Individual,6,High Risk,Manual Review
121319714,30000.0, 60 months,24.85,E,E3,< 1 year,MORTGAGE,64000.0,Verified,debt_consolidation,TX,45.11,0.0,680.0,684.0,1.0,53.4,15.0,Joint App,5,High Risk,Manual Review
120953646,12000.0, 60 months,23.88,E,E2,2 years,MORTGAGE,40000.0,Source Verified,credit_card,CO,35.82,1.0,660.0,664.0,0.0,71.0,21.0,Individual,6,High Risk,Manual Review
121404143,30000.0, 36 months,26.3,E,E5,< 1 year,MORTGAGE,68000.0,Verified,debt_consolidation,WI,52.61,0.0,720.0,724.0,2.0,30.2,34.0,Joint App,5,High Risk,Manual Review
120581258,11200.0, 60 months,26.3,E,E5,10+ years,MORTGAGE,112000.0,Not Verified,credit_card,TN,32.38,0.0,680.0,684.0,0.0,76.7,40.0,Individual,5,High Risk,Manual Review
121760159,16000.0, 36 months,22.91,E,E1,10+ years,RENT,47200.0,Source Verified,debt_consolidation,NY,32.16,0.0,665.0,669.0,0.0,86.2,33.0,Individual,6,High Risk,Manual Review
121756236,28000.0, 60 months,30.17,F,F3,10+ years,MORTGAGE,102000.0,Source Verified,debt_consolidation,NY,35.87,0.0,705.0,709.0,0.0,71.1,37.0,Individual,5,High Risk,Manual Review
121723318,19350.0, 36 months,20.0,D,D4,5 years,MORTGAGE,40000.0,Verified,major_purchase,NY,32.11,1.0,680.0,684.0,0.0,98.0,22.0,Joint App,5,High Risk,Manual Review
121762276,4725.0, 36 months,22.91,E,E1,,MORTGAGE,21168.0,Verified,debt_consolidation,IN,31.92,0.0,700.0,704.0,2.0,41.0,17.0,Individual,5,High Risk,Manual Review
120583000,30000.0, 60 months,25.82,E,E4,10+ years,RENT,98500.0,Verified,debt_consolidation,SC,31.14,1.0,675.0,679.0,0.0,84.2,23.0,Individual,7,High Risk,Manual Review
121752315,25000.0, 36 months,30.17,F,F3,< 1 year,RENT,20000.0,Verified,debt_consolidation,MI,58.46,0.0,680.0,684.0,0.0,77.3,25.0,Joint App,5,High Risk,Manual Review
121316023,32100.0, 36 months,25.82,E,E4,1 year,MORTGAGE,72000.0,Source Verified,debt_consolidation,VA,37.82,1.0,695.0,699.0,0.0,60.5,29.0,Individual,6,High Risk,Manual Review
121339356,25000.0, 60 months,25.82,E,E4,2 years,MORTGAGE,62000.0,Not Verified,debt_consolidation,IN,32.27,0.0,730.0,734.0,0.0,54.3,16.0,Individual,5,High Risk,Manual Review
121379393,12000.0, 36 months,21.45,D,D5,9 years,MORTGAGE,92700.0,Source Verified,debt_consolidation,NC,38.5,3.0,695.0,699.0,1.0,94.7,36.0,Individual,5,High Risk,Manual Review
121743585,9425.0, 36 months,26.3,E,E5,4 years,RENT,32000.0,Source Verified,debt_consolidation,WA,38.71,0.0,670.0,674.0,1.0,42.1,24.0,Individual,5,High Risk,Manual Review
121380568,27050.0, 60 months,25.82,E,E4,10+ years,MORTGAGE,45000.0,Source Verified,debt_consolidation,FL,38.88,0.0,710.0,714.0,2.0,14.1,35.0,Joint App,5,High Risk,Manual Review
121724376,12400.0, 60 months,28.72,F,F1,10+ years,RENT,65000.0,Verified,debt_consolidation,OH,32.57,0.0,695.0,699.0,1.0,47.6,33.0,Individual,5,High Risk,Manual Review
120109113,10000.0, 60 months,26.3,E,E5,3 years,OWN,180000.0,Not Verified,debt_consolidation,NY,4.16,2.0,660.0,664.0,1.0,83.2,18.0,Individual,5,High Risk,Manual Review
120194096,19925.0, 36 months,26.3,E,E5,10+ years,RENT,39000.0,Verified,small_business,IL,62.08,0.0,675.0,679.0,1.0,73.7,23.0,Joint App,5,High Risk,Manual Review
121721826,5200.0, 36 months,22.91,E,E1,7 years,RENT,50000.0,Not Verified,credit_card,MD,35.67,1.0,670.0,674.0,1.0,23.0,32.0,Individual,6,High Risk,Manual Review
121715563,20000.0, 60 months,24.85,E,E3,10+ years,MORTGAGE,70000.0,Source Verified,debt_consolidation,MI,36.58,0.0,760.0,764.0,0.0,29.7,14.0,Individual,5,High Risk,Manual Review
121372022,6000.0, 36 months,20.0,D,D4,< 1 year,RENT,12000.0,Not Verified,debt_consolidation,GA,102.1,2.0,680.0,684.0,2.0,89.9,8.0,Joint App,5,High Risk,Manual Review
121229909,19000.0, 60 months,24.85,E,E3,< 1 year,MORTGAGE,53000.0,Source Verified,debt_consolidation,LA,30.75,0.0,680.0,684.0,0.0,70.5,17.0,Joint App,5,High Risk,Manual Review
120656017,21000.0, 60 months,30.79,G,G1,< 1 year,MORTGAGE,45000.0,Verified,debt_consolidation,MN,78.38,0.0,710.0,714.0,1.0,54.0,22.0,Joint App,5,High Risk,Manual Review
121390072,25000.0, 60 months,26.3,E,E5,< 1 year,MORTGAGE,14000.0,Source Verified,debt_consolidation,UT,129.85,0.0,660.0,664.0,1.0,90.5,31.0,Joint App,6,High Risk,Manual Review
121394102,15000.0, 60 months,25.82,E,E4,10+ years,OWN,50000.0,Source Verified,debt_consolidation,OK,30.2,0.0,675.0,679.0,2.0,93.4,20.0,Individual,6,High Risk,Manual Review
121744545,12000.0, 60 months,26.3,E,E5,,RENT,30000.0,Not Verified,debt_consolidation,CT,30.48,0.0,670.0,674.0,0.0,57.0,19.0,Individual,5,High Risk,Manual Review
121401935,15000.0, 60 months,25.82,E,E4,,RENT,34527.0,Not Verified,debt_consolidation,CO,38.89,0.0,685.0,689.0,0.0,57.5,14.0,Individual,5,High Risk,Manual Review
121416334,5225.0, 36 months,26.3,E,E5,10+ years,RENT,26000.0,Source Verified,credit_card,FL,33.8,0.0,705.0,709.0,0.0,47.1,7.0,Individual,5,High Risk,Manual Review
121426181,10000.0, 60 months,24.85,E,E3,,MORTGAGE,10000.0,Verified,credit_card,FL,39.02,0.0,670.0,674.0,1.0,50.6,10.0,Joint App,5,High Risk,Manual Review
121383506,12000.0, 60 months,23.88,E,E2,1 year,RENT,40000.0,Verified,debt_consolidation,IN,32.13,0.0,670.0,674.0,1.0,40.0,17.0,Individual,5,High Risk,Manual Review
121724305,13000.0, 60 months,23.88,E,E2,2 years,OWN,75000.0,Not Verified,debt_consolidation,SC,31.2,1.0,685.0,689.0,0.0,55.5,45.0,Individual,6,High Risk,Manual Review
121722209,8000.0, 36 months,24.85,E,E3,< 1 year,RENT,50000.0,Source Verified,debt_consolidation,TN,31.3,0.0,690.0,694.0,1.0,24.4,30.0,Individual,5,High Risk,Manual Review
121233609,14400.0, 60 months,28.72,F,F1,< 1 year,RENT,21000.0,Verified,major_purchase,NJ,73.66,0.0,660.0,664.0,0.0,49.5,13.0,Joint App,5,High Risk,Manual Review
121726408,40000.0, 60 months,30.17,F,F3,8 years,RENT,69000.0,Verified,debt_consolidation,CA,50.08,0.0,670.0,674.0,0.0,68.9,34.0,Joint App,5,High Risk,Manual Review
121421501,35000.0, 36 months,22.91,E,E1,< 1 year,OWN,48000.0,Not Verified,debt_consolidation,FL,39.1,1.0,665.0,669.0,0.0,96.6,18.0,Joint App,7,High Risk,Manual Review
121401239,25000.0, 60 months,26.3,E,E5,6 years,RENT,62000.0,Source Verified,debt_consolidation,NJ,37.22,0.0,715.0,719.0,0.0,54.2,29.0,Individual,5,High Risk,Manual Review
121408284,12000.0, 60 months,23.88,E,E2,2 years,RENT,40616.04,Not Verified,debt_consolidation,AL,36.02,0.0,665.0,669.0,0.0,93.4,23.0,Individual,6,High Risk,Manual Review
121406400,25000.0, 60 months,30.79,G,G1,10+ years,MORTGAGE,86000.0,Verified,home_improvement,NY,35.31,0.0,715.0,719.0,0.0,71.2,12.0,Individual,5,High Risk,Manual Review
121274238,35000.0, 60 months,28.72,F,F1,< 1 year,MORTGAGE,30000.0,Source Verified,home_improvement,OK,43.6,0.0,660.0,664.0,2.0,70.8,26.0,Joint App,5,High Risk,Manual Review
121380073,18000.0, 60 months,30.65,F,F4,3 years,RENT,40000.0,Verified,debt_consolidation,UT,40.32,0.0,670.0,674.0,1.0,82.0,23.0,Joint App,6,High Risk,Manual Review
121356512,18200.0, 60 months,28.72,F,F1,2 years,RENT,32980.0,Verified,debt_consolidation,VA,59.79,0.0,720.0,724.0,2.0,21.4,40.0,Joint App,5,High Risk,Manual Review
121710020,20000.0, 60 months,30.79,G,G1,10+ years,OWN,60000.0,Source Verified,debt_consolidation,TX,32.98,1.0,685.0,689.0,1.0,65.7,26.0,Individual,6,High Risk,Manual Review
121726668,10000.0, 60 months,25.82,E,E4,1 year,OWN,31200.0,Verified,debt_consolidation,TX,35.95,0.0,715.0,719.0,0.0,34.3,11.0,Individual,5,High Risk,Manual Review
121292405,10500.0, 36 months,23.88,E,E2,10+ years,MORTGAGE,25000.0,Verified,credit_card,VA,30.16,0.0,670.0,674.0,0.0,70.4,10.0,Individual,5,High Risk,Manual Review
121346882,15000.0, 60 months,23.88,E,E2,2 years,MORTGAGE,28279.0,Source Verified,debt_consolidation,OH,32.56,0.0,675.0,679.0,1.0,43.4,10.0,Joint App,5,High Risk,Manual Review
120940019,25000.0, 60 months,23.88,E,E2,< 1 year,RENT,27000.0,Source Verified,debt_consolidation,NY,36.67,0.0,720.0,724.0,0.0,39.4,16.0,Joint App,5,High Risk,Manual Review
121384024,20000.0, 60 months,28.72,F,F1,10+ years,MORTGAGE,90000.0,Verified,home_improvement,IL,33.67,0.0,670.0,674.0,3.0,46.0,27.0,Individual,5,High Risk,Manual Review
121613312,40000.0, 60 months,25.82,E,E4,10+ years,MORTGAGE,128250.0,Verified,debt_consolidation,GA,34.46,0.0,700.0,704.0,1.0,58.1,44.0,Individual,5,High Risk,Manual Review
121422361,10000.0, 36 months,23.88,E,E2,10+ years,MORTGAGE,38400.0,Verified,debt_consolidation,OR,44.5,0.0,660.0,664.0,0.0,40.6,32.0,Joint App,5,High Risk,Manual Review
121709603,9600.0, 36 months,15.05,C,C4,,RENT,81000.0,Not Verified,debt_consolidation,NY,30.79,1.0,700.0,704.0,0.0,82.7,17.0,Individual,5,High Risk,Manual Review
121265764,21000.0, 60 months,23.88,E,E2,8 years,MORTGAGE,52000.0,Verified,debt_consolidation,TN,35.06,2.0,660.0,664.0,0.0,38.8,27.0,Individual,6,High Risk,Manual Review
121707360,20000.0, 36 months,25.82,E,E4,1 year,RENT,54000.0,Verified,debt_consolidation,MN,33.16,0.0,680.0,684.0,2.0,54.8,45.0,Individual,5,High Risk,Manual Review
120231612,25100.0, 60 months,26.3,E,E5,< 1 year,RENT,35000.0,Verified,debt_consolidation,NY,78.8,0.0,705.0,709.0,0.0,82.1,14.0,Joint App,6,High Risk,Manual Review
120613821,14000.0, 60 months,30.99,G,G5,8 years,RENT,55000.0,Verified,debt_consolidation,CA,44.9,0.0,680.0,684.0,0.0,78.2,10.0,Joint App,5,High Risk,Manual Review
119997650,30000.0, 60 months,25.82,E,E4,< 1 year,MORTGAGE,61256.0,Source Verified,debt_consolidation,GA,30.32,0.0,675.0,679.0,1.0,83.2,22.0,Joint App,6,High Risk,Manual Review
119966140,35000.0, 60 months,17.09,D,D1,4 years,MORTGAGE,70000.0,Source Verified,debt_consolidation,MA,46.44,1.0,660.0,664.0,0.0,84.8,32.0,Joint App,5,High Risk,Manual Review
121393541,28000.0, 60 months,25.82,E,E4,< 1 year,RENT,85000.0,Not Verified,other,CA,15.42,1.0,660.0,664.0,2.0,97.0,11.0,Individual,5,High Risk,Manual Review
121291209,11875.0, 60 months,24.85,E,E3,3 years,RENT,50000.0,Source Verified,debt_consolidation,VT,30.7,1.0,710.0,714.0,2.0,30.0,25.0,Individual,6,High Risk,Manual Review
121052941,10000.0, 60 months,18.06,D,D2,9 years,MORTGAGE,91000.0,Verified,credit_card,NJ,38.84,2.0,705.0,709.0,0.0,87.6,26.0,Individual,5,High Risk,Manual Review
120950191,35000.0, 36 months,29.69,F,F2,10+ years,MORTGAGE,75000.0,Verified,debt_consolidation,TX,44.06,0.0,665.0,669.0,0.0,58.5,33.0,Joint App,5,High Risk,Manual Review
121359425,32000.0, 60 months,28.72,F,F1,10+ years,OWN,25000.0,Verified,debt_consolidation,OR,65.58,0.0,670.0,674.0,0.0,62.9,35.0,Joint App,5,High Risk,Manual Review
121333629,5000.0, 36 months,22.91,E,E1,10+ years,OWN,150000.0,Source Verified,debt_consolidation,NC,8.91,1.0,670.0,674.0,0.0,99.5,17.0,Individual,5,High Risk,Manual Review
121368169,24500.0, 60 months,17.09,D,D1,2 years,MORTGAGE,12000.0,Verified,debt_consolidation,IL,113.9,2.0,660.0,664.0,0.0,87.8,27.0,Joint App,5,High Risk,Manual Review
121412460,15000.0, 60 months,30.79,G,G1,10+ years,MORTGAGE,59670.0,Verified,other,FL,39.16,1.0,695.0,699.0,0.0,58.2,22.0,Individual,6,High Risk,Manual Review
121424459,20000.0, 60 months,25.82,E,E4,10+ years,RENT,44000.0,Verified,debt_consolidation,AZ,33.96,0.0,690.0,694.0,0.0,72.9,18.0,Individual,5,High Risk,Manual Review
121373731,35000.0, 36 months,30.84,G,G2,,MORTGAGE,30000.0,Source Verified,debt_consolidation,OH,142.64,0.0,665.0,669.0,0.0,72.3,35.0,Joint App,5,High Risk,Manual Review
121412208,4000.0, 36 months,23.88,E,E2,3 years,MORTGAGE,20000.0,Not Verified,debt_consolidation,AZ,31.75,0.0,665.0,669.0,0.0,57.4,12.0,Individual,5,High Risk,Manual Review
121349316,12000.0, 60 months,24.85,E,E3,< 1 year,MORTGAGE,38000.0,Not Verified,debt_consolidation,NY,38.25,1.0,660.0,664.0,0.0,64.5,30.0,Joint App,6,High Risk,Manual Review
120238983,20000.0, 60 months,23.88,E,E2,< 1 year,MORTGAGE,40000.0,Verified,debt_consolidation,TX,30.74,0.0,675.0,679.0,0.0,45.6,24.0,Joint App,5,High Risk,Manual Review
121306418,12000.0, 36 months,22.91,E,E1,< 1 year,MORTGAGE,110000.0,Not Verified,debt_consolidation,NC,11.8,4.0,675.0,679.0,0.0,81.1,27.0,Joint App,5,High Risk,Manual Review
121378736,8000.0, 36 months,20.0,D,D4,10+ years,MORTGAGE,60000.0,Verified,credit_card,WA,32.22,1.0,665.0,669.0,1.0,92.8,26.0,Individual,5,High Risk,Manual Review
120119784,19025.0, 36 months,23.88,E,E2,10+ years,MORTGAGE,42000.0,Verified,debt_consolidation,CA,39.31,1.0,700.0,704.0,0.0,30.5,13.0,Joint App,6,High Risk,Manual Review
120050985,24425.0, 60 months,23.88,E,E2,10+ years,MORTGAGE,87000.0,Verified,debt_consolidation,TX,36.41,0.0,735.0,739.0,0.0,33.0,15.0,Individual,5,High Risk,Manual Review
121229271,37000.0, 60 months,29.69,F,F2,< 1 year,MORTGAGE,37000.0,Verified,credit_card,TX,59.52,0.0,685.0,689.0,0.0,61.0,24.0,Joint App,5,High Risk,Manual Review
121401740,33375.0, 36 months,26.3,E,E5,8 years,MORTGAGE,84000.0,Verified,debt_consolidation,MI,35.23,0.0,715.0,719.0,2.0,55.4,38.0,Individual,5,High Risk,Manual Review
121334670,19750.0, 60 months,30.79,G,G1,8 years,RENT,23000.0,Verified,debt_consolidation,NY,54.07,0.0,670.0,674.0,0.0,81.9,8.0,Joint App,6,High Risk,Manual Review
119176839,5000.0, 36 months,24.85,E,E3,4 years,OWN,120000.0,Verified,medical,NJ,25.98,1.0,690.0,694.0,0.0,104.5,28.0,Individual,5,High Risk,Manual Review
121403493,6000.0, 36 months,22.91,E,E1,1 year,OWN,31500.0,Not Verified,small_business,OH,32.31,0.0,690.0,694.0,0.0,76.0,18.0,Individual,5,High Risk,Manual Review
121372568,7200.0, 36 months,22.91,E,E1,10+ years,RENT,40000.0,Verified,debt_consolidation,TX,34.64,0.0,705.0,709.0,0.0,37.1,29.0,Individual,5,High Risk,Manual Review
121252757,2000.0, 36 months,24.85,E,E3,2 years,RENT,68300.0,Source Verified,medical,TN,32.69,1.0,675.0,679.0,0.0,77.4,43.0,Joint App,6,High Risk,Manual Review
120074135,18000.0, 60 months,23.88,E,E2,5 years,OWN,75000.0,Not Verified,debt_consolidation,IL,31.16,0.0,675.0,679.0,2.0,35.2,45.0,Individual,5,High Risk,Manual Review
121389197,7925.0, 36 months,23.88,E,E2,4 years,MORTGAGE,78900.0,Not Verified,home_improvement,CA,33.86,0.0,705.0,709.0,0.0,85.4,16.0,Individual,6,High Risk,Manual Review
121368323,11575.0, 36 months,24.85,E,E3,,MORTGAGE,45406.0,Verified,debt_consolidation,IL,33.78,1.0,685.0,689.0,1.0,43.0,39.0,Individual,6,High Risk,Manual Review
121305723,15000.0, 60 months,23.88,E,E2,,MORTGAGE,44870.0,Verified,debt_consolidation,AZ,40.79,0.0,680.0,684.0,0.0,21.0,21.0,Joint App,5,High Risk,Manual Review
121342255,25600.0, 60 months,26.3,E,E5,10+ years,MORTGAGE,52000.0,Verified,debt_consolidation,VA,40.57,1.0,660.0,664.0,0.0,59.6,29.0,Joint App,6,High Risk,Manual Review
121294682,10000.0, 36 months,17.09,D,D1,< 1 year,RENT,50000.0,Source Verified,credit_card,OK,38.33,1.0,660.0,664.0,0.0,91.6,26.0,Joint App,5,High Risk,Manual Review
121373868,10000.0, 60 months,24.85,E,E3,3 years,MORTGAGE,30000.0,Not Verified,debt_consolidation,IN,38.48,0.0,695.0,699.0,3.0,44.0,10.0,Joint App,5,High Risk,Manual Review
120585898,13325.0, 36 months,25.82,E,E4,3 years,RENT,40000.0,Verified,house,FL,39.09,0.0,760.0,764.0,0.0,5.3,20.0,Individual,5,High Risk,Manual Review
120567776,20000.0, 60 months,28.72,F,F1,10+ years,RENT,32000.0,Verified,other,CA,40.1,0.0,670.0,674.0,2.0,66.3,24.0,Joint App,5,High Risk,Manual Review
120273826,20000.0, 60 months,30.65,F,F4,10+ years,MORTGAGE,58000.0,Verified,debt_consolidation,VA,31.22,0.0,690.0,694.0,0.0,41.7,24.0,Individual,5,High Risk,Manual Review
120948725,12600.0, 60 months,30.79,G,G1,3 years,RENT,35000.0,Verified,debt_consolidation,WA,31.26,0.0,670.0,674.0,1.0,55.3,25.0,Individual,5,High Risk,Manual Review
121343350,21175.0, 60 months,30.79,G,G1,10+ years,MORTGAGE,64000.0,Source Verified,debt_consolidation,SC,34.72,0.0,700.0,704.0,0.0,65.8,30.0,Individual,5,High Risk,Manual Review
121336719,16000.0, 60 months,26.3,E,E5,10+ years,MORTGAGE,29500.0,Not Verified,credit_card,VA,67.29,0.0,665.0,669.0,1.0,50.2,42.0,Joint App,5,High Risk,Manual Review
121276877,30000.0, 36 months,29.69,F,F2,10+ years,MORTGAGE,130000.0,Verified,debt_consolidation,VA,32.35,1.0,665.0,669.0,0.0,61.9,43.0,Individual,6,High Risk,Manual Review
120589832,15000.0, 60 months,30.65,F,F4,< 1 year,RENT,63000.0,Verified,debt_consolidation,NY,30.84,0.0,670.0,674.0,0.0,56.4,20.0,Joint App,5,High Risk,Manual Review
121314801,15800.0, 60 months,30.79,G,G1,10+ years,MORTGAGE,73000.0,Verified,home_improvement,FL,32.78,0.0,715.0,719.0,0.0,34.8,23.0,Individual,5,High Risk,Manual Review
121290272,35000.0, 60 months,30.65,F,F4,10+ years,MORTGAGE,40000.0,Source Verified,debt_consolidation,NY,33.51,0.0,670.0,674.0,0.0,72.3,30.0,Joint App,5,High Risk,Manual Review
121229646,35000.0, 36 months,30.94,G,G4,< 1 year,RENT,10000.0,Not Verified,debt_consolidation,VA,71.19,0.0,675.0,679.0,1.0,33.8,18.0,Joint App,5,High Risk,Manual Review
121350448,10000.0, 60 months,25.82,E,E4,10+ years,OWN,52000.0,Verified,credit_card,AZ,18.15,1.0,665.0,669.0,0.0,93.7,46.0,Individual,5,High Risk,Manual Review
121327669,9375.0, 36 months,30.94,G,G4,< 1 year,MORTGAGE,20000.0,Source Verified,debt_consolidation,TX,38.53,1.0,675.0,679.0,0.0,85.8,23.0,Joint App,7,High Risk,Manual Review
121269896,14000.0, 60 months,30.75,F,F5,1 year,MORTGAGE,38000.0,Verified,home_improvement,WY,39.87,0.0,715.0,719.0,2.0,9.9,38.0,Individual,5,High Risk,Manual Review
121367424,20000.0, 60 months,24.85,E,E3,2 years,RENT,90000.0,Source Verified,debt_consolidation,MD,30.01,0.0,695.0,699.0,1.0,55.6,34.0,Individual,5,High Risk,Manual Review
120199689,12000.0, 60 months,29.69,F,F2,< 1 year,MORTGAGE,35000.0,Verified,debt_consolidation,CA,59.26,0.0,665.0,669.0,1.0,54.4,20.0,Joint App,5,High Risk,Manual Review
121347377,10000.0, 36 months,25.82,E,E4,3 years,OWN,36000.0,Verified,debt_consolidation,IL,30.73,0.0,675.0,679.0,0.0,61.0,19.0,Individual,5,High Risk,Manual Review
121341402,2400.0, 36 months,16.02,C,C5,10+ years,OWN,55200.0,Not Verified,credit_card,CO,31.5,7.0,665.0,669.0,2.0,97.3,35.0,Individual,5,High Risk,Manual Review
120667980,17300.0, 36 months,28.72,F,F1,,MORTGAGE,45564.0,Verified,debt_consolidation,IN,37.06,4.0,660.0,664.0,0.0,65.9,47.0,Individual,6,High Risk,Manual Review
120641445,30000.0, 60 months,16.02,C,C5,2 years,RENT,47500.0,Verified,debt_consolidation,MS,54.47,1.0,680.0,684.0,0.0,95.6,27.0,Joint App,5,High Risk,Manual Review
121287993,3675.0, 36 months,26.3,E,E5,10+ years,OWN,57000.0,Verified,other,TX,36.59,0.0,735.0,739.0,1.0,101.5,19.0,Individual,6,High Risk,Manual Review
121345093,12000.0, 60 months,26.3,E,E5,10+ years,MORTGAGE,35000.0,Not Verified,home_improvement,VA,38.96,0.0,695.0,699.0,0.0,50.8,19.0,Individual,5,High Risk,Manual Review
119417584,8000.0, 36 months,24.85,E,E3,5 years,RENT,33000.0,Source Verified,debt_consolidation,MS,30.25,1.0,710.0,714.0,0.0,30.3,29.0,Individual,6,High Risk,Manual Review
121274612,25000.0, 60 months,30.79,G,G1,10+ years,MORTGAGE,82000.0,Source Verified,debt_consolidation,TN,32.32,1.0,665.0,669.0,0.0,77.4,52.0,Individual,6,High Risk,Manual Review
121345076,35000.0, 60 months,22.91,E,E1,10+ years,MORTGAGE,150000.0,Verified,debt_consolidation,VA,25.65,3.0,665.0,669.0,0.0,80.2,57.0,Individual,5,High Risk,Manual Review
120655387,20000.0, 60 months,26.3,E,E5,< 1 year,MORTGAGE,14400.0,Not Verified,debt_consolidation,AL,56.92,1.0,670.0,674.0,0.0,39.8,10.0,Joint App,6,High Risk,Manual Review
121325916,3000.0, 36 months,22.91,E,E1,10+ years,RENT,59500.0,Source Verified,major_purchase,MN,30.6,0.0,705.0,709.0,0.0,95.9,11.0,Individual,6,High Risk,Manual Review
120657359,32000.0, 60 months,24.85,E,E3,< 1 year,MORTGAGE,120000.0,Verified,debt_consolidation,PA,32.28,0.0,690.0,694.0,0.0,87.1,28.0,Individual,6,High Risk,Manual Review
121355178,2650.0, 36 months,22.91,E,E1,10+ years,RENT,85000.0,Not Verified,medical,VA,17.29,1.0,670.0,674.0,0.0,85.8,21.0,Individual,5,High Risk,Manual Review
121256238,30000.0, 36 months,24.85,E,E3,10+ years,OWN,103000.0,Verified,debt_consolidation,FL,33.31,0.0,720.0,724.0,2.0,33.1,44.0,Individual,5,High Risk,Manual Review
120668059,10925.0, 60 months,24.85,E,E3,10+ years,MORTGAGE,36000.0,Verified,debt_consolidation,WA,39.23,1.0,735.0,739.0,1.0,22.7,14.0,Individual,6,High Risk,Manual Review
120590829,15100.0, 36 months,21.45,D,D5,10+ years,RENT,36000.0,Source Verified,debt_consolidation,MI,35.95,2.0,660.0,664.0,1.0,81.0,12.0,Individual,5,High Risk,Manual Review
120048904,12000.0, 36 months,26.3,E,E5,10+ years,RENT,55000.0,Verified,debt_consolidation,FL,31.64,0.0,675.0,679.0,1.0,53.2,14.0,Individual,5,High Risk,Manual Review
121317784,12800.0, 60 months,23.88,E,E2,2 years,RENT,40420.0,Verified,debt_consolidation,NJ,30.73,1.0,660.0,664.0,0.0,88.0,8.0,Individual,7,High Risk,Manual Review
120657056,9850.0, 36 months,30.75,F,F5,,RENT,29000.0,Verified,debt_consolidation,PA,38.12,0.0,685.0,689.0,0.0,98.7,16.0,Individual,6,High Risk,Manual Review
121111785,10000.0, 60 months,25.82,E,E4,2 years,RENT,45000.0,Source Verified,debt_consolidation,WA,30.19,0.0,685.0,689.0,0.0,50.8,21.0,Individual,5,High Risk,Manual Review
121271889,16150.0, 36 months,26.3,E,E5,,MORTGAGE,27953.0,Verified,debt_consolidation,MD,76.19,0.0,730.0,734.0,1.0,25.7,34.0,Joint App,5,High Risk,Manual Review
121297418,3000.0, 36 months,25.82,E,E4,,RENT,8400.0,Verified,debt_consolidation,NY,53.71,1.0,670.0,674.0,1.0,41.9,20.0,Joint App,6,High Risk,Manual Review
120606051,25000.0, 36 months,22.91,E,E1,< 1 year,RENT,75000.0,Verified,debt_consolidation,HI,31.46,0.0,665.0,669.0,3.0,71.0,29.0,Individual,5,High Risk,Manual Review
121327102,11200.0, 60 months,25.82,E,E4,10+ years,OWN,75000.0,Not Verified,debt_consolidation,GA,30.27,0.0,675.0,679.0,1.0,28.8,37.0,Individual,5,High Risk,Manual Review
120655183,30000.0, 60 months,28.72,F,F1,10+ years,MORTGAGE,83000.0,Source Verified,debt_consolidation,MA,15.95,1.0,670.0,674.0,0.0,102.4,22.0,Individual,5,High Risk,Manual Review
121322170,24000.0, 60 months,25.82,E,E4,< 1 year,OWN,75000.0,Verified,debt_consolidation,CA,31.95,0.0,670.0,674.0,0.0,65.6,24.0,Joint App,5,High Risk,Manual Review
119404138,35000.0, 36 months,25.82,E,E4,10+ years,MORTGAGE,100000.0,Verified,debt_consolidation,PA,30.73,1.0,665.0,669.0,3.0,74.9,52.0,Individual,6,High Risk,Manual Review
121307801,23600.0, 36 months,23.88,E,E2,10+ years,RENT,150000.0,Not Verified,debt_consolidation,MO,15.55,3.0,685.0,689.0,0.0,84.7,20.0,Individual,5,High Risk,Manual Review
120054993,35000.0, 36 months,15.05,C,C4,10+ years,MORTGAGE,75000.0,Verified,debt_consolidation,WI,33.11,1.0,715.0,719.0,0.0,81.6,22.0,Individual,5,High Risk,Manual Review
121274524,11000.0, 60 months,30.65,F,F4,5 years,MORTGAGE,30000.0,Verified,debt_consolidation,MI,31.16,0.0,660.0,664.0,0.0,63.3,14.0,Individual,5,High Risk,Manual Review
121303979,16000.0, 60 months,24.85,E,E3,3 years,MORTGAGE,59814.8,Not Verified,home_improvement,PA,38.08,0.0,740.0,744.0,0.0,31.7,23.0,Individual,5,High Risk,Manual Review
121314856,21000.0, 60 months,28.72,F,F1,3 years,MORTGAGE,48500.0,Not Verified,credit_card,MS,36.8,1.0,680.0,684.0,0.0,47.8,24.0,Individual,6,High Risk,Manual Review
121263587,10000.0, 36 months,23.88,E,E2,2 years,MORTGAGE,84000.0,Source Verified,other,GA,22.03,2.0,665.0,669.0,0.0,90.3,16.0,Individual,5,High Risk,Manual Review
121071265,12000.0, 60 months,25.82,E,E4,1 year,RENT,45000.0,Source Verified,other,CA,32.83,0.0,710.0,714.0,1.0,33.4,18.0,Individual,5,High Risk,Manual Review
121322968,6350.0, 36 months,26.3,E,E5,3 years,RENT,35000.0,Source Verified,car,FL,35.29,0.0,700.0,704.0,0.0,39.3,18.0,Individual,5,High Risk,Manual Review
121321996,12000.0, 60 months,28.72,F,F1,5 years,RENT,55000.0,Not Verified,debt_consolidation,RI,34.56,0.0,660.0,664.0,0.0,92.3,29.0,Individual,6,High Risk,Manual Review
119338290,20000.0, 60 months,30.79,G,G1,< 1 year,MORTGAGE,48000.0,Source Verified,debt_consolidation,CO,62.88,0.0,720.0,724.0,0.0,48.5,21.0,Joint App,5,High Risk,Manual Review
121321241,24000.0, 60 months,30.84,G,G2,3 years,RENT,80000.0,Source Verified,debt_consolidation,IL,8.01,1.0,695.0,699.0,0.0,83.3,27.0,Individual,5,High Risk,Manual Review
120590224,26725.0, 36 months,26.3,E,E5,1 year,MORTGAGE,90000.0,Source Verified,home_improvement,DC,36.05,1.0,665.0,669.0,0.0,61.5,66.0,Individual,6,High Risk,Manual Review
121288707,32000.0, 60 months,30.65,F,F4,10+ years,MORTGAGE,72000.0,Verified,debt_consolidation,CO,30.4,0.0,660.0,664.0,0.0,97.9,21.0,Joint App,6,High Risk,Manual Review
120649197,35000.0, 60 months,25.82,E,E4,10+ years,MORTGAGE,125000.0,Verified,debt_consolidation,WA,21.99,4.0,670.0,674.0,0.0,83.3,24.0,Individual,5,High Risk,Manual Review
121298283,22000.0, 60 months,24.85,E,E3,< 1 year,MORTGAGE,60000.0,Source Verified,debt_consolidation,OH,38.16,0.0,670.0,674.0,0.0,92.6,23.0,Joint App,6,High Risk,Manual Review
119996109,30000.0, 60 months,30.94,G,G4,< 1 year,RENT,15000.0,Verified,debt_consolidation,CO,103.52,0.0,660.0,664.0,1.0,94.5,37.0,Joint App,6,High Risk,Manual Review
120558424,16000.0, 60 months,29.69,F,F2,< 1 year,RENT,21000.0,Verified,debt_consolidation,AZ,52.69,0.0,700.0,704.0,0.0,90.9,7.0,Joint App,6,High Risk,Manual Review
120617611,17500.0, 36 months,24.85,E,E3,2 years,RENT,45000.0,Source Verified,debt_consolidation,CA,46.96,0.0,680.0,684.0,0.0,53.8,10.0,Joint App,5,High Risk,Manual Review
120625812,13000.0, 60 months,24.85,E,E3,10+ years,RENT,35000.0,Source Verified,debt_consolidation,PA,38.27,0.0,710.0,714.0,0.0,72.0,11.0,Individual,5,High Risk,Manual Review
121252692,32450.0, 60 months,26.3,E,E5,2 years,MORTGAGE,42000.0,Verified,debt_consolidation,IL,62.74,0.0,690.0,694.0,1.0,20.1,39.0,Joint App,5,High Risk,Manual Review
120258486,8000.0, 36 months,23.88,E,E2,< 1 year,MORTGAGE,35000.0,Verified,major_purchase,LA,36.49,1.0,665.0,669.0,0.0,101.4,17.0,Joint App,7,High Risk,Manual Review
121214852,28000.0, 60 months,24.85,E,E3,8 years,RENT,95000.0,Not Verified,debt_consolidation,CA,32.5,0.0,745.0,749.0,2.0,29.3,17.0,Individual,5,High Risk,Manual Review
120640030,24000.0, 60 months,23.88,E,E2,8 years,MORTGAGE,175000.0,Not Verified,debt_consolidation,AR,38.41,1.0,660.0,664.0,0.0,85.9,38.0,Individual,7,High Risk,Manual Review
120588904,15250.0, 60 months,25.82,E,E4,,MORTGAGE,72000.0,Source Verified,debt_consolidation,CA,35.14,0.0,685.0,689.0,0.0,54.4,38.0,Joint App,5,High Risk,Manual Review
119426933,10425.0, 36 months,22.91,E,E1,,OWN,29856.0,Verified,debt_consolidation,NY,31.63,0.0,665.0,669.0,2.0,57.0,13.0,Individual,5,High Risk,Manual Review
120957694,18675.0, 60 months,30.79,G,G1,10+ years,MORTGAGE,52000.0,Source Verified,credit_card,ID,38.33,0.0,670.0,674.0,0.0,74.3,35.0,Individual,5,High Risk,Manual Review
120956465,12000.0, 60 months,30.75,F,F5,< 1 year,RENT,15000.0,Verified,debt_consolidation,MN,32.4,0.0,715.0,719.0,0.0,26.1,21.0,Joint App,5,High Risk,Manual Review
121269613,17600.0, 36 months,23.88,E,E2,10+ years,RENT,40000.0,Source Verified,debt_consolidation,GA,27.8,1.0,670.0,674.0,0.0,91.3,29.0,Individual,5,High Risk,Manual Review
120924352,1500.0, 36 months,22.91,E,E1,10+ years,OWN,55000.0,Verified,moving,OK,61.23,1.0,695.0,699.0,1.0,54.1,40.0,Joint App,6,High Risk,Manual Review
121280753,25000.0, 36 months,23.88,E,E2,10+ years,MORTGAGE,70000.0,Source Verified,credit_card,IN,30.57,0.0,660.0,664.0,1.0,75.3,44.0,Individual,5,High Risk,Manual Review
121273783,24000.0, 60 months,29.69,F,F2,10+ years,RENT,120000.0,Not Verified,other,FL,34.4,1.0,685.0,689.0,0.0,40.3,75.0,Individual,6,High Risk,Manual Review
121270343,10000.0, 36 months,22.91,E,E1,1 year,RENT,39000.0,Not Verified,debt_consolidation,TX,32.35,0.0,705.0,709.0,0.0,42.3,25.0,Individual,5,High Risk,Manual Review
121233330,10000.0, 60 months,25.82,E,E4,,RENT,22000.0,Source Verified,home_improvement,AZ,46.7,1.0,660.0,664.0,1.0,18.7,20.0,Joint App,6,High Risk,Manual Review
121258159,31725.0, 36 months,24.85,E,E3,< 1 year,MORTGAGE,64901.04,Verified,debt_consolidation,GA,47.3,0.0,710.0,714.0,0.0,79.6,40.0,Joint App,5,High Risk,Manual Review
121060252,26450.0, 36 months,30.75,F,F5,10+ years,MORTGAGE,97235.0,Verified,debt_consolidation,LA,36.14,0.0,695.0,699.0,2.0,33.2,40.0,Individual,5,High Risk,Manual Review
120567280,11750.0, 36 months,22.91,E,E1,2 years,OWN,28000.0,Verified,debt_consolidation,FL,31.08,0.0,705.0,709.0,0.0,45.7,6.0,Individual,5,High Risk,Manual Review
121249316,8000.0, 36 months,22.91,E,E1,10+ years,RENT,70000.0,Source Verified,debt_consolidation,NY,31.34,0.0,675.0,679.0,1.0,38.2,27.0,Individual,5,High Risk,Manual Review
120248355,19725.0, 60 months,30.99,G,G5,,OWN,47000.0,Verified,debt_consolidation,NJ,32.91,0.0,685.0,689.0,0.0,67.1,12.0,Individual,5,High Risk,Manual Review
119413198,35000.0, 36 months,26.3,E,E5,10+ years,MORTGAGE,75000.0,Verified,debt_consolidation,CO,37.73,0.0,660.0,664.0,0.0,75.2,40.0,Individual,5,High Risk,Manual Review
120643275,20000.0, 60 months,24.85,E,E3,,OWN,52356.0,Not Verified,debt_consolidation,WI,36.28,0.0,705.0,709.0,1.0,90.8,26.0,Joint App,6,High Risk,Manual Review
120591394,7875.0, 36 months,26.3,E,E5,< 1 year,MORTGAGE,42500.0,Verified,debt_consolidation,PA,31.8,0.0,700.0,704.0,2.0,25.9,63.0,Individual,5,High Risk,Manual Review
120115785,35000.0, 60 months,17.09,D,D1,10+ years,MORTGAGE,330000.0,Verified,credit_card,FL,33.92,1.0,670.0,674.0,0.0,83.0,69.0,Individual,5,High Risk,Manual Review
121247713,31900.0, 36 months,23.88,E,E2,10+ years,MORTGAGE,168000.0,Not Verified,debt_consolidation,WA,33.08,0.0,685.0,689.0,2.0,88.6,48.0,Joint App,6,High Risk,Manual Review
120933494,15000.0, 36 months,25.82,E,E4,< 1 year,RENT,24000.0,Verified,other,NY,54.0,0.0,675.0,679.0,0.0,75.6,10.0,Joint App,5,High Risk,Manual Review
120589892,12000.0, 60 months,23.88,E,E2,6 years,MORTGAGE,65000.0,Verified,debt_consolidation,GA,32.18,0.0,710.0,714.0,1.0,32.7,27.0,Individual,5,High Risk,Manual Review
120230263,12000.0, 60 months,30.17,F,F3,6 years,RENT,50000.0,Source Verified,debt_consolidation,FL,32.12,0.0,670.0,674.0,0.0,76.6,46.0,Individual,5,High Risk,Manual Review
120943308,2750.0, 36 months,26.3,E,E5,,OWN,30000.0,Verified,credit_card,AR,36.52,0.0,705.0,709.0,0.0,72.5,15.0,Individual,5,High Risk,Manual Review
121227482,20000.0, 60 months,25.82,E,E4,10+ years,RENT,103564.0,Not Verified,credit_card,CA,30.93,1.0,720.0,724.0,0.0,63.4,26.0,Individual,6,High Risk,Manual Review
120593650,12800.0, 36 months,25.82,E,E4,10+ years,OWN,40000.0,Source Verified,debt_consolidation,PA,38.27,0.0,670.0,674.0,0.0,90.3,28.0,Individual,6,High Risk,Manual Review
120196771,15000.0, 36 months,23.88,E,E2,5 years,OWN,29000.0,Source Verified,credit_card,TX,31.54,0.0,675.0,679.0,3.0,66.6,19.0,Joint App,5,High Risk,Manual Review
121212262,24000.0, 60 months,25.82,E,E4,3 years,MORTGAGE,30000.0,Source Verified,debt_consolidation,PA,38.77,0.0,680.0,684.0,1.0,74.8,35.0,Joint App,5,High Risk,Manual Review
121231597,15000.0, 60 months,26.3,E,E5,2 years,RENT,50000.0,Not Verified,debt_consolidation,CA,32.33,0.0,710.0,714.0,0.0,32.3,8.0,Individual,5,High Risk,Manual Review
121226104,40000.0, 60 months,23.88,E,E2,10+ years,OWN,130000.0,Verified,debt_consolidation,UT,33.71,0.0,745.0,749.0,1.0,23.3,29.0,Individual,5,High Risk,Manual Review
120942812,20000.0, 60 months,29.69,F,F2,7 years,RENT,41300.0,Verified,debt_consolidation,CO,32.14,0.0,670.0,674.0,1.0,52.5,16.0,Individual,5,High Risk,Manual Review
121225585,12050.0, 60 months,26.3,E,E5,8 years,RENT,49000.0,Verified,debt_consolidation,MA,35.22,3.0,690.0,694.0,0.0,35.5,16.0,Individual,6,High Risk,Manual Review
121050356,9225.0, 36 months,26.3,E,E5,10+ years,MORTGAGE,120000.0,Source Verified,debt_consolidation,CA,37.18,0.0,730.0,734.0,1.0,37.3,20.0,Individual,5,High Risk,Manual Review
121218535,19200.0, 60 months,26.3,E,E5,10+ years,RENT,60000.0,Verified,credit_card,FL,31.9,0.0,660.0,664.0,0.0,63.5,20.0,Individual,5,High Risk,Manual Review
119201256,24000.0, 60 months,30.75,F,F5,< 1 year,MORTGAGE,16000.0,Not Verified,debt_consolidation,TN,179.59,0.0,660.0,664.0,0.0,49.8,36.0,Joint App,5,High Risk,Manual Review
120192448,30000.0, 60 months,23.88,E,E2,10+ years,MORTGAGE,121000.0,Verified,debt_consolidation,OR,30.89,0.0,690.0,694.0,0.0,103.4,41.0,Individual,6,High Risk,Manual Review
119852699,30000.0, 60 months,24.85,E,E3,,MORTGAGE,63000.0,Verified,other,MI,36.04,0.0,765.0,769.0,2.0,20.7,23.0,Individual,5,High Risk,Manual Review
121228120,25000.0, 60 months,24.85,E,E3,< 1 year,MORTGAGE,77000.0,Source Verified,debt_consolidation,TX,32.79,0.0,695.0,699.0,0.0,92.5,18.0,Joint App,6,High Risk,Manual Review
121224373,35000.0, 36 months,22.91,E,E1,5 years,RENT,119000.0,Source Verified,credit_card,NC,32.23,0.0,680.0,684.0,0.0,67.3,20.0,Individual,5,High Risk,Manual Review
120943401,20000.0, 60 months,24.85,E,E3,1 year,MORTGAGE,32000.0,Verified,debt_consolidation,MO,43.32,0.0,680.0,684.0,3.0,57.8,22.0,Joint App,5,High Risk,Manual Review
120219967,7925.0, 36 months,26.3,E,E5,10+ years,OWN,30000.0,Not Verified,debt_consolidation,OR,37.28,0.0,700.0,704.0,1.0,53.8,15.0,Individual,5,High Risk,Manual Review
121213084,2000.0, 36 months,26.3,E,E5,3 years,RENT,22080.0,Verified,debt_consolidation,MS,39.19,0.0,670.0,674.0,0.0,61.8,13.0,Individual,5,High Risk,Manual Review
119367080,4975.0, 36 months,26.3,E,E5,10+ years,MORTGAGE,70397.0,Verified,debt_consolidation,FL,37.98,0.0,725.0,729.0,0.0,68.4,32.0,Joint App,5,High Risk,Manual Review
120955076,1500.0, 36 months,23.88,E,E2,9 years,OWN,51241.0,Verified,medical,NC,3.16,2.0,705.0,709.0,1.0,99.0,14.0,Individual,5,High Risk,Manual Review
120562769,35000.0, 60 months,26.3,E,E5,,MORTGAGE,18130.8,Verified,credit_card,TX,45.89,0.0,695.0,699.0,0.0,92.2,34.0,Joint App,6,High Risk,Manual Review
120665987,22575.0, 60 months,24.85,E,E3,,MORTGAGE,78000.0,Verified,debt_consolidation,TX,32.12,0.0,695.0,699.0,0.0,39.0,23.0,Individual,5,High Risk,Manual Review
120587032,10050.0, 60 months,23.88,E,E2,10+ years,MORTGAGE,110000.0,Source Verified,major_purchase,NV,36.82,0.0,690.0,694.0,0.0,82.5,21.0,Individual,6,High Risk,Manual Review
120612300,16000.0, 60 months,26.3,E,E5,< 1 year,OWN,30000.0,Source Verified,debt_consolidation,AR,33.2,2.0,690.0,694.0,0.0,58.2,19.0,Joint App,6,High Risk,Manual Review
119987515,30000.0, 36 months,30.79,G,G1,< 1 year,RENT,45000.0,Verified,credit_card,NH,37.81,0.0,675.0,679.0,2.0,57.6,30.0,Joint App,5,High Risk,Manual Review
120652776,6725.0, 36 months,26.3,E,E5,,MORTGAGE,9072.0,Verified,debt_consolidation,MO,52.25,0.0,710.0,714.0,1.0,38.7,12.0,Joint App,5,High Risk,Manual Review
120956009,32000.0, 60 months,23.88,E,E2,,MORTGAGE,39.0,Not Verified,debt_consolidation,CA,999.0,0.0,720.0,724.0,0.0,80.8,11.0,Joint App,6,High Risk,Manual Review
120656471,18000.0, 60 months,29.69,F,F2,,OWN,55560.0,Source Verified,other,FL,44.17,2.0,670.0,674.0,0.0,80.9,32.0,Joint App,7,High Risk,Manual Review
120958193,28000.0, 60 months,26.3,E,E5,< 1 year,MORTGAGE,77000.0,Not Verified,debt_consolidation,IL,24.64,1.0,665.0,669.0,0.0,80.8,25.0,Joint App,5,High Risk,Manual Review
120950773,35000.0, 36 months,30.89,G,G3,< 1 year,RENT,92000.0,Verified,debt_consolidation,MN,23.48,2.0,675.0,679.0,0.0,90.8,37.0,Individual,5,High Risk,Manual Review
120950363,10500.0, 60 months,29.69,F,F2,< 1 year,RENT,32000.0,Source Verified,debt_consolidation,NC,39.38,0.0,730.0,734.0,0.0,86.1,21.0,Individual,6,High Risk,Manual Review
119127684,9000.0, 36 months,22.91,E,E1,10+ years,RENT,42000.0,Not Verified,credit_card,CO,33.11,0.0,710.0,714.0,3.0,24.0,31.0,Individual,5,High Risk,Manual Review
120949871,10800.0, 60 months,30.65,F,F4,1 year,MORTGAGE,34320.0,Verified,debt_consolidation,NM,37.08,0.0,685.0,689.0,0.0,64.9,35.0,Individual,5,High Risk,Manual Review
120949813,30000.0, 60 months,24.85,E,E3,10+ years,OWN,130000.0,Source Verified,credit_card,MI,32.96,0.0,695.0,699.0,2.0,45.8,62.0,Individual,5,High Risk,Manual Review
120617829,15000.0, 60 months,26.3,E,E5,< 1 year,MORTGAGE,65000.0,Not Verified,credit_card,FL,30.61,0.0,660.0,664.0,2.0,45.8,39.0,Individual,5,High Risk,Manual Review
120661592,4500.0, 36 months,24.85,E,E3,2 years,RENT,45000.0,Source Verified,debt_consolidation,VA,30.37,0.0,665.0,669.0,0.0,28.7,29.0,Individual,5,High Risk,Manual Review
120919376,12000.0, 60 months,15.05,C,C4,10+ years,MORTGAGE,58000.0,Verified,debt_consolidation,MD,32.01,1.0,660.0,664.0,0.0,98.0,19.0,Individual,5,High Risk,Manual Review
119992233,15000.0, 36 months,17.09,D,D1,10+ years,MORTGAGE,35000.0,Verified,debt_consolidation,FL,38.77,3.0,670.0,674.0,0.0,82.4,21.0,Joint App,5,High Risk,Manual Review
120664310,15000.0, 60 months,20.0,D,D4,< 1 year,MORTGAGE,75000.0,Not Verified,debt_consolidation,KS,34.82,1.0,685.0,689.0,0.0,97.9,28.0,Joint App,5,High Risk,Manual Review
120217303,29975.0, 60 months,25.82,E,E4,10+ years,MORTGAGE,100000.0,Source Verified,debt_consolidation,CA,33.36,1.0,735.0,739.0,0.0,37.2,42.0,Individual,6,High Risk,Manual Review
120669551,8475.0, 36 months,23.88,E,E2,9 years,RENT,23576.0,Source Verified,debt_consolidation,CA,32.48,0.0,680.0,684.0,1.0,60.9,37.0,Individual,5,High Risk,Manual Review
120937554,9625.0, 36 months,23.88,E,E2,,RENT,27500.0,Verified,credit_card,CO,30.82,0.0,670.0,674.0,0.0,85.0,12.0,Individual,6,High Risk,Manual Review
120122926,12000.0, 36 months,23.88,E,E2,10+ years,OWN,90000.0,Not Verified,debt_consolidation,RI,39.23,0.0,660.0,664.0,1.0,37.7,37.0,Individual,5,High Risk,Manual Review
120650774,14000.0, 60 months,20.0,D,D4,10+ years,MORTGAGE,126000.0,Verified,debt_consolidation,NE,45.23,1.0,660.0,664.0,2.0,93.1,49.0,Joint App,5,High Risk,Manual Review
120633866,8000.0, 36 months,23.88,E,E2,10+ years,OWN,180000.0,Source Verified,debt_consolidation,NJ,15.73,2.0,680.0,684.0,0.0,89.1,35.0,Individual,5,High Risk,Manual Review
120943125,5000.0, 36 months,22.91,E,E1,3 years,RENT,60000.0,Not Verified,credit_card,PA,37.95,0.0,670.0,674.0,2.0,33.3,28.0,Individual,5,High Risk,Manual Review
120946305,19500.0, 60 months,26.3,E,E5,3 years,MORTGAGE,64000.0,Not Verified,credit_card,AR,35.29,0.0,680.0,684.0,1.0,86.7,31.0,Joint App,6,High Risk,Manual Review
120615318,3000.0, 36 months,23.88,E,E2,6 years,MORTGAGE,35000.0,Source Verified,debt_consolidation,TN,58.95,0.0,675.0,679.0,0.0,85.4,21.0,Joint App,6,High Risk,Manual Review
120934748,20000.0, 36 months,22.91,E,E1,< 1 year,RENT,23388.0,Verified,debt_consolidation,TN,53.72,0.0,665.0,669.0,1.0,75.8,15.0,Joint App,5,High Risk,Manual Review
120643199,14500.0, 60 months,30.17,F,F3,2 years,MORTGAGE,35000.0,Verified,debt_consolidation,MI,47.33,1.0,675.0,679.0,0.0,78.1,35.0,Joint App,6,High Risk,Manual Review
120602099,35000.0, 60 months,24.85,E,E3,< 1 year,MORTGAGE,38000.0,Source Verified,debt_consolidation,KS,39.77,0.0,680.0,684.0,1.0,71.1,21.0,Joint App,5,High Risk,Manual Review
119794101,28000.0, 60 months,29.69,F,F2,5 years,RENT,69996.0,Source Verified,debt_consolidation,CA,33.47,0.0,675.0,679.0,0.0,75.1,22.0,Individual,5,High Risk,Manual Review
120926891,16100.0, 36 months,23.88,E,E2,,MORTGAGE,55782.96,Verified,debt_consolidation,OH,31.63,0.0,675.0,679.0,1.0,54.0,37.0,Individual,5,High Risk,Manual Review
119828434,12000.0, 36 months,24.85,E,E3,10+ years,MORTGAGE,98000.0,Source Verified,debt_consolidation,MD,30.44,0.0,665.0,669.0,0.0,99.3,28.0,Individual,6,High Risk,Manual Review
120661383,1800.0, 36 months,23.88,E,E2,,OWN,14500.0,Not Verified,house,AL,34.27,0.0,675.0,679.0,0.0,32.5,8.0,Individual,5,High Risk,Manual Review
120612082,13650.0, 36 months,24.85,E,E3,2 years,RENT,40000.0,Source Verified,debt_consolidation,NY,30.3,0.0,705.0,709.0,0.0,70.4,9.0,Joint App,5,High Risk,Manual Review
120937425,10800.0, 60 months,23.88,E,E2,10+ years,RENT,68000.0,Not Verified,debt_consolidation,MD,16.34,4.0,670.0,674.0,0.0,85.8,29.0,Individual,5,High Risk,Manual Review
120926872,35000.0, 60 months,30.65,F,F4,10+ years,OWN,77300.0,Verified,other,FL,38.38,0.0,680.0,684.0,2.0,55.4,70.0,Individual,5,High Risk,Manual Review
120611001,20000.0, 36 months,26.3,E,E5,< 1 year,MORTGAGE,67000.0,Source Verified,debt_consolidation,FL,35.34,0.0,715.0,719.0,2.0,34.9,21.0,Joint App,5,High Risk,Manual Review
120273046,15000.0, 60 months,26.3,E,E5,10+ years,MORTGAGE,80000.0,Verified,debt_consolidation,CA,33.99,0.0,665.0,669.0,1.0,98.0,25.0,Individual,6,High Risk,Manual Review
119331995,28875.0, 60 months,24.85,E,E3,10+ years,RENT,42500.0,Verified,debt_consolidation,NY,44.2,0.0,730.0,734.0,0.0,39.3,20.0,Joint App,5,High Risk,Manual Review
120660250,4625.0, 36 months,30.17,F,F3,,RENT,15420.0,Verified,debt_consolidation,CA,32.76,0.0,675.0,679.0,1.0,101.0,6.0,Individual,6,High Risk,Manual Review
120600709,16800.0, 60 months,16.02,C,C5,< 1 year,MORTGAGE,25000.0,Verified,debt_consolidation,IL,44.94,1.0,660.0,664.0,0.0,88.2,11.0,Joint App,5,High Risk,Manual Review
120020888,20150.0, 60 months,30.79,G,G1,4 years,OWN,60000.0,Source Verified,debt_consolidation,MI,32.52,0.0,725.0,729.0,0.0,83.5,18.0,Individual,6,High Risk,Manual Review
120635786,30000.0, 60 months,30.89,G,G3,2 years,MORTGAGE,40000.0,Source Verified,debt_consolidation,CA,42.99,0.0,665.0,669.0,0.0,92.9,17.0,Joint App,6,High Risk,Manual Review
120253426,35000.0, 60 months,30.99,G,G5,10+ years,MORTGAGE,55000.0,Source Verified,debt_consolidation,MD,33.71,0.0,670.0,674.0,0.0,46.2,25.0,Joint App,5,High Risk,Manual Review
120621949,25000.0, 60 months,28.72,F,F1,7 years,RENT,52000.0,Source Verified,debt_consolidation,MA,33.79,0.0,720.0,724.0,0.0,85.2,21.0,Individual,6,High Risk,Manual Review
120637307,16000.0, 60 months,20.0,D,D4,10+ years,RENT,33280.0,Verified,debt_consolidation,TX,35.7,1.0,665.0,669.0,0.0,83.8,18.0,Joint App,5,High Risk,Manual Review
120631317,21050.0, 60 months,28.72,F,F1,,MORTGAGE,50674.0,Verified,debt_consolidation,CA,61.69,0.0,675.0,679.0,1.0,74.4,33.0,Joint App,5,High Risk,Manual Review
120059847,16000.0, 60 months,25.82,E,E4,< 1 year,RENT,45000.0,Source Verified,credit_card,FL,30.91,0.0,695.0,699.0,0.0,58.7,19.0,Joint App,5,High Risk,Manual Review
118660874,12575.0, 60 months,30.79,G,G1,2 years,MORTGAGE,25000.0,Verified,debt_consolidation,CA,45.7,0.0,705.0,709.0,1.0,41.4,13.0,Joint App,5,High Risk,Manual Review
120260857,16000.0, 36 months,26.3,E,E5,3 years,RENT,43000.0,Source Verified,major_purchase,CA,31.79,0.0,715.0,719.0,1.0,56.9,10.0,Individual,5,High Risk,Manual Review
120617814,35000.0, 36 months,22.91,E,E1,< 1 year,RENT,42000.0,Verified,debt_consolidation,CA,83.74,2.0,675.0,679.0,0.0,89.1,47.0,Joint App,7,High Risk,Manual Review
120654812,12000.0, 36 months,22.91,E,E1,3 years,OWN,46000.0,Verified,medical,NY,30.5,0.0,675.0,679.0,0.0,45.2,29.0,Individual,5,High Risk,Manual Review
120143022,35000.0, 60 months,30.65,F,F4,10+ years,OWN,80000.0,Source Verified,debt_consolidation,LA,31.25,0.0,685.0,689.0,1.0,87.0,33.0,Individual,6,High Risk,Manual Review
120562906,10000.0, 60 months,26.3,E,E5,10+ years,OWN,103000.0,Source Verified,debt_consolidation,NJ,30.85,1.0,680.0,684.0,0.0,71.1,33.0,Individual,6,High Risk,Manual Review
120185475,3200.0, 36 months,26.3,E,E5,5 years,RENT,53465.0,Verified,debt_consolidation,MD,35.63,0.0,660.0,664.0,1.0,81.8,12.0,Individual,6,High Risk,Manual Review
119334600,6000.0, 36 months,26.3,E,E5,,MORTGAGE,128000.0,Verified,home_improvement,VA,37.25,1.0,665.0,669.0,1.0,90.6,35.0,Individual,7,High Risk,Manual Review
120629630,25000.0, 60 months,20.0,D,D4,10+ years,MORTGAGE,53000.0,Verified,debt_consolidation,AL,51.52,1.0,665.0,669.0,0.0,82.9,23.0,Joint App,5,High Risk,Manual Review
120651153,10950.0, 36 months,24.85,E,E3,10+ years,RENT,52250.0,Not Verified,debt_consolidation,TX,16.24,1.0,675.0,679.0,1.0,83.0,19.0,Individual,5,High Risk,Manual Review
120646362,21000.0, 36 months,22.91,E,E1,10+ years,RENT,54500.0,Source Verified,credit_card,CO,32.5,1.0,670.0,674.0,0.0,66.7,21.0,Individual,6,High Risk,Manual Review
120636746,3600.0, 36 months,24.85,E,E3,,OWN,36000.0,Verified,medical,MD,36.13,0.0,675.0,679.0,1.0,58.1,14.0,Individual,5,High Risk,Manual Review
119357327,11650.0, 60 months,29.69,F,F2,5 years,MORTGAGE,57618.0,Source Verified,car,MD,36.64,0.0,715.0,719.0,1.0,23.2,25.0,Joint App,5,High Risk,Manual Review
120124698,22000.0, 60 months,26.3,E,E5,8 years,RENT,50000.0,Source Verified,home_improvement,TX,32.41,0.0,715.0,719.0,0.0,68.2,10.0,Individual,5,High Risk,Manual Review
120118061,14000.0, 60 months,25.82,E,E4,6 years,RENT,37459.0,Not Verified,credit_card,KY,36.94,0.0,665.0,669.0,0.0,72.6,29.0,Joint App,5,High Risk,Manual Review
120618256,15450.0, 60 months,23.88,E,E2,10+ years,MORTGAGE,63175.0,Not Verified,credit_card,NY,32.24,0.0,665.0,669.0,0.0,39.0,47.0,Individual,5,High Risk,Manual Review
120614892,15000.0, 60 months,30.89,G,G3,1 year,MORTGAGE,29760.0,Verified,debt_consolidation,KY,30.89,0.0,660.0,664.0,3.0,69.4,7.0,Joint App,5,High Risk,Manual Review
120611841,20000.0, 60 months,26.3,E,E5,10+ years,MORTGAGE,47000.0,Verified,debt_consolidation,ME,45.07,0.0,720.0,724.0,1.0,58.6,31.0,Joint App,5,High Risk,Manual Review
120595525,4800.0, 36 months,25.82,E,E4,10+ years,RENT,39000.0,Verified,other,NJ,30.37,0.0,715.0,719.0,0.0,76.8,15.0,Individual,5,High Risk,Manual Review
120593777,32000.0, 60 months,24.85,E,E3,< 1 year,MORTGAGE,70000.0,Verified,debt_consolidation,FL,27.73,2.0,660.0,664.0,0.0,96.4,25.0,Joint App,5,High Risk,Manual Review
120596547,12000.0, 36 months,25.82,E,E4,10+ years,RENT,31935.0,Source Verified,debt_consolidation,NY,37.09,0.0,720.0,724.0,0.0,39.8,11.0,Individual,5,High Risk,Manual Review
120617701,18825.0, 60 months,30.94,G,G4,2 years,RENT,37674.0,Verified,debt_consolidation,GA,37.5,0.0,670.0,674.0,1.0,70.9,43.0,Individual,5,High Risk,Manual Review
119295970,24000.0, 60 months,30.17,F,F3,9 years,OWN,105000.0,Not Verified,home_improvement,TN,31.19,0.0,680.0,684.0,3.0,91.6,60.0,Individual,6,High Risk,Manual Review
120170334,30000.0, 36 months,16.02,C,C5,2 years,RENT,130000.0,Source Verified,debt_consolidation,AZ,42.35,1.0,675.0,679.0,0.0,90.5,46.0,Joint App,5,High Risk,Manual Review
120252892,36500.0, 60 months,17.09,D,D1,10+ years,RENT,73000.0,Source Verified,other,CA,30.63,1.0,675.0,679.0,0.0,81.5,22.0,Individual,5,High Risk,Manual Review
120592049,7000.0, 36 months,24.85,E,E3,< 1 year,RENT,24000.0,Verified,debt_consolidation,VA,31.6,0.0,730.0,734.0,1.0,40.0,7.0,Individual,5,High Risk,Manual Review
120604633,4850.0, 36 months,22.91,E,E1,10+ years,OWN,55000.0,Verified,debt_consolidation,MN,30.92,0.0,690.0,694.0,0.0,89.8,36.0,Individual,6,High Risk,Manual Review
120156717,24150.0, 60 months,30.17,F,F3,< 1 year,MORTGAGE,60000.0,Verified,debt_consolidation,CA,36.82,0.0,680.0,684.0,2.0,46.5,19.0,Joint App,5,High Risk,Manual Review
120593732,12000.0, 60 months,24.85,E,E3,4 years,RENT,131000.0,Verified,moving,RI,5.84,2.0,690.0,694.0,0.0,84.8,29.0,Individual,5,High Risk,Manual Review
120590407,4450.0, 36 months,30.17,F,F3,2 years,MORTGAGE,35000.0,Verified,debt_consolidation,TX,33.81,2.0,675.0,679.0,0.0,34.1,38.0,Individual,6,High Risk,Manual Review
120262632,16000.0, 36 months,22.91,E,E1,10+ years,RENT,45000.0,Verified,debt_consolidation,NY,32.4,0.0,705.0,709.0,0.0,82.0,11.0,Individual,6,High Risk,Manual Review
120616732,15000.0, 60 months,23.88,E,E2,10+ years,MORTGAGE,42000.0,Not Verified,debt_consolidation,OH,33.89,0.0,695.0,699.0,1.0,51.8,16.0,Joint App,5,High Risk,Manual Review
119298361,17300.0, 60 months,26.3,E,E5,6 years,RENT,55000.0,Source Verified,debt_consolidation,CA,37.46,5.0,690.0,694.0,0.0,93.9,19.0,Individual,7,High Risk,Manual Review
119820085,4600.0, 36 months,26.3,E,E5,10+ years,RENT,50000.0,Not Verified,credit_card,IL,33.08,0.0,705.0,709.0,0.0,94.7,12.0,Individual,6,High Risk,Manual Review
120060343,6175.0, 36 months,25.82,E,E4,< 1 year,MORTGAGE,6380.0,Verified,major_purchase,KY,313.37,0.0,675.0,679.0,3.0,46.3,49.0,Joint App,5,High Risk,Manual Review
120624532,30000.0, 60 months,25.82,E,E4,< 1 year,RENT,85000.0,Verified,debt_consolidation,NC,31.49,0.0,695.0,699.0,0.0,99.4,18.0,Joint App,6,High Risk,Manual Review
120582816,26300.0, 36 months,25.82,E,E4,4 years,OWN,50000.0,Source Verified,debt_consolidation,NC,34.64,2.0,695.0,699.0,0.0,38.0,29.0,Joint App,6,High Risk,Manual Review
118328550,36000.0, 60 months,23.88,E,E2,,MORTGAGE,0.0,Not Verified,debt_consolidation,MD,,1.0,665.0,669.0,0.0,92.1,21.0,Joint App,5,High Risk,Manual Review
120616378,15000.0, 36 months,20.0,D,D4,,MORTGAGE,56508.0,Verified,debt_consolidation,NV,38.08,1.0,660.0,664.0,0.0,86.3,21.0,Individual,5,High Risk,Manual Review
118264706,30000.0, 60 months,24.85,E,E3,10+ years,MORTGAGE,112000.0,Verified,small_business,LA,16.5,1.0,680.0,684.0,0.0,90.9,30.0,Individual,5,High Risk,Manual Review
120556650,25000.0, 36 months,26.3,E,E5,,RENT,32000.0,Verified,debt_consolidation,TX,47.15,1.0,720.0,724.0,0.0,0.0,17.0,Joint App,6,High Risk,Manual Review
120045001,21250.0, 36 months,23.88,E,E2,10+ years,MORTGAGE,30000.0,Verified,credit_card,CA,42.6,0.0,685.0,689.0,0.0,73.8,21.0,Joint App,5,High Risk,Manual Review
120235790,19200.0, 60 months,29.69,F,F2,2 years,RENT,52360.0,Verified,debt_consolidation,GA,34.4,0.0,700.0,704.0,0.0,18.9,21.0,Individual,5,High Risk,Manual Review
119195331,30000.0, 60 months,25.82,E,E4,10+ years,RENT,100000.0,Source Verified,debt_consolidation,UT,16.04,1.0,670.0,674.0,0.0,89.7,26.0,Individual,5,High Risk,Manual Review
120253885,34700.0, 60 months,30.65,F,F4,10+ years,MORTGAGE,110000.0,Verified,debt_consolidation,AL,34.55,0.0,690.0,694.0,2.0,48.9,34.0,Individual,5,High Risk,Manual Review
120017251,4500.0, 36 months,24.85,E,E3,10+ years,MORTGAGE,42000.0,Verified,debt_consolidation,AR,38.0,2.0,670.0,674.0,1.0,60.0,32.0,Individual,6,High Risk,Manual Review
120567258,21825.0, 60 months,23.88,E,E2,,MORTGAGE,52000.0,Not Verified,credit_card,OH,35.82,0.0,715.0,719.0,0.0,69.6,20.0,Individual,5,High Risk,Manual Review
120210229,35000.0, 60 months,24.85,E,E3,< 1 year,MORTGAGE,85000.0,Verified,debt_consolidation,FL,54.47,0.0,660.0,664.0,3.0,33.4,41.0,Joint App,5,High Risk,Manual Review
120569047,4000.0, 36 months,23.88,E,E2,10+ years,MORTGAGE,30000.0,Not Verified,debt_consolidation,MN,33.44,0.0,685.0,689.0,1.0,69.0,16.0,Individual,5,High Risk,Manual Review
120595642,24825.0, 60 months,30.79,G,G1,10+ years,MORTGAGE,60000.0,Verified,debt_consolidation,MD,40.52,0.0,705.0,709.0,0.0,52.2,18.0,Joint App,5,High Risk,Manual Review
120603163,16000.0, 60 months,23.88,E,E2,5 years,MORTGAGE,45300.0,Source Verified,debt_consolidation,MS,31.15,0.0,720.0,724.0,0.0,36.1,26.0,Individual,5,High Risk,Manual Review
120620172,17775.0, 60 months,28.72,F,F1,4 years,MORTGAGE,51000.0,Verified,debt_consolidation,FL,33.41,0.0,715.0,719.0,0.0,87.0,11.0,Individual,6,High Risk,Manual Review
120620139,22875.0, 36 months,22.91,E,E1,10+ years,RENT,64000.0,Not Verified,debt_consolidation,CA,31.16,0.0,680.0,684.0,1.0,76.0,24.0,Individual,5,High Risk,Manual Review
120615785,16100.0, 36 months,26.3,E,E5,5 years,MORTGAGE,35000.0,Not Verified,debt_consolidation,NV,35.15,0.0,710.0,714.0,0.0,24.2,13.0,Individual,5,High Risk,Manual Review
120615584,20000.0, 36 months,24.85,E,E3,10+ years,RENT,66500.0,Source Verified,debt_consolidation,CO,28.26,2.0,665.0,669.0,0.0,95.3,14.0,Individual,5,High Risk,Manual Review
120413722,16000.0, 36 months,26.3,E,E5,< 1 year,MORTGAGE,42000.0,Not Verified,debt_consolidation,OK,30.32,0.0,680.0,684.0,0.0,83.8,6.0,Individual,6,High Risk,Manual Review
116261323,24000.0, 60 months,30.65,F,F4,10+ years,RENT,55000.0,Not Verified,debt_consolidation,NY,31.27,0.0,710.0,714.0,1.0,23.4,18.0,Individual,5,High Risk,Manual Review
120178114,36000.0, 60 months,30.89,G,G3,10+ years,MORTGAGE,102000.0,Verified,debt_consolidation,CA,32.63,0.0,730.0,734.0,1.0,36.5,28.0,Individual,5,High Risk,Manual Review
119818892,32000.0, 60 months,29.69,F,F2,9 years,MORTGAGE,100000.0,Verified,major_purchase,CA,32.49,0.0,670.0,674.0,2.0,26.4,71.0,Individual,5,High Risk,Manual Review
120238984,11000.0, 60 months,29.69,F,F2,,MORTGAGE,28710.0,Verified,other,NY,43.6,1.0,735.0,739.0,0.0,22.5,26.0,Joint App,6,High Risk,Manual Review
120598516,25000.0, 60 months,24.85,E,E3,,RENT,72000.0,Not Verified,debt_consolidation,CA,36.53,0.0,730.0,734.0,0.0,73.7,35.0,Individual,5,High Risk,Manual Review
120043787,16525.0, 60 months,24.85,E,E3,< 1 year,RENT,34000.0,Verified,credit_card,NC,47.23,0.0,705.0,709.0,0.0,77.0,7.0,Joint App,5,High Risk,Manual Review
120007071,12975.0, 36 months,30.75,F,F5,10+ years,OWN,56000.0,Source Verified,debt_consolidation,NY,33.24,0.0,715.0,719.0,2.0,61.5,25.0,Individual,5,High Risk,Manual Review
119223173,20000.0, 60 months,26.3,E,E5,< 1 year,RENT,15000.0,Not Verified,debt_consolidation,CA,35.0,0.0,675.0,679.0,1.0,55.0,15.0,Joint App,5,High Risk,Manual Review
120550983,32000.0, 36 months,23.88,E,E2,< 1 year,MORTGAGE,65000.0,Verified,major_purchase,LA,42.41,0.0,685.0,689.0,2.0,75.5,30.0,Joint App,5,High Risk,Manual Review
120058600,8000.0, 36 months,23.88,E,E2,2 years,MORTGAGE,101000.0,Verified,debt_consolidation,NJ,31.83,1.0,670.0,674.0,0.0,88.4,31.0,Individual,7,High Risk,Manual Review
119417961,11200.0, 60 months,26.3,E,E5,5 years,RENT,32000.0,Verified,debt_consolidation,NY,32.71,0.0,660.0,664.0,0.0,77.0,11.0,Individual,5,High Risk,Manual Review
120554287,17375.0, 60 months,30.79,G,G1,< 1 year,RENT,39500.0,Source Verified,debt_consolidation,TN,38.59,0.0,730.0,734.0,0.0,27.6,36.0,Individual,5,High Risk,Manual Review
120589035,35000.0, 60 months,21.45,D,D5,< 1 year,MORTGAGE,32000.0,Verified,debt_consolidation,NY,59.19,1.0,665.0,669.0,0.0,91.3,32.0,Joint App,5,High Risk,Manual Review
120180528,21600.0, 60 months,23.88,E,E2,10+ years,RENT,51000.0,Verified,debt_consolidation,CO,32.4,0.0,720.0,724.0,0.0,21.6,22.0,Individual,5,High Risk,Manual Review
120583913,12500.0, 60 months,29.69,F,F2,8 years,RENT,56800.0,Source Verified,debt_consolidation,NJ,31.48,0.0,725.0,729.0,2.0,6.0,13.0,Individual,5,High Risk,Manual Review
119273862,6000.0, 36 months,22.91,E,E1,< 1 year,RENT,19000.0,Verified,debt_consolidation,OH,33.54,0.0,715.0,719.0,0.0,32.0,18.0,Joint App,5,High Risk,Manual Review
120191273,1775.0, 36 months,25.82,E,E4,10+ years,RENT,21000.0,Source Verified,other,TX,117.14,0.0,720.0,724.0,0.0,36.6,14.0,Joint App,5,High Risk,Manual Review
120261539,18375.0, 60 months,29.69,F,F2,3 years,MORTGAGE,60000.0,Source Verified,home_improvement,PA,32.64,0.0,690.0,694.0,0.0,59.4,20.0,Individual,5,High Risk,Manual Review
120205108,10800.0, 60 months,26.3,E,E5,3 years,MORTGAGE,35000.0,Not Verified,debt_consolidation,IN,30.11,0.0,680.0,684.0,0.0,24.3,11.0,Individual,5,High Risk,Manual Review
120071105,18000.0, 36 months,22.91,E,E1,< 1 year,MORTGAGE,25000.0,Source Verified,debt_consolidation,MO,42.77,0.0,685.0,689.0,0.0,89.4,13.0,Joint App,6,High Risk,Manual Review
120582497,12000.0, 60 months,25.82,E,E4,2 years,MORTGAGE,35000.0,Source Verified,debt_consolidation,FL,38.58,0.0,665.0,669.0,1.0,94.8,27.0,Individual,6,High Risk,Manual Review
118665543,16000.0, 60 months,26.3,E,E5,,RENT,23000.0,Verified,debt_consolidation,VA,37.11,0.0,675.0,679.0,0.0,52.2,31.0,Joint App,5,High Risk,Manual Review
120141820,7000.0, 36 months,23.88,E,E2,6 years,OWN,28000.0,Verified,debt_consolidation,OH,31.46,0.0,670.0,674.0,2.0,27.0,28.0,Individual,5,High Risk,Manual Review
120566531,11200.0, 60 months,29.69,F,F2,10+ years,MORTGAGE,60000.0,Verified,debt_consolidation,MI,28.02,2.0,680.0,684.0,1.0,84.0,19.0,Individual,5,High Risk,Manual Review
120582915,19100.0, 60 months,26.3,E,E5,< 1 year,MORTGAGE,72000.0,Not Verified,credit_card,NV,35.17,0.0,705.0,709.0,0.0,24.1,20.0,Joint App,5,High Risk,Manual Review
120089555,12800.0, 60 months,26.3,E,E5,10+ years,OWN,40000.0,Not Verified,debt_consolidation,NY,47.82,0.0,675.0,679.0,0.0,95.5,16.0,Joint App,6,High Risk,Manual Review
120194411,16000.0, 60 months,24.85,E,E3,< 1 year,MORTGAGE,120000.0,Not Verified,debt_consolidation,IL,34.6,0.0,675.0,679.0,2.0,48.3,56.0,Joint App,5,High Risk,Manual Review
120552297,28950.0, 36 months,26.3,E,E5,8 years,RENT,62000.0,Verified,small_business,MN,37.9,0.0,705.0,709.0,1.0,28.3,14.0,Individual,5,High Risk,Manual Review
120262084,15775.0, 60 months,28.72,F,F1,< 1 year,OWN,3000.0,Not Verified,debt_consolidation,GA,458.83,1.0,670.0,674.0,0.0,15.1,19.0,Joint App,6,High Risk,Manual Review
118653456,35000.0, 60 months,16.02,C,C5,8 years,MORTGAGE,45000.0,Verified,credit_card,TX,38.99,1.0,690.0,694.0,0.0,90.3,23.0,Joint App,5,High Risk,Manual Review
120192770,16000.0, 60 months,26.3,E,E5,4 years,RENT,65000.0,Not Verified,debt_consolidation,OH,31.72,1.0,670.0,674.0,1.0,93.5,17.0,Individual,7,High Risk,Manual Review
120208050,40000.0, 60 months,25.82,E,E4,< 1 year,MORTGAGE,52000.0,Verified,debt_consolidation,FL,63.65,0.0,690.0,694.0,0.0,81.4,33.0,Joint App,6,High Risk,Manual Review
120197291,10000.0, 60 months,24.85,E,E3,6 years,RENT,36000.0,Verified,vacation,TX,53.47,0.0,700.0,704.0,1.0,24.4,16.0,Joint App,5,High Risk,Manual Review
120392736,20000.0, 60 months,24.85,E,E3,< 1 year,MORTGAGE,98000.0,Verified,debt_consolidation,TX,29.98,4.0,675.0,679.0,1.0,86.5,37.0,Individual,5,High Risk,Manual Review
120587431,23750.0, 36 months,25.82,E,E4,2 years,RENT,49500.0,Not Verified,debt_consolidation,SC,30.81,0.0,715.0,719.0,0.0,55.2,26.0,Individual,5,High Risk,Manual Review
120584212,25000.0, 36 months,26.3,E,E5,6 years,MORTGAGE,60000.0,Not Verified,debt_consolidation,WA,34.48,0.0,680.0,684.0,1.0,83.4,18.0,Individual,6,High Risk,Manual Review
120213451,10000.0, 60 months,22.91,E,E1,7 years,MORTGAGE,92000.0,Verified,major_purchase,NY,30.24,0.0,690.0,694.0,2.0,60.0,36.0,Individual,5,High Risk,Manual Review
120554285,20225.0, 36 months,15.05,C,C4,10+ years,MORTGAGE,58000.0,Verified,debt_consolidation,TX,30.75,1.0,670.0,674.0,0.0,90.0,18.0,Individual,5,High Risk,Manual Review
120557486,15000.0, 60 months,24.85,E,E3,,MORTGAGE,60000.0,Verified,debt_consolidation,LA,36.92,0.0,680.0,684.0,0.0,99.9,21.0,Joint App,6,High Risk,Manual Review
119047718,10700.0, 36 months,30.75,F,F5,10+ years,MORTGAGE,60400.0,Verified,debt_consolidation,OK,35.66,0.0,700.0,704.0,0.0,61.2,35.0,Individual,5,High Risk,Manual Review
120272271,8000.0, 36 months,23.88,E,E2,4 years,RENT,28000.0,Not Verified,credit_card,MA,31.46,0.0,685.0,689.0,0.0,43.9,20.0,Individual,5,High Risk,Manual Review
120565266,6000.0, 36 months,22.91,E,E1,10+ years,MORTGAGE,61000.0,Source Verified,credit_card,MN,32.13,0.0,690.0,694.0,2.0,56.2,64.0,Individual,5,High Risk,Manual Review
119400508,16000.0, 60 months,30.79,G,G1,,MORTGAGE,17004.0,Verified,debt_consolidation,IN,24.91,2.0,670.0,674.0,0.0,90.6,8.0,Joint App,5,High Risk,Manual Review
120091488,14000.0, 60 months,30.17,F,F3,< 1 year,RENT,4300.0,Not Verified,debt_consolidation,VA,231.01,0.0,685.0,689.0,0.0,81.1,21.0,Joint App,6,High Risk,Manual Review
120568815,25000.0, 60 months,24.85,E,E3,10+ years,MORTGAGE,69600.0,Verified,debt_consolidation,IN,30.64,0.0,665.0,669.0,2.0,40.5,24.0,Individual,5,High Risk,Manual Review
119961848,15000.0, 60 months,24.85,E,E3,5 years,RENT,42000.0,Verified,small_business,DC,39.66,0.0,745.0,749.0,2.0,18.9,18.0,Individual,5,High Risk,Manual Review
119253401,9000.0, 36 months,30.84,G,G2,,MORTGAGE,30000.0,Verified,debt_consolidation,MO,49.68,0.0,660.0,664.0,1.0,68.6,35.0,Joint App,5,High Risk,Manual Review
119965886,35000.0, 60 months,15.05,C,C4,6 years,MORTGAGE,29000.0,Verified,debt_consolidation,PA,65.65,4.0,685.0,689.0,0.0,90.5,31.0,Joint App,5,High Risk,Manual Review
119425568,20000.0, 60 months,26.3,E,E5,10+ years,MORTGAGE,62000.0,Not Verified,debt_consolidation,TX,36.22,1.0,685.0,689.0,1.0,43.0,18.0,Individual,6,High Risk,Manual Review
120183582,21825.0, 60 months,30.94,G,G4,1 year,RENT,52000.0,Verified,debt_consolidation,NY,30.46,0.0,695.0,699.0,0.0,80.6,26.0,Individual,6,High Risk,Manual Review
118308698,3200.0, 36 months,22.91,E,E1,10+ years,RENT,61000.0,Source Verified,debt_consolidation,NM,51.76,0.0,665.0,669.0,2.0,43.2,36.0,Joint App,5,High Risk,Manual Review
120177801,12000.0, 60 months,28.72,F,F1,3 years,OWN,30000.0,Verified,debt_consolidation,VA,39.21,0.0,660.0,664.0,0.0,45.3,18.0,Individual,5,High Risk,Manual Review
119711990,17000.0, 60 months,24.85,E,E3,1 year,RENT,50000.0,Not Verified,car,PA,33.46,0.0,740.0,744.0,1.0,45.6,21.0,Individual,5,High Risk,Manual Review
120120051,25000.0, 60 months,28.72,F,F1,< 1 year,MORTGAGE,65000.0,Source Verified,debt_consolidation,LA,51.48,0.0,685.0,689.0,0.0,49.2,57.0,Joint App,5,High Risk,Manual Review
120249294,39475.0, 36 months,23.88,E,E2,< 1 year,RENT,55000.0,Verified,debt_consolidation,ND,40.56,1.0,685.0,689.0,0.0,73.0,18.0,Joint App,6,High Risk,Manual Review
119870980,3600.0, 36 months,24.85,E,E3,8 years,MORTGAGE,12000.0,Verified,debt_consolidation,TX,35.3,0.0,700.0,704.0,1.0,20.3,4.0,Individual,5,High Risk,Manual Review
119427173,20000.0, 60 months,26.3,E,E5,10+ years,RENT,66000.0,Verified,debt_consolidation,IL,39.75,0.0,675.0,679.0,0.0,51.7,41.0,Individual,5,High Risk,Manual Review
120192569,15000.0, 60 months,30.75,F,F5,10+ years,RENT,31500.0,Source Verified,debt_consolidation,AL,34.02,1.0,705.0,709.0,1.0,39.0,21.0,Individual,6,High Risk,Manual Review
118332757,20000.0, 60 months,25.82,E,E4,8 years,OWN,40000.0,Not Verified,debt_consolidation,MA,36.21,0.0,700.0,704.0,0.0,67.6,14.0,Individual,5,High Risk,Manual Review
120260769,12000.0, 36 months,18.06,D,D2,6 years,MORTGAGE,38000.0,Not Verified,medical,PA,35.31,1.0,660.0,664.0,0.0,90.4,15.0,Joint App,5,High Risk,Manual Review
120234915,32500.0, 36 months,25.82,E,E4,2 years,MORTGAGE,65000.0,Source Verified,debt_consolidation,NJ,35.66,0.0,690.0,694.0,1.0,12.6,35.0,Individual,5,High Risk,Manual Review
119921228,10000.0, 60 months,30.94,G,G4,7 years,RENT,106000.0,Source Verified,small_business,CA,31.56,6.0,665.0,669.0,3.0,47.8,42.0,Individual,6,High Risk,Manual Review
120041352,36225.0, 60 months,26.3,E,E5,1 year,MORTGAGE,75500.0,Verified,debt_consolidation,IL,30.01,0.0,725.0,729.0,2.0,89.0,17.0,Individual,6,High Risk,Manual Review
120553438,15000.0, 60 months,30.65,F,F4,10+ years,RENT,70000.0,Source Verified,debt_consolidation,FL,32.92,0.0,700.0,704.0,1.0,23.1,28.0,Individual,5,High Risk,Manual Review
120554267,16000.0, 60 months,30.79,G,G1,2 years,MORTGAGE,37000.0,Source Verified,debt_consolidation,PA,38.65,0.0,670.0,674.0,1.0,34.3,25.0,Individual,5,High Risk,Manual Review
120194839,10800.0, 36 months,30.75,F,F5,10+ years,RENT,45000.0,Source Verified,other,MA,37.18,0.0,670.0,674.0,0.0,74.9,17.0,Individual,5,High Risk,Manual Review
120195836,3000.0, 36 months,25.82,E,E4,10+ years,MORTGAGE,81000.0,Not Verified,vacation,AL,30.44,0.0,695.0,699.0,1.0,43.6,28.0,Individual,5,High Risk,Manual Review
119984418,8725.0, 36 months,23.88,E,E2,,RENT,26200.0,Not Verified,debt_consolidation,TX,36.19,0.0,715.0,719.0,1.0,58.1,17.0,Individual,5,High Risk,Manual Review
120063916,21000.0, 60 months,29.69,F,F2,,RENT,3600.0,Not Verified,debt_consolidation,CA,326.0,0.0,660.0,664.0,1.0,81.6,18.0,Joint App,6,High Risk,Manual Review
120255838,7200.0, 36 months,23.88,E,E2,10+ years,MORTGAGE,40000.0,Not Verified,debt_consolidation,NY,36.12,1.0,670.0,674.0,1.0,56.3,18.0,Individual,6,High Risk,Manual Review
120533367,12225.0, 36 months,22.91,E,E1,1 year,RENT,36000.0,Verified,debt_consolidation,HI,39.13,0.0,660.0,664.0,3.0,77.9,9.0,Individual,5,High Risk,Manual Review
119730284,11950.0, 36 months,24.85,E,E3,,MORTGAGE,39000.0,Verified,debt_consolidation,MI,30.31,0.0,685.0,689.0,1.0,32.6,23.0,Individual,5,High Risk,Manual Review
120189073,4000.0, 36 months,22.91,E,E1,2 years,OWN,100000.0,Source Verified,other,OH,14.12,1.0,670.0,674.0,1.0,83.5,17.0,Individual,5,High Risk,Manual Review
119963123,35000.0, 36 months,22.91,E,E1,10+ years,MORTGAGE,85000.0,Verified,debt_consolidation,VA,30.18,0.0,660.0,664.0,0.0,54.7,53.0,Individual,5,High Risk,Manual Review
120212688,6000.0, 36 months,25.82,E,E4,< 1 year,MORTGAGE,90720.0,Verified,debt_consolidation,MO,31.6,0.0,680.0,684.0,4.0,99.2,46.0,Joint App,6,High Risk,Manual Review
120063864,20000.0, 60 months,30.65,F,F4,2 years,OWN,50000.0,Verified,debt_consolidation,GA,36.13,0.0,660.0,664.0,0.0,76.1,28.0,Individual,5,High Risk,Manual Review
120058377,32000.0, 60 months,15.05,C,C4,,RENT,5000.0,Not Verified,debt_consolidation,NY,220.43,1.0,690.0,694.0,0.0,88.7,36.0,Joint App,5,High Risk,Manual Review
120247529,4000.0, 36 months,29.69,F,F2,4 years,RENT,23328.0,Source Verified,major_purchase,ME,41.65,0.0,695.0,699.0,2.0,25.2,19.0,Joint App,5,High Risk,Manual Review
120236883,35000.0, 60 months,26.3,E,E5,10+ years,RENT,90000.0,Verified,credit_card,MA,39.99,0.0,700.0,704.0,0.0,39.6,65.0,Individual,5,High Risk,Manual Review
120190900,35000.0, 60 months,30.84,G,G2,< 1 year,MORTGAGE,65000.0,Verified,debt_consolidation,MI,39.46,0.0,665.0,669.0,0.0,91.4,20.0,Joint App,6,High Risk,Manual Review
120090008,40000.0, 60 months,18.06,D,D2,< 1 year,RENT,65000.0,Verified,debt_consolidation,CT,31.35,4.0,670.0,674.0,0.0,89.0,23.0,Joint App,5,High Risk,Manual Review
119412834,20150.0, 60 months,26.3,E,E5,6 years,RENT,56000.0,Verified,credit_card,VA,30.52,1.0,665.0,669.0,0.0,17.0,27.0,Individual,6,High Risk,Manual Review
119883416,1500.0, 36 months,23.88,E,E2,6 years,MORTGAGE,71802.0,Verified,debt_consolidation,FL,36.17,0.0,705.0,709.0,0.0,95.5,23.0,Individual,6,High Risk,Manual Review
120249520,16000.0, 36 months,22.91,E,E1,7 years,RENT,40000.0,Not Verified,other,OR,31.08,0.0,665.0,669.0,0.0,76.6,32.0,Individual,5,High Risk,Manual Review
119304239,20000.0, 36 months,16.02,C,C5,< 1 year,MORTGAGE,28000.0,Verified,debt_consolidation,MN,45.95,1.0,665.0,669.0,1.0,95.3,17.0,Joint App,5,High Risk,Manual Review
120250378,2400.0, 36 months,23.88,E,E2,6 years,MORTGAGE,51125.0,Not Verified,major_purchase,TX,32.28,0.0,705.0,709.0,0.0,55.7,32.0,Individual,5,High Risk,Manual Review
120179700,32000.0, 36 months,23.88,E,E2,10+ years,OWN,61764.0,Source Verified,debt_consolidation,AL,31.32,0.0,680.0,684.0,0.0,74.4,17.0,Joint App,5,High Risk,Manual Review
120255263,40000.0, 60 months,30.79,G,G1,10+ years,RENT,88151.99,Verified,debt_consolidation,HI,32.04,0.0,705.0,709.0,0.0,56.7,20.0,Individual,5,High Risk,Manual Review
120238153,18000.0, 60 months,30.75,F,F5,9 years,MORTGAGE,68000.0,Not Verified,home_improvement,OR,38.09,0.0,695.0,699.0,1.0,72.8,25.0,Individual,5,High Risk,Manual Review
117583894,24000.0, 60 months,28.72,F,F1,8 years,RENT,53134.0,Verified,debt_consolidation,OR,54.39,0.0,675.0,679.0,2.0,39.5,32.0,Joint App,5,High Risk,Manual Review
120199395,10800.0, 36 months,26.3,E,E5,< 1 year,RENT,30000.0,Source Verified,debt_consolidation,PA,32.92,0.0,710.0,714.0,0.0,36.6,12.0,Individual,5,High Risk,Manual Review
120082671,7025.0, 36 months,24.85,E,E3,,MORTGAGE,17568.0,Not Verified,debt_consolidation,VT,31.56,0.0,725.0,729.0,0.0,52.5,10.0,Individual,5,High Risk,Manual Review
120240100,40000.0, 60 months,26.3,E,E5,10+ years,MORTGAGE,130000.0,Source Verified,credit_card,TX,32.73,0.0,730.0,734.0,0.0,64.2,49.0,Individual,5,High Risk,Manual Review
120025028,20000.0, 36 months,25.82,E,E4,5 years,RENT,20000.0,Verified,debt_consolidation,CA,54.68,0.0,680.0,684.0,0.0,53.9,19.0,Joint App,5,High Risk,Manual Review
120159606,12000.0, 60 months,26.3,E,E5,10+ years,RENT,46000.0,Source Verified,debt_consolidation,CA,30.28,0.0,695.0,699.0,1.0,21.0,16.0,Individual,5,High Risk,Manual Review
120241568,25000.0, 60 months,23.88,E,E2,10+ years,RENT,97000.0,Not Verified,debt_consolidation,VA,31.47,0.0,660.0,664.0,0.0,60.3,32.0,Individual,5,High Risk,Manual Review
120198354,21000.0, 60 months,18.06,D,D2,3 years,MORTGAGE,200000.0,Source Verified,debt_consolidation,TX,32.88,3.0,665.0,669.0,0.0,86.2,20.0,Joint App,5,High Risk,Manual Review
120233368,25000.0, 60 months,24.85,E,E3,2 years,MORTGAGE,400000.0,Not Verified,debt_consolidation,FL,6.09,2.0,680.0,684.0,2.0,86.9,15.0,Individual,5,High Risk,Manual Review
120231888,20000.0, 60 months,25.82,E,E4,1 year,MORTGAGE,85000.0,Verified,debt_consolidation,TX,30.73,0.0,715.0,719.0,1.0,26.9,39.0,Individual,5,High Risk,Manual Review
120044211,35000.0, 60 months,25.82,E,E4,10+ years,MORTGAGE,95000.0,Verified,debt_consolidation,IN,31.88,0.0,695.0,699.0,0.0,70.0,19.0,Individual,5,High Risk,Manual Review
120214864,15000.0, 60 months,30.79,G,G1,10+ years,MORTGAGE,45000.0,Not Verified,other,CO,31.87,0.0,660.0,664.0,0.0,24.1,14.0,Individual,5,High Risk,Manual Review
120144446,35000.0, 60 months,30.75,F,F5,10+ years,OWN,140000.0,Source Verified,debt_consolidation,CA,31.11,0.0,700.0,704.0,0.0,77.5,33.0,Individual,5,High Risk,Manual Review
120062699,16000.0, 60 months,28.72,F,F1,< 1 year,RENT,40000.0,Verified,debt_consolidation,VA,46.27,0.0,665.0,669.0,0.0,71.8,45.0,Joint App,5,High Risk,Manual Review
120059234,12925.0, 60 months,30.79,G,G1,10+ years,RENT,78000.0,Verified,debt_consolidation,CA,32.82,0.0,665.0,669.0,3.0,52.0,23.0,Individual,5,High Risk,Manual Review
120112994,16000.0, 60 months,30.89,G,G3,,OWN,53000.0,Verified,debt_consolidation,IL,38.56,0.0,685.0,689.0,1.0,68.3,24.0,Individual,5,High Risk,Manual Review
120115614,20000.0, 60 months,25.82,E,E4,< 1 year,RENT,30000.0,Source Verified,debt_consolidation,CA,35.52,0.0,715.0,719.0,0.0,85.4,5.0,Joint App,6,High Risk,Manual Review
120137883,1800.0, 36 months,22.91,E,E1,2 years,RENT,45000.0,Source Verified,debt_consolidation,OK,30.37,3.0,700.0,704.0,1.0,37.4,32.0,Individual,6,High Risk,Manual Review
120010955,24000.0, 60 months,28.72,F,F1,,MORTGAGE,55000.0,Not Verified,debt_consolidation,AR,34.8,0.0,705.0,709.0,1.0,68.6,19.0,Individual,5,High Risk,Manual Review
118656394,15000.0, 60 months,25.82,E,E4,10+ years,MORTGAGE,45000.0,Source Verified,debt_consolidation,OH,31.77,1.0,660.0,664.0,0.0,61.9,25.0,Individual,6,High Risk,Manual Review
119427650,10000.0, 60 months,26.3,E,E5,10+ years,RENT,26000.0,Source Verified,debt_consolidation,MO,30.79,0.0,665.0,669.0,1.0,35.3,36.0,Individual,5,High Risk,Manual Review
120000217,17650.0, 60 months,30.65,F,F4,,RENT,41943.36,Verified,credit_card,NY,33.76,0.0,665.0,669.0,0.0,77.0,32.0,Individual,5,High Risk,Manual Review
119428073,16550.0, 60 months,30.94,G,G4,,RENT,36000.0,Verified,debt_consolidation,FL,35.73,0.0,715.0,719.0,0.0,37.2,17.0,Individual,5,High Risk,Manual Review
120126184,17000.0, 60 months,24.85,E,E3,3 years,RENT,70000.0,Not Verified,debt_consolidation,TX,33.55,0.0,700.0,704.0,1.0,52.8,38.0,Individual,5,High Risk,Manual Review
120217751,23400.0, 60 months,28.72,F,F1,2 years,RENT,52000.0,Not Verified,debt_consolidation,CA,32.43,0.0,685.0,689.0,0.0,49.0,19.0,Individual,5,High Risk,Manual Review
120193190,5850.0, 36 months,26.3,E,E5,< 1 year,MORTGAGE,34000.0,Verified,other,WI,34.73,0.0,710.0,714.0,0.0,51.1,32.0,Individual,5,High Risk,Manual Review
120193764,30000.0, 60 months,25.82,E,E4,10+ years,OWN,39395.0,Verified,credit_card,TX,45.7,0.0,690.0,694.0,3.0,45.8,31.0,Joint App,5,High Risk,Manual Review
118280737,20000.0, 60 months,30.94,G,G4,4 years,OWN,40000.0,Source Verified,credit_card,FL,38.44,0.0,695.0,699.0,0.0,69.3,22.0,Individual,5,High Risk,Manual Review
118322183,35000.0, 60 months,30.17,F,F3,< 1 year,MORTGAGE,25000.0,Verified,debt_consolidation,OK,57.71,0.0,695.0,699.0,1.0,40.2,22.0,Joint App,5,High Risk,Manual Review
120020667,16000.0, 60 months,30.99,G,G5,< 1 year,MORTGAGE,50000.0,Verified,debt_consolidation,FL,33.29,1.0,665.0,669.0,2.0,38.5,15.0,Joint App,6,High Risk,Manual Review
120068953,16000.0, 60 months,24.85,E,E3,5 years,RENT,46000.0,Source Verified,credit_card,CA,30.25,0.0,675.0,679.0,0.0,54.0,36.0,Individual,5,High Risk,Manual Review
120107632,12000.0, 60 months,30.89,G,G3,,MORTGAGE,85000.0,Verified,debt_consolidation,VA,32.45,0.0,705.0,709.0,0.0,53.3,35.0,Individual,5,High Risk,Manual Review
120206176,28575.0, 36 months,26.3,E,E5,5 years,MORTGAGE,80000.0,Not Verified,major_purchase,TX,35.03,0.0,715.0,719.0,0.0,40.0,33.0,Individual,5,High Risk,Manual Review
120180271,11000.0, 60 months,28.72,F,F1,< 1 year,MORTGAGE,40000.0,Not Verified,major_purchase,MA,34.82,0.0,660.0,664.0,0.0,61.4,21.0,Joint App,5,High Risk,Manual Review
120202796,20000.0, 60 months,25.82,E,E4,< 1 year,MORTGAGE,31200.0,Verified,credit_card,TX,69.27,0.0,700.0,704.0,0.0,93.6,15.0,Joint App,6,High Risk,Manual Review
119712329,1000.0, 36 months,24.85,E,E3,10+ years,OWN,60000.0,Source Verified,other,MD,37.88,0.0,680.0,684.0,1.0,39.5,35.0,Individual,5,High Risk,Manual Review
120151054,35000.0, 60 months,28.72,F,F1,< 1 year,RENT,40000.0,Source Verified,credit_card,NY,32.64,0.0,725.0,729.0,1.0,39.1,12.0,Joint App,5,High Risk,Manual Review
120121810,10000.0, 60 months,30.17,F,F3,8 years,OWN,25000.0,Source Verified,other,TN,38.95,0.0,780.0,784.0,0.0,8.6,24.0,Individual,5,High Risk,Manual Review
120025270,7000.0, 36 months,23.88,E,E2,10+ years,MORTGAGE,104000.0,Verified,medical,AL,35.52,0.0,770.0,774.0,0.0,21.9,69.0,Individual,5,High Risk,Manual Review
119428563,1925.0, 36 months,25.82,E,E4,7 years,RENT,16130.0,Verified,debt_consolidation,TX,31.32,0.0,680.0,684.0,1.0,99.0,8.0,Individual,6,High Risk,Manual Review
119831575,30800.0, 60 months,29.69,F,F2,2 years,RENT,67000.0,Source Verified,debt_consolidation,CA,32.69,0.0,670.0,674.0,1.0,66.2,68.0,Individual,5,High Risk,Manual Review
120213275,5000.0, 36 months,23.88,E,E2,2 years,OWN,55000.0,Source Verified,other,LA,25.14,1.0,665.0,669.0,0.0,90.5,20.0,Individual,5,High Risk,Manual Review
120195466,13000.0, 36 months,23.88,E,E2,10+ years,MORTGAGE,61000.0,Verified,debt_consolidation,AL,38.99,0.0,700.0,704.0,0.0,41.9,15.0,Individual,5,High Risk,Manual Review
119383673,11750.0, 60 months,26.3,E,E5,10+ years,OWN,28000.0,Verified,debt_consolidation,LA,35.41,0.0,720.0,724.0,0.0,21.5,9.0,Individual,5,High Risk,Manual Review
120061708,24000.0, 60 months,30.17,F,F3,4 years,RENT,35000.0,Source Verified,debt_consolidation,CT,42.08,0.0,720.0,724.0,0.0,30.9,23.0,Joint App,5,High Risk,Manual Review
120187792,16000.0, 36 months,24.85,E,E3,10+ years,MORTGAGE,60000.0,Verified,debt_consolidation,MN,35.54,0.0,660.0,664.0,0.0,75.4,43.0,Individual,5,High Risk,Manual Review
120153437,35000.0, 60 months,30.94,G,G4,10+ years,MORTGAGE,85000.0,Verified,debt_consolidation,IL,39.9,11.0,670.0,674.0,1.0,50.8,57.0,Individual,6,High Risk,Manual Review
120007516,18000.0, 60 months,30.84,G,G2,,MORTGAGE,45000.0,Not Verified,debt_consolidation,AL,30.11,1.0,670.0,674.0,1.0,66.1,28.0,Joint App,6,High Risk,Manual Review
119686580,19200.0, 60 months,25.82,E,E4,3 years,MORTGAGE,155000.0,Source Verified,debt_consolidation,TX,37.39,0.0,670.0,674.0,0.0,76.7,67.0,Individual,5,High Risk,Manual Review
120206291,15100.0, 36 months,15.05,C,C4,1 year,RENT,36000.0,Source Verified,credit_card,WA,34.3,2.0,670.0,674.0,0.0,93.3,16.0,Individual,5,High Risk,Manual Review
120070788,21600.0, 60 months,26.3,E,E5,,MORTGAGE,52000.0,Verified,debt_consolidation,MI,36.26,0.0,705.0,709.0,1.0,80.1,20.0,Individual,6,High Risk,Manual Review
119719421,20000.0, 60 months,26.3,E,E5,5 years,OWN,128500.0,Source Verified,debt_consolidation,AZ,30.55,0.0,665.0,669.0,1.0,45.2,72.0,Individual,5,High Risk,Manual Review
120157523,12000.0, 36 months,23.88,E,E2,< 1 year,OWN,32000.0,Source Verified,debt_consolidation,IL,39.23,0.0,660.0,664.0,1.0,42.8,12.0,Joint App,5,High Risk,Manual Review
118318488,15850.0, 60 months,29.69,F,F2,1 year,RENT,62500.0,Source Verified,debt_consolidation,CA,31.87,0.0,710.0,714.0,0.0,59.8,14.0,Individual,5,High Risk,Manual Review
120179651,20000.0, 60 months,30.17,F,F3,10+ years,MORTGAGE,60000.0,Verified,debt_consolidation,IL,26.42,1.0,665.0,669.0,2.0,101.3,23.0,Individual,5,High Risk,Manual Review
120185543,15250.0, 36 months,25.82,E,E4,< 1 year,MORTGAGE,110000.0,Source Verified,other,PA,33.2,0.0,685.0,689.0,0.0,70.7,27.0,Individual,5,High Risk,Manual Review
119700909,16000.0, 60 months,25.82,E,E4,2 years,RENT,63000.0,Verified,credit_card,NY,30.23,0.0,665.0,669.0,0.0,48.8,35.0,Individual,5,High Risk,Manual Review
120172983,27000.0, 60 months,26.3,E,E5,< 1 year,RENT,42000.0,Not Verified,debt_consolidation,FL,53.12,0.0,700.0,704.0,0.0,37.0,32.0,Joint App,5,High Risk,Manual Review
120136374,12000.0, 60 months,26.3,E,E5,< 1 year,MORTGAGE,86000.0,Not Verified,debt_consolidation,VT,47.7,0.0,675.0,679.0,1.0,94.7,17.0,Joint App,6,High Risk,Manual Review
120187069,16800.0, 60 months,30.75,F,F5,3 years,MORTGAGE,50000.0,Verified,debt_consolidation,MD,33.59,0.0,665.0,669.0,0.0,62.4,38.0,Individual,5,High Risk,Manual Review
119779120,10000.0, 60 months,28.72,F,F1,< 1 year,MORTGAGE,37440.0,Verified,debt_consolidation,UT,35.13,0.0,665.0,669.0,0.0,58.1,17.0,Individual,5,High Risk,Manual Review
119759916,7500.0, 36 months,22.91,E,E1,10+ years,RENT,56400.0,Source Verified,debt_consolidation,TN,35.72,1.0,690.0,694.0,2.0,34.1,63.0,Individual,6,High Risk,Manual Review
120177488,20000.0, 60 months,25.82,E,E4,10+ years,MORTGAGE,64000.0,Source Verified,debt_consolidation,OR,35.85,0.0,695.0,699.0,0.0,75.2,23.0,Joint App,5,High Risk,Manual Review
119341897,20000.0, 36 months,23.88,E,E2,6 years,RENT,33000.0,Source Verified,debt_consolidation,VA,31.2,0.0,670.0,674.0,0.0,47.5,10.0,Joint App,5,High Risk,Manual Review
120062043,20000.0, 60 months,30.79,G,G1,< 1 year,OWN,34560.0,Verified,other,CA,33.23,0.0,700.0,704.0,0.0,54.2,10.0,Joint App,5,High Risk,Manual Review
119369445,32000.0, 60 months,24.85,E,E3,< 1 year,MORTGAGE,39750.0,Not Verified,debt_consolidation,KY,19.35,1.0,665.0,669.0,1.0,97.0,13.0,Joint App,5,High Risk,Manual Review
120053749,32400.0, 60 months,30.94,G,G4,10+ years,MORTGAGE,37360.0,Source Verified,other,FL,35.18,0.0,670.0,674.0,0.0,53.8,14.0,Joint App,5,High Risk,Manual Review
120120417,8000.0, 36 months,22.91,E,E1,10+ years,OWN,110000.0,Verified,home_improvement,CA,30.33,0.0,735.0,739.0,1.0,29.0,23.0,Individual,5,High Risk,Manual Review
118278504,17650.0, 60 months,30.65,F,F4,4 years,RENT,42078.0,Verified,debt_consolidation,CA,33.6,0.0,660.0,664.0,0.0,95.7,10.0,Individual,6,High Risk,Manual Review
119223259,14075.0, 60 months,30.79,G,G1,,OWN,12000.0,Verified,debt_consolidation,SC,34.9,0.0,775.0,779.0,0.0,18.9,6.0,Joint App,5,High Risk,Manual Review
120156598,30000.0, 60 months,23.88,E,E2,< 1 year,MORTGAGE,45000.0,Not Verified,credit_card,OH,120.43,0.0,680.0,684.0,1.0,63.8,19.0,Joint App,5,High Risk,Manual Review
120178297,15475.0, 36 months,24.85,E,E3,2 years,MORTGAGE,68000.0,Not Verified,credit_card,WA,38.9,0.0,705.0,709.0,1.0,41.2,28.0,Individual,5,High Risk,Manual Review
120065616,9800.0, 36 months,22.91,E,E1,< 1 year,RENT,100000.0,Source Verified,debt_consolidation,AZ,22.2,1.0,660.0,664.0,1.0,85.6,15.0,Joint App,5,High Risk,Manual Review
120004548,40000.0, 60 months,30.79,G,G1,< 1 year,RENT,48000.0,Verified,debt_consolidation,HI,46.33,0.0,705.0,709.0,1.0,36.5,31.0,Joint App,5,High Risk,Manual Review
119749781,6500.0, 36 months,26.3,E,E5,,RENT,23256.0,Verified,debt_consolidation,AR,38.63,0.0,665.0,669.0,1.0,17.4,37.0,Individual,5,High Risk,Manual Review
119376264,35000.0, 60 months,28.72,F,F1,2 years,RENT,40000.0,Verified,debt_consolidation,TX,68.56,0.0,680.0,684.0,0.0,17.3,35.0,Joint App,5,High Risk,Manual Review
120071622,4500.0, 36 months,23.88,E,E2,,MORTGAGE,21900.0,Verified,credit_card,OH,34.84,0.0,665.0,669.0,2.0,42.1,25.0,Individual,5,High Risk,Manual Review
119985175,30225.0, 36 months,30.94,G,G4,< 1 year,OWN,72000.0,Verified,debt_consolidation,NY,14.68,2.0,660.0,664.0,0.0,93.4,18.0,Individual,5,High Risk,Manual Review
120103513,40000.0, 60 months,30.99,G,G5,< 1 year,RENT,48700.0,Verified,debt_consolidation,NJ,35.29,0.0,735.0,739.0,0.0,48.8,21.0,Joint App,5,High Risk,Manual Review
120157853,14000.0, 60 months,30.65,F,F4,< 1 year,OWN,25000.0,Source Verified,home_improvement,OH,66.06,0.0,665.0,669.0,2.0,27.2,18.0,Joint App,5,High Risk,Manual Review
120189937,32500.0, 36 months,30.75,F,F5,10+ years,RENT,65000.0,Source Verified,debt_consolidation,WI,31.28,0.0,685.0,689.0,1.0,49.9,9.0,Individual,5,High Risk,Manual Review
119427441,15000.0, 36 months,24.85,E,E3,3 years,RENT,84000.0,Not Verified,debt_consolidation,CA,33.61,0.0,680.0,684.0,1.0,79.4,35.0,Individual,5,High Risk,Manual Review
119417411,21600.0, 60 months,22.91,E,E1,10+ years,MORTGAGE,70000.0,Verified,credit_card,CA,32.92,0.0,680.0,684.0,2.0,50.0,31.0,Individual,5,High Risk,Manual Review
119250713,12500.0, 60 months,20.0,D,D4,< 1 year,MORTGAGE,24000.0,Source Verified,credit_card,CA,40.35,1.0,675.0,679.0,0.0,95.9,12.0,Joint App,5,High Risk,Manual Review
119426347,30000.0, 60 months,30.17,F,F3,7 years,MORTGAGE,92000.0,Verified,debt_consolidation,KY,31.76,0.0,660.0,664.0,0.0,48.7,48.0,Individual,5,High Risk,Manual Review
119688577,25375.0, 36 months,26.3,E,E5,10+ years,MORTGAGE,85000.0,Verified,debt_consolidation,AZ,31.88,0.0,700.0,704.0,0.0,69.7,29.0,Individual,5,High Risk,Manual Review
119371861,40000.0, 60 months,30.17,F,F3,10+ years,MORTGAGE,72000.0,Verified,debt_consolidation,AZ,44.17,0.0,710.0,714.0,1.0,10.1,24.0,Joint App,5,High Risk,Manual Review
118323941,13000.0, 60 months,30.99,G,G5,9 years,RENT,31000.0,Verified,debt_consolidation,WI,33.41,0.0,665.0,669.0,2.0,48.8,39.0,Individual,5,High Risk,Manual Review
120065850,30000.0, 60 months,26.3,E,E5,2 years,RENT,26500.0,Not Verified,debt_consolidation,FL,35.51,0.0,665.0,669.0,0.0,46.1,14.0,Joint App,5,High Risk,Manual Review
120111471,23800.0, 60 months,30.17,F,F3,2 years,RENT,53000.0,Not Verified,credit_card,FL,31.36,0.0,680.0,684.0,1.0,40.0,26.0,Individual,5,High Risk,Manual Review
119923874,12625.0, 36 months,25.82,E,E4,3 years,RENT,37200.0,Source Verified,debt_consolidation,HI,30.74,0.0,780.0,784.0,0.0,0.1,12.0,Individual,5,High Risk,Manual Review
120053861,30000.0, 60 months,26.3,E,E5,< 1 year,RENT,21368.86,Verified,debt_consolidation,VA,82.47,0.0,690.0,694.0,0.0,87.2,23.0,Joint App,6,High Risk,Manual Review
120141053,18000.0, 36 months,24.85,E,E3,10+ years,RENT,48000.0,Verified,debt_consolidation,HI,36.33,0.0,670.0,674.0,0.0,80.1,26.0,Individual,6,High Risk,Manual Review
119427063,15000.0, 60 months,30.65,F,F4,3 years,RENT,39528.0,Source Verified,debt_consolidation,CA,36.61,2.0,670.0,674.0,1.0,60.8,27.0,Individual,6,High Risk,Manual Review
120105845,10400.0, 60 months,30.75,F,F5,10+ years,RENT,40881.0,Source Verified,debt_consolidation,NE,36.05,0.0,675.0,679.0,0.0,49.3,24.0,Individual,5,High Risk,Manual Review
120176778,15000.0, 36 months,26.3,E,E5,10+ years,RENT,49400.0,Verified,debt_consolidation,MO,32.53,0.0,665.0,669.0,1.0,80.7,27.0,Individual,6,High Risk,Manual Review
119986084,35000.0, 60 months,25.82,E,E4,3 years,RENT,110000.0,Verified,moving,CO,30.17,0.0,740.0,744.0,0.0,93.8,10.0,Individual,6,High Risk,Manual Review
120153814,14000.0, 60 months,30.17,F,F3,2 years,RENT,43000.0,Not Verified,debt_consolidation,FL,37.71,0.0,660.0,664.0,2.0,8.1,18.0,Individual,5,High Risk,Manual Review
119418158,20000.0, 60 months,25.82,E,E4,8 years,OWN,70000.0,Not Verified,debt_consolidation,FL,20.76,2.0,680.0,684.0,0.0,92.4,21.0,Individual,5,High Risk,Manual Review
120039693,25000.0, 60 months,28.72,F,F1,4 years,OWN,115000.0,Verified,debt_consolidation,LA,33.59,0.0,670.0,674.0,0.0,88.8,20.0,Individual,6,High Risk,Manual Review
119323502,8050.0, 36 months,23.88,E,E2,10+ years,MORTGAGE,40000.0,Verified,home_improvement,CA,41.7,0.0,685.0,689.0,1.0,41.3,20.0,Joint App,5,High Risk,Manual Review
120119081,16000.0, 60 months,29.69,F,F2,< 1 year,RENT,37000.0,Verified,debt_consolidation,OH,58.59,0.0,680.0,684.0,0.0,42.6,38.0,Joint App,5,High Risk,Manual Review
120138399,5000.0, 36 months,26.3,E,E5,< 1 year,RENT,40000.0,Verified,other,NC,32.79,0.0,665.0,669.0,0.0,64.6,20.0,Individual,5,High Risk,Manual Review
120055526,5000.0, 36 months,24.85,E,E3,2 years,RENT,36000.0,Source Verified,house,CO,38.83,2.0,715.0,719.0,1.0,12.3,23.0,Individual,6,High Risk,Manual Review
120137270,16800.0, 60 months,26.3,E,E5,10+ years,RENT,84000.0,Source Verified,debt_consolidation,VA,29.59,1.0,660.0,664.0,1.0,92.7,26.0,Individual,5,High Risk,Manual Review
120106445,27000.0, 60 months,28.72,F,F1,10+ years,MORTGAGE,120000.0,Verified,debt_consolidation,MI,17.63,1.0,685.0,689.0,2.0,105.4,25.0,Individual,5,High Risk,Manual Review
120144458,15000.0, 60 months,30.79,G,G1,4 years,RENT,45000.0,Not Verified,debt_consolidation,FL,32.71,0.0,680.0,684.0,0.0,83.5,8.0,Individual,6,High Risk,Manual Review
120123045,28000.0, 60 months,30.99,G,G5,1 year,MORTGAGE,90000.0,Verified,debt_consolidation,IN,34.64,0.0,675.0,679.0,0.0,73.5,19.0,Individual,5,High Risk,Manual Review
120124925,3000.0, 36 months,23.88,E,E2,10+ years,OWN,75000.0,Source Verified,other,FL,37.53,2.0,700.0,704.0,1.0,31.4,25.0,Individual,6,High Risk,Manual Review
120108107,23300.0, 60 months,30.79,G,G1,10+ years,RENT,89489.79,Verified,debt_consolidation,CT,32.28,0.0,675.0,679.0,2.0,36.3,43.0,Individual,5,High Risk,Manual Review
120136203,20225.0, 60 months,30.79,G,G1,10+ years,OWN,49130.0,Verified,debt_consolidation,NC,32.36,0.0,700.0,704.0,0.0,76.0,15.0,Individual,5,High Risk,Manual Review
119985970,25000.0, 36 months,23.88,E,E2,7 years,RENT,56000.0,Verified,debt_consolidation,NM,34.62,1.0,660.0,664.0,2.0,94.6,14.0,Joint App,7,High Risk,Manual Review
119958615,30000.0, 60 months,24.85,E,E3,7 years,RENT,89000.0,Source Verified,debt_consolidation,AL,33.07,0.0,670.0,674.0,0.0,70.1,38.0,Joint App,5,High Risk,Manual Review
119957927,7000.0, 36 months,30.94,G,G4,< 1 year,MORTGAGE,36000.0,Source Verified,debt_consolidation,IL,10.63,1.0,670.0,674.0,0.0,87.4,18.0,Joint App,5,High Risk,Manual Review
120104912,10150.0, 60 months,30.94,G,G4,10+ years,MORTGAGE,51000.0,Source Verified,credit_card,IN,31.6,0.0,675.0,679.0,2.0,95.3,21.0,Individual,6,High Risk,Manual Review
120043027,12000.0, 60 months,25.82,E,E4,< 1 year,RENT,35000.0,Source Verified,debt_consolidation,AZ,37.25,0.0,660.0,664.0,0.0,50.6,9.0,Joint App,5,High Risk,Manual Review
120048484,10000.0, 36 months,23.88,E,E2,5 years,MORTGAGE,40000.0,Verified,debt_consolidation,FL,42.48,0.0,660.0,664.0,0.0,71.4,23.0,Joint App,5,High Risk,Manual Review
120108646,3775.0, 36 months,25.82,E,E4,4 years,RENT,45000.0,Not Verified,debt_consolidation,CT,36.05,0.0,670.0,674.0,0.0,64.8,26.0,Individual,5,High Risk,Manual Review
120090286,32000.0, 36 months,30.75,F,F5,5 years,RENT,141000.0,Source Verified,debt_consolidation,CA,33.8,0.0,705.0,709.0,1.0,56.7,37.0,Individual,5,High Risk,Manual Review
120005057,19800.0, 60 months,30.79,G,G1,6 years,MORTGAGE,55000.0,Verified,other,ND,37.86,0.0,760.0,764.0,3.0,17.0,29.0,Individual,5,High Risk,Manual Review
120049154,11200.0, 36 months,30.75,F,F5,10+ years,MORTGAGE,35000.0,Source Verified,debt_consolidation,FL,37.76,0.0,720.0,724.0,0.0,34.2,20.0,Individual,5,High Risk,Manual Review
119979380,30000.0, 36 months,23.88,E,E2,10+ years,OWN,560000.0,Verified,other,CA,11.87,1.0,665.0,669.0,1.0,90.7,19.0,Individual,5,High Risk,Manual Review
120042129,10000.0, 36 months,29.69,F,F2,1 year,MORTGAGE,30800.0,Source Verified,debt_consolidation,MD,35.65,1.0,675.0,679.0,1.0,32.0,27.0,Individual,6,High Risk,Manual Review
120019828,20000.0, 36 months,23.88,E,E2,< 1 year,RENT,160000.0,Not Verified,debt_consolidation,MI,21.25,1.0,665.0,669.0,2.0,91.9,22.0,Individual,5,High Risk,Manual Review
120071127,22675.0, 36 months,26.3,E,E5,2 years,MORTGAGE,17000.0,Verified,debt_consolidation,MA,124.36,0.0,680.0,684.0,0.0,51.5,29.0,Joint App,5,High Risk,Manual Review
119701802,35000.0, 36 months,24.85,E,E3,,MORTGAGE,30000.0,Source Verified,debt_consolidation,DE,42.64,1.0,675.0,679.0,0.0,43.6,39.0,Joint App,6,High Risk,Manual Review
119408434,8000.0, 36 months,22.91,E,E1,< 1 year,MORTGAGE,27000.0,Verified,home_improvement,VA,44.8,0.0,745.0,749.0,3.0,31.1,23.0,Joint App,5,High Risk,Manual Review
120006570,11550.0, 36 months,30.84,G,G2,2 years,RENT,90000.0,Source Verified,debt_consolidation,AL,17.14,3.0,665.0,669.0,0.0,86.3,26.0,Individual,5,High Risk,Manual Review
120001588,35000.0, 36 months,30.75,F,F5,5 years,MORTGAGE,75000.0,Verified,debt_consolidation,MN,39.52,0.0,710.0,714.0,0.0,71.7,20.0,Individual,5,High Risk,Manual Review
119335931,11650.0, 36 months,24.85,E,E3,3 years,RENT,50000.0,Not Verified,debt_consolidation,OK,27.1,1.0,660.0,664.0,1.0,85.0,14.0,Individual,5,High Risk,Manual Review
120008684,32000.0, 36 months,19.03,D,D3,< 1 year,MORTGAGE,105548.0,Source Verified,debt_consolidation,AR,36.58,1.0,690.0,694.0,2.0,85.6,40.0,Joint App,5,High Risk,Manual Review
119273621,18000.0, 36 months,22.91,E,E1,6 years,OWN,50000.0,Verified,debt_consolidation,IL,36.27,0.0,680.0,684.0,0.0,80.6,44.0,Individual,6,High Risk,Manual Review
119972585,10000.0, 36 months,25.82,E,E4,,OWN,20000.0,Not Verified,debt_consolidation,NC,30.01,3.0,660.0,664.0,0.0,11.1,18.0,Individual,6,High Risk,Manual Review
119690407,33500.0, 60 months,30.17,F,F3,7 years,RENT,67000.0,Source Verified,debt_consolidation,NY,32.42,0.0,725.0,729.0,1.0,45.2,33.0,Individual,5,High Risk,Manual Review
119701585,12600.0, 36 months,26.3,E,E5,< 1 year,OWN,35000.0,Not Verified,debt_consolidation,CT,31.89,0.0,750.0,754.0,0.0,70.0,18.0,Individual,5,High Risk,Manual Review
119412074,16000.0, 60 months,30.17,F,F3,10+ years,MORTGAGE,44000.0,Not Verified,credit_card,KY,32.11,0.0,700.0,704.0,0.0,59.3,27.0,Individual,5,High Risk,Manual Review
119426708,6100.0, 36 months,24.85,E,E3,1 year,RENT,19200.0,Verified,debt_consolidation,FL,37.31,0.0,700.0,704.0,0.0,90.3,5.0,Individual,6,High Risk,Manual Review
119695812,8400.0, 36 months,24.85,E,E3,10+ years,RENT,31000.0,Not Verified,credit_card,FL,34.49,0.0,660.0,664.0,1.0,87.8,39.0,Joint App,6,High Risk,Manual Review
119976761,35000.0, 36 months,30.75,F,F5,7 years,RENT,105000.0,Source Verified,debt_consolidation,MA,33.78,0.0,705.0,709.0,1.0,76.7,17.0,Individual,5,High Risk,Manual Review
119366223,11600.0, 36 months,23.88,E,E2,,RENT,32000.0,Not Verified,debt_consolidation,PA,31.25,0.0,665.0,669.0,0.0,69.6,18.0,Individual,5,High Risk,Manual Review
119991485,20250.0, 36 months,30.75,F,F5,1 year,OWN,55000.0,Source Verified,debt_consolidation,MA,31.9,0.0,715.0,719.0,3.0,45.8,25.0,Individual,5,High Risk,Manual Review
118058060,16325.0, 36 months,23.88,E,E2,4 years,RENT,43000.0,Source Verified,debt_consolidation,ND,37.71,0.0,720.0,724.0,0.0,65.2,35.0,Individual,5,High Risk,Manual Review
119344895,17950.0, 60 months,30.17,F,F3,10+ years,MORTGAGE,53758.0,Source Verified,debt_consolidation,IL,33.24,0.0,680.0,684.0,1.0,35.9,24.0,Individual,5,High Risk,Manual Review
119311699,21000.0, 60 months,30.94,G,G4,,MORTGAGE,90000.0,Verified,medical,GA,26.44,1.0,670.0,674.0,2.0,95.4,30.0,Individual,5,High Risk,Manual Review
95010241,6050.0, 36 months,22.74,E,E1,5 years,MORTGAGE,26000.0,Not Verified,debt_consolidation,GA,32.27,0.0,685.0,689.0,0.0,40.4,23.0,Individual,5,High Risk,Manual Review
95457508,19000.0, 60 months,25.49,E,E4,10+ years,MORTGAGE,50000.0,Verified,debt_consolidation,TX,29.81,2.0,670.0,674.0,0.0,84.2,53.0,Individual,5,High Risk,Manual Review
95081414,30000.0, 60 months,22.74,E,E1,7 years,MORTGAGE,200000.0,Verified,other,FL,23.15,2.0,660.0,664.0,1.0,93.6,29.0,Individual,5,High Risk,Manual Review
96074618,9275.0, 36 months,18.99,D,D3,4 years,MORTGAGE,38000.0,Verified,home_improvement,TX,34.37,4.0,665.0,669.0,1.0,91.6,23.0,Individual,5,High Risk,Manual Review
95375026,35000.0, 60 months,22.74,E,E1,10+ years,MORTGAGE,85000.0,Verified,debt_consolidation,AR,34.1,0.0,685.0,689.0,0.0,62.5,40.0,Joint App,5,High Risk,Manual Review
95342108,11200.0, 60 months,25.49,E,E4,< 1 year,MORTGAGE,105000.0,Source Verified,debt_consolidation,VA,15.62,1.0,665.0,669.0,1.0,91.8,12.0,Individual,5,High Risk,Manual Review
77429890,12000.0, 60 months,22.74,E,E1,7 years,MORTGAGE,71879.0,Source Verified,debt_consolidation,FL,30.46,0.0,690.0,694.0,0.0,52.3,46.0,Individual,5,High Risk,Manual Review
95715387,28000.0, 60 months,22.74,E,E1,10+ years,MORTGAGE,90000.0,Verified,debt_consolidation,AR,32.43,0.0,665.0,669.0,1.0,46.7,22.0,Individual,5,High Risk,Manual Review
95109068,12225.0, 60 months,25.49,E,E4,9 years,RENT,93000.0,Not Verified,debt_consolidation,NV,31.85,0.0,700.0,704.0,1.0,78.0,12.0,Individual,5,High Risk,Manual Review
95925830,20775.0, 60 months,28.69,F,F1,,RENT,46136.04,Verified,debt_consolidation,FL,32.26,0.0,680.0,684.0,0.0,84.4,19.0,Individual,6,High Risk,Manual Review
96186291,35000.0, 60 months,30.99,G,G5,10+ years,MORTGAGE,90000.0,Verified,debt_consolidation,OH,30.16,0.0,690.0,694.0,0.0,57.3,19.0,Individual,5,High Risk,Manual Review
96063821,8000.0, 36 months,22.74,E,E1,10+ years,RENT,90083.0,Source Verified,debt_consolidation,OH,30.56,0.0,680.0,684.0,2.0,58.3,41.0,Individual,5,High Risk,Manual Review
95374851,2950.0, 36 months,25.49,E,E4,,RENT,9840.0,Verified,other,NY,34.39,0.0,675.0,679.0,0.0,75.0,8.0,Individual,5,High Risk,Manual Review
95930845,12800.0, 60 months,22.74,E,E1,< 1 year,MORTGAGE,12000.0,Verified,credit_card,FL,145.55,0.0,665.0,669.0,3.0,44.3,21.0,Joint App,5,High Risk,Manual Review
95098478,14000.0, 60 months,22.74,E,E1,5 years,RENT,45000.0,Source Verified,major_purchase,LA,32.96,0.0,730.0,734.0,0.0,14.7,29.0,Individual,5,High Risk,Manual Review
95193039,8650.0, 36 months,22.74,E,E1,1 year,RENT,30000.0,Source Verified,debt_consolidation,TX,32.12,0.0,705.0,709.0,0.0,33.2,16.0,Individual,5,High Risk,Manual Review
95877061,22400.0, 36 months,23.99,E,E2,6 years,MORTGAGE,75000.0,Verified,debt_consolidation,TX,31.34,0.0,665.0,669.0,3.0,34.7,40.0,Individual,5,High Risk,Manual Review
95617386,12950.0, 36 months,23.99,E,E2,6 years,RENT,44000.0,Verified,debt_consolidation,NY,30.11,0.0,685.0,689.0,0.0,62.8,16.0,Individual,5,High Risk,Manual Review
95826721,24000.0, 36 months,23.99,E,E2,10+ years,MORTGAGE,65000.0,Not Verified,debt_consolidation,TX,30.45,0.0,670.0,674.0,1.0,70.5,50.0,Individual,5,High Risk,Manual Review
95192872,3000.0, 36 months,22.74,E,E1,10+ years,RENT,30000.0,Source Verified,credit_card,NY,31.88,0.0,660.0,664.0,0.0,22.8,25.0,Individual,5,High Risk,Manual Review
96153245,12400.0, 60 months,28.69,F,F1,5 years,MORTGAGE,31000.0,Verified,debt_consolidation,TX,32.52,0.0,670.0,674.0,0.0,57.9,14.0,Individual,5,High Risk,Manual Review
95696839,2000.0, 36 months,29.49,F,F2,10+ years,MORTGAGE,50000.0,Verified,debt_consolidation,CT,33.89,0.0,700.0,704.0,1.0,96.8,22.0,Individual,6,High Risk,Manual Review
96183544,10000.0, 36 months,22.74,E,E1,10+ years,MORTGAGE,180000.0,Not Verified,home_improvement,CA,32.14,0.0,660.0,664.0,0.0,88.5,34.0,Individual,6,High Risk,Manual Review
95933594,27100.0, 36 months,26.24,E,E5,10+ years,RENT,117500.0,Not Verified,debt_consolidation,NC,32.49,0.0,700.0,704.0,0.0,78.7,23.0,Individual,5,High Risk,Manual Review
96188136,7000.0, 36 months,23.99,E,E2,10+ years,MORTGAGE,94000.0,Source Verified,debt_consolidation,TX,33.71,0.0,690.0,694.0,1.0,52.1,57.0,Individual,5,High Risk,Manual Review
95929023,10500.0, 60 months,24.74,E,E3,8 years,MORTGAGE,40000.0,Source Verified,debt_consolidation,OR,33.9,0.0,670.0,674.0,0.0,62.4,17.0,Individual,5,High Risk,Manual Review
96186189,15400.0, 36 months,24.74,E,E3,,MORTGAGE,62000.0,Not Verified,credit_card,KY,33.92,0.0,720.0,724.0,1.0,41.8,33.0,Individual,5,High Risk,Manual Review
95746225,3300.0, 36 months,29.99,F,F3,,MORTGAGE,21000.0,Verified,other,MI,33.09,0.0,675.0,679.0,1.0,60.0,16.0,Individual,5,High Risk,Manual Review
95766146,10825.0, 60 months,23.99,E,E2,4 years,RENT,35000.0,Verified,credit_card,MN,31.48,0.0,690.0,694.0,0.0,87.0,9.0,Individual,6,High Risk,Manual Review
95033513,20000.0, 36 months,24.74,E,E3,2 years,RENT,52000.0,Verified,debt_consolidation,CA,32.22,0.0,685.0,689.0,0.0,77.6,27.0,Individual,5,High Risk,Manual Review
95675731,12800.0, 60 months,26.24,E,E5,< 1 year,OWN,66000.0,Verified,credit_card,FL,32.76,0.0,690.0,694.0,0.0,80.0,13.0,Individual,5,High Risk,Manual Review
95243354,4500.0, 36 months,22.74,E,E1,< 1 year,MORTGAGE,83104.0,Source Verified,home_improvement,IL,30.32,0.0,665.0,669.0,3.0,89.0,47.0,Individual,6,High Risk,Manual Review
95091494,15000.0, 36 months,30.99,G,G5,< 1 year,OWN,52000.0,Verified,credit_card,MD,33.9,0.0,660.0,664.0,0.0,83.7,22.0,Individual,6,High Risk,Manual Review
95785184,12000.0, 36 months,28.69,F,F1,1 year,OWN,40000.0,Source Verified,debt_consolidation,MA,31.08,0.0,665.0,669.0,1.0,52.3,18.0,Individual,5,High Risk,Manual Review
95231410,15000.0, 60 months,25.49,E,E4,< 1 year,RENT,65000.0,Source Verified,debt_consolidation,MA,10.58,1.0,670.0,674.0,0.0,88.2,12.0,Individual,5,High Risk,Manual Review
95705219,14000.0, 36 months,29.99,F,F3,9 years,RENT,40000.0,Verified,debt_consolidation,TX,30.83,0.0,670.0,674.0,0.0,40.8,20.0,Individual,5,High Risk,Manual Review
95587674,15825.0, 36 months,16.99,D,D1,10+ years,MORTGAGE,62000.0,Not Verified,credit_card,NJ,34.49,5.0,685.0,689.0,0.0,82.3,21.0,Individual,5,High Risk,Manual Review
95417326,24000.0, 60 months,28.69,F,F1,2 years,MORTGAGE,75000.0,Verified,debt_consolidation,TX,33.06,1.0,660.0,664.0,0.0,64.5,33.0,Individual,6,High Risk,Manual Review
95826503,15000.0, 36 months,22.74,E,E1,3 years,RENT,38160.0,Source Verified,debt_consolidation,IL,31.33,0.0,670.0,674.0,0.0,38.2,16.0,Individual,5,High Risk,Manual Review
95765741,6000.0, 36 months,24.74,E,E3,4 years,RENT,52000.0,Source Verified,debt_consolidation,OH,33.0,0.0,665.0,669.0,1.0,44.4,25.0,Individual,5,High Risk,Manual Review
95334107,3700.0, 36 months,22.74,E,E1,< 1 year,RENT,38000.0,Verified,other,NC,30.92,0.0,690.0,694.0,0.0,56.1,15.0,Individual,5,High Risk,Manual Review
95917217,27600.0, 60 months,28.69,F,F1,< 1 year,MORTGAGE,43000.0,Verified,debt_consolidation,IL,32.29,14.0,660.0,664.0,0.0,55.1,22.0,Joint App,6,High Risk,Manual Review
95397667,33000.0, 36 months,28.69,F,F1,10+ years,MORTGAGE,75000.0,Verified,debt_consolidation,UT,31.9,0.0,700.0,704.0,2.0,88.9,20.0,Individual,6,High Risk,Manual Review
92289391,15000.0, 36 months,23.99,E,E2,2 years,MORTGAGE,36000.0,Not Verified,debt_consolidation,IN,32.17,0.0,675.0,679.0,0.0,90.5,12.0,Individual,6,High Risk,Manual Review
94470408,8400.0, 36 months,24.74,E,E3,5 years,RENT,50000.0,Verified,debt_consolidation,NY,34.97,1.0,670.0,674.0,0.0,43.0,18.0,Individual,6,High Risk,Manual Review
95835493,30000.0, 60 months,26.24,E,E5,10+ years,MORTGAGE,150000.0,Verified,debt_consolidation,NJ,17.52,2.0,670.0,674.0,0.0,84.9,32.0,Individual,5,High Risk,Manual Review
95805542,7750.0, 36 months,26.24,E,E5,10+ years,MORTGAGE,37000.0,Verified,house,TX,34.12,1.0,660.0,664.0,4.0,74.0,36.0,Individual,6,High Risk,Manual Review
95745622,3600.0, 36 months,15.99,C,C5,3 years,RENT,58560.0,Verified,major_purchase,IL,30.04,1.0,670.0,674.0,0.0,83.9,22.0,Individual,5,High Risk,Manual Review
95347064,17000.0, 60 months,25.49,E,E4,2 years,RENT,40000.0,Verified,debt_consolidation,CA,39.15,0.0,685.0,689.0,0.0,54.2,12.0,Joint App,5,High Risk,Manual Review
95905578,35000.0, 60 months,30.74,F,F5,3 years,MORTGAGE,72000.0,Verified,debt_consolidation,IN,30.85,0.0,660.0,664.0,1.0,75.6,41.0,Individual,5,High Risk,Manual Review
95211362,16000.0, 36 months,30.74,F,F5,2 years,RENT,32000.0,Verified,house,CA,30.08,0.0,700.0,704.0,0.0,35.6,16.0,Individual,5,High Risk,Manual Review
94486807,30700.0, 60 months,22.74,E,E1,10+ years,OWN,120000.0,Source Verified,debt_consolidation,NM,30.72,0.0,720.0,724.0,0.0,36.2,43.0,Individual,5,High Risk,Manual Review
95072397,18000.0, 60 months,28.69,F,F1,10+ years,OWN,45000.0,Verified,medical,FL,32.45,0.0,670.0,674.0,0.0,60.2,30.0,Individual,5,High Risk,Manual Review
95336526,30000.0, 36 months,25.49,E,E4,5 years,MORTGAGE,70000.0,Verified,debt_consolidation,RI,34.51,1.0,670.0,674.0,1.0,64.9,25.0,Individual,6,High Risk,Manual Review
95183052,11275.0, 60 months,28.69,F,F1,5 years,MORTGAGE,50000.0,Verified,other,VA,34.76,0.0,660.0,664.0,0.0,66.6,16.0,Joint App,5,High Risk,Manual Review
95141218,10000.0, 36 months,17.99,D,D2,9 years,MORTGAGE,85000.0,Source Verified,debt_consolidation,TX,32.08,1.0,680.0,684.0,0.0,87.2,17.0,Individual,5,High Risk,Manual Review
95222424,15000.0, 60 months,29.99,F,F3,10+ years,MORTGAGE,115000.0,Verified,debt_consolidation,OH,30.84,0.0,680.0,684.0,1.0,45.8,54.0,Individual,5,High Risk,Manual Review
95457475,9125.0, 36 months,24.74,E,E3,2 years,RENT,35000.0,Verified,debt_consolidation,AZ,32.68,0.0,685.0,689.0,1.0,67.0,13.0,Individual,5,High Risk,Manual Review
94467325,21000.0, 60 months,22.74,E,E1,,RENT,47000.0,Verified,debt_consolidation,CA,31.38,1.0,665.0,669.0,3.0,50.0,27.0,Individual,6,High Risk,Manual Review
95628366,16000.0, 60 months,24.74,E,E3,10+ years,MORTGAGE,85000.0,Source Verified,credit_card,AL,30.14,4.0,665.0,669.0,0.0,91.3,37.0,Individual,7,High Risk,Manual Review
95587406,5000.0, 36 months,15.99,C,C5,10+ years,RENT,65000.0,Verified,vacation,NJ,30.59,1.0,665.0,669.0,0.0,99.3,23.0,Individual,5,High Risk,Manual Review
94666621,19925.0, 60 months,22.74,E,E1,10+ years,RENT,82000.0,Verified,debt_consolidation,CA,30.02,0.0,680.0,684.0,0.0,60.1,31.0,Individual,5,High Risk,Manual Review
95223280,13250.0, 60 months,22.74,E,E1,10+ years,MORTGAGE,116000.0,Source Verified,debt_consolidation,MA,32.61,0.0,695.0,699.0,0.0,77.3,26.0,Individual,5,High Risk,Manual Review
95865118,12125.0, 60 months,30.94,G,G4,3 years,RENT,48000.0,Verified,debt_consolidation,FL,30.4,0.0,685.0,689.0,1.0,68.3,22.0,Individual,5,High Risk,Manual Review
95103292,14400.0, 36 months,30.79,G,G1,2 years,OWN,45000.0,Verified,debt_consolidation,MA,31.92,0.0,665.0,669.0,2.0,96.2,9.0,Individual,6,High Risk,Manual Review
95360219,27600.0, 36 months,25.49,E,E4,,MORTGAGE,22000.0,Source Verified,debt_consolidation,ID,75.34,0.0,685.0,689.0,1.0,43.4,15.0,Joint App,5,High Risk,Manual Review
95375038,15000.0, 60 months,22.74,E,E1,< 1 year,MORTGAGE,96000.0,Verified,debt_consolidation,NC,32.43,0.0,740.0,744.0,1.0,20.0,52.0,Individual,5,High Risk,Manual Review
94646786,12750.0, 60 months,29.99,F,F3,7 years,OWN,52500.0,Source Verified,debt_consolidation,NY,33.37,0.0,670.0,674.0,0.0,43.0,40.0,Joint App,5,High Risk,Manual Review
94427018,33500.0, 60 months,30.89,G,G3,6 years,MORTGAGE,110000.0,Verified,debt_consolidation,NJ,32.68,0.0,705.0,709.0,0.0,70.1,26.0,Individual,5,High Risk,Manual Review
95111875,7700.0, 36 months,24.74,E,E3,,OWN,35424.0,Verified,major_purchase,NY,31.71,2.0,660.0,664.0,0.0,70.2,26.0,Individual,6,High Risk,Manual Review
95083058,12000.0, 60 months,24.74,E,E3,1 year,RENT,30000.0,Verified,credit_card,MN,34.04,0.0,660.0,664.0,0.0,71.2,17.0,Individual,5,High Risk,Manual Review
95068160,28200.0, 36 months,25.49,E,E4,10+ years,MORTGAGE,70000.0,Verified,debt_consolidation,GA,30.64,0.0,675.0,679.0,0.0,72.8,20.0,Individual,5,High Risk,Manual Review
95083295,1000.0, 36 months,23.99,E,E2,2 years,MORTGAGE,52000.0,Verified,other,MD,33.03,1.0,670.0,674.0,0.0,67.5,25.0,Joint App,6,High Risk,Manual Review
95111884,18225.0, 60 months,26.24,E,E5,10+ years,MORTGAGE,53000.0,Verified,debt_consolidation,CT,33.31,0.0,660.0,664.0,0.0,84.9,28.0,Individual,6,High Risk,Manual Review
95355525,30000.0, 60 months,30.94,G,G4,< 1 year,RENT,75000.0,Verified,debt_consolidation,FL,30.93,1.0,685.0,689.0,0.0,75.1,18.0,Individual,6,High Risk,Manual Review
95192978,16350.0, 36 months,29.49,F,F2,10+ years,RENT,38979.0,Verified,debt_consolidation,FL,31.98,0.0,685.0,689.0,0.0,56.1,26.0,Individual,5,High Risk,Manual Review
95022619,10000.0, 60 months,29.49,F,F2,2 years,OWN,70000.0,Verified,other,LA,30.69,0.0,660.0,664.0,0.0,75.2,16.0,Individual,5,High Risk,Manual Review
95253412,15600.0, 60 months,25.49,E,E4,3 years,OWN,40000.0,Source Verified,debt_consolidation,TX,34.89,0.0,705.0,709.0,2.0,66.6,5.0,Individual,5,High Risk,Manual Review
95617332,15450.0, 60 months,24.74,E,E3,2 years,MORTGAGE,65000.0,Not Verified,debt_consolidation,KS,33.22,0.0,725.0,729.0,1.0,61.1,46.0,Individual,5,High Risk,Manual Review
94293991,5000.0, 36 months,23.99,E,E2,3 years,OWN,31200.0,Verified,debt_consolidation,AK,30.62,0.0,675.0,679.0,1.0,24.5,10.0,Individual,5,High Risk,Manual Review
94577032,35000.0, 60 months,22.74,E,E1,3 years,RENT,77000.0,Source Verified,debt_consolidation,OH,34.33,0.0,710.0,714.0,0.0,64.4,24.0,Individual,5,High Risk,Manual Review
95062403,15125.0, 36 months,26.24,E,E5,4 years,RENT,65000.0,Source Verified,credit_card,CA,34.93,0.0,725.0,729.0,0.0,99.8,16.0,Individual,6,High Risk,Manual Review
95179568,9000.0, 36 months,28.69,F,F1,,OWN,29232.0,Verified,debt_consolidation,AZ,31.44,0.0,675.0,679.0,0.0,43.8,10.0,Individual,5,High Risk,Manual Review
95567304,15000.0, 60 months,22.74,E,E1,6 years,OWN,62000.0,Verified,debt_consolidation,FL,30.62,0.0,690.0,694.0,1.0,36.5,34.0,Individual,5,High Risk,Manual Review
95020212,26600.0, 60 months,25.49,E,E4,4 years,OWN,75000.0,Verified,credit_card,MD,31.41,0.0,670.0,674.0,1.0,37.5,55.0,Individual,5,High Risk,Manual Review
94468930,21000.0, 60 months,30.79,G,G1,10+ years,RENT,60000.0,Source Verified,credit_card,CA,32.54,0.0,685.0,689.0,2.0,81.7,18.0,Individual,6,High Risk,Manual Review
95357916,15200.0, 60 months,30.74,F,F5,1 year,MORTGAGE,40000.0,Source Verified,debt_consolidation,FL,31.98,0.0,675.0,679.0,0.0,68.8,11.0,Individual,5,High Risk,Manual Review
95152540,12500.0, 60 months,28.69,F,F1,3 years,MORTGAGE,110000.0,Verified,home_improvement,WA,32.19,1.0,660.0,664.0,0.0,77.5,39.0,Individual,6,High Risk,Manual Review
95323563,28800.0, 60 months,22.74,E,E1,3 years,MORTGAGE,50000.0,Verified,debt_consolidation,IL,45.26,2.0,660.0,664.0,2.0,68.4,22.0,Joint App,6,High Risk,Manual Review
94468087,12000.0, 60 months,24.74,E,E3,,MORTGAGE,33782.28,Verified,debt_consolidation,TX,33.61,1.0,660.0,664.0,1.0,59.6,17.0,Individual,6,High Risk,Manual Review
94469667,10000.0, 60 months,30.84,G,G2,9 years,OWN,45000.0,Verified,debt_consolidation,MI,31.2,0.0,665.0,669.0,0.0,67.4,19.0,Individual,5,High Risk,Manual Review
95212122,12000.0, 60 months,29.99,F,F3,10+ years,OWN,40001.0,Source Verified,debt_consolidation,WA,32.91,0.0,665.0,669.0,1.0,68.7,19.0,Individual,5,High Risk,Manual Review
95207751,3900.0, 36 months,15.99,C,C5,< 1 year,MORTGAGE,120015.0,Source Verified,credit_card,CO,30.04,3.0,690.0,694.0,0.0,96.9,30.0,Individual,5,High Risk,Manual Review
95151436,20350.0, 36 months,30.49,F,F4,1 year,MORTGAGE,80000.0,Verified,debt_consolidation,TN,32.18,0.0,670.0,674.0,2.0,92.3,55.0,Individual,6,High Risk,Manual Review
94470138,8625.0, 36 months,24.74,E,E3,10+ years,RENT,40000.0,Not Verified,debt_consolidation,MT,20.25,1.0,660.0,664.0,0.0,86.0,17.0,Individual,5,High Risk,Manual Review
93930151,11200.0, 60 months,30.99,G,G5,5 years,MORTGAGE,50000.0,Not Verified,debt_consolidation,NM,30.6,1.0,665.0,669.0,0.0,90.4,22.0,Individual,7,High Risk,Manual Review
95290498,23375.0, 60 months,25.49,E,E4,7 years,OWN,60000.0,Verified,debt_consolidation,MO,40.34,0.0,700.0,704.0,0.0,36.9,27.0,Joint App,5,High Risk,Manual Review
95102177,24525.0, 60 months,30.49,F,F4,10+ years,RENT,73000.0,Source Verified,debt_consolidation,MA,26.48,1.0,670.0,674.0,0.0,88.3,19.0,Individual,5,High Risk,Manual Review
95267115,13300.0, 60 months,22.74,E,E1,4 years,MORTGAGE,43000.0,Source Verified,debt_consolidation,NC,31.43,0.0,675.0,679.0,0.0,62.9,27.0,Individual,5,High Risk,Manual Review
95317701,16000.0, 60 months,22.74,E,E1,10+ years,RENT,58000.0,Verified,debt_consolidation,MA,30.86,0.0,665.0,669.0,0.0,91.2,16.0,Individual,6,High Risk,Manual Review
95019458,23000.0, 60 months,30.49,F,F4,6 years,MORTGAGE,110000.0,Verified,debt_consolidation,LA,34.54,0.0,705.0,709.0,0.0,70.5,50.0,Individual,5,High Risk,Manual Review
94469838,21150.0, 60 months,30.49,F,F4,10+ years,OWN,50400.0,Verified,debt_consolidation,AZ,32.18,0.0,665.0,669.0,1.0,67.1,14.0,Individual,5,High Risk,Manual Review
95052635,7000.0, 36 months,16.99,D,D1,10+ years,RENT,45000.0,Verified,debt_consolidation,MN,32.1,1.0,660.0,664.0,0.0,82.5,16.0,Individual,5,High Risk,Manual Review
95190147,6350.0, 36 months,24.74,E,E3,,OWN,12720.0,Verified,debt_consolidation,FL,31.13,0.0,690.0,694.0,1.0,55.8,12.0,Individual,5,High Risk,Manual Review
95354508,12750.0, 36 months,30.74,F,F5,7 years,RENT,37994.4,Verified,other,NC,32.31,2.0,660.0,664.0,0.0,84.5,30.0,Individual,7,High Risk,Manual Review
95368426,20000.0, 60 months,28.69,F,F1,1 year,RENT,60000.0,Verified,debt_consolidation,WA,31.62,0.0,670.0,674.0,1.0,90.4,22.0,Individual,6,High Risk,Manual Review
94479831,12000.0, 60 months,30.99,G,G5,10+ years,RENT,70000.0,Source Verified,debt_consolidation,CA,32.92,1.0,675.0,679.0,0.0,43.3,23.0,Individual,6,High Risk,Manual Review
95200511,30000.0, 36 months,28.69,F,F1,10+ years,MORTGAGE,100000.0,Verified,debt_consolidation,TX,34.55,0.0,680.0,684.0,0.0,71.8,47.0,Individual,5,High Risk,Manual Review
94626570,12000.0, 60 months,22.74,E,E1,1 year,OWN,30000.0,Verified,home_improvement,MS,32.76,0.0,675.0,679.0,0.0,61.6,32.0,Individual,5,High Risk,Manual Review
94146259,21425.0, 60 months,24.74,E,E3,6 years,RENT,80000.0,Source Verified,small_business,CA,30.63,0.0,730.0,734.0,0.0,7.7,31.0,Individual,5,High Risk,Manual Review
95202034,29550.0, 60 months,22.74,E,E1,,RENT,10000.0,Verified,debt_consolidation,TN,75.15,1.0,685.0,689.0,0.0,62.8,10.0,Joint App,6,High Risk,Manual Review
94469551,12000.0, 60 months,30.89,G,G3,2 years,RENT,30000.0,Verified,debt_consolidation,NY,32.04,0.0,670.0,674.0,0.0,54.0,22.0,Individual,5,High Risk,Manual Review
95241322,12000.0, 60 months,25.49,E,E4,10+ years,MORTGAGE,73000.0,Verified,debt_consolidation,GA,31.79,0.0,660.0,664.0,2.0,101.0,23.0,Individual,6,High Risk,Manual Review
95040786,17600.0, 36 months,24.74,E,E3,3 years,RENT,40000.0,Verified,debt_consolidation,AZ,31.97,0.0,680.0,684.0,0.0,50.2,21.0,Individual,5,High Risk,Manual Review
95090153,30000.0, 36 months,19.99,D,D4,9 years,MORTGAGE,102000.0,Source Verified,debt_consolidation,NC,30.19,1.0,670.0,674.0,1.0,95.5,27.0,Individual,5,High Risk,Manual Review
95180910,19750.0, 36 months,30.49,F,F4,3 years,RENT,52000.0,Verified,debt_consolidation,FL,33.12,0.0,660.0,664.0,0.0,62.0,27.0,Individual,5,High Risk,Manual Review
95223133,12000.0, 60 months,24.74,E,E3,2 years,RENT,52000.0,Not Verified,credit_card,NY,30.21,3.0,685.0,689.0,0.0,99.7,28.0,Individual,7,High Risk,Manual Review
95249871,17600.0, 60 months,24.74,E,E3,4 years,RENT,40000.0,Not Verified,debt_consolidation,WA,31.38,0.0,670.0,674.0,0.0,75.0,14.0,Individual,5,High Risk,Manual Review
94062644,4000.0, 36 months,29.99,F,F3,7 years,MORTGAGE,28800.0,Verified,debt_consolidation,AL,33.96,0.0,675.0,679.0,2.0,44.9,36.0,Individual,5,High Risk,Manual Review
94468912,10000.0, 60 months,29.49,F,F2,,RENT,32000.0,Verified,credit_card,ID,30.57,0.0,675.0,679.0,1.0,82.8,17.0,Individual,6,High Risk,Manual Review
95322346,22000.0, 60 months,30.74,F,F5,3 years,OWN,54000.0,Verified,debt_consolidation,IN,34.14,0.0,660.0,664.0,1.0,33.2,53.0,Individual,5,High Risk,Manual Review
95110761,18375.0, 60 months,30.49,F,F4,10+ years,MORTGAGE,65000.0,Verified,debt_consolidation,OH,33.75,0.0,665.0,669.0,3.0,90.0,27.0,Individual,6,High Risk,Manual Review
95161790,16000.0, 60 months,28.69,F,F1,1 year,MORTGAGE,70000.0,Verified,moving,NC,15.67,3.0,665.0,669.0,1.0,85.3,33.0,Individual,5,High Risk,Manual Review
95138530,35000.0, 60 months,24.74,E,E3,4 years,RENT,103000.0,Verified,credit_card,MA,32.19,4.0,670.0,674.0,0.0,85.1,24.0,Individual,7,High Risk,Manual Review
95031200,4300.0, 36 months,29.49,F,F2,10+ years,MORTGAGE,37000.0,Verified,debt_consolidation,MN,33.86,0.0,700.0,704.0,2.0,39.0,20.0,Individual,5,High Risk,Manual Review
95100306,14350.0, 60 months,30.99,G,G5,3 years,MORTGAGE,52000.0,Source Verified,debt_consolidation,TX,30.5,0.0,710.0,714.0,3.0,25.2,23.0,Individual,5,High Risk,Manual Review
94981256,12000.0, 60 months,22.74,E,E1,4 years,MORTGAGE,65000.0,Source Verified,credit_card,OH,31.61,0.0,660.0,664.0,0.0,70.1,32.0,Individual,5,High Risk,Manual Review
94163332,15000.0, 60 months,22.74,E,E1,6 years,RENT,86400.0,Verified,debt_consolidation,OH,32.08,1.0,670.0,674.0,0.0,60.7,30.0,Individual,6,High Risk,Manual Review
95191181,32000.0, 36 months,24.74,E,E3,4 years,MORTGAGE,88000.0,Verified,debt_consolidation,FL,30.82,0.0,665.0,669.0,2.0,40.2,35.0,Individual,5,High Risk,Manual Review
95098830,20000.0, 60 months,24.74,E,E3,5 years,MORTGAGE,57000.0,Verified,debt_consolidation,IN,28.55,1.0,670.0,674.0,2.0,91.8,18.0,Joint App,5,High Risk,Manual Review
95009763,35000.0, 60 months,22.74,E,E1,5 years,MORTGAGE,108000.0,Source Verified,debt_consolidation,WA,32.76,0.0,670.0,674.0,0.0,54.8,42.0,Individual,5,High Risk,Manual Review
93483840,12600.0, 60 months,29.49,F,F2,3 years,MORTGAGE,45000.0,Verified,debt_consolidation,VA,20.64,2.0,660.0,664.0,0.0,81.1,23.0,Individual,5,High Risk,Manual Review
95082103,23700.0, 36 months,30.94,G,G4,6 years,MORTGAGE,54000.0,Verified,debt_consolidation,KS,31.31,0.0,675.0,679.0,0.0,100.3,16.0,Individual,6,High Risk,Manual Review
95180863,16000.0, 60 months,24.74,E,E3,6 years,OWN,150000.0,Verified,debt_consolidation,MI,32.99,0.0,680.0,684.0,2.0,81.6,34.0,Individual,6,High Risk,Manual Review
10077578,24000.0, 60 months,22.74,E,E1,3 years,MORTGAGE,85999.0,Verified,debt_consolidation,IL,33.97,0.0,765.0,769.0,0.0,30.0,27.0,Individual,5,High Risk,Manual Review
95061504,6025.0, 36 months,25.49,E,E4,9 years,MORTGAGE,35000.0,Verified,debt_consolidation,MA,27.67,1.0,660.0,664.0,0.0,84.0,16.0,Individual,5,High Risk,Manual Review
94476278,26500.0, 60 months,28.69,F,F1,3 years,RENT,68000.0,Verified,debt_consolidation,NJ,32.58,0.0,700.0,704.0,0.0,94.9,25.0,Individual,6,High Risk,Manual Review
95332719,17000.0, 36 months,16.99,D,D1,3 years,MORTGAGE,35000.0,Verified,credit_card,MT,48.22,2.0,670.0,674.0,1.0,90.1,35.0,Joint App,5,High Risk,Manual Review
95230349,8000.0, 36 months,29.99,F,F3,7 years,RENT,34000.0,Verified,moving,TX,31.49,0.0,710.0,714.0,0.0,76.0,10.0,Individual,5,High Risk,Manual Review
94415913,6475.0, 36 months,29.49,F,F2,9 years,RENT,30000.0,Source Verified,debt_consolidation,NY,34.48,0.0,695.0,699.0,1.0,44.0,23.0,Individual,5,High Risk,Manual Review
95100617,2000.0, 36 months,22.74,E,E1,3 years,RENT,18000.0,Verified,medical,FL,32.0,0.0,680.0,684.0,0.0,43.7,9.0,Individual,5,High Risk,Manual Review
94479217,17100.0, 60 months,24.74,E,E3,1 year,RENT,38000.0,Verified,debt_consolidation,VA,31.74,0.0,675.0,679.0,2.0,51.0,23.0,Individual,5,High Risk,Manual Review
95120951,10000.0, 36 months,22.74,E,E1,10+ years,RENT,50000.0,Verified,debt_consolidation,NJ,32.93,1.0,675.0,679.0,4.0,40.4,20.0,Individual,6,High Risk,Manual Review
94467393,9275.0, 36 months,24.74,E,E3,,RENT,29364.0,Verified,debt_consolidation,TX,34.49,0.0,675.0,679.0,0.0,36.8,33.0,Individual,5,High Risk,Manual Review
95151145,12800.0, 36 months,22.74,E,E1,,RENT,32000.0,Verified,medical,TX,32.97,2.0,670.0,674.0,0.0,46.2,29.0,Individual,6,High Risk,Manual Review
95318083,10750.0, 36 months,23.99,E,E2,,MORTGAGE,45000.0,Verified,other,TX,33.73,0.0,710.0,714.0,1.0,72.6,8.0,Individual,5,High Risk,Manual Review
95190477,14400.0, 60 months,22.74,E,E1,3 years,MORTGAGE,45499.0,Source Verified,debt_consolidation,NM,31.52,0.0,670.0,674.0,0.0,75.7,17.0,Individual,5,High Risk,Manual Review
95012242,24475.0, 60 months,25.49,E,E4,10+ years,MORTGAGE,68000.0,Not Verified,credit_card,IL,31.03,0.0,695.0,699.0,0.0,46.0,52.0,Individual,5,High Risk,Manual Review
95190836,4800.0, 36 months,15.99,C,C5,,MORTGAGE,66000.0,Verified,debt_consolidation,CT,34.87,1.0,675.0,679.0,0.0,92.6,19.0,Individual,5,High Risk,Manual Review
95359128,12450.0, 36 months,28.69,F,F1,,MORTGAGE,34600.0,Not Verified,debt_consolidation,LA,34.42,0.0,725.0,729.0,0.0,52.6,30.0,Individual,5,High Risk,Manual Review
95148183,15000.0, 60 months,26.24,E,E5,10+ years,MORTGAGE,77921.0,Verified,credit_card,MI,31.17,0.0,695.0,699.0,1.0,49.0,38.0,Individual,5,High Risk,Manual Review
94477788,5300.0, 36 months,22.74,E,E1,,RENT,15600.0,Verified,debt_consolidation,FL,30.69,1.0,695.0,699.0,1.0,25.5,18.0,Individual,6,High Risk,Manual Review
95160003,34275.0, 60 months,22.74,E,E1,5 years,RENT,153635.0,Verified,debt_consolidation,MD,34.92,0.0,685.0,689.0,1.0,84.0,26.0,Individual,6,High Risk,Manual Review
95179597,10425.0, 36 months,23.99,E,E2,10+ years,OWN,29100.0,Verified,other,AZ,30.22,0.0,665.0,669.0,0.0,58.7,21.0,Individual,5,High Risk,Manual Review
95052396,27375.0, 60 months,30.79,G,G1,10+ years,MORTGAGE,105000.0,Not Verified,debt_consolidation,NY,23.25,1.0,680.0,684.0,2.0,93.3,25.0,Individual,5,High Risk,Manual Review
95066279,25025.0, 60 months,22.74,E,E1,10+ years,MORTGAGE,59029.0,Verified,credit_card,TX,32.81,0.0,700.0,704.0,0.0,57.7,31.0,Individual,5,High Risk,Manual Review
95179075,27350.0, 60 months,30.89,G,G3,8 years,MORTGAGE,43000.0,Verified,small_business,IL,46.75,0.0,670.0,674.0,2.0,64.8,14.0,Joint App,5,High Risk,Manual Review
94479598,15000.0, 60 months,29.99,F,F3,5 years,RENT,40000.0,Source Verified,credit_card,NE,30.99,2.0,680.0,684.0,2.0,53.1,22.0,Individual,6,High Risk,Manual Review
95196598,16000.0, 60 months,29.99,F,F3,10+ years,RENT,51000.0,Source Verified,debt_consolidation,NY,30.99,0.0,705.0,709.0,0.0,77.3,18.0,Individual,5,High Risk,Manual Review
95220208,21025.0, 36 months,30.79,G,G1,10+ years,MORTGAGE,82000.0,Source Verified,debt_consolidation,NM,30.31,0.0,670.0,674.0,1.0,88.6,45.0,Individual,6,High Risk,Manual Review
95077799,30000.0, 60 months,24.74,E,E3,10+ years,MORTGAGE,70000.0,Source Verified,debt_consolidation,MN,15.72,1.0,675.0,679.0,0.0,84.1,16.0,Individual,5,High Risk,Manual Review
95330547,36000.0, 60 months,26.24,E,E5,< 1 year,MORTGAGE,36400.0,Not Verified,debt_consolidation,NM,53.64,0.0,695.0,699.0,0.0,78.9,21.0,Joint App,5,High Risk,Manual Review
95327927,15000.0, 60 months,24.74,E,E3,10+ years,MORTGAGE,79990.0,Verified,debt_consolidation,OH,34.81,1.0,675.0,679.0,0.0,69.6,37.0,Individual,6,High Risk,Manual Review
95018777,15000.0, 60 months,25.49,E,E4,5 years,MORTGAGE,65000.0,Verified,debt_consolidation,VA,30.59,1.0,665.0,669.0,1.0,60.2,20.0,Individual,6,High Risk,Manual Review
95187781,16000.0, 60 months,30.74,F,F5,2 years,RENT,55000.0,Source Verified,debt_consolidation,CA,34.1,0.0,675.0,679.0,0.0,17.3,11.0,Joint App,5,High Risk,Manual Review
95210000,12500.0, 36 months,25.49,E,E4,6 years,MORTGAGE,32000.0,Not Verified,debt_consolidation,IL,30.95,0.0,760.0,764.0,1.0,4.3,22.0,Individual,5,High Risk,Manual Review
95239988,30000.0, 60 months,26.24,E,E5,10+ years,MORTGAGE,70000.0,Source Verified,credit_card,IL,30.09,0.0,705.0,709.0,0.0,72.3,28.0,Individual,5,High Risk,Manual Review
95330328,22850.0, 60 months,30.74,F,F5,5 years,RENT,68000.0,Source Verified,debt_consolidation,PA,26.37,1.0,680.0,684.0,1.0,81.3,19.0,Individual,5,High Risk,Manual Review
95325420,20000.0, 60 months,24.74,E,E3,4 years,RENT,54000.0,Not Verified,debt_consolidation,NY,30.49,0.0,710.0,714.0,0.0,76.6,20.0,Individual,5,High Risk,Manual Review
95198394,7125.0, 36 months,29.49,F,F2,,MORTGAGE,21000.0,Verified,debt_consolidation,FL,33.71,0.0,665.0,669.0,0.0,57.4,31.0,Individual,5,High Risk,Manual Review
95292888,12600.0, 36 months,24.74,E,E3,8 years,RENT,30000.0,Verified,other,MI,30.68,0.0,675.0,679.0,3.0,47.6,19.0,Individual,5,High Risk,Manual Review
95107295,12000.0, 60 months,26.24,E,E5,9 years,MORTGAGE,63000.0,Verified,debt_consolidation,TX,33.09,0.0,670.0,674.0,0.0,74.1,22.0,Individual,5,High Risk,Manual Review
94449753,12250.0, 36 months,22.74,E,E1,10+ years,MORTGAGE,68677.0,Verified,home_improvement,FL,33.41,0.0,665.0,669.0,2.0,82.2,27.0,Individual,6,High Risk,Manual Review
94479974,19775.0, 60 months,24.74,E,E3,10+ years,MORTGAGE,64000.0,Source Verified,credit_card,MD,30.96,0.0,700.0,704.0,0.0,84.5,28.0,Individual,6,High Risk,Manual Review
95346885,10000.0, 60 months,25.49,E,E4,10+ years,MORTGAGE,55000.0,Verified,debt_consolidation,PA,30.47,0.0,665.0,669.0,1.0,83.5,41.0,Individual,6,High Risk,Manual Review
94476845,35000.0, 60 months,22.74,E,E1,10+ years,MORTGAGE,85600.0,Verified,debt_consolidation,TX,31.5,0.0,660.0,664.0,0.0,85.8,34.0,Individual,6,High Risk,Manual Review
95316718,27825.0, 60 months,26.24,E,E5,8 years,RENT,58000.0,Source Verified,credit_card,VA,32.65,0.0,700.0,704.0,1.0,85.4,29.0,Individual,6,High Risk,Manual Review
94478696,24000.0, 60 months,26.24,E,E5,2 years,OWN,65000.0,Source Verified,major_purchase,IL,32.31,1.0,660.0,664.0,3.0,38.4,40.0,Individual,6,High Risk,Manual Review
94821452,24000.0, 60 months,25.49,E,E4,2 years,MORTGAGE,125000.0,Not Verified,debt_consolidation,MA,17.62,2.0,670.0,674.0,3.0,84.9,41.0,Individual,5,High Risk,Manual Review
95004768,10800.0, 60 months,28.69,F,F1,3 years,RENT,32500.0,Verified,debt_consolidation,MO,34.38,0.0,700.0,704.0,0.0,33.1,16.0,Individual,5,High Risk,Manual Review
95191442,24150.0, 60 months,29.99,F,F3,10+ years,MORTGAGE,85000.0,Source Verified,debt_consolidation,TX,21.81,1.0,690.0,694.0,1.0,92.0,12.0,Individual,5,High Risk,Manual Review
95101682,15000.0, 60 months,24.74,E,E3,5 years,RENT,47000.0,Source Verified,debt_consolidation,MA,23.39,1.0,660.0,664.0,0.0,91.9,11.0,Individual,5,High Risk,Manual Review
95091427,11500.0, 60 months,26.24,E,E5,2 years,RENT,32760.0,Not Verified,debt_consolidation,IN,33.43,0.0,720.0,724.0,1.0,23.6,21.0,Individual,5,High Risk,Manual Review
95006308,23450.0, 36 months,30.79,G,G1,2 years,RENT,60900.0,Verified,credit_card,MA,34.66,0.0,660.0,664.0,2.0,68.6,23.0,Individual,5,High Risk,Manual Review
95009050,13000.0, 36 months,22.74,E,E1,4 years,MORTGAGE,54000.0,Not Verified,credit_card,FL,32.29,0.0,705.0,709.0,4.0,27.0,42.0,Individual,5,High Risk,Manual Review
95209571,30000.0, 60 months,30.99,G,G5,10+ years,RENT,154992.0,Verified,other,CA,34.91,0.0,705.0,709.0,1.0,59.6,68.0,Individual,5,High Risk,Manual Review
95169694,5600.0, 36 months,25.49,E,E4,2 years,RENT,33000.0,Source Verified,debt_consolidation,HI,32.36,0.0,670.0,674.0,0.0,72.9,10.0,Individual,5,High Risk,Manual Review
95190681,10000.0, 60 months,25.49,E,E4,7 years,RENT,30000.0,Source Verified,debt_consolidation,CO,32.92,1.0,670.0,674.0,1.0,41.2,11.0,Individual,6,High Risk,Manual Review
95158796,11075.0, 60 months,26.24,E,E5,4 years,OWN,42000.0,Source Verified,debt_consolidation,FL,33.46,0.0,755.0,759.0,1.0,25.8,23.0,Individual,5,High Risk,Manual Review
94157197,40000.0, 60 months,28.69,F,F1,6 years,MORTGAGE,95000.0,Verified,home_improvement,TX,31.81,0.0,680.0,684.0,0.0,42.1,61.0,Individual,5,High Risk,Manual Review
95314830,29625.0, 36 months,23.99,E,E2,10+ years,RENT,140000.0,Verified,debt_consolidation,VA,31.92,1.0,695.0,699.0,0.0,53.6,30.0,Individual,6,High Risk,Manual Review
95079037,25000.0, 60 months,26.24,E,E5,10+ years,MORTGAGE,85000.0,Not Verified,other,NY,33.84,0.0,705.0,709.0,0.0,35.0,58.0,Individual,5,High Risk,Manual Review
95310116,25000.0, 36 months,30.94,G,G4,9 years,MORTGAGE,80000.0,Source Verified,small_business,NY,34.44,1.0,700.0,704.0,3.0,58.5,31.0,Individual,6,High Risk,Manual Review
95117225,5000.0, 36 months,23.99,E,E2,8 years,RENT,28000.0,Verified,moving,KY,31.8,0.0,660.0,664.0,0.0,50.6,11.0,Individual,5,High Risk,Manual Review
95318858,10000.0, 60 months,22.74,E,E1,1 year,RENT,36500.0,Source Verified,debt_consolidation,IL,33.15,0.0,680.0,684.0,0.0,84.8,28.0,Individual,6,High Risk,Manual Review
93689257,12000.0, 60 months,25.49,E,E4,10+ years,MORTGAGE,62500.0,Verified,other,MO,33.66,1.0,665.0,669.0,0.0,49.1,17.0,Individual,6,High Risk,Manual Review
95276377,34500.0, 36 months,25.49,E,E4,10+ years,MORTGAGE,75000.0,Verified,debt_consolidation,FL,32.18,0.0,660.0,664.0,0.0,45.1,24.0,Individual,5,High Risk,Manual Review
76844311,20000.0, 60 months,22.74,E,E1,6 years,RENT,50000.0,Not Verified,credit_card,CA,34.21,0.0,675.0,679.0,2.0,39.9,31.0,Individual,5,High Risk,Manual Review
95188969,15000.0, 60 months,26.24,E,E5,2 years,RENT,40000.0,Source Verified,debt_consolidation,RI,31.08,0.0,685.0,689.0,1.0,35.5,35.0,Individual,5,High Risk,Manual Review
94290472,12000.0, 60 months,24.74,E,E3,1 year,MORTGAGE,250000.0,Source Verified,credit_card,IL,12.86,2.0,670.0,674.0,2.0,89.7,20.0,Individual,5,High Risk,Manual Review
95026145,22525.0, 36 months,23.99,E,E2,10+ years,MORTGAGE,105000.0,Source Verified,credit_card,MI,22.21,1.0,660.0,664.0,2.0,94.1,20.0,Individual,5,High Risk,Manual Review
95046950,9000.0, 36 months,24.74,E,E3,3 years,RENT,25000.0,Verified,credit_card,NJ,33.89,0.0,675.0,679.0,0.0,35.2,14.0,Individual,5,High Risk,Manual Review
95019053,30000.0, 60 months,26.24,E,E5,10+ years,MORTGAGE,87000.0,Verified,debt_consolidation,OH,33.67,0.0,690.0,694.0,3.0,39.0,50.0,Individual,5,High Risk,Manual Review
94035391,13300.0, 60 months,22.74,E,E1,8 years,MORTGAGE,55404.0,Verified,debt_consolidation,SC,33.79,5.0,670.0,674.0,2.0,24.0,38.0,Individual,6,High Risk,Manual Review
95067259,16000.0, 60 months,30.49,F,F4,1 year,OWN,45000.0,Verified,debt_consolidation,TN,32.19,0.0,665.0,669.0,1.0,95.3,15.0,Individual,6,High Risk,Manual Review
95010159,20000.0, 60 months,24.74,E,E3,10+ years,MORTGAGE,79000.0,Verified,debt_consolidation,GA,29.73,1.0,665.0,669.0,1.0,91.2,27.0,Individual,5,High Risk,Manual Review
95227693,5400.0, 36 months,23.99,E,E2,10+ years,MORTGAGE,105000.0,Source Verified,debt_consolidation,GA,12.67,1.0,660.0,664.0,0.0,82.9,12.0,Individual,5,High Risk,Manual Review
93673977,30000.0, 60 months,25.49,E,E4,10+ years,MORTGAGE,111400.0,Verified,debt_consolidation,MA,32.23,0.0,715.0,719.0,0.0,69.0,34.0,Individual,5,High Risk,Manual Review
95295258,6000.0, 36 months,22.74,E,E1,5 years,RENT,40000.0,Source Verified,car,FL,34.08,0.0,660.0,664.0,1.0,68.7,11.0,Individual,5,High Risk,Manual Review
95207877,8400.0, 36 months,23.99,E,E2,10+ years,RENT,50000.0,Source Verified,other,IL,31.35,1.0,660.0,664.0,2.0,51.6,30.0,Individual,6,High Risk,Manual Review
94477230,10000.0, 60 months,30.89,G,G3,,OWN,45000.0,Verified,debt_consolidation,SC,31.5,0.0,665.0,669.0,0.0,71.2,33.0,Individual,5,High Risk,Manual Review
94468004,35000.0, 60 months,25.49,E,E4,10+ years,RENT,109584.0,Verified,debt_consolidation,NC,28.6,1.0,660.0,664.0,0.0,88.7,40.0,Individual,5,High Risk,Manual Review
95028050,18250.0, 60 months,24.74,E,E3,10+ years,MORTGAGE,73000.0,Verified,debt_consolidation,MA,34.19,0.0,700.0,704.0,0.0,65.2,36.0,Individual,5,High Risk,Manual Review
95148609,5400.0, 36 months,22.74,E,E1,,RENT,16920.0,Verified,debt_consolidation,MS,34.26,0.0,660.0,664.0,0.0,52.3,18.0,Individual,5,High Risk,Manual Review
95307199,19600.0, 36 months,26.24,E,E5,10+ years,RENT,45000.0,Source Verified,car,CA,31.65,0.0,695.0,699.0,1.0,24.5,20.0,Joint App,5,High Risk,Manual Review
95128823,15250.0, 60 months,22.74,E,E1,3 years,RENT,43323.0,Not Verified,debt_consolidation,FL,30.8,1.0,685.0,689.0,0.0,48.0,26.0,Individual,6,High Risk,Manual Review
94801177,20000.0, 60 months,22.74,E,E1,6 years,RENT,88500.0,Source Verified,debt_consolidation,WA,30.01,0.0,760.0,764.0,1.0,27.3,40.0,Individual,5,High Risk,Manual Review
95325063,10000.0, 60 months,26.24,E,E5,8 years,OWN,28000.0,Not Verified,debt_consolidation,LA,31.16,0.0,685.0,689.0,2.0,35.6,9.0,Individual,5,High Risk,Manual Review
95128844,3500.0, 36 months,22.74,E,E1,5 years,MORTGAGE,185000.0,Source Verified,home_improvement,VA,33.14,0.0,660.0,664.0,0.0,88.1,36.0,Individual,6,High Risk,Manual Review
94213586,33600.0, 60 months,18.99,D,D3,1 year,RENT,70000.0,Verified,debt_consolidation,IL,32.99,2.0,685.0,689.0,1.0,81.7,21.0,Individual,5,High Risk,Manual Review
94304157,20000.0, 60 months,26.24,E,E5,4 years,MORTGAGE,80000.0,Source Verified,credit_card,FL,34.29,0.0,705.0,709.0,0.0,50.4,41.0,Individual,5,High Risk,Manual Review
95269380,17600.0, 60 months,22.74,E,E1,3 years,RENT,40000.0,Not Verified,debt_consolidation,KS,25.98,7.0,670.0,674.0,0.0,88.9,28.0,Individual,5,High Risk,Manual Review
94279566,22475.0, 60 months,25.49,E,E4,1 year,MORTGAGE,51084.0,Verified,debt_consolidation,NY,26.72,1.0,665.0,669.0,0.0,97.0,23.0,Individual,5,High Risk,Manual Review
95289169,8000.0, 36 months,22.74,E,E1,10+ years,RENT,25000.0,Source Verified,debt_consolidation,CA,30.34,0.0,660.0,664.0,1.0,28.3,20.0,Individual,5,High Risk,Manual Review
95227977,2300.0, 36 months,23.99,E,E2,10+ years,MORTGAGE,54000.0,Verified,debt_consolidation,NY,30.51,0.0,695.0,699.0,0.0,87.8,17.0,Individual,6,High Risk,Manual Review
95197976,11200.0, 36 months,24.74,E,E3,10+ years,RENT,32000.0,Verified,debt_consolidation,ID,30.23,0.0,685.0,689.0,2.0,57.0,15.0,Individual,5,High Risk,Manual Review
95292878,15000.0, 36 months,22.74,E,E1,3 years,RENT,30000.0,Not Verified,debt_consolidation,CA,34.28,0.0,730.0,734.0,0.0,19.8,22.0,Individual,5,High Risk,Manual Review
95207692,16000.0, 60 months,30.89,G,G3,10+ years,RENT,75000.0,Source Verified,debt_consolidation,NJ,30.75,0.0,660.0,664.0,2.0,74.3,27.0,Individual,5,High Risk,Manual Review
95039351,4875.0, 36 months,22.74,E,E1,10+ years,RENT,58000.0,Verified,debt_consolidation,MI,32.61,0.0,665.0,669.0,0.0,67.0,17.0,Individual,5,High Risk,Manual Review
94119539,30000.0, 60 months,22.74,E,E1,2 years,MORTGAGE,91800.0,Source Verified,debt_consolidation,MO,7.33,2.0,675.0,679.0,1.0,82.1,53.0,Individual,5,High Risk,Manual Review
95197954,16950.0, 60 months,29.99,F,F3,10+ years,RENT,67000.0,Verified,other,VA,31.85,0.0,670.0,674.0,1.0,76.0,39.0,Individual,5,High Risk,Manual Review
95004497,18600.0, 60 months,26.24,E,E5,7 years,RENT,46000.0,Source Verified,debt_consolidation,TX,32.79,0.0,665.0,669.0,1.0,69.4,26.0,Individual,5,High Risk,Manual Review
94749393,30000.0, 60 months,29.49,F,F2,10+ years,MORTGAGE,70000.0,Verified,credit_card,CA,32.4,0.0,680.0,684.0,0.0,101.0,20.0,Individual,6,High Risk,Manual Review
94467150,10000.0, 60 months,24.74,E,E3,8 years,RENT,42000.0,Source Verified,debt_consolidation,MD,34.91,0.0,685.0,689.0,1.0,51.8,17.0,Individual,5,High Risk,Manual Review
94771119,6000.0, 36 months,18.99,D,D3,9 years,MORTGAGE,85000.0,Source Verified,debt_consolidation,IL,34.58,1.0,675.0,679.0,1.0,96.5,30.0,Individual,5,High Risk,Manual Review
94761120,20000.0, 60 months,24.74,E,E3,10+ years,RENT,50000.0,Source Verified,debt_consolidation,LA,23.38,1.0,670.0,674.0,1.0,85.0,19.0,Individual,5,High Risk,Manual Review
95266194,6025.0, 36 months,22.74,E,E1,6 years,RENT,42000.0,Source Verified,other,MA,31.57,0.0,710.0,714.0,1.0,79.9,13.0,Individual,5,High Risk,Manual Review
95157376,27175.0, 36 months,22.74,E,E1,10+ years,MORTGAGE,65000.0,Verified,debt_consolidation,NC,30.17,0.0,680.0,684.0,1.0,46.1,35.0,Individual,5,High Risk,Manual Review
95037698,8575.0, 36 months,30.99,G,G5,2 years,RENT,28624.86,Verified,debt_consolidation,AR,32.37,1.0,665.0,669.0,2.0,88.9,29.0,Individual,7,High Risk,Manual Review
95146941,20000.0, 60 months,30.84,G,G2,10+ years,MORTGAGE,105000.0,Verified,debt_consolidation,NV,20.61,2.0,670.0,674.0,3.0,95.6,27.0,Individual,5,High Risk,Manual Review
95138646,12000.0, 36 months,28.69,F,F1,4 years,RENT,42000.0,Source Verified,debt_consolidation,IN,34.54,0.0,675.0,679.0,1.0,54.8,16.0,Individual,5,High Risk,Manual Review
95272443,17275.0, 60 months,29.99,F,F3,10+ years,MORTGAGE,68000.0,Source Verified,debt_consolidation,NV,33.78,0.0,720.0,724.0,1.0,40.5,27.0,Individual,5,High Risk,Manual Review
95087442,9500.0, 36 months,18.99,D,D3,7 years,MORTGAGE,105000.0,Verified,debt_consolidation,WI,30.24,2.0,665.0,669.0,2.0,100.1,34.0,Individual,5,High Risk,Manual Review
95268367,24000.0, 60 months,24.74,E,E3,3 years,MORTGAGE,65000.0,Not Verified,credit_card,MI,31.9,0.0,680.0,684.0,1.0,52.0,26.0,Individual,5,High Risk,Manual Review
94466445,20000.0, 60 months,22.74,E,E1,10+ years,MORTGAGE,52000.0,Verified,debt_consolidation,DE,24.09,2.0,665.0,669.0,0.0,83.9,20.0,Individual,5,High Risk,Manual Review
95146143,29400.0, 36 months,21.49,D,D5,10+ years,MORTGAGE,70000.0,Verified,debt_consolidation,LA,32.23,1.0,665.0,669.0,1.0,88.6,33.0,Individual,5,High Risk,Manual Review
94477090,28000.0, 60 months,25.49,E,E4,8 years,RENT,66000.0,Verified,debt_consolidation,MD,34.9,0.0,705.0,709.0,1.0,49.0,20.0,Individual,5,High Risk,Manual Review
94152665,24000.0, 60 months,22.74,E,E1,10+ years,MORTGAGE,87774.0,Verified,debt_consolidation,IL,31.19,0.0,715.0,719.0,0.0,53.4,27.0,Individual,5,High Risk,Manual Review
95166879,10825.0, 60 months,18.99,D,D3,1 year,MORTGAGE,60000.0,Verified,debt_consolidation,VA,51.42,1.0,695.0,699.0,0.0,88.5,39.0,Joint App,5,High Risk,Manual Review
94811372,12000.0, 60 months,28.69,F,F1,10+ years,MORTGAGE,59500.0,Verified,debt_consolidation,SD,25.74,1.0,660.0,664.0,1.0,85.3,40.0,Individual,5,High Risk,Manual Review
94131865,28000.0, 36 months,25.49,E,E4,10+ years,RENT,80000.0,Source Verified,debt_consolidation,NJ,34.53,0.0,670.0,674.0,0.0,57.3,29.0,Individual,5,High Risk,Manual Review
94546880,11050.0, 36 months,23.99,E,E2,9 years,MORTGAGE,29228.0,Verified,debt_consolidation,FL,21.26,2.0,665.0,669.0,0.0,93.9,25.0,Individual,5,High Risk,Manual Review
95187153,35000.0, 36 months,24.74,E,E3,10+ years,MORTGAGE,100000.0,Not Verified,debt_consolidation,TX,30.36,0.0,680.0,684.0,1.0,90.6,27.0,Individual,6,High Risk,Manual Review
95126729,30775.0, 60 months,29.99,F,F3,1 year,MORTGAGE,94000.0,Verified,debt_consolidation,MS,27.45,2.0,660.0,664.0,0.0,117.0,20.0,Individual,5,High Risk,Manual Review
95186848,32675.0, 60 months,28.69,F,F1,10+ years,OWN,124500.0,Verified,other,IL,30.35,0.0,685.0,689.0,1.0,78.8,32.0,Individual,5,High Risk,Manual Review
95168772,11000.0, 60 months,24.74,E,E3,5 years,OWN,42400.0,Not Verified,other,PA,34.28,1.0,690.0,694.0,0.0,57.6,29.0,Individual,6,High Risk,Manual Review
95005752,18000.0, 60 months,22.74,E,E1,< 1 year,MORTGAGE,54000.0,Source Verified,debt_consolidation,KS,33.66,1.0,710.0,714.0,0.0,21.2,33.0,Individual,6,High Risk,Manual Review
94098623,12000.0, 60 months,30.74,F,F5,9 years,MORTGAGE,43000.0,Verified,debt_consolidation,NY,34.64,0.0,660.0,664.0,1.0,72.9,18.0,Individual,5,High Risk,Manual Review
93782153,12000.0, 36 months,24.74,E,E3,10+ years,MORTGAGE,59000.0,Verified,debt_consolidation,FL,31.9,0.0,680.0,684.0,0.0,70.4,14.0,Individual,5,High Risk,Manual Review
93513393,25900.0, 60 months,22.74,E,E1,5 years,OWN,80725.0,Verified,medical,LA,34.4,0.0,700.0,704.0,0.0,53.2,21.0,Individual,5,High Risk,Manual Review
95261506,20000.0, 60 months,22.74,E,E1,8 years,RENT,72000.0,Not Verified,major_purchase,MN,30.05,0.0,705.0,709.0,1.0,63.0,22.0,Individual,5,High Risk,Manual Review
94304486,10000.0, 36 months,28.69,F,F1,,OWN,35700.0,Source Verified,debt_consolidation,NH,30.02,0.0,665.0,669.0,2.0,50.4,68.0,Individual,5,High Risk,Manual Review
94084154,7675.0, 36 months,24.74,E,E3,6 years,RENT,25000.0,Verified,debt_consolidation,NJ,33.08,1.0,660.0,664.0,0.0,45.0,8.0,Individual,6,High Risk,Manual Review
95086406,5000.0, 36 months,24.74,E,E3,10+ years,MORTGAGE,70000.0,Source Verified,debt_consolidation,TX,34.78,0.0,695.0,699.0,0.0,94.9,30.0,Individual,6,High Risk,Manual Review
94831595,20000.0, 36 months,24.74,E,E3,7 years,RENT,63139.0,Verified,debt_consolidation,KY,31.57,0.0,690.0,694.0,3.0,52.9,22.0,Individual,5,High Risk,Manual Review
94456244,11600.0, 60 months,29.49,F,F2,< 1 year,RENT,29000.0,Source Verified,debt_consolidation,CA,33.44,0.0,715.0,719.0,0.0,38.6,13.0,Individual,5,High Risk,Manual Review
95256648,12500.0, 36 months,25.49,E,E4,5 years,OWN,40000.0,Verified,debt_consolidation,UT,33.44,0.0,675.0,679.0,0.0,81.2,21.0,Individual,6,High Risk,Manual Review
95176602,30600.0, 60 months,30.49,F,F4,9 years,MORTGAGE,70000.0,Verified,debt_consolidation,KS,30.33,0.0,680.0,684.0,0.0,89.7,17.0,Individual,6,High Risk,Manual Review
94241500,30000.0, 60 months,25.49,E,E4,9 years,RENT,90000.0,Verified,debt_consolidation,PA,31.41,0.0,680.0,684.0,2.0,62.9,15.0,Individual,5,High Risk,Manual Review
95028175,21350.0, 60 months,26.24,E,E5,10+ years,MORTGAGE,80000.0,Verified,home_improvement,GA,31.4,0.0,680.0,684.0,0.0,37.3,34.0,Individual,5,High Risk,Manual Review
94477080,11475.0, 60 months,30.79,G,G1,7 years,RENT,55000.0,Source Verified,debt_consolidation,CA,31.94,0.0,685.0,689.0,2.0,59.0,17.0,Individual,5,High Risk,Manual Review
93963066,14700.0, 60 months,30.79,G,G1,< 1 year,RENT,75000.0,Source Verified,debt_consolidation,NV,34.85,0.0,690.0,694.0,0.0,85.5,21.0,Individual,6,High Risk,Manual Review
94861509,13500.0, 60 months,25.49,E,E4,10+ years,MORTGAGE,46000.0,Verified,credit_card,IN,33.03,0.0,685.0,689.0,0.0,95.4,15.0,Individual,6,High Risk,Manual Review
94466151,14300.0, 60 months,30.99,G,G5,,MORTGAGE,35780.0,Verified,debt_consolidation,CO,31.97,0.0,660.0,664.0,0.0,74.8,24.0,Individual,5,High Risk,Manual Review
94981586,24800.0, 36 months,22.74,E,E1,3 years,OWN,70000.0,Verified,debt_consolidation,GA,32.83,0.0,675.0,679.0,0.0,26.6,31.0,Individual,5,High Risk,Manual Review
94476926,13375.0, 60 months,30.94,G,G4,1 year,RENT,30432.0,Verified,credit_card,NY,30.68,1.0,705.0,709.0,2.0,32.0,18.0,Individual,6,High Risk,Manual Review
94851604,9000.0, 36 months,26.24,E,E5,10+ years,MORTGAGE,61000.0,Verified,debt_consolidation,CT,31.18,0.0,665.0,669.0,0.0,71.4,26.0,Individual,5,High Risk,Manual Review
94210352,14425.0, 36 months,24.74,E,E3,4 years,OWN,49000.0,Verified,debt_consolidation,TX,32.06,0.0,660.0,664.0,0.0,75.9,35.0,Joint App,5,High Risk,Manual Review
95036576,32000.0, 60 months,18.99,D,D3,10+ years,MORTGAGE,42000.0,Verified,debt_consolidation,TN,57.31,2.0,695.0,699.0,0.0,92.3,27.0,Joint App,5,High Risk,Manual Review
94420597,24000.0, 60 months,22.74,E,E1,10+ years,MORTGAGE,85000.0,Not Verified,debt_consolidation,TN,33.05,0.0,690.0,694.0,0.0,59.7,25.0,Individual,5,High Risk,Manual Review
94221913,35000.0, 60 months,26.24,E,E5,10+ years,MORTGAGE,90329.15,Verified,credit_card,NJ,32.08,0.0,660.0,664.0,0.0,88.6,12.0,Individual,6,High Risk,Manual Review
95278583,32150.0, 60 months,29.49,F,F2,10+ years,MORTGAGE,64300.0,Verified,debt_consolidation,GA,31.28,0.0,695.0,699.0,0.0,86.2,32.0,Individual,6,High Risk,Manual Review
94133153,11200.0, 60 months,26.24,E,E5,6 years,OWN,35000.0,Source Verified,debt_consolidation,NJ,20.85,1.0,660.0,664.0,0.0,88.3,13.0,Individual,5,High Risk,Manual Review
95046202,40000.0, 36 months,24.74,E,E3,4 years,MORTGAGE,120000.0,Verified,other,TN,30.89,0.0,680.0,684.0,0.0,4.6,71.0,Individual,5,High Risk,Manual Review
94744789,16800.0, 60 months,25.49,E,E4,5 years,MORTGAGE,52000.0,Not Verified,debt_consolidation,FL,31.64,0.0,720.0,724.0,0.0,16.0,44.0,Individual,5,High Risk,Manual Review
94750646,15000.0, 36 months,23.99,E,E2,4 years,RENT,31000.0,Verified,debt_consolidation,NC,36.08,0.0,665.0,669.0,0.0,52.2,15.0,Joint App,5,High Risk,Manual Review
94462859,9125.0, 36 months,23.99,E,E2,< 1 year,RENT,40000.0,Source Verified,debt_consolidation,AZ,33.24,0.0,685.0,689.0,0.0,98.4,12.0,Individual,6,High Risk,Manual Review
94048779,15200.0, 36 months,25.49,E,E4,,MORTGAGE,40000.0,Verified,debt_consolidation,MS,32.52,0.0,710.0,714.0,2.0,33.6,22.0,Individual,5,High Risk,Manual Review
94447807,20300.0, 60 months,22.74,E,E1,< 1 year,RENT,40000.0,Not Verified,debt_consolidation,TX,30.06,0.0,685.0,689.0,0.0,68.2,43.0,Joint App,5,High Risk,Manual Review
94183547,6775.0, 36 months,24.74,E,E3,1 year,RENT,45000.0,Verified,debt_consolidation,RI,31.04,1.0,670.0,674.0,1.0,92.0,21.0,Individual,7,High Risk,Manual Review
94450216,9000.0, 36 months,22.74,E,E1,4 years,RENT,25000.0,Source Verified,debt_consolidation,MA,32.9,0.0,660.0,664.0,0.0,64.9,25.0,Individual,5,High Risk,Manual Review
94046380,18000.0, 60 months,29.99,F,F3,5 years,OWN,40000.0,Verified,debt_consolidation,FL,32.58,0.0,685.0,689.0,1.0,32.0,19.0,Individual,5,High Risk,Manual Review
95257309,8100.0, 36 months,29.49,F,F2,,MORTGAGE,23869.6,Verified,moving,NY,30.52,0.0,695.0,699.0,1.0,36.3,16.0,Individual,5,High Risk,Manual Review
95271684,19200.0, 60 months,22.74,E,E1,6 years,MORTGAGE,90000.0,Not Verified,debt_consolidation,OH,33.83,0.0,695.0,699.0,2.0,32.1,48.0,Individual,5,High Risk,Manual Review
94143949,12000.0, 60 months,30.79,G,G1,3 years,RENT,36000.0,Verified,debt_consolidation,AZ,31.57,0.0,670.0,674.0,0.0,82.0,14.0,Individual,6,High Risk,Manual Review
94038202,4550.0, 36 months,23.99,E,E2,,MORTGAGE,60000.0,Verified,debt_consolidation,PA,34.32,0.0,660.0,664.0,0.0,77.3,29.0,Individual,5,High Risk,Manual Review
94047829,40000.0, 60 months,25.49,E,E4,10+ years,RENT,100000.0,Verified,credit_card,NC,32.44,0.0,720.0,724.0,0.0,73.1,20.0,Individual,5,High Risk,Manual Review
94566925,6000.0, 36 months,26.24,E,E5,7 years,RENT,47380.0,Verified,other,CA,30.07,0.0,680.0,684.0,1.0,81.7,8.0,Individual,6,High Risk,Manual Review
94430212,6700.0, 36 months,24.74,E,E3,10+ years,RENT,21000.0,Source Verified,debt_consolidation,MA,34.84,4.0,685.0,689.0,1.0,23.6,17.0,Individual,6,High Risk,Manual Review
94272821,15000.0, 36 months,25.49,E,E4,10+ years,MORTGAGE,65000.0,Source Verified,debt_consolidation,NJ,32.61,0.0,695.0,699.0,0.0,91.4,14.0,Individual,6,High Risk,Manual Review
94416078,12000.0, 60 months,26.24,E,E5,5 years,RENT,30000.0,Source Verified,debt_consolidation,CA,30.2,0.0,665.0,669.0,1.0,62.7,20.0,Individual,5,High Risk,Manual Review
95001343,19200.0, 60 months,22.74,E,E1,10+ years,MORTGAGE,55000.0,Source Verified,debt_consolidation,MA,33.56,1.0,705.0,709.0,1.0,70.4,14.0,Joint App,6,High Risk,Manual Review
94038530,14150.0, 60 months,29.99,F,F3,10+ years,MORTGAGE,40000.0,Verified,debt_consolidation,MO,33.3,0.0,670.0,674.0,2.0,65.4,36.0,Individual,5,High Risk,Manual Review
95037270,16800.0, 60 months,26.24,E,E5,< 1 year,MORTGAGE,45000.0,Source Verified,debt_consolidation,FL,34.27,0.0,680.0,684.0,1.0,56.4,16.0,Individual,5,High Risk,Manual Review
94586918,30000.0, 60 months,29.49,F,F2,10+ years,MORTGAGE,250000.0,Source Verified,other,CA,12.31,5.0,665.0,669.0,1.0,85.9,32.0,Individual,5,High Risk,Manual Review
94234272,16000.0, 60 months,25.49,E,E4,7 years,RENT,90000.0,Verified,credit_card,FL,30.48,0.0,675.0,679.0,1.0,48.1,28.0,Individual,5,High Risk,Manual Review
94706131,35000.0, 60 months,30.94,G,G4,1 year,OWN,97000.0,Source Verified,other,TX,33.36,0.0,685.0,689.0,0.0,40.8,37.0,Individual,5,High Risk,Manual Review
93790922,32300.0, 36 months,17.99,D,D2,2 years,OWN,124000.0,Verified,debt_consolidation,CA,30.75,1.0,690.0,694.0,0.0,95.6,26.0,Individual,5,High Risk,Manual Review
95264158,14000.0, 60 months,24.74,E,E3,9 years,RENT,42000.0,Not Verified,debt_consolidation,WA,34.97,0.0,670.0,674.0,1.0,46.5,22.0,Individual,5,High Risk,Manual Review
94616534,20000.0, 60 months,19.99,D,D4,6 years,OWN,62000.0,Not Verified,debt_consolidation,MI,31.12,2.0,685.0,689.0,0.0,80.1,25.0,Individual,5,High Risk,Manual Review
95186329,15000.0, 60 months,28.69,F,F1,4 years,RENT,45000.0,Source Verified,debt_consolidation,CA,30.8,0.0,695.0,699.0,0.0,37.2,22.0,Individual,5,High Risk,Manual Review
94931404,11225.0, 60 months,29.49,F,F2,5 years,RENT,52000.0,Source Verified,other,CA,30.35,0.0,700.0,704.0,0.0,70.9,9.0,Individual,5,High Risk,Manual Review
95146582,8100.0, 36 months,29.49,F,F2,4 years,RENT,40000.0,Verified,debt_consolidation,AR,31.08,0.0,670.0,674.0,1.0,51.2,9.0,Individual,5,High Risk,Manual Review
94222737,24075.0, 60 months,29.49,F,F2,10+ years,OWN,72000.0,Verified,debt_consolidation,PA,30.83,1.0,680.0,684.0,0.0,48.8,45.0,Individual,6,High Risk,Manual Review
94365131,11000.0, 60 months,25.49,E,E4,,OWN,25000.0,Verified,credit_card,NM,30.05,0.0,705.0,709.0,0.0,34.0,22.0,Individual,5,High Risk,Manual Review
94676620,2000.0, 36 months,18.99,D,D3,10+ years,RENT,65000.0,Source Verified,other,CA,30.52,1.0,665.0,669.0,2.0,88.1,40.0,Individual,5,High Risk,Manual Review
95046156,13700.0, 60 months,30.89,G,G3,10+ years,MORTGAGE,81500.0,Source Verified,debt_consolidation,IL,24.5,1.0,665.0,669.0,3.0,80.2,31.0,Individual,5,High Risk,Manual Review
94072701,10000.0, 60 months,26.24,E,E5,10+ years,MORTGAGE,61000.0,Verified,debt_consolidation,OH,34.13,1.0,675.0,679.0,1.0,100.1,14.0,Individual,7,High Risk,Manual Review
94646228,21000.0, 60 months,30.74,F,F5,10+ years,RENT,67000.0,Verified,debt_consolidation,CA,31.96,0.0,685.0,689.0,1.0,58.2,22.0,Individual,5,High Risk,Manual Review
94193047,7750.0, 36 months,22.74,E,E1,,OWN,27000.0,Verified,debt_consolidation,WI,32.37,0.0,660.0,664.0,0.0,92.3,5.0,Individual,6,High Risk,Manual Review
94122408,25000.0, 60 months,15.99,C,C5,10+ years,MORTGAGE,75000.0,Verified,debt_consolidation,NY,32.64,1.0,700.0,704.0,0.0,86.0,17.0,Individual,5,High Risk,Manual Review
94726220,35000.0, 36 months,24.74,E,E3,3 years,RENT,120000.0,Verified,debt_consolidation,WA,30.64,0.0,660.0,664.0,1.0,89.3,41.0,Individual,6,High Risk,Manual Review
94496937,26025.0, 60 months,22.74,E,E1,1 year,OWN,35000.0,Verified,debt_consolidation,KS,50.79,0.0,670.0,674.0,2.0,55.2,17.0,Joint App,5,High Risk,Manual Review
94203879,19200.0, 60 months,26.24,E,E5,5 years,MORTGAGE,34000.0,Verified,debt_consolidation,TX,46.31,0.0,685.0,689.0,0.0,96.4,19.0,Joint App,6,High Risk,Manual Review
94207524,10000.0, 36 months,23.99,E,E2,2 years,RENT,41600.0,Verified,medical,CO,34.88,0.0,675.0,679.0,0.0,66.5,34.0,Individual,5,High Risk,Manual Review
94447614,32000.0, 60 months,24.74,E,E3,1 year,MORTGAGE,110600.0,Source Verified,debt_consolidation,GA,30.34,0.0,680.0,684.0,0.0,65.3,35.0,Individual,5,High Risk,Manual Review
94222794,26675.0, 36 months,24.74,E,E3,2 years,RENT,110000.0,Source Verified,debt_consolidation,PA,25.08,1.0,665.0,669.0,1.0,82.0,27.0,Individual,5,High Risk,Manual Review
94456466,19550.0, 60 months,30.99,G,G5,10+ years,MORTGAGE,51500.0,Verified,debt_consolidation,TX,34.68,0.0,680.0,684.0,2.0,18.2,22.0,Individual,5,High Risk,Manual Review
94971584,19300.0, 36 months,30.94,G,G4,10+ years,RENT,77000.0,Source Verified,debt_consolidation,PA,32.11,0.0,695.0,699.0,0.0,76.5,22.0,Individual,5,High Risk,Manual Review
94201688,10000.0, 60 months,22.74,E,E1,2 years,RENT,39000.0,Source Verified,moving,NY,30.74,0.0,675.0,679.0,1.0,55.4,27.0,Individual,5,High Risk,Manual Review
86031429,11650.0, 60 months,22.74,E,E1,6 years,MORTGAGE,79000.0,Not Verified,debt_consolidation,WA,17.44,2.0,660.0,664.0,1.0,92.5,11.0,Individual,5,High Risk,Manual Review
94143775,12000.0, 60 months,30.94,G,G4,< 1 year,RENT,47500.0,Verified,debt_consolidation,MA,33.76,0.0,675.0,679.0,2.0,35.2,51.0,Individual,5,High Risk,Manual Review
94445323,24375.0, 60 months,30.74,F,F5,10+ years,MORTGAGE,156000.0,Verified,debt_consolidation,MA,34.62,0.0,660.0,664.0,0.0,95.2,27.0,Individual,6,High Risk,Manual Review
94079589,12500.0, 60 months,22.74,E,E1,2 years,RENT,36000.0,Verified,debt_consolidation,NC,30.63,0.0,705.0,709.0,0.0,80.7,11.0,Individual,6,High Risk,Manual Review
94441025,4000.0, 36 months,24.74,E,E3,8 years,RENT,26500.0,Verified,debt_consolidation,ID,30.75,0.0,660.0,664.0,0.0,0.0,19.0,Individual,5,High Risk,Manual Review
94435612,15425.0, 60 months,29.99,F,F3,1 year,RENT,60000.0,Verified,debt_consolidation,NJ,28.78,1.0,670.0,674.0,1.0,90.3,28.0,Individual,5,High Risk,Manual Review
94921235,14300.0, 60 months,22.74,E,E1,10+ years,OWN,70000.0,Source Verified,debt_consolidation,WI,33.72,0.0,735.0,739.0,0.0,67.4,27.0,Individual,5,High Risk,Manual Review
94048503,25000.0, 60 months,21.49,D,D5,1 year,MORTGAGE,75000.0,Not Verified,credit_card,NH,30.66,2.0,675.0,679.0,0.0,88.9,43.0,Individual,5,High Risk,Manual Review
94516227,40000.0, 60 months,26.24,E,E5,10+ years,RENT,105000.0,Verified,other,TX,31.14,0.0,695.0,699.0,0.0,87.6,13.0,Individual,6,High Risk,Manual Review
94427241,14400.0, 60 months,25.49,E,E4,10+ years,OWN,49000.0,Source Verified,other,MD,34.31,0.0,825.0,829.0,0.0,,11.0,Individual,5,High Risk,Manual Review
94062572,11275.0, 36 months,30.49,F,F4,10+ years,RENT,40000.0,Verified,debt_consolidation,NV,33.45,0.0,685.0,689.0,0.0,60.9,12.0,Individual,5,High Risk,Manual Review
94038000,11200.0, 60 months,22.74,E,E1,,RENT,40000.0,Verified,debt_consolidation,KY,32.1,0.0,675.0,679.0,3.0,69.0,14.0,Individual,5,High Risk,Manual Review
94122945,25850.0, 60 months,22.74,E,E1,2 years,RENT,140000.0,Verified,debt_consolidation,MI,21.75,6.0,660.0,664.0,0.0,83.6,38.0,Individual,5,High Risk,Manual Review
94233561,21000.0, 60 months,28.69,F,F1,1 year,RENT,65000.0,Verified,debt_consolidation,NY,32.05,4.0,665.0,669.0,1.0,60.2,32.0,Individual,6,High Risk,Manual Review
94394753,35000.0, 60 months,25.49,E,E4,9 years,OWN,80000.0,Verified,debt_consolidation,MS,27.8,2.0,665.0,669.0,0.0,83.7,44.0,Individual,5,High Risk,Manual Review
94212955,18000.0, 60 months,24.74,E,E3,3 years,MORTGAGE,50000.0,Source Verified,debt_consolidation,KY,19.68,1.0,665.0,669.0,1.0,84.4,20.0,Individual,5,High Risk,Manual Review
94456601,18000.0, 60 months,22.74,E,E1,10+ years,MORTGAGE,66000.0,Not Verified,debt_consolidation,CA,33.67,1.0,670.0,674.0,1.0,84.4,21.0,Individual,7,High Risk,Manual Review
94132223,16525.0, 60 months,30.49,F,F4,10+ years,OWN,78000.0,Source Verified,home_improvement,PA,19.11,1.0,675.0,679.0,0.0,97.3,21.0,Individual,5,High Risk,Manual Review
94466393,14350.0, 60 months,26.24,E,E5,3 years,OWN,48168.0,Not Verified,debt_consolidation,FL,34.35,0.0,735.0,739.0,3.0,19.3,27.0,Individual,5,High Risk,Manual Review
94355957,11375.0, 60 months,26.24,E,E5,,RENT,56000.0,Verified,debt_consolidation,CA,30.85,0.0,755.0,759.0,0.0,33.3,11.0,Individual,5,High Risk,Manual Review
94251105,11000.0, 36 months,30.49,F,F4,6 years,OWN,25000.0,Verified,credit_card,PA,30.92,0.0,680.0,684.0,0.0,54.4,18.0,Individual,5,High Risk,Manual Review
92862351,18000.0, 60 months,26.24,E,E5,1 year,RENT,78000.0,Verified,credit_card,OK,27.83,1.0,660.0,664.0,0.0,92.3,25.0,Individual,5,High Risk,Manual Review
94437413,12800.0, 60 months,15.99,C,C5,8 years,MORTGAGE,102000.0,Verified,debt_consolidation,CA,32.61,1.0,675.0,679.0,0.0,101.2,14.0,Individual,5,High Risk,Manual Review
94048096,18500.0, 60 months,24.74,E,E3,10+ years,MORTGAGE,50000.0,Source Verified,debt_consolidation,GA,23.34,1.0,670.0,674.0,0.0,93.4,16.0,Individual,5,High Risk,Manual Review
94242066,18225.0, 60 months,22.74,E,E1,2 years,MORTGAGE,100000.0,Verified,credit_card,VA,34.07,0.0,715.0,719.0,0.0,40.0,25.0,Individual,5,High Risk,Manual Review
94198740,25900.0, 60 months,22.74,E,E1,3 years,RENT,93000.0,Verified,debt_consolidation,CA,23.46,1.0,675.0,679.0,0.0,98.6,19.0,Individual,5,High Risk,Manual Review
94179742,12000.0, 36 months,22.74,E,E1,< 1 year,MORTGAGE,65000.0,Source Verified,credit_card,MT,33.18,0.0,675.0,679.0,0.0,84.3,29.0,Individual,6,High Risk,Manual Review
94463236,14000.0, 60 months,22.74,E,E1,10+ years,OWN,33500.0,Not Verified,major_purchase,MI,34.4,1.0,700.0,704.0,1.0,16.1,28.0,Individual,6,High Risk,Manual Review
94133971,17975.0, 60 months,30.99,G,G5,10+ years,MORTGAGE,60000.0,Source Verified,debt_consolidation,IL,31.38,2.0,670.0,674.0,0.0,84.5,30.0,Individual,7,High Risk,Manual Review
94364147,15000.0, 60 months,30.89,G,G3,,OWN,75000.0,Verified,debt_consolidation,MI,33.15,0.0,670.0,674.0,1.0,58.7,26.0,Individual,5,High Risk,Manual Review
94616601,20000.0, 60 months,29.49,F,F2,4 years,RENT,74000.0,Verified,debt_consolidation,NC,30.3,0.0,675.0,679.0,2.0,35.5,15.0,Individual,5,High Risk,Manual Review
94397119,28075.0, 36 months,24.74,E,E3,10+ years,MORTGAGE,85000.0,Source Verified,home_improvement,CA,32.5,0.0,670.0,674.0,0.0,86.9,18.0,Individual,6,High Risk,Manual Review
94414391,20000.0, 60 months,22.74,E,E1,1 year,MORTGAGE,47840.0,Verified,debt_consolidation,KY,35.37,1.0,665.0,669.0,1.0,76.6,14.0,Joint App,6,High Risk,Manual Review
94444737,35000.0, 60 months,22.74,E,E1,10+ years,MORTGAGE,30000.0,Not Verified,debt_consolidation,CO,78.56,1.0,700.0,704.0,1.0,77.2,41.0,Joint App,6,High Risk,Manual Review
94097998,12000.0, 60 months,24.74,E,E3,10+ years,MORTGAGE,112000.0,Source Verified,debt_consolidation,AZ,31.38,0.0,670.0,674.0,0.0,79.7,23.0,Individual,5,High Risk,Manual Review
94463404,16000.0, 60 months,28.69,F,F1,5 years,RENT,56000.0,Source Verified,debt_consolidation,AK,33.26,0.0,660.0,664.0,0.0,81.1,12.0,Individual,6,High Risk,Manual Review
94427406,12000.0, 60 months,22.74,E,E1,2 years,RENT,24000.0,Source Verified,moving,FL,38.55,0.0,720.0,724.0,1.0,48.4,35.0,Joint App,5,High Risk,Manual Review
94293201,20525.0, 60 months,30.49,F,F4,5 years,RENT,50119.0,Source Verified,debt_consolidation,OR,34.72,1.0,665.0,669.0,1.0,50.8,59.0,Individual,6,High Risk,Manual Review
93820459,6300.0, 36 months,24.74,E,E3,2 years,MORTGAGE,55000.0,Source Verified,debt_consolidation,TX,30.48,0.0,705.0,709.0,0.0,54.5,18.0,Individual,5,High Risk,Manual Review
94383471,18000.0, 36 months,30.49,F,F4,10+ years,RENT,160000.0,Verified,debt_consolidation,CT,30.14,0.0,665.0,669.0,2.0,53.0,57.0,Individual,5,High Risk,Manual Review
94293566,28800.0, 60 months,22.74,E,E1,10+ years,RENT,106000.0,Not Verified,debt_consolidation,NM,33.1,0.0,665.0,669.0,0.0,85.6,39.0,Individual,6,High Risk,Manual Review
94272099,35000.0, 60 months,30.84,G,G2,2 years,MORTGAGE,120000.0,Verified,debt_consolidation,FL,30.14,0.0,685.0,689.0,0.0,87.9,29.0,Individual,6,High Risk,Manual Review
94220704,24000.0, 36 months,30.74,F,F5,5 years,RENT,69000.0,Source Verified,other,NY,34.0,1.0,735.0,739.0,0.0,1.3,28.0,Individual,6,High Risk,Manual Review
94460367,14400.0, 60 months,22.74,E,E1,5 years,MORTGAGE,50000.0,Verified,other,NY,30.92,0.0,660.0,664.0,0.0,66.9,24.0,Joint App,5,High Risk,Manual Review
94421682,28000.0, 36 months,22.74,E,E1,8 years,MORTGAGE,95000.0,Verified,credit_card,OH,31.64,1.0,680.0,684.0,1.0,89.4,27.0,Individual,7,High Risk,Manual Review
93850526,20000.0, 60 months,15.99,C,C5,10+ years,MORTGAGE,40000.0,Verified,debt_consolidation,OH,30.21,2.0,670.0,674.0,0.0,90.2,15.0,Joint App,5,High Risk,Manual Review
93739561,20000.0, 60 months,30.89,G,G3,3 years,MORTGAGE,85000.0,Source Verified,credit_card,CA,32.08,0.0,695.0,699.0,0.0,58.3,59.0,Individual,5,High Risk,Manual Review
94268263,6100.0, 36 months,26.24,E,E5,6 years,RENT,44500.0,Verified,medical,OH,33.93,1.0,665.0,669.0,1.0,75.2,19.0,Individual,6,High Risk,Manual Review
94232967,24000.0, 36 months,24.74,E,E3,7 years,MORTGAGE,74000.0,Verified,debt_consolidation,AZ,30.77,0.0,680.0,684.0,0.0,60.7,30.0,Individual,5,High Risk,Manual Review
94101188,15950.0, 60 months,26.24,E,E5,2 years,OWN,42000.0,Verified,debt_consolidation,TX,32.74,0.0,660.0,664.0,2.0,93.9,44.0,Individual,6,High Risk,Manual Review
94241385,27000.0, 60 months,24.74,E,E3,2 years,RENT,90000.0,Verified,credit_card,NY,33.43,0.0,695.0,699.0,0.0,78.7,31.0,Individual,5,High Risk,Manual Review
94445515,20000.0, 60 months,22.74,E,E1,10+ years,OWN,30000.0,Verified,debt_consolidation,OH,49.44,0.0,675.0,679.0,0.0,65.8,19.0,Joint App,5,High Risk,Manual Review
94069508,18650.0, 36 months,25.49,E,E4,10+ years,MORTGAGE,72500.0,Verified,debt_consolidation,UT,33.5,0.0,665.0,669.0,2.0,76.0,52.0,Individual,5,High Risk,Manual Review
94280042,22375.0, 60 months,26.24,E,E5,< 1 year,RENT,86233.0,Verified,debt_consolidation,CA,33.69,0.0,690.0,694.0,0.0,55.9,30.0,Individual,5,High Risk,Manual Review
93941285,34025.0, 60 months,24.74,E,E3,1 year,OWN,130000.0,Verified,debt_consolidation,NY,30.76,0.0,660.0,664.0,1.0,62.0,44.0,Individual,5,High Risk,Manual Review
94415734,28250.0, 60 months,26.24,E,E5,10+ years,OWN,56500.0,Verified,debt_consolidation,TX,26.69,1.0,665.0,669.0,0.0,86.5,19.0,Individual,5,High Risk,Manual Review
94292270,18000.0, 60 months,24.74,E,E3,9 years,MORTGAGE,40000.0,Not Verified,debt_consolidation,NY,33.0,0.0,700.0,704.0,0.0,59.3,25.0,Individual,5,High Risk,Manual Review
94231272,27075.0, 60 months,30.89,G,G3,10+ years,RENT,86000.0,Verified,debt_consolidation,MD,32.0,0.0,665.0,669.0,1.0,70.4,39.0,Individual,5,High Risk,Manual Review
93880668,16650.0, 36 months,24.74,E,E3,4 years,RENT,37000.0,Verified,debt_consolidation,NC,34.9,0.0,670.0,674.0,1.0,20.0,22.0,Individual,5,High Risk,Manual Review
93594747,15600.0, 36 months,26.24,E,E5,9 years,RENT,67000.0,Not Verified,credit_card,NY,34.51,0.0,675.0,679.0,0.0,54.0,40.0,Individual,5,High Risk,Manual Review
94248084,8375.0, 36 months,24.74,E,E3,10+ years,MORTGAGE,35000.0,Source Verified,credit_card,NY,34.29,0.0,690.0,694.0,0.0,83.8,25.0,Individual,6,High Risk,Manual Review
94395923,10000.0, 36 months,22.74,E,E1,,RENT,30237.24,Not Verified,debt_consolidation,FL,34.46,0.0,660.0,664.0,0.0,85.5,16.0,Joint App,6,High Risk,Manual Review
94436047,13200.0, 36 months,25.49,E,E4,6 years,OWN,30000.0,Not Verified,debt_consolidation,FL,34.92,0.0,695.0,699.0,1.0,42.8,19.0,Individual,5,High Risk,Manual Review
94396067,10000.0, 60 months,22.74,E,E1,2 years,OWN,120000.0,Verified,debt_consolidation,TN,30.92,0.0,680.0,684.0,1.0,84.1,30.0,Individual,6,High Risk,Manual Review
94170274,26350.0, 60 months,22.74,E,E1,10+ years,MORTGAGE,107000.0,Not Verified,debt_consolidation,OH,32.62,0.0,715.0,719.0,2.0,76.9,35.0,Individual,5,High Risk,Manual Review
94138844,20000.0, 60 months,26.24,E,E5,8 years,RENT,68000.0,Verified,credit_card,NC,27.78,2.0,680.0,684.0,1.0,81.7,24.0,Individual,5,High Risk,Manual Review
94290852,32750.0, 60 months,30.84,G,G2,10+ years,RENT,92000.0,Not Verified,debt_consolidation,IL,34.89,1.0,660.0,664.0,0.0,43.8,36.0,Individual,6,High Risk,Manual Review
94189341,32625.0, 60 months,30.49,F,F4,10+ years,MORTGAGE,80000.0,Verified,debt_consolidation,AZ,30.57,0.0,675.0,679.0,0.0,67.1,29.0,Individual,5,High Risk,Manual Review
94394407,10000.0, 36 months,23.99,E,E2,6 years,RENT,34000.0,Verified,other,MI,33.67,0.0,660.0,664.0,1.0,57.2,20.0,Individual,5,High Risk,Manual Review
94258381,6525.0, 36 months,24.74,E,E3,,RENT,8088.0,Verified,debt_consolidation,NY,69.14,0.0,680.0,684.0,1.0,42.7,16.0,Joint App,5,High Risk,Manual Review
94243077,20000.0, 60 months,24.74,E,E3,10+ years,MORTGAGE,50000.0,Not Verified,debt_consolidation,TX,30.58,0.0,695.0,699.0,1.0,60.4,26.0,Individual,5,High Risk,Manual Review
94437210,20800.0, 36 months,26.24,E,E5,5 years,MORTGAGE,72000.0,Verified,debt_consolidation,TX,33.43,0.0,705.0,709.0,5.0,22.4,42.0,Individual,5,High Risk,Manual Review
94449125,12800.0, 60 months,25.49,E,E4,7 years,RENT,30000.0,Not Verified,debt_consolidation,CO,33.4,1.0,685.0,689.0,1.0,51.1,11.0,Individual,6,High Risk,Manual Review
94382777,17950.0, 60 months,24.74,E,E3,10+ years,MORTGAGE,93000.0,Source Verified,home_improvement,NJ,7.21,5.0,675.0,679.0,0.0,82.2,30.0,Individual,5,High Risk,Manual Review
92524884,15000.0, 60 months,25.49,E,E4,10+ years,MORTGAGE,42000.0,Verified,debt_consolidation,HI,30.6,1.0,660.0,664.0,1.0,96.4,15.0,Individual,7,High Risk,Manual Review
94120431,17400.0, 36 months,29.99,F,F3,,MORTGAGE,43272.0,Verified,debt_consolidation,TX,30.98,0.0,660.0,664.0,0.0,89.7,21.0,Individual,6,High Risk,Manual Review
94428119,29375.0, 60 months,22.74,E,E1,5 years,MORTGAGE,61235.0,Not Verified,debt_consolidation,SC,34.51,0.0,700.0,704.0,0.0,87.7,21.0,Joint App,6,High Risk,Manual Review
94047113,15000.0, 60 months,26.24,E,E5,10+ years,MORTGAGE,52000.0,Source Verified,debt_consolidation,AR,33.69,0.0,710.0,714.0,1.0,76.1,25.0,Individual,5,High Risk,Manual Review
94397558,18000.0, 60 months,24.74,E,E3,10+ years,RENT,52000.0,Not Verified,debt_consolidation,CA,31.89,0.0,695.0,699.0,0.0,97.1,13.0,Individual,6,High Risk,Manual Review
94098360,22000.0, 36 months,24.74,E,E3,9 years,MORTGAGE,75000.0,Source Verified,credit_card,NJ,32.26,0.0,715.0,719.0,0.0,89.9,22.0,Individual,6,High Risk,Manual Review
94394614,15000.0, 36 months,18.99,D,D3,,MORTGAGE,52800.0,Verified,other,CT,30.03,1.0,675.0,679.0,0.0,98.0,16.0,Individual,5,High Risk,Manual Review
93909391,35000.0, 60 months,28.69,F,F1,1 year,MORTGAGE,85000.0,Verified,debt_consolidation,TX,31.71,0.0,670.0,674.0,1.0,49.2,45.0,Individual,5,High Risk,Manual Review
94158865,16025.0, 60 months,30.79,G,G1,2 years,MORTGAGE,65000.0,Source Verified,small_business,IL,33.88,0.0,700.0,704.0,0.0,82.6,29.0,Individual,6,High Risk,Manual Review
94090170,27300.0, 60 months,30.89,G,G3,10+ years,MORTGAGE,98000.0,Verified,credit_card,AZ,30.2,1.0,685.0,689.0,2.0,59.0,47.0,Individual,6,High Risk,Manual Review
94353008,17850.0, 60 months,30.74,F,F5,5 years,RENT,47000.0,Source Verified,other,MN,22.24,2.0,665.0,669.0,0.0,80.2,30.0,Individual,5,High Risk,Manual Review
94303307,30000.0, 60 months,25.49,E,E4,2 years,MORTGAGE,85000.0,Source Verified,debt_consolidation,NJ,33.4,0.0,665.0,669.0,1.0,57.9,44.0,Individual,5,High Risk,Manual Review
94025372,30000.0, 60 months,28.69,F,F1,3 years,MORTGAGE,56000.0,Verified,debt_consolidation,PA,51.98,1.0,675.0,679.0,2.0,43.5,31.0,Joint App,6,High Risk,Manual Review
94397955,25000.0, 60 months,22.74,E,E1,10+ years,RENT,75000.0,Source Verified,debt_consolidation,CA,32.86,0.0,705.0,709.0,0.0,71.0,26.0,Individual,5,High Risk,Manual Review
94120192,18000.0, 60 months,25.49,E,E4,,OWN,40000.0,Not Verified,debt_consolidation,MA,31.68,1.0,685.0,689.0,0.0,47.7,34.0,Individual,6,High Risk,Manual Review
94299753,14000.0, 60 months,25.49,E,E4,2 years,MORTGAGE,55000.0,Verified,medical,OK,28.65,3.0,660.0,664.0,1.0,104.6,24.0,Individual,5,High Risk,Manual Review
94270271,8150.0, 36 months,29.99,F,F3,2 years,RENT,40000.0,Verified,other,TX,30.4,0.0,685.0,689.0,1.0,27.3,14.0,Individual,5,High Risk,Manual Review
93484452,30000.0, 60 months,30.79,G,G1,< 1 year,MORTGAGE,101000.0,Verified,debt_consolidation,AZ,33.46,0.0,700.0,704.0,0.0,73.7,32.0,Individual,5,High Risk,Manual Review
94441092,10000.0, 60 months,25.49,E,E4,10+ years,RENT,80000.0,Not Verified,debt_consolidation,NY,33.97,0.0,665.0,669.0,0.0,83.0,39.0,Individual,6,High Risk,Manual Review
93605379,5100.0, 36 months,24.74,E,E3,10+ years,RENT,16000.0,Verified,debt_consolidation,NY,33.76,0.0,675.0,679.0,0.0,84.6,6.0,Individual,6,High Risk,Manual Review
94392217,16000.0, 60 months,24.74,E,E3,5 years,MORTGAGE,35000.0,Verified,debt_consolidation,IN,31.52,0.0,670.0,674.0,0.0,30.7,40.0,Joint App,5,High Risk,Manual Review
93198052,34650.0, 60 months,25.49,E,E4,10+ years,MORTGAGE,48000.0,Verified,debt_consolidation,IL,34.26,0.0,685.0,689.0,1.0,88.4,20.0,Joint App,6,High Risk,Manual Review
94357600,7200.0, 36 months,24.74,E,E3,10+ years,OWN,55900.0,Verified,debt_consolidation,FL,31.13,0.0,685.0,689.0,1.0,34.7,14.0,Individual,5,High Risk,Manual Review
94169582,30000.0, 60 months,22.74,E,E1,9 years,MORTGAGE,95000.0,Source Verified,debt_consolidation,MD,33.45,0.0,700.0,704.0,2.0,64.0,25.0,Individual,5,High Risk,Manual Review
93491658,2750.0, 36 months,30.79,G,G1,< 1 year,MORTGAGE,34362.0,Verified,debt_consolidation,IL,30.11,0.0,670.0,674.0,1.0,97.7,17.0,Individual,6,High Risk,Manual Review
94262028,20500.0, 60 months,30.84,G,G2,4 years,RENT,81316.0,Source Verified,credit_card,CT,32.13,1.0,670.0,674.0,1.0,85.8,40.0,Individual,7,High Risk,Manual Review
94240274,19200.0, 60 months,26.24,E,E5,10+ years,RENT,50000.0,Source Verified,debt_consolidation,FL,30.12,0.0,680.0,684.0,0.0,74.2,53.0,Individual,5,High Risk,Manual Review
94381466,25450.0, 60 months,30.89,G,G3,10+ years,MORTGAGE,106000.0,Verified,debt_consolidation,PA,33.14,0.0,665.0,669.0,0.0,94.2,34.0,Individual,6,High Risk,Manual Review
94383249,10000.0, 36 months,17.99,D,D2,2 years,OWN,65000.0,Source Verified,credit_card,WI,30.72,2.0,660.0,664.0,0.0,97.5,41.0,Individual,5,High Risk,Manual Review
93952944,18600.0, 60 months,30.49,F,F4,6 years,MORTGAGE,80000.0,Source Verified,debt_consolidation,ID,31.16,0.0,730.0,734.0,3.0,15.4,27.0,Individual,5,High Risk,Manual Review
94178696,11650.0, 36 months,22.74,E,E1,2 years,OWN,50000.0,Source Verified,debt_consolidation,PA,32.98,0.0,760.0,764.0,1.0,53.5,12.0,Individual,5,High Risk,Manual Review
94187730,14000.0, 60 months,30.74,F,F5,5 years,MORTGAGE,110000.0,Source Verified,debt_consolidation,MN,34.6,0.0,670.0,674.0,1.0,79.7,35.0,Individual,5,High Risk,Manual Review
94430929,10000.0, 36 months,23.99,E,E2,7 years,MORTGAGE,60000.0,Not Verified,debt_consolidation,WA,31.9,0.0,690.0,694.0,0.0,96.8,21.0,Individual,6,High Risk,Manual Review
93892740,16850.0, 60 months,24.74,E,E3,,OWN,45000.0,Verified,debt_consolidation,VA,33.79,1.0,660.0,664.0,1.0,67.0,30.0,Individual,6,High Risk,Manual Review
93949337,24000.0, 60 months,22.74,E,E1,10+ years,MORTGAGE,80000.0,Verified,debt_consolidation,IL,31.44,1.0,675.0,679.0,0.0,97.5,16.0,Individual,7,High Risk,Manual Review
94237827,17000.0, 60 months,24.74,E,E3,10+ years,MORTGAGE,96000.0,Source Verified,debt_consolidation,LA,32.23,0.0,690.0,694.0,0.0,88.2,30.0,Individual,6,High Risk,Manual Review
94259418,20000.0, 60 months,25.49,E,E4,10+ years,RENT,55000.0,Source Verified,credit_card,FL,33.93,0.0,695.0,699.0,1.0,72.9,34.0,Individual,5,High Risk,Manual Review
94098363,34300.0, 60 months,29.99,F,F3,3 years,RENT,75000.0,Verified,debt_consolidation,CA,34.44,0.0,695.0,699.0,0.0,72.1,41.0,Individual,5,High Risk,Manual Review
94071218,14825.0, 60 months,26.24,E,E5,10+ years,RENT,47000.0,Not Verified,debt_consolidation,IL,32.3,0.0,730.0,734.0,0.0,81.0,13.0,Individual,6,High Risk,Manual Review
74621638,22550.0, 60 months,26.24,E,E5,9 years,MORTGAGE,42000.0,Verified,debt_consolidation,PA,39.4,0.0,675.0,679.0,0.0,80.8,32.0,Joint App,6,High Risk,Manual Review
93909566,7325.0, 36 months,25.49,E,E4,5 years,RENT,35360.0,Verified,debt_consolidation,SC,30.14,0.0,675.0,679.0,0.0,53.1,14.0,Individual,5,High Risk,Manual Review
93707564,18750.0, 36 months,30.99,G,G5,10+ years,MORTGAGE,97000.0,Verified,debt_consolidation,NJ,30.56,1.0,665.0,669.0,4.0,31.1,63.0,Individual,6,High Risk,Manual Review
65139839,10400.0, 60 months,29.49,F,F2,10+ years,RENT,26000.0,Not Verified,debt_consolidation,OH,32.83,0.0,690.0,694.0,0.0,64.7,27.0,Individual,5,High Risk,Manual Review
94280654,30900.0, 60 months,25.49,E,E4,10+ years,RENT,38000.0,Verified,debt_consolidation,TX,39.86,1.0,680.0,684.0,0.0,38.1,22.0,Joint App,6,High Risk,Manual Review
93952552,35000.0, 60 months,24.74,E,E3,10+ years,MORTGAGE,110000.0,Verified,credit_card,OK,8.7,1.0,660.0,664.0,2.0,91.0,20.0,Individual,5,High Risk,Manual Review
94298936,10000.0, 60 months,30.79,G,G1,7 years,RENT,30000.0,Verified,debt_consolidation,GA,32.08,0.0,680.0,684.0,0.0,50.1,14.0,Individual,5,High Risk,Manual Review
94216110,12300.0, 36 months,24.74,E,E3,10+ years,MORTGAGE,52000.0,Source Verified,debt_consolidation,NY,30.44,1.0,660.0,664.0,1.0,84.0,23.0,Individual,7,High Risk,Manual Review
93909322,13000.0, 36 months,15.99,C,C5,4 years,MORTGAGE,42000.0,Verified,debt_consolidation,KY,41.8,1.0,660.0,664.0,3.0,89.0,30.0,Joint App,5,High Risk,Manual Review
94068395,12650.0, 36 months,23.99,E,E2,5 years,MORTGAGE,52000.0,Source Verified,debt_consolidation,KY,34.14,0.0,675.0,679.0,0.0,66.1,19.0,Individual,5,High Risk,Manual Review
94338848,22000.0, 36 months,24.74,E,E3,< 1 year,RENT,50000.0,Verified,debt_consolidation,CA,32.26,0.0,675.0,679.0,1.0,69.2,27.0,Individual,5,High Risk,Manual Review
94411941,17400.0, 60 months,30.79,G,G1,3 years,MORTGAGE,72000.0,Not Verified,debt_consolidation,TX,31.43,0.0,705.0,709.0,0.0,87.3,25.0,Individual,6,High Risk,Manual Review
94361942,18000.0, 60 months,26.24,E,E5,< 1 year,RENT,59000.0,Verified,credit_card,CA,30.13,0.0,700.0,704.0,0.0,9.9,14.0,Individual,5,High Risk,Manual Review
94067203,21000.0, 36 months,22.74,E,E1,4 years,RENT,125000.0,Source Verified,credit_card,MI,30.05,0.0,675.0,679.0,0.0,79.2,29.0,Individual,5,High Risk,Manual Review
93001622,22250.0, 60 months,18.99,D,D3,10+ years,RENT,53000.0,Source Verified,debt_consolidation,TX,33.42,1.0,670.0,674.0,0.0,83.1,24.0,Individual,5,High Risk,Manual Review
92567698,30000.0, 60 months,24.74,E,E3,4 years,MORTGAGE,40000.0,Source Verified,debt_consolidation,MS,33.75,1.0,670.0,674.0,0.0,82.7,16.0,Joint App,7,High Risk,Manual Review
94411575,14000.0, 36 months,23.99,E,E2,2 years,RENT,42000.0,Verified,debt_consolidation,MA,32.49,0.0,685.0,689.0,2.0,62.3,21.0,Individual,5,High Risk,Manual Review
93991052,24900.0, 60 months,28.69,F,F1,7 years,RENT,98500.0,Not Verified,debt_consolidation,CA,34.54,0.0,660.0,664.0,0.0,56.1,40.0,Individual,5,High Risk,Manual Review
94343506,27925.0, 60 months,25.49,E,E4,10+ years,RENT,58178.0,Not Verified,debt_consolidation,MI,34.49,0.0,715.0,719.0,0.0,87.8,25.0,Individual,6,High Risk,Manual Review
94349009,8650.0, 36 months,24.74,E,E3,< 1 year,RENT,30000.0,Source Verified,debt_consolidation,LA,32.88,0.0,750.0,754.0,1.0,23.6,21.0,Individual,5,High Risk,Manual Review
94238145,7375.0, 36 months,30.74,F,F5,10+ years,MORTGAGE,53000.0,Verified,debt_consolidation,AR,31.5,1.0,665.0,669.0,3.0,99.0,24.0,Individual,7,High Risk,Manual Review
94108439,22000.0, 36 months,22.74,E,E1,10+ years,RENT,50000.0,Source Verified,debt_consolidation,FL,30.1,0.0,720.0,724.0,0.0,75.4,18.0,Individual,5,High Risk,Manual Review
94087858,3600.0, 36 months,22.74,E,E1,2 years,RENT,13000.0,Verified,credit_card,CO,30.47,0.0,685.0,689.0,1.0,31.5,16.0,Individual,5,High Risk,Manual Review
93860601,7625.0, 36 months,28.69,F,F1,,RENT,15288.0,Verified,debt_consolidation,FL,32.62,0.0,685.0,689.0,1.0,56.9,20.0,Individual,5,High Risk,Manual Review
94127551,12875.0, 60 months,30.49,F,F4,8 years,RENT,38000.0,Verified,debt_consolidation,OH,34.55,0.0,685.0,689.0,0.0,90.5,14.0,Individual,6,High Risk,Manual Review
94393614,35000.0, 36 months,22.74,E,E1,,RENT,5000.0,Not Verified,debt_consolidation,OH,641.36,1.0,680.0,684.0,0.0,66.3,43.0,Joint App,6,High Risk,Manual Review
94068315,16000.0, 60 months,29.49,F,F2,6 years,RENT,165000.0,Not Verified,debt_consolidation,MD,31.26,0.0,665.0,669.0,0.0,72.0,42.0,Individual,5,High Risk,Manual Review
94363867,18000.0, 60 months,24.74,E,E3,10+ years,MORTGAGE,40000.0,Verified,debt_consolidation,FL,48.93,0.0,670.0,674.0,1.0,31.5,49.0,Joint App,5,High Risk,Manual Review
94338637,15650.0, 60 months,29.99,F,F3,,MORTGAGE,45000.0,Verified,home_improvement,IL,31.25,0.0,675.0,679.0,1.0,54.5,30.0,Individual,5,High Risk,Manual Review
94364376,28000.0, 60 months,22.74,E,E1,7 years,RENT,65000.0,Source Verified,debt_consolidation,VA,34.31,1.0,685.0,689.0,0.0,61.5,18.0,Joint App,6,High Risk,Manual Review
93696887,32000.0, 60 months,30.94,G,G4,10+ years,RENT,107000.0,Verified,debt_consolidation,MN,30.8,0.0,685.0,689.0,0.0,80.8,23.0,Individual,6,High Risk,Manual Review
94383222,4250.0, 36 months,26.24,E,E5,10+ years,MORTGAGE,34320.0,Verified,debt_consolidation,IL,50.03,0.0,660.0,664.0,4.0,69.3,33.0,Joint App,5,High Risk,Manual Review
94034122,15000.0, 60 months,25.49,E,E4,6 years,OWN,45000.0,Source Verified,debt_consolidation,TX,30.21,0.0,700.0,704.0,0.0,50.7,24.0,Joint App,5,High Risk,Manual Review
91457707,5000.0, 36 months,25.49,E,E4,10+ years,OWN,30000.0,Verified,debt_consolidation,KY,31.16,0.0,685.0,689.0,1.0,57.7,15.0,Individual,5,High Risk,Manual Review
94089312,15375.0, 36 months,23.99,E,E2,9 years,RENT,49000.0,Verified,debt_consolidation,NY,19.35,1.0,660.0,664.0,0.0,91.4,17.0,Individual,5,High Risk,Manual Review
93912860,13575.0, 60 months,22.74,E,E1,6 years,OWN,50000.0,Source Verified,debt_consolidation,AZ,34.81,0.0,775.0,779.0,0.0,28.3,25.0,Individual,5,High Risk,Manual Review
93909394,17000.0, 60 months,24.74,E,E3,10+ years,MORTGAGE,50000.0,Verified,debt_consolidation,FL,20.32,2.0,680.0,684.0,0.0,81.9,28.0,Individual,5,High Risk,Manual Review
93721343,16000.0, 60 months,22.74,E,E1,10+ years,MORTGAGE,80000.0,Source Verified,debt_consolidation,IL,24.65,1.0,690.0,694.0,1.0,82.2,28.0,Individual,5,High Risk,Manual Review
85745653,5000.0, 36 months,16.99,D,D1,10+ years,MORTGAGE,60000.0,Source Verified,debt_consolidation,NJ,30.72,1.0,660.0,664.0,3.0,81.5,26.0,Individual,5,High Risk,Manual Review
94265461,9850.0, 36 months,24.74,E,E3,8 years,RENT,29000.0,Source Verified,debt_consolidation,OR,31.54,0.0,685.0,689.0,0.0,68.9,12.0,Individual,5,High Risk,Manual Review
94218444,36450.0, 60 months,22.74,E,E1,2 years,OWN,26000.0,Verified,debt_consolidation,NY,52.03,0.0,685.0,689.0,0.0,55.1,19.0,Joint App,5,High Risk,Manual Review
94249920,15000.0, 36 months,22.74,E,E1,10+ years,RENT,85000.0,Source Verified,debt_consolidation,NV,32.54,0.0,685.0,689.0,2.0,56.2,12.0,Individual,5,High Risk,Manual Review
94280028,12000.0, 60 months,22.74,E,E1,< 1 year,RENT,37000.0,Source Verified,debt_consolidation,TX,34.12,0.0,665.0,669.0,0.0,93.8,19.0,Individual,6,High Risk,Manual Review
94354447,16000.0, 60 months,22.74,E,E1,3 years,MORTGAGE,225000.0,Source Verified,debt_consolidation,WA,30.97,2.0,710.0,714.0,0.0,89.2,37.0,Individual,7,High Risk,Manual Review
94115545,21825.0, 36 months,22.74,E,E1,2 years,RENT,48000.0,Source Verified,debt_consolidation,VA,34.81,2.0,665.0,669.0,1.0,38.7,13.0,Individual,6,High Risk,Manual Review
94342825,20000.0, 60 months,28.69,F,F1,3 years,MORTGAGE,86000.0,Verified,debt_consolidation,AZ,30.34,0.0,660.0,664.0,1.0,88.9,18.0,Individual,6,High Risk,Manual Review
93739580,19400.0, 60 months,25.49,E,E4,10+ years,MORTGAGE,82000.0,Verified,debt_consolidation,TX,33.4,0.0,710.0,714.0,1.0,71.0,29.0,Individual,5,High Risk,Manual Review
94235576,35000.0, 60 months,30.49,F,F4,10+ years,MORTGAGE,98000.0,Verified,debt_consolidation,FL,34.34,0.0,715.0,719.0,0.0,45.8,27.0,Individual,5,High Risk,Manual Review
94247263,21000.0, 60 months,28.69,F,F1,< 1 year,OWN,150000.0,Source Verified,major_purchase,WA,32.8,1.0,670.0,674.0,0.0,61.6,49.0,Individual,6,High Risk,Manual Review
94147292,30000.0, 60 months,24.74,E,E3,10+ years,MORTGAGE,75000.0,Source Verified,debt_consolidation,AL,30.32,0.0,695.0,699.0,0.0,71.7,32.0,Individual,5,High Risk,Manual Review
94238307,12000.0, 60 months,29.99,F,F3,4 years,OWN,25000.0,Verified,debt_consolidation,MT,42.39,0.0,665.0,669.0,1.0,32.9,19.0,Joint App,5,High Risk,Manual Review
94047028,14000.0, 60 months,30.79,G,G1,6 years,MORTGAGE,69000.0,Source Verified,debt_consolidation,FL,30.02,0.0,690.0,694.0,1.0,80.6,17.0,Individual,6,High Risk,Manual Review
94157398,14875.0, 60 months,24.74,E,E3,10+ years,MORTGAGE,78600.0,Not Verified,other,CA,32.82,1.0,700.0,704.0,0.0,66.6,28.0,Individual,6,High Risk,Manual Review
94343095,20000.0, 36 months,22.74,E,E1,10+ years,RENT,64000.0,Verified,debt_consolidation,VA,32.72,0.0,690.0,694.0,2.0,34.6,40.0,Individual,5,High Risk,Manual Review
94198531,11200.0, 60 months,29.49,F,F2,10+ years,OWN,50000.0,Not Verified,credit_card,MN,34.88,0.0,700.0,704.0,0.0,56.8,29.0,Individual,5,High Risk,Manual Review
93893269,7200.0, 36 months,16.99,D,D1,10+ years,OWN,52000.0,Verified,debt_consolidation,FL,32.49,1.0,680.0,684.0,0.0,84.9,17.0,Individual,5,High Risk,Manual Review
94287313,19475.0, 60 months,29.99,F,F3,6 years,MORTGAGE,85000.0,Verified,debt_consolidation,KY,22.97,1.0,675.0,679.0,1.0,91.1,18.0,Individual,5,High Risk,Manual Review
94245811,12650.0, 60 months,28.69,F,F1,1 year,MORTGAGE,82000.0,Source Verified,debt_consolidation,NC,30.44,0.0,680.0,684.0,0.0,48.1,19.0,Individual,5,High Risk,Manual Review
94228189,11700.0, 60 months,22.74,E,E1,8 years,RENT,37700.0,Source Verified,debt_consolidation,CO,31.01,0.0,725.0,729.0,0.0,56.5,14.0,Individual,5,High Risk,Manual Review
94147074,30800.0, 60 months,28.69,F,F1,10+ years,RENT,74000.0,Verified,debt_consolidation,NJ,31.04,0.0,675.0,679.0,0.0,24.6,25.0,Individual,5,High Risk,Manual Review
94166373,35000.0, 36 months,23.99,E,E2,10+ years,OWN,100000.0,Verified,debt_consolidation,TX,34.36,5.0,675.0,679.0,0.0,41.2,21.0,Individual,6,High Risk,Manual Review
93799456,11200.0, 60 months,26.24,E,E5,6 years,MORTGAGE,61000.0,Verified,home_improvement,FL,30.24,0.0,670.0,674.0,0.0,44.5,22.0,Individual,5,High Risk,Manual Review
94340587,32000.0, 60 months,25.49,E,E4,< 1 year,MORTGAGE,65000.0,Verified,other,VA,15.77,1.0,670.0,674.0,1.0,88.1,13.0,Individual,5,High Risk,Manual Review
94107672,8000.0, 36 months,22.74,E,E1,< 1 year,RENT,42000.0,Source Verified,other,TX,26.14,1.0,660.0,664.0,1.0,94.4,37.0,Individual,5,High Risk,Manual Review
94078602,28000.0, 60 months,29.49,F,F2,7 years,MORTGAGE,78968.0,Not Verified,debt_consolidation,CA,34.59,3.0,665.0,669.0,0.0,82.2,29.0,Individual,7,High Risk,Manual Review
94227947,15625.0, 60 months,26.24,E,E5,3 years,RENT,60000.0,Source Verified,credit_card,IL,33.2,0.0,675.0,679.0,0.0,49.9,22.0,Individual,5,High Risk,Manual Review
92430056,17500.0, 60 months,30.79,G,G1,10+ years,MORTGAGE,42500.0,Verified,debt_consolidation,MI,32.56,0.0,685.0,689.0,1.0,71.2,17.0,Individual,5,High Risk,Manual Review
93770786,28975.0, 60 months,29.99,F,F3,10+ years,OWN,63000.0,Source Verified,debt_consolidation,NY,31.14,0.0,665.0,669.0,0.0,81.7,18.0,Individual,6,High Risk,Manual Review
94216052,19000.0, 36 months,24.74,E,E3,6 years,MORTGAGE,50000.0,Source Verified,debt_consolidation,OH,32.42,0.0,660.0,664.0,0.0,45.4,20.0,Individual,5,High Risk,Manual Review
93780494,19725.0, 60 months,22.74,E,E1,,RENT,47000.0,Verified,debt_consolidation,CA,31.26,0.0,660.0,664.0,0.0,73.2,31.0,Individual,5,High Risk,Manual Review
93157574,5175.0, 36 months,22.74,E,E1,< 1 year,RENT,14400.0,Not Verified,debt_consolidation,WA,33.25,0.0,680.0,684.0,0.0,34.6,16.0,Individual,5,High Risk,Manual Review
94115947,12000.0, 60 months,29.49,F,F2,10+ years,MORTGAGE,60000.0,Verified,other,TX,33.76,0.0,665.0,669.0,1.0,71.6,33.0,Individual,5,High Risk,Manual Review
93801118,2625.0, 36 months,30.89,G,G3,1 year,MORTGAGE,20000.0,Verified,other,HI,31.03,0.0,665.0,669.0,0.0,75.1,7.0,Individual,5,High Risk,Manual Review
93740105,32000.0, 60 months,24.74,E,E3,1 year,MORTGAGE,105000.0,Verified,home_improvement,IN,31.9,0.0,670.0,674.0,3.0,45.1,53.0,Individual,5,High Risk,Manual Review
94362004,30000.0, 60 months,29.49,F,F2,10+ years,RENT,115000.0,Verified,debt_consolidation,SC,31.23,0.0,685.0,689.0,0.0,36.2,34.0,Individual,5,High Risk,Manual Review
93280599,31675.0, 60 months,26.24,E,E5,8 years,RENT,66000.0,Verified,debt_consolidation,IL,34.01,0.0,735.0,739.0,0.0,63.0,22.0,Individual,5,High Risk,Manual Review
93442245,14350.0, 60 months,30.74,F,F5,10+ years,OWN,70000.0,Source Verified,debt_consolidation,NC,31.17,0.0,690.0,694.0,0.0,63.8,24.0,Individual,5,High Risk,Manual Review
93534243,27000.0, 60 months,21.49,D,D5,10+ years,RENT,60000.0,Verified,debt_consolidation,TX,30.6,1.0,675.0,679.0,3.0,86.0,25.0,Individual,5,High Risk,Manual Review
94021399,18000.0, 60 months,24.74,E,E3,2 years,RENT,65000.0,Not Verified,debt_consolidation,OH,33.88,0.0,660.0,664.0,0.0,70.5,33.0,Individual,5,High Risk,Manual Review
94361202,12000.0, 60 months,24.74,E,E3,4 years,MORTGAGE,65000.0,Verified,debt_consolidation,IN,30.28,0.0,680.0,684.0,1.0,46.5,32.0,Individual,5,High Risk,Manual Review
94327819,6000.0, 36 months,25.49,E,E4,5 years,RENT,32000.0,Verified,vacation,FL,30.58,0.0,685.0,689.0,1.0,30.3,16.0,Individual,5,High Risk,Manual Review
94156543,30000.0, 60 months,17.99,D,D2,,MORTGAGE,22000.0,Verified,debt_consolidation,PA,56.9,2.0,665.0,669.0,0.0,96.3,12.0,Joint App,5,High Risk,Manual Review
94009330,7325.0, 36 months,22.74,E,E1,6 years,OWN,21600.0,Source Verified,home_improvement,MI,31.39,0.0,705.0,709.0,3.0,6.3,17.0,Individual,5,High Risk,Manual Review
94329036,12000.0, 60 months,22.74,E,E1,10+ years,MORTGAGE,47000.0,Source Verified,credit_card,LA,33.55,0.0,665.0,669.0,3.0,81.5,38.0,Individual,6,High Risk,Manual Review
93960364,5075.0, 36 months,29.49,F,F2,10+ years,MORTGAGE,65000.0,Verified,debt_consolidation,IN,30.11,1.0,660.0,664.0,1.0,28.3,40.0,Individual,6,High Risk,Manual Review
94350126,12000.0, 60 months,24.74,E,E3,3 years,RENT,56000.0,Not Verified,credit_card,CA,31.54,0.0,670.0,674.0,2.0,53.9,20.0,Individual,5,High Risk,Manual Review
94356598,16000.0, 36 months,17.99,D,D2,2 years,OWN,65000.0,Not Verified,debt_consolidation,CA,34.28,5.0,665.0,669.0,0.0,88.0,15.0,Individual,5,High Risk,Manual Review
93616258,5100.0, 36 months,30.74,F,F5,10+ years,RENT,47500.0,Verified,debt_consolidation,FL,30.87,0.0,665.0,669.0,1.0,40.0,23.0,Individual,5,High Risk,Manual Review
94255751,30000.0, 60 months,24.74,E,E3,1 year,RENT,105000.0,Verified,debt_consolidation,CA,33.27,3.0,660.0,664.0,0.0,51.2,20.0,Individual,6,High Risk,Manual Review
93843003,7525.0, 36 months,15.99,C,C5,< 1 year,MORTGAGE,30000.0,Source Verified,debt_consolidation,IN,31.32,1.0,665.0,669.0,0.0,94.6,30.0,Individual,5,High Risk,Manual Review
94307526,29025.0, 60 months,26.24,E,E5,< 1 year,RENT,63128.0,Verified,debt_consolidation,PA,31.14,0.0,675.0,679.0,1.0,42.1,32.0,Individual,5,High Risk,Manual Review
93982673,12300.0, 36 months,30.89,G,G3,3 years,RENT,48000.0,Source Verified,debt_consolidation,NY,33.48,1.0,675.0,679.0,0.0,95.6,22.0,Individual,7,High Risk,Manual Review
94126449,35000.0, 60 months,18.99,D,D3,9 years,MORTGAGE,53770.0,Verified,debt_consolidation,NY,43.5,1.0,670.0,674.0,0.0,85.0,47.0,Joint App,5,High Risk,Manual Review
94356038,11750.0, 60 months,22.74,E,E1,7 years,OWN,55104.0,Source Verified,debt_consolidation,PA,32.84,0.0,665.0,669.0,1.0,51.5,21.0,Individual,5,High Risk,Manual Review
93820302,10650.0, 36 months,18.99,D,D3,10+ years,RENT,54000.0,Source Verified,debt_consolidation,CA,34.69,3.0,690.0,694.0,0.0,81.7,23.0,Individual,5,High Risk,Manual Review
94165643,24000.0, 60 months,29.99,F,F3,10+ years,OWN,79000.0,Verified,debt_consolidation,TX,34.76,0.0,660.0,664.0,1.0,83.6,33.0,Individual,6,High Risk,Manual Review
94356219,35000.0, 36 months,28.69,F,F1,10+ years,MORTGAGE,75000.0,Not Verified,credit_card,KY,32.46,0.0,690.0,694.0,0.0,75.7,26.0,Individual,5,High Risk,Manual Review
93872481,13000.0, 60 months,26.24,E,E5,5 years,RENT,65000.0,Source Verified,debt_consolidation,FL,27.46,4.0,660.0,664.0,1.0,94.1,31.0,Individual,5,High Risk,Manual Review
94328685,14825.0, 60 months,22.74,E,E1,1 year,OWN,60000.0,Source Verified,medical,MA,32.46,0.0,685.0,689.0,0.0,82.5,9.0,Individual,6,High Risk,Manual Review
93605363,18000.0, 36 months,25.49,E,E4,2 years,MORTGAGE,67500.0,Verified,debt_consolidation,TX,32.42,0.0,695.0,699.0,3.0,35.5,30.0,Individual,5,High Risk,Manual Review
94185543,33500.0, 60 months,28.69,F,F1,,RENT,124951.0,Verified,credit_card,FL,34.66,0.0,690.0,694.0,2.0,54.8,36.0,Individual,5,High Risk,Manual Review
93625971,12000.0, 60 months,24.74,E,E3,8 years,MORTGAGE,71000.0,Verified,debt_consolidation,NC,31.86,0.0,675.0,679.0,0.0,100.0,15.0,Individual,6,High Risk,Manual Review
93115651,28000.0, 36 months,22.74,E,E1,10+ years,RENT,30000.0,Verified,debt_consolidation,CT,60.14,0.0,710.0,714.0,3.0,28.3,66.0,Joint App,5,High Risk,Manual Review
93811801,15000.0, 60 months,26.24,E,E5,2 years,RENT,56368.0,Verified,debt_consolidation,AR,34.77,0.0,685.0,689.0,0.0,85.1,19.0,Individual,6,High Risk,Manual Review
94337083,30000.0, 60 months,30.79,G,G1,10+ years,RENT,60000.0,Verified,debt_consolidation,GA,30.22,0.0,665.0,669.0,0.0,49.3,54.0,Individual,5,High Risk,Manual Review
94009313,17200.0, 60 months,30.74,F,F5,7 years,MORTGAGE,40000.0,Verified,debt_consolidation,NY,32.52,0.0,670.0,674.0,1.0,58.8,31.0,Individual,5,High Risk,Manual Review
94348354,15000.0, 60 months,28.69,F,F1,10+ years,RENT,63000.0,Source Verified,debt_consolidation,NJ,30.5,2.0,700.0,704.0,1.0,52.6,35.0,Individual,6,High Risk,Manual Review
94007112,16000.0, 60 months,29.99,F,F3,10+ years,RENT,55000.0,Source Verified,debt_consolidation,FL,34.17,0.0,695.0,699.0,0.0,78.9,25.0,Individual,5,High Risk,Manual Review
93524736,30000.0, 60 months,22.74,E,E1,10+ years,OWN,115000.0,Verified,debt_consolidation,NY,32.86,2.0,675.0,679.0,0.0,52.5,18.0,Individual,6,High Risk,Manual Review
93851406,10950.0, 60 months,30.99,G,G5,8 years,RENT,20000.0,Verified,debt_consolidation,CA,55.6,0.0,665.0,669.0,5.0,54.2,34.0,Joint App,5,High Risk,Manual Review
93982717,3200.0, 36 months,26.24,E,E5,2 years,RENT,75000.0,Not Verified,debt_consolidation,NV,20.24,2.0,680.0,684.0,2.0,92.0,15.0,Individual,5,High Risk,Manual Review
94097470,22000.0, 60 months,26.24,E,E5,3 years,RENT,50000.0,Not Verified,debt_consolidation,TX,33.99,0.0,690.0,694.0,0.0,52.0,32.0,Individual,5,High Risk,Manual Review
92568725,19300.0, 60 months,25.49,E,E4,8 years,MORTGAGE,42000.0,Not Verified,credit_card,OK,33.2,1.0,660.0,664.0,2.0,80.7,34.0,Individual,7,High Risk,Manual Review
94341545,20675.0, 36 months,22.74,E,E1,9 years,RENT,47000.0,Source Verified,debt_consolidation,CA,30.82,1.0,675.0,679.0,0.0,72.8,20.0,Individual,6,High Risk,Manual Review
93692912,30000.0, 60 months,29.99,F,F3,8 years,RENT,115000.0,Verified,debt_consolidation,TX,34.82,0.0,685.0,689.0,0.0,51.0,48.0,Individual,5,High Risk,Manual Review
94342155,30000.0, 60 months,30.74,F,F5,10+ years,MORTGAGE,64604.51,Verified,debt_consolidation,FL,33.7,0.0,685.0,689.0,0.0,87.7,12.0,Individual,6,High Risk,Manual Review
94335443,16375.0, 60 months,24.74,E,E3,< 1 year,RENT,39000.0,Not Verified,debt_consolidation,TX,32.49,0.0,680.0,684.0,0.0,59.4,35.0,Individual,5,High Risk,Manual Review
93919697,28550.0, 60 months,30.74,F,F5,10+ years,MORTGAGE,90000.0,Not Verified,debt_consolidation,IN,33.16,1.0,685.0,689.0,1.0,70.8,29.0,Individual,6,High Risk,Manual Review
94030056,27500.0, 60 months,22.74,E,E1,6 years,RENT,63500.0,Source Verified,debt_consolidation,TX,34.28,0.0,695.0,699.0,0.0,8.3,36.0,Individual,5,High Risk,Manual Review
93674747,10250.0, 60 months,28.69,F,F1,10+ years,MORTGAGE,100000.0,Verified,debt_consolidation,MA,30.61,1.0,665.0,669.0,0.0,63.5,22.0,Individual,6,High Risk,Manual Review
94336902,16000.0, 60 months,19.99,D,D4,10+ years,MORTGAGE,80939.0,Not Verified,credit_card,VA,31.66,1.0,695.0,699.0,0.0,80.9,18.0,Individual,5,High Risk,Manual Review
93996909,17300.0, 60 months,30.49,F,F4,10+ years,MORTGAGE,35000.0,Verified,debt_consolidation,VA,33.68,1.0,670.0,674.0,0.0,92.0,28.0,Joint App,7,High Risk,Manual Review
93910688,15200.0, 36 months,24.74,E,E3,,RENT,40000.0,Verified,debt_consolidation,MI,34.95,0.0,660.0,664.0,0.0,64.3,23.0,Individual,5,High Risk,Manual Review
94075125,14000.0, 36 months,25.49,E,E4,10+ years,RENT,50000.0,Source Verified,debt_consolidation,FL,30.2,0.0,700.0,704.0,0.0,57.5,19.0,Individual,5,High Risk,Manual Review
94337471,24000.0, 60 months,24.74,E,E3,7 years,MORTGAGE,63000.0,Source Verified,credit_card,LA,33.16,0.0,690.0,694.0,1.0,101.2,44.0,Individual,6,High Risk,Manual Review
94013815,21275.0, 60 months,26.24,E,E5,10+ years,RENT,56000.0,Verified,debt_consolidation,ID,19.33,2.0,665.0,669.0,0.0,92.3,28.0,Individual,5,High Risk,Manual Review
94176515,20000.0, 60 months,24.74,E,E3,10+ years,MORTGAGE,55600.0,Not Verified,debt_consolidation,CA,17.59,3.0,670.0,674.0,0.0,98.8,19.0,Individual,5,High Risk,Manual Review
92381655,10000.0, 60 months,22.74,E,E1,2 years,RENT,86000.0,Verified,debt_consolidation,CA,31.86,0.0,680.0,684.0,0.0,78.7,18.0,Individual,5,High Risk,Manual Review
93921972,3500.0, 36 months,22.74,E,E1,,OWN,86175.0,Verified,debt_consolidation,AZ,30.9,0.0,685.0,689.0,0.0,83.2,18.0,Individual,6,High Risk,Manual Review
93862695,11325.0, 60 months,29.49,F,F2,5 years,OWN,61000.0,Verified,debt_consolidation,OH,34.74,0.0,660.0,664.0,2.0,65.0,23.0,Individual,5,High Risk,Manual Review
94024702,12000.0, 60 months,26.24,E,E5,2 years,RENT,55000.0,Source Verified,credit_card,FL,32.23,0.0,660.0,664.0,1.0,75.5,26.0,Individual,5,High Risk,Manual Review
91974833,13800.0, 60 months,29.49,F,F2,10+ years,MORTGAGE,70000.0,Source Verified,medical,AZ,33.17,0.0,680.0,684.0,0.0,60.5,37.0,Individual,5,High Risk,Manual Review
93790900,20350.0, 60 months,22.74,E,E1,10+ years,MORTGAGE,60000.0,Not Verified,debt_consolidation,CO,33.28,0.0,725.0,729.0,1.0,32.8,31.0,Individual,5,High Risk,Manual Review
93444314,10875.0, 60 months,25.49,E,E4,10+ years,MORTGAGE,65000.0,Source Verified,home_improvement,PA,34.1,4.0,660.0,664.0,0.0,66.0,16.0,Individual,6,High Risk,Manual Review
94027174,26000.0, 36 months,30.74,F,F5,10+ years,MORTGAGE,138000.0,Source Verified,debt_consolidation,CA,13.7,1.0,670.0,674.0,0.0,84.8,18.0,Individual,5,High Risk,Manual Review
93400815,10000.0, 60 months,24.74,E,E3,2 years,RENT,28800.0,Verified,debt_consolidation,CA,32.5,0.0,680.0,684.0,1.0,55.0,14.0,Individual,5,High Risk,Manual Review
93762778,8125.0, 36 months,24.74,E,E3,10+ years,MORTGAGE,57000.0,Source Verified,debt_consolidation,WA,31.43,0.0,660.0,664.0,1.0,86.9,26.0,Individual,6,High Risk,Manual Review
94025235,15000.0, 60 months,25.49,E,E4,,MORTGAGE,50000.0,Not Verified,debt_consolidation,FL,31.92,1.0,685.0,689.0,0.0,44.8,40.0,Individual,6,High Risk,Manual Review
93782413,20000.0, 60 months,30.74,F,F5,3 years,RENT,115000.0,Verified,debt_consolidation,OR,8.29,2.0,665.0,669.0,0.0,83.0,12.0,Individual,5,High Risk,Manual Review
93760839,18225.0, 36 months,23.99,E,E2,,RENT,48000.0,Verified,debt_consolidation,CA,31.75,2.0,680.0,684.0,2.0,20.5,25.0,Individual,6,High Risk,Manual Review
93949122,12075.0, 60 months,25.49,E,E4,4 years,MORTGAGE,40000.0,Source Verified,debt_consolidation,CO,30.63,1.0,680.0,684.0,0.0,28.3,27.0,Individual,6,High Risk,Manual Review
94017322,5000.0, 36 months,28.69,F,F1,,OWN,16128.0,Verified,debt_consolidation,OK,30.13,0.0,670.0,674.0,4.0,30.3,19.0,Individual,5,High Risk,Manual Review
93603536,7200.0, 36 months,24.74,E,E3,,OWN,25000.0,Verified,debt_consolidation,CA,30.1,0.0,660.0,664.0,1.0,84.7,19.0,Individual,6,High Risk,Manual Review
93951998,8975.0, 36 months,25.49,E,E4,1 year,RENT,26400.0,Verified,debt_consolidation,AZ,34.36,0.0,665.0,669.0,2.0,76.3,9.0,Individual,5,High Risk,Manual Review
91873782,16000.0, 60 months,22.74,E,E1,7 years,MORTGAGE,60500.0,Source Verified,debt_consolidation,PA,33.98,0.0,685.0,689.0,0.0,50.9,42.0,Individual,5,High Risk,Manual Review
93740528,12000.0, 60 months,21.49,D,D5,7 years,RENT,48000.0,Verified,debt_consolidation,AL,33.5,1.0,660.0,664.0,0.0,100.6,24.0,Individual,5,High Risk,Manual Review
93789420,5550.0, 36 months,25.49,E,E4,6 years,RENT,60000.0,Verified,credit_card,NY,32.56,1.0,670.0,674.0,1.0,73.0,26.0,Individual,6,High Risk,Manual Review
93709223,35000.0, 60 months,26.24,E,E5,1 year,MORTGAGE,103000.0,Verified,debt_consolidation,CA,18.56,1.0,665.0,669.0,0.0,88.1,22.0,Individual,5,High Risk,Manual Review
93594926,17550.0, 36 months,24.74,E,E3,1 year,RENT,55730.0,Verified,debt_consolidation,CA,31.35,0.0,660.0,664.0,2.0,51.9,33.0,Individual,5,High Risk,Manual Review
93961622,11950.0, 60 months,29.49,F,F2,9 years,OWN,29300.0,Verified,debt_consolidation,OR,31.87,1.0,670.0,674.0,0.0,51.5,16.0,Individual,6,High Risk,Manual Review
93523094,3000.0, 36 months,23.99,E,E2,7 years,OWN,35000.0,Verified,renewable_energy,AK,3.88,2.0,700.0,704.0,1.0,89.4,4.0,Individual,5,High Risk,Manual Review
93961089,16000.0, 60 months,22.74,E,E1,10+ years,OWN,58000.0,Not Verified,debt_consolidation,WI,34.8,0.0,710.0,714.0,0.0,78.3,20.0,Individual,5,High Risk,Manual Review
93950364,10000.0, 60 months,30.84,G,G2,10+ years,OWN,32000.0,Source Verified,debt_consolidation,TX,34.69,0.0,670.0,674.0,0.0,64.0,19.0,Individual,5,High Risk,Manual Review
93870660,14000.0, 60 months,26.24,E,E5,10+ years,MORTGAGE,92000.0,Verified,other,FL,34.19,0.0,660.0,664.0,2.0,92.0,35.0,Individual,6,High Risk,Manual Review
92301766,20000.0, 36 months,30.74,F,F5,2 years,RENT,103500.0,Not Verified,credit_card,CA,34.97,0.0,690.0,694.0,0.0,92.7,39.0,Individual,6,High Risk,Manual Review
94022258,35000.0, 60 months,24.74,E,E3,1 year,MORTGAGE,40000.0,Source Verified,debt_consolidation,IL,30.69,4.0,675.0,679.0,1.0,53.8,48.0,Joint App,6,High Risk,Manual Review
93911475,18000.0, 36 months,22.74,E,E1,10+ years,MORTGAGE,85000.0,Source Verified,home_improvement,MI,30.95,0.0,735.0,739.0,0.0,36.5,24.0,Individual,5,High Risk,Manual Review
94011257,35000.0, 60 months,25.49,E,E4,10+ years,MORTGAGE,310000.0,Verified,debt_consolidation,CA,13.77,1.0,670.0,674.0,0.0,95.6,29.0,Individual,5,High Risk,Manual Review
94245418,14000.0, 60 months,26.24,E,E5,10+ years,RENT,35000.0,Source Verified,debt_consolidation,NY,32.17,0.0,695.0,699.0,0.0,56.2,21.0,Individual,5,High Risk,Manual Review
93790996,30000.0, 60 months,30.84,G,G2,10+ years,RENT,95000.0,Verified,credit_card,CA,29.45,1.0,660.0,664.0,0.0,97.1,12.0,Individual,5,High Risk,Manual Review
93741311,20000.0, 60 months,22.74,E,E1,4 years,MORTGAGE,109000.0,Not Verified,debt_consolidation,NM,31.08,0.0,700.0,704.0,0.0,80.5,42.0,Individual,6,High Risk,Manual Review
92084745,2800.0, 36 months,23.99,E,E2,9 years,MORTGAGE,26000.0,Verified,other,AR,33.75,0.0,715.0,719.0,0.0,62.5,15.0,Individual,5,High Risk,Manual Review
94003708,17650.0, 60 months,29.49,F,F2,10+ years,OWN,48000.0,Source Verified,debt_consolidation,TX,31.48,0.0,680.0,684.0,1.0,40.8,38.0,Individual,5,High Risk,Manual Review
93703365,5000.0, 36 months,23.99,E,E2,6 years,RENT,52500.0,Verified,other,CA,13.71,2.0,660.0,664.0,0.0,98.0,13.0,Individual,5,High Risk,Manual Review
93741218,21800.0, 60 months,26.24,E,E5,10+ years,RENT,60000.0,Verified,debt_consolidation,IL,19.88,1.0,675.0,679.0,0.0,92.0,8.0,Individual,5,High Risk,Manual Review
94009346,24000.0, 60 months,28.69,F,F1,8 years,RENT,90000.0,Not Verified,credit_card,KY,33.96,0.0,735.0,739.0,1.0,44.8,41.0,Individual,5,High Risk,Manual Review
92727449,30150.0, 60 months,30.74,F,F5,1 year,RENT,70000.0,Verified,debt_consolidation,CT,32.04,0.0,665.0,669.0,3.0,89.0,37.0,Individual,6,High Risk,Manual Review
93634534,19800.0, 60 months,24.74,E,E3,< 1 year,MORTGAGE,60000.0,Verified,debt_consolidation,OH,31.32,0.0,690.0,694.0,1.0,63.3,17.0,Individual,5,High Risk,Manual Review
93504198,15950.0, 60 months,22.74,E,E1,2 years,RENT,36000.0,Verified,debt_consolidation,KS,46.2,0.0,690.0,694.0,0.0,56.6,20.0,Joint App,5,High Risk,Manual Review
94003836,14700.0, 36 months,23.99,E,E2,2 years,RENT,32000.0,Source Verified,debt_consolidation,FL,34.07,0.0,685.0,689.0,0.0,28.7,24.0,Individual,5,High Risk,Manual Review
93790873,21975.0, 36 months,30.79,G,G1,8 years,MORTGAGE,59508.0,Verified,debt_consolidation,FL,32.06,0.0,665.0,669.0,2.0,64.6,26.0,Individual,5,High Risk,Manual Review
93810836,10000.0, 60 months,24.74,E,E3,2 years,RENT,35000.0,Verified,credit_card,FL,33.47,2.0,660.0,664.0,1.0,53.2,24.0,Individual,6,High Risk,Manual Review
93402025,10200.0, 36 months,23.99,E,E2,5 years,OWN,34000.0,Verified,debt_consolidation,UT,30.29,0.0,665.0,669.0,2.0,27.0,9.0,Individual,5,High Risk,Manual Review
94000290,21175.0, 36 months,22.74,E,E1,10+ years,RENT,43000.0,Verified,debt_consolidation,MD,42.03,0.0,675.0,679.0,1.0,83.7,14.0,Joint App,6,High Risk,Manual Review
93462981,24900.0, 60 months,28.69,F,F1,10+ years,RENT,101361.0,Not Verified,debt_consolidation,VA,28.35,1.0,670.0,674.0,1.0,82.0,37.0,Individual,5,High Risk,Manual Review
92862331,27000.0, 36 months,25.49,E,E4,10+ years,MORTGAGE,75000.0,Verified,debt_consolidation,NC,19.39,1.0,680.0,684.0,1.0,95.0,14.0,Individual,5,High Risk,Manual Review
94015430,24825.0, 36 months,23.99,E,E2,10+ years,MORTGAGE,56000.0,Verified,credit_card,MN,22.31,1.0,670.0,674.0,2.0,85.0,23.0,Joint App,5,High Risk,Manual Review
93943158,12000.0, 60 months,22.74,E,E1,,MORTGAGE,45000.0,Not Verified,credit_card,MN,34.88,0.0,680.0,684.0,1.0,79.0,33.0,Individual,5,High Risk,Manual Review
93742394,18625.0, 60 months,28.69,F,F1,< 1 year,OWN,40530.72,Source Verified,debt_consolidation,TX,34.47,0.0,730.0,734.0,0.0,83.5,17.0,Individual,6,High Risk,Manual Review
93910500,6700.0, 36 months,29.99,F,F3,4 years,RENT,21000.0,Verified,debt_consolidation,IN,31.43,0.0,665.0,669.0,0.0,76.8,14.0,Individual,5,High Risk,Manual Review
93869782,35000.0, 36 months,24.74,E,E3,< 1 year,RENT,90000.0,Verified,debt_consolidation,CA,31.44,0.0,715.0,719.0,0.0,85.8,24.0,Individual,6,High Risk,Manual Review
93710988,11200.0, 60 months,22.74,E,E1,6 years,RENT,50000.0,Verified,debt_consolidation,OR,32.93,0.0,690.0,694.0,0.0,64.8,13.0,Individual,5,High Risk,Manual Review
93959382,10000.0, 60 months,22.74,E,E1,1 year,RENT,53000.0,Verified,debt_consolidation,NY,31.59,2.0,665.0,669.0,3.0,47.0,27.0,Individual,6,High Risk,Manual Review
93402920,24625.0, 60 months,25.49,E,E4,2 years,RENT,56000.0,Not Verified,debt_consolidation,FL,31.85,0.0,675.0,679.0,0.0,24.3,37.0,Individual,5,High Risk,Manual Review
93749837,15000.0, 60 months,22.74,E,E1,1 year,MORTGAGE,47400.0,Verified,debt_consolidation,TN,31.96,0.0,710.0,714.0,0.0,24.3,28.0,Individual,5,High Risk,Manual Review
93930532,25000.0, 60 months,30.94,G,G4,10+ years,RENT,50000.0,Source Verified,debt_consolidation,NY,33.51,0.0,705.0,709.0,0.0,56.1,17.0,Individual,5,High Risk,Manual Review
93890663,24475.0, 60 months,25.49,E,E4,10+ years,OWN,58300.0,Verified,debt_consolidation,AZ,31.71,0.0,685.0,689.0,1.0,97.8,15.0,Individual,6,High Risk,Manual Review
93810457,17775.0, 36 months,15.99,C,C5,9 years,MORTGAGE,29000.0,Verified,debt_consolidation,TN,57.24,1.0,675.0,679.0,0.0,86.3,22.0,Joint App,5,High Risk,Manual Review
92123382,1750.0, 36 months,26.24,E,E5,2 years,MORTGAGE,33000.0,Verified,debt_consolidation,TX,30.95,0.0,690.0,694.0,0.0,91.6,7.0,Individual,6,High Risk,Manual Review
49208617,35000.0, 60 months,30.99,G,G5,10+ years,OWN,150549.0,Not Verified,debt_consolidation,NH,30.59,0.0,665.0,669.0,0.0,74.5,69.0,Individual,5,High Risk,Manual Review
93940531,28000.0, 36 months,23.99,E,E2,6 years,OWN,500000.0,Source Verified,other,FL,6.53,1.0,670.0,674.0,1.0,97.4,19.0,Individual,5,High Risk,Manual Review
93654372,12000.0, 60 months,22.74,E,E1,3 years,RENT,78000.0,Not Verified,other,GA,33.4,1.0,685.0,689.0,0.0,78.1,30.0,Individual,6,High Risk,Manual Review
93663702,4175.0, 36 months,25.49,E,E4,,RENT,19344.0,Verified,debt_consolidation,GA,34.37,0.0,695.0,699.0,0.0,63.7,18.0,Individual,5,High Risk,Manual Review
93553722,35000.0, 36 months,23.99,E,E2,6 years,OWN,100000.0,Verified,debt_consolidation,GA,24.65,1.0,665.0,669.0,2.0,92.0,29.0,Individual,5,High Risk,Manual Review
93718475,29000.0, 60 months,30.94,G,G4,7 years,MORTGAGE,58000.0,Verified,debt_consolidation,TX,32.2,2.0,665.0,669.0,0.0,75.5,38.0,Individual,6,High Risk,Manual Review
93217969,17275.0, 60 months,29.99,F,F3,2 years,RENT,48000.0,Verified,debt_consolidation,CA,32.3,0.0,680.0,684.0,2.0,81.0,23.0,Individual,6,High Risk,Manual Review
94006732,15050.0, 60 months,25.49,E,E4,5 years,RENT,38000.0,Verified,debt_consolidation,OH,41.06,0.0,670.0,674.0,1.0,18.3,16.0,Joint App,5,High Risk,Manual Review
93940382,11750.0, 60 months,30.79,G,G1,5 years,RENT,31000.0,Source Verified,debt_consolidation,CA,30.74,0.0,695.0,699.0,0.0,96.6,17.0,Individual,6,High Risk,Manual Review
93997946,14000.0, 60 months,29.49,F,F2,10+ years,MORTGAGE,36000.0,Verified,debt_consolidation,WI,40.03,2.0,665.0,669.0,0.0,55.4,20.0,Joint App,6,High Risk,Manual Review
93810403,11575.0, 60 months,25.49,E,E4,10+ years,RENT,59000.0,Verified,debt_consolidation,IL,31.81,0.0,665.0,669.0,1.0,29.0,34.0,Individual,5,High Risk,Manual Review
93402636,14000.0, 60 months,19.99,D,D4,10+ years,MORTGAGE,110000.0,Verified,debt_consolidation,FL,32.77,1.0,690.0,694.0,0.0,100.0,28.0,Individual,5,High Risk,Manual Review
91528777,22200.0, 60 months,26.24,E,E5,6 years,MORTGAGE,100000.0,Verified,debt_consolidation,NC,34.65,0.0,700.0,704.0,0.0,72.4,24.0,Individual,5,High Risk,Manual Review
93912497,6000.0, 36 months,24.74,E,E3,10+ years,RENT,72000.0,Not Verified,debt_consolidation,CO,33.95,0.0,665.0,669.0,0.0,76.1,26.0,Individual,5,High Risk,Manual Review
93593725,4550.0, 36 months,24.74,E,E3,8 years,RENT,105000.0,Source Verified,small_business,TX,30.77,0.0,685.0,689.0,1.0,11.1,13.0,Individual,5,High Risk,Manual Review
93810137,7450.0, 36 months,29.99,F,F3,10+ years,MORTGAGE,60000.0,Verified,debt_consolidation,TX,34.32,2.0,685.0,689.0,1.0,35.0,18.0,Individual,6,High Risk,Manual Review
93890007,25000.0, 60 months,26.24,E,E5,4 years,MORTGAGE,100000.0,Not Verified,credit_card,HI,31.55,0.0,660.0,664.0,1.0,88.4,19.0,Individual,6,High Risk,Manual Review
93994425,26400.0, 60 months,22.74,E,E1,4 years,MORTGAGE,115000.0,Verified,credit_card,IL,16.16,4.0,690.0,694.0,1.0,102.7,25.0,Individual,5,High Risk,Manual Review
93996231,15000.0, 36 months,22.74,E,E1,,MORTGAGE,93000.0,Not Verified,debt_consolidation,IL,33.51,0.0,665.0,669.0,0.0,49.2,24.0,Individual,5,High Risk,Manual Review
93433869,10000.0, 60 months,28.69,F,F1,3 years,RENT,49000.0,Verified,debt_consolidation,FL,33.41,1.0,675.0,679.0,0.0,48.3,13.0,Individual,6,High Risk,Manual Review
71934973,19500.0, 60 months,28.69,F,F1,7 years,MORTGAGE,43440.0,Not Verified,debt_consolidation,TN,30.19,0.0,695.0,699.0,1.0,79.5,50.0,Individual,5,High Risk,Manual Review
93168211,20725.0, 60 months,30.74,F,F5,10+ years,OWN,110000.0,Verified,debt_consolidation,IL,33.58,1.0,670.0,674.0,3.0,43.9,58.0,Individual,6,High Risk,Manual Review
93132447,12000.0, 36 months,22.74,E,E1,2 years,RENT,40000.0,Not Verified,credit_card,NJ,31.83,0.0,670.0,674.0,0.0,58.5,20.0,Individual,5,High Risk,Manual Review
93434448,19000.0, 60 months,30.89,G,G3,1 year,RENT,50000.0,Verified,debt_consolidation,TN,30.03,0.0,670.0,674.0,0.0,70.0,11.0,Individual,5,High Risk,Manual Review
93402527,33200.0, 60 months,22.74,E,E1,10+ years,MORTGAGE,168000.0,Verified,debt_consolidation,AZ,32.93,0.0,685.0,689.0,0.0,32.1,42.0,Individual,5,High Risk,Manual Review
93991022,12600.0, 60 months,28.69,F,F1,1 year,RENT,40000.0,Source Verified,debt_consolidation,MA,33.51,0.0,670.0,674.0,0.0,75.8,16.0,Individual,5,High Risk,Manual Review
93687669,12000.0, 60 months,24.74,E,E3,1 year,RENT,55000.0,Verified,debt_consolidation,OH,30.35,0.0,660.0,664.0,1.0,81.0,18.0,Individual,6,High Risk,Manual Review
93737850,12000.0, 60 months,29.49,F,F2,1 year,RENT,40000.0,Source Verified,debt_consolidation,NY,34.45,0.0,675.0,679.0,1.0,81.8,21.0,Individual,6,High Risk,Manual Review
93102173,13625.0, 60 months,30.74,F,F5,9 years,MORTGAGE,37863.0,Source Verified,debt_consolidation,GA,32.39,0.0,710.0,714.0,0.0,45.2,33.0,Individual,5,High Risk,Manual Review
94003246,10000.0, 36 months,17.99,D,D2,2 years,RENT,43680.0,Verified,debt_consolidation,NY,31.75,2.0,660.0,664.0,0.0,91.8,29.0,Joint App,5,High Risk,Manual Review
93829831,12000.0, 60 months,25.49,E,E4,< 1 year,MORTGAGE,55000.0,Source Verified,debt_consolidation,WA,30.87,0.0,665.0,669.0,0.0,97.2,19.0,Individual,6,High Risk,Manual Review
93603074,25000.0, 60 months,15.99,C,C5,2 years,MORTGAGE,54000.0,Not Verified,debt_consolidation,MO,32.82,1.0,690.0,694.0,1.0,91.3,15.0,Joint App,5,High Risk,Manual Review
93749531,11750.0, 60 months,26.24,E,E5,10+ years,OWN,45000.0,Not Verified,debt_consolidation,KS,30.64,0.0,680.0,684.0,0.0,82.0,26.0,Individual,6,High Risk,Manual Review
94009025,18000.0, 60 months,25.49,E,E4,2 years,MORTGAGE,51500.0,Not Verified,debt_consolidation,KS,33.19,0.0,675.0,679.0,1.0,89.2,56.0,Individual,6,High Risk,Manual Review
94008391,20000.0, 60 months,22.74,E,E1,2 years,MORTGAGE,95000.0,Not Verified,debt_consolidation,TX,31.66,1.0,710.0,714.0,1.0,51.8,32.0,Individual,6,High Risk,Manual Review
91636320,12600.0, 60 months,22.74,E,E1,10+ years,MORTGAGE,52000.0,Not Verified,debt_consolidation,NC,34.32,1.0,670.0,674.0,0.0,52.8,20.0,Individual,6,High Risk,Manual Review
93829528,15000.0, 60 months,30.49,F,F4,< 1 year,MORTGAGE,37000.0,Source Verified,debt_consolidation,CA,31.14,0.0,670.0,674.0,1.0,81.5,15.0,Individual,6,High Risk,Manual Review
93603808,15000.0, 60 months,30.49,F,F4,10+ years,RENT,47000.0,Not Verified,debt_consolidation,NY,33.68,0.0,690.0,694.0,0.0,60.6,38.0,Individual,5,High Risk,Manual Review
93899586,32000.0, 60 months,26.24,E,E5,10+ years,MORTGAGE,122616.0,Verified,debt_consolidation,FL,20.08,3.0,660.0,664.0,0.0,90.8,25.0,Individual,5,High Risk,Manual Review
93779992,22850.0, 36 months,17.99,D,D2,3 years,MORTGAGE,100000.0,Not Verified,debt_consolidation,TX,30.59,2.0,660.0,664.0,2.0,82.6,37.0,Joint App,5,High Risk,Manual Review
93869330,8000.0, 36 months,22.74,E,E1,6 years,RENT,42000.0,Source Verified,debt_consolidation,GA,32.91,0.0,730.0,734.0,1.0,29.6,14.0,Individual,5,High Risk,Manual Review
93992647,25000.0, 60 months,15.99,C,C5,10+ years,MORTGAGE,62000.0,Verified,debt_consolidation,FL,41.73,3.0,660.0,664.0,0.0,89.6,15.0,Joint App,5,High Risk,Manual Review
93687884,21000.0, 60 months,26.24,E,E5,9 years,MORTGAGE,80000.0,Not Verified,credit_card,IL,33.96,0.0,710.0,714.0,0.0,13.5,25.0,Individual,5,High Risk,Manual Review
92777684,14000.0, 60 months,30.49,F,F4,10+ years,RENT,65000.0,Verified,debt_consolidation,CA,32.74,0.0,680.0,684.0,1.0,96.5,23.0,Individual,6,High Risk,Manual Review
91964150,23450.0, 36 months,22.74,E,E1,2 years,MORTGAGE,83500.0,Verified,credit_card,SC,30.09,2.0,680.0,684.0,0.0,55.4,50.0,Individual,6,High Risk,Manual Review
93317587,20000.0, 60 months,24.74,E,E3,8 years,MORTGAGE,93000.0,Verified,debt_consolidation,VA,33.38,0.0,695.0,699.0,0.0,85.2,18.0,Individual,6,High Risk,Manual Review
92779170,6400.0, 36 months,24.74,E,E3,10+ years,RENT,50000.0,Verified,credit_card,ME,33.05,0.0,670.0,674.0,0.0,75.6,27.0,Individual,5,High Risk,Manual Review
92637550,15000.0, 36 months,24.74,E,E3,6 years,RENT,49637.76,Verified,credit_card,MD,32.54,0.0,675.0,679.0,0.0,53.1,9.0,Individual,5,High Risk,Manual Review
93749253,12650.0, 60 months,25.49,E,E4,,RENT,39600.0,Verified,debt_consolidation,GA,32.42,0.0,660.0,664.0,0.0,75.4,13.0,Individual,5,High Risk,Manual Review
93709447,22175.0, 60 months,28.69,F,F1,6 years,MORTGAGE,57000.0,Verified,debt_consolidation,TX,33.28,0.0,665.0,669.0,1.0,65.4,40.0,Individual,5,High Risk,Manual Review
93603731,35000.0, 36 months,16.99,D,D1,10+ years,MORTGAGE,80000.0,Verified,debt_consolidation,MS,30.47,4.0,670.0,674.0,0.0,93.0,32.0,Individual,5,High Risk,Manual Review
93505041,16000.0, 60 months,22.74,E,E1,8 years,MORTGAGE,39500.0,Source Verified,credit_card,PA,30.51,0.0,690.0,694.0,1.0,49.4,34.0,Individual,5,High Risk,Manual Review
93513994,15100.0, 36 months,22.74,E,E1,10+ years,RENT,37767.0,Verified,debt_consolidation,WA,30.66,0.0,680.0,684.0,0.0,41.5,26.0,Individual,5,High Risk,Manual Review
93969707,12850.0, 60 months,25.49,E,E4,5 years,RENT,45000.0,Not Verified,other,MA,34.21,0.0,750.0,754.0,0.0,31.0,24.0,Individual,5,High Risk,Manual Review
93636039,12800.0, 36 months,22.74,E,E1,3 years,RENT,32000.0,Verified,debt_consolidation,CA,34.25,0.0,660.0,664.0,0.0,48.6,9.0,Individual,5,High Risk,Manual Review
93635262,12225.0, 36 months,30.49,F,F4,4 years,RENT,44780.0,Verified,debt_consolidation,CA,31.06,0.0,675.0,679.0,0.0,84.2,18.0,Individual,6,High Risk,Manual Review
93830532,12000.0, 60 months,26.24,E,E5,2 years,OWN,35000.0,Source Verified,debt_consolidation,GA,31.86,0.0,715.0,719.0,0.0,29.8,32.0,Individual,5,High Risk,Manual Review
93445076,35000.0, 60 months,25.49,E,E4,10+ years,MORTGAGE,154000.0,Source Verified,debt_consolidation,AZ,11.6,1.0,660.0,664.0,0.0,80.5,42.0,Individual,5,High Risk,Manual Review
92921226,25000.0, 60 months,22.74,E,E1,5 years,RENT,58000.0,Verified,credit_card,PA,33.89,0.0,675.0,679.0,1.0,51.0,15.0,Individual,5,High Risk,Manual Review
93228086,6000.0, 36 months,15.99,C,C5,10+ years,RENT,38000.0,Verified,debt_consolidation,MN,30.7,2.0,665.0,669.0,2.0,81.0,23.0,Individual,5,High Risk,Manual Review
93402835,14000.0, 60 months,30.79,G,G1,10+ years,RENT,72000.0,Verified,debt_consolidation,FL,31.93,0.0,665.0,669.0,1.0,87.1,20.0,Individual,6,High Risk,Manual Review
92124412,35000.0, 60 months,28.69,F,F1,2 years,MORTGAGE,150000.0,Source Verified,home_improvement,WI,12.62,1.0,670.0,674.0,1.0,84.0,19.0,Individual,5,High Risk,Manual Review
93889787,16800.0, 60 months,24.74,E,E3,< 1 year,OWN,35000.0,Source Verified,credit_card,TX,33.09,0.0,695.0,699.0,0.0,73.7,15.0,Individual,5,High Risk,Manual Review
93704215,8125.0, 36 months,26.24,E,E5,2 years,RENT,50000.0,Verified,debt_consolidation,MO,34.47,0.0,665.0,669.0,2.0,90.6,10.0,Individual,6,High Risk,Manual Review
93052332,20000.0, 36 months,15.99,C,C5,6 years,MORTGAGE,132000.0,Verified,debt_consolidation,OH,33.0,1.0,660.0,664.0,0.0,80.6,43.0,Individual,5,High Risk,Manual Review
93435034,18775.0, 60 months,26.24,E,E5,4 years,RENT,65000.0,Verified,debt_consolidation,SC,22.03,2.0,680.0,684.0,1.0,86.0,17.0,Individual,5,High Risk,Manual Review
93032049,7500.0, 36 months,22.74,E,E1,1 year,RENT,45000.0,Verified,moving,GA,30.8,0.0,680.0,684.0,0.0,96.3,25.0,Individual,6,High Risk,Manual Review
93721180,18000.0, 60 months,25.49,E,E4,10+ years,OWN,85000.0,Verified,debt_consolidation,IL,31.17,0.0,715.0,719.0,2.0,69.2,24.0,Joint App,5,High Risk,Manual Review
93720278,10000.0, 36 months,22.74,E,E1,3 years,RENT,60000.0,Source Verified,other,AZ,33.38,1.0,680.0,684.0,2.0,45.8,47.0,Individual,6,High Risk,Manual Review
93998670,20000.0, 60 months,26.24,E,E5,10+ years,MORTGAGE,46000.0,Not Verified,debt_consolidation,TN,31.88,1.0,720.0,724.0,0.0,16.2,48.0,Individual,6,High Risk,Manual Review
93494332,14075.0, 60 months,30.94,G,G4,5 years,OWN,40000.0,Source Verified,debt_consolidation,MI,34.68,1.0,675.0,679.0,0.0,66.8,26.0,Individual,6,High Risk,Manual Review
93603192,2000.0, 36 months,26.24,E,E5,2 years,MORTGAGE,120000.0,Verified,renewable_energy,TX,33.28,1.0,660.0,664.0,0.0,68.5,37.0,Individual,6,High Risk,Manual Review
93492572,35000.0, 36 months,22.74,E,E1,10+ years,MORTGAGE,125000.0,Verified,debt_consolidation,NC,18.24,1.0,685.0,689.0,2.0,93.0,15.0,Individual,5,High Risk,Manual Review
93505607,8625.0, 36 months,22.74,E,E1,< 1 year,MORTGAGE,28800.0,Verified,debt_consolidation,TN,32.21,1.0,665.0,669.0,0.0,66.3,19.0,Individual,6,High Risk,Manual Review
93604663,1975.0, 36 months,23.99,E,E2,8 years,RENT,26000.0,Verified,credit_card,VA,33.84,0.0,675.0,679.0,2.0,82.0,13.0,Individual,6,High Risk,Manual Review
93613051,20000.0, 60 months,23.99,E,E2,9 years,RENT,55000.0,Verified,credit_card,CA,32.45,0.0,680.0,684.0,3.0,70.0,22.0,Individual,5,High Risk,Manual Review
93555660,13200.0, 60 months,23.99,E,E2,2 years,RENT,40040.0,Verified,debt_consolidation,MN,34.47,0.0,695.0,699.0,1.0,33.0,19.0,Individual,5,High Risk,Manual Review
93444625,17475.0, 60 months,25.49,E,E4,10+ years,RENT,38000.0,Verified,moving,NJ,33.73,0.0,685.0,689.0,0.0,59.5,28.0,Individual,5,High Risk,Manual Review
93920301,14000.0, 60 months,15.99,C,C5,< 1 year,MORTGAGE,170000.0,Verified,credit_card,GA,32.64,1.0,685.0,689.0,0.0,85.2,54.0,Individual,5,High Risk,Manual Review
93720653,19875.0, 60 months,28.69,F,F1,< 1 year,RENT,10000.0,Source Verified,debt_consolidation,NE,149.46,0.0,695.0,699.0,0.0,77.7,14.0,Joint App,5,High Risk,Manual Review
93534979,5000.0, 36 months,25.49,E,E4,5 years,RENT,34000.0,Verified,debt_consolidation,MI,31.91,0.0,670.0,674.0,4.0,46.1,72.0,Individual,5,High Risk,Manual Review
93615684,11100.0, 60 months,15.99,C,C5,5 years,MORTGAGE,33500.0,Source Verified,credit_card,WI,62.41,1.0,680.0,684.0,1.0,91.6,20.0,Joint App,5,High Risk,Manual Review
93655226,10975.0, 60 months,29.99,F,F3,6 years,MORTGAGE,81000.0,Source Verified,home_improvement,GA,13.11,1.0,665.0,669.0,1.0,80.3,13.0,Individual,5,High Risk,Manual Review
92901359,6025.0, 36 months,23.99,E,E2,10+ years,OWN,45000.0,Source Verified,debt_consolidation,MA,29.95,1.0,675.0,679.0,0.0,93.2,28.0,Individual,5,High Risk,Manual Review
93700611,28000.0, 60 months,22.74,E,E1,< 1 year,MORTGAGE,12000.0,Verified,credit_card,NH,308.58,0.0,680.0,684.0,0.0,71.3,35.0,Joint App,5,High Risk,Manual Review
93555208,10000.0, 36 months,22.74,E,E1,5 years,OWN,45000.0,Not Verified,credit_card,KS,33.76,0.0,695.0,699.0,5.0,36.1,20.0,Individual,5,High Risk,Manual Review
93790062,18000.0, 60 months,22.74,E,E1,3 years,MORTGAGE,65000.0,Source Verified,debt_consolidation,CA,32.96,2.0,675.0,679.0,0.0,62.2,50.0,Individual,6,High Risk,Manual Review
93698932,5625.0, 36 months,23.99,E,E2,6 years,MORTGAGE,50990.0,Source Verified,debt_consolidation,TN,33.44,0.0,665.0,669.0,0.0,71.3,12.0,Joint App,5,High Risk,Manual Review
93624861,19750.0, 60 months,30.94,G,G4,4 years,MORTGAGE,52000.0,Verified,debt_consolidation,LA,33.9,1.0,665.0,669.0,0.0,91.0,27.0,Individual,7,High Risk,Manual Review
93525094,16000.0, 60 months,26.24,E,E5,7 years,MORTGAGE,53574.0,Verified,debt_consolidation,GA,33.52,0.0,670.0,674.0,0.0,45.4,25.0,Individual,5,High Risk,Manual Review
93544440,12000.0, 60 months,24.74,E,E3,10+ years,MORTGAGE,42000.0,Verified,debt_consolidation,IN,31.77,0.0,685.0,689.0,0.0,71.7,29.0,Individual,5,High Risk,Manual Review
93614913,19850.0, 60 months,26.24,E,E5,10+ years,RENT,65000.0,Source Verified,debt_consolidation,NJ,30.25,0.0,745.0,749.0,1.0,35.6,21.0,Individual,5,High Risk,Manual Review
93042683,12000.0, 60 months,26.24,E,E5,10+ years,RENT,60000.0,Source Verified,debt_consolidation,NY,20.38,1.0,680.0,684.0,2.0,81.2,16.0,Individual,5,High Risk,Manual Review
93737395,18350.0, 60 months,24.74,E,E3,9 years,OWN,50000.0,Source Verified,debt_consolidation,VA,31.4,1.0,660.0,664.0,0.0,58.1,27.0,Individual,6,High Risk,Manual Review
93623311,35000.0, 60 months,26.24,E,E5,< 1 year,MORTGAGE,90000.0,Verified,debt_consolidation,MO,31.73,0.0,670.0,674.0,1.0,91.2,27.0,Individual,6,High Risk,Manual Review
93654730,15175.0, 60 months,30.94,G,G4,8 years,RENT,58000.0,Not Verified,debt_consolidation,PA,31.03,0.0,665.0,669.0,0.0,81.1,15.0,Individual,6,High Risk,Manual Review
93662862,15000.0, 60 months,23.99,E,E2,10+ years,MORTGAGE,60000.0,Verified,credit_card,CA,33.66,1.0,675.0,679.0,2.0,36.0,37.0,Individual,6,High Risk,Manual Review
93759678,13200.0, 60 months,25.49,E,E4,10+ years,MORTGAGE,85000.0,Verified,debt_consolidation,KS,30.3,0.0,680.0,684.0,1.0,94.7,22.0,Individual,6,High Risk,Manual Review
93683154,16500.0, 60 months,30.84,G,G2,7 years,RENT,52000.0,Source Verified,debt_consolidation,WA,31.16,0.0,730.0,734.0,1.0,14.4,23.0,Individual,5,High Risk,Manual Review
93157888,25000.0, 60 months,25.49,E,E4,2 years,MORTGAGE,75000.0,Not Verified,debt_consolidation,IL,30.56,0.0,725.0,729.0,1.0,31.8,31.0,Individual,5,High Risk,Manual Review
93502187,19200.0, 36 months,26.24,E,E5,< 1 year,RENT,42000.0,Verified,debt_consolidation,ID,36.4,1.0,680.0,684.0,1.0,51.6,17.0,Joint App,6,High Risk,Manual Review
93297507,20200.0, 60 months,22.74,E,E1,10+ years,MORTGAGE,86000.0,Verified,debt_consolidation,PA,33.7,0.0,685.0,689.0,0.0,65.5,23.0,Individual,5,High Risk,Manual Review
93690983,16000.0, 60 months,22.74,E,E1,10+ years,MORTGAGE,59000.0,Not Verified,debt_consolidation,IL,32.91,3.0,700.0,704.0,0.0,42.3,28.0,Joint App,6,High Risk,Manual Review
93700958,15000.0, 60 months,24.74,E,E3,3 years,RENT,46000.0,Source Verified,credit_card,NY,32.81,0.0,735.0,739.0,0.0,25.1,19.0,Individual,5,High Risk,Manual Review
93716450,5025.0, 36 months,25.49,E,E4,10+ years,MORTGAGE,56400.0,Source Verified,debt_consolidation,MO,34.32,0.0,660.0,664.0,1.0,90.2,26.0,Individual,6,High Risk,Manual Review
93433554,14175.0, 36 months,22.74,E,E1,2 years,OWN,87000.0,Not Verified,small_business,CO,33.68,2.0,670.0,674.0,0.0,67.8,26.0,Individual,6,High Risk,Manual Review
93687817,37075.0, 60 months,28.69,F,F1,10+ years,RENT,120000.0,Not Verified,debt_consolidation,TX,32.35,0.0,685.0,689.0,1.0,80.3,44.0,Individual,6,High Risk,Manual Review
93705155,19750.0, 60 months,30.79,G,G1,2 years,RENT,52000.0,Source Verified,debt_consolidation,IN,32.45,0.0,675.0,679.0,1.0,91.2,15.0,Individual,6,High Risk,Manual Review
92982524,17225.0, 60 months,26.24,E,E5,,MORTGAGE,51833.82,Verified,debt_consolidation,PA,33.13,1.0,670.0,674.0,3.0,45.5,30.0,Individual,6,High Risk,Manual Review
93104507,8225.0, 36 months,23.99,E,E2,10+ years,RENT,24500.0,Verified,debt_consolidation,FL,34.74,0.0,705.0,709.0,1.0,40.0,11.0,Individual,5,High Risk,Manual Review
93696764,24000.0, 60 months,22.74,E,E1,3 years,RENT,75000.0,Verified,debt_consolidation,NJ,39.31,1.0,665.0,669.0,0.0,71.0,36.0,Joint App,6,High Risk,Manual Review
93277781,18900.0, 60 months,24.74,E,E3,10+ years,RENT,43000.0,Verified,debt_consolidation,FL,31.93,0.0,690.0,694.0,0.0,75.8,27.0,Individual,5,High Risk,Manual Review
93692958,6000.0, 36 months,24.74,E,E3,5 years,MORTGAGE,38000.0,Source Verified,credit_card,FL,30.98,0.0,695.0,699.0,0.0,39.1,14.0,Individual,5,High Risk,Manual Review
92525105,25000.0, 60 months,25.49,E,E4,10+ years,RENT,55000.0,Source Verified,debt_consolidation,NY,33.12,0.0,680.0,684.0,0.0,58.5,11.0,Individual,5,High Risk,Manual Review
93368808,27400.0, 36 months,25.49,E,E4,10+ years,MORTGAGE,100000.0,Verified,debt_consolidation,MO,30.12,0.0,690.0,694.0,0.0,39.3,30.0,Individual,5,High Risk,Manual Review
93585932,35000.0, 60 months,17.99,D,D2,10+ years,MORTGAGE,116000.0,Verified,debt_consolidation,PA,34.99,1.0,675.0,679.0,1.0,87.1,44.0,Individual,5,High Risk,Manual Review
91784574,35000.0, 36 months,17.99,D,D2,10+ years,MORTGAGE,90000.0,Verified,credit_card,KS,32.05,1.0,680.0,684.0,1.0,97.3,22.0,Individual,5,High Risk,Manual Review
93633976,10500.0, 60 months,24.74,E,E3,10+ years,OWN,80000.0,Source Verified,credit_card,TX,33.41,0.0,690.0,694.0,1.0,71.4,38.0,Individual,5,High Risk,Manual Review
92183549,35000.0, 60 months,30.74,F,F5,2 years,MORTGAGE,150000.0,Verified,credit_card,NY,32.79,2.0,675.0,679.0,0.0,71.2,36.0,Individual,6,High Risk,Manual Review
93228066,12550.0, 60 months,30.84,G,G2,10+ years,MORTGAGE,45000.0,Source Verified,credit_card,OH,34.56,0.0,700.0,704.0,1.0,76.6,18.0,Individual,5,High Risk,Manual Review
92698487,35000.0, 60 months,26.24,E,E5,< 1 year,RENT,95000.0,Verified,debt_consolidation,NY,16.03,4.0,670.0,674.0,0.0,87.0,30.0,Individual,5,High Risk,Manual Review
92871341,14400.0, 60 months,25.49,E,E4,10+ years,MORTGAGE,65900.0,Verified,home_improvement,AZ,34.82,0.0,670.0,674.0,0.0,28.9,29.0,Individual,5,High Risk,Manual Review
93482133,10000.0, 36 months,28.69,F,F1,3 years,RENT,40000.0,Verified,other,TX,33.81,0.0,730.0,734.0,2.0,7.8,29.0,Individual,5,High Risk,Manual Review
93711798,8000.0, 36 months,24.74,E,E3,6 years,RENT,38000.0,Source Verified,debt_consolidation,FL,32.79,0.0,660.0,664.0,0.0,51.3,18.0,Individual,5,High Risk,Manual Review
93685766,11200.0, 60 months,22.74,E,E1,,MORTGAGE,55000.0,Verified,other,MS,31.66,0.0,665.0,669.0,1.0,77.0,9.0,Individual,5,High Risk,Manual Review
92419169,10000.0, 60 months,30.49,F,F4,7 years,RENT,39000.0,Source Verified,debt_consolidation,PA,31.88,0.0,665.0,669.0,0.0,54.4,32.0,Individual,5,High Risk,Manual Review
93461803,16000.0, 60 months,25.49,E,E4,10+ years,RENT,163000.0,Verified,credit_card,CA,30.17,0.0,680.0,684.0,1.0,84.4,31.0,Individual,6,High Risk,Manual Review
93690264,35000.0, 60 months,22.74,E,E1,10+ years,MORTGAGE,92500.0,Verified,credit_card,MI,31.02,1.0,660.0,664.0,0.0,76.0,24.0,Individual,6,High Risk,Manual Review
93414334,12000.0, 60 months,26.24,E,E5,2 years,MORTGAGE,55000.0,Source Verified,debt_consolidation,MN,32.14,2.0,660.0,664.0,2.0,58.7,21.0,Individual,6,High Risk,Manual Review
93555460,8500.0, 36 months,29.49,F,F2,< 1 year,RENT,25000.0,Verified,debt_consolidation,CA,31.2,0.0,680.0,684.0,0.0,48.6,12.0,Individual,5,High Risk,Manual Review
93543899,12725.0, 60 months,29.49,F,F2,2 years,MORTGAGE,63600.0,Source Verified,debt_consolidation,MI,31.08,0.0,670.0,674.0,1.0,75.8,29.0,Individual,5,High Risk,Manual Review
93533196,32000.0, 60 months,26.24,E,E5,7 years,MORTGAGE,81000.0,Verified,debt_consolidation,MI,29.56,1.0,665.0,669.0,0.0,88.8,16.0,Individual,5,High Risk,Manual Review
92239042,28000.0, 60 months,25.49,E,E4,8 years,RENT,57000.0,Verified,debt_consolidation,SD,35.2,0.0,660.0,664.0,0.0,78.3,64.0,Joint App,5,High Risk,Manual Review
93337665,8000.0, 36 months,15.99,C,C5,9 years,MORTGAGE,50000.0,Source Verified,debt_consolidation,KS,32.67,2.0,670.0,674.0,0.0,80.4,25.0,Individual,5,High Risk,Manual Review
93543468,4000.0, 36 months,22.74,E,E1,10+ years,RENT,32000.0,Verified,other,NV,22.06,1.0,660.0,664.0,0.0,89.1,9.0,Individual,5,High Risk,Manual Review
93428232,29400.0, 36 months,24.74,E,E3,9 years,RENT,44000.0,Verified,debt_consolidation,TN,40.29,0.0,670.0,674.0,0.0,71.6,10.0,Joint App,5,High Risk,Manual Review
93369035,17725.0, 60 months,22.74,E,E1,< 1 year,MORTGAGE,41000.0,Verified,debt_consolidation,NY,40.41,0.0,680.0,684.0,3.0,72.9,18.0,Joint App,5,High Risk,Manual Review
93633117,12400.0, 60 months,26.24,E,E5,10+ years,MORTGAGE,63000.0,Verified,debt_consolidation,PA,33.3,0.0,680.0,684.0,0.0,89.5,16.0,Individual,6,High Risk,Manual Review
93643392,14875.0, 36 months,25.49,E,E4,3 years,MORTGAGE,58000.0,Source Verified,debt_consolidation,AZ,32.92,0.0,665.0,669.0,3.0,65.0,23.0,Individual,5,High Risk,Manual Review
93692887,13225.0, 36 months,24.74,E,E3,10+ years,MORTGAGE,48000.0,Verified,debt_consolidation,AL,33.53,0.0,690.0,694.0,0.0,45.9,59.0,Individual,5,High Risk,Manual Review
93148270,26975.0, 36 months,23.99,E,E2,6 years,RENT,100000.0,Verified,other,CA,21.07,1.0,665.0,669.0,1.0,83.8,21.0,Individual,5,High Risk,Manual Review
93522493,11700.0, 60 months,24.74,E,E3,2 years,MORTGAGE,65000.0,Verified,debt_consolidation,AZ,14.27,1.0,665.0,669.0,3.0,97.0,25.0,Individual,5,High Risk,Manual Review
92515175,7550.0, 36 months,26.24,E,E5,,RENT,21000.0,Verified,debt_consolidation,FL,32.91,0.0,685.0,689.0,0.0,73.0,14.0,Individual,5,High Risk,Manual Review
93552289,25925.0, 60 months,24.74,E,E3,3 years,RENT,29600.0,Verified,debt_consolidation,TX,53.93,0.0,730.0,734.0,0.0,98.0,10.0,Joint App,6,High Risk,Manual Review
93491905,5000.0, 36 months,23.99,E,E2,10+ years,MORTGAGE,86000.0,Not Verified,moving,CO,25.44,1.0,685.0,689.0,0.0,85.0,30.0,Individual,5,High Risk,Manual Review
92852496,33125.0, 36 months,22.74,E,E1,,MORTGAGE,140000.0,Verified,debt_consolidation,TX,30.7,0.0,680.0,684.0,0.0,84.0,20.0,Individual,6,High Risk,Manual Review
93433586,25225.0, 36 months,22.74,E,E1,9 years,MORTGAGE,130000.0,Verified,debt_consolidation,WA,32.7,0.0,695.0,699.0,0.0,75.3,49.0,Individual,5,High Risk,Manual Review
93426268,16000.0, 60 months,26.24,E,E5,2 years,RENT,25000.0,Verified,credit_card,FL,45.66,0.0,700.0,704.0,0.0,27.0,19.0,Joint App,5,High Risk,Manual Review
93426395,13475.0, 60 months,22.74,E,E1,< 1 year,MORTGAGE,82000.0,Source Verified,home_improvement,NY,18.4,2.0,665.0,669.0,1.0,80.7,21.0,Individual,5,High Risk,Manual Review
91427820,13500.0, 60 months,25.49,E,E4,10+ years,MORTGAGE,115000.0,Source Verified,debt_consolidation,OH,32.31,0.0,680.0,684.0,0.0,91.9,35.0,Individual,6,High Risk,Manual Review
93632764,20000.0, 60 months,26.24,E,E5,< 1 year,RENT,53196.0,Verified,debt_consolidation,CA,32.28,0.0,665.0,669.0,3.0,89.0,16.0,Individual,6,High Risk,Manual Review
92479612,19500.0, 60 months,23.99,E,E2,10+ years,RENT,60000.0,Verified,credit_card,OH,32.52,2.0,675.0,679.0,4.0,48.0,66.0,Individual,6,High Risk,Manual Review
93379000,18600.0, 60 months,30.89,G,G3,,MORTGAGE,60000.0,Verified,other,TX,32.53,0.0,695.0,699.0,0.0,77.0,18.0,Individual,5,High Risk,Manual Review
93700560,25000.0, 60 months,26.24,E,E5,2 years,MORTGAGE,135000.0,Not Verified,debt_consolidation,FL,33.3,0.0,675.0,679.0,1.0,65.4,53.0,Individual,5,High Risk,Manual Review
93513390,14400.0, 60 months,29.49,F,F2,10+ years,RENT,48000.0,Not Verified,debt_consolidation,CA,33.5,1.0,665.0,669.0,1.0,48.4,30.0,Individual,6,High Risk,Manual Review
92115395,20800.0, 36 months,22.74,E,E1,8 years,MORTGAGE,69500.0,Verified,debt_consolidation,SC,33.45,0.0,715.0,719.0,0.0,69.6,16.0,Individual,5,High Risk,Manual Review
93673517,21425.0, 60 months,24.74,E,E3,5 years,RENT,55000.0,Verified,credit_card,NY,34.45,0.0,720.0,724.0,0.0,53.8,25.0,Individual,5,High Risk,Manual Review
91644434,12000.0, 36 months,24.74,E,E3,5 years,RENT,32000.0,Source Verified,debt_consolidation,NM,31.25,0.0,685.0,689.0,1.0,20.4,21.0,Individual,5,High Risk,Manual Review
93683256,15200.0, 36 months,28.69,F,F1,5 years,MORTGAGE,68000.0,Verified,debt_consolidation,WA,31.59,0.0,660.0,664.0,0.0,89.8,22.0,Individual,6,High Risk,Manual Review
93491613,34125.0, 36 months,25.49,E,E4,3 years,OWN,78000.0,Verified,debt_consolidation,TX,32.37,12.0,660.0,664.0,2.0,37.2,49.0,Individual,6,High Risk,Manual Review
93432865,11200.0, 60 months,22.74,E,E1,10+ years,MORTGAGE,54000.0,Verified,debt_consolidation,AR,34.24,4.0,660.0,664.0,1.0,108.9,23.0,Individual,7,High Risk,Manual Review
93116798,16000.0, 60 months,30.49,F,F4,4 years,MORTGAGE,60000.0,Source Verified,debt_consolidation,NC,30.26,2.0,660.0,664.0,0.0,50.5,32.0,Individual,6,High Risk,Manual Review
93428106,16000.0, 36 months,26.24,E,E5,< 1 year,RENT,60000.0,Verified,debt_consolidation,AZ,31.07,0.0,700.0,704.0,0.0,82.5,19.0,Individual,6,High Risk,Manual Review
93471490,32925.0, 60 months,24.74,E,E3,10+ years,MORTGAGE,90000.0,Verified,debt_consolidation,MD,30.52,4.0,675.0,679.0,0.0,28.5,29.0,Individual,6,High Risk,Manual Review
93157810,20050.0, 60 months,30.99,G,G5,8 years,RENT,50046.0,Not Verified,debt_consolidation,VA,30.48,0.0,720.0,724.0,0.0,79.0,15.0,Individual,5,High Risk,Manual Review
92401999,3650.0, 36 months,23.99,E,E2,,RENT,22600.0,Verified,debt_consolidation,TN,29.53,2.0,660.0,664.0,2.0,98.0,37.0,Individual,5,High Risk,Manual Review
92843690,20000.0, 60 months,30.89,G,G3,10+ years,MORTGAGE,90000.0,Verified,credit_card,TX,32.96,4.0,670.0,674.0,0.0,55.3,34.0,Individual,6,High Risk,Manual Review
93697279,16000.0, 60 months,22.74,E,E1,10+ years,RENT,40000.0,Source Verified,debt_consolidation,NY,30.69,1.0,665.0,669.0,0.0,78.8,27.0,Individual,6,High Risk,Manual Review
92831587,10400.0, 60 months,29.49,F,F2,10+ years,RENT,40000.0,Source Verified,debt_consolidation,CA,32.28,0.0,670.0,674.0,1.0,36.4,26.0,Individual,5,High Risk,Manual Review
93401147,13175.0, 60 months,29.49,F,F2,3 years,RENT,35000.0,Source Verified,debt_consolidation,CA,34.4,0.0,670.0,674.0,0.0,51.1,28.0,Individual,5,High Risk,Manual Review
92515141,28000.0, 60 months,29.49,F,F2,8 years,RENT,113000.0,Verified,debt_consolidation,VA,31.0,0.0,675.0,679.0,1.0,59.0,24.0,Individual,5,High Risk,Manual Review
93104764,35000.0, 60 months,22.74,E,E1,8 years,MORTGAGE,24000.0,Verified,debt_consolidation,TX,75.25,0.0,685.0,689.0,2.0,84.3,15.0,Joint App,6,High Risk,Manual Review
92578880,13500.0, 60 months,22.74,E,E1,10+ years,RENT,36000.0,Not Verified,credit_card,MI,31.4,0.0,675.0,679.0,0.0,46.1,34.0,Individual,5,High Risk,Manual Review
92481927,7500.0, 36 months,22.74,E,E1,3 years,RENT,15000.0,Verified,house,CA,30.48,0.0,745.0,749.0,0.0,12.9,10.0,Individual,5,High Risk,Manual Review
83183791,11750.0, 60 months,30.74,F,F5,10+ years,MORTGAGE,72000.0,Source Verified,debt_consolidation,NE,34.47,0.0,660.0,664.0,1.0,56.9,42.0,Individual,5,High Risk,Manual Review
92095367,10075.0, 60 months,30.94,G,G4,4 years,RENT,35000.0,Verified,vacation,MO,31.52,0.0,665.0,669.0,1.0,55.0,12.0,Individual,5,High Risk,Manual Review
86994723,11550.0, 36 months,30.89,G,G3,9 years,RENT,45000.0,Source Verified,debt_consolidation,WA,30.67,0.0,670.0,674.0,1.0,67.6,11.0,Individual,5,High Risk,Manual Review
93592653,8000.0, 36 months,22.74,E,E1,10+ years,RENT,32000.0,Source Verified,credit_card,CA,33.35,0.0,715.0,719.0,0.0,31.8,21.0,Individual,5,High Risk,Manual Review
93532595,4800.0, 36 months,22.74,E,E1,10+ years,RENT,140000.0,Source Verified,debt_consolidation,TN,32.16,1.0,660.0,664.0,0.0,96.4,34.0,Individual,7,High Risk,Manual Review
91974476,12600.0, 60 months,26.24,E,E5,< 1 year,RENT,30000.0,Source Verified,debt_consolidation,MT,33.0,0.0,665.0,669.0,0.0,42.1,27.0,Individual,5,High Risk,Manual Review
93072133,16000.0, 60 months,26.24,E,E5,10+ years,RENT,75000.0,Verified,debt_consolidation,CT,32.34,0.0,690.0,694.0,0.0,57.8,34.0,Individual,5,High Risk,Manual Review
93429499,7200.0, 36 months,28.69,F,F1,< 1 year,RENT,39120.0,Source Verified,debt_consolidation,NM,30.77,6.0,670.0,674.0,1.0,60.9,16.0,Individual,6,High Risk,Manual Review
92432029,3100.0, 36 months,22.74,E,E1,2 years,RENT,20000.0,Verified,debt_consolidation,MO,33.25,0.0,720.0,724.0,1.0,14.4,10.0,Joint App,5,High Risk,Manual Review
92861988,3725.0, 36 months,23.99,E,E2,10+ years,OWN,45500.0,Verified,debt_consolidation,WI,30.67,0.0,665.0,669.0,0.0,77.5,35.0,Individual,5,High Risk,Manual Review
93187733,9100.0, 36 months,24.74,E,E3,1 year,OWN,36649.0,Verified,debt_consolidation,NY,31.3,0.0,685.0,689.0,0.0,58.8,18.0,Individual,5,High Risk,Manual Review
92932718,35000.0, 36 months,24.74,E,E3,4 years,MORTGAGE,205000.0,Verified,debt_consolidation,NH,32.07,0.0,660.0,664.0,2.0,78.0,49.0,Individual,5,High Risk,Manual Review
92901465,18400.0, 60 months,29.99,F,F3,4 years,OWN,50000.0,Source Verified,debt_consolidation,MS,32.57,1.0,665.0,669.0,0.0,52.5,31.0,Individual,6,High Risk,Manual Review
93429741,10000.0, 60 months,25.49,E,E4,1 year,RENT,28000.0,Not Verified,debt_consolidation,FL,30.9,0.0,670.0,674.0,0.0,62.3,23.0,Individual,5,High Risk,Manual Review
92941442,15500.0, 60 months,22.74,E,E1,5 years,RENT,36420.0,Source Verified,credit_card,TX,34.3,0.0,670.0,674.0,0.0,74.0,23.0,Individual,5,High Risk,Manual Review
93137501,32000.0, 60 months,24.74,E,E3,4 years,MORTGAGE,112000.0,Verified,debt_consolidation,CT,16.36,2.0,660.0,664.0,0.0,83.7,29.0,Individual,5,High Risk,Manual Review
93101381,5675.0, 36 months,22.74,E,E1,,MORTGAGE,32000.0,Not Verified,debt_consolidation,TN,31.81,0.0,700.0,704.0,0.0,76.5,34.0,Individual,5,High Risk,Manual Review
92981392,12500.0, 36 months,23.99,E,E2,1 year,MORTGAGE,60000.0,Source Verified,debt_consolidation,GA,29.47,1.0,665.0,669.0,2.0,91.8,20.0,Individual,5,High Risk,Manual Review
93108190,23700.0, 60 months,29.99,F,F3,< 1 year,MORTGAGE,60000.0,Verified,debt_consolidation,OH,38.9,0.0,665.0,669.0,0.0,99.3,21.0,Joint App,6,High Risk,Manual Review
91743822,12500.0, 36 months,24.74,E,E3,10+ years,MORTGAGE,25000.0,Source Verified,debt_consolidation,TX,34.76,2.0,680.0,684.0,0.0,63.3,23.0,Joint App,6,High Risk,Manual Review
92921873,10000.0, 36 months,30.79,G,G1,5 years,RENT,34000.0,Verified,credit_card,FL,34.17,0.0,665.0,669.0,0.0,79.1,13.0,Individual,5,High Risk,Manual Review
92115838,15000.0, 36 months,22.74,E,E1,10+ years,RENT,85000.0,Verified,debt_consolidation,WA,30.06,0.0,660.0,664.0,0.0,78.6,24.0,Individual,5,High Risk,Manual Review
92421587,7475.0, 36 months,23.99,E,E2,10+ years,OWN,36000.0,Source Verified,debt_consolidation,MA,32.87,0.0,665.0,669.0,1.0,82.4,17.0,Individual,6,High Risk,Manual Review
92524411,11075.0, 36 months,28.69,F,F1,4 years,RENT,41000.0,Source Verified,debt_consolidation,CA,30.21,0.0,695.0,699.0,1.0,101.0,9.0,Individual,6,High Risk,Manual Review
91958891,32350.0, 60 months,25.49,E,E4,< 1 year,MORTGAGE,50000.0,Verified,debt_consolidation,PA,33.75,0.0,700.0,704.0,1.0,85.2,21.0,Joint App,6,High Risk,Manual Review
92942184,16000.0, 60 months,22.74,E,E1,< 1 year,MORTGAGE,108000.0,Source Verified,debt_consolidation,MD,11.78,2.0,670.0,674.0,1.0,81.4,19.0,Individual,5,High Risk,Manual Review
92698453,11125.0, 36 months,22.74,E,E1,10+ years,MORTGAGE,90000.0,Verified,debt_consolidation,MA,28.4,1.0,675.0,679.0,2.0,89.0,25.0,Individual,5,High Risk,Manual Review
92165146,14000.0, 36 months,24.74,E,E3,10+ years,OWN,29900.0,Source Verified,credit_card,FL,31.15,0.0,660.0,664.0,0.0,36.1,32.0,Individual,5,High Risk,Manual Review
92024122,28000.0, 60 months,22.74,E,E1,10+ years,MORTGAGE,100000.0,Source Verified,debt_consolidation,KS,33.0,2.0,685.0,689.0,0.0,64.3,31.0,Individual,6,High Risk,Manual Review
92014020,20500.0, 60 months,26.24,E,E5,,MORTGAGE,54000.0,Verified,debt_consolidation,SC,31.09,0.0,690.0,694.0,0.0,57.1,38.0,Individual,5,High Risk,Manual Review
92808717,16000.0, 60 months,22.74,E,E1,8 years,MORTGAGE,79000.0,Source Verified,home_improvement,CT,30.05,0.0,710.0,714.0,0.0,91.0,29.0,Individual,6,High Risk,Manual Review
93102851,12000.0, 60 months,25.49,E,E4,8 years,MORTGAGE,40000.0,Not Verified,home_improvement,PA,31.47,0.0,710.0,714.0,0.0,56.8,27.0,Individual,5,High Risk,Manual Review
93082217,25575.0, 36 months,22.74,E,E1,10+ years,MORTGAGE,72000.0,Verified,credit_card,PA,30.4,0.0,670.0,674.0,0.0,76.3,29.0,Individual,5,High Risk,Manual Review
92841866,14650.0, 60 months,30.89,G,G3,7 years,MORTGAGE,70000.0,Source Verified,debt_consolidation,CA,33.64,0.0,680.0,684.0,0.0,98.0,11.0,Individual,6,High Risk,Manual Review
92575675,4000.0, 36 months,25.49,E,E4,2 years,MORTGAGE,31000.0,Source Verified,home_improvement,TX,34.03,1.0,670.0,674.0,0.0,74.6,6.0,Individual,6,High Risk,Manual Review
92164884,18200.0, 60 months,28.69,F,F1,7 years,MORTGAGE,130000.0,Verified,debt_consolidation,TX,31.61,0.0,660.0,664.0,2.0,97.0,9.0,Individual,6,High Risk,Manual Review
92942354,16000.0, 60 months,19.99,D,D4,3 years,RENT,91800.0,Source Verified,home_improvement,KS,30.98,1.0,670.0,674.0,1.0,94.6,32.0,Individual,5,High Risk,Manual Review
93002215,29400.0, 60 months,25.49,E,E4,1 year,RENT,70000.0,Source Verified,debt_consolidation,NV,34.56,0.0,670.0,674.0,0.0,92.9,38.0,Individual,6,High Risk,Manual Review
92739153,25900.0, 60 months,30.84,G,G2,10+ years,RENT,140000.0,Verified,credit_card,AZ,33.51,0.0,690.0,694.0,0.0,91.8,13.0,Individual,6,High Risk,Manual Review
91376784,24000.0, 60 months,24.74,E,E3,10+ years,RENT,60000.0,Not Verified,debt_consolidation,AR,34.8,0.0,695.0,699.0,1.0,77.5,32.0,Individual,5,High Risk,Manual Review
92737242,16800.0, 36 months,24.74,E,E3,10+ years,RENT,46729.0,Source Verified,debt_consolidation,NY,34.08,0.0,670.0,674.0,0.0,59.1,22.0,Individual,5,High Risk,Manual Review
92240032,21000.0, 60 months,22.74,E,E1,4 years,MORTGAGE,154000.0,Not Verified,major_purchase,MD,32.42,0.0,730.0,734.0,1.0,51.4,24.0,Individual,5,High Risk,Manual Review
93042110,20000.0, 60 months,18.99,D,D3,5 years,RENT,135000.0,Verified,debt_consolidation,MA,32.19,3.0,675.0,679.0,0.0,82.3,35.0,Individual,5,High Risk,Manual Review
92844155,17000.0, 60 months,30.84,G,G2,10+ years,MORTGAGE,47800.0,Source Verified,debt_consolidation,NV,30.91,1.0,670.0,674.0,3.0,49.4,41.0,Joint App,6,High Risk,Manual Review
93072082,16275.0, 60 months,26.24,E,E5,2 years,MORTGAGE,53000.0,Not Verified,debt_consolidation,IN,31.41,0.0,700.0,704.0,0.0,84.2,17.0,Individual,6,High Risk,Manual Review
93110418,13000.0, 60 months,22.74,E,E1,10+ years,OWN,105038.0,Source Verified,debt_consolidation,GA,22.96,1.0,670.0,674.0,0.0,89.5,34.0,Individual,5,High Risk,Manual Review
92842639,29400.0, 60 months,26.24,E,E5,2 years,RENT,45000.0,Source Verified,major_purchase,TX,47.23,0.0,780.0,784.0,0.0,12.6,18.0,Joint App,5,High Risk,Manual Review
92218380,18000.0, 60 months,19.99,D,D4,10+ years,RENT,50000.0,Source Verified,debt_consolidation,FL,38.77,2.0,680.0,684.0,0.0,85.9,34.0,Joint App,5,High Risk,Manual Review
92835450,22000.0, 60 months,24.74,E,E3,5 years,MORTGAGE,54000.0,Verified,debt_consolidation,ME,32.43,0.0,665.0,669.0,0.0,43.5,23.0,Joint App,5,High Risk,Manual Review
92524586,13425.0, 36 months,26.24,E,E5,10+ years,MORTGAGE,42000.0,Verified,debt_consolidation,UT,32.31,0.0,670.0,674.0,1.0,63.3,14.0,Individual,5,High Risk,Manual Review
92222695,3600.0, 36 months,29.99,F,F3,,OWN,23000.0,Verified,credit_card,AZ,32.36,0.0,660.0,664.0,1.0,72.9,13.0,Individual,5,High Risk,Manual Review
91022132,22000.0, 60 months,26.24,E,E5,5 years,RENT,62400.0,Verified,debt_consolidation,CA,34.48,0.0,705.0,709.0,0.0,56.8,22.0,Individual,5,High Risk,Manual Review
92847195,32000.0, 60 months,25.49,E,E4,6 years,OWN,100000.0,Verified,debt_consolidation,MO,32.43,1.0,670.0,674.0,2.0,44.2,62.0,Individual,6,High Risk,Manual Review
92809068,27275.0, 60 months,28.69,F,F1,2 years,MORTGAGE,104000.0,Verified,debt_consolidation,RI,19.29,2.0,680.0,684.0,0.0,82.0,22.0,Individual,5,High Risk,Manual Review
93011923,2000.0, 36 months,15.99,C,C5,5 years,MORTGAGE,120000.0,Verified,debt_consolidation,MD,30.46,3.0,665.0,669.0,1.0,90.6,32.0,Individual,5,High Risk,Manual Review
92321673,15525.0, 36 months,22.74,E,E1,6 years,OWN,37000.0,Source Verified,debt_consolidation,TX,31.22,0.0,705.0,709.0,0.0,34.3,10.0,Individual,5,High Risk,Manual Review
92831306,10250.0, 60 months,17.99,D,D2,2 years,MORTGAGE,60000.0,Source Verified,credit_card,AL,30.8,1.0,660.0,664.0,2.0,81.1,39.0,Individual,5,High Risk,Manual Review
92818896,6575.0, 36 months,25.49,E,E4,< 1 year,MORTGAGE,22000.0,Verified,debt_consolidation,MA,34.64,0.0,660.0,664.0,3.0,51.0,17.0,Individual,5,High Risk,Manual Review
91574687,33000.0, 60 months,29.49,F,F2,,MORTGAGE,75000.0,Verified,debt_consolidation,OH,34.1,0.0,665.0,669.0,1.0,67.2,44.0,Individual,5,High Risk,Manual Review
93105926,20000.0, 60 months,30.49,F,F4,5 years,MORTGAGE,84552.0,Verified,debt_consolidation,FL,33.98,0.0,665.0,669.0,1.0,44.6,90.0,Individual,5,High Risk,Manual Review
92981778,12000.0, 60 months,30.84,G,G2,2 years,MORTGAGE,91000.0,Source Verified,debt_consolidation,TN,32.38,0.0,685.0,689.0,1.0,88.5,30.0,Individual,6,High Risk,Manual Review
92709580,35000.0, 36 months,26.24,E,E5,10+ years,RENT,124639.0,Verified,debt_consolidation,VA,33.38,0.0,680.0,684.0,2.0,64.0,59.0,Individual,5,High Risk,Manual Review
92881634,24225.0, 36 months,25.49,E,E4,10+ years,RENT,100000.0,Verified,debt_consolidation,HI,31.57,0.0,670.0,674.0,0.0,97.5,39.0,Individual,6,High Risk,Manual Review
91587881,16000.0, 60 months,22.74,E,E1,10+ years,RENT,75348.0,Source Verified,credit_card,PA,31.09,0.0,695.0,699.0,0.0,56.2,31.0,Individual,5,High Risk,Manual Review
92951601,4225.0, 36 months,28.69,F,F1,< 1 year,RENT,52140.0,Source Verified,other,GA,30.86,1.0,695.0,699.0,3.0,6.7,23.0,Individual,6,High Risk,Manual Review
92216123,14550.0, 36 months,24.74,E,E3,1 year,MORTGAGE,37000.0,Verified,debt_consolidation,IL,53.62,0.0,675.0,679.0,0.0,75.5,19.0,Joint App,5,High Risk,Manual Review
93106556,24000.0, 60 months,24.74,E,E3,8 years,RENT,75000.0,Not Verified,debt_consolidation,CO,31.58,0.0,695.0,699.0,1.0,32.3,34.0,Individual,5,High Risk,Manual Review
93113572,20000.0, 36 months,30.84,G,G2,10+ years,MORTGAGE,103400.0,Verified,debt_consolidation,GA,31.04,1.0,670.0,674.0,2.0,65.9,32.0,Individual,6,High Risk,Manual Review
92513282,27000.0, 36 months,25.49,E,E4,,MORTGAGE,60000.0,Verified,debt_consolidation,ME,30.96,0.0,690.0,694.0,1.0,90.0,21.0,Individual,6,High Risk,Manual Review
92659029,11500.0, 36 months,25.49,E,E4,< 1 year,RENT,38496.0,Source Verified,debt_consolidation,WA,34.98,0.0,665.0,669.0,4.0,38.1,26.0,Individual,5,High Risk,Manual Review
92361761,19925.0, 60 months,19.99,D,D4,1 year,MORTGAGE,60000.0,Source Verified,debt_consolidation,NY,32.06,1.0,660.0,664.0,1.0,84.0,20.0,Individual,5,High Risk,Manual Review
92103842,19000.0, 60 months,25.49,E,E4,10+ years,MORTGAGE,38000.0,Verified,debt_consolidation,NY,32.41,0.0,695.0,699.0,0.0,65.0,20.0,Individual,5,High Risk,Manual Review
93105629,24000.0, 60 months,24.74,E,E3,10+ years,RENT,70000.0,Source Verified,debt_consolidation,OH,33.21,0.0,725.0,729.0,0.0,61.1,29.0,Individual,5,High Risk,Manual Review
92902569,20000.0, 60 months,24.74,E,E3,10+ years,MORTGAGE,70000.0,Not Verified,debt_consolidation,GA,31.13,2.0,675.0,679.0,0.0,92.6,36.0,Individual,7,High Risk,Manual Review
93105280,15000.0, 36 months,17.99,D,D2,1 year,OWN,255000.0,Source Verified,debt_consolidation,WI,33.29,1.0,670.0,674.0,0.0,91.8,26.0,Individual,5,High Risk,Manual Review
92699530,10075.0, 60 months,30.99,G,G5,2 years,OWN,35000.0,Source Verified,debt_consolidation,TX,33.09,0.0,660.0,664.0,1.0,77.9,24.0,Individual,5,High Risk,Manual Review
92556408,25000.0, 60 months,25.49,E,E4,3 years,MORTGAGE,58301.0,Verified,debt_consolidation,AZ,32.05,0.0,720.0,724.0,0.0,47.7,22.0,Joint App,5,High Risk,Manual Review
92599220,11200.0, 60 months,25.49,E,E4,9 years,MORTGAGE,55305.0,Verified,debt_consolidation,TN,27.71,1.0,665.0,669.0,4.0,81.0,28.0,Individual,5,High Risk,Manual Review
92951224,20975.0, 60 months,30.79,G,G1,10+ years,MORTGAGE,63235.0,Verified,debt_consolidation,CT,31.55,0.0,675.0,679.0,0.0,45.2,33.0,Individual,5,High Risk,Manual Review
92677214,11900.0, 36 months,22.74,E,E1,10+ years,MORTGAGE,52000.0,Verified,debt_consolidation,OK,31.34,0.0,685.0,689.0,1.0,59.3,31.0,Individual,5,High Risk,Manual Review
92844238,25000.0, 60 months,30.89,G,G3,6 years,RENT,50000.0,Verified,debt_consolidation,AZ,33.05,0.0,670.0,674.0,1.0,85.2,15.0,Individual,6,High Risk,Manual Review
93031942,12000.0, 60 months,30.89,G,G3,10+ years,MORTGAGE,44000.0,Source Verified,debt_consolidation,MN,34.67,0.0,675.0,679.0,0.0,91.3,23.0,Individual,6,High Risk,Manual Review
92871242,19200.0, 60 months,29.99,F,F3,10+ years,MORTGAGE,94000.0,Verified,debt_consolidation,AL,31.24,0.0,680.0,684.0,0.0,75.6,31.0,Individual,5,High Risk,Manual Review
92587721,20000.0, 60 months,25.49,E,E4,1 year,MORTGAGE,50000.0,Verified,debt_consolidation,NY,30.8,0.0,680.0,684.0,1.0,50.9,17.0,Individual,5,High Risk,Manual Review
92657746,12250.0, 60 months,22.74,E,E1,4 years,RENT,43369.0,Source Verified,debt_consolidation,SC,33.76,0.0,665.0,669.0,0.0,63.7,12.0,Individual,5,High Risk,Manual Review
92839165,21000.0, 60 months,30.79,G,G1,10+ years,MORTGAGE,60000.0,Source Verified,debt_consolidation,NY,32.54,0.0,670.0,674.0,1.0,68.1,25.0,Individual,5,High Risk,Manual Review
92599344,10000.0, 60 months,25.49,E,E4,7 years,MORTGAGE,52000.0,Not Verified,credit_card,IN,32.86,0.0,670.0,674.0,1.0,43.7,33.0,Individual,5,High Risk,Manual Review
92074324,17600.0, 60 months,22.74,E,E1,10+ years,MORTGAGE,70000.0,Verified,debt_consolidation,ID,14.98,1.0,670.0,674.0,2.0,86.0,27.0,Individual,5,High Risk,Manual Review
92533377,14000.0, 60 months,29.99,F,F3,< 1 year,MORTGAGE,32000.0,Source Verified,credit_card,MA,31.21,0.0,705.0,709.0,0.0,38.9,8.0,Individual,5,High Risk,Manual Review
92311716,10000.0, 60 months,22.74,E,E1,5 years,RENT,32000.0,Source Verified,debt_consolidation,NY,34.13,0.0,685.0,689.0,0.0,76.3,8.0,Individual,5,High Risk,Manual Review
93107712,18475.0, 60 months,22.74,E,E1,3 years,MORTGAGE,55000.0,Not Verified,debt_consolidation,AR,20.47,1.0,670.0,674.0,1.0,85.4,30.0,Individual,5,High Risk,Manual Review
91011565,5000.0, 36 months,24.74,E,E3,10+ years,MORTGAGE,66000.0,Verified,debt_consolidation,OR,33.69,0.0,670.0,674.0,2.0,75.6,32.0,Individual,5,High Risk,Manual Review
92573132,10000.0, 60 months,26.24,E,E5,10+ years,RENT,47000.0,Verified,home_improvement,TN,33.73,0.0,685.0,689.0,1.0,24.9,30.0,Individual,5,High Risk,Manual Review
92961864,33650.0, 60 months,22.74,E,E1,10+ years,RENT,127982.0,Not Verified,debt_consolidation,CA,31.58,0.0,670.0,674.0,1.0,70.5,34.0,Individual,5,High Risk,Manual Review
92921125,18075.0, 60 months,29.99,F,F3,10+ years,MORTGAGE,60000.0,Source Verified,credit_card,TX,30.28,0.0,675.0,679.0,0.0,10.6,37.0,Individual,5,High Risk,Manual Review
92840413,24000.0, 60 months,28.69,F,F1,10+ years,RENT,75000.0,Not Verified,debt_consolidation,CA,31.99,0.0,680.0,684.0,0.0,71.5,13.0,Individual,5,High Risk,Manual Review
93031218,13100.0, 60 months,26.24,E,E5,3 years,RENT,110000.0,Verified,credit_card,AZ,27.71,1.0,680.0,684.0,0.0,83.3,19.0,Individual,5,High Risk,Manual Review
91813125,32000.0, 60 months,30.94,G,G4,10+ years,RENT,72000.0,Verified,debt_consolidation,UT,31.23,0.0,670.0,674.0,1.0,54.0,25.0,Individual,5,High Risk,Manual Review
92205663,10000.0, 36 months,23.99,E,E2,4 years,OWN,40000.0,Source Verified,debt_consolidation,CO,33.57,0.0,660.0,664.0,2.0,57.7,19.0,Individual,5,High Risk,Manual Review
92729596,22000.0, 36 months,23.99,E,E2,8 years,RENT,50000.0,Verified,debt_consolidation,IN,14.71,1.0,670.0,674.0,0.0,92.2,17.0,Individual,5,High Risk,Manual Review
92649212,1000.0, 36 months,23.99,E,E2,10+ years,OWN,55000.0,Source Verified,vacation,AR,33.45,0.0,680.0,684.0,2.0,67.8,45.0,Individual,5,High Risk,Manual Review
92362429,13000.0, 60 months,24.74,E,E3,10+ years,MORTGAGE,85000.0,Verified,credit_card,NY,32.06,2.0,665.0,669.0,2.0,70.0,27.0,Individual,6,High Risk,Manual Review
92221691,13825.0, 60 months,28.69,F,F1,9 years,RENT,48000.0,Not Verified,debt_consolidation,VA,30.5,0.0,705.0,709.0,0.0,54.6,13.0,Individual,5,High Risk,Manual Review
92839764,20000.0, 60 months,24.74,E,E3,4 years,MORTGAGE,85000.0,Verified,debt_consolidation,TX,30.27,1.0,665.0,669.0,0.0,47.8,11.0,Individual,6,High Risk,Manual Review
93101504,20000.0, 60 months,29.49,F,F2,4 years,MORTGAGE,50000.0,Not Verified,credit_card,WY,33.61,0.0,680.0,684.0,0.0,28.8,39.0,Individual,5,High Risk,Manual Review
92709132,11150.0, 36 months,25.49,E,E4,9 years,MORTGAGE,31000.0,Source Verified,home_improvement,AL,31.94,0.0,660.0,664.0,0.0,38.0,17.0,Individual,5,High Risk,Manual Review
92441981,30000.0, 60 months,29.99,F,F3,6 years,RENT,70000.0,Verified,debt_consolidation,CA,30.07,1.0,660.0,664.0,1.0,71.0,24.0,Individual,6,High Risk,Manual Review
92035697,25000.0, 60 months,22.74,E,E1,5 years,RENT,32000.0,Verified,debt_consolidation,NC,46.55,0.0,695.0,699.0,0.0,74.3,12.0,Joint App,5,High Risk,Manual Review
92271588,22275.0, 60 months,29.99,F,F3,6 years,MORTGAGE,61908.0,Verified,debt_consolidation,FL,33.2,1.0,680.0,684.0,0.0,83.0,24.0,Individual,7,High Risk,Manual Review
91960523,35000.0, 60 months,22.74,E,E1,,RENT,30000.0,Verified,debt_consolidation,AZ,61.16,0.0,665.0,669.0,1.0,35.2,11.0,Joint App,5,High Risk,Manual Review
92340150,13275.0, 36 months,23.99,E,E2,< 1 year,OWN,85000.0,Source Verified,credit_card,NC,34.12,3.0,660.0,664.0,1.0,86.4,44.0,Individual,7,High Risk,Manual Review
92271551,14400.0, 60 months,26.24,E,E5,4 years,RENT,42000.0,Source Verified,debt_consolidation,IN,30.37,0.0,660.0,664.0,0.0,63.2,24.0,Individual,5,High Risk,Manual Review
92798616,7000.0, 36 months,26.24,E,E5,10+ years,OWN,117000.0,Verified,debt_consolidation,NY,34.45,0.0,680.0,684.0,0.0,77.4,34.0,Individual,5,High Risk,Manual Review
91345907,24000.0, 60 months,29.99,F,F3,3 years,MORTGAGE,70096.0,Source Verified,debt_consolidation,MN,32.13,0.0,685.0,689.0,0.0,87.1,37.0,Individual,6,High Risk,Manual Review
92124290,6075.0, 36 months,25.49,E,E4,4 years,MORTGAGE,75000.0,Verified,credit_card,TX,30.16,1.0,665.0,669.0,2.0,61.7,29.0,Individual,6,High Risk,Manual Review
92391042,2000.0, 36 months,22.74,E,E1,,RENT,30000.0,Verified,debt_consolidation,CA,32.68,0.0,675.0,679.0,1.0,66.8,16.0,Individual,5,High Risk,Manual Review
92381764,5000.0, 36 months,23.99,E,E2,,RENT,25488.0,Verified,debt_consolidation,FL,32.72,0.0,690.0,694.0,0.0,96.6,13.0,Individual,6,High Risk,Manual Review
92319156,12250.0, 60 months,26.24,E,E5,10+ years,MORTGAGE,35389.0,Verified,debt_consolidation,FL,30.35,1.0,660.0,664.0,2.0,86.0,24.0,Individual,7,High Risk,Manual Review
92850433,12000.0, 60 months,22.74,E,E1,6 years,OWN,52000.0,Not Verified,debt_consolidation,TX,32.45,0.0,670.0,674.0,1.0,53.0,57.0,Individual,5,High Risk,Manual Review
92677699,14400.0, 60 months,29.99,F,F3,4 years,RENT,150000.0,Verified,other,NY,26.66,1.0,675.0,679.0,1.0,82.9,27.0,Individual,5,High Risk,Manual Review
91368923,30000.0, 60 months,18.99,D,D3,5 years,MORTGAGE,43000.0,Verified,debt_consolidation,KS,58.72,1.0,685.0,689.0,0.0,82.0,35.0,Joint App,5,High Risk,Manual Review
92830962,35000.0, 60 months,22.74,E,E1,,RENT,120000.0,Source Verified,debt_consolidation,TX,30.18,0.0,660.0,664.0,0.0,82.9,34.0,Individual,6,High Risk,Manual Review
91466439,3725.0, 36 months,24.74,E,E3,,MORTGAGE,36000.0,Verified,debt_consolidation,CT,31.33,0.0,710.0,714.0,0.0,38.5,33.0,Individual,5,High Risk,Manual Review
32519551,34850.0, 60 months,26.24,E,E5,7 years,MORTGAGE,30000.0,Verified,debt_consolidation,MD,59.92,0.0,660.0,664.0,0.0,82.4,19.0,Joint App,6,High Risk,Manual Review
92618968,18000.0, 60 months,30.74,F,F5,4 years,RENT,43000.0,Verified,debt_consolidation,VA,33.8,0.0,680.0,684.0,0.0,90.2,35.0,Individual,6,High Risk,Manual Review
92808525,30025.0, 60 months,26.24,E,E5,< 1 year,RENT,73000.0,Source Verified,debt_consolidation,FL,30.46,2.0,680.0,684.0,1.0,30.9,26.0,Individual,6,High Risk,Manual Review
92808824,6925.0, 36 months,25.49,E,E4,10+ years,MORTGAGE,40100.0,Not Verified,debt_consolidation,CO,31.46,0.0,700.0,704.0,1.0,48.8,16.0,Individual,5,High Risk,Manual Review
91081625,4000.0, 36 months,22.74,E,E1,10+ years,MORTGAGE,63000.0,Verified,debt_consolidation,NM,34.23,1.0,660.0,664.0,1.0,42.9,24.0,Individual,6,High Risk,Manual Review
92569721,5125.0, 36 months,23.99,E,E2,10+ years,MORTGAGE,69500.0,Verified,debt_consolidation,MD,39.73,0.0,705.0,709.0,0.0,20.8,19.0,Joint App,5,High Risk,Manual Review
92657792,24000.0, 60 months,26.24,E,E5,1 year,RENT,85000.0,Verified,debt_consolidation,GA,33.67,0.0,680.0,684.0,0.0,52.2,24.0,Individual,5,High Risk,Manual Review
92359721,6000.0, 36 months,25.49,E,E4,1 year,RENT,20000.0,Source Verified,debt_consolidation,CA,32.23,0.0,730.0,734.0,1.0,8.3,34.0,Individual,5,High Risk,Manual Review
92575226,24800.0, 36 months,25.49,E,E4,10+ years,RENT,56400.0,Verified,debt_consolidation,CA,24.6,1.0,665.0,669.0,0.0,86.3,22.0,Individual,5,High Risk,Manual Review
92340109,12350.0, 60 months,25.49,E,E4,10+ years,MORTGAGE,75000.0,Verified,credit_card,CA,31.11,0.0,715.0,719.0,2.0,28.9,35.0,Individual,5,High Risk,Manual Review
91478870,16000.0, 60 months,29.49,F,F2,7 years,MORTGAGE,42000.0,Verified,other,OH,31.57,0.0,675.0,679.0,0.0,53.7,16.0,Individual,5,High Risk,Manual Review
92797741,4300.0, 36 months,29.49,F,F2,,OWN,12700.0,Verified,debt_consolidation,TX,33.36,0.0,670.0,674.0,0.0,60.6,8.0,Individual,5,High Risk,Manual Review
92617160,12000.0, 36 months,30.84,G,G2,,RENT,36000.0,Verified,debt_consolidation,MI,32.23,0.0,665.0,669.0,0.0,74.6,14.0,Individual,5,High Risk,Manual Review
92522451,4100.0, 36 months,26.24,E,E5,,RENT,12852.0,Verified,debt_consolidation,CA,30.56,0.0,675.0,679.0,0.0,87.4,12.0,Individual,6,High Risk,Manual Review
92281521,6325.0, 36 months,26.24,E,E5,2 years,RENT,26000.0,Source Verified,credit_card,MA,34.21,0.0,700.0,704.0,0.0,69.6,20.0,Individual,5,High Risk,Manual Review
87973566,20000.0, 36 months,22.74,E,E1,10+ years,MORTGAGE,85000.0,Verified,debt_consolidation,IN,31.39,1.0,720.0,724.0,1.0,39.4,30.0,Individual,6,High Risk,Manual Review
92420534,16000.0, 60 months,26.24,E,E5,1 year,RENT,46800.0,Source Verified,debt_consolidation,NY,34.28,0.0,660.0,664.0,0.0,93.9,20.0,Individual,6,High Risk,Manual Review
92321719,8400.0, 36 months,22.74,E,E1,< 1 year,RENT,24000.0,Verified,debt_consolidation,GA,32.45,0.0,675.0,679.0,0.0,100.0,6.0,Individual,6,High Risk,Manual Review
92514309,10000.0, 60 months,17.99,D,D2,10+ years,OWN,57000.0,Source Verified,debt_consolidation,IL,32.51,1.0,665.0,669.0,0.0,83.4,24.0,Individual,5,High Risk,Manual Review
92628253,33225.0, 36 months,24.74,E,E3,5 years,MORTGAGE,95000.0,Verified,debt_consolidation,OK,33.79,0.0,700.0,704.0,0.0,37.3,21.0,Individual,5,High Risk,Manual Review
92391725,19850.0, 36 months,22.74,E,E1,10+ years,MORTGAGE,45000.0,Verified,credit_card,MI,33.68,0.0,670.0,674.0,1.0,99.0,14.0,Individual,6,High Risk,Manual Review
92777852,34000.0, 60 months,29.49,F,F2,10+ years,OWN,68000.0,Source Verified,debt_consolidation,NY,32.47,0.0,680.0,684.0,2.0,35.9,50.0,Individual,5,High Risk,Manual Review
92400024,3800.0, 36 months,28.69,F,F1,3 years,MORTGAGE,35000.0,Verified,debt_consolidation,CO,33.5,0.0,680.0,684.0,1.0,71.0,13.0,Individual,5,High Risk,Manual Review
92687668,10000.0, 36 months,23.99,E,E2,10+ years,OWN,49000.0,Verified,home_improvement,TX,30.27,0.0,695.0,699.0,2.0,40.7,75.0,Individual,5,High Risk,Manual Review
92223388,3775.0, 36 months,25.49,E,E4,,MORTGAGE,22000.0,Verified,credit_card,MS,34.32,0.0,715.0,719.0,0.0,40.2,14.0,Individual,5,High Risk,Manual Review
92014037,22000.0, 60 months,24.74,E,E3,3 years,MORTGAGE,64000.0,Source Verified,debt_consolidation,OK,23.29,1.0,670.0,674.0,1.0,82.0,32.0,Joint App,5,High Risk,Manual Review
92281127,21000.0, 60 months,22.74,E,E1,1 year,RENT,100000.0,Verified,debt_consolidation,NC,19.14,2.0,665.0,669.0,0.0,96.6,20.0,Individual,5,High Risk,Manual Review
92647312,14575.0, 60 months,29.99,F,F3,10+ years,MORTGAGE,115000.0,Verified,debt_consolidation,CA,34.03,0.0,685.0,689.0,0.0,79.1,32.0,Individual,5,High Risk,Manual Review
92035296,6000.0, 36 months,22.74,E,E1,10+ years,MORTGAGE,47000.0,Verified,debt_consolidation,DE,31.38,0.0,695.0,699.0,2.0,61.7,14.0,Individual,5,High Risk,Manual Review
92558744,18375.0, 60 months,26.24,E,E5,,MORTGAGE,2500.0,Not Verified,debt_consolidation,KS,189.9,0.0,665.0,669.0,0.0,46.7,18.0,Joint App,5,High Risk,Manual Review
92094825,14400.0, 36 months,23.99,E,E2,10+ years,MORTGAGE,53000.0,Verified,debt_consolidation,KY,31.63,1.0,665.0,669.0,0.0,57.6,26.0,Individual,6,High Risk,Manual Review
92361531,12000.0, 60 months,15.99,C,C5,10+ years,RENT,40000.0,Verified,debt_consolidation,CA,30.78,1.0,710.0,714.0,3.0,82.0,18.0,Individual,5,High Risk,Manual Review
92627845,20775.0, 60 months,30.79,G,G1,5 years,MORTGAGE,65000.0,Verified,debt_consolidation,VA,32.6,0.0,660.0,664.0,0.0,77.7,17.0,Individual,5,High Risk,Manual Review
92757312,21000.0, 36 months,25.49,E,E4,10+ years,MORTGAGE,50000.0,Verified,debt_consolidation,OH,31.42,0.0,745.0,749.0,1.0,9.6,17.0,Individual,5,High Risk,Manual Review
91555574,12600.0, 60 months,29.49,F,F2,10+ years,MORTGAGE,35000.0,Verified,debt_consolidation,TN,22.53,1.0,665.0,669.0,0.0,87.9,30.0,Individual,5,High Risk,Manual Review
92033477,15125.0, 36 months,16.99,D,D1,,MORTGAGE,70000.0,Verified,credit_card,WI,34.27,1.0,660.0,664.0,0.0,92.0,34.0,Individual,5,High Risk,Manual Review
92401443,25000.0, 60 months,25.49,E,E4,2 years,MORTGAGE,65000.0,Source Verified,debt_consolidation,TN,32.16,0.0,700.0,704.0,1.0,44.8,20.0,Individual,5,High Risk,Manual Review
92627585,24350.0, 60 months,26.24,E,E5,8 years,MORTGAGE,58000.0,Verified,credit_card,OK,24.15,3.0,665.0,669.0,0.0,93.2,14.0,Individual,5,High Risk,Manual Review
92637494,4000.0, 36 months,29.99,F,F3,10+ years,RENT,24000.0,Source Verified,credit_card,FL,30.6,0.0,695.0,699.0,0.0,88.8,12.0,Individual,6,High Risk,Manual Review
92124943,18000.0, 60 months,30.49,F,F4,10+ years,RENT,50000.0,Verified,debt_consolidation,WI,31.28,0.0,700.0,704.0,1.0,65.1,7.0,Individual,5,High Risk,Manual Review
92360706,26225.0, 36 months,22.74,E,E1,2 years,MORTGAGE,85000.0,Verified,debt_consolidation,VA,33.45,0.0,675.0,679.0,1.0,68.0,31.0,Individual,5,High Risk,Manual Review
92025609,18725.0, 60 months,26.24,E,E5,1 year,RENT,37450.0,Source Verified,debt_consolidation,GA,32.05,0.0,675.0,679.0,0.0,45.3,21.0,Individual,5,High Risk,Manual Review
92350206,28000.0, 60 months,30.99,G,G5,10+ years,MORTGAGE,92507.0,Source Verified,debt_consolidation,GA,32.89,0.0,710.0,714.0,5.0,37.2,38.0,Individual,5,High Risk,Manual Review
92513759,10000.0, 60 months,24.74,E,E3,,MORTGAGE,37000.0,Not Verified,debt_consolidation,FL,32.83,0.0,750.0,754.0,1.0,18.2,29.0,Individual,5,High Risk,Manual Review
92380201,23175.0, 60 months,26.24,E,E5,4 years,RENT,51500.0,Verified,debt_consolidation,TX,30.69,0.0,705.0,709.0,0.0,79.0,14.0,Individual,5,High Risk,Manual Review
92576349,5100.0, 36 months,23.99,E,E2,9 years,MORTGAGE,17000.0,Source Verified,debt_consolidation,FL,11.09,1.0,660.0,664.0,1.0,93.6,14.0,Individual,5,High Risk,Manual Review
92513044,15000.0, 60 months,22.74,E,E1,10+ years,MORTGAGE,75000.0,Source Verified,debt_consolidation,AZ,19.15,3.0,670.0,674.0,0.0,98.8,16.0,Individual,5,High Risk,Manual Review
91356283,4525.0, 36 months,29.49,F,F2,2 years,RENT,32400.0,Verified,debt_consolidation,ND,31.37,1.0,680.0,684.0,3.0,16.0,24.0,Individual,6,High Risk,Manual Review
92560666,6000.0, 36 months,24.74,E,E3,4 years,MORTGAGE,90000.0,Verified,other,TX,26.69,1.0,665.0,669.0,0.0,98.7,18.0,Individual,5,High Risk,Manual Review
92272183,17625.0, 60 months,25.49,E,E4,10+ years,RENT,42000.0,Source Verified,debt_consolidation,FL,31.11,0.0,665.0,669.0,0.0,75.0,26.0,Individual,5,High Risk,Manual Review
92707171,25000.0, 60 months,22.74,E,E1,10+ years,OWN,110000.0,Verified,home_improvement,NC,15.3,29.0,690.0,694.0,2.0,84.3,94.0,Individual,5,High Risk,Manual Review
92399797,11200.0, 36 months,16.99,D,D1,10+ years,MORTGAGE,117000.0,Verified,debt_consolidation,AZ,31.52,2.0,670.0,674.0,0.0,87.0,34.0,Individual,5,High Risk,Manual Review
92667453,13500.0, 60 months,25.49,E,E4,10+ years,OWN,70500.0,Verified,debt_consolidation,GA,30.83,0.0,680.0,684.0,0.0,60.8,21.0,Individual,5,High Risk,Manual Review
91844168,12600.0, 36 months,30.74,F,F5,3 years,OWN,35000.0,Verified,debt_consolidation,VA,32.96,0.0,665.0,669.0,2.0,83.3,13.0,Individual,6,High Risk,Manual Review
91673870,15000.0, 60 months,30.89,G,G3,5 years,MORTGAGE,36000.0,Verified,debt_consolidation,TX,30.17,0.0,680.0,684.0,1.0,47.2,14.0,Individual,5,High Risk,Manual Review
92542918,20000.0, 60 months,30.89,G,G3,8 years,MORTGAGE,62552.0,Source Verified,other,MN,33.28,0.0,660.0,664.0,0.0,64.5,20.0,Individual,5,High Risk,Manual Review
92175834,1700.0, 36 months,22.74,E,E1,7 years,MORTGAGE,25288.0,Verified,credit_card,FL,34.36,0.0,685.0,689.0,0.0,73.9,7.0,Individual,5,High Risk,Manual Review
92281886,28850.0, 60 months,24.74,E,E3,10+ years,MORTGAGE,92316.0,Verified,debt_consolidation,MS,30.13,1.0,695.0,699.0,1.0,38.0,40.0,Individual,6,High Risk,Manual Review
91082805,17875.0, 60 months,30.84,G,G2,,RENT,85000.0,Verified,debt_consolidation,CA,30.35,1.0,680.0,684.0,0.0,70.7,22.0,Individual,6,High Risk,Manual Review
92302157,16950.0, 60 months,22.74,E,E1,9 years,MORTGAGE,71000.0,Source Verified,debt_consolidation,MA,32.61,0.0,710.0,714.0,0.0,62.4,29.0,Individual,5,High Risk,Manual Review
92235984,4300.0, 36 months,24.74,E,E3,4 years,RENT,28000.0,Verified,debt_consolidation,NC,32.79,0.0,685.0,689.0,1.0,33.0,28.0,Individual,5,High Risk,Manual Review
92370668,28000.0, 60 months,15.99,C,C5,3 years,MORTGAGE,110000.0,Verified,other,OK,31.76,1.0,690.0,694.0,1.0,81.0,29.0,Individual,5,High Risk,Manual Review
91632951,13775.0, 36 months,16.99,D,D1,4 years,OWN,30000.0,Source Verified,home_improvement,CA,76.37,1.0,670.0,674.0,0.0,91.5,29.0,Joint App,5,High Risk,Manual Review
92587141,10000.0, 60 months,26.24,E,E5,4 years,RENT,50000.0,Source Verified,debt_consolidation,FL,32.67,0.0,665.0,669.0,1.0,53.4,18.0,Individual,5,High Risk,Manual Review
92261058,18725.0, 60 months,22.74,E,E1,3 years,MORTGAGE,60000.0,Verified,debt_consolidation,PA,30.35,1.0,715.0,719.0,0.0,10.0,21.0,Individual,6,High Risk,Manual Review
92535948,12000.0, 60 months,25.49,E,E4,,MORTGAGE,12000.0,Verified,debt_consolidation,TN,36.64,1.0,665.0,669.0,1.0,66.4,13.0,Joint App,6,High Risk,Manual Review
92570256,20000.0, 60 months,25.49,E,E4,8 years,RENT,50000.0,Not Verified,debt_consolidation,NE,32.31,0.0,685.0,689.0,1.0,29.9,19.0,Individual,5,High Risk,Manual Review
92461571,9000.0, 36 months,29.49,F,F2,5 years,OWN,18000.0,Verified,home_improvement,OH,34.67,0.0,660.0,664.0,0.0,43.2,49.0,Individual,5,High Risk,Manual Review
92523148,11300.0, 36 months,22.74,E,E1,1 year,RENT,38000.0,Verified,debt_consolidation,FL,34.24,0.0,690.0,694.0,0.0,40.4,17.0,Individual,5,High Risk,Manual Review
92535057,24675.0, 60 months,29.49,F,F2,1 year,MORTGAGE,100000.0,Verified,debt_consolidation,NJ,34.98,1.0,685.0,689.0,0.0,80.6,23.0,Individual,7,High Risk,Manual Review
92143412,5600.0, 36 months,22.74,E,E1,,OWN,15600.0,Verified,home_improvement,FL,30.76,0.0,730.0,734.0,0.0,13.5,18.0,Individual,5,High Risk,Manual Review
91142214,10500.0, 60 months,30.79,G,G1,8 years,MORTGAGE,40000.0,Source Verified,credit_card,IN,32.28,0.0,665.0,669.0,3.0,66.9,26.0,Individual,5,High Risk,Manual Review
92220319,35000.0, 60 months,30.49,F,F4,10+ years,OWN,72987.2,Verified,debt_consolidation,PA,31.39,0.0,680.0,684.0,2.0,44.6,30.0,Individual,5,High Risk,Manual Review
90098492,6000.0, 36 months,24.74,E,E3,,OWN,29882.0,Verified,credit_card,OK,31.12,0.0,660.0,664.0,1.0,79.5,26.0,Individual,5,High Risk,Manual Review
92491858,24000.0, 60 months,17.99,D,D2,10+ years,MORTGAGE,125000.0,Source Verified,debt_consolidation,NY,32.3,3.0,660.0,664.0,0.0,84.6,22.0,Individual,5,High Risk,Manual Review
92195701,16000.0, 60 months,24.74,E,E3,9 years,MORTGAGE,42650.0,Source Verified,debt_consolidation,PA,31.88,0.0,685.0,689.0,0.0,67.2,19.0,Individual,5,High Risk,Manual Review
92063233,11000.0, 60 months,24.74,E,E3,3 years,RENT,30000.0,Verified,debt_consolidation,OH,32.22,0.0,705.0,709.0,0.0,43.0,17.0,Joint App,5,High Risk,Manual Review
92361610,25000.0, 60 months,24.74,E,E3,10+ years,OWN,80300.0,Verified,debt_consolidation,NM,17.31,2.0,665.0,669.0,1.0,87.3,22.0,Individual,5,High Risk,Manual Review
92570352,11750.0, 60 months,22.74,E,E1,2 years,RENT,32000.0,Not Verified,debt_consolidation,NC,32.82,0.0,780.0,784.0,1.0,17.3,43.0,Individual,5,High Risk,Manual Review
91148839,12000.0, 60 months,25.49,E,E4,10+ years,RENT,47000.0,Not Verified,debt_consolidation,CT,32.64,0.0,670.0,674.0,1.0,33.3,35.0,Individual,5,High Risk,Manual Review
92536404,30000.0, 36 months,24.74,E,E3,1 year,RENT,14000.0,Source Verified,debt_consolidation,KS,157.29,3.0,670.0,674.0,0.0,82.4,22.0,Joint App,7,High Risk,Manual Review
92421366,12625.0, 60 months,22.74,E,E1,,MORTGAGE,65000.0,Not Verified,debt_consolidation,NY,32.4,0.0,715.0,719.0,1.0,51.1,20.0,Individual,5,High Risk,Manual Review
91945304,15000.0, 60 months,30.84,G,G2,10+ years,MORTGAGE,67000.0,Source Verified,home_improvement,CO,32.12,0.0,735.0,739.0,0.0,42.5,22.0,Individual,5,High Risk,Manual Review
92562529,16725.0, 60 months,29.49,F,F2,10+ years,RENT,66400.0,Verified,debt_consolidation,CA,33.62,1.0,665.0,669.0,1.0,20.1,40.0,Individual,6,High Risk,Manual Review
92351780,14000.0, 60 months,21.49,D,D5,1 year,RENT,68400.0,Not Verified,debt_consolidation,FL,34.32,2.0,660.0,664.0,0.0,92.3,36.0,Individual,5,High Risk,Manual Review
92371472,11200.0, 60 months,24.74,E,E3,10+ years,MORTGAGE,63000.0,Not Verified,debt_consolidation,CA,34.82,0.0,710.0,714.0,0.0,58.9,26.0,Individual,5,High Risk,Manual Review
92228655,14700.0, 36 months,23.99,E,E2,4 years,RENT,35000.0,Source Verified,major_purchase,GA,30.38,1.0,685.0,689.0,0.0,10.5,15.0,Individual,6,High Risk,Manual Review
91844771,16000.0, 60 months,25.49,E,E4,,MORTGAGE,7800.0,Not Verified,debt_consolidation,CA,266.77,0.0,675.0,679.0,0.0,72.4,31.0,Joint App,5,High Risk,Manual Review
92563456,30000.0, 60 months,28.69,F,F1,10+ years,MORTGAGE,100000.0,Source Verified,debt_consolidation,MO,32.97,0.0,675.0,679.0,0.0,54.4,36.0,Individual,5,High Risk,Manual Review
92300719,14000.0, 60 months,22.74,E,E1,,RENT,39600.0,Not Verified,other,FL,34.85,0.0,730.0,734.0,0.0,91.5,9.0,Individual,6,High Risk,Manual Review
92133520,19600.0, 60 months,25.49,E,E4,10+ years,MORTGAGE,60000.0,Not Verified,debt_consolidation,KS,38.54,0.0,690.0,694.0,0.0,75.1,25.0,Joint App,5,High Risk,Manual Review
92359609,11450.0, 60 months,30.49,F,F4,10+ years,RENT,40000.0,Verified,debt_consolidation,NY,30.78,0.0,660.0,664.0,3.0,53.0,17.0,Individual,5,High Risk,Manual Review
92222742,4525.0, 36 months,29.49,F,F2,,MORTGAGE,15120.0,Verified,debt_consolidation,AR,33.49,1.0,665.0,669.0,0.0,53.4,30.0,Individual,6,High Risk,Manual Review
91443693,35000.0, 60 months,30.89,G,G3,10+ years,RENT,89000.0,Verified,debt_consolidation,WA,31.72,2.0,670.0,674.0,1.0,46.2,19.0,Individual,6,High Risk,Manual Review
91618137,3775.0, 36 months,30.99,G,G5,6 years,MORTGAGE,36000.0,Verified,credit_card,CA,32.2,0.0,675.0,679.0,3.0,74.5,22.0,Individual,5,High Risk,Manual Review
92558770,25000.0, 60 months,26.24,E,E5,4 years,OWN,75000.0,Not Verified,debt_consolidation,OH,30.88,0.0,660.0,664.0,1.0,62.5,40.0,Individual,5,High Risk,Manual Review
92399818,30000.0, 60 months,23.99,E,E2,3 years,MORTGAGE,107000.0,Verified,debt_consolidation,OH,30.25,0.0,675.0,679.0,1.0,65.0,26.0,Individual,5,High Risk,Manual Review
92559493,15700.0, 36 months,21.49,D,D5,9 years,OWN,50000.0,Source Verified,small_business,NJ,33.27,2.0,665.0,669.0,0.0,91.6,16.0,Individual,5,High Risk,Manual Review
91080568,11000.0, 60 months,15.59,C,C5,,MORTGAGE,60000.0,Verified,debt_consolidation,NY,31.36,2.0,665.0,669.0,2.0,83.0,21.0,Individual,5,High Risk,Manual Review
92560109,25000.0, 36 months,16.99,D,D1,10+ years,MORTGAGE,85000.0,Not Verified,credit_card,OR,31.55,2.0,660.0,664.0,2.0,88.5,32.0,Individual,5,High Risk,Manual Review
92240987,11700.0, 36 months,29.99,F,F3,10+ years,OWN,45000.0,Source Verified,debt_consolidation,FL,30.35,0.0,685.0,689.0,0.0,58.2,19.0,Individual,5,High Risk,Manual Review
92239084,35000.0, 60 months,28.69,F,F1,10+ years,RENT,55000.0,Verified,debt_consolidation,CA,45.47,0.0,690.0,694.0,0.0,75.3,26.0,Joint App,5,High Risk,Manual Review
91574137,1000.0, 36 months,23.99,E,E2,,RENT,8796.0,Verified,debt_consolidation,TX,32.33,1.0,665.0,669.0,1.0,67.0,6.0,Individual,6,High Risk,Manual Review
92320597,16200.0, 60 months,24.74,E,E3,10+ years,MORTGAGE,61000.0,Verified,debt_consolidation,WI,9.7,1.0,665.0,669.0,4.0,82.0,40.0,Individual,5,High Risk,Manual Review
92479653,6075.0, 36 months,17.99,D,D2,8 years,MORTGAGE,43000.0,Verified,debt_consolidation,PA,32.12,2.0,670.0,674.0,0.0,98.0,36.0,Individual,5,High Risk,Manual Review
92226484,14275.0, 60 months,24.74,E,E3,2 years,MORTGAGE,34000.0,Verified,debt_consolidation,WY,30.89,0.0,665.0,669.0,0.0,77.7,22.0,Individual,5,High Risk,Manual Review
92369716,32625.0, 36 months,25.49,E,E4,10+ years,RENT,65250.0,Verified,debt_consolidation,CA,31.98,0.0,670.0,674.0,0.0,62.1,19.0,Individual,5,High Risk,Manual Review
91576690,3900.0, 36 months,23.99,E,E2,,RENT,15720.0,Verified,debt_consolidation,AL,32.12,0.0,710.0,714.0,0.0,27.5,15.0,Individual,5,High Risk,Manual Review
92154465,21000.0, 60 months,30.94,G,G4,< 1 year,MORTGAGE,74000.0,Source Verified,debt_consolidation,GA,34.2,0.0,690.0,694.0,0.0,76.0,26.0,Individual,5,High Risk,Manual Review
92301232,18000.0, 60 months,22.74,E,E1,10+ years,OWN,43000.0,Source Verified,credit_card,AZ,31.06,0.0,695.0,699.0,1.0,46.7,21.0,Individual,5,High Risk,Manual Review
92544391,15000.0, 60 months,25.49,E,E4,< 1 year,MORTGAGE,57400.0,Verified,debt_consolidation,TX,17.44,1.0,670.0,674.0,0.0,97.4,13.0,Individual,5,High Risk,Manual Review
92003505,15000.0, 36 months,22.74,E,E1,1 year,RENT,45000.0,Verified,debt_consolidation,GA,32.29,4.0,670.0,674.0,0.0,14.7,12.0,Individual,6,High Risk,Manual Review
92245636,40000.0, 36 months,15.99,C,C5,< 1 year,MORTGAGE,80000.0,Verified,debt_consolidation,GA,33.28,1.0,695.0,699.0,0.0,85.6,35.0,Joint App,5,High Risk,Manual Review
92400962,24000.0, 60 months,24.74,E,E3,9 years,MORTGAGE,112000.0,Not Verified,debt_consolidation,TN,32.29,0.0,695.0,699.0,0.0,36.3,69.0,Individual,5,High Risk,Manual Review
92005983,21600.0, 60 months,24.74,E,E3,5 years,MORTGAGE,48000.0,Verified,debt_consolidation,MD,33.83,0.0,665.0,669.0,2.0,96.0,21.0,Individual,6,High Risk,Manual Review
92558655,15000.0, 36 months,18.99,D,D3,10+ years,MORTGAGE,90000.0,Source Verified,debt_consolidation,MA,34.31,1.0,665.0,669.0,0.0,86.7,39.0,Individual,5,High Risk,Manual Review
92440841,25000.0, 36 months,22.74,E,E1,10+ years,MORTGAGE,75000.0,Not Verified,debt_consolidation,IL,34.86,0.0,675.0,679.0,1.0,73.2,35.0,Individual,5,High Risk,Manual Review
92400519,11850.0, 60 months,30.79,G,G1,6 years,MORTGAGE,51000.0,Source Verified,debt_consolidation,IL,32.21,0.0,695.0,699.0,1.0,63.3,21.0,Individual,5,High Risk,Manual Review
92429334,16375.0, 60 months,30.99,G,G5,< 1 year,RENT,65000.0,Source Verified,debt_consolidation,VA,30.43,0.0,680.0,684.0,0.0,57.3,31.0,Individual,5,High Risk,Manual Review
92045858,24950.0, 60 months,22.74,E,E1,10+ years,RENT,52000.0,Source Verified,debt_consolidation,NC,32.1,0.0,705.0,709.0,0.0,72.8,28.0,Individual,5,High Risk,Manual Review
92419546,5925.0, 36 months,24.74,E,E3,7 years,MORTGAGE,36000.0,Verified,debt_consolidation,KS,32.57,1.0,700.0,704.0,1.0,20.9,21.0,Individual,6,High Risk,Manual Review
92270814,16000.0, 60 months,22.74,E,E1,10+ years,MORTGAGE,105000.0,Source Verified,debt_consolidation,NY,32.39,0.0,670.0,674.0,1.0,65.8,38.0,Individual,5,High Risk,Manual Review
91874223,10000.0, 60 months,30.49,F,F4,10+ years,OWN,47800.0,Source Verified,debt_consolidation,TX,34.3,0.0,725.0,729.0,1.0,2.7,21.0,Individual,5,High Risk,Manual Review
92319135,35000.0, 36 months,17.99,D,D2,10+ years,MORTGAGE,115000.0,Verified,debt_consolidation,NC,34.38,1.0,675.0,679.0,1.0,97.0,37.0,Individual,5,High Risk,Manual Review
91834652,24200.0, 60 months,26.24,E,E5,10+ years,RENT,55000.0,Verified,debt_consolidation,NY,34.67,0.0,695.0,699.0,0.0,69.5,28.0,Individual,5,High Risk,Manual Review
92233548,14700.0, 60 months,26.24,E,E5,6 years,RENT,29000.0,Verified,debt_consolidation,FL,31.25,0.0,670.0,674.0,0.0,53.4,8.0,Joint App,5,High Risk,Manual Review
92512172,15000.0, 60 months,30.84,G,G2,5 years,RENT,30000.0,Verified,other,FL,30.88,0.0,665.0,669.0,2.0,,12.0,Individual,5,High Risk,Manual Review
92195880,31500.0, 36 months,22.74,E,E1,1 year,MORTGAGE,70000.0,Source Verified,debt_consolidation,NC,33.04,0.0,690.0,694.0,3.0,31.0,25.0,Individual,5,High Risk,Manual Review
92055216,4425.0, 36 months,17.99,D,D2,,MORTGAGE,31968.0,Verified,other,OH,33.07,1.0,665.0,669.0,0.0,93.0,21.0,Individual,5,High Risk,Manual Review
92217584,17000.0, 60 months,30.74,F,F5,10+ years,MORTGAGE,55000.0,Verified,debt_consolidation,IL,30.81,0.0,690.0,694.0,1.0,74.3,17.0,Individual,5,High Risk,Manual Review
92241556,6000.0, 36 months,22.74,E,E1,,RENT,20000.0,Verified,debt_consolidation,WI,33.07,0.0,715.0,719.0,1.0,15.1,18.0,Individual,5,High Risk,Manual Review
92025819,5000.0, 36 months,22.74,E,E1,10+ years,MORTGAGE,35000.0,Verified,debt_consolidation,PA,31.65,1.0,685.0,689.0,0.0,84.0,28.0,Individual,7,High Risk,Manual Review
91199797,12000.0, 36 months,16.99,D,D1,10+ years,OWN,85500.0,Source Verified,debt_consolidation,MN,34.95,1.0,670.0,674.0,0.0,85.9,24.0,Individual,5,High Risk,Manual Review
91576167,16000.0, 60 months,25.49,E,E4,2 years,MORTGAGE,58000.0,Source Verified,credit_card,GA,34.76,0.0,665.0,669.0,2.0,50.2,30.0,Individual,5,High Risk,Manual Review
92542605,34825.0, 36 months,22.74,E,E1,3 years,RENT,72562.0,Verified,debt_consolidation,NY,31.05,0.0,685.0,689.0,0.0,87.7,19.0,Individual,6,High Risk,Manual Review
91289850,36000.0, 60 months,22.74,E,E1,1 year,MORTGAGE,17000.0,Source Verified,debt_consolidation,WI,110.24,0.0,690.0,694.0,0.0,27.6,34.0,Joint App,5,High Risk,Manual Review
91526434,17000.0, 60 months,22.74,E,E1,< 1 year,MORTGAGE,37000.0,Not Verified,debt_consolidation,NY,30.2,0.0,680.0,684.0,0.0,52.3,12.0,Joint App,5,High Risk,Manual Review
92522334,10000.0, 60 months,24.74,E,E3,,RENT,30000.0,Not Verified,debt_consolidation,MN,31.64,0.0,700.0,704.0,0.0,50.8,22.0,Individual,5,High Risk,Manual Review
91376118,4800.0, 36 months,22.74,E,E1,9 years,MORTGAGE,28500.0,Source Verified,debt_consolidation,ME,32.44,0.0,705.0,709.0,0.0,48.5,14.0,Individual,5,High Risk,Manual Review
91994819,5000.0, 36 months,22.74,E,E1,3 years,RENT,74000.0,Verified,debt_consolidation,PA,34.16,0.0,685.0,689.0,2.0,102.0,17.0,Individual,6,High Risk,Manual Review
91984950,25000.0, 60 months,28.69,F,F1,8 years,MORTGAGE,65000.0,Verified,credit_card,IL,30.87,0.0,720.0,724.0,1.0,91.4,28.0,Individual,6,High Risk,Manual Review
92185262,10500.0, 36 months,24.74,E,E3,< 1 year,RENT,30000.0,Verified,debt_consolidation,NE,21.2,1.0,665.0,669.0,1.0,99.0,16.0,Individual,5,High Risk,Manual Review
91693981,16000.0, 60 months,28.69,F,F1,< 1 year,RENT,42000.0,Verified,vacation,AZ,30.54,1.0,660.0,664.0,0.0,69.9,11.0,Individual,6,High Risk,Manual Review
91576410,12000.0, 60 months,22.74,E,E1,10+ years,MORTGAGE,29000.0,Source Verified,debt_consolidation,KY,30.88,0.0,715.0,719.0,0.0,38.1,18.0,Individual,5,High Risk,Manual Review
91586945,31400.0, 60 months,25.49,E,E4,10+ years,RENT,62800.0,Source Verified,debt_consolidation,MI,31.11,0.0,720.0,724.0,0.0,59.9,41.0,Individual,5,High Risk,Manual Review
92228980,19000.0, 60 months,30.99,G,G5,10+ years,MORTGAGE,85000.0,Not Verified,home_improvement,PA,30.39,0.0,665.0,669.0,3.0,48.8,40.0,Individual,5,High Risk,Manual Review
92005702,3875.0, 36 months,23.99,E,E2,6 years,MORTGAGE,35000.0,Not Verified,debt_consolidation,KS,31.93,0.0,660.0,664.0,0.0,84.1,9.0,Individual,6,High Risk,Manual Review
91596879,26950.0, 60 months,30.49,F,F4,10+ years,RENT,87000.0,Verified,debt_consolidation,MD,34.03,0.0,690.0,694.0,0.0,80.2,24.0,Individual,6,High Risk,Manual Review
91528339,14800.0, 36 months,22.74,E,E1,3 years,RENT,60000.0,Verified,debt_consolidation,CO,34.32,0.0,685.0,689.0,0.0,73.7,25.0,Individual,5,High Risk,Manual Review
92539881,18000.0, 60 months,26.24,E,E5,4 years,RENT,91000.0,Not Verified,debt_consolidation,WI,32.89,0.0,675.0,679.0,1.0,88.6,27.0,Individual,6,High Risk,Manual Review
91576199,22675.0, 36 months,25.49,E,E4,,RENT,64056.0,Verified,debt_consolidation,GA,33.66,1.0,710.0,714.0,0.0,22.5,41.0,Individual,6,High Risk,Manual Review
92226546,33600.0, 60 months,25.49,E,E4,9 years,RENT,39000.0,Verified,debt_consolidation,FL,48.72,0.0,670.0,674.0,0.0,89.8,22.0,Joint App,6,High Risk,Manual Review
91241070,16675.0, 60 months,22.74,E,E1,,MORTGAGE,55000.0,Not Verified,debt_consolidation,NY,31.76,0.0,660.0,664.0,0.0,82.6,16.0,Individual,6,High Risk,Manual Review
92220508,17225.0, 36 months,22.74,E,E1,9 years,MORTGAGE,38000.0,Verified,debt_consolidation,CA,33.39,0.0,670.0,674.0,1.0,48.6,36.0,Joint App,5,High Risk,Manual Review
92419760,24000.0, 60 months,26.24,E,E5,4 years,RENT,83500.0,Not Verified,credit_card,FL,31.06,0.0,695.0,699.0,0.0,27.4,18.0,Individual,5,High Risk,Manual Review
92184001,14450.0, 36 months,19.99,D,D4,4 years,OWN,58000.0,Source Verified,debt_consolidation,IL,30.68,2.0,665.0,669.0,1.0,92.4,42.0,Joint App,5,High Risk,Manual Review
92246118,4250.0, 36 months,22.74,E,E1,,OWN,12500.0,Verified,debt_consolidation,IL,34.1,3.0,660.0,664.0,0.0,85.7,16.0,Individual,7,High Risk,Manual Review
91445808,17500.0, 36 months,24.74,E,E3,10+ years,OWN,83000.0,Source Verified,home_improvement,CO,34.86,0.0,660.0,664.0,0.0,65.5,52.0,Individual,5,High Risk,Manual Review
92245498,15500.0, 60 months,24.74,E,E3,10+ years,MORTGAGE,60000.0,Verified,debt_consolidation,KY,32.16,0.0,670.0,674.0,0.0,68.5,25.0,Individual,5,High Risk,Manual Review
91333713,16000.0, 36 months,22.74,E,E1,< 1 year,OWN,58000.0,Source Verified,debt_consolidation,MA,34.91,0.0,680.0,684.0,0.0,84.5,20.0,Individual,6,High Risk,Manual Review
92234423,20725.0, 60 months,29.49,F,F2,4 years,OWN,50000.0,Source Verified,other,MI,30.36,0.0,690.0,694.0,0.0,49.7,23.0,Individual,5,High Risk,Manual Review
91945416,15100.0, 36 months,22.74,E,E1,10+ years,RENT,36000.0,Source Verified,debt_consolidation,CA,33.43,0.0,750.0,754.0,1.0,16.9,27.0,Individual,5,High Risk,Manual Review
92134316,29000.0, 60 months,22.74,E,E1,10+ years,OWN,58000.0,Source Verified,debt_consolidation,TX,32.9,0.0,790.0,794.0,3.0,6.5,44.0,Individual,5,High Risk,Manual Review
92045717,20075.0, 36 months,24.74,E,E3,1 year,MORTGAGE,87000.0,Verified,debt_consolidation,OH,31.89,0.0,675.0,679.0,3.0,85.3,44.0,Individual,6,High Risk,Manual Review
92115759,15000.0, 60 months,28.69,F,F1,7 years,MORTGAGE,65000.0,Not Verified,debt_consolidation,CT,30.6,0.0,675.0,679.0,1.0,88.0,25.0,Individual,6,High Risk,Manual Review
91388128,18200.0, 60 months,22.74,E,E1,10+ years,MORTGAGE,74755.0,Source Verified,debt_consolidation,UT,31.36,0.0,675.0,679.0,2.0,69.3,32.0,Individual,5,High Risk,Manual Review
92074662,8000.0, 36 months,22.74,E,E1,< 1 year,MORTGAGE,55000.0,Source Verified,debt_consolidation,IL,33.08,5.0,675.0,679.0,1.0,74.7,22.0,Individual,6,High Risk,Manual Review
92135141,40000.0, 60 months,22.74,E,E1,4 years,MORTGAGE,80000.0,Verified,debt_consolidation,CA,30.05,0.0,715.0,719.0,0.0,38.7,37.0,Individual,5,High Risk,Manual Review
92095102,12000.0, 36 months,22.74,E,E1,5 years,MORTGAGE,40000.0,Source Verified,credit_card,SC,30.3,0.0,665.0,669.0,0.0,56.5,34.0,Individual,5,High Risk,Manual Review
91416086,13950.0, 36 months,15.99,C,C5,10+ years,MORTGAGE,120000.0,Verified,debt_consolidation,PA,33.12,1.0,695.0,699.0,0.0,93.8,37.0,Individual,5,High Risk,Manual Review
92085958,35000.0, 60 months,22.74,E,E1,6 years,MORTGAGE,125000.0,Source Verified,debt_consolidation,SC,30.49,0.0,660.0,664.0,0.0,61.0,68.0,Individual,5,High Risk,Manual Review
91963736,15075.0, 60 months,29.49,F,F2,10+ years,MORTGAGE,60000.0,Verified,small_business,TX,30.84,0.0,660.0,664.0,2.0,58.0,52.0,Individual,5,High Risk,Manual Review
92174066,6300.0, 36 months,23.99,E,E2,,RENT,21000.0,Verified,debt_consolidation,NY,30.23,0.0,700.0,704.0,1.0,47.0,5.0,Individual,5,High Risk,Manual Review
92014319,35000.0, 60 months,24.74,E,E3,2 years,RENT,91825.0,Verified,debt_consolidation,IL,21.43,1.0,670.0,674.0,1.0,92.4,28.0,Individual,5,High Risk,Manual Review
91954006,10000.0, 60 months,24.74,E,E3,10+ years,MORTGAGE,48000.0,Not Verified,credit_card,MI,32.15,1.0,670.0,674.0,0.0,74.0,35.0,Joint App,6,High Risk,Manual Review
91583978,25000.0, 60 months,29.99,F,F3,10+ years,MORTGAGE,85000.0,Verified,debt_consolidation,UT,31.54,1.0,680.0,684.0,3.0,4.6,29.0,Individual,6,High Risk,Manual Review
92237466,40000.0, 60 months,29.49,F,F2,10+ years,MORTGAGE,97800.0,Verified,credit_card,TX,31.41,0.0,715.0,719.0,0.0,67.8,30.0,Individual,5,High Risk,Manual Review
91671312,24000.0, 60 months,25.49,E,E4,< 1 year,RENT,32000.0,Verified,debt_consolidation,FL,39.35,0.0,670.0,674.0,0.0,56.8,19.0,Joint App,5,High Risk,Manual Review
92238053,24000.0, 60 months,30.74,F,F5,10+ years,OWN,60750.0,Verified,debt_consolidation,AZ,32.42,1.0,660.0,664.0,0.0,56.5,28.0,Individual,6,High Risk,Manual Review
91629168,24000.0, 60 months,22.74,E,E1,10+ years,MORTGAGE,106453.0,Not Verified,debt_consolidation,NY,30.14,0.0,660.0,664.0,3.0,60.0,51.0,Individual,5,High Risk,Manual Review
91556273,12950.0, 60 months,24.74,E,E3,,MORTGAGE,39152.4,Verified,debt_consolidation,OH,34.24,0.0,685.0,689.0,0.0,87.0,13.0,Individual,6,High Risk,Manual Review
91803116,10875.0, 60 months,30.79,G,G1,10+ years,MORTGAGE,65000.0,Source Verified,debt_consolidation,CA,32.27,0.0,690.0,694.0,1.0,43.2,38.0,Individual,5,High Risk,Manual Review
92194746,33850.0, 60 months,30.84,G,G2,2 years,MORTGAGE,156000.0,Not Verified,debt_consolidation,NH,30.08,0.0,675.0,679.0,3.0,62.7,51.0,Individual,5,High Risk,Manual Review
92095583,25000.0, 60 months,29.49,F,F2,10+ years,OWN,78000.0,Source Verified,debt_consolidation,IL,34.06,0.0,690.0,694.0,0.0,85.1,18.0,Individual,6,High Risk,Manual Review
91447026,20000.0, 60 months,24.74,E,E3,10+ years,MORTGAGE,89000.0,Verified,debt_consolidation,LA,31.65,0.0,660.0,664.0,2.0,49.5,35.0,Joint App,5,High Risk,Manual Review
91854112,6150.0, 36 months,24.74,E,E3,10+ years,MORTGAGE,45000.0,Source Verified,debt_consolidation,NJ,30.43,3.0,695.0,699.0,1.0,18.0,27.0,Individual,6,High Risk,Manual Review
92242362,35000.0, 60 months,24.74,E,E3,10+ years,MORTGAGE,108000.0,Verified,debt_consolidation,VA,15.59,1.0,685.0,689.0,0.0,85.7,17.0,Individual,5,High Risk,Manual Review
92013786,35000.0, 36 months,23.99,E,E2,6 years,MORTGAGE,111200.0,Not Verified,debt_consolidation,KY,31.09,0.0,665.0,669.0,1.0,74.4,44.0,Individual,5,High Risk,Manual Review
91964320,20600.0, 60 months,29.99,F,F3,5 years,RENT,66000.0,Verified,small_business,AZ,33.73,0.0,670.0,674.0,0.0,46.6,33.0,Individual,5,High Risk,Manual Review
91567839,16475.0, 60 months,26.24,E,E5,7 years,MORTGAGE,67000.0,Verified,debt_consolidation,KY,34.0,0.0,680.0,684.0,1.0,84.0,35.0,Individual,6,High Risk,Manual Review
91947844,33200.0, 36 months,24.74,E,E3,10+ years,MORTGAGE,113000.0,Verified,debt_consolidation,CA,34.56,0.0,725.0,729.0,0.0,38.6,31.0,Individual,5,High Risk,Manual Review
91703868,16000.0, 60 months,26.24,E,E5,10+ years,MORTGAGE,64000.0,Verified,debt_consolidation,NY,23.29,1.0,665.0,669.0,0.0,83.5,18.0,Individual,5,High Risk,Manual Review
92134579,9600.0, 36 months,22.74,E,E1,10+ years,OWN,37000.0,Source Verified,debt_consolidation,AL,30.13,0.0,665.0,669.0,0.0,65.9,14.0,Individual,5,High Risk,Manual Review
91962131,30000.0, 60 months,24.74,E,E3,1 year,MORTGAGE,68000.0,Source Verified,major_purchase,KS,32.62,1.0,690.0,694.0,1.0,29.5,42.0,Joint App,6,High Risk,Manual Review
92235361,11200.0, 60 months,24.74,E,E3,< 1 year,MORTGAGE,30000.0,Verified,debt_consolidation,NC,30.24,0.0,700.0,704.0,0.0,44.0,43.0,Individual,5,High Risk,Manual Review
91393386,20000.0, 60 months,22.74,E,E1,2 years,RENT,85000.0,Source Verified,debt_consolidation,TX,13.72,5.0,660.0,664.0,0.0,84.3,17.0,Individual,5,High Risk,Manual Review
91959405,15000.0, 60 months,30.94,G,G4,10+ years,MORTGAGE,50000.0,Verified,debt_consolidation,FL,30.05,1.0,675.0,679.0,0.0,58.4,29.0,Individual,6,High Risk,Manual Review
92225882,11500.0, 36 months,22.74,E,E1,10+ years,OWN,33389.0,Not Verified,debt_consolidation,MI,33.03,0.0,725.0,729.0,0.0,27.1,17.0,Individual,5,High Risk,Manual Review
92123720,15000.0, 60 months,29.49,F,F2,9 years,OWN,48345.0,Verified,debt_consolidation,OH,33.74,0.0,690.0,694.0,2.0,72.6,27.0,Individual,5,High Risk,Manual Review
91985072,12000.0, 60 months,24.74,E,E3,3 years,RENT,31000.0,Verified,debt_consolidation,NC,31.63,1.0,670.0,674.0,0.0,27.7,28.0,Individual,6,High Risk,Manual Review
91685125,35000.0, 60 months,22.74,E,E1,10+ years,MORTGAGE,20000.0,Source Verified,debt_consolidation,FL,54.44,0.0,665.0,669.0,1.0,89.0,16.0,Joint App,6,High Risk,Manual Review
92055226,30000.0, 60 months,30.94,G,G4,10+ years,MORTGAGE,73300.0,Source Verified,debt_consolidation,VA,30.93,0.0,710.0,714.0,0.0,48.4,22.0,Individual,5,High Risk,Manual Review
91457716,18500.0, 60 months,26.24,E,E5,10+ years,MORTGAGE,94000.0,Not Verified,debt_consolidation,NC,33.59,0.0,700.0,704.0,0.0,69.9,42.0,Individual,5,High Risk,Manual Review
91723746,30000.0, 60 months,24.74,E,E3,< 1 year,MORTGAGE,46000.0,Verified,debt_consolidation,TN,33.99,0.0,715.0,719.0,1.0,89.4,44.0,Joint App,6,High Risk,Manual Review
92044906,25000.0, 60 months,22.74,E,E1,5 years,MORTGAGE,85000.0,Source Verified,debt_consolidation,LA,16.79,1.0,705.0,709.0,0.0,85.6,23.0,Individual,5,High Risk,Manual Review
92023984,35000.0, 60 months,26.24,E,E5,10+ years,MORTGAGE,84000.0,Verified,debt_consolidation,GA,30.11,0.0,680.0,684.0,0.0,74.1,60.0,Individual,5,High Risk,Manual Review
91060635,15400.0, 60 months,25.49,E,E4,3 years,MORTGAGE,43500.0,Source Verified,debt_consolidation,SC,34.51,1.0,660.0,664.0,1.0,43.5,33.0,Individual,6,High Risk,Manual Review
92133273,29000.0, 60 months,29.99,F,F3,7 years,MORTGAGE,121000.0,Source Verified,debt_consolidation,OR,22.18,1.0,670.0,674.0,0.0,81.5,28.0,Individual,5,High Risk,Manual Review
92053989,7125.0, 36 months,28.69,F,F1,3 years,OWN,21000.0,Verified,debt_consolidation,AZ,30.4,0.0,690.0,694.0,1.0,84.0,6.0,Individual,6,High Risk,Manual Review
92183450,14300.0, 60 months,25.49,E,E4,10+ years,MORTGAGE,60000.0,Not Verified,debt_consolidation,TN,34.18,0.0,675.0,679.0,0.0,42.5,35.0,Individual,5,High Risk,Manual Review
92044236,32000.0, 60 months,22.74,E,E1,< 1 year,MORTGAGE,73000.0,Verified,home_improvement,TX,31.1,0.0,660.0,664.0,0.0,73.0,34.0,Individual,5,High Risk,Manual Review
91864662,12000.0, 36 months,22.74,E,E1,8 years,MORTGAGE,38000.0,Source Verified,debt_consolidation,CA,32.06,0.0,675.0,679.0,0.0,98.9,13.0,Individual,6,High Risk,Manual Review
91993842,19200.0, 60 months,30.74,F,F5,10+ years,MORTGAGE,92904.76,Source Verified,debt_consolidation,ME,34.25,0.0,695.0,699.0,0.0,96.0,26.0,Individual,6,High Risk,Manual Review
91945026,15000.0, 36 months,28.69,F,F1,10+ years,MORTGAGE,56000.0,Verified,medical,TX,31.0,0.0,680.0,684.0,2.0,77.0,15.0,Individual,5,High Risk,Manual Review
92222512,19850.0, 36 months,22.74,E,E1,10+ years,OWN,72000.0,Source Verified,debt_consolidation,NY,34.05,0.0,670.0,674.0,1.0,78.8,62.0,Individual,5,High Risk,Manual Review
91498300,10000.0, 36 months,24.74,E,E3,2 years,RENT,60000.0,Source Verified,other,CA,32.18,0.0,695.0,699.0,0.0,68.1,9.0,Individual,5,High Risk,Manual Review
91953078,17300.0, 60 months,29.99,F,F3,10+ years,MORTGAGE,68640.0,Source Verified,home_improvement,NM,34.7,0.0,700.0,704.0,0.0,75.2,18.0,Individual,5,High Risk,Manual Review
91691515,30000.0, 60 months,25.49,E,E4,10+ years,MORTGAGE,108000.0,Verified,debt_consolidation,FL,31.78,0.0,680.0,684.0,1.0,63.9,41.0,Individual,5,High Risk,Manual Review
91961470,11100.0, 60 months,22.74,E,E1,< 1 year,RENT,37000.0,Source Verified,debt_consolidation,AL,33.9,0.0,710.0,714.0,1.0,41.4,28.0,Individual,5,High Risk,Manual Review
91743941,21000.0, 60 months,28.69,F,F1,< 1 year,RENT,94000.0,Not Verified,debt_consolidation,OH,22.92,2.0,660.0,664.0,3.0,95.5,58.0,Joint App,5,High Risk,Manual Review
92164467,21525.0, 60 months,22.74,E,E1,4 years,MORTGAGE,52000.0,Not Verified,credit_card,MN,33.88,0.0,725.0,729.0,3.0,16.2,38.0,Individual,5,High Risk,Manual Review
91408145,21475.0, 60 months,22.74,E,E1,10+ years,MORTGAGE,38000.0,Verified,debt_consolidation,MN,35.44,1.0,675.0,679.0,0.0,94.3,32.0,Joint App,7,High Risk,Manual Review
91813969,26700.0, 36 months,25.49,E,E4,10+ years,RENT,65000.0,Source Verified,debt_consolidation,CA,31.78,1.0,665.0,669.0,2.0,71.3,32.0,Individual,6,High Risk,Manual Review
90238284,20000.0, 60 months,25.49,E,E4,10+ years,MORTGAGE,80000.0,Not Verified,debt_consolidation,IN,30.29,1.0,685.0,689.0,1.0,67.5,22.0,Individual,6,High Risk,Manual Review
91714636,25000.0, 60 months,25.49,E,E4,5 years,MORTGAGE,98500.0,Source Verified,debt_consolidation,NY,19.25,1.0,675.0,679.0,1.0,88.0,22.0,Individual,5,High Risk,Manual Review
91864483,10000.0, 60 months,22.74,E,E1,10+ years,RENT,60672.0,Verified,credit_card,CA,31.47,0.0,710.0,714.0,0.0,39.4,15.0,Individual,5,High Risk,Manual Review
91253841,14075.0, 60 months,29.49,F,F2,10+ years,MORTGAGE,40000.0,Source Verified,debt_consolidation,GA,30.6,0.0,725.0,729.0,0.0,28.8,23.0,Individual,5,High Risk,Manual Review
91844075,10000.0, 60 months,29.99,F,F3,3 years,RENT,30000.0,Not Verified,credit_card,MI,33.6,0.0,695.0,699.0,3.0,35.6,10.0,Individual,5,High Risk,Manual Review
92215383,14400.0, 60 months,30.79,G,G1,6 years,RENT,40000.0,Source Verified,debt_consolidation,ME,32.56,0.0,675.0,679.0,0.0,34.2,24.0,Individual,5,High Risk,Manual Review
92084001,29975.0, 36 months,30.94,G,G4,10+ years,RENT,64545.48,Verified,debt_consolidation,MO,30.62,1.0,685.0,689.0,1.0,84.2,28.0,Individual,7,High Risk,Manual Review
91714570,10000.0, 36 months,23.99,E,E2,10+ years,OWN,26700.0,Verified,debt_consolidation,NE,30.47,0.0,690.0,694.0,0.0,33.5,29.0,Individual,5,High Risk,Manual Review
92143364,36200.0, 60 months,26.24,E,E5,10+ years,MORTGAGE,125000.0,Verified,major_purchase,CA,33.29,0.0,705.0,709.0,0.0,80.1,20.0,Individual,6,High Risk,Manual Review
92023910,9000.0, 36 months,23.99,E,E2,10+ years,MORTGAGE,40000.0,Source Verified,debt_consolidation,AZ,31.37,0.0,665.0,669.0,2.0,60.1,23.0,Individual,5,High Risk,Manual Review
92143399,18000.0, 60 months,24.74,E,E3,10+ years,MORTGAGE,45600.0,Source Verified,debt_consolidation,NY,33.18,0.0,695.0,699.0,2.0,52.7,20.0,Individual,5,High Risk,Manual Review
91574351,24275.0, 60 months,25.49,E,E4,10+ years,MORTGAGE,65000.0,Verified,debt_consolidation,FL,31.84,0.0,675.0,679.0,1.0,40.0,35.0,Individual,5,High Risk,Manual Review
91957915,20000.0, 60 months,24.74,E,E3,10+ years,MORTGAGE,79446.0,Verified,debt_consolidation,TX,30.41,0.0,680.0,684.0,0.0,76.8,18.0,Individual,5,High Risk,Manual Review
91415030,17200.0, 60 months,29.49,F,F2,1 year,RENT,41000.0,Verified,debt_consolidation,OH,34.13,0.0,690.0,694.0,0.0,78.1,21.0,Individual,5,High Risk,Manual Review
91609685,12150.0, 60 months,26.49,F,F2,,RENT,13416.0,Verified,debt_consolidation,PA,69.05,0.0,680.0,684.0,0.0,59.7,16.0,Joint App,5,High Risk,Manual Review
91555741,20000.0, 60 months,30.74,F,F5,10+ years,RENT,60000.0,Verified,debt_consolidation,AR,18.88,1.0,695.0,699.0,1.0,105.4,40.0,Individual,5,High Risk,Manual Review
91833388,14600.0, 36 months,30.99,G,G5,3 years,MORTGAGE,60000.0,Source Verified,small_business,OH,23.14,2.0,665.0,669.0,1.0,88.5,11.0,Individual,5,High Risk,Manual Review
91948912,24000.0, 60 months,30.84,G,G2,10+ years,RENT,60000.0,Verified,debt_consolidation,FL,23.78,1.0,670.0,674.0,0.0,87.9,26.0,Individual,5,High Risk,Manual Review
91884553,8675.0, 36 months,23.99,E,E2,10+ years,MORTGAGE,49500.0,Source Verified,debt_consolidation,FL,32.12,0.0,665.0,669.0,0.0,78.6,19.0,Individual,5,High Risk,Manual Review
91823815,10000.0, 60 months,24.74,E,E3,3 years,MORTGAGE,44000.0,Verified,credit_card,MN,30.66,0.0,685.0,689.0,1.0,48.9,37.0,Individual,5,High Risk,Manual Review
91714289,7800.0, 36 months,22.74,E,E1,,RENT,23000.0,Not Verified,home_improvement,VT,32.83,0.0,815.0,819.0,1.0,4.7,36.0,Individual,5,High Risk,Manual Review
91575365,16100.0, 60 months,29.99,F,F3,10+ years,OWN,35000.0,Not Verified,debt_consolidation,FL,33.98,0.0,685.0,689.0,1.0,39.2,40.0,Individual,5,High Risk,Manual Review
91893459,6600.0, 36 months,26.24,E,E5,8 years,MORTGAGE,27000.0,Verified,debt_consolidation,NY,32.98,0.0,665.0,669.0,1.0,66.0,36.0,Individual,5,High Risk,Manual Review
91743367,20850.0, 60 months,30.74,F,F5,3 years,MORTGAGE,70000.0,Verified,debt_consolidation,KS,33.04,0.0,675.0,679.0,1.0,82.0,15.0,Individual,6,High Risk,Manual Review
91514835,10000.0, 60 months,22.74,E,E1,5 years,OWN,72000.0,Source Verified,major_purchase,TX,15.73,1.0,660.0,664.0,0.0,99.0,7.0,Individual,5,High Risk,Manual Review
91555033,30000.0, 60 months,24.74,E,E3,10+ years,MORTGAGE,75000.0,Verified,debt_consolidation,OH,33.39,0.0,700.0,704.0,1.0,97.1,23.0,Individual,6,High Risk,Manual Review
90321960,24000.0, 60 months,30.99,G,G5,2 years,OWN,65000.0,Verified,major_purchase,FL,32.57,0.0,710.0,714.0,3.0,53.1,21.0,Individual,5,High Risk,Manual Review
91813541,12000.0, 60 months,26.24,E,E5,,RENT,37000.0,Verified,debt_consolidation,CO,29.76,1.0,660.0,664.0,0.0,82.3,23.0,Individual,5,High Risk,Manual Review
91690717,20000.0, 60 months,21.49,D,D5,4 years,RENT,37440.0,Verified,debt_consolidation,CT,38.11,1.0,660.0,664.0,0.0,83.5,20.0,Joint App,5,High Risk,Manual Review
91884273,8025.0, 36 months,23.99,E,E2,1 year,MORTGAGE,42000.0,Verified,debt_consolidation,WA,33.08,0.0,715.0,719.0,0.0,67.9,12.0,Individual,5,High Risk,Manual Review
91407197,15375.0, 36 months,24.74,E,E3,< 1 year,RENT,60000.0,Source Verified,medical,CA,30.36,0.0,675.0,679.0,0.0,87.7,18.0,Individual,6,High Risk,Manual Review
90708195,5550.0, 36 months,26.99,F,F3,,RENT,17412.0,Verified,debt_consolidation,CA,30.46,0.0,675.0,679.0,1.0,85.9,6.0,Individual,6,High Risk,Manual Review
91693588,10800.0, 36 months,22.74,E,E1,4 years,RENT,36000.0,Verified,debt_consolidation,KS,34.93,0.0,675.0,679.0,1.0,66.5,12.0,Individual,5,High Risk,Manual Review
91507748,22000.0, 60 months,29.99,F,F3,4 years,OWN,62000.0,Verified,debt_consolidation,TX,30.89,0.0,700.0,704.0,0.0,76.2,22.0,Individual,5,High Risk,Manual Review
91348204,35000.0, 60 months,22.74,E,E1,10+ years,MORTGAGE,75000.0,Verified,debt_consolidation,KS,30.35,0.0,700.0,704.0,1.0,62.8,24.0,Individual,5,High Risk,Manual Review
91813841,10000.0, 60 months,22.74,E,E1,< 1 year,RENT,26500.0,Source Verified,debt_consolidation,AL,31.55,1.0,715.0,719.0,0.0,36.1,20.0,Individual,6,High Risk,Manual Review
91946014,10000.0, 60 months,22.74,E,E1,10+ years,RENT,34000.0,Not Verified,other,MN,33.77,0.0,735.0,739.0,1.0,0.5,42.0,Individual,5,High Risk,Manual Review
91693666,6000.0, 36 months,26.24,E,E5,5 years,RENT,22000.0,Verified,debt_consolidation,GA,32.73,0.0,670.0,674.0,3.0,38.4,26.0,Individual,5,High Risk,Manual Review
91774104,14200.0, 60 months,25.49,E,E4,10+ years,MORTGAGE,65000.0,Source Verified,debt_consolidation,SC,32.99,0.0,720.0,724.0,0.0,53.3,22.0,Individual,5,High Risk,Manual Review
91192538,20700.0, 60 months,22.74,E,E1,4 years,RENT,61000.0,Not Verified,credit_card,CA,32.83,0.0,685.0,689.0,2.0,26.2,42.0,Individual,5,High Risk,Manual Review
90126196,22400.0, 36 months,24.49,E,E3,8 years,RENT,70000.0,Verified,debt_consolidation,CA,33.36,0.0,670.0,674.0,0.0,76.9,11.0,Individual,5,High Risk,Manual Review
91783736,22750.0, 36 months,22.74,E,E1,7 years,RENT,45500.0,Verified,other,MI,31.76,0.0,670.0,674.0,0.0,49.6,33.0,Individual,5,High Risk,Manual Review
91001024,12000.0, 60 months,24.99,E,E4,< 1 year,OWN,93903.0,Source Verified,debt_consolidation,VA,31.14,0.0,660.0,664.0,2.0,66.9,44.0,Individual,5,High Risk,Manual Review
91833213,14950.0, 36 months,23.99,E,E2,9 years,RENT,50648.0,Verified,other,FL,34.08,0.0,660.0,664.0,0.0,63.8,21.0,Individual,5,High Risk,Manual Review
91631120,28875.0, 36 months,18.99,D,D3,10+ years,MORTGAGE,76000.0,Verified,debt_consolidation,GA,32.78,11.0,660.0,664.0,1.0,94.6,42.0,Joint App,5,High Risk,Manual Review
91102221,34375.0, 60 months,25.69,F,F1,10+ years,MORTGAGE,62000.0,Verified,debt_consolidation,HI,34.2,1.0,695.0,699.0,0.0,66.4,29.0,Joint App,6,High Risk,Manual Review
91713555,13550.0, 60 months,25.49,E,E4,5 years,OWN,165000.0,Source Verified,debt_consolidation,MD,33.83,1.0,685.0,689.0,0.0,82.1,30.0,Individual,7,High Risk,Manual Review
91923486,7000.0, 36 months,30.49,F,F4,6 years,RENT,26000.0,Verified,vacation,TN,33.87,0.0,685.0,689.0,0.0,43.4,21.0,Individual,5,High Risk,Manual Review
91723484,16000.0, 60 months,22.74,E,E1,10+ years,RENT,52000.0,Source Verified,debt_consolidation,CA,28.83,1.0,660.0,664.0,1.0,91.8,11.0,Individual,5,High Risk,Manual Review
91944806,15000.0, 36 months,24.74,E,E3,10+ years,MORTGAGE,265000.0,Source Verified,other,CA,9.02,1.0,670.0,674.0,1.0,97.1,28.0,Individual,5,High Risk,Manual Review
91946207,1600.0, 36 months,23.99,E,E2,6 years,MORTGAGE,90000.0,Source Verified,other,MI,31.83,0.0,715.0,719.0,2.0,59.4,30.0,Individual,5,High Risk,Manual Review
91743307,12175.0, 60 months,30.94,G,G4,4 years,MORTGAGE,36000.0,Source Verified,debt_consolidation,FL,31.0,0.0,685.0,689.0,0.0,93.5,5.0,Individual,6,High Risk,Manual Review
91843323,20000.0, 36 months,24.74,E,E3,1 year,MORTGAGE,72000.0,Source Verified,debt_consolidation,TN,32.47,0.0,685.0,689.0,3.0,53.6,23.0,Individual,5,High Risk,Manual Review
91574084,30000.0, 60 months,26.24,E,E5,7 years,RENT,60000.0,Source Verified,debt_consolidation,KY,34.54,3.0,680.0,684.0,0.0,83.9,28.0,Individual,7,High Risk,Manual Review
91484854,14325.0, 36 months,21.49,D,D5,10+ years,MORTGAGE,56000.0,Verified,debt_consolidation,TX,33.86,1.0,670.0,674.0,2.0,96.0,18.0,Individual,5,High Risk,Manual Review
91733830,33725.0, 36 months,23.99,E,E2,10+ years,MORTGAGE,110000.0,Verified,debt_consolidation,MN,31.34,1.0,700.0,704.0,2.0,50.4,20.0,Individual,6,High Risk,Manual Review
91948426,18000.0, 60 months,24.74,E,E3,4 years,RENT,60000.0,Not Verified,debt_consolidation,NJ,32.82,0.0,705.0,709.0,2.0,36.2,29.0,Individual,5,High Risk,Manual Review
91823521,25000.0, 60 months,26.24,E,E5,8 years,RENT,125000.0,Verified,debt_consolidation,AR,33.67,1.0,685.0,689.0,2.0,85.0,34.0,Individual,7,High Risk,Manual Review
91396915,14800.0, 60 months,30.94,G,G4,10+ years,MORTGAGE,52000.0,Not Verified,credit_card,AL,34.25,0.0,675.0,679.0,0.0,74.7,37.0,Individual,5,High Risk,Manual Review
91933446,26400.0, 36 months,25.49,E,E4,9 years,MORTGAGE,102900.0,Verified,debt_consolidation,WA,32.82,0.0,680.0,684.0,0.0,91.8,30.0,Individual,6,High Risk,Manual Review
91680342,15000.0, 36 months,25.49,E,E4,5 years,MORTGAGE,72000.0,Not Verified,debt_consolidation,NC,34.26,1.0,665.0,669.0,0.0,90.8,31.0,Individual,7,High Risk,Manual Review
91893329,14000.0, 60 months,24.74,E,E3,10+ years,MORTGAGE,87921.0,Not Verified,debt_consolidation,IL,22.4,1.0,670.0,674.0,1.0,82.7,21.0,Individual,5,High Risk,Manual Review
91518566,18000.0, 36 months,29.49,F,F2,10+ years,MORTGAGE,48000.0,Verified,debt_consolidation,MO,31.35,1.0,670.0,674.0,1.0,41.9,27.0,Individual,6,High Risk,Manual Review
91678531,20000.0, 36 months,30.79,G,G1,10+ years,MORTGAGE,48000.0,Source Verified,home_improvement,TX,30.67,0.0,695.0,699.0,1.0,41.4,29.0,Individual,5,High Risk,Manual Review
91893138,18000.0, 60 months,30.79,G,G1,< 1 year,RENT,70000.0,Verified,credit_card,CA,31.8,0.0,665.0,669.0,1.0,73.2,33.0,Individual,5,High Risk,Manual Review
91367559,16000.0, 36 months,30.84,G,G2,10+ years,MORTGAGE,140000.0,Verified,house,GA,34.58,3.0,710.0,714.0,4.0,17.0,41.0,Individual,6,High Risk,Manual Review
91359065,18675.0, 36 months,22.74,E,E1,3 years,RENT,60000.0,Source Verified,debt_consolidation,TX,30.75,0.0,720.0,724.0,0.0,75.2,18.0,Individual,5,High Risk,Manual Review
91678826,24000.0, 60 months,22.74,E,E1,10+ years,MORTGAGE,85000.0,Not Verified,home_improvement,TX,32.02,0.0,690.0,694.0,1.0,34.6,26.0,Individual,5,High Risk,Manual Review
91478449,29250.0, 60 months,30.84,G,G2,1 year,MORTGAGE,88700.0,Verified,debt_consolidation,CA,31.92,0.0,720.0,724.0,0.0,78.0,9.0,Individual,5,High Risk,Manual Review
91504749,8025.0, 36 months,22.74,E,E1,2 years,RENT,37704.0,Verified,other,TX,34.4,0.0,675.0,679.0,2.0,58.0,8.0,Individual,5,High Risk,Manual Review
91473421,21000.0, 60 months,28.69,F,F1,10+ years,MORTGAGE,89000.0,Source Verified,debt_consolidation,CA,31.58,0.0,680.0,684.0,0.0,69.4,23.0,Individual,5,High Risk,Manual Review
91598098,10200.0, 60 months,24.74,E,E3,< 1 year,RENT,42000.0,Source Verified,debt_consolidation,PA,30.57,0.0,690.0,694.0,1.0,77.2,41.0,Individual,5,High Risk,Manual Review
91647718,18000.0, 36 months,29.49,F,F2,1 year,RENT,38000.0,Source Verified,debt_consolidation,CA,34.81,0.0,700.0,704.0,1.0,46.3,9.0,Joint App,5,High Risk,Manual Review
91586175,30000.0, 60 months,28.69,F,F1,4 years,MORTGAGE,80000.0,Verified,debt_consolidation,CO,31.76,0.0,660.0,664.0,3.0,95.0,31.0,Individual,6,High Risk,Manual Review
91122106,24000.0, 60 months,24.49,E,E3,10+ years,OWN,91393.0,Verified,debt_consolidation,AL,32.7,0.0,660.0,664.0,1.0,75.9,32.0,Individual,5,High Risk,Manual Review
91051729,25000.0, 60 months,26.99,F,F3,10+ years,MORTGAGE,70000.0,Verified,debt_consolidation,WY,31.29,0.0,670.0,674.0,0.0,54.6,33.0,Individual,5,High Risk,Manual Review
91635973,18300.0, 60 months,26.24,E,E5,10+ years,MORTGAGE,40428.0,Source Verified,debt_consolidation,SC,38.56,0.0,665.0,669.0,0.0,34.8,25.0,Joint App,5,High Risk,Manual Review
91615978,16000.0, 60 months,26.49,F,F2,10+ years,RENT,85000.0,Verified,credit_card,NY,31.63,0.0,660.0,664.0,3.0,32.3,87.0,Individual,5,High Risk,Manual Review
91291311,31200.0, 60 months,26.49,F,F2,10+ years,MORTGAGE,48000.0,Verified,debt_consolidation,TX,44.08,0.0,685.0,689.0,0.0,69.0,38.0,Joint App,5,High Risk,Manual Review
91465331,20175.0, 36 months,23.99,E,E2,4 years,MORTGAGE,60000.0,Source Verified,debt_consolidation,TX,34.66,1.0,670.0,674.0,1.0,72.3,33.0,Individual,6,High Risk,Manual Review
91504658,15000.0, 60 months,24.74,E,E3,7 years,RENT,48000.0,Verified,debt_consolidation,NC,32.35,0.0,670.0,674.0,0.0,49.4,8.0,Individual,5,High Risk,Manual Review
91486667,20000.0, 36 months,30.49,F,F4,5 years,MORTGAGE,82560.0,Source Verified,home_improvement,CA,14.19,1.0,670.0,674.0,2.0,80.7,40.0,Individual,5,High Risk,Manual Review
91187782,18225.0, 60 months,27.79,F,F5,10+ years,RENT,27000.0,Verified,debt_consolidation,WY,32.93,1.0,695.0,699.0,0.0,19.1,33.0,Joint App,6,High Risk,Manual Review
91406988,30000.0, 60 months,30.94,G,G4,10+ years,MORTGAGE,74000.0,Not Verified,debt_consolidation,CT,31.12,0.0,665.0,669.0,0.0,98.2,39.0,Individual,6,High Risk,Manual Review
91688275,16000.0, 60 months,29.49,F,F2,7 years,MORTGAGE,62700.0,Verified,debt_consolidation,OH,34.57,1.0,665.0,669.0,0.0,66.9,11.0,Individual,6,High Risk,Manual Review
91654828,26900.0, 36 months,22.74,E,E1,3 years,RENT,82300.0,Verified,debt_consolidation,FL,32.81,0.0,670.0,674.0,0.0,54.2,23.0,Individual,5,High Risk,Manual Review
91453530,16800.0, 60 months,24.74,E,E3,2 years,RENT,55000.0,Verified,debt_consolidation,GA,34.37,0.0,695.0,699.0,0.0,57.0,19.0,Individual,5,High Risk,Manual Review
91357297,14000.0, 60 months,24.74,E,E3,1 year,MORTGAGE,48000.0,Source Verified,debt_consolidation,CT,34.73,0.0,680.0,684.0,0.0,67.4,27.0,Individual,5,High Risk,Manual Review
91643734,13500.0, 60 months,25.49,E,E4,5 years,RENT,60000.0,Verified,debt_consolidation,KY,32.82,0.0,690.0,694.0,1.0,35.1,17.0,Individual,5,High Risk,Manual Review
91633309,10000.0, 36 months,23.99,E,E2,10+ years,RENT,52000.0,Verified,debt_consolidation,GA,33.72,0.0,670.0,674.0,1.0,91.7,26.0,Individual,6,High Risk,Manual Review
91495928,12000.0, 60 months,22.74,E,E1,10+ years,RENT,55000.0,Verified,debt_consolidation,IL,32.73,0.0,680.0,684.0,1.0,51.0,34.0,Individual,5,High Risk,Manual Review
91681313,30875.0, 36 months,23.99,E,E2,3 years,MORTGAGE,85000.0,Verified,debt_consolidation,TX,33.97,0.0,695.0,699.0,0.0,40.5,16.0,Individual,5,High Risk,Manual Review
91680313,22975.0, 36 months,23.99,E,E2,10+ years,MORTGAGE,85000.0,Verified,debt_consolidation,FL,34.07,0.0,680.0,684.0,0.0,84.3,60.0,Individual,6,High Risk,Manual Review
91661041,23000.0, 36 months,23.99,E,E2,10+ years,MORTGAGE,50000.0,Source Verified,debt_consolidation,GA,32.91,2.0,695.0,699.0,0.0,37.4,35.0,Individual,6,High Risk,Manual Review
91554118,15400.0, 60 months,28.69,F,F1,10+ years,OWN,35000.0,Verified,debt_consolidation,IL,30.45,0.0,740.0,744.0,0.0,49.3,34.0,Individual,5,High Risk,Manual Review
91333151,12800.0, 60 months,25.49,E,E4,5 years,RENT,55000.0,Source Verified,debt_consolidation,VA,30.5,0.0,675.0,679.0,0.0,61.8,51.0,Individual,5,High Risk,Manual Review
91148957,13675.0, 36 months,19.99,D,D4,10+ years,MORTGAGE,32580.0,Source Verified,debt_consolidation,ND,32.93,1.0,670.0,674.0,0.0,83.5,23.0,Individual,5,High Risk,Manual Review
91537153,6000.0, 36 months,24.74,E,E3,10+ years,RENT,75000.0,Verified,other,CO,33.2,0.0,685.0,689.0,0.0,92.2,30.0,Individual,6,High Risk,Manual Review
91341465,33150.0, 36 months,22.39,E,E1,2 years,MORTGAGE,73000.0,Verified,debt_consolidation,UT,33.54,2.0,660.0,664.0,0.0,88.0,23.0,Joint App,7,High Risk,Manual Review
91425190,17125.0, 36 months,25.49,E,E4,10+ years,MORTGAGE,54000.0,Verified,credit_card,AR,31.6,0.0,665.0,669.0,1.0,83.0,32.0,Individual,6,High Risk,Manual Review
90451338,24000.0, 60 months,25.69,F,F1,10+ years,RENT,175000.0,Verified,debt_consolidation,NY,30.24,0.0,675.0,679.0,2.0,54.9,34.0,Individual,5,High Risk,Manual Review
91638696,35000.0, 60 months,24.74,E,E3,< 1 year,MORTGAGE,48528.0,Verified,debt_consolidation,WA,56.18,0.0,690.0,694.0,1.0,85.0,38.0,Joint App,6,High Risk,Manual Review
91071671,18000.0, 36 months,23.99,E,E2,4 years,OWN,54500.0,Verified,home_improvement,OH,32.45,0.0,695.0,699.0,2.0,60.5,16.0,Individual,5,High Risk,Manual Review
91070324,15400.0, 60 months,25.69,F,F1,< 1 year,MORTGAGE,35000.0,Verified,debt_consolidation,GA,32.72,0.0,680.0,684.0,0.0,84.4,13.0,Individual,6,High Risk,Manual Review
91514785,27500.0, 60 months,26.24,E,E5,10+ years,OWN,55000.0,Source Verified,credit_card,NY,34.69,0.0,760.0,764.0,1.0,38.9,17.0,Individual,5,High Risk,Manual Review
91587864,20800.0, 60 months,22.74,E,E1,6 years,OWN,92000.0,Verified,home_improvement,TX,30.21,0.0,705.0,709.0,0.0,98.5,34.0,Individual,6,High Risk,Manual Review
91658996,12800.0, 60 months,25.49,E,E4,10+ years,RENT,75986.0,Source Verified,debt_consolidation,GA,32.25,0.0,665.0,669.0,1.0,59.5,62.0,Individual,5,High Risk,Manual Review
91668290,6000.0, 36 months,24.74,E,E3,10+ years,OWN,63000.0,Source Verified,debt_consolidation,TN,30.65,0.0,675.0,679.0,1.0,56.3,32.0,Individual,5,High Risk,Manual Review
91650526,25000.0, 60 months,30.74,F,F5,2 years,MORTGAGE,60000.0,Verified,debt_consolidation,OH,33.66,0.0,665.0,669.0,0.0,20.4,20.0,Individual,5,High Risk,Manual Review
91366749,10700.0, 60 months,30.84,G,G2,9 years,RENT,61000.0,Verified,debt_consolidation,NE,32.7,1.0,670.0,674.0,0.0,35.3,29.0,Individual,6,High Risk,Manual Review
90161125,12000.0, 60 months,27.79,F,F5,5 years,OWN,45000.0,Source Verified,debt_consolidation,NC,33.36,0.0,695.0,699.0,0.0,55.0,17.0,Individual,5,High Risk,Manual Review
91242972,16000.0, 60 months,25.29,E,E5,< 1 year,OWN,150000.0,Source Verified,debt_consolidation,TX,24.63,1.0,660.0,664.0,0.0,91.9,43.0,Individual,5,High Risk,Manual Review
91667948,30000.0, 60 months,29.49,F,F2,2 years,RENT,70000.0,Verified,debt_consolidation,TX,32.5,0.0,690.0,694.0,0.0,57.9,28.0,Individual,5,High Risk,Manual Review
91669118,24000.0, 60 months,30.74,F,F5,4 years,RENT,75000.0,Verified,debt_consolidation,PA,30.22,0.0,660.0,664.0,0.0,102.0,34.0,Individual,6,High Risk,Manual Review
91496538,33600.0, 60 months,30.79,G,G1,8 years,MORTGAGE,70000.0,Verified,debt_consolidation,MD,33.72,0.0,695.0,699.0,2.0,45.6,17.0,Individual,5,High Risk,Manual Review
91405327,35000.0, 60 months,28.69,F,F1,4 years,MORTGAGE,105000.0,Verified,debt_consolidation,FL,34.22,3.0,665.0,669.0,2.0,77.8,49.0,Individual,6,High Risk,Manual Review
91476933,16000.0, 36 months,23.99,E,E2,4 years,MORTGAGE,47000.0,Verified,debt_consolidation,SC,33.14,0.0,700.0,704.0,1.0,23.6,30.0,Individual,5,High Risk,Manual Review
91566645,9675.0, 36 months,24.74,E,E3,9 years,RENT,35000.0,Verified,debt_consolidation,GA,31.63,0.0,660.0,664.0,0.0,44.4,16.0,Individual,5,High Risk,Manual Review
91302632,18000.0, 60 months,27.79,F,F5,2 years,MORTGAGE,74000.0,Not Verified,debt_consolidation,MO,31.43,0.0,665.0,669.0,2.0,80.6,35.0,Individual,6,High Risk,Manual Review
91376624,19200.0, 60 months,24.74,E,E3,8 years,OWN,122000.0,Source Verified,debt_consolidation,AK,19.17,1.0,670.0,674.0,1.0,89.5,18.0,Individual,5,High Risk,Manual Review
91181078,16000.0, 60 months,29.99,F,F3,10+ years,MORTGAGE,46000.0,Not Verified,debt_consolidation,WY,30.09,0.0,695.0,699.0,0.0,47.8,39.0,Individual,5,High Risk,Manual Review
91463129,4675.0, 36 months,24.74,E,E3,3 years,RENT,15600.0,Verified,other,CA,34.31,0.0,675.0,679.0,0.0,51.6,13.0,Individual,5,High Risk,Manual Review
91546600,35000.0, 36 months,23.99,E,E2,10+ years,MORTGAGE,94260.0,Verified,debt_consolidation,WA,32.04,0.0,670.0,674.0,0.0,79.9,27.0,Individual,5,High Risk,Manual Review
91463490,33950.0, 60 months,25.69,F,F1,< 1 year,MORTGAGE,40000.0,Verified,debt_consolidation,GA,62.29,0.0,685.0,689.0,0.0,86.0,16.0,Joint App,6,High Risk,Manual Review
91466662,4075.0, 36 months,25.49,E,E4,3 years,MORTGAGE,19000.0,Verified,debt_consolidation,AL,30.64,0.0,690.0,694.0,1.0,74.9,6.0,Individual,5,High Risk,Manual Review
91659696,20000.0, 60 months,22.74,E,E1,10+ years,RENT,71920.0,Not Verified,debt_consolidation,NY,32.4,0.0,695.0,699.0,0.0,58.9,14.0,Individual,5,High Risk,Manual Review
91660298,20000.0, 36 months,23.99,E,E2,10+ years,RENT,56000.0,Source Verified,credit_card,CA,30.07,0.0,660.0,664.0,0.0,89.1,34.0,Individual,6,High Risk,Manual Review
91330229,19200.0, 60 months,22.74,E,E1,5 years,RENT,55000.0,Not Verified,debt_consolidation,FL,31.56,0.0,680.0,684.0,0.0,86.0,9.0,Joint App,6,High Risk,Manual Review
91646198,35000.0, 60 months,22.74,E,E1,4 years,MORTGAGE,50000.0,Verified,debt_consolidation,LA,36.63,0.0,695.0,699.0,2.0,61.4,45.0,Joint App,5,High Risk,Manual Review
91386550,5300.0, 36 months,25.49,E,E4,10+ years,OWN,41830.0,Source Verified,debt_consolidation,TX,33.08,2.0,685.0,689.0,0.0,65.2,32.0,Individual,6,High Risk,Manual Review
91554002,18475.0, 60 months,28.69,F,F1,5 years,MORTGAGE,44000.0,Verified,debt_consolidation,IN,31.68,0.0,685.0,689.0,1.0,44.9,10.0,Individual,5,High Risk,Manual Review
91583493,1000.0, 36 months,23.99,E,E2,10+ years,RENT,43900.0,Verified,other,TN,32.62,0.0,700.0,704.0,0.0,99.6,14.0,Individual,6,High Risk,Manual Review
90698708,18900.0, 36 months,24.49,E,E3,,RENT,42000.0,Verified,debt_consolidation,WA,30.83,0.0,685.0,689.0,3.0,61.0,28.0,Individual,5,High Risk,Manual Review
91526403,18875.0, 36 months,26.24,E,E5,< 1 year,RENT,59000.0,Verified,debt_consolidation,FL,30.29,0.0,670.0,674.0,1.0,90.0,40.0,Individual,6,High Risk,Manual Review
91395576,20000.0, 36 months,30.49,F,F4,3 years,RENT,66000.0,Source Verified,major_purchase,HI,34.51,1.0,685.0,689.0,1.0,90.4,11.0,Individual,7,High Risk,Manual Review
91356177,4700.0, 36 months,19.99,D,D4,3 years,MORTGAGE,55000.0,Verified,moving,NY,33.4,2.0,670.0,674.0,0.0,82.2,25.0,Individual,5,High Risk,Manual Review
91173121,10050.0, 36 months,22.39,E,E1,,RENT,39000.0,Verified,debt_consolidation,OH,33.94,0.0,675.0,679.0,0.0,51.8,24.0,Individual,5,High Risk,Manual Review
91121820,9125.0, 36 months,22.74,E,E1,6 years,RENT,49080.0,Verified,debt_consolidation,MS,33.59,0.0,680.0,684.0,1.0,26.5,27.0,Individual,5,High Risk,Manual Review
91329852,31650.0, 60 months,30.79,G,G1,10+ years,MORTGAGE,93000.0,Verified,debt_consolidation,IN,29.77,1.0,685.0,689.0,1.0,87.3,26.0,Individual,5,High Risk,Manual Review
91454226,19125.0, 60 months,26.49,F,F2,10+ years,RENT,84300.0,Verified,debt_consolidation,CA,30.18,0.0,675.0,679.0,0.0,83.0,24.0,Individual,6,High Risk,Manual Review
91586249,20000.0, 60 months,22.74,E,E1,3 years,MORTGAGE,69000.0,Source Verified,credit_card,CA,32.5,0.0,675.0,679.0,0.0,35.6,40.0,Individual,5,High Risk,Manual Review
91404087,28500.0, 60 months,24.74,E,E3,4 years,RENT,62000.0,Verified,debt_consolidation,PA,23.4,1.0,675.0,679.0,0.0,86.3,28.0,Individual,5,High Risk,Manual Review
90916502,19200.0, 60 months,22.39,E,E1,8 years,MORTGAGE,85000.0,Verified,debt_consolidation,MO,27.22,1.0,685.0,689.0,1.0,96.0,33.0,Joint App,5,High Risk,Manual Review
91052066,30000.0, 60 months,24.99,E,E4,8 years,RENT,170000.0,Verified,debt_consolidation,NV,32.43,0.0,680.0,684.0,1.0,85.9,47.0,Individual,6,High Risk,Manual Review
91373162,28000.0, 60 months,22.74,E,E1,4 years,MORTGAGE,135000.0,Verified,credit_card,FL,31.4,0.0,680.0,684.0,0.0,82.4,36.0,Individual,6,High Risk,Manual Review
91295320,25200.0, 60 months,24.49,E,E3,10+ years,MORTGAGE,71000.0,Not Verified,debt_consolidation,FL,33.5,0.0,685.0,689.0,1.0,71.6,17.0,Joint App,5,High Risk,Manual Review
91132185,16000.0, 60 months,29.67,G,G3,8 years,RENT,47000.0,Verified,debt_consolidation,OH,33.48,0.0,680.0,684.0,3.0,61.7,22.0,Individual,5,High Risk,Manual Review
91503387,15000.0, 60 months,29.49,F,F2,10+ years,MORTGAGE,103000.0,Not Verified,debt_consolidation,WI,31.71,0.0,665.0,669.0,1.0,70.2,25.0,Individual,5,High Risk,Manual Review
91611581,28000.0, 60 months,26.24,E,E5,10+ years,MORTGAGE,90000.0,Source Verified,debt_consolidation,WI,20.07,2.0,675.0,679.0,0.0,94.7,32.0,Individual,5,High Risk,Manual Review
91535674,22950.0, 60 months,24.74,E,E3,5 years,RENT,123406.0,Verified,moving,MD,33.52,0.0,700.0,704.0,0.0,87.3,18.0,Individual,6,High Risk,Manual Review
91544273,18400.0, 36 months,24.49,E,E3,10+ years,RENT,81000.0,Verified,debt_consolidation,NJ,33.88,0.0,690.0,694.0,0.0,74.9,16.0,Individual,5,High Risk,Manual Review
91649211,15000.0, 36 months,23.99,E,E2,,RENT,60000.0,Not Verified,debt_consolidation,CO,34.85,1.0,680.0,684.0,2.0,35.9,25.0,Individual,6,High Risk,Manual Review
91503783,4550.0, 36 months,24.99,E,E4,,RENT,15168.0,Verified,debt_consolidation,CA,30.62,0.0,660.0,664.0,1.0,71.0,8.0,Individual,5,High Risk,Manual Review
91434847,18000.0, 60 months,24.74,E,E3,1 year,MORTGAGE,62500.0,Verified,debt_consolidation,OH,31.3,0.0,670.0,674.0,1.0,57.4,43.0,Individual,5,High Risk,Manual Review
91628222,10500.0, 60 months,25.29,E,E5,3 years,RENT,45000.0,Source Verified,debt_consolidation,KY,25.15,1.0,675.0,679.0,1.0,84.0,29.0,Individual,5,High Risk,Manual Review
91339111,3250.0, 36 months,26.49,F,F2,10+ years,MORTGAGE,25000.0,Verified,debt_consolidation,GA,31.25,0.0,715.0,719.0,0.0,76.1,18.0,Individual,5,High Risk,Manual Review
90694809,16000.0, 60 months,24.99,E,E4,< 1 year,MORTGAGE,68000.0,Source Verified,debt_consolidation,UT,31.55,0.0,685.0,689.0,1.0,35.8,36.0,Individual,5,High Risk,Manual Review
91149413,24000.0, 60 months,22.39,E,E1,10+ years,MORTGAGE,97000.0,Source Verified,house,HI,32.61,0.0,675.0,679.0,1.0,93.1,17.0,Individual,6,High Risk,Manual Review
91632824,20400.0, 60 months,22.74,E,E1,,MORTGAGE,61000.0,Not Verified,debt_consolidation,SD,30.24,0.0,690.0,694.0,2.0,77.8,22.0,Joint App,5,High Risk,Manual Review
91405242,19625.0, 60 months,22.74,E,E1,3 years,RENT,54000.0,Source Verified,debt_consolidation,FL,33.91,0.0,770.0,774.0,0.0,38.9,14.0,Individual,5,High Risk,Manual Review
91596068,28000.0, 60 months,28.69,F,F1,10+ years,MORTGAGE,116000.0,Not Verified,debt_consolidation,MD,34.63,0.0,680.0,684.0,0.0,80.2,33.0,Individual,6,High Risk,Manual Review
91643986,11200.0, 60 months,29.99,F,F3,10+ years,MORTGAGE,62000.0,Verified,debt_consolidation,TX,33.29,0.0,675.0,679.0,3.0,56.9,61.0,Individual,5,High Risk,Manual Review
91310879,22475.0, 36 months,25.29,E,E5,6 years,RENT,59200.0,Verified,debt_consolidation,CA,31.9,0.0,665.0,669.0,0.0,77.7,21.0,Individual,5,High Risk,Manual Review
91133308,8650.0, 36 months,22.39,E,E1,2 years,RENT,45000.0,Verified,debt_consolidation,CA,32.65,1.0,660.0,664.0,0.0,62.1,35.0,Individual,6,High Risk,Manual Review
90230312,10375.0, 60 months,30.94,G,G4,10+ years,MORTGAGE,75000.0,Source Verified,credit_card,OH,33.38,1.0,710.0,714.0,0.0,41.6,38.0,Individual,6,High Risk,Manual Review
91630227,5350.0, 36 months,22.39,E,E1,1 year,MORTGAGE,31000.0,Source Verified,debt_consolidation,SC,32.98,0.0,670.0,674.0,0.0,69.5,32.0,Individual,5,High Risk,Manual Review
91628118,20000.0, 60 months,26.49,F,F2,,RENT,58000.0,Verified,debt_consolidation,TX,32.36,0.0,695.0,699.0,0.0,17.7,33.0,Individual,5,High Risk,Manual Review
91354231,16000.0, 60 months,24.74,E,E3,8 years,MORTGAGE,65000.0,Source Verified,other,MN,30.72,0.0,685.0,689.0,0.0,83.9,35.0,Individual,6,High Risk,Manual Review
91385795,28025.0, 36 months,25.49,E,E4,10+ years,MORTGAGE,110000.0,Not Verified,debt_consolidation,NJ,34.26,1.0,660.0,664.0,0.0,84.4,26.0,Individual,7,High Risk,Manual Review
91504524,12000.0, 60 months,27.49,F,F4,7 years,RENT,35000.0,Verified,debt_consolidation,IL,31.28,0.0,685.0,689.0,1.0,37.0,24.0,Individual,5,High Risk,Manual Review
91329543,12000.0, 60 months,22.39,E,E1,1 year,RENT,58000.0,Not Verified,debt_consolidation,MA,29.61,1.0,690.0,694.0,0.0,89.6,14.0,Individual,5,High Risk,Manual Review
91485703,7825.0, 36 months,24.74,E,E3,< 1 year,MORTGAGE,150000.0,Source Verified,debt_consolidation,NJ,32.63,0.0,680.0,684.0,1.0,86.9,36.0,Individual,6,High Risk,Manual Review
91444794,5000.0, 36 months,25.49,E,E4,6 years,RENT,50000.0,Source Verified,other,GA,32.36,0.0,670.0,674.0,1.0,7.2,22.0,Individual,5,High Risk,Manual Review
91544738,12000.0, 36 months,22.74,E,E1,10+ years,RENT,70000.0,Verified,other,CA,30.3,0.0,665.0,669.0,1.0,54.0,30.0,Individual,5,High Risk,Manual Review
91365302,16075.0, 36 months,25.49,E,E4,< 1 year,OWN,62000.0,Source Verified,debt_consolidation,FL,30.45,1.0,680.0,684.0,1.0,49.6,28.0,Individual,6,High Risk,Manual Review
91305741,15000.0, 60 months,22.39,E,E1,8 years,MORTGAGE,89911.0,Not Verified,debt_consolidation,MD,33.25,0.0,710.0,714.0,0.0,63.2,37.0,Individual,5,High Risk,Manual Review
91072868,16800.0, 60 months,22.74,E,E1,10+ years,MORTGAGE,55000.0,Not Verified,debt_consolidation,NC,31.29,0.0,685.0,689.0,1.0,58.2,12.0,Individual,5,High Risk,Manual Review
91365110,12000.0, 60 months,22.74,E,E1,10+ years,OWN,75000.0,Verified,debt_consolidation,TX,30.21,0.0,660.0,664.0,1.0,69.6,56.0,Individual,5,High Risk,Manual Review
91553463,19775.0, 60 months,24.99,E,E4,10+ years,RENT,43000.0,Source Verified,debt_consolidation,NY,34.5,1.0,690.0,694.0,1.0,18.0,26.0,Individual,6,High Risk,Manual Review
91563839,6500.0, 36 months,15.99,C,C5,10+ years,MORTGAGE,65000.0,Source Verified,debt_consolidation,MO,33.07,2.0,685.0,689.0,0.0,80.5,32.0,Individual,5,High Risk,Manual Review
91515225,14000.0, 60 months,22.74,E,E1,10+ years,MORTGAGE,42000.0,Not Verified,debt_consolidation,NV,32.0,0.0,715.0,719.0,0.0,58.6,54.0,Individual,5,High Risk,Manual Review
91162249,28075.0, 36 months,22.74,E,E1,10+ years,MORTGAGE,108000.0,Not Verified,debt_consolidation,VA,27.43,2.0,670.0,674.0,1.0,95.9,33.0,Individual,5,High Risk,Manual Review
91632137,24000.0, 60 months,25.49,E,E4,2 years,RENT,120000.0,Source Verified,debt_consolidation,CA,33.58,0.0,670.0,674.0,2.0,78.0,31.0,Individual,5,High Risk,Manual Review
91305679,18000.0, 60 months,22.39,E,E1,3 years,RENT,60000.0,Verified,debt_consolidation,OK,44.84,0.0,665.0,669.0,1.0,63.6,52.0,Joint App,5,High Risk,Manual Review
91612936,20000.0, 60 months,22.39,E,E1,2 years,MORTGAGE,60000.0,Not Verified,debt_consolidation,TX,30.52,0.0,710.0,714.0,0.0,49.7,40.0,Individual,5,High Risk,Manual Review
91303933,35000.0, 60 months,25.29,E,E5,10+ years,RENT,109000.0,Not Verified,debt_consolidation,HI,33.0,0.0,680.0,684.0,2.0,39.1,51.0,Joint App,5,High Risk,Manual Review
91142152,13025.0, 60 months,26.49,F,F2,< 1 year,MORTGAGE,68000.0,Source Verified,debt_consolidation,MD,34.06,0.0,670.0,674.0,0.0,81.7,44.0,Individual,6,High Risk,Manual Review
90993833,23100.0, 60 months,25.49,E,E4,4 years,RENT,55000.0,Verified,debt_consolidation,PA,29.04,1.0,685.0,689.0,0.0,88.2,24.0,Individual,5,High Risk,Manual Review
91102561,10800.0, 60 months,28.18,G,G1,7 years,MORTGAGE,39582.0,Verified,debt_consolidation,CA,31.87,0.0,690.0,694.0,1.0,36.1,33.0,Individual,5,High Risk,Manual Review
91300063,16800.0, 60 months,25.69,F,F1,4 years,RENT,55000.0,Source Verified,debt_consolidation,MD,32.29,0.0,660.0,664.0,0.0,90.9,39.0,Individual,6,High Risk,Manual Review
91473903,21000.0, 60 months,29.96,G,G4,8 years,MORTGAGE,66726.4,Verified,major_purchase,NV,32.45,0.0,660.0,664.0,1.0,64.0,23.0,Individual,5,High Risk,Manual Review
91594065,14000.0, 36 months,15.59,C,C5,< 1 year,OWN,60000.0,Verified,debt_consolidation,TX,33.26,1.0,660.0,664.0,0.0,82.0,12.0,Individual,5,High Risk,Manual Review
91611717,12500.0, 60 months,25.69,F,F1,6 years,RENT,58000.0,Verified,debt_consolidation,TX,30.93,0.0,690.0,694.0,1.0,78.6,28.0,Individual,5,High Risk,Manual Review
91463557,28000.0, 60 months,24.99,E,E4,6 years,MORTGAGE,93000.0,Verified,debt_consolidation,ID,30.79,0.0,670.0,674.0,2.0,86.5,38.0,Individual,6,High Risk,Manual Review
91303356,21000.0, 36 months,22.39,E,E1,3 years,MORTGAGE,88000.0,Not Verified,medical,TX,30.49,2.0,680.0,684.0,1.0,66.6,44.0,Individual,6,High Risk,Manual Review
91172551,24000.0, 60 months,25.69,F,F1,10+ years,RENT,75000.0,Source Verified,credit_card,FL,32.4,0.0,670.0,674.0,4.0,51.0,45.0,Individual,5,High Risk,Manual Review
91433356,14000.0, 36 months,28.88,G,G2,8 years,RENT,52943.0,Source Verified,debt_consolidation,WA,31.76,0.0,675.0,679.0,0.0,73.8,26.0,Individual,5,High Risk,Manual Review
91612325,10500.0, 60 months,28.88,G,G2,10+ years,MORTGAGE,49500.0,Verified,debt_consolidation,FL,32.29,0.0,660.0,664.0,0.0,65.1,28.0,Individual,5,High Risk,Manual Review
91328659,15700.0, 36 months,23.99,E,E2,9 years,RENT,42000.0,Verified,debt_consolidation,PA,33.91,0.0,695.0,699.0,1.0,81.8,14.0,Individual,6,High Risk,Manual Review
91059244,13950.0, 60 months,25.29,E,E5,10+ years,MORTGAGE,57000.0,Not Verified,other,CA,31.37,0.0,705.0,709.0,0.0,35.5,19.0,Individual,5,High Risk,Manual Review
91613189,35000.0, 60 months,29.96,G,G4,10+ years,RENT,147000.0,Verified,debt_consolidation,WA,34.4,0.0,670.0,674.0,2.0,75.4,58.0,Individual,5,High Risk,Manual Review
91010712,35000.0, 36 months,22.39,E,E1,2 years,RENT,120000.0,Verified,debt_consolidation,NV,30.59,0.0,675.0,679.0,0.0,87.0,23.0,Individual,6,High Risk,Manual Review
91463477,28000.0, 60 months,22.39,E,E1,7 years,MORTGAGE,155000.0,Verified,home_improvement,AZ,20.29,1.0,670.0,674.0,0.0,90.4,34.0,Individual,5,High Risk,Manual Review
91102506,12000.0, 60 months,25.69,F,F1,6 years,OWN,40000.0,Source Verified,debt_consolidation,IL,32.13,0.0,675.0,679.0,0.0,90.7,33.0,Individual,6,High Risk,Manual Review
91130888,14400.0, 60 months,24.49,E,E3,7 years,RENT,50000.0,Verified,credit_card,OH,34.64,0.0,685.0,689.0,0.0,100.6,13.0,Individual,6,High Risk,Manual Review
91162003,12000.0, 60 months,22.39,E,E1,10+ years,RENT,55000.0,Not Verified,debt_consolidation,TX,34.1,0.0,720.0,724.0,0.0,35.8,38.0,Individual,5,High Risk,Manual Review
91162826,11250.0, 60 months,26.99,F,F3,7 years,RENT,41000.0,Verified,debt_consolidation,TX,33.84,0.0,685.0,689.0,0.0,63.5,30.0,Individual,5,High Risk,Manual Review
90210911,12000.0, 60 months,22.39,E,E1,4 years,RENT,30000.0,Not Verified,debt_consolidation,MN,32.52,0.0,720.0,724.0,0.0,75.3,25.0,Individual,5,High Risk,Manual Review
91339173,21000.0, 36 months,24.99,E,E4,5 years,MORTGAGE,62000.0,Verified,debt_consolidation,MD,30.8,2.0,660.0,664.0,0.0,74.0,13.0,Individual,6,High Risk,Manual Review
91148450,12500.0, 36 months,15.59,C,C5,2 years,MORTGAGE,70000.0,Verified,debt_consolidation,SC,32.66,2.0,675.0,679.0,0.0,88.1,27.0,Individual,5,High Risk,Manual Review
91342022,14000.0, 60 months,27.49,F,F4,10+ years,MORTGAGE,95288.0,Verified,credit_card,PA,34.13,0.0,680.0,684.0,0.0,63.6,64.0,Individual,5,High Risk,Manual Review
91353147,10000.0, 60 months,28.88,G,G2,10+ years,OWN,58240.0,Source Verified,debt_consolidation,NJ,34.84,0.0,705.0,709.0,0.0,94.4,21.0,Individual,6,High Risk,Manual Review
91434016,10000.0, 60 months,22.39,E,E1,10+ years,RENT,95000.0,Verified,debt_consolidation,TN,30.74,0.0,715.0,719.0,3.0,29.1,50.0,Individual,5,High Risk,Manual Review
91182664,18050.0, 60 months,24.99,E,E4,9 years,RENT,43000.0,Verified,debt_consolidation,NC,30.9,0.0,690.0,694.0,0.0,92.8,12.0,Individual,6,High Risk,Manual Review
91341071,34000.0, 60 months,26.49,F,F2,4 years,MORTGAGE,190000.0,Verified,home_improvement,MA,33.88,0.0,775.0,779.0,1.0,0.1,84.0,Individual,5,High Risk,Manual Review
91284437,32000.0, 60 months,22.39,E,E1,10+ years,MORTGAGE,45000.0,Verified,debt_consolidation,IL,38.29,3.0,710.0,714.0,0.0,53.9,28.0,Joint App,6,High Risk,Manual Review
90235701,28000.0, 60 months,15.59,C,C5,10+ years,MORTGAGE,102000.0,Verified,debt_consolidation,NY,30.29,1.0,690.0,694.0,0.0,84.4,32.0,Joint App,5,High Risk,Manual Review
91513315,24000.0, 60 months,28.18,G,G1,10+ years,OWN,69000.0,Source Verified,other,IL,32.3,0.0,755.0,759.0,5.0,17.5,46.0,Individual,5,High Risk,Manual Review
90291364,13600.0, 60 months,27.79,F,F5,4 years,MORTGAGE,55000.0,Not Verified,other,CA,32.66,0.0,695.0,699.0,1.0,56.0,22.0,Individual,5,High Risk,Manual Review
91152103,18175.0, 60 months,27.49,F,F4,1 year,RENT,50000.0,Source Verified,debt_consolidation,WA,30.6,0.0,690.0,694.0,0.0,56.5,16.0,Individual,5,High Risk,Manual Review
90141814,9275.0, 36 months,30.99,G,G5,4 years,MORTGAGE,53296.0,Source Verified,other,PA,33.73,0.0,665.0,669.0,1.0,97.8,38.0,Individual,6,High Risk,Manual Review
91615375,13575.0, 60 months,26.99,F,F3,8 years,RENT,37745.0,Not Verified,debt_consolidation,NH,32.27,0.0,715.0,719.0,1.0,99.0,17.0,Individual,6,High Risk,Manual Review
89938356,14500.0, 60 months,24.99,E,E4,10+ years,MORTGAGE,46000.0,Verified,debt_consolidation,VT,32.9,0.0,690.0,694.0,1.0,39.8,31.0,Individual,5,High Risk,Manual Review
91162637,15450.0, 60 months,25.29,E,E5,10+ years,RENT,65000.0,Verified,debt_consolidation,CA,33.62,0.0,660.0,664.0,1.0,71.2,20.0,Individual,5,High Risk,Manual Review
91340312,14000.0, 60 months,27.79,F,F5,2 years,RENT,44000.0,Verified,debt_consolidation,FL,33.5,0.0,660.0,664.0,2.0,30.9,46.0,Individual,5,High Risk,Manual Review
91302394,35000.0, 60 months,25.29,E,E5,6 years,MORTGAGE,220000.0,Verified,debt_consolidation,TX,16.61,3.0,685.0,689.0,2.0,89.4,34.0,Joint App,5,High Risk,Manual Review
91423227,15000.0, 36 months,22.39,E,E1,5 years,RENT,36500.0,Verified,debt_consolidation,FL,34.4,0.0,705.0,709.0,1.0,46.7,21.0,Individual,5,High Risk,Manual Review
91413580,35000.0, 60 months,23.99,E,E2,5 years,MORTGAGE,125000.0,Source Verified,debt_consolidation,AL,13.74,1.0,695.0,699.0,2.0,97.0,25.0,Individual,5,High Risk,Manual Review
91493946,18400.0, 60 months,25.29,E,E5,10+ years,MORTGAGE,70000.0,Source Verified,debt_consolidation,FL,34.48,0.0,675.0,679.0,0.0,51.4,27.0,Individual,5,High Risk,Manual Review
91483761,31525.0, 60 months,22.39,E,E1,10+ years,MORTGAGE,78000.0,Source Verified,credit_card,CA,34.61,0.0,685.0,689.0,0.0,46.2,53.0,Individual,5,High Risk,Manual Review
91022753,16800.0, 60 months,24.49,E,E3,5 years,RENT,71000.0,Not Verified,credit_card,IL,30.51,2.0,675.0,679.0,2.0,80.9,22.0,Individual,7,High Risk,Manual Review
91593731,16000.0, 60 months,24.99,E,E4,10+ years,RENT,95000.0,Not Verified,debt_consolidation,AL,30.66,0.0,680.0,684.0,0.0,50.1,32.0,Individual,5,High Risk,Manual Review
91002514,20000.0, 60 months,24.99,E,E4,9 years,MORTGAGE,67728.0,Verified,debt_consolidation,MD,24.03,2.0,665.0,669.0,0.0,93.5,35.0,Individual,5,High Risk,Manual Review
91112707,15200.0, 60 months,25.29,E,E5,10+ years,RENT,38000.0,Source Verified,debt_consolidation,KY,31.33,0.0,665.0,669.0,0.0,75.4,20.0,Individual,5,High Risk,Manual Review
91213172,17750.0, 36 months,22.39,E,E1,7 years,MORTGAGE,70000.0,Source Verified,debt_consolidation,MO,31.34,0.0,700.0,704.0,0.0,75.3,46.0,Individual,5,High Risk,Manual Review
91130486,8975.0, 36 months,22.39,E,E1,2 years,RENT,24960.0,Source Verified,debt_consolidation,AZ,32.85,0.0,675.0,679.0,1.0,42.5,20.0,Individual,5,High Risk,Manual Review
91080906,18100.0, 60 months,28.18,G,G1,5 years,RENT,50000.0,Source Verified,debt_consolidation,CA,32.41,0.0,660.0,664.0,0.0,89.8,23.0,Individual,6,High Risk,Manual Review
91300495,30000.0, 36 months,21.49,D,D5,7 years,MORTGAGE,85000.0,Source Verified,home_improvement,MN,32.16,1.0,680.0,684.0,0.0,83.0,32.0,Individual,5,High Risk,Manual Review
90299514,35000.0, 60 months,24.99,E,E4,10+ years,MORTGAGE,82000.0,Verified,credit_card,IL,33.82,0.0,720.0,724.0,1.0,76.0,27.0,Individual,5,High Risk,Manual Review
91393542,21925.0, 60 months,25.69,F,F1,,MORTGAGE,75000.0,Not Verified,debt_consolidation,PA,33.69,1.0,690.0,694.0,2.0,43.8,47.0,Individual,6,High Risk,Manual Review
91483655,14500.0, 60 months,25.29,E,E5,3 years,MORTGAGE,60000.0,Source Verified,debt_consolidation,PA,24.76,1.0,660.0,664.0,1.0,95.2,22.0,Individual,5,High Risk,Manual Review
91011413,12950.0, 60 months,29.67,G,G3,< 1 year,OWN,36000.0,Verified,debt_consolidation,TX,34.4,0.0,675.0,679.0,0.0,74.2,21.0,Individual,5,High Risk,Manual Review
91312630,25600.0, 60 months,26.99,F,F3,10+ years,MORTGAGE,80000.0,Verified,debt_consolidation,GA,32.2,0.0,665.0,669.0,1.0,78.1,45.0,Individual,5,High Risk,Manual Review
91609559,10000.0, 36 months,22.39,E,E1,10+ years,MORTGAGE,67000.0,Not Verified,debt_consolidation,CO,33.03,0.0,695.0,699.0,0.0,82.0,31.0,Individual,6,High Risk,Manual Review
91339840,9600.0, 36 months,25.69,F,F1,10+ years,MORTGAGE,67000.0,Verified,debt_consolidation,MD,14.68,1.0,660.0,664.0,1.0,83.1,46.0,Individual,5,High Risk,Manual Review
91543236,25000.0, 60 months,24.99,E,E4,2 years,RENT,74899.0,Not Verified,debt_consolidation,FL,31.41,0.0,660.0,664.0,0.0,57.6,21.0,Individual,5,High Risk,Manual Review
91102197,17450.0, 60 months,28.18,G,G1,10+ years,RENT,60000.0,Source Verified,debt_consolidation,CA,33.27,0.0,675.0,679.0,0.0,63.7,25.0,Individual,5,High Risk,Manual Review
91328331,35000.0, 60 months,24.49,E,E3,3 years,MORTGAGE,93000.0,Not Verified,debt_consolidation,OH,31.87,0.0,665.0,669.0,1.0,74.6,32.0,Individual,5,High Risk,Manual Review
91062588,20000.0, 60 months,26.99,F,F3,10+ years,RENT,68653.0,Verified,debt_consolidation,CA,30.13,0.0,665.0,669.0,0.0,69.0,24.0,Individual,5,High Risk,Manual Review
91102038,8000.0, 36 months,25.29,E,E5,10+ years,RENT,42000.0,Verified,debt_consolidation,NC,34.34,0.0,670.0,674.0,0.0,77.9,17.0,Individual,5,High Risk,Manual Review
91162994,35000.0, 60 months,22.39,E,E1,10+ years,MORTGAGE,159900.0,Source Verified,debt_consolidation,CA,34.82,4.0,675.0,679.0,0.0,84.2,61.0,Individual,7,High Risk,Manual Review
90209460,30000.0, 60 months,25.29,E,E5,10+ years,MORTGAGE,76000.0,Verified,credit_card,NY,34.68,0.0,705.0,709.0,0.0,96.3,20.0,Individual,6,High Risk,Manual Review
90708705,12675.0, 60 months,24.99,E,E4,,MORTGAGE,68296.8,Source Verified,debt_consolidation,WA,24.3,2.0,675.0,679.0,0.0,92.0,18.0,Individual,5,High Risk,Manual Review
91393201,3600.0, 36 months,24.49,E,E3,10+ years,RENT,20000.0,Source Verified,debt_consolidation,PA,34.81,0.0,750.0,754.0,0.0,24.7,14.0,Individual,5,High Risk,Manual Review
91222375,14500.0, 60 months,25.29,E,E5,5 years,MORTGAGE,37000.0,Source Verified,debt_consolidation,GA,20.73,1.0,660.0,664.0,0.0,92.0,11.0,Individual,5,High Risk,Manual Review
91178856,3275.0, 36 months,26.99,F,F3,9 years,MORTGAGE,50000.0,Verified,credit_card,MN,31.17,0.0,675.0,679.0,1.0,72.8,19.0,Individual,5,High Risk,Manual Review
90697386,12000.0, 60 months,24.99,E,E4,6 years,MORTGAGE,50000.0,Verified,house,UT,32.48,0.0,705.0,709.0,0.0,65.7,25.0,Individual,5,High Risk,Manual Review
91212509,18000.0, 60 months,25.29,E,E5,1 year,MORTGAGE,75000.0,Verified,debt_consolidation,OH,34.22,0.0,665.0,669.0,1.0,79.3,62.0,Individual,5,High Risk,Manual Review
91172733,15600.0, 60 months,24.99,E,E4,10+ years,MORTGAGE,65000.0,Verified,credit_card,PA,30.76,0.0,695.0,699.0,1.0,48.2,28.0,Individual,5,High Risk,Manual Review
91042429,18000.0, 60 months,24.99,E,E4,10+ years,MORTGAGE,72000.0,Source Verified,debt_consolidation,PA,32.97,0.0,720.0,724.0,1.0,58.7,21.0,Individual,5,High Risk,Manual Review
91305067,18700.0, 36 months,24.49,E,E3,10+ years,MORTGAGE,52000.0,Source Verified,debt_consolidation,RI,20.56,1.0,690.0,694.0,1.0,87.9,25.0,Individual,5,High Risk,Manual Review
91112132,35000.0, 60 months,22.39,E,E1,4 years,RENT,75000.0,Verified,credit_card,NC,31.98,0.0,690.0,694.0,0.0,78.1,42.0,Individual,5,High Risk,Manual Review
91303962,31500.0, 60 months,26.49,F,F2,1 year,MORTGAGE,75000.0,Source Verified,credit_card,OH,31.01,0.0,720.0,724.0,1.0,79.6,20.0,Individual,5,High Risk,Manual Review
91011684,19675.0, 60 months,28.18,G,G1,6 years,MORTGAGE,65000.0,Source Verified,debt_consolidation,OK,31.06,0.0,720.0,724.0,0.0,68.5,27.0,Individual,5,High Risk,Manual Review
91101753,9975.0, 36 months,22.39,E,E1,5 years,MORTGAGE,55000.0,Verified,debt_consolidation,NY,34.5,0.0,670.0,674.0,1.0,56.5,28.0,Individual,5,High Risk,Manual Review
91012247,15000.0, 60 months,25.29,E,E5,9 years,MORTGAGE,60000.0,Not Verified,debt_consolidation,IN,34.62,0.0,750.0,754.0,2.0,48.8,20.0,Individual,5,High Risk,Manual Review
91052279,10200.0, 60 months,27.49,F,F4,10+ years,RENT,65000.0,Source Verified,debt_consolidation,CA,33.75,0.0,660.0,664.0,0.0,76.7,16.0,Individual,5,High Risk,Manual Review
91211885,20000.0, 60 months,26.49,F,F2,,RENT,53000.0,Verified,debt_consolidation,NV,33.31,0.0,660.0,664.0,0.0,90.9,36.0,Individual,6,High Risk,Manual Review
91248486,26400.0, 60 months,22.39,E,E1,6 years,MORTGAGE,56000.0,Verified,debt_consolidation,OK,40.76,1.0,660.0,664.0,0.0,58.7,43.0,Joint App,6,High Risk,Manual Review
91072831,14400.0, 60 months,22.39,E,E1,2 years,RENT,48000.0,Source Verified,debt_consolidation,MA,32.43,0.0,675.0,679.0,0.0,46.9,28.0,Individual,5,High Risk,Manual Review
90471645,5000.0, 36 months,16.99,D,D1,4 years,RENT,86500.0,Source Verified,major_purchase,VA,30.87,7.0,660.0,664.0,1.0,80.1,31.0,Individual,5,High Risk,Manual Review
89937180,16000.0, 36 months,26.49,F,F2,3 years,RENT,50000.0,Not Verified,debt_consolidation,CA,30.92,0.0,695.0,699.0,0.0,54.2,12.0,Individual,5,High Risk,Manual Review
91161377,34000.0, 36 months,19.99,D,D4,10+ years,MORTGAGE,81000.0,Verified,debt_consolidation,MS,31.3,4.0,660.0,664.0,0.0,88.4,42.0,Individual,5,High Risk,Manual Review
91306405,14000.0, 60 months,24.99,E,E4,10+ years,OWN,59000.0,Verified,major_purchase,PA,31.22,0.0,675.0,679.0,0.0,98.7,23.0,Individual,6,High Risk,Manual Review
90697404,27600.0, 60 months,25.29,E,E5,1 year,RENT,60000.0,Verified,debt_consolidation,CA,31.56,0.0,685.0,689.0,0.0,35.6,37.0,Individual,5,High Risk,Manual Review
90696924,21000.0, 60 months,26.49,F,F2,8 years,MORTGAGE,124700.0,Verified,debt_consolidation,TX,33.34,0.0,685.0,689.0,1.0,90.0,46.0,Individual,6,High Risk,Manual Review
91242218,4800.0, 36 months,24.49,E,E3,10+ years,OWN,120000.0,Not Verified,home_improvement,AZ,33.53,0.0,670.0,674.0,1.0,95.7,32.0,Individual,6,High Risk,Manual Review
91231109,9000.0, 36 months,23.99,E,E2,< 1 year,RENT,25000.0,Verified,debt_consolidation,PA,32.84,0.0,695.0,699.0,1.0,86.4,13.0,Individual,6,High Risk,Manual Review
91061342,5600.0, 36 months,24.99,E,E4,10+ years,RENT,37250.0,Source Verified,debt_consolidation,OK,34.28,0.0,665.0,669.0,0.0,69.2,21.0,Individual,5,High Risk,Manual Review
91171926,10000.0, 60 months,26.49,F,F2,10+ years,MORTGAGE,67600.0,Source Verified,credit_card,MA,31.4,6.0,665.0,669.0,1.0,63.6,40.0,Individual,6,High Risk,Manual Review
91160045,13675.0, 60 months,22.39,E,E1,,RENT,37092.0,Not Verified,debt_consolidation,NJ,33.61,0.0,745.0,749.0,0.0,47.0,7.0,Individual,5,High Risk,Manual Review
91207656,18650.0, 36 months,23.99,E,E2,10+ years,RENT,53000.0,Source Verified,debt_consolidation,CA,34.99,0.0,660.0,664.0,0.0,61.0,24.0,Individual,5,High Risk,Manual Review
91100259,25200.0, 60 months,27.79,F,F5,3 years,MORTGAGE,35000.0,Verified,debt_consolidation,NC,47.67,0.0,710.0,714.0,0.0,58.5,20.0,Joint App,5,High Risk,Manual Review
91294742,12500.0, 60 months,26.49,F,F2,10+ years,MORTGAGE,45000.0,Source Verified,debt_consolidation,OH,31.31,0.0,730.0,734.0,0.0,56.4,17.0,Individual,5,High Risk,Manual Review
91240676,9200.0, 36 months,25.29,E,E5,,OWN,23000.0,Not Verified,other,NV,34.76,0.0,760.0,764.0,0.0,60.8,7.0,Individual,5,High Risk,Manual Review
91089364,15000.0, 60 months,24.49,E,E3,1 year,MORTGAGE,46000.0,Source Verified,debt_consolidation,NY,32.04,0.0,720.0,724.0,0.0,35.6,37.0,Individual,5,High Risk,Manual Review
90072017,14400.0, 60 months,26.99,F,F3,5 years,RENT,70782.0,Source Verified,credit_card,TX,34.89,0.0,730.0,734.0,0.0,28.0,20.0,Individual,5,High Risk,Manual Review
91171387,10000.0, 60 months,24.99,E,E4,1 year,RENT,50000.0,Source Verified,debt_consolidation,MD,8.16,1.0,680.0,684.0,0.0,92.4,4.0,Individual,5,High Risk,Manual Review
91177180,6150.0, 36 months,24.49,E,E3,3 years,OWN,24000.0,Verified,house,NC,32.3,0.0,710.0,714.0,0.0,84.8,7.0,Individual,6,High Risk,Manual Review
91297628,35000.0, 60 months,29.67,G,G3,1 year,RENT,111000.0,Verified,moving,FL,33.1,8.0,690.0,694.0,1.0,0.0,33.0,Individual,6,High Risk,Manual Review
91111925,17625.0, 60 months,24.49,E,E3,10+ years,MORTGAGE,73000.0,Not Verified,credit_card,CO,31.2,0.0,715.0,719.0,0.0,49.9,28.0,Individual,5,High Risk,Manual Review
90805814,30000.0, 60 months,25.29,E,E5,6 years,RENT,80000.0,Verified,debt_consolidation,KY,30.35,0.0,690.0,694.0,1.0,66.0,28.0,Individual,5,High Risk,Manual Review
90078004,7900.0, 36 months,22.39,E,E1,,RENT,22000.0,Verified,debt_consolidation,TX,31.37,0.0,685.0,689.0,0.0,60.3,15.0,Individual,5,High Risk,Manual Review
91070001,4800.0, 36 months,26.99,F,F3,5 years,RENT,45000.0,Verified,other,MN,32.59,0.0,675.0,679.0,0.0,96.9,24.0,Individual,6,High Risk,Manual Review
91237132,35000.0, 60 months,24.99,E,E4,1 year,RENT,120000.0,Verified,debt_consolidation,CA,32.59,0.0,700.0,704.0,0.0,32.5,34.0,Individual,5,High Risk,Manual Review
90695772,6300.0, 36 months,23.99,E,E2,5 years,RENT,34000.0,Verified,debt_consolidation,NC,31.91,0.0,670.0,674.0,0.0,60.8,13.0,Individual,5,High Risk,Manual Review
91141283,14400.0, 60 months,25.69,F,F1,5 years,OWN,35000.0,Source Verified,small_business,FL,31.91,0.0,685.0,689.0,0.0,50.7,17.0,Individual,5,High Risk,Manual Review
91178622,30000.0, 60 months,24.49,E,E3,10+ years,MORTGAGE,80000.0,Verified,debt_consolidation,IL,30.52,0.0,685.0,689.0,0.0,72.0,19.0,Individual,5,High Risk,Manual Review
90706671,7925.0, 36 months,24.99,E,E4,2 years,RENT,36000.0,Verified,debt_consolidation,FL,30.47,1.0,700.0,704.0,1.0,23.5,5.0,Individual,6,High Risk,Manual Review
91020895,12000.0, 60 months,25.69,F,F1,1 year,RENT,42000.0,Source Verified,credit_card,MA,30.46,1.0,660.0,664.0,0.0,78.2,17.0,Individual,6,High Risk,Manual Review
89035226,40000.0, 60 months,24.49,E,E3,3 years,RENT,105000.0,Verified,credit_card,DC,34.98,0.0,685.0,689.0,0.0,91.8,46.0,Individual,6,High Risk,Manual Review
91081492,24000.0, 60 months,22.39,E,E1,10+ years,MORTGAGE,120000.0,Not Verified,debt_consolidation,CT,32.97,0.0,685.0,689.0,0.0,83.2,37.0,Individual,6,High Risk,Manual Review
91128842,24000.0, 60 months,26.49,F,F2,9 years,RENT,50017.0,Source Verified,small_business,AZ,31.69,0.0,715.0,719.0,1.0,27.0,44.0,Individual,5,High Risk,Manual Review
91285186,12000.0, 60 months,22.39,E,E1,2 years,MORTGAGE,42500.0,Verified,home_improvement,AR,56.82,0.0,695.0,699.0,1.0,28.6,30.0,Joint App,5,High Risk,Manual Review
90696480,16800.0, 60 months,25.29,E,E5,4 years,RENT,40000.0,Source Verified,debt_consolidation,MN,31.59,0.0,675.0,679.0,0.0,31.9,25.0,Individual,5,High Risk,Manual Review
91197880,21400.0, 60 months,22.39,E,E1,10+ years,OWN,154000.0,Not Verified,debt_consolidation,CA,32.88,0.0,705.0,709.0,1.0,45.4,41.0,Joint App,5,High Risk,Manual Review
91221260,14000.0, 60 months,24.99,E,E4,4 years,RENT,30000.0,Source Verified,debt_consolidation,CA,33.36,0.0,670.0,674.0,2.0,36.9,29.0,Individual,5,High Risk,Manual Review
90697137,24000.0, 60 months,23.99,E,E2,5 years,MORTGAGE,75000.0,Not Verified,debt_consolidation,AR,30.29,0.0,700.0,704.0,1.0,72.5,19.0,Individual,5,High Risk,Manual Review
91230011,15000.0, 60 months,24.99,E,E4,5 years,RENT,40000.0,Source Verified,debt_consolidation,TX,33.24,0.0,685.0,689.0,0.0,51.4,44.0,Individual,5,High Risk,Manual Review
91050532,2000.0, 36 months,16.99,D,D1,10+ years,MORTGAGE,125000.0,Not Verified,other,TX,32.02,10.0,660.0,664.0,1.0,91.1,40.0,Individual,5,High Risk,Manual Review
91220455,15400.0, 60 months,28.18,G,G1,3 years,OWN,35000.0,Source Verified,debt_consolidation,NY,34.33,0.0,700.0,704.0,0.0,41.4,12.0,Individual,5,High Risk,Manual Review
91284825,14000.0, 36 months,24.99,E,E4,10+ years,RENT,54000.0,Source Verified,credit_card,IL,33.33,0.0,665.0,669.0,2.0,63.6,28.0,Individual,5,High Risk,Manual Review
91289193,18225.0, 60 months,29.96,G,G4,10+ years,RENT,43432.1,Verified,debt_consolidation,NV,32.47,0.0,690.0,694.0,0.0,94.2,21.0,Individual,6,High Risk,Manual Review
91150197,16500.0, 36 months,26.99,F,F3,2 years,RENT,37500.0,Verified,credit_card,CT,31.17,0.0,680.0,684.0,1.0,47.0,34.0,Individual,5,High Risk,Manual Review
91039071,35000.0, 60 months,22.39,E,E1,< 1 year,RENT,80000.0,Verified,debt_consolidation,CA,30.81,0.0,695.0,699.0,0.0,95.2,15.0,Individual,6,High Risk,Manual Review
90707361,17300.0, 60 months,25.69,F,F1,9 years,RENT,42000.0,Source Verified,credit_card,IL,34.91,0.0,660.0,664.0,0.0,71.0,10.0,Individual,5,High Risk,Manual Review
91180361,8000.0, 36 months,22.39,E,E1,10+ years,MORTGAGE,42000.0,Not Verified,debt_consolidation,CA,33.83,0.0,665.0,669.0,1.0,54.5,13.0,Individual,5,High Risk,Manual Review
91099983,11200.0, 60 months,30.99,G,G5,8 years,RENT,46000.0,Verified,other,TX,34.39,0.0,690.0,694.0,1.0,9.7,11.0,Individual,5,High Risk,Manual Review
91278341,35000.0, 60 months,15.59,C,C5,6 years,MORTGAGE,92000.0,Source Verified,debt_consolidation,TX,33.37,1.0,660.0,664.0,0.0,81.6,23.0,Joint App,5,High Risk,Manual Review
91240249,18000.0, 60 months,25.29,E,E5,2 years,MORTGAGE,48000.0,Source Verified,debt_consolidation,MN,34.65,0.0,685.0,689.0,3.0,68.5,57.0,Individual,5,High Risk,Manual Review
91276443,30000.0, 60 months,22.39,E,E1,10+ years,MORTGAGE,43000.0,Verified,debt_consolidation,TX,38.07,0.0,675.0,679.0,0.0,76.1,17.0,Joint App,5,High Risk,Manual Review
91178800,24000.0, 60 months,24.99,E,E4,10+ years,MORTGAGE,79000.0,Not Verified,debt_consolidation,VA,33.59,0.0,665.0,669.0,0.0,76.6,25.0,Individual,5,High Risk,Manual Review
90298937,6000.0, 36 months,25.69,F,F1,2 years,RENT,20000.0,Verified,credit_card,CA,32.71,0.0,675.0,679.0,0.0,76.3,13.0,Individual,5,High Risk,Manual Review
91080392,17100.0, 36 months,23.99,E,E2,7 years,RENT,45000.0,Source Verified,debt_consolidation,FL,33.17,1.0,680.0,684.0,1.0,67.0,35.0,Individual,6,High Risk,Manual Review
91159932,12000.0, 60 months,26.49,F,F2,1 year,RENT,87500.0,Source Verified,debt_consolidation,NJ,30.91,0.0,670.0,674.0,0.0,69.4,56.0,Individual,5,High Risk,Manual Review
91287281,35000.0, 60 months,28.88,G,G2,< 1 year,RENT,102000.0,Verified,debt_consolidation,NY,34.34,0.0,665.0,669.0,0.0,70.3,28.0,Individual,5,High Risk,Manual Review
91129388,15475.0, 60 months,24.49,E,E3,8 years,RENT,58600.0,Source Verified,debt_consolidation,WA,33.98,0.0,660.0,664.0,0.0,37.7,40.0,Individual,5,High Risk,Manual Review
91211139,16075.0, 36 months,24.99,E,E4,10+ years,MORTGAGE,49000.0,Not Verified,debt_consolidation,TX,34.66,2.0,685.0,689.0,1.0,29.5,27.0,Individual,6,High Risk,Manual Review
89051355,21550.0, 60 months,28.18,G,G1,10+ years,RENT,49000.0,Not Verified,debt_consolidation,HI,33.26,1.0,725.0,729.0,0.0,8.0,31.0,Individual,6,High Risk,Manual Review
90481411,24000.0, 60 months,22.39,E,E1,7 years,RENT,57000.0,Not Verified,debt_consolidation,TX,32.67,0.0,735.0,739.0,0.0,40.7,30.0,Individual,5,High Risk,Manual Review
91040591,16000.0, 60 months,15.59,C,C5,10+ years,MORTGAGE,100000.0,Source Verified,debt_consolidation,MS,32.09,1.0,695.0,699.0,0.0,83.2,26.0,Individual,5,High Risk,Manual Review
91190795,10950.0, 36 months,24.99,E,E4,10+ years,OWN,69000.0,Verified,credit_card,CA,31.72,0.0,670.0,674.0,0.0,70.1,37.0,Individual,5,High Risk,Manual Review
90064748,26400.0, 60 months,27.79,F,F5,10+ years,MORTGAGE,69000.0,Not Verified,debt_consolidation,NY,32.26,0.0,705.0,709.0,1.0,25.3,37.0,Individual,5,High Risk,Manual Review
91290639,13800.0, 60 months,24.99,E,E4,10+ years,MORTGAGE,80000.0,Not Verified,debt_consolidation,OH,30.66,0.0,690.0,694.0,2.0,74.9,38.0,Individual,5,High Risk,Manual Review
91288453,20000.0, 60 months,25.29,E,E5,,OWN,55000.0,Not Verified,debt_consolidation,AL,34.26,0.0,665.0,669.0,0.0,39.0,17.0,Individual,5,High Risk,Manual Review
89958550,15000.0, 36 months,24.49,E,E3,10+ years,MORTGAGE,83000.0,Source Verified,home_improvement,NC,34.49,0.0,660.0,664.0,1.0,41.8,54.0,Individual,5,High Risk,Manual Review
90698108,28000.0, 60 months,25.69,F,F1,10+ years,OWN,70000.0,Source Verified,debt_consolidation,TX,32.25,4.0,695.0,699.0,0.0,42.8,22.0,Individual,6,High Risk,Manual Review
90254493,10000.0, 60 months,23.99,E,E2,8 years,MORTGAGE,52000.0,Verified,other,VT,31.62,0.0,670.0,674.0,0.0,70.6,26.0,Individual,5,High Risk,Manual Review
90993923,18000.0, 60 months,29.96,G,G4,< 1 year,RENT,36000.0,Source Verified,major_purchase,FL,34.9,2.0,725.0,729.0,1.0,21.2,14.0,Individual,6,High Risk,Manual Review
90998669,20000.0, 60 months,24.99,E,E4,,MORTGAGE,78000.0,Verified,debt_consolidation,GA,31.46,0.0,720.0,724.0,0.0,48.1,35.0,Individual,5,High Risk,Manual Review
90329831,35000.0, 60 months,27.79,F,F5,6 years,MORTGAGE,100000.0,Verified,debt_consolidation,AR,32.52,0.0,675.0,679.0,0.0,78.6,30.0,Individual,5,High Risk,Manual Review
91060001,18100.0, 60 months,22.39,E,E1,10+ years,MORTGAGE,90000.0,Source Verified,debt_consolidation,FL,3.07,1.0,670.0,674.0,1.0,89.3,15.0,Individual,5,High Risk,Manual Review
90707418,20000.0, 60 months,25.29,E,E5,3 years,RENT,65000.0,Verified,debt_consolidation,TX,31.26,0.0,690.0,694.0,1.0,61.8,13.0,Individual,5,High Risk,Manual Review
91285664,18225.0, 60 months,27.79,F,F5,< 1 year,OWN,36480.0,Source Verified,debt_consolidation,TX,31.45,1.0,725.0,729.0,0.0,27.8,26.0,Individual,6,High Risk,Manual Review
91089617,16000.0, 36 months,23.99,E,E2,10+ years,RENT,54000.0,Verified,debt_consolidation,CT,32.27,0.0,660.0,664.0,0.0,58.9,17.0,Individual,5,High Risk,Manual Review
90992077,4200.0, 36 months,24.49,E,E3,,MORTGAGE,43000.0,Verified,debt_consolidation,RI,30.31,0.0,680.0,684.0,0.0,77.6,19.0,Individual,5,High Risk,Manual Review
91129041,32500.0, 60 months,22.39,E,E1,10+ years,RENT,65000.0,Source Verified,debt_consolidation,CA,31.19,0.0,685.0,689.0,0.0,80.0,23.0,Individual,5,High Risk,Manual Review
91219273,12000.0, 60 months,22.39,E,E1,4 years,OWN,46800.0,Source Verified,debt_consolidation,TX,30.05,0.0,680.0,684.0,2.0,53.7,22.0,Individual,5,High Risk,Manual Review
90707943,30000.0, 60 months,25.69,F,F1,10+ years,MORTGAGE,84000.0,Verified,debt_consolidation,PA,31.81,1.0,685.0,689.0,0.0,66.3,24.0,Individual,6,High Risk,Manual Review
90999232,4800.0, 36 months,16.99,D,D1,< 1 year,RENT,34560.0,Source Verified,home_improvement,AZ,31.22,1.0,680.0,684.0,0.0,85.9,20.0,Individual,5,High Risk,Manual Review
91059415,9175.0, 36 months,22.39,E,E1,2 years,RENT,27000.0,Source Verified,credit_card,CA,32.18,0.0,675.0,679.0,2.0,42.3,11.0,Individual,5,High Risk,Manual Review
91168637,5050.0, 36 months,26.49,F,F2,1 year,RENT,30000.0,Source Verified,home_improvement,FL,32.04,0.0,670.0,674.0,2.0,18.0,18.0,Individual,5,High Risk,Manual Review
91239085,8000.0, 36 months,24.99,E,E4,10+ years,OWN,28000.0,Verified,debt_consolidation,TN,21.77,1.0,660.0,664.0,0.0,97.1,11.0,Individual,5,High Risk,Manual Review
91189563,15000.0, 60 months,24.99,E,E4,2 years,RENT,35000.0,Source Verified,debt_consolidation,HI,28.67,3.0,665.0,669.0,0.0,83.6,13.0,Individual,5,High Risk,Manual Review
91039965,20000.0, 60 months,25.29,E,E5,10+ years,RENT,92000.0,Not Verified,debt_consolidation,MD,31.31,0.0,665.0,669.0,1.0,49.1,73.0,Individual,5,High Risk,Manual Review
91227168,15000.0, 60 months,27.49,F,F4,2 years,MORTGAGE,76000.0,Not Verified,debt_consolidation,NC,29.81,1.0,660.0,664.0,0.0,80.5,33.0,Individual,5,High Risk,Manual Review
90161095,29400.0, 60 months,27.79,F,F5,8 years,OWN,60000.0,Verified,debt_consolidation,KS,19.02,1.0,675.0,679.0,1.0,88.4,17.0,Individual,5,High Risk,Manual Review
91139285,12000.0, 60 months,27.49,F,F4,2 years,MORTGAGE,52665.6,Verified,debt_consolidation,OH,32.32,1.0,660.0,664.0,3.0,80.1,33.0,Individual,7,High Risk,Manual Review
90991140,20000.0, 60 months,22.39,E,E1,2 years,RENT,3000.0,Not Verified,debt_consolidation,PA,551.2,0.0,690.0,694.0,0.0,47.4,24.0,Joint App,5,High Risk,Manual Review
91278517,30000.0, 60 months,22.39,E,E1,2 years,MORTGAGE,60600.0,Verified,debt_consolidation,VT,23.5,1.0,710.0,714.0,1.0,88.4,13.0,Individual,5,High Risk,Manual Review
91279807,9650.0, 36 months,17.99,D,D2,< 1 year,RENT,46500.0,Source Verified,credit_card,MA,34.81,2.0,665.0,669.0,0.0,96.5,39.0,Individual,5,High Risk,Manual Review
91157225,21775.0, 60 months,27.79,F,F5,7 years,MORTGAGE,68000.0,Source Verified,debt_consolidation,MI,31.49,0.0,690.0,694.0,0.0,73.8,26.0,Individual,5,High Risk,Manual Review
91108535,35000.0, 36 months,28.18,G,G1,2 years,MORTGAGE,84000.0,Verified,debt_consolidation,ND,33.86,1.0,695.0,699.0,0.0,71.2,23.0,Individual,6,High Risk,Manual Review
91157882,20000.0, 60 months,24.99,E,E4,4 years,RENT,70000.0,Source Verified,debt_consolidation,MD,6.31,2.0,660.0,664.0,1.0,91.0,21.0,Individual,5,High Risk,Manual Review
90989678,21000.0, 60 months,24.49,E,E3,9 years,MORTGAGE,55500.0,Not Verified,debt_consolidation,NC,34.53,0.0,680.0,684.0,0.0,62.7,15.0,Joint App,5,High Risk,Manual Review
90257207,24225.0, 60 months,25.29,E,E5,,MORTGAGE,55080.0,Verified,debt_consolidation,FL,32.27,0.0,705.0,709.0,1.0,43.8,28.0,Individual,5,High Risk,Manual Review
91207757,31250.0, 36 months,23.99,E,E2,,MORTGAGE,15624.0,Verified,debt_consolidation,CA,95.83,0.0,665.0,669.0,0.0,86.9,42.0,Joint App,6,High Risk,Manual Review
91280087,12725.0, 36 months,28.18,G,G1,2 years,OWN,43481.0,Verified,debt_consolidation,CA,30.61,0.0,685.0,689.0,0.0,56.2,22.0,Individual,5,High Risk,Manual Review
90998350,35000.0, 36 months,23.99,E,E2,9 years,RENT,87000.0,Verified,debt_consolidation,WI,32.01,1.0,730.0,734.0,1.0,24.7,30.0,Individual,6,High Risk,Manual Review
90999342,11700.0, 60 months,24.49,E,E3,9 years,MORTGAGE,55000.0,Not Verified,debt_consolidation,AZ,32.48,0.0,680.0,684.0,0.0,78.7,22.0,Individual,5,High Risk,Manual Review
91218190,12000.0, 36 months,23.99,E,E2,,RENT,32000.0,Source Verified,debt_consolidation,TX,32.68,0.0,660.0,664.0,0.0,73.4,10.0,Individual,5,High Risk,Manual Review
91277175,32000.0, 60 months,24.99,E,E4,10+ years,MORTGAGE,92000.0,Verified,debt_consolidation,IL,31.36,0.0,725.0,729.0,5.0,43.4,39.0,Individual,5,High Risk,Manual Review
89888786,20000.0, 36 months,23.99,E,E2,7 years,RENT,45000.0,Verified,debt_consolidation,CA,30.87,2.0,695.0,699.0,1.0,35.0,22.0,Individual,6,High Risk,Manual Review
91137740,11875.0, 60 months,26.49,F,F2,5 years,MORTGAGE,53000.0,Source Verified,home_improvement,WA,31.73,0.0,700.0,704.0,1.0,23.2,16.0,Individual,5,High Risk,Manual Review
90040232,30000.0, 36 months,15.59,C,C5,2 years,RENT,126000.0,Verified,debt_consolidation,DC,31.66,1.0,665.0,669.0,0.0,94.7,22.0,Joint App,5,High Risk,Manual Review
90906190,15000.0, 60 months,25.69,F,F1,8 years,RENT,34495.0,Source Verified,debt_consolidation,FL,31.31,0.0,705.0,709.0,0.0,49.2,9.0,Individual,5,High Risk,Manual Review
91227158,17600.0, 60 months,27.79,F,F5,8 years,RENT,40000.0,Source Verified,debt_consolidation,UT,33.69,0.0,665.0,669.0,0.0,41.4,25.0,Individual,5,High Risk,Manual Review
91108511,20150.0, 60 months,26.49,F,F2,3 years,MORTGAGE,48000.0,Verified,credit_card,VA,32.95,1.0,670.0,674.0,0.0,96.3,35.0,Individual,7,High Risk,Manual Review
90707395,18225.0, 36 months,22.39,E,E1,10+ years,RENT,48000.0,Verified,debt_consolidation,IL,29.0,1.0,665.0,669.0,2.0,96.8,24.0,Individual,5,High Risk,Manual Review
91248763,21600.0, 36 months,22.39,E,E1,10+ years,RENT,77000.0,Verified,debt_consolidation,TN,33.61,1.0,665.0,669.0,0.0,65.8,30.0,Individual,6,High Risk,Manual Review
90706161,30000.0, 60 months,26.49,F,F2,3 years,MORTGAGE,63000.0,Verified,credit_card,CA,33.07,0.0,690.0,694.0,0.0,57.8,26.0,Individual,5,High Risk,Manual Review
90190510,15000.0, 60 months,24.99,E,E4,10+ years,OWN,85000.0,Not Verified,debt_consolidation,NY,30.68,0.0,740.0,744.0,0.0,70.2,22.0,Individual,5,High Risk,Manual Review
89786543,8600.0, 36 months,23.99,E,E2,9 years,OWN,48000.0,Source Verified,major_purchase,FL,30.95,0.0,675.0,679.0,0.0,83.6,10.0,Individual,6,High Risk,Manual Review
90765377,12000.0, 60 months,22.39,E,E1,,MORTGAGE,62000.0,Verified,other,AZ,34.17,0.0,680.0,684.0,0.0,90.5,22.0,Individual,6,High Risk,Manual Review
90895963,28975.0, 60 months,24.49,E,E3,7 years,MORTGAGE,69000.0,Verified,debt_consolidation,MO,33.5,0.0,665.0,669.0,1.0,100.0,8.0,Joint App,6,High Risk,Manual Review
91178720,12000.0, 60 months,25.29,E,E5,10+ years,RENT,41000.0,Source Verified,debt_consolidation,VA,32.76,0.0,660.0,664.0,0.0,73.8,29.0,Individual,5,High Risk,Manual Review
91057630,16000.0, 60 months,29.96,G,G4,10+ years,RENT,49000.0,Source Verified,debt_consolidation,GA,30.79,0.0,660.0,664.0,1.0,90.6,16.0,Individual,6,High Risk,Manual Review
91188255,12000.0, 36 months,24.49,E,E3,,MORTGAGE,56000.0,Verified,debt_consolidation,OH,30.16,1.0,710.0,714.0,0.0,74.8,18.0,Individual,6,High Risk,Manual Review
91058184,12950.0, 60 months,26.49,F,F2,2 years,RENT,36000.0,Verified,debt_consolidation,AK,34.92,0.0,665.0,669.0,2.0,46.4,17.0,Individual,5,High Risk,Manual Review
91248038,25300.0, 60 months,24.49,E,E3,9 years,RENT,55000.0,Source Verified,debt_consolidation,AR,33.07,1.0,720.0,724.0,0.0,15.2,34.0,Individual,6,High Risk,Manual Review
90925411,30750.0, 60 months,25.69,F,F1,3 years,RENT,64100.0,Verified,debt_consolidation,VA,30.97,0.0,720.0,724.0,0.0,76.9,21.0,Individual,5,High Risk,Manual Review
90481839,16800.0, 60 months,25.29,E,E5,< 1 year,RENT,46200.0,Verified,debt_consolidation,CO,33.32,2.0,665.0,669.0,0.0,54.6,22.0,Individual,6,High Risk,Manual Review
91017882,25000.0, 60 months,22.39,E,E1,5 years,RENT,90000.0,Source Verified,debt_consolidation,NJ,34.81,0.0,665.0,669.0,0.0,45.8,29.0,Individual,5,High Risk,Manual Review
90210841,20150.0, 60 months,25.29,E,E5,< 1 year,MORTGAGE,48000.0,Source Verified,debt_consolidation,OK,17.3,1.0,675.0,679.0,0.0,88.0,53.0,Individual,5,High Risk,Manual Review
91097236,6300.0, 36 months,25.29,E,E5,10+ years,RENT,98000.0,Source Verified,debt_consolidation,SC,30.08,0.0,685.0,689.0,0.0,79.9,30.0,Individual,5,High Risk,Manual Review
90481416,10000.0, 36 months,22.39,E,E1,10+ years,RENT,150000.0,Source Verified,debt_consolidation,DC,30.89,0.0,700.0,704.0,0.0,62.6,45.0,Individual,5,High Risk,Manual Review
89785098,25000.0, 60 months,29.96,G,G4,10+ years,RENT,76000.0,Verified,debt_consolidation,AL,30.14,0.0,675.0,679.0,0.0,56.1,34.0,Individual,5,High Risk,Manual Review
90766937,7225.0, 36 months,22.39,E,E1,9 years,MORTGAGE,30000.0,Verified,debt_consolidation,CA,31.12,0.0,685.0,689.0,0.0,68.6,18.0,Individual,5,High Risk,Manual Review
90197648,32000.0, 60 months,21.49,D,D5,10+ years,RENT,86400.0,Verified,debt_consolidation,CA,34.63,1.0,660.0,664.0,1.0,82.6,25.0,Individual,5,High Risk,Manual Review
91127665,28000.0, 60 months,24.99,E,E4,9 years,MORTGAGE,100000.0,Verified,debt_consolidation,PA,23.46,1.0,665.0,669.0,0.0,89.2,31.0,Individual,5,High Risk,Manual Review
91227171,22425.0, 60 months,26.99,F,F3,3 years,RENT,51000.0,Verified,debt_consolidation,SD,31.04,1.0,690.0,694.0,3.0,3.6,28.0,Individual,6,High Risk,Manual Review
91252258,22000.0, 60 months,24.99,E,E4,8 years,RENT,67000.0,Verified,debt_consolidation,TX,31.17,1.0,665.0,669.0,0.0,66.3,23.0,Individual,6,High Risk,Manual Review
91187563,32000.0, 60 months,15.59,C,C5,5 years,RENT,73000.0,Verified,debt_consolidation,UT,34.03,1.0,665.0,669.0,0.0,84.0,16.0,Individual,5,High Risk,Manual Review
90915772,35000.0, 60 months,25.29,E,E5,10+ years,MORTGAGE,57100.0,Verified,debt_consolidation,TX,32.01,0.0,660.0,664.0,1.0,83.1,32.0,Joint App,6,High Risk,Manual Review
90651563,10000.0, 60 months,24.99,E,E4,8 years,RENT,50000.0,Source Verified,credit_card,FL,30.08,0.0,685.0,689.0,1.0,62.5,19.0,Individual,5,High Risk,Manual Review
90796048,35000.0, 60 months,22.39,E,E1,10+ years,OWN,130000.0,Verified,other,NY,4.22,1.0,690.0,694.0,0.0,80.7,20.0,Individual,5,High Risk,Manual Review
91198210,35000.0, 36 months,24.49,E,E3,10+ years,RENT,96000.0,Verified,debt_consolidation,CA,32.6,0.0,665.0,669.0,1.0,61.5,46.0,Individual,5,High Risk,Manual Review
90168043,14000.0, 60 months,26.49,F,F2,10+ years,MORTGAGE,50000.0,Source Verified,credit_card,GA,30.56,0.0,660.0,664.0,1.0,52.9,35.0,Individual,5,High Risk,Manual Review
90696866,19700.0, 60 months,26.49,F,F2,10+ years,MORTGAGE,64998.0,Source Verified,credit_card,OR,33.09,2.0,680.0,684.0,0.0,92.3,21.0,Individual,7,High Risk,Manual Review
89050187,6875.0, 36 months,25.29,E,E5,2 years,RENT,37000.0,Verified,medical,TX,30.36,2.0,695.0,699.0,0.0,34.6,28.0,Individual,6,High Risk,Manual Review
91047958,35000.0, 60 months,25.69,F,F1,7 years,MORTGAGE,158000.0,Verified,debt_consolidation,MD,13.12,1.0,690.0,694.0,1.0,95.0,34.0,Individual,5,High Risk,Manual Review
91048068,12000.0, 60 months,27.79,F,F5,10+ years,RENT,32000.0,Source Verified,other,IN,33.8,0.0,685.0,689.0,2.0,38.1,30.0,Individual,5,High Risk,Manual Review
90341629,19675.0, 60 months,27.79,F,F5,5 years,MORTGAGE,43000.0,Verified,credit_card,OK,41.22,0.0,665.0,669.0,1.0,56.5,30.0,Joint App,5,High Risk,Manual Review
90856402,30000.0, 60 months,25.69,F,F1,6 years,MORTGAGE,107000.0,Verified,debt_consolidation,GA,32.67,0.0,700.0,704.0,0.0,41.8,66.0,Individual,5,High Risk,Manual Review
90916896,26400.0, 36 months,24.99,E,E4,9 years,MORTGAGE,60000.0,Source Verified,debt_consolidation,MI,23.54,1.0,665.0,669.0,1.0,96.5,29.0,Individual,5,High Risk,Manual Review
90991450,25000.0, 60 months,25.29,E,E5,10+ years,MORTGAGE,93000.0,Verified,debt_consolidation,IN,32.08,0.0,725.0,729.0,0.0,67.4,25.0,Individual,5,High Risk,Manual Review
91227800,10475.0, 60 months,25.29,E,E5,10+ years,MORTGAGE,65000.0,Not Verified,home_improvement,CA,31.57,0.0,735.0,739.0,0.0,31.7,31.0,Individual,5,High Risk,Manual Review
90816919,7200.0, 36 months,24.99,E,E4,< 1 year,RENT,25000.0,Verified,credit_card,CO,33.87,0.0,675.0,679.0,0.0,67.7,23.0,Individual,5,High Risk,Manual Review
90696734,12600.0, 60 months,24.99,E,E4,10+ years,MORTGAGE,80000.0,Source Verified,debt_consolidation,TX,24.48,2.0,665.0,669.0,0.0,90.0,33.0,Individual,5,High Risk,Manual Review
90806677,20000.0, 36 months,22.39,E,E1,< 1 year,RENT,48000.0,Verified,debt_consolidation,CA,33.73,1.0,680.0,684.0,0.0,38.3,24.0,Individual,6,High Risk,Manual Review
90886894,20000.0, 60 months,24.99,E,E4,< 1 year,RENT,90000.0,Verified,vacation,PA,32.18,1.0,660.0,664.0,3.0,59.1,21.0,Individual,6,High Risk,Manual Review
90324239,4475.0, 36 months,22.39,E,E1,10+ years,MORTGAGE,22000.0,Source Verified,debt_consolidation,NC,33.11,0.0,675.0,679.0,1.0,63.4,25.0,Individual,5,High Risk,Manual Review
90694390,15000.0, 60 months,28.18,G,G1,10+ years,MORTGAGE,55000.0,Not Verified,other,MS,34.15,1.0,690.0,694.0,0.0,70.2,22.0,Individual,6,High Risk,Manual Review
90785663,7000.0, 36 months,22.39,E,E1,2 years,MORTGAGE,30000.0,Verified,debt_consolidation,GA,31.46,1.0,675.0,679.0,1.0,34.9,17.0,Individual,6,High Risk,Manual Review
90925893,29900.0, 60 months,22.39,E,E1,5 years,OWN,65000.0,Source Verified,debt_consolidation,FL,30.5,0.0,695.0,699.0,0.0,79.5,19.0,Individual,5,High Risk,Manual Review
90785301,30000.0, 36 months,27.49,F,F4,5 years,MORTGAGE,105000.0,Verified,debt_consolidation,IN,34.17,0.0,670.0,674.0,3.0,61.7,18.0,Individual,5,High Risk,Manual Review
90845204,16375.0, 60 months,25.69,F,F1,10+ years,MORTGAGE,65000.0,Not Verified,debt_consolidation,PA,26.48,2.0,670.0,674.0,0.0,87.0,23.0,Individual,5,High Risk,Manual Review
91207233,12725.0, 60 months,24.49,E,E3,10+ years,MORTGAGE,60000.0,Source Verified,debt_consolidation,SC,30.97,0.0,690.0,694.0,0.0,61.7,34.0,Individual,5,High Risk,Manual Review
90856990,9600.0, 36 months,24.49,E,E3,7 years,RENT,43000.0,Verified,credit_card,TN,30.59,0.0,660.0,664.0,0.0,71.2,15.0,Individual,5,High Risk,Manual Review
90696451,12500.0, 60 months,22.39,E,E1,,MORTGAGE,36240.0,Verified,debt_consolidation,NM,34.14,0.0,685.0,689.0,3.0,44.3,27.0,Individual,5,High Risk,Manual Review
90115221,35000.0, 60 months,24.49,E,E3,1 year,RENT,5000.0,Not Verified,credit_card,KY,250.72,0.0,670.0,674.0,1.0,56.7,26.0,Joint App,5,High Risk,Manual Review
90161036,35000.0, 60 months,24.99,E,E4,10+ years,MORTGAGE,94000.0,Verified,credit_card,NY,28.6,1.0,665.0,669.0,0.0,88.9,33.0,Individual,5,High Risk,Manual Review
90077937,34200.0, 60 months,29.96,G,G4,10+ years,RENT,97000.0,Verified,debt_consolidation,OR,30.24,2.0,700.0,704.0,1.0,72.5,34.0,Individual,6,High Risk,Manual Review
90721778,35000.0, 60 months,22.39,E,E1,10+ years,MORTGAGE,143000.0,Verified,debt_consolidation,MI,19.63,2.0,665.0,669.0,1.0,82.1,21.0,Individual,5,High Risk,Manual Review
89048419,20075.0, 60 months,26.99,F,F3,10+ years,MORTGAGE,45637.0,Source Verified,home_improvement,CA,30.32,0.0,705.0,709.0,0.0,98.3,11.0,Individual,6,High Risk,Manual Review
89988616,19350.0, 36 months,27.49,F,F4,3 years,RENT,44000.0,Source Verified,small_business,CT,32.24,0.0,715.0,719.0,0.0,13.6,27.0,Individual,5,High Risk,Manual Review
90111800,17500.0, 36 months,24.99,E,E4,6 years,MORTGAGE,35000.0,Verified,debt_consolidation,KS,34.27,0.0,700.0,704.0,1.0,23.7,11.0,Individual,5,High Risk,Manual Review
90402345,11200.0, 60 months,24.49,E,E3,8 years,RENT,76000.0,Verified,debt_consolidation,TX,25.66,1.0,660.0,664.0,0.0,100.4,26.0,Individual,5,High Risk,Manual Review
90989382,18000.0, 60 months,22.39,E,E1,10+ years,RENT,104850.0,Not Verified,debt_consolidation,PA,31.68,2.0,670.0,674.0,1.0,61.1,27.0,Individual,6,High Risk,Manual Review
90876647,15000.0, 60 months,24.49,E,E3,2 years,RENT,58000.0,Not Verified,debt_consolidation,NJ,33.4,0.0,730.0,734.0,0.0,84.0,19.0,Individual,6,High Risk,Manual Review
90946537,12000.0, 60 months,24.49,E,E3,2 years,RENT,74678.0,Not Verified,debt_consolidation,CA,31.06,0.0,695.0,699.0,0.0,77.4,24.0,Individual,5,High Risk,Manual Review
90100104,12000.0, 60 months,24.49,E,E3,10+ years,RENT,30000.0,Source Verified,debt_consolidation,TX,32.88,0.0,660.0,664.0,0.0,44.2,45.0,Individual,5,High Risk,Manual Review
90451207,7200.0, 36 months,26.49,F,F2,2 years,OWN,61000.0,Source Verified,debt_consolidation,CT,33.62,0.0,700.0,704.0,0.0,91.3,14.0,Individual,6,High Risk,Manual Review
88769047,25000.0, 60 months,25.29,E,E5,10+ years,MORTGAGE,60000.0,Verified,debt_consolidation,KY,31.65,0.0,695.0,699.0,1.0,30.3,33.0,Individual,5,High Risk,Manual Review
90905524,10000.0, 60 months,24.49,E,E3,10+ years,OWN,49500.0,Not Verified,other,TX,34.69,0.0,710.0,714.0,0.0,93.5,14.0,Individual,6,High Risk,Manual Review
90985153,35000.0, 60 months,22.39,E,E1,8 years,MORTGAGE,130000.0,Not Verified,debt_consolidation,MD,34.07,0.0,685.0,689.0,0.0,54.5,64.0,Individual,5,High Risk,Manual Review
90310759,21000.0, 60 months,26.99,F,F3,8 years,RENT,115000.0,Not Verified,credit_card,FL,31.18,0.0,675.0,679.0,1.0,76.0,19.0,Individual,5,High Risk,Manual Review
90077899,34850.0, 60 months,27.79,F,F5,4 years,MORTGAGE,130000.0,Verified,debt_consolidation,TX,30.79,2.0,690.0,694.0,0.0,52.0,24.0,Individual,6,High Risk,Manual Review
90471276,17500.0, 60 months,26.49,F,F2,1 year,RENT,35000.0,Source Verified,debt_consolidation,FL,31.38,7.0,675.0,679.0,1.0,53.6,26.0,Individual,6,High Risk,Manual Review
90077287,20000.0, 60 months,24.49,E,E3,10+ years,RENT,40000.0,Verified,debt_consolidation,IL,34.92,0.0,700.0,704.0,0.0,64.9,16.0,Individual,5,High Risk,Manual Review
90298372,10000.0, 36 months,22.39,E,E1,10+ years,RENT,132000.0,Source Verified,debt_consolidation,VA,31.55,0.0,705.0,709.0,2.0,85.3,15.0,Individual,6,High Risk,Manual Review
90071255,30000.0, 60 months,22.39,E,E1,3 years,MORTGAGE,47000.0,Verified,debt_consolidation,IL,65.27,0.0,665.0,669.0,0.0,72.2,36.0,Joint App,5,High Risk,Manual Review
90696286,15400.0, 60 months,24.99,E,E4,< 1 year,RENT,35000.0,Source Verified,debt_consolidation,PA,32.06,0.0,685.0,689.0,0.0,57.8,25.0,Individual,5,High Risk,Manual Review
90775331,23800.0, 36 months,22.39,E,E1,6 years,MORTGAGE,120000.0,Not Verified,debt_consolidation,WA,32.96,0.0,715.0,719.0,1.0,75.7,23.0,Individual,5,High Risk,Manual Review
90408218,30700.0, 36 months,25.69,F,F1,9 years,MORTGAGE,93000.0,Verified,credit_card,FL,33.43,0.0,670.0,674.0,1.0,70.9,30.0,Individual,5,High Risk,Manual Review
89808865,6350.0, 36 months,24.49,E,E3,,OWN,25000.0,Verified,home_improvement,NY,32.31,1.0,680.0,684.0,0.0,12.1,27.0,Individual,6,High Risk,Manual Review
90815135,28000.0, 60 months,22.39,E,E1,10+ years,RENT,60000.0,Verified,debt_consolidation,CA,32.23,0.0,695.0,699.0,0.0,86.4,14.0,Individual,6,High Risk,Manual Review
90075726,16800.0, 36 months,22.39,E,E1,2 years,RENT,45000.0,Verified,credit_card,LA,34.05,0.0,685.0,689.0,1.0,26.6,34.0,Individual,5,High Risk,Manual Review
90521746,15850.0, 60 months,26.99,F,F3,1 year,RENT,42700.0,Verified,debt_consolidation,OR,34.32,0.0,690.0,694.0,0.0,54.4,15.0,Individual,5,High Risk,Manual Review
90427489,35000.0, 60 months,26.49,F,F2,4 years,RENT,79000.0,Source Verified,debt_consolidation,CO,34.41,0.0,720.0,724.0,3.0,8.4,38.0,Joint App,5,High Risk,Manual Review
90395079,9700.0, 36 months,23.99,E,E2,< 1 year,MORTGAGE,40000.0,Source Verified,medical,OH,32.13,0.0,690.0,694.0,1.0,44.3,16.0,Individual,5,High Risk,Manual Review
90795163,13275.0, 36 months,22.39,E,E1,10+ years,MORTGAGE,78000.0,Verified,debt_consolidation,FL,20.51,1.0,660.0,664.0,2.0,82.8,17.0,Individual,5,High Risk,Manual Review
90835193,15000.0, 60 months,24.99,E,E4,8 years,MORTGAGE,45672.0,Source Verified,debt_consolidation,VA,30.19,0.0,685.0,689.0,0.0,69.7,24.0,Individual,5,High Risk,Manual Review
90681283,20200.0, 60 months,29.96,G,G4,1 year,RENT,55000.0,Verified,debt_consolidation,CA,34.61,0.0,735.0,739.0,1.0,15.5,33.0,Individual,5,High Risk,Manual Review
90298610,10000.0, 60 months,24.99,E,E4,10+ years,MORTGAGE,62000.0,Verified,debt_consolidation,AL,34.3,2.0,675.0,679.0,2.0,39.4,35.0,Individual,6,High Risk,Manual Review
90404913,25825.0, 60 months,26.99,F,F3,,MORTGAGE,56168.0,Verified,debt_consolidation,PA,30.77,0.0,705.0,709.0,1.0,82.2,23.0,Individual,6,High Risk,Manual Review
90191293,13725.0, 60 months,27.79,F,F5,,OWN,42960.0,Verified,debt_consolidation,OR,34.19,0.0,675.0,679.0,1.0,38.8,15.0,Individual,5,High Risk,Manual Review
90188492,12000.0, 60 months,24.49,E,E3,4 years,MORTGAGE,50000.0,Not Verified,debt_consolidation,WA,34.42,0.0,705.0,709.0,1.0,62.6,11.0,Individual,5,High Risk,Manual Review
90320378,35000.0, 60 months,27.79,F,F5,4 years,MORTGAGE,130000.0,Source Verified,debt_consolidation,TX,34.03,0.0,685.0,689.0,3.0,39.5,54.0,Individual,5,High Risk,Manual Review
